data/baseflow/History/mHMbfrc592
ncols                  80
nrows                 72
xllcorner      4374000.0
yllcorner      5656000.0
cellsize            500
NODATA_value       -9999
[rows 24 to 47 of 72, columns 0 to 53 of 80]
-9999.0 -9999.0 -9999.0 -9999.0 -9999.0 -9999.0 -9999.0 -9999.0 -9999.0 -9999.0 -9999.0 -9999.0 1.18707092981 3.3606615176 4.40125118617 7.51761894962 0.905587924378 1.83412047349 2.69192249135 10.6306725059 11.3806999953 12.0233120753 12.6541836635 13.2481620439 20.0753852744 21.8024574649 22.8394211537 0.428062648464 2.51454584622 2.90838113735 43.2743849533 44.9054042309 45.7170122545 46.5572298668 47.1758293174 176.978793928 0.325911346823 343.910396004 0.43474601603 0.223101007501 2.70563228792 2.34391490929 0.369646020335 1.21863085218 1.82502871079 1.78480991963 1.24937647538 2.04668870043 3.23505680126 1.22154538129 2.96808929801 0.272809185232 0.413774365775 0.0864648128602
-9999.0 -9999.0 -9999.0 -9999.0 -9999.0 -9999.0 -9999.0 -9999.0 -9999.0 -9999.0 -9999.0 -9999.0 1.12505627063 2.2426810223 1.04978717563 2.09568141836 0.926386989417 7.15382963071 8.90655135805 9.79324298339 0.803746271505 1.57384414201 15.372644535 18.9711883511 19.5368148587 1.16893378448 1.29980402978 1.82999289021 0.34704980383 0.316606186418 0.592231241825 0.253028309693 22.6731768539 22.9845578111 23.2759167866 177.336053222 345.944436385 344.102432597 0.350521954808 0.179547050309 0.162933833418 0.762006488633 0.612026396576 1.55319867169 2.1908587416 4.37367286066 0.394860006934 0.392172891544 3.58089917022 3.94047607716 7.50672365752 7.68013787646 8.18361597129 8.3451243493
-9999.0 -9999.0 -9999.0 -9999.0 -9999.0 -9999.0 -9999.0 -9999.0 -9999.0 -9999.0 -9999.0 -9999.0 -9999.0 1.10517839612 2.19587959396 3.28825877483 5.22150479907 1.00557625967 0.907815912452 6.13468894561 6.95844908721 13.9041784416 14.7231167241 2.29850018423 0.723145670204 0.610814866981 0.5209018311 20.7941988026 21.170165738 21.542542527 21.8471214019 22.3891688241 3.56162045327 3.75524327632 27.2296783305 550.653348103 1.4259037541 1.10010031811 0.533411524653 0.15183116254 0.135669879243 1.07449159973 1.17877181788 1.82035557736 0.13786168282 4.5631029948 0.66778273124 0.656006300589 0.131970953489 0.0850476937178 0.0735485664667 0.0670293827818 0.0750913232396 8.42016139208
-9999.0 -9999.0 -9999.0 -9999.0 -9999.0 -9999.0 -9999.0 -9999.0 -9999.0 -9999.0 -9999.0 -9999.0 -9999.0 -9999.0 1.04945584147 1.90308462072 2.65928546825 3.4197563198 4.32545240045 5.25286782997 2.71630355861 4.51514601286 0.818061709943 0.78499590774 17.5506098406 19.0267221397 19.686862679 20.3496179114 0.443037843542 0.806840102325 2.31028063555 2.80719206256 3.22338908746 0.247409001604 0.152303437361 551.328184887 0.279577813302 0.397575127277 0.24400405473 0.678745407212 0.299452653952 0.182515333914 3.12866940373 3.23040771671 0.0805392360536 4.65071869964 5.45581025224 0.850963235094 113.392088594 113.126477105 112.937967061 112.622507042 112.500097705 110.367721459
-9999.0 -9999.0 -9999.0 -9999.0 -9999.0 -9999.0 -9999.0 -9999.0 -9999.0 -9999.0 -9999.0 -9999.0 -9999.0 -9999.0 0.215305148836 0.483064607488 0.771967767735 7.38549041396 8.33919624893 0.963808494586 0.91638271337 0.915814384848 14.3700059032 16.0803912764 0.804434396438 0.811601297096 0.657101606668 2.78381291487 3.4570210889 1.4627147788 1.93592722575 16.3204735654 16.8223070378 17.4828255188 27.6727255294 579.200180904 0.332194558981 0.201416983504 1.07021566311 0.846097831816 0.106552181092 0.406112560693 0.51632253398 3.34538444627 3.43837181814 9.10175593374 5.50153283034 0.926848611405 115.426810939 0.711063542842 112.788724644 112.710189247 2.00926990656 0.0631427761621
-9999.0 -9999.0 -9999.0 -9999.0 -9999.0 -9999.0 -9999.0 -9999.0 -9999.0 -9999.0 -9999.0 -9999.0 -9999.0 -9999.0 1.07919367022 1.77710939533 3.68542376881 6.4971734953 9.04478755955 10.8669152161 11.7767377482 12.697645215 13.5688263638 0.841184583011 0.748897065216 1.47773740134 1.37241495273 0.729798373974 14.2353293323 14.8942711211 15.4871061081 16.0482800926 9.06907723748 9.53231612746 9.99686791523 579.367669646 0.564780930779 0.696492220137 1.91464845252 0.18066406788 0.224621720672 0.118100599768 0.102811163034 0.617680435172 0.0759749183838 0.0805334732267 124.928475908 115.769708549 115.692137558 0.288077483822 0.637947752425 0.413421739206 0.0954149307132 1.85275247621
-9999.0 -9999.0 -9999.0 -9999.0 -9999.0 -9999.0 -9999.0 -9999.0 -9999.0 -9999.0 -9999.0 -9999.0 -9999.0 -9999.0 0.751829134913 0.723805138248 1.42695649344 2.13941522206 0.963298563538 1.07068768047 2.0412420271 2.99858074321 4.78791614992 5.66668259476 6.42230156364 8.68209488465 9.37795474828 10.1444112104 0.699957248807 6.98523382545 7.56996280522 8.13184948614 0.469209407576 0.258272891587 0.441936356975 589.660838489 589.816814217 590.728598752 2.44539356536 0.385481204059 0.485123374247 0.176226987457 0.183747243851 0.701729999634 0.847503797432 0.145737075706 125.271426075 0.104151644249 0.148426310624 0.162114364688 0.122183446367 0.240453017903 0.101385048967 1.24274311472
-9999.0 -9999.0 -9999.0 -9999.0 -9999.0 -9999.0 -9999.0 -9999.0 -9999.0 -9999.0 -9999.0 -9999.0 -9999.0 -9999.0 -9999.0 0.700972799775 1.37696369699 0.660933155574 1.37123767013 8.44038436508 9.27136373807 10.194662859 0.889485286092 0.888170384741 1.6433090576 2.4288881622 3.80272520399 4.52225278091 4.96496655676 5.62093172688 0.54725920155 0.518802608202 9.01922186024 9.29094834353 9.48649165874 9.67804764593 7.80181889761 599.271518359 602.808610396 602.950915604 603.545541865 604.186275542 604.429780143 0.0676057139723 0.914370859044 125.329067071 0.135981218589 0.0696386228725 0.0834863964322 0.0869371371353 0.150739378213 0.144677666167 0.0842734665087 0.127756904858
-9999.0 -9999.0 -9999.0 -9999.0 -9999.0 -9999.0 -9999.0 -9999.0 -9999.0 -9999.0 -9999.0 -9999.0 -9999.0 -9999.0 -9999.0 -9999.0 2.04390044231 2.7316084025 4.78635496223 6.33681295128 0.817099290515 12.024552206 12.9029207302 13.737201815 0.796772967406 1.57213801417 0.679307125298 5.21359944752 5.59933886834 6.23004569993 6.90106540581 8.39919857069 8.63611720434 0.153730075555 7.08228216215 7.44940618012 7.62710736142 8.37886791322 0.936125025736 0.573542962668 0.333872633894 0.299992605377 604.830053927 604.910757865 606.212505275 125.379086763 0.407372386701 0.222421114461 0.147066251331 0.0512699252184 0.455850817849 0.240769848504 0.0754233981273 0.421117829121
-9999.0 -9999.0 -9999.0 -9999.0 -9999.0 -9999.0 -9999.0 -9999.0 -9999.0 -9999.0 -9999.0 -9999.0 -9999.0 -9999.0 -9999.0 -9999.0 0.702368969183 3.42052933835 4.13858529257 0.863369829449 0.969948577357 1.96683033962 2.8720743188 17.4641387037 0.797267972373 3.19208910964 3.89613327813 4.58423596343 0.437919780215 1.0049932373 1.33385889707 5.70524800487 6.37479497574 6.54834709626 0.19660115783 0.178213866691 0.209618244896 0.393141029716 0.186787637315 0.196538373735 0.17264064986 0.216386814973 0.0965615716943 0.333836092898 606.302883149 731.906595377 0.655821061398 0.162520616227 0.0695415429508 1.43069542241 1.31844298459 0.784438963575 0.705156875404 0.529434283045
-9999.0 -9999.0 -9999.0 -9999.0 -9999.0 -9999.0 -9999.0 -9999.0 -9999.0 -9999.0 -9999.0 -9999.0 -9999.0 -9999.0 -9999.0 0.620689277021 1.96045425613 0.639845466007 0.99521667466 1.07479702429 2.06454147584 3.04348864626 3.84639144988 21.9404781237 22.7183326953 0.796660521823 1.50890892236 2.23009198655 2.72134957595 3.31331898972 5.11790266554 5.50373001704 0.448805665342 0.311847175078 0.144232150937 0.122242351867 0.289739502421 0.273041395903 0.323470314074 0.36875193578 0.790370128833 0.316497124284 0.099730612534 0.0977647937914 0.0836753083666 0.156511972355 737.727880799 5.0680741428 1.76931336463 0.188529451708 0.0935680459225 0.056661454886 0.191383823354 0.129276668916
-9999.0 -9999.0 -9999.0 -9999.0 -9999.0 -9999.0 -9999.0 -9999.0 -9999.0 -9999.0 -9999.0 -9999.0 -9999.0 -9999.0 0.650684078934 1.26009548265 4.45207911449 0.59968836493 1.78042640946 2.83502662909 3.81173959512 0.9978581586 1.86958179591 2.59500708422 25.8955887307 0.76131569222 1.43587628257 2.13673642582 0.650290388203 1.2925573898 1.73916698853 2.12308155371 47.3284403117 47.9755835569 48.5449828462 50.642560788 51.1530688038 52.4385490658 0.67516227306 1.39167084516 0.988844681969 56.6962771318 56.8736059609 0.0892861359321 0.15057218707 0.209441083164 737.787015254 4.81440078056 2.60663103288 2.47839322682 1.64172001365 1.32775463078 0.251714788728 0.060974520019
-9999.0 -9999.0 -9999.0 -9999.0 -9999.0 -9999.0 -9999.0 -9999.0 -9999.0 -9999.0 -9999.0 -9999.0 -9999.0 -9999.0 0.662321971244 2.00231640599 7.11047601874 10.4824707714 0.541795467734 13.624612776 18.0732412375 0.951234138938 1.82401346439 2.59885218705 33.2303180756 33.8179678348 0.524717105003 3.19879140892 3.70602555052 4.24795135991 43.2591403958 44.3661579693 44.8791292675 0.237561168702 1.46045901706 1.71101017073 0.584625865293 0.800590298166 53.6053171063 55.3237450345 55.4779434302 55.6221273151 57.0374506691 0.080503668235 0.0700608149502 0.336626430789 737.86228316 0.292763099779 0.350274779984 0.737235956396 0.224059838572 1.18469210128 0.878568443076 0.528707644354
-9999.0 -9999.0 -9999.0 -9999.0 -9999.0 -9999.0 -9999.0 -9999.0 -9999.0 -9999.0 -9999.0 -9999.0 -9999.0 -9999.0 -9999.0 -9999.0 1.38401092043 2.77158731455 12.3753006482 13.0386737646 18.6612995315 19.3010220789 0.916660066293 1.8318023476 4.20808853976 34.3134062112 35.3825401756 35.7952670886 0.323141556223 37.3606866031 38.5424904927 0.689392662514 0.240960313148 0.474476512515 0.907877918195 0.210600899728 0.4005278374 0.857007751801 1.03513470399 0.190547201393 0.126272327514 0.242485926809 58.1608419056 58.5295286737 58.5885116034 59.1021458401 737.924369671 0.241286687993 0.274759587993 0.161727771028 0.157610427553 0.162234323789 0.141807430279 0.263660754869
-9999.0 -9999.0 -9999.0 -9999.0 -9999.0 -9999.0 -9999.0 -9999.0 -9999.0 -9999.0 -9999.0 -9999.0 -9999.0 -9999.0 -9999.0 -9999.0 0.716748017723 0.701098262406 0.6791149223 1.32813372622 0.575155523598 20.4513355156 21.0387007272 0.820851010564 1.64243221038 0.690154524189 0.519252621032 0.501285428549 36.7061151902 0.408685740822 0.821645145416 0.360038201183 0.262279215265 0.223754117642 0.166371831715 0.173550461182 0.520199400457 0.712325876334 0.1326047253 0.117134223401 0.251886543294 0.420115665958 0.585265836775 0.194891647392 58.6990368296 59.1629717472 737.971440052 0.856346157157 0.500120096559 0.0995903506097 0.239949417854 0.0842896989594 0.0684743809282 0.338539700175
-9999.0 -9999.0 -9999.0 -9999.0 -9999.0 -9999.0 -9999.0 -9999.0 -9999.0 -9999.0 -9999.0 -9999.0 -9999.0 -9999.0 -9999.0 -9999.0 -9999.0 -9999.0 0.691715075803 1.95804457643 2.50671410357 3.06953716205 21.5938766313 22.1645072992 22.7244792323 23.3300000584 23.818665942 24.8364470165 25.2175554122 25.6060225169 25.8994102063 0.24271221681 0.217771745138 0.22399128498 0.747305469141 0.194604051642 0.179018188902 0.13950571863 0.398411685704 0.156763417888 0.118740959084 0.11001768785 0.09185683623 0.18332823659 0.266359631032 59.7102165583 798.581046866 0.111306571132 0.18565699011 0.0814343699154 0.418675362235 0.356127196976 0.137633745355 0.88651596105
-9999.0 -9999.0 -9999.0 -9999.0 -9999.0 -9999.0 -9999.0 -9999.0 -9999.0 -9999.0 -9999.0 -9999.0 -9999.0 -9999.0 -9999.0 -9999.0 -9999.0 -9999.0 -9999.0 0.581747367037 4.58343413754 8.89371189662 9.46664425161 0.797899374851 1.61250033921 2.45019164952 3.10065391403 7.51871321363 7.80014184043 0.269227586585 0.25326678507 26.5659062092 27.0586741338 27.2561636858 0.884688772654 0.117954403782 0.28287901821 0.418590067525 1.26130112358 1.55479673098 1.78180841891 0.208256614937 0.290398309899 0.0975928763006 0.201264457409 0.0996108571144 798.738571328 0.0882282031971 0.367066031017 0.150869465506 0.619371690212 1.52479711634 1.70908734454 2.64771614114
-9999.0 -9999.0 -9999.0 -9999.0 -9999.0 -9999.0 -9999.0 -9999.0 -9999.0 -9999.0 -9999.0 -9999.0 -9999.0 -9999.0 -9999.0 -9999.0 -9999.0 -9999.0 0.644320772825 2.05097584541 4.01472260127 5.24434995136 13.2248256785 13.9175547878 1.74072306053 2.58407445485 3.30310726398 3.92899317925 8.14264052355 8.71225135184 15.7785323509 16.3144726001 16.6603519043 27.4397700099 28.7468159748 0.283371357076 0.181744998379 0.171923655263 0.323176239266 0.147402443572 2.0710297544 2.17902575103 0.398494344906 0.588861369485 0.226016681253 176.784808459 177.007457988 975.819720511 976.283053767 0.105552410888 0.837889646883 0.285709080269 0.174937175285 2.9840556924
-9999.0 -9999.0 -9999.0 -9999.0 -9999.0 -9999.0 -9999.0 -9999.0 -9999.0 -9999.0 -9999.0 -9999.0 -9999.0 -9999.0 -9999.0 -9999.0 -9999.0 -9999.0 -9999.0 0.732942977229 0.710756738229 1.34479821037 3.18990383226 14.5143629247 0.893708120785 0.884538992882 1.58439606853 2.31334187469 5.67745193098 6.17290350488 0.364073262502 0.336185928664 16.9348011982 17.1374270753 46.1976390894 46.440231736 0.0970258360442 0.0855184478957 0.0693684426046 0.0700124911205 0.0791602062015 174.503937511 175.152287414 175.839109552 176.200245682 176.618244488 0.114515010687 0.422455069713 0.493640241115 976.928748098 976.964597673 976.983018865 977.071524691 977.189174813
-9999.0 -9999.0 -9999.0 -9999.0 -9999.0 -9999.0 -9999.0 -9999.0 -9999.0 -9999.0 -9999.0 -9999.0 -9999.0 -9999.0 -9999.0 -9999.0 -9999.0 -9999.0 -9999.0 -9999.0 0.653076831333 0.682675432909 1.26563264429 16.990138929 17.5979309312 0.872175099636 1.57389641357 2.31498359563 2.91975593707 0.549250180057 0.996490535146 40.0834015401 40.3184101436 40.6614111579 42.3864142904 88.9897885622 170.37359368 170.611699842 170.81780214 171.01685074 171.928462649 172.222729007 0.56196900397 0.251417647546 0.150787862335 0.282942256563 0.211249185412 0.334238587127 0.102887993664 2.416674895 2.8205154263 3.12679607924 3.16149033682 977.208617313
-9999.0 -9999.0 -9999.0 -9999.0 -9999.0 -9999.0 -9999.0 -9999.0 -9999.0 -9999.0 -9999.0 -9999.0 -9999.0 -9999.0 -9999.0 -9999.0 -9999.0 -9999.0 -9999.0 -9999.0 -9999.0 0.665720990219 1.27379046923 1.88555581232 18.1164024834 0.636089079346 24.7854622544 25.5471119757 26.1197170475 26.6243037806 38.1864667011 38.6614069763 0.220374422643 1.32930014786 1.5509087791 0.215551654732 81.1527337597 80.7651541734 0.116036019453 0.267457334108 0.729221509647 0.163238317519 0.173694118318 0.128495379327 0.109804320529 0.086239965012 0.100982730089 2.08751449715 2.19321356771 2.33318533611 0.333452660322 0.239790414157 3.27328485485 3.32104718434
-9999.0 -9999.0 -9999.0 -9999.0 -9999.0 -9999.0 -9999.0 -9999.0 -9999.0 -9999.0 -9999.0 -9999.0 -9999.0 -9999.0 -9999.0 -9999.0 -9999.0 -9999.0 -9999.0 -9999.0 -9999.0 0.609007671421 0.569548900187 2.95118761479 22.2426735286 23.46303962 24.0814693244 0.672612709316 10.2569673045 10.8043984536 11.0438131652 0.43818685448 0.700930090618 0.913506802066 18.8275568828 18.9987130818 19.1401030384 80.5135237117 49.2155912505 0.146973922204 0.157054235051 0.150543637999 0.118029863678 1.26896695682 1.5184682742 1.73776854725 1.86050526681 1.97853280667 17.7863380257 17.9085269688 18.1014232194 18.4775857514 19.6049632226 19.6410038299
-9999.0 -9999.0 -9999.0 -9999.0 -9999.0 -9999.0 -9999.0 -9999.0 -9999.0 -9999.0 -9999.0 -9999.0 -9999.0 -9999.0 -9999.0 -9999.0 -9999.0 -9999.0 -9999.0 -9999.0 -9999.0 -9999.0 1.1901455478 1.8131959903 0.625181359451 0.900481989435 7.89665792318 8.58360045377 9.06057649984 3.80662989605 4.26997276611 4.7343742137 5.00129019431 18.4422318751 18.6859539426 11.6679098476 30.9920828524 31.1622658968 49.0983946964 0.324279700516 0.164404612609 0.115027693096 0.885888932045 1.03642819504 0.0927377708109 0.0868859732687 17.382888456 17.5989042275 17.7045173167 0.159459000109 0.256982144777 19.4430830607 0.0607932824629 0.270013654327
-9999.0 -9999.0 -9999.0 -9999.0 -9999.0 -9999.0 -9999.0 -9999.0 -9999.0 -9999.0 -9999.0 -9999.0 -9999.0 -9999.0 -9999.0 -9999.0 -9999.0 -9999.0 -9999.0 -9999.0 -9999.0 -9999.0 0.595698153531 1.17818354438 4.87689518966 5.51895358743 6.22442634971 2.82691572679 3.34466094637 0.479022160789 12.4220831372 12.8376686413 13.2021645183 0.279247846184 11.2159542456 11.4694076548 0.180102301711 48.2503686268 0.369854142804 0.183968604847 0.485554894128 0.650510288806 0.123259608471 0.100933651693 16.2812923734 17.1868254166 17.3140738994 0.132185082524 0.294766558995 0.370353627924 0.471032505983 0.846663163589 0.101316758764 0.222970209502
