data/baseflow/History/mHMbfrc391
ncols                  80
nrows                 72
xllcorner      4374000.0
yllcorner      5656000.0
cellsize            500
NODATA_value       -9999
[rows 24 to 47 of 72, columns 0 to 54 of 80]
-9999.0 -9999.0 -9999.0 -9999.0 -9999.0 -9999.0 -9999.0 -9999.0 -9999.0 -9999.0 -9999.0 -9999.0 1.41645785888 3.98351434602 5.22187903778 9.00198239709 1.17012844472 2.34009932411 3.46201672571 12.9630315205 13.8930679973 14.5913458795 15.5325671732 16.6062314508 26.2371989532 29.3207777098 31.0100326581 0.668517713984 3.99817687041 4.63296125405 59.8480104409 62.3007301709 63.3638677699 64.4373215505 65.5093923578 234.756925152 0.652763804921 477.209079795 1.35957542334 0.594768324447 4.66397202723 3.99358550149 0.593568597789 2.29179439365 3.27866373406 3.26958691592 2.27220418914 3.7433895814 5.92279847568 2.14534572786 5.77382197956 0.485741370397 0.703369739139 0.286054682479 0.247670391863
-9999.0 -9999.0 -9999.0 -9999.0 -9999.0 -9999.0 -9999.0 -9999.0 -9999.0 -9999.0 -9999.0 -9999.0 1.35647129089 2.67758826183 1.23894386515 2.52282821502 1.14489375504 8.51527729104 10.7407377475 11.8991040107 1.07185690522 2.0372035851 19.6636716468 24.4258632503 25.2646777177 2.06645019915 2.0111708106 2.86747476862 0.57177772859 0.529380953292 1.02628960995 0.51121538149 30.579301455 31.1024825018 31.7414615657 235.336710936 482.089576357 477.86766072 1.00616944102 0.437742884878 0.398730159401 1.38561511441 1.00917357245 2.77267607509 3.88107207531 7.85406793616 0.699568932639 0.696643085112 6.52606304585 7.15373927609 14.0988041944 14.6333780928 15.6437711863 16.1959663029 0.509244977343
-9999.0 -9999.0 -9999.0 -9999.0 -9999.0 -9999.0 -9999.0 -9999.0 -9999.0 -9999.0 -9999.0 -9999.0 -9999.0 1.25725352577 2.51900382622 3.788166475 6.16223717075 1.23352726953 1.14193274619 7.86335386556 8.92387454125 17.8072645897 18.8896348866 3.019369136 1.0810213202 1.03405087375 0.975712718089 27.2153994563 27.9114765697 28.5191265607 29.047683438 30.0804069991 5.73312099437 6.38848287776 38.7833748249 756.463306693 3.56759315958 3.10592271634 1.51795511891 0.40037929514 0.35415667827 2.20041862321 2.5372432369 3.50059127084 0.352231218803 8.24755831045 1.16943500706 1.14049894189 0.324089126819 0.272305532228 0.261968047405 0.288745388222 0.273719576758 16.4804952568 228.459834051
-9999.0 -9999.0 -9999.0 -9999.0 -9999.0 -9999.0 -9999.0 -9999.0 -9999.0 -9999.0 -9999.0 -9999.0 -9999.0 -9999.0 1.24163401789 2.3452732255 3.35527721802 4.42289186574 5.5801661737 6.76883510246 3.47126641981 5.74904483703 1.073456255 1.04969916705 22.190991082 24.2711507766 25.2505821022 26.3251197544 0.869642557919 1.58094132207 3.98364513788 4.63441809018 5.20657179167 0.700074527687 0.713542788166 758.07333278 0.500549506496 0.948107699428 0.448200201563 1.42926050181 0.683721554292 0.41061454061 6.47968392607 6.89243465766 0.325647714592 8.60877953633 10.0690473022 1.40810812731 240.182616648 239.58405891 239.003099899 237.757875626 237.202063537 229.422467935 229.143415944
-9999.0 -9999.0 -9999.0 -9999.0 -9999.0 -9999.0 -9999.0 -9999.0 -9999.0 -9999.0 -9999.0 -9999.0 -9999.0 -9999.0 0.241327379822 0.557420878515 0.995551551656 8.8435363439 10.047155466 1.21488086468 1.16035990476 1.1339277617 17.8882385443 20.1075063002 1.09398911501 1.12011227254 0.934986311722 3.77318133752 4.7021160062 2.56789976223 3.18515910688 21.3827755815 22.0905524681 23.5730703614 37.8834784719 796.262677694 0.494505878241 0.399552167471 2.07090258593 1.73915139241 0.356773310205 1.15143179913 1.52504082333 7.31842484912 7.70315190775 18.6640291281 10.2970794553 1.54399066346 246.581952873 3.4407105363 238.443729948 238.115667043 7.25490014069 0.365856226179 0.460607324236
-9999.0 -9999.0 -9999.0 -9999.0 -9999.0 -9999.0 -9999.0 -9999.0 -9999.0 -9999.0 -9999.0 -9999.0 -9999.0 -9999.0 1.26194797637 2.04852643578 4.35183112335 7.65486231345 10.9919823298 13.3718347382 14.5397834549 15.7071919036 16.852743856 1.08943815126 1.01512083188 1.98971984648 1.90847388142 0.963274591511 18.4944277008 19.396819418 20.2570297063 21.0649267905 12.017530192 12.6923722826 13.5352845883 796.526631683 0.841196921665 1.08008702152 3.3423135521 0.263395754493 0.752913682996 0.392458969479 0.346961550901 1.88148625439 0.320413960142 0.341585212753 267.044840172 248.100205926 247.747235727 1.25105080273 3.16553739343 2.05496734178 0.506470581628 6.52587655218 1.93627122433
-9999.0 -9999.0 -9999.0 -9999.0 -9999.0 -9999.0 -9999.0 -9999.0 -9999.0 -9999.0 -9999.0 -9999.0 -9999.0 -9999.0 0.890243767442 0.821524600933 1.60234243391 2.46153788437 1.19843721429 1.26292268034 2.42896583131 3.57169497912 5.75877784971 6.86115741486 7.90538823931 10.9577893385 11.9249585769 12.9359119248 0.926390952271 9.2479868732 10.0567331241 10.7879659671 0.586392015082 0.249809937325 0.467558641097 809.863593194 810.113453462 811.485395965 4.07857561632 0.536249774792 1.14408700343 0.342549825246 0.628528742522 2.17811198093 2.76996033816 0.628144471143 268.589353018 0.501990021396 0.693102207346 0.747324190974 0.625641195114 1.12484094774 0.492690170396 4.11945986285 3.19382301823
-9999.0 -9999.0 -9999.0 -9999.0 -9999.0 -9999.0 -9999.0 -9999.0 -9999.0 -9999.0 -9999.0 -9999.0 -9999.0 -9999.0 -9999.0 0.778113400449 1.54690463166 0.775945307293 1.6077157841 10.1338954503 11.2119790847 12.3357982063 1.09764507766 1.10218862066 2.14867325029 3.18291597267 5.07547872573 6.033890827 6.5479979689 7.42554569679 0.75070158903 0.674996681011 11.764452243 12.0682240231 12.3271693788 12.5993910865 10.2663532607 822.885516612 828.711828161 828.917044414 830.232204701 831.401778499 832.41459526 0.332955167081 3.054660213 268.926710763 0.852449203588 0.435846098457 0.436381255815 0.378060567605 0.663013426562 0.627808229567 0.358525066769 0.480495455202 0.456413684938
-9999.0 -9999.0 -9999.0 -9999.0 -9999.0 -9999.0 -9999.0 -9999.0 -9999.0 -9999.0 -9999.0 -9999.0 -9999.0 -9999.0 -9999.0 -9999.0 2.30038391567 3.14962984898 5.63691819759 7.61110548996 1.08207345886 14.6518759907 15.742065707 16.8085182272 1.07733233136 2.10339172231 0.952500612017 7.0331866717 7.49583215785 8.26927129878 9.09688869796 11.009491627 11.330106444 0.197829954395 9.20370471799 9.74282470866 10.0086576803 11.1368129081 1.49342697225 0.971006575106 0.615833901081 0.575026305106 833.326261658 833.826535128 838.931588223 269.280238491 2.23893589837 1.06168585547 0.7138457453 0.226379125067 1.95847539931 1.01507111486 0.319117384554 1.70785633888 1.43146918069
-9999.0 -9999.0 -9999.0 -9999.0 -9999.0 -9999.0 -9999.0 -9999.0 -9999.0 -9999.0 -9999.0 -9999.0 -9999.0 -9999.0 -9999.0 -9999.0 0.883817277443 3.98207758884 4.85297860526 1.15116988593 1.15904460559 2.32108686659 3.42466632939 21.3362866054 1.05910364858 4.25612644165 5.24141570033 6.20100815643 0.497984518082 1.20446045664 1.58936451952 7.40629806493 8.25201879249 8.47535301488 0.271718226106 0.264103449484 0.320337986573 0.59405808457 0.253716294077 0.260283175163 0.501331153105 0.344951097582 0.514186326984 1.66504786665 839.485527747 1110.1575633 2.70422739554 0.29334527107 0.226732642456 5.97725524771 5.48312258554 3.19232795235 2.85540960941 2.13005022557 0.467711418499
-9999.0 -9999.0 -9999.0 -9999.0 -9999.0 -9999.0 -9999.0 -9999.0 -9999.0 -9999.0 -9999.0 -9999.0 -9999.0 -9999.0 -9999.0 0.723449989101 2.42560770367 0.811414415897 1.30964995304 1.31226728239 2.48643054536 3.62096626152 4.66226206354 26.8723391586 27.8973283555 1.05444766347 2.03917008801 3.03215572079 3.67992466258 4.42227484451 6.54012722522 7.14699394064 0.543341582181 0.411430541651 0.330217457212 0.567183819759 0.471211846555 0.514922188407 0.417363793996 0.479160564352 1.88814487248 0.907310089284 0.492091342509 0.477016370636 0.480681124292 0.912518404659 1128.00760518 14.9189032843 7.01649152087 0.523365257611 0.222937609159 0.219961094722 0.786486668405 0.550938265851 0.282710445712
-9999.0 -9999.0 -9999.0 -9999.0 -9999.0 -9999.0 -9999.0 -9999.0 -9999.0 -9999.0 -9999.0 -9999.0 -9999.0 -9999.0 0.769976121819 1.46962801329 5.43882393607 0.804559508468 2.47252475241 3.75770425241 4.9731655369 1.24098146093 2.34300209558 3.3648846992 32.1059283492 1.00243543765 1.93345917051 2.86199420255 0.852716831885 1.68441707872 2.16066611821 2.73243102296 63.8561036583 64.8085259185 65.6703784541 70.1907137329 71.6629142192 75.0899625609 0.875606369929 1.86924523902 2.35650111914 86.0119315359 86.9494767789 0.449118189223 0.824813233711 1.18859889624 1128.4278131 14.4160240987 6.76989245434 6.52039074164 5.08984247755 4.45109302856 1.04694401958 0.250950144942 0.495484962622
-9999.0 -9999.0 -9999.0 -9999.0 -9999.0 -9999.0 -9999.0 -9999.0 -9999.0 -9999.0 -9999.0 -9999.0 -9999.0 -9999.0 0.759633715632 2.32731305506 8.52812026425 12.5463936674 0.734426037662 16.6725017462 22.5100907396 1.17672010553 2.26468996223 3.3198281081 41.6057863496 42.5031408414 0.924992042984 4.71922480582 5.58448183045 6.27794431374 57.7565766632 59.5252250126 60.6602098875 0.554862338546 3.18004735008 3.78410941764 1.7942260884 2.5759151566 78.7729065193 81.8581193815 82.5348391363 83.186603201 87.8553281165 0.444819053814 0.406279968484 1.94128213496 1128.83834255 0.371671895044 0.409344419403 1.21444329928 0.443476703975 4.03247325443 3.28436129696 1.91656136347 1.38919055061
-9999.0 -9999.0 -9999.0 -9999.0 -9999.0 -9999.0 -9999.0 -9999.0 -9999.0 -9999.0 -9999.0 -9999.0 -9999.0 -9999.0 -9999.0 -9999.0 1.62450993212 3.27760654172 14.9418632324 15.8070075211 23.2767781295 24.1509031823 1.15146659627 2.29987726593 5.44686467226 43.3404898734 45.2644127228 46.1195884185 0.746789232614 49.1499945588 50.9346392652 1.16937360944 0.560857499921 1.08446430859 2.13128041379 0.525164221489 1.07982828631 2.4290868871 3.07509533319 0.595154976839 0.441800665201 0.892891788513 90.7395265901 91.5687052678 91.9278168662 94.7282449285 1129.21491899 0.242397463735 0.295891819328 0.350154528695 0.33408218949 0.342435804147 0.300474622117 0.560758486012 0.182494267802
-9999.0 -9999.0 -9999.0 -9999.0 -9999.0 -9999.0 -9999.0 -9999.0 -9999.0 -9999.0 -9999.0 -9999.0 -9999.0 -9999.0 -9999.0 -9999.0 0.848279818819 0.834972697643 0.84097604849 1.77976738054 0.793597195571 25.7168676904 26.5160706592 1.06678164343 2.13468145267 1.08884333448 0.970390349522 0.952672667398 47.784335087 0.57863058815 1.1856428067 0.619626913887 0.569075915988 0.523278581065 0.437026605732 0.451021703575 1.37007825381 1.86445923654 0.388742660471 0.354606440786 0.755866465399 1.23107934446 1.48721027442 0.351444818338 92.3885258278 95.086218974 1129.47778595 1.19659798599 0.741036289163 0.208336526689 0.491306263901 0.162495467814 0.12054697038 0.69833229633 0.929236925056
-9999.0 -9999.0 -9999.0 -9999.0 -9999.0 -9999.0 -9999.0 -9999.0 -9999.0 -9999.0 -9999.0 -9999.0 -9999.0 -9999.0 -9999.0 -9999.0 -9999.0 -9999.0 0.826734422523 2.55448365906 3.26765132786 4.0321266008 27.2510668173 27.9762036595 28.7422162584 29.6976635466 30.6305196599 32.5457332878 33.1180565478 33.6603913245 34.1615459642 0.511400695659 0.48610968054 0.511390962624 1.86677389807 0.489521907548 0.470447070961 0.389881221457 1.14855928822 0.446177996831 0.36265850477 0.339881823011 0.29492560888 0.58862996748 0.855396050368 96.8478185758 1227.81511356 0.207457659899 0.49821570993 0.164434383013 0.667761803655 0.355003918735 0.242792498712 2.35048719155 1.51303110226
-9999.0 -9999.0 -9999.0 -9999.0 -9999.0 -9999.0 -9999.0 -9999.0 -9999.0 -9999.0 -9999.0 -9999.0 -9999.0 -9999.0 -9999.0 -9999.0 -9999.0 -9999.0 -9999.0 0.712801130445 5.47908029004 11.0282998289 11.8453660399 1.08780711081 2.15600312842 3.20624258728 4.13665384534 10.0973457448 10.631832189 0.519910101729 0.51504362219 35.208346313 36.1636895629 36.610498536 2.247593454 0.367662226861 0.856164687523 1.25988530059 3.74984441562 4.59168276604 5.28394620351 0.641124752694 0.894233013005 0.299808478324 0.596578709137 0.306719737136 1228.40383089 0.205020970615 0.870345065443 0.43285185206 1.28102238409 2.42474179306 2.77310932252 5.2245214559 1.76788832962
-9999.0 -9999.0 -9999.0 -9999.0 -9999.0 -9999.0 -9999.0 -9999.0 -9999.0 -9999.0 -9999.0 -9999.0 -9999.0 -9999.0 -9999.0 -9999.0 -9999.0 -9999.0 0.771834658057 2.43216937658 4.78030653087 6.26845154453 16.364260459 17.3035416216 2.17424825229 3.21590099354 4.13226554979 5.07489849248 11.1746532374 12.2280144639 21.3346833268 21.9832453076 22.4304358806 37.0837337679 40.622195371 0.855479947647 0.522784291875 0.506129941607 0.980466974034 0.455559359233 6.1530620232 6.48202000896 1.17853096142 1.39972261001 0.243332400348 248.275708739 248.894578466 1477.7051839 1478.86502889 0.18496272821 1.67715274686 0.22970854124 0.217436060968 5.69377420301 7.65696928856
-9999.0 -9999.0 -9999.0 -9999.0 -9999.0 -9999.0 -9999.0 -9999.0 -9999.0 -9999.0 -9999.0 -9999.0 -9999.0 -9999.0 -9999.0 -9999.0 -9999.0 -9999.0 -9999.0 0.859334031195 0.835588611146 1.60095565807 3.8151333579 18.0207180398 1.10703411831 1.09296751931 2.01231056353 2.94226247189 7.17120893455 7.82008611739 0.424741254782 0.440259985011 23.012651414 23.5144347951 64.5317595899 64.8929369046 0.329625046226 0.296528422556 0.252089560163 0.254405424103 0.262972179862 242.914234221 244.758421907 246.388771521 246.848362381 248.052765166 0.333967049112 1.23133246355 1.56732103876 1481.01929546 1481.18265957 1481.44276101 1481.66621372 1481.85282476 7.91599280768
-9999.0 -9999.0 -9999.0 -9999.0 -9999.0 -9999.0 -9999.0 -9999.0 -9999.0 -9999.0 -9999.0 -9999.0 -9999.0 -9999.0 -9999.0 -9999.0 -9999.0 -9999.0 -9999.0 -9999.0 0.783674289853 0.811376607135 1.51425087987 20.9754988903 21.7875975053 1.07461942148 1.99592201936 2.9445779718 3.65049448719 0.610701863516 1.16890169781 49.9996196868 50.5052198472 50.8892651431 54.1931399801 119.456291583 230.699423521 231.433173174 232.106447182 232.753638102 235.307449716 236.118363149 1.55445623434 0.713703981646 0.419416034656 0.796069774778 0.606554687359 0.961283498087 0.311570401805 6.52182697503 7.15283407033 7.62141305729 7.80277045194 1482.03432325 1490.18288165
-9999.0 -9999.0 -9999.0 -9999.0 -9999.0 -9999.0 -9999.0 -9999.0 -9999.0 -9999.0 -9999.0 -9999.0 -9999.0 -9999.0 -9999.0 -9999.0 -9999.0 -9999.0 -9999.0 -9999.0 -9999.0 0.794670355008 1.52230805135 2.25173786685 22.4081101088 0.883394242338 30.8246224468 31.7922798989 32.3866996584 32.9604521273 47.668836344 48.2795147204 0.540219780581 2.49102926415 3.0111193858 0.53373763421 110.500067509 109.52767705 0.335266851586 0.746669812438 1.97750677679 0.428711139493 0.450585389828 0.356383453745 0.30836252618 0.243086192611 0.283496921038 5.5320025439 5.82782758687 6.17784175693 0.33030546177 0.240667403193 7.96109256701 8.18375561998 8.31158970774
-9999.0 -9999.0 -9999.0 -9999.0 -9999.0 -9999.0 -9999.0 -9999.0 -9999.0 -9999.0 -9999.0 -9999.0 -9999.0 -9999.0 -9999.0 -9999.0 -9999.0 -9999.0 -9999.0 -9999.0 -9999.0 0.736300866531 0.689347774067 3.55325570719 27.4184873878 29.0328284545 29.930456694 1.00992193412 13.3249867559 13.9032186987 14.1591211456 0.552335400081 1.14206787679 1.6746925673 26.3854825417 26.8091477727 27.1844570116 108.812927688 64.3810970478 0.409555931933 0.41716870155 0.403046244537 0.329645858708 3.26523343717 3.95317249599 4.5607031057 4.89944612779 5.22697081805 30.4218561775 30.6668888998 30.8963935075 31.412684968 34.2104289527 34.3694289809 42.8591102551
-9999.0 -9999.0 -9999.0 -9999.0 -9999.0 -9999.0 -9999.0 -9999.0 -9999.0 -9999.0 -9999.0 -9999.0 -9999.0 -9999.0 -9999.0 -9999.0 -9999.0 -9999.0 -9999.0 -9999.0 -9999.0 -9999.0 1.43453750118 2.17724516956 0.80641369194 1.07226249563 9.79004262533 10.805161489 11.6024952612 5.41567222104 5.96148959259 6.54362713847 7.07963711742 25.4619402045 25.9893065135 15.971051813 43.6095532101 44.0418228267 64.023861475 0.827764376656 0.413781164248 0.306749405335 2.22549611434 2.61235172191 0.251128869404 0.233817817256 29.2973778714 29.8862541343 30.1850333951 0.264122751694 0.37546491137 33.725580383 0.338665871478 1.20190012549 1.32915475979
-9999.0 -9999.0 -9999.0 -9999.0 -9999.0 -9999.0 -9999.0 -9999.0 -9999.0 -9999.0 -9999.0 -9999.0 -9999.0 -9999.0 -9999.0 -9999.0 -9999.0 -9999.0 -9999.0 -9999.0 -9999.0 -9999.0 0.714396027262 1.41537393493 5.96617348218 6.79266552676 7.76347020612 3.99213618644 4.86511828057 0.586160608527 16.7761617968 17.3216044276 17.8616975912 0.525048642498 14.9757156545 15.5163552802 0.43438947543 61.8691303119 0.910222008445 0.448629181633 1.18277362183 1.59772417948 0.327720720323 0.270742398626 26.4418133993 28.75708328 29.1041115887 0.347078834588 0.760296795069 0.962866038489 1.12984969387 2.16939722129 0.433312010859 0.981799974839 0.201144327098
