data/baseflow/History/mHMbfrc322
ncols                  80
nrows                 72
xllcorner      4374000.0
yllcorner      5656000.0
cellsize            500
NODATA_value       -9999
[rows 24 to 47 of 72, columns 0 to 54 of 80]
-9999.0 -9999.0 -9999.0 -9999.0 -9999.0 -9999.0 -9999.0 -9999.0 -9999.0 -9999.0 -9999.0 -9999.0 1.36615014998 3.80030704635 4.95417652653 8.42988426569 0.989312113421 2.01372618965 2.94551019553 11.5777599082 12.3351182808 12.9711585033 13.6767525361 14.4978802888 22.0338160917 24.3371867467 25.5964095215 0.51682906065 2.93454856883 3.42421703843 49.0094585546 50.7207974642 51.4764160952 52.2423844432 52.899403981 194.411137862 0.360161984138 397.216376478 0.750167112338 0.349821913339 2.71525920763 2.32202341493 0.324860180143 1.26892804327 1.934557222 1.90014694288 1.27519670769 2.08018094145 3.2803814686 1.21360369993 3.21415806244 0.255098956749 0.419048347047 0.125204197229 0.10214812998
-9999.0 -9999.0 -9999.0 -9999.0 -9999.0 -9999.0 -9999.0 -9999.0 -9999.0 -9999.0 -9999.0 -9999.0 1.27848647182 2.53554699617 1.17368410265 2.34405049018 1.00042645825 7.84920326623 9.72677225302 10.6934625898 0.860354075499 1.65154069675 16.8077491071 20.6554142145 21.3259597458 1.55195334988 1.45546212044 2.07667752146 0.434802447163 0.396370894572 0.743285258322 0.32629873678 25.1511801527 25.449738021 25.7695389027 194.774236268 399.946378451 397.559885666 0.572412497896 0.265181996727 0.236006244059 0.760891698707 0.558801651708 1.55049183543 2.26109201503 4.54982747311 0.389034049197 0.385567766807 3.60330025628 3.94442338126 7.77305344703 8.02669200627 8.59020581798 8.8296964215 0.213816696834
-9999.0 -9999.0 -9999.0 -9999.0 -9999.0 -9999.0 -9999.0 -9999.0 -9999.0 -9999.0 -9999.0 -9999.0 -9999.0 1.21571838479 2.42378972375 3.64179678133 5.75232486797 1.10036585824 0.9785349058 6.9886778572 7.85742356763 15.2734117187 16.191076089 2.49412493646 0.809211550899 0.748461965558 0.709457754307 22.8654986958 23.3474837477 23.8016080741 24.178452682 24.860143032 3.93600827926 4.29773460286 30.3908262708 625.254387577 1.9960967002 1.71576265285 0.86474987645 0.220474185164 0.188373414477 1.23653861085 1.40117922024 1.9030751833 0.162608750513 4.73463045195 0.62050715277 0.604380627809 0.135878446651 0.103019021272 0.104845618796 0.109244257191 0.115986968367 8.98169876827 140.650130663
-9999.0 -9999.0 -9999.0 -9999.0 -9999.0 -9999.0 -9999.0 -9999.0 -9999.0 -9999.0 -9999.0 -9999.0 -9999.0 -9999.0 1.15504907268 2.19754549955 3.12588735198 4.06729922768 5.04435601055 6.05551365068 2.90209927446 4.84738782671 0.879404898987 0.822531143783 19.2174287357 20.7751586322 21.4673091518 22.2462381166 0.599475633786 1.0792851491 2.77789814448 3.25663949471 3.62419545937 0.413629328695 0.386246751171 626.171723991 0.297194840998 0.521732981693 0.246860166523 0.799658568883 0.37742509748 0.218356767487 3.5318965558 3.73870291142 0.134240262008 4.89415971834 5.63586808022 0.739039551362 146.517641395 146.282855957 146.056212788 145.557016719 145.362387435 141.227178849 141.107618156
-9999.0 -9999.0 -9999.0 -9999.0 -9999.0 -9999.0 -9999.0 -9999.0 -9999.0 -9999.0 -9999.0 -9999.0 -9999.0 -9999.0 0.223351265688 0.520414990257 0.92718367824 8.09592251564 9.10571616752 1.03011652521 0.98167357206 0.977704253352 15.8104104334 17.6523381828 0.872389869433 0.879815550585 0.650912971628 2.71976136201 3.37737017303 1.78492027216 2.26160413501 16.5561511784 16.9969699128 17.8880183692 28.0418820373 654.391184641 0.28835290235 0.201462930387 1.17051757527 0.980762171682 0.183018791061 0.60127191761 0.782694979329 3.95568011551 4.13309692694 10.1361467448 5.72769331543 0.820390338979 149.688731887 1.60834672884 145.836349886 145.70704985 3.93711669668 0.18549072105 0.339932638976
-9999.0 -9999.0 -9999.0 -9999.0 -9999.0 -9999.0 -9999.0 -9999.0 -9999.0 -9999.0 -9999.0 -9999.0 -9999.0 -9999.0 1.18380366585 1.91224008159 4.03395777761 7.05289027469 9.96177925404 12.0752835022 13.0418238891 14.0356376963 14.9804034014 0.894638158521 0.775308146793 1.50735962252 1.36435761276 0.720970809972 14.5206990495 15.1508952325 15.7213976832 16.2802667596 8.76823700216 9.17619895798 9.70617177154 654.542338236 0.504560915532 0.53896999097 1.82209440203 0.156348003209 0.386654771332 0.211598001362 0.160995384687 0.956446301159 0.131231771144 0.145069607277 160.647385365 150.422099373 150.283109329 0.652117303335 1.49744029288 0.95232819702 0.215855720972 3.56401756521 0.989828722317
-9999.0 -9999.0 -9999.0 -9999.0 -9999.0 -9999.0 -9999.0 -9999.0 -9999.0 -9999.0 -9999.0 -9999.0 -9999.0 -9999.0 0.836403668772 0.755440185629 1.45989959559 2.26058516898 1.09444669118 1.17321364219 2.20463799243 3.21030204422 5.07234460982 5.98898410593 6.76602468645 9.08596476796 9.77787376016 10.5595017503 0.660317635348 6.89944035748 7.44350471622 7.95891947132 0.411120134267 0.257265904415 0.398211447376 664.460803487 664.597516651 665.397628854 2.23586631547 0.304196226319 0.569034340464 0.150728677634 0.276943356816 1.0831884145 1.3186949472 0.254860191362 161.327436818 0.240607232931 0.364331034152 0.396979544507 0.320433113671 0.572507951851 0.240487084291 2.37237526679 1.87411485905
-9999.0 -9999.0 -9999.0 -9999.0 -9999.0 -9999.0 -9999.0 -9999.0 -9999.0 -9999.0 -9999.0 -9999.0 -9999.0 -9999.0 -9999.0 0.69939158699 1.39195529878 0.712214038687 1.47915219032 9.3264388057 10.2417291802 11.1943179779 0.926765827885 0.925564368052 1.70087924885 2.49933389901 3.84237279579 4.54376668644 4.97929236226 5.60958544733 0.484735462465 0.43791426291 8.76747218134 9.02708762426 9.18820592472 9.36292847358 7.68560380287 673.790796439 677.087301122 677.183797985 677.823071431 678.424019029 678.811340954 0.116607259225 1.42123882233 161.434190043 0.300907094046 0.156170699097 0.188751426629 0.177151683787 0.296549747638 0.275596587161 0.171344066299 0.267901347365 0.253819845123
-9999.0 -9999.0 -9999.0 -9999.0 -9999.0 -9999.0 -9999.0 -9999.0 -9999.0 -9999.0 -9999.0 -9999.0 -9999.0 -9999.0 -9999.0 -9999.0 2.07338980116 2.86305243975 5.17374949004 7.00017859773 0.998675660323 13.2857359838 14.1950735596 15.0442439924 0.817126819931 1.5943095555 0.669582723177 5.30000493404 5.69876680462 6.3156959001 6.86932850694 8.19921364364 8.45505766046 0.158250091578 6.98967773086 7.34629505607 7.52569429766 8.24689983184 0.928965901504 0.594311308694 0.370518005564 0.341491707901 679.20953273 679.399642746 681.780541448 161.535437289 0.838245089104 0.44303548586 0.299153475178 0.0782786508619 0.883202837135 0.470571967467 0.149098602392 0.856277100841 0.738580503343
-9999.0 -9999.0 -9999.0 -9999.0 -9999.0 -9999.0 -9999.0 -9999.0 -9999.0 -9999.0 -9999.0 -9999.0 -9999.0 -9999.0 -9999.0 -9999.0 0.788320052075 3.63220998779 4.44732069892 1.05961705403 1.01395349397 2.07829258277 3.02615974742 18.947753611 0.805000480641 3.24646311767 3.95135299946 4.65782790302 0.406180935449 0.968645758342 1.30166642119 5.67207926596 6.29660072749 6.47730590963 0.186552760484 0.170003035053 0.198639161962 0.372019428047 0.154347109076 0.153348726711 0.273959101401 0.198109023692 0.277202532999 0.852415403384 682.004901719 844.080207388 1.03176166136 0.142483072467 0.0798807283996 2.83239915123 2.65046229397 1.61231192095 1.4531195414 1.0851564982 0.272258820779
-9999.0 -9999.0 -9999.0 -9999.0 -9999.0 -9999.0 -9999.0 -9999.0 -9999.0 -9999.0 -9999.0 -9999.0 -9999.0 -9999.0 -9999.0 0.624642507357 2.14293452814 0.725350505859 1.13272185442 1.13203933017 2.17154329278 3.19255530218 4.07755630437 23.783874269 24.5534529245 0.798637796918 1.50960189767 2.22953167165 2.75563368069 3.33664499107 5.0284885893 5.46081099317 0.385745537547 0.304873569394 0.231502730458 0.328212149663 0.273656326602 0.284542203266 0.22338735236 0.276668039871 1.01235867271 0.489875628788 0.237696813158 0.227510621502 0.208348097421 0.379921452393 852.894897249 7.70942434302 3.31988717069 0.275216210293 0.117552491838 0.0921791704083 0.360730314464 0.253015651836 0.132485536335
-9999.0 -9999.0 -9999.0 -9999.0 -9999.0 -9999.0 -9999.0 -9999.0 -9999.0 -9999.0 -9999.0 -9999.0 -9999.0 -9999.0 0.666172250075 1.27013503695 4.75407703733 0.70504682665 2.14477579867 3.24298897558 4.24649206282 1.04755733658 1.93447339558 2.80299346744 28.0604451351 0.741143285396 1.39094726041 2.05833935952 0.603504993693 1.19049382044 1.54070408596 1.92295780241 51.6734089554 52.3131768276 52.8652028748 55.830686931 56.6952315874 58.7672546134 0.416648403895 0.952418816671 1.24415161645 64.8105404019 65.2324546281 0.204246221995 0.336764119447 0.46183313645 853.042492475 7.45562136451 3.78253207646 3.641415153 2.72365927151 2.3048890206 0.475856980167 0.113527400893 0.219834481454
-9999.0 -9999.0 -9999.0 -9999.0 -9999.0 -9999.0 -9999.0 -9999.0 -9999.0 -9999.0 -9999.0 -9999.0 -9999.0 -9999.0 0.682929930792 2.05417596433 7.47495877008 10.9758375508 0.636228017557 14.6015288512 19.6109519457 0.975576379388 1.85320945753 2.73975867807 35.8065121889 36.5069020617 0.639118186322 3.35890056429 3.94628007296 4.4372692763 47.4072901335 48.6846376511 49.4648096209 0.378278284251 2.12598453234 2.52599711801 1.11356037196 1.58941262035 60.9862103502 62.6360673343 63.0120810154 63.3671174408 65.6217448839 0.189276492597 0.159471245329 0.742254673289 853.192155402 0.213104725987 0.267517054106 0.804037295129 0.317954431185 2.11191802332 1.63775008764 0.979036461901 0.70955343288
-9999.0 -9999.0 -9999.0 -9999.0 -9999.0 -9999.0 -9999.0 -9999.0 -9999.0 -9999.0 -9999.0 -9999.0 -9999.0 -9999.0 -9999.0 -9999.0 1.4240620003 2.86731176089 13.0702634685 13.8426810641 20.2818719385 21.058369132 0.948803550177 1.89721785679 4.38521244938 37.2050377543 38.6121878789 39.1903122415 0.472355558818 41.2636598076 42.5823380523 0.849079821859 0.383218539743 0.729001907213 1.43026486599 0.346411914637 0.693760015899 1.51471182464 1.89656599421 0.364381174215 0.238362314265 0.471245323417 67.2662588631 67.7301579738 67.8561362558 68.9839215181 853.313201908 0.121866829562 0.176851814725 0.225789238478 0.225659071902 0.232788901259 0.203852814945 0.373259590772 0.0866264883571
-9999.0 -9999.0 -9999.0 -9999.0 -9999.0 -9999.0 -9999.0 -9999.0 -9999.0 -9999.0 -9999.0 -9999.0 -9999.0 -9999.0 -9999.0 -9999.0 0.74544059278 0.730289087208 0.740432823002 1.56797488698 0.704184642013 22.4482979107 23.1508949223 0.866240977331 1.70686920328 0.836595082216 0.701846947608 0.682333187781 40.3612638134 0.447238515393 0.909684403096 0.446210896789 0.38700318625 0.356272636947 0.27504539496 0.287818091954 0.875406091033 1.200138316 0.226690330544 0.196583739917 0.428796615627 0.722393584663 0.892109117721 0.222757325512 68.0871060412 69.1157993357 853.371306907 0.630758377331 0.405306360085 0.108858090213 0.308884756862 0.0860710420964 0.0643433911683 0.445715993041 0.448820295884
-9999.0 -9999.0 -9999.0 -9999.0 -9999.0 -9999.0 -9999.0 -9999.0 -9999.0 -9999.0 -9999.0 -9999.0 -9999.0 -9999.0 -9999.0 -9999.0 -9999.0 -9999.0 0.719378141935 2.23793858623 2.85184592967 3.52763283029 23.8030655037 24.4513958011 25.1168129353 25.9114921389 26.5741683246 27.9488493951 28.3657178606 28.7866385945 29.1318368653 0.329124715497 0.303063813178 0.33495160123 1.20054984465 0.322822643643 0.303543719942 0.231541088234 0.669710093856 0.273993410618 0.200290242768 0.1817521077 0.149498745012 0.298066397546 0.420870135011 69.9697202925 924.039907294 0.0956663223043 0.218659125829 0.0811431839994 0.401286238923 0.187246351219 0.129453115957 1.20742648045 0.707742780467
-9999.0 -9999.0 -9999.0 -9999.0 -9999.0 -9999.0 -9999.0 -9999.0 -9999.0 -9999.0 -9999.0 -9999.0 -9999.0 -9999.0 -9999.0 -9999.0 -9999.0 -9999.0 -9999.0 0.607101469764 4.77592029144 9.62430490168 10.3538776923 0.979471799887 1.85559978237 2.70322462921 3.39483949102 8.11183946079 8.47379901723 0.348736937235 0.340907407497 29.8137119836 30.4077989029 30.6795587524 1.42092996101 0.213099026864 0.528965513425 0.775857509358 2.28249738785 2.79398652027 3.1725461386 0.337502143645 0.45645912176 0.15165843717 0.298257961789 0.154178659396 924.27222386 0.0830439139738 0.371610834344 0.186912497896 0.646694281341 1.19941743613 1.37370248692 2.6262607891 0.807629065123
-9999.0 -9999.0 -9999.0 -9999.0 -9999.0 -9999.0 -9999.0 -9999.0 -9999.0 -9999.0 -9999.0 -9999.0 -9999.0 -9999.0 -9999.0 -9999.0 -9999.0 -9999.0 0.672257453912 2.13654160676 4.18186203786 5.46543730356 14.2921729535 15.1373073005 1.79217638535 2.65212799935 3.35764568319 4.06890446725 8.86852761067 9.58776098578 16.8124071687 17.3471881976 17.6591306653 30.9829445808 33.1999681536 0.528025235021 0.345304182017 0.330399486629 0.628553384317 0.283038340667 3.70225556981 3.87992364869 0.596538439252 0.725206555663 0.124911980125 205.689407721 205.999512732 1130.42152772 1130.89028417 0.082460063407 0.830924996093 0.12250798601 0.113576833579 2.85488219645 3.749064863
-9999.0 -9999.0 -9999.0 -9999.0 -9999.0 -9999.0 -9999.0 -9999.0 -9999.0 -9999.0 -9999.0 -9999.0 -9999.0 -9999.0 -9999.0 -9999.0 -9999.0 -9999.0 -9999.0 0.762228366065 0.738292232025 1.40082356913 3.32845891823 15.7804670473 0.928000849369 0.915381871952 1.62296561339 2.35207884445 5.7165372039 6.2234262379 0.39006833814 0.376693411358 18.0768755963 18.4146703056 51.8865739852 52.127962358 0.18461222688 0.156724221371 0.120813173879 0.122473984808 0.126566551115 202.671789579 203.732528791 204.600541344 204.863032144 205.571518643 0.175825881253 0.624179647825 0.758106029094 1131.86918878 1131.88379845 1131.96016248 1132.02908776 1132.09457842 3.87455472471
-9999.0 -9999.0 -9999.0 -9999.0 -9999.0 -9999.0 -9999.0 -9999.0 -9999.0 -9999.0 -9999.0 -9999.0 -9999.0 -9999.0 -9999.0 -9999.0 -9999.0 -9999.0 -9999.0 -9999.0 0.681236480571 0.711056893331 1.32115504911 18.3695091641 19.0946124069 0.894560667101 1.59906641384 2.34894294065 2.92046734178 0.492955337966 0.895585864177 43.1592046629 43.5007808685 43.7955057527 46.2665889252 98.6619011522 195.430367607 195.867658027 196.25025843 196.61209358 198.128628037 198.625053368 0.905764941383 0.39785620086 0.246119568989 0.457893696415 0.306642499068 0.49878653227 0.156856336422 3.57692784725 3.91097184189 4.13940759482 4.1892905722 1132.10929801 1136.04258136
-9999.0 -9999.0 -9999.0 -9999.0 -9999.0 -9999.0 -9999.0 -9999.0 -9999.0 -9999.0 -9999.0 -9999.0 -9999.0 -9999.0 -9999.0 -9999.0 -9999.0 -9999.0 -9999.0 -9999.0 -9999.0 0.695324230021 1.33187233821 1.97134374024 19.6355705287 0.746734369206 26.9197327348 27.709116305 28.2054823798 28.6532516288 41.410429978 41.8719796431 0.389270879384 1.86231863952 2.24956264638 0.375850943556 96.3268906857 95.6594025345 0.193109927301 0.457261308281 1.22332778869 0.271524067619 0.282150539624 0.199187176264 0.158028803994 0.112448128059 0.139106444113 3.08496223307 3.2347588356 3.42652886604 0.215250161367 0.146638607302 4.27659385447 4.35236079533 4.38636948475
-9999.0 -9999.0 -9999.0 -9999.0 -9999.0 -9999.0 -9999.0 -9999.0 -9999.0 -9999.0 -9999.0 -9999.0 -9999.0 -9999.0 -9999.0 -9999.0 -9999.0 -9999.0 -9999.0 -9999.0 -9999.0 0.636618737394 0.596429450296 3.09280453604 24.0424282082 25.4526689015 26.220709892 0.801448302597 11.5245381675 12.0599976487 12.3191660653 0.447438447535 0.870113776645 1.24657011159 22.5745106414 22.8556648452 23.0908589871 95.2371008895 57.5651182666 0.257168797586 0.261585453366 0.248963114778 0.179261872697 1.88787616067 2.2606240244 2.57562867503 2.75719359257 2.92983960746 21.7456119252 21.859441998 21.9858580866 22.2909556449 23.6037421558 23.650139898 28.0892090656
-9999.0 -9999.0 -9999.0 -9999.0 -9999.0 -9999.0 -9999.0 -9999.0 -9999.0 -9999.0 -9999.0 -9999.0 -9999.0 -9999.0 -9999.0 -9999.0 -9999.0 -9999.0 -9999.0 -9999.0 -9999.0 -9999.0 1.24477955573 1.90110516929 0.746410843633 0.934133096916 8.70092907567 9.54555018625 10.1624722983 4.60935057221 5.06924259134 5.54737474909 5.93690112533 21.9399775213 22.322933547 13.773388578 37.1622088845 37.4383845867 57.3610330427 0.513811803954 0.256772156346 0.16308266182 1.30922190871 1.53553938437 0.114630085207 0.104323851644 21.2088881602 21.4969398952 21.6404865736 0.160241089494 0.229141359882 23.4022958954 0.148813991172 0.407549754335 0.442354401466
-9999.0 -9999.0 -9999.0 -9999.0 -9999.0 -9999.0 -9999.0 -9999.0 -9999.0 -9999.0 -9999.0 -9999.0 -9999.0 -9999.0 -9999.0 -9999.0 -9999.0 -9999.0 -9999.0 -9999.0 -9999.0 -9999.0 0.623391633692 1.23546556607 5.37330051954 6.14539243202 6.97571458157 3.43167829886 4.12724826397 0.512621101831 14.739387812 15.1960575574 15.6207321171 0.396117974856 13.0620868505 13.4577970174 0.290038700218 56.001542717 0.594885770617 0.296183396256 0.718874684697 0.976625155138 0.17526241891 0.130366791668 19.7450369391 20.9525393182 21.1310369234 0.185381774586 0.354142725464 0.442833186413 0.513218423003 1.02366037283 0.140473133936 0.339399592413 0.0654964493978
