data/baseflow/History/mHMbfrc283
ncols                  80
nrows                 72
xllcorner      4374000.0
yllcorner      5656000.0
cellsize            500
NODATA_value       -9999
[rows 0 to 23 of 72, columns 0 to 53 of 80]
-9999.0 -9999.0 -9999.0 -9999.0 -9999.0 -9999.0 -9999.0 -9999.0 -9999.0 -9999.0 -9999.0 -9999.0 0.687334824993 0.672092746616 -9999.0 -9999.0 -9999.0 -9999.0 -9999.0 -9999.0 -9999.0 -9999.0 -9999.0 -9999.0 -9999.0 -9999.0 -9999.0 -9999.0 -9999.0 -9999.0 -9999.0 -9999.0 -9999.0 -9999.0 -9999.0 -9999.0 -9999.0 -9999.0 -9999.0 -9999.0 -9999.0 -9999.0 -9999.0 -9999.0 -9999.0 -9999.0 -9999.0 -9999.0 -9999.0 -9999.0 -9999.0 -9999.0 -9999.0 -9999.0
-9999.0 -9999.0 -9999.0 -9999.0 -9999.0 -9999.0 -9999.0 -9999.0 -9999.0 -9999.0 -9999.0 -9999.0 1.38825438634 3.30023339515 0.566790627665 -9999.0 0.468254955259 -9999.0 -9999.0 -9999.0 -9999.0 -9999.0 -9999.0 -9999.0 -9999.0 -9999.0 -9999.0 -9999.0 -9999.0 -9999.0 -9999.0 -9999.0 -9999.0 -9999.0 -9999.0 -9999.0 -9999.0 -9999.0 -9999.0 -9999.0 -9999.0 -9999.0 -9999.0 -9999.0 -9999.0 -9999.0 -9999.0 -9999.0 -9999.0 -9999.0 -9999.0 -9999.0 -9999.0 -9999.0
-9999.0 -9999.0 -9999.0 -9999.0 -9999.0 -9999.0 -9999.0 -9999.0 -9999.0 -9999.0 0.613798326582 0.601376067664 0.647504800557 0.647785911643 4.47523568202 5.03490984697 1.26861005881 0.399042465673 -9999.0 -9999.0 -9999.0 -9999.0 -9999.0 -9999.0 -9999.0 -9999.0 -9999.0 -9999.0 -9999.0 -9999.0 -9999.0 -9999.0 -9999.0 -9999.0 -9999.0 -9999.0 -9999.0 -9999.0 -9999.0 -9999.0 -9999.0 -9999.0 -9999.0 -9999.0 -9999.0 -9999.0 -9999.0 -9999.0 -9999.0 -9999.0 -9999.0 -9999.0 -9999.0 -9999.0
-9999.0 -9999.0 -9999.0 -9999.0 -9999.0 -9999.0 -9999.0 -9999.0 -9999.0 0.592572755096 1.20986794045 2.41100676722 1.23378004497 0.59436055054 1.14054965111 5.56715385733 7.79301652401 0.462580597844 -9999.0 0.575466745343 -9999.0 -9999.0 -9999.0 -9999.0 0.869609646882 0.445872942132 -9999.0 -9999.0 -9999.0 -9999.0 -9999.0 -9999.0 -9999.0 -9999.0 -9999.0 -9999.0 -9999.0 -9999.0 -9999.0 -9999.0 -9999.0 -9999.0 -9999.0 -9999.0 -9999.0 -9999.0 -9999.0 -9999.0 -9999.0 -9999.0 -9999.0 -9999.0 -9999.0 -9999.0
-9999.0 -9999.0 -9999.0 -9999.0 -9999.0 -9999.0 -9999.0 -9999.0 0.733589396777 1.98867735935 2.56562377773 3.14231929983 4.19516685927 0.521993961067 2.14496004325 2.63660493633 11.4468621017 0.508263963214 0.456110593638 1.05395597181 1.51145388605 0.48467678667 -9999.0 2.27526093497 1.87449644523 0.519012560085 -9999.0 -9999.0 -9999.0 -9999.0 -9999.0 -9999.0 -9999.0 -9999.0 -9999.0 -9999.0 -9999.0 -9999.0 -9999.0 -9999.0 -9999.0 -9999.0 -9999.0 -9999.0 -9999.0 -9999.0 -9999.0 -9999.0 -9999.0 -9999.0 -9999.0 -9999.0 -9999.0 -9999.0
-9999.0 -9999.0 -9999.0 -9999.0 -9999.0 -9999.0 0.68819956935 0.615616854943 0.595909227279 0.614791920126 0.63379803564 4.4250895723 9.20781373152 9.77678346553 10.1944150029 0.390407764909 12.3415588538 12.8125316241 0.93466586888 0.475976641947 1.95850783322 3.37670154421 0.509117672963 3.8314932847 0.507634700647 0.529320906193 0.51693609452 -9999.0 -9999.0 -9999.0 -9999.0 -9999.0 -9999.0 -9999.0 -9999.0 -9999.0 -9999.0 -9999.0 -9999.0 -9999.0 -9999.0 -9999.0 -9999.0 -9999.0 -9999.0 -9999.0 -9999.0 -9999.0 -9999.0 -9999.0 -9999.0 -9999.0 -9999.0 -9999.0
-9999.0 -9999.0 -9999.0 -9999.0 -9999.0 -9999.0 1.38930452487 2.04651999014 4.60342308519 6.36952768311 0.53159597771 0.548788836798 0.519282447803 1.52793604303 12.1746254578 0.382437048887 13.2441006115 14.9583758981 1.3542457539 0.88243550044 3.78944621953 0.459542804771 4.27178793963 0.911130066639 0.458827565859 0.969700256078 1.02687360329 0.509579969615 0.512040838635 0.492097208217 0.535934763583 1.06929641053 -9999.0 -9999.0 -9999.0 -9999.0 -9999.0 -9999.0 -9999.0 -9999.0 -9999.0 -9999.0 -9999.0 -9999.0 -9999.0 -9999.0 -9999.0 -9999.0 -9999.0 -9999.0 -9999.0 -9999.0 -9999.0 -9999.0
-9999.0 -9999.0 -9999.0 -9999.0 -9999.0 0.774793213906 1.49336724828 0.711113517308 1.37593802055 7.06003379673 8.24004912849 9.39038799508 31.2576139575 0.51057065518 12.6720588359 48.1003812372 48.4240228546 63.9903774277 0.376914477401 1.29206628986 4.20422088769 0.408784113566 9.42551485241 4.72820708244 2.94376824185 2.47785046622 0.501995053472 1.50159261969 1.47973458868 0.98266022187 0.469239073891 1.55561182557 0.454059348592 0.443400673564 -9999.0 -9999.0 -9999.0 -9999.0 -9999.0 -9999.0 -9999.0 -9999.0 -9999.0 -9999.0 -9999.0 -9999.0 -9999.0 -9999.0 -9999.0 -9999.0 -9999.0 -9999.0 -9999.0 -9999.0
-9999.0 -9999.0 -9999.0 -9999.0 -9999.0 0.787248675152 2.28389325073 4.52986675228 5.21557972759 10.4380094694 11.0650818841 13.0684227549 21.359104071 32.9392784698 34.053359307 34.5888074796 0.858029391041 65.5574308906 66.3154786804 68.4541759931 83.7735560126 10.7013481053 9.87541181164 3.38282512018 0.425134778437 2.84377652887 1.94529724252 0.417667906546 1.90852823485 0.40726033216 0.857131092946 2.41967802041 2.85685296975 0.870225925082 0.430813078945 0.414875985622 -9999.0 -9999.0 -9999.0 -9999.0 0.471448436193 0.414531954956 -9999.0 -9999.0 -9999.0 -9999.0 -9999.0 -9999.0 -9999.0 -9999.0 -9999.0 -9999.0 -9999.0 -9999.0
-9999.0 -9999.0 -9999.0 -9999.0 -9999.0 0.74857635849 0.720486952754 3.12147108266 3.82896207363 4.56709757598 0.686017483738 1.35062269916 7.89020691132 1.38901429116 0.617434671204 0.54463836453 0.47061742488 0.550192279738 0.48840741562 0.507861692145 84.2256595234 85.4590551518 0.399457556135 1.23378135115 0.843567476557 3.25876385753 0.850284717839 0.408430320591 2.35118358712 0.78764989242 1.90002083768 4.92337928539 4.5835361235 1.29448827607 1.26600525556 0.432867463597 0.42695206961 -9999.0 -9999.0 0.433302814273 1.01876678697 2.30393278877 0.441037230926 -9999.0 -9999.0 -9999.0 -9999.0 -9999.0 -9999.0 -9999.0 -9999.0 -9999.0 -9999.0 -9999.0
-9999.0 -9999.0 -9999.0 -9999.0 -9999.0 -9999.0 0.821869298249 0.852860392461 1.56665876527 2.31160594811 5.18313717138 6.58709437034 7.29533616492 0.751770585411 0.529521043832 7.43216953467 9.02850970262 9.5077501373 11.5148288843 11.949853655 0.427587369293 85.8976481484 87.8799547196 1.56309131695 0.197101614631 3.58406115914 7.953288528 3.1509577855 0.757060041211 0.376608958534 7.56284228023 5.31601866317 0.384900023684 0.387561814582 1.67006711621 1.26268709151 0.411841806155 0.408841261922 0.418903655784 0.842364274594 0.401868051004 2.80696403134 3.21075841505 0.39085277095 -9999.0 -9999.0 -9999.0 -9999.0 0.449833732791 0.425707395883 0.102719280326 -9999.0 -9999.0 -9999.0
-9999.0 -9999.0 -9999.0 -9999.0 -9999.0 -9999.0 -9999.0 0.800309183651 0.677556370708 1.46213506118 2.21177327496 0.705275497076 0.620873774944 3.99411492931 5.17923331558 6.40374141659 0.562159351659 1.05139593746 0.521958287544 12.4141885679 27.3595306602 27.7936624567 116.549980165 0.394841133564 0.582860146887 0.174649667371 8.33400467478 0.37990134314 1.14234212386 0.371518729423 7.93822096124 8.31321937374 0.774238684605 0.762802697894 4.16043688913 2.08204653346 0.840086023684 0.425345898445 0.833563364801 1.2515332476 2.03936829705 0.388749791571 3.96577308241 4.30124946983 0.302918126628 0.320688225407 0.345739576049 0.313617474561 0.301278621448 1.2353613778 0.438946784456 0.274993586683 -9999.0 -9999.0
-9999.0 -9999.0 -9999.0 -9999.0 -9999.0 -9999.0 -9999.0 -9999.0 1.4700346536 2.08434256262 0.697885783624 1.43888543283 2.10327465223 3.42760317769 0.653617324839 0.613508441812 0.495425784473 0.499657676971 0.434801287372 14.0116617121 0.523327152876 1.00614954846 118.002796742 118.866989916 0.314702631158 1.22188572702 9.89789596692 0.734436439072 1.47487763952 0.686988001978 1.0223816776 9.77299047239 1.12007149586 5.99465866009 4.89077369477 0.370461284364 2.03560332177 0.814982576913 1.2127734249 0.378886754626 2.43026852912 3.17671063297 3.4695956675 3.74819054178 5.45215850914 0.579651392981 0.624288889949 0.573595537202 0.547100897046 1.53881488967 0.322747898228 1.04169364405 1.33006679537 -9999.0
-9999.0 -9999.0 -9999.0 -9999.0 -9999.0 -9999.0 -9999.0 -9999.0 0.788613059723 3.6248470099 4.29599342684 0.669416974054 1.28999868302 0.617858820987 0.544625453714 0.534810781186 6.95390760886 9.21402601323 11.3325080231 13.5379175586 0.554863155391 0.499397803096 0.472921383379 120.965462527 121.876800219 122.204608432 13.1964849759 2.94094300755 2.56363261774 0.329326181329 1.33546634866 11.4379155949 0.326600567877 6.33085344613 0.361049419868 2.59256870076 2.4330032521 0.382575020135 1.59162253196 0.75431298483 1.12383364072 0.34499501908 0.270136988863 4.02354049409 4.28091781542 5.70887873573 0.900960111328 0.838373980351 0.811476006352 1.87594419779 2.5292275579 0.326187636209 1.63148443331 0.316186197371
-9999.0 -9999.0 -9999.0 -9999.0 -9999.0 -9999.0 -9999.0 -9999.0 -9999.0 0.81085428887 5.01773673714 5.65955932217 1.9071492375 3.15157560959 4.26669935559 4.84284579685 0.595115196869 1.75125361251 1.15592504434 0.612200525566 0.569281375792 0.4910573034 0.970802299813 1.63155994198 0.519358933166 136.296998578 136.625553262 0.295146722041 0.281154532548 0.652034506247 0.972570336507 12.4080113177 0.647970984475 6.63318790221 3.90709723037 3.23655472297 0.361359067782 0.733437461944 1.93409246412 0.342497620712 1.45895196614 0.687724272035 0.440842579848 0.159479504031 4.85515942665 10.787968589 1.1090989795 1.05264882153 1.08721272674 0.281207945347 2.8114367813 0.275418629995 2.22507185973 0.278684258302
-9999.0 -9999.0 -9999.0 -9999.0 -9999.0 -9999.0 -9999.0 -9999.0 -9999.0 -9999.0 0.667980321598 7.00270972156 0.609401095326 1.22761418796 1.76917068428 2.81922105895 0.534640729291 1.13460101471 0.546692142604 0.504676701941 0.470510181118 0.935993557998 0.408869569485 0.442988900645 0.813251770222 0.450714954499 137.017622893 137.645424684 138.599064375 1.27209920902 0.315590235982 0.629710828602 12.7395739483 12.1649316144 4.59940080955 0.338628063447 1.44052953277 1.08429019607 2.27746760071 0.683574999004 2.82972283981 1.0266981606 0.71024921189 0.0818564068252 0.170695012931 11.0619510102 11.3186798433 13.7103351331 1.95813172884 0.575499571906 3.11358551451 3.68593099467 6.17816360374 0.555851876244
-9999.0 -9999.0 -9999.0 -9999.0 -9999.0 -9999.0 -9999.0 -9999.0 -9999.0 -9999.0 -9999.0 0.323713901522 7.65279202352 0.569220463071 1.09050289656 4.95017780699 0.540149782707 0.531422772805 0.457342472454 0.978045014191 0.473454294091 1.88286730857 2.71132555488 3.09259386457 1.16716574901 1.44904435417 0.309941540521 0.405865812074 0.388104996704 140.553631464 141.425011813 13.0302471929 12.7526182216 12.4635526368 0.623220476908 0.303035635379 1.76031025665 4.68461516467 2.60490704009 1.00663254074 4.16079374638 1.31312277276 1.00519291538 0.153827323065 0.0662888239144 0.0765055423772 0.105653811886 14.2701474884 17.0168644292 0.276972087945 0.263266814574 0.279233708987 6.44420001609 7.24410282603
-9999.0 -9999.0 -9999.0 -9999.0 -9999.0 -9999.0 -9999.0 -9999.0 -9999.0 -9999.0 -9999.0 0.287432502186 8.33931739034 10.158397326 0.529182445584 6.00201937467 0.493631777196 0.462074929122 0.908895882831 2.35132110547 0.446304050915 0.476562751649 0.399180315723 3.89225865794 4.2628324006 6.11432399208 6.7564699232 7.07397467057 7.3684781301 7.67917974928 149.441081813 162.977726507 176.238488134 176.499288181 0.282748112314 0.301036911761 5.32755996885 5.00801040866 0.322032996763 0.316577430526 4.46323503831 6.10655997729 0.259358110203 2.5160774084 2.35293058842 0.378852848341 0.208632882588 0.353007788813 0.269679090485 17.5009974371 0.245119503109 0.760187382981 0.96287246323 8.73960430856
-9999.0 -9999.0 -9999.0 -9999.0 -9999.0 -9999.0 -9999.0 -9999.0 -9999.0 -9999.0 -9999.0 0.677986895959 1.2838132924 10.7421448659 11.7144438939 0.497758248314 7.01432696887 0.405846204704 1.25148375565 2.75908289604 0.853780725876 0.404925570217 0.85828732713 0.357258724131 0.681158884397 0.325011949734 0.280602304011 0.189888885477 0.155437830528 0.138254453527 0.129208871426 0.198446489611 0.281079993007 0.356781539393 177.402124647 6.2831981951 5.77849865431 0.21669591897 0.926480919078 0.221744387961 0.188184786977 6.41213618479 9.85518686113 2.8606926494 2.2123527751 0.219042434149 0.0942105690584 0.0821049730255 0.290497589321 18.0443816258 18.5352277709 0.254191595713 0.260358346229 0.187653688725
-9999.0 -9999.0 -9999.0 -9999.0 -9999.0 -9999.0 -9999.0 -9999.0 -9999.0 -9999.0 -9999.0 -9999.0 0.529502102074 7.64884717714 19.8826575395 21.4794807085 28.9821344305 29.4906405105 6.16739873315 4.44235677678 1.26668384022 0.397648664324 1.64005082664 2.02126216337 3.03542921388 0.667236088409 0.598421567037 0.514296351039 0.98542043273 0.447953920516 0.418654555442 0.200603301815 0.0768135589561 0.109775688722 177.672816951 184.157203528 184.419871984 0.21252450508 2.41638258019 1.03846082993 0.322738648052 10.9011606116 0.744413430399 0.385233958348 1.57242951945 0.27351833657 0.231510217721 0.43453271349 0.638911614623 0.872114095119 18.9657531825 0.204767729209 0.185143355783 0.184570402682
-9999.0 -9999.0 -9999.0 -9999.0 -9999.0 -9999.0 -9999.0 -9999.0 -9999.0 -9999.0 -9999.0 0.605271027749 5.83227526507 7.08501997429 1.10613344171 0.30846212446 0.675993416969 30.6099018209 31.0646657598 37.7140115451 0.355632756242 0.74914806472 0.326376362945 0.33133818749 3.360925854 4.35267614109 5.25462156795 0.294481333757 1.28181182569 2.02067620658 1.18218951472 0.485243905964 0.28184033018 0.204667930595 0.214468707305 0.130138442995 184.644085301 184.828114004 187.609464151 0.560888431562 0.295125852946 11.2553194397 0.788303233526 0.408276954277 0.451490947218 0.448788689924 0.39883732875 0.648891252947 1.9282596231 3.05318834965 22.2293135447 0.165716060052 0.498249153449 0.336296333316
-9999.0 -9999.0 -9999.0 -9999.0 -9999.0 -9999.0 -9999.0 -9999.0 -9999.0 -9999.0 -9999.0 0.623966682926 4.11547425084 0.647891528456 0.528308062374 2.84485712444 3.29426865887 3.74903251042 4.14842829766 50.606192018 50.9330718051 51.6184231994 56.8715682533 57.8107036473 58.3012699247 58.6407435017 64.3913285053 65.0475721151 65.3489522504 67.6830322286 69.195569149 69.4844248463 70.2242354465 0.475542853612 0.344676720137 0.0608043809672 0.0822904898402 185.022495176 188.60034159 0.80985586407 13.3955353361 13.0955267036 1.49453254068 0.355325991054 0.365059725515 0.352202403569 0.356586495313 0.718234121474 1.02745928968 0.296075704525 22.4347466045 22.6491622511 23.6747257172 23.8586061618
-9999.0 -9999.0 -9999.0 -9999.0 -9999.0 -9999.0 -9999.0 -9999.0 -9999.0 -9999.0 -9999.0 2.13957005197 2.82339058093 1.29786001186 1.89434988075 0.587099719188 6.59014379055 7.07610298095 8.02578207477 8.33606562283 3.00592257075 55.160766037 55.4533488797 0.261333063995 0.153651406659 0.114216022311 0.287670906 0.132415439401 0.0783481125999 0.0696169895128 0.0998889563287 69.6710862444 70.446757158 71.2440637188 71.8712029894 72.1907352847 0.127237706864 0.05376838436 202.679481665 13.8999630835 13.7133898006 0.31233799217 0.312447797776 0.292290855255 0.6645773914 0.653632463872 0.299078034598 0.301032283512 0.280359068832 0.569744262107 0.774253531875 0.162449838538 0.29926264146 0.10925895924
-9999.0 -9999.0 -9999.0 -9999.0 -9999.0 -9999.0 -9999.0 -9999.0 -9999.0 -9999.0 -9999.0 -9999.0 1.44524760853 0.670819412583 0.583485101895 5.61779602034 6.13090164513 0.512291970071 1.94954362893 2.3757632256 2.71289927522 0.386477976489 0.270349642241 7.58405008062 7.79694662198 7.98702918016 20.7990452005 20.9151227552 21.068100688 22.3252641944 22.7878809277 22.8519412763 0.0606563279804 0.0652421200674 0.0925759784501 72.4515192231 0.100721438533 205.068675284 204.890566985 2.05773205455 1.84244445067 1.20454402269 0.301098835779 0.583184437941 0.970325522788 0.960901060391 0.589272639603 0.289532158722 0.565129683287 0.552764350227 1.01837698618 0.132339964567 0.414468986182 0.699079050249
