data/baseflow/History/mHMbfrc570
ncols                  80
nrows                 72
xllcorner      4374000.0
yllcorner      5656000.0
cellsize            500
NODATA_value       -9999
[rows 24 to 47 of 72, columns 0 to 54 of 80]
-9999.0 -9999.0 -9999.0 -9999.0 -9999.0 -9999.0 -9999.0 -9999.0 -9999.0 -9999.0 -9999.0 -9999.0 1.2486082649 3.55731086245 4.66769960002 8.00012772378 1.00979723207 2.03714868557 2.98473443873 11.3183539244 12.039078022 12.4930827001 13.2231574209 14.0663044573 21.8733434882 24.2495463067 25.3590885644 0.371883675938 2.57889782345 2.89379606706 47.0282830478 48.2705332437 48.7725019107 49.277809514 49.8049673977 193.022117175 0.52543131746 408.078106806 0.659844317767 0.252102449818 3.27962526345 2.91229307063 0.396460566033 1.70086047507 2.46351571064 2.44264467834 1.69521930531 2.77560692822 4.37879393568 1.60808102712 4.16766753116 0.33103834065 0.435621054921 0.0961123650621 0.0762026199653
-9999.0 -9999.0 -9999.0 -9999.0 -9999.0 -9999.0 -9999.0 -9999.0 -9999.0 -9999.0 -9999.0 -9999.0 1.20613625017 2.38822542044 1.0964414587 2.21282987334 0.989040762538 7.51437207348 9.43070561111 10.3995697244 0.886081185127 1.65966742512 16.6964103835 20.4936400448 21.1400347855 1.59891278533 1.45390716838 2.02453887676 0.280553051923 0.258283641475 0.487582062309 0.285358802087 25.2588413301 25.5959687094 25.9794229297 193.49419993 410.876875874 408.377791997 0.395906568837 0.170966851045 0.154302445658 0.724437375394 0.577405355295 1.95895889898 2.88018875712 5.8431818077 0.520456074861 0.518581495673 4.7936462962 5.21509396216 10.1765674974 10.4562818595 10.9947525012 11.1768171287 0.166567728056
-9999.0 -9999.0 -9999.0 -9999.0 -9999.0 -9999.0 -9999.0 -9999.0 -9999.0 -9999.0 -9999.0 -9999.0 -9999.0 1.144586595 2.27021568296 3.39895056525 5.45339534813 1.07730214822 0.981680436965 7.08291799248 7.97615637107 15.2957599192 16.1511002445 2.41636225641 0.845885977064 0.809324979672 0.733231626352 23.4290279107 23.8595584658 24.1736187614 24.4141092592 24.9583626576 3.70380685033 4.10917974133 30.5145916907 635.100706487 1.94249935098 1.55624222437 0.651732033378 0.186177226611 0.141603817612 1.0332034218 1.14849116894 2.22797959835 0.133529069924 6.02960511197 0.806839437269 0.786363519505 0.129682154444 0.0914908807336 0.0841186222713 0.126148221598 0.0863203943302 11.2638928602 143.359609278
-9999.0 -9999.0 -9999.0 -9999.0 -9999.0 -9999.0 -9999.0 -9999.0 -9999.0 -9999.0 -9999.0 -9999.0 -9999.0 -9999.0 1.11396303358 2.18818678043 3.15745339829 4.14509667626 5.12475451202 6.12766635264 2.88073165164 4.75932481692 0.851740308311 0.838038460904 19.5909890317 21.2070835747 21.9666919334 22.7840220816 0.600450498967 1.05788119516 2.70752199273 3.01541478944 3.33887444095 0.447617717635 0.41172499765 636.254730876 0.403680305017 0.582675646262 0.303113577587 0.797281007913 0.361929646765 0.251054370606 3.5870974241 3.81326653425 0.151983203142 6.20994011791 7.12819422608 0.898404522056 148.275943465 148.047116222 147.853960746 147.374938779 147.128959478 143.931038161 143.745402484
-9999.0 -9999.0 -9999.0 -9999.0 -9999.0 -9999.0 -9999.0 -9999.0 -9999.0 -9999.0 -9999.0 -9999.0 -9999.0 -9999.0 0.241838126664 0.552274137563 0.963875387123 8.58446191486 9.58628008962 1.00989292245 0.961320436555 0.936298681758 16.179685165 17.9610755245 0.850360852139 0.849727468368 0.726844108147 2.9035343838 3.5980561444 1.78755606024 2.18962043154 16.6527134577 17.1301765075 18.1476245036 28.3055702411 664.822503989 0.427559610392 0.264156845365 1.25148335587 1.01627518663 0.192703334641 0.654048058283 0.858433190523 4.04308148554 4.24143543368 11.7690065701 7.21279664273 0.982499819483 151.828709693 1.74753201506 147.661283652 147.526356262 2.99792980074 0.148413816536 0.221794862748
-9999.0 -9999.0 -9999.0 -9999.0 -9999.0 -9999.0 -9999.0 -9999.0 -9999.0 -9999.0 -9999.0 -9999.0 -9999.0 -9999.0 1.25275818584 2.04939524562 4.29229311136 7.50701682513 10.4703317233 12.5287653791 13.4716422959 14.4263249414 15.3344400895 0.882763629216 0.80412975691 1.57037465044 1.46659814052 0.736865179284 14.5278465299 15.2075249939 15.8420132381 16.4351970679 8.71671593617 9.08004674525 9.68996480696 665.045196831 0.720456623896 0.772442500972 2.16262147373 0.200879392624 0.440027112703 0.235633552799 0.189471112885 1.0642397881 0.159601293208 0.169858457297 164.568743786 152.666529666 152.492782098 0.7169681306 1.61991808642 1.01795126647 0.21402300995 2.65732275799 0.687112777471
-9999.0 -9999.0 -9999.0 -9999.0 -9999.0 -9999.0 -9999.0 -9999.0 -9999.0 -9999.0 -9999.0 -9999.0 -9999.0 -9999.0 0.874603046501 0.810843366307 1.58108498295 2.41699654094 1.02329321045 1.00692250129 1.97780353553 2.92937306198 4.68718165325 5.56896411213 6.38014064212 8.77908697324 9.51570162388 10.275475466 0.661833153018 7.02559924722 7.58783117428 8.02070857381 0.281733995044 0.108604836107 0.235275448605 674.584338113 674.798538305 675.968787827 2.72880291077 0.40909625574 0.753134902485 0.231444827259 0.340310950104 1.22646771898 1.52429756436 0.309350855054 165.372963912 0.276957732061 0.412601533639 0.448705250613 0.361288524623 0.614211761726 0.254718527444 1.81191596939 1.33014832494
-9999.0 -9999.0 -9999.0 -9999.0 -9999.0 -9999.0 -9999.0 -9999.0 -9999.0 -9999.0 -9999.0 -9999.0 -9999.0 -9999.0 -9999.0 0.765307065627 1.51496203487 0.758624764794 1.56005829405 9.79723019384 10.7420599262 11.6818887596 0.889727501592 0.882202809254 1.69423474198 2.5011376062 3.9606685757 4.68222391622 5.05865019167 5.69510682838 0.553070002334 0.45207390424 8.5574100849 8.67560845348 8.86343427485 9.07519405815 7.45930617234 684.300287214 688.379782073 688.553986439 689.461661549 690.344000441 690.883258811 0.166722091854 1.66839799902 165.536446266 0.42133858169 0.216370178201 0.23872210718 0.212884634716 0.360871629989 0.312853906171 0.180535068543 0.266558344223 0.234298967208
-9999.0 -9999.0 -9999.0 -9999.0 -9999.0 -9999.0 -9999.0 -9999.0 -9999.0 -9999.0 -9999.0 -9999.0 -9999.0 -9999.0 -9999.0 -9999.0 2.25034842351 3.06963891028 5.4894848531 7.35508900557 1.00616522187 13.6728965441 14.5531026371 15.4183969767 0.835168891547 1.64521157356 0.736503157037 5.46299226106 5.81047711641 6.36874853647 6.93142424281 8.24349838641 8.37650717488 0.0946738805662 6.60908836515 7.03497092678 7.25517803122 8.11016580298 1.13881762673 0.739076656597 0.453294473366 0.422443368407 691.499296965 691.796417558 694.663774804 165.712157712 1.13091992676 0.553256534592 0.377819655512 0.11149953547 1.02165200558 0.519587025853 0.165214366021 0.891532013282 0.751846987496
-9999.0 -9999.0 -9999.0 -9999.0 -9999.0 -9999.0 -9999.0 -9999.0 -9999.0 -9999.0 -9999.0 -9999.0 -9999.0 -9999.0 -9999.0 -9999.0 0.827984849972 3.87802372442 4.73053411685 1.0659451152 0.951238266622 1.89691454755 2.76012511356 19.0500738218 0.826323108375 3.3200283235 4.07435045709 4.81277235679 0.370448489731 0.891764876784 1.13178454899 5.43278645457 5.90615413354 6.0909498497 0.212817559671 0.201288161728 0.231883923494 0.424576923882 0.179144012502 0.191459946905 0.349641735684 0.274491344032 0.30978959782 0.998790272299 694.969490081 861.441795925 1.48785872883 0.232790596195 0.132546286876 3.14190573583 2.89666524133 1.69899321539 1.51851513594 1.12430701641 0.26595134263
-9999.0 -9999.0 -9999.0 -9999.0 -9999.0 -9999.0 -9999.0 -9999.0 -9999.0 -9999.0 -9999.0 -9999.0 -9999.0 -9999.0 -9999.0 0.683693174297 2.27440824904 0.760608514952 1.10843295942 1.05586748017 2.03077528323 2.98104048149 3.88362212591 23.7238742931 24.529577779 0.824589266012 1.58677263901 2.35215961325 2.84864079514 3.37100259107 4.74274986264 5.2256757403 0.224714063731 0.284101478181 0.238758708403 0.310618542033 0.372164400473 0.364993027405 0.32621836003 0.365059765308 1.36143406243 0.596821868946 0.294569494294 0.284503651106 0.267121844595 0.500557850764 870.938460046 7.82506359717 3.79993138747 0.32413192474 0.141133392192 0.122591165652 0.426134934632 0.293118498314 0.147138099359
-9999.0 -9999.0 -9999.0 -9999.0 -9999.0 -9999.0 -9999.0 -9999.0 -9999.0 -9999.0 -9999.0 -9999.0 -9999.0 -9999.0 0.708753587184 1.38863804683 5.1090178855 0.750117910567 2.15128344397 3.18790462003 4.15473415592 0.983869978556 1.85979467638 2.75383692264 28.0291880684 0.790597226529 1.51934720763 2.24776289607 0.647787013418 1.27107607876 1.49225926267 1.93595935532 51.4012267551 52.0419462434 52.6551087721 55.6615573215 56.6228944255 58.9069255619 0.768463247717 1.56470691005 1.72098396243 66.3350159127 66.8850780042 0.264522674889 0.461739385286 0.652327747868 871.13952472 7.4430507664 3.1382363644 2.96644715196 2.58720233412 2.35138229798 0.567527437303 0.139508276898 0.261099030412
-9999.0 -9999.0 -9999.0 -9999.0 -9999.0 -9999.0 -9999.0 -9999.0 -9999.0 -9999.0 -9999.0 -9999.0 -9999.0 -9999.0 0.720332121633 2.19038531286 8.02098618159 11.8505593693 0.678401775987 15.7128706253 20.655858774 0.938825692833 1.80701068833 2.71354411249 35.7722673399 36.5483935922 0.70785249586 3.666893426 4.29926389781 4.79212683155 47.532103479 48.4833756354 49.1912819459 0.358967888266 2.08521050547 2.4896757086 1.13053088584 1.64085367696 61.2106181569 63.5187580853 63.9466392704 64.3543211813 67.4002429581 0.251389802987 0.223499164337 1.06520363392 871.392454455 0.322856951833 0.0642078287016 0.238486951022 0.110197122783 2.10328284704 1.86924177004 1.09895203312 0.782067709733
-9999.0 -9999.0 -9999.0 -9999.0 -9999.0 -9999.0 -9999.0 -9999.0 -9999.0 -9999.0 -9999.0 -9999.0 -9999.0 -9999.0 -9999.0 -9999.0 1.55027535812 3.13441870749 14.109478813 14.9258808482 21.3727426554 22.1720491658 0.910414953689 1.81869811039 4.36833769013 37.2754691675 38.7646425006 39.3939710762 0.516017607722 41.4998006298 42.4421341425 0.634660813286 0.359692053722 0.707628502457 1.3791540978 0.330126139052 0.674391512028 1.53320202291 1.9350842442 0.364050074031 0.257478947288 0.518551957747 69.2351815575 69.8347574136 70.0306532152 71.598603668 871.61995561 0.22642891937 0.0406997853075 0.0680912401038 0.0687378201052 0.0715098414826 0.0628146438539 0.11311882917 0.107261565121
-9999.0 -9999.0 -9999.0 -9999.0 -9999.0 -9999.0 -9999.0 -9999.0 -9999.0 -9999.0 -9999.0 -9999.0 -9999.0 -9999.0 -9999.0 -9999.0 0.81624027678 0.800176469208 0.798700800224 1.66273413467 0.73851128132 23.6326795005 24.3629965665 0.882240510577 1.72409398451 0.861693303249 0.730926995107 0.715220456483 40.5658360389 0.291051630242 0.578058841846 0.379902799517 0.382488615042 0.34258612884 0.277790057926 0.28739963851 0.875488104349 1.1940436223 0.242172203875 0.216022039328 0.463504815037 0.761064243711 0.954171979018 0.259385261491 70.3090211277 71.8087635477 871.785874602 0.504148272338 0.122028616464 0.031251029101 0.0919196397418 0.0242176089072 0.0177577046062 0.133983365701 0.538904554846
-9999.0 -9999.0 -9999.0 -9999.0 -9999.0 -9999.0 -9999.0 -9999.0 -9999.0 -9999.0 -9999.0 -9999.0 -9999.0 -9999.0 -9999.0 -9999.0 -9999.0 -9999.0 0.790171400323 2.39595600388 3.05976483773 3.77234745073 25.049770648 25.7248692998 26.4221271944 27.2598784607 27.9608723772 29.3943026974 29.7022354527 29.9649226157 30.2549741132 0.347169596294 0.327515345787 0.339851318698 1.20412511945 0.314232276166 0.301613261968 0.24648695966 0.720663261994 0.27672147829 0.2221244894 0.207431181242 0.176066765537 0.35143665263 0.510036096864 72.8814641349 945.355613735 0.149643964896 0.331108258707 0.0217277456186 0.11453258768 0.0532414386137 0.0358039452141 1.09309814745 0.877579779625
-9999.0 -9999.0 -9999.0 -9999.0 -9999.0 -9999.0 -9999.0 -9999.0 -9999.0 -9999.0 -9999.0 -9999.0 -9999.0 -9999.0 -9999.0 -9999.0 -9999.0 -9999.0 -9999.0 0.669745935518 5.25344304061 10.4718589079 11.2338371545 0.974050539017 1.85846357175 2.70346689348 3.4396561335 8.16352784475 8.52946064743 0.358003985409 0.346913981591 30.9874704756 31.6511747453 31.955207481 1.44919871296 0.228208046108 0.554740154233 0.813202395683 2.40784599981 2.93698819695 3.3673209569 0.397498547368 0.558985528849 0.190651144274 0.37907830454 0.193771785635 945.734141134 0.146637191575 0.604659514753 0.19701217494 0.417559129826 1.21434441363 1.32052584299 2.48431877055 0.937566521255
-9999.0 -9999.0 -9999.0 -9999.0 -9999.0 -9999.0 -9999.0 -9999.0 -9999.0 -9999.0 -9999.0 -9999.0 -9999.0 -9999.0 -9999.0 -9999.0 -9999.0 -9999.0 0.73869166964 2.34335876837 4.59552274101 6.01178513901 15.5895281352 16.4519562322 1.74604910539 2.59543282756 3.33324758763 4.06253153548 8.85553344687 9.5659079775 16.3922686066 16.889953936 17.2230598962 32.2658275996 34.5307515085 0.542428721209 0.345887787012 0.333053259539 0.642184364773 0.293284909826 3.92450775764 4.13233357917 0.747660940834 0.945573558911 0.237818787484 204.960908903 205.399951281 1151.41187002 1152.23919706 0.142998915894 0.710826477949 0.351513805879 0.273228002156 2.9769560698 4.05323266712
-9999.0 -9999.0 -9999.0 -9999.0 -9999.0 -9999.0 -9999.0 -9999.0 -9999.0 -9999.0 -9999.0 -9999.0 -9999.0 -9999.0 -9999.0 -9999.0 -9999.0 -9999.0 -9999.0 0.8346453175 0.813229358149 1.54694625519 3.68427422472 17.1390272954 0.891516293678 0.881916736972 1.64130218816 2.38876356432 5.54966038227 5.94953370577 0.260684983316 0.334691303576 17.6308486454 17.974301217 52.8128710834 53.0977620068 0.213430993795 0.19126578758 0.164044867521 0.165560054328 0.174507323544 201.129010199 202.402778206 203.531363972 203.951720227 204.759077067 0.224112186509 0.842348284867 1.0625603692 1153.71836158 1153.84587885 1153.95942792 1154.14953193 1154.31457255 4.31047959333
-9999.0 -9999.0 -9999.0 -9999.0 -9999.0 -9999.0 -9999.0 -9999.0 -9999.0 -9999.0 -9999.0 -9999.0 -9999.0 -9999.0 -9999.0 -9999.0 -9999.0 -9999.0 -9999.0 -9999.0 0.75335649319 0.78460949228 1.46287332432 20.0049387078 20.7643768977 0.87021309357 1.62333809539 2.38243253136 2.81146288441 0.356034064392 0.765206835115 45.3537591346 45.705481793 46.0059238744 48.4344744571 101.805226737 193.035942343 193.524905603 193.976407943 194.410152523 196.212145516 196.782221637 1.08449840103 0.496628522929 0.284918610455 0.540185930282 0.422861906383 0.661160648658 0.206348545416 4.83068305806 5.45242183239 5.91227436351 6.0201788758 1154.43655988 1158.95907928
-9999.0 -9999.0 -9999.0 -9999.0 -9999.0 -9999.0 -9999.0 -9999.0 -9999.0 -9999.0 -9999.0 -9999.0 -9999.0 -9999.0 -9999.0 -9999.0 -9999.0 -9999.0 -9999.0 -9999.0 -9999.0 0.769740065516 1.4780313201 2.18904393811 21.3600160358 0.811861305206 29.3088936832 30.0995368637 30.4625731151 30.8833383224 43.6970664897 44.1619701674 0.377391556968 1.82153802603 2.19814956009 0.37775060747 90.7383015968 90.049127974 0.235246248658 0.528625973779 1.41071401417 0.306856788399 0.325149410047 0.25651610392 0.224408752489 0.179570090946 0.206173811584 4.13907978791 4.35080585186 4.60377063107 0.415219012775 0.297291948794 6.1805863779 6.33654599416 6.41721017603
-9999.0 -9999.0 -9999.0 -9999.0 -9999.0 -9999.0 -9999.0 -9999.0 -9999.0 -9999.0 -9999.0 -9999.0 -9999.0 -9999.0 -9999.0 -9999.0 -9999.0 -9999.0 -9999.0 -9999.0 -9999.0 0.70773324169 0.665931710617 3.44996263461 26.2209083568 27.7338485365 28.5570649018 0.81633851678 12.0113645321 12.3166524768 12.466266441 0.421139649381 0.844703327008 1.22086512493 21.1171666707 21.4143112466 21.6782612926 89.5484216911 55.0303766789 0.289651815138 0.299422082487 0.288619086818 0.239789507795 2.4941421142 2.99267279266 3.43577132599 3.68066743601 3.91771622319 24.0932177498 24.282073281 24.4764887638 24.9099300117 27.2236912964 27.3321654931 33.8631429596
-9999.0 -9999.0 -9999.0 -9999.0 -9999.0 -9999.0 -9999.0 -9999.0 -9999.0 -9999.0 -9999.0 -9999.0 -9999.0 -9999.0 -9999.0 -9999.0 -9999.0 -9999.0 -9999.0 -9999.0 -9999.0 -9999.0 1.38891164219 2.1194252559 0.783250783095 0.897305435661 9.24929601661 10.1015527055 10.7062066471 4.48003695685 4.77179092014 5.11949638359 5.51232615591 20.4550007293 20.843245101 11.9223714434 33.9326845374 34.2477810502 54.7821493981 0.619593975148 0.312926092853 0.236731400365 1.72417756756 2.02005457743 0.197912003746 0.18573543742 23.2356768418 23.6923215579 23.9234252092 0.211799396498 0.309074915545 26.8216719289 0.226331438022 0.931829387046 1.02256706952
-9999.0 -9999.0 -9999.0 -9999.0 -9999.0 -9999.0 -9999.0 -9999.0 -9999.0 -9999.0 -9999.0 -9999.0 -9999.0 -9999.0 -9999.0 -9999.0 -9999.0 -9999.0 -9999.0 -9999.0 -9999.0 -9999.0 0.697301941951 1.38176610166 5.85888424475 6.65604061149 7.53292869784 3.49804939311 4.17811495438 0.31964316231 13.9603701173 14.2513401238 14.5598637307 0.359360837667 11.1910021301 11.5891953687 0.31923819964 53.1817110196 0.674307207786 0.333506797116 0.924688616099 1.2385154841 0.253613815913 0.213356798067 20.9437248227 22.8125862503 23.0808630891 0.266336303087 0.621284048292 0.779515654099 0.944948848425 1.77404842592 0.341380568637 0.76897169861 0.142864490049
