data/baseflow/History/mHMbfrc407
ncols                  80
nrows                 72
xllcorner      4374000.0
yllcorner      5656000.0
cellsize            500
NODATA_value       -9999
[rows 24 to 47 of 72, columns 0 to 53 of 80]
-9999.0 -9999.0 -9999.0 -9999.0 -9999.0 -9999.0 -9999.0 -9999.0 -9999.0 -9999.0 -9999.0 -9999.0 0.865758186435 2.31565769471 2.99081410648 5.0141453062 0.543876807114 1.12216950722 1.65685135024 6.69847598891 7.16358149618 7.66374667603 8.05475908736 8.49889798291 13.0526370632 14.3027483453 15.050025525 0.348800408531 1.71707498163 2.08214015142 28.9755443724 30.3196968111 30.9831902438 31.6730238961 32.1093392995 118.645183189 0.283385882483 237.0408532 0.320519682267 0.177624143608 1.74499595619 1.49378202382 0.232247796262 0.796269781971 1.20397381115 1.17392058237 0.822342578772 1.35164874605 2.13700827307 0.807318803551 2.02671967966 0.186312679583 0.351201249346 0.0749845234273
-9999.0 -9999.0 -9999.0 -9999.0 -9999.0 -9999.0 -9999.0 -9999.0 -9999.0 -9999.0 -9999.0 -9999.0 0.782704960586 1.54432111237 0.695371568413 1.37808821908 0.57385491924 4.56953125455 5.63529190799 6.18672201271 0.500452943886 0.981942738765 9.96440325807 12.2728838028 12.6857649185 0.852993319906 0.765643996348 1.10959737016 0.30941351555 0.274885945011 0.509636650707 0.181825826479 17.0567992033 17.2438271287 17.3488563478 118.912514986 238.432945916 237.152056503 0.29784823571 0.166079914972 0.152633508698 0.558002004416 0.429128803381 1.04132186022 1.43622105278 2.87537007859 0.264009711057 0.262774322364 2.35868870818 2.58866910177 5.02311614503 5.14739966944 5.57996870691 5.72337850022
-9999.0 -9999.0 -9999.0 -9999.0 -9999.0 -9999.0 -9999.0 -9999.0 -9999.0 -9999.0 -9999.0 -9999.0 -9999.0 0.726438819133 1.44330731126 2.16792413707 3.37911006436 0.619671684516 0.547432860696 4.29630129857 4.79631962907 9.01894938205 9.54392346704 1.48073218739 0.450489381933 0.400563440312 0.370401624224 15.6745200347 15.9300315713 16.2257691846 16.4755766742 16.87362873 2.27797578012 2.42237304137 19.8854154708 377.333404759 1.00450193846 0.791519920273 0.435903186468 0.11758532949 0.114913364712 0.849587872792 0.947620810895 1.26632174925 0.112427194601 3.01107090302 0.441642564931 0.436355376885 0.100544764285 0.0731547810839 0.0678172319239 0.0592815207796 0.0680541055684 5.8283354654
-9999.0 -9999.0 -9999.0 -9999.0 -9999.0 -9999.0 -9999.0 -9999.0 -9999.0 -9999.0 -9999.0 -9999.0 -9999.0 -9999.0 0.6749377283 1.36039219514 2.02012405711 2.68415879098 3.21575335711 3.76902724069 1.6104479892 2.71242289489 0.518413845945 0.47835130937 13.6564910111 14.5495343015 14.94629935 15.3670698174 0.305277084281 0.547282104412 1.50718011989 1.81739110553 2.07996220269 0.170500611421 0.198187995283 377.93942793 0.221764206621 0.244375723702 0.119164486199 0.501962624488 0.249566458367 0.106793258849 2.31979104263 2.44057128829 0.0706110979374 3.09394090479 3.61351347041 0.539838070622 79.5348247615 79.37659917 79.2333644618 78.9926233023 78.8906130231 77.0269156569
-9999.0 -9999.0 -9999.0 -9999.0 -9999.0 -9999.0 -9999.0 -9999.0 -9999.0 -9999.0 -9999.0 -9999.0 -9999.0 -9999.0 0.22019118658 0.483780760678 0.672070927821 7.14812571464 7.69656300329 0.559766735958 0.543474742727 0.551655574192 11.7188037426 12.7676809303 0.50017845332 0.503098057273 0.377417267338 1.60669214859 2.00089168974 0.943770579184 1.25571236829 9.62073146052 9.89661071768 10.3434784896 16.3307407518 394.396715945 0.225237023921 0.096781674037 0.754125971153 0.630906441494 0.0982099125342 0.305858362377 0.398425593415 2.54273834663 2.6341463797 6.47185665951 3.695245054 0.650931340175 81.2242392035 0.672502105166 79.1084941825 79.0541580313 1.7407084243 0.124480276847
-9999.0 -9999.0 -9999.0 -9999.0 -9999.0 -9999.0 -9999.0 -9999.0 -9999.0 -9999.0 -9999.0 -9999.0 -9999.0 -9999.0 1.1045718615 1.82396585104 3.65769559005 6.53826493528 8.3915728142 9.62732988807 10.153011879 10.7086657123 11.2426672475 0.512363969972 0.44570902568 0.872066621352 0.792608346439 0.432619379164 8.33744379363 8.71869164098 9.0629205501 9.39348742167 5.19862943007 5.39317378311 5.70507204247 394.495758451 0.41435418718 0.241437737548 1.09603145024 0.12655524623 0.235997694842 0.138644598324 0.0857137624954 0.506790038936 0.0751695285984 0.0786232645472 88.0476395473 81.5271300827 81.4607199799 0.257715854126 0.602752998585 0.362035800789 0.0689766745414 1.47475358577
-9999.0 -9999.0 -9999.0 -9999.0 -9999.0 -9999.0 -9999.0 -9999.0 -9999.0 -9999.0 -9999.0 -9999.0 -9999.0 -9999.0 0.765587925785 0.743441649059 1.46516775662 2.18445334718 0.636642893618 0.677846250145 1.25525773299 1.82032860447 2.88592279095 3.40258800622 3.82067970265 5.13857584783 5.52400194125 5.97544099698 0.386309014162 3.96835492999 4.28818786301 4.61867930747 0.318158227011 0.299093059621 0.438506999357 400.759988994 400.848108498 401.459858301 1.43998271795 0.251005941871 0.341322456768 0.0768618241195 0.153055498141 0.582696713883 0.72060105219 0.142804586672 88.3945931338 0.127990102448 0.138845369815 0.141980755307 0.142768051874 0.222172111252 0.0976493008136 1.0036940233
-9999.0 -9999.0 -9999.0 -9999.0 -9999.0 -9999.0 -9999.0 -9999.0 -9999.0 -9999.0 -9999.0 -9999.0 -9999.0 -9999.0 -9999.0 0.725078628065 1.42317677096 0.661021081167 1.34136990729 8.2621151416 8.79578806107 9.32711635721 0.52458987429 0.524668591326 0.942534248937 1.39287313471 2.13583457766 2.53791683933 2.84290239019 3.20942698266 0.296906896023 0.276634054641 5.17843506934 5.47878286327 5.59922795578 5.72668059597 5.02474163263 406.982709673 409.107539392 409.15925758 409.541260089 409.880139795 410.067965132 0.0712553073314 0.785283605409 88.4502350396 0.154023121864 0.0783002597444 0.137160151724 0.136244505762 0.218526681116 0.139468757328 0.0786595826459 0.110732343561
-9999.0 -9999.0 -9999.0 -9999.0 -9999.0 -9999.0 -9999.0 -9999.0 -9999.0 -9999.0 -9999.0 -9999.0 -9999.0 -9999.0 -9999.0 -9999.0 2.11509970738 2.80811187659 4.87160724361 6.25240021048 0.677550315901 10.6119597813 11.1175537468 11.5822180987 0.434006117541 0.851891987462 0.357517786013 2.825348259 3.10582807429 3.46846635255 3.78535439463 4.65175323435 4.90372084625 0.146202172889 4.49592062049 4.76103970483 4.90427301464 5.434785037 0.610574394294 0.355506202978 0.191793607916 0.186734014934 410.237187325 410.291555346 411.558044558 88.5120765002 0.492636442074 0.269693545434 0.198115314433 0.050091483566 0.505166335297 0.224936712636 0.0701910207315 0.36615785071
-9999.0 -9999.0 -9999.0 -9999.0 -9999.0 -9999.0 -9999.0 -9999.0 -9999.0 -9999.0 -9999.0 -9999.0 -9999.0 -9999.0 -9999.0 -9999.0 0.735284233621 3.51372558129 4.22279689347 0.690271401216 0.561459337775 1.16241101723 1.69892855918 13.7463135775 0.427649396851 1.72973478061 2.09982170785 2.46818095157 0.283890700683 0.627267936222 0.895696649939 3.46445636388 3.95044521114 4.08686366922 0.136024945074 0.122567105823 0.142513406276 0.262893754973 0.113005074396 0.119189283393 0.151279936659 0.152068672931 0.15130291215 0.447951086452 411.614790585 500.341899875 0.592187083942 0.110692157183 0.0573573810282 1.40769242297 1.29888402814 0.715234687363 0.63256086615 0.460147420372
-9999.0 -9999.0 -9999.0 -9999.0 -9999.0 -9999.0 -9999.0 -9999.0 -9999.0 -9999.0 -9999.0 -9999.0 -9999.0 -9999.0 -9999.0 0.668832340279 2.08008519629 0.679165250944 0.629536948221 0.602242994189 1.16550511087 1.72438952114 2.2313444167 16.5735040573 16.9748397311 0.416976800371 0.78355115649 1.15532357754 1.48982347811 1.81439206496 3.02441444013 3.3068451535 0.303574908216 0.192947535498 0.166592841901 0.143163756506 0.151437255694 0.166141753348 0.149965683421 0.221579218591 0.612763259404 0.311850788805 0.17142300101 0.173793513554 0.0983617272822 0.181903714171 506.848021916 5.88162912268 1.87490606165 0.315099849372 0.162753433296 0.0926459929232 0.240267948226 0.137162380992
-9999.0 -9999.0 -9999.0 -9999.0 -9999.0 -9999.0 -9999.0 -9999.0 -9999.0 -9999.0 -9999.0 -9999.0 -9999.0 -9999.0 0.710800967217 1.35790681821 4.79641778497 0.678661282292 1.30599935621 1.88537187786 2.41680265765 0.554893703363 1.01899193432 1.5673624059 19.0941027452 0.389095348667 0.729574274634 1.09097965645 0.347734608479 0.685538914237 0.978285850311 1.20936430091 31.7788923505 32.1159343106 32.4104774273 33.5609783863 34.0203193012 34.8763953652 0.23028986461 0.55537697445 0.722865933303 37.493707597 37.7570095237 0.161469348579 0.232505451667 0.303991961574 506.952230202 5.67336113057 3.38250265692 3.18948902578 2.21890519334 1.75374675205 0.314661456464 0.0901791067297
-9999.0 -9999.0 -9999.0 -9999.0 -9999.0 -9999.0 -9999.0 -9999.0 -9999.0 -9999.0 -9999.0 -9999.0 -9999.0 -9999.0 0.709528803922 2.15634042809 7.65755957562 11.3823354881 0.637575951987 14.9235345742 17.9724801631 0.506865548542 0.960679707381 1.46775830103 23.3867264636 23.8474633215 0.290013927965 1.68519499134 1.96885752725 2.24177811424 29.4229114911 30.0741634309 30.3999141838 0.15587768348 0.854366065164 1.00880231429 0.397730957146 0.543564123886 35.675448017 36.4723642487 36.5852978898 36.692757346 37.9062335952 0.0753199342581 0.068728169182 0.443961183886 507.048262947 0.202919855523 0.263268862001 0.80154934229 0.308007944294 1.50827690273 1.17027496866 0.707441843916
-9999.0 -9999.0 -9999.0 -9999.0 -9999.0 -9999.0 -9999.0 -9999.0 -9999.0 -9999.0 -9999.0 -9999.0 -9999.0 -9999.0 -9999.0 -9999.0 1.5047615112 3.04010663658 13.5255368075 14.2689543512 18.6406949063 19.291972323 0.490302389446 0.979873345984 2.26885804933 24.4144427527 25.0781192973 25.3296500424 0.204089784965 26.2164821994 26.9143126537 0.416684366745 0.158179226063 0.292514516034 0.572175180362 0.13965230256 0.268686952557 0.570934781444 0.699265190951 0.139471902496 0.0985410993076 0.19196622828 38.6332681986 38.8553900153 38.9136647998 39.5165580229 507.121379752 0.186800636509 0.182346954402 0.226726227014 0.219826632029 0.225904951093 0.194915385564 0.363055177561
-9999.0 -9999.0 -9999.0 -9999.0 -9999.0 -9999.0 -9999.0 -9999.0 -9999.0 -9999.0 -9999.0 -9999.0 -9999.0 -9999.0 -9999.0 -9999.0 0.787115808546 0.774992862021 0.757094846257 1.47118873183 0.659122324063 20.603631765 21.2045475266 0.455198741001 0.879554976482 0.394725695825 0.310114787679 0.298566673468 25.8296389957 0.246076427969 0.511776355737 0.194546607628 0.153494917003 0.140685444348 0.107854718599 0.112216525755 0.338766617315 0.463936716723 0.0924679732513 0.0869487727755 0.185786922936 0.30699684588 0.42038321644 0.1229718951 38.9972239292 39.5777178547 507.178485723 0.777759451089 0.390658945774 0.126756986845 0.319069566044 0.102225461055 0.0755577880362 0.447730810556
-9999.0 -9999.0 -9999.0 -9999.0 -9999.0 -9999.0 -9999.0 -9999.0 -9999.0 -9999.0 -9999.0 -9999.0 -9999.0 -9999.0 -9999.0 -9999.0 -9999.0 -9999.0 0.765859094124 2.18196704932 2.82126708642 3.46776437844 21.8279772323 22.4321651737 23.0139212499 23.5337700735 23.8214201276 24.4264375517 24.6315134204 24.8675735418 25.0181955068 0.136393545495 0.124195073497 0.132913504503 0.471344720238 0.125205875537 0.116842009529 0.0925161968184 0.270711923657 0.112780494611 0.0881260904486 0.0820538660529 0.0734530997268 0.146594435291 0.207875833385 39.9832897782 547.973691099 0.198738076923 0.342206143041 0.097708411132 0.425668069123 0.215006825465 0.151960364193 1.27834000427
-9999.0 -9999.0 -9999.0 -9999.0 -9999.0 -9999.0 -9999.0 -9999.0 -9999.0 -9999.0 -9999.0 -9999.0 -9999.0 -9999.0 -9999.0 -9999.0 -9999.0 -9999.0 -9999.0 0.668536302541 5.10010497109 9.96475498 10.618930217 0.622552367209 1.07398025553 1.50137487425 1.83413557757 4.14289511767 4.28737623501 0.140704488886 0.132556099452 25.2938954323 25.5323321262 25.6408822903 0.556922028012 0.0813026202507 0.193623462437 0.283972439857 0.853091685358 1.05834693966 1.22334700818 0.151977188089 0.210094261696 0.069407969258 0.137093936832 0.0702837111814 548.031177553 0.166502729904 0.669889891507 0.230477629547 0.691081008126 1.5315738889 1.75760021338 3.1172442655
-9999.0 -9999.0 -9999.0 -9999.0 -9999.0 -9999.0 -9999.0 -9999.0 -9999.0 -9999.0 -9999.0 -9999.0 -9999.0 -9999.0 -9999.0 -9999.0 -9999.0 -9999.0 0.719982467045 2.26272990925 4.44663005521 5.83333427449 14.8036678272 15.4399631514 0.896028503178 1.33892708077 1.705521282 2.03376753516 4.45929005342 4.74761436304 8.48478592529 8.83022931131 8.95821425959 25.7513012512 26.5939557055 0.191335588092 0.121274735882 0.115283046092 0.218865121744 0.101534097413 1.42354603547 1.5002018602 0.275474504585 0.367103875056 0.078701150451 127.164973148 127.29678115 675.335159934 676.128285783 0.178856860246 1.07067129963 0.205385152429 0.14660665042 3.3145190426
-9999.0 -9999.0 -9999.0 -9999.0 -9999.0 -9999.0 -9999.0 -9999.0 -9999.0 -9999.0 -9999.0 -9999.0 -9999.0 -9999.0 -9999.0 -9999.0 -9999.0 -9999.0 -9999.0 0.796480239526 0.772752704509 1.48129828598 3.53835282179 16.079200859 0.462708922956 0.456099216247 0.803809576122 1.17740093823 2.91553806015 3.16773098282 0.275430709721 0.227993699815 9.11111560674 9.22615941536 35.9373689558 36.0440527367 0.0691234185962 0.0625076995649 0.0523944930777 0.0528315246835 0.0546354526719 125.752515033 126.187406524 126.641323888 126.802690486 127.091627415 0.0770585681687 0.282345404994 0.340759505355 676.578345692 676.605108995 676.649352491 676.645449095 676.629616894
-9999.0 -9999.0 -9999.0 -9999.0 -9999.0 -9999.0 -9999.0 -9999.0 -9999.0 -9999.0 -9999.0 -9999.0 -9999.0 -9999.0 -9999.0 -9999.0 -9999.0 -9999.0 -9999.0 -9999.0 0.725313685851 0.750323056761 1.40501994043 18.8177748656 19.4216126218 0.445536316686 0.792570780547 1.1755884419 1.51969247371 0.31653508638 0.528521084117 37.59724493 37.7203211166 37.8858149306 38.9656499374 75.1449926132 123.055327604 123.206716746 123.340525582 123.469039076 124.018760999 124.191339217 0.363712897493 0.166448913393 0.100649786241 0.189455807804 0.140022167721 0.222507699546 0.0696097075049 1.49139705944 1.77150816098 2.05117485314 2.08364284671 676.593666805
-9999.0 -9999.0 -9999.0 -9999.0 -9999.0 -9999.0 -9999.0 -9999.0 -9999.0 -9999.0 -9999.0 -9999.0 -9999.0 -9999.0 -9999.0 -9999.0 -9999.0 -9999.0 -9999.0 -9999.0 -9999.0 0.73390161068 1.40973699534 2.08727880521 19.9857899282 0.468829869439 26.4660291029 26.8605652438 27.1819477433 27.4243066576 36.6350261318 36.8643707737 0.136480244893 0.786311095002 0.939475086526 0.129291158877 47.7608402872 47.5349376798 0.0681162516971 0.160317713249 0.437516061506 0.0976040678333 0.106634846835 0.0838263975093 0.0718920601183 0.0557731329226 0.0657378817485 1.27752817286 1.34573925485 1.42795461729 0.204118150044 0.18854655639 2.21712522428 2.27662304937
-9999.0 -9999.0 -9999.0 -9999.0 -9999.0 -9999.0 -9999.0 -9999.0 -9999.0 -9999.0 -9999.0 -9999.0 -9999.0 -9999.0 -9999.0 -9999.0 -9999.0 -9999.0 -9999.0 -9999.0 -9999.0 0.682523200815 0.642208675309 3.29909220081 24.5434378933 25.626027766 26.1216429115 0.358785403346 8.40791146161 8.7672971177 8.98114221841 0.220820388484 0.366139933717 0.494293644956 11.1651649243 11.2645104806 11.3476045513 47.3927345169 29.3663980231 0.0875199393417 0.0947157108078 0.0902125792265 0.0718619809268 0.74482042796 0.907400097132 1.04972241979 1.12961304689 1.20650882467 9.76548442599 9.81930108805 9.89629288684 10.0846004189 10.7797372922 10.8076597968
-9999.0 -9999.0 -9999.0 -9999.0 -9999.0 -9999.0 -9999.0 -9999.0 -9999.0 -9999.0 -9999.0 -9999.0 -9999.0 -9999.0 -9999.0 -9999.0 -9999.0 -9999.0 -9999.0 -9999.0 -9999.0 -9999.0 1.33136137542 2.01687535038 0.653718260575 0.456513423812 7.19805164164 7.57002890167 7.8032493327 2.26378858461 2.50591742116 2.73383656435 2.86811687039 10.941037275 11.0779431593 6.41222119641 17.8594002025 17.9516294337 29.2994823515 0.185741252705 0.0957668968868 0.0676385740195 0.512302082815 0.600553980734 0.0567995748339 0.0536192710135 9.51596453166 9.65058339317 9.71652701189 0.0915701742106 0.13517800236 10.6735305679 0.0626138752952 0.210724104115
-9999.0 -9999.0 -9999.0 -9999.0 -9999.0 -9999.0 -9999.0 -9999.0 -9999.0 -9999.0 -9999.0 -9999.0 -9999.0 -9999.0 -9999.0 -9999.0 -9999.0 -9999.0 -9999.0 -9999.0 -9999.0 -9999.0 0.66293172353 1.31286948797 5.28296807623 5.9120261459 6.36215552229 1.7333553348 2.01049360972 0.274771454086 7.52885692659 7.75430220007 7.9386826484 0.143549998264 6.15778025835 6.30082315356 0.102727514391 28.8204981444 0.209330238782 0.105997361258 0.277723537795 0.373779366888 0.0726262583895 0.0590506940424 8.86075051772 9.39782624591 9.475683208 0.0827290020428 0.177170430459 0.225777673303 0.2745429733 0.533566693035 0.0778638775908 0.171994324501
