data/baseflow/History/mHMbfrc473
ncols                  80
nrows                 72
xllcorner      4374000.0
yllcorner      5656000.0
cellsize            500
NODATA_value       -9999
[rows 0 to 23 of 72, columns 0 to 54 of 80]
-9999.0 -9999.0 -9999.0 -9999.0 -9999.0 -9999.0 -9999.0 -9999.0 -9999.0 -9999.0 -9999.0 -9999.0 1.31162853297 1.01461205351 -9999.0 -9999.0 -9999.0 -9999.0 -9999.0 -9999.0 -9999.0 -9999.0 -9999.0 -9999.0 -9999.0 -9999.0 -9999.0 -9999.0 -9999.0 -9999.0 -9999.0 -9999.0 -9999.0 -9999.0 -9999.0 -9999.0 -9999.0 -9999.0 -9999.0 -9999.0 -9999.0 -9999.0 -9999.0 -9999.0 -9999.0 -9999.0 -9999.0 -9999.0 -9999.0 -9999.0 -9999.0 -9999.0 -9999.0 -9999.0 -9999.0
-9999.0 -9999.0 -9999.0 -9999.0 -9999.0 -9999.0 -9999.0 -9999.0 -9999.0 -9999.0 -9999.0 -9999.0 2.64213275571 5.70363914889 0.892733518064 -9999.0 0.672942965815 -9999.0 -9999.0 -9999.0 -9999.0 -9999.0 -9999.0 -9999.0 -9999.0 -9999.0 -9999.0 -9999.0 -9999.0 -9999.0 -9999.0 -9999.0 -9999.0 -9999.0 -9999.0 -9999.0 -9999.0 -9999.0 -9999.0 -9999.0 -9999.0 -9999.0 -9999.0 -9999.0 -9999.0 -9999.0 -9999.0 -9999.0 -9999.0 -9999.0 -9999.0 -9999.0 -9999.0 -9999.0 -9999.0
-9999.0 -9999.0 -9999.0 -9999.0 -9999.0 -9999.0 -9999.0 -9999.0 -9999.0 -9999.0 1.29521963635 1.25443734886 1.29827816674 1.25060547338 8.09707128833 9.09488702 1.90453016493 0.604837034984 -9999.0 -9999.0 -9999.0 -9999.0 -9999.0 -9999.0 -9999.0 -9999.0 -9999.0 -9999.0 -9999.0 -9999.0 -9999.0 -9999.0 -9999.0 -9999.0 -9999.0 -9999.0 -9999.0 -9999.0 -9999.0 -9999.0 -9999.0 -9999.0 -9999.0 -9999.0 -9999.0 -9999.0 -9999.0 -9999.0 -9999.0 -9999.0 -9999.0 -9999.0 -9999.0 -9999.0 -9999.0
-9999.0 -9999.0 -9999.0 -9999.0 -9999.0 -9999.0 -9999.0 -9999.0 -9999.0 1.2639770646 2.54670580832 5.0443300949 2.50158841011 1.21647933527 2.39189684968 10.2669163449 13.7664062297 0.741331738144 -9999.0 1.27546661358 -9999.0 -9999.0 -9999.0 -9999.0 1.3290968771 0.662702737979 -9999.0 -9999.0 -9999.0 -9999.0 -9999.0 -9999.0 -9999.0 -9999.0 -9999.0 -9999.0 -9999.0 -9999.0 -9999.0 -9999.0 -9999.0 -9999.0 -9999.0 -9999.0 -9999.0 -9999.0 -9999.0 -9999.0 -9999.0 -9999.0 -9999.0 -9999.0 -9999.0 -9999.0 -9999.0
-9999.0 -9999.0 -9999.0 -9999.0 -9999.0 -9999.0 -9999.0 -9999.0 1.3754915364 3.94665226088 5.16293935787 6.38605976135 8.72303026646 1.15396037022 4.65118845484 5.79702357403 21.6467254723 1.14109487967 1.16916573657 2.42941898802 3.54989572593 1.1614544708 -9999.0 3.70222509093 3.02024438223 0.891880491802 -9999.0 -9999.0 -9999.0 -9999.0 -9999.0 -9999.0 -9999.0 -9999.0 -9999.0 -9999.0 -9999.0 -9999.0 -9999.0 -9999.0 -9999.0 -9999.0 -9999.0 -9999.0 -9999.0 -9999.0 -9999.0 -9999.0 -9999.0 -9999.0 -9999.0 -9999.0 -9999.0 -9999.0 -9999.0
-9999.0 -9999.0 -9999.0 -9999.0 -9999.0 -9999.0 1.39853501663 1.27769344394 1.25256630678 1.26535221502 1.27125127295 8.93266176767 18.8697824686 20.0748359267 21.0975338965 0.967171001249 23.7331447325 24.8424647151 2.24730621241 1.11887930386 4.64647349252 8.06297648299 1.16052376027 7.23584125554 1.25028371731 1.25261868434 1.29864567425 -9999.0 -9999.0 -9999.0 -9999.0 -9999.0 -9999.0 -9999.0 -9999.0 -9999.0 -9999.0 -9999.0 -9999.0 -9999.0 -9999.0 -9999.0 -9999.0 -9999.0 -9999.0 -9999.0 -9999.0 -9999.0 -9999.0 -9999.0 -9999.0 -9999.0 -9999.0 -9999.0 -9999.0
-9999.0 -9999.0 -9999.0 -9999.0 -9999.0 -9999.0 2.78328909553 4.09219186722 9.20724963343 12.9131791075 1.16690937481 1.19000984463 1.15021062514 3.37256910743 25.5423348614 0.988002670107 25.9181948857 29.9643455872 3.20791889159 2.16856118908 9.1221456404 1.12939138997 8.35948786085 2.32340793288 1.19383725406 2.43666849683 2.55489963238 1.25270892861 1.23935763025 1.22447009343 1.26935278526 2.55359933454 -9999.0 -9999.0 -9999.0 -9999.0 -9999.0 -9999.0 -9999.0 -9999.0 -9999.0 -9999.0 -9999.0 -9999.0 -9999.0 -9999.0 -9999.0 -9999.0 -9999.0 -9999.0 -9999.0 -9999.0 -9999.0 -9999.0 -9999.0
-9999.0 -9999.0 -9999.0 -9999.0 -9999.0 1.43666787218 2.80495102407 1.34747163118 2.63376696123 14.2132459663 16.6367665512 19.0334029814 59.3836561565 1.09403178374 26.6743559435 94.407337618 95.1681772822 126.399051216 0.799261278493 3.20811160553 10.1925856682 1.06525058965 21.3510784757 11.8981634744 7.34903250275 6.18426909183 1.23652845266 3.71773271315 3.62326906104 2.42335022047 1.19500201877 3.78625233516 1.20846441328 1.20354980161 -9999.0 -9999.0 -9999.0 -9999.0 -9999.0 -9999.0 -9999.0 -9999.0 -9999.0 -9999.0 -9999.0 -9999.0 -9999.0 -9999.0 -9999.0 -9999.0 -9999.0 -9999.0 -9999.0 -9999.0 -9999.0
-9999.0 -9999.0 -9999.0 -9999.0 -9999.0 1.43550744463 4.1898052259 8.35061191985 9.63594641471 19.0292694399 20.2608284826 24.0767179805 39.2330726258 62.4061308714 64.6594423362 65.7074474629 1.98880286369 129.873709004 131.582662614 136.829994403 172.729646054 24.6178851487 22.475308844 8.47212021798 1.11021091787 7.22248662418 4.90605700554 1.17474619828 4.74648421572 1.05520552871 2.1655615064 6.05099839928 7.21662146165 2.36781846984 1.17385479605 1.1733730899 -9999.0 -9999.0 -9999.0 -9999.0 0.772842131914 0.646554426283 -9999.0 -9999.0 -9999.0 -9999.0 -9999.0 -9999.0 -9999.0 -9999.0 -9999.0 -9999.0 -9999.0 -9999.0 -9999.0
-9999.0 -9999.0 -9999.0 -9999.0 -9999.0 1.40723548797 1.34875681409 5.50648885844 6.80179349661 8.13205449376 1.29111694826 2.565991339 14.313317089 2.44695921498 1.23424163248 1.17604398292 1.0789400628 1.1303129738 1.08507843676 1.15875132893 173.845574669 177.07801861 1.06609024004 3.27392056231 2.21547602027 8.32395905319 2.32987153355 1.14741172612 5.91791005051 2.06010902484 4.92420338584 12.8501199716 11.8947930818 3.53317076807 3.5521233147 1.1747352425 1.18470295067 -9999.0 -9999.0 1.19229755339 1.80630244937 3.80594353144 0.682471577503 -9999.0 -9999.0 -9999.0 -9999.0 -9999.0 -9999.0 -9999.0 -9999.0 -9999.0 -9999.0 -9999.0 -9999.0
-9999.0 -9999.0 -9999.0 -9999.0 -9999.0 -9999.0 1.417319463 1.41026682338 2.7473100096 4.08225229961 9.26325491364 11.8621587714 13.1141860347 1.23091017063 1.13857704954 14.6884962647 18.1728677859 19.3015675015 23.9041512041 25.0104195416 1.10942810711 178.175816872 183.50442714 4.24910944471 0.752365998554 9.31981763424 20.9476393115 8.20665839848 2.18506199972 1.07063726712 19.8726791328 13.938819925 1.10144787801 1.10300231211 4.67011780423 3.48212405153 1.15519648647 1.2115105835 1.15915085732 2.33008311758 1.14612407362 4.64756163452 5.80688162391 1.16672209286 -9999.0 -9999.0 -9999.0 -9999.0 1.29630557921 1.25871913799 0.328907639901 -9999.0 -9999.0 -9999.0 -9999.0
-9999.0 -9999.0 -9999.0 -9999.0 -9999.0 -9999.0 -9999.0 1.41385007771 1.24898891741 2.58969017112 3.91584961704 1.31350237279 1.16942933084 7.47008026748 9.9346315053 12.41748697 1.18498373262 2.33883860622 1.1557403713 26.1094088668 57.8436503606 58.6056789698 244.177247395 1.08816121782 2.28888758068 0.727592596925 22.0374905396 1.08736111225 3.27344858243 1.06666875078 20.9648291383 22.0469473213 2.19655657945 2.17455040344 11.5648436398 5.77233257524 2.35960651087 1.18397532888 2.32485738889 3.47625256988 5.75561206037 1.14994126322 8.21592342484 9.47478217261 1.21695991233 1.25600889136 1.28152401827 1.24220745888 1.21651018747 3.7485188349 1.42323153617 0.93777876194 -9999.0 -9999.0 -9999.0
-9999.0 -9999.0 -9999.0 -9999.0 -9999.0 -9999.0 -9999.0 -9999.0 2.56538242287 3.76730538806 1.30000787199 2.62118033415 3.88211352031 6.35845695532 1.28133982623 1.25400862113 1.14471279209 1.16641781354 1.11337241162 29.490522351 1.16840582902 2.30679569196 247.412849785 250.386549048 1.75871174022 5.70089651841 28.8696165763 2.12892178952 4.28902751295 2.09748059286 3.10526133828 26.3114677197 3.23270152889 16.9080470948 13.6896389177 1.04527460774 5.73780762714 2.29204879918 3.43054354439 1.1061102339 6.91790719666 9.28118837641 10.4764518241 11.6461658933 14.2230368797 2.38329083949 2.44135321051 2.37264679758 2.3184394008 4.86300618041 1.07988355969 3.45405998383 4.48226863539 -9999.0 -9999.0
-9999.0 -9999.0 -9999.0 -9999.0 -9999.0 -9999.0 -9999.0 -9999.0 1.35893598019 6.4551605991 7.73284199943 1.28231634542 2.53451314565 1.25307460689 1.20974810623 1.1856887328 14.6492812497 19.6955168195 24.2987017979 28.6964810509 1.14111418821 1.1524808729 1.41658696328 256.08688487 259.336862626 261.058694176 39.2211928887 8.67447056721 7.51259284049 1.07422041033 4.1706337829 31.5159213981 1.07490481624 17.960583866 1.05873660725 7.29873631305 6.85087046297 1.09656181188 4.52233578723 2.19597889687 3.28285804438 1.1835162134 1.16678006308 12.8098717173 13.9417210488 15.351732793 3.59790370885 3.50934865053 3.4448954555 5.95073133482 8.10592172421 1.0703540837 5.50337806731 1.01007877567 1.99704431338
-9999.0 -9999.0 -9999.0 -9999.0 -9999.0 -9999.0 -9999.0 -9999.0 -9999.0 1.36195293922 9.04139484136 10.3151837239 3.79950734307 6.3127509368 8.73906706165 9.95695655759 1.23523471107 3.88831701323 2.54732736249 1.24209310872 1.25588498415 1.1732331266 2.3904001497 4.34267629693 1.86737242231 303.769177733 305.551392 1.6760484315 1.15823252022 2.07503659665 3.09516943324 34.6093251693 2.08470094618 18.9854368877 11.3099831413 9.25210592146 1.07929499817 2.1635946839 5.58102969574 1.04919163279 4.3265695595 2.23247370447 2.09861195043 0.893412225871 16.8451987108 33.2544123317 4.61278894034 4.52887177663 4.46388013351 0.996346256868 9.10392646991 0.98854020592 7.53880220536 0.968133800446 2.98429571332
-9999.0 -9999.0 -9999.0 -9999.0 -9999.0 -9999.0 -9999.0 -9999.0 -9999.0 -9999.0 1.26351231939 12.8641375082 1.26371531543 2.52723775832 3.72049862382 6.19209776645 1.29856957706 2.66135789748 1.31410874685 1.29540092176 1.2327160357 2.45071791961 1.17764038973 1.39642835302 3.2060917343 1.87573540728 307.249118972 310.615182891 315.251716082 4.31025409916 1.01481814422 2.01763506242 35.6272467685 35.4549203197 13.4092133281 1.04134836295 4.28994940076 3.22685325135 6.6431194977 2.10818402197 8.65347106938 3.27750358506 3.10753192868 0.65902430677 0.91314071465 34.4054076541 35.5153745217 45.7061361078 7.51725948619 2.02445786437 10.159359733 12.1664396711 20.6837461305 1.93411410094 0.928631233809
-9999.0 -9999.0 -9999.0 -9999.0 -9999.0 -9999.0 -9999.0 -9999.0 -9999.0 -9999.0 -9999.0 0.627100276104 14.2113118712 1.17149050825 2.35773189049 11.0283464307 1.3057453068 1.3080665329 1.20154000101 2.49480818206 1.15696640741 4.76597234723 7.08506283528 8.21917383507 4.39909886043 5.94117175355 1.7944336198 1.86075079284 1.68219722496 322.154947331 325.409886807 36.6028485146 37.4064538277 36.4316928886 2.06566327307 1.03125114387 5.30110272135 13.9835629442 7.67500484141 3.14219576121 12.8197895998 6.11443805118 5.11474406974 1.26691463084 0.617463311811 0.647201729287 0.773955315397 49.0088744804 59.6444194747 0.97319573654 0.976423763526 0.958257399367 21.6215156221 24.4549619757 1.76589396168
-9999.0 -9999.0 -9999.0 -9999.0 -9999.0 -9999.0 -9999.0 -9999.0 -9999.0 -9999.0 -9999.0 0.591521838158 15.6725986654 19.425101217 1.18927968159 13.4023234642 1.23291715125 1.20925153132 2.33877779515 5.9771933843 1.14712798349 1.18380875466 1.11571349562 10.5062278594 11.6380402825 18.6942387545 21.6613339938 23.0264594898 24.6591246558 26.2273649114 353.232710402 392.617648185 432.812628443 434.063130691 1.20291621201 1.02016640655 16.0037169525 15.0058723089 1.0099388268 0.982666852442 13.7243091003 20.8534180107 0.922522707266 10.0615094135 9.28693589249 2.7005461266 1.47019140775 2.29081275023 1.12067554547 61.7936795609 1.0865801022 2.96236144278 3.93479406331 31.0582518714 33.3825370025
-9999.0 -9999.0 -9999.0 -9999.0 -9999.0 -9999.0 -9999.0 -9999.0 -9999.0 -9999.0 -9999.0 1.32563460978 2.56197631605 20.6443462399 22.9347419866 1.15384315217 15.6492934433 1.1410936371 3.43617872394 7.07411591709 2.24348967505 1.09449740634 2.26069090752 1.10595289667 2.1242864264 1.00411518309 0.946215316976 0.792828255185 0.726868834575 0.755600653891 0.871286992657 1.21833342375 1.53745275363 1.72296025132 438.403691201 21.5622185856 18.9784704627 1.3833898188 2.98933102991 0.74911776392 0.579035217143 21.8267702767 34.8434444789 11.1023429055 8.05805302821 1.39888142155 0.68585539846 0.659159096745 1.67136098673 64.5492267266 66.7136681309 1.10058567275 1.101164195 0.944420119159 0.608474186428
-9999.0 -9999.0 -9999.0 -9999.0 -9999.0 -9999.0 -9999.0 -9999.0 -9999.0 -9999.0 -9999.0 -9999.0 1.21185728343 15.7545041498 39.8723482399 43.4068862364 60.1573723883 61.153285151 15.9476762886 11.5373728834 3.36102554298 1.08618698802 4.41547434428 5.47262974965 8.60661002918 2.03726079288 1.95414919585 1.80970610169 3.54014871377 1.74966496251 1.83506729746 0.819283024565 0.580808087678 0.834736565509 439.765048392 462.016468888 463.514935174 1.54502229062 9.2179495583 3.33510958507 1.02243697277 37.94274105 2.13915436548 1.09275266822 4.40766336495 0.964843410904 1.01434460135 2.0167477353 3.01801068869 4.06895457034 68.7358389464 0.993942116966 0.938717952984 0.938340071226 0.811641027909
-9999.0 -9999.0 -9999.0 -9999.0 -9999.0 -9999.0 -9999.0 -9999.0 -9999.0 -9999.0 -9999.0 1.28607624517 11.9926238783 14.5542583624 2.42291097275 0.684447175433 1.5970901413 63.8738627409 64.9114616664 81.7998236422 1.03355486397 2.11209634329 0.993323372135 1.01245900161 9.61149493996 12.6527410776 15.5643841869 0.969447357315 4.51917326049 7.22740656624 4.5454717721 1.76913807296 1.4098959819 1.43035264958 1.69506168876 1.12595745886 464.910072067 466.303030272 478.256899215 1.93045348234 0.969844406086 38.7022270951 2.203748402 1.12914269795 1.16997853481 1.1566573473 1.11845753246 2.16262724996 6.45578919557 11.6182606646 81.3505835919 0.882551146948 2.64356034477 1.77280208908 1.60868443914
-9999.0 -9999.0 -9999.0 -9999.0 -9999.0 -9999.0 -9999.0 -9999.0 -9999.0 -9999.0 -9999.0 1.3131104289 8.21951453007 1.30299676403 1.1990070648 6.03137919992 7.13863343035 8.29206764248 9.39023022912 111.152720772 111.99836006 113.894535701 128.338305438 131.406345804 133.274590903 134.311064304 152.133521954 154.493999602 155.421523877 163.634485668 169.190804835 170.147447414 173.272105683 2.35125293691 2.37787968861 0.678570879667 1.04547386175 467.634515852 482.786571435 3.07859573288 44.6238887752 43.7177689602 4.32730617528 1.06610233175 1.09305930139 1.08458309316 1.05702877409 2.12911688871 3.19688374286 1.10482092478 82.3372426009 83.3453014925 88.7061155714 89.6318321016 92.1347975424
-9999.0 -9999.0 -9999.0 -9999.0 -9999.0 -9999.0 -9999.0 -9999.0 -9999.0 -9999.0 -9999.0 4.20278698618 5.56115991906 2.61808147551 3.88089282039 1.24888145771 14.3062013972 15.5230329953 17.9052935663 18.8741941273 7.94638637111 123.365959216 124.252547641 1.02869793346 0.848863893511 0.729254330753 1.61043055035 0.722383728345 0.591076310314 0.547492629508 0.637163890675 170.940007593 174.12504248 177.367310848 180.584790399 184.130577446 1.87877203711 0.923683188917 530.876340014 46.6552877748 45.5533866362 0.984723408118 0.991426197017 0.981972378324 2.10471688363 2.10524079209 0.98945137188 0.970128821846 0.94861567942 2.04247575656 2.97776935324 0.876104812297 1.66045340615 0.719369221302 0.470778881879
-9999.0 -9999.0 -9999.0 -9999.0 -9999.0 -9999.0 -9999.0 -9999.0 -9999.0 -9999.0 -9999.0 -9999.0 2.84409363713 1.33553496692 1.26771483827 11.9129573262 13.1547326107 1.2346366399 4.90193319628 6.02132750743 7.05511110795 1.12124157794 1.08943057526 20.2761489754 21.2910267283 22.2505781437 57.5373901605 58.2990439391 59.5094166299 65.4283185224 69.0877857461 69.6391711867 0.487736883327 0.507676910471 0.564044553734 186.128893571 1.01449475153 541.515593774 539.723590202 7.6039761619 6.44038135765 3.87768535487 0.972981713751 1.9591201904 3.11307123455 3.10722853918 1.9579417476 0.937612206549 1.88101416359 1.87519022903 3.86373446326 0.53346282656 2.25523749144 3.87308961768 4.84446942206
