data/baseflow/History/mHMbfrc252
ncols                  80
nrows                 72
xllcorner      4374000.0
yllcorner      5656000.0
cellsize            500
NODATA_value       -9999
[rows 24 to 47 of 72, columns 0 to 53 of 80]
-9999.0 -9999.0 -9999.0 -9999.0 -9999.0 -9999.0 -9999.0 -9999.0 -9999.0 -9999.0 -9999.0 -9999.0 0.90401638386 2.44049133905 3.15926590581 5.30988034227 0.581845409283 1.19348182627 1.75081302485 7.07198542899 7.57210559007 8.10393324421 8.52774106034 8.98352295023 13.7460761457 15.0651805238 15.855500121 0.378585280535 1.83965186271 2.24000394223 30.725686123 32.2482976389 33.0270412451 33.8386025812 34.3833585022 127.188363291 0.204320155148 250.286357796 0.442431182112 0.236364525691 2.05909484479 1.74536366272 0.284173286185 0.925092047048 1.40485059542 1.37548489651 0.966340902144 1.58847868315 2.52232218934 0.968094920865 2.45132777003 0.239071073614 0.45047336044 0.105084958908
-9999.0 -9999.0 -9999.0 -9999.0 -9999.0 -9999.0 -9999.0 -9999.0 -9999.0 -9999.0 -9999.0 -9999.0 0.820362509618 1.62287452129 0.741832198317 1.46224952744 0.601592566402 4.83849291101 5.95673969813 6.53596562444 0.528312209195 1.04234782058 10.3936724128 12.9151481838 13.3712580764 0.912489513346 0.794172956248 1.16296293724 0.344169264942 0.308289100125 0.580199095375 0.212099932784 16.9505105454 17.1741167892 17.305860382 127.452043663 251.966264028 250.455587434 0.386048249645 0.204257995202 0.187553991735 0.693716230939 0.529107294895 1.22464587323 1.68651747694 3.37445089188 0.313265006174 0.311286277771 2.79451618062 3.07913156785 6.04659103089 6.21674525548 6.77925395496 6.97656716506
-9999.0 -9999.0 -9999.0 -9999.0 -9999.0 -9999.0 -9999.0 -9999.0 -9999.0 -9999.0 -9999.0 -9999.0 -9999.0 0.768546617721 1.52831403147 2.29767686234 3.57197665172 0.660205102921 0.576562630683 4.35004788936 4.8767091838 9.35924185038 9.93166239783 1.60984154021 0.487989210314 0.427901033181 0.388694982434 15.3338385105 15.6265840503 15.9645957735 16.2612894669 16.7329078535 2.68708698776 2.84861962065 20.2841817772 399.807469304 1.24742569829 1.00405809741 0.564604621788 0.149902391417 0.146794817137 1.05872047495 1.18190199512 1.52560404706 0.151272242373 3.5537942713 0.535767408676 0.528329360926 0.135061397032 0.0963280032687 0.0875673400241 0.0714959518485 0.0929016290672 7.11992633958
-9999.0 -9999.0 -9999.0 -9999.0 -9999.0 -9999.0 -9999.0 -9999.0 -9999.0 -9999.0 -9999.0 -9999.0 -9999.0 -9999.0 0.710500016546 1.38732472911 2.0086686613 2.63194923547 3.20349183678 3.79912000178 1.70587972473 2.879356256 0.551896701697 0.508382347484 13.1614597103 14.1157208153 14.5463059846 15.0065097541 0.335211206013 0.60988918394 1.74302307126 2.12672139947 2.45076467355 0.200789513245 0.178915152766 400.407954609 0.240778188371 0.283721644822 0.138955625499 0.621340227459 0.310038434421 0.128329419403 2.84360807367 2.96112030898 0.082064761763 3.64611071438 4.27840881276 0.654922113753 106.697999924 106.489680104 106.304025781 105.97658728 105.856102817 103.103722714
-9999.0 -9999.0 -9999.0 -9999.0 -9999.0 -9999.0 -9999.0 -9999.0 -9999.0 -9999.0 -9999.0 -9999.0 -9999.0 -9999.0 0.200611639879 0.437810031085 0.629255385164 6.40486869619 6.98748786954 0.59773356526 0.577041496512 0.584421732619 11.0866346836 12.2071525899 0.53871515437 0.538468092414 0.414776181281 1.7783829945 2.22415405328 1.05959798354 1.45665653466 10.5882907016 10.9290891706 11.4332299437 18.2860303783 418.823565907 0.238121460145 0.112814140583 0.935988198818 0.783498026364 0.114893932305 0.363374198281 0.473827565585 3.08266402973 3.18528357601 7.72307466348 4.37157804945 0.793340202567 108.87378968 0.891376477602 106.139879335 106.063719199 2.60761414341 0.154502959493
-9999.0 -9999.0 -9999.0 -9999.0 -9999.0 -9999.0 -9999.0 -9999.0 -9999.0 -9999.0 -9999.0 -9999.0 -9999.0 -9999.0 0.988978449012 1.63712893809 3.28379244879 5.79080286721 7.6042957933 8.86553922164 9.43009674726 10.0163458815 10.584016146 0.544014728484 0.480119773152 0.940241467824 0.875737848979 0.477176607211 9.07812634167 9.50978578581 9.90984045542 10.3046166981 6.0231763847 6.28399541414 6.61029511827 418.926122357 0.43302798732 0.273692920141 1.33863548743 0.158986122107 0.241936608772 0.134507046077 0.101256360703 0.585148296668 0.0814315517499 0.0868938836903 117.036799636 109.264043576 109.189419192 0.352276779296 0.805590074949 0.507817980952 0.112544514836 2.32285664749
-9999.0 -9999.0 -9999.0 -9999.0 -9999.0 -9999.0 -9999.0 -9999.0 -9999.0 -9999.0 -9999.0 -9999.0 -9999.0 -9999.0 0.681659705689 0.64992092819 1.27817388579 1.91439462819 0.656498960831 0.719202698474 1.33640016764 1.93708357384 3.0783514253 3.62634831873 4.08517507315 5.5084164043 5.93993035699 6.44483048904 0.44661852359 4.4764321475 4.86986371905 5.28588246882 0.409180229634 0.394094197214 0.588608179602 426.439259277 426.534089731 427.178007024 1.78067620008 0.322669562124 0.368269877716 0.0928178511618 0.180389198944 0.670886310653 0.824221427715 0.157899035339 117.425519393 0.136433602561 0.188490805383 0.202538715802 0.172525192298 0.304996981788 0.129134906138 1.54520814074
-9999.0 -9999.0 -9999.0 -9999.0 -9999.0 -9999.0 -9999.0 -9999.0 -9999.0 -9999.0 -9999.0 -9999.0 -9999.0 -9999.0 -9999.0 0.623236638196 1.21907276808 0.57060459463 1.17050127402 7.26977001054 7.80418145107 8.359693303 0.56093631579 0.558893108355 1.01690438901 1.5043740788 2.34689434029 2.80158107486 3.16970912599 3.59872851735 0.35787522181 0.345382311248 6.13237169624 6.51094242318 6.66737477582 6.81831431108 6.08496380854 433.872372354 436.514402324 436.593944933 437.024941198 437.48281779 437.693258446 0.0734990102226 0.89474739866 117.481092295 0.166239122354 0.0852902446925 0.119079752592 0.117591063347 0.197966308103 0.167816444444 0.0997988049282 0.155996772503
-9999.0 -9999.0 -9999.0 -9999.0 -9999.0 -9999.0 -9999.0 -9999.0 -9999.0 -9999.0 -9999.0 -9999.0 -9999.0 -9999.0 -9999.0 -9999.0 1.80954592226 2.40892251707 4.21534233136 5.49329927819 0.653340644232 9.66412756301 10.2049511142 10.7003367813 0.481399866644 0.941991994277 0.408673104591 3.19393666779 3.53954056836 3.98354251838 4.37857511883 5.46004537332 5.77467579072 0.186990769881 5.47775154806 5.7888142519 5.94380717593 6.59615950082 0.772219918281 0.460510700881 0.26558023891 0.258025901621 437.910853474 437.972586731 439.437075975 117.537392327 0.509023594637 0.277408919224 0.190745808652 0.0561866581821 0.551937511637 0.280516065569 0.0877477469672 0.493208744459
-9999.0 -9999.0 -9999.0 -9999.0 -9999.0 -9999.0 -9999.0 -9999.0 -9999.0 -9999.0 -9999.0 -9999.0 -9999.0 -9999.0 -9999.0 -9999.0 0.622843516015 3.01991078099 3.65070389174 0.669897620283 0.595119717329 1.24523045319 1.82479817467 13.032703359 0.476476555166 1.92048116399 2.3477032546 2.77402187147 0.348993600066 0.770978042844 1.11983444835 4.2061390032 4.82789100098 4.98264486909 0.160006544837 0.153163075393 0.190150613068 0.351324438241 0.155776687972 0.163917223817 0.216046706067 0.211058390261 0.217463677992 0.538907471931 439.515081751 557.301869744 0.618484434748 0.133956406906 0.058827006979 1.70333571049 1.578797104 0.93344950941 0.83699959759 0.622571843838
-9999.0 -9999.0 -9999.0 -9999.0 -9999.0 -9999.0 -9999.0 -9999.0 -9999.0 -9999.0 -9999.0 -9999.0 -9999.0 -9999.0 -9999.0 0.54424743421 1.73215638015 0.567420911308 0.658390318639 0.658755214926 1.26673737268 1.87209191351 2.39755503895 15.9636414778 16.4183276886 0.472136591335 0.902514629887 1.3384560933 1.75194745674 2.17156347498 3.71121348828 4.01912365711 0.41653396371 0.277181657859 0.239944581185 0.20527868457 0.223166388184 0.245196567063 0.222216337773 0.311280274694 0.781243161797 0.380998325522 0.151683275242 0.149518070807 0.113947747097 0.210104284288 564.359069439 6.37945368325 2.09436129015 0.237742611904 0.111969643443 0.0782665455529 0.245728410128 0.158185459895
-9999.0 -9999.0 -9999.0 -9999.0 -9999.0 -9999.0 -9999.0 -9999.0 -9999.0 -9999.0 -9999.0 -9999.0 -9999.0 -9999.0 0.579063474476 1.1058943519 3.94399220985 0.550150294333 1.29502468233 1.92558521316 2.50250667963 0.608049897261 1.12250328217 1.66260241217 18.5804402926 0.440005623201 0.838121641538 1.25642278047 0.419706038682 0.831885663249 1.2233725737 1.49580103321 33.6106689117 34.0840081183 34.5022701556 36.1730053816 36.8433424985 38.1467318231 0.318720256611 0.772844851574 0.938024437286 41.9246469933 42.1746319947 0.136990092638 0.216074077624 0.293062823655 564.427626404 6.11117573243 3.71304193218 3.58200580824 2.34393863853 1.81714557341 0.323646836205 0.0840861468087
-9999.0 -9999.0 -9999.0 -9999.0 -9999.0 -9999.0 -9999.0 -9999.0 -9999.0 -9999.0 -9999.0 -9999.0 -9999.0 -9999.0 0.593017326485 1.78658647977 6.3159572147 9.37306806578 0.499856092027 12.2829273763 15.3357802081 0.558405142207 1.06663587575 1.59240859566 23.213902637 23.6657373703 0.347090382971 1.96650819565 2.31847181814 2.67266496555 30.4375908067 31.3967779168 31.87000615 0.219800782868 1.2322874446 1.46290459983 0.606829905297 0.846068711024 39.3826780959 40.5288411054 40.715299445 40.8893873096 42.3776034871 0.101223854838 0.0899741002997 0.461782084988 564.499037631 0.169426855639 0.373684450472 1.12658387775 0.424045732382 1.63723981499 1.14915378498 0.689255524914
-9999.0 -9999.0 -9999.0 -9999.0 -9999.0 -9999.0 -9999.0 -9999.0 -9999.0 -9999.0 -9999.0 -9999.0 -9999.0 -9999.0 -9999.0 -9999.0 1.25132668949 2.51685993549 11.1183707972 11.7402542233 15.8823049245 16.4459894438 0.553377479136 1.10647953015 2.56242835698 24.1559268887 24.9205570479 25.2145155882 0.248209352447 26.3707271223 27.3944884823 0.618636851947 0.223211408937 0.420423765041 0.829764209098 0.204459275905 0.402109817793 0.877850766727 1.08391596184 0.215864772809 0.142020815494 0.275208416997 43.4750156704 43.8207865355 43.893201278 44.5748148709 564.550904882 0.125192460082 0.253913921696 0.313506659147 0.295900831994 0.304613387021 0.258321765493 0.479581884432
-9999.0 -9999.0 -9999.0 -9999.0 -9999.0 -9999.0 -9999.0 -9999.0 -9999.0 -9999.0 -9999.0 -9999.0 -9999.0 -9999.0 -9999.0 -9999.0 0.655997604529 0.6403196651 0.62714854524 1.23946704417 0.548313381832 17.5365215901 18.0581488973 0.498780311652 0.996965626333 0.471623096889 0.385259337754 0.369302124926 25.8804149091 0.3563712368 0.751989998872 0.293443428859 0.226076621214 0.205922524759 0.161951896068 0.169343234958 0.523999797059 0.721480115501 0.142637566743 0.127723392789 0.277634336345 0.466478482237 0.641082664102 0.192810682726 44.0245582961 44.6531346485 564.579922267 0.818550236206 0.567630883878 0.181819507929 0.43464560328 0.142704707468 0.105855755478 0.597281234576
-9999.0 -9999.0 -9999.0 -9999.0 -9999.0 -9999.0 -9999.0 -9999.0 -9999.0 -9999.0 -9999.0 -9999.0 -9999.0 -9999.0 -9999.0 -9999.0 -9999.0 -9999.0 0.634741816257 1.81621094998 2.32323073488 2.8567664672 18.5800685101 19.0957598163 19.6048899535 20.1158115142 20.4701081284 21.213823666 21.5223219298 21.865717522 22.1013403883 0.188808226589 0.179561871589 0.194004772922 0.704834480568 0.191116219172 0.183423800933 0.141254281286 0.417038095015 0.173037527731 0.131285877419 0.120851301828 0.104708254022 0.208884629875 0.297923648749 45.2509795103 610.668615094 0.123385340574 0.238089659877 0.143313630812 0.585813595565 0.304943175307 0.212854694038 1.29578355854
-9999.0 -9999.0 -9999.0 -9999.0 -9999.0 -9999.0 -9999.0 -9999.0 -9999.0 -9999.0 -9999.0 -9999.0 -9999.0 -9999.0 -9999.0 -9999.0 -9999.0 -9999.0 -9999.0 0.528840916957 4.22209730579 8.2285393319 8.78559968708 0.628381713693 1.14403275517 1.64662006188 2.06402124321 4.86314401271 5.06978153521 0.198365916956 0.200784879974 22.4930002013 22.8474957703 23.013159645 0.839177750064 0.124181740701 0.322718776848 0.470931891331 1.40386432985 1.73067475533 1.98431710695 0.230708742732 0.319367744204 0.107867028514 0.212628073831 0.109234211487 610.785760931 0.11337567984 0.455368122437 0.25243288589 0.884432825114 1.62202831268 1.89325632621 3.24989078394
-9999.0 -9999.0 -9999.0 -9999.0 -9999.0 -9999.0 -9999.0 -9999.0 -9999.0 -9999.0 -9999.0 -9999.0 -9999.0 -9999.0 -9999.0 -9999.0 -9999.0 -9999.0 0.592342515582 1.89007297928 3.70122127974 4.83488117982 12.2754249913 12.8656300458 1.06425125417 1.57820716394 2.03187478273 2.45063346546 5.33568124448 5.75480835005 10.6849973377 11.1725142586 11.3736166097 23.1829512549 24.4792663984 0.306473103329 0.210668836941 0.19947372456 0.382511860981 0.175377981638 2.32228836127 2.44424677079 0.4203568956 0.566073549181 0.119057002637 144.905585615 145.114960154 755.933632837 756.451153416 0.115240301742 1.12674219699 0.141234434288 0.115539273964 3.43921647453
-9999.0 -9999.0 -9999.0 -9999.0 -9999.0 -9999.0 -9999.0 -9999.0 -9999.0 -9999.0 -9999.0 -9999.0 -9999.0 -9999.0 -9999.0 -9999.0 -9999.0 -9999.0 -9999.0 0.677028680037 0.659595241999 1.2437433202 2.95959877107 13.4090362665 0.552202336266 0.543937305192 0.982365719524 1.44905002305 3.70846143846 4.09092015235 0.39589994818 0.320763927033 11.6278887488 11.8186089627 36.5017059274 36.6859842961 0.113753355942 0.0999097576366 0.0845031680484 0.085333854443 0.0914224706832 142.590616659 143.333492047 144.047740111 144.303750915 144.78978511 0.123308128139 0.447572651594 0.534075556387 757.113513898 757.103360224 757.148355669 757.17336701 757.183684496
-9999.0 -9999.0 -9999.0 -9999.0 -9999.0 -9999.0 -9999.0 -9999.0 -9999.0 -9999.0 -9999.0 -9999.0 -9999.0 -9999.0 -9999.0 -9999.0 -9999.0 -9999.0 -9999.0 -9999.0 0.602495372229 0.631660871391 1.17561279662 15.7076805535 16.2531096685 0.530532782296 0.96641264131 1.44468762438 1.91881977819 0.440011863002 0.750597246494 34.7887071226 34.9900932704 35.2529240648 37.0267105979 73.9439832122 137.975152314 138.238155235 138.47756541 138.705267604 139.717635073 140.038001868 0.62413020879 0.27986279279 0.167543955133 0.313321720904 0.221592467216 0.354635429019 0.109369301247 2.49582229668 2.78381675566 3.02763280484 3.06835981269 757.145997089
-9999.0 -9999.0 -9999.0 -9999.0 -9999.0 -9999.0 -9999.0 -9999.0 -9999.0 -9999.0 -9999.0 -9999.0 -9999.0 -9999.0 -9999.0 -9999.0 -9999.0 -9999.0 -9999.0 -9999.0 -9999.0 0.614895491228 1.18295714873 1.75377338855 16.7289357815 0.482225386047 22.5498102068 23.0466324791 23.4990613731 23.838515803 33.4179476326 33.7474543033 0.236740141849 1.27309602118 1.54503813437 0.233269268862 63.7714522949 63.3569978404 0.1307066091 0.304785722596 0.814802260837 0.180412107662 0.189536482871 0.141143960606 0.115874135641 0.0878947542322 0.103203891211 2.15906996941 2.26656082855 2.39865189264 0.199910229377 0.160146475621 3.17334191409 3.23882598826
-9999.0 -9999.0 -9999.0 -9999.0 -9999.0 -9999.0 -9999.0 -9999.0 -9999.0 -9999.0 -9999.0 -9999.0 -9999.0 -9999.0 -9999.0 -9999.0 -9999.0 -9999.0 -9999.0 -9999.0 -9999.0 0.560161957667 0.529533619268 2.74478269932 20.5740284874 21.5985667394 22.1142924808 0.469339270501 8.42457766057 8.93263258806 9.22631930613 0.329722404065 0.577375880535 0.797945744204 14.8048374757 14.9771603809 15.128757514 63.0848553342 37.9032965794 0.168282117084 0.173855372401 0.166074609795 0.125107627957 1.29982274712 1.56561566318 1.79593284546 1.92397967675 2.04670058697 15.5036262355 15.5873013874 15.7076592367 16.0047745372 17.0611066516 17.0978702427
-9999.0 -9999.0 -9999.0 -9999.0 -9999.0 -9999.0 -9999.0 -9999.0 -9999.0 -9999.0 -9999.0 -9999.0 -9999.0 -9999.0 -9999.0 -9999.0 -9999.0 -9999.0 -9999.0 -9999.0 -9999.0 -9999.0 1.10198458959 1.68628678438 0.587729967459 0.553564821941 6.71722789157 7.21150997509 7.57192278759 2.91445738309 3.33331505084 3.72672856443 3.96115619482 14.4141843701 14.6564170272 9.54776258241 24.8648743382 25.0389417727 37.7718350416 0.341156651834 0.172021026524 0.117669457708 0.897280650971 1.05137481783 0.0907703839585 0.0843611928409 15.1117731487 15.3241014135 15.4262001221 0.145742337884 0.214914933313 16.9090168767 0.096697880622 0.295947085438
-9999.0 -9999.0 -9999.0 -9999.0 -9999.0 -9999.0 -9999.0 -9999.0 -9999.0 -9999.0 -9999.0 -9999.0 -9999.0 -9999.0 -9999.0 -9999.0 -9999.0 -9999.0 -9999.0 -9999.0 -9999.0 -9999.0 0.555849211653 1.09956952108 4.57519739267 5.16301526872 5.68039567426 2.10084754365 2.50350422499 0.439017071048 9.4822280782 9.87809912675 10.2246961108 0.262564385179 9.09940247681 9.35242790295 0.186821929083 36.8773274076 0.392529198173 0.195681354001 0.485767193421 0.658342277719 0.12456934772 0.0990837764545 14.0462029952 14.9237301326 15.049749946 0.133173706382 0.273455140739 0.345118573952 0.412741505631 0.817036562276 0.107719740162 0.243300068607
