data/baseflow/History/mHMbfrc453
ncols                  80
nrows                 72
xllcorner      4374000.0
yllcorner      5656000.0
cellsize            500
NODATA_value       -9999
[rows 0 to 23 of 72, columns 0 to 53 of 80]
-9999.0 -9999.0 -9999.0 -9999.0 -9999.0 -9999.0 -9999.0 -9999.0 -9999.0 -9999.0 -9999.0 -9999.0 0.566829465107 0.59164911447 -9999.0 -9999.0 -9999.0 -9999.0 -9999.0 -9999.0 -9999.0 -9999.0 -9999.0 -9999.0 -9999.0 -9999.0 -9999.0 -9999.0 -9999.0 -9999.0 -9999.0 -9999.0 -9999.0 -9999.0 -9999.0 -9999.0 -9999.0 -9999.0 -9999.0 -9999.0 -9999.0 -9999.0 -9999.0 -9999.0 -9999.0 -9999.0 -9999.0 -9999.0 -9999.0 -9999.0 -9999.0 -9999.0 -9999.0 -9999.0
-9999.0 -9999.0 -9999.0 -9999.0 -9999.0 -9999.0 -9999.0 -9999.0 -9999.0 -9999.0 -9999.0 -9999.0 1.19268706948 2.89058724626 0.517506356217 -9999.0 0.47572067566 -9999.0 -9999.0 -9999.0 -9999.0 -9999.0 -9999.0 -9999.0 -9999.0 -9999.0 -9999.0 -9999.0 -9999.0 -9999.0 -9999.0 -9999.0 -9999.0 -9999.0 -9999.0 -9999.0 -9999.0 -9999.0 -9999.0 -9999.0 -9999.0 -9999.0 -9999.0 -9999.0 -9999.0 -9999.0 -9999.0 -9999.0 -9999.0 -9999.0 -9999.0 -9999.0 -9999.0 -9999.0
-9999.0 -9999.0 -9999.0 -9999.0 -9999.0 -9999.0 -9999.0 -9999.0 -9999.0 -9999.0 0.528978760752 0.511617479203 0.561260263091 0.564088594388 3.90145728332 4.39070276096 1.31440516793 0.423815011666 -9999.0 -9999.0 -9999.0 -9999.0 -9999.0 -9999.0 -9999.0 -9999.0 -9999.0 -9999.0 -9999.0 -9999.0 -9999.0 -9999.0 -9999.0 -9999.0 -9999.0 -9999.0 -9999.0 -9999.0 -9999.0 -9999.0 -9999.0 -9999.0 -9999.0 -9999.0 -9999.0 -9999.0 -9999.0 -9999.0 -9999.0 -9999.0 -9999.0 -9999.0 -9999.0 -9999.0
-9999.0 -9999.0 -9999.0 -9999.0 -9999.0 -9999.0 -9999.0 -9999.0 -9999.0 0.501326187627 1.03769813063 2.06480000137 1.05722398671 0.504138450659 0.975773172612 4.84189116829 7.08439986945 0.456407668929 -9999.0 0.509429739257 -9999.0 -9999.0 -9999.0 -9999.0 0.903884565485 0.469717508507 -9999.0 -9999.0 -9999.0 -9999.0 -9999.0 -9999.0 -9999.0 -9999.0 -9999.0 -9999.0 -9999.0 -9999.0 -9999.0 -9999.0 -9999.0 -9999.0 -9999.0 -9999.0 -9999.0 -9999.0 -9999.0 -9999.0 -9999.0 -9999.0 -9999.0 -9999.0 -9999.0 -9999.0
-9999.0 -9999.0 -9999.0 -9999.0 -9999.0 -9999.0 -9999.0 -9999.0 0.647070813214 1.71433209404 2.19709577085 2.68247589902 3.59062616748 0.438757627068 1.82609408041 2.24271053279 10.2202162035 0.43014813201 0.371014382958 0.918891434384 1.31274830237 0.423807640593 -9999.0 2.27893106988 1.87727454269 0.498440530523 -9999.0 -9999.0 -9999.0 -9999.0 -9999.0 -9999.0 -9999.0 -9999.0 -9999.0 -9999.0 -9999.0 -9999.0 -9999.0 -9999.0 -9999.0 -9999.0 -9999.0 -9999.0 -9999.0 -9999.0 -9999.0 -9999.0 -9999.0 -9999.0 -9999.0 -9999.0 -9999.0 -9999.0
-9999.0 -9999.0 -9999.0 -9999.0 -9999.0 -9999.0 0.593417127475 0.510579772061 0.494219702283 0.514187092156 0.54313542687 3.78965612096 7.88839569533 8.37624730788 8.73220354446 0.33600972706 10.9783168604 11.3674707702 0.770747442244 0.406698831603 1.69519997437 2.93580320007 0.426100814189 3.5906610624 0.418865197857 0.437312568677 0.426030563417 -9999.0 -9999.0 -9999.0 -9999.0 -9999.0 -9999.0 -9999.0 -9999.0 -9999.0 -9999.0 -9999.0 -9999.0 -9999.0 -9999.0 -9999.0 -9999.0 -9999.0 -9999.0 -9999.0 -9999.0 -9999.0 -9999.0 -9999.0 -9999.0 -9999.0 -9999.0 -9999.0
-9999.0 -9999.0 -9999.0 -9999.0 -9999.0 -9999.0 1.19512597246 1.7456342421 3.89699401557 5.35384541909 0.431533794936 0.453022973357 0.435172105764 1.27392870498 10.3836423787 0.315664690264 11.7206080024 13.2249407812 1.17145614668 0.751205779324 3.2890145378 0.404719127226 3.97069927371 0.755848725089 0.375177670557 0.79534145416 0.851686332576 0.440066125807 0.436045525069 0.412331186187 0.468767544947 0.933350827096 -9999.0 -9999.0 -9999.0 -9999.0 -9999.0 -9999.0 -9999.0 -9999.0 -9999.0 -9999.0 -9999.0 -9999.0 -9999.0 -9999.0 -9999.0 -9999.0 -9999.0 -9999.0 -9999.0 -9999.0 -9999.0 -9999.0
-9999.0 -9999.0 -9999.0 -9999.0 -9999.0 0.703980994028 1.32590946138 0.615703428604 1.18254880067 5.94679219795 6.9317404271 7.88880375139 26.5367603507 0.429194742148 10.8069083692 41.036059637 41.3373131695 55.1591149351 0.374265343906 1.08593039462 3.64435635492 0.348908910875 8.28159388634 3.94742124159 2.43202022712 2.04771160096 0.412635658076 1.27801009285 1.24410500082 0.824226302435 0.388632156103 1.34142386058 0.375590817709 0.362677535057 -9999.0 -9999.0 -9999.0 -9999.0 -9999.0 -9999.0 -9999.0 -9999.0 -9999.0 -9999.0 -9999.0 -9999.0 -9999.0 -9999.0 -9999.0 -9999.0 -9999.0 -9999.0 -9999.0 -9999.0
-9999.0 -9999.0 -9999.0 -9999.0 -9999.0 0.701206088919 1.99750989086 3.96996502941 4.54648235285 8.99460799015 9.51830958466 11.2225722463 18.2350644787 28.0764992286 29.0559662018 29.5234769354 0.74960785862 56.5537757465 57.2610837245 59.1168425044 72.5043080535 9.39122246935 8.68027079946 2.81826602952 0.366690054159 2.38806311416 1.64230275327 0.341077363894 1.60579529028 0.343838866633 0.740553330633 2.0640409363 2.43037265965 0.716233675394 0.354453966715 0.335473428415 -9999.0 -9999.0 -9999.0 -9999.0 0.40429813887 0.364716603499 -9999.0 -9999.0 -9999.0 -9999.0 -9999.0 -9999.0 -9999.0 -9999.0 -9999.0 -9999.0 -9999.0 -9999.0
-9999.0 -9999.0 -9999.0 -9999.0 -9999.0 0.654302741365 0.607507889718 2.66725249697 3.26896550549 3.90515981647 0.588390206387 1.15262511335 6.63424268784 1.24771428269 0.546750532605 0.463905058427 0.402944148089 0.487163116586 0.435745476719 0.459013771612 72.8973925527 73.9659340918 0.341490821212 1.05805457614 0.726962670915 2.734074911 0.693090301138 0.325490964811 1.98307521612 0.671110791968 1.64738529758 4.16540058989 3.85704712618 1.06606252905 1.02849885529 0.357739196829 0.351076525059 -9999.0 -9999.0 0.347973593144 0.84233054834 1.97406119155 0.386931190888 -9999.0 -9999.0 -9999.0 -9999.0 -9999.0 -9999.0 -9999.0 -9999.0 -9999.0 -9999.0 -9999.0
-9999.0 -9999.0 -9999.0 -9999.0 -9999.0 -9999.0 0.706860110043 0.74037782626 1.30799447795 1.91848339593 4.31282095764 5.48942404996 6.12643053012 0.682576135082 0.442114510987 6.31869600445 7.70267098822 8.11040697516 9.87573157525 10.2503673172 0.376618199456 74.3527342888 76.0794459618 1.35903500481 0.192962649548 3.01412440811 6.62673201466 2.62664773838 0.629103652102 0.313791749042 6.44766073621 4.49931958633 0.314824815852 0.31230560694 1.35182892321 1.04543539114 0.330738837737 0.312497770022 0.346431674226 0.682169546828 0.327089646575 2.3985612647 2.70879509532 0.28111790971 -9999.0 -9999.0 -9999.0 -9999.0 0.3350753208 0.305470495508 0.0920632168816 -9999.0 -9999.0 -9999.0
-9999.0 -9999.0 -9999.0 -9999.0 -9999.0 -9999.0 -9999.0 0.671219747539 0.550039367364 1.20865314874 1.85236367481 0.59125588238 0.530741614644 3.37626086898 4.3979837922 5.46256627473 0.501129303989 0.921383585399 0.471674554309 10.657743844 23.8258717136 24.237571336 101.083497484 0.344909904498 0.550907730284 0.162622224774 6.93155116412 0.320128495118 0.950886971973 0.306752223718 6.7593728885 7.07355949308 0.634586161703 0.618182734501 3.41143611602 1.71724053539 0.653513569776 0.340919583058 0.687048468007 1.01621419088 1.64675645049 0.294764784256 3.24188878921 3.4821273196 0.205922403696 0.230541448144 0.242131299686 0.204808188045 0.187987275858 0.867329620051 0.325762159993 0.197123665937 -9999.0 -9999.0
-9999.0 -9999.0 -9999.0 -9999.0 -9999.0 -9999.0 -9999.0 -9999.0 1.21709585377 1.69548586518 0.57600962732 1.20163575931 1.7694970403 2.91184816436 0.571439778389 0.53047450423 0.427430720631 0.431638482179 0.374599338402 12.3295852716 0.482074904031 0.916547027811 102.426051471 103.178313607 0.252067883795 1.06351333833 8.26628951987 0.621789229978 1.22210065735 0.554654391451 0.82006794847 8.25973382787 0.91352431475 4.88104293037 3.99605462235 0.292754101275 1.63455879271 0.666979389377 0.996470029534 0.303257724755 1.94464496954 2.49524482681 2.70008335552 2.88760276178 4.2564393142 0.394161890993 0.419817361077 0.361448724076 0.327404499036 1.04788495189 0.19910156763 0.729257705991 0.90431536494 -9999.0
-9999.0 -9999.0 -9999.0 -9999.0 -9999.0 -9999.0 -9999.0 -9999.0 0.651001491285 2.98643661574 3.53336662293 0.544798471259 1.06551371114 0.517687095309 0.459574794883 0.449766204143 5.91574824937 7.92105974524 9.82763801675 11.8808027381 0.50015956335 0.453961677397 0.408391725717 105.110381052 105.95778529 106.222445873 10.9994695543 2.44153836091 2.12873081171 0.255290260814 1.06755986019 9.58810549721 0.255866563829 5.14284310482 0.296313585973 2.12580106155 1.96446804492 0.317023741121 1.30582279928 0.608171479047 0.907202264849 0.24653959035 0.180965509445 3.07122900049 3.23262018594 4.41721080286 0.595324106772 0.52342874825 0.480607421441 1.2660075354 1.67280736884 0.203058264005 1.09870895394 0.218335111969
-9999.0 -9999.0 -9999.0 -9999.0 -9999.0 -9999.0 -9999.0 -9999.0 -9999.0 0.70712528673 4.15357277145 4.68194176749 1.59034343661 2.63933341504 3.59025900082 4.08739041396 0.535994983554 1.56527530237 1.05227001717 0.571266913526 0.529093938092 0.438613134859 0.857519853596 1.45949765213 0.465634292874 118.00770388 118.265931023 0.223982015058 0.193581554916 0.516710591924 0.771428178608 10.3478523152 0.505811395489 5.36691881814 3.21377913753 2.66790997094 0.299216403345 0.602876474798 1.58053355348 0.275085788877 1.17355990113 0.50913924874 0.289858263331 0.12152884793 3.64551453534 8.19048946612 0.707433508021 0.639507039048 0.640626087949 0.1673898809 1.83810939582 0.158854149496 1.466087921 0.187397586122
-9999.0 -9999.0 -9999.0 -9999.0 -9999.0 -9999.0 -9999.0 -9999.0 -9999.0 -9999.0 0.556070701243 5.79826981216 0.515631521382 1.03631834666 1.49642066875 2.39196147027 0.463522399579 1.00216631825 0.485161101859 0.433801153713 0.403577078774 0.796126534601 0.345967762722 0.362928536119 0.66683353048 0.389719070839 118.599999444 119.087783268 119.798319073 0.988185158893 0.258480635879 0.515389516087 10.6227497142 9.86216892379 3.78505618015 0.278537146601 1.18167081839 0.888798764178 1.85630081431 0.548051771719 2.229586003 0.778193011657 0.482331643734 0.0771823532583 0.14200563013 8.38843769742 8.55358173832 10.0307608382 1.17841548782 0.351444162698 2.02339925193 2.36259241005 3.98295182377 0.367667420396
-9999.0 -9999.0 -9999.0 -9999.0 -9999.0 -9999.0 -9999.0 -9999.0 -9999.0 -9999.0 -9999.0 0.336070002268 6.47037538451 0.506066054376 0.959797500997 4.24376905102 0.463388083119 0.4527141488 0.382324559344 0.840701617665 0.421492258264 1.63234693855 2.3278490092 2.63500340121 0.931089621208 1.12865180989 0.234427149693 0.329028446324 0.30843997723 121.334210525 122.051216976 10.8453796663 10.328784721 10.098976264 0.470233704647 0.225352580192 1.43659346396 3.80968915786 2.11869117808 0.804605991138 3.29194284681 1.00853319434 0.772560976178 0.154166256311 0.0635194608357 0.0552874312578 0.0751413188617 10.5055620133 12.214058575 0.175303734479 0.153712777023 0.178477806419 4.15796717779 4.68501385831
-9999.0 -9999.0 -9999.0 -9999.0 -9999.0 -9999.0 -9999.0 -9999.0 -9999.0 -9999.0 -9999.0 0.295701832652 7.15746488416 8.78013294168 0.463437532107 5.15223949007 0.410616259131 0.381724647112 0.777032398454 2.02698635855 0.395372417861 0.431609745949 0.337776711218 3.30157338629 3.61627345812 5.08861779296 5.57876717729 5.82702033303 6.04459608367 6.27983002318 128.591101248 139.82580738 150.513303973 150.681662754 0.175449589344 0.222946450805 4.32366523716 4.06881006052 0.256053951083 0.248191652861 3.57161133695 4.84574293291 0.197656673478 2.4072275733 2.26297266192 0.409887118166 0.183794639081 0.333921779958 0.208169710749 12.5185973501 0.152943056744 0.467430514693 0.575940557227 5.62144653664
-9999.0 -9999.0 -9999.0 -9999.0 -9999.0 -9999.0 -9999.0 -9999.0 -9999.0 -9999.0 -9999.0 0.61597629348 1.16932103781 9.30630095203 10.1616408037 0.434544520814 6.02163193872 0.336426200495 1.05037304544 2.38490447161 0.75574645096 0.357219844701 0.747978251946 0.284940250486 0.549047872531 0.269424766095 0.232375644453 0.165305777591 0.143131388081 0.112043196744 0.0924603822421 0.151279356825 0.219063004432 0.263818329978 151.273426346 4.88609904301 4.55372009104 0.108277093415 0.709066394054 0.172781111988 0.174260145147 5.07404718892 8.22108596186 2.69289623417 2.11589119924 0.272303373558 0.0998289314932 0.0826488576386 0.224265975193 12.9061089344 13.1876154394 0.150014058564 0.153836957474 0.128650871033
-9999.0 -9999.0 -9999.0 -9999.0 -9999.0 -9999.0 -9999.0 -9999.0 -9999.0 -9999.0 -9999.0 -9999.0 0.464304438959 7.43071649247 18.0649195642 19.5557252466 25.9924357037 26.4421825726 5.33896614044 3.87726344592 1.12226392788 0.348293709886 1.43247274118 1.7566983913 2.58503741074 0.560075752178 0.492448653282 0.433383352301 0.832861145396 0.361271542484 0.323362447066 0.17258408574 0.0787502929589 0.0760646392748 151.44433807 156.473786552 156.642203736 0.103094364957 1.77871249557 0.846362121051 0.259798703367 9.10168642333 0.651306917214 0.34420173039 1.45951046702 0.27483438902 0.178839999628 0.323063163072 0.4447029634 0.58993949608 13.4122989264 0.102090435668 0.0846611380155 0.0843307211675
-9999.0 -9999.0 -9999.0 -9999.0 -9999.0 -9999.0 -9999.0 -9999.0 -9999.0 -9999.0 -9999.0 0.556489291428 5.72792085254 6.92608885889 1.05478347578 0.354874513328 0.738883034125 27.5815706811 27.9763541047 33.7489807321 0.310520356148 0.653715633973 0.275265762368 0.281187829593 2.8602418915 3.69422410224 4.41880980145 0.236286392854 1.06842592831 1.65908155319 0.929419375062 0.392901916825 0.237141566652 0.166546013869 0.161488630356 0.071674423774 156.751024594 156.822518572 158.747368574 0.399264030832 0.220784649211 9.33481478241 0.682253649315 0.359694884106 0.415190170691 0.411239179891 0.334374130257 0.536722567709 1.47110923658 2.22326449008 15.7452870044 0.0728555388924 0.219150139783 0.148670245094
-9999.0 -9999.0 -9999.0 -9999.0 -9999.0 -9999.0 -9999.0 -9999.0 -9999.0 -9999.0 -9999.0 0.579196400496 4.16665308476 0.628612133203 0.496089812028 2.84989014665 3.28036517575 3.70506436719 4.06830454364 46.5048847598 46.8349290519 47.4834174377 52.4529187428 53.2872932992 53.7202289737 54.0092549509 58.8861745197 59.4607437046 59.7025379805 61.6388615304 62.8420480423 63.0644886383 63.6735862931 0.369090174799 0.274209982646 0.0383140243536 0.0335997531058 156.913997753 159.344396187 0.532694384503 11.0077719746 10.8024880061 1.22910259369 0.28085396236 0.284978193285 0.268121142519 0.276730704518 0.557593788633 0.772184348119 0.197575073449 15.847830727 15.9590516675 16.4189205338 16.5051675547
-9999.0 -9999.0 -9999.0 -9999.0 -9999.0 -9999.0 -9999.0 -9999.0 -9999.0 -9999.0 -9999.0 2.23195831169 2.93058717197 1.29096007205 1.89029943399 0.585359097558 6.62129374792 7.0843631592 8.00021499469 8.32449432163 2.89143536232 50.9350642551 51.2456800358 0.254972125794 0.145351510016 0.120591592928 0.284839041497 0.122990997117 0.0856625055335 0.0750399228557 0.0903623801662 63.2360616406 63.867752105 64.4862335193 64.9630024774 65.1084496579 0.0499742854625 0.0138503979045 170.71415878 11.30879424 11.2307593745 0.235817439644 0.21213191211 0.181453115112 0.468919647101 0.452935047524 0.202050627165 0.204555486018 0.186377199844 0.377567673216 0.480449037944 0.0614826827936 0.109170926831 0.0471908992953
-9999.0 -9999.0 -9999.0 -9999.0 -9999.0 -9999.0 -9999.0 -9999.0 -9999.0 -9999.0 -9999.0 -9999.0 1.52788084687 0.679876713843 0.578042246847 5.69175605807 6.18607236197 0.494531567702 1.87111367867 2.28907734279 2.61591159739 0.388887782876 0.23680571778 7.52935619635 7.70662222264 7.86778421492 20.0090502528 20.1115168737 20.2709122279 21.306461823 21.7523912808 21.8135615404 0.0669714979202 0.0740629377214 0.0829280214314 65.2174592012 0.0365615701508 172.271998399 172.215030022 1.44532863192 1.33774609127 0.861206025307 0.212890142403 0.363939393302 0.657233872753 0.64159550095 0.386093709075 0.191862030835 0.373513865554 0.36755699236 0.634561301449 0.0801365738928 0.179381274828 0.315989230783
