data/baseflow/History/mHMbfrc301
ncols                  80
nrows                 72
xllcorner      4374000.0
yllcorner      5656000.0
cellsize            500
NODATA_value       -9999
[rows 24 to 47 of 72, columns 0 to 54 of 80]
-9999.0 -9999.0 -9999.0 -9999.0 -9999.0 -9999.0 -9999.0 -9999.0 -9999.0 -9999.0 -9999.0 -9999.0 1.03486065836 2.91094789759 3.85611293092 6.73094936564 0.867924067983 1.76362734172 2.63312850437 10.0323694851 10.8772611579 11.7184658484 12.4940712602 13.2999784608 20.8885747719 23.2377307464 24.6899057318 0.710384974321 3.38899645369 4.09493429325 49.1987731464 52.0874068578 53.37579597 54.6847060057 55.8004096923 192.768431915 0.188291392435 358.398022932 0.985940177446 0.493977818179 3.52363500571 2.94173989261 0.524952242144 1.5924679571 2.29523064681 2.25755338466 1.6153953053 2.66243661444 4.2248678022 1.59854990897 4.09051072198 0.447810625804 0.828091796951 0.200582613388 0.157225563193
-9999.0 -9999.0 -9999.0 -9999.0 -9999.0 -9999.0 -9999.0 -9999.0 -9999.0 -9999.0 -9999.0 -9999.0 0.990494380035 1.95532843585 0.955636377595 1.92366670718 0.886556839824 6.5435501724 8.29186229958 9.18569337798 0.873294082899 1.72144355963 15.3364199856 19.433777909 20.1987498132 1.6120901673 1.4243957268 2.13627786048 0.633944314454 0.584883895808 1.1067293153 0.438593405072 23.2954642141 23.7641648252 24.081971165 193.17412904 361.628853404 358.858207061 0.774351340326 0.363422485659 0.3309201514 1.3414006663 1.01660692135 2.13447935521 2.8125303667 5.59555750907 0.523868064551 0.522779813007 4.72658518797 5.24784953158 10.2738650404 10.610614813 11.6412989571 12.010901115 0.322303984148
-9999.0 -9999.0 -9999.0 -9999.0 -9999.0 -9999.0 -9999.0 -9999.0 -9999.0 -9999.0 -9999.0 -9999.0 -9999.0 0.944457552008 1.91831879375 2.88949500479 4.7226527678 0.941293213715 0.88902917215 5.72106567639 6.57575780572 13.6361663545 14.5341202202 2.56141137722 0.850414833006 0.777458530263 0.708582673631 20.0654668611 20.6629669597 21.309878012 21.8726552161 22.8291660776 4.91603377326 5.25475443535 29.6038101231 584.61054205 2.39401837396 1.96391836297 1.11416627495 0.281371473577 0.270425334028 1.98681012448 2.20877929979 2.72933296994 0.309216090657 5.98176614942 0.975843273531 0.967268384942 0.289965313406 0.192051376914 0.162514428777 0.123886955547 0.169856679895 12.2529849161 169.488811992
-9999.0 -9999.0 -9999.0 -9999.0 -9999.0 -9999.0 -9999.0 -9999.0 -9999.0 -9999.0 -9999.0 -9999.0 -9999.0 -9999.0 0.956351681746 1.71884989235 2.40390261344 3.08784367659 3.95909329361 4.85453983814 2.65755125692 4.46042676738 0.886136702242 0.857615912867 16.1927237414 17.8449939416 18.6200865867 19.4267860393 0.646686501876 1.20989139714 3.20244242578 3.88329476682 4.46342259674 0.423298498652 0.24942025468 585.559627513 0.408738797184 0.486063679154 0.234241020722 1.12636233029 0.56087210378 0.225370570961 5.18345594941 5.33986380734 0.143838266145 6.1315596269 7.28235614286 1.17726299949 177.448984693 177.008525191 176.640800323 175.996346224 175.776067011 170.855337129 170.691598438
-9999.0 -9999.0 -9999.0 -9999.0 -9999.0 -9999.0 -9999.0 -9999.0 -9999.0 -9999.0 -9999.0 -9999.0 -9999.0 -9999.0 0.176158656139 0.402035150208 0.674967932776 6.11476735831 7.00932069169 0.901149713876 0.896778710769 0.894308451747 12.777294856 14.547954393 0.885438353983 0.890223712108 0.752904088202 3.10601949523 3.87171810817 1.9818360757 2.64784216296 17.453691028 18.0785728672 18.9629110018 30.5354403245 616.316808719 0.369198060834 0.192249209983 1.68627022667 1.41854685785 0.195965270663 0.624215945611 0.806410752564 5.53570860242 5.69068762766 13.4135142805 7.43877060268 1.44094531884 181.279088924 1.49772514217 176.320688415 176.16739726 4.67524890795 0.265696671093 1.02311291423
-9999.0 -9999.0 -9999.0 -9999.0 -9999.0 -9999.0 -9999.0 -9999.0 -9999.0 -9999.0 -9999.0 -9999.0 -9999.0 -9999.0 0.893151593197 1.46535277701 3.05376348144 5.31338424631 7.62675303819 9.28449388247 10.1557037963 11.0542112837 11.9462965681 0.875028778005 0.83401834872 1.6474825352 1.55153827186 0.810553270719 14.904661977 15.6505727152 16.3422793831 17.0263649469 10.2833275214 10.855208451 11.3153954975 616.501700034 0.636226053635 0.441873669433 2.34687968249 0.289237244256 0.332340582094 0.166509355368 0.168140780647 0.958105799267 0.125222606143 0.134295236593 195.448120049 181.944716721 181.817963145 0.613578984423 1.34563543505 0.89635507997 0.233229632762 4.27798605807 1.28332219448
-9999.0 -9999.0 -9999.0 -9999.0 -9999.0 -9999.0 -9999.0 -9999.0 -9999.0 -9999.0 -9999.0 -9999.0 -9999.0 -9999.0 0.620273707528 0.571530694198 1.12035476606 1.71343304716 0.866361604026 0.977601051951 1.89944490176 2.80948897042 4.57951604666 5.44891617688 6.23113223226 8.7012455702 9.47441693834 10.3193162373 0.761119481917 7.56958787243 8.26902955719 8.99389694775 0.675360435452 0.537191673391 0.876219807598 628.891693274 629.0669579 630.041400832 3.16654128171 0.593665659693 0.548145306133 0.153100303187 0.295937669805 1.08800255093 1.32666617569 0.242919688354 196.031583203 0.179898057896 0.327251413971 0.376226823626 0.251369285154 0.505775625628 0.202968860952 2.72562513275 2.23953338544
-9999.0 -9999.0 -9999.0 -9999.0 -9999.0 -9999.0 -9999.0 -9999.0 -9999.0 -9999.0 -9999.0 -9999.0 -9999.0 -9999.0 -9999.0 0.535818194105 1.06009680592 0.521783861869 1.08783234453 6.91806203954 7.68938195721 8.57097364644 0.881667207571 0.878225432044 1.66255932434 2.49100480181 4.00510421209 4.79344597511 5.32693620315 6.064580338 0.640555335789 0.638914615266 10.3035889958 10.7965764662 11.0758035626 11.3225319816 9.66343933186 640.717325848 645.360274168 645.58306519 646.335421114 647.2746248 647.661297078 0.113383026429 1.4357889346 196.127922524 0.265087894087 0.136592824575 0.129744287794 0.122873168484 0.223006530366 0.256561411094 0.153011226467 0.247946730648 0.257700299021
-9999.0 -9999.0 -9999.0 -9999.0 -9999.0 -9999.0 -9999.0 -9999.0 -9999.0 -9999.0 -9999.0 -9999.0 -9999.0 -9999.0 -9999.0 -9999.0 1.57839835231 2.14571278112 3.84875247689 5.21112610955 0.752192625036 10.2692889597 11.1353260091 11.9712802169 0.813047938777 1.60890459041 0.742630740842 5.51335221109 6.02803027209 6.7528278091 7.44018415723 9.30181249819 9.69953742827 0.24817891306 8.74158329051 9.2246195119 9.43491103775 10.4900235546 1.28973093589 0.801968613542 0.504246955557 0.494657624156 648.100758018 648.24131343 650.657080925 196.214239435 0.721495738026 0.368278581119 0.237032263439 0.0847084070127 0.760087630313 0.427070637857 0.132186299012 0.776728858539 0.66694005456
-9999.0 -9999.0 -9999.0 -9999.0 -9999.0 -9999.0 -9999.0 -9999.0 -9999.0 -9999.0 -9999.0 -9999.0 -9999.0 -9999.0 -9999.0 -9999.0 0.570088438358 2.70999664788 3.31498086056 0.790476412942 0.907548693682 1.83646450898 2.71963255846 15.5170901312 0.804406521026 3.24334280254 3.99971927206 4.76769737604 0.539152951956 1.23115353402 1.76810994146 6.86327977873 7.8164982701 8.0208986505 0.238331429047 0.257041807433 0.332210077204 0.611326331214 0.278759578395 0.299636585364 0.440607157859 0.425162920973 0.445005324038 0.893952337001 650.828188745 847.459089697 0.88043801364 0.221056538199 0.0790383823881 2.49332359034 2.30610838877 1.41392766984 1.28145942368 0.975398981184 0.241736357712
-9999.0 -9999.0 -9999.0 -9999.0 -9999.0 -9999.0 -9999.0 -9999.0 -9999.0 -9999.0 -9999.0 -9999.0 -9999.0 -9999.0 -9999.0 0.464278408046 1.55340979998 0.517908361503 0.888438771692 0.954921331642 1.87127504707 2.77048059542 3.53912621171 19.6190783795 20.3962206319 0.802551256579 1.56040641366 2.32300614167 2.98869847152 3.7204681117 6.16746526731 6.59138133408 0.670785097739 0.478482455378 0.427513563229 0.418324387512 0.449961329868 0.474329517204 0.427040901969 0.580714303009 1.3971999652 0.651200357273 0.151221318786 0.143589871754 0.160794976515 0.300758372232 855.99015417 7.41894644593 2.86680079311 0.184740410943 0.078746877676 0.071520536653 0.289858312801 0.211371230845 0.11459998692
-9999.0 -9999.0 -9999.0 -9999.0 -9999.0 -9999.0 -9999.0 -9999.0 -9999.0 -9999.0 -9999.0 -9999.0 -9999.0 -9999.0 0.495342300315 0.944179424943 3.45966122553 0.487021564851 1.62161587984 2.55838245213 3.46190439657 0.919040991914 1.75430123791 2.43267774743 23.358796111 0.75908033234 1.4734793536 2.22310882689 0.718414887783 1.43479293796 2.08662243879 2.52009915675 48.400222977 49.2508742695 49.9906184912 52.8943959529 54.2607554665 56.7106458891 0.586781324718 1.42546128406 1.69002527244 63.3850381 63.6786215091 0.131258560725 0.247667812671 0.357763532824 856.084384216 6.93201856948 3.84337040123 3.75114495114 2.49240476117 1.97945452726 0.38297518246 0.085713918234 0.184626573416
-9999.0 -9999.0 -9999.0 -9999.0 -9999.0 -9999.0 -9999.0 -9999.0 -9999.0 -9999.0 -9999.0 -9999.0 -9999.0 -9999.0 0.51439957047 1.54157409382 5.50554579465 8.10669029832 0.428523064443 10.6786173742 14.6911006905 0.882267703696 1.70889852009 2.43097360239 30.3252505631 30.8975610391 0.651845407148 3.55800402528 4.19700364174 4.82982746721 42.8122570533 44.5585513194 45.3843822401 0.374209423035 2.10162093255 2.49753213971 1.07007062821 1.54003387274 58.8002531054 60.8605723222 61.2078087374 61.5280873245 64.0098996159 0.162351083795 0.139110275194 0.602248123227 856.167358201 0.132910433097 0.392078453304 1.18188596915 0.443761941338 1.83862022435 1.22092441895 0.718525115098 0.531766945123
-9999.0 -9999.0 -9999.0 -9999.0 -9999.0 -9999.0 -9999.0 -9999.0 -9999.0 -9999.0 -9999.0 -9999.0 -9999.0 -9999.0 -9999.0 -9999.0 1.07379631788 2.1508230332 9.60899805357 10.1660795517 15.1681438149 15.7249877355 0.872461656939 1.74157492566 4.07455832796 31.3840281528 32.6886010558 33.249871887 0.463787113499 35.460565454 37.3433373314 1.1266776281 0.37996145164 0.732583028518 1.42335817469 0.341888638347 0.676081764626 1.45265356249 1.8112606856 0.344605794913 0.217505175791 0.424561116132 65.7514435593 66.3532347934 66.4673216862 67.3952530114 856.236423709 0.0794610120895 0.276735558169 0.333385908496 0.317749851472 0.326148580107 0.280904141846 0.525612551195 0.0617190982336
-9999.0 -9999.0 -9999.0 -9999.0 -9999.0 -9999.0 -9999.0 -9999.0 -9999.0 -9999.0 -9999.0 -9999.0 -9999.0 -9999.0 -9999.0 -9999.0 0.560766375696 0.544942776137 0.543042250267 1.12664020455 0.493109808734 16.7021360979 17.2134695727 0.773651461509 1.59336794712 0.804382108763 0.697608867023 0.67451464253 34.5283083032 0.655854100918 1.34356485319 0.553010929842 0.400461513837 0.350523913749 0.268311585499 0.280467396565 0.857233749767 1.17804220617 0.221929287562 0.191273413784 0.412548336927 0.691523406047 0.997918302801 0.324463317218 66.6674976243 67.5104579168 856.26943884 0.816487549087 0.666033270174 0.200665828312 0.476829065392 0.162686864034 0.126085325714 0.66294886913 0.330444057756
-9999.0 -9999.0 -9999.0 -9999.0 -9999.0 -9999.0 -9999.0 -9999.0 -9999.0 -9999.0 -9999.0 -9999.0 -9999.0 -9999.0 -9999.0 -9999.0 -9999.0 -9999.0 0.538726999467 1.61225032143 2.0395191034 2.51322501815 17.67974682 18.1561147264 18.6477720316 19.2521936654 19.9042539945 21.2638832452 21.8628813515 22.4957115849 22.9632931461 0.34928850782 0.326806435595 0.343617607599 1.1893821306 0.316020269898 0.298190576892 0.229941348081 0.663696514795 0.259540180952 0.194003729131 0.178938599817 0.15554545359 0.310341361603 0.440529673973 68.3853710738 925.512090292 0.0669546693535 0.150292379138 0.168558968908 0.647497444199 0.344637747509 0.253433954193 1.25011012424 0.54207844639
-9999.0 -9999.0 -9999.0 -9999.0 -9999.0 -9999.0 -9999.0 -9999.0 -9999.0 -9999.0 -9999.0 -9999.0 -9999.0 -9999.0 -9999.0 -9999.0 -9999.0 -9999.0 -9999.0 0.434201732247 3.55105023495 7.03131427257 7.53686591515 0.739101562771 1.51873147109 2.33022850885 3.04681359875 7.67197189356 8.06742779672 0.375964959916 0.373738614102 23.6734209892 24.3111521715 24.6089309602 1.41398375805 0.196465711785 0.512498249353 0.746202638005 2.22256702375 2.71346633559 3.08472961831 0.33845398751 0.466918661996 0.154843641149 0.303229987092 0.154616654171 925.740432817 0.061261284817 0.265383343546 0.243707394989 0.953173881813 1.57100264046 1.86156076456 3.1489867109 0.765690554118
-9999.0 -9999.0 -9999.0 -9999.0 -9999.0 -9999.0 -9999.0 -9999.0 -9999.0 -9999.0 -9999.0 -9999.0 -9999.0 -9999.0 -9999.0 -9999.0 -9999.0 -9999.0 0.497768933079 1.60296315389 3.12515076967 4.06837962357 10.4487528025 11.0677980783 1.66144575691 2.49437298957 3.26494215592 3.9885751092 8.58669520128 9.39616147758 17.5389634569 18.2966616194 18.6575699346 24.9031313526 27.0480940743 0.49072535483 0.339561095484 0.319869329356 0.604719718142 0.265976532294 3.58612351374 3.7628846881 0.611989566617 0.857996939259 0.176917800442 185.63429635 185.933955236 1111.78074226 1112.09045579 0.0612165988222 1.08510489572 0.0831517954793 0.0774255628162 3.32336191233 4.15561093581
-9999.0 -9999.0 -9999.0 -9999.0 -9999.0 -9999.0 -9999.0 -9999.0 -9999.0 -9999.0 -9999.0 -9999.0 -9999.0 -9999.0 -9999.0 -9999.0 -9999.0 -9999.0 -9999.0 0.578969048059 0.560791127679 1.04596133593 2.47149458189 11.5426413384 0.84442867712 0.832786159699 1.58779432676 2.36623678278 6.11251428032 6.77335560632 0.575904923159 0.493805557621 19.1079676448 19.4199486832 46.8040408294 47.1060268372 0.169449000277 0.147693924378 0.121671425011 0.122895954263 0.133185939457 182.098104706 183.161147165 184.294524883 184.72864629 185.428751822 0.167609667195 0.607374049827 0.723254207109 1112.99089276 1112.98920708 1113.10262151 1113.28831911 1113.43205936 4.29660559112
-9999.0 -9999.0 -9999.0 -9999.0 -9999.0 -9999.0 -9999.0 -9999.0 -9999.0 -9999.0 -9999.0 -9999.0 -9999.0 -9999.0 -9999.0 -9999.0 -9999.0 -9999.0 -9999.0 -9999.0 0.503306775229 0.532625298621 0.98094551062 13.4568189925 13.9879804608 0.819738635275 1.56926445424 2.36304313433 3.12124599515 0.703972892412 1.23665252795 35.7236336378 36.0816317222 36.509738976 39.4084820493 86.9071260113 175.025262665 175.438963356 175.80766403 176.159021396 177.678100277 178.168032798 0.877895807761 0.386622590379 0.231114357514 0.432064315328 0.299162712258 0.479985784602 0.14718830608 3.47900749555 3.72374038965 3.9033723471 3.95373446276 1113.44836226 1117.84756798
-9999.0 -9999.0 -9999.0 -9999.0 -9999.0 -9999.0 -9999.0 -9999.0 -9999.0 -9999.0 -9999.0 -9999.0 -9999.0 -9999.0 -9999.0 -9999.0 -9999.0 -9999.0 -9999.0 -9999.0 -9999.0 0.513962953904 0.983626975873 1.45678283767 14.3925532655 0.583571595301 20.0381044614 20.8420521411 21.5614336016 22.1340289611 33.458115487 33.9943789051 0.397352312137 2.08064246062 2.52139292383 0.36790251317 87.7118960562 87.0585081014 0.197390216876 0.45609368312 1.21346507268 0.268390599271 0.273371684172 0.192951912813 0.156630636037 0.120093131411 0.138137314491 3.03280730476 3.17460372985 3.34840492673 0.154284144496 0.116219861148 4.02134805375 4.08250159683 4.11663271028
-9999.0 -9999.0 -9999.0 -9999.0 -9999.0 -9999.0 -9999.0 -9999.0 -9999.0 -9999.0 -9999.0 -9999.0 -9999.0 -9999.0 -9999.0 -9999.0 -9999.0 -9999.0 -9999.0 -9999.0 -9999.0 0.459826964888 0.431780531362 2.25056560884 17.6057746742 18.6815007885 19.3037403193 0.766787355732 9.61650955516 10.3642608398 10.7516915448 0.535518908243 0.956673712547 1.312904045 21.4259766715 21.6966248981 21.930410962 86.6355671936 49.7861151622 0.25066427684 0.257498801666 0.246872721867 0.182418297355 1.87613456805 2.23549286652 2.54803156245 2.71884138064 2.8825942393 22.1970326316 22.3096399871 22.5105581127 23.0273750172 24.4945397079 24.5411111273 28.7050814381
-9999.0 -9999.0 -9999.0 -9999.0 -9999.0 -9999.0 -9999.0 -9999.0 -9999.0 -9999.0 -9999.0 -9999.0 -9999.0 -9999.0 -9999.0 -9999.0 -9999.0 -9999.0 -9999.0 -9999.0 -9999.0 -9999.0 0.901801962471 1.38739732002 0.535371086497 0.820980895397 6.74159047649 7.53150943595 8.16603832321 4.30294377401 4.98455883382 5.63766475055 6.02947287025 20.8241469139 21.1963315697 14.1315321631 36.3501227353 36.6177795857 49.5788081599 0.500484346632 0.25087943893 0.171023738328 1.29804780488 1.51927156114 0.122701477407 0.112935794505 21.6867848712 21.9628359348 22.0922546096 0.235937014567 0.362561395427 24.2904122532 0.127766772416 0.347527589905 0.381933731854
-9999.0 -9999.0 -9999.0 -9999.0 -9999.0 -9999.0 -9999.0 -9999.0 -9999.0 -9999.0 -9999.0 -9999.0 -9999.0 -9999.0 -9999.0 -9999.0 -9999.0 -9999.0 -9999.0 -9999.0 -9999.0 -9999.0 0.455486421142 0.899971925901 3.89993402703 4.460722292 5.14464683348 2.9426398433 3.61250590931 0.719634467146 13.2098303686 13.8593372999 14.4362849881 0.427743870004 13.4439099439 13.8315797477 0.280738007972 48.2474233989 0.582620497831 0.289718065226 0.701584336785 0.953349325801 0.178287049147 0.142317762031 20.2573309759 21.442234298 21.6045570188 0.173595147813 0.351343466139 0.446745785485 0.538043646329 1.08745805602 0.125394319844 0.28582068831 0.0563320629424
