data/baseflow/History/mHMbfrc357
ncols                  80
nrows                 72
xllcorner      4374000.0
yllcorner      5656000.0
cellsize            500
NODATA_value       -9999
[rows 0 to 23 of 72, columns 0 to 53 of 80]
-9999.0 -9999.0 -9999.0 -9999.0 -9999.0 -9999.0 -9999.0 -9999.0 -9999.0 -9999.0 -9999.0 -9999.0 1.08033952384 0.854831122774 -9999.0 -9999.0 -9999.0 -9999.0 -9999.0 -9999.0 -9999.0 -9999.0 -9999.0 -9999.0 -9999.0 -9999.0 -9999.0 -9999.0 -9999.0 -9999.0 -9999.0 -9999.0 -9999.0 -9999.0 -9999.0 -9999.0 -9999.0 -9999.0 -9999.0 -9999.0 -9999.0 -9999.0 -9999.0 -9999.0 -9999.0 -9999.0 -9999.0 -9999.0 -9999.0 -9999.0 -9999.0 -9999.0 -9999.0 -9999.0
-9999.0 -9999.0 -9999.0 -9999.0 -9999.0 -9999.0 -9999.0 -9999.0 -9999.0 -9999.0 -9999.0 -9999.0 2.21439450754 4.71086227832 0.714245372835 -9999.0 0.593850862536 -9999.0 -9999.0 -9999.0 -9999.0 -9999.0 -9999.0 -9999.0 -9999.0 -9999.0 -9999.0 -9999.0 -9999.0 -9999.0 -9999.0 -9999.0 -9999.0 -9999.0 -9999.0 -9999.0 -9999.0 -9999.0 -9999.0 -9999.0 -9999.0 -9999.0 -9999.0 -9999.0 -9999.0 -9999.0 -9999.0 -9999.0 -9999.0 -9999.0 -9999.0 -9999.0 -9999.0 -9999.0
-9999.0 -9999.0 -9999.0 -9999.0 -9999.0 -9999.0 -9999.0 -9999.0 -9999.0 -9999.0 1.05152348993 1.02179584066 1.06860481211 1.05672050613 6.66759037348 7.39380810579 1.64404325263 0.524880639361 -9999.0 -9999.0 -9999.0 -9999.0 -9999.0 -9999.0 -9999.0 -9999.0 -9999.0 -9999.0 -9999.0 -9999.0 -9999.0 -9999.0 -9999.0 -9999.0 -9999.0 -9999.0 -9999.0 -9999.0 -9999.0 -9999.0 -9999.0 -9999.0 -9999.0 -9999.0 -9999.0 -9999.0 -9999.0 -9999.0 -9999.0 -9999.0 -9999.0 -9999.0 -9999.0 -9999.0
-9999.0 -9999.0 -9999.0 -9999.0 -9999.0 -9999.0 -9999.0 -9999.0 -9999.0 1.02895840247 2.07100838868 4.12044211472 2.06030685692 1.00188496885 1.93904385011 8.29744513594 11.1644817858 0.594648307949 -9999.0 0.988069564545 -9999.0 -9999.0 -9999.0 -9999.0 1.13346182362 0.579184987517 -9999.0 -9999.0 -9999.0 -9999.0 -9999.0 -9999.0 -9999.0 -9999.0 -9999.0 -9999.0 -9999.0 -9999.0 -9999.0 -9999.0 -9999.0 -9999.0 -9999.0 -9999.0 -9999.0 -9999.0 -9999.0 -9999.0 -9999.0 -9999.0 -9999.0 -9999.0 -9999.0 -9999.0
-9999.0 -9999.0 -9999.0 -9999.0 -9999.0 -9999.0 -9999.0 -9999.0 1.15869459513 3.27389495187 4.2469517319 5.22505057287 7.11355746184 0.891125155033 3.66476220307 4.49053156574 17.0018140167 0.714178829868 0.726387531916 1.7990696729 2.57776911456 0.831496948827 -9999.0 2.94802459045 2.42811692802 0.668732313442 -9999.0 -9999.0 -9999.0 -9999.0 -9999.0 -9999.0 -9999.0 -9999.0 -9999.0 -9999.0 -9999.0 -9999.0 -9999.0 -9999.0 -9999.0 -9999.0 -9999.0 -9999.0 -9999.0 -9999.0 -9999.0 -9999.0 -9999.0 -9999.0 -9999.0 -9999.0 -9999.0 -9999.0
-9999.0 -9999.0 -9999.0 -9999.0 -9999.0 -9999.0 1.15186751128 1.05619079532 1.01536930152 1.03590301114 1.03887202418 7.32124900278 15.4150160042 16.3732730627 17.1630769937 0.787009104568 18.531214553 19.2750615274 1.52697137401 0.808118123081 3.33612222305 5.74270513759 0.763500427189 5.31020276645 0.875171640809 0.836328825785 0.913633210421 -9999.0 -9999.0 -9999.0 -9999.0 -9999.0 -9999.0 -9999.0 -9999.0 -9999.0 -9999.0 -9999.0 -9999.0 -9999.0 -9999.0 -9999.0 -9999.0 -9999.0 -9999.0 -9999.0 -9999.0 -9999.0 -9999.0 -9999.0 -9999.0 -9999.0 -9999.0 -9999.0
-9999.0 -9999.0 -9999.0 -9999.0 -9999.0 -9999.0 2.29265355931 3.37811375283 7.60232267535 10.5945123422 0.891743618606 0.92664561282 0.86497291867 2.54081824496 20.438230529 0.658114968474 19.9311166834 22.7871739082 2.21267460786 1.4485836808 6.41272355944 0.763095239935 6.05886943183 1.50032853968 0.761164634646 1.5604795288 1.80338288531 0.913973872063 0.941008037888 0.905862795917 0.986179575818 1.96968546867 -9999.0 -9999.0 -9999.0 -9999.0 -9999.0 -9999.0 -9999.0 -9999.0 -9999.0 -9999.0 -9999.0 -9999.0 -9999.0 -9999.0 -9999.0 -9999.0 -9999.0 -9999.0 -9999.0 -9999.0 -9999.0 -9999.0
-9999.0 -9999.0 -9999.0 -9999.0 -9999.0 1.23431988904 2.38946544581 1.14342006287 2.2131363956 11.683809921 13.608284427 15.5160831637 49.6104376569 0.853452350451 21.2431785888 77.4883269126 78.0723533558 101.882643203 0.642286313143 2.08976514643 7.08622168003 0.660986704673 14.695922638 7.91917129993 4.94475980912 4.16725864348 0.877964518716 2.70933439452 2.725152833 1.80972645635 0.869869418217 2.87223114346 0.85237754668 0.827640189045 -9999.0 -9999.0 -9999.0 -9999.0 -9999.0 -9999.0 -9999.0 -9999.0 -9999.0 -9999.0 -9999.0 -9999.0 -9999.0 -9999.0 -9999.0 -9999.0 -9999.0 -9999.0 -9999.0 -9999.0
-9999.0 -9999.0 -9999.0 -9999.0 -9999.0 1.23996877048 3.60666677898 7.16212568894 8.2423781174 16.2629360996 17.2706576091 20.4282034874 33.2643610307 52.2460782679 54.0149135018 54.8460964382 1.42863858972 104.458426355 105.729192336 109.257223715 133.751517682 16.7768519284 15.4555186341 5.68203934292 0.725962123871 4.99046367913 3.45211970074 0.69227394528 3.49530566965 0.776874116478 1.63164092241 4.49147551263 5.30211311884 1.61195758675 0.794064510053 0.752520387854 -9999.0 -9999.0 -9999.0 -9999.0 0.545692627339 0.482349740359 -9999.0 -9999.0 -9999.0 -9999.0 -9999.0 -9999.0 -9999.0 -9999.0 -9999.0 -9999.0 -9999.0 -9999.0
-9999.0 -9999.0 -9999.0 -9999.0 -9999.0 1.20674468845 1.14453719435 4.74262626778 5.84078133607 6.97042821996 1.07226670435 2.12327351181 12.1206576069 2.11799771721 0.977046308647 0.875281126489 0.744380055816 0.857706312487 0.767971485148 0.817389763187 134.457380502 136.446203825 0.654284879617 2.0738058023 1.44042684367 5.6682336714 1.40982974815 0.660784659392 4.28817755416 1.53049734307 3.72058102044 9.21024749554 8.4946309469 2.3925632836 2.30407690482 0.80155660117 0.78777410685 -9999.0 -9999.0 0.794075055971 1.22328193283 2.7239662947 0.514690904241 -9999.0 -9999.0 -9999.0 -9999.0 -9999.0 -9999.0 -9999.0 -9999.0 -9999.0 -9999.0 -9999.0
-9999.0 -9999.0 -9999.0 -9999.0 -9999.0 -9999.0 1.23061847512 1.23356043429 2.35882508406 3.49637382713 7.90989334086 10.0832308784 11.1671192419 1.10988240217 0.85840990108 11.75590328 14.321547223 15.0962378907 18.3636628018 19.0628479137 0.694416438893 137.156810843 140.578596008 2.73318226247 0.563767377113 6.26443763431 13.7962635224 5.5567257592 1.26513251785 0.637233274775 14.2576564169 9.89428135442 0.659799462965 0.642897472635 2.982069223 2.30876538572 0.72638864074 0.664026930839 0.757164002452 1.5261598069 0.711112721313 3.30785744399 3.99166217128 0.608304409562 -9999.0 -9999.0 -9999.0 -9999.0 0.758122861203 0.697267896613 0.236831809704 -9999.0 -9999.0 -9999.0
-9999.0 -9999.0 -9999.0 -9999.0 -9999.0 -9999.0 -9999.0 1.20870770479 1.08015547669 2.24316858991 3.37085348379 1.09343929746 0.977429651972 6.22793219934 8.12990531133 10.0826147344 0.897326135727 1.72543181543 0.850125032574 19.8196658238 43.6897245588 44.2166692386 186.053958985 0.656375359915 1.58402926368 0.483425859662 14.37424787 0.620702991528 1.91594829447 0.620395813069 14.8934842957 15.5333800153 1.32777626102 1.28619485308 7.4801761664 3.76503602077 1.38970439386 0.725399706669 1.50194987008 2.25760633884 3.64046559411 0.651731251014 5.16592890127 5.70638578957 0.478172432871 0.529508882348 0.564948255869 0.494072334745 0.470183015351 2.00034506327 0.804727655211 0.538273527415 -9999.0 -9999.0
-9999.0 -9999.0 -9999.0 -9999.0 -9999.0 -9999.0 -9999.0 -9999.0 2.24222951798 3.26028875147 1.0903148078 2.21847862477 3.25845591693 5.32089960726 1.03769155648 0.992051810075 0.828351306429 0.835425261325 0.716628219661 22.3325500617 0.879193892139 1.70263070895 188.313193049 189.649922345 0.542608134842 2.68262770048 17.5832226833 1.19303802336 2.43705146996 1.08943376281 1.58947081199 17.9237712247 1.87428598573 10.4817312717 8.67903213168 0.609847124799 3.43894446616 1.40004483543 2.14527164292 0.626435122265 4.24089314863 5.43056034632 5.87677326388 6.2900386278 7.47125626602 0.897418382872 0.97943989045 0.864722576618 0.81340864261 2.41863151952 0.452744952147 1.81522153556 2.22540038536 -9999.0
-9999.0 -9999.0 -9999.0 -9999.0 -9999.0 -9999.0 -9999.0 -9999.0 1.16889704054 5.57096679115 6.63196156987 1.06066880411 2.06223009183 0.99882606695 0.90521218446 0.889951020247 11.3668615223 15.0958870238 18.3919007009 21.7457837326 0.810814800045 0.846248247453 0.781098305377 193.120740925 194.523622393 195.032427266 22.9702473509 4.77982793103 4.16900987237 0.471970131792 2.05665896763 20.4774461537 0.496002929769 10.9900017649 0.59931187398 4.48035694993 4.13330513098 0.6562539268 2.78886646419 1.26070687634 1.8754085274 0.524170961863 0.405295630152 6.69568975713 7.05893072998 7.83320940976 1.38951371339 1.24675363704 1.18507547415 2.90076669172 3.82520093869 0.461514489172 2.66410205983 0.479576078579
-9999.0 -9999.0 -9999.0 -9999.0 -9999.0 -9999.0 -9999.0 -9999.0 -9999.0 1.19213983074 7.75009994018 8.79034754587 3.07371864804 5.08341192314 6.92670300804 7.87118815999 0.971882247192 2.888115 1.92057241117 0.999607509352 0.961006934062 0.851733624591 1.68291264892 2.81030184071 0.839164684022 219.42413572 219.98209467 0.493159466289 0.379898492009 0.954817955167 1.41919875389 21.9014035824 0.95746811422 11.4028256356 6.70843329873 5.61938881189 0.592263108036 1.22183916455 3.32909990952 0.541136788846 2.39325143331 1.03291729401 0.687280489577 0.338380715811 8.07923852146 16.1886578017 1.63794760788 1.50238233514 1.52540097851 0.348804475916 4.18205236539 0.343071917987 3.48638651972 0.401713016783
-9999.0 -9999.0 -9999.0 -9999.0 -9999.0 -9999.0 -9999.0 -9999.0 -9999.0 -9999.0 1.05504489068 10.9100003857 1.00215665358 2.00197010323 2.9021543467 4.66692209708 0.900882764402 1.89556761822 0.92673607087 0.854319898592 0.802166759494 1.58523576863 0.679353607664 0.753483199653 1.40760211156 0.764320963271 220.586923998 221.606854452 223.077106167 1.86325372615 0.4831349384 0.963333556328 22.4224635938 20.5552929943 7.80889136043 0.53975490184 2.36749544575 1.7876293908 3.8714155267 1.07789854423 4.49063524383 1.55720069849 1.09790393205 0.284069721353 0.367973370241 16.610812292 16.9559431621 20.3746950253 2.63891509754 0.729590176792 4.58033074576 5.31122923754 9.14069124465 0.793947330143
-9999.0 -9999.0 -9999.0 -9999.0 -9999.0 -9999.0 -9999.0 -9999.0 -9999.0 -9999.0 -9999.0 0.582160598069 12.1535104981 0.95293782028 1.84109424883 8.2768292517 0.91109640683 0.897531998089 0.763643418333 1.66373889396 0.826920594847 3.22431758802 4.58183351501 5.18471606905 1.93823067773 2.39364683249 0.529375354272 0.690948370795 0.629731807268 225.975307644 227.327198321 22.8422592156 21.4284711295 20.9962937043 0.897594362982 0.426665433554 2.85387504244 7.71039408253 4.37123687895 1.56675992025 6.54224698036 2.4572599639 2.00798442353 0.548935421045 0.216867579246 0.192858574425 0.22800834946 21.6446913785 25.3796710431 0.349876711416 0.317404622538 0.355787432802 9.49251760755 10.6183463505
-9999.0 -9999.0 -9999.0 -9999.0 -9999.0 -9999.0 -9999.0 -9999.0 -9999.0 -9999.0 -9999.0 0.532354629571 13.4339893508 16.4800001896 0.89918185202 10.0564958095 0.832258831456 0.780093091089 1.560298698 4.04279710242 0.789665177982 0.842724762383 0.667151389188 6.4981276934 7.09809034405 10.1437741034 11.2163569865 11.7988749683 12.2912676765 12.8747711875 240.735361499 264.518120115 286.789121951 287.119368924 0.36990380744 0.422220533846 8.69094223676 8.20479184821 0.487785902843 0.489981804272 7.05172682214 10.0122240481 0.397367172854 5.3198952977 4.96156213779 1.2412158824 0.558676327028 0.957086022978 0.435647538562 26.0589106657 0.357083596331 1.00836430074 1.26521904095 12.9129129349
-9999.0 -9999.0 -9999.0 -9999.0 -9999.0 -9999.0 -9999.0 -9999.0 -9999.0 -9999.0 -9999.0 1.12174134106 2.13790194649 17.4684979849 19.1618488696 0.854675990239 11.5702459236 0.683822605996 2.13263430448 4.7557366841 1.51135417549 0.715744938859 1.4500587077 0.556535841157 1.05669902655 0.517311887298 0.47194236405 0.411659291943 0.392565341152 0.36062903252 0.353963731763 0.475149870449 0.557944931543 0.595173368246 288.453140829 9.94170282222 9.26962619979 0.267846121953 1.37002365571 0.38718466001 0.37127608359 10.4500839274 17.1631238171 5.84212277847 4.46672339408 0.785004583789 0.316570851265 0.273514578937 0.600566562798 27.0078894641 27.6764353113 0.354136882198 0.380414922674 0.377779952682
-9999.0 -9999.0 -9999.0 -9999.0 -9999.0 -9999.0 -9999.0 -9999.0 -9999.0 -9999.0 -9999.0 -9999.0 0.931862181914 13.1766026267 33.2435442285 36.0221576197 48.3560465664 49.0189200902 10.4761136703 7.73727200112 2.2446113649 0.698726050728 2.80756529026 3.43667182104 5.03038961925 1.07610504911 0.965482223216 0.921436188868 1.79823255946 0.830493024465 0.806464055302 0.416756054985 0.31039980172 0.311009780151 288.880247537 299.07422486 299.409148592 0.267029426101 3.61821030792 1.68212229082 0.478317361874 18.7660688734 1.17019489818 0.614236497267 2.72252129796 0.557856900898 0.403993628851 0.736250975077 1.00880260662 1.32113681586 28.2125003255 0.249143660762 0.219656283792 0.219793419828
-9999.0 -9999.0 -9999.0 -9999.0 -9999.0 -9999.0 -9999.0 -9999.0 -9999.0 -9999.0 -9999.0 1.05663465607 10.0773681608 12.207677571 1.92872152343 0.599575159914 1.33405694658 51.1378621104 51.767754633 62.8689979164 0.611725059022 1.30077548178 0.536255142911 0.547577424739 5.55795918319 7.15912191416 8.58151464841 0.444082999377 2.23862227048 3.49706415873 2.03412331857 0.829490207086 0.655953335362 0.599643574683 0.580378005094 0.281868353621 299.679057782 299.866316963 303.90649317 0.75794291767 0.413162220816 19.1166855594 1.27237743545 0.667114914506 0.765766496838 0.760738129299 0.639183116864 1.11158600615 3.036069233 4.72077990103 33.1972614339 0.180033796741 0.557454067636 0.384246804208
-9999.0 -9999.0 -9999.0 -9999.0 -9999.0 -9999.0 -9999.0 -9999.0 -9999.0 -9999.0 -9999.0 1.08311110863 7.06065350783 1.09267826382 0.936630639941 5.04703659371 5.87090550319 6.68670254742 7.40010725167 86.133927525 86.7775206794 88.0113078522 97.8733853239 99.6110439789 100.585797931 101.138662736 110.992977884 112.304283225 112.795425877 116.84107827 119.390084804 119.805039322 121.272521215 0.979728965442 0.891532289429 0.199130969553 0.172489448404 300.116202967 305.149138748 1.05704640007 22.1744887141 21.8146643489 2.35409217565 0.547495272165 0.571429167352 0.541146042521 0.549917206784 1.1107818505 1.56446374546 0.427851519988 33.4449197814 33.7141477843 34.886131784 35.103742614
-9999.0 -9999.0 -9999.0 -9999.0 -9999.0 -9999.0 -9999.0 -9999.0 -9999.0 -9999.0 -9999.0 3.67257214588 4.84602553955 2.24105198452 3.28748164807 1.03199283394 11.8048574915 12.6872556714 14.4093962202 15.1454281159 5.7009870438 94.8145744055 95.47694428 0.611927706939 0.425457934313 0.402000435027 0.857723734233 0.418301777779 0.318869544532 0.291562419012 0.300813563615 120.242921347 121.718001767 123.129850073 124.368102982 125.027762395 0.282371691327 0.0767066946493 328.096170624 22.7691790935 22.5757194866 0.440485844283 0.416140665328 0.375700470373 0.967387305433 0.937456515754 0.427177643052 0.431135825209 0.385554938754 0.798824813066 1.03143121725 0.173205663089 0.317797355315 0.127890135671
-9999.0 -9999.0 -9999.0 -9999.0 -9999.0 -9999.0 -9999.0 -9999.0 -9999.0 -9999.0 -9999.0 -9999.0 2.49269737211 1.15302590039 1.0423846125 10.0361745927 10.9595540177 0.918302061224 3.58175363718 4.38694711554 5.08967854796 0.784415453051 0.552674927118 14.6529915671 15.091986899 15.5152587448 39.4501027111 39.7824692504 40.3815001491 43.4922474992 45.1906703809 45.4354935748 0.253314399773 0.273333536221 0.248939466743 125.330826409 0.129685045498 331.436035301 331.26210563 2.98608544722 2.70974594748 1.66286060527 0.422594979122 0.741405423378 1.36216902328 1.33739709028 0.826168354906 0.406356082485 0.78374708001 0.756129402052 1.34897537321 0.213015273489 0.514679756135 0.856909028522
