data/baseflow/History/mHMbfrc430
ncols                  80
nrows                 72
xllcorner      4374000.0
yllcorner      5656000.0
cellsize            500
NODATA_value       -9999
[rows 0 to 23 of 72, columns 0 to 53 of 80]
-9999.0 -9999.0 -9999.0 -9999.0 -9999.0 -9999.0 -9999.0 -9999.0 -9999.0 -9999.0 -9999.0 -9999.0 0.473988689542 0.561807050832 -9999.0 -9999.0 -9999.0 -9999.0 -9999.0 -9999.0 -9999.0 -9999.0 -9999.0 -9999.0 -9999.0 -9999.0 -9999.0 -9999.0 -9999.0 -9999.0 -9999.0 -9999.0 -9999.0 -9999.0 -9999.0 -9999.0 -9999.0 -9999.0 -9999.0 -9999.0 -9999.0 -9999.0 -9999.0 -9999.0 -9999.0 -9999.0 -9999.0 -9999.0 -9999.0 -9999.0 -9999.0 -9999.0 -9999.0 -9999.0
-9999.0 -9999.0 -9999.0 -9999.0 -9999.0 -9999.0 -9999.0 -9999.0 -9999.0 -9999.0 -9999.0 -9999.0 0.972911420205 2.47529580588 0.469939054812 -9999.0 0.505525264085 -9999.0 -9999.0 -9999.0 -9999.0 -9999.0 -9999.0 -9999.0 -9999.0 -9999.0 -9999.0 -9999.0 -9999.0 -9999.0 -9999.0 -9999.0 -9999.0 -9999.0 -9999.0 -9999.0 -9999.0 -9999.0 -9999.0 -9999.0 -9999.0 -9999.0 -9999.0 -9999.0 -9999.0 -9999.0 -9999.0 -9999.0 -9999.0 -9999.0 -9999.0 -9999.0 -9999.0 -9999.0
-9999.0 -9999.0 -9999.0 -9999.0 -9999.0 -9999.0 -9999.0 -9999.0 -9999.0 -9999.0 0.43635659214 0.411302868447 0.450387763351 0.451020091836 3.27924798167 3.67844426764 1.39317838885 0.451423598346 -9999.0 -9999.0 -9999.0 -9999.0 -9999.0 -9999.0 -9999.0 -9999.0 -9999.0 -9999.0 -9999.0 -9999.0 -9999.0 -9999.0 -9999.0 -9999.0 -9999.0 -9999.0 -9999.0 -9999.0 -9999.0 -9999.0 -9999.0 -9999.0 -9999.0 -9999.0 -9999.0 -9999.0 -9999.0 -9999.0 -9999.0 -9999.0 -9999.0 -9999.0 -9999.0 -9999.0
-9999.0 -9999.0 -9999.0 -9999.0 -9999.0 -9999.0 -9999.0 -9999.0 -9999.0 0.408562168248 0.850150369827 1.68666961189 0.851216352239 0.406810070728 0.790773197497 4.03725720269 6.31084887277 0.454052707503 -9999.0 0.419625819368 -9999.0 -9999.0 -9999.0 -9999.0 0.938294080585 0.492352654453 -9999.0 -9999.0 -9999.0 -9999.0 -9999.0 -9999.0 -9999.0 -9999.0 -9999.0 -9999.0 -9999.0 -9999.0 -9999.0 -9999.0 -9999.0 -9999.0 -9999.0 -9999.0 -9999.0 -9999.0 -9999.0 -9999.0 -9999.0 -9999.0 -9999.0 -9999.0 -9999.0 -9999.0
-9999.0 -9999.0 -9999.0 -9999.0 -9999.0 -9999.0 -9999.0 -9999.0 0.522785447871 1.39181925748 1.78201291902 2.17966340896 2.92107297905 0.361199488884 1.48795457003 1.8248530749 8.84170845037 0.318424350492 0.281709515542 0.755240588583 1.08020097413 0.34863603405 -9999.0 2.25496590115 1.85517499542 0.464279406316 -9999.0 -9999.0 -9999.0 -9999.0 -9999.0 -9999.0 -9999.0 -9999.0 -9999.0 -9999.0 -9999.0 -9999.0 -9999.0 -9999.0 -9999.0 -9999.0 -9999.0 -9999.0 -9999.0 -9999.0 -9999.0 -9999.0 -9999.0 -9999.0 -9999.0 -9999.0 -9999.0 -9999.0
-9999.0 -9999.0 -9999.0 -9999.0 -9999.0 -9999.0 0.49600006604 0.424934490688 0.406377878668 0.42143572517 0.435314470507 3.0701046088 6.40327796325 6.80062141822 7.1076984778 0.307185208094 9.4694750008 9.76610154502 0.612889891827 0.333603552989 1.39611846863 2.40766673765 0.334998050158 3.29141181877 0.338631047395 0.344190409993 0.355470124005 -9999.0 -9999.0 -9999.0 -9999.0 -9999.0 -9999.0 -9999.0 -9999.0 -9999.0 -9999.0 -9999.0 -9999.0 -9999.0 -9999.0 -9999.0 -9999.0 -9999.0 -9999.0 -9999.0 -9999.0 -9999.0 -9999.0 -9999.0 -9999.0 -9999.0 -9999.0 -9999.0
-9999.0 -9999.0 -9999.0 -9999.0 -9999.0 -9999.0 1.00918118939 1.47661564862 3.27736041546 4.47835344155 0.353435474911 0.381517168654 0.356494490625 1.02550739553 8.4272114897 0.263247789875 10.0507067617 11.2449084985 0.905322981063 0.607411064773 2.69167448298 0.323826204318 3.60613060608 0.596259875147 0.294043651457 0.62191961288 0.705698387969 0.379190258421 0.401031620921 0.381009695387 0.43450663408 0.865668231523 -9999.0 -9999.0 -9999.0 -9999.0 -9999.0 -9999.0 -9999.0 -9999.0 -9999.0 -9999.0 -9999.0 -9999.0 -9999.0 -9999.0 -9999.0 -9999.0 -9999.0 -9999.0 -9999.0 -9999.0 -9999.0 -9999.0
-9999.0 -9999.0 -9999.0 -9999.0 -9999.0 0.607196473798 1.13736469932 0.526390232013 0.994545485083 4.9637595964 5.76266810023 6.55349670389 22.6627644026 0.343911292008 8.75594513837 34.4319067751 34.7018396048 46.4679618973 0.298788197823 0.88264725021 2.97738653723 0.281064520148 7.07566335995 3.1683089245 1.95141723459 1.64580535822 0.339461832075 1.11747024849 1.14887011171 0.761583879287 0.365873133187 1.24848760143 0.359725598442 0.347578307315 -9999.0 -9999.0 -9999.0 -9999.0 -9999.0 -9999.0 -9999.0 -9999.0 -9999.0 -9999.0 -9999.0 -9999.0 -9999.0 -9999.0 -9999.0 -9999.0 -9999.0 -9999.0 -9999.0 -9999.0
-9999.0 -9999.0 -9999.0 -9999.0 -9999.0 0.618861297739 1.76004383604 3.46130951712 3.95521142597 7.81657130509 8.25777963079 9.68414964203 15.77687616 23.9628186443 24.7434326248 25.105011491 0.591875943201 47.6012133912 48.1995241792 49.7005081813 60.9110110272 7.96047441899 7.3964907412 2.26291538368 0.304239913125 2.00933762414 1.40177316382 0.26494314275 1.46329853559 0.314712052993 0.676153061761 1.92048575379 2.2572186545 0.672892199571 0.322019915884 0.311679282153 -9999.0 -9999.0 -9999.0 -9999.0 0.389145298167 0.370849362296 -9999.0 -9999.0 -9999.0 -9999.0 -9999.0 -9999.0 -9999.0 -9999.0 -9999.0 -9999.0 -9999.0 -9999.0
-9999.0 -9999.0 -9999.0 -9999.0 -9999.0 0.580988138861 0.533647985102 2.33951176383 2.85287579187 3.39360503227 0.491348887489 0.96417681519 5.7194463457 0.994258739546 0.435698672619 0.36416729141 0.303178180523 0.366354749742 0.333943692901 0.354213108038 61.2142558031 62.0556012039 0.276851308909 0.872714151731 0.603911559891 2.2854856068 0.540666987365 0.251231663277 1.78172170343 0.619597206711 1.57999043071 3.879022409 3.57020187846 0.981432658224 0.923757443794 0.332263043719 0.324534440176 -9999.0 -9999.0 0.322598478148 0.767136800039 1.91407851766 0.390475373239 -9999.0 -9999.0 -9999.0 -9999.0 -9999.0 -9999.0 -9999.0 -9999.0 -9999.0 -9999.0 -9999.0
-9999.0 -9999.0 -9999.0 -9999.0 -9999.0 -9999.0 0.630840588753 0.648016799548 1.15237685267 1.69297166433 3.78725148677 4.79580133915 5.30412730661 0.531256124988 0.357269331328 5.16659850722 6.24287836175 6.55862931879 7.95194964526 8.24697931186 0.29417435469 62.3528016564 63.7734653868 1.13452372462 0.224512186181 2.52411874841 5.55396503985 2.26905047848 0.516462332382 0.265201589865 5.99930162 4.16271767574 0.257280512377 0.257788318129 1.1914100023 0.950579473079 0.277261524688 0.247423905515 0.30472265745 0.616638895135 0.283750202907 2.31338203917 2.56356027139 0.217915213401 -9999.0 -9999.0 -9999.0 -9999.0 0.270913730393 0.245428061585 0.136901509153 -9999.0 -9999.0 -9999.0
-9999.0 -9999.0 -9999.0 -9999.0 -9999.0 -9999.0 -9999.0 0.591130162636 0.499978037387 1.07862339662 1.62632808548 0.507125483342 0.420295504673 2.81522820425 3.62603016245 4.47664093346 0.387789469978 0.73840189628 0.368620878081 8.56598135633 19.2928671302 19.6663501044 84.0436244273 0.275109040739 0.623474330715 0.189873863233 5.78565148446 0.252105157148 0.786758880808 0.255420503922 6.25289093954 6.51043987912 0.521179660699 0.516416308292 3.01711139533 1.52628482477 0.530274327228 0.282034633537 0.604413046844 0.910541903272 1.44727375343 0.237209643381 2.97140878574 3.15107600879 0.154183680259 0.173249650576 0.184123963113 0.155625855439 0.14499976505 0.693898421854 0.332149948124 0.187682786498 -9999.0 -9999.0
-9999.0 -9999.0 -9999.0 -9999.0 -9999.0 -9999.0 -9999.0 -9999.0 1.07284881433 1.52491765207 0.504703897903 1.04874239479 1.51915921358 2.44397527926 0.464773143394 0.4368119133 0.346220121282 0.349758185791 0.297679895148 10.0677082455 0.381624522753 0.726486949627 85.136483721 85.6570315855 0.158762350564 0.948061336721 6.92623616782 0.491479686987 0.998827937235 0.440468552754 0.645211709255 7.45453579468 0.73898786048 4.21932710321 3.49940663886 0.250341871928 1.34416429792 0.553053049653 0.860184426903 0.248881422685 1.67058658543 2.09264183557 2.23858042657 2.37237274818 3.72096194293 0.290800931394 0.313274031697 0.269752305794 0.247989748098 0.828905881472 0.154899690441 0.681272776121 0.824573868098 -9999.0
-9999.0 -9999.0 -9999.0 -9999.0 -9999.0 -9999.0 -9999.0 -9999.0 0.581925165453 2.67565149237 3.15699284511 0.479962663603 0.923265857091 0.44102775757 0.383669790505 0.375643155549 4.90414012745 6.46680903124 7.98568622587 9.65365889763 0.380570820095 0.359919708988 0.258640761802 87.1271076359 87.7633756049 87.9373876546 9.03436925075 1.92290721744 1.70195830569 0.18598249111 0.831805382826 8.48249406907 0.193433044508 4.4177042151 0.244329341707 1.81013619994 1.62322993839 0.263647294516 1.11569431869 0.500875916865 0.744220856096 0.182138541945 0.129150700429 2.50343307628 2.61920832015 3.83636816208 0.440866635238 0.387709433385 0.360950040672 0.994408415544 1.31033448441 0.157646698562 0.98409711612 0.182826617727
-9999.0 -9999.0 -9999.0 -9999.0 -9999.0 -9999.0 -9999.0 -9999.0 -9999.0 0.623978254571 3.69508732572 4.16025718325 1.37107691726 2.25410967469 3.03376395777 3.43353939017 0.421214133791 1.21531310228 0.815999495446 0.445173495788 0.415360371432 0.345976215016 0.646310043939 1.03862801716 0.303762098026 97.5012411735 97.6590408063 0.145991942911 0.132457787204 0.387647515259 0.578853970119 9.04854185824 0.378295427062 4.57824781922 2.69097288467 2.2597205863 0.235146961758 0.488788450157 1.33019957296 0.214622172015 0.949411384959 0.376069078637 0.204594785728 0.0897706137607 2.91315197409 6.83710569525 0.518683022268 0.468159497188 0.476609233505 0.122114447932 1.43278422942 0.11815184327 1.27154854752 0.153318048932
-9999.0 -9999.0 -9999.0 -9999.0 -9999.0 -9999.0 -9999.0 -9999.0 -9999.0 -9999.0 0.477808224751 5.11944695383 0.440629561587 0.875533180945 1.24635947178 1.95331853234 0.359583674673 0.773739019931 0.374268161498 0.330267226382 0.305625867718 0.599660738846 0.254362220433 0.238770034736 0.432096151532 0.249008285055 97.8794908929 98.1975035262 98.6585045555 0.726189623982 0.201077404871 0.40073842108 9.26075401402 8.22621891521 3.13360923956 0.217789804002 0.943991271108 0.713875625153 1.54551198376 0.427988297069 1.74074143266 0.578255675481 0.344109684094 0.0760709675635 0.10238335385 6.97056827396 7.08285656759 8.15900189547 0.867808723262 0.255981053375 1.5692793242 1.82011588709 3.2097662658 0.296703359754
-9999.0 -9999.0 -9999.0 -9999.0 -9999.0 -9999.0 -9999.0 -9999.0 -9999.0 -9999.0 -9999.0 0.369662275738 5.82722295502 0.403206207464 0.766029649388 3.41227892569 0.353859679961 0.345369707623 0.288646232899 0.647988812003 0.332299842078 1.25168688309 1.7596716117 1.97943050442 0.60857481763 0.742075119647 0.15205191705 0.206776240806 0.215829399088 99.8059387984 100.337696588 9.41634104484 8.555300671 8.3933433781 0.335599839387 0.161049135875 1.13538491841 3.06686356218 1.74068458217 0.619635339266 2.54318542246 0.784441989396 0.616790571835 0.153892349248 0.0581889044036 0.0455089481323 0.0531288457365 8.51346008491 9.74328492388 0.123897680019 0.111080699474 0.129515123716 3.3420463924 3.76318698457
-9999.0 -9999.0 -9999.0 -9999.0 -9999.0 -9999.0 -9999.0 -9999.0 -9999.0 -9999.0 -9999.0 0.334579442615 6.54051658121 7.89775460683 0.372307917752 4.13500535831 0.310702299088 0.289105040277 0.607377775624 1.58566940573 0.315099945839 0.343237840378 0.250622073452 2.46623233258 2.69445208412 3.69042035329 4.00967848867 4.16345552147 4.30393310488 4.48456605237 104.997024988 114.655042538 123.430484446 123.551231523 0.117907866037 0.161370245581 3.4518771473 3.26110068308 0.190651838218 0.188288105537 2.73027254331 3.69933538719 0.140076503601 1.7359132085 1.61884668719 0.359173068694 0.147459953808 0.26343715656 0.13815389942 9.94849177171 0.103774164117 0.332074535225 0.406775511759 4.45264328464
-9999.0 -9999.0 -9999.0 -9999.0 -9999.0 -9999.0 -9999.0 -9999.0 -9999.0 -9999.0 -9999.0 0.527687471091 0.981636695214 8.33029295777 9.00857743434 0.337095694425 4.82268587829 0.247227426606 0.786931787066 1.85895125897 0.595850544562 0.278440344644 0.571513428962 0.200641844496 0.393074404411 0.204618269865 0.179230562982 0.144582702285 0.130734073622 0.0930799629574 0.0665107662042 0.0880399901753 0.121273117539 0.162033341273 123.949018907 3.84543209534 3.61191194872 0.0769774520465 0.523337106281 0.145635091139 0.156722315519 3.8594290318 6.08796890605 1.92110667515 1.47534804997 0.241158422717 0.0845728813708 0.0709464813361 0.162884200471 10.2164514259 10.4053734137 0.100967238037 0.105337276622 0.089320534435
-9999.0 -9999.0 -9999.0 -9999.0 -9999.0 -9999.0 -9999.0 -9999.0 -9999.0 -9999.0 -9999.0 -9999.0 0.390419940991 6.14598659933 15.5366427144 16.7086547922 21.8420610124 22.2092943115 4.15443705219 3.02920813042 0.881465810279 0.271795935735 1.09956937876 1.34053853575 1.94474501564 0.424045143281 0.375928712928 0.346732730949 0.669725939493 0.280548219627 0.24079108022 0.144729728494 0.0924850536029 0.0596132181661 124.064169836 128.033200043 128.135859721 0.0732617736606 1.3346663017 0.654838854556 0.181802857497 6.66090365688 0.418308845939 0.220660529366 0.949548438629 0.185847377617 0.115429716858 0.2078456078 0.288607513201 0.384679966063 10.5561425422 0.0692181419535 0.0584083362537 0.0580720666608
-9999.0 -9999.0 -9999.0 -9999.0 -9999.0 -9999.0 -9999.0 -9999.0 -9999.0 -9999.0 -9999.0 0.471345304577 4.75270513322 5.7229885037 0.829592222722 0.355084351566 0.670012292898 23.1781877577 23.4704729867 27.9787237481 0.233893678463 0.502020760462 0.205230020493 0.209619397326 2.14620034115 2.77080836052 3.32649428541 0.174388783042 0.84230575404 1.29101058407 0.701213369485 0.304837417172 0.212363709652 0.153869662443 0.141357806103 0.0429431313353 128.2103501 128.261686788 129.688382866 0.268266842451 0.148816886956 6.85959774613 0.452272945126 0.234634876293 0.269411471359 0.266269603455 0.219454807787 0.345764926465 0.954733534117 1.44220322126 12.0690332726 0.0482774694933 0.147298651261 0.100478759677
-9999.0 -9999.0 -9999.0 -9999.0 -9999.0 -9999.0 -9999.0 -9999.0 -9999.0 -9999.0 -9999.0 0.489395858648 3.4416629472 0.508257769274 0.392955478608 2.34138734389 2.66774090784 2.98602165564 3.26116045968 37.9848281765 38.2469076891 38.7244140476 42.4883742918 43.0941680032 43.4075524722 43.6130074198 47.326805189 47.7927938581 47.9713834345 49.4588786972 50.350456993 50.5083549241 50.9947130715 0.300917597229 0.24087022548 0.0339115573413 0.0199386042632 128.316085079 130.08786208 0.358102238375 8.02815880908 7.8869748446 0.809200552356 0.186226799173 0.189122056733 0.178620557363 0.18271257675 0.366713421271 0.506225705895 0.126802182418 12.1355434387 12.2077991746 12.5153489885 12.5713820733
-9999.0 -9999.0 -9999.0 -9999.0 -9999.0 -9999.0 -9999.0 -9999.0 -9999.0 -9999.0 -9999.0 1.8408216417 2.41313812686 1.05275614849 1.52163865332 0.457828749119 5.19520204448 5.5341602564 6.20116100511 6.46788220077 2.12012610406 41.3123999164 41.568054604 0.178176041908 0.106582683203 0.100817622015 0.218768618708 0.110476918749 0.0872874136998 0.084714883161 0.0841817965003 50.6402195045 51.130865875 51.6016803509 51.982733843 52.0826419979 0.0314364440479 0.00878986221915 138.360775254 8.2341870412 8.177384735 0.155671010886 0.135773954534 0.117319625018 0.310440889105 0.300293170526 0.135867127201 0.137509638953 0.127935516424 0.252568877556 0.320276370804 0.0466056454738 0.0848637697018 0.0290539042921
-9999.0 -9999.0 -9999.0 -9999.0 -9999.0 -9999.0 -9999.0 -9999.0 -9999.0 -9999.0 -9999.0 -9999.0 1.25551390563 0.557586787231 0.463968740863 4.51196700457 4.87239138424 0.363435673773 1.35076723844 1.65712775277 1.89417150602 0.289495226227 0.162457452979 5.64690134021 5.76669819704 5.87670693197 14.8074023833 14.8842914675 15.0359576463 15.8525880246 16.255983599 16.3185004606 0.0810904486807 0.0871072354112 0.0749507971516 52.1717099036 0.0249479776492 139.403518023 139.354175062 0.963623175827 0.892450207452 0.571629619378 0.14275813185 0.235564720366 0.433236653342 0.422993695424 0.260088560572 0.129860935221 0.254362954654 0.257031991518 0.431695335836 0.0760653438881 0.142771575244 0.229675167195
