data/baseflow/History/mHMbfrc255
ncols                  80
nrows                 72
xllcorner      4374000.0
yllcorner      5656000.0
cellsize            500
NODATA_value       -9999
[rows 24 to 47 of 72, columns 0 to 53 of 80]
-9999.0 -9999.0 -9999.0 -9999.0 -9999.0 -9999.0 -9999.0 -9999.0 -9999.0 -9999.0 -9999.0 -9999.0 0.870235681074 2.42979040333 3.17411185486 5.42246775061 0.640899800726 1.30145463936 1.91755259978 7.62922711079 8.15273690036 8.54929584537 9.03807172641 9.55860844039 15.0245582187 16.5587152018 17.3377851343 0.302986684425 1.81721525558 2.08352434897 32.3405776643 33.488723127 34.0025726731 34.5272304809 35.003254944 132.670665678 0.214055361597 271.736162136 0.47525002739 0.207906580301 2.38761365971 2.07853767216 0.323146532046 1.14560375138 1.69756496311 1.6699027986 1.17245008456 1.92614306451 3.05197678142 1.15832991418 2.9211452033 0.271334518725 0.433761854408 0.086236198103
-9999.0 -9999.0 -9999.0 -9999.0 -9999.0 -9999.0 -9999.0 -9999.0 -9999.0 -9999.0 -9999.0 -9999.0 0.806680650634 1.61319847359 0.762950993913 1.51961501854 0.662431172374 5.12656328873 6.38431880268 7.02612316174 0.589604207277 1.14063772863 11.327055782 14.0718934338 14.5798903646 1.05956151524 0.94479187093 1.34446673487 0.239075087947 0.221145766684 0.419647234105 0.213174957191 17.9474903306 18.2126838246 18.406403161 133.035439084 273.733728502 271.958193277 0.330231553259 0.151947557396 0.13945550311 0.637983305559 0.506249611316 1.40481471255 2.02641001353 4.07372939212 0.376348769878 0.374513648154 3.36891198885 3.69483402916 7.21031235593 7.40296318118 7.92795595906 8.09203603574
-9999.0 -9999.0 -9999.0 -9999.0 -9999.0 -9999.0 -9999.0 -9999.0 -9999.0 -9999.0 -9999.0 -9999.0 -9999.0 0.796733694564 1.57957632576 2.36573635359 3.74580279062 0.716890932856 0.647512279208 4.66965640139 5.26637409362 10.2729168374 10.8852445394 1.72979120069 0.559910510194 0.514941229507 0.467136168504 16.4752736646 16.7898280746 17.0587559571 17.2750091864 17.709127635 2.87978794353 3.10264727128 21.7001247916 428.673511222 1.40899405227 1.07399434838 0.520781311875 0.148465978357 0.124742620138 0.913261398868 1.01379628741 1.64467580646 0.120470252295 4.23627022532 0.613488170582 0.60145848459 0.112970495794 0.0800651205571 0.073185461999 0.0854788270416 0.0763556552574 8.20087688797
-9999.0 -9999.0 -9999.0 -9999.0 -9999.0 -9999.0 -9999.0 -9999.0 -9999.0 -9999.0 -9999.0 -9999.0 -9999.0 -9999.0 0.739186659959 1.4413870145 2.08330570856 2.73375612932 3.37911862793 4.04200606219 1.94606573406 3.24386527595 0.605541032684 0.577326929849 13.9298255467 15.0283264186 15.5349575357 16.0740884076 0.398333508906 0.713681686581 1.96630048275 2.29683087961 2.59770268971 0.267555533311 0.218619654023 429.521476582 0.329903042862 0.345267176899 0.166539107372 0.67352800291 0.32488955985 0.155433851006 2.80804840041 2.94572027195 0.100069525921 4.34979101534 5.04503899255 0.702907831495 112.880143536 112.687963952 112.518328916 112.142475695 111.974984224 109.517400746
-9999.0 -9999.0 -9999.0 -9999.0 -9999.0 -9999.0 -9999.0 -9999.0 -9999.0 -9999.0 -9999.0 -9999.0 -9999.0 -9999.0 0.193506796556 0.428951383464 0.653359203425 6.39483540744 7.06966052938 0.683548576729 0.657257836189 0.656336939283 11.6008889984 12.8378106402 0.591364203395 0.599109386298 0.499501551717 2.10182387226 2.62024857992 1.23943775231 1.62412393149 12.1915543228 12.5799909159 13.2121197345 20.9419171265 450.695896893 0.319085234612 0.140693131065 1.0638945476 0.872705715237 0.144743310292 0.447955676662 0.580756962498 3.09161501186 3.21487849342 8.5783150085 5.15908541774 0.832508401522 115.345699528 1.06419402785 112.355061259 112.254206563 2.30117874266 0.193287273789
-9999.0 -9999.0 -9999.0 -9999.0 -9999.0 -9999.0 -9999.0 -9999.0 -9999.0 -9999.0 -9999.0 -9999.0 -9999.0 -9999.0 0.964330202575 1.59324254739 3.24492337054 5.71018682477 7.69248158325 9.07926849202 9.73088787113 10.3903825373 11.0225025533 0.606012075879 0.551894089943 1.08883050486 1.03738396052 0.551919055871 10.518452516 11.0263549496 11.4992151336 11.9547320437 6.7679133543 7.0697339836 7.46912822939 450.892425851 0.564408810958 0.344233054046 1.55205148411 0.193324153513 0.280353441424 0.150498231134 0.122887506696 0.7098143725 0.0993557503801 0.105667815619 124.518427197 115.854406311 115.742777462 0.424260396704 0.969311629124 0.618106122484 0.139156051932 1.97351531645
-9999.0 -9999.0 -9999.0 -9999.0 -9999.0 -9999.0 -9999.0 -9999.0 -9999.0 -9999.0 -9999.0 -9999.0 -9999.0 -9999.0 0.667224147248 0.636342510844 1.25076231011 1.87746247422 0.715704814707 0.776105975165 1.47249804455 2.15870845614 3.45974940288 4.09314889105 4.6449493314 6.30626340446 6.82794347021 7.40845635508 0.525209045421 5.24782101736 5.70087170073 6.10249484516 0.30847211135 0.202651840942 0.381832112651 458.86107584 459.051705741 459.957223121 2.11841418982 0.406430553938 0.46182321403 0.116643800765 0.22027455239 0.813410314314 1.00108145804 0.193057394158 125.008624036 0.159902274557 0.232580623798 0.253683027241 0.201821221013 0.363756982939 0.152894159144 1.31044077088
-9999.0 -9999.0 -9999.0 -9999.0 -9999.0 -9999.0 -9999.0 -9999.0 -9999.0 -9999.0 -9999.0 -9999.0 -9999.0 -9999.0 -9999.0 0.610965464273 1.19768889807 0.567621530582 1.17108829234 7.31489726015 7.94600430572 8.60456770433 0.641903714062 0.642473290241 1.19425274868 1.77113115314 2.80908128944 3.35070146866 3.70569202428 4.21097271426 0.433279182647 0.396693504775 6.80875675626 6.9988219622 7.19211471114 7.38483214574 6.4415817307 467.221920134 470.520450608 470.707343277 471.340532225 472.048696196 472.384999765 0.0957441666799 1.08964820957 125.106047767 0.219001393017 0.112402635934 0.131456712061 0.12664645046 0.216949350429 0.195382322983 0.1141412217 0.169892147898
-9999.0 -9999.0 -9999.0 -9999.0 -9999.0 -9999.0 -9999.0 -9999.0 -9999.0 -9999.0 -9999.0 -9999.0 -9999.0 -9999.0 -9999.0 -9999.0 1.78036378428 2.38463670194 4.19147478269 5.51728917807 0.694065841319 10.0416815316 10.6756078091 11.2754954379 0.584477727797 1.15577116823 0.516483965261 3.92581422861 4.26114011815 4.75106847589 5.2243174892 6.39331478382 6.55773556757 0.114853940177 5.68001491324 6.06942618309 6.25831906015 7.06838383533 0.988947408016 0.612070422379 0.363298153004 0.354993548133 472.766366335 472.923386063 474.818146879 125.201468884 0.622526170489 0.322955998718 0.216843022377 0.0679272633953 0.626658752046 0.323255209218 0.101004932008 0.553654205266
-9999.0 -9999.0 -9999.0 -9999.0 -9999.0 -9999.0 -9999.0 -9999.0 -9999.0 -9999.0 -9999.0 -9999.0 -9999.0 -9999.0 -9999.0 -9999.0 0.618923303061 2.99130505954 3.6219046503 0.72011251482 0.701512394596 1.43160652917 2.10083502546 13.990184168 0.590050589419 2.35601215902 2.89148587729 3.42312026813 0.347604671179 0.80978330464 1.09378689152 4.52462152225 5.03085749689 5.18885742179 0.185947406172 0.194258765014 0.237041404015 0.433684620239 0.188970437672 0.20449227253 0.306839041228 0.289046469843 0.304425813592 0.690594211429 474.994672614 600.613762814 0.76932361263 0.17586371115 0.0689310917112 1.93121938906 1.78131136996 1.04754907843 0.937945166902 0.69734366048
-9999.0 -9999.0 -9999.0 -9999.0 -9999.0 -9999.0 -9999.0 -9999.0 -9999.0 -9999.0 -9999.0 -9999.0 -9999.0 -9999.0 -9999.0 0.538224673869 1.72496862541 0.568006543502 0.766991804099 0.777799879109 1.50002398929 2.21325386403 2.83981960251 17.3956960159 17.975525027 0.594560831377 1.14072163704 1.69166629532 2.13004109391 2.58961175328 3.98028119289 4.33415977134 0.291413581666 0.282954356368 0.277402185689 0.304318538201 0.32394576314 0.339647268126 0.304190238198 0.397146562596 1.0748258581 0.505940687137 0.164894228787 0.160492907924 0.14260524939 0.265769325024 606.677902406 5.09135321891 2.34446452309 0.234358158858 0.108489724878 0.0795389697262 0.264088299442 0.176484382712
-9999.0 -9999.0 -9999.0 -9999.0 -9999.0 -9999.0 -9999.0 -9999.0 -9999.0 -9999.0 -9999.0 -9999.0 -9999.0 -9999.0 0.571629235889 1.09309759315 3.91853822678 0.550164569479 1.45879342117 2.21845882419 2.9283810025 0.728965046451 1.36707065029 1.977774658 20.4866162438 0.566458743439 1.08390901235 1.61806835502 0.51023067125 1.00956307844 1.29210504657 1.62424400774 37.9099670889 38.44020697 38.9436016902 40.9674816637 41.9382063326 43.6656734884 0.440958838354 1.05249640893 1.30785205875 48.6908620075 48.9884344908 0.147436191197 0.250123718982 0.348960307452 606.853722374 4.74585687636 2.10116562997 1.97242012413 1.70028836739 1.54167370362 0.349221927668 0.0872710405387
-9999.0 -9999.0 -9999.0 -9999.0 -9999.0 -9999.0 -9999.0 -9999.0 -9999.0 -9999.0 -9999.0 -9999.0 -9999.0 -9999.0 0.586008182405 1.76346385265 6.26090107562 9.28206166495 0.500830038677 12.1993073314 15.7039927099 0.697350372205 1.34167847211 1.96891996889 26.146224747 26.669573776 0.456964553303 2.54976817853 3.00366666171 3.42361679948 34.615732364 35.4919092697 36.0237308054 0.25588108042 1.46208234703 1.73545669557 0.759334246118 1.08431231292 45.2109068635 46.7437675284 46.9997348068 47.2408148713 49.2699088143 0.136809675535 0.118704740876 0.566183522987 607.013840076 0.167773767918 0.0566078829243 0.162907125526 0.0591265492441 1.36383079041 1.19383766174 0.710003846265
-9999.0 -9999.0 -9999.0 -9999.0 -9999.0 -9999.0 -9999.0 -9999.0 -9999.0 -9999.0 -9999.0 -9999.0 -9999.0 -9999.0 -9999.0 -9999.0 1.23604230713 2.48526028281 11.0182337737 11.6392457189 16.251407744 16.8365551502 0.680372085331 1.35974541843 3.19435103018 27.1814557219 28.1473953584 28.5336217454 0.324547479565 29.9775780652 30.8636127177 0.56343183039 0.259336105887 0.505872137026 0.988597639433 0.237309109067 0.47681771815 1.06435441081 1.32758489066 0.255451306822 0.17364506322 0.342751110371 50.6004921454 51.0539898188 51.1570961155 52.0103403316 607.155406093 0.120536439142 0.0409662934202 0.0455967753487 0.0434765517357 0.0445904465598 0.038269443468 0.0715655998941
-9999.0 -9999.0 -9999.0 -9999.0 -9999.0 -9999.0 -9999.0 -9999.0 -9999.0 -9999.0 -9999.0 -9999.0 -9999.0 -9999.0 -9999.0 -9999.0 0.647559634771 0.632877780337 0.623444719465 1.25236776136 0.554512973434 17.9386874537 18.4833242517 0.633131974698 1.25879696385 0.593617328784 0.482135750947 0.465861807549 29.3505277533 0.29055675411 0.580943963665 0.314149603396 0.273975036288 0.246321702481 0.197465379536 0.204941902615 0.62306784243 0.851353375404 0.169964967496 0.153537646404 0.326476045328 0.536820246858 0.738583235065 0.227882174436 51.3255133249 52.1188500076 607.267024005 0.365822456695 0.125090706878 0.0284668687848 0.06536534718 0.0224465718932 0.0165019869239 0.0898607002106
-9999.0 -9999.0 -9999.0 -9999.0 -9999.0 -9999.0 -9999.0 -9999.0 -9999.0 -9999.0 -9999.0 -9999.0 -9999.0 -9999.0 -9999.0 -9999.0 -9999.0 -9999.0 0.627871132077 1.82593165251 2.33291227854 2.87095243143 19.0095797182 19.5331763103 20.0600924864 20.6330335382 21.0844217471 22.0185741691 22.3052387604 22.5753583141 22.8271678597 0.242222269415 0.228704875857 0.240197271347 0.857067299437 0.226188164143 0.214943607333 0.172755087752 0.503560238357 0.199016303071 0.154296656766 0.143628532931 0.127694927315 0.254842575948 0.359798363532 52.8406044353 660.587927341 0.11657279263 0.227926183437 0.0234604797641 0.0908773772073 0.0524523518335 0.0332124241864 0.773590601211
-9999.0 -9999.0 -9999.0 -9999.0 -9999.0 -9999.0 -9999.0 -9999.0 -9999.0 -9999.0 -9999.0 -9999.0 -9999.0 -9999.0 -9999.0 -9999.0 -9999.0 -9999.0 -9999.0 0.526078412508 4.18486009217 8.19932765909 8.76769256629 0.697687741196 1.34027694365 1.97874652953 2.51643434393 6.04018301092 6.3060784235 0.256610529837 0.253763129734 23.3327491291 23.786478264 24.0007856937 1.02835182758 0.158446273458 0.387645114626 0.568411681289 1.68123118663 2.06059606552 2.35946366768 0.27505448001 0.381545038816 0.126717974169 0.247405303398 0.125149748722 660.830967358 0.10524320937 0.429657796658 0.127770712572 0.273687365494 0.744554446974 0.832253369414 1.66301390269
-9999.0 -9999.0 -9999.0 -9999.0 -9999.0 -9999.0 -9999.0 -9999.0 -9999.0 -9999.0 -9999.0 -9999.0 -9999.0 -9999.0 -9999.0 -9999.0 -9999.0 -9999.0 0.588168142463 1.87228594211 3.6668496153 4.79202634793 12.2328682103 12.8644600512 1.33010574775 1.97474353726 2.5386627091 3.07560515291 6.59007147206 7.11865295581 12.7202801024 13.2235123997 13.486199301 24.2173600031 25.8157743866 0.380025316934 0.245325542733 0.234687449149 0.448220950364 0.204416629434 2.74879378576 2.89307604825 0.501178661522 0.68291538103 0.15195827353 154.937286969 155.18911024 816.184531769 816.777408487 0.107844789779 0.503297948854 0.133954175623 0.109624624849 1.85496385506
-9999.0 -9999.0 -9999.0 -9999.0 -9999.0 -9999.0 -9999.0 -9999.0 -9999.0 -9999.0 -9999.0 -9999.0 -9999.0 -9999.0 -9999.0 -9999.0 -9999.0 -9999.0 -9999.0 0.668954778317 0.651906405985 1.23291665012 2.93660226191 13.4102073585 0.683853956085 0.676399848649 1.23259250018 1.80322423468 4.37405280507 4.7535667354 0.305440710983 0.321505108615 13.7972949697 14.0348414187 40.1059678632 40.3399608972 0.144517073793 0.128723716766 0.107914015966 0.108928562719 0.112559775572 152.145838078 153.005682999 153.884411267 154.215229678 154.76990698 0.135579493928 0.497519859186 0.602769869986 817.625286513 817.719082112 817.904732867 818.088198651 818.236370095
-9999.0 -9999.0 -9999.0 -9999.0 -9999.0 -9999.0 -9999.0 -9999.0 -9999.0 -9999.0 -9999.0 -9999.0 -9999.0 -9999.0 -9999.0 -9999.0 -9999.0 -9999.0 -9999.0 -9999.0 0.598238678164 0.625892190955 1.16659027008 15.6933514585 16.2649146066 0.665986908691 1.21756289224 1.79815651325 2.23215286424 0.384765818143 0.747161711072 35.7776600952 36.0349964437 36.339196618 38.3893284077 79.0060502734 146.589768543 146.929838515 147.237033639 147.532113801 148.726099889 149.106431625 0.693681255717 0.315804696078 0.180998335599 0.341461818753 0.246093858311 0.391020577582 0.120393037759 2.81475176671 3.09853362783 3.34266618751 3.39012695335 818.326444123
-9999.0 -9999.0 -9999.0 -9999.0 -9999.0 -9999.0 -9999.0 -9999.0 -9999.0 -9999.0 -9999.0 -9999.0 -9999.0 -9999.0 -9999.0 -9999.0 -9999.0 -9999.0 -9999.0 -9999.0 -9999.0 0.609939722022 1.17421567948 1.74101785365 16.7429382785 0.561228333095 22.811740938 23.4128202818 23.8138966135 24.2064353248 34.2817310341 34.6732110923 0.288316359441 1.48065436977 1.79337048104 0.270880212047 67.2440609486 66.7517115188 0.158914553872 0.360380046661 0.93666429088 0.201778952026 0.205427814744 0.158971381622 0.13076364214 0.102260404193 0.115327631968 2.44106020647 2.55821908077 2.69879929044 0.187805062951 0.162511491437 3.49064690563 3.55899135059
-9999.0 -9999.0 -9999.0 -9999.0 -9999.0 -9999.0 -9999.0 -9999.0 -9999.0 -9999.0 -9999.0 -9999.0 -9999.0 -9999.0 -9999.0 -9999.0 -9999.0 -9999.0 -9999.0 -9999.0 -9999.0 0.557282536844 0.526893757092 2.72839428612 20.576976703 21.6857444329 22.2588161638 0.581433637288 9.13134296448 9.49907857549 9.69399393088 0.370431168351 0.67039221472 0.937115428414 15.7398922037 15.9509052047 16.1361198517 66.4094923337 40.2142758548 0.197041053807 0.195760781618 0.188280679207 0.144560784949 1.488221796 1.78285143402 2.04187413117 2.18163328276 2.31633293264 15.9803159521 16.076549029 16.2224307383 16.5796768761 17.830490624 17.8762820901
-9999.0 -9999.0 -9999.0 -9999.0 -9999.0 -9999.0 -9999.0 -9999.0 -9999.0 -9999.0 -9999.0 -9999.0 -9999.0 -9999.0 -9999.0 -9999.0 -9999.0 -9999.0 -9999.0 -9999.0 -9999.0 -9999.0 1.09556513613 1.67507845189 0.596369238018 0.683748745268 7.0672208282 7.67878913392 8.12224486874 3.28644113969 3.60361055662 3.95043386965 4.23417946582 15.2737966478 15.5514891457 9.44060041617 25.8013520828 26.0118229596 40.0503030587 0.391186176465 0.193741709657 0.140067237968 1.02930571778 1.20139597906 0.104488343562 0.0975759281102 15.5368120675 15.7739438161 15.8893486354 0.17208777996 0.253442686278 17.6262223592 0.124035579215 0.338726761415
-9999.0 -9999.0 -9999.0 -9999.0 -9999.0 -9999.0 -9999.0 -9999.0 -9999.0 -9999.0 -9999.0 -9999.0 -9999.0 -9999.0 -9999.0 -9999.0 -9999.0 -9999.0 -9999.0 -9999.0 -9999.0 -9999.0 0.55188353649 1.09224398014 4.56519233825 5.16909572161 5.77798020239 2.48175274852 2.97138720375 0.326392291975 10.1780125624 10.4751302096 10.7667043379 0.283153854261 8.92052635469 9.20703298258 0.217846636814 39.0221366512 0.443902540822 0.22056509035 0.554773920048 0.749143216091 0.143239018129 0.117139740631 14.3484483951 15.3199181227 15.4611207842 0.143219905991 0.300443842749 0.38389010083 0.469294988 0.929199508875 0.122839384254 0.278400206722
