data/baseflow/History/mHMbfrc488
ncols                  80
nrows                 72
xllcorner      4374000.0
yllcorner      5656000.0
cellsize            500
NODATA_value       -9999
[rows 24 to 47 of 72, columns 0 to 53 of 80]
-9999.0 -9999.0 -9999.0 -9999.0 -9999.0 -9999.0 -9999.0 -9999.0 -9999.0 -9999.0 -9999.0 -9999.0 0.672154582261 1.86580976951 2.43954563343 4.18698534002 0.542387962017 1.09375674721 1.61806272183 6.05250097162 6.40064851024 6.54487276584 6.93826481517 7.44656612427 12.9038589435 14.3521794595 14.9562183887 0.136457412089 1.36630587262 1.46710733546 26.0070005056 26.4280605185 26.5978534309 26.7693219456 26.9767389231 107.085510333 0.51331805986 249.478026081 0.313961457599 0.100005237154 2.05116654514 1.86918798455 0.22277462633 1.11077007849 1.58402948189 1.57876073668 1.11526614545 1.83271253742 2.89940058602 1.065793048 2.82483962639 0.201147968455 0.246627986802 0.0466147423125
-9999.0 -9999.0 -9999.0 -9999.0 -9999.0 -9999.0 -9999.0 -9999.0 -9999.0 -9999.0 -9999.0 -9999.0 0.63279386318 1.25224266248 0.57537001498 1.15710943936 0.531634556164 3.96942269225 5.01569507394 5.55108525936 0.505403376028 0.909030822079 9.82892234086 12.05381472 12.4399309906 0.975312061045 0.915541286578 1.1906708441 0.088929915774 0.0817069146888 0.157567714998 0.130379117856 17.4527801718 17.6303939815 17.8417776278 107.483858885 251.239251967 249.603859704 0.156029209569 0.0672564776935 0.0613165984895 0.346177161431 0.288717263683 1.22064795868 1.8274956217 3.75662887348 0.349556257405 0.348511035052 3.15007036669 3.39969616758 6.74460976903 6.92084559691 7.21838641927 7.31006336656
-9999.0 -9999.0 -9999.0 -9999.0 -9999.0 -9999.0 -9999.0 -9999.0 -9999.0 -9999.0 -9999.0 -9999.0 -9999.0 0.591284808998 1.17992927802 1.77079956716 2.8679929863 0.578326842333 0.537472348882 4.52223683813 5.02147634339 9.10142488741 9.59343236685 1.3934362412 0.507718169755 0.490508490988 0.459367148351 16.6646932305 16.877557296 16.9912820725 17.0727055296 17.3028758965 2.14392386459 2.43195865731 20.5556180229 379.465704562 1.15765208139 0.886097346168 0.297396705725 0.0967591840889 0.0635833091873 0.471194449322 0.524035759088 1.33219071708 0.0541538560427 3.83851538518 0.503597423188 0.488774406696 0.0563710903047 0.0435132924834 0.0438984930836 0.110138476403 0.0465147650021 7.35604049191
-9999.0 -9999.0 -9999.0 -9999.0 -9999.0 -9999.0 -9999.0 -9999.0 -9999.0 -9999.0 -9999.0 -9999.0 -9999.0 -9999.0 0.575792948544 1.35316069848 2.11813125596 2.91168814708 3.45030429218 4.00170078352 1.61487818724 2.66501427322 0.492339465466 0.482083531451 14.3332084748 15.2936364948 15.7587878086 16.2646407556 0.370281847367 0.616995040008 1.64274387338 1.77833228688 1.92692620101 0.304948593485 0.40343525224 380.481310927 0.3082386918 0.40634357326 0.193041801995 0.457454054698 0.208604639141 0.158592779107 1.98898915883 2.21303721279 0.120020515538 3.99275121603 4.54316971277 0.530895962626 97.366823401 97.2615862886 97.1645882475 96.8497964982 96.6248058455 94.5575179081
-9999.0 -9999.0 -9999.0 -9999.0 -9999.0 -9999.0 -9999.0 -9999.0 -9999.0 -9999.0 -9999.0 -9999.0 -9999.0 -9999.0 0.221802524146 0.497851571194 0.779085803497 7.56945363354 8.12293241376 0.556835318158 0.543637369371 0.526330124597 12.3755688219 13.3784484959 0.490431598631 0.502576443355 0.441954747443 1.79481073001 2.23882973752 1.08333257989 1.31444526214 10.0514296236 10.3227279193 11.0568146703 17.5214093409 398.228901158 0.33665508017 0.180573009431 0.741965763826 0.595014706869 0.151710702115 0.473631432353 0.636003059849 2.39721712405 2.57594285157 7.4528707069 4.61855106233 0.575977445646 99.9806835026 1.45137800145 97.0547294984 96.9570827346 1.87580487493 0.168099068165
-9999.0 -9999.0 -9999.0 -9999.0 -9999.0 -9999.0 -9999.0 -9999.0 -9999.0 -9999.0 -9999.0 -9999.0 -9999.0 -9999.0 1.15279061493 1.8851144621 3.85211550142 6.84826081838 8.91155265968 10.2957315393 10.8307150476 11.3711444133 11.8921819655 0.4944791577 0.478437761192 0.938760103384 0.899206914048 0.458197095538 8.68473932017 9.1207821209 9.53845144265 9.92358926052 5.2677803144 5.43851828046 5.95503433203 398.4205722 0.591340989647 0.50918124055 1.33418743161 0.122004054314 0.412088546694 0.236181843235 0.151904473206 0.831609376262 0.149607829195 0.155636778922 108.244160035 100.655832739 100.493313226 0.533255968885 1.37012166828 0.831950644983 0.15539934246 1.45557040318
-9999.0 -9999.0 -9999.0 -9999.0 -9999.0 -9999.0 -9999.0 -9999.0 -9999.0 -9999.0 -9999.0 -9999.0 -9999.0 -9999.0 0.802881725863 0.758904133616 1.48670853794 2.2531844719 0.672190220027 0.575463712568 1.11191702445 1.6481823265 2.66135317424 3.16496835212 3.65287218966 5.09050832319 5.55178981322 6.02470866126 0.439663841625 4.38599352205 4.72565205221 4.93586284165 0.111572444154 0.0440892859457 0.102697638518 404.275107789 404.459032012 405.421011115 1.68265036981 0.248446417573 0.602714649077 0.163910733924 0.284685987068 0.980592272522 1.25908760762 0.291579332736 108.997379575 0.273348964587 0.310742710879 0.320331373318 0.324274154213 0.501381818977 0.227625445017 1.03648498696
-9999.0 -9999.0 -9999.0 -9999.0 -9999.0 -9999.0 -9999.0 -9999.0 -9999.0 -9999.0 -9999.0 -9999.0 -9999.0 -9999.0 -9999.0 0.722508636034 1.43137288026 0.703862467001 1.4366167577 8.84678418463 9.46373906688 9.99795502466 0.506756674649 0.508591516023 0.994177849352 1.47951154228 2.38282960051 2.83599878631 3.09612944681 3.51293065555 0.349692889875 0.25682750756 5.22626262989 5.28509547614 5.40216536788 5.55763560662 4.87523353883 410.943083698 413.596204826 413.705842926 414.405798917 414.987613399 415.4771428 0.165479511636 1.40059764711 109.169726634 0.411702901533 0.209696420043 0.279140489644 0.254069978684 0.423375364049 0.298838174758 0.166682791102 0.20755800784
-9999.0 -9999.0 -9999.0 -9999.0 -9999.0 -9999.0 -9999.0 -9999.0 -9999.0 -9999.0 -9999.0 -9999.0 -9999.0 -9999.0 -9999.0 -9999.0 2.12533260146 2.86898929193 5.09768920401 6.6506080804 0.800396522941 11.3601541984 11.8623366202 12.362602677 0.499473077933 0.984990468267 0.456579852568 3.31368614512 3.54432597957 3.91616925972 4.28027355061 5.07250359831 5.1550975796 0.0572601434168 4.20622568685 4.53196768362 4.72107299558 5.33694482274 0.801871871727 0.506844965053 0.289350843011 0.272896493068 415.930437494 416.20735194 418.68054452 109.366835042 1.17426528673 0.58231291807 0.415588873162 0.114833218142 1.0391255667 0.476644836624 0.155618494981 0.785794688874
-9999.0 -9999.0 -9999.0 -9999.0 -9999.0 -9999.0 -9999.0 -9999.0 -9999.0 -9999.0 -9999.0 -9999.0 -9999.0 -9999.0 -9999.0 -9999.0 0.769501540296 3.61550756271 4.39256716154 0.815660067313 0.538973018597 1.07543899729 1.57720392876 14.4435202624 0.494469231438 1.98596782925 2.45216955968 2.90871344971 0.24908029455 0.592452381335 0.719725310797 3.38003550838 3.67433413405 3.82641002986 0.163210359276 0.141378882267 0.145242628486 0.267187070079 0.105374025368 0.111468931896 0.222555124423 0.16233530573 0.225692722885 0.858504768318 418.957962567 529.062757465 1.42856988185 0.167379542964 0.140009639996 2.98400538996 2.73653520336 1.5256039502 1.34602608803 0.976825719821
-9999.0 -9999.0 -9999.0 -9999.0 -9999.0 -9999.0 -9999.0 -9999.0 -9999.0 -9999.0 -9999.0 -9999.0 -9999.0 -9999.0 -9999.0 0.64855269517 2.1302049936 0.707974898163 0.713587967425 0.580134883983 1.12698926621 1.65408315667 2.25929422801 17.4076240562 17.886360777 0.489613432663 0.953426926654 1.41979002192 1.73145923621 2.02463370634 2.83102080103 3.22421400332 0.0896268633714 0.155808357485 0.156634592786 0.234298623401 0.218504478463 0.22057675469 0.18477884122 0.209810988945 0.986929349046 0.486401235543 0.330572608865 0.327705399235 0.255409278731 0.480573552795 539.007854017 8.39189323368 3.81310142423 0.488211915054 0.234361555792 0.174617981662 0.505714145168 0.315039900275
-9999.0 -9999.0 -9999.0 -9999.0 -9999.0 -9999.0 -9999.0 -9999.0 -9999.0 -9999.0 -9999.0 -9999.0 -9999.0 -9999.0 0.674757573531 1.31700128837 4.80792117313 0.69842582308 1.53522893507 2.10443790329 2.64996528 0.554786341336 1.06155762108 1.75572626773 20.3122265101 0.470588530441 0.914713422589 1.36276433036 0.410281289499 0.794372138236 0.872957436972 1.19293086949 34.6407934637 35.0200775063 35.3981894217 37.2679940137 37.9195894072 39.3884477585 0.438727091916 0.895281345313 1.2085714493 44.3933201924 44.9626135641 0.307334557433 0.502349465324 0.695357160895 539.282705662 8.12617045007 3.70429759093 3.44013761433 3.08279382731 2.8149375513 0.671598173856 0.182450616165
-9999.0 -9999.0 -9999.0 -9999.0 -9999.0 -9999.0 -9999.0 -9999.0 -9999.0 -9999.0 -9999.0 -9999.0 -9999.0 -9999.0 0.678512343838 2.07000629846 7.5615554067 11.1387725119 0.635740231475 14.7090781949 18.0702560715 0.527201610123 1.0270017202 1.6706456653 25.2296011886 25.8412946335 0.428699938543 2.22559516871 2.62601107148 2.8986906554 32.4890935646 32.8991171928 33.3237258617 0.228591480964 1.30992340753 1.55626958444 0.755263010531 1.08536093112 40.9644120887 42.3844515411 42.6792798158 42.9650090924 45.3970671209 0.213779144748 0.202261045085 1.09150886167 539.603781733 0.327088871449 0.041898775518 0.123526061804 0.049957617968 2.42384615346 2.31872924087 1.38247167693
-9999.0 -9999.0 -9999.0 -9999.0 -9999.0 -9999.0 -9999.0 -9999.0 -9999.0 -9999.0 -9999.0 -9999.0 -9999.0 -9999.0 -9999.0 -9999.0 1.45109136377 2.92422164674 13.2456366703 14.001192472 18.7439258062 19.4698317553 0.524683374385 1.04805781631 2.62072016899 26.5038868224 27.4336710603 27.8295029207 0.343853199522 29.081892257 29.4688504669 0.28090021577 0.231084999941 0.448292428889 0.88198573534 0.217686088631 0.450943488656 1.03263268154 1.30852787534 0.252607323929 0.199135441712 0.405077111089 46.689514863 47.0592261417 47.2430860847 48.7741259366 539.891893447 0.265275751586 0.0241670533956 0.0314443389724 0.0304628618817 0.0317441402264 0.0270652837969 0.0485599023537
-9999.0 -9999.0 -9999.0 -9999.0 -9999.0 -9999.0 -9999.0 -9999.0 -9999.0 -9999.0 -9999.0 -9999.0 -9999.0 -9999.0 -9999.0 -9999.0 0.75540344235 0.740947765064 0.740008913839 1.49858829612 0.67996855157 20.8170656982 21.4885152933 0.552376614726 1.04500346014 0.495778872679 0.446422161729 0.437708371297 28.4941660241 0.102605873081 0.20636334436 0.185191227702 0.2353845073 0.216636269673 0.183908912225 0.189432887772 0.579179812198 0.787599030441 0.170409930124 0.158795637777 0.339343071158 0.547580257044 0.664560999501 0.150911166662 47.4637237076 48.9673674868 540.126194409 0.594278567269 0.0586534265272 0.0152541623885 0.0413312512303 0.0113883074669 0.00818342867677 0.0582475188665
-9999.0 -9999.0 -9999.0 -9999.0 -9999.0 -9999.0 -9999.0 -9999.0 -9999.0 -9999.0 -9999.0 -9999.0 -9999.0 -9999.0 -9999.0 -9999.0 -9999.0 -9999.0 0.733750678935 2.17939060745 2.80140289179 3.46076552186 22.132989718 22.7727096622 23.4243487848 24.0915637796 24.5213305054 25.4013255399 25.518455448 25.6061770108 25.7327869903 0.211236473361 0.202576859742 0.211743772763 0.780927110138 0.204572594038 0.199125915661 0.167447120559 0.499799616743 0.194361696523 0.165281542631 0.156149597268 0.138459436732 0.276460402585 0.409010413295 49.8280809583 590.779513817 0.266486174132 0.533028930763 0.010105675858 0.0543865961692 0.0266250473044 0.0164923312191 1.60618471864
-9999.0 -9999.0 -9999.0 -9999.0 -9999.0 -9999.0 -9999.0 -9999.0 -9999.0 -9999.0 -9999.0 -9999.0 -9999.0 -9999.0 -9999.0 -9999.0 -9999.0 -9999.0 -9999.0 0.619143200401 4.84139442488 9.64024746784 10.3348472426 0.76059830364 1.32107328494 1.81353395275 2.24503584675 5.01113078257 5.21379844744 0.202348286492 0.198480919687 26.1576941447 26.55551238 26.7422551341 0.94276088401 0.157890658716 0.368305702721 0.542948264056 1.62096813395 1.99075966301 2.30973668535 0.298393243553 0.424857155462 0.145426089909 0.293666717561 0.152410721363 591.09412223 0.249601858132 1.01653759287 0.268849364074 0.435172663299 1.49085372036 1.64080175479 3.38449163964
-9999.0 -9999.0 -9999.0 -9999.0 -9999.0 -9999.0 -9999.0 -9999.0 -9999.0 -9999.0 -9999.0 -9999.0 -9999.0 -9999.0 -9999.0 -9999.0 -9999.0 -9999.0 0.680029302559 2.15385594634 4.23081522834 5.54281667632 14.3402443977 15.0838037124 1.02256827784 1.51630446648 1.94834937712 2.36988688478 5.35295619401 5.73354869887 9.49301666626 9.77401730453 9.95328424434 26.9389281539 28.4281909489 0.362080283216 0.220582848456 0.214038165396 0.418338490497 0.197698540443 2.69480171662 2.84827802784 0.566620413116 0.67637260465 0.129530451428 144.526503623 144.853438912 736.193323643 737.546968481 0.257056602742 0.97008758907 0.38128716075 0.308464215906 3.8468294004
-9999.0 -9999.0 -9999.0 -9999.0 -9999.0 -9999.0 -9999.0 -9999.0 -9999.0 -9999.0 -9999.0 -9999.0 -9999.0 -9999.0 -9999.0 -9999.0 -9999.0 -9999.0 -9999.0 0.764861085988 0.746227472739 1.4184388274 3.3823782319 15.7288377972 0.524175308833 0.518172185159 0.961763064075 1.40167748638 3.12871891792 3.30014306089 0.116910750833 0.191903742293 10.1955201992 10.4055074587 39.0028187567 39.1607129597 0.148038508323 0.134654735341 0.120590459466 0.121581125429 0.127246258543 141.930677596 142.813306728 143.602359292 143.83688567 144.412007752 0.172017364078 0.647115385765 0.840176857353 738.820214685 739.018130984 739.181786219 739.30346286 739.397989415
-9999.0 -9999.0 -9999.0 -9999.0 -9999.0 -9999.0 -9999.0 -9999.0 -9999.0 -9999.0 -9999.0 -9999.0 -9999.0 -9999.0 -9999.0 -9999.0 -9999.0 -9999.0 -9999.0 -9999.0 0.690812947642 0.719601979996 1.34342522773 18.3549084207 19.0427079688 0.509932581501 0.952874296296 1.40045571491 1.5870653554 0.143080962613 0.358910077584 37.6972807253 37.9050677539 38.0688112369 39.4662176698 78.784635515 136.437151956 136.763210149 137.071960598 137.37075736 138.55791285 138.931374516 0.745825757452 0.349116291566 0.201932153344 0.387113425651 0.321076706566 0.501754939218 0.168125129308 3.31014303428 3.92151188472 4.42541197884 4.54985532875 739.530298218
-9999.0 -9999.0 -9999.0 -9999.0 -9999.0 -9999.0 -9999.0 -9999.0 -9999.0 -9999.0 -9999.0 -9999.0 -9999.0 -9999.0 -9999.0 -9999.0 -9999.0 -9999.0 -9999.0 -9999.0 -9999.0 0.702089910901 1.34871239742 1.99803352401 19.6045630653 0.613433083827 26.4097998162 26.8747538406 27.0191334734 27.2372144884 36.8328941452 37.0944173905 0.225843383397 1.05569300553 1.27023235886 0.230586250184 57.3222531074 56.8972009125 0.152964612986 0.343039137122 0.912249902275 0.196758377066 0.2112796873 0.176319030198 0.160535660283 0.131720789385 0.153763303971 2.7647582984 2.928632553 3.11638036785 0.38829025692 0.288494704803 4.78497192221 4.97188407851
-9999.0 -9999.0 -9999.0 -9999.0 -9999.0 -9999.0 -9999.0 -9999.0 -9999.0 -9999.0 -9999.0 -9999.0 -9999.0 -9999.0 -9999.0 -9999.0 -9999.0 -9999.0 -9999.0 -9999.0 -9999.0 0.645052108226 0.607916613376 3.14060497594 24.0485052491 25.3179126463 25.9719370066 0.475354317166 9.22331090276 9.34162363331 9.41116616166 0.230645556544 0.481644709737 0.708719103163 13.1050907968 13.2896092846 13.4562803555 56.5752650932 35.6805401762 0.189394149647 0.193694961731 0.186157971297 0.159875014035 1.58230560746 1.93344518337 2.24960373114 2.42778064946 2.60117492721 14.2312826591 14.3742493294 14.4820338301 14.7372832686 16.3875650458 16.5025445477
-9999.0 -9999.0 -9999.0 -9999.0 -9999.0 -9999.0 -9999.0 -9999.0 -9999.0 -9999.0 -9999.0 -9999.0 -9999.0 -9999.0 -9999.0 -9999.0 -9999.0 -9999.0 -9999.0 -9999.0 -9999.0 -9999.0 1.26295054379 1.92630783837 0.715824919859 0.533731023629 7.69296175118 8.18506015415 8.51985284954 2.80180419391 2.91166305778 3.05684885437 3.28003088318 12.6952885085 12.931780733 6.86603106316 20.5273695974 20.7224865355 35.5190533063 0.388161393605 0.195591801711 0.149640294543 1.07422558685 1.26287174651 0.137569508149 0.13110601183 13.5834086258 13.9158221643 14.0941861145 0.134378337773 0.187363972568 16.0893649597 0.191258136374 0.841132364342
-9999.0 -9999.0 -9999.0 -9999.0 -9999.0 -9999.0 -9999.0 -9999.0 -9999.0 -9999.0 -9999.0 -9999.0 -9999.0 -9999.0 -9999.0 -9999.0 -9999.0 -9999.0 -9999.0 -9999.0 -9999.0 -9999.0 0.633037615678 1.25388219216 5.33193489383 6.05358629762 6.67678025477 2.28833359912 2.69085899188 0.122973569291 8.93976624274 9.05373396874 9.18508968711 0.192030401643 6.42029134716 6.66305558895 0.19652161681 34.5224691374 0.417152886213 0.20601118227 0.568394294921 0.764517971276 0.16294589913 0.138581705217 12.0386843694 13.2701328737 13.4630777849 0.18621512033 0.445141394129 0.566282897568 0.672250761578 1.27890634333 0.31116100636 0.684096218637
