data/baseflow/History/mHMbfrc331
ncols                  80
nrows                 72
xllcorner      4374000.0
yllcorner      5656000.0
cellsize            500
NODATA_value       -9999
[rows 24 to 47 of 72, columns 0 to 53 of 80]
-9999.0 -9999.0 -9999.0 -9999.0 -9999.0 -9999.0 -9999.0 -9999.0 -9999.0 -9999.0 -9999.0 -9999.0 0.675266743853 1.88188282532 2.46409207072 4.29421842741 0.584972164329 1.14660903404 1.6750377082 6.21330149511 6.56606430977 6.72709445257 7.11162068107 7.61517104801 12.9866830697 14.3974648862 15.0092483337 0.15264501946 1.44842467977 1.56464428624 26.3711698972 26.8135574231 26.9850970793 27.157883194 27.358162105 103.246354807 0.423913743307 225.688150342 0.301640727319 0.100629774661 1.78470557571 1.62129175092 0.187553780824 0.970197649487 1.39060547314 1.3861944231 0.934702941322 1.53092510196 2.41604903045 0.878288156765 2.37082570955 0.151193060331 0.195405399642 0.0406531484102
-9999.0 -9999.0 -9999.0 -9999.0 -9999.0 -9999.0 -9999.0 -9999.0 -9999.0 -9999.0 -9999.0 -9999.0 0.641386578362 1.26532163679 0.585260930038 1.20529221028 0.547541945424 4.1054525356 5.16519791276 5.71566067273 0.489496463864 0.888395326368 10.0259173497 12.1624004718 12.5306256265 0.93688096003 0.938645687187 1.24563481702 0.10267032148 0.0941590760465 0.179233498367 0.132450634668 17.6426852679 17.8039041423 18.0000236722 103.600031177 227.297987861 225.818581632 0.160444303697 0.0699928947308 0.0630680309299 0.306674504797 0.248876409426 1.06670474254 1.59221001709 3.26675618344 0.286014681277 0.285623819475 2.61922375547 2.8223212063 5.60280632364 5.75492241651 5.99502638834 6.07457031923
-9999.0 -9999.0 -9999.0 -9999.0 -9999.0 -9999.0 -9999.0 -9999.0 -9999.0 -9999.0 -9999.0 -9999.0 -9999.0 0.604628244194 1.20991820944 1.81745959124 2.958618497 0.618098220624 0.549337847594 4.66138502943 5.15116077258 9.30081857855 9.78371592096 1.35244586339 0.487158816737 0.474476958481 0.454419963075 16.8211688822 17.0398966068 17.1686587514 17.2617535243 17.5030702443 2.0511651525 2.32286542719 20.5770191159 351.645471665 1.07132010069 0.842401760084 0.295481877223 0.0938708612146 0.0627235255346 0.434059050401 0.485095482446 1.17236043571 0.0499536080554 3.33822060404 0.408940509152 0.397418556209 0.0474808034093 0.0369069520433 0.0368039354647 0.086227170722 0.038551392401 6.11066461773
-9999.0 -9999.0 -9999.0 -9999.0 -9999.0 -9999.0 -9999.0 -9999.0 -9999.0 -9999.0 -9999.0 -9999.0 -9999.0 -9999.0 0.596085168342 1.37558564404 2.13398400969 2.96558607694 3.54412173035 4.1372732957 1.69647320915 2.75757719225 0.48558090642 0.480125039838 14.5368672873 15.495927819 15.9394278558 16.4245949698 0.359256475536 0.607781405841 1.56635771747 1.7117891059 1.85772128669 0.281019752275 0.375795074472 352.559705307 0.26644030185 0.37474361009 0.177158243982 0.420963196269 0.190251180894 0.142981687166 1.77717908852 1.97477085965 0.101621115747 3.46990564454 3.92136694574 0.434339009581 87.0504297322 86.9599830871 86.8754141118 86.6170422119 86.4412657006 84.7501128048
-9999.0 -9999.0 -9999.0 -9999.0 -9999.0 -9999.0 -9999.0 -9999.0 -9999.0 -9999.0 -9999.0 -9999.0 -9999.0 -9999.0 0.211189812569 0.482223281735 0.773699125541 7.52576267377 8.14041594495 0.619018124498 0.561210439963 0.535801561946 12.5726327567 13.5831153757 0.488610618398 0.512202792943 0.428481015695 1.71870439291 2.1335148569 1.04689006892 1.24892484937 9.83033670021 10.0799629855 10.7507600595 16.9675996114 369.730698427 0.285357650835 0.159505114693 0.674040584035 0.542864703297 0.138903471686 0.430674594726 0.573502878054 2.1380065632 2.28885763156 6.49078561368 3.98557588606 0.46708970056 89.2030609526 1.19505080433 86.7826959201 86.7041496366 1.54131163611 0.15293217131
-9999.0 -9999.0 -9999.0 -9999.0 -9999.0 -9999.0 -9999.0 -9999.0 -9999.0 -9999.0 -9999.0 -9999.0 -9999.0 -9999.0 1.1268328102 1.82294111838 3.75645548387 6.7445188548 8.95006217516 10.416093125 11.0012175298 11.5618897588 12.0951901294 0.496802403903 0.461410798789 0.905628083389 0.866729424374 0.436885369308 8.60007209981 9.0060975294 9.38566185678 9.72895730535 5.09767599826 5.27414677722 5.73961177046 369.903679283 0.495607005007 0.453282339086 1.19491250541 0.106047554771 0.368752239347 0.212367317513 0.132168981413 0.744012230908 0.122594008884 0.128830616263 96.3648781339 89.7699401383 89.6384775617 0.450755112379 1.1338004428 0.681207945963 0.124606925924 1.18004589593
-9999.0 -9999.0 -9999.0 -9999.0 -9999.0 -9999.0 -9999.0 -9999.0 -9999.0 -9999.0 -9999.0 -9999.0 -9999.0 -9999.0 0.801376527544 0.751707492685 1.46393403926 2.23129167094 0.699281193214 0.615788562662 1.17408088845 1.72155804241 2.74529073857 3.26672787744 3.76642107711 5.17377737194 5.6196306107 6.07569702647 0.417496414297 4.25704462712 4.57382652226 4.78128809174 0.112557853713 0.0336129180828 0.08086646127 375.543624775 375.707966747 376.52338782 1.48170866664 0.207092738747 0.52753408892 0.133096327627 0.242054136636 0.868023297656 1.09313354006 0.237131295722 96.9927638088 0.23222977446 0.266644982347 0.274100974758 0.278162138222 0.418894508723 0.188254028158 0.835957891831
-9999.0 -9999.0 -9999.0 -9999.0 -9999.0 -9999.0 -9999.0 -9999.0 -9999.0 -9999.0 -9999.0 -9999.0 -9999.0 -9999.0 -9999.0 0.714639309313 1.41459647747 0.697621936283 1.42726783505 8.84413993884 9.48029738503 10.0310021265 0.511793872847 0.517431420918 1.01870821294 1.50003693056 2.38576461768 2.82151428982 3.03988086694 3.43393355046 0.322211145532 0.24573015599 5.11271578518 5.15310649443 5.2508514242 5.38286064289 4.52606737791 381.60744069 383.925495147 384.024737781 384.641166793 385.139910908 385.562078144 0.134972021921 1.20431984466 97.1309320765 0.336089399151 0.171856304744 0.233530144515 0.211106035863 0.344555904211 0.23682916721 0.134660187459 0.17220649675
-9999.0 -9999.0 -9999.0 -9999.0 -9999.0 -9999.0 -9999.0 -9999.0 -9999.0 -9999.0 -9999.0 -9999.0 -9999.0 -9999.0 -9999.0 -9999.0 2.10584637446 2.86517270319 5.08756569494 6.6670784299 0.800048072906 11.4353288901 11.9510494906 12.4686295937 0.521356919477 1.01704584472 0.457268814624 3.37166991276 3.56912814136 3.9099558381 4.25873264253 4.98415340233 5.04099137682 0.0407087579244 3.95293685372 4.23444846 4.3972771348 4.91800702952 0.686902101042 0.439814905885 0.257472239358 0.240040781477 385.959108225 386.201379598 388.355052027 97.2904381017 0.944181545625 0.471222970259 0.338578021681 0.084355442639 0.833768825465 0.381594854903 0.124366497477 0.630002594795
-9999.0 -9999.0 -9999.0 -9999.0 -9999.0 -9999.0 -9999.0 -9999.0 -9999.0 -9999.0 -9999.0 -9999.0 -9999.0 -9999.0 -9999.0 -9999.0 0.812043366239 3.62545642708 4.39347975824 0.845323261066 0.567252957108 1.12362824775 1.64824103684 14.6669784781 0.516162766066 2.06294977612 2.53412967258 2.98889427932 0.210641732361 0.522662442587 0.631928653263 3.24902765651 3.51055397636 3.63649184717 0.138530527398 0.120838871698 0.121814575523 0.223778633285 0.08557247916 0.089868475822 0.197416200292 0.137306770628 0.19590324666 0.76479035126 388.603800825 486.537971839 1.14595687797 0.132433816227 0.0943874350067 2.39121208518 2.20559994445 1.23422423186 1.08977119759 0.787415364322
-9999.0 -9999.0 -9999.0 -9999.0 -9999.0 -9999.0 -9999.0 -9999.0 -9999.0 -9999.0 -9999.0 -9999.0 -9999.0 -9999.0 -9999.0 0.677556911437 2.25073829125 0.756172689486 0.82664165396 0.693459609543 1.27128340576 1.81897158625 2.41964864739 17.8007457812 18.3067453185 0.518410331865 0.994511574128 1.47364677286 1.75341119816 2.03071639977 2.75457906765 3.11958046293 0.0912364925979 0.137618109702 0.133626795584 0.243010713766 0.201836642547 0.194588630938 0.15401952226 0.169164833606 0.882637629198 0.44169784356 0.302866848847 0.299128711827 0.221837584826 0.414593919835 494.20195433 6.40009123671 3.00741955877 0.374125141779 0.173262588048 0.127776786764 0.390629074435 0.245469334922
-9999.0 -9999.0 -9999.0 -9999.0 -9999.0 -9999.0 -9999.0 -9999.0 -9999.0 -9999.0 -9999.0 -9999.0 -9999.0 -9999.0 0.720669374468 1.37630942414 5.07737186448 0.760950864082 1.75179947686 2.43379627933 3.063744622 0.639653940539 1.19170259225 1.91758266934 20.9013379205 0.497282410513 0.953488876662 1.40037807468 0.395295106564 0.767533249208 0.852063615147 1.15229335677 36.1748521928 36.5369147451 36.8991960767 38.8291851853 39.4558927605 40.8730137935 0.362088293621 0.752040959498 1.0776569545 45.5215236237 46.0419890936 0.278823348997 0.442338576882 0.603256871591 494.472178755 6.1873048546 2.69731896938 2.49687837139 2.31534089432 2.15620262214 0.518769079693 0.1407517121
-9999.0 -9999.0 -9999.0 -9999.0 -9999.0 -9999.0 -9999.0 -9999.0 -9999.0 -9999.0 -9999.0 -9999.0 -9999.0 -9999.0 0.713202699778 2.18653631405 7.97960257515 11.7846762732 0.703224210145 15.6723328356 19.4961129319 0.606233701608 1.159388835 1.84891938743 26.2217490122 26.8553013225 0.467305264242 2.33275804749 2.74504353132 3.01971906704 34.0038180234 34.4570978911 34.8963959539 0.23625977796 1.36771733169 1.61911032373 0.750638514295 1.0752297883 42.4371318597 43.6927148265 43.9694785978 44.238533688 46.4343340721 0.19239951909 0.172228800248 0.936606786096 494.749491462 0.270402849153 0.00404884378672 0.0112843458311 0.00402754225027 1.87390811137 1.81684414159 1.08344772801
-9999.0 -9999.0 -9999.0 -9999.0 -9999.0 -9999.0 -9999.0 -9999.0 -9999.0 -9999.0 -9999.0 -9999.0 -9999.0 -9999.0 -9999.0 -9999.0 1.53619255302 3.10303981669 14.0629101356 14.877221259 20.2148887683 20.9899201918 0.581251281198 1.16059881342 2.83788464032 27.5640063639 28.6003038018 29.0383613156 0.378134630316 30.4229652073 30.8555626907 0.311464722067 0.238526369733 0.471834654507 0.921300373788 0.218963125175 0.448089105478 1.03913045139 1.30241389894 0.237684200193 0.181031709616 0.36954730115 47.6069268802 47.9382811232 48.0930086428 49.404889152 494.995358558 0.194202666786 0.00241371650765 0.00280633911112 0.00250975920973 0.00261067189594 0.00208337505944 0.00375847201981
-9999.0 -9999.0 -9999.0 -9999.0 -9999.0 -9999.0 -9999.0 -9999.0 -9999.0 -9999.0 -9999.0 -9999.0 -9999.0 -9999.0 -9999.0 -9999.0 0.807399391346 0.795302281516 0.801646724055 1.66743954514 0.748237511436 22.4660019622 23.1725138183 0.601709238897 1.1276892952 0.55920280238 0.491748224727 0.484868894294 29.7805064501 0.124272501755 0.241101902065 0.201309963714 0.24936422075 0.231046662079 0.192223288751 0.197239916772 0.586334859865 0.792616087889 0.164334599224 0.15132362231 0.315421065393 0.50453924394 0.603695230891 0.136120304488 48.2811842371 49.5693131515 495.178680946 0.392762957876 0.0147348020769 0.00126048016418 0.0033403700768 0.00086644536988 0.000582112405547 0.00444772753127
-9999.0 -9999.0 -9999.0 -9999.0 -9999.0 -9999.0 -9999.0 -9999.0 -9999.0 -9999.0 -9999.0 -9999.0 -9999.0 -9999.0 -9999.0 -9999.0 -9999.0 -9999.0 0.784155654782 2.40737943586 3.08800590034 3.811642371 23.8529218502 24.5174863059 25.1874782923 25.8954523687 26.3721261517 27.3462283445 27.4878702356 27.5961791316 27.7416372296 0.234657638451 0.219274037365 0.22832594738 0.820381851369 0.210576041461 0.198271129028 0.169775913051 0.491419832239 0.1844218234 0.150026691928 0.141370577877 0.121229973656 0.242006327763 0.346964642165 50.2861619246 546.046326688 0.177041362239 0.377482096586 0.000884270808338 0.00442520141067 0.00227011751186 0.0011772787803 1.0474191173
-9999.0 -9999.0 -9999.0 -9999.0 -9999.0 -9999.0 -9999.0 -9999.0 -9999.0 -9999.0 -9999.0 -9999.0 -9999.0 -9999.0 -9999.0 -9999.0 -9999.0 -9999.0 -9999.0 0.683859985304 5.23726844363 10.4981747897 11.2705883911 0.828379687146 1.42449232601 1.95074044779 2.40881633274 5.3590898435 5.59521275138 0.236001522094 0.224205452964 28.2283396692 28.6628392533 28.8688895048 0.995236359714 0.171667329959 0.372988662289 0.551355578483 1.6077502872 1.95980967957 2.24818163168 0.268480045383 0.37391252762 0.123472341473 0.242047329144 0.122520142386 546.302721171 0.162677894922 0.678099247754 0.185258576549 0.262928843206 0.888918015838 0.969421456034 2.09681369499
-9999.0 -9999.0 -9999.0 -9999.0 -9999.0 -9999.0 -9999.0 -9999.0 -9999.0 -9999.0 -9999.0 -9999.0 -9999.0 -9999.0 -9999.0 -9999.0 -9999.0 -9999.0 0.738103223675 2.32642141053 4.569728464 5.98740980426 15.5991752998 16.4049088096 1.09663077609 1.60988693715 2.04368885723 2.50121516192 5.76050066094 6.20484582402 10.1248998949 10.3905038704 10.5925219335 29.0876640568 30.6654203072 0.385435001208 0.218720318118 0.213481508261 0.40943640823 0.189381603756 2.60685081331 2.74499236991 0.491220504311 0.58646740145 0.101466558046 150.861619041 151.11096731 697.627534862 698.5624192 0.157214931625 0.608826526175 0.202826949287 0.171111094623 2.36936933948
-9999.0 -9999.0 -9999.0 -9999.0 -9999.0 -9999.0 -9999.0 -9999.0 -9999.0 -9999.0 -9999.0 -9999.0 -9999.0 -9999.0 -9999.0 -9999.0 -9999.0 -9999.0 -9999.0 0.823829833777 0.799925190066 1.53637779376 3.65628169268 17.0888610579 0.56149833827 0.554349262275 1.00609179545 1.44933861463 3.24779876344 3.43685092069 0.107197196317 0.177323886182 10.8469600763 11.0794466514 41.9238085964 42.0905603353 0.156794970101 0.143879534413 0.119418999579 0.120464147673 0.116177515733 148.632704545 149.400452817 150.088605821 150.282044885 150.762854372 0.133027642249 0.495632834582 0.640390584517 699.530673651 699.669837221 699.860700994 699.977477225 700.06546219
-9999.0 -9999.0 -9999.0 -9999.0 -9999.0 -9999.0 -9999.0 -9999.0 -9999.0 -9999.0 -9999.0 -9999.0 -9999.0 -9999.0 -9999.0 -9999.0 -9999.0 -9999.0 -9999.0 -9999.0 0.752907611653 0.778043137127 1.45026288494 19.9317844112 20.6571757111 0.546739057796 0.99960195174 1.44966056664 1.63781324394 0.148608227037 0.368056509638 40.5324703932 40.7648006665 40.9371920841 42.4138685004 84.6681180649 143.354086153 143.694171689 143.997841697 144.292722055 145.404191521 145.748966817 0.642016971576 0.298016927677 0.16683361872 0.318757819152 0.246018744689 0.386794729344 0.123404020542 2.79622643671 3.21041790135 3.54765115012 3.62625080458 700.170624188
-9999.0 -9999.0 -9999.0 -9999.0 -9999.0 -9999.0 -9999.0 -9999.0 -9999.0 -9999.0 -9999.0 -9999.0 -9999.0 -9999.0 -9999.0 -9999.0 -9999.0 -9999.0 -9999.0 -9999.0 -9999.0 0.76745966706 1.46964109568 2.17259818275 21.2431768863 0.656105653522 28.5144899847 28.983276093 29.1342021902 29.3611688206 39.6451018093 39.9168579102 0.249585331823 1.12548227607 1.34970075969 0.239420747375 58.3397562441 57.9023411819 0.149418104966 0.332997023006 0.856569649877 0.180280606289 0.184981377234 0.150973262931 0.129442518674 0.103823479852 0.117157081505 2.39038576675 2.51053169167 2.65163558179 0.254912206348 0.196390121311 3.76073263954 3.88166439649
-9999.0 -9999.0 -9999.0 -9999.0 -9999.0 -9999.0 -9999.0 -9999.0 -9999.0 -9999.0 -9999.0 -9999.0 -9999.0 -9999.0 -9999.0 -9999.0 -9999.0 -9999.0 -9999.0 -9999.0 -9999.0 0.714692434937 0.667123008127 3.44210151237 26.0649168247 27.4002799223 28.0645499759 0.509094253118 9.91947199331 10.0311540551 10.0919347517 0.230501084144 0.501799429212 0.752203044222 13.9724250299 14.1727310558 14.346004361 57.5775500082 35.5396591542 0.182078833638 0.178019553817 0.171416259481 0.141605189734 1.44929729908 1.73544261987 1.99043473866 2.12957299905 2.26439808031 13.1321335576 13.2331499429 13.3176909496 13.522673682 14.718696608 14.7914077902
-9999.0 -9999.0 -9999.0 -9999.0 -9999.0 -9999.0 -9999.0 -9999.0 -9999.0 -9999.0 -9999.0 -9999.0 -9999.0 -9999.0 -9999.0 -9999.0 -9999.0 -9999.0 -9999.0 -9999.0 -9999.0 -9999.0 1.39180236551 2.11026928798 0.767679442015 0.572394085333 8.25647101645 8.78640675505 9.1587156683 3.01724688777 3.12842752253 3.27762950732 3.52388382905 13.5343548589 13.7789276063 7.10815588752 21.6619081041 21.8611656676 35.3837482769 0.367780880168 0.181065490964 0.139992739927 1.00172236114 1.16888547745 0.108433748135 0.101502891708 12.6566536326 12.9064372385 13.0355009927 0.110178334397 0.152496060075 14.5073720353 0.148048172846 0.561163975515
-9999.0 -9999.0 -9999.0 -9999.0 -9999.0 -9999.0 -9999.0 -9999.0 -9999.0 -9999.0 -9999.0 -9999.0 -9999.0 -9999.0 -9999.0 -9999.0 -9999.0 -9999.0 -9999.0 -9999.0 -9999.0 -9999.0 0.692023650822 1.37233442145 5.78035053565 6.54511377111 7.19118471066 2.45678260701 2.89867652311 0.127307310901 9.51100869449 9.62621818496 9.75706111498 0.201824985449 6.64020467661 6.88902067653 0.201135524702 34.4326540393 0.399284554765 0.198027120005 0.538501218131 0.720033579354 0.144351528615 0.121140788757 11.4133258844 12.4217542109 12.5705306658 0.144370118148 0.323778296126 0.410451376362 0.48162544438 0.923679245491 0.202171408646 0.460246427613
