data/baseflow/History/mHMbfrc289
ncols                  80
nrows                 72
xllcorner      4374000.0
yllcorner      5656000.0
cellsize            500
NODATA_value       -9999
[rows 0 to 23 of 72, columns 0 to 53 of 80]
-9999.0 -9999.0 -9999.0 -9999.0 -9999.0 -9999.0 -9999.0 -9999.0 -9999.0 -9999.0 -9999.0 -9999.0 0.61864425369 0.574279455983 -9999.0 -9999.0 -9999.0 -9999.0 -9999.0 -9999.0 -9999.0 -9999.0 -9999.0 -9999.0 -9999.0 -9999.0 -9999.0 -9999.0 -9999.0 -9999.0 -9999.0 -9999.0 -9999.0 -9999.0 -9999.0 -9999.0 -9999.0 -9999.0 -9999.0 -9999.0 -9999.0 -9999.0 -9999.0 -9999.0 -9999.0 -9999.0 -9999.0 -9999.0 -9999.0 -9999.0 -9999.0 -9999.0 -9999.0 -9999.0
-9999.0 -9999.0 -9999.0 -9999.0 -9999.0 -9999.0 -9999.0 -9999.0 -9999.0 -9999.0 -9999.0 -9999.0 1.21988437854 2.82505918649 0.476748937281 -9999.0 0.411003872065 -9999.0 -9999.0 -9999.0 -9999.0 -9999.0 -9999.0 -9999.0 -9999.0 -9999.0 -9999.0 -9999.0 -9999.0 -9999.0 -9999.0 -9999.0 -9999.0 -9999.0 -9999.0 -9999.0 -9999.0 -9999.0 -9999.0 -9999.0 -9999.0 -9999.0 -9999.0 -9999.0 -9999.0 -9999.0 -9999.0 -9999.0 -9999.0 -9999.0 -9999.0 -9999.0 -9999.0 -9999.0
-9999.0 -9999.0 -9999.0 -9999.0 -9999.0 -9999.0 -9999.0 -9999.0 -9999.0 -9999.0 0.543381932181 0.523649763592 0.559389189816 0.558905144405 3.86271991748 4.29491952572 1.0846263562 0.337217628182 -9999.0 -9999.0 -9999.0 -9999.0 -9999.0 -9999.0 -9999.0 -9999.0 -9999.0 -9999.0 -9999.0 -9999.0 -9999.0 -9999.0 -9999.0 -9999.0 -9999.0 -9999.0 -9999.0 -9999.0 -9999.0 -9999.0 -9999.0 -9999.0 -9999.0 -9999.0 -9999.0 -9999.0 -9999.0 -9999.0 -9999.0 -9999.0 -9999.0 -9999.0 -9999.0 -9999.0
-9999.0 -9999.0 -9999.0 -9999.0 -9999.0 -9999.0 -9999.0 -9999.0 -9999.0 0.517067017758 1.06324497184 2.1203736306 1.07417521085 0.520868028348 1.02605333725 4.76762830963 6.64157533065 0.395781457859 -9999.0 0.524259238951 -9999.0 -9999.0 -9999.0 -9999.0 0.736714190326 0.380846601744 -9999.0 -9999.0 -9999.0 -9999.0 -9999.0 -9999.0 -9999.0 -9999.0 -9999.0 -9999.0 -9999.0 -9999.0 -9999.0 -9999.0 -9999.0 -9999.0 -9999.0 -9999.0 -9999.0 -9999.0 -9999.0 -9999.0 -9999.0 -9999.0 -9999.0 -9999.0 -9999.0 -9999.0
-9999.0 -9999.0 -9999.0 -9999.0 -9999.0 -9999.0 -9999.0 -9999.0 0.609010363385 1.68852540892 2.18488873546 2.6810282811 3.69653339446 0.474419948912 1.94954506799 2.39525557355 9.80229589956 0.38089916126 0.374747539655 0.967673199659 1.39167483042 0.450838127322 -9999.0 1.89063913745 1.56239363352 0.423269278344 -9999.0 -9999.0 -9999.0 -9999.0 -9999.0 -9999.0 -9999.0 -9999.0 -9999.0 -9999.0 -9999.0 -9999.0 -9999.0 -9999.0 -9999.0 -9999.0 -9999.0 -9999.0 -9999.0 -9999.0 -9999.0 -9999.0 -9999.0 -9999.0 -9999.0 -9999.0 -9999.0 -9999.0
-9999.0 -9999.0 -9999.0 -9999.0 -9999.0 -9999.0 0.580351347227 0.51982428425 0.513897949249 0.528460529056 0.540409727298 3.77396484618 8.00447105463 8.52224799193 8.94234307482 0.416842769388 10.6205582959 11.0131982606 0.809051040882 0.442534175044 1.80573977738 3.11867627415 0.40148218392 3.10318827099 0.416076095064 0.407305171788 0.430305354978 -9999.0 -9999.0 -9999.0 -9999.0 -9999.0 -9999.0 -9999.0 -9999.0 -9999.0 -9999.0 -9999.0 -9999.0 -9999.0 -9999.0 -9999.0 -9999.0 -9999.0 -9999.0 -9999.0 -9999.0 -9999.0 -9999.0 -9999.0 -9999.0 -9999.0 -9999.0 -9999.0
-9999.0 -9999.0 -9999.0 -9999.0 -9999.0 -9999.0 1.17171428288 1.72607182309 3.88413928565 5.39756001875 0.452264917171 0.480694412852 0.464735615412 1.35843466083 10.6997047274 0.364645761734 11.3823209057 12.9697850521 1.19276072548 0.809406440849 3.4932466835 0.420823849538 3.50737352259 0.753607290695 0.367852911225 0.757412031054 0.856835676792 0.456780734656 0.472326471868 0.452176124861 0.493343490266 0.983522425536 -9999.0 -9999.0 -9999.0 -9999.0 -9999.0 -9999.0 -9999.0 -9999.0 -9999.0 -9999.0 -9999.0 -9999.0 -9999.0 -9999.0 -9999.0 -9999.0 -9999.0 -9999.0 -9999.0 -9999.0 -9999.0 -9999.0
-9999.0 -9999.0 -9999.0 -9999.0 -9999.0 0.651049305666 1.25479595829 0.600912093891 1.15868654115 5.97164215021 6.9755350179 7.97278501879 26.3198516466 0.459800884025 11.1354604271 41.1922288323 41.5574744139 55.1543282153 0.387608477545 1.1750855899 3.8694417032 0.369984198765 7.83986063777 3.94306634131 2.39300752195 2.00881873685 0.411276052574 1.34815225827 1.36388522528 0.904581675862 0.426405845417 1.4271373046 0.409705750837 0.397125485707 -9999.0 -9999.0 -9999.0 -9999.0 -9999.0 -9999.0 -9999.0 -9999.0 -9999.0 -9999.0 -9999.0 -9999.0 -9999.0 -9999.0 -9999.0 -9999.0 -9999.0 -9999.0 -9999.0 -9999.0
-9999.0 -9999.0 -9999.0 -9999.0 -9999.0 0.656634133386 1.91063073166 3.78968315391 4.36599008899 8.66080340561 9.20286896988 10.9152494769 17.9095528206 27.8073633768 28.8117912074 29.2847503727 0.84107699448 56.6715997399 57.4316888257 59.4567845359 72.6664102744 8.98780440614 8.2491332551 2.79082747062 0.382352480954 2.45518422614 1.69906388713 0.333564065978 1.73743086313 0.378592851189 0.797337807172 2.20288166658 2.59036895169 0.772364068032 0.371354903206 0.361450285833 -9999.0 -9999.0 -9999.0 -9999.0 0.37156981176 0.33736395615 -9999.0 -9999.0 -9999.0 -9999.0 -9999.0 -9999.0 -9999.0 -9999.0 -9999.0 -9999.0 -9999.0 -9999.0
-9999.0 -9999.0 -9999.0 -9999.0 -9999.0 0.632790143437 0.604924558826 2.5392446965 3.12940220454 3.73909115225 0.583358875241 1.15198889701 6.55258661533 1.1643548526 0.555957593053 0.481631794906 0.418068486012 0.481191945715 0.429492961586 0.464203599754 73.0554367223 74.1558051612 0.35712175681 1.10696260546 0.760022411787 2.80310260689 0.675302351437 0.311213714628 2.11390724821 0.757940741712 1.87407867131 4.49009772591 4.10912891465 1.13594423293 1.0812017598 0.383396691786 0.378918486957 -9999.0 -9999.0 0.388451878753 0.786327166041 1.83967394365 0.364097056161 -9999.0 -9999.0 -9999.0 -9999.0 -9999.0 -9999.0 -9999.0 -9999.0 -9999.0 -9999.0 -9999.0
-9999.0 -9999.0 -9999.0 -9999.0 -9999.0 -9999.0 0.666615609591 0.669604973813 1.2691298754 1.88210028187 4.2592545011 5.43050246042 6.02064659466 0.582158754987 0.464686716351 6.3384730316 7.75536654986 8.17582446173 9.97832711853 10.3662741102 0.380963305591 74.5472913087 76.3779210891 1.45804788256 0.294748349639 3.11730033307 6.77109687175 2.70586108437 0.638679680254 0.326678091868 7.03858397776 4.8352250406 0.320426730477 0.310868704157 1.40326487959 1.11881398768 0.339257516178 0.2986537877 0.369618913707 0.746970344359 0.351580415621 2.23752373771 2.5635566078 0.280085824679 -9999.0 -9999.0 -9999.0 -9999.0 0.352361912815 0.323425360577 0.153048098466 -9999.0 -9999.0 -9999.0
-9999.0 -9999.0 -9999.0 -9999.0 -9999.0 -9999.0 -9999.0 0.643954203613 0.569386419214 1.20502832121 1.82009808784 0.588056181447 0.518359305958 3.32237297058 4.35772728933 5.43842695363 0.503886286964 0.949215278546 0.475592240828 10.7849436595 23.7594613892 24.1014452879 101.190272111 0.353679268413 0.842195248178 0.261785659963 7.04930464095 0.315772985333 0.970062746995 0.317387936628 7.35481212719 7.67413071665 0.64521018376 0.631518008967 3.58513536175 1.81912337538 0.632833288739 0.334766239831 0.733550630633 1.10511540787 1.78178888273 0.309700025501 3.10176744332 3.35293718264 0.224901125292 0.254624393577 0.269242609072 0.233609542711 0.221613268293 0.928172402855 0.442768450331 0.300928110573 -9999.0 -9999.0
-9999.0 -9999.0 -9999.0 -9999.0 -9999.0 -9999.0 -9999.0 -9999.0 1.20164395744 1.72946372015 0.583848654251 1.19477071846 1.7483446072 2.84686730877 0.566879099613 0.54362119208 0.444440049221 0.447455781793 0.384584296526 12.1311539172 0.479885260611 0.918377945173 102.44745136 103.116893525 0.241688361979 1.33547015992 8.6390046181 0.614175211926 1.23577175582 0.551488292487 0.799801975102 8.84551923084 0.916169677986 5.07007277552 4.18527611716 0.306797428041 1.63835446853 0.676112720727 1.06167955759 0.317799584669 2.06705230368 2.62732422187 2.84304331467 3.04271829067 4.20596384404 0.436244914416 0.472524090503 0.415982191061 0.390388395999 1.13106159469 0.217256298509 0.975518280932 1.18793371144 -9999.0
-9999.0 -9999.0 -9999.0 -9999.0 -9999.0 -9999.0 -9999.0 -9999.0 0.636151291847 2.980510779 3.5461686059 0.564480503228 1.09499201803 0.528272046557 0.48887891471 0.480452797136 6.05692790099 8.02004456809 9.84794855424 11.7496521436 0.449258025949 0.455247035269 0.393822052448 104.882985444 105.575151327 105.803692552 11.323046719 2.40549350875 2.1109482081 0.219015537156 1.03466641898 10.127365551 0.245972100384 5.31956628973 0.304713975732 2.20638253612 1.98871316344 0.33300935582 1.39004288066 0.641873097857 0.960517167679 0.254562226845 0.194862193559 3.2387611277 3.4182820432 4.38486252482 0.673670049711 0.603740172987 0.57212985836 1.3640320161 1.80723874533 0.221256834118 1.41505845178 0.252565381495
-9999.0 -9999.0 -9999.0 -9999.0 -9999.0 -9999.0 -9999.0 -9999.0 -9999.0 0.651038061709 4.14599772798 4.69085458809 1.62241507996 2.67522071896 3.66696745521 4.17543427663 0.531185030769 1.51550909394 1.03227090084 0.552731829901 0.514106236263 0.445209546187 0.853934444687 1.40166026982 0.400496721001 117.788826903 118.029813797 0.210122709347 0.170462805072 0.466414409903 0.700579456296 10.8327258716 0.472768355899 5.51761739273 3.37003161419 2.81325365418 0.304436165974 0.625097061486 1.67394970951 0.28433812173 1.23782685358 0.516138466808 0.329749226595 0.156880604938 3.92008725023 8.44716564549 0.802853547035 0.736336910756 0.740993556043 0.172553144632 1.98168782311 0.167956288082 1.82912113364 0.219881801305
-9999.0 -9999.0 -9999.0 -9999.0 -9999.0 -9999.0 -9999.0 -9999.0 -9999.0 -9999.0 0.554362017496 5.80145670235 0.519597878555 1.03364438425 1.5091973486 2.42631442731 0.467116925942 0.965744938116 0.483178573224 0.42737054761 0.396542141814 0.77228184022 0.330119395119 0.35870289632 0.648412430406 0.344292523486 118.291112631 118.73191893 119.368019217 0.899430736967 0.252621814974 0.503920095373 11.1017862949 10.1229351056 3.93194065976 0.278036620607 1.21608428436 0.917306581941 1.95882155103 0.566575685282 2.31524469485 0.789563848664 0.547206667112 0.14490383754 0.185873025139 8.65656444072 8.8354775127 10.5179356319 1.29883297489 0.364559121654 2.17519470291 2.53184892823 4.53755280133 0.430839406754
-9999.0 -9999.0 -9999.0 -9999.0 -9999.0 -9999.0 -9999.0 -9999.0 -9999.0 -9999.0 -9999.0 0.330295029648 6.50784380244 0.477440763072 0.932243636328 4.2284483249 0.434969138025 0.424716500518 0.357837046275 0.822983666845 0.41235046365 1.58257063855 2.2169458652 2.48061391138 0.871085535991 1.03327155149 0.190570431356 0.296168117757 0.291262371249 120.802501311 121.492503845 11.3140099512 10.5748445401 10.34903201 0.45132852853 0.214608556836 1.4717023952 3.95122259129 2.2243454419 0.826878575538 3.39923590629 1.27938057324 1.03871385086 0.291421072748 0.122338146401 0.101669305544 0.127386159307 11.1867449478 13.0780884383 0.186193537207 0.162858044682 0.186342204273 4.72960392148 5.34836610562
-9999.0 -9999.0 -9999.0 -9999.0 -9999.0 -9999.0 -9999.0 -9999.0 -9999.0 -9999.0 -9999.0 0.309612852501 7.25007588524 8.79481173618 0.461913728035 5.12877204192 0.385917957637 0.366393730071 0.759932739909 1.99841378291 0.396018422059 0.427217807013 0.320431591244 3.08505605546 3.37392887328 4.71823351303 5.13949576186 5.38708755323 5.59075406049 5.87478068805 127.613894123 139.339838823 150.272127852 150.424472767 0.164868307792 0.212691768372 4.46623997255 4.21060210588 0.259896279724 0.26140069736 3.67596682932 5.22221210468 0.217744357126 2.81550874072 2.61690183426 0.639422463952 0.294164322195 0.500469473812 0.234127266118 13.4430296192 0.186309948308 0.527403273226 0.672150338001 6.55542037837
-9999.0 -9999.0 -9999.0 -9999.0 -9999.0 -9999.0 -9999.0 -9999.0 -9999.0 -9999.0 -9999.0 0.576921056125 1.09500566059 9.29374636225 10.1190600482 0.408065988767 5.87745121812 0.310360345904 1.00102753002 2.3456110507 0.74834889117 0.349439544151 0.700930988382 0.23370877486 0.47499466454 0.257375108009 0.236173305431 0.212347049435 0.202754499742 0.172854175669 0.157067769194 0.207584273414 0.237761234142 0.266793936563 151.034685223 5.05451985192 4.73474094542 0.124589974124 0.732901845288 0.236692379823 0.238234489979 5.4584057397 9.03239130896 3.09764279061 2.34106848174 0.399303266098 0.16408476046 0.145802770283 0.323212163252 13.9540205787 14.2841275666 0.174180560524 0.186153745931 0.189943311934
-9999.0 -9999.0 -9999.0 -9999.0 -9999.0 -9999.0 -9999.0 -9999.0 -9999.0 -9999.0 -9999.0 -9999.0 0.455894555456 6.62499339207 17.2063559281 18.6083229607 24.8489791692 25.1996126226 5.13566799801 3.81248094201 1.10567571218 0.341306320044 1.36263311864 1.66208094552 2.40382411533 0.534367233141 0.482555352311 0.46619454762 0.912172191082 0.409475829516 0.38737230462 0.215899868539 0.164421508529 0.141667072083 151.249352309 156.475137671 156.640324622 0.12191550397 1.97676901122 0.978076841825 0.260482896118 9.89214112845 0.62533369868 0.326783465502 1.43374633085 0.292549230363 0.210458023071 0.391016429412 0.545110295798 0.718068626423 14.5546437488 0.126053169819 0.109816596024 0.112682647013
-9999.0 -9999.0 -9999.0 -9999.0 -9999.0 -9999.0 -9999.0 -9999.0 -9999.0 -9999.0 -9999.0 0.517776720959 5.05679831666 6.13317364071 0.983414464839 0.362832252913 0.769644446289 26.335265309 26.6426384502 32.1289979623 0.293609024477 0.630322603092 0.261388077159 0.266551288039 2.66348321177 3.45630202139 4.16527946373 0.222135690617 1.13406885919 1.75988919741 1.02445325802 0.429866452704 0.352223435531 0.313514956546 0.307116982825 0.128463931217 156.769344618 156.857509308 159.031852814 0.41787282288 0.226520016645 10.1236888908 0.670520349963 0.346898047208 0.401030380381 0.398968890058 0.332565868992 0.572634146307 1.5944060809 2.50712695125 17.2019471223 0.0923979435177 0.28198989231 0.195899949418
-9999.0 -9999.0 -9999.0 -9999.0 -9999.0 -9999.0 -9999.0 -9999.0 -9999.0 -9999.0 -9999.0 0.533116311316 3.57500208094 0.556771777653 0.465075068816 2.59652712224 3.00969568232 3.40446252819 3.74629057476 43.5356043676 43.8863385377 44.4933446863 49.2716078715 50.0891136365 50.5485979598 50.8191518246 55.6207066976 56.3041540237 56.5546142682 58.5874274401 59.8742932325 60.0902931501 60.8871841185 0.516082178901 0.487405910725 0.104658883293 0.0830487186266 156.969685566 159.687808508 0.571966483172 11.8022453815 11.5987338728 1.24017721159 0.290950389023 0.303544873658 0.28848821777 0.292718911395 0.589115603441 0.829873574957 0.225331535554 17.3266699319 17.4611039826 18.0540864126 18.1633443845
-9999.0 -9999.0 -9999.0 -9999.0 -9999.0 -9999.0 -9999.0 -9999.0 -9999.0 -9999.0 -9999.0 1.86184663396 2.45930226715 1.12645204206 1.65117353775 0.516453146114 5.73394659998 6.14941565645 6.96904920231 7.31624254449 2.66150878193 47.7409561686 48.1085650146 0.268489917363 0.188352583974 0.180368281422 0.387879532233 0.2000048626 0.167359452015 0.160084570601 0.178196934207 60.3344019737 61.1380292918 61.8902589292 62.5780557411 62.9274497054 0.150855621175 0.0467052021595 171.912134674 12.1344823567 12.0254282895 0.236409139681 0.20823869856 0.186173260502 0.508073604933 0.491167994534 0.231294876131 0.233160966705 0.210630639863 0.429125464983 0.556775233795 0.089512150047 0.169846115071 0.0704419339259
-9999.0 -9999.0 -9999.0 -9999.0 -9999.0 -9999.0 -9999.0 -9999.0 -9999.0 -9999.0 -9999.0 -9999.0 1.26313834639 0.586968763993 0.5193784229 4.89508844518 5.33097109431 0.436686906811 1.62954118486 2.01366468698 2.33760820497 0.371618349841 0.237645260857 6.7538665127 6.94381109272 7.12811104741 18.4124141067 18.566611231 18.8722117412 20.2629262073 21.1883392131 21.3361993835 0.172420269707 0.182552811559 0.168596482791 63.0760772026 0.0643640461044 173.762497796 173.65936892 1.65225430767 1.50340622044 0.887595864071 0.22645023513 0.363705064095 0.699559006265 0.685266168145 0.445854918447 0.22122043325 0.428219307103 0.419514576333 0.741049661648 0.146379164747 0.308024937789 0.503958721379
