data/baseflow/History/mHMbfrc270
ncols                  80
nrows                 72
xllcorner      4374000.0
yllcorner      5656000.0
cellsize            500
NODATA_value       -9999
[rows 24 to 47 of 72, columns 0 to 53 of 80]
-9999.0 -9999.0 -9999.0 -9999.0 -9999.0 -9999.0 -9999.0 -9999.0 -9999.0 -9999.0 -9999.0 -9999.0 0.751570577597 1.99362376786 2.56589580279 4.2428101412 0.409652488206 0.85430140736 1.25122419263 5.28665755549 5.61587537573 5.85539189828 6.09125562721 6.32308055747 9.34553425308 10.0245949431 10.3919169642 0.152447778543 0.85215978575 1.00669258089 19.2651026797 19.9058200992 20.2833665902 20.6896352396 20.9415997739 87.4155895516 0.0376528216771 179.803381533 0.133058926928 0.0759493050716 1.50410927451 1.30734381163 0.206488492808 0.669032049742 1.06172606239 1.03242660286 0.717404854672 1.17673787566 1.86516691642 0.70719419893 1.69954611292 0.150560934789 0.252393795495 0.0337825273584
-9999.0 -9999.0 -9999.0 -9999.0 -9999.0 -9999.0 -9999.0 -9999.0 -9999.0 -9999.0 -9999.0 -9999.0 0.671400522441 1.32807963871 0.588748336012 1.15903089575 0.441767300573 3.69886544202 4.48870080568 4.9114930097 0.369360139193 0.715741927455 7.30097741189 8.93080264373 9.16362629149 0.475996403132 0.419590259768 0.6048542412 0.126285141593 0.110016329484 0.2105989313 0.0932169914307 11.5466244814 11.6680947166 11.7023203479 87.5320661912 180.418233729 179.853468371 0.113916072712 0.0703875901776 0.067632218675 0.384644426208 0.328336170334 0.857833582319 1.26956721024 2.52889780317 0.227741472408 0.225523594322 2.06855999392 2.28326719723 4.32712157794 4.40915941663 4.69506366542 4.75620944886
-9999.0 -9999.0 -9999.0 -9999.0 -9999.0 -9999.0 -9999.0 -9999.0 -9999.0 -9999.0 -9999.0 -9999.0 -9999.0 0.590400798016 1.18703717982 1.80073056962 2.758818316 0.492581568227 0.411994071131 3.05175340841 3.41828968957 6.62783954999 7.03791107302 1.11821530568 0.306005981 0.229925472066 0.195175803309 10.865628809 10.9984483983 11.1270225881 11.2351401333 11.4307415146 1.43807788512 1.48590518254 13.2186574545 281.264637374 0.461908550999 0.333982196821 0.181830848829 0.0582106756397 0.0535705916825 0.502659140682 0.536482719505 0.965578104956 0.0600425826257 2.62373777084 0.388255218164 0.379718546448 0.06423810031 0.034063892273 0.0268089993224 0.0241260411906 0.028149738092 4.78914610142
-9999.0 -9999.0 -9999.0 -9999.0 -9999.0 -9999.0 -9999.0 -9999.0 -9999.0 -9999.0 -9999.0 -9999.0 -9999.0 -9999.0 0.541980632122 1.02811962022 1.43664396106 1.82536153117 2.23427929829 2.66660393284 1.22232214258 2.08838134199 0.395859619698 0.35444227218 9.49070868059 10.1455636108 10.4331914097 10.7111548834 0.168726888144 0.295622045162 0.924378315658 1.09945209042 1.29167290336 0.0717591390757 0.0335316184025 281.522468694 0.103440726363 0.112012368592 0.0586215228895 0.23414367833 0.116606310815 0.0478004887352 1.5477726674 1.58096307232 0.0270247630378 2.65343008696 3.07082732581 0.408175249667 56.741465709 56.6488167384 56.5822621962 56.4574968361 56.4110817545 55.5520282941
-9999.0 -9999.0 -9999.0 -9999.0 -9999.0 -9999.0 -9999.0 -9999.0 -9999.0 -9999.0 -9999.0 -9999.0 -9999.0 -9999.0 0.155805709573 0.314180783587 0.42227926999 4.66652214522 5.08121480669 0.431972888214 0.415964321331 0.430160776116 8.02747407043 8.83926647347 0.385832297586 0.386494972248 0.26701321595 1.18482109259 1.48483641234 0.580459747948 0.782603033106 7.26687306203 7.49566223486 7.77546485647 11.9548449337 293.589344601 0.095394476142 0.0431942964494 0.352018983702 0.296707723222 0.0413189655265 0.135045533774 0.179558859665 1.62164624271 1.65343079581 4.80250507208 3.09452503991 0.468906130094 57.6321134498 0.243889129638 56.5254002623 56.4933382055 0.811267405037 0.0610337666403
-9999.0 -9999.0 -9999.0 -9999.0 -9999.0 -9999.0 -9999.0 -9999.0 -9999.0 -9999.0 -9999.0 -9999.0 -9999.0 -9999.0 0.73967663128 1.23469299334 2.40355278791 4.23634626947 5.46701773742 6.41621925401 6.82906453022 7.26319092187 7.68177711729 0.383366456264 0.321720078766 0.620462310825 0.580402122442 0.326173972832 6.32269931705 6.60976334743 6.87300081962 7.11312572074 3.88923543351 4.01365837889 4.12788084485 293.690821065 0.206657525497 0.096400629967 0.527349911323 0.0680364134907 0.086717369172 0.045484680969 0.0415445124019 0.219404750591 0.0261694471015 0.0269842354952 62.5854003507 57.7606911073 57.7309630071 0.104113869529 0.219585687983 0.142994054153 0.0315862815768 0.716971415724
-9999.0 -9999.0 -9999.0 -9999.0 -9999.0 -9999.0 -9999.0 -9999.0 -9999.0 -9999.0 -9999.0 -9999.0 -9999.0 -9999.0 0.503074633389 0.49593367533 0.9870554404 1.43944933227 0.519600847732 0.571660220527 1.03036261488 1.47005193986 2.28996268884 2.68396547353 2.98582344153 3.9343670326 4.22119015491 4.57311597828 0.300575362476 2.99231763458 3.24690514223 3.49104812027 0.196093702992 0.0988042071948 0.186154465934 298.058770904 298.155352589 298.48740993 0.768320467378 0.163625730105 0.118934418058 0.035019580105 0.073063378351 0.252340519514 0.304892044253 0.0488302163142 62.7020347035 0.0326999751963 0.0499009003515 0.0552711707038 0.0401489991986 0.0861435114231 0.0362683035144 0.497991208339
-9999.0 -9999.0 -9999.0 -9999.0 -9999.0 -9999.0 -9999.0 -9999.0 -9999.0 -9999.0 -9999.0 -9999.0 -9999.0 -9999.0 -9999.0 0.486712173004 0.936142791672 0.402056952265 0.83054132366 5.20039556073 5.57412004527 5.96704318491 0.402496495429 0.403217322512 0.702868529163 1.03710302353 1.58267139867 1.88783052669 2.13763301781 2.40947894448 0.224168151101 0.207155402426 3.74291608148 3.86418483056 3.96820856781 4.07477074555 3.57017333212 302.51089505 303.843986919 303.933342979 304.126680252 304.364453035 304.461706193 0.0204311745136 0.328740166339 62.7215861679 0.0375802817314 0.019233718464 0.0231987375803 0.0267198438462 0.0490669932594 0.0540202645286 0.0323818607903 0.0538333578939
-9999.0 -9999.0 -9999.0 -9999.0 -9999.0 -9999.0 -9999.0 -9999.0 -9999.0 -9999.0 -9999.0 -9999.0 -9999.0 -9999.0 -9999.0 -9999.0 1.3882319028 1.79473691731 3.06066313763 3.96260530804 0.460362771113 6.93356269115 7.31647127863 7.64640396176 0.320128929527 0.624765740721 0.261244115953 2.0892994067 2.30144094102 2.56338260828 2.82818480426 3.46027625709 3.60791164359 0.0987239365705 3.15466270977 3.36694374578 3.47157037026 3.92006749285 0.464395020385 0.249471509285 0.116083342539 0.114629520219 304.539746701 304.568824373 305.063930785 62.7372848932 0.122136323217 0.0711471138401 0.0459227649815 0.0179312560108 0.163640801746 0.0909330282726 0.0285629267102 0.168352828652
-9999.0 -9999.0 -9999.0 -9999.0 -9999.0 -9999.0 -9999.0 -9999.0 -9999.0 -9999.0 -9999.0 -9999.0 -9999.0 -9999.0 -9999.0 -9999.0 0.429063582154 2.22419653323 2.66833418924 0.465108020766 0.438881119588 0.929546416437 1.35417546287 9.35235861244 0.320738251385 1.29081752549 1.57036081062 1.84127116098 0.219066043987 0.453568834556 0.602638671799 2.41086146991 2.71915455034 2.84011155617 0.11589167201 0.104579308376 0.12635517842 0.23970061439 0.107177018417 0.105785138384 0.0708539201944 0.104326303073 0.0778068941771 0.143782474188 305.097940499 367.908584189 0.143939474391 0.0501667328061 0.0175900309904 0.541566503887 0.501895123347 0.309190643004 0.27976527851 0.211810837044
-9999.0 -9999.0 -9999.0 -9999.0 -9999.0 -9999.0 -9999.0 -9999.0 -9999.0 -9999.0 -9999.0 -9999.0 -9999.0 -9999.0 -9999.0 0.407748577592 1.20145199768 0.374058135218 0.493855784849 0.495906581933 0.944639980274 1.39475535239 1.76796391864 11.433418434 11.7348393855 0.314601591179 0.594290619091 0.881101129962 1.11647802034 1.34627106875 2.10528220966 2.28575526379 0.16887784973 0.122926326774 0.0875542372604 0.0471735925331 0.0727314752666 0.104679730208 0.104684389827 0.191213366284 0.253395844245 0.135304204936 0.0259768565174 0.0253140103876 0.0236091611801 0.0439293550191 369.750979469 1.62090998925 0.651054194985 0.0672078786909 0.034588476348 0.0191319310923 0.071080155388 0.0495276880376
-9999.0 -9999.0 -9999.0 -9999.0 -9999.0 -9999.0 -9999.0 -9999.0 -9999.0 -9999.0 -9999.0 -9999.0 -9999.0 -9999.0 0.436002500344 0.829402462671 2.77865970335 0.331912407367 0.852038753228 1.3191765573 1.73250496891 0.448617988143 0.807853448621 1.14906215964 13.1606149446 0.286857523439 0.538799266353 0.811614484995 0.265670449726 0.524524350596 0.662797422798 0.82765201842 21.3216924968 21.5367482135 21.7059860101 22.3367009825 22.5554394294 23.0124506667 0.127155004184 0.347729865905 0.286055170449 24.2733076947 24.3202378082 0.0228335671283 0.0397555044681 0.0559435212871 369.782414805 1.5004011496 0.755890690154 0.709237535346 0.552411133774 0.470819564518 0.0934911267984 0.0218442220321
-9999.0 -9999.0 -9999.0 -9999.0 -9999.0 -9999.0 -9999.0 -9999.0 -9999.0 -9999.0 -9999.0 -9999.0 -9999.0 -9999.0 0.454976862684 1.36185887206 4.58535955947 6.80879135388 0.296714850845 8.64839309966 10.7094953355 0.401838818898 0.756750069914 1.11186117317 16.3344751687 16.5790323539 0.170802114276 1.1600285148 1.33941415708 1.54579226778 19.8485005885 20.1965557021 20.3828390096 0.0860011202945 0.487497829316 0.573323329058 0.199557449271 0.26322808678 23.4194816055 23.8752354877 23.9221647583 23.9649348268 24.366030641 0.022057809544 0.0199737402938 0.0919488519347 369.813930481 0.0451373588926 0.0405445810742 0.119085778671 0.0472404897886 0.419543182734 0.332925359959 0.20329352625
-9999.0 -9999.0 -9999.0 -9999.0 -9999.0 -9999.0 -9999.0 -9999.0 -9999.0 -9999.0 -9999.0 -9999.0 -9999.0 -9999.0 -9999.0 -9999.0 0.933438546231 1.85152590761 7.97079724968 8.3664105544 11.056632162 11.3892266254 0.396533778314 0.794235845355 1.78654516899 16.8023495357 17.1629354524 17.2879564178 0.102276252853 17.7916394992 18.1417215215 0.215377237241 0.0877364479305 0.171674213616 0.329736573549 0.0800694054518 0.149361980562 0.313094190907 0.37163142163 0.0710234888282 0.0449091604936 0.0830238147885 24.7672505279 24.888191703 24.9056686817 25.0565888289 369.841666642 0.0376298733285 0.0269370569965 0.0318175288005 0.0315935419786 0.0325924128056 0.0297862915977 0.0552319393623
-9999.0 -9999.0 -9999.0 -9999.0 -9999.0 -9999.0 -9999.0 -9999.0 -9999.0 -9999.0 -9999.0 -9999.0 -9999.0 -9999.0 -9999.0 -9999.0 0.481163691535 0.466198180621 0.432502429296 0.776821841805 0.320445849733 12.0392066044 12.3455639398 0.346107461202 0.687763749168 0.242926344377 0.175789994855 0.166133810511 17.579086149 0.105218901292 0.227052514129 0.122121557615 0.0983484687723 0.0784636885282 0.0587154789904 0.0619680763752 0.196337431239 0.273204274635 0.0508727098624 0.0424134796107 0.0953923570758 0.165472876404 0.262905046937 0.0849958843077 24.9449385467 25.0746671329 369.86511276 0.155454792177 0.072961156317 0.0179758049316 0.0467351137065 0.0155370724499 0.0134668003871 0.0701059467163
-9999.0 -9999.0 -9999.0 -9999.0 -9999.0 -9999.0 -9999.0 -9999.0 -9999.0 -9999.0 -9999.0 -9999.0 -9999.0 -9999.0 -9999.0 -9999.0 -9999.0 -9999.0 0.460573548852 1.17767844264 1.5022002539 1.82147930305 12.6674726418 13.0084512241 13.3108554026 13.5749434296 13.7342628762 14.0736479804 14.1731193313 14.2677405018 14.3524190795 0.0804739625091 0.076944363366 0.0793556831091 0.26698916194 0.0719763669063 0.0700170143228 0.0511887862919 0.150835971375 0.0608390423802 0.0454188522718 0.0413731675025 0.0350204680281 0.0698486684849 0.102637957751 25.2827733529 395.32706696 0.042812578277 0.0640384557272 0.0140131914658 0.0640774351399 0.035309363663 0.0270957617475 0.282859824417
-9999.0 -9999.0 -9999.0 -9999.0 -9999.0 -9999.0 -9999.0 -9999.0 -9999.0 -9999.0 -9999.0 -9999.0 -9999.0 -9999.0 -9999.0 -9999.0 -9999.0 -9999.0 -9999.0 0.370347502805 3.05217315499 5.67816279037 5.98658434417 0.431999269565 0.793507216511 1.14176652682 1.3795014068 3.15974584179 3.24592956517 0.0826780350577 0.084358140937 14.5266062831 14.6795527576 14.7494178237 0.313454802317 0.035309528811 0.0965484651585 0.143620997218 0.455543724171 0.570257054102 0.65729289698 0.0782050176259 0.1086709352 0.0375417320649 0.0759059280079 0.0400653602843 395.399986746 0.0291075143705 0.127401020424 0.0333407291268 0.112003905631 0.299586075994 0.343462453748 0.646245898527
-9999.0 -9999.0 -9999.0 -9999.0 -9999.0 -9999.0 -9999.0 -9999.0 -9999.0 -9999.0 -9999.0 -9999.0 -9999.0 -9999.0 -9999.0 -9999.0 -9999.0 -9999.0 0.425867254312 1.3793866825 2.68860118979 3.49556986028 8.4791026917 8.84767530868 0.750108349215 1.1086683599 1.40483961457 1.62405490396 3.33886730304 3.51015315209 6.26952429438 6.51749933383 6.5951927806 14.8075978081 15.2490843858 0.086937757943 0.0648156935767 0.0596772018534 0.114061031288 0.0537742163521 0.768527779766 0.810018210949 0.143804472922 0.205709503405 0.0432015207463 83.3496402988 83.4363333247 478.875839694 479.048849946 0.0397870506137 0.196901753402 0.0518198249475 0.0331495944294 0.706740627166
-9999.0 -9999.0 -9999.0 -9999.0 -9999.0 -9999.0 -9999.0 -9999.0 -9999.0 -9999.0 -9999.0 -9999.0 -9999.0 -9999.0 -9999.0 -9999.0 -9999.0 -9999.0 -9999.0 0.502447350635 0.486637573113 0.903366594991 2.13030965029 9.22941912726 0.393540375958 0.387341193716 0.668558312575 0.973417401412 2.28944376396 2.44246504004 0.140037313619 0.163802591804 6.6975835027 6.75192965727 22.0635962859 22.1147096856 0.0295581951721 0.0257053722624 0.022094511754 0.0223147117572 0.0282392391618 82.4191245306 82.6900395845 82.9752678213 83.1056147966 83.2960904831 0.0471561927605 0.168017220023 0.190055525422 479.308669941 479.332352427 479.39107233 479.461735654 479.555262146
-9999.0 -9999.0 -9999.0 -9999.0 -9999.0 -9999.0 -9999.0 -9999.0 -9999.0 -9999.0 -9999.0 -9999.0 -9999.0 -9999.0 -9999.0 -9999.0 -9999.0 -9999.0 -9999.0 -9999.0 0.433583217786 0.460087792183 0.845169429723 10.8775363511 11.2057082979 0.374516861025 0.655114430146 0.971184375293 1.19615526898 0.18266556521 0.355454134389 22.6998131912 22.7672254739 22.8761877258 23.5727598712 45.7722265602 80.8301635961 80.9145291943 80.9910892151 81.065881745 81.4396059433 81.5665974699 0.227471764496 0.0974948717481 0.063788842504 0.117892429745 0.0828332701716 0.134235402177 0.042561815716 0.905789263982 1.00526138434 1.09959101173 1.11077489253 479.575371493
-9999.0 -9999.0 -9999.0 -9999.0 -9999.0 -9999.0 -9999.0 -9999.0 -9999.0 -9999.0 -9999.0 -9999.0 -9999.0 -9999.0 -9999.0 -9999.0 -9999.0 -9999.0 -9999.0 -9999.0 -9999.0 0.444525211602 0.850192447654 1.25916901771 11.5389425881 0.287805016074 15.465158036 15.7916284409 15.9678616443 16.153434347 21.9722203969 22.1739499794 0.0731531806194 0.504944586162 0.597520398254 0.0760739726254 34.9801776691 34.8345564326 0.0454344277291 0.108870331887 0.300819433631 0.0687706762425 0.0737936694198 0.0485095351358 0.0406361721544 0.0302717218083 0.0377545313125 0.782682984562 0.824759135866 0.877725275907 0.0798533149992 0.0784597059204 1.15244536716 1.1669767156
-9999.0 -9999.0 -9999.0 -9999.0 -9999.0 -9999.0 -9999.0 -9999.0 -9999.0 -9999.0 -9999.0 -9999.0 -9999.0 -9999.0 -9999.0 -9999.0 -9999.0 -9999.0 -9999.0 -9999.0 -9999.0 0.397580926856 0.372783882571 1.94255202047 14.2199027693 14.8734642379 15.1860236618 0.251314527148 5.38595155384 5.54072217873 5.64115491072 0.174781729516 0.261901471621 0.326642051159 7.46721091853 7.52758303178 7.58130916539 34.7374814092 22.6894692274 0.0608963597487 0.0657159163987 0.0621889350896 0.0463856743421 0.470617413917 0.565829211289 0.647505313231 0.695451054699 0.74117498024 6.38396139253 6.41761604706 6.49539938718 6.68390670647 7.10563259198 7.11747227675
-9999.0 -9999.0 -9999.0 -9999.0 -9999.0 -9999.0 -9999.0 -9999.0 -9999.0 -9999.0 -9999.0 -9999.0 -9999.0 -9999.0 -9999.0 -9999.0 -9999.0 -9999.0 -9999.0 -9999.0 -9999.0 -9999.0 0.780523007731 1.19700174384 0.367415101169 0.395233998972 4.56647881388 4.81975423528 4.97561934075 1.49154262372 1.60199839272 1.72885996209 1.81682180563 7.33139662223 7.42353313234 4.28631616393 11.9358732775 11.9973957638 22.6437205977 0.123552143808 0.0634930048133 0.0411519811884 0.322964419597 0.380740860414 0.0314411824145 0.0286512205144 6.23669855268 6.31409617078 6.35298227303 0.0724910757575 0.127542231382 7.06343846041 0.0220751974941 0.0762373902813
-9999.0 -9999.0 -9999.0 -9999.0 -9999.0 -9999.0 -9999.0 -9999.0 -9999.0 -9999.0 -9999.0 -9999.0 -9999.0 -9999.0 -9999.0 -9999.0 -9999.0 -9999.0 -9999.0 -9999.0 -9999.0 -9999.0 0.39437323113 0.777360743581 3.12818403961 3.51027775031 3.84812966607 1.20397843574 1.38865801616 0.113661593523 5.23108534103 5.33272957786 5.43535022027 0.0897513371041 4.11938609085 4.21698209341 0.0664272684687 22.3187806106 0.144761436802 0.0722418385953 0.17399002176 0.237759076972 0.0453205945178 0.0355180308769 5.84744292293 6.16695989763 6.21407340205 0.0492197992667 0.100408751635 0.126269985195 0.151295312359 0.310213367894 0.0285197045139 0.0626359226428
