data/baseflow/History/mHMbfrc353
ncols                  80
nrows                 72
xllcorner      4374000.0
yllcorner      5656000.0
cellsize            500
NODATA_value       -9999
[rows 24 to 47 of 72, columns 0 to 54 of 80]
-9999.0 -9999.0 -9999.0 -9999.0 -9999.0 -9999.0 -9999.0 -9999.0 -9999.0 -9999.0 -9999.0 -9999.0 1.21684263517 3.45937944158 4.52226256622 7.80736644448 1.0070414878 2.01555096173 2.95007534163 11.2143170492 12.0164654824 12.7307158557 13.47236614 14.2214633989 21.6519405504 23.8349521927 25.0521713638 0.547704445438 2.85143178837 3.37578816765 48.0802240009 50.039978663 50.9856755176 51.9528996866 52.7112196995 186.87390107 0.16620842032 340.01972936 0.645153650589 0.3190966164 3.07211127892 2.614065217 0.420282327994 1.41806168692 2.13992863683 2.10638485431 1.47281167187 2.40996543232 3.81301450041 1.42989842498 3.56452771721 0.33742922824 0.564047607579 0.128790982967 0.104450481
-9999.0 -9999.0 -9999.0 -9999.0 -9999.0 -9999.0 -9999.0 -9999.0 -9999.0 -9999.0 -9999.0 -9999.0 1.16584314183 2.31640691616 1.07148848189 2.18352184751 0.992539504752 7.45527384295 9.35377333396 10.3265076654 0.862067898451 1.67351772379 16.480253137 20.3638437576 21.0254538725 1.51141702719 1.33702375194 1.94457101348 0.460091613391 0.417182587733 0.778624244215 0.325215755275 24.4584289739 24.82849799 25.0602809636 187.220539519 342.360847477 340.310805035 0.485797965539 0.236117219158 0.21181241224 0.91916490576 0.723221213628 1.80730307247 2.55948552303 5.12183398481 0.460956821584 0.456663425117 4.23090377147 4.67184658861 8.99448679821 9.24665806375 9.94597553161 10.1846725567 0.217365559451
-9999.0 -9999.0 -9999.0 -9999.0 -9999.0 -9999.0 -9999.0 -9999.0 -9999.0 -9999.0 -9999.0 -9999.0 -9999.0 1.14064984236 2.24552496222 3.34775648403 5.40397322171 1.08311070413 0.991089387636 6.52198884772 7.40274810528 14.9021712997 15.7769984564 2.47033910731 0.83476650788 0.765366007035 0.661612249328 22.007115583 22.4981664394 22.9950690559 23.4068694056 24.1169365793 4.25655819177 4.53679924678 29.8086817533 559.573271883 1.71696413874 1.38473474976 0.736205462391 0.199550471021 0.178650438924 1.34091849499 1.48309162782 2.18008621446 0.191027369166 5.3705003465 0.795235559698 0.778305200195 0.18455210971 0.118353766201 0.106615378122 0.0925078263982 0.117580125648 10.3502342492 143.868111403
-9999.0 -9999.0 -9999.0 -9999.0 -9999.0 -9999.0 -9999.0 -9999.0 -9999.0 -9999.0 -9999.0 -9999.0 -9999.0 -9999.0 1.08388324665 1.95006657058 2.71684088555 3.52818404004 4.53779015885 5.56995065287 3.00243672873 4.91708457346 0.872027159726 0.84874272407 18.2305330776 19.8845327438 20.634781743 21.4300216755 0.571625036811 1.04345949375 2.81791006341 3.38021448448 3.86892571509 0.355400457181 0.209202202083 560.370692964 0.320144315312 0.391822156329 0.190089758623 0.795404703173 0.386003493343 0.172855264209 3.84122808083 3.96681365284 0.103478683947 5.48337947611 6.39097589505 0.912397301883 150.14954118 149.862801971 149.62371924 149.138814555 148.968785485 144.786170657 144.646852282
-9999.0 -9999.0 -9999.0 -9999.0 -9999.0 -9999.0 -9999.0 -9999.0 -9999.0 -9999.0 -9999.0 -9999.0 -9999.0 -9999.0 0.20554948621 0.466891458637 0.772638570652 7.17743308289 8.24329400432 1.072660433 1.01354964297 0.97517459995 14.7384940138 16.5703995621 0.879564630936 0.901795358809 0.740215805305 3.04192996242 3.77856650578 1.79998866971 2.34147822406 17.7974421757 18.3787756141 19.2520504159 30.633644863 591.221870247 0.307239392987 0.159169042759 1.21406978217 1.00867351801 0.155516002496 0.491130919197 0.636145226726 4.12470226954 4.24905795949 10.9639005465 6.50263895631 1.04763033616 153.071611636 1.22086323017 149.402775986 149.278609913 3.99838881601 0.216937246322 0.615200152618
-9999.0 -9999.0 -9999.0 -9999.0 -9999.0 -9999.0 -9999.0 -9999.0 -9999.0 -9999.0 -9999.0 -9999.0 -9999.0 -9999.0 1.02911345372 1.69578392661 3.54483504111 6.20019853401 8.96268532618 10.8884478922 11.9131739482 12.9241279093 13.8746368047 0.903137238747 0.823499754193 1.6183019772 1.520819742 0.785958862529 15.4732304287 16.1919712637 16.854458068 17.4840448181 10.1759612226 10.6915792725 11.1329359519 591.408342513 0.550599958878 0.403500285468 1.78198669852 0.201903138445 0.277589175808 0.142700680028 0.132551433676 0.761369525707 0.0979938488532 0.105842659758 164.65958773 153.620538535 153.51426661 0.493515259829 1.10957039723 0.737359582092 0.180455882489 3.66487613508 1.04966255812
-9999.0 -9999.0 -9999.0 -9999.0 -9999.0 -9999.0 -9999.0 -9999.0 -9999.0 -9999.0 -9999.0 -9999.0 -9999.0 -9999.0 0.713676971177 0.675324020776 1.3225116668 2.00224820348 0.979118669029 1.09980625808 2.12510924693 3.13649641096 5.0397078916 5.99364928779 6.87973694792 9.39451494476 10.1750676851 11.0079387222 0.751638480197 7.7217368227 8.3890673702 9.05100771824 0.582931542718 0.325245877393 0.552620950055 603.318464512 603.4971781 604.375534031 2.38642471606 0.432270396453 0.455857823321 0.125890056589 0.236261979021 0.868404879292 1.05768990319 0.193202868033 165.145813868 0.151208048175 0.266369619921 0.304550640672 0.21123795081 0.433569224415 0.180198659122 2.42189229472 1.99362461937
-9999.0 -9999.0 -9999.0 -9999.0 -9999.0 -9999.0 -9999.0 -9999.0 -9999.0 -9999.0 -9999.0 -9999.0 -9999.0 -9999.0 -9999.0 0.650026947178 1.28143669562 0.620463698142 1.28181494981 8.13309841309 9.03947606394 10.0538138562 0.948185402132 0.953634541496 1.84013676125 2.70632315913 4.27503749528 5.06181591308 5.52772993682 6.24195127409 0.612238448322 0.591974433223 10.3671541855 10.7151524062 10.9424545082 11.161441792 9.21933759135 614.52273548 618.231800042 618.40852449 619.012073263 619.749277893 620.07024874 0.0892568774117 1.14507907629 165.228516754 0.20942535984 0.107969603622 0.112545085073 0.109888454133 0.19885511214 0.227452293928 0.138554290142 0.22057248357 0.233293089124
-9999.0 -9999.0 -9999.0 -9999.0 -9999.0 -9999.0 -9999.0 -9999.0 -9999.0 -9999.0 -9999.0 -9999.0 -9999.0 -9999.0 -9999.0 -9999.0 1.90770150136 2.58230243641 4.56251060075 6.13145362976 0.850066058638 12.0023644583 12.9545685767 13.9041795548 0.939429274572 1.83856326049 0.801192777473 6.09506857843 6.53087238424 7.19734684244 7.88987370814 9.57041752574 9.88983895573 0.195377129657 8.37019838727 8.81186689399 9.01618416671 9.95753129234 1.13804324454 0.700385013264 0.422383168252 0.406737095301 620.448076919 620.579663142 622.52945997 165.304878377 0.600381630859 0.31979563363 0.206673239239 0.0727875688012 0.684052094906 0.385142289415 0.126308844429 0.753555231123 0.649876390361
-9999.0 -9999.0 -9999.0 -9999.0 -9999.0 -9999.0 -9999.0 -9999.0 -9999.0 -9999.0 -9999.0 -9999.0 -9999.0 -9999.0 -9999.0 -9999.0 0.697993638263 3.24815286055 3.93652891303 0.913520592304 1.05200639846 2.09011248413 3.06430771611 17.9534590993 0.933129560255 3.73247679095 4.56691823532 5.37813864425 0.460923883955 1.08143522084 1.48343906426 6.69298108528 7.5489712576 7.7403411298 0.223041961859 0.225737273601 0.283752984025 0.526484212138 0.232731490718 0.240470547688 0.336813763972 0.303740265176 0.344113264004 0.720904757514 622.684268408 788.366401136 0.74050678218 0.17965943963 0.0695646572862 2.3288126097 2.16648282271 1.35958142324 1.23600777533 0.942388141982 0.233373800056
-9999.0 -9999.0 -9999.0 -9999.0 -9999.0 -9999.0 -9999.0 -9999.0 -9999.0 -9999.0 -9999.0 -9999.0 -9999.0 -9999.0 -9999.0 0.60332579296 1.95220760133 0.648347048968 1.12192775293 1.21323496006 2.28952585652 3.31932337589 4.18512954071 22.812014089 23.7314940377 0.942525072249 1.7981802407 2.66168155874 3.25165152653 3.9292082617 6.01522176615 6.45733765801 0.599511486961 0.3958938547 0.314503698399 0.347063597491 0.354813286424 0.400784279809 0.342154821193 0.453212712395 1.09904479615 0.500659431119 0.136998850671 0.130649051199 0.139740473619 0.260611010304 796.048575729 6.76047018779 2.69688195702 0.18977632563 0.0853684886985 0.0694556882064 0.295077937984 0.215879660475 0.118618277416
-9999.0 -9999.0 -9999.0 -9999.0 -9999.0 -9999.0 -9999.0 -9999.0 -9999.0 -9999.0 -9999.0 -9999.0 -9999.0 -9999.0 0.639590731369 1.22444679421 4.41341587865 0.621314499549 2.03224589906 3.23068929103 4.35306431257 1.1361110561 2.14035165708 2.95579875692 27.3253341065 0.899944916261 1.70902398662 2.51008915298 0.72979532072 1.45297515936 2.01843228507 2.46251930697 54.2771285936 55.0241406211 55.6422647427 58.3697974904 59.4442926849 61.5192409437 0.484877937235 1.15939158232 1.34072459919 67.2092667537 67.4732251023 0.119415882955 0.21868928212 0.312473176837 796.166526828 6.39242118661 3.45413914215 3.35024521924 2.37998392796 1.95295298968 0.388466058726 0.0862520199989 0.190245846457
-9999.0 -9999.0 -9999.0 -9999.0 -9999.0 -9999.0 -9999.0 -9999.0 -9999.0 -9999.0 -9999.0 -9999.0 -9999.0 -9999.0 0.638779796039 1.94845689395 7.00072563821 10.3432066802 0.560304382566 13.6018665889 18.6335723512 1.08949470099 2.1006422007 2.98672588372 35.7936060774 36.4839054389 0.720327926025 3.96428055029 4.64063475324 5.28375745159 48.9815959524 50.6143176466 51.3837643469 0.353159366496 2.00539047614 2.36979109311 0.960107948543 1.36547468279 63.4304658464 65.1514605435 65.4483814285 65.7239365081 67.766218638 0.142650897662 0.123644960495 0.52952127182 796.269882777 0.137028570855 0.297589913538 0.884941878569 0.349571446673 1.80761186508 1.27966177454 0.765106055986 0.569900181168
-9999.0 -9999.0 -9999.0 -9999.0 -9999.0 -9999.0 -9999.0 -9999.0 -9999.0 -9999.0 -9999.0 -9999.0 -9999.0 -9999.0 -9999.0 -9999.0 1.36646804098 2.74520058604 12.2695929922 12.9579961164 19.2362487478 19.9185831618 1.05753945948 2.1118500411 4.92237895409 37.0536420615 38.5223870419 39.1057816322 0.464141680811 41.3522142504 43.1018102827 1.03657074039 0.358471349243 0.707258027027 1.36330739673 0.317326149506 0.61999796738 1.35551679038 1.66772510365 0.308575753795 0.198309390395 0.385953999512 69.3523958756 69.885937387 69.9883539332 70.826921074 796.359617577 0.0893108489457 0.200493051967 0.244292970007 0.244415409755 0.251745193214 0.224311991689 0.414954637057 0.0664871244577
-9999.0 -9999.0 -9999.0 -9999.0 -9999.0 -9999.0 -9999.0 -9999.0 -9999.0 -9999.0 -9999.0 -9999.0 -9999.0 -9999.0 -9999.0 -9999.0 0.716590486692 0.70140048943 0.694026363038 1.4124727369 0.613694386948 21.1384762903 21.7688930908 0.958535319483 1.93828836743 0.938671853861 0.743368208323 0.718620020209 40.4243045525 0.607627433402 1.23672021178 0.53409586713 0.392955689827 0.340193584013 0.25514770607 0.266753145391 0.807374663931 1.10829445947 0.206171797175 0.178473040605 0.387796985228 0.652160933646 0.909883320404 0.289516299232 70.1830096143 70.9366468414 796.41705885 0.687591025559 0.509479622425 0.141459561162 0.360560911047 0.119093578535 0.096473687722 0.521091236082 0.36510183401
-9999.0 -9999.0 -9999.0 -9999.0 -9999.0 -9999.0 -9999.0 -9999.0 -9999.0 -9999.0 -9999.0 -9999.0 -9999.0 -9999.0 -9999.0 -9999.0 -9999.0 -9999.0 0.69240324428 2.04900527782 2.61082706346 3.20561906065 22.3491673486 22.9351746701 23.5332360032 24.2693268767 24.9688977145 26.4156378142 26.9808018166 27.5607722826 27.9970348909 0.348810017828 0.318432728512 0.335244555883 1.13945527605 0.300467664059 0.279544305299 0.214588613088 0.616522551994 0.24399487006 0.182579829799 0.167501558718 0.148075214741 0.295382699257 0.419196199438 71.7824376726 868.953867124 0.0829996044341 0.168543171918 0.114776493878 0.489023523987 0.260113587805 0.194050391078 1.17750774996 0.608179055745
-9999.0 -9999.0 -9999.0 -9999.0 -9999.0 -9999.0 -9999.0 -9999.0 -9999.0 -9999.0 -9999.0 -9999.0 -9999.0 -9999.0 -9999.0 -9999.0 -9999.0 -9999.0 -9999.0 0.586078159943 4.62398641934 9.0878389394 9.72027011899 0.898788801299 1.86281944419 2.85588660261 3.67675889612 9.06467145078 9.47572323473 0.391785507062 0.379796919415 28.731918656 29.3659577969 29.6621641456 1.35636169905 0.193219685791 0.482115582765 0.705718332344 2.08060557089 2.54424628352 2.89697625987 0.319188771194 0.443696634981 0.150996306056 0.299890185534 0.155258531605 869.214437587 0.0701655100198 0.305116044606 0.194099912634 0.750407493613 1.3516464438 1.5878197958 2.80895304721 0.886095439274
-9999.0 -9999.0 -9999.0 -9999.0 -9999.0 -9999.0 -9999.0 -9999.0 -9999.0 -9999.0 -9999.0 -9999.0 -9999.0 -9999.0 -9999.0 -9999.0 -9999.0 -9999.0 0.647948440921 2.06783968198 4.05088081026 5.2880694703 13.544968596 14.3083654641 2.06413356295 3.0358553301 3.86617703934 4.69079923449 9.98828621739 10.8230138794 19.673235423 20.3662286157 20.7167573151 29.9569062921 32.0253366932 0.47594983345 0.315801843539 0.298177519842 0.562587308053 0.250843358918 3.37614677104 3.54581070819 0.585351505327 0.794582096359 0.182910157314 221.776073573 222.104142075 1091.46718618 1091.86420261 0.0770086816406 0.922431139081 0.105730458005 0.0888492214747 3.01078054631 3.97404419186
-9999.0 -9999.0 -9999.0 -9999.0 -9999.0 -9999.0 -9999.0 -9999.0 -9999.0 -9999.0 -9999.0 -9999.0 -9999.0 -9999.0 -9999.0 -9999.0 -9999.0 -9999.0 -9999.0 0.742970798339 0.722725417314 1.37068827047 3.24582193747 14.9189453725 1.05791552642 1.04625960399 1.88987087371 2.73940027297 6.89578045517 7.60049053025 0.498341056409 0.456348663418 21.1741775221 21.4944105642 53.8404767986 54.1260846613 0.168328092578 0.146446303976 0.116772104525 0.1180520478 0.129293432221 218.23581906 219.36735257 220.404954793 220.825923528 221.580016163 0.185454787776 0.679457576487 0.813527948576 1092.91974026 1092.96111499 1093.11841251 1093.32101839 1093.5049964 4.15751811297
-9999.0 -9999.0 -9999.0 -9999.0 -9999.0 -9999.0 -9999.0 -9999.0 -9999.0 -9999.0 -9999.0 -9999.0 -9999.0 -9999.0 -9999.0 -9999.0 -9999.0 -9999.0 -9999.0 -9999.0 0.666321769652 0.695673593129 1.28710245891 17.4515133355 18.1173244921 1.0334980132 1.87626924277 2.73796795197 3.50328077355 0.708368684733 1.27684699762 44.2562404455 44.6204513432 45.01189555 47.886421604 102.360187155 211.362628369 211.773935038 212.133548546 212.47702708 214.018628454 214.520061043 0.933045939622 0.412647663243 0.248506528406 0.464526412726 0.339764907871 0.5402535897 0.16742440158 4.02248151701 4.31494305516 4.5526664654 4.61323783957 1093.57490795 1097.8959022
-9999.0 -9999.0 -9999.0 -9999.0 -9999.0 -9999.0 -9999.0 -9999.0 -9999.0 -9999.0 -9999.0 -9999.0 -9999.0 -9999.0 -9999.0 -9999.0 -9999.0 -9999.0 -9999.0 -9999.0 -9999.0 0.684858566161 1.30827390671 1.93438245008 18.6470843058 0.757175992543 25.8555723613 26.7545998924 27.491341985 28.1151936569 41.8457502022 42.4450066192 0.410775720373 2.11938274239 2.55748942347 0.377575044341 108.59666262 107.925519004 0.196435061943 0.454748570387 1.23934401029 0.277974960444 0.295609558252 0.212611835287 0.178459177749 0.135275925674 0.16192310486 3.48746871622 3.65916484536 3.87113596667 0.185727918734 0.165411421955 4.70029362376 4.77922099562 4.82616317684
-9999.0 -9999.0 -9999.0 -9999.0 -9999.0 -9999.0 -9999.0 -9999.0 -9999.0 -9999.0 -9999.0 -9999.0 -9999.0 -9999.0 -9999.0 -9999.0 -9999.0 -9999.0 -9999.0 -9999.0 -9999.0 0.628480205032 0.585763717244 3.04033909929 22.9248915241 24.2930857629 25.0102739552 0.912777908396 12.0762195803 12.7969438144 13.112655418 0.559866359756 1.00809958137 1.38441900179 26.0428409812 26.3285408279 26.5668693018 107.494007402 63.263923019 0.252227838202 0.266843853886 0.255661345847 0.196921779821 2.14850006422 2.55887346757 2.91440607146 3.11659435348 3.31031464373 27.6285296976 27.7662483938 27.9935143864 28.5556661823 30.5029378665 30.5654131692 35.4570261518
-9999.0 -9999.0 -9999.0 -9999.0 -9999.0 -9999.0 -9999.0 -9999.0 -9999.0 -9999.0 -9999.0 -9999.0 -9999.0 -9999.0 -9999.0 -9999.0 -9999.0 -9999.0 -9999.0 -9999.0 -9999.0 -9999.0 1.2276159437 1.86999413512 0.682773596839 1.07057152128 8.7136293245 9.6672640753 10.4005495654 5.25145563588 5.97290955433 6.68532366866 7.12765464907 25.3877368414 25.7959913828 16.809307597 43.6955879374 43.9922960329 63.0584730293 0.557851006822 0.281166831916 0.191580157973 1.50498831078 1.76209171901 0.148128366861 0.137138401081 26.9684333471 27.3232460554 27.4982370672 0.268577454208 0.405525898257 30.2030615583 0.192357757365 0.524327231901 0.575257972547
-9999.0 -9999.0 -9999.0 -9999.0 -9999.0 -9999.0 -9999.0 -9999.0 -9999.0 -9999.0 -9999.0 -9999.0 -9999.0 -9999.0 -9999.0 -9999.0 -9999.0 -9999.0 -9999.0 -9999.0 -9999.0 -9999.0 0.613557353184 1.21509997725 5.14650153056 5.84796157421 6.70813576633 3.75392306229 4.53159246208 0.748488060169 16.5854394956 17.2561425433 17.8569416916 0.464582563191 16.0514516928 16.4746260715 0.306796100763 61.5910804306 0.637222204951 0.315110345236 0.829136642645 1.11130854201 0.20752078341 0.164023530429 25.1214072919 26.646361816 26.8596166933 0.220157799496 0.475126212584 0.5998351085 0.72793247262 1.46687588852 0.189960874062 0.43557080481 0.0822905460038
