data/baseflow/History/mHMbfrc538
ncols                  80
nrows                 72
xllcorner      4374000.0
yllcorner      5656000.0
cellsize            500
NODATA_value       -9999
[rows 0 to 23 of 72, columns 0 to 53 of 80]
-9999.0 -9999.0 -9999.0 -9999.0 -9999.0 -9999.0 -9999.0 -9999.0 -9999.0 -9999.0 -9999.0 -9999.0 0.59430273466 0.73110477818 -9999.0 -9999.0 -9999.0 -9999.0 -9999.0 -9999.0 -9999.0 -9999.0 -9999.0 -9999.0 -9999.0 -9999.0 -9999.0 -9999.0 -9999.0 -9999.0 -9999.0 -9999.0 -9999.0 -9999.0 -9999.0 -9999.0 -9999.0 -9999.0 -9999.0 -9999.0 -9999.0 -9999.0 -9999.0 -9999.0 -9999.0 -9999.0 -9999.0 -9999.0 -9999.0 -9999.0 -9999.0 -9999.0 -9999.0 -9999.0
-9999.0 -9999.0 -9999.0 -9999.0 -9999.0 -9999.0 -9999.0 -9999.0 -9999.0 -9999.0 -9999.0 -9999.0 1.19043836445 3.19722272357 0.643020778762 -9999.0 0.611757669703 -9999.0 -9999.0 -9999.0 -9999.0 -9999.0 -9999.0 -9999.0 -9999.0 -9999.0 -9999.0 -9999.0 -9999.0 -9999.0 -9999.0 -9999.0 -9999.0 -9999.0 -9999.0 -9999.0 -9999.0 -9999.0 -9999.0 -9999.0 -9999.0 -9999.0 -9999.0 -9999.0 -9999.0 -9999.0 -9999.0 -9999.0 -9999.0 -9999.0 -9999.0 -9999.0 -9999.0 -9999.0
-9999.0 -9999.0 -9999.0 -9999.0 -9999.0 -9999.0 -9999.0 -9999.0 -9999.0 -9999.0 0.505185999771 0.475605444629 0.521361518355 0.521550010061 4.1329558318 4.70554173156 1.67953689508 0.53215858249 -9999.0 -9999.0 -9999.0 -9999.0 -9999.0 -9999.0 -9999.0 -9999.0 -9999.0 -9999.0 -9999.0 -9999.0 -9999.0 -9999.0 -9999.0 -9999.0 -9999.0 -9999.0 -9999.0 -9999.0 -9999.0 -9999.0 -9999.0 -9999.0 -9999.0 -9999.0 -9999.0 -9999.0 -9999.0 -9999.0 -9999.0 -9999.0 -9999.0 -9999.0 -9999.0 -9999.0
-9999.0 -9999.0 -9999.0 -9999.0 -9999.0 -9999.0 -9999.0 -9999.0 -9999.0 0.469741409114 0.983255206235 1.95020501516 0.982699833938 0.468651206625 0.91774139474 5.12798629884 8.00383015598 0.594519568252 -9999.0 0.490808916442 -9999.0 -9999.0 -9999.0 -9999.0 1.15189871262 0.588915096982 -9999.0 -9999.0 -9999.0 -9999.0 -9999.0 -9999.0 -9999.0 -9999.0 -9999.0 -9999.0 -9999.0 -9999.0 -9999.0 -9999.0 -9999.0 -9999.0 -9999.0 -9999.0 -9999.0 -9999.0 -9999.0 -9999.0 -9999.0 -9999.0 -9999.0 -9999.0 -9999.0 -9999.0
-9999.0 -9999.0 -9999.0 -9999.0 -9999.0 -9999.0 -9999.0 -9999.0 0.581555482484 1.56390853386 2.00070609344 2.44499048509 3.36519373583 0.406831823892 1.70107667103 2.08860290886 11.0992015765 0.440588566662 0.339247108384 0.874531001463 1.24675860162 0.398521810507 -9999.0 2.93667336234 2.40455736858 0.642482132013 -9999.0 -9999.0 -9999.0 -9999.0 -9999.0 -9999.0 -9999.0 -9999.0 -9999.0 -9999.0 -9999.0 -9999.0 -9999.0 -9999.0 -9999.0 -9999.0 -9999.0 -9999.0 -9999.0 -9999.0 -9999.0 -9999.0 -9999.0 -9999.0 -9999.0 -9999.0 -9999.0 -9999.0
-9999.0 -9999.0 -9999.0 -9999.0 -9999.0 -9999.0 0.556627558481 0.472606762214 0.451201477065 0.468364200337 0.488390270912 3.44410502477 7.27572130463 7.72507695861 8.04123243791 0.294982745221 11.7995590699 12.151275555 0.716018615804 0.380481682518 1.60879484186 2.76019234079 0.421742153929 4.26764934429 0.39118950938 0.431458109078 0.40280958328 -9999.0 -9999.0 -9999.0 -9999.0 -9999.0 -9999.0 -9999.0 -9999.0 -9999.0 -9999.0 -9999.0 -9999.0 -9999.0 -9999.0 -9999.0 -9999.0 -9999.0 -9999.0 -9999.0 -9999.0 -9999.0 -9999.0 -9999.0 -9999.0 -9999.0 -9999.0 -9999.0
-9999.0 -9999.0 -9999.0 -9999.0 -9999.0 -9999.0 1.10810547024 1.60697178424 3.55602193021 4.87672979656 0.383777732433 0.412190944108 0.392708365587 1.13036908049 9.50102965768 0.275053553989 12.471052901 13.8551662915 1.08570237594 0.692663764567 3.08241908498 0.365258152186 4.61818026482 0.684536318701 0.34203575693 0.760658930868 0.791236279756 0.400817867111 0.412485448192 0.391975559815 0.443358597784 0.883858020002 -9999.0 -9999.0 -9999.0 -9999.0 -9999.0 -9999.0 -9999.0 -9999.0 -9999.0 -9999.0 -9999.0 -9999.0 -9999.0 -9999.0 -9999.0 -9999.0 -9999.0 -9999.0 -9999.0 -9999.0 -9999.0 -9999.0
-9999.0 -9999.0 -9999.0 -9999.0 -9999.0 0.650334940711 1.21862714739 0.562911913301 1.06654439798 5.3992414543 6.2661915213 7.12156869478 23.4559303941 0.375943134717 9.87225432803 36.5156630073 36.7833272367 51.1624515478 0.333993338775 0.996698544999 3.40670187406 0.319048373679 8.5854033908 3.63101950439 2.25893041254 1.91237469919 0.377063270127 1.18049698456 1.17954727526 0.782408299156 0.372753506812 1.27452248421 0.365111679068 0.354086231494 -9999.0 -9999.0 -9999.0 -9999.0 -9999.0 -9999.0 -9999.0 -9999.0 -9999.0 -9999.0 -9999.0 -9999.0 -9999.0 -9999.0 -9999.0 -9999.0 -9999.0 -9999.0 -9999.0 -9999.0
-9999.0 -9999.0 -9999.0 -9999.0 -9999.0 0.637577678305 1.80921173812 3.60539564328 4.11487877938 8.0237164316 8.48258960248 9.96745297331 15.9684115953 24.7935348281 25.6312042656 26.0202991033 0.622628588526 52.3095636351 52.9055771335 54.556653677 67.8517671411 9.5766149516 8.93808142733 2.60207689302 0.332233690382 2.18473656525 1.51052461386 0.311997738146 1.51040407509 0.319277061329 0.70549080259 1.96627382713 2.31341526732 0.691028092994 0.336194563198 0.327675635596 -9999.0 -9999.0 -9999.0 -9999.0 0.558157084328 0.508004346401 -9999.0 -9999.0 -9999.0 -9999.0 -9999.0 -9999.0 -9999.0 -9999.0 -9999.0 -9999.0 -9999.0 -9999.0
-9999.0 -9999.0 -9999.0 -9999.0 -9999.0 0.598155749409 0.546577787354 2.33939108509 2.86887993884 3.42684729324 0.511475250948 1.0037280185 5.67632719618 1.07891346626 0.466338621547 0.391544824381 0.337046468687 0.3954167684 0.365295862651 0.391036455889 68.1953758734 69.1340748986 0.307136526585 0.958314792325 0.659407582386 2.49273857176 0.62944636434 0.299101347912 1.85076592529 0.622746670963 1.54858872002 3.95832835763 3.66981956494 1.01477423228 0.987576882187 0.345884760363 0.347957723847 -9999.0 -9999.0 0.354305366435 1.12451713479 2.69732632716 0.538218718187 -9999.0 -9999.0 -9999.0 -9999.0 -9999.0 -9999.0 -9999.0 -9999.0 -9999.0 -9999.0 -9999.0
-9999.0 -9999.0 -9999.0 -9999.0 -9999.0 -9999.0 0.619537952848 0.634783666404 1.12806665894 1.65722805774 3.70198565047 4.70530196168 5.23601547808 0.594791371246 0.366726653966 5.18852103229 6.33230899654 6.66992337713 8.14111787679 8.46145981025 0.323123552768 69.4630128946 70.972770127 1.19210157592 0.143864570731 2.72707309476 6.06221185641 2.43870845248 0.576540705918 0.289707499968 6.09509254707 4.26686881791 0.291407106033 0.292287241632 1.29149979162 1.01416014397 0.3168929553 0.309142380521 0.343339357666 0.686554076462 0.333807841153 3.2842291787 3.60895200693 0.305100471796 -9999.0 -9999.0 -9999.0 -9999.0 0.379383084112 0.351765381269 0.102504068256 -9999.0 -9999.0 -9999.0
-9999.0 -9999.0 -9999.0 -9999.0 -9999.0 -9999.0 -9999.0 0.579040006777 0.469298708428 1.03529900231 1.57975310043 0.504742053907 0.439697973721 2.77301650433 3.60693030511 4.47439937418 0.406861297859 0.765518643589 0.391921377979 8.80462912313 20.0635799514 20.5896958104 92.3361694582 0.298579432677 0.413170234586 0.12202362716 6.33547527382 0.286156103086 0.872917696576 0.280792780716 6.38063635689 6.66808378225 0.58683134599 0.578348163533 3.27193220309 1.65552912146 0.633015852348 0.325382194331 0.68226712092 1.01910734271 1.66085811109 0.304677668338 4.22333342461 4.54007981049 0.298726037364 0.320887445858 0.335455546227 0.304032313097 0.294032814264 1.03066794822 0.386808985334 0.240807451247 -9999.0 -9999.0
-9999.0 -9999.0 -9999.0 -9999.0 -9999.0 -9999.0 -9999.0 -9999.0 1.031726212 1.43092053393 0.483356092886 1.00442824506 1.46317124812 2.39514598515 0.466332321781 0.43632555313 0.354330622638 0.358322482933 0.31501690777 10.5570942497 0.394631866671 0.75463477902 93.6744219923 94.613610704 0.33051332501 1.06610950211 7.6681819178 0.55725454207 1.12113078534 0.516933857073 0.763854380803 7.76904386661 0.847762296705 4.65797566202 3.82673331476 0.278151299539 1.57532524923 0.638900737497 0.987841725749 0.30057755158 1.96242793076 2.56459823157 2.85300132754 3.12724268701 5.68756608907 0.580024150364 0.612466271086 0.561944471321 0.539119442638 1.29105893849 0.258693084475 0.893491901258 1.13016719858 -9999.0
-9999.0 -9999.0 -9999.0 -9999.0 -9999.0 -9999.0 -9999.0 -9999.0 0.549783047447 2.50734317342 2.96786975855 0.459319912875 0.892584602861 0.431142145375 0.383320294586 0.375069077367 4.81696540452 6.40485344405 8.11189681435 9.99612653098 0.464098220161 0.374243058632 0.373540865645 96.6009587017 97.795540915 98.1997441963 10.2572425266 2.23551298006 1.94071962939 0.244639862075 1.00604746026 9.02090523844 0.251964379711 4.90912609922 0.282781433856 2.03708058007 1.89246090053 0.306070695204 1.29265758244 0.601851839678 0.903733899296 0.283616870407 0.263185276291 3.39823049365 3.65559381879 5.94430639458 0.887536077483 0.824755929096 0.794863778167 1.56071471446 2.08445753013 0.261122859769 1.37592346427 0.26174028157
-9999.0 -9999.0 -9999.0 -9999.0 -9999.0 -9999.0 -9999.0 -9999.0 -9999.0 0.5789481666 3.47244697269 3.90920838102 1.32010131097 2.17293984836 2.94325512412 3.33398436145 0.415744029581 1.23125006675 0.826954096653 0.440148559014 0.417388378626 0.351083259429 0.698868969121 1.21844111366 0.514164475906 109.43020913 109.780113567 0.321555492927 0.238767189111 0.487867335046 0.730572653188 9.75535166394 0.493731224838 5.13934354362 3.0776966263 2.55226236487 0.287689530539 0.583457722904 1.56575409859 0.27285159408 1.17438111775 0.5499423528 0.398121553681 0.129880459561 4.17262132788 10.3396130072 1.09680125835 1.0372897727 1.02297982493 0.225608107385 2.31113335446 0.221074484466 1.85508223909 0.230842830566
-9999.0 -9999.0 -9999.0 -9999.0 -9999.0 -9999.0 -9999.0 -9999.0 -9999.0 -9999.0 0.446749352564 4.80747672632 0.421256953377 0.837056948747 1.20160105389 1.92072251527 0.374611253468 0.797654821734 0.389972205098 0.356625940345 0.334349514143 0.661961685592 0.298689559595 0.335176123706 0.703902686329 0.424921049559 110.235014424 110.955523725 111.913536723 0.992258214738 0.245492626724 0.489288172156 10.0155181903 9.477810626 3.62200153559 0.266556424487 1.14294192728 0.860692325788 1.83980669833 0.544721018224 2.27465377014 0.820954291012 0.614893063158 0.0736231823113 0.147535765284 10.6053016351 10.8584970891 13.2134251902 1.72371924734 0.461049129633 2.55638688017 3.01670300754 5.09024283114 0.458397053071
-9999.0 -9999.0 -9999.0 -9999.0 -9999.0 -9999.0 -9999.0 -9999.0 -9999.0 -9999.0 -9999.0 0.260483932596 5.32461140609 0.382300829349 0.73502868504 3.36063468901 0.369773684983 0.363199529082 0.310441286441 0.683571439766 0.33983941736 1.33259639544 1.92155530121 2.19153280469 0.968947551286 1.26014745285 0.344268075879 0.392804219298 0.421020457055 113.593183795 114.335693549 10.2450693669 9.94673166406 9.71357201705 0.482250655039 0.235851838286 1.39490646726 3.74781015923 2.10153234201 0.802641032127 3.33841930667 1.0990932533 0.853038272236 0.13377789641 0.0633728207822 0.0586593936494 0.088939135495 13.7437898068 16.1772606668 0.220944114248 0.213476910356 0.219688775384 5.30712921083 5.964056542
-9999.0 -9999.0 -9999.0 -9999.0 -9999.0 -9999.0 -9999.0 -9999.0 -9999.0 -9999.0 -9999.0 0.231260680305 5.84767698211 7.10252354097 0.360717296589 4.06724995123 0.331947226657 0.311615286592 0.630771715639 1.64426031851 0.322649049759 0.348068403656 0.281362066419 2.75821025485 3.03382067271 4.58373187986 5.16843020202 5.42463281255 5.74757963306 6.05946048383 120.796518359 131.581796362 142.082715544 142.435476418 0.250684017545 0.236931658455 4.25438393477 4.00325611586 0.256109706723 0.247177917913 3.58722993543 4.95267713675 0.200372653982 2.13068040387 2.01317678669 0.362986976185 0.194765944173 0.337995840146 0.268439418793 16.6529246143 0.241432184881 0.64143790379 0.838463682312 7.28888211939
-9999.0 -9999.0 -9999.0 -9999.0 -9999.0 -9999.0 -9999.0 -9999.0 -9999.0 -9999.0 -9999.0 0.480598105375 0.897951076601 7.50114127278 8.15941703032 0.329799002411 4.93420411371 0.277428982599 0.855280735071 1.92669058065 0.614116340991 0.289444163622 0.611775345176 0.253527218457 0.491088591568 0.239763143121 0.200156854249 0.119324766682 0.0929873691744 0.0766308688768 0.0744027226295 0.136554524402 0.223465808556 0.352713511508 143.369236038 5.27084917496 4.78137529889 0.248156968045 0.735475845412 0.179541666949 0.154133038259 5.19203014741 8.07039213263 2.41521311166 1.88250266758 0.225198010448 0.0952083784974 0.0805699301644 0.273846789917 17.1705982212 17.6465492285 0.247590402614 0.251794952232 0.161791066741
-9999.0 -9999.0 -9999.0 -9999.0 -9999.0 -9999.0 -9999.0 -9999.0 -9999.0 -9999.0 -9999.0 -9999.0 0.364801201428 5.50229057644 14.0254891726 15.1112343511 20.3923352973 20.9146579302 4.49100816465 3.1320281584 0.910542154816 0.283538620005 1.17387469633 1.44203341711 2.17930070416 0.4942306193 0.439667648274 0.364374099487 0.6986715671 0.312865122023 0.290671691054 0.132888375305 0.0509174727325 0.0661960717502 143.647796816 149.08455868 149.423740483 0.259965837189 2.09475673954 0.842663833411 0.263168256821 8.93538473841 0.62391937828 0.325325625229 1.31345041768 0.221072376127 0.193039615869 0.376527358449 0.570429663195 0.79692398591 18.0576789425 0.197947533971 0.176423335877 0.17655487217
-9999.0 -9999.0 -9999.0 -9999.0 -9999.0 -9999.0 -9999.0 -9999.0 -9999.0 -9999.0 -9999.0 0.427155899434 4.2368395019 5.11212636121 0.765930152343 0.240450322919 0.508834105327 21.7228759559 22.123107103 27.1138503206 0.253019993923 0.533166527976 0.237019820755 0.24158899365 2.42368274803 3.16147402497 3.82318153859 0.22517962177 0.929096625611 1.46735396156 0.863409153677 0.355376862186 0.194316211672 0.124739752039 0.155463007236 0.0984102328769 149.719545818 149.97334528 152.52253833 0.4601657025 0.238385896999 9.3420923798 0.645806433744 0.335792735395 0.378268107403 0.375148062423 0.327758609655 0.536627075993 1.61546139661 2.65637419186 20.9131497467 0.158828679415 0.475332170305 0.320792404129
-9999.0 -9999.0 -9999.0 -9999.0 -9999.0 -9999.0 -9999.0 -9999.0 -9999.0 -9999.0 -9999.0 0.443563867391 3.03614334387 0.457662910229 0.365173113597 2.01929308801 2.33511980412 2.65039634949 2.93379196294 36.130130895 36.3682726027 36.8660579607 40.5149360105 41.1890302175 41.5433491354 41.7982874027 45.9654631611 46.4370293493 46.6649228314 48.3670008814 49.489855662 49.7135150982 50.2385616278 0.336848831526 0.238698246727 0.0352461324308 0.0582873726472 150.202414406 153.459230336 0.701542633644 11.2345395535 10.9755545001 1.21018657014 0.282497917631 0.289948421626 0.278918225811 0.284254836209 0.574854589299 0.835258726432 0.260433325825 21.1073744216 21.3134144566 22.2902620177 22.4649897867
-9999.0 -9999.0 -9999.0 -9999.0 -9999.0 -9999.0 -9999.0 -9999.0 -9999.0 -9999.0 -9999.0 1.60399347781 2.10631802759 0.923734998953 1.34069017861 0.407499826812 4.60795458523 4.94458328246 5.60625574775 5.80152158636 2.05498971096 39.299404943 39.5134147529 0.180708783631 0.102370125232 0.0732136216767 0.190226196213 0.072559430301 0.0469399861147 0.040768298761 0.0582073937707 49.834058921 50.3931758881 51.0104659962 51.4986176166 51.7346074458 0.0865649911378 0.0399177327072 165.398582933 11.7136388552 11.5102961851 0.25130695136 0.239506751019 0.228903609039 0.524099420692 0.513961415304 0.233363286974 0.231460236883 0.218233304774 0.47291412872 0.647817884064 0.141381308284 0.253777017694 0.0872818237939
-9999.0 -9999.0 -9999.0 -9999.0 -9999.0 -9999.0 -9999.0 -9999.0 -9999.0 -9999.0 -9999.0 -9999.0 1.08738871641 0.489198900567 0.414289492572 3.93828834094 4.2950110547 0.354356808662 1.33902146439 1.63233846095 1.84588236762 0.267552148743 0.201441611936 5.32292941067 5.48951331845 5.62946067111 15.3399759789 15.4145620484 15.5087740952 16.3745067558 16.6665250593 16.703132103 0.0391901463077 0.0429252728987 0.0576556926655 52.0876276822 0.106093786678 167.49094099 167.228216388 1.65742445027 1.43833363001 0.948887633007 0.234258313955 0.452251826716 0.758885695287 0.749611309255 0.458952245526 0.221015296055 0.435463705704 0.430002876316 0.83871667165 0.0966796970935 0.33792251692 0.581680507352
