data/baseflow/History/mHMbfrc553
ncols                  80
nrows                 72
xllcorner      4374000.0
yllcorner      5656000.0
cellsize            500
NODATA_value       -9999
[rows 24 to 47 of 72, columns 0 to 54 of 80]
-9999.0 -9999.0 -9999.0 -9999.0 -9999.0 -9999.0 -9999.0 -9999.0 -9999.0 -9999.0 -9999.0 -9999.0 1.07337079192 2.95290056311 3.83509705197 6.5146531713 0.778476854439 1.58685853699 2.34446068876 9.11647811661 9.81247240814 10.4896628121 11.0786205104 11.6898698419 18.032054568 19.8796175711 21.0061722505 0.506210108491 2.98618422823 3.49169353419 41.1172733181 43.1205322531 44.1044293175 45.1152085508 45.8599872255 160.564440593 0.282952131692 291.459634918 0.625668959488 0.315165161043 2.55908461891 2.15735803555 0.361260461371 1.1038942645 1.62814941546 1.5888679189 1.12314548113 1.8320530173 2.87886142695 1.08029812572 2.68684536947 0.256073226162 0.458271112794 0.109205184515 0.0847702956297
-9999.0 -9999.0 -9999.0 -9999.0 -9999.0 -9999.0 -9999.0 -9999.0 -9999.0 -9999.0 -9999.0 -9999.0 0.99943969272 1.9723195698 0.90825915458 1.80141151594 0.796028896655 6.16626856613 7.63234369831 8.41772880458 0.717657299545 1.40949460625 13.5784145092 16.8655918975 17.4988686352 1.19324029439 1.39127334451 2.10781991156 0.445429030599 0.40541940012 0.763461227716 0.300052035933 20.7371605489 21.0556577939 21.3383449972 160.866790394 294.072506145 291.79850343 0.507724824917 0.249925552651 0.223685666406 0.855469004303 0.654808091587 1.47426222916 1.97711322015 3.93176123744 0.360190198499 0.357241573793 3.20412896277 3.54673733551 6.79812019134 6.99096931271 7.56585422986 7.77130996477 0.2063738645
-9999.0 -9999.0 -9999.0 -9999.0 -9999.0 -9999.0 -9999.0 -9999.0 -9999.0 -9999.0 -9999.0 -9999.0 -9999.0 0.946369035168 1.89051233409 2.84144125834 4.51133375217 0.866630098533 0.777035178714 5.35866825243 6.04712187638 12.1994996098 12.9541763387 2.05996992176 0.663072007515 0.56929413345 0.609502119305 18.5008548489 18.9225685887 19.3804825711 19.7719064328 20.4293590595 3.81465252355 4.0376419196 25.7354232109 480.821455681 1.82907298257 1.468805302 0.747252686092 0.196504874791 0.183692513973 1.29849654888 1.44953775302 1.83627880219 0.18086495863 4.15591317221 0.641692541945 0.63173581782 0.159929962429 0.110439252482 0.0973112510879 0.0793053701418 0.0986032508945 7.87061475604 102.832073113
-9999.0 -9999.0 -9999.0 -9999.0 -9999.0 -9999.0 -9999.0 -9999.0 -9999.0 -9999.0 -9999.0 -9999.0 -9999.0 -9999.0 0.906583580041 1.68039926819 2.36063412284 3.04357232761 3.83079994377 4.64301631746 2.38311774482 3.97892607638 0.744170203817 0.675974939936 15.538985993 16.8255879481 17.408616675 18.0504427266 0.466567806078 0.863020169192 2.34493739488 3.01504415252 3.4856354653 0.279468972744 0.197903138025 481.574030593 0.329905543141 0.482206325523 0.296101431376 0.853743402595 0.385536437841 0.236669012253 3.46052418428 3.58567495257 0.0996484643061 4.263659126 5.111225769 0.91782807453 107.51628217 107.222965551 106.995888864 106.577983801 106.434127829 103.568583585 103.425490723
-9999.0 -9999.0 -9999.0 -9999.0 -9999.0 -9999.0 -9999.0 -9999.0 -9999.0 -9999.0 -9999.0 -9999.0 -9999.0 -9999.0 0.203250713234 0.45405659304 0.706317321482 6.72135620315 7.53564609662 0.827271962761 0.810439706872 0.808772745798 12.8925763495 14.3516526887 0.688952143567 0.759819583627 0.495886494901 2.35946054961 2.9625711143 1.47267691325 1.94746227374 14.3460400381 14.8237752637 15.4823874688 24.9247989868 506.67877318 0.347617399942 0.23879859428 1.33981299938 1.1015314631 0.125429983015 0.501464909022 0.633568786765 3.73291206876 3.85140716229 9.21926947665 5.16545583496 1.04210774686 110.220416262 1.06019620359 106.79791085 106.694540342 2.71337409406 0.0782202175714 0.461139469974
-9999.0 -9999.0 -9999.0 -9999.0 -9999.0 -9999.0 -9999.0 -9999.0 -9999.0 -9999.0 -9999.0 -9999.0 -9999.0 -9999.0 1.00968566553 1.66309714879 3.41090937456 5.97523751282 8.19121780047 9.82926463637 10.6311848597 11.447581557 12.2380192851 0.683132212354 0.651774711787 1.28853776071 1.13265248367 0.651215414804 12.3849833086 12.9694344296 13.5072102305 14.0180213473 8.2966193951 8.79022344242 9.2123614551 506.835354194 0.581494076643 0.786258913452 2.29915129138 0.236152817937 0.260331703981 0.137066534869 0.120623429221 0.750917158648 0.0928174599353 0.100548477879 119.993641354 110.705020857 110.606225816 0.424863180057 0.895270779996 0.578811015872 0.133925862551 2.52502973348 0.695579396797
-9999.0 -9999.0 -9999.0 -9999.0 -9999.0 -9999.0 -9999.0 -9999.0 -9999.0 -9999.0 -9999.0 -9999.0 -9999.0 -9999.0 0.706498024715 0.659845202417 1.29381279533 1.9531953792 0.883241707001 0.968626533291 1.78925829056 2.61772777524 4.15965401416 4.90260270507 5.56465761638 7.55652085893 8.17412107432 8.8694438432 0.640555681499 6.17899775896 6.72419666736 7.29918297503 0.53309603323 0.396389696793 0.654671937779 517.202213713 517.353324673 518.281035383 2.93454136853 0.472708469955 0.57147157665 0.182269624252 0.213353153502 0.847664999257 1.02241209223 0.181942104432 120.444382007 0.142942935337 0.225419965314 0.251271098885 0.178893760992 0.344162649988 0.137872613531 1.68546159663 1.35287214815
-9999.0 -9999.0 -9999.0 -9999.0 -9999.0 -9999.0 -9999.0 -9999.0 -9999.0 -9999.0 -9999.0 -9999.0 -9999.0 -9999.0 -9999.0 0.626534263698 1.23398991769 0.602586680165 1.2785183664 7.73640909123 8.43754227096 9.23309598823 0.74527158559 0.772052055386 1.39275541334 2.09197722973 3.2428658321 3.86308790544 4.32732530333 4.9514484317 0.491475384822 0.497735434339 8.71300146288 9.13365233165 9.3491750065 9.54556829583 7.78659431999 526.861984234 530.995166286 531.155004001 531.860508931 532.615703712 532.899338571 0.0825425445551 1.10062022704 120.519226715 0.179031793859 0.0921609047202 0.105922178202 0.106756053545 0.182733494664 0.177796640483 0.105815964952 0.17369089516 0.168159081306
-9999.0 -9999.0 -9999.0 -9999.0 -9999.0 -9999.0 -9999.0 -9999.0 -9999.0 -9999.0 -9999.0 -9999.0 -9999.0 -9999.0 -9999.0 -9999.0 1.83365869086 2.45789309323 4.34607458247 5.75001233184 0.748686646521 10.8696881951 11.5966422176 12.273701971 0.699024921067 1.36659586484 0.583592887595 4.56536722471 4.97065856404 5.63259005263 6.38278245401 7.87715360157 8.2373724415 0.217612088168 7.03735403212 7.42686782828 7.60644044648 8.42154578114 1.04592178637 0.653143247615 0.405537881058 0.351348108783 533.309187213 533.459517615 535.28761213 120.586742176 0.529463050125 0.28724351104 0.186320128294 0.0616344289631 0.568616902675 0.305719569219 0.0940992482723 0.531777077247 0.454796275108
-9999.0 -9999.0 -9999.0 -9999.0 -9999.0 -9999.0 -9999.0 -9999.0 -9999.0 -9999.0 -9999.0 -9999.0 -9999.0 -9999.0 -9999.0 -9999.0 0.647370581588 3.09066387462 3.75379019597 0.772381235463 0.838536963234 1.71468639332 2.52142658937 15.5322992555 0.693517653733 2.78741947039 3.40136578408 4.0014464545 0.463457250695 1.05304016132 1.41193722618 5.4917203024 6.25871057273 6.43289642376 0.200109975619 0.200002745104 0.249119444469 0.449337507877 0.213904386553 0.227497558671 0.325889397964 0.249958087523 0.27939181864 0.660468624175 535.417958293 656.327223916 0.723531417458 0.208891442778 0.0763997894695 1.81043176634 1.67230127338 1.00361210495 0.902019128465 0.676404171075 0.168550220226
-9999.0 -9999.0 -9999.0 -9999.0 -9999.0 -9999.0 -9999.0 -9999.0 -9999.0 -9999.0 -9999.0 -9999.0 -9999.0 -9999.0 -9999.0 0.550475298681 1.78820140503 0.589287064959 0.856998084252 0.913288117481 1.75352313946 2.57361044475 3.25444683435 19.3617081604 20.02932452 0.691432904904 1.31010089544 1.95313083087 2.43625280098 2.98095834249 4.93254948314 5.28454385598 0.53904887311 0.312199401308 0.25378847063 0.157892466942 0.329782955917 0.320432691172 0.384492705856 0.43209309404 1.08294131368 0.437019119506 0.137545469143 0.133253234389 0.123394606429 0.228263940455 663.106046546 5.94272589477 2.25545473911 0.211660929902 0.0979255911062 0.0666080189573 0.23038978591 0.157920528624 0.0813555161496
-9999.0 -9999.0 -9999.0 -9999.0 -9999.0 -9999.0 -9999.0 -9999.0 -9999.0 -9999.0 -9999.0 -9999.0 -9999.0 -9999.0 0.563132176677 1.11859252796 4.04687801864 0.576484652327 1.58973650171 2.47805968572 3.30985534268 0.859539115409 1.61360328217 2.25917587774 22.8196278893 0.644900993403 1.21594133937 1.82443152632 0.568883597642 1.13423633295 1.64449225291 1.98638896805 43.3798825386 44.0145873055 44.7431287063 47.4532690155 48.1651870579 49.8783321597 0.830524974065 1.73631147429 1.46291973088 55.7642050605 56.0097564908 0.120842279695 0.206457091773 0.287906876941 663.179528442 5.57637087074 3.03346165499 2.91089063712 2.01918150153 1.64020001442 0.304093933335 0.0732989883765 0.136796370932
-9999.0 -9999.0 -9999.0 -9999.0 -9999.0 -9999.0 -9999.0 -9999.0 -9999.0 -9999.0 -9999.0 -9999.0 -9999.0 -9999.0 0.574421915303 1.7571412175 6.39311563466 9.52005850576 0.520309288718 12.5464472255 16.4380024297 0.813744584127 1.56363833519 2.23833985535 29.2227329343 29.7361251662 0.494905367851 2.84360565537 3.32312846303 3.82332824254 39.0917128498 40.4009094842 41.0389538066 0.314583460683 1.82038680783 2.22689098662 0.802456758414 1.13562105185 51.4725690793 53.6950613069 53.9474573969 54.1816244959 56.2581013699 0.12141098757 0.105846598339 0.47647520235 663.281586534 0.159782426838 0.265857319175 0.789750939047 0.288419261256 1.48520269997 1.05352417829 0.627510621152 0.441094155012
-9999.0 -9999.0 -9999.0 -9999.0 -9999.0 -9999.0 -9999.0 -9999.0 -9999.0 -9999.0 -9999.0 -9999.0 -9999.0 -9999.0 -9999.0 -9999.0 1.27249689685 2.57211156994 11.3295362036 11.981176751 17.0068136265 17.6012233059 0.80174780069 1.60258055328 3.67507555436 30.241664403 31.298566616 31.7100075382 0.343523188724 33.381078666 34.7652592616 0.835398092734 0.295359331167 0.556395429057 1.09010998888 0.265017202794 0.521729504406 1.12111255904 1.39268215577 0.275911400943 0.177350868132 0.343976339216 57.6805937122 58.2530630214 58.3398012663 59.0895150814 663.365783333 0.114731624268 0.184145584299 0.220288122968 0.204369805638 0.210191359605 0.172365081605 0.320696144619 0.0657649143696
-9999.0 -9999.0 -9999.0 -9999.0 -9999.0 -9999.0 -9999.0 -9999.0 -9999.0 -9999.0 -9999.0 -9999.0 -9999.0 -9999.0 -9999.0 -9999.0 0.67312366962 0.657297522577 0.649755406993 1.29300003909 0.572852422762 18.7395704668 19.2833571734 0.70485968899 1.43508452289 0.678641300374 0.541822660971 0.52408469614 32.69277688 0.481806379451 0.992238060255 0.412129408941 0.300692291156 0.270058157237 0.207402974415 0.217169210846 0.666664225072 0.917720282185 0.177295842553 0.158110274784 0.345200385619 0.582154256652 0.784100368577 0.296810017692 58.5135543795 59.1837321752 663.425250489 0.702005654354 0.468244427742 0.135837519764 0.306671764944 0.105000790127 0.0755783210331 0.404273124688 0.325440270081
-9999.0 -9999.0 -9999.0 -9999.0 -9999.0 -9999.0 -9999.0 -9999.0 -9999.0 -9999.0 -9999.0 -9999.0 -9999.0 -9999.0 -9999.0 -9999.0 -9999.0 -9999.0 0.650806002041 1.88673591089 2.41038424261 2.96671021689 19.8224573087 20.3553179946 20.8809984764 21.4531456195 21.9656894935 23.0242708587 23.4627600835 23.9247684594 24.2627582883 0.257692863758 0.239339819668 0.256694211502 0.911807377185 0.245771265165 0.232663858061 0.177785823631 0.52088931245 0.215178104825 0.16364863059 0.150558212499 0.124278370074 0.247955096051 0.35908412977 59.9296908411 724.116226472 0.114624116312 0.212845128189 0.110280204813 0.420341241694 0.23245814315 0.152020139567 0.988232450361 0.53840842071
-9999.0 -9999.0 -9999.0 -9999.0 -9999.0 -9999.0 -9999.0 -9999.0 -9999.0 -9999.0 -9999.0 -9999.0 -9999.0 -9999.0 -9999.0 -9999.0 -9999.0 -9999.0 -9999.0 0.538348396235 4.31431383962 8.45848311845 9.03855386076 0.737369396621 1.45902342774 2.20742610274 2.80004389375 6.79065978095 7.08483308172 0.279779553807 0.277775273959 24.9673043824 25.5149812485 25.7356754669 1.08284840847 0.156792625056 0.409716090991 0.596019198657 1.77378782783 2.18013493506 2.49749273708 0.288209381705 0.401209827565 0.137673907422 0.273311535543 0.141236029316 724.340658718 0.10249663669 0.412777998089 0.205993387909 0.681200532336 1.45193654582 1.65279517971 2.6937329109 0.568155463501
-9999.0 -9999.0 -9999.0 -9999.0 -9999.0 -9999.0 -9999.0 -9999.0 -9999.0 -9999.0 -9999.0 -9999.0 -9999.0 -9999.0 -9999.0 -9999.0 -9999.0 -9999.0 0.605149348015 1.93344509365 3.78425733371 4.94009679573 12.6064880168 13.2476084342 1.5548748861 2.2958001823 2.9149077109 3.50251729007 7.46861880211 8.06943607874 14.9395523774 15.5189435795 15.9475214074 25.9598370873 27.6331283908 0.394930493996 0.271063543282 0.256663470667 0.490560196774 0.222633619266 2.92514456682 3.07841639219 0.542263695171 0.757160297937 0.281541425486 182.247837254 182.597445929 907.058725536 907.582736882 0.110254197687 0.90707106629 0.258868117505 0.202751434842 3.07605852982 3.72464316117
-9999.0 -9999.0 -9999.0 -9999.0 -9999.0 -9999.0 -9999.0 -9999.0 -9999.0 -9999.0 -9999.0 -9999.0 -9999.0 -9999.0 -9999.0 -9999.0 -9999.0 -9999.0 -9999.0 0.693637785861 0.676508846044 1.2757165073 3.02540285213 13.801597793 0.802837288009 0.792759301129 1.42629515228 2.08927616627 5.30274590568 5.84022018391 0.425224704268 0.358303631213 16.2936683985 16.5512470268 44.5050471194 44.8229327077 0.141495501043 0.122943142969 0.102673949162 0.103760596386 0.116165319018 179.028955683 180.013614836 180.945522825 181.413787728 182.03769971 0.166839908196 0.615732606973 0.7331059805 908.536938034 908.57666134 908.611191625 908.714892102 908.836309784 3.9647881964
-9999.0 -9999.0 -9999.0 -9999.0 -9999.0 -9999.0 -9999.0 -9999.0 -9999.0 -9999.0 -9999.0 -9999.0 -9999.0 -9999.0 -9999.0 -9999.0 -9999.0 -9999.0 -9999.0 -9999.0 0.617779341715 0.648138884213 1.20085011643 16.145521197 16.715286298 0.77746485312 1.41301984266 2.08583852742 2.72991665439 0.591277809823 1.02470756223 38.6983617777 38.9487348734 39.3079146792 41.6186864967 86.7332307651 173.087523734 173.42975428 173.740682709 174.034757032 175.367262497 175.80027489 0.844659135941 0.379387488357 0.22516257192 0.421251182042 0.309131210451 0.488931914276 0.147065152921 3.59099321808 4.01191370587 4.33144157427 4.37724086081 908.861764747 912.972133986
-9999.0 -9999.0 -9999.0 -9999.0 -9999.0 -9999.0 -9999.0 -9999.0 -9999.0 -9999.0 -9999.0 -9999.0 -9999.0 -9999.0 -9999.0 -9999.0 -9999.0 -9999.0 -9999.0 -9999.0 -9999.0 0.631611551331 1.21096061362 1.79337105714 17.1929012043 0.566634339059 23.4717392679 24.1726236674 24.7841178721 25.2688697646 36.770387852 37.2741853782 0.294318059067 1.63643985106 2.02867547995 0.310339916264 86.0157704771 85.4648231205 0.166685995033 0.386739754166 1.06890482204 0.241750851616 0.26103726116 0.196122650384 0.165627086513 0.126675334914 0.148857992546 3.11791364599 3.27067849856 3.45724906271 0.323214128106 0.240815810713 4.50199588937 4.57253732733 4.60442174511
-9999.0 -9999.0 -9999.0 -9999.0 -9999.0 -9999.0 -9999.0 -9999.0 -9999.0 -9999.0 -9999.0 -9999.0 -9999.0 -9999.0 -9999.0 -9999.0 -9999.0 -9999.0 -9999.0 -9999.0 -9999.0 0.57344590904 0.538886020227 2.80086425531 21.1170361739 22.241790477 22.8359323243 0.659834533424 9.91700222105 10.539424051 10.8465351103 0.446496451035 0.786775533483 1.08618020896 19.8979902284 20.1244135435 20.3201999066 85.1091576075 51.1114635732 0.213082347882 0.232020097578 0.222347169387 0.173250191579 1.88950999972 2.26784955324 2.59673701218 2.78007673881 2.95611755103 22.9081705206 23.0416683761 23.2521619727 23.6863302298 25.4663750556 25.5141132451 30.1646560418
-9999.0 -9999.0 -9999.0 -9999.0 -9999.0 -9999.0 -9999.0 -9999.0 -9999.0 -9999.0 -9999.0 -9999.0 -9999.0 -9999.0 -9999.0 -9999.0 -9999.0 -9999.0 -9999.0 -9999.0 -9999.0 -9999.0 1.12533640984 1.72364343122 0.611874593358 0.810110457873 7.52244311062 8.18895324932 8.70479689236 3.95030450678 4.50333922476 5.04073841857 5.36642107121 19.373633125 19.7023908512 12.9834478955 33.5632609414 33.8038790992 50.9363232045 0.477662383055 0.245228976984 0.169170175089 1.31754737981 1.54493996005 0.141141545548 0.132284544953 22.3082673949 22.6378200222 22.7945731518 0.184725313063 0.296497763029 25.1567656849 0.136543726212 0.428290099405 0.46454743185
-9999.0 -9999.0 -9999.0 -9999.0 -9999.0 -9999.0 -9999.0 -9999.0 -9999.0 -9999.0 -9999.0 -9999.0 -9999.0 -9999.0 -9999.0 -9999.0 -9999.0 -9999.0 -9999.0 -9999.0 -9999.0 -9999.0 0.566506935986 1.12104955578 4.71822334128 5.33903686124 5.9967304456 2.82836223307 3.4003703768 0.577883302644 12.7086363368 13.2268740667 13.6936669534 0.365502218234 12.3781353959 12.7200442634 0.252100088557 49.6850721163 0.541685181658 0.269416844063 0.721563935667 0.967662053657 0.185298608271 0.148668500141 20.6008580186 22.0147780323 22.2088683135 0.203594394311 0.446153198922 0.553761207626 0.701334634334 1.32203568485 0.156956725491 0.355839513931 0.0618808525294
