data/baseflow/History/mHMbfrc395
ncols                  80
nrows                 72
xllcorner      4374000.0
yllcorner      5656000.0
cellsize            500
NODATA_value       -9999
[rows 24 to 47 of 72, columns 0 to 54 of 80]
-9999.0 -9999.0 -9999.0 -9999.0 -9999.0 -9999.0 -9999.0 -9999.0 -9999.0 -9999.0 -9999.0 -9999.0 1.41661217538 3.99479884047 5.23290746783 8.9960263422 1.13502868383 2.28988114403 3.38718334497 13.0221257511 13.9628891487 14.7777631547 15.7303369457 16.7550186473 26.338107364 29.3121175378 30.9698018769 0.713720733125 3.92917742887 4.60776818589 60.1486166086 62.8804156625 64.0661834113 65.2708024949 66.3919884131 231.106741379 0.568776893158 439.894880783 1.24830354562 0.592232715386 4.22198923646 3.58720287583 0.543487815194 1.9800752969 2.90839681152 2.87528673758 1.98417475933 3.25838482847 5.13336355723 1.86905377213 4.91170300711 0.45941728548 0.703331005116 0.289635713344 0.249535994099
-9999.0 -9999.0 -9999.0 -9999.0 -9999.0 -9999.0 -9999.0 -9999.0 -9999.0 -9999.0 -9999.0 -9999.0 1.34523566804 2.66761984979 1.25873546194 2.52364696836 1.13343921991 8.62377569248 10.8377359437 11.965927719 1.05139361488 2.03204572131 19.7018385356 24.5600693167 25.429292591 2.01976853778 1.86202922467 2.68109414835 0.629281151292 0.593736778098 1.13640178676 0.506853773096 30.6164367794 31.1258227426 31.6883925836 231.633253294 444.491185778 440.531270832 1.02961925374 0.448172139067 0.411921875226 1.39013166026 0.987540415057 2.46797953457 3.4512565303 6.94769025731 0.616903266561 0.611477972093 5.66347388749 6.220372927 12.1736467683 12.639319423 13.6509806974 14.2126774502 0.50691578305
-9999.0 -9999.0 -9999.0 -9999.0 -9999.0 -9999.0 -9999.0 -9999.0 -9999.0 -9999.0 -9999.0 -9999.0 -9999.0 1.30401531639 2.60353166439 3.90676078872 6.27220604509 1.23103775208 1.14089540567 7.87259243697 8.93373541515 17.7773445482 18.8712454964 3.06022372242 1.06044707594 1.01022388427 0.933271304927 27.1334336255 27.8265700483 28.4885159212 29.0689114536 30.1317941875 5.74264699818 6.32203875555 38.5709166298 714.922532252 3.37832384133 2.94230039346 1.50863672422 0.391374170495 0.363412080962 2.23076053802 2.58523015008 3.22446543127 0.365517766015 7.33121331507 1.04318744799 1.01997125152 0.318959737885 0.280952037352 0.271215129585 0.263466033945 0.27606520414 14.5405575934 195.238658052
-9999.0 -9999.0 -9999.0 -9999.0 -9999.0 -9999.0 -9999.0 -9999.0 -9999.0 -9999.0 -9999.0 -9999.0 -9999.0 -9999.0 1.25781180621 2.37901359102 3.40166929022 4.45689508112 5.59853023837 6.76910678859 3.44366426385 5.71919059113 1.07785373561 1.03579697395 22.2979267529 24.3228909665 25.2695412597 26.3081842018 0.823006849878 1.51363983116 3.93266145464 4.64750475289 5.24390400725 0.633459363299 0.60911405966 716.351539929 0.466691018576 0.844092218564 0.396728376622 1.44187086383 0.702000844666 0.380826083741 6.2174413703 6.58899585982 0.302030480223 7.65925980291 9.00086292007 1.33579193987 206.444972578 205.85345614 205.265638464 204.085006124 203.586806752 196.328208031 196.078174568
-9999.0 -9999.0 -9999.0 -9999.0 -9999.0 -9999.0 -9999.0 -9999.0 -9999.0 -9999.0 -9999.0 -9999.0 -9999.0 -9999.0 0.247266183818 0.578590265778 1.01950526709 9.05629009169 10.245407402 1.20010125755 1.15997950772 1.14335338307 18.0633021743 20.2760896618 1.0784909917 1.09491615641 0.918898522054 3.75122790976 4.6809142673 2.49791804747 3.19837986139 21.5820815951 22.2632291735 23.5441929051 37.7789865544 754.399831193 0.448752202942 0.356920542746 2.10338105024 1.76738252063 0.342891381263 1.08230972162 1.41996326685 6.97374530359 7.32238107974 17.1881938762 9.25325527002 1.50807838695 212.23655104 3.01710023019 204.707178133 204.407783957 6.76750107622 0.337914661614 0.658945654158
-9999.0 -9999.0 -9999.0 -9999.0 -9999.0 -9999.0 -9999.0 -9999.0 -9999.0 -9999.0 -9999.0 -9999.0 -9999.0 -9999.0 1.30587021733 2.11954010306 4.48950900028 7.88236494965 11.201772332 13.5775125763 14.728031115 15.8915467129 17.0229664466 1.09050784041 1.01101457129 1.99000104268 1.88385513335 0.97464567883 18.6071968653 19.5098230127 20.3599973539 21.1970497203 12.2225830766 12.8642922734 13.5850419199 754.63009287 0.753716403513 0.866012225506 3.15043411582 0.281197749966 0.680657237017 0.35744561006 0.312559471088 1.74103943084 0.292019802182 0.31187688377 230.989575659 213.551686051 213.236564869 1.0731771616 2.73074168189 1.77293297981 0.437679952704 6.0918768866 1.8438648322
-9999.0 -9999.0 -9999.0 -9999.0 -9999.0 -9999.0 -9999.0 -9999.0 -9999.0 -9999.0 -9999.0 -9999.0 -9999.0 -9999.0 0.919857592866 0.848182262946 1.65268596154 2.53858179181 1.21607447517 1.30113676166 2.4943816237 3.66813228883 5.91447752081 7.02809723046 8.05028982958 11.0894610989 12.046154265 13.0734865807 0.931188488914 9.3088510957 10.1304178793 10.9090792264 0.66966716104 0.425820938145 0.667584751772 768.538911828 768.754327273 769.959170407 3.85657184969 0.526132733532 1.05208167444 0.302965552449 0.564158871092 2.00669505613 2.54350764163 0.575031811129 232.37696756 0.445867579028 0.59057430646 0.632450349931 0.536365945429 0.963562645973 0.425241064323 3.80729307898 2.99712809975
-9999.0 -9999.0 -9999.0 -9999.0 -9999.0 -9999.0 -9999.0 -9999.0 -9999.0 -9999.0 -9999.0 -9999.0 -9999.0 -9999.0 -9999.0 0.800294830201 1.59209761765 0.798170396937 1.65545712682 10.4519511949 11.5364533203 12.6828146864 1.1175198572 1.11755207242 2.14055766961 3.17624471822 5.0578723764 6.01682074298 6.56952671641 7.4723417831 0.744085064346 0.69313415065 12.1081367995 12.504884458 12.7515294247 13.0030800544 10.8065674318 781.807384192 787.270767538 787.463537241 788.672970728 789.75962644 790.647506434 0.292881639328 2.79629504807 232.67173672 0.741104778342 0.378818327284 0.388544644124 0.347334391822 0.606517431365 0.564296314841 0.320369622795 0.417086051202 0.395365280297
-9999.0 -9999.0 -9999.0 -9999.0 -9999.0 -9999.0 -9999.0 -9999.0 -9999.0 -9999.0 -9999.0 -9999.0 -9999.0 -9999.0 -9999.0 -9999.0 2.37060459866 3.24743739744 5.8211439636 7.85007142145 1.11352958427 15.0478857669 16.1618030862 17.2422502063 1.06405609455 2.09082734473 0.93969585451 7.04686232088 7.5703241524 8.40905767231 9.22664112461 11.2257483734 11.5565492112 0.208742505015 9.82267641471 10.3261497723 10.5723674296 11.6187731372 1.38967017052 0.904285202552 0.584385464459 0.552818305258 791.45159066 791.87715147 796.514048874 232.971482711 1.98141751145 0.959992432047 0.643144589722 0.205978064228 1.77381310555 0.911472820994 0.288473016778 1.51972422344 1.26955020997
-9999.0 -9999.0 -9999.0 -9999.0 -9999.0 -9999.0 -9999.0 -9999.0 -9999.0 -9999.0 -9999.0 -9999.0 -9999.0 -9999.0 -9999.0 -9999.0 0.900466638564 4.10456884059 5.00775179405 1.17547100036 1.19256239649 2.41291093167 3.55553547561 21.8987726739 1.05245158628 4.22888686717 5.19933776486 6.16346896522 0.545382640553 1.32886559778 1.81985571546 7.92824706012 8.88366115936 9.11635985104 0.258676797023 0.247607735319 0.298943424951 0.554870853199 0.237234370812 0.243771650722 0.496478650159 0.35641640877 0.505277727376 1.51516853338 796.985911129 1031.16093244 2.39115938653 0.269155905683 0.203924760443 5.37677011224 4.92530907067 2.84959242841 2.54334684405 1.89265537961 0.406012423043
-9999.0 -9999.0 -9999.0 -9999.0 -9999.0 -9999.0 -9999.0 -9999.0 -9999.0 -9999.0 -9999.0 -9999.0 -9999.0 -9999.0 -9999.0 0.739764414992 2.47850092226 0.831263300914 1.30450031554 1.31781570605 2.53355684576 3.72115256536 4.78885066599 27.5784554114 28.6059739355 1.0549801541 2.03239302239 3.01709576783 3.73599841086 4.56500846126 7.04245280613 7.64563482724 0.63732233717 0.495400286499 0.386229488226 0.560618424342 0.471705064319 0.450967661948 0.361728307917 0.44594091169 1.7934187995 0.863257034309 0.439840799511 0.427543216971 0.421732856 0.800529916666 1047.87783945 14.1422973011 6.3816469843 0.525037686729 0.229018315779 0.207934104007 0.725083031675 0.501999973955 0.256191752219
-9999.0 -9999.0 -9999.0 -9999.0 -9999.0 -9999.0 -9999.0 -9999.0 -9999.0 -9999.0 -9999.0 -9999.0 -9999.0 -9999.0 0.787076678364 1.50275855952 5.5582072795 0.821242321138 2.47057514679 3.7638969095 4.98518316451 1.24536715042 2.36042483974 3.39094957901 32.8489646917 1.00411743734 1.9256581454 2.86239040614 0.879220453543 1.7411090125 2.34845419844 2.90701752128 65.1412621279 66.1425116501 66.9972342653 71.2186751375 72.7181678784 75.8624083904 0.74656656957 1.66122650994 2.23847338667 85.7804916092 86.6070143816 0.400514556729 0.728362681472 1.04487972337 1048.25072952 13.665907319 6.65530565757 6.39544805299 4.91822870375 4.26157734248 0.963672017891 0.233587137654 0.450494681133
-9999.0 -9999.0 -9999.0 -9999.0 -9999.0 -9999.0 -9999.0 -9999.0 -9999.0 -9999.0 -9999.0 -9999.0 -9999.0 -9999.0 0.783024076628 2.38921026601 8.73046125815 12.8582001544 0.754212445829 17.0936940668 22.9650756106 1.19637022912 2.30626613058 3.3736741535 42.4899203091 43.3838408147 0.901939984668 4.68996199012 5.54139251565 6.28185004337 58.7470536886 60.6501245481 61.7365556761 0.526781305617 3.00577039189 3.56503188713 1.63764140603 2.33441780535 79.2245280476 81.9711897765 82.5615227987 83.1307037224 87.4039660076 0.391655851503 0.358075940006 1.70563911642 1048.61261698 0.360012046855 0.413663878935 1.25202378033 0.454082788078 3.84902329287 3.07930449398 1.8045076651 1.29483055317
-9999.0 -9999.0 -9999.0 -9999.0 -9999.0 -9999.0 -9999.0 -9999.0 -9999.0 -9999.0 -9999.0 -9999.0 -9999.0 -9999.0 -9999.0 -9999.0 1.66927179556 3.36713988865 15.3182233451 16.2072958039 23.7530276686 24.6507208965 1.16818966883 2.33357450671 5.51697584701 44.2288092687 46.1073626704 46.9164861103 0.693556708891 49.8525256793 51.8260099222 1.23720562159 0.532049677517 1.032126815 2.02288766803 0.491274752132 0.999664697657 2.24923348884 2.82506674624 0.537199781823 0.404794892059 0.815414992689 90.0885978351 90.8886496493 91.2031170761 93.6698859016 1048.93885724 0.244612294692 0.333532097154 0.385518265016 0.381472000315 0.387552597469 0.355592229738 0.678102044823 0.179740419517
-9999.0 -9999.0 -9999.0 -9999.0 -9999.0 -9999.0 -9999.0 -9999.0 -9999.0 -9999.0 -9999.0 -9999.0 -9999.0 -9999.0 -9999.0 -9999.0 0.872012392905 0.858231912042 0.864277309904 1.82624245512 0.817075473833 26.2643570552 27.0873834739 1.08491394366 2.16748344595 1.09909508394 0.936411120733 0.915989156151 48.5434027361 0.680467243462 1.35665572759 0.63100003551 0.540634104669 0.500911144404 0.413950075022 0.426761299239 1.28093144539 1.7381040576 0.360276540173 0.332201861828 0.702602578356 1.13486343558 1.40254164497 0.353558404603 91.6139808593 93.9829857832 1049.16119779 1.32822641036 0.860685883087 0.259966262143 0.593651845064 0.217620124843 0.167397365029 0.864605438322 0.899306485386
-9999.0 -9999.0 -9999.0 -9999.0 -9999.0 -9999.0 -9999.0 -9999.0 -9999.0 -9999.0 -9999.0 -9999.0 -9999.0 -9999.0 -9999.0 -9999.0 -9999.0 -9999.0 0.848741593775 2.62266539439 3.35531560375 4.14215075511 27.8474551523 28.5973700766 29.3849377241 30.3543103264 31.2508317669 33.090669837 33.7233728249 34.3792247068 34.9198595757 0.491933256614 0.457785658044 0.48676996859 1.76828704318 0.461176134511 0.436633558841 0.364155306517 1.06598781567 0.41324554652 0.336321471601 0.315618708216 0.282255127945 0.563373817362 0.808816700518 95.6219118892 1146.35604489 0.215275773708 0.492482628877 0.221281758526 0.81722693 0.449051037622 0.336878282689 2.45860231391 1.46441421734
-9999.0 -9999.0 -9999.0 -9999.0 -9999.0 -9999.0 -9999.0 -9999.0 -9999.0 -9999.0 -9999.0 -9999.0 -9999.0 -9999.0 -9999.0 -9999.0 -9999.0 -9999.0 -9999.0 0.734063282419 5.63571266109 11.338244231 12.17828917 1.11236033296 2.19420165739 3.26949297942 4.22714550421 10.3190301223 10.8568805358 0.519363400694 0.505087056182 35.9118579037 36.8057752586 37.2266742561 2.1266945221 0.35175092962 0.79311106181 1.17052294318 3.46513414353 4.2441905657 4.88551444806 0.594410403094 0.826167433268 0.275993846534 0.547740510267 0.281505712517 1146.87436243 0.204847440993 0.869933132975 0.477594041669 1.45455313591 2.71125600409 3.15264600214 5.71388433527 1.69722061781
-9999.0 -9999.0 -9999.0 -9999.0 -9999.0 -9999.0 -9999.0 -9999.0 -9999.0 -9999.0 -9999.0 -9999.0 -9999.0 -9999.0 -9999.0 -9999.0 -9999.0 -9999.0 0.795662356629 2.50438140166 4.91791992412 6.44702198707 16.8175779189 17.7846878187 2.2159712825 3.2941524642 4.25260626395 5.22323277316 11.4588419038 12.5326085871 22.2774808447 23.0256208715 23.4817762169 37.6810233332 41.0321289037 0.81126951854 0.47972371996 0.465670902837 0.896175194726 0.415671527096 5.67962315382 5.98403036266 1.08627421942 1.30674296591 0.235338098076 252.244676443 252.808329181 1400.02937196 1401.17280209 0.19332976262 1.87338003347 0.241805691766 0.224777663702 6.16709123227 8.04987906754
-9999.0 -9999.0 -9999.0 -9999.0 -9999.0 -9999.0 -9999.0 -9999.0 -9999.0 -9999.0 -9999.0 -9999.0 -9999.0 -9999.0 -9999.0 -9999.0 -9999.0 -9999.0 -9999.0 0.883322308675 0.857642883882 1.64265546999 3.91594113818 18.5253306721 1.12723511704 1.11491452579 2.06873032713 3.03831179232 7.54802173001 8.28113349958 0.541648685258 0.513430805233 24.0569246777 24.5400948156 65.9738362955 66.3485685674 0.309658350831 0.278262746851 0.231737541697 0.233960486924 0.239155093413 247.228200724 248.919479432 250.466268618 250.922786665 252.024296794 0.30407742819 1.12151709187 1.42156778194 1403.11638757 1403.25410872 1403.44761739 1403.62220974 1403.7531276 8.28553995143
-9999.0 -9999.0 -9999.0 -9999.0 -9999.0 -9999.0 -9999.0 -9999.0 -9999.0 -9999.0 -9999.0 -9999.0 -9999.0 -9999.0 -9999.0 -9999.0 -9999.0 -9999.0 -9999.0 -9999.0 0.803663052555 0.832338226513 1.55443194802 21.5575874613 22.3934970587 1.09918273178 2.04974708637 3.03668872393 3.83381652622 0.724722184718 1.32141368786 51.9723561643 52.4723995409 52.89055825 56.2992047188 123.048033403 236.047933105 236.730866655 237.345334805 237.937940464 240.227982598 240.956682314 1.40295088655 0.649882788421 0.37661033678 0.718022567818 0.553020660466 0.874863943482 0.284650446873 5.88827152823 6.48386255797 6.93837642278 7.09308086056 1403.90859537 1412.38123946
-9999.0 -9999.0 -9999.0 -9999.0 -9999.0 -9999.0 -9999.0 -9999.0 -9999.0 -9999.0 -9999.0 -9999.0 -9999.0 -9999.0 -9999.0 -9999.0 -9999.0 -9999.0 -9999.0 -9999.0 -9999.0 0.813250926689 1.55916509609 2.30762034875 23.0319481351 0.896295198114 31.6667625014 32.6767902718 33.4096681681 34.046895156 49.4410307567 50.0809068561 0.534774537039 2.56353617896 3.08022195243 0.50149077049 112.306035769 111.398827791 0.294636716616 0.663676740404 1.76761243172 0.383440693075 0.399734990394 0.324014284534 0.280801376727 0.219888360126 0.258434008063 4.99139774751 5.26169789485 5.5782175715 0.321358345743 0.242543647109 7.26054599027 7.4619428277 7.56454452611
-9999.0 -9999.0 -9999.0 -9999.0 -9999.0 -9999.0 -9999.0 -9999.0 -9999.0 -9999.0 -9999.0 -9999.0 -9999.0 -9999.0 -9999.0 -9999.0 -9999.0 -9999.0 -9999.0 -9999.0 -9999.0 0.753745941851 0.705985720926 3.63763122418 28.1714770651 29.8222199055 30.7378917569 1.03326163125 13.6958078038 14.4378623023 14.7709374255 0.622496895698 1.19131945622 1.7057399815 27.3767876182 27.7805997878 28.1297180098 110.764620179 64.5635595449 0.357525235982 0.373829879584 0.361827913198 0.295744024284 2.93478802274 3.55830994017 4.10812871572 4.4157016189 4.71350573134 29.3962470727 29.6171586946 29.8019308666 30.2716848383 32.8605942049 32.9952111472 40.7151232121
-9999.0 -9999.0 -9999.0 -9999.0 -9999.0 -9999.0 -9999.0 -9999.0 -9999.0 -9999.0 -9999.0 -9999.0 -9999.0 -9999.0 -9999.0 -9999.0 -9999.0 -9999.0 -9999.0 -9999.0 -9999.0 -9999.0 1.46751137557 2.22792779164 0.831658926641 1.09916878885 10.0241987949 11.0761982286 11.8735511783 5.61596549636 6.29707480626 6.97850751388 7.50390838512 26.4985223988 26.9975978219 16.9327338422 45.4689421659 45.8557376821 64.2556629729 0.734818812366 0.371302924022 0.274835599004 2.00193122815 2.3468718456 0.22503721332 0.209652897659 28.4056530454 28.9277197088 29.1881680516 0.258691172574 0.357629954033 32.4055922634 0.315908836994 1.06626041836 1.16945461658
-9999.0 -9999.0 -9999.0 -9999.0 -9999.0 -9999.0 -9999.0 -9999.0 -9999.0 -9999.0 -9999.0 -9999.0 -9999.0 -9999.0 -9999.0 -9999.0 -9999.0 -9999.0 -9999.0 -9999.0 -9999.0 -9999.0 0.730044083783 1.4468451349 6.1052439643 6.95622313682 7.93732909202 4.03656847449 4.91428073702 0.724179032044 17.2350605247 17.8911656334 18.487786224 0.529034252703 15.9876725744 16.4984293257 0.40423257288 62.3508118418 0.809600919486 0.40666110557 1.06836103662 1.44066151143 0.29258778261 0.239260788739 25.8785410458 27.9406350021 28.2419547276 0.313349811006 0.685845759349 0.875389741364 1.04003882594 2.00001103333 0.381771469671 0.872225494787 0.180207817931
