data/baseflow/History/mHMbfrc437
ncols                  80
nrows                 72
xllcorner      4374000.0
yllcorner      5656000.0
cellsize            500
NODATA_value       -9999
[rows 24 to 47 of 72, columns 0 to 53 of 80]
-9999.0 -9999.0 -9999.0 -9999.0 -9999.0 -9999.0 -9999.0 -9999.0 -9999.0 -9999.0 -9999.0 -9999.0 0.609712844627 1.6788757002 2.19587575676 3.82374121722 0.452442561797 0.912836548222 1.34238147334 5.34114365871 5.6549656704 5.8184770842 6.09808796423 6.4097224831 10.1117293875 10.9553144867 11.3241294859 0.111995103719 0.786275466503 0.8740356153 20.0377821053 20.3998840089 20.5588548164 20.7233178886 20.8742540911 84.8283289697 0.0734105781406 176.403363225 0.129047627142 0.0523295846021 1.36971917502 1.24635556808 0.153607559799 0.672899371242 0.991224501958 0.974610070789 0.642066723458 1.06737233518 1.7050985854 0.661241364982 1.64732187408 0.127204387714 0.186259749138 0.0182853736576
-9999.0 -9999.0 -9999.0 -9999.0 -9999.0 -9999.0 -9999.0 -9999.0 -9999.0 -9999.0 -9999.0 -9999.0 0.559055044779 1.11723460136 0.531993281463 1.11772515017 0.48417698292 3.58887457131 4.45396188178 4.92829942961 0.391964209393 0.739967882842 7.86037891982 9.59022508621 9.8632515851 0.586975498608 0.472815331799 0.638890094772 0.0749346754818 0.0669716051484 0.124300297743 0.0764189439724 13.1034675549 13.2120963733 13.2648586724 85.0208178877 177.09664135 176.454972022 0.0738823374757 0.0377494022881 0.0349196156813 0.23638433874 0.205247956005 0.764069036892 1.15260369122 2.33713226875 0.211651158908 0.210124327842 1.86693301981 2.03151003296 3.98229167758 4.05532571062 4.26024784967 4.29403097944
-9999.0 -9999.0 -9999.0 -9999.0 -9999.0 -9999.0 -9999.0 -9999.0 -9999.0 -9999.0 -9999.0 -9999.0 -9999.0 0.543321626622 1.08407744938 1.62915174087 2.62626879277 0.500311208962 0.444948241133 3.50931276068 3.89929209139 7.23577324921 7.63908255273 1.14769089473 0.328757736481 0.276915818172 0.236615928673 12.5971887116 12.7218333927 12.8076797191 12.8680238758 13.0111377018 1.27735735432 1.35874975856 14.6743669068 276.915469294 0.461579834749 0.303655914546 0.131703885623 0.0424634061261 0.0309957517215 0.300801000341 0.320728767265 0.820038396304 0.0296982712254 2.38775117413 0.31371270127 0.304908937993 0.0318526804109 0.0181707115954 0.0150358714328 0.0245775587476 0.0151215910219 4.31495630092
-9999.0 -9999.0 -9999.0 -9999.0 -9999.0 -9999.0 -9999.0 -9999.0 -9999.0 -9999.0 -9999.0 -9999.0 -9999.0 -9999.0 0.510899091013 1.08410676742 1.62534208231 2.16770694919 2.62003848344 3.08554452759 1.30986947939 2.17935783593 0.395428233227 0.386730160434 11.0647360799 11.7851328236 12.0843452981 12.3958243568 0.191690807825 0.323270819608 0.93697378673 1.03599260421 1.14655297559 0.107442240805 0.0723214524499 277.314306 0.15391391182 0.12017917166 0.0562134321203 0.215693936492 0.10526632266 0.0471495933422 1.18295719582 1.23003964154 0.0284972443342 2.42274043969 2.7503557405 0.31947064385 52.0437130942 51.9957633703 51.9576790383 51.8652416801 51.8153224949 51.1957098901
-9999.0 -9999.0 -9999.0 -9999.0 -9999.0 -9999.0 -9999.0 -9999.0 -9999.0 -9999.0 -9999.0 -9999.0 -9999.0 -9999.0 0.176761069191 0.378777006577 0.543315437706 5.77047145016 6.23529825563 0.472108471489 0.434250601103 0.435992958123 9.53958605571 10.336987654 0.369925065579 0.398784062215 0.302492599409 1.2344137992 1.52581936169 0.609682179607 0.782717637732 7.23983959518 7.41879169438 7.74562287122 11.6781332371 289.132296844 0.145371440534 0.0434346530751 0.348719101497 0.285944061315 0.0498567679806 0.1488109531 0.196039137275 1.27706282508 1.31531353518 4.15573271864 2.78177070169 0.361563575045 52.8735074106 0.288966482409 51.9213169051 51.8949186664 0.578111706759 0.0827142624172
-9999.0 -9999.0 -9999.0 -9999.0 -9999.0 -9999.0 -9999.0 -9999.0 -9999.0 -9999.0 -9999.0 -9999.0 -9999.0 -9999.0 0.886044351374 1.46794473892 2.92652191643 5.20838087139 6.77394692865 7.83840006992 8.30816269329 8.75456478068 9.17258632477 0.388380080336 0.324812486058 0.644954698834 0.617154793794 0.323088532523 6.35024046589 6.63359841295 6.88974462916 7.13353756331 3.56555544657 3.65645199931 3.83701131989 289.253887055 0.28371547981 0.102431187704 0.512605572439 0.0721109851665 0.108475758867 0.0602954342916 0.0440624665325 0.245824333902 0.0309359489442 0.0318828507422 57.2165660185 53.0337132728 52.9987324522 0.133712087868 0.269680019023 0.167023160857 0.0314187272121 0.451411494834
-9999.0 -9999.0 -9999.0 -9999.0 -9999.0 -9999.0 -9999.0 -9999.0 -9999.0 -9999.0 -9999.0 -9999.0 -9999.0 -9999.0 0.607354374718 0.595284037594 1.18126509712 1.74730675449 0.520228125439 0.511353114051 0.963786277309 1.40320935292 2.21106128421 2.62762891885 2.96486700385 3.94784247804 4.22650189078 4.55561948806 0.2744312615 2.94900782098 3.16556806146 3.32398994238 0.092082903389 0.0431056790739 0.0950508144436 293.1373185 293.251580819 293.703600988 0.741283136132 0.157473158038 0.151118805364 0.0342441245003 0.0780473146124 0.282892176365 0.342746636402 0.0569404451391 57.3613245353 0.0466854361766 0.0710760444257 0.0790392187971 0.0594392357319 0.105623038226 0.0429416082876 0.325509192317
-9999.0 -9999.0 -9999.0 -9999.0 -9999.0 -9999.0 -9999.0 -9999.0 -9999.0 -9999.0 -9999.0 -9999.0 -9999.0 -9999.0 -9999.0 0.586097006642 1.1389068593 0.507940138294 1.02195858125 6.44017166293 6.91054416146 7.32703791609 0.399352513944 0.402775130929 0.761323001131 1.10249904129 1.65985049308 1.96166567301 2.14883094468 2.4046086257 0.209213398993 0.166942562798 3.43532901927 3.47591625625 3.56252138192 3.66567698812 3.27074096374 297.404187226 298.71790263 298.804714548 299.034502394 299.305165323 299.42018017 0.0271000788298 0.370930147706 57.3880466162 0.0564106179063 0.028930554962 0.0376925670799 0.0395412711774 0.0684551623888 0.0590889268149 0.0343349844892 0.0548372791564
-9999.0 -9999.0 -9999.0 -9999.0 -9999.0 -9999.0 -9999.0 -9999.0 -9999.0 -9999.0 -9999.0 -9999.0 -9999.0 -9999.0 -9999.0 -9999.0 1.68742289455 2.2153882852 3.79993984125 4.91318829117 0.548395140546 8.38260572392 8.77486836331 9.14172289055 0.349619975515 0.677508742664 0.272245400961 2.19947798002 2.3759995321 2.61387351842 2.82226245499 3.3321808644 3.37525105612 0.0367957436224 2.84807784665 3.05837567226 3.17142736177 3.58317353507 0.462601585527 0.269181336909 0.136571941655 0.136003869952 299.530781454 299.574437956 300.176680656 57.4122633877 0.166880171277 0.090443343212 0.0622339281999 0.0199517523197 0.190701795488 0.0969715345013 0.0299037505101 0.166626410792
-9999.0 -9999.0 -9999.0 -9999.0 -9999.0 -9999.0 -9999.0 -9999.0 -9999.0 -9999.0 -9999.0 -9999.0 -9999.0 -9999.0 -9999.0 -9999.0 0.554759683552 2.75740218187 3.30585923963 0.577040703866 0.447203884516 0.909822472655 1.35136498562 10.9080870993 0.349010182485 1.39033451489 1.6843279159 1.96165633309 0.176867076861 0.39890906715 0.506992994797 2.28711345731 2.4958484554 2.60099125423 0.108103277689 0.0968557234439 0.104723039573 0.195555246242 0.0799605427195 0.0832859564526 0.0949977130887 0.109820809649 0.100959815342 0.196930506981 300.226452217 357.743784161 0.197808348138 0.0611108033754 0.0199824493668 0.583933089692 0.540356246268 0.31757606301 0.284412885766 0.210505468541
-9999.0 -9999.0 -9999.0 -9999.0 -9999.0 -9999.0 -9999.0 -9999.0 -9999.0 -9999.0 -9999.0 -9999.0 -9999.0 -9999.0 -9999.0 0.51930564706 1.56235853695 0.499206856092 0.558937246471 0.510168743123 0.952614393773 1.39378281694 1.8079862246 13.1442127527 13.4817640956 0.346760398787 0.647520595244 0.957710866722 1.17914288771 1.39204464754 1.97266083662 2.1745418333 0.074235548835 0.109070865694 0.0992214947601 0.0813073815902 0.0944771977222 0.112347702744 0.100257178012 0.155743626896 0.324214522036 0.158667266241 0.0402265514925 0.0390036489684 0.0327964784854 0.0606365867583 359.568218717 1.53623085947 0.708474048658 0.0759523748322 0.0374674182171 0.024038711383 0.0791391969338 0.0525007220756
-9999.0 -9999.0 -9999.0 -9999.0 -9999.0 -9999.0 -9999.0 -9999.0 -9999.0 -9999.0 -9999.0 -9999.0 -9999.0 -9999.0 0.562429047643 1.05468664598 3.61590199107 0.473626904193 1.09547336916 1.59173486481 2.04004259897 0.46450001823 0.857945951429 1.30288698809 15.1649640739 0.327489167507 0.607131320441 0.879908719252 0.259897157774 0.507526625719 0.574596026405 0.746041659322 23.9629946798 24.1579618164 24.322484337 24.9622050984 25.2606109412 25.7797042225 0.126431111446 0.320313877127 0.370036974061 27.1674760553 27.239089934 0.0355001541228 0.0586190545916 0.0810350196042 359.616288511 1.40914494494 0.600136320574 0.550680421468 0.493111599057 0.448956846082 0.104895787264 0.0265791614548
-9999.0 -9999.0 -9999.0 -9999.0 -9999.0 -9999.0 -9999.0 -9999.0 -9999.0 -9999.0 -9999.0 -9999.0 -9999.0 -9999.0 0.568691397238 1.70975532197 5.87355168158 8.69783405139 0.416119996861 11.1873669038 13.6769703496 0.436029313874 0.827637610389 1.26596084231 18.7613285091 19.1067553816 0.217820295113 1.30853722303 1.50905418495 1.69541189287 22.7046506646 22.959405673 23.1388696307 0.087003778755 0.489556438945 0.570559773489 0.219202416404 0.303007196221 26.2119044311 26.6513260226 26.7110771301 26.7660367064 27.2973324735 0.0280403530015 0.0245097618244 0.126565212388 359.66010975 0.0489098759652 0.00602294125763 0.0170122210399 0.00730291631222 0.390115693995 0.360279776659 0.215106744223
-9999.0 -9999.0 -9999.0 -9999.0 -9999.0 -9999.0 -9999.0 -9999.0 -9999.0 -9999.0 -9999.0 -9999.0 -9999.0 -9999.0 -9999.0 -9999.0 1.1616325368 2.32927231728 10.2245536804 10.7548783439 14.1375297168 14.5959157752 0.416915459231 0.833886267841 1.96434760615 19.4316212209 19.9139809603 20.0829606585 0.118589621684 20.656848056 20.9106257098 0.165687779334 0.0908663777159 0.179166901339 0.342091819921 0.0796833851511 0.151281377732 0.318527406122 0.384682348821 0.0695917438126 0.0440050947333 0.0839527792507 27.6712202538 27.7867323557 27.8086048094 27.9990040106 359.699689103 0.038259034429 0.00354330433515 0.00407971312361 0.00420202334095 0.00437828057687 0.00397137010413 0.00721861017329
-9999.0 -9999.0 -9999.0 -9999.0 -9999.0 -9999.0 -9999.0 -9999.0 -9999.0 -9999.0 -9999.0 -9999.0 -9999.0 -9999.0 -9999.0 -9999.0 0.604356211713 0.589733434406 0.55497651312 1.051051108 0.435292492434 15.4729456306 15.8858911627 0.406170585094 0.773175748049 0.310924748986 0.225839154722 0.216161605641 20.4198247433 0.0761373257785 0.151262452311 0.105649887386 0.101363703107 0.0836539352325 0.0606219029188 0.0636192955611 0.194437707187 0.268233930024 0.0481687044318 0.0404184840822 0.0878702165399 0.148870883345 0.23229164956 0.0718484446992 27.8468446447 28.0210659112 359.731545168 0.0935003500848 0.0124827207089 0.00198283067745 0.0058675311805 0.00171708869421 0.00146716080331 0.00886950386017
-9999.0 -9999.0 -9999.0 -9999.0 -9999.0 -9999.0 -9999.0 -9999.0 -9999.0 -9999.0 -9999.0 -9999.0 -9999.0 -9999.0 -9999.0 -9999.0 -9999.0 -9999.0 0.57801058227 1.5671324203 1.99322340205 2.42217402854 16.306380002 16.7338171497 17.1264888559 17.5061220146 17.7147741994 18.1467665465 18.2268705389 18.2936036481 18.3656779632 0.0893798726935 0.0815597942269 0.0842870861818 0.276577187622 0.0726949403823 0.0678877149026 0.0512261683644 0.14617893058 0.0555259749688 0.0415027442622 0.0383106879653 0.0337785885049 0.0674057556397 0.0961730017641 28.2107840302 388.068986273 0.0406045271976 0.065198667329 0.00148846109326 0.00801106112996 0.00446248072265 0.00295523914508 0.2233959212
-9999.0 -9999.0 -9999.0 -9999.0 -9999.0 -9999.0 -9999.0 -9999.0 -9999.0 -9999.0 -9999.0 -9999.0 -9999.0 -9999.0 -9999.0 -9999.0 -9999.0 -9999.0 -9999.0 0.47520423234 3.78969059363 7.21873256314 7.63544849058 0.513693772017 0.918052887525 1.29347879665 1.55681133156 3.46920709818 3.56664371983 0.0949616015212 0.0893668305961 18.5378878651 18.6904882115 18.7639744498 0.325441651219 0.0388891865675 0.0993855923356 0.146990721182 0.451117557792 0.555132506486 0.633593890172 0.0716177063339 0.0993252278184 0.0330566907694 0.0654512446159 0.0335982054603 388.138676846 0.0262916162197 0.122403208208 0.0225614448778 0.0441358263687 0.185372392898 0.204513767378 0.446434942538
-9999.0 -9999.0 -9999.0 -9999.0 -9999.0 -9999.0 -9999.0 -9999.0 -9999.0 -9999.0 -9999.0 -9999.0 -9999.0 -9999.0 -9999.0 -9999.0 -9999.0 -9999.0 0.534695582828 1.70945809034 3.33016106569 4.33600521578 10.6906263337 11.1628723468 0.789233236017 1.15281788358 1.454711702 1.70958793759 3.65223826358 3.8408403366 6.51982249933 6.74491823555 6.81872697735 18.8297251281 19.2964181616 0.0952968646985 0.0656610967995 0.0610958069187 0.113938182351 0.0509610442734 0.733708010937 0.770580377237 0.12952414359 0.184969321311 0.0346045949907 92.8533948654 92.9206304083 481.105072587 481.275269706 0.0359750381921 0.120777987858 0.0451179113735 0.0286292698167 0.49356559682
-9999.0 -9999.0 -9999.0 -9999.0 -9999.0 -9999.0 -9999.0 -9999.0 -9999.0 -9999.0 -9999.0 -9999.0 -9999.0 -9999.0 -9999.0 -9999.0 -9999.0 -9999.0 -9999.0 0.612907056401 0.589733303166 1.10802833568 2.60561868342 11.6269698089 0.408088215666 0.403666288427 0.684451388645 0.995363672125 2.25900011838 2.38470797495 0.106343710012 0.152638848989 6.92649566299 6.98986434413 26.3499911149 26.4033611414 0.0311640354851 0.0273872311276 0.0225049710597 0.0227073776086 0.0267043681526 92.0446275542 92.2784977489 92.5378997369 92.6460753619 92.8050836234 0.0373414326137 0.135801343442 0.156746960018 481.499964516 481.529654448 481.607743832 481.678713272 481.747686806
-9999.0 -9999.0 -9999.0 -9999.0 -9999.0 -9999.0 -9999.0 -9999.0 -9999.0 -9999.0 -9999.0 -9999.0 -9999.0 -9999.0 -9999.0 -9999.0 -9999.0 -9999.0 -9999.0 -9999.0 0.535545793453 0.563369432015 1.03221260558 13.6337115428 14.0560005684 0.395696705653 0.682723294022 1.00271641841 1.16187011561 0.126802379636 0.277283704231 27.0796157985 27.1595052932 27.2625296443 27.9684471247 54.4596161906 90.559367451 90.6445384708 90.7184220146 90.790273552 91.1247812852 91.2359695184 0.191263618962 0.0823490025551 0.0508215503851 0.0946427257834 0.0673066093364 0.107570388164 0.0329482039662 0.795308231505 0.879476776549 0.968550057676 0.979371793393 481.774373609
-9999.0 -9999.0 -9999.0 -9999.0 -9999.0 -9999.0 -9999.0 -9999.0 -9999.0 -9999.0 -9999.0 -9999.0 -9999.0 -9999.0 -9999.0 -9999.0 -9999.0 -9999.0 -9999.0 -9999.0 -9999.0 0.545388151487 1.03640892185 1.5317502562 14.4580790588 0.381268278604 19.2215755147 19.5557211196 19.686172264 19.8549907914 26.4696689081 26.6429159361 0.0869946363859 0.52022044155 0.614973203016 0.0790217634133 36.0194774697 35.8747510996 0.040994191667 0.0979926935659 0.26712955799 0.0601622876478 0.0626535002417 0.0415465427909 0.0347161492859 0.0270065088618 0.0314133383308 0.697780619103 0.730483594012 0.770483355414 0.0641239319887 0.071888837566 1.01522210272 1.02963571198
-9999.0 -9999.0 -9999.0 -9999.0 -9999.0 -9999.0 -9999.0 -9999.0 -9999.0 -9999.0 -9999.0 -9999.0 -9999.0 -9999.0 -9999.0 -9999.0 -9999.0 -9999.0 -9999.0 -9999.0 -9999.0 0.494057909684 0.455195171214 2.37029046543 17.727694615 18.5482762974 18.9273458051 0.287295867193 6.3107909566 6.42185880776 6.48717228767 0.161325583868 0.259375531064 0.334566727213 8.19882407732 8.26087295768 8.31236985934 35.7847110746 22.9715645524 0.0542716594732 0.0579748902595 0.0548194430532 0.0413831809577 0.438674663103 0.518315662336 0.587925091477 0.626581835652 0.663675983476 6.45359814362 6.47971428305 6.53050692024 6.67126116228 7.00849257522 7.01942200473
-9999.0 -9999.0 -9999.0 -9999.0 -9999.0 -9999.0 -9999.0 -9999.0 -9999.0 -9999.0 -9999.0 -9999.0 -9999.0 -9999.0 -9999.0 -9999.0 -9999.0 -9999.0 -9999.0 -9999.0 -9999.0 -9999.0 0.9581173533 1.46030104359 0.457987398695 0.411945200235 5.39457081113 5.69426623781 5.87143808143 1.73154799278 1.81321292252 1.91485974897 2.01054430996 8.05754981639 8.15094963265 4.32651086434 12.704883867 12.764744342 22.9301879443 0.11435314972 0.0583734346774 0.0393425065318 0.306812348585 0.358793300125 0.0282989800644 0.0259335675335 6.33415798654 6.39827854117 6.42901052675 0.0633433019015 0.0993054965473 6.9738789877 0.0183680059982 0.0657342386065
-9999.0 -9999.0 -9999.0 -9999.0 -9999.0 -9999.0 -9999.0 -9999.0 -9999.0 -9999.0 -9999.0 -9999.0 -9999.0 -9999.0 -9999.0 -9999.0 -9999.0 -9999.0 -9999.0 -9999.0 -9999.0 -9999.0 0.476880001846 0.941334720516 3.79085493344 4.2538483184 4.6565320389 1.4378087571 1.64699933452 0.0913143336145 5.80140881452 5.87907897605 5.95809817481 0.0878590414606 4.15603967977 4.2540096593 0.0650914886854 22.6289978346 0.133606113517 0.0671737418161 0.168208123778 0.226824909731 0.0416610605652 0.0336761362869 5.99124737754 6.27583553989 6.31406216713 0.0397252329555 0.0834279196354 0.106224457201 0.126185246522 0.252579591789 0.0246264209739 0.0537264821968
