data/baseflow/History/mHMbfrc502
ncols                  80
nrows                 72
xllcorner      4374000.0
yllcorner      5656000.0
cellsize            500
NODATA_value       -9999
[rows 0 to 23 of 72, columns 0 to 53 of 80]
-9999.0 -9999.0 -9999.0 -9999.0 -9999.0 -9999.0 -9999.0 -9999.0 -9999.0 -9999.0 -9999.0 -9999.0 0.736128941842 0.65078778536 -9999.0 -9999.0 -9999.0 -9999.0 -9999.0 -9999.0 -9999.0 -9999.0 -9999.0 -9999.0 -9999.0 -9999.0 -9999.0 -9999.0 -9999.0 -9999.0 -9999.0 -9999.0 -9999.0 -9999.0 -9999.0 -9999.0 -9999.0 -9999.0 -9999.0 -9999.0 -9999.0 -9999.0 -9999.0 -9999.0 -9999.0 -9999.0 -9999.0 -9999.0 -9999.0 -9999.0 -9999.0 -9999.0 -9999.0 -9999.0
-9999.0 -9999.0 -9999.0 -9999.0 -9999.0 -9999.0 -9999.0 -9999.0 -9999.0 -9999.0 -9999.0 -9999.0 1.57801857437 3.38454995968 0.531566226171 -9999.0 0.541068459062 -9999.0 -9999.0 -9999.0 -9999.0 -9999.0 -9999.0 -9999.0 -9999.0 -9999.0 -9999.0 -9999.0 -9999.0 -9999.0 -9999.0 -9999.0 -9999.0 -9999.0 -9999.0 -9999.0 -9999.0 -9999.0 -9999.0 -9999.0 -9999.0 -9999.0 -9999.0 -9999.0 -9999.0 -9999.0 -9999.0 -9999.0 -9999.0 -9999.0 -9999.0 -9999.0 -9999.0 -9999.0
-9999.0 -9999.0 -9999.0 -9999.0 -9999.0 -9999.0 -9999.0 -9999.0 -9999.0 -9999.0 0.731652852365 0.69216319674 0.760701290998 0.763988350759 4.75662628731 5.21590686427 1.4537838976 0.462021126605 -9999.0 -9999.0 -9999.0 -9999.0 -9999.0 -9999.0 -9999.0 -9999.0 -9999.0 -9999.0 -9999.0 -9999.0 -9999.0 -9999.0 -9999.0 -9999.0 -9999.0 -9999.0 -9999.0 -9999.0 -9999.0 -9999.0 -9999.0 -9999.0 -9999.0 -9999.0 -9999.0 -9999.0 -9999.0 -9999.0 -9999.0 -9999.0 -9999.0 -9999.0 -9999.0 -9999.0
-9999.0 -9999.0 -9999.0 -9999.0 -9999.0 -9999.0 -9999.0 -9999.0 -9999.0 0.676739227766 1.42881959886 2.83870619722 1.44676190687 0.695391469834 1.35638915057 5.830977663 8.23873257164 0.495870221878 -9999.0 0.726947383302 -9999.0 -9999.0 -9999.0 -9999.0 1.01078850888 0.526358864873 -9999.0 -9999.0 -9999.0 -9999.0 -9999.0 -9999.0 -9999.0 -9999.0 -9999.0 -9999.0 -9999.0 -9999.0 -9999.0 -9999.0 -9999.0 -9999.0 -9999.0 -9999.0 -9999.0 -9999.0 -9999.0 -9999.0 -9999.0 -9999.0 -9999.0 -9999.0 -9999.0 -9999.0
-9999.0 -9999.0 -9999.0 -9999.0 -9999.0 -9999.0 -9999.0 -9999.0 0.845453735784 2.27879732032 2.92684241866 3.5881306359 4.92938866796 0.602917286086 2.54099029333 3.10385416109 12.1818612788 0.42193900175 0.464663360338 1.297069081 1.85239251744 0.598091550612 -9999.0 2.48980761999 2.05593575152 0.530546591359 -9999.0 -9999.0 -9999.0 -9999.0 -9999.0 -9999.0 -9999.0 -9999.0 -9999.0 -9999.0 -9999.0 -9999.0 -9999.0 -9999.0 -9999.0 -9999.0 -9999.0 -9999.0 -9999.0 -9999.0 -9999.0 -9999.0 -9999.0 -9999.0 -9999.0 -9999.0 -9999.0 -9999.0
-9999.0 -9999.0 -9999.0 -9999.0 -9999.0 -9999.0 0.798527839905 0.696179885309 0.669513131778 0.696248114164 0.723726713608 5.06802675608 10.6928789239 11.3614140456 11.9400095356 0.60898166026 13.2751026559 13.7724858863 1.11095505676 0.570936081417 2.39194307851 4.11747480561 0.519804652481 4.04997141563 0.583688693845 0.53509472897 0.615108331307 -9999.0 -9999.0 -9999.0 -9999.0 -9999.0 -9999.0 -9999.0 -9999.0 -9999.0 -9999.0 -9999.0 -9999.0 -9999.0 -9999.0 -9999.0 -9999.0 -9999.0 -9999.0 -9999.0 -9999.0 -9999.0 -9999.0 -9999.0 -9999.0 -9999.0 -9999.0 -9999.0
-9999.0 -9999.0 -9999.0 -9999.0 -9999.0 -9999.0 1.62206217876 2.38252391394 5.3109863192 7.28467277903 0.576616574552 0.625617461738 0.58609584421 1.74113261994 14.1692180122 0.462295880624 14.2342619499 16.6383180765 1.84699696451 1.01945476113 4.58839939263 0.544164024451 4.57914919809 1.00848194827 0.495021639631 0.993492958541 1.21418849114 0.645655413854 0.691951164414 0.657457196245 0.744507454391 1.48347226237 -9999.0 -9999.0 -9999.0 -9999.0 -9999.0 -9999.0 -9999.0 -9999.0 -9999.0 -9999.0 -9999.0 -9999.0 -9999.0 -9999.0 -9999.0 -9999.0 -9999.0 -9999.0 -9999.0 -9999.0 -9999.0 -9999.0
-9999.0 -9999.0 -9999.0 -9999.0 -9999.0 0.942903235851 1.7940407486 0.846585394038 1.61083462023 8.07437207944 9.38633260781 10.6899810474 36.4208448978 0.624642058737 14.7113832749 56.2108779599 56.6985985192 74.316696253 0.632623969952 1.48428975957 5.06163713386 0.463876779203 10.4074520724 5.32305626747 3.28010794564 2.75437869063 0.583090536032 1.90759926457 1.98723806303 1.31630025319 0.633618597855 2.14545231426 0.623976353768 0.601258109779 -9999.0 -9999.0 -9999.0 -9999.0 -9999.0 -9999.0 -9999.0 -9999.0 -9999.0 -9999.0 -9999.0 -9999.0 -9999.0 -9999.0 -9999.0 -9999.0 -9999.0 -9999.0 -9999.0 -9999.0
-9999.0 -9999.0 -9999.0 -9999.0 -9999.0 0.953546621208 2.7485792632 5.43163645311 6.23356077512 12.3230248978 13.0496050943 15.3810444558 25.176670168 38.6289066852 39.9263353501 40.5285917654 0.972603774253 76.2734253101 77.4513436069 80.0357679626 97.398162915 11.8640009791 10.9401282144 3.79427997942 0.503971404173 3.39628922725 2.37603833363 0.427363660409 2.51676490674 0.562920605487 1.31475246772 3.4165984003 3.99465546717 1.15718681144 0.556322796261 0.53428107968 -9999.0 -9999.0 -9999.0 -9999.0 0.455025689249 0.426149340713 -9999.0 -9999.0 -9999.0 -9999.0 -9999.0 -9999.0 -9999.0 -9999.0 -9999.0 -9999.0 -9999.0 -9999.0
-9999.0 -9999.0 -9999.0 -9999.0 -9999.0 0.910596367755 0.853394052771 3.63229003988 4.46093095066 5.32483064596 0.799620988155 1.57263346083 9.23732167934 1.75067905996 0.724474692068 0.599374503747 0.499773601603 0.727576521467 0.709814544728 0.590232438131 97.8933042402 99.2568002997 0.450417823929 1.43307237836 0.998295374406 3.85102173001 0.883606058693 0.404046839964 3.04666094765 1.13391525512 2.88717342149 6.72525938679 6.25189573027 1.68738165222 1.5860437858 0.574236526832 0.565711570134 -9999.0 -9999.0 0.567541030785 0.94011907043 2.27079415466 0.458247141128 -9999.0 -9999.0 -9999.0 -9999.0 -9999.0 -9999.0 -9999.0 -9999.0 -9999.0 -9999.0 -9999.0
-9999.0 -9999.0 -9999.0 -9999.0 -9999.0 -9999.0 0.959660009763 0.975539313704 1.79884763757 2.65719278192 6.02367229823 7.6535485982 8.5526566937 1.0010112016 0.595601919194 8.64724529673 10.4108511438 10.9208601476 13.1904966543 13.6635522452 0.471846842286 99.7395750616 102.126648966 1.92282238718 0.474235302725 4.26928678725 9.31078677181 3.81524262934 0.825011764324 0.428582225161 10.5022789229 7.19445432121 0.429545054625 0.428876880127 2.04223087811 1.63878570058 0.484835321038 0.415863300045 0.532460097562 1.08064173699 0.498040659687 2.74783556631 3.19587836252 0.377477112989 -9999.0 -9999.0 -9999.0 -9999.0 0.475817512459 0.428575669791 0.15967698679 -9999.0 -9999.0 -9999.0
-9999.0 -9999.0 -9999.0 -9999.0 -9999.0 -9999.0 -9999.0 0.916838906835 0.830721991605 1.73198149174 2.60323560035 0.818352097257 0.823433221322 4.78544785463 6.1181228013 7.5134140214 0.636989384764 1.20462811009 0.608727604755 14.1851951845 30.7158311301 31.1128745245 134.064055416 0.444935746326 1.30766757195 0.402362798109 9.67541599011 0.395387089338 1.26318059112 0.410729869555 10.9139100015 11.3294706351 0.870823269161 0.859339061327 5.18720316983 2.63277091237 0.912993030591 0.484560286072 1.05455460632 1.59284720052 2.53406294422 0.418480643955 3.90478189566 4.2218503989 0.275157952644 0.311672648985 0.330925089101 0.277777081107 0.257622409394 1.21076076536 0.488931904137 0.278646154414 -9999.0 -9999.0
-9999.0 -9999.0 -9999.0 -9999.0 -9999.0 -9999.0 -9999.0 -9999.0 1.785487638 2.55458535374 0.811239569925 1.67180915211 2.43566991423 4.07036448217 0.762837128903 0.716060672663 0.559063203584 0.563229958824 0.469257126033 15.4646229136 0.622472803223 1.182323557 135.628359901 136.297203385 0.220956138274 1.76013840514 11.7181278354 0.765752153434 1.58869612014 0.683463914372 1.00613732246 12.8695374934 1.21995727673 7.1869889514 6.00471736546 0.438214335796 2.30214837511 0.946176531115 1.49385018922 0.428940203765 2.92069199962 3.65383093406 3.91196676654 4.14725824273 5.23902043612 0.519992433268 0.562147138913 0.480858587222 0.44118717695 1.43935518821 0.257777138212 1.0366015305 1.26848645685 -9999.0
-9999.0 -9999.0 -9999.0 -9999.0 -9999.0 -9999.0 -9999.0 -9999.0 0.89859532257 4.32764766853 5.10645387067 0.776371010526 1.49775564072 0.71716128188 0.620625183659 0.608434174216 7.92257795687 10.4100544489 12.6377863928 15.0209202161 0.528769519803 0.585216633112 0.411467148178 138.407873473 139.152045875 139.350362127 15.0068655992 3.01595057045 2.67864480472 0.271756231917 1.28033359606 14.4528486384 0.293701704268 7.49903685108 0.404634874602 3.0907769394 2.78761076124 0.447957731501 1.9337518722 0.861862827979 1.28342780064 0.31450014131 0.230812022344 4.37744846793 4.58249476601 5.44334018556 0.79044596352 0.691109166375 0.640374095048 1.7203194567 2.24781228609 0.263357397175 1.52750946079 0.30650578577
-9999.0 -9999.0 -9999.0 -9999.0 -9999.0 -9999.0 -9999.0 -9999.0 -9999.0 0.938854015365 5.9547830851 6.70400138708 2.2192530245 3.64888692607 4.90494493514 5.54750534168 0.681167831055 1.92727428531 1.31304256078 0.724638902434 0.668652436456 0.554835781575 1.02777396848 1.65114749771 0.39658820267 154.99964367 155.210342335 0.182920632083 0.167049249406 0.57486994455 0.862888441824 15.3182181 0.580248664859 7.73835194257 4.52876823717 3.8251273667 0.39283545683 0.821526260168 2.29404359498 0.361222102582 1.63205071799 0.645640362605 0.399578794734 0.219370332164 5.23349846324 10.8320761469 0.930048037663 0.834293292664 0.833668793783 0.203371260482 2.45139930327 0.195462742548 2.0001955144 0.252565058001
-9999.0 -9999.0 -9999.0 -9999.0 -9999.0 -9999.0 -9999.0 -9999.0 -9999.0 -9999.0 0.768295752133 8.24375447119 0.708590532511 1.40593739233 1.99928015161 3.11773869204 0.564590646846 1.21019637705 0.593653233929 0.511231398682 0.471414991296 0.921724392688 0.376367613853 0.344224763572 0.604233390842 0.343657436141 155.466714058 155.849023461 156.430705465 1.05591393356 0.305539018772 0.609338985849 15.6541655861 13.7838605357 5.2484404243 0.35335360551 1.57936472143 1.19531251285 2.65574403059 0.719080986746 2.98654455105 0.989892899585 0.652155174347 0.212757482085 0.251740666866 11.0867972126 11.2894918125 13.2118255645 1.49119909983 0.431108273904 2.68003658959 3.09786520979 5.28956423153 0.485364909853
-9999.0 -9999.0 -9999.0 -9999.0 -9999.0 -9999.0 -9999.0 -9999.0 -9999.0 -9999.0 -9999.0 0.504362452018 9.34000947201 0.758938021979 1.3318410863 5.53461276187 0.548560619428 0.532813151802 0.435467072083 1.00420277939 0.526273327446 1.95340015675 2.70884170516 3.01793494202 0.832519764894 0.972384164669 0.177113550683 0.274773742894 0.242837290226 157.974858932 158.82523756 15.8777953493 14.2809589933 14.0382597243 0.521736057819 0.24495977583 1.89237871193 5.18687338193 2.98231280705 1.03818474086 4.33617045019 1.65220287286 1.36778598368 0.429460413398 0.171687715175 0.1420547055 0.149206752916 14.1072793166 16.2573566329 0.214631674829 0.181697127675 0.219497356563 5.51243489422 6.20880115905
-9999.0 -9999.0 -9999.0 -9999.0 -9999.0 -9999.0 -9999.0 -9999.0 -9999.0 -9999.0 -9999.0 0.449020364812 10.3768192158 12.5217861551 0.589330341307 6.68424387498 0.475653238934 0.434332830828 0.93254946778 2.45591040165 0.490339491692 0.538913355703 0.375952087027 3.73132793199 4.05532625314 5.40987700285 5.83140302675 6.05868437969 6.23094229755 6.40725908018 165.429605393 181.678380921 196.30976125 196.435676842 0.163085719081 0.245486909035 5.81779490589 5.50490363987 0.318820418265 0.323728002483 4.79879548735 6.77126108222 0.260222672625 3.85174050513 3.58168469332 0.994576266341 0.41059112239 0.706944554439 0.268119367679 16.6453980515 0.201966872664 0.589222651073 0.72706289067 7.56800301737
-9999.0 -9999.0 -9999.0 -9999.0 -9999.0 -9999.0 -9999.0 -9999.0 -9999.0 -9999.0 -9999.0 0.8267938461 1.55003318315 13.2097876961 14.2744645777 0.532139684939 7.54791239848 0.353434547354 1.15598242021 2.86742855734 0.916420645065 0.421849002563 0.872403898761 0.273516420519 0.538829816093 0.290538780713 0.273211202959 0.267175680413 0.261911809215 0.19434981122 0.150449709325 0.191077171251 0.247072505194 0.249093456304 196.962327907 6.4427818578 6.04389693675 0.104156298057 0.877399848313 0.208143761481 0.286722363292 7.04559540269 11.7892017761 4.18493572314 3.17431161121 0.642515589131 0.239651364248 0.207007436472 0.399296356942 17.2415655105 17.5971031732 0.189915061033 0.198139558146 0.210730964412
-9999.0 -9999.0 -9999.0 -9999.0 -9999.0 -9999.0 -9999.0 -9999.0 -9999.0 -9999.0 -9999.0 -9999.0 0.614905629473 9.45564532156 24.3299630664 26.2243531716 34.213256931 34.587343681 6.14504910818 4.65588615638 1.34953796405 0.40998803055 1.66586632913 2.02460629705 2.86582762816 0.606214713903 0.549035268888 0.552421452959 1.08712779988 0.458888286287 0.415043714476 0.27285748579 0.228167425731 0.146325620065 197.103119668 203.697962246 203.904424664 0.102189563071 2.19628595307 1.09413545075 0.313027670034 12.8188886306 0.76197390447 0.403139086745 1.82440556771 0.401957851788 0.247516259181 0.447222941475 0.601782799312 0.779768079075 17.8765805379 0.128443711867 0.106992056187 0.107165539825
-9999.0 -9999.0 -9999.0 -9999.0 -9999.0 -9999.0 -9999.0 -9999.0 -9999.0 -9999.0 -9999.0 0.743425316166 7.26093170882 8.78437727032 1.29968047613 0.492399504481 1.08345795903 36.129251717 36.4540046937 42.964867083 0.34328983453 0.747141363662 0.294144558511 0.300619352737 3.15251615671 4.04383716812 4.83460933516 0.237339212133 1.32258059721 2.01041092652 1.13826375695 0.502056254591 0.444601999091 0.372998637062 0.358041186978 0.10817642918 204.001648204 204.063480388 206.40479094 0.45070451247 0.257399362343 13.0426492511 0.825115807866 0.429833811182 0.503116443135 0.498888954366 0.403285970108 0.684643770353 1.80981561638 2.78746371548 20.8011694552 0.0910809267573 0.275050499136 0.18778778919
-9999.0 -9999.0 -9999.0 -9999.0 -9999.0 -9999.0 -9999.0 -9999.0 -9999.0 -9999.0 -9999.0 0.769923064568 5.19641713432 0.79447835548 0.615216259391 3.54948364058 4.05141535863 4.53644800603 4.94849434162 58.363291509 58.8737542193 59.7559053507 65.5998050391 66.5348151163 67.0469259862 67.339975938 72.838020728 73.673840281 73.9426905291 76.2576172453 77.679931411 77.9061670841 78.8415209804 0.592210833537 0.589666656645 0.102294533838 0.0706798538979 204.149454305 207.056731712 0.585258922973 14.9704297719 14.7589268019 1.46741011096 0.335600187282 0.345758935639 0.321230706624 0.33518104294 0.673871848506 0.929296557243 0.234773458844 20.9280565529 21.0673227644 21.6448829806 21.7526627232
-9999.0 -9999.0 -9999.0 -9999.0 -9999.0 -9999.0 -9999.0 -9999.0 -9999.0 -9999.0 -9999.0 2.7267186125 3.59266369439 1.62459357164 2.36062191197 0.718882642474 8.00353692257 8.51799894735 9.53790809028 10.0293542773 3.28321393014 63.7758899954 64.2087769713 0.31780008157 0.21532217179 0.221688155109 0.456680544072 0.253953350857 0.209768613104 0.206779834835 0.204647547621 78.1855528217 79.1190926179 79.9407920678 80.7192310188 81.0029789802 0.119628615904 0.0305549136632 222.399735761 15.2832499361 15.2027578657 0.277930436619 0.242853173678 0.206694129167 0.559985231566 0.535989587395 0.242833566894 0.251204619284 0.230017448499 0.460101284966 0.583045487261 0.0868342879085 0.15736357376 0.0657483809443
-9999.0 -9999.0 -9999.0 -9999.0 -9999.0 -9999.0 -9999.0 -9999.0 -9999.0 -9999.0 -9999.0 -9999.0 1.84638941121 0.848956551846 0.727070242396 6.95279495368 7.5054193356 0.55586644264 2.06658792895 2.55036770333 2.96382617144 0.480277492948 0.25785819294 8.87131160798 9.06612920455 9.25966215363 22.853528183 23.0193005433 23.3842626809 25.2522591101 26.3035247255 26.4691067407 0.216834953914 0.23064958007 0.194905257915 81.1113548113 0.0455099939784 224.350363175 224.277956321 1.81986089575 1.70315883967 1.01823905503 0.255443454558 0.413372457376 0.775362087111 0.753787748719 0.462309487543 0.236158008029 0.460098424836 0.460680858982 0.77875940427 0.12414267467 0.296943462718 0.474802919329
