data/baseflow/History/mHMbfrc416
ncols                  80
nrows                 72
xllcorner      4374000.0
yllcorner      5656000.0
cellsize            500
NODATA_value       -9999
[rows 0 to 23 of 72, columns 0 to 53 of 80]
-9999.0 -9999.0 -9999.0 -9999.0 -9999.0 -9999.0 -9999.0 -9999.0 -9999.0 -9999.0 -9999.0 -9999.0 0.438350153072 0.616566579732 -9999.0 -9999.0 -9999.0 -9999.0 -9999.0 -9999.0 -9999.0 -9999.0 -9999.0 -9999.0 -9999.0 -9999.0 -9999.0 -9999.0 -9999.0 -9999.0 -9999.0 -9999.0 -9999.0 -9999.0 -9999.0 -9999.0 -9999.0 -9999.0 -9999.0 -9999.0 -9999.0 -9999.0 -9999.0 -9999.0 -9999.0 -9999.0 -9999.0 -9999.0 -9999.0 -9999.0 -9999.0 -9999.0 -9999.0 -9999.0
-9999.0 -9999.0 -9999.0 -9999.0 -9999.0 -9999.0 -9999.0 -9999.0 -9999.0 -9999.0 -9999.0 -9999.0 0.810295496258 2.39578961024 0.516402346645 -9999.0 0.559193781125 -9999.0 -9999.0 -9999.0 -9999.0 -9999.0 -9999.0 -9999.0 -9999.0 -9999.0 -9999.0 -9999.0 -9999.0 -9999.0 -9999.0 -9999.0 -9999.0 -9999.0 -9999.0 -9999.0 -9999.0 -9999.0 -9999.0 -9999.0 -9999.0 -9999.0 -9999.0 -9999.0 -9999.0 -9999.0 -9999.0 -9999.0 -9999.0 -9999.0 -9999.0 -9999.0 -9999.0 -9999.0
-9999.0 -9999.0 -9999.0 -9999.0 -9999.0 -9999.0 -9999.0 -9999.0 -9999.0 -9999.0 0.331040972958 0.319977060203 0.344688934228 0.344307431177 3.02298649121 3.45935026597 1.56629702673 0.508814493411 -9999.0 -9999.0 -9999.0 -9999.0 -9999.0 -9999.0 -9999.0 -9999.0 -9999.0 -9999.0 -9999.0 -9999.0 -9999.0 -9999.0 -9999.0 -9999.0 -9999.0 -9999.0 -9999.0 -9999.0 -9999.0 -9999.0 -9999.0 -9999.0 -9999.0 -9999.0 -9999.0 -9999.0 -9999.0 -9999.0 -9999.0 -9999.0 -9999.0 -9999.0 -9999.0 -9999.0
-9999.0 -9999.0 -9999.0 -9999.0 -9999.0 -9999.0 -9999.0 -9999.0 -9999.0 0.317143666128 0.651732669966 1.29497586885 0.656684686239 0.315932165621 0.612802600076 3.74971223651 6.32040712569 0.514626280745 -9999.0 0.317306540353 -9999.0 -9999.0 -9999.0 -9999.0 1.07006417485 0.556103099416 -9999.0 -9999.0 -9999.0 -9999.0 -9999.0 -9999.0 -9999.0 -9999.0 -9999.0 -9999.0 -9999.0 -9999.0 -9999.0 -9999.0 -9999.0 -9999.0 -9999.0 -9999.0 -9999.0 -9999.0 -9999.0 -9999.0 -9999.0 -9999.0 -9999.0 -9999.0 -9999.0 -9999.0
-9999.0 -9999.0 -9999.0 -9999.0 -9999.0 -9999.0 -9999.0 -9999.0 0.397246266745 1.06879687419 1.37826535089 1.69161294688 2.25188743528 0.285954507186 1.15792983941 1.42966644675 8.51254171659 0.325832869484 0.260087083174 0.58668008384 0.847995730271 0.275207253857 -9999.0 2.59732571653 2.12888284598 0.536077359769 -9999.0 -9999.0 -9999.0 -9999.0 -9999.0 -9999.0 -9999.0 -9999.0 -9999.0 -9999.0 -9999.0 -9999.0 -9999.0 -9999.0 -9999.0 -9999.0 -9999.0 -9999.0 -9999.0 -9999.0 -9999.0 -9999.0 -9999.0 -9999.0 -9999.0 -9999.0 -9999.0 -9999.0
-9999.0 -9999.0 -9999.0 -9999.0 -9999.0 -9999.0 0.381120140208 0.335102888158 0.318188571749 0.328112777855 0.339957539844 2.38356189865 4.95496263462 5.2648681885 5.46999243832 0.177573850269 8.99414158043 9.25859052263 0.53014121098 0.26756275775 1.10382389983 1.9110466994 0.323501269567 3.60996036252 0.296828179031 0.331958894243 0.306212209184 -9999.0 -9999.0 -9999.0 -9999.0 -9999.0 -9999.0 -9999.0 -9999.0 -9999.0 -9999.0 -9999.0 -9999.0 -9999.0 -9999.0 -9999.0 -9999.0 -9999.0 -9999.0 -9999.0 -9999.0 -9999.0 -9999.0 -9999.0 -9999.0 -9999.0 -9999.0 -9999.0
-9999.0 -9999.0 -9999.0 -9999.0 -9999.0 -9999.0 0.766780431941 1.12395455225 2.51680413061 3.46266281843 0.28879630548 0.301349729244 0.28623480454 0.832201453452 6.54796119053 0.200707871039 9.50216035516 10.4762182957 0.770224787008 0.499504526913 2.14939252422 0.262748277219 3.86704313572 0.537544658013 0.272552640148 0.593861811475 0.608396107261 0.29771615579 0.300565897405 0.29122072865 0.315136062443 0.629568183182 -9999.0 -9999.0 -9999.0 -9999.0 -9999.0 -9999.0 -9999.0 -9999.0 -9999.0 -9999.0 -9999.0 -9999.0 -9999.0 -9999.0 -9999.0 -9999.0 -9999.0 -9999.0 -9999.0 -9999.0 -9999.0 -9999.0
-9999.0 -9999.0 -9999.0 -9999.0 -9999.0 0.437365690382 0.833285323123 0.390286619164 0.752864305437 3.837730298 4.47702771546 5.10380482791 17.087556803 0.274969747385 6.82176298853 26.2111181464 26.3943872346 37.2172360388 0.21152887679 0.733042801483 2.38890994264 0.236494354535 6.93000249906 2.81366866448 1.76546961305 1.48842022375 0.298050178938 0.881852982507 0.873742057706 0.581016184215 0.282569592233 0.921008853526 0.280168792252 0.275180374397 -9999.0 -9999.0 -9999.0 -9999.0 -9999.0 -9999.0 -9999.0 -9999.0 -9999.0 -9999.0 -9999.0 -9999.0 -9999.0 -9999.0 -9999.0 -9999.0 -9999.0 -9999.0 -9999.0 -9999.0
-9999.0 -9999.0 -9999.0 -9999.0 -9999.0 0.442901843228 1.27114288206 2.51793790576 2.89227247073 5.76184535331 6.10418645055 7.20089497789 11.7059010868 18.0278335507 18.6433385328 18.9359354318 0.469554043659 38.0830380754 38.5185313775 39.7327565114 50.0296659617 7.66929109077 7.19250139522 2.02243629728 0.253603134015 1.68407173828 1.14940003073 0.253018169139 1.13441401868 0.246432287982 0.520307226963 1.45395464502 1.72432118476 0.540773876689 0.266833965871 0.26035169674 -9999.0 -9999.0 -9999.0 -9999.0 0.479520171357 0.449745741675 -9999.0 -9999.0 -9999.0 -9999.0 -9999.0 -9999.0 -9999.0 -9999.0 -9999.0 -9999.0 -9999.0 -9999.0
-9999.0 -9999.0 -9999.0 -9999.0 -9999.0 0.417442008774 0.393459542794 1.71897441179 2.10635205351 2.51277357028 0.3763273389 0.740060472693 4.28225598971 0.773610889904 0.34101288302 0.298420839868 0.257642148955 0.302241331589 0.275748283493 0.286128824099 50.2886475427 51.0070831471 0.235910897528 0.73454019486 0.503413811604 1.93222988329 0.514550901709 0.246737888819 1.40323373046 0.478246333297 1.15978185169 3.00434580132 2.79401843284 0.802284492875 0.786534509272 0.268765516963 0.265973501684 -9999.0 -9999.0 0.265863094345 0.915722977271 2.30143701028 0.470792613027 -9999.0 -9999.0 -9999.0 -9999.0 -9999.0 -9999.0 -9999.0 -9999.0 -9999.0 -9999.0 -9999.0
-9999.0 -9999.0 -9999.0 -9999.0 -9999.0 -9999.0 0.455271568306 0.474969001048 0.851350545961 1.25270461224 2.79840648284 3.5639591555 3.9553425062 0.427306355531 0.295003322763 4.11557350597 5.00253943779 5.27102433079 6.41271554286 6.66327843427 0.248547572938 51.2604688713 52.4100969369 0.903780282774 0.0809888383655 2.11500085671 4.73904971535 1.88671217812 0.465704773433 0.23259629716 4.62250171992 3.24697215814 0.237328375504 0.241113539571 1.03685426498 0.784811099048 0.252771144998 0.24829364851 0.257095213147 0.517638480266 0.246936075326 2.78827416438 3.03022991479 0.230350809139 -9999.0 -9999.0 -9999.0 -9999.0 0.255922447898 0.242122526875 0.0642570659993 -9999.0 -9999.0 -9999.0
-9999.0 -9999.0 -9999.0 -9999.0 -9999.0 -9999.0 -9999.0 0.436702375432 0.34888439224 0.775130262563 1.18707335482 0.384810067987 0.338182109878 2.18957292767 2.85579811479 3.5408369516 0.314539865126 0.596921195271 0.296654409354 6.9288285009 16.0766218642 16.5145819553 69.5196007357 0.231094534727 0.251370658926 0.0749795806811 4.97023683847 0.23024278279 0.703502425977 0.2288158835 4.85332940515 5.08411422593 0.477949576371 0.474458743526 2.58031544582 1.29050871595 0.511859546258 0.260768250673 0.51237990444 0.769720818278 1.25249094923 0.234740831806 3.47545355031 3.67932665589 0.18453847298 0.195931180796 0.20431503059 0.186165559724 0.17654486115 0.700542735395 0.258632948713 0.163395330921 -9999.0 -9999.0
-9999.0 -9999.0 -9999.0 -9999.0 -9999.0 -9999.0 -9999.0 -9999.0 0.786729806375 1.09600010493 0.379515940336 0.784607805959 1.15165172753 1.88018328829 0.370839587275 0.345099050202 0.284214371704 0.286722622422 0.254088993148 8.6053353867 0.303605500783 0.585296932865 70.5683032483 71.1771246518 0.204577385949 0.661069100271 5.83613797607 0.446569961599 0.907018272324 0.421012106603 0.627917716307 5.98144034462 0.690135869369 3.71253567534 3.02940026873 0.228417519274 1.2459820456 0.500037305174 0.745132799425 0.233010047188 1.48606238491 1.93207734633 2.11054333698 2.28015163062 4.37602058229 0.351081011793 0.368759265834 0.339143035678 0.318573192979 0.868920380444 0.177024202176 0.602728075635 0.7599382375 -9999.0
-9999.0 -9999.0 -9999.0 -9999.0 -9999.0 -9999.0 -9999.0 -9999.0 0.428112285412 1.94062268509 2.30503851922 0.363600169724 0.707251930942 0.342230104078 0.307096603688 0.301813172928 3.89699887521 5.20853190479 6.58782956003 8.12602422055 0.363261141817 0.290708023579 0.264574845271 72.6881833768 73.4903994145 73.7320461987 7.857387788 1.79193683285 1.5690890834 0.200238779272 0.819651626037 7.00205441789 0.199959421246 3.91802556424 0.223497781675 1.59262066777 1.4895294834 0.235387761748 0.977354977521 0.463463988255 0.688699606158 0.204799790705 0.162514404889 2.44772376041 2.60186297105 4.52976028121 0.532053497019 0.495091408564 0.469083308711 1.05765537501 1.41603243763 0.178870663197 0.925678608768 0.177075665568
-9999.0 -9999.0 -9999.0 -9999.0 -9999.0 -9999.0 -9999.0 -9999.0 -9999.0 0.45248748374 2.70493810852 3.05865526863 1.05296657876 1.7440462808 2.37224091663 2.69584103338 0.337695442979 1.02147914497 0.6730193165 0.351348975091 0.331069130544 0.288650277788 0.564240891354 0.947296081546 0.346115181653 82.2414486375 82.4647595974 0.198996149045 0.170342150486 0.399073827621 0.595404629205 7.59211979125 0.39467454953 4.09944069166 2.39802962484 1.98691507438 0.21984372616 0.449533997961 1.18555864772 0.20802837211 0.890625640146 0.407510911863 0.24398006886 0.0680503046277 2.88364538931 7.54243985622 0.649552716398 0.614844219288 0.615098320588 0.150155454719 1.56367908489 0.143776564865 1.24628555522 0.152874258056
-9999.0 -9999.0 -9999.0 -9999.0 -9999.0 -9999.0 -9999.0 -9999.0 -9999.0 -9999.0 0.366802383448 3.79621797604 0.341532750818 0.686185492313 0.991604653529 1.5966496149 0.313853049508 0.670871881723 0.323843259308 0.300662352647 0.28221910209 0.562141745028 0.246551888626 0.252270787201 0.491763371872 0.294798078656 82.7612784168 83.2059724865 83.8334238738 0.779838184865 0.194467764261 0.387957942954 7.79521883091 7.47633682743 2.82203648368 0.207685111274 0.880424114754 0.663595340867 1.39429397072 0.415523197591 1.70626952665 0.609067489517 0.393400634385 0.0217883907645 0.0728682779048 7.69768614687 7.84414149804 9.23645748406 1.08351666162 0.308959552807 1.72302787287 2.02296041721 3.40732557595 0.301453549138
-9999.0 -9999.0 -9999.0 -9999.0 -9999.0 -9999.0 -9999.0 -9999.0 -9999.0 -9999.0 -9999.0 0.181924050137 4.15482976219 0.323952438122 0.624577396806 2.83709871115 0.324399603628 0.319116546796 0.276719631848 0.585297172529 0.285238397246 1.13345162492 1.63666827954 1.8685444804 0.702459893401 0.893364734407 0.22279071495 0.263191953942 0.271830990691 85.1069365601 85.6813202858 7.96560911833 7.8221352773 7.65251300244 0.36722170115 0.178631147888 1.07296539706 2.85532029581 1.59007307036 0.609019768186 2.50340994425 0.672719024528 0.495436608473 0.0419889199277 0.0175814865227 0.022111223109 0.0384402345798 9.45653964246 10.955539846 0.145916193925 0.134090960095 0.146543688424 3.54675183905 3.97565550651
-9999.0 -9999.0 -9999.0 -9999.0 -9999.0 -9999.0 -9999.0 -9999.0 -9999.0 -9999.0 -9999.0 0.167964757045 4.55211653414 5.59726988146 0.305906717709 3.45120118492 0.295738885019 0.277288976711 0.546454419027 1.4081534003 0.268580920592 0.285088095086 0.242868701478 2.35554943054 2.58133906998 3.72148398896 4.13340619012 4.31519306806 4.51283678336 4.72380213021 90.652067875 98.9460205507 107.098890637 107.300772425 0.168080883132 0.180384101207 3.24216270818 3.0499429904 0.192605303098 0.188732452343 2.68063399506 3.54266086198 0.141349930473 1.18459064723 1.10934286619 0.104211531502 0.066040225031 0.114269329082 0.143123970806 11.2170216219 0.131375832718 0.391391288557 0.493324351975 4.7063389438
-9999.0 -9999.0 -9999.0 -9999.0 -9999.0 -9999.0 -9999.0 -9999.0 -9999.0 -9999.0 -9999.0 0.388056564582 0.739026529127 5.934828127 6.51355968005 0.297659552081 4.17941291444 0.24529877143 0.754911031288 1.65463204765 0.517482586775 0.247466345951 0.520422308923 0.218621506104 0.416628371384 0.199660859531 0.165689113931 0.0993392968916 0.0733736885132 0.0568534371265 0.0486252105299 0.0901650366859 0.150243040011 0.221807957912 107.89600065 3.84902098436 3.53247911299 0.136760027572 0.547004548514 0.132423573736 0.112221636661 3.71490575982 5.40900618621 1.37476589455 1.07078989643 0.0595990061745 0.0238018586132 0.0206099938558 0.124006265516 11.4769575305 11.7371017842 0.135292317225 0.1361334347 0.0762924679515
-9999.0 -9999.0 -9999.0 -9999.0 -9999.0 -9999.0 -9999.0 -9999.0 -9999.0 -9999.0 -9999.0 -9999.0 0.308304346462 4.54312270877 11.3625929017 12.3088182674 16.8016160528 17.2267182928 3.83090206333 2.67696674387 0.769740924303 0.243312235134 0.999537838047 1.23382383541 1.8547022749 0.409528794726 0.360830929871 0.298305678349 0.564424727101 0.246144649238 0.22113961386 0.105184464949 0.0250673200855 0.0400595557281 108.07302934 112.067868295 112.26544059 0.140871775843 1.43987826125 0.608864796797 0.186175810449 5.98913102038 0.411490104303 0.213215486734 0.838951895226 0.130897419143 0.108795260698 0.207677081512 0.31455172906 0.439985921303 11.9609632285 0.105993072241 0.0926126074026 0.092431622172
-9999.0 -9999.0 -9999.0 -9999.0 -9999.0 -9999.0 -9999.0 -9999.0 -9999.0 -9999.0 -9999.0 0.351932681622 3.47857404247 4.2169039651 0.657975209027 0.188739081594 0.409601078823 17.9056712721 18.2323606713 22.4648235084 0.218701925701 0.459525980163 0.200255620731 0.203400642907 2.05377564651 2.66177686961 3.2075152132 0.179927312613 0.744291980728 1.16694305172 0.663579991997 0.275612522941 0.136612444543 0.0790596322732 0.0882446261265 0.0565677938942 112.422068777 112.550391866 114.225807737 0.308095588778 0.163520776284 6.26608029802 0.439684839998 0.22649498259 0.246306207378 0.244363989172 0.2139586648 0.327092698025 0.997607629307 1.57126984752 13.6391781187 0.0814099583396 0.243501359141 0.164305004025
-9999.0 -9999.0 -9999.0 -9999.0 -9999.0 -9999.0 -9999.0 -9999.0 -9999.0 -9999.0 -9999.0 0.363578001586 2.47671012547 0.383830240488 0.314755769216 1.70061336359 1.96991248581 2.24568833112 2.49031749458 30.2653315184 30.4655042384 30.8868742286 34.1117417362 34.6643462691 34.9397863642 35.1453943334 38.6062321949 38.9809869731 39.1610126057 40.5105458517 41.3707215302 41.5427105921 41.9297832196 0.239507205569 0.147491059983 0.0167130371057 0.0307361837808 112.675334627 114.788069634 0.443475918255 7.57536259045 7.40159393266 0.825309409142 0.196531590514 0.198422997531 0.191030712236 0.189175612295 0.380024921013 0.537441079461 0.150573236052 13.7425175476 13.8520447474 14.3535814838 14.443389179
-9999.0 -9999.0 -9999.0 -9999.0 -9999.0 -9999.0 -9999.0 -9999.0 -9999.0 -9999.0 -9999.0 1.3032173876 1.71453121438 0.769945435621 1.12926372046 0.352332037284 4.00333813125 4.30464100049 4.8938279065 5.06176996663 1.85940856341 33.0705307402 33.243048507 0.137549932099 0.0701953704703 0.0448716314457 0.125583717956 0.0539893704872 0.0268348148159 0.0243637163977 0.0394449656336 41.6332953986 42.0434367722 42.4829174547 42.8025563204 42.9257997321 0.0429944262591 0.0202020702655 122.757660865 7.85847436774 7.75735220208 0.173243789841 0.16671924741 0.151772463879 0.353325173007 0.346672810239 0.155821692641 0.156917354618 0.144208057437 0.29228313562 0.387336541586 0.0770926012956 0.139316345686 0.0442137931963
-9999.0 -9999.0 -9999.0 -9999.0 -9999.0 -9999.0 -9999.0 -9999.0 -9999.0 -9999.0 -9999.0 -9999.0 0.885380812584 0.401385984463 0.350047231263 3.40062220978 3.7222127713 0.318331840733 1.22673111576 1.48550564537 1.68077609814 0.228369936713 0.151903046541 4.63850156604 4.75560448559 4.8544020385 13.1327772766 13.1808620882 13.2323848874 13.8963804369 14.055207109 14.0753483263 0.0213557694988 0.0230901424478 0.037761509943 43.1053376282 0.0540575192372 124.068020759 123.935594007 1.09047561619 0.976062328546 0.658634374815 0.16403036925 0.303951885547 0.510925817761 0.504365889501 0.305675480469 0.150674484499 0.291775766033 0.288171089674 0.511532873598 0.0795472282517 0.206861457161 0.332109514768
