data/baseflow/History/mHMbfrc565
ncols                  80
nrows                 72
xllcorner      4374000.0
yllcorner      5656000.0
cellsize            500
NODATA_value       -9999
[rows 0 to 23 of 72, columns 0 to 54 of 80]
-9999.0 -9999.0 -9999.0 -9999.0 -9999.0 -9999.0 -9999.0 -9999.0 -9999.0 -9999.0 -9999.0 -9999.0 1.16344945334 0.84988496134 -9999.0 -9999.0 -9999.0 -9999.0 -9999.0 -9999.0 -9999.0 -9999.0 -9999.0 -9999.0 -9999.0 -9999.0 -9999.0 -9999.0 -9999.0 -9999.0 -9999.0 -9999.0 -9999.0 -9999.0 -9999.0 -9999.0 -9999.0 -9999.0 -9999.0 -9999.0 -9999.0 -9999.0 -9999.0 -9999.0 -9999.0 -9999.0 -9999.0 -9999.0 -9999.0 -9999.0 -9999.0 -9999.0 -9999.0 -9999.0 -9999.0
-9999.0 -9999.0 -9999.0 -9999.0 -9999.0 -9999.0 -9999.0 -9999.0 -9999.0 -9999.0 -9999.0 -9999.0 2.36454750738 4.86906185006 0.700914966781 -9999.0 0.595848245136 -9999.0 -9999.0 -9999.0 -9999.0 -9999.0 -9999.0 -9999.0 -9999.0 -9999.0 -9999.0 -9999.0 -9999.0 -9999.0 -9999.0 -9999.0 -9999.0 -9999.0 -9999.0 -9999.0 -9999.0 -9999.0 -9999.0 -9999.0 -9999.0 -9999.0 -9999.0 -9999.0 -9999.0 -9999.0 -9999.0 -9999.0 -9999.0 -9999.0 -9999.0 -9999.0 -9999.0 -9999.0 -9999.0
-9999.0 -9999.0 -9999.0 -9999.0 -9999.0 -9999.0 -9999.0 -9999.0 -9999.0 -9999.0 1.19276049465 1.15679579847 1.19638149692 1.15694950388 7.08433050629 7.84819530384 1.62166362384 0.510640132939 -9999.0 -9999.0 -9999.0 -9999.0 -9999.0 -9999.0 -9999.0 -9999.0 -9999.0 -9999.0 -9999.0 -9999.0 -9999.0 -9999.0 -9999.0 -9999.0 -9999.0 -9999.0 -9999.0 -9999.0 -9999.0 -9999.0 -9999.0 -9999.0 -9999.0 -9999.0 -9999.0 -9999.0 -9999.0 -9999.0 -9999.0 -9999.0 -9999.0 -9999.0 -9999.0 -9999.0 -9999.0
-9999.0 -9999.0 -9999.0 -9999.0 -9999.0 -9999.0 -9999.0 -9999.0 -9999.0 1.16057720892 2.3421146841 4.64781449718 2.3098506757 1.12554149428 2.21107537022 8.91880644914 11.7784671683 0.599449875465 -9999.0 1.16199204648 -9999.0 -9999.0 -9999.0 -9999.0 1.14962835593 0.574636577135 -9999.0 -9999.0 -9999.0 -9999.0 -9999.0 -9999.0 -9999.0 -9999.0 -9999.0 -9999.0 -9999.0 -9999.0 -9999.0 -9999.0 -9999.0 -9999.0 -9999.0 -9999.0 -9999.0 -9999.0 -9999.0 -9999.0 -9999.0 -9999.0 -9999.0 -9999.0 -9999.0 -9999.0 -9999.0
-9999.0 -9999.0 -9999.0 -9999.0 -9999.0 -9999.0 -9999.0 -9999.0 1.27285317903 3.6501208177 4.78351229104 5.91695964955 8.05463048535 1.07237637201 4.32617926419 5.37850391571 18.7097826521 0.866107506221 0.999173121917 2.20831658623 3.22345987238 1.05305859471 -9999.0 3.03308465969 2.50066824797 0.693888462437 -9999.0 -9999.0 -9999.0 -9999.0 -9999.0 -9999.0 -9999.0 -9999.0 -9999.0 -9999.0 -9999.0 -9999.0 -9999.0 -9999.0 -9999.0 -9999.0 -9999.0 -9999.0 -9999.0 -9999.0 -9999.0 -9999.0 -9999.0 -9999.0 -9999.0 -9999.0 -9999.0 -9999.0 -9999.0
-9999.0 -9999.0 -9999.0 -9999.0 -9999.0 -9999.0 1.24426267382 1.17114304573 1.16778858751 1.18043791623 1.18604534943 8.28782357921 17.4754167957 18.5969292014 19.6222644416 1.02510401615 20.7192841574 21.7221863031 2.0765929302 1.02747992736 4.21981925591 7.3293214441 0.958286970948 5.87685814368 1.05781189985 0.998102759893 1.09702341046 -9999.0 -9999.0 -9999.0 -9999.0 -9999.0 -9999.0 -9999.0 -9999.0 -9999.0 -9999.0 -9999.0 -9999.0 -9999.0 -9999.0 -9999.0 -9999.0 -9999.0 -9999.0 -9999.0 -9999.0 -9999.0 -9999.0 -9999.0 -9999.0 -9999.0 -9999.0 -9999.0 -9999.0
-9999.0 -9999.0 -9999.0 -9999.0 -9999.0 -9999.0 2.48973781853 3.69814537854 8.44608417019 11.912748919 1.0928330861 1.1170222019 1.07722911725 3.25547716091 23.8788632304 0.968402775111 22.8160346473 26.9126197492 3.17345536221 1.9789171551 8.29079296328 1.02875141571 6.88379943626 1.99970284084 0.998716824035 1.96483578186 2.16126634407 1.09292944776 1.10006720236 1.08261174598 1.1173526434 2.24335052949 -9999.0 -9999.0 -9999.0 -9999.0 -9999.0 -9999.0 -9999.0 -9999.0 -9999.0 -9999.0 -9999.0 -9999.0 -9999.0 -9999.0 -9999.0 -9999.0 -9999.0 -9999.0 -9999.0 -9999.0 -9999.0 -9999.0 -9999.0
-9999.0 -9999.0 -9999.0 -9999.0 -9999.0 1.3045679359 2.55369935974 1.24012725322 2.44384882125 13.13090271 15.4083681238 17.6636451129 55.7285435946 1.12613020987 24.9271148809 88.8331393256 89.6504957433 117.958379289 0.895965467216 2.97448005083 9.25855999985 0.96080177802 18.0418453026 10.1765721776 6.17216866754 5.16034211082 1.05025053687 3.24538774717 3.21623402857 2.14788445518 1.04290197032 3.31719941301 1.03434575341 1.02545280956 -9999.0 -9999.0 -9999.0 -9999.0 -9999.0 -9999.0 -9999.0 -9999.0 -9999.0 -9999.0 -9999.0 -9999.0 -9999.0 -9999.0 -9999.0 -9999.0 -9999.0 -9999.0 -9999.0 -9999.0 -9999.0
-9999.0 -9999.0 -9999.0 -9999.0 -9999.0 1.31498715372 3.85701776674 7.66431731326 8.8804586316 17.6545995247 18.8262146109 22.4467545259 36.9614448728 58.8086713817 60.9446030239 61.9607641355 1.95544031232 121.48391745 123.331097791 128.254547178 159.624161963 21.0415084374 19.0626429884 7.18452872785 0.988786737102 6.20300680324 4.215278371 0.948982764334 4.19662644599 1.04032054717 2.06130568396 5.39467081046 6.39567188219 2.0192662589 0.986861946521 0.981994572763 -9999.0 -9999.0 -9999.0 -9999.0 0.569658307746 0.499710432901 -9999.0 -9999.0 -9999.0 -9999.0 -9999.0 -9999.0 -9999.0 -9999.0 -9999.0 -9999.0 -9999.0 -9999.0 -9999.0
-9999.0 -9999.0 -9999.0 -9999.0 -9999.0 1.29669976439 1.25520673084 5.10283626443 6.325514982 7.57759551985 1.2233449497 2.43306832431 13.6472549628 2.45108780698 1.17179989701 1.1092528559 1.01743660506 1.18155753429 1.15492146082 1.07446231622 160.728129013 163.627705478 0.954932137984 2.91421164707 1.97111560469 7.15975264418 1.91262135852 0.915355455621 5.19708480991 1.99341737249 4.73834370268 11.2230539264 10.388260062 3.00592707757 2.94090323336 0.995301684649 0.989997288406 -9999.0 -9999.0 0.992474700813 1.3031138547 2.84958066063 0.5271066406 -9999.0 -9999.0 -9999.0 -9999.0 -9999.0 -9999.0 -9999.0 -9999.0 -9999.0 -9999.0 -9999.0 -9999.0
-9999.0 -9999.0 -9999.0 -9999.0 -9999.0 -9999.0 1.31589972663 1.29931660549 2.57584047176 3.83340783877 8.76343997332 11.2414883191 12.5049543711 1.29212403302 1.11399348255 14.1859481338 17.4788044589 18.534365131 22.8432770454 23.8532434864 0.999764526227 164.624621165 169.486251157 3.89618472794 0.938813139322 8.09211654739 17.8925047385 7.01862527327 1.83163366271 0.920230712992 17.7581486363 12.1563846562 0.904274054499 0.901590319138 3.85459987686 2.92773395991 0.944110132059 0.926837796723 0.962994401458 1.93775850701 0.935184898198 3.46079076025 4.36044920879 0.849546760916 -9999.0 -9999.0 -9999.0 -9999.0 0.942343236351 0.899943852638 0.255048692448 -9999.0 -9999.0 -9999.0 -9999.0
-9999.0 -9999.0 -9999.0 -9999.0 -9999.0 -9999.0 -9999.0 1.32558982048 1.20803671498 2.46091180538 3.71933347364 1.25239761512 1.24250203936 7.3324834754 9.64984220004 12.0074989892 1.12497473912 2.21979432307 1.09175604671 24.8811836225 54.2996737189 54.8720757312 226.053298643 0.966886802426 2.76251794261 0.894652234469 18.784503837 0.911420186485 2.76337113388 0.906128398696 18.6549796823 19.5498610029 1.81221441736 1.79525993375 9.63033322179 4.82648837004 1.86830155764 0.951714246984 1.92630360591 2.88728537615 4.72139065191 0.890018095268 6.06126918734 6.90547348566 0.761564665543 0.814129260418 0.852875388383 0.781375934695 0.73589711047 2.64070336738 1.0209959287 0.654031150928 -9999.0 -9999.0 -9999.0
-9999.0 -9999.0 -9999.0 -9999.0 -9999.0 -9999.0 -9999.0 -9999.0 2.53424621611 3.73063506736 1.24544119054 2.50448374006 3.70907060539 6.19605634147 1.2144004868 1.19557143559 1.08029638742 1.09590578242 1.02450161547 27.3458964894 1.10484126674 2.17301148671 228.861895834 230.864953137 0.978770252625 4.7303587219 24.3925858158 1.80510238596 3.59215381251 1.68826122986 2.49935397459 23.0068880385 2.64445519154 14.0784541699 11.469781947 0.977749950321 4.64318995397 1.86738859076 2.82269169443 0.891863617659 5.59221483258 7.32630181376 8.04334376122 8.72368214189 9.73056321259 1.42669862284 1.51738189368 1.39661549362 1.29970681319 3.32909486185 0.686457621725 2.37454590073 3.01061736007 -9999.0 -9999.0
-9999.0 -9999.0 -9999.0 -9999.0 -9999.0 -9999.0 -9999.0 -9999.0 1.28294541463 6.2651821669 7.4921338269 1.2321706573 2.43297422306 1.20152863406 1.14852455496 1.12771918984 13.9958485845 18.6637842617 22.7803121868 26.7213971677 0.973980594944 1.08410785326 1.19138946831 235.454886786 237.405544176 238.269175512 32.6069241343 7.18450658935 6.24405893528 0.799031773695 3.28429232798 27.0878768255 0.800686239731 14.8856393483 0.887482766784 6.05767313692 5.57230964198 0.904168703965 3.7127572053 1.77794768999 2.64606774488 0.833124559789 0.676185472701 9.39536004643 10.0026180429 10.3362728835 2.1769135956 2.02456197745 1.90492492332 4.04867241915 5.42987210469 0.688445491968 3.68129801353 0.711872338565 1.34053455005
-9999.0 -9999.0 -9999.0 -9999.0 -9999.0 -9999.0 -9999.0 -9999.0 -9999.0 1.27259068827 8.7418397424 9.9704643364 3.64800604813 6.06110670142 8.37643756301 9.54685531016 1.18293711773 3.58019231141 2.35851016007 1.18685027674 1.16903829024 1.09176297386 2.17919114648 3.7986297546 1.23136817761 272.99914421 273.953016781 0.882536674049 0.703317211065 1.62180702779 2.41835242398 29.4518094428 1.57782065066 15.6136140353 9.31353747923 7.65777237078 0.872170454401 1.76038706112 4.54894291944 0.833265628905 3.45861909221 1.62915431819 1.26406899204 0.673562772352 11.8709216664 22.6912610719 2.60878895423 2.46867899853 2.48904658077 0.596637870795 6.01360311691 0.571164767486 4.93795283936 0.623714841084 1.94797810876
-9999.0 -9999.0 -9999.0 -9999.0 -9999.0 -9999.0 -9999.0 -9999.0 -9999.0 -9999.0 1.21203329719 12.4349636277 1.22404985699 2.46068483445 3.6037150622 5.89805663444 1.17271748953 2.40219438594 1.1817538705 1.13649081273 1.07915224969 2.12760008696 0.966672412195 1.1193556563 2.23069120227 1.20647935503 274.866810369 276.60680494 279.158564276 3.34617330896 0.812421777741 1.62056634245 30.2784035626 28.8667992244 10.99483854 0.834094322836 3.47597196577 2.61525613818 5.38721660534 1.66818380569 6.71535949773 2.43270446126 2.00221450502 0.658760587836 0.658755445133 23.3528626723 23.9035095151 29.45597353 4.38078265679 1.23736780693 6.63959328048 7.82461231395 13.3058220652 1.22394165502 0.56047856841
-9999.0 -9999.0 -9999.0 -9999.0 -9999.0 -9999.0 -9999.0 -9999.0 -9999.0 -9999.0 -9999.0 0.678438427656 13.975275215 1.21637932675 2.34949002478 10.5306599304 1.16416096251 1.1621950186 1.06019126108 2.2191477712 1.07161848828 4.25903679331 6.20355211787 7.11127216249 3.10759917874 3.97063008007 0.951508226129 1.13840297419 0.947284562249 284.10438065 286.515147652 31.0019795693 30.3191359134 29.5988811752 1.49657722305 0.73537833412 4.26380580066 11.2349483859 6.18522790809 2.46152470583 9.94490456697 4.8418519866 4.09668061196 1.34147437658 0.53244299922 0.498413828836 0.488997709484 31.7852865888 37.878134999 0.59315577377 0.541701827375 0.581142747311 13.8367624801 15.5704747496 0.996546257955
-9999.0 -9999.0 -9999.0 -9999.0 -9999.0 -9999.0 -9999.0 -9999.0 -9999.0 -9999.0 -9999.0 0.647728718385 15.5390519283 19.1294698284 1.13292185681 12.7917285307 1.08802915701 1.07291405381 2.11574039537 5.40360364 1.05362377781 1.0928267293 0.966930597695 9.02262829385 9.93975153929 14.8622360993 16.7358013644 17.7393644601 18.5833504313 19.4069212815 306.679742108 339.338940315 371.115135874 371.639768643 0.664892569222 0.750348494568 12.813150076 12.029568592 0.785823973303 0.83184696149 10.8277835323 16.4482683535 0.71260045229 8.92905722844 8.1977639525 2.59841348932 1.12915969157 1.8125279063 0.612207876366 38.8640466787 0.498445323113 1.60760868547 1.96944331163 19.13312373 20.6323236859
-9999.0 -9999.0 -9999.0 -9999.0 -9999.0 -9999.0 -9999.0 -9999.0 -9999.0 -9999.0 -9999.0 1.26902795035 2.45215871958 20.2970010237 22.4741918396 1.09560196761 14.6365018891 0.970233933853 3.01431776663 6.40547589683 2.06081961445 1.00451488616 2.01263895192 0.871820394992 1.71184603855 0.861621299707 0.835182248053 0.825056259699 0.810499288509 0.812479085056 0.795558349764 0.942828082103 0.991164206538 0.954082117537 373.791578548 15.4480472006 13.8881596742 0.498966997479 2.31022359632 0.584852633024 0.537394858784 17.1775275511 28.3501607076 9.71449520613 6.97504518517 1.50172564237 0.633085846359 0.585064855985 1.09985015288 40.4781571749 41.4425156305 0.505832860073 0.507507500514 0.558808194141 0.536855670274
-9999.0 -9999.0 -9999.0 -9999.0 -9999.0 -9999.0 -9999.0 -9999.0 -9999.0 -9999.0 -9999.0 -9999.0 1.16212820141 14.9740148673 38.5770584933 42.0294562651 57.6539349361 58.398330501 14.2134831956 10.5070506146 3.08268905157 0.995053699322 3.96131081249 4.89266351296 7.47746535036 1.75333598033 1.67592228692 1.67705412145 3.31055439129 1.62491631654 1.59114992163 0.804795494803 0.790781299862 0.726946659726 374.392051468 390.261326072 390.967789284 0.508746054817 6.00546123784 2.6394037467 0.773800165034 30.7230966306 1.6500894254 0.845992562613 3.57652377827 0.83702664938 0.667259325909 1.22756397129 1.67202316777 2.15474203575 42.2617829558 0.388246984866 0.332208679448 0.332568294582 0.266701780094
-9999.0 -9999.0 -9999.0 -9999.0 -9999.0 -9999.0 -9999.0 -9999.0 -9999.0 -9999.0 -9999.0 1.23960197828 11.3820597796 13.8200024744 2.31484840078 0.734857589612 1.72563903513 61.1691624228 61.9717433944 76.904663519 0.930952119434 1.91880202442 0.867914950943 0.879669416373 8.32966823356 10.9335167268 13.4489708726 0.78310727984 4.0812046652 6.46507984338 3.82960710134 1.52819935444 1.47008911922 1.41672900862 1.31221573311 0.607493919887 391.407855839 391.742187449 398.543664234 1.25897700161 0.685897693948 31.1547833953 1.73751625256 0.887228620576 0.943784925057 0.936959593051 0.847788216804 1.59892672673 4.41042454634 7.0990850071 49.7465973719 0.288782208189 0.856965783647 0.577454767708 0.477602945518
-9999.0 -9999.0 -9999.0 -9999.0 -9999.0 -9999.0 -9999.0 -9999.0 -9999.0 -9999.0 -9999.0 1.26382527651 7.75923150995 1.23709881016 1.14004149869 5.72936428212 6.77658965019 7.8464857522 8.84996057599 104.477723946 105.408347853 107.301640723 120.692883299 123.407242271 125.003279344 125.872085654 141.431427974 143.722557277 144.511009038 151.820134285 156.445876182 157.167430896 160.08232513 2.09496939041 1.99724688666 0.542107936954 0.458091808816 392.195011062 400.683929461 1.77161558402 35.457687674 34.8711579917 3.32004256682 0.804297945701 0.826707184592 0.810249123353 0.795061352556 1.59877510762 2.2815978378 0.63725073522 50.1156208102 50.509260998 52.2654948774 52.572600781 53.3227793936
-9999.0 -9999.0 -9999.0 -9999.0 -9999.0 -9999.0 -9999.0 -9999.0 -9999.0 -9999.0 -9999.0 3.93883354713 5.21794880496 2.473148056 3.66851661492 1.18516603137 13.3619308173 14.4693942945 16.6464245368 17.6742557031 7.27921304432 116.070845524 116.960139608 0.939974155159 0.732185069023 0.73799712905 1.49981029194 0.791453000183 0.719000516927 0.717487282663 0.677272143516 157.943876417 160.818930665 163.520672359 166.032766132 167.725559332 0.788116511918 0.232268010569 437.439502974 36.4165781213 36.0683586219 0.71266376347 0.70344969637 0.642903280295 1.48722384801 1.47340997227 0.706372126255 0.706302987842 0.624765755706 1.24850649142 1.61432662071 0.356205614869 0.594976246582 0.198591640536 0.186137592335
-9999.0 -9999.0 -9999.0 -9999.0 -9999.0 -9999.0 -9999.0 -9999.0 -9999.0 -9999.0 -9999.0 -9999.0 2.64976293214 1.2587281759 1.20044973039 11.1657180487 12.2850340595 1.13161463036 4.41020923408 5.45551312203 6.45454064652 1.05457309507 0.856757818874 18.2434656857 18.9405203798 19.6363242408 50.1298795504 50.7572431681 52.0613160379 57.4520545132 61.0284701277 61.6255058396 0.641467562704 0.663847864861 0.551704909216 168.25399247 0.269277355135 443.223315621 442.845349361 5.06769369487 4.61128646591 2.77582273853 0.706886524622 1.29830128478 2.16351728841 2.13533254094 1.38164814873 0.684408553096 1.29778220695 1.24922240884 2.12738841363 0.360591090866 0.932159214489 1.43439201473 1.82556557123
