data/baseflow/History/mHMbfrc572
ncols                  80
nrows                 72
xllcorner      4374000.0
yllcorner      5656000.0
cellsize            500
NODATA_value       -9999
[rows 24 to 47 of 72, columns 0 to 54 of 80]
-9999.0 -9999.0 -9999.0 -9999.0 -9999.0 -9999.0 -9999.0 -9999.0 -9999.0 -9999.0 -9999.0 -9999.0 1.15127158918 3.17796192037 4.16325638581 7.0887959973 0.848126722061 1.73251671028 2.55716077963 9.75319644078 10.392345082 10.8439543793 11.4623220934 12.2123476258 18.9655884226 21.0577036531 22.1974157131 0.448710320473 2.53124262004 2.96825159695 42.2197649732 43.7190703216 44.3804279209 45.0572841005 45.620874783 172.041824417 0.410698128821 356.180228848 0.614513146413 0.270144239751 2.68798856865 2.34754402636 0.305587090715 1.308804191 1.93452081952 1.9168301033 1.30324642513 2.13501225579 3.36818253747 1.21934006228 3.19875745012 0.240011703112 0.332248381737 0.082262229167 0.0637098454167
-9999.0 -9999.0 -9999.0 -9999.0 -9999.0 -9999.0 -9999.0 -9999.0 -9999.0 -9999.0 -9999.0 -9999.0 1.08142123049 2.1346668098 0.976748137734 1.96684219026 0.844250884792 6.51262334441 8.12592764678 8.98039877518 0.774347171111 1.44527250869 14.4560644917 17.7382464063 18.3241250502 1.39585647807 1.24059059989 1.80671508246 0.369294043671 0.324341208093 0.609655877945 0.274739174691 22.4667372097 22.7366138562 23.0156350958 172.399904063 358.488399211 356.461200433 0.419633659517 0.204218684979 0.174906380859 0.622143617598 0.481518545193 1.54118584628 2.24644891118 4.55743602753 0.392077516772 0.38887534051 3.67805148521 4.00097318657 7.79443861513 8.00637220052 8.43391109515 8.59036146657 0.140430071606
-9999.0 -9999.0 -9999.0 -9999.0 -9999.0 -9999.0 -9999.0 -9999.0 -9999.0 -9999.0 -9999.0 -9999.0 -9999.0 0.966270184006 1.95617641771 2.96258873431 4.74664494961 0.926771177138 0.826756952335 6.16906062836 6.91528374544 13.1831654995 13.9574184764 2.12123053345 0.726174295114 0.667694313647 0.609591795948 20.6500250767 21.0342411549 21.3831845905 21.6691532703 22.2123226262 3.2353488032 3.52609814018 26.8343921961 557.881357833 1.60034497106 1.33380299733 0.648090598726 0.164503774186 0.133430701507 0.966507474301 1.07924433667 1.79166892895 0.118212548035 4.70502153562 0.60781911265 0.590040301352 0.10702894929 0.0766610481212 0.0718139953913 0.0907562803614 0.0761227990678 8.66978759236 115.573233298
-9999.0 -9999.0 -9999.0 -9999.0 -9999.0 -9999.0 -9999.0 -9999.0 -9999.0 -9999.0 -9999.0 -9999.0 -9999.0 -9999.0 0.959246215441 1.93207221941 2.81231502895 3.69569765079 4.52374233525 5.38668542987 2.40304905779 4.03893146441 0.749455243369 0.717034247118 17.4168063056 18.7727599435 19.4066214072 20.117987161 0.509065862446 0.892626644691 2.26927560022 2.63778648049 2.95098943276 0.345766398147 0.315926066998 558.733101737 0.280894640729 0.440481044217 0.21391905889 0.611508225822 0.284575766387 0.179888885085 3.05166412015 3.23120023073 0.110011853581 4.84029881218 5.55207901291 0.689905575806 119.610918489 119.414304832 119.237101801 118.841812718 118.667561031 115.985157305 115.860321956
-9999.0 -9999.0 -9999.0 -9999.0 -9999.0 -9999.0 -9999.0 -9999.0 -9999.0 -9999.0 -9999.0 -9999.0 -9999.0 -9999.0 0.229747478865 0.516736326578 0.871183800358 7.99342168022 8.80411475805 0.83194156533 0.801351154637 0.791724406386 14.5220501353 16.052632639 0.736014955457 0.740072974665 0.56055263793 2.29167804897 2.84818304229 1.48291096421 1.82945565905 13.3383053899 13.7167650784 14.5398133558 22.5987901652 581.532557659 0.296063376131 0.174465968892 0.903874588044 0.755921380317 0.141199253985 0.478927583911 0.631928811821 3.40994392513 3.56325447706 9.40039014291 5.60777874275 0.743166179686 122.302465859 1.31581409457 119.074849468 118.966871387 2.52306548432 0.116212516127 0.158264866525
-9999.0 -9999.0 -9999.0 -9999.0 -9999.0 -9999.0 -9999.0 -9999.0 -9999.0 -9999.0 -9999.0 -9999.0 -9999.0 -9999.0 1.194395545 1.95217128509 4.03073506238 7.08102672447 9.61933203025 11.4464881088 12.235004583 13.0497646667 13.839478209 0.740441994646 0.647952956902 1.25438835505 1.16100703956 0.591466839962 11.6520245135 12.1873568624 12.6882467138 13.1567165057 6.83295136821 7.18502694346 7.6781642476 581.706161444 0.522532285585 0.526897322662 1.52947329036 0.126224847004 0.337627949793 0.187254112144 0.137901049793 0.788280265168 0.115540531965 0.125535595646 132.454184557 122.95944834 122.825573034 0.562372244739 1.22246899821 0.758117608999 0.156737187184 2.24272100675 0.57698859052
-9999.0 -9999.0 -9999.0 -9999.0 -9999.0 -9999.0 -9999.0 -9999.0 -9999.0 -9999.0 -9999.0 -9999.0 -9999.0 -9999.0 0.83276876059 0.772582769374 1.50926026366 2.30427836593 0.929648477889 0.927533252113 1.72891787048 2.49895926196 3.90945084891 4.61799653209 5.23950020471 7.14147689258 7.70191146198 8.30506928191 0.526519035014 5.43267197089 5.86305118044 6.23058567143 0.274003125043 0.106363211322 0.194818799415 589.003829949 589.165162955 590.018956247 1.8887877246 0.258820043015 0.512596683988 0.140133933311 0.241654356199 0.903206933724 1.1137570866 0.221902890198 133.050239868 0.210051342091 0.308098391375 0.334326689232 0.273816418014 0.466711143451 0.191234311213 1.54061086129 1.149986506
-9999.0 -9999.0 -9999.0 -9999.0 -9999.0 -9999.0 -9999.0 -9999.0 -9999.0 -9999.0 -9999.0 -9999.0 -9999.0 -9999.0 -9999.0 0.727271250314 1.43624426644 0.712362614291 1.46233126701 9.07627780139 9.83118933788 10.5606537065 0.71488857469 0.711779841851 1.3315994931 1.95937994243 3.02885532289 3.58503424298 3.91548652056 4.40258376161 0.396705751252 0.323073549957 6.49330830617 6.64060544417 6.77219755143 6.92854516908 5.60723528143 596.269954075 599.097918892 599.204124026 599.804541965 600.336139812 600.701253662 0.105625326862 1.20959804748 133.156424169 0.262504898122 0.13543906061 0.172621882666 0.162976611607 0.270412546059 0.225851534326 0.136214789247 0.219436461716 0.191472090234
-9999.0 -9999.0 -9999.0 -9999.0 -9999.0 -9999.0 -9999.0 -9999.0 -9999.0 -9999.0 -9999.0 -9999.0 -9999.0 -9999.0 -9999.0 -9999.0 2.12972654484 2.88185436879 5.13445378973 6.81789445696 0.895005533498 12.2803065556 12.9618901979 13.6038458776 0.623912761958 1.21596954812 0.525785825025 4.02448035123 4.2878301741 4.72124096363 5.16190584587 6.14173039991 6.31562179146 0.103641216329 4.97715589699 5.28732974526 5.4572724615 6.08348697955 0.784002390104 0.492797699354 0.284070444374 0.26292955382 601.067957781 601.256777358 603.279223302 133.263671724 0.746541171739 0.389970257762 0.267573657252 0.0717405109968 0.749269100771 0.382243889829 0.116785673167 0.647298633313 0.552849285357
-9999.0 -9999.0 -9999.0 -9999.0 -9999.0 -9999.0 -9999.0 -9999.0 -9999.0 -9999.0 -9999.0 -9999.0 -9999.0 -9999.0 -9999.0 -9999.0 0.771371577601 3.63806993488 4.43488438238 0.931666222699 0.745071782038 1.51329728015 2.19632271066 16.4626499888 0.611209327908 2.47021387406 3.01923855514 3.55606287266 0.292642118044 0.677750418447 0.853307056132 3.99897320011 4.40578967518 4.56033531615 0.164200904294 0.140559020878 0.16186986761 0.299000000603 0.119053614044 0.12063539036 0.206051514074 0.152258855925 0.205384615756 0.690189761037 603.486423486 737.237694245 0.953683764981 0.144975440119 0.084942004017 2.29332880837 2.13137992062 1.25326376693 1.11972956391 0.825795343648 0.209813318042
-9999.0 -9999.0 -9999.0 -9999.0 -9999.0 -9999.0 -9999.0 -9999.0 -9999.0 -9999.0 -9999.0 -9999.0 -9999.0 -9999.0 -9999.0 0.640085990587 2.11166502344 0.700879515621 0.896727084924 0.82384897724 1.57633690642 2.30930063799 3.01572964376 20.160977159 20.7346745598 0.593823056694 1.13495575819 1.68197094899 2.03776825026 2.40644026832 3.46591203592 3.84087265729 0.207510827626 0.183706253266 0.138899315193 0.187259149024 0.199885310433 0.221387509883 0.182891586505 0.218081204488 0.820669575208 0.372530396643 0.209130724045 0.202727610879 0.173627919178 0.318424629638 744.367283693 6.07524410576 2.7959987735 0.274275126702 0.12150572838 0.0922354000659 0.305143944208 0.203262505907 0.0995491407858
-9999.0 -9999.0 -9999.0 -9999.0 -9999.0 -9999.0 -9999.0 -9999.0 -9999.0 -9999.0 -9999.0 -9999.0 -9999.0 -9999.0 0.666024538738 1.30104076955 4.75402039428 0.689834760548 1.77673519778 2.56550534698 3.28616264376 0.760586052229 1.41037510287 2.14640470765 23.5157316127 0.554268119622 1.05575636504 1.56372926945 0.452958719244 0.88502994884 1.06240249082 1.37984842703 40.5305954004 40.9409155195 41.3057609875 43.3574494191 43.9180796618 45.4088774546 0.408309548544 0.849224572644 1.01060073842 50.0090887026 50.374008312 0.184997093334 0.301225948408 0.413465270997 744.511518317 5.84391745019 2.63496786023 2.48300289973 2.05630210254 1.82627622858 0.405152911246 0.103300158601 0.179313407392
-9999.0 -9999.0 -9999.0 -9999.0 -9999.0 -9999.0 -9999.0 -9999.0 -9999.0 -9999.0 -9999.0 -9999.0 -9999.0 -9999.0 0.677693170301 2.06107596179 7.49339655045 11.0946955358 0.6207076065 14.6482791533 18.6228498514 0.691456803165 1.31622914214 2.02788321661 29.3394270067 29.9480547084 0.479244135331 2.5312509685 2.95848674035 3.28737471329 37.718938379 38.4442266536 38.9769942263 0.26483113788 1.44544187587 1.73833305714 0.784126033901 1.12382921365 46.9505191153 48.3038368271 48.5834194272 48.8459272861 50.6785922174 0.147897354272 0.132028757563 0.657315761528 744.694645572 0.25382631122 0.0901806602507 0.303808026983 0.121219193611 1.62634248791 1.40720237735 0.834998681289 0.582425784492
-9999.0 -9999.0 -9999.0 -9999.0 -9999.0 -9999.0 -9999.0 -9999.0 -9999.0 -9999.0 -9999.0 -9999.0 -9999.0 -9999.0 -9999.0 -9999.0 1.4594448276 2.95200405819 13.1962698145 13.9540112822 19.2858589756 19.990653036 0.679530047867 1.35905982072 3.21453476623 30.5773204913 31.6374084017 32.0643303846 0.346660510798 33.5074574047 34.2205297983 0.489922188061 0.266874202866 0.492101425381 0.97122301075 0.244171854942 0.490641487835 1.03690084657 1.3141344529 0.268200622876 0.175515499574 0.346332671505 51.8656033489 52.2047349338 52.3163900369 53.2953453449 744.853310943 0.185611610835 0.0542717223496 0.0828366082072 0.074077226683 0.0772916815864 0.05918713138 0.105447373624 0.0861783657655
-9999.0 -9999.0 -9999.0 -9999.0 -9999.0 -9999.0 -9999.0 -9999.0 -9999.0 -9999.0 -9999.0 -9999.0 -9999.0 -9999.0 -9999.0 -9999.0 0.769240473987 0.75290843552 0.74594133951 1.51386269312 0.672386422726 21.3235796704 21.9608200019 0.644124512464 1.2469127589 0.621418539947 0.522474209802 0.505606666882 32.8774679008 0.220362901267 0.464478840587 0.268288912717 0.260705720635 0.236146382683 0.183012749763 0.192014766003 0.596881805449 0.82362785038 0.159730160126 0.138673158262 0.308856005665 0.526208833412 0.641666283755 0.153901102632 52.5012286647 53.4157422727 744.968440774 0.455375822292 0.135724878526 0.0327051311305 0.0955752351686 0.0224679847953 0.014940868108 0.123126350349 0.420698879637
-9999.0 -9999.0 -9999.0 -9999.0 -9999.0 -9999.0 -9999.0 -9999.0 -9999.0 -9999.0 -9999.0 -9999.0 -9999.0 -9999.0 -9999.0 -9999.0 -9999.0 -9999.0 0.743001740094 2.19821706061 2.81067077927 3.4621019217 22.5888988107 23.2023334764 23.815657114 24.492830076 24.9822632045 25.997560563 26.2151496252 26.4126338704 26.5918916598 0.216574418847 0.203319318477 0.221863451587 0.801007500764 0.218169739576 0.209792219022 0.158194058766 0.467724534956 0.193173316201 0.147310423117 0.13452186568 0.112403597458 0.224227308299 0.326832335465 54.0977086034 799.642600561 0.128001235842 0.264272968925 0.0221653125955 0.117024340786 0.0460292685097 0.0301385899279 0.85914740189 0.675919826215
-9999.0 -9999.0 -9999.0 -9999.0 -9999.0 -9999.0 -9999.0 -9999.0 -9999.0 -9999.0 -9999.0 -9999.0 -9999.0 -9999.0 -9999.0 -9999.0 -9999.0 -9999.0 -9999.0 0.623636075832 4.92060714369 9.73158527674 10.4137994701 0.813312919585 1.45796074735 2.04520624306 2.53500779251 5.79488193465 6.01690219702 0.216887496797 0.213826133696 27.0149803304 27.4013015338 27.5839399535 0.9479336865 0.137856657386 0.361802375939 0.526550949806 1.57741021301 1.93744385548 2.21775000598 0.252510296187 0.350109142979 0.120734604177 0.240003087003 0.127920529806 799.881064377 0.119295500704 0.491066960071 0.152368150061 0.328376876683 0.984901692825 1.07216197547 1.99057526387 0.639548707201
-9999.0 -9999.0 -9999.0 -9999.0 -9999.0 -9999.0 -9999.0 -9999.0 -9999.0 -9999.0 -9999.0 -9999.0 -9999.0 -9999.0 -9999.0 -9999.0 -9999.0 -9999.0 0.691902006543 2.19923138321 4.30818632008 5.63218313256 14.4790410491 15.2146348658 1.22910979638 1.82342969205 2.32640632179 2.81644307146 6.21907149264 6.6487069352 11.2113549868 11.524668553 11.7006569542 27.7785832147 29.2449001718 0.345427949576 0.238065720106 0.226001543225 0.436145264505 0.198587843301 2.59782187849 2.73044657996 0.460214335455 0.559625847462 0.120321697643 153.213408125 153.499142728 953.560096902 954.227529843 0.122315422915 0.580646148984 0.296920903351 0.220141817806 2.34077526347 3.07667216626
-9999.0 -9999.0 -9999.0 -9999.0 -9999.0 -9999.0 -9999.0 -9999.0 -9999.0 -9999.0 -9999.0 -9999.0 -9999.0 -9999.0 -9999.0 -9999.0 -9999.0 -9999.0 -9999.0 0.784391742836 0.762994578746 1.4463299635 3.44127869422 15.8441429225 0.629393174517 0.620228918436 1.12616580551 1.6346178802 3.7715363204 4.0332374427 0.170907853811 0.220790665131 11.9670319509 12.1833929747 41.5938234702 41.7466002669 0.124045582883 0.107952297708 0.0910917627809 0.0920870665865 0.101071062844 150.813571765 151.654827617 152.322900688 152.547009985 153.110177332 0.152588620652 0.556134093153 0.687502918229 955.200868446 955.291680303 955.368035429 955.463551784 955.555019426 3.21045455396
-9999.0 -9999.0 -9999.0 -9999.0 -9999.0 -9999.0 -9999.0 -9999.0 -9999.0 -9999.0 -9999.0 -9999.0 -9999.0 -9999.0 -9999.0 -9999.0 -9999.0 -9999.0 -9999.0 -9999.0 0.702906396337 0.734036990746 1.36639503691 18.5113692741 19.1652576994 0.605160821471 1.1072312081 1.62949089483 1.92670062453 0.236694849221 0.485456257952 38.8085784369 39.017925648 39.184627003 40.7031713482 82.6119518741 145.588513901 145.889241332 146.167093632 146.430516634 147.573773322 147.95043888 0.72375043782 0.32218016331 0.201130298597 0.375633825726 0.276216828307 0.441354664913 0.140310917516 3.0499812564 3.5201625831 3.88148340933 3.94002427433 955.618227538 958.93539562
-9999.0 -9999.0 -9999.0 -9999.0 -9999.0 -9999.0 -9999.0 -9999.0 -9999.0 -9999.0 -9999.0 -9999.0 -9999.0 -9999.0 -9999.0 -9999.0 -9999.0 -9999.0 -9999.0 -9999.0 -9999.0 0.717366199852 1.3767900697 2.03880207008 19.7086094772 0.621400079524 26.5903794427 27.1265682868 27.3443380203 27.5882547605 37.7669344848 38.0597315956 0.237492282456 1.14070879141 1.3848685661 0.250534364541 62.677340543 62.2255523938 0.14164152684 0.332175727974 0.909407511606 0.203891348449 0.223269108095 0.163627448454 0.140598255348 0.105714991614 0.13001822012 2.59790186181 2.73800215908 2.90819906714 0.336620362011 0.249687373104 4.07844963412 4.17698179908 4.21943586658
-9999.0 -9999.0 -9999.0 -9999.0 -9999.0 -9999.0 -9999.0 -9999.0 -9999.0 -9999.0 -9999.0 -9999.0 -9999.0 -9999.0 -9999.0 -9999.0 -9999.0 -9999.0 -9999.0 -9999.0 -9999.0 0.656877602795 0.617999452887 3.20330428535 24.1904858292 25.446433663 26.1029919156 0.552851306945 9.65966228384 9.86285846153 9.95940563095 0.261734347075 0.533633124408 0.774449810349 14.734606482 14.9189131165 15.0797246623 61.920214229 38.3066867122 0.188851444914 0.197476277808 0.187496457355 0.147825028426 1.53539886254 1.85852318915 2.13766063641 2.2999529055 2.45553411538 15.0887661452 15.1947893943 15.3005096207 15.5364101873 16.9076714565 16.9663925854 21.2487156768
-9999.0 -9999.0 -9999.0 -9999.0 -9999.0 -9999.0 -9999.0 -9999.0 -9999.0 -9999.0 -9999.0 -9999.0 -9999.0 -9999.0 -9999.0 -9999.0 -9999.0 -9999.0 -9999.0 -9999.0 -9999.0 -9999.0 1.28895873681 1.96841012477 0.696547180225 0.608539258736 7.86233443852 8.43411868282 8.81435176087 3.11934386882 3.29576916625 3.50330043246 3.74197831601 14.3138787966 14.5716576278 7.95283167872 23.2460668671 23.4450256776 38.1533785751 0.393747052623 0.199351773206 0.136687740991 1.0551109835 1.24330386508 0.115630548317 0.107153886446 14.534174974 14.8270186992 14.9816389718 0.11724243656 0.169653944064 16.6867513348 0.13317555637 0.529158122813 0.576976514854
-9999.0 -9999.0 -9999.0 -9999.0 -9999.0 -9999.0 -9999.0 -9999.0 -9999.0 -9999.0 -9999.0 -9999.0 -9999.0 -9999.0 -9999.0 -9999.0 -9999.0 -9999.0 -9999.0 -9999.0 -9999.0 -9999.0 0.647590341497 1.28242973806 5.36363653666 6.06233823248 6.71663620156 2.48610036245 2.93111014167 0.215617657712 9.94358104689 10.1331046465 10.3274490875 0.226596413723 7.4772663791 7.74492845606 0.200572485586 37.1250709092 0.440348193443 0.216013510955 0.569463304347 0.769550483141 0.152695359419 0.121655367894 13.0977353008 14.2642489104 14.4435549045 0.174928352912 0.380681358453 0.47446040309 0.560751465457 1.08113947213 0.191546848688 0.438497281526 0.0810094509927
