data/baseflow/History/mHMbfrc603
ncols                  80
nrows                 72
xllcorner      4374000.0
yllcorner      5656000.0
cellsize            500
NODATA_value       -9999
[rows 0 to 23 of 72, columns 0 to 54 of 80]
-9999.0 -9999.0 -9999.0 -9999.0 -9999.0 -9999.0 -9999.0 -9999.0 -9999.0 -9999.0 -9999.0 -9999.0 1.23136330119 0.901650528482 -9999.0 -9999.0 -9999.0 -9999.0 -9999.0 -9999.0 -9999.0 -9999.0 -9999.0 -9999.0 -9999.0 -9999.0 -9999.0 -9999.0 -9999.0 -9999.0 -9999.0 -9999.0 -9999.0 -9999.0 -9999.0 -9999.0 -9999.0 -9999.0 -9999.0 -9999.0 -9999.0 -9999.0 -9999.0 -9999.0 -9999.0 -9999.0 -9999.0 -9999.0 -9999.0 -9999.0 -9999.0 -9999.0 -9999.0 -9999.0 -9999.0
-9999.0 -9999.0 -9999.0 -9999.0 -9999.0 -9999.0 -9999.0 -9999.0 -9999.0 -9999.0 -9999.0 -9999.0 2.46821876418 5.16740078026 0.770429517178 -9999.0 0.633475431792 -9999.0 -9999.0 -9999.0 -9999.0 -9999.0 -9999.0 -9999.0 -9999.0 -9999.0 -9999.0 -9999.0 -9999.0 -9999.0 -9999.0 -9999.0 -9999.0 -9999.0 -9999.0 -9999.0 -9999.0 -9999.0 -9999.0 -9999.0 -9999.0 -9999.0 -9999.0 -9999.0 -9999.0 -9999.0 -9999.0 -9999.0 -9999.0 -9999.0 -9999.0 -9999.0 -9999.0 -9999.0 -9999.0
-9999.0 -9999.0 -9999.0 -9999.0 -9999.0 -9999.0 -9999.0 -9999.0 -9999.0 -9999.0 1.21948958163 1.17341455175 1.2104419476 1.17277373092 7.40360086341 8.23474315024 1.73228245848 0.547217317881 -9999.0 -9999.0 -9999.0 -9999.0 -9999.0 -9999.0 -9999.0 -9999.0 -9999.0 -9999.0 -9999.0 -9999.0 -9999.0 -9999.0 -9999.0 -9999.0 -9999.0 -9999.0 -9999.0 -9999.0 -9999.0 -9999.0 -9999.0 -9999.0 -9999.0 -9999.0 -9999.0 -9999.0 -9999.0 -9999.0 -9999.0 -9999.0 -9999.0 -9999.0 -9999.0 -9999.0 -9999.0
-9999.0 -9999.0 -9999.0 -9999.0 -9999.0 -9999.0 -9999.0 -9999.0 -9999.0 1.18705494587 2.39663900645 4.75000770057 2.34682294859 1.14610234283 2.24622292277 9.32161576813 12.365354681 0.625067783918 -9999.0 1.17079223761 -9999.0 -9999.0 -9999.0 -9999.0 1.20017649053 0.613322942458 -9999.0 -9999.0 -9999.0 -9999.0 -9999.0 -9999.0 -9999.0 -9999.0 -9999.0 -9999.0 -9999.0 -9999.0 -9999.0 -9999.0 -9999.0 -9999.0 -9999.0 -9999.0 -9999.0 -9999.0 -9999.0 -9999.0 -9999.0 -9999.0 -9999.0 -9999.0 -9999.0 -9999.0 -9999.0
-9999.0 -9999.0 -9999.0 -9999.0 -9999.0 -9999.0 -9999.0 -9999.0 1.27649697353 3.68621220029 4.82688096316 5.98099899094 8.20277804641 1.08854972032 4.3613426009 5.40949740653 19.4388459499 0.92919457008 1.03251710069 2.22263354469 3.23971113624 1.04680351706 -9999.0 3.14522260505 2.58336919081 0.723875663617 -9999.0 -9999.0 -9999.0 -9999.0 -9999.0 -9999.0 -9999.0 -9999.0 -9999.0 -9999.0 -9999.0 -9999.0 -9999.0 -9999.0 -9999.0 -9999.0 -9999.0 -9999.0 -9999.0 -9999.0 -9999.0 -9999.0 -9999.0 -9999.0 -9999.0 -9999.0 -9999.0 -9999.0 -9999.0
-9999.0 -9999.0 -9999.0 -9999.0 -9999.0 -9999.0 1.28003593467 1.20864480463 1.18027887762 1.19018019409 1.1831403365 8.35799033348 17.6942403674 18.8206213533 19.8001371167 0.948231340207 21.3644179531 22.3539965731 2.07609016376 1.03370488801 4.24077981491 7.30211030552 1.01071566907 6.18435290169 1.11965468201 1.08034259135 1.16345061503 -9999.0 -9999.0 -9999.0 -9999.0 -9999.0 -9999.0 -9999.0 -9999.0 -9999.0 -9999.0 -9999.0 -9999.0 -9999.0 -9999.0 -9999.0 -9999.0 -9999.0 -9999.0 -9999.0 -9999.0 -9999.0 -9999.0 -9999.0 -9999.0 -9999.0 -9999.0 -9999.0 -9999.0
-9999.0 -9999.0 -9999.0 -9999.0 -9999.0 -9999.0 2.56431278476 3.81162666852 8.66692205443 12.1708506142 1.10304398016 1.1357403343 1.06797945767 3.14383992444 23.9072737666 0.921548952934 23.3304980069 27.1462469886 3.02005329679 1.96039632595 8.24303636114 0.990865740787 7.19446363007 2.07072689695 1.06094059093 2.11471870786 2.28994351596 1.14545697799 1.16318914168 1.15278357786 1.17860205261 2.36813668366 -9999.0 -9999.0 -9999.0 -9999.0 -9999.0 -9999.0 -9999.0 -9999.0 -9999.0 -9999.0 -9999.0 -9999.0 -9999.0 -9999.0 -9999.0 -9999.0 -9999.0 -9999.0 -9999.0 -9999.0 -9999.0 -9999.0 -9999.0
-9999.0 -9999.0 -9999.0 -9999.0 -9999.0 1.35412063389 2.64582488978 1.2838669344 2.50062902836 13.3932325122 15.6676642281 17.9389066672 56.6237476989 1.04245418435 24.9152089563 89.3177817875 90.0297885719 118.374238824 0.767102335762 2.89780252043 9.19027213189 0.942657906525 18.7802885392 10.5964627772 6.54378455632 5.48190683538 1.11652480254 3.42687579269 3.42234559234 2.28734480852 1.12690299291 3.52121787369 1.1309284455 1.1269035082 -9999.0 -9999.0 -9999.0 -9999.0 -9999.0 -9999.0 -9999.0 -9999.0 -9999.0 -9999.0 -9999.0 -9999.0 -9999.0 -9999.0 -9999.0 -9999.0 -9999.0 -9999.0 -9999.0 -9999.0 -9999.0
-9999.0 -9999.0 -9999.0 -9999.0 -9999.0 1.36798701471 4.01131859989 7.96048312869 9.19628745541 18.2112735699 19.3866679773 23.0043339896 37.635533173 59.562101743 61.6049177344 62.5505126129 1.77576285081 121.5282432 123.144927936 127.845945552 159.656687531 21.6542029589 19.7690638979 7.52894975212 0.996191336208 6.55227509635 4.46649812863 1.02285889655 4.46789148663 1.02345674272 2.11875927442 5.70612738668 6.79443943976 2.21291425075 1.08731780418 1.0887484054 -9999.0 -9999.0 -9999.0 -9999.0 0.62671664247 0.54475407645 -9999.0 -9999.0 -9999.0 -9999.0 -9999.0 -9999.0 -9999.0 -9999.0 -9999.0 -9999.0 -9999.0 -9999.0 -9999.0
-9999.0 -9999.0 -9999.0 -9999.0 -9999.0 1.34759437708 1.30152943689 5.28559059006 6.527530201 7.79689722068 1.2204420418 2.42881541953 13.8107812778 2.34997490367 1.1165334519 1.05694074615 0.946508096928 1.04264304027 1.01647952113 0.99883239367 160.643265292 163.45844036 0.942897042027 2.92369317925 1.98811228757 7.53324961081 2.05329811744 0.996767325692 5.52930371474 2.00794731093 4.82641126248 12.0605708943 11.1639951351 3.29595772923 3.25317291952 1.0932246077 1.09352890399 -9999.0 -9999.0 1.09809261678 1.45612480257 3.13622258879 0.570786446805 -9999.0 -9999.0 -9999.0 -9999.0 -9999.0 -9999.0 -9999.0 -9999.0 -9999.0 -9999.0 -9999.0 -9999.0
-9999.0 -9999.0 -9999.0 -9999.0 -9999.0 -9999.0 1.36492656362 1.34370735823 2.65365415914 3.95216263249 8.97843211018 11.4772943186 12.6971383017 1.2290562264 1.06947497553 13.930499097 17.0411949528 18.0425433684 22.1467442033 23.1167087463 0.95486970881 164.412227875 169.169695302 3.81417422283 0.771816177778 8.43347055556 18.8888407128 7.47602391693 1.92861770723 0.963721023437 18.7739387609 13.0369912885 0.984393924919 0.976584923522 4.25288822413 3.20875870944 1.05067426459 1.03326231729 1.06003092224 2.14243055699 1.03911964798 3.80207163357 4.81370506089 0.966296267412 -9999.0 -9999.0 -9999.0 -9999.0 1.03549422985 1.00032655331 0.279914284317 -9999.0 -9999.0 -9999.0 -9999.0
-9999.0 -9999.0 -9999.0 -9999.0 -9999.0 -9999.0 -9999.0 1.35996860306 1.23708215716 2.53450135403 3.80218899322 1.26139798008 1.17601716803 7.25781768437 9.51848488885 11.8105118596 1.05275228631 2.12344529048 1.0187422214 24.0911049235 52.9990129228 53.594743206 224.478127909 0.941209305074 2.33114953728 0.755229710451 19.8151253906 0.931770069303 2.90129873039 0.956391758321 19.7374003412 20.6918518428 1.96601724236 1.94994414111 10.5758297593 5.29499213326 2.0682412475 1.0455372995 2.12346589086 3.1922869142 5.24646160205 1.01144401779 6.74709721964 7.65876461821 0.820604024452 0.86927704791 0.903709095556 0.835836898949 0.784982848373 2.94353328568 1.14956742455 0.745550451685 -9999.0 -9999.0 -9999.0
-9999.0 -9999.0 -9999.0 -9999.0 -9999.0 -9999.0 -9999.0 -9999.0 2.59687836737 3.8167643865 1.26500272211 2.54307339382 3.74107557078 6.15088627422 1.19236244918 1.17837972665 1.05434367205 1.06890506976 0.989277887431 26.9330869612 1.04215824205 2.06002097223 227.203120894 229.216589866 1.01291336223 4.36616136625 25.0848195312 1.81993920507 3.75889464698 1.79242745732 2.63820902298 24.385031585 2.84167398003 15.2914351847 12.4659933159 0.963726610094 5.07214152601 2.03138928673 3.110731134 0.985449106776 6.2207726228 8.16782000382 8.9254053086 9.6496793171 10.6783401334 1.52274790639 1.60389826791 1.491150898 1.38473096235 3.70774428303 0.777233938898 2.68518540051 3.39515171402 -9999.0 -9999.0
-9999.0 -9999.0 -9999.0 -9999.0 -9999.0 -9999.0 -9999.0 -9999.0 1.32587839308 6.44066861435 7.68899611486 1.25292970063 2.45580281478 1.20376371664 1.14429313507 1.1263712058 13.8367738067 18.4041882087 22.4462304773 26.2945142896 0.961223304604 1.0289202675 1.15406841557 233.801409293 235.817798146 236.745640031 33.5946987733 7.42132609966 6.46908136517 0.84638057432 3.47446796116 28.7090305018 0.868365948565 16.167553451 0.933469118305 6.51172667046 6.06770004721 0.977056285169 4.09021904105 1.96263035194 2.92634685477 0.933521856099 0.718020213354 10.3661448882 11.0155974157 11.3261786411 2.29960603448 2.15808780727 2.03340890871 4.52608368844 6.08841424586 0.77874801579 4.13630581846 0.779963879224 1.47186520053
-9999.0 -9999.0 -9999.0 -9999.0 -9999.0 -9999.0 -9999.0 -9999.0 -9999.0 1.3198419241 8.95718946733 10.2065424285 3.67503089738 6.08064989775 8.36078427945 9.49666759867 1.12915097848 3.51219405666 2.30394891674 1.13594713968 1.13007361604 1.08596236919 2.16356624835 3.77850330571 1.26333878613 272.544841592 273.547335395 0.925545758992 0.774388100023 1.67135999369 2.48212015698 31.1866557503 1.67141447024 16.9382117277 9.92359540108 8.17784217406 0.918770429788 1.8835015066 4.98838845954 0.894300161031 3.80711805354 1.8016521245 1.29523818161 0.608873692096 12.8055299984 24.6445565674 2.75560193144 2.62925120293 2.67663992975 0.663511879573 6.73193758152 0.630534451243 5.54046694496 0.678200840515 2.13197642499
-9999.0 -9999.0 -9999.0 -9999.0 -9999.0 -9999.0 -9999.0 -9999.0 -9999.0 -9999.0 1.22597159738 12.6822865978 1.22213271221 2.43562834555 3.55289680774 5.82619956437 1.17349588457 2.38895135583 1.1795256591 1.14500346743 1.09375319277 2.16717982806 0.995995242728 1.14738822939 2.27846970051 1.22909000538 274.520299544 276.361840332 279.084847674 3.44182586021 0.822970743945 1.64116235543 32.0274226434 30.9466887707 11.6616641973 0.865349512285 3.69667729794 2.7883435919 5.8885897248 1.79157795637 7.36865065251 2.6720000096 2.07641800393 0.515741796979 0.620470412777 25.312928705 25.8855691686 31.7788539502 4.74224634722 1.36344641274 7.41707178961 8.72097969286 14.8582019465 1.33500923432 0.617658816912
-9999.0 -9999.0 -9999.0 -9999.0 -9999.0 -9999.0 -9999.0 -9999.0 -9999.0 -9999.0 -9999.0 0.645679449419 14.1106441026 1.18737859743 2.29658712613 10.4120848487 1.17543190893 1.17437692211 1.06562231863 2.22474389028 1.05555393711 4.27047495401 6.24791758333 7.19143439388 3.1871576904 4.05203259644 0.956483587379 1.16877157223 1.00641716816 284.228925678 286.686049985 32.7570916878 32.3940278496 31.677047737 1.55769505274 0.76489853203 4.51464183904 12.0559997336 6.72493334802 2.62466692369 10.7979611703 4.59253290397 3.81649664181 1.05943265576 0.430820443911 0.403677222675 0.429413237995 33.8129967807 40.3207045392 0.632027118171 0.575587080746 0.627838468289 15.4344510217 17.3241094436 1.08985712577
-9999.0 -9999.0 -9999.0 -9999.0 -9999.0 -9999.0 -9999.0 -9999.0 -9999.0 -9999.0 -9999.0 0.625338304155 15.6245610718 19.2359311056 1.11526921487 12.6579138644 1.1151674698 1.09457903608 2.12208713707 5.41237539124 1.04596040797 1.07421686643 0.976800886974 9.14366928504 10.0600652788 15.0530737883 16.9202083121 17.9372615676 18.814437233 19.6493110338 307.134543155 341.470903645 375.267435834 375.826770112 0.733135268578 0.776083778134 13.694202438 12.8807191003 0.824169116163 0.836035176628 11.6177216102 17.0111611752 0.732697324014 8.03283931292 7.3441011113 2.05335378861 0.932657342653 1.50999311329 0.603744258935 41.3186205886 0.492185342756 1.68305828073 2.05547796878 20.8150896918 22.326628738
-9999.0 -9999.0 -9999.0 -9999.0 -9999.0 -9999.0 -9999.0 -9999.0 -9999.0 -9999.0 -9999.0 1.28572922023 2.46396974398 20.4021163571 22.5555037003 1.07781629633 14.5785471573 1.010296413 3.08007998428 6.39803804592 2.03272324466 0.985099163704 1.98807906603 0.900754862378 1.73247443519 0.847828522182 0.803542824397 0.734253975594 0.679924988054 0.673794883022 0.668169405759 0.830106979958 0.926467495161 0.968991445962 378.105570389 16.4160415593 14.7832240948 0.518161282707 2.38209582152 0.580305052568 0.503237629084 17.7511445613 28.0624038024 8.82263927685 6.35198030028 1.17057062799 0.485390748309 0.451825667302 0.949254916555 42.7764461521 43.6928107067 0.476730525375 0.476989619099 0.497920532378 0.434925661683
-9999.0 -9999.0 -9999.0 -9999.0 -9999.0 -9999.0 -9999.0 -9999.0 -9999.0 -9999.0 -9999.0 -9999.0 1.17486975885 15.0615654142 38.7284901799 42.0687617581 57.630017803 58.4217784005 14.2520127181 10.4255136529 3.03359066689 0.978419490798 3.90141678044 4.82048449388 7.40996388602 1.72059538245 1.63146590459 1.57199619577 3.06183682306 1.47406465667 1.44831157218 0.728005014739 0.583833164135 0.628748814452 378.736011476 395.609287062 396.341705906 0.511898279756 6.08529578539 2.62545771009 0.788430652625 30.4326507842 1.64418332838 0.839972991762 3.5205893157 0.797725326516 0.652935169432 1.19227518014 1.63505594258 2.11449178673 44.4860891953 0.373853818698 0.324026459247 0.324307317264 0.252056135427
-9999.0 -9999.0 -9999.0 -9999.0 -9999.0 -9999.0 -9999.0 -9999.0 -9999.0 -9999.0 -9999.0 1.25040113309 11.4704396339 13.9002697303 2.25689991873 0.67628238948 1.58618536087 61.0187431091 61.8451411783 76.8391999281 0.903629738939 1.87595942359 0.84754543076 0.858131991774 8.23239089275 10.7740561899 13.1922653472 0.757474043443 3.80826903002 6.01759767196 3.58138922644 1.43540126851 1.22829564042 1.17890838531 1.07353845011 0.533269602048 396.777393783 397.116201966 403.928799419 1.28236605249 0.686091694201 30.8763000832 1.75433858344 0.88874821097 0.936937505706 0.928627616027 0.860676442287 1.54297818857 4.30784210006 6.92196323774 51.7734469925 0.274058242684 0.825443294624 0.558970761521 0.456292130209
-9999.0 -9999.0 -9999.0 -9999.0 -9999.0 -9999.0 -9999.0 -9999.0 -9999.0 -9999.0 -9999.0 1.27242606957 7.81814784666 1.2317765903 1.12337694182 5.69766452217 6.69317255943 7.7250580237 8.69371566311 104.024034819 104.841738603 106.579410689 119.399815426 121.975162207 123.426138494 124.268494725 139.234925844 141.248591987 142.003319641 148.822354709 153.178941883 153.89260024 156.465306173 1.8553737747 1.66402640194 0.426012732248 0.358124850877 397.537256876 406.046185614 1.78948120945 35.2507744385 34.6487487198 3.36837691666 0.826428334093 0.850770748884 0.831033095204 0.795352799843 1.59903714322 2.26491236037 0.610006022954 52.1215445678 52.4868664026 54.1735677261 54.4627087532 55.1772285868
-9999.0 -9999.0 -9999.0 -9999.0 -9999.0 -9999.0 -9999.0 -9999.0 -9999.0 -9999.0 -9999.0 3.97734420978 5.26975798019 2.49658583963 3.67586658836 1.16778490859 13.3991540856 14.486240797 16.5921916994 17.5074108011 7.03989697365 114.973313376 115.787393959 0.841475115606 0.61241795792 0.559917981141 1.21055443567 0.633147261095 0.523338795628 0.515929312104 0.546102321528 154.560202691 157.135907851 159.607931362 161.810982423 163.19388998 0.602921221806 0.188398585164 442.547058332 36.1948771871 35.8570542905 0.689304016027 0.679241726226 0.622369916193 1.50403433582 1.48617292973 0.687483342449 0.690978666699 0.615086234663 1.21902814593 1.57495926516 0.351245244124 0.567702536262 0.18902779897 0.146272518571
-9999.0 -9999.0 -9999.0 -9999.0 -9999.0 -9999.0 -9999.0 -9999.0 -9999.0 -9999.0 -9999.0 -9999.0 2.67552438697 1.27338266771 1.19973867281 11.2293484722 12.3432314297 1.10075156206 4.34649315031 5.33671503157 6.25261118321 0.963696917309 0.813322154887 17.8154177914 18.4669649086 19.1004051054 48.5765802491 49.091078333 50.0393604401 54.4452723415 57.0964176262 57.5404199005 0.463260214416 0.47673075051 0.459262075241 163.690126413 0.242268674108 448.023561702 447.677906607 4.82713075957 4.40121980317 2.70641358916 0.695598786813 1.25327184827 2.16633742903 2.14299248324 1.34363846597 0.668940060904 1.27304144544 1.23350838133 2.09160413153 0.32900639205 0.848547199285 1.32614922735 1.62794410691
