data/baseflow/History/mHMbfrc445
ncols                  80
nrows                 72
xllcorner      4374000.0
yllcorner      5656000.0
cellsize            500
NODATA_value       -9999
[rows 0 to 23 of 72, columns 0 to 53 of 80]
-9999.0 -9999.0 -9999.0 -9999.0 -9999.0 -9999.0 -9999.0 -9999.0 -9999.0 -9999.0 -9999.0 -9999.0 0.821002760931 0.605085477303 -9999.0 -9999.0 -9999.0 -9999.0 -9999.0 -9999.0 -9999.0 -9999.0 -9999.0 -9999.0 -9999.0 -9999.0 -9999.0 -9999.0 -9999.0 -9999.0 -9999.0 -9999.0 -9999.0 -9999.0 -9999.0 -9999.0 -9999.0 -9999.0 -9999.0 -9999.0 -9999.0 -9999.0 -9999.0 -9999.0 -9999.0 -9999.0 -9999.0 -9999.0 -9999.0 -9999.0 -9999.0 -9999.0 -9999.0 -9999.0
-9999.0 -9999.0 -9999.0 -9999.0 -9999.0 -9999.0 -9999.0 -9999.0 -9999.0 -9999.0 -9999.0 -9999.0 1.69183592469 3.43527055767 0.492320770316 -9999.0 0.439463895253 -9999.0 -9999.0 -9999.0 -9999.0 -9999.0 -9999.0 -9999.0 -9999.0 -9999.0 -9999.0 -9999.0 -9999.0 -9999.0 -9999.0 -9999.0 -9999.0 -9999.0 -9999.0 -9999.0 -9999.0 -9999.0 -9999.0 -9999.0 -9999.0 -9999.0 -9999.0 -9999.0 -9999.0 -9999.0 -9999.0 -9999.0 -9999.0 -9999.0 -9999.0 -9999.0 -9999.0 -9999.0
-9999.0 -9999.0 -9999.0 -9999.0 -9999.0 -9999.0 -9999.0 -9999.0 -9999.0 -9999.0 0.81771817131 0.781696121459 0.831054570526 0.820334221973 4.97478207343 5.49242442919 1.22971873185 0.400840426501 -9999.0 -9999.0 -9999.0 -9999.0 -9999.0 -9999.0 -9999.0 -9999.0 -9999.0 -9999.0 -9999.0 -9999.0 -9999.0 -9999.0 -9999.0 -9999.0 -9999.0 -9999.0 -9999.0 -9999.0 -9999.0 -9999.0 -9999.0 -9999.0 -9999.0 -9999.0 -9999.0 -9999.0 -9999.0 -9999.0 -9999.0 -9999.0 -9999.0 -9999.0 -9999.0 -9999.0
-9999.0 -9999.0 -9999.0 -9999.0 -9999.0 -9999.0 -9999.0 -9999.0 -9999.0 0.771502460852 1.60321862538 3.18343349679 1.60613770506 0.782092096207 1.54046024913 6.22646885244 8.32278580791 0.416610524864 -9999.0 0.815206661876 -9999.0 -9999.0 -9999.0 -9999.0 0.854297649246 0.445453571591 -9999.0 -9999.0 -9999.0 -9999.0 -9999.0 -9999.0 -9999.0 -9999.0 -9999.0 -9999.0 -9999.0 -9999.0 -9999.0 -9999.0 -9999.0 -9999.0 -9999.0 -9999.0 -9999.0 -9999.0 -9999.0 -9999.0 -9999.0 -9999.0 -9999.0 -9999.0 -9999.0 -9999.0
-9999.0 -9999.0 -9999.0 -9999.0 -9999.0 -9999.0 -9999.0 -9999.0 0.87484371213 2.46512118412 3.21945771145 3.98430529564 5.54215170824 0.731027684027 2.98277678796 3.69286889663 13.0412325808 0.557735574899 0.656461872893 1.53380841003 2.23171721144 0.724168836843 -9999.0 2.13990201555 1.76415290199 0.467856288117 -9999.0 -9999.0 -9999.0 -9999.0 -9999.0 -9999.0 -9999.0 -9999.0 -9999.0 -9999.0 -9999.0 -9999.0 -9999.0 -9999.0 -9999.0 -9999.0 -9999.0 -9999.0 -9999.0 -9999.0 -9999.0 -9999.0 -9999.0 -9999.0 -9999.0 -9999.0 -9999.0 -9999.0
-9999.0 -9999.0 -9999.0 -9999.0 -9999.0 -9999.0 0.851101739907 0.781533791781 0.768162927173 0.782103543478 0.799649184503 5.60081252256 11.9248137632 12.6941168795 13.3971247574 0.708514495701 14.3868238655 15.05290142 1.40456927011 0.711456740669 2.91793110188 5.04304998276 0.664320512655 4.06720301092 0.710957880482 0.65789781662 0.729464919898 -9999.0 -9999.0 -9999.0 -9999.0 -9999.0 -9999.0 -9999.0 -9999.0 -9999.0 -9999.0 -9999.0 -9999.0 -9999.0 -9999.0 -9999.0 -9999.0 -9999.0 -9999.0 -9999.0 -9999.0 -9999.0 -9999.0 -9999.0 -9999.0 -9999.0 -9999.0 -9999.0
-9999.0 -9999.0 -9999.0 -9999.0 -9999.0 -9999.0 1.71582867873 2.53638549393 5.75204705837 8.03235575377 0.716144405519 0.751716442186 0.721111492508 2.12282128135 16.1715664125 0.639821758195 15.6969908744 18.5370743859 2.20391825224 1.34856192635 5.68936827603 0.691382832237 4.75263502682 1.34705713526 0.66737329749 1.29149882269 1.4453054062 0.750042932398 0.777421478401 0.760234547916 0.79292999262 1.58707289543 -9999.0 -9999.0 -9999.0 -9999.0 -9999.0 -9999.0 -9999.0 -9999.0 -9999.0 -9999.0 -9999.0 -9999.0 -9999.0 -9999.0 -9999.0 -9999.0 -9999.0 -9999.0 -9999.0 -9999.0 -9999.0 -9999.0
-9999.0 -9999.0 -9999.0 -9999.0 -9999.0 0.924236526092 1.80272696528 0.873082573383 1.6945438065 8.8672880502 10.3871673697 11.9063267569 38.7472462666 0.719336290583 16.8582727323 61.2697100546 61.8278728031 81.3979540002 0.663432375058 1.99379769634 6.3391392977 0.644813903973 12.2558762041 6.83412790431 4.13506548347 3.44340686019 0.711563502938 2.22897798192 2.27345686492 1.51441809656 0.72919622429 2.33642395503 0.7138446038 0.703969682111 -9999.0 -9999.0 -9999.0 -9999.0 -9999.0 -9999.0 -9999.0 -9999.0 -9999.0 -9999.0 -9999.0 -9999.0 -9999.0 -9999.0 -9999.0 -9999.0 -9999.0 -9999.0 -9999.0 -9999.0
-9999.0 -9999.0 -9999.0 -9999.0 -9999.0 0.936812924662 2.74601200119 5.44813871504 6.29906669121 12.5304081866 13.3374479859 15.8533085714 26.1476518879 40.99890916 42.4588205768 43.1319201293 1.23998116914 83.718362085 85.0205339502 88.3544195935 109.544130421 14.2206780462 12.9383250979 4.81002706366 0.666841811085 4.1985287034 2.8659376285 0.607400870951 2.94136966244 0.667739156529 1.47367900176 3.77418561783 4.45973466067 1.38064560458 0.658203395922 0.65939163869 -9999.0 -9999.0 -9999.0 -9999.0 0.399869390416 0.353792899046 -9999.0 -9999.0 -9999.0 -9999.0 -9999.0 -9999.0 -9999.0 -9999.0 -9999.0 -9999.0 -9999.0 -9999.0
-9999.0 -9999.0 -9999.0 -9999.0 -9999.0 0.914025430916 0.884251715579 3.65094090977 4.51521326974 5.40215686336 0.853125352103 1.69080851908 9.68886891445 1.78490958156 0.802724474869 0.72934034914 0.654642254783 0.797601906207 0.792553621701 0.717124933689 110.20363356 112.120098138 0.636492484155 1.95665539516 1.32827011797 4.83641699115 1.24197656425 0.59343676969 3.60755412987 1.33322761894 3.30218583634 7.74529011549 7.1674470238 2.02988311167 1.92827142386 0.67606232307 0.663312675378 -9999.0 -9999.0 0.658658586812 0.878684924971 1.97045396144 0.370270012336 -9999.0 -9999.0 -9999.0 -9999.0 -9999.0 -9999.0 -9999.0 -9999.0 -9999.0 -9999.0 -9999.0
-9999.0 -9999.0 -9999.0 -9999.0 -9999.0 -9999.0 0.950138213684 0.947492380253 1.83707746142 2.7365560237 6.26468824032 8.00656807146 8.91178308196 0.980336420005 0.726615243321 9.71279729047 11.8718276204 12.5527827386 15.4092431691 16.0724478912 0.652808236549 112.775493272 116.01911705 2.60338934651 0.607789861371 5.45041271894 12.0110420928 4.76364557135 1.19186830588 0.611130532099 12.2416243618 8.36483297654 0.578827346495 0.586356589256 2.52168047145 1.96227356307 0.60553961064 0.553328742589 0.633825753706 1.28054318043 0.60488261802 2.38184158073 2.93523264297 0.492150429141 -9999.0 -9999.0 -9999.0 -9999.0 0.540262089489 0.50626442208 0.178190171808 -9999.0 -9999.0 -9999.0
-9999.0 -9999.0 -9999.0 -9999.0 -9999.0 -9999.0 -9999.0 0.929714609042 0.872935189649 1.78884766864 2.68727153084 0.876278695363 0.875777115849 5.15716826291 6.70061507332 8.28415248158 0.742648366539 1.48094730413 0.728027723586 16.7529634254 36.3507005099 36.7509224807 153.892663295 0.635159473959 1.78618516262 0.575959390049 12.5917797167 0.583898735864 1.81020086998 0.596156833965 12.8191811108 13.3962399833 1.16563000128 1.17060421226 6.3524807938 3.19989678794 1.17427729825 0.604920898442 1.26446555872 1.90354368942 3.06838367792 0.543432383214 3.83812350602 4.19563960117 0.302615242504 0.330284772459 0.350392487124 0.303706926293 0.280362951176 1.41799074066 0.590663734263 0.357209850243 -9999.0 -9999.0
-9999.0 -9999.0 -9999.0 -9999.0 -9999.0 -9999.0 -9999.0 -9999.0 1.83947351783 2.68390554188 0.876369030413 1.77657795526 2.61199960035 4.35555582348 0.846338407356 0.820440937564 0.719847910243 0.727198440318 0.666764561571 18.22492635 0.738995842531 1.4470251715 155.737335124 156.722381081 0.377630968499 2.56305865554 15.6685777806 1.15769276933 2.33942411317 1.07785808791 1.6002007221 15.5938133094 1.68790583669 9.1467509367 7.46828466 0.579453926317 2.94897745899 1.19576321045 1.83798854294 0.571357687193 3.5973706344 4.54924694907 4.83784879873 5.10551831863 5.30604251109 0.562639032373 0.601731320945 0.529401714528 0.483047082833 1.70218201584 0.333839003332 1.28805654147 1.58752316912 -9999.0
-9999.0 -9999.0 -9999.0 -9999.0 -9999.0 -9999.0 -9999.0 -9999.0 0.925718633151 4.51255591212 5.3698811832 0.857712963028 1.68164444288 0.822717101233 0.771459310662 0.76016056984 9.40970332743 12.4330302117 15.1402124415 17.7927929418 0.636008471085 0.721087496162 0.641604113875 159.439731914 160.375368009 160.706778616 20.6939189441 4.59176261292 4.02833669143 0.481040092804 2.06116290033 18.1538561892 0.46606611924 9.64385078784 0.561522390999 3.90050255918 3.55149560656 0.582965705823 2.40977829459 1.13969628194 1.68954341634 0.424178144517 0.264410727562 5.36843204963 5.59809754553 5.53492739529 0.850428659371 0.761616115306 0.707386248678 2.06593510398 2.74457362941 0.338865960832 1.92703167492 0.411659825296
-9999.0 -9999.0 -9999.0 -9999.0 -9999.0 -9999.0 -9999.0 -9999.0 -9999.0 0.935690204834 6.25980917506 7.10273655442 2.50914651846 4.14586631143 5.68285190676 6.45102473393 0.784828538677 2.30774253619 1.55261291615 0.803485945468 0.783120441001 0.718176877695 1.38910686263 2.29697618093 0.598943722749 182.368343793 182.716703755 0.326350665923 0.334031670346 1.00554647987 1.50199288964 19.5895932854 0.944662091534 10.0610853546 5.94959125214 4.9204940223 0.544897184403 1.11684043543 2.92545593716 0.515226768859 2.18450195113 0.894336822323 0.484805471828 0.256884503833 6.34272352951 12.0524268354 1.00403019321 0.921494695733 0.956600831502 0.270382619458 3.00961883593 0.257087005754 2.54270685192 0.347538470296
-9999.0 -9999.0 -9999.0 -9999.0 -9999.0 -9999.0 -9999.0 -9999.0 -9999.0 -9999.0 0.839440187727 8.78892511893 0.822433665595 1.63227923961 2.37461543704 3.82941444742 0.734527980147 1.51142027578 0.754031108345 0.704310912001 0.673020978681 1.32922208293 0.590226388622 0.575418144605 0.998724257571 0.545593017262 183.09802978 183.731749763 184.768612985 1.87045789507 0.511278709685 1.02020861937 20.1076164561 18.3820975792 7.00353710812 0.523943501007 2.18900156832 1.65039323112 3.44221421963 1.0295827172 4.06079665573 1.37171404635 0.83592175244 0.239912042356 0.283640964575 12.3203378767 12.5424639497 14.6552244912 1.83203096592 0.580000990823 3.29892837741 3.83915449965 6.62337251388 0.655446619813
-9999.0 -9999.0 -9999.0 -9999.0 -9999.0 -9999.0 -9999.0 -9999.0 -9999.0 -9999.0 -9999.0 0.511028326817 9.93532584577 0.842351737856 1.57023767243 6.83085894437 0.725695258321 0.718678850088 0.660535927166 1.40283023819 0.708576697862 2.73325831657 3.9422190014 4.48840278767 1.45380038847 1.7299119804 0.304757149285 0.455024092751 0.386485456092 187.499996011 188.95937003 20.5231053988 19.2154089817 18.8092254845 0.850997194134 0.40403785226 2.67135978093 7.07761108652 3.92454795482 1.50666903921 6.00322357169 2.14399744988 1.73504613043 0.509835253959 0.195959090154 0.167798105588 0.163107048485 15.5859902018 18.2047103304 0.293755142266 0.232595934614 0.304324206657 6.9325961195 7.88390650675
-9999.0 -9999.0 -9999.0 -9999.0 -9999.0 -9999.0 -9999.0 -9999.0 -9999.0 -9999.0 -9999.0 0.473666506995 11.0593307764 13.4857364598 0.736915018388 8.2952640707 0.674774219086 0.652129572256 1.35463498146 3.4628626617 0.689254834292 0.717052701166 0.603759728344 5.66178795502 6.21268491055 8.54974803218 9.32209606807 9.746902873 10.0449653986 10.3941764402 199.658522622 220.780680733 240.519711928 240.688928768 0.278351723587 0.42013098902 8.04548440181 7.56398822841 0.475578041163 0.475945122897 6.53274928243 9.11707948056 0.372269636406 4.39347669226 4.01420762494 1.05571348864 0.423567420087 0.719552881804 0.27595651265 18.6146575183 0.20263485554 0.72987743894 0.877399865855 9.4297680134
-9999.0 -9999.0 -9999.0 -9999.0 -9999.0 -9999.0 -9999.0 -9999.0 -9999.0 -9999.0 -9999.0 0.878564826645 1.68015893723 14.2703641922 15.6749865626 0.702859670956 9.43929840263 0.572542890512 1.81816583087 4.08808431004 1.33121998007 0.639821555901 1.29629221295 0.514220996149 1.02161096705 0.536694733572 0.518022049579 0.5048081439 0.477370509788 0.395323935531 0.297689535576 0.335989332381 0.385300747343 0.35372491641 241.493897076 8.95492283686 8.3564410971 0.15287206966 1.3202324838 0.332281794558 0.353490662466 9.51128246553 15.0974542265 4.81843940194 3.5337790785 0.656946922577 0.240973266883 0.216358909283 0.429591961795 19.2560993017 19.6084177842 0.18511352978 0.189378074653 0.207391384237
-9999.0 -9999.0 -9999.0 -9999.0 -9999.0 -9999.0 -9999.0 -9999.0 -9999.0 -9999.0 -9999.0 -9999.0 0.763114164471 10.2186097348 26.6332679062 28.8733942417 38.9348216489 39.405833731 8.95382728457 6.71549466879 1.98071382892 0.633139726272 2.53617806771 3.12636962791 4.6919618596 1.09129436863 1.04064972167 1.03403651625 2.02149953339 0.89936702488 0.787714160355 0.488469587692 0.378762200266 0.276900202235 241.723062561 251.002270012 251.235567499 0.137185168499 3.17810067677 1.55937986818 0.442206104848 16.4036293786 0.924954945664 0.479123601455 2.03991523801 0.471189228429 0.28660695784 0.513843435071 0.693577585837 0.893273102309 19.9052453045 0.132851952863 0.1137517769 0.112623761373
-9999.0 -9999.0 -9999.0 -9999.0 -9999.0 -9999.0 -9999.0 -9999.0 -9999.0 -9999.0 -9999.0 0.825250685302 7.78868760208 9.43834118468 1.5127299568 0.527072462176 1.21238411881 41.2667477496 41.7525560217 51.1585669907 0.573195490805 1.20201478296 0.532989952864 0.539273809307 5.21385369754 6.82607017436 8.35912481803 0.484507349916 2.49959375359 3.87093964149 2.16839430359 0.938363509464 0.791346352659 0.674685121446 0.567292910664 0.177495296904 251.35084573 251.433608308 254.77897983 0.643153167417 0.361071223061 16.6303291772 1.00799075113 0.509164439034 0.544447934424 0.540591970444 0.468899221991 0.774525424228 2.10771346327 3.2049982488 23.2520404673 0.0955698616896 0.290733522414 0.197068700225
-9999.0 -9999.0 -9999.0 -9999.0 -9999.0 -9999.0 -9999.0 -9999.0 -9999.0 -9999.0 -9999.0 0.84284183776 5.3893293521 0.843732063055 0.741818599953 3.88100271356 4.5350175954 5.19008922862 5.81077500843 69.1330830858 69.7494624725 70.9757447326 79.225856498 80.8026680105 81.677806799 82.2070691747 91.6599462279 93.0413601456 93.5384641459 97.9351593609 100.597583925 101.049439805 102.723206817 1.09018534545 0.962799862899 0.179991240708 0.0984687212336 251.540932616 255.671643853 0.819022444295 18.9774012185 18.6745458956 1.82017087774 0.434731840447 0.438688825895 0.41512986904 0.415163596717 0.827583083764 1.12998160868 0.266511223843 23.3835713984 23.5206191619 24.1243633537 24.2327224747
-9999.0 -9999.0 -9999.0 -9999.0 -9999.0 -9999.0 -9999.0 -9999.0 -9999.0 -9999.0 -9999.0 2.77020029624 3.66731111174 1.71497204464 2.51821597409 0.793025430416 8.89811441553 9.56573061874 10.8925153734 11.5391197764 4.42119486696 76.3495518137 76.9099921795 0.486112878424 0.344057141803 0.333759384492 0.715708647044 0.420556456366 0.350632431137 0.364136493298 0.365597505211 101.5191177 103.176805049 104.642652361 105.918991856 106.398083846 0.175207556962 0.0500558252191 275.143554295 19.4006041026 19.2915110645 0.387488155501 0.333494300078 0.26804405851 0.705557861019 0.684261573807 0.317941563058 0.333865934254 0.300984119676 0.567240980923 0.720200548209 0.0920862536344 0.173720552489 0.0808212069172
-9999.0 -9999.0 -9999.0 -9999.0 -9999.0 -9999.0 -9999.0 -9999.0 -9999.0 -9999.0 -9999.0 -9999.0 1.87271502076 0.884065851614 0.811048150465 7.55264906787 8.2378913336 0.694938460878 2.67797443437 3.32144686545 3.91817711354 0.646834786821 0.429448641895 11.1519366462 11.4834267375 11.8125757052 29.4249904767 29.709797554 30.3098021712 32.9111849741 34.5531102277 34.8375451515 0.35217155901 0.364545391589 0.319391497696 106.53904981 0.0668111465537 277.814682579 277.724584393 2.50979592915 2.36312044986 1.42614724375 0.351003196038 0.556837091164 0.982343971471 0.961589897421 0.60177975645 0.320291890927 0.614970878648 0.619475717297 0.99466367193 0.200624606586 0.380368275494 0.595177264672
