data/baseflow/History/mHMbfrc413
ncols                  80
nrows                 72
xllcorner      4374000.0
yllcorner      5656000.0
cellsize            500
NODATA_value       -9999
[rows 0 to 23 of 72, columns 0 to 53 of 80]
-9999.0 -9999.0 -9999.0 -9999.0 -9999.0 -9999.0 -9999.0 -9999.0 -9999.0 -9999.0 -9999.0 -9999.0 0.81775368576 0.796086029412 -9999.0 -9999.0 -9999.0 -9999.0 -9999.0 -9999.0 -9999.0 -9999.0 -9999.0 -9999.0 -9999.0 -9999.0 -9999.0 -9999.0 -9999.0 -9999.0 -9999.0 -9999.0 -9999.0 -9999.0 -9999.0 -9999.0 -9999.0 -9999.0 -9999.0 -9999.0 -9999.0 -9999.0 -9999.0 -9999.0 -9999.0 -9999.0 -9999.0 -9999.0 -9999.0 -9999.0 -9999.0 -9999.0 -9999.0 -9999.0
-9999.0 -9999.0 -9999.0 -9999.0 -9999.0 -9999.0 -9999.0 -9999.0 -9999.0 -9999.0 -9999.0 -9999.0 1.56405579623 3.75562480025 0.668531888803 -9999.0 0.619573781908 -9999.0 -9999.0 -9999.0 -9999.0 -9999.0 -9999.0 -9999.0 -9999.0 -9999.0 -9999.0 -9999.0 -9999.0 -9999.0 -9999.0 -9999.0 -9999.0 -9999.0 -9999.0 -9999.0 -9999.0 -9999.0 -9999.0 -9999.0 -9999.0 -9999.0 -9999.0 -9999.0 -9999.0 -9999.0 -9999.0 -9999.0 -9999.0 -9999.0 -9999.0 -9999.0 -9999.0 -9999.0
-9999.0 -9999.0 -9999.0 -9999.0 -9999.0 -9999.0 -9999.0 -9999.0 -9999.0 -9999.0 0.706203901692 0.678773399073 0.716676892075 0.708937078922 5.08942099043 5.73423533019 1.74744876396 0.56413902742 -9999.0 -9999.0 -9999.0 -9999.0 -9999.0 -9999.0 -9999.0 -9999.0 -9999.0 -9999.0 -9999.0 -9999.0 -9999.0 -9999.0 -9999.0 -9999.0 -9999.0 -9999.0 -9999.0 -9999.0 -9999.0 -9999.0 -9999.0 -9999.0 -9999.0 -9999.0 -9999.0 -9999.0 -9999.0 -9999.0 -9999.0 -9999.0 -9999.0 -9999.0 -9999.0 -9999.0
-9999.0 -9999.0 -9999.0 -9999.0 -9999.0 -9999.0 -9999.0 -9999.0 -9999.0 0.677471352771 1.3954422185 2.76683533787 1.3920933834 0.679921414846 1.33718013327 6.3799881576 9.35609669297 0.604548008516 -9999.0 0.701323352552 -9999.0 -9999.0 -9999.0 -9999.0 1.20278946437 0.616420861281 -9999.0 -9999.0 -9999.0 -9999.0 -9999.0 -9999.0 -9999.0 -9999.0 -9999.0 -9999.0 -9999.0 -9999.0 -9999.0 -9999.0 -9999.0 -9999.0 -9999.0 -9999.0 -9999.0 -9999.0 -9999.0 -9999.0 -9999.0 -9999.0 -9999.0 -9999.0 -9999.0 -9999.0
-9999.0 -9999.0 -9999.0 -9999.0 -9999.0 -9999.0 -9999.0 -9999.0 0.744643773047 2.12828908962 2.78951346319 3.46673459796 4.81727528841 0.641640498212 2.58277536748 3.20329814177 13.7752111188 0.604196949103 0.599437422426 1.33177810406 1.94999671362 0.639108465247 -9999.0 3.05264418188 2.49868155072 0.66620480381 -9999.0 -9999.0 -9999.0 -9999.0 -9999.0 -9999.0 -9999.0 -9999.0 -9999.0 -9999.0 -9999.0 -9999.0 -9999.0 -9999.0 -9999.0 -9999.0 -9999.0 -9999.0 -9999.0 -9999.0 -9999.0 -9999.0 -9999.0 -9999.0 -9999.0 -9999.0 -9999.0 -9999.0
-9999.0 -9999.0 -9999.0 -9999.0 -9999.0 -9999.0 0.753556518156 0.697047077091 0.671357688966 0.68096551109 0.693592617644 4.8748010448 10.3722599812 11.0430919542 11.5789901755 0.493330938184 14.8861021618 15.4822703454 1.22845219535 0.625379608857 2.55901327843 4.43860138284 0.661413666883 5.04818172605 0.682268407869 0.687078566628 0.711595923492 -9999.0 -9999.0 -9999.0 -9999.0 -9999.0 -9999.0 -9999.0 -9999.0 -9999.0 -9999.0 -9999.0 -9999.0 -9999.0 -9999.0 -9999.0 -9999.0 -9999.0 -9999.0 -9999.0 -9999.0 -9999.0 -9999.0 -9999.0 -9999.0 -9999.0 -9999.0 -9999.0
-9999.0 -9999.0 -9999.0 -9999.0 -9999.0 -9999.0 1.5122053003 2.24037816639 5.07671866256 7.07903397502 0.63887525313 0.664915157094 0.636651006451 1.85037593032 13.9988893128 0.518992650788 16.0551086744 18.3345996723 1.80289217613 1.18167381357 5.01176754159 0.61183800626 5.66601627108 1.25827581759 0.637088016188 1.30683018943 1.4139989504 0.710651387475 0.731264406478 0.717653861214 0.75762920829 1.51635678927 -9999.0 -9999.0 -9999.0 -9999.0 -9999.0 -9999.0 -9999.0 -9999.0 -9999.0 -9999.0 -9999.0 -9999.0 -9999.0 -9999.0 -9999.0 -9999.0 -9999.0 -9999.0 -9999.0 -9999.0 -9999.0 -9999.0
-9999.0 -9999.0 -9999.0 -9999.0 -9999.0 0.802289473677 1.56782040822 0.757859174213 1.48205426309 7.80572552668 9.14652039968 10.4902382179 33.9007496553 0.608254110528 14.6088429589 53.3255533711 53.7507360128 72.8270584241 0.475398438806 1.74126987581 5.58739919243 0.570735113475 12.7812161922 6.51064691315 4.03019788425 3.38254317603 0.694567871935 2.1250399544 2.14728938203 1.43054317083 0.706746564733 2.23943044311 0.708834243799 0.700605575791 -9999.0 -9999.0 -9999.0 -9999.0 -9999.0 -9999.0 -9999.0 -9999.0 -9999.0 -9999.0 -9999.0 -9999.0 -9999.0 -9999.0 -9999.0 -9999.0 -9999.0 -9999.0 -9999.0 -9999.0
-9999.0 -9999.0 -9999.0 -9999.0 -9999.0 0.817751779729 2.39855248513 4.7518155296 5.49655780216 10.9616667558 11.6727497992 13.8738172923 22.7898868 35.759533031 37.038936412 37.6334956428 1.05881452319 74.7268690149 75.7119158863 78.5562368452 99.25486077 14.5390959792 13.3995271617 4.6408804001 0.616324442282 4.03780054282 2.75984216172 0.61380258247 2.79811014694 0.622025264647 1.31377145571 3.59097200586 4.27507057513 1.37692475193 0.680824407315 0.671702897764 -9999.0 -9999.0 -9999.0 -9999.0 0.603648923043 0.539304427401 -9999.0 -9999.0 -9999.0 -9999.0 -9999.0 -9999.0 -9999.0 -9999.0 -9999.0 -9999.0 -9999.0 -9999.0
-9999.0 -9999.0 -9999.0 -9999.0 -9999.0 0.798740998131 0.773179360349 3.2094401222 3.96363255571 4.73550347306 0.743895976227 1.47678774808 8.43643007759 1.51402989956 0.70011481941 0.643984603031 0.573861379721 0.640696613293 0.619737741849 0.629008071743 99.8576857288 101.578198989 0.575874254744 1.79507232835 1.22710876559 4.63771568092 1.2394159928 0.599270919896 3.46029984262 1.21327528779 2.93723660461 7.53293026985 6.99212838261 2.03926828263 2.01050312598 0.686190134003 0.683294170563 -9999.0 -9999.0 0.687029500218 1.27591146393 2.93600172342 0.563440430366 -9999.0 -9999.0 -9999.0 -9999.0 -9999.0 -9999.0 -9999.0 -9999.0 -9999.0 -9999.0 -9999.0
-9999.0 -9999.0 -9999.0 -9999.0 -9999.0 -9999.0 0.834998158288 0.835225169234 1.61191712058 2.40009238264 5.45732589909 6.98459150095 7.75182174856 0.81904514256 0.652820862775 8.54774854468 10.473477474 11.0816124127 13.6314451987 14.2209370541 0.584375646494 102.170677546 105.050619027 2.29197756251 0.355458435204 5.15427578302 11.5697087876 4.6282664193 1.17603134763 0.590715693594 11.6402930187 8.1454320517 0.602651406313 0.610627765684 2.64206240885 2.01027863726 0.646934526064 0.629472937925 0.663331820516 1.33942159254 0.642513580877 3.56343639013 4.18749463706 0.592456984339 -9999.0 -9999.0 -9999.0 -9999.0 0.646455364856 0.618155674656 0.167378966014 -9999.0 -9999.0 -9999.0
-9999.0 -9999.0 -9999.0 -9999.0 -9999.0 -9999.0 -9999.0 0.816872037672 0.726783003553 1.52944955371 2.31551833793 0.767462872252 0.709778474461 4.45504049221 5.84240904844 7.25932594059 0.666727620787 1.31982892715 0.648533058369 14.8293788903 33.263080334 33.828788755 140.043093655 0.568276734108 1.08399466047 0.342123343999 12.1322645027 0.571559884866 1.7754690308 0.581987527086 12.2274865496 12.8153526566 1.21259906952 1.2113419949 6.59274297279 3.30432054213 1.29040176661 0.658573000404 1.32380187474 1.99288005751 3.25284945255 0.611471059291 5.33220129301 5.85038807528 0.473623619631 0.502574845164 0.518833564453 0.478682455385 0.456021189491 1.79165996184 0.68599347231 0.441894408374 -9999.0 -9999.0
-9999.0 -9999.0 -9999.0 -9999.0 -9999.0 -9999.0 -9999.0 -9999.0 1.56797273993 2.26402826613 0.772099412561 1.56367804486 2.30978827143 3.7887367343 0.754528360997 0.728718194566 0.646806941534 0.651881146366 0.600217328891 17.1949762472 0.669597892856 1.31353627086 141.977564771 143.225786303 0.541457295348 2.16716952905 14.8257341908 1.11462228795 2.29617037852 1.07502216951 1.5982532524 15.0945062667 1.75514903418 9.49472561271 7.75002863662 0.587670187344 3.17097919126 1.27500028587 1.93066421156 0.605185639965 3.8451924471 4.99564206414 5.45002242758 5.88453152309 7.64046305917 0.902701375839 0.942109099523 0.875489671879 0.826330718147 2.23299485655 0.463783301956 1.60261230749 2.0235359483 -9999.0
-9999.0 -9999.0 -9999.0 -9999.0 -9999.0 -9999.0 -9999.0 -9999.0 0.815175885508 3.88169079308 4.63995588234 0.758495516899 1.48925654756 0.729762940957 0.68766107429 0.679367545865 8.4181580854 11.2076357792 13.8703293193 16.5867500304 0.673122183349 0.654612024818 0.640737661858 146.191971744 147.600672324 148.150672283 19.924562726 4.50862339221 3.94602779563 0.500456515478 2.09458217894 17.7025213923 0.517625040592 10.0218242937 0.578074061776 4.05875869379 3.79595900156 0.608591139934 2.53587417823 1.20681525985 1.79676343484 0.532246512387 0.426087810276 6.31442781184 6.71233459757 8.03736979566 1.36275066776 1.27919165568 1.21851854763 2.72526828591 3.66274375931 0.467939774291 2.46449396371 0.469048193912
-9999.0 -9999.0 -9999.0 -9999.0 -9999.0 -9999.0 -9999.0 -9999.0 -9999.0 0.829569119752 5.42756422384 6.1791711763 2.22696974588 3.68836796378 5.06590654097 5.75657754394 0.703144699666 2.1388259852 1.42376204431 0.722097297165 0.715509275784 0.664580206285 1.31598039651 2.19976743235 0.739202357276 169.425272214 169.999474375 0.519762012807 0.441751287192 1.00435923006 1.50122182251 19.2086228909 1.01210726211 10.4856884972 6.15887982191 5.08771062953 0.569877892557 1.16660414905 3.08270790059 0.546165874317 2.3295186613 1.05959937344 0.726156217796 0.301129290326 7.690776406 16.063261395 1.66919283438 1.59166861982 1.60211949097 0.394447003913 4.05047352728 0.378417345678 3.31183052738 0.40964841179
-9999.0 -9999.0 -9999.0 -9999.0 -9999.0 -9999.0 -9999.0 -9999.0 -9999.0 -9999.0 0.754993545964 7.69661909302 0.734285692976 1.46578619457 2.13718020283 3.47895465993 0.68912051924 1.42511930339 0.70529362897 0.675069881009 0.649798350349 1.29102841468 0.587132583967 0.626688374312 1.23694728199 0.692570294384 170.619928459 171.701036525 173.280308505 1.98472442327 0.501814915685 1.00132386724 19.7311556544 19.1674660137 7.24897363942 0.538145001773 2.2876041517 1.72431897306 3.63076516548 1.09149540711 4.46138730662 1.58897552702 1.15314955859 0.196400658765 0.315767554039 16.4805579462 16.8545076645 20.4466669646 2.82738740511 0.80957987953 4.46606299234 5.25231143965 8.9309064685 0.807136160457
-9999.0 -9999.0 -9999.0 -9999.0 -9999.0 -9999.0 -9999.0 -9999.0 -9999.0 -9999.0 -9999.0 0.370669148794 8.48990894712 0.706968744706 1.37372629043 6.2077828628 0.699822598526 0.694046601494 0.637660532224 1.33181377516 0.657124564372 2.6032229661 3.7854145281 4.33817222561 1.7567035073 2.23953064762 0.556054977822 0.656240486971 0.622221180711 176.332840496 177.794305439 20.1709396239 20.0569563053 19.6181215926 0.951387106693 0.464310697906 2.7918876371 7.44040350628 4.14483699897 1.60068388216 6.55497250662 2.31919790779 1.85288095519 0.391100607666 0.170622603967 0.176172994439 0.215868564733 21.4828197242 25.4227590543 0.383366455368 0.353013386118 0.3837401329 9.29853134959 10.4549713135
-9999.0 -9999.0 -9999.0 -9999.0 -9999.0 -9999.0 -9999.0 -9999.0 -9999.0 -9999.0 -9999.0 0.350483756603 9.34802659658 11.5503571912 0.676789072942 7.56439570308 0.659316933471 0.638440809078 1.27583131228 3.25493843439 0.636970652089 0.660393430754 0.582026918191 5.49447905814 6.04581866422 8.87030736137 9.93653760256 10.4610988563 10.9736724784 11.5395496076 189.888209962 210.960551122 231.891409241 232.308375969 0.438990216776 0.471827910214 8.45274194551 7.94941943359 0.50670505784 0.49829582172 7.02239196874 9.83408448789 0.412959640273 4.22560251246 3.8953557288 0.854966075584 0.434457937684 0.712947114204 0.393947638451 26.111909131 0.347381396118 1.05886121086 1.33127381681 12.6307275081
-9999.0 -9999.0 -9999.0 -9999.0 -9999.0 -9999.0 -9999.0 -9999.0 -9999.0 -9999.0 -9999.0 0.784016261631 1.51637558334 12.2695594566 13.5728729488 0.658122936687 8.85962837294 0.577280800809 1.78118003538 3.84407848652 1.2364122107 0.597236806961 1.21759481528 0.523914616046 1.01895614425 0.504909050804 0.462249633208 0.368992528422 0.321253899367 0.291691695531 0.279607482976 0.388200528312 0.498227531044 0.585824762551 233.797406132 10.0656388141 9.22991284723 0.367582085221 1.4452536491 0.355213655603 0.297431728712 10.2863610721 15.8805547059 4.71706897094 3.52288442892 0.483128315835 0.206301619419 0.189072233011 0.506567752125 26.9708152729 27.6379899782 0.345648036252 0.348425289009 0.298041492222
-9999.0 -9999.0 -9999.0 -9999.0 -9999.0 -9999.0 -9999.0 -9999.0 -9999.0 -9999.0 -9999.0 -9999.0 0.693319370518 9.25466873679 23.5040964498 25.551951343 35.0457200499 35.6732438284 8.66426101906 6.28755391605 1.84233382049 0.590572169366 2.37986115891 2.94319393858 4.47555176023 1.02912879372 0.95941273165 0.873588652473 1.6880194875 0.777872377217 0.746624949076 0.382647632529 0.212460330081 0.263451918428 234.266143547 244.653273475 245.098292082 0.377599695493 3.81579725655 1.60878913219 0.488384224293 17.3717204877 1.04901874623 0.540338592196 2.23196931216 0.453125825741 0.367239025586 0.690929913725 0.989246837704 1.31917790557 28.218723582 0.276703393566 0.243954587601 0.244347674074
-9999.0 -9999.0 -9999.0 -9999.0 -9999.0 -9999.0 -9999.0 -9999.0 -9999.0 -9999.0 -9999.0 0.746668666044 7.03696297562 8.54670977973 1.39818045703 0.39721210882 0.917224609345 37.2065407733 37.7872991873 47.0562262671 0.537348845511 1.12347221101 0.501245929975 0.507593996543 4.97254174971 6.497591692 7.92715047278 0.459966903432 2.1491197244 3.38089308908 2.00530700903 0.824531535201 0.575285878577 0.49925217311 0.506933797421 0.28557268875 245.466158803 245.779463699 250.228581243 0.812752217902 0.429931622763 17.7888093907 1.12857619879 0.576491236521 0.616194171955 0.611518138134 0.55086208331 0.936529501663 2.68752224752 4.35606147474 32.8544477553 0.214829092285 0.642986323063 0.434591544803
-9999.0 -9999.0 -9999.0 -9999.0 -9999.0 -9999.0 -9999.0 -9999.0 -9999.0 -9999.0 -9999.0 0.760191336847 4.8611152127 0.769555211924 0.68928977503 3.52621188695 4.13628925706 4.76210099402 5.34301562805 63.7559970774 64.2402591721 65.2706578922 72.9190153442 74.3714073435 75.1698045389 75.6809280685 84.4889357024 85.5796249504 86.0423777021 89.9137750861 92.4159862926 92.8634325778 94.2167634183 0.920355518834 0.791166288896 0.171471344445 0.20614626024 246.114586983 251.712982134 1.17039591244 20.7454572377 20.3460801842 2.13279518818 0.514601706557 0.519766176519 0.501970673684 0.492873308706 0.989447940111 1.4031187694 0.392694253882 33.1230540435 33.4062694407 34.7279003444 34.9626537496
-9999.0 -9999.0 -9999.0 -9999.0 -9999.0 -9999.0 -9999.0 -9999.0 -9999.0 -9999.0 -9999.0 2.50220037484 3.31114193735 1.5600098315 2.30096134074 0.731923875546 8.31442650063 8.97535520775 10.2743222342 10.7687781769 4.25604915626 70.3212693517 70.7747320326 0.420608025802 0.288275143035 0.23317840077 0.552260876649 0.272656007607 0.196547467363 0.187075308328 0.234282988099 93.2194542823 94.6053485883 95.9611409072 97.1343614953 97.8840182579 0.340771727608 0.133318124638 273.442543314 21.4330197417 21.1607905406 0.447121105822 0.428081985489 0.394402480126 0.926917403946 0.909784981241 0.413960646937 0.416323369775 0.384529513158 0.771871540295 1.02422174349 0.201597649903 0.366828812296 0.142658441049
-9999.0 -9999.0 -9999.0 -9999.0 -9999.0 -9999.0 -9999.0 -9999.0 -9999.0 -9999.0 -9999.0 -9999.0 1.6930404744 0.79779463822 0.741644529227 6.998997777 7.67929476746 0.683085226238 2.67742904127 3.28320477705 3.80440544524 0.572096293263 0.430609604588 10.6353425907 10.9922225344 11.3236388052 29.4980284718 29.735803873 30.1084277292 32.2717443918 33.3813728772 33.5505477592 0.174114072627 0.182617717154 0.213584747538 98.3353551847 0.192650975873 277.109921935 276.763528741 3.05567864849 2.73683043333 1.71883692855 0.433550874447 0.78799032138 1.33525298784 1.31851597667 0.812419175088 0.401194753145 0.777316076082 0.770767684928 1.35873148495 0.219409224578 0.574893112306 0.940738406409
