data/baseflow/History/mHMbfrc333
ncols                  80
nrows                 72
xllcorner      4374000.0
yllcorner      5656000.0
cellsize            500
NODATA_value       -9999
[rows 0 to 23 of 72, columns 0 to 53 of 80]
-9999.0 -9999.0 -9999.0 -9999.0 -9999.0 -9999.0 -9999.0 -9999.0 -9999.0 -9999.0 -9999.0 -9999.0 0.471153871158 0.726860178347 -9999.0 -9999.0 -9999.0 -9999.0 -9999.0 -9999.0 -9999.0 -9999.0 -9999.0 -9999.0 -9999.0 -9999.0 -9999.0 -9999.0 -9999.0 -9999.0 -9999.0 -9999.0 -9999.0 -9999.0 -9999.0 -9999.0 -9999.0 -9999.0 -9999.0 -9999.0 -9999.0 -9999.0 -9999.0 -9999.0 -9999.0 -9999.0 -9999.0 -9999.0 -9999.0 -9999.0 -9999.0 -9999.0 -9999.0 -9999.0
-9999.0 -9999.0 -9999.0 -9999.0 -9999.0 -9999.0 -9999.0 -9999.0 -9999.0 -9999.0 -9999.0 -9999.0 0.789610043855 2.63387107137 0.619180561841 -9999.0 0.60085225327 -9999.0 -9999.0 -9999.0 -9999.0 -9999.0 -9999.0 -9999.0 -9999.0 -9999.0 -9999.0 -9999.0 -9999.0 -9999.0 -9999.0 -9999.0 -9999.0 -9999.0 -9999.0 -9999.0 -9999.0 -9999.0 -9999.0 -9999.0 -9999.0 -9999.0 -9999.0 -9999.0 -9999.0 -9999.0 -9999.0 -9999.0 -9999.0 -9999.0 -9999.0 -9999.0 -9999.0 -9999.0
-9999.0 -9999.0 -9999.0 -9999.0 -9999.0 -9999.0 -9999.0 -9999.0 -9999.0 -9999.0 0.301310144721 0.291276550575 0.305227921312 0.29809132935 3.19563580128 3.72840087226 1.72440680456 0.562141431133 -9999.0 -9999.0 -9999.0 -9999.0 -9999.0 -9999.0 -9999.0 -9999.0 -9999.0 -9999.0 -9999.0 -9999.0 -9999.0 -9999.0 -9999.0 -9999.0 -9999.0 -9999.0 -9999.0 -9999.0 -9999.0 -9999.0 -9999.0 -9999.0 -9999.0 -9999.0 -9999.0 -9999.0 -9999.0 -9999.0 -9999.0 -9999.0 -9999.0 -9999.0 -9999.0 -9999.0
-9999.0 -9999.0 -9999.0 -9999.0 -9999.0 -9999.0 -9999.0 -9999.0 -9999.0 0.292595909736 0.592826391652 1.17547752245 0.587006099138 0.284822863201 0.557153716964 4.00003472831 6.94244090346 0.601414244159 -9999.0 0.290426252501 -9999.0 -9999.0 -9999.0 -9999.0 1.19117072015 0.605914993773 -9999.0 -9999.0 -9999.0 -9999.0 -9999.0 -9999.0 -9999.0 -9999.0 -9999.0 -9999.0 -9999.0 -9999.0 -9999.0 -9999.0 -9999.0 -9999.0 -9999.0 -9999.0 -9999.0 -9999.0 -9999.0 -9999.0 -9999.0 -9999.0 -9999.0 -9999.0 -9999.0 -9999.0
-9999.0 -9999.0 -9999.0 -9999.0 -9999.0 -9999.0 -9999.0 -9999.0 0.33249246943 0.934743026367 1.21717814744 1.50223242191 2.0365522856 0.266424899143 1.06095699988 1.32088997103 9.18224301653 0.367976305624 0.25851204186 0.548463747089 0.797399378992 0.25913597541 -9999.0 3.02534941176 2.47012596726 0.655554086124 -9999.0 -9999.0 -9999.0 -9999.0 -9999.0 -9999.0 -9999.0 -9999.0 -9999.0 -9999.0 -9999.0 -9999.0 -9999.0 -9999.0 -9999.0 -9999.0 -9999.0 -9999.0 -9999.0 -9999.0 -9999.0 -9999.0 -9999.0 -9999.0 -9999.0 -9999.0 -9999.0 -9999.0
-9999.0 -9999.0 -9999.0 -9999.0 -9999.0 -9999.0 0.335933225895 0.305560939785 0.291055158987 0.295805549001 0.299239553021 2.10576556929 4.42748954872 4.70850915176 4.88157799024 0.136411462971 9.63782144431 9.89452734653 0.515070328837 0.253729094912 1.04139563489 1.80441369545 0.333241109254 4.11940396882 0.289032421728 0.352905014206 0.297812732751 -9999.0 -9999.0 -9999.0 -9999.0 -9999.0 -9999.0 -9999.0 -9999.0 -9999.0 -9999.0 -9999.0 -9999.0 -9999.0 -9999.0 -9999.0 -9999.0 -9999.0 -9999.0 -9999.0 -9999.0 -9999.0 -9999.0 -9999.0 -9999.0 -9999.0 -9999.0 -9999.0
-9999.0 -9999.0 -9999.0 -9999.0 -9999.0 -9999.0 0.666519908813 0.97901155037 2.20214358173 3.06461038558 0.268849125567 0.276514500746 0.265450602161 0.780661943475 5.89827409435 0.186511119021 10.1385515362 11.087358699 0.752833409758 0.485630561245 2.03760911415 0.251208435529 4.36462578811 0.522518973236 0.268937536777 0.614281280046 0.5808476006 0.267482511485 0.268351704336 0.262607365238 0.273515215347 0.548375317266 -9999.0 -9999.0 -9999.0 -9999.0 -9999.0 -9999.0 -9999.0 -9999.0 -9999.0 -9999.0 -9999.0 -9999.0 -9999.0 -9999.0 -9999.0 -9999.0 -9999.0 -9999.0 -9999.0 -9999.0 -9999.0 -9999.0
-9999.0 -9999.0 -9999.0 -9999.0 -9999.0 0.358998063905 0.693437378114 0.328758966315 0.638051144201 3.37897427963 3.94753796083 4.50918748192 14.4465426201 0.25783693373 6.1579126463 22.6101101948 22.7864745746 34.1834124387 0.194020028173 0.719517690815 2.27249650814 0.232870235721 7.33811193265 2.73492172369 1.72629127826 1.46489351807 0.286748771836 0.794278872876 0.782580895726 0.521887512885 0.251346048544 0.807712562307 0.247396111419 0.24437803877 -9999.0 -9999.0 -9999.0 -9999.0 -9999.0 -9999.0 -9999.0 -9999.0 -9999.0 -9999.0 -9999.0 -9999.0 -9999.0 -9999.0 -9999.0 -9999.0 -9999.0 -9999.0 -9999.0 -9999.0
-9999.0 -9999.0 -9999.0 -9999.0 -9999.0 0.361938697181 1.04710483586 2.07890509376 2.39224193717 4.73585429717 5.03087559975 5.95508694308 9.6772599235 15.2355726491 15.7739860006 16.0263737357 0.451088533303 34.9963427906 35.4081040639 36.5882183553 47.1521741575 8.05395695415 7.58521955125 1.97089043549 0.23904091313 1.57033559237 1.05552326779 0.244625558616 1.01781574023 0.226198712297 0.467256619786 1.28363894679 1.52297544067 0.481082198404 0.236869575669 0.233242253105 -9999.0 -9999.0 -9999.0 -9999.0 0.538457672546 0.484814010083 -9999.0 -9999.0 -9999.0 -9999.0 -9999.0 -9999.0 -9999.0 -9999.0 -9999.0 -9999.0 -9999.0 -9999.0
-9999.0 -9999.0 -9999.0 -9999.0 -9999.0 0.349102729353 0.331030550685 1.39021883464 1.70896397366 2.03921119356 0.314241468547 0.622236687924 3.52609220264 0.643346247999 0.295212353839 0.27318896916 0.246919546903 0.276513912817 0.262907549444 0.265461686697 47.4017539085 48.1035059438 0.229124645946 0.701266577213 0.475380406331 1.80842619342 0.496552162584 0.247256492065 1.26032889801 0.440088014625 1.05051331851 2.66563581679 2.4755282226 0.716732703964 0.705872449914 0.237809648328 0.237160217167 -9999.0 -9999.0 0.239107179374 1.02080503447 2.52540287398 0.51483326872 -9999.0 -9999.0 -9999.0 -9999.0 -9999.0 -9999.0 -9999.0 -9999.0 -9999.0 -9999.0 -9999.0
-9999.0 -9999.0 -9999.0 -9999.0 -9999.0 -9999.0 0.364018013187 0.367325173788 0.69200428105 1.02443740045 2.28043073197 2.91843556111 3.24147654693 0.35259968686 0.267361280719 3.55536440188 4.3628754417 4.6187408652 5.67267674976 5.91745529684 0.241561358805 48.3462758598 49.4234570832 0.84208967426 0.0555788866615 1.97420775662 4.43744432728 1.74418330992 0.439172290262 0.217584298971 4.13854007077 2.88761110254 0.219208588947 0.220895298018 0.932909518908 0.699028007254 0.23141908698 0.240092839551 0.232188294243 0.466447912689 0.226146074625 3.06947606649 3.29953299285 0.240946086017 -9999.0 -9999.0 -9999.0 -9999.0 0.268530720333 0.258069225268 0.0613902974158 -9999.0 -9999.0 -9999.0
-9999.0 -9999.0 -9999.0 -9999.0 -9999.0 -9999.0 -9999.0 0.355714989042 0.276129040556 0.617316739597 0.949642814597 0.321918051597 0.296412988819 1.85065050121 2.43587274609 3.02789659376 0.277274775476 0.541974284453 0.267600608916 6.16726682733 14.7061403803 15.2180836834 65.2866101558 0.223341609669 0.183074253074 0.0552196091634 4.66536943748 0.220511016547 0.661483759915 0.21542882576 4.3544296955 4.56858637759 0.438954038383 0.433161871273 2.31719508662 1.15796239604 0.479002018324 0.237664369443 0.464162386069 0.694806756358 1.14021238365 0.223478703948 3.78880254593 4.03623404558 0.228222755624 0.227332030099 0.252753104202 0.241069613306 0.233890634555 0.763876867783 0.256988945445 0.157619287372 -9999.0 -9999.0
-9999.0 -9999.0 -9999.0 -9999.0 -9999.0 -9999.0 -9999.0 -9999.0 0.64410985932 0.893576183146 0.319191707798 0.649761299627 0.956380423341 1.57380755237 0.316886539822 0.301113759903 0.262394267545 0.266166743386 0.24557330677 8.03607038271 0.26882019825 0.526334221709 66.397328584 67.254499784 0.299483685868 0.769321615737 5.65532692776 0.430442916442 0.861034359547 0.41045621775 0.611357904583 5.41210472468 0.641373094025 3.37169175624 2.73593844725 0.210832128279 1.15066429899 0.457140550471 0.680215594166 0.217961117603 1.37487316682 1.83608244907 2.05810947404 2.27368453736 4.90483978118 0.431464138864 0.467100078074 0.447386066521 0.43150529728 0.970957821326 0.200739804255 0.610917690539 0.783177166049 -9999.0
-9999.0 -9999.0 -9999.0 -9999.0 -9999.0 -9999.0 -9999.0 -9999.0 0.345480936074 1.57557522263 1.88660377143 0.311560156645 0.610388094584 0.298547461102 0.280141545774 0.274881657421 3.44363265696 4.61462829644 5.97489377653 7.48543436612 0.370547846019 0.262375120663 0.287777679943 68.9900534075 70.1445109683 70.5339887173 7.69715764058 1.73911415874 1.50765290908 0.207103520845 0.804380593771 6.41550000019 0.196690765856 3.57284673506 0.207132705526 1.46584184579 1.37365733238 0.216268892623 0.894640312009 0.431197220359 0.64196535071 0.220030753781 0.206274697274 2.48775766718 2.69206011033 5.10862728415 0.680604042885 0.655625638136 0.635398327577 1.17989354598 1.58314623712 0.200717761893 0.958834458242 0.180477484509
-9999.0 -9999.0 -9999.0 -9999.0 -9999.0 -9999.0 -9999.0 -9999.0 -9999.0 0.353353883972 2.21283412372 2.51936292333 0.911567945399 1.51034637407 2.07416445663 2.35874598124 0.290175214367 0.90500525073 0.58542027215 0.294145919368 0.28873554075 0.26226532606 0.526043620748 0.916958586489 0.44168668995 79.1177085553 79.4326774022 0.293388219453 0.212960823886 0.404031331447 0.60023107935 7.00317708955 0.391426216726 3.7629249013 2.23121707194 1.83927470663 0.20910617493 0.420917060126 1.09529093555 0.199670753134 0.838192853211 0.421609635312 0.300285698308 0.0672768844848 3.02511167838 8.31714466061 0.854072454604 0.83019833985 0.812868861912 0.175077758711 1.75707908166 0.171059301466 1.31809477144 0.162584049088
-9999.0 -9999.0 -9999.0 -9999.0 -9999.0 -9999.0 -9999.0 -9999.0 -9999.0 -9999.0 0.307978450834 3.14061112178 0.29985672751 0.599848628943 0.875295183644 1.4309458126 0.287549680315 0.612145608837 0.293078236448 0.281987700638 0.265727077711 0.533451876684 0.242278908621 0.274203909976 0.59982708623 0.367777808825 79.8443192118 80.5072060607 81.3670212767 0.824195812985 0.191805057292 0.382048194367 7.19885698791 6.9673402943 2.63651447402 0.199325922825 0.831081917706 0.625182656218 1.29657130999 0.399924875484 1.65705435307 0.619292198136 0.461105117456 0.0185209826728 0.0726144538119 8.50454077081 8.70061263468 10.5666905699 1.35315087549 0.358140818232 1.9427781977 2.29399321793 3.77429936219 0.323527077499
-9999.0 -9999.0 -9999.0 -9999.0 -9999.0 -9999.0 -9999.0 -9999.0 -9999.0 -9999.0 -9999.0 0.153707382134 3.44653168346 0.288135791831 0.560106222848 2.56734659186 0.309359587576 0.307673904025 0.265404000423 0.549795083559 0.262939177205 1.06067674959 1.55418266718 1.79349716482 0.837945894316 1.12135102069 0.316658095951 0.335798227333 0.367774561154 82.8169975637 83.4483535065 7.38369472266 7.33042087192 7.15159786598 0.378824275049 0.185807075535 1.02085780286 2.70012793157 1.48995957781 0.592106267808 2.44073517461 0.73376938012 0.549106406534 0.0355541568782 0.0163153559567 0.0216986831497 0.0417621916488 10.8099188255 12.6788798036 0.170114427331 0.162975835586 0.167652323557 3.93294081952 4.39874428772
-9999.0 -9999.0 -9999.0 -9999.0 -9999.0 -9999.0 -9999.0 -9999.0 -9999.0 -9999.0 -9999.0 0.14897021454 3.79935825038 4.69665237486 0.274161908899 3.12110497995 0.289288536257 0.267445582758 0.517255587147 1.32299845059 0.25243817879 0.263551710747 0.237642389644 2.27961759235 2.50454599778 3.86505768781 4.3807735931 4.59017234623 4.87830870908 5.14465322578 88.9528568634 96.7989738123 104.609041733 104.942623585 0.217793875566 0.187201977282 3.08058908885 2.8921154908 0.189490681796 0.18608744952 2.61649750265 3.54381290389 0.145315755863 1.12970419325 1.06128055453 0.0907912552368 0.0649183124321 0.10813420459 0.175103972919 13.0375159479 0.17948798063 0.478152686751 0.634367723556 5.32889773405
-9999.0 -9999.0 -9999.0 -9999.0 -9999.0 -9999.0 -9999.0 -9999.0 -9999.0 -9999.0 -9999.0 0.325277697644 0.621565411678 4.98601854537 5.51719174882 0.272582928695 3.93889223494 0.243959895217 0.739980645403 1.56047825006 0.490367421003 0.23711796751 0.497777174017 0.229990225196 0.43235434701 0.201159558266 0.159936992534 0.0853203373945 0.0585976956442 0.0479056020162 0.0457391580576 0.0918568043271 0.165510507029 0.286491178681 105.769801691 3.99914129313 3.56901793453 0.230141032262 0.554988974133 0.128271408529 0.105710857092 3.72544417961 5.38883159658 1.32959804086 1.02731399346 0.0492246602976 0.0208850690394 0.0187103337218 0.150595121028 13.3739022088 13.7440354566 0.189286626932 0.188981032711 0.0852923595456
-9999.0 -9999.0 -9999.0 -9999.0 -9999.0 -9999.0 -9999.0 -9999.0 -9999.0 -9999.0 -9999.0 -9999.0 0.279925851837 3.85538615987 9.6464614857 10.4782018435 14.7328471139 15.2552640754 3.75649867489 2.53332953979 0.732144442625 0.234421105742 0.960572730665 1.18912762709 1.82588633308 0.410798292792 0.356491160057 0.284904431178 0.536715519423 0.238262309511 0.216040986184 0.0916434619022 0.0182389937175 0.0375237541334 106.00862573 110.165160995 110.493000709 0.248082490675 1.63817100787 0.606584463545 0.190088953058 5.98924585463 0.421170076648 0.216525258869 0.815424649651 0.1207352107 0.120394320715 0.24105720279 0.391259310562 0.566019534405 14.0823679717 0.164625473172 0.152220586081 0.151727851497
-9999.0 -9999.0 -9999.0 -9999.0 -9999.0 -9999.0 -9999.0 -9999.0 -9999.0 -9999.0 -9999.0 0.30678076697 2.95191944968 3.57212585216 0.569100807573 0.166483214987 0.376965915421 15.8868779054 16.260658174 20.4816240497 0.218133148302 0.450633406686 0.204049708002 0.207531533111 2.02792430961 2.64033446761 3.18541645579 0.185213341997 0.720823479495 1.13962399629 0.657697845037 0.268102349796 0.12636491573 0.0684635202769 0.0941945474247 0.0696243750961 110.776016079 111.035809065 113.107574107 0.344690734466 0.176651900979 6.33953146218 0.434092374645 0.223891521942 0.238008041942 0.235729674971 0.214595176108 0.336271460834 1.10506736683 1.85552136317 16.1025393634 0.139687469326 0.417979710106 0.280853978904
-9999.0 -9999.0 -9999.0 -9999.0 -9999.0 -9999.0 -9999.0 -9999.0 -9999.0 -9999.0 -9999.0 0.315144892383 2.06391474677 0.318635921608 0.278261577914 1.448021177 1.695981897 1.95136323535 2.18897440618 27.3648013172 27.55765288 27.9722340341 31.0254738826 31.5712964932 31.8397150406 32.0491195401 35.4574035854 35.8177482142 36.0005095984 37.3120685835 38.1672235793 38.3455770302 38.7170796472 0.236664418203 0.145170622687 0.0161671942038 0.0393724723824 111.247490122 113.884874521 0.543388490727 7.76144748794 7.55849757383 0.834415581938 0.201604892928 0.205910307097 0.200690585377 0.197972783358 0.399003980016 0.584888479123 0.190975224286 16.2649734712 16.4328499583 17.2850430626 17.4345364928
-9999.0 -9999.0 -9999.0 -9999.0 -9999.0 -9999.0 -9999.0 -9999.0 -9999.0 -9999.0 -9999.0 1.07613416602 1.41737157668 0.64620619798 0.950979845871 0.300123679919 3.50442867797 3.78024455886 4.3204019041 4.45451922933 1.7302869073 29.9930948678 30.1589779372 0.124630844075 0.0612008710887 0.0320313436923 0.100917426458 0.0406906864569 0.0182343147324 0.0169803808837 0.0319852065173 38.4223842961 38.8210174457 39.2798619671 39.6248953212 39.7963139982 0.0550130562097 0.0341951605833 122.263029132 8.15627398366 7.97268571328 0.18459840317 0.186378159817 0.176852340476 0.382892925143 0.380022399365 0.170892919814 0.171638168196 0.16018362995 0.347875796862 0.493756999871 0.132329004555 0.241575694804 0.0729601092367
-9999.0 -9999.0 -9999.0 -9999.0 -9999.0 -9999.0 -9999.0 -9999.0 -9999.0 -9999.0 -9999.0 -9999.0 0.733596179696 0.333709688297 0.303414910139 2.95491746376 3.24465446399 0.286379345151 1.14970994595 1.38368714196 1.55240873071 0.199541757109 0.162152164204 4.33332227164 4.46401000552 4.56822908185 12.9875209515 13.0298242976 13.066124105 13.7623312073 13.8846478876 13.9002011479 0.0162692535676 0.0173067035766 0.0322994538442 40.145537829 0.0963537700245 123.936530374 123.652341048 1.23176743638 1.04962109685 0.713364461472 0.176022342683 0.355112028045 0.565231612497 0.562026648135 0.337157200207 0.165012699081 0.323842503479 0.315548303666 0.635616016727 0.0773218427263 0.311337307334 0.511482792989
