data/baseflow/History/mHMbfrc594
ncols                  80
nrows                 72
xllcorner      4374000.0
yllcorner      5656000.0
cellsize            500
NODATA_value       -9999
[rows 24 to 47 of 72, columns 0 to 53 of 80]
-9999.0 -9999.0 -9999.0 -9999.0 -9999.0 -9999.0 -9999.0 -9999.0 -9999.0 -9999.0 -9999.0 -9999.0 0.887706763254 2.45220552078 3.20347710263 5.4466598857 0.648276785151 1.3166345814 1.92938352884 7.56353371526 8.03978801574 8.34733740559 8.77845992869 9.23216600905 14.453471675 15.7442555281 16.4027298779 0.228023375468 1.55183211647 1.75444404415 29.8367197805 30.576956068 30.9352881866 31.3021803579 31.6007936792 122.176671434 0.264868326785 248.260958401 0.246757081545 0.110396686694 1.83778332493 1.62933548044 0.22110991671 0.857609636992 1.29349290762 1.2679381188 0.87812703054 1.43762449508 2.27209655545 0.849178147146 2.09578108347 0.170411102888 0.223977916157 0.0369975392561
-9999.0 -9999.0 -9999.0 -9999.0 -9999.0 -9999.0 -9999.0 -9999.0 -9999.0 -9999.0 -9999.0 -9999.0 0.831525329321 1.64415299657 0.748982090505 1.50468627063 0.650828557347 5.09278898228 6.33880592151 6.97409864582 0.570855047227 1.08001144668 11.1601074848 13.6729070028 14.0676415336 0.879955933105 0.886315490414 1.2214663312 0.168525098079 0.147634462756 0.274706053173 0.140931228417 17.5920363735 17.7727399408 17.9394163244 122.451932806 249.55624219 248.364681114 0.162500043046 0.0825465423585 0.0726537202321 0.380791533461 0.318580669487 1.01449913128 1.5188962722 3.0620634301 0.273474937298 0.271178904028 2.49165365486 2.71902208627 5.21458790508 5.32285813879 5.58647888541 5.65607781096
-9999.0 -9999.0 -9999.0 -9999.0 -9999.0 -9999.0 -9999.0 -9999.0 -9999.0 -9999.0 -9999.0 -9999.0 -9999.0 0.777006123306 1.55518993265 2.339950623 3.71650025434 0.727138845115 0.647865559656 4.74380480662 5.32448699619 10.2128999165 10.7933557534 1.61631371615 0.523720021767 0.449445128637 0.381554734835 16.5966316942 16.8237562359 17.0106814593 17.150471417 17.4337490752 2.20676625477 2.34353478657 20.4186943924 392.544118169 0.864445920531 0.638513108219 0.271825759856 0.0815723948714 0.0628926639986 0.520392289713 0.565340047173 1.12730806387 0.057223862591 3.14982146844 0.426445580817 0.414771053036 0.0573978997704 0.0358245440973 0.0317814835074 0.0428473291279 0.0333364362522 5.68996719737
-9999.0 -9999.0 -9999.0 -9999.0 -9999.0 -9999.0 -9999.0 -9999.0 -9999.0 -9999.0 -9999.0 -9999.0 -9999.0 -9999.0 0.751032704012 1.4759897286 2.13800054067 2.8051705036 3.45254133092 4.12129356127 1.9290246342 3.20579079481 0.573067116751 0.550290119788 14.2798753346 15.3216960352 15.7901730552 16.2787408962 0.310508895639 0.539377032745 1.53716992242 1.77248291771 1.99367136255 0.177505970785 0.123209766503 393.069837096 0.204228455911 0.262956601176 0.153589763321 0.384341174023 0.166497529977 0.111938128437 1.77219634283 1.85042560665 0.0504236706789 3.20977636378 3.68929612782 0.482704016083 75.6910235261 75.5793886407 75.4966653234 75.3161663388 75.2323711328 74.0418548189
-9999.0 -9999.0 -9999.0 -9999.0 -9999.0 -9999.0 -9999.0 -9999.0 -9999.0 -9999.0 -9999.0 -9999.0 -9999.0 -9999.0 0.202205704 0.44438245174 0.675865491293 6.80563821598 7.47922015449 0.684427407806 0.651146999914 0.642789575148 12.0263539959 13.2364175202 0.571613754046 0.574248438084 0.45531247088 1.90196621598 2.36226628221 1.00071395677 1.28091510012 11.2142726115 11.5267855655 12.0609004885 18.7771665012 412.013214043 0.245676765271 0.127833507816 0.624152229738 0.489705983568 0.0738468643204 0.267475655323 0.344818207267 1.93244398277 2.00029352947 5.8234708926 3.71787247686 0.521247342688 77.0197579989 0.524576148688 75.4238278227 75.3733934182 1.11608635434 0.0498394900245
-9999.0 -9999.0 -9999.0 -9999.0 -9999.0 -9999.0 -9999.0 -9999.0 -9999.0 -9999.0 -9999.0 -9999.0 -9999.0 -9999.0 1.01920640783 1.67837986229 3.42134727165 6.08885230319 8.1230423222 9.55357452177 10.1948044037 10.8483892395 11.4684393618 0.592941324337 0.522992686805 1.02148124202 0.94522033485 0.49598923753 9.81741616547 10.2660115255 10.6742341772 11.0569614336 5.92479737831 6.16982153279 6.54515655704 412.155095639 0.432584024453 0.456203687847 1.17232158328 0.108944542388 0.171917348486 0.0944499766346 0.0715681614311 0.422665680198 0.0536589864305 0.0567565032916 83.1607539986 77.2922058411 77.2316995885 0.225772406968 0.483625593529 0.304925367751 0.0623673268564 0.987507099102
-9999.0 -9999.0 -9999.0 -9999.0 -9999.0 -9999.0 -9999.0 -9999.0 -9999.0 -9999.0 -9999.0 -9999.0 -9999.0 -9999.0 0.711742785996 0.691654294306 1.36769886133 2.0370802042 0.736172833819 0.740491956432 1.42286541963 2.08902093391 3.31909966371 3.92863114501 4.45635312349 6.02472276386 6.50453294092 7.02688494451 0.46524432982 4.76126685502 5.13707669961 5.44435789328 0.208571016546 0.0956024733849 0.19088453749 418.763846478 418.896742468 419.609280483 1.50868733919 0.240031559663 0.330801935202 0.111570423918 0.129077042088 0.484535950042 0.587936436879 0.102665102137 83.4202227346 0.0835625504342 0.118498059273 0.12945885174 0.100889564153 0.187656913123 0.0782480379934 0.694309338591
-9999.0 -9999.0 -9999.0 -9999.0 -9999.0 -9999.0 -9999.0 -9999.0 -9999.0 -9999.0 -9999.0 -9999.0 -9999.0 -9999.0 -9999.0 0.673654874331 1.31847656925 0.617422814879 1.26767089411 7.82721594735 8.46313966314 9.10481067391 0.616853741 0.61397344524 1.14134476567 1.683188992 2.628514504 3.115435814 3.40914329482 3.84646912527 0.359532210569 0.305840952091 5.88249512522 5.99681541138 6.12735999535 6.27078422614 5.15825560225 425.337558355 427.665902555 427.764264757 428.170265739 428.603071672 428.782110382 0.0488258143144 0.636519519497 83.4671077238 0.0992255211281 0.050942300941 0.0669645637423 0.0705453559968 0.119677820601 0.104761314852 0.0619623883407 0.0978490256852
-9999.0 -9999.0 -9999.0 -9999.0 -9999.0 -9999.0 -9999.0 -9999.0 -9999.0 -9999.0 -9999.0 -9999.0 -9999.0 -9999.0 -9999.0 -9999.0 1.95613096482 2.5955796036 4.52050843438 5.91174409923 0.712873937384 10.5324276771 11.1434517733 11.7241771771 0.556381536854 1.0930298922 0.470203304835 3.61475503225 3.86843694367 4.28309877807 4.70649990569 5.61868232975 5.73923240958 0.0831142598528 4.59393159854 4.87790327312 5.02528631718 5.58928165191 0.691278338303 0.421839914527 0.235099545966 0.21152667587 429.060085847 429.127960047 430.074524073 83.5099401733 0.303793978914 0.167839455871 0.11264941512 0.0364220310836 0.342410477283 0.176312623125 0.0549872695812 0.307680741569
-9999.0 -9999.0 -9999.0 -9999.0 -9999.0 -9999.0 -9999.0 -9999.0 -9999.0 -9999.0 -9999.0 -9999.0 -9999.0 -9999.0 -9999.0 -9999.0 0.663993165115 3.24700291705 3.91869378428 0.745804708065 0.674477742934 1.36236698043 1.98001585194 14.2992793148 0.552907988689 2.22040855154 2.70904890627 3.18688519377 0.28629154633 0.660009276291 0.837750571866 3.73228939585 4.08175754341 4.21724600963 0.153122185018 0.131069869862 0.148196383216 0.277439545464 0.122884407869 0.126943541029 0.12099415826 0.138472662508 0.0737629059151 0.263510834455 430.151804965 513.847606339 0.474528833742 0.111551841127 0.0496765000644 1.06599084474 0.985790111261 0.584305735091 0.52352891203 0.389213298941
-9999.0 -9999.0 -9999.0 -9999.0 -9999.0 -9999.0 -9999.0 -9999.0 -9999.0 -9999.0 -9999.0 -9999.0 -9999.0 -9999.0 -9999.0 0.597280832409 1.86108962207 0.604219525133 0.782073837886 0.763169545846 1.46121524046 2.14477290228 2.76370265348 17.625637622 18.1645130809 0.554336916605 1.05031039878 1.55193699013 1.88674967519 2.25238439004 3.275389504 3.58612387199 0.177541671095 0.187177124307 0.0970321230568 0.0909977408822 0.186531387664 0.189299139484 0.204073642475 0.235669969047 0.549647912611 0.219966807083 0.0819871032556 0.0803386076342 0.0658069814777 0.121557211344 517.670950729 3.27209188417 1.3432313117 0.163716224538 0.0821736129436 0.0467939053048 0.150027114049 0.0983438815385
-9999.0 -9999.0 -9999.0 -9999.0 -9999.0 -9999.0 -9999.0 -9999.0 -9999.0 -9999.0 -9999.0 -9999.0 -9999.0 -9999.0 0.626915861921 1.21298399523 4.25176259845 0.569846857076 1.47032895032 2.21255044362 2.89583382097 0.705079521711 1.3125869029 1.92115215789 20.6018598513 0.525267295065 0.991583762354 1.47182235738 0.440234045148 0.865980451333 1.03728217284 1.32162324317 35.3999461218 35.8012908437 36.158630211 37.6343044396 37.9869250206 38.917257076 0.421745603769 0.87463566087 0.682261288095 41.883611293 42.0262045391 0.0727479541948 0.118466691927 0.162525894835 517.731761481 3.09995764511 1.37543383871 1.26069551858 1.06028714241 0.935238863563 0.19761293337 0.0497783311673
-9999.0 -9999.0 -9999.0 -9999.0 -9999.0 -9999.0 -9999.0 -9999.0 -9999.0 -9999.0 -9999.0 -9999.0 -9999.0 -9999.0 0.639026441211 1.93172451646 6.81668436604 10.0834234763 0.516299126445 13.0842722107 16.5602746526 0.668444812528 1.27550302876 1.89643876974 26.0107618819 26.5053761763 0.384798982854 2.25152766049 2.61786346403 2.95717077179 32.9640534247 33.5553147526 33.9101386812 0.171247129747 1.02581507057 1.2085702039 0.435357722533 0.604500574632 39.7780659152 40.9016454484 41.0237953494 41.1373727765 42.150837756 0.0604204397219 0.0528537328198 0.259186915686 517.80700409 0.250483622666 0.0404501945021 0.112211383133 0.0454028997587 0.81238693015 0.717767966094 0.435218038204
-9999.0 -9999.0 -9999.0 -9999.0 -9999.0 -9999.0 -9999.0 -9999.0 -9999.0 -9999.0 -9999.0 -9999.0 -9999.0 -9999.0 -9999.0 -9999.0 1.34030802553 2.68693119993 11.9048085333 12.5393712901 17.1225813315 17.7097918704 0.646388304122 1.29165915974 3.0274266399 26.9618647666 27.7773488289 28.0823581661 0.238550173215 29.1857393007 29.7863560089 0.37870040843 0.174008075051 0.339402808211 0.651538392858 0.152663149655 0.293397608357 0.62240323234 0.759243016523 0.143497657483 0.0923440741229 0.177788872598 42.9389074526 43.1927977478 43.2381921616 43.6371899971 517.870478445 0.213002965096 0.0233652613682 0.0254082018297 0.0240259474354 0.0252698751429 0.0205747637796 0.0365420816518
-9999.0 -9999.0 -9999.0 -9999.0 -9999.0 -9999.0 -9999.0 -9999.0 -9999.0 -9999.0 -9999.0 -9999.0 -9999.0 -9999.0 -9999.0 -9999.0 0.696163303442 0.680736942191 0.655487701735 1.26635549199 0.546509511581 18.8039545141 19.3423451392 0.609879318986 1.18950792462 0.520062409645 0.394111238874 0.379445322961 28.7195063312 0.190593523157 0.383736889816 0.222877949305 0.188327755988 0.160212460589 0.118075321858 0.12369203327 0.374278838938 0.514728392903 0.0948101390426 0.0827760486182 0.180321060138 0.304675732987 0.414358225743 0.130521092762 43.3248277405 43.6852062502 517.921569064 0.377507951036 0.0615252579319 0.0111908688351 0.0322142777238 0.00853143030255 0.00652236122764 0.0441235864255
-9999.0 -9999.0 -9999.0 -9999.0 -9999.0 -9999.0 -9999.0 -9999.0 -9999.0 -9999.0 -9999.0 -9999.0 -9999.0 -9999.0 -9999.0 -9999.0 -9999.0 -9999.0 0.671206178772 1.87530207761 2.40209580053 2.93834790101 19.8694547732 20.4058895621 20.9213712124 21.448139873 21.8169460482 22.5899446097 22.7816783582 22.9525262078 23.1128883063 0.168869743741 0.151818397071 0.158431026449 0.531802738578 0.140342883833 0.129833265518 0.0986505017216 0.283441186464 0.113445751334 0.0851052243623 0.0784507291061 0.0658278685842 0.131369661689 0.19185504042 44.083556306 562.431705782 0.0993970275065 0.162057289277 0.00774405696432 0.0435647938485 0.0261102564262 0.0131451354036 0.512004261162
-9999.0 -9999.0 -9999.0 -9999.0 -9999.0 -9999.0 -9999.0 -9999.0 -9999.0 -9999.0 -9999.0 -9999.0 -9999.0 -9999.0 -9999.0 -9999.0 -9999.0 -9999.0 -9999.0 0.563718764674 4.44721083778 8.58610405794 9.12692676151 0.690497619435 1.29935170515 1.88562872307 2.35023592235 5.48414186319 5.6743907373 0.183887811004 0.173588698957 23.546296444 23.8790987459 24.0178714474 0.628994742294 0.0837552194203 0.207491082276 0.30546713742 0.917677940502 1.1307663976 1.29425535723 0.149141544559 0.208325830786 0.0709296106828 0.145968069141 0.0737136204995 562.562365981 0.0767373829915 0.321849163927 0.0665104906792 0.14685936527 0.666157208954 0.720390041132 1.27895059211
-9999.0 -9999.0 -9999.0 -9999.0 -9999.0 -9999.0 -9999.0 -9999.0 -9999.0 -9999.0 -9999.0 -9999.0 -9999.0 -9999.0 -9999.0 -9999.0 -9999.0 -9999.0 0.62518234011 1.9915424544 3.89659111945 5.08857458009 12.7675980919 13.3898346964 1.22764537214 1.81885194667 2.31722857003 2.77041814841 5.8656524481 6.24070283161 10.8573097635 11.2087496967 11.4244615367 24.1495844549 25.0845529849 0.205075403905 0.135817638319 0.127825426775 0.241051927381 0.109465452031 1.50857318508 1.58677252889 0.283876787237 0.399952034846 0.138460377855 136.750938888 136.920009587 699.560513409 699.985258251 0.0945038688875 0.3428337861 0.262055506497 0.155593939103 1.54801031445
-9999.0 -9999.0 -9999.0 -9999.0 -9999.0 -9999.0 -9999.0 -9999.0 -9999.0 -9999.0 -9999.0 -9999.0 -9999.0 -9999.0 -9999.0 -9999.0 -9999.0 -9999.0 -9999.0 0.712209714549 0.689779356531 1.30396727256 3.09203371213 13.9589812359 0.632554055732 0.624333480186 1.11855249021 1.62525679102 3.79889936638 4.07731020957 0.19277326012 0.225425325829 11.626194428 11.77290742 37.0556292456 37.2129357097 0.0695981723689 0.0608106328626 0.0494199560647 0.0499124471244 0.0573312676333 135.121271131 135.612255401 136.085674571 136.320310879 136.642625334 0.0870071296281 0.3196665398 0.376091167413 700.500995721 700.550299065 700.584386411 700.664568643 700.765695472
-9999.0 -9999.0 -9999.0 -9999.0 -9999.0 -9999.0 -9999.0 -9999.0 -9999.0 -9999.0 -9999.0 -9999.0 -9999.0 -9999.0 -9999.0 -9999.0 -9999.0 -9999.0 -9999.0 -9999.0 0.632968760658 0.66211969577 1.22680058683 16.3549000209 16.9098779567 0.612976078369 1.10646343057 1.62319790913 1.93999648539 0.265054113695 0.543016800184 35.0581814431 35.2237268027 35.4387187805 36.6515467698 73.980804455 132.062159937 132.239517616 132.394840042 132.544098448 133.230084586 133.455714608 0.423462220363 0.187053053385 0.115206108663 0.214971786837 0.159371252253 0.253313024142 0.079282495127 1.81549053749 2.17648902038 2.45272145721 2.4806347912 700.79837076
-9999.0 -9999.0 -9999.0 -9999.0 -9999.0 -9999.0 -9999.0 -9999.0 -9999.0 -9999.0 -9999.0 -9999.0 -9999.0 -9999.0 -9999.0 -9999.0 -9999.0 -9999.0 -9999.0 -9999.0 -9999.0 0.645143412723 1.23410556452 1.82648249037 17.4047989816 0.533749905215 23.4904066832 24.0244642091 24.293735023 24.5917925561 33.9173497668 34.2323360513 0.161957808512 0.929933390403 1.09399826138 0.161866923401 57.9095968869 57.6176983082 0.0855345684728 0.200452791571 0.549037397168 0.123790690078 0.133548666958 0.0955368004983 0.0816662694615 0.0633588696884 0.0758084148736 1.56107641127 1.64229549979 1.74939387309 0.301594062115 0.219593388684 2.58305857681 2.62412420795
-9999.0 -9999.0 -9999.0 -9999.0 -9999.0 -9999.0 -9999.0 -9999.0 -9999.0 -9999.0 -9999.0 -9999.0 -9999.0 -9999.0 -9999.0 -9999.0 -9999.0 -9999.0 -9999.0 -9999.0 -9999.0 0.589400130789 0.551137117434 2.85639912619 21.3781078793 22.4636296609 22.9983526284 0.505193761617 8.69177796941 8.92570046806 9.04454120845 0.285238875967 0.479505526847 0.636703772362 13.3849085901 13.5097484284 13.6133300374 57.4299177028 35.8786144429 0.112293473925 0.119116172938 0.113215529937 0.0875849093654 0.944780594032 1.13224272862 1.29596313941 1.38929320438 1.47880973971 12.1766586274 12.2644980656 12.3954465749 12.654038023 13.5052778657 13.5351343156
-9999.0 -9999.0 -9999.0 -9999.0 -9999.0 -9999.0 -9999.0 -9999.0 -9999.0 -9999.0 -9999.0 -9999.0 -9999.0 -9999.0 -9999.0 -9999.0 -9999.0 -9999.0 -9999.0 -9999.0 -9999.0 -9999.0 1.15195088685 1.7551772471 0.586380967641 0.633167676713 7.01447790782 7.53236132324 7.86975305749 2.7943078866 2.99916947199 3.23696642978 3.42629980592 13.0991111336 13.2821029573 7.56676585146 21.3194374542 21.4478485355 35.7892770067 0.244210193367 0.12363267697 0.0838346675152 0.65875554708 0.772451889886 0.068677720378 0.0640815145977 11.8606261742 12.0280211712 12.1132920029 0.111986235514 0.177987702416 13.3832786255 0.0509811581438 0.224470838012
-9999.0 -9999.0 -9999.0 -9999.0 -9999.0 -9999.0 -9999.0 -9999.0 -9999.0 -9999.0 -9999.0 -9999.0 -9999.0 -9999.0 -9999.0 -9999.0 -9999.0 -9999.0 -9999.0 -9999.0 -9999.0 -9999.0 0.576836429596 1.14046847305 4.67172636982 5.26507110338 5.8380082086 2.20386571862 2.58739415319 0.222838491999 9.11396983651 9.30692879208 9.49683372828 0.184811678652 7.23023748317 7.42117215304 0.133273058949 35.1464090007 0.280419850066 0.138626767805 0.361660494788 0.485779729105 0.0914136401524 0.0738350870759 11.0169309075 11.7068036535 11.8073855285 0.101314735421 0.224555121662 0.28168266997 0.352336141926 0.646136449638 0.0838283108538 0.185635255332
