data/baseflow/History/mHMbfrc584
ncols                  80
nrows                 72
xllcorner      4374000.0
yllcorner      5656000.0
cellsize            500
NODATA_value       -9999
[rows 24 to 47 of 72, columns 0 to 53 of 80]
-9999.0 -9999.0 -9999.0 -9999.0 -9999.0 -9999.0 -9999.0 -9999.0 -9999.0 -9999.0 -9999.0 -9999.0 0.332197464727 0.907385719988 1.19670730157 2.06766108746 0.269618107051 0.542224631854 0.791097448564 2.98183849265 3.11674099938 3.15285435561 3.30957177781 3.54325765493 6.68579241577 7.34602308598 7.57125432933 0.031451722948 0.531930431789 0.554805711682 12.3750814122 12.4626134377 12.4971427933 12.5328939366 12.5781609672 49.442530514 0.34950805742 117.953130644 0.0826466165173 0.0203729075919 0.892588288925 0.840172484915 0.0788698733743 0.52272955173 0.749329787748 0.746019155746 0.509069050666 0.833780633743 1.32271207896 0.496430456847 1.32043720751 0.0776742929831 0.0978890548274 0.00919664250751
-9999.0 -9999.0 -9999.0 -9999.0 -9999.0 -9999.0 -9999.0 -9999.0 -9999.0 -9999.0 -9999.0 -9999.0 0.305865416509 0.607142939053 0.284799404738 0.575787927492 0.255336209593 1.9642247665 2.48284351775 2.73898185233 0.235405690298 0.406323727542 5.29230349986 6.31558751086 6.48430253829 0.447587586251 0.396645798151 0.494231229628 0.0191800821769 0.01702824164 0.032593759383 0.0359156241068 11.3549478375 11.4099279417 11.4698230917 49.6857188209 118.715379778 117.982758202 0.0303666743294 0.0140052029068 0.0128400397496 0.102285639202 0.0913029225689 0.54911393934 0.841682350928 1.74872431019 0.161214137875 0.161292802775 1.42106517664 1.51620353294 3.05702580907 3.11865848453 3.22679864128 3.24485724863
-9999.0 -9999.0 -9999.0 -9999.0 -9999.0 -9999.0 -9999.0 -9999.0 -9999.0 -9999.0 -9999.0 -9999.0 -9999.0 0.287462517762 0.581351279271 0.878056538381 1.41495390711 0.294218264494 0.26952956202 2.78338901665 3.02607068622 4.98446833632 5.21734399834 0.654332204872 0.23274795444 0.224422753521 0.209496352192 11.1411879048 11.2088279234 11.2357037919 11.2528768873 11.3120194075 0.79143489508 0.905398437618 12.4840649593 181.004221889 0.436013206756 0.297719662085 0.0736993216586 0.0269211198389 0.0144932898385 0.128340015516 0.138933819106 0.571143948837 0.0105863051838 1.76746388275 0.209954909261 0.203973018898 0.011926287064 0.00877776304189 0.00866872404554 0.0390071611891 0.0090376614939 3.2539901947
-9999.0 -9999.0 -9999.0 -9999.0 -9999.0 -9999.0 -9999.0 -9999.0 -9999.0 -9999.0 -9999.0 -9999.0 -9999.0 -9999.0 0.28084485004 0.820382066058 1.38539232554 1.97356689542 2.24412006815 2.52262127609 0.800622221066 1.31171904175 0.230360042499 0.226192009079 10.0785018056 10.5264742651 10.7428073349 10.9693891699 0.150990068834 0.236324550883 0.644064148987 0.671311792417 0.711476274136 0.119840383892 0.216882190574 181.590131553 0.168445780411 0.171343618009 0.0801726084339 0.166662082684 0.0757878021602 0.0604218072677 0.754223337504 0.873176953487 0.0434710320341 1.83242578453 2.05021552635 0.21085491226 44.0619167183 44.0409132847 44.0212934018 43.9337220487 43.8504494883 43.1637265844
-9999.0 -9999.0 -9999.0 -9999.0 -9999.0 -9999.0 -9999.0 -9999.0 -9999.0 -9999.0 -9999.0 -9999.0 -9999.0 -9999.0 0.190513004539 0.418145803536 0.584449763287 6.40894810275 6.68640521413 0.280922146159 0.271118230684 0.255524923796 9.13110636519 9.62006498491 0.236104892174 0.232180869181 0.206402432755 0.810879168329 1.00680670444 0.440326702579 0.515149742618 4.6183408694 4.7146526209 5.05435362939 7.95376227732 189.690317539 0.196709188032 0.0746313033517 0.285547418101 0.224334808411 0.066465747893 0.198418908608 0.270180135763 0.954502850685 1.03608722887 3.21049815856 2.07637297722 0.224324651564 45.1552897605 0.616114095771 43.9962409395 43.9669216685 0.60861650587 0.0807847126874
-9999.0 -9999.0 -9999.0 -9999.0 -9999.0 -9999.0 -9999.0 -9999.0 -9999.0 -9999.0 -9999.0 -9999.0 -9999.0 -9999.0 1.00486355113 1.65412803202 3.28402390928 5.9528469106 7.3123404619 8.12080492191 8.3817858736 8.64556455365 8.89827466585 0.242145511147 0.223028057022 0.431475034312 0.410626612153 0.205285077092 4.03992803741 4.23163016134 4.41289482377 4.57729184254 2.26254816791 2.30138388272 2.59152461437 189.812893609 0.356909153136 0.218719230546 0.537156433846 0.051185339743 0.22090848715 0.136044644484 0.0673362387971 0.374945312894 0.0654679732345 0.0673454225742 48.7289367324 45.4601756945 45.388730836 0.236928764306 0.592884357273 0.332329337029 0.0467004627103 0.377856332924
-9999.0 -9999.0 -9999.0 -9999.0 -9999.0 -9999.0 -9999.0 -9999.0 -9999.0 -9999.0 -9999.0 -9999.0 -9999.0 -9999.0 0.70230775526 0.691560203244 1.36808908274 2.0283408526 0.368732999205 0.264600236802 0.535263608161 0.797788000654 1.28384328255 1.52841609245 1.76100156887 2.42726562941 2.63552051369 2.84841861718 0.181882502673 1.97257284249 2.10405741201 2.1670593586 0.0247716405043 0.0062711344131 0.0193994794195 192.369368726 192.487147697 193.06913667 0.685226615822 0.103252987491 0.303699002632 0.0698920352783 0.127487118113 0.446712130137 0.569282109066 0.124389011301 49.0790578163 0.143243056539 0.141523621695 0.140275254099 0.166420267549 0.219015791714 0.0989858321867 0.3000937733
-9999.0 -9999.0 -9999.0 -9999.0 -9999.0 -9999.0 -9999.0 -9999.0 -9999.0 -9999.0 -9999.0 -9999.0 -9999.0 -9999.0 -9999.0 0.6754273575 1.32229791541 0.609581643999 1.21338969587 7.51260477643 7.87513408784 8.13752608514 0.247022173518 0.243515057443 0.476448950731 0.7017634199 1.11915858897 1.31870332073 1.42580708785 1.60140810761 0.143902146734 0.0864045408283 2.28155919462 2.29181310844 2.33813779636 2.41610877165 2.28646884332 195.698732807 196.888220992 196.941155765 197.294423221 197.556342388 197.781270176 0.0732265008923 0.633258906645 49.1535699826 0.176732677904 0.09029426941 0.153859386227 0.144688728033 0.227129979278 0.123622471368 0.0694158415203 0.0902936427112
-9999.0 -9999.0 -9999.0 -9999.0 -9999.0 -9999.0 -9999.0 -9999.0 -9999.0 -9999.0 -9999.0 -9999.0 -9999.0 -9999.0 -9999.0 -9999.0 1.96034827667 2.59284039372 4.50113791248 5.71412978426 0.575712304467 8.99017924478 9.23623034166 9.48086105859 0.239910502362 0.472543570732 0.213711442629 1.57485520078 1.66976582474 1.82232093635 1.95797952386 2.24715113287 2.26949956518 0.0149864246362 1.91434903536 2.08806842757 2.20452192916 2.51481335361 0.403474926665 0.247305092968 0.129516827666 0.121336551007 197.9934599 198.121693233 199.27835395 49.2443860524 0.53699455829 0.279033281536 0.209550662007 0.0467226834675 0.482190825474 0.198950486497 0.062831917299 0.306875666222
-9999.0 -9999.0 -9999.0 -9999.0 -9999.0 -9999.0 -9999.0 -9999.0 -9999.0 -9999.0 -9999.0 -9999.0 -9999.0 -9999.0 -9999.0 -9999.0 0.672256857831 3.24807418389 3.90891519607 0.575927161745 0.265205576139 0.527248821349 0.76586718119 10.4923294664 0.238693943674 0.957528289353 1.17724100447 1.39238511321 0.102311096531 0.245145457056 0.28152502974 1.5208674469 1.64762089453 1.73065684157 0.0833012559064 0.0663929035403 0.0598870400393 0.109171822458 0.0391549698781 0.0423531955828 0.0925532443954 0.0677909893715 0.0962735871256 0.421788272183 199.412416041 249.002243711 0.665833137393 0.0879268084947 0.0636902391611 1.29310317656 1.19235415966 0.634151721969 0.55214684138 0.387593966769
-9999.0 -9999.0 -9999.0 -9999.0 -9999.0 -9999.0 -9999.0 -9999.0 -9999.0 -9999.0 -9999.0 -9999.0 -9999.0 -9999.0 -9999.0 0.607863683934 1.89382443551 0.618356393725 0.427426712223 0.297978052402 0.57748104086 0.845145125104 1.19526526282 12.2165378843 12.4478747811 0.237167126544 0.457216883946 0.676574976759 0.8132924032 0.924090842261 1.22289879103 1.44553805382 0.0156845494441 0.0539122372715 0.0591577384656 0.0981505700612 0.0905134928464 0.0866560299929 0.0736998534465 0.081569455248 0.473932989201 0.234611559785 0.191084784708 0.190761207037 0.120409274246 0.22082936905 254.033366562 4.29862489899 1.76531474355 0.305338888087 0.148002415786 0.094463920553 0.237992061631 0.134518214063
-9999.0 -9999.0 -9999.0 -9999.0 -9999.0 -9999.0 -9999.0 -9999.0 -9999.0 -9999.0 -9999.0 -9999.0 -9999.0 -9999.0 0.634549956834 1.23459661313 4.36102728179 0.615164909604 1.01521693703 1.30542402695 1.57969189663 0.282210341912 0.533301893553 0.994085903471 13.9304806457 0.226550582916 0.436300352384 0.641662794829 0.181254839015 0.345329172512 0.360603384975 0.519047793449 21.0807625399 21.2172290412 21.3625140711 22.1480228318 22.4186761437 23.036315166 0.183920210963 0.370297973756 0.567105713497 25.21652777 25.5186694456 0.17526973115 0.258735568851 0.342619534053 254.193905908 4.16826112911 1.92404131911 1.73701248284 1.57667589747 1.4359458707 0.314944263466 0.0931719969926
-9999.0 -9999.0 -9999.0 -9999.0 -9999.0 -9999.0 -9999.0 -9999.0 -9999.0 -9999.0 -9999.0 -9999.0 -9999.0 -9999.0 0.643078834006 1.95163947343 6.95377474179 10.3438428924 0.569369211132 13.5355563046 15.6785658412 0.266565044845 0.514560511549 0.910587539862 16.6820857711 17.0834594285 0.202354930096 1.04623618154 1.22491004237 1.32871777728 20.2456244334 20.3592926811 20.5285346575 0.0977819798117 0.556440153727 0.662039340917 0.322402214278 0.46196162819 23.7114723054 24.3068078446 24.4337219875 24.5568961333 25.7004116186 0.0890098766419 0.083304110519 0.511385718104 254.383167653 0.269029327366 0.00420072975067 0.00823464525207 0.00255102216584 1.20568975283 1.19090897264 0.717582195253
-9999.0 -9999.0 -9999.0 -9999.0 -9999.0 -9999.0 -9999.0 -9999.0 -9999.0 -9999.0 -9999.0 -9999.0 -9999.0 -9999.0 -9999.0 -9999.0 1.37211764905 2.77327674393 12.2812809754 12.9518963801 16.2814417493 16.8620572078 0.26273829327 0.525033276645 1.34695008854 17.5896366923 18.0566490286 18.2429726413 0.159306178358 18.7851460553 18.8870470185 0.081504025852 0.0988377965911 0.19088526174 0.377031782083 0.093654131871 0.193318379033 0.442928243919 0.560383324491 0.108157883957 0.0829260321438 0.168350046696 26.2383321473 26.3947265862 26.4699049241 27.171195682 254.54587583 0.259187655884 0.00331346332524 0.00148048046483 0.00143131698209 0.0014976680911 0.00125398704597 0.00224210874689
-9999.0 -9999.0 -9999.0 -9999.0 -9999.0 -9999.0 -9999.0 -9999.0 -9999.0 -9999.0 -9999.0 -9999.0 -9999.0 -9999.0 -9999.0 -9999.0 0.719668837036 0.706892112327 0.686902281023 1.32769343348 0.591630263935 18.0408095678 18.5736126546 0.299857842514 0.54081511356 0.242928617954 0.213449334259 0.208755838695 18.5281330976 0.0228005670732 0.0449625877721 0.0600588810922 0.10010271681 0.0927771138731 0.0789744179117 0.0814173631602 0.249520590117 0.339582792542 0.0722708605141 0.0656942520748 0.14112701701 0.230018555332 0.2775671899 0.0639648871371 26.5620175353 27.2523065452 254.681779773 0.441038929503 0.0053972623984 0.000663781501095 0.00192840701242 0.000517270474511 0.000392443547306 0.00269517379119
-9999.0 -9999.0 -9999.0 -9999.0 -9999.0 -9999.0 -9999.0 -9999.0 -9999.0 -9999.0 -9999.0 -9999.0 -9999.0 -9999.0 -9999.0 -9999.0 -9999.0 -9999.0 0.69820246567 1.97137790622 2.54420095758 3.1250756543 19.1330722147 19.6749200704 20.1920701124 20.6459843641 20.849199332 21.2621293137 21.2910069024 21.3094136937 21.3454580432 0.089836595022 0.0863923651484 0.0901518553273 0.334764020535 0.0880784642635 0.0859486405085 0.0718589976642 0.213316286724 0.0823755374371 0.0683296652844 0.0642992045662 0.056423624492 0.11265053042 0.165992063586 27.6001293246 282.848106407 0.173324393395 0.326119498338 0.000428586792842 0.00377908064612 0.00516211181524 0.000790095461196 0.818171655929
-9999.0 -9999.0 -9999.0 -9999.0 -9999.0 -9999.0 -9999.0 -9999.0 -9999.0 -9999.0 -9999.0 -9999.0 -9999.0 -9999.0 -9999.0 -9999.0 -9999.0 -9999.0 -9999.0 0.59848066969 4.63903127034 9.03151882468 9.62020307765 0.528867471933 0.829170056433 1.06784832556 1.26329551677 2.57009014568 2.65139367507 0.0831840097601 0.0802363396701 21.5217341897 21.6878850289 21.7685893366 0.404634587199 0.0668369759783 0.157812679715 0.232632389041 0.695843007509 0.852485774606 0.984018930924 0.122496652756 0.173444437551 0.0591567474362 0.118595677926 0.061432353158 282.977722014 0.156478860088 0.630830283043 0.147768428856 0.194613517091 0.926285331648 1.00445838117 1.90415743514
-9999.0 -9999.0 -9999.0 -9999.0 -9999.0 -9999.0 -9999.0 -9999.0 -9999.0 -9999.0 -9999.0 -9999.0 -9999.0 -9999.0 -9999.0 -9999.0 -9999.0 -9999.0 0.653644386878 2.06430519531 4.05196625703 5.30823740034 13.4457588693 14.0113782481 0.498102023716 0.738532696266 0.938537377663 1.12799206761 2.69128611701 2.8383343349 4.44263230729 4.55327103111 4.62755808437 21.8536436787 22.4928388847 0.155321197146 0.0958953825058 0.093004683227 0.181651007391 0.0851578744745 1.14794149484 1.21104905624 0.230304219112 0.279251573228 0.0583916410866 90.3607111262 90.4934096855 373.586943919 374.433246065 0.164771418209 0.535617262221 0.336770568179 0.230379579777 2.20061434472
-9999.0 -9999.0 -9999.0 -9999.0 -9999.0 -9999.0 -9999.0 -9999.0 -9999.0 -9999.0 -9999.0 -9999.0 -9999.0 -9999.0 -9999.0 -9999.0 -9999.0 -9999.0 -9999.0 0.731054999356 0.71086383074 1.35687118022 3.23846066996 14.5903799953 0.254779480282 0.251661154116 0.458563459084 0.654891910013 1.39067798153 1.43752323399 0.0300950296736 0.0755126415454 4.72834491672 4.81872775543 27.3841472616 27.4524960948 0.0620054907077 0.0560274172053 0.049380445873 0.0497986551471 0.0523862858701 89.2748270247 89.6402000941 89.9672278556 90.0702984875 90.3087187015 0.0689753729076 0.258339145946 0.334477573499 374.985400811 375.104798873 375.190947512 375.253966228 375.299921814
-9999.0 -9999.0 -9999.0 -9999.0 -9999.0 -9999.0 -9999.0 -9999.0 -9999.0 -9999.0 -9999.0 -9999.0 -9999.0 -9999.0 -9999.0 -9999.0 -9999.0 -9999.0 -9999.0 -9999.0 0.662421701803 0.687838422705 1.28617634735 17.0991544814 17.6386274487 0.24731183953 0.449569609957 0.649731226184 0.700250634456 0.0352588735617 0.113506075132 31.5531032414 31.6393447943 31.707828247 32.293528908 59.8136620809 86.9329544934 87.072858396 87.2044850911 87.3314274351 87.8399349057 88.0003663205 0.309475085794 0.143018799763 0.0836625465441 0.159522450006 0.128013110247 0.200953067576 0.0661382320762 1.35388572391 1.76191296507 2.13382631114 2.18183486117 375.354763305
-9999.0 -9999.0 -9999.0 -9999.0 -9999.0 -9999.0 -9999.0 -9999.0 -9999.0 -9999.0 -9999.0 -9999.0 -9999.0 -9999.0 -9999.0 -9999.0 -9999.0 -9999.0 -9999.0 -9999.0 -9999.0 0.67362488239 1.29432988748 1.91679364435 18.1467099645 0.40496433325 23.9055185906 24.112202321 24.1468679167 24.2197103572 31.2347214269 31.3399207213 0.0955455288268 0.438303162785 0.531438985634 0.0987691068537 26.9778800002 26.7947331989 0.0646659293717 0.148623224781 0.392579374522 0.0841949440273 0.0894309624008 0.0721693371537 0.0645726071536 0.052538112218 0.0611267486659 1.13799261771 1.20257074541 1.27747333196 0.299645695142 0.248315884777 2.34043419428 2.42684002867
-9999.0 -9999.0 -9999.0 -9999.0 -9999.0 -9999.0 -9999.0 -9999.0 -9999.0 -9999.0 -9999.0 -9999.0 -9999.0 -9999.0 -9999.0 -9999.0 -9999.0 -9999.0 -9999.0 -9999.0 -9999.0 0.621957175806 0.585850145492 3.02278679053 22.313326375 23.2761722664 23.7063073774 0.212234106747 6.91965875847 6.94274067251 6.95947652423 0.0902849665016 0.194731111385 0.292170779915 6.47171969887 6.5511353962 6.6230415386 26.6585518758 17.0009173072 0.0827798064249 0.0834863568235 0.0795218362979 0.067017074503 0.661441806238 0.803969538963 0.931657990372 1.00327077412 1.07275100571 5.58103640362 5.63821977057 5.68442410297 5.79110395282 6.46048601184 6.50539895479
-9999.0 -9999.0 -9999.0 -9999.0 -9999.0 -9999.0 -9999.0 -9999.0 -9999.0 -9999.0 -9999.0 -9999.0 -9999.0 -9999.0 -9999.0 -9999.0 -9999.0 -9999.0 -9999.0 -9999.0 -9999.0 -9999.0 1.21857445982 1.85269188819 0.595082913825 0.25125307934 6.28144970376 6.50666891619 6.63736248904 1.439011216 1.45828352995 1.48976521638 1.57734451318 6.29804666831 6.39729227331 2.79696059563 9.50558374793 9.58647806759 16.9348695271 0.163809179982 0.0825639545734 0.0627541865131 0.449561871694 0.528525939596 0.055271769087 0.052123676352 5.32250600426 5.45587410399 5.52810950561 0.0544633055056 0.0769727884988 6.33429691202 0.0755018941832 0.337336379366
-9999.0 -9999.0 -9999.0 -9999.0 -9999.0 -9999.0 -9999.0 -9999.0 -9999.0 -9999.0 -9999.0 -9999.0 -9999.0 -9999.0 -9999.0 -9999.0 -9999.0 -9999.0 -9999.0 -9999.0 -9999.0 -9999.0 0.610491484677 1.20836652497 4.867336397 5.44054205725 5.808089367 1.24909266038 1.41907975747 0.0224598070073 4.57463904293 4.59545259079 4.6240075136 0.0644881630224 2.60951472013 2.71105908822 0.0834700830024 16.5176819969 0.175576901911 0.0874076096515 0.237394240307 0.32019077886 0.0678255845893 0.0574632060583 4.69060011839 5.19597098731 5.27519059969 0.0749026638287 0.176614744452 0.224301365281 0.270797026232 0.51110499885 0.124671559789 0.27538997635
