data/baseflow/History/mHMbfrc475
ncols                  80
nrows                 72
xllcorner      4374000.0
yllcorner      5656000.0
cellsize            500
NODATA_value       -9999
[rows 0 to 23 of 72, columns 0 to 54 of 80]
-9999.0 -9999.0 -9999.0 -9999.0 -9999.0 -9999.0 -9999.0 -9999.0 -9999.0 -9999.0 -9999.0 -9999.0 0.901195193132 0.892436370006 -9999.0 -9999.0 -9999.0 -9999.0 -9999.0 -9999.0 -9999.0 -9999.0 -9999.0 -9999.0 -9999.0 -9999.0 -9999.0 -9999.0 -9999.0 -9999.0 -9999.0 -9999.0 -9999.0 -9999.0 -9999.0 -9999.0 -9999.0 -9999.0 -9999.0 -9999.0 -9999.0 -9999.0 -9999.0 -9999.0 -9999.0 -9999.0 -9999.0 -9999.0 -9999.0 -9999.0 -9999.0 -9999.0 -9999.0 -9999.0 -9999.0
-9999.0 -9999.0 -9999.0 -9999.0 -9999.0 -9999.0 -9999.0 -9999.0 -9999.0 -9999.0 -9999.0 -9999.0 1.69048231282 4.21805880724 0.779357454284 -9999.0 0.653524578885 -9999.0 -9999.0 -9999.0 -9999.0 -9999.0 -9999.0 -9999.0 -9999.0 -9999.0 -9999.0 -9999.0 -9999.0 -9999.0 -9999.0 -9999.0 -9999.0 -9999.0 -9999.0 -9999.0 -9999.0 -9999.0 -9999.0 -9999.0 -9999.0 -9999.0 -9999.0 -9999.0 -9999.0 -9999.0 -9999.0 -9999.0 -9999.0 -9999.0 -9999.0 -9999.0 -9999.0 -9999.0 -9999.0
-9999.0 -9999.0 -9999.0 -9999.0 -9999.0 -9999.0 -9999.0 -9999.0 -9999.0 -9999.0 0.754455827791 0.732958023698 0.761702325151 0.737984850974 5.61828508808 6.40648879462 1.83820890209 0.585613511448 -9999.0 -9999.0 -9999.0 -9999.0 -9999.0 -9999.0 -9999.0 -9999.0 -9999.0 -9999.0 -9999.0 -9999.0 -9999.0 -9999.0 -9999.0 -9999.0 -9999.0 -9999.0 -9999.0 -9999.0 -9999.0 -9999.0 -9999.0 -9999.0 -9999.0 -9999.0 -9999.0 -9999.0 -9999.0 -9999.0 -9999.0 -9999.0 -9999.0 -9999.0 -9999.0 -9999.0 -9999.0
-9999.0 -9999.0 -9999.0 -9999.0 -9999.0 -9999.0 -9999.0 -9999.0 -9999.0 0.737464750012 1.48354395964 2.94193807628 1.46301761208 0.709684496614 1.39078118107 7.08298055429 10.3614972543 0.690338661389 -9999.0 0.741112976314 -9999.0 -9999.0 -9999.0 -9999.0 1.27968003564 0.643730588695 -9999.0 -9999.0 -9999.0 -9999.0 -9999.0 -9999.0 -9999.0 -9999.0 -9999.0 -9999.0 -9999.0 -9999.0 -9999.0 -9999.0 -9999.0 -9999.0 -9999.0 -9999.0 -9999.0 -9999.0 -9999.0 -9999.0 -9999.0 -9999.0 -9999.0 -9999.0 -9999.0 -9999.0 -9999.0
-9999.0 -9999.0 -9999.0 -9999.0 -9999.0 -9999.0 -9999.0 -9999.0 0.826101198973 2.33926161559 3.04952124102 3.76164110639 5.08764738408 0.664779609768 2.67298942913 3.32792008227 15.2205182471 0.757994616806 0.662242332242 1.3984613285 2.03899925876 0.667737479505 -9999.0 3.45160397929 2.81761753824 0.802795433589 -9999.0 -9999.0 -9999.0 -9999.0 -9999.0 -9999.0 -9999.0 -9999.0 -9999.0 -9999.0 -9999.0 -9999.0 -9999.0 -9999.0 -9999.0 -9999.0 -9999.0 -9999.0 -9999.0 -9999.0 -9999.0 -9999.0 -9999.0 -9999.0 -9999.0 -9999.0 -9999.0 -9999.0 -9999.0
-9999.0 -9999.0 -9999.0 -9999.0 -9999.0 -9999.0 0.830948730107 0.750962070459 0.733883199359 0.744339303357 0.750076759864 5.26596356116 11.0631087237 11.7639761603 12.2787531711 0.447974438843 16.3647290689 16.9981170644 1.26943087822 0.638524436611 2.66496689294 4.62648082828 0.732509356937 5.73346071277 0.728192312758 0.789566092776 0.76023739857 -9999.0 -9999.0 -9999.0 -9999.0 -9999.0 -9999.0 -9999.0 -9999.0 -9999.0 -9999.0 -9999.0 -9999.0 -9999.0 -9999.0 -9999.0 -9999.0 -9999.0 -9999.0 -9999.0 -9999.0 -9999.0 -9999.0 -9999.0 -9999.0 -9999.0 -9999.0 -9999.0 -9999.0
-9999.0 -9999.0 -9999.0 -9999.0 -9999.0 -9999.0 1.66203841902 2.44038676465 5.47570017006 7.64908946943 0.676823183896 0.690676496547 0.66455889751 1.94338710737 14.8269086517 0.517395858732 17.6043364783 19.8878665791 1.80985995953 1.22854493226 5.22642903574 0.646661956359 6.37607868319 1.33365143748 0.687315261254 1.46970233602 1.49797059997 0.735906323981 0.728867385537 0.71478886891 0.761826443333 1.52990113452 -9999.0 -9999.0 -9999.0 -9999.0 -9999.0 -9999.0 -9999.0 -9999.0 -9999.0 -9999.0 -9999.0 -9999.0 -9999.0 -9999.0 -9999.0 -9999.0 -9999.0 -9999.0 -9999.0 -9999.0 -9999.0 -9999.0 -9999.0
-9999.0 -9999.0 -9999.0 -9999.0 -9999.0 0.876854092492 1.70090123501 0.810854294781 1.57923815096 8.43177295256 9.85762288351 11.2609866233 35.744855875 0.628208579609 15.47853278 56.0997700087 56.5309658131 77.1513427651 0.458456557893 1.80915157397 5.83257092382 0.602065400319 13.939411165 6.93977759739 4.33028293922 3.65847635268 0.72327718531 2.17957667145 2.12111027085 1.41657069033 0.700406136009 2.25514538495 0.710167311154 0.703504946346 -9999.0 -9999.0 -9999.0 -9999.0 -9999.0 -9999.0 -9999.0 -9999.0 -9999.0 -9999.0 -9999.0 -9999.0 -9999.0 -9999.0 -9999.0 -9999.0 -9999.0 -9999.0 -9999.0 -9999.0 -9999.0
-9999.0 -9999.0 -9999.0 -9999.0 -9999.0 0.883612859172 2.56638907155 5.09725409136 5.87336840539 11.6372035722 12.3697554364 14.6596102043 23.8399996656 37.5511047053 38.8809742748 39.505365832 1.14009074396 79.1437462937 80.1099487289 83.0777920476 105.333888821 15.8039959854 14.5884452786 4.97568136327 0.638901789101 4.20913765409 2.86960491569 0.677733225227 2.7756345149 0.609524807363 1.25647152075 3.56919150718 4.25541431821 1.38485168306 0.692514810969 0.684310627296 -9999.0 -9999.0 -9999.0 -9999.0 0.700867650265 0.604064584712 -9999.0 -9999.0 -9999.0 -9999.0 -9999.0 -9999.0 -9999.0 -9999.0 -9999.0 -9999.0 -9999.0 -9999.0 -9999.0
-9999.0 -9999.0 -9999.0 -9999.0 -9999.0 0.858366425637 0.816915216011 3.40741382561 4.19463992536 5.00787974141 0.777685607349 1.54144719042 8.68910715548 1.47036368849 0.729776919549 0.684739504999 0.620444432711 0.647162176365 0.611579866945 0.668966988438 105.976921089 107.818244025 0.60577167109 1.87311441989 1.2736813205 4.83971372725 1.34603033434 0.65907741364 3.4631284238 1.18371463605 2.84032923278 7.55824058466 6.99782595668 2.06839115376 2.08750720805 0.692612042691 0.699473987888 -9999.0 -9999.0 0.703570621543 1.53415671501 3.40600089856 0.640467156274 -9999.0 -9999.0 -9999.0 -9999.0 -9999.0 -9999.0 -9999.0 -9999.0 -9999.0 -9999.0 -9999.0 -9999.0
-9999.0 -9999.0 -9999.0 -9999.0 -9999.0 -9999.0 0.886004809727 0.89442515426 1.70091674278 2.51796239478 5.65311079063 7.23038910436 7.98012651614 0.739528138559 0.660821711336 8.75699736933 10.7896154204 11.4392289504 14.1096139895 14.7386814486 0.634965840106 108.450860802 111.422856584 2.34863716533 0.270935182525 5.35693819809 12.1076035139 4.78172735049 1.26126945129 0.616193373595 11.6234940235 8.19550944451 0.645167699919 0.644111604843 2.74679500797 2.05454927317 0.680858070826 0.712308726509 0.68650301178 1.37497978686 0.676134002725 4.16111346565 4.84806154338 0.686903664478 -9999.0 -9999.0 -9999.0 -9999.0 0.783605265867 0.753487480642 0.19367881046 -9999.0 -9999.0 -9999.0 -9999.0
-9999.0 -9999.0 -9999.0 -9999.0 -9999.0 -9999.0 -9999.0 0.877523939526 0.726298498015 1.55920567637 2.37572038627 0.796402644304 0.679749203611 4.49600723015 5.96008784044 7.44235646927 0.698593142547 1.36426116839 0.675597775619 15.3713076782 35.0363639706 35.7054723231 148.479561059 0.613481089204 0.853166454263 0.263147514535 12.7319425214 0.627527866712 1.88939365611 0.61295252735 12.2592130025 12.8910956356 1.28800017853 1.26800386977 6.81431353018 3.40439865956 1.39354634655 0.703138443223 1.37429461633 2.0505851494 3.39306210049 0.674268743127 6.26453264556 7.00925966789 0.718470273202 0.746506267079 0.764218262228 0.732813987971 0.717614353308 2.23987583548 0.838339478788 0.550160668578 -9999.0 -9999.0 -9999.0
-9999.0 -9999.0 -9999.0 -9999.0 -9999.0 -9999.0 -9999.0 -9999.0 1.5583898252 2.24014418299 0.79170825453 1.60791421387 2.37350343531 3.85364170654 0.771670992926 0.746243207323 0.664534683914 0.676517007333 0.637177833095 18.358311996 0.69350471134 1.35978552238 150.643075622 152.588604306 0.974891516606 2.74619468151 16.1223586117 1.22589610332 2.47079252655 1.2001241992 1.78015284906 15.3810300021 1.89145937769 9.92471927839 8.05183633692 0.605208946234 3.39048600888 1.35761558292 2.02246342842 0.646105922779 4.07803140014 5.46615666969 6.17280138927 6.86094729552 9.81407442629 1.40922880152 1.44958435949 1.39590310587 1.36306389969 2.89108518511 0.63162849436 2.03002534552 2.62785373951 -9999.0 -9999.0
-9999.0 -9999.0 -9999.0 -9999.0 -9999.0 -9999.0 -9999.0 -9999.0 0.851482246987 3.92848038185 4.70095805741 0.774148137589 1.52165405339 0.747129712622 0.706165837794 0.691574978003 8.71441165715 11.7335771403 14.6771848359 17.6531792458 0.775348286182 0.678324816425 0.819884264288 156.309343482 158.623853877 159.682871769 22.075601346 4.99781016102 4.32699286737 0.614484652659 2.39187084415 18.3684501504 0.622603796964 10.5335840104 0.618724462113 4.30510071504 4.04665672937 0.645470154023 2.66354393866 1.2846334893 1.92205339097 0.688184566419 0.676062205156 7.54478030612 8.20930370592 10.4767208548 2.13254606722 2.06405965055 2.02360352853 3.52959475361 4.79371214292 0.628134346314 3.22493884821 0.590461953246 1.16147732389
-9999.0 -9999.0 -9999.0 -9999.0 -9999.0 -9999.0 -9999.0 -9999.0 -9999.0 0.873210327589 5.51583853166 6.28632765954 2.28233741081 3.79243243567 5.22662524792 5.95733072291 0.746940763024 2.34347882795 1.52893984506 0.757443097195 0.75541218717 0.687774880171 1.40463494811 2.55758524884 1.18364809841 184.000875178 185.021331019 0.947089508831 0.656840889869 1.18719082234 1.7747667122 20.1577553416 1.20747233811 11.1230573547 6.64477660142 5.4450709171 0.633152132014 1.26770782407 3.27893169859 0.610596065075 2.52876031625 1.30089903353 1.11371597784 0.378740954587 9.63287025533 20.727246096 2.72543339877 2.65957787746 2.6162663981 0.578492195293 5.37543383948 0.574145497742 4.41422642484 0.560692253476 1.73630089237
-9999.0 -9999.0 -9999.0 -9999.0 -9999.0 -9999.0 -9999.0 -9999.0 -9999.0 -9999.0 0.774915318476 7.84907639731 0.757645102502 1.51916978663 2.22715118739 3.68336413913 0.765511938716 1.59381545231 0.7765422726 0.756461820864 0.71744770256 1.42599215852 0.681116009296 0.806243469296 1.84019843159 1.10702558527 186.117800382 188.112105779 190.802892209 2.4671036803 0.583004415522 1.15933277429 20.751235223 20.7697911459 7.87502989336 0.607194982022 2.51072798773 1.888044378 3.89643645989 1.22551197904 5.0541183275 1.91182117353 1.67480315101 0.193436403979 0.40021506217 21.3908370656 22.0498298653 28.0470868702 4.39578227671 1.17634715758 5.99502331353 7.16758702469 12.1533063758 1.12465095232 0.534734454147
-9999.0 -9999.0 -9999.0 -9999.0 -9999.0 -9999.0 -9999.0 -9999.0 -9999.0 -9999.0 -9999.0 0.375612719396 8.62093034365 0.68941047689 1.39720674947 6.55366445866 0.777854281603 0.776018771926 0.6988210488 1.45668754697 0.681212175213 2.78911987336 4.1349492975 4.78811929262 2.52503274878 3.39732087462 1.02884016499 1.07876929547 1.05210849041 194.931850061 196.812591452 21.3157434839 21.9102621799 21.3406310847 1.19836883713 0.596913076841 3.09777639712 8.17966858259 4.49686895673 1.82504256297 7.47983759627 2.91508174903 2.33185329088 0.362791931149 0.173934276589 0.193812301293 0.30135243676 29.435597002 35.6462839386 0.564881383832 0.569162313119 0.557029050461 12.6991773428 14.3365018004 0.993917168953
-9999.0 -9999.0 -9999.0 -9999.0 -9999.0 -9999.0 -9999.0 -9999.0 -9999.0 -9999.0 -9999.0 0.353169700029 9.4883663809 11.7960605967 0.710667759287 7.96846512394 0.725961839063 0.704947805619 1.36066986444 3.48588445065 0.668870987776 0.697755483479 0.645836266003 6.11273903789 6.77083635328 10.8198101005 12.4929948464 13.222852949 14.1586010517 15.0632152761 212.895906842 235.740719573 259.23373 260.075164638 0.691559236688 0.588296922382 9.3542279137 8.77399287718 0.586889869751 0.567352368905 8.00051469912 11.5172062853 0.506750464611 4.63825962237 4.30151201753 0.833100018759 0.523103274923 0.84298021831 0.652478902723 36.914692743 0.641847485694 1.70537238996 2.27843010092 17.9481686098 19.1049522334
-9999.0 -9999.0 -9999.0 -9999.0 -9999.0 -9999.0 -9999.0 -9999.0 -9999.0 -9999.0 -9999.0 0.831183550661 1.5980909188 12.5461966699 13.912047399 0.690578114487 9.50998292767 0.665765995296 1.99901150405 4.12495688924 1.30774477791 0.636967430557 1.32260196517 0.637439711557 1.22212885335 0.574202965446 0.511093734408 0.354301900505 0.294756770139 0.283100222119 0.31318960356 0.516794754392 0.753109078189 0.990491522669 262.665380293 12.5009353554 11.0490435898 0.785279886048 1.72808793221 0.431199127386 0.329858704947 12.0837486548 18.4440427228 5.26326275445 3.95536383434 0.446786300106 0.212810884199 0.197059785165 0.744778867424 38.3031619201 39.5991256976 0.661814011371 0.666578128858 0.464760708461 0.190512180682
-9999.0 -9999.0 -9999.0 -9999.0 -9999.0 -9999.0 -9999.0 -9999.0 -9999.0 -9999.0 -9999.0 -9999.0 0.725875232354 9.95364261153 24.5804623614 26.7395902998 36.9533619367 37.7520906251 9.50604819718 6.72839467033 1.95918386595 0.630067352047 2.57509555632 3.18959708453 4.99205792507 1.17016446374 1.08816827655 0.938678274006 1.8109657218 0.853237342872 0.851712655015 0.381270380445 0.161034005108 0.280105300751 263.46557244 276.40326406 277.338670654 0.878009718074 5.3108012036 1.93342260521 0.59917064781 20.3137632212 1.30512445114 0.670561446656 2.63383457279 0.497702602236 0.521591461282 1.04209470153 1.60884213799 2.22595855398 40.7920534201 0.585079666628 0.549076801502 0.548936307235 0.423014562573
-9999.0 -9999.0 -9999.0 -9999.0 -9999.0 -9999.0 -9999.0 -9999.0 -9999.0 -9999.0 -9999.0 0.798764029761 7.60583066723 9.22069850429 1.50290050166 0.418731748609 0.95120826159 39.3735454865 40.1125884825 50.3737912097 0.598236866787 1.2227976778 0.570891991847 0.582587905451 5.57446754566 7.32614455435 8.95993442253 0.554870266025 2.37418166585 3.7778153745 2.31696454469 0.926815153995 0.575856785762 0.481511052558 0.621424747854 0.443109977943 278.209887123 279.052600256 285.938383877 1.12603005138 0.566527429037 20.9342094276 1.33055812785 0.687233071375 0.728180889732 0.720651908168 0.679915333071 1.21760319789 3.78238445418 6.65887462089 48.0401403545 0.514333464729 1.54182394054 1.03563947275 0.888181291137
-9999.0 -9999.0 -9999.0 -9999.0 -9999.0 -9999.0 -9999.0 -9999.0 -9999.0 -9999.0 -9999.0 0.819586241712 5.29649369269 0.827542807025 0.733708403308 3.80984546252 4.48245588767 5.17774986831 5.8233169457 68.5725154455 69.0658974841 70.1694227225 78.6487406085 80.3351204967 81.2765259773 81.8817605201 91.8349699446 93.0282934617 93.5634531632 97.9001433636 100.815226094 101.366022673 102.826118628 1.0076989553 0.893412283852 0.177911347706 0.34649376166 279.816846567 288.571811394 1.7955928324 24.6965742636 24.1252536623 2.59562860529 0.631291211463 0.648019645734 0.640859344079 0.632881666436 1.27669448009 1.91318309232 0.658234177865 48.6234637038 49.224746458 52.36359023 52.912731707 54.3330219421
-9999.0 -9999.0 -9999.0 -9999.0 -9999.0 -9999.0 -9999.0 -9999.0 -9999.0 -9999.0 -9999.0 2.74444210926 3.62060987368 1.6712836813 2.47153985553 0.789347845205 9.03994565937 9.78857305724 11.2521409833 11.735620561 4.75579263686 75.7975422067 76.2988979486 0.5074044325 0.346500319142 0.24588344782 0.623893567028 0.253985102664 0.169662977335 0.150812562892 0.21757391265 101.72323672 103.250584054 104.838653489 106.270718615 107.467258366 0.556472413203 0.303780801195 315.315505943 25.9168126293 25.2887258126 0.580167226999 0.581823379303 0.574362784385 1.2392655263 1.23696838668 0.579693225932 0.566686703542 0.551295964964 1.19990061604 1.73826363336 0.500459311548 0.940284827741 0.368935487443 0.128062513874
-9999.0 -9999.0 -9999.0 -9999.0 -9999.0 -9999.0 -9999.0 -9999.0 -9999.0 -9999.0 -9999.0 -9999.0 1.85867817595 0.858781292091 0.792729321042 7.56690783336 8.34013869658 0.766522148541 3.02029843309 3.68609173077 4.24271437942 0.633271897541 0.575469900059 12.0427621534 12.5572851991 13.0132081058 34.6519263353 34.9350497883 35.2869119648 37.8745654262 38.9744428978 39.1245577038 0.132580116973 0.140967244814 0.202621103475 108.613115469 0.484875438351 321.133823565 320.211772081 4.22686475285 3.57128255622 2.26405039037 0.565102449588 1.14196527608 1.829639876 1.82426932621 1.14614426214 0.545326507182 1.09301373174 1.08503211177 2.24621454305 0.29250929651 1.2439663678 2.126406113 2.39655956042
