data/baseflow/History/mHMbfrc298
ncols                  80
nrows                 72
xllcorner      4374000.0
yllcorner      5656000.0
cellsize            500
NODATA_value       -9999
[rows 24 to 47 of 72, columns 0 to 53 of 80]
-9999.0 -9999.0 -9999.0 -9999.0 -9999.0 -9999.0 -9999.0 -9999.0 -9999.0 -9999.0 -9999.0 -9999.0 0.598715683037 1.57680431972 2.04533390817 3.44747345573 0.381877373693 0.780781543273 1.14608268157 4.57527789947 4.8449822425 5.04727445492 5.28706987634 5.59949804815 8.99184097251 9.84390187104 10.2739229119 0.154479758328 0.973799037239 1.13198775181 18.523235941 19.0065154009 19.2712962038 19.550062322 19.7287609022 73.7872605439 0.111337282926 146.174994769 0.158313936502 0.0727529707662 1.1015008393 0.973987613921 0.123339701639 0.526542671997 0.789158199794 0.773682574963 0.525570398365 0.860310835089 1.36229870198 0.518138377884 1.33759151868 0.0986960810395 0.167547303993 0.0254667080203
-9999.0 -9999.0 -9999.0 -9999.0 -9999.0 -9999.0 -9999.0 -9999.0 -9999.0 -9999.0 -9999.0 -9999.0 0.534473136568 1.0538432219 0.477476749518 0.954000743626 0.384089865206 3.13255090224 3.85378066276 4.23784435451 0.337867329726 0.631891449517 6.98570684462 8.50637428077 8.74787299332 0.580217788083 0.528649010227 0.732569824053 0.123990352512 0.103520166952 0.191532399508 0.0799755677958 11.9931752768 12.0847126792 12.1362449754 73.9554937414 146.906199951 146.226771157 0.104372562289 0.0594198450336 0.0521921759988 0.234276249333 0.192996695961 0.624645029821 0.916124853977 1.85888364096 0.168847394757 0.167312606568 1.49000984552 1.62286572681 3.21006767009 3.28046786834 3.47551113233 3.5220113366
-9999.0 -9999.0 -9999.0 -9999.0 -9999.0 -9999.0 -9999.0 -9999.0 -9999.0 -9999.0 -9999.0 -9999.0 -9999.0 0.477246232767 0.968774814243 1.47250070385 2.30716931937 0.443134896299 0.378477657 3.16548033303 3.50028975791 6.40973202565 6.78019187178 1.00592594264 0.312342357875 0.272284653824 0.24851771139 11.3797861025 11.5129337459 11.639720055 11.7402298032 11.9100618714 1.32128082789 1.40586043555 13.6039553872 234.547164285 0.5009913216 0.369822063501 0.1718887018 0.0482350758619 0.0396107997124 0.33389758306 0.362464095705 0.702852150728 0.0398899329051 1.9133420066 0.256576525963 0.249646926675 0.0380953728043 0.023014775676 0.0200105261123 0.025124678672 0.0224459671955 3.55131845213
-9999.0 -9999.0 -9999.0 -9999.0 -9999.0 -9999.0 -9999.0 -9999.0 -9999.0 -9999.0 -9999.0 -9999.0 -9999.0 -9999.0 0.45802903075 1.00428674968 1.511507629 2.02191828035 2.40770478123 2.81423916888 1.13329960474 1.91289592703 0.354119540725 0.32458459661 9.99387768732 10.6087911058 10.879177816 11.1806176142 0.196024622008 0.327903466053 0.93590257371 1.07689314394 1.20688689838 0.112906282594 0.100387882998 234.911653676 0.134179827488 0.141568786624 0.0696044748282 0.209022717894 0.099893859364 0.0523521975561 1.11488999986 1.17500825615 0.028889001316 1.95166867318 2.23027811177 0.273054032283 50.5859566745 50.5308165756 50.4860232822 50.3893501835 50.3439770661 49.3831056231
-9999.0 -9999.0 -9999.0 -9999.0 -9999.0 -9999.0 -9999.0 -9999.0 -9999.0 -9999.0 -9999.0 -9999.0 -9999.0 -9999.0 0.158784912185 0.347240091733 0.516782870676 5.25789526154 5.64619504134 0.402528831187 0.383108673711 0.38426025411 8.63982965191 9.37690986831 0.3515774251 0.355243196875 0.250293392482 1.0683519322 1.3341410772 0.602907719603 0.775957007875 6.52279023847 6.68977445094 7.03707036666 10.9352898558 245.949407633 0.139669395477 0.0533382893209 0.325697118775 0.268473734465 0.047235026979 0.152687757208 0.204188128277 1.23155786372 1.27852641566 3.59252475711 2.25189986193 0.310626102382 51.5332334702 0.407820519733 50.4459438953 50.420263982 0.911959750208 0.0721788595026
-9999.0 -9999.0 -9999.0 -9999.0 -9999.0 -9999.0 -9999.0 -9999.0 -9999.0 -9999.0 -9999.0 -9999.0 -9999.0 -9999.0 0.82298701721 1.34271780017 2.68180341038 4.77214404728 6.15849591928 7.15917139821 7.54427777116 7.93963200446 8.32240978231 0.350599010287 0.29779988006 0.575231927154 0.532440967573 0.286554329947 5.69252047577 5.94638295865 6.18067805397 6.39816176475 3.40234159005 3.50998144849 3.74157351711 246.035752416 0.26544712283 0.155919661425 0.531136400273 0.0573890871526 0.12960921336 0.0764097716793 0.0462669766458 0.263142265948 0.0350304739857 0.0370601673844 55.3565917554 51.740492026 51.7047312615 0.18982115319 0.386439234971 0.231247076399 0.0399303523656 0.768968632495
-9999.0 -9999.0 -9999.0 -9999.0 -9999.0 -9999.0 -9999.0 -9999.0 -9999.0 -9999.0 -9999.0 -9999.0 -9999.0 -9999.0 0.578481348128 0.544184476541 1.06839773365 1.60670288084 0.512525066707 0.48746006625 0.892849566874 1.28006395111 1.99992932518 2.35431457217 2.65178369821 3.54096057269 3.81185428615 4.12446112034 0.2683222954 2.72748602644 2.93655663587 3.11677211394 0.142392763372 0.108550292965 0.15945883506 249.967587746 250.048791167 250.468513096 0.711076572439 0.125572718378 0.175733243759 0.0422347237403 0.0820308481384 0.30433389252 0.37085101694 0.0664820905435 55.5395678917 0.070118644676 0.104651577879 0.115063019376 0.096520621303 0.155236593564 0.0621638477728 0.551481822449
-9999.0 -9999.0 -9999.0 -9999.0 -9999.0 -9999.0 -9999.0 -9999.0 -9999.0 -9999.0 -9999.0 -9999.0 -9999.0 -9999.0 -9999.0 0.514423960617 1.00425594574 0.47005670326 0.969327362555 6.03350000604 6.42792251055 6.78295339934 0.358190719894 0.358962764686 0.655165774669 0.963119067163 1.48257867116 1.75966128536 1.95860805572 2.20586136029 0.19133067552 0.158204441419 3.40931655668 3.52665448298 3.59595464603 3.68284219991 3.27795842699 254.09882105 255.308179723 255.352731346 255.564632203 255.787298519 255.89101941 0.0315679157537 0.401960658669 55.5661804404 0.0714724322923 0.0369136822363 0.0593018547461 0.0601115352525 0.0980901699357 0.0732387066552 0.0451054855027 0.0807315753131
-9999.0 -9999.0 -9999.0 -9999.0 -9999.0 -9999.0 -9999.0 -9999.0 -9999.0 -9999.0 -9999.0 -9999.0 -9999.0 -9999.0 -9999.0 -9999.0 1.4906199989 1.98490752165 3.49644296251 4.57206041276 0.551443664779 7.77767342703 8.12510693705 8.43935157406 0.312448552167 0.604530953823 0.256537206771 2.01406743677 2.19332047257 2.43685476618 2.65977166797 3.18040998701 3.30674533084 0.0759193563946 2.90509122992 3.08909193251 3.19398459314 3.54695095357 0.424604478662 0.254812380608 0.134917559783 0.126492699121 256.004592071 256.04479906 256.730422 55.5940783059 0.225698596054 0.126517551526 0.0893000415555 0.0226672922831 0.254335005318 0.125215816193 0.0383936624733 0.223775465929
-9999.0 -9999.0 -9999.0 -9999.0 -9999.0 -9999.0 -9999.0 -9999.0 -9999.0 -9999.0 -9999.0 -9999.0 -9999.0 -9999.0 -9999.0 -9999.0 0.5133549628 2.49481414796 3.02890997218 0.56194975345 0.385370562396 0.803451386334 1.17382056002 9.95169190496 0.307191673286 1.23957004001 1.51210032794 1.77768754283 0.184202260463 0.405797996252 0.546809680011 2.27581294917 2.54221436935 2.64417781954 0.0963546233621 0.0810133846077 0.0864969242743 0.159998400143 0.0640107261455 0.0660292764253 0.0893380531507 0.0825066072924 0.0926680770585 0.261211157167 256.780268811 312.506825968 0.274343984983 0.058134131908 0.0256908070925 0.784071948898 0.732966163627 0.435279010487 0.389434719143 0.285919700706
-9999.0 -9999.0 -9999.0 -9999.0 -9999.0 -9999.0 -9999.0 -9999.0 -9999.0 -9999.0 -9999.0 -9999.0 -9999.0 -9999.0 -9999.0 0.437980719395 1.41093270059 0.462639544622 0.504636346704 0.435949415371 0.831378201707 1.21907576617 1.60807072315 11.9861927807 12.2770224191 0.303528931039 0.576018340479 0.854022888768 1.07379486918 1.27250193468 1.95062264316 2.1668986535 0.133744270299 0.108822211866 0.0944989095196 0.0869011118126 0.0933331152094 0.108750181948 0.0922193008193 0.122709092857 0.34818792093 0.168495119213 0.0784975733583 0.0765344655218 0.0552730573012 0.0993838896052 315.4803315 2.65997760043 0.980495781125 0.12706335276 0.0593640009067 0.0384552222339 0.116016582303 0.0720191340866
-9999.0 -9999.0 -9999.0 -9999.0 -9999.0 -9999.0 -9999.0 -9999.0 -9999.0 -9999.0 -9999.0 -9999.0 -9999.0 -9999.0 0.467881207325 0.890909780047 3.18081371809 0.431451783679 1.02818316074 1.4403915461 1.81831309176 0.406270523598 0.746567067253 1.18545195628 13.851516094 0.278660707068 0.526086985637 0.782512211003 0.241535314343 0.470625918696 0.585927719742 0.757511569245 22.7237851597 22.9375984744 23.1354710524 24.0397971381 24.3167156304 24.9692211996 0.137799015622 0.320119032342 0.407531891693 26.7481666189 26.874287103 0.0685008881932 0.10280343869 0.136228248587 315.525709331 2.55102873138 1.40333374196 1.33113901598 0.973253784675 0.796617088472 0.153194221507 0.0417750209665
-9999.0 -9999.0 -9999.0 -9999.0 -9999.0 -9999.0 -9999.0 -9999.0 -9999.0 -9999.0 -9999.0 -9999.0 -9999.0 -9999.0 0.484940561383 1.45717342709 5.11435778419 7.55369022817 0.379195230337 9.84493146729 12.1074522275 0.370201577966 0.70268382069 1.11749356767 17.0786604432 17.4223263461 0.223943859316 1.23833080826 1.45044316308 1.62456556163 21.2746727248 21.6378862054 21.8826793712 0.12016224238 0.65818604217 0.78595868065 0.324435439623 0.463010068173 25.5936858529 26.1029279193 26.2040364673 26.2961417596 26.966666467 0.0452434417104 0.0393599522299 0.210312289315 315.577580524 0.095703794716 0.0978058970172 0.2982629972 0.122466569675 0.705011864148 0.578349646295 0.350032524801
-9999.0 -9999.0 -9999.0 -9999.0 -9999.0 -9999.0 -9999.0 -9999.0 -9999.0 -9999.0 -9999.0 -9999.0 -9999.0 -9999.0 -9999.0 -9999.0 1.01186252402 2.02241366651 8.92372841047 9.42126913119 12.5347215997 12.9903437695 0.368174755907 0.7368454385 1.74085378479 17.7882711829 18.3034102098 18.4929445441 0.150471486203 19.1568887614 19.5263488337 0.24177278251 0.122651702295 0.225276853455 0.441659852679 0.10933352876 0.212565199774 0.440090151148 0.547732900144 0.108696342066 0.0636761692394 0.122736119763 27.4429324967 27.5766355178 27.6083699055 27.9215834431 315.617955103 0.0644022022115 0.0553145241995 0.0743660189603 0.0699760247887 0.0730596512565 0.0603370562311 0.108790866758
-9999.0 -9999.0 -9999.0 -9999.0 -9999.0 -9999.0 -9999.0 -9999.0 -9999.0 -9999.0 -9999.0 -9999.0 -9999.0 -9999.0 -9999.0 -9999.0 0.527567018954 0.511664416589 0.499120065051 0.988342002504 0.428529833815 13.8446715277 14.2591749051 0.356942574646 0.679124535184 0.313547000853 0.254814462379 0.243763512528 18.8742821142 0.11593831917 0.251635735932 0.130030741736 0.123522823829 0.107747973447 0.0785780001639 0.0833366171086 0.26143204746 0.364085326299 0.0654264090746 0.0542326977579 0.121772468956 0.212672454007 0.277089364847 0.0731776867733 27.669508707 27.9569624432 315.643774768 0.242476203187 0.116727225356 0.0345584916126 0.0952965460758 0.026239006315 0.0196730315438 0.131163192874
-9999.0 -9999.0 -9999.0 -9999.0 -9999.0 -9999.0 -9999.0 -9999.0 -9999.0 -9999.0 -9999.0 -9999.0 -9999.0 -9999.0 -9999.0 -9999.0 -9999.0 -9999.0 0.504967357264 1.43816972266 1.82377891514 2.23930111477 14.6679294144 15.0845661311 15.4835500972 15.8796282051 16.1133877931 16.6071257397 16.7111599167 16.8162752406 16.8977588722 0.097692981836 0.0912300477167 0.100851742645 0.353167102452 0.0977833966826 0.0930584025272 0.0661180997289 0.193110112798 0.0801060669766 0.0571503955169 0.0515852305977 0.04090143354 0.0815620322701 0.119208013699 28.2051565608 344.11522786 0.0586276445 0.113591361573 0.0245236202728 0.123843248302 0.0582559399175 0.0395868701801 0.476368118872
-9999.0 -9999.0 -9999.0 -9999.0 -9999.0 -9999.0 -9999.0 -9999.0 -9999.0 -9999.0 -9999.0 -9999.0 -9999.0 -9999.0 -9999.0 -9999.0 -9999.0 -9999.0 -9999.0 0.404189211221 3.33090118993 6.46752164908 6.8983957864 0.51989448348 0.882271268863 1.19898742664 1.44985451768 3.17548093669 3.27629096489 0.0984922081581 0.0984071592232 17.1067214624 17.2874384041 17.3696697605 0.415167177325 0.0539250845917 0.154424364614 0.22290902544 0.665329262758 0.81608693446 0.9255726733 0.0973844238068 0.13358143398 0.0456682551702 0.0911153728006 0.04767397554 344.178483429 0.0511908439874 0.212873239499 0.0757385399039 0.218080437795 0.488587837395 0.556939896879 1.06398401419
-9999.0 -9999.0 -9999.0 -9999.0 -9999.0 -9999.0 -9999.0 -9999.0 -9999.0 -9999.0 -9999.0 -9999.0 -9999.0 -9999.0 -9999.0 -9999.0 -9999.0 -9999.0 0.465856501711 1.50602913704 2.93442511788 3.8156496187 9.6276023571 10.1083808211 0.673861393427 0.991999693376 1.26189876845 1.51016976123 3.37113484936 3.56608766979 6.07509364754 6.28231647195 6.37147539003 17.4537654396 18.0779430683 0.140878775858 0.106944688862 0.0988995294297 0.187648482753 0.0824914631124 1.08287717901 1.1350245794 0.176004384517 0.224425737937 0.0396302518797 87.9037985253 88.0013238821 432.216202189 432.480528928 0.0547602357519 0.334453551436 0.0741756659337 0.0612740151792 1.15828344483
-9999.0 -9999.0 -9999.0 -9999.0 -9999.0 -9999.0 -9999.0 -9999.0 -9999.0 -9999.0 -9999.0 -9999.0 -9999.0 -9999.0 -9999.0 -9999.0 -9999.0 -9999.0 -9999.0 0.546688425785 0.529902398129 0.985288040849 2.32246988287 10.5423250508 0.347775099287 0.342084038705 0.603716145605 0.880439298909 2.04817927104 2.187348737 0.137750843154 0.147862448131 6.50304536473 6.59463832571 24.7541067803 24.8225428086 0.0472173852736 0.0403518203046 0.0334516236011 0.0338365766934 0.0381306491508 86.9376909801 87.2727318986 87.5512323339 87.6428971794 87.8639215173 0.0559629695614 0.19914540811 0.236518503412 432.79526433 432.807541013 432.857793336 432.880367037 432.900224028
-9999.0 -9999.0 -9999.0 -9999.0 -9999.0 -9999.0 -9999.0 -9999.0 -9999.0 -9999.0 -9999.0 -9999.0 -9999.0 -9999.0 -9999.0 -9999.0 -9999.0 -9999.0 -9999.0 -9999.0 0.473137178281 0.50181846195 0.921344248733 12.3412511995 12.7722588392 0.331801523444 0.594441172347 0.880437136745 1.05833276269 0.147035157826 0.284198088839 25.0640539166 25.1611100376 25.2651333665 26.055597269 50.9678545693 84.7614679271 84.8837988173 84.9944842441 85.0989433575 85.5901344111 85.7526149018 0.292829071059 0.124223411411 0.079865528409 0.146941111488 0.0978548190292 0.159334107917 0.0493745970658 1.14884935426 1.32627982146 1.45799425795 1.47442834322 432.895712021
-9999.0 -9999.0 -9999.0 -9999.0 -9999.0 -9999.0 -9999.0 -9999.0 -9999.0 -9999.0 -9999.0 -9999.0 -9999.0 -9999.0 -9999.0 -9999.0 -9999.0 -9999.0 -9999.0 -9999.0 -9999.0 0.484419696328 0.925879536423 1.37104191382 13.1421452424 0.368594417594 17.5771127828 17.8683060745 18.0053410359 18.1459421606 24.467775974 24.6354254607 0.112613459073 0.583034736557 0.706527151231 0.118346744417 33.6760278378 33.4661294431 0.0601857198388 0.147209878952 0.401165951728 0.091128370255 0.096738382541 0.0622504243317 0.0500231025638 0.036124308745 0.0445906498087 0.996344581966 1.04444850803 1.106397438 0.135296350992 0.0922439840476 1.53313794132 1.56341242677
-9999.0 -9999.0 -9999.0 -9999.0 -9999.0 -9999.0 -9999.0 -9999.0 -9999.0 -9999.0 -9999.0 -9999.0 -9999.0 -9999.0 -9999.0 -9999.0 -9999.0 -9999.0 -9999.0 -9999.0 -9999.0 0.432755069029 0.40520039929 2.11501759178 16.1219853331 16.9248808359 17.3243589349 0.282047159519 5.9395045071 6.0855776205 6.19143561143 0.149075947909 0.278958787509 0.386801365875 8.01458198294 8.09629221771 8.16699710616 33.3378803936 20.688136945 0.0847937044489 0.0875445907959 0.081909046274 0.0581681065673 0.614605657138 0.733405941368 0.834028559304 0.891930677766 0.94690575125 6.76880617755 6.8057805825 6.85319377987 6.96261554796 7.38364890722 7.39905920043
-9999.0 -9999.0 -9999.0 -9999.0 -9999.0 -9999.0 -9999.0 -9999.0 -9999.0 -9999.0 -9999.0 -9999.0 -9999.0 -9999.0 -9999.0 -9999.0 -9999.0 -9999.0 -9999.0 -9999.0 -9999.0 -9999.0 0.848401450633 1.30469529686 0.465502783355 0.33243858669 5.04364280666 5.3297354828 5.51082280255 1.69578750859 1.80105239373 1.9141394032 2.0246547582 7.82424919138 7.94843528136 4.23612526426 12.4963935214 12.5809463168 20.6260126149 0.167090754902 0.084591909804 0.0524579567464 0.42594142319 0.501413454941 0.038348900899 0.0346850380015 6.5902928476 6.68649225704 6.73471589656 0.0525080368674 0.0784217675148 7.33148980818 0.0357007055766 0.127581569738
-9999.0 -9999.0 -9999.0 -9999.0 -9999.0 -9999.0 -9999.0 -9999.0 -9999.0 -9999.0 -9999.0 -9999.0 -9999.0 -9999.0 -9999.0 -9999.0 -9999.0 -9999.0 -9999.0 -9999.0 -9999.0 -9999.0 0.428255419862 0.845722846632 3.58002479023 4.0538683026 4.43172039284 1.36346235326 1.58905674389 0.123702064385 5.47790407063 5.58488840595 5.68738384376 0.106369874749 4.01144597005 4.14276400855 0.0898444283461 20.1833144581 0.197022232027 0.0976525571576 0.232621848032 0.317590332585 0.0577282304553 0.0437400251332 6.09033485707 6.50364871766 6.56346277847 0.0606987295975 0.118210627783 0.146006314172 0.167668772875 0.334855071739 0.0457959236289 0.105282591009
