data/baseflow/History/mHMbfrc585
ncols                  80
nrows                 72
xllcorner      4374000.0
yllcorner      5656000.0
cellsize            500
NODATA_value       -9999
[rows 24 to 47 of 72, columns 0 to 53 of 80]
-9999.0 -9999.0 -9999.0 -9999.0 -9999.0 -9999.0 -9999.0 -9999.0 -9999.0 -9999.0 -9999.0 -9999.0 0.307255120238 0.808160991285 1.05614264302 1.80060329436 0.219363069493 0.443462951619 0.64726094004 2.50687700809 2.6193104331 2.66389777218 2.78335405445 2.96536935092 5.63846003776 6.14971804084 6.32353130635 0.0249115004912 0.41527879832 0.43680902692 10.2433429465 10.3199139276 10.3629030349 10.4113338475 10.447531861 41.4742992429 0.302839636456 98.8801741097 0.0499037558762 0.0122676227947 0.693177585212 0.65479499839 0.0593835545037 0.402374447435 0.579874615459 0.576237424669 0.392338171096 0.642516186991 1.01995542713 0.386061470199 1.01710136444 0.0575383779386 0.0760611227624 0.00540053753662
-9999.0 -9999.0 -9999.0 -9999.0 -9999.0 -9999.0 -9999.0 -9999.0 -9999.0 -9999.0 -9999.0 -9999.0 0.271330218786 0.539169284574 0.249413790622 0.498847282153 0.212045913263 1.67809382143 2.09919018091 2.31036340394 0.192053030104 0.33346212257 4.51342330635 5.35340763613 5.48481731692 0.34818038868 0.311652981312 0.382831610054 0.0166577490146 0.0140151698762 0.0261069622011 0.0237749419932 10.3623362838 10.4017359896 10.4400944252 41.6797286958 99.4615473651 98.8959479338 0.0177632216289 0.00928816167562 0.00840015972488 0.0778739017634 0.0706714179761 0.425714540727 0.649257170632 1.35092900517 0.125554739219 0.125517191035 1.09377409371 1.16526730169 2.34888196601 2.39021430328 2.47229418637 2.48275263664
-9999.0 -9999.0 -9999.0 -9999.0 -9999.0 -9999.0 -9999.0 -9999.0 -9999.0 -9999.0 -9999.0 -9999.0 -9999.0 0.250421344787 0.508776646419 0.771743074723 1.22173742081 0.244606391279 0.219819618663 2.44285948388 2.63908003627 4.25125874934 4.44751487289 0.544348872324 0.184584819076 0.173568757263 0.161022266111 10.2094966843 10.2566715784 10.2780449821 10.2920963897 10.3325766108 0.619317616734 0.700628933245 11.2161479768 152.457682601 0.311651369633 0.201420096209 0.0454647767628 0.0168167803766 0.00883567143089 0.0947929499123 0.101137934955 0.440210477031 0.00721145967973 1.36424710126 0.161718620789 0.157347971553 0.00806372384783 0.00522494026177 0.00495736374434 0.025725928801 0.00520815453868 2.48808632006
-9999.0 -9999.0 -9999.0 -9999.0 -9999.0 -9999.0 -9999.0 -9999.0 -9999.0 -9999.0 -9999.0 -9999.0 -9999.0 -9999.0 0.239966068849 0.727171201706 1.24492493841 1.78240029221 2.00324046676 2.23214316357 0.653612447494 1.07860766436 0.192502000572 0.185380362416 9.36878459592 9.73104342854 9.90277980016 10.0810091598 0.112264051269 0.171970089113 0.491691418604 0.523314014648 0.558699848252 0.0863689852721 0.172032315504 152.938661177 0.135846463392 0.12427387175 0.0586499738838 0.117377802389 0.0533171407258 0.0422266532023 0.569877389605 0.662521381599 0.0287080438864 1.40984663966 1.57752375511 0.165651797566 33.9392704453 33.9242911305 33.9122165332 33.8589000408 33.8032131262 33.3106755059
-9999.0 -9999.0 -9999.0 -9999.0 -9999.0 -9999.0 -9999.0 -9999.0 -9999.0 -9999.0 -9999.0 -9999.0 -9999.0 -9999.0 0.191097804981 0.41155973135 0.54053940823 6.23144101596 6.45747537216 0.230256775286 0.221753103396 0.212184959902 8.5948254299 8.99936984909 0.193845050937 0.191872976844 0.163362633049 0.656273716197 0.815916339218 0.335016640513 0.397939549727 3.79691982914 3.87373845894 4.14300689664 6.56712830101 159.632014038 0.163730423663 0.0541195633449 0.204739605021 0.159417316005 0.0477262300205 0.141407274962 0.192961025403 0.721036576264 0.780587480708 2.44131500524 1.59450688901 0.174835492755 34.7340660936 0.438609324553 33.8977289047 33.8796406628 0.434906219194 0.0615927539511
-9999.0 -9999.0 -9999.0 -9999.0 -9999.0 -9999.0 -9999.0 -9999.0 -9999.0 -9999.0 -9999.0 -9999.0 -9999.0 -9999.0 0.987829584153 1.6316585319 3.20644739887 5.83757218455 7.05084333198 7.76464222385 7.9788821854 8.19717874315 8.40672096885 0.198023559823 0.179054006504 0.346035909826 0.330071631679 0.168600928904 3.32610890673 3.48171030849 3.62767024023 3.75976565895 1.88264335843 1.91629095935 2.16287771385 159.737428605 0.303960729053 0.167185889766 0.397711706258 0.0377856613426 0.174651500604 0.111094702889 0.0482912419445 0.274975273985 0.0471634197809 0.0482204697342 37.4367377655 34.9540174732 34.9029704431 0.169719895385 0.424392362276 0.230068739032 0.0281728479872 0.246541563345
-9999.0 -9999.0 -9999.0 -9999.0 -9999.0 -9999.0 -9999.0 -9999.0 -9999.0 -9999.0 -9999.0 -9999.0 -9999.0 -9999.0 0.690225569288 0.686923043448 1.36299229642 2.00787762948 0.332738505808 0.24781650137 0.472607003291 0.690027372995 1.09430116385 1.29541352286 1.48158127959 2.01688790739 2.18399454311 2.36122561229 0.15363678676 1.63353438166 1.73942013177 1.79593530699 0.0299411277485 0.0148702965008 0.0264960033061 161.932858022 162.033900905 162.529381611 0.510220486195 0.0777250383074 0.235085345413 0.0504645158998 0.0919875811613 0.328627803764 0.417027272187 0.0890637830447 37.6954282915 0.110663188667 0.10247003628 0.0998330964967 0.127009742888 0.157100381451 0.0713177991765 0.2031782598
-9999.0 -9999.0 -9999.0 -9999.0 -9999.0 -9999.0 -9999.0 -9999.0 -9999.0 -9999.0 -9999.0 -9999.0 -9999.0 -9999.0 -9999.0 0.675042160392 1.31757829997 0.597032706634 1.19262276272 7.30495348318 7.61042346523 7.82290105089 0.20346161967 0.201808926294 0.388076500578 0.570744604153 0.903895911758 1.0669924662 1.18034704104 1.32551585163 0.114556503352 0.0695381579808 1.93670641167 1.96422634498 2.00070725369 2.06517301938 1.96773222148 164.785722107 165.709537015 165.748359506 166.019174971 166.211894141 166.373875209 0.0528815625206 0.46354112095 37.7488608552 0.124860147294 0.0637923649477 0.12309590788 0.118641709216 0.182440310261 0.0886156751821 0.049890228869 0.065647024858
-9999.0 -9999.0 -9999.0 -9999.0 -9999.0 -9999.0 -9999.0 -9999.0 -9999.0 -9999.0 -9999.0 -9999.0 -9999.0 -9999.0 -9999.0 -9999.0 1.95245081234 2.5637178853 4.41920450282 5.56048528901 0.525022947268 8.58360427463 8.78440599335 8.98044924731 0.192681291046 0.37841198997 0.169427826022 1.25991156331 1.34306827162 1.48102057594 1.60727729613 1.86276226785 1.91524543025 0.028319975386 1.64986643757 1.79692276129 1.89953999979 2.15884687745 0.330101893504 0.196524402353 0.0975380671052 0.0908711855077 166.529736097 166.62292722 167.483261321 37.8156925422 0.396907951712 0.212539485165 0.162941389082 0.033339175554 0.365517895832 0.142916375469 0.0450781554363 0.218260678069
-9999.0 -9999.0 -9999.0 -9999.0 -9999.0 -9999.0 -9999.0 -9999.0 -9999.0 -9999.0 -9999.0 -9999.0 -9999.0 -9999.0 -9999.0 -9999.0 0.657136030612 3.20452191145 3.84482233254 0.519448763441 0.218360764707 0.442499077565 0.644040611704 9.82301077736 0.191249400242 0.768408329647 0.943481422334 1.11485767205 0.0995987418599 0.221362621279 0.254893154913 1.278584242 1.40200051042 1.4784816196 0.0713732036635 0.0539675881808 0.0469610440329 0.0859915848601 0.0304492811702 0.0326182597831 0.0658936840037 0.0491465232121 0.06834619734 0.323331218043 167.58009935 205.64863035 0.493151468333 0.0683328750458 0.0476283190738 0.954307487725 0.882338258675 0.460605146648 0.399138334481 0.27662556251
-9999.0 -9999.0 -9999.0 -9999.0 -9999.0 -9999.0 -9999.0 -9999.0 -9999.0 -9999.0 -9999.0 -9999.0 -9999.0 -9999.0 -9999.0 0.606119345943 1.85996167453 0.603182994347 0.364618452698 0.246221491801 0.475389217433 0.695623889592 0.991059714847 11.3061969338 11.4904214754 0.189506143134 0.364403976275 0.539197323272 0.649745476372 0.740479911805 1.02154681312 1.21331458684 0.0252599343181 0.0424714811506 0.0427921761585 0.0695203771079 0.0658247673557 0.0641803046703 0.0558268160043 0.0623310492996 0.361604249884 0.181393835982 0.157343109241 0.158070861316 0.0894328270315 0.162570061845 209.77307633 3.58347604095 1.35992863354 0.275535944476 0.136909637926 0.0791983385647 0.188423669211 0.10095450667
-9999.0 -9999.0 -9999.0 -9999.0 -9999.0 -9999.0 -9999.0 -9999.0 -9999.0 -9999.0 -9999.0 -9999.0 -9999.0 -9999.0 0.632946904176 1.23114695704 4.30667149613 0.600117720751 0.894127144594 1.13171718163 1.35409666377 0.231556992097 0.434014610549 0.841350874218 12.7829446924 0.179694403819 0.345101208287 0.508399635431 0.147186663369 0.279950243208 0.303086779669 0.433518172019 18.6590990409 18.7638231872 18.8745942399 19.4516412908 19.6450238316 20.0913589182 0.13561456415 0.274005114095 0.428084559519 21.6838818089 21.9234352181 0.144298606611 0.204285156191 0.265017743202 209.905345645 3.48437657037 1.68297898964 1.5070507146 1.33988144259 1.20335945397 0.248139411432 0.0759698390338
-9999.0 -9999.0 -9999.0 -9999.0 -9999.0 -9999.0 -9999.0 -9999.0 -9999.0 -9999.0 -9999.0 -9999.0 -9999.0 -9999.0 0.641664447453 1.94732310893 6.89370309728 10.274190871 0.556721750716 13.3993250918 15.2853562666 0.215859370805 0.415123423774 0.754754922001 15.1048116504 15.4567281244 0.155075196385 0.818299609673 0.95557283023 1.03832287278 17.9901184076 18.0768375923 18.2001864351 0.0723072237146 0.410242334622 0.487500149505 0.232903590457 0.332355968922 20.5778049638 21.0130620302 21.10313074 21.1904689619 22.0518690571 0.0629273209164 0.0588833047573 0.386640435977 210.061894846 0.242851738213 0.013141800156 0.0247877426401 0.00718725482262 0.997982151838 0.98441737631 0.598579319385
-9999.0 -9999.0 -9999.0 -9999.0 -9999.0 -9999.0 -9999.0 -9999.0 -9999.0 -9999.0 -9999.0 -9999.0 -9999.0 -9999.0 -9999.0 -9999.0 1.36942408669 2.76745203609 12.1882935637 12.8451347211 15.8774102131 16.4279343811 0.213604569887 0.426996117916 1.09699820041 15.9283421744 16.294881412 16.4362843025 0.120151098932 16.8414105374 16.9206564299 0.0601275311058 0.0731520403351 0.140211608036 0.276923446768 0.0688770663325 0.141134535225 0.321082161893 0.405189595931 0.0784791440425 0.0595624822042 0.120567971759 22.4419430487 22.5547790277 22.6078178608 23.1318664512 210.193854383 0.241760441261 0.00990670674542 0.00439562911203 0.00422933763663 0.00441008487795 0.00370231439776 0.00667482632405
-9999.0 -9999.0 -9999.0 -9999.0 -9999.0 -9999.0 -9999.0 -9999.0 -9999.0 -9999.0 -9999.0 -9999.0 -9999.0 -9999.0 -9999.0 -9999.0 0.718364268292 0.705315132816 0.680499487339 1.29274191725 0.574167643572 17.5742536857 18.0793541137 0.24609492489 0.439827746768 0.189721057539 0.164669158618 0.160425561487 16.6498479222 0.0187462167637 0.0386032720116 0.0425765936029 0.0736226605178 0.0680637913422 0.057308466022 0.0591839809084 0.181607931628 0.247550804943 0.0522497285556 0.0474028111818 0.10212910564 0.167201064595 0.202520123046 0.0470193406152 22.6734913781 23.1900045166 210.306697889 0.425133754189 0.0150682655443 0.00212503709452 0.005830356977 0.0016602583184 0.00125071093621 0.00810239259962
-9999.0 -9999.0 -9999.0 -9999.0 -9999.0 -9999.0 -9999.0 -9999.0 -9999.0 -9999.0 -9999.0 -9999.0 -9999.0 -9999.0 -9999.0 -9999.0 -9999.0 -9999.0 0.696627016062 1.93243035394 2.49734581809 3.06334166094 18.6246185618 19.1513434822 19.6438199409 20.0471370626 20.2027586401 20.5196002326 20.5408621259 20.5565559761 20.5807627579 0.0654678334408 0.0627661084765 0.0657794783004 0.243708981646 0.0643911978688 0.0626878800217 0.051901084448 0.154060382429 0.0599975007241 0.0493807935682 0.0463710197322 0.0405893338815 0.0810332174282 0.119374221055 23.4398892995 234.270933035 0.165303881762 0.297280259444 0.00142000984643 0.0112041637839 0.0134486980165 0.00251667650619 0.719465764324
-9999.0 -9999.0 -9999.0 -9999.0 -9999.0 -9999.0 -9999.0 -9999.0 -9999.0 -9999.0 -9999.0 -9999.0 -9999.0 -9999.0 -9999.0 -9999.0 -9999.0 -9999.0 -9999.0 0.596172214474 4.62740266118 8.95098549214 9.51747040593 0.475771683704 0.723203491779 0.914847588088 1.06760315894 2.10642531152 2.16445696171 0.0597786475745 0.057400678905 20.7120740538 20.8331384441 20.8916268792 0.294012080177 0.0480630110352 0.114449990682 0.168474638548 0.503869782442 0.617690175723 0.712679489216 0.0882638073067 0.124837946907 0.0426218554369 0.0854414014465 0.0443672862922 234.362172927 0.145239360422 0.583424942958 0.128661615995 0.170468214031 0.867554047956 0.940752989414 1.73628965836
-9999.0 -9999.0 -9999.0 -9999.0 -9999.0 -9999.0 -9999.0 -9999.0 -9999.0 -9999.0 -9999.0 -9999.0 -9999.0 -9999.0 -9999.0 -9999.0 -9999.0 -9999.0 0.651762601224 2.05983132449 4.0425814228 5.29503792472 13.3299053086 13.8561116813 0.40252905765 0.595975607419 0.757061487811 0.903464598568 2.19177804007 2.29585517655 3.58980405983 3.67895615836 3.73502082349 20.9532237398 21.4167552885 0.112303130604 0.0700258983213 0.0677323904632 0.132128922169 0.0618298245126 0.831811625716 0.877345862427 0.165714443041 0.202179088796 0.0436934342074 82.0248845648 82.120713901 316.566942524 317.344103034 0.157149684868 0.495706322001 0.321623971739 0.211114651221 1.99630400118
-9999.0 -9999.0 -9999.0 -9999.0 -9999.0 -9999.0 -9999.0 -9999.0 -9999.0 -9999.0 -9999.0 -9999.0 -9999.0 -9999.0 -9999.0 -9999.0 -9999.0 -9999.0 -9999.0 0.730057777641 0.709717420918 1.35349772326 3.22951299781 14.4270446998 0.206718084511 0.203909500574 0.368169204733 0.527882719884 1.12940673636 1.1660447042 0.0284593169363 0.0605349105875 3.80952501716 3.87536387585 25.3487247867 25.4001910254 0.04448136361 0.0401174932554 0.0352971130182 0.0355988850843 0.0375288481705 81.2338531146 81.4996459796 81.7362324125 81.8127162506 81.9868752822 0.0501375810131 0.187296516204 0.2413016599 317.758006774 317.859986665 317.930291258 317.973474821 318.006242226
-9999.0 -9999.0 -9999.0 -9999.0 -9999.0 -9999.0 -9999.0 -9999.0 -9999.0 -9999.0 -9999.0 -9999.0 -9999.0 -9999.0 -9999.0 -9999.0 -9999.0 -9999.0 -9999.0 -9999.0 0.660469502296 0.686216101753 1.28259372467 16.927088368 17.4373523508 0.199644779248 0.360594232094 0.524013793434 0.574713508491 0.0383507520318 0.100909639202 30.7065764613 30.7699201076 30.8262980039 31.265181975 56.7147918108 79.5386323458 79.6393918383 79.7340492303 79.8252127994 80.1944197641 80.3109922449 0.225689522851 0.103856995937 0.0613108836157 0.116598648134 0.0928100611847 0.145962449466 0.0479211215304 0.98322271633 1.34583962577 1.6860951391 1.72001074636 318.043147712
-9999.0 -9999.0 -9999.0 -9999.0 -9999.0 -9999.0 -9999.0 -9999.0 -9999.0 -9999.0 -9999.0 -9999.0 -9999.0 -9999.0 -9999.0 -9999.0 -9999.0 -9999.0 -9999.0 -9999.0 -9999.0 0.671728029697 1.29050584641 1.91105327777 17.9394813423 0.356050043984 23.514819709 23.6832477488 23.7210281529 23.7810923394 30.4413026776 30.5265668836 0.0699334833746 0.329716249329 0.398346512065 0.0725540221214 22.7221987001 22.5882951833 0.0465777226888 0.108218013505 0.286134689162 0.0615019817972 0.0657285433143 0.0524338226681 0.0467688173509 0.0378175232476 0.0442478173421 0.827217364632 0.874136742764 0.928784357514 0.278942629172 0.237486564963 1.87056943866 1.9372277103
-9999.0 -9999.0 -9999.0 -9999.0 -9999.0 -9999.0 -9999.0 -9999.0 -9999.0 -9999.0 -9999.0 -9999.0 -9999.0 -9999.0 -9999.0 -9999.0 -9999.0 -9999.0 -9999.0 -9999.0 -9999.0 0.619722211158 0.583707493357 3.01179413981 22.0721794928 22.9720263514 23.3563760798 0.165187918356 6.53332635526 6.56637881856 6.5882223897 0.0727954297241 0.149861566339 0.221103302979 5.45246376272 5.51014359955 5.56213034243 22.4902617728 14.468875074 0.0607393729169 0.0610717808003 0.0578751915304 0.0484396767479 0.480868624888 0.584574737694 0.67717675124 0.729344061328 0.779886349278 4.31400178647 4.35531929236 4.39113061185 4.47170136454 4.95586347379 4.98759099356
-9999.0 -9999.0 -9999.0 -9999.0 -9999.0 -9999.0 -9999.0 -9999.0 -9999.0 -9999.0 -9999.0 -9999.0 -9999.0 -9999.0 -9999.0 -9999.0 -9999.0 -9999.0 -9999.0 -9999.0 -9999.0 -9999.0 1.21428548365 1.84596436636 0.574471045891 0.203968124504 6.04635427498 6.22135946481 6.31709005441 1.20314652904 1.22153018929 1.24699038206 1.31024911788 5.325243497 5.39877784065 2.28695523672 7.91153996027 7.9702994801 14.4215356734 0.119612244666 0.060295523415 0.0452509088117 0.327198489588 0.384787524541 0.039858748178 0.0375558247919 4.12481786037 4.22244564942 4.27585433109 0.0401583696357 0.0577516119475 4.86596166822 0.0534867037804 0.238830418677
-9999.0 -9999.0 -9999.0 -9999.0 -9999.0 -9999.0 -9999.0 -9999.0 -9999.0 -9999.0 -9999.0 -9999.0 -9999.0 -9999.0 -9999.0 -9999.0 -9999.0 -9999.0 -9999.0 -9999.0 -9999.0 -9999.0 0.60848694527 1.20399015727 4.80209578612 5.34931196163 5.66453231287 1.05645712079 1.18508907817 0.0207320708609 3.90461335601 3.92254512548 3.94386233631 0.0454085381424 2.14865762591 2.22416808082 0.0609426057532 14.1169629919 0.128713386381 0.0640736392696 0.173289065279 0.233761656779 0.0490999403178 0.0413667039178 3.66239844813 4.0319872522 4.09048337068 0.0547635384771 0.128100711976 0.162463957724 0.196090525621 0.370335136686 0.0882810409726 0.195016720295
