data/baseflow/History/mHMbfrc379
ncols                  80
nrows                 72
xllcorner      4374000.0
yllcorner      5656000.0
cellsize            500
NODATA_value       -9999
[rows 24 to 47 of 72, columns 0 to 53 of 80]
-9999.0 -9999.0 -9999.0 -9999.0 -9999.0 -9999.0 -9999.0 -9999.0 -9999.0 -9999.0 -9999.0 -9999.0 1.02052188599 2.88015516813 3.77825093441 6.53890307069 0.855133379243 1.7133116255 2.52979322402 9.49477176109 10.11700913 10.4780957703 11.1261306778 11.8791840881 19.1990374131 21.3397392057 22.3343527149 0.313616948755 2.32584440394 2.57400103561 40.7689043015 41.7606009396 42.1499718142 42.5422329233 42.9673186743 161.241975092 0.396179596619 325.474765713 0.5480104528 0.200298598272 2.65057708883 2.35842787095 0.30425566923 1.35111197123 1.93104673772 1.91887480433 1.31106291938 2.14932730422 3.38897082691 1.23510674277 3.23698986594 0.232834884917 0.308439570848 0.061072211141
-9999.0 -9999.0 -9999.0 -9999.0 -9999.0 -9999.0 -9999.0 -9999.0 -9999.0 -9999.0 -9999.0 -9999.0 0.976478193934 1.93287315781 0.901493338456 1.83867079566 0.845080679562 6.23724790007 7.87095789359 8.71407739922 0.773444209825 1.44653436091 14.5581817475 17.9472168174 18.5324029958 1.44294269297 1.3668692075 1.88371695975 0.223470029616 0.207136072003 0.390620840524 0.244834290669 22.8925659036 23.1829790505 23.5041701297 161.652101108 327.808643401 325.732798607 0.314261093811 0.130475794143 0.113359121207 0.53690405054 0.429170466754 1.53699822771 2.2458566276 4.57172766424 0.401136782677 0.398846709614 3.69845523832 4.01415448819 7.84302331406 8.05243466814 8.42736950898 8.54344723063
-9999.0 -9999.0 -9999.0 -9999.0 -9999.0 -9999.0 -9999.0 -9999.0 -9999.0 -9999.0 -9999.0 -9999.0 -9999.0 0.924096988917 1.84286036857 2.76313938634 4.50582561899 0.904844856925 0.838970663549 6.15013054845 6.92195672452 13.3264604521 14.0888413708 2.14127350233 0.758216331622 0.734005878482 0.666566593274 21.3304456365 21.7129123229 21.976757046 22.1731895567 22.6368539117 3.38228476478 3.77142805727 27.6310183223 517.285015472 1.61891672658 1.31033612279 0.53136103642 0.151993981877 0.107120139863 0.767487849438 0.851560186601 1.72549474344 0.0902467773854 4.69925943396 0.604457596432 0.586423246695 0.0818206580648 0.0574649772659 0.0523053086687 0.0917500906421 0.0538313962943 8.60603558132
-9999.0 -9999.0 -9999.0 -9999.0 -9999.0 -9999.0 -9999.0 -9999.0 -9999.0 -9999.0 -9999.0 -9999.0 -9999.0 -9999.0 0.905331504939 1.84052052754 2.71422669519 3.62529891892 4.47318186317 5.34023644939 2.52617669906 4.16591733566 0.763500703951 0.751536954305 17.8563570131 19.3201043858 19.9986836921 20.7426887635 0.550064229503 0.960084822893 2.47631205125 2.78084042301 3.06466018038 0.426775737271 0.430685505713 518.344704023 0.332319501828 0.486258617619 0.226126165215 0.631076316324 0.286995593734 0.190288752221 2.75099457676 2.95226340249 0.117760580119 4.84468056853 5.5123425256 0.648405914346 118.344321865 118.201770299 118.074754864 117.738688292 117.556747569 115.344017555
-9999.0 -9999.0 -9999.0 -9999.0 -9999.0 -9999.0 -9999.0 -9999.0 -9999.0 -9999.0 -9999.0 -9999.0 -9999.0 -9999.0 0.217018761357 0.503198346643 0.876644468232 7.97893131138 8.86014838375 0.886885236419 0.841595126513 0.821802566111 14.8286831634 16.3999340801 0.757562830769 0.780425156205 0.654742691285 2.64973819479 3.28901871273 1.63286539979 2.00010065422 15.0382864899 15.4570480301 16.4159363821 25.8085224306 544.381997947 0.334696418694 0.197970428849 0.989822157373 0.806822776652 0.17057329004 0.544071308323 0.711904212383 3.14754378686 3.31079231465 9.15299855118 5.5966755839 0.707776866928 121.033115754 1.34329395676 117.947220455 117.849789674 2.06640034061 0.177978241112
-9999.0 -9999.0 -9999.0 -9999.0 -9999.0 -9999.0 -9999.0 -9999.0 -9999.0 -9999.0 -9999.0 -9999.0 -9999.0 -9999.0 1.15798557137 1.87800195206 3.95784356805 7.01759528786 9.69954165827 11.5776869916 12.4241279781 13.2690153799 14.0826726473 0.774626536474 0.715775717653 1.40738970742 1.3325581488 0.676384822123 13.1089265949 13.7341146752 14.3150822562 14.8544592393 7.98450568399 8.32363109416 8.88924935542 544.578854101 0.567674321452 0.574985634864 1.67199788634 0.154299579035 0.38414671106 0.210124235724 0.153700950685 0.885101147251 0.12613119574 0.135341530808 130.956484632 121.700936335 121.562619004 0.567156935866 1.264665746 0.781319681369 0.160071025124 1.72247441103
-9999.0 -9999.0 -9999.0 -9999.0 -9999.0 -9999.0 -9999.0 -9999.0 -9999.0 -9999.0 -9999.0 -9999.0 -9999.0 -9999.0 0.820340391382 0.770012184716 1.50709657783 2.29806409042 0.93270900795 0.905061555294 1.74867154231 2.58040163052 4.15595797909 4.94917502128 5.68412952435 7.84217422382 8.51797800746 9.22117964247 0.640442501236 6.47501515297 6.99138977422 7.38282195332 0.240409851504 0.0905465692908 0.194182550371 553.208966731 553.393564866 554.327369863 2.10029028588 0.310488407059 0.581439022738 0.152549108912 0.273599532295 1.0163728429 1.24872152551 0.242416504154 131.602745276 0.229102093956 0.325384640192 0.351965297114 0.290191968765 0.478512068096 0.198464366622 1.19468238841
-9999.0 -9999.0 -9999.0 -9999.0 -9999.0 -9999.0 -9999.0 -9999.0 -9999.0 -9999.0 -9999.0 -9999.0 -9999.0 -9999.0 -9999.0 0.733552302537 1.45380714817 0.718037016614 1.48441017682 9.25144337235 10.1012837267 10.9249480096 0.788095585688 0.792430836983 1.52822071329 2.26226613251 3.5892535343 4.26139977739 4.60522837395 5.21303415749 0.497844347617 0.415898168602 7.79761756552 7.89963238454 8.05625121674 8.23434758445 6.61672082137 561.683417686 564.884466056 565.028420389 565.734009244 566.401112149 566.844674686 0.131255619091 1.3588476193 131.730925685 0.311872793062 0.161062726418 0.182129468792 0.164804837751 0.272654431495 0.226923667464 0.135059051598 0.206095328426
-9999.0 -9999.0 -9999.0 -9999.0 -9999.0 -9999.0 -9999.0 -9999.0 -9999.0 -9999.0 -9999.0 -9999.0 -9999.0 -9999.0 -9999.0 -9999.0 2.16234920801 2.93678900948 5.22256639039 6.94664501382 0.921590232241 12.7307021353 13.5131165258 14.2811943604 0.754844320358 1.48365575584 0.667360530815 4.94649990546 5.25667018743 5.78782131035 6.32889582152 7.52463532683 7.6342828705 0.0802341086383 5.90751264603 6.26662253585 6.44936388452 7.16272141828 0.919513967154 0.594435092352 0.36333259804 0.340423213414 567.305817498 567.548630361 569.924846049 131.863982742 0.831076785295 0.410730250622 0.279844027544 0.0750943863947 0.751714961414 0.381574286263 0.1161478631 0.632352361151
-9999.0 -9999.0 -9999.0 -9999.0 -9999.0 -9999.0 -9999.0 -9999.0 -9999.0 -9999.0 -9999.0 -9999.0 -9999.0 -9999.0 -9999.0 -9999.0 0.796680445179 3.70002928191 4.49828676586 0.964495877452 0.841268749432 1.6800546271 2.47457576664 17.5435867628 0.747507584008 2.9998660541 3.68637767556 4.35752675181 0.331429803753 0.819728262556 1.02766362611 4.89614037253 5.31146804432 5.47121142545 0.183049320187 0.170027781888 0.19283959886 0.355607104302 0.143192834834 0.148173707104 0.282356042126 0.206323362395 0.279807223159 0.854654641433 570.191230264 702.664384889 1.02739387624 0.151014833893 0.0788838628063 2.2796508098 2.11133659504 1.23114053647 1.09811022247 0.8063488406
-9999.0 -9999.0 -9999.0 -9999.0 -9999.0 -9999.0 -9999.0 -9999.0 -9999.0 -9999.0 -9999.0 -9999.0 -9999.0 -9999.0 -9999.0 0.671817205894 2.2098075262 0.737703760754 1.00435380407 0.937871228719 1.7818159799 2.60174298318 3.41197790888 21.7093341126 22.4334457824 0.7410341276 1.42646882177 2.11766845209 2.55859254936 3.03265237408 4.2641647927 4.71590453542 0.199133452821 0.237692398328 0.208965747484 0.340183998944 0.293807747357 0.301192845631 0.236573907151 0.273873180879 1.07651149209 0.514502305429 0.246231482241 0.236167385159 0.210378854818 0.386727767207 709.166239789 5.32244192747 2.73199085222 0.249215114987 0.105466494202 0.0854692022861 0.291070468595 0.197677250619
-9999.0 -9999.0 -9999.0 -9999.0 -9999.0 -9999.0 -9999.0 -9999.0 -9999.0 -9999.0 -9999.0 -9999.0 -9999.0 -9999.0 0.711587367071 1.36346811387 4.98072494413 0.721804921754 1.9845480728 2.90726777914 3.77147854073 0.879349968096 1.66520318735 2.4974058095 25.6422965966 0.709396701477 1.36237080167 2.0215373129 0.597453665699 1.17130610231 1.35803221626 1.76139678285 46.5737563298 47.127629408 47.6414876111 50.2466352601 51.1538082875 53.1273891918 0.452323305518 1.0001614816 1.3247834428 59.0230625226 59.4683300902 0.21430861067 0.356477665893 0.492859590312 709.381040677 5.05923896616 1.99362593973 1.86242126235 1.71202032011 1.60066457218 0.387424781267 0.0970333955903
-9999.0 -9999.0 -9999.0 -9999.0 -9999.0 -9999.0 -9999.0 -9999.0 -9999.0 -9999.0 -9999.0 -9999.0 -9999.0 -9999.0 0.70983565513 2.16321812668 7.85174045983 11.5460211879 0.6511235018 15.2339212456 19.7579630959 0.82931293483 1.60318091113 2.43189394907 32.6143875532 33.328948446 0.630020603686 3.28923488251 3.8663301777 4.31540860952 43.141425601 43.9476091539 44.579838581 0.322307691153 1.83277563091 2.17760876489 1.0058833289 1.45569187736 55.1323963549 56.7790723203 57.1393938299 57.483354212 59.8671148878 0.193075609991 0.161145779894 0.785251454125 709.585123449 0.199104531569 0.0151203004787 0.0440861991047 0.0192273298967 1.42334158755 1.31806465062 0.776988215741
-9999.0 -9999.0 -9999.0 -9999.0 -9999.0 -9999.0 -9999.0 -9999.0 -9999.0 -9999.0 -9999.0 -9999.0 -9999.0 -9999.0 -9999.0 -9999.0 1.50117520555 3.01967171506 13.7074498165 14.4815608519 20.4448677112 21.2100809672 0.812210121678 1.6227655602 3.9050023248 34.0222689806 35.3476087439 35.9104244813 0.468790680696 37.789361125 38.5679637704 0.53403904455 0.326041004294 0.6335103602 1.23409950013 0.295447790962 0.599848782452 1.33242402586 1.68018621207 0.312821974309 0.209963757038 0.422691857726 61.3080237136 61.7444824775 61.8811167855 63.0379399369 709.763887483 0.117059009388 0.00758198548186 0.01028572839 0.0101058320963 0.010665976068 0.00879028064467 0.015417355709
-9999.0 -9999.0 -9999.0 -9999.0 -9999.0 -9999.0 -9999.0 -9999.0 -9999.0 -9999.0 -9999.0 -9999.0 -9999.0 -9999.0 -9999.0 -9999.0 0.781894257606 0.767596547612 0.763122097364 1.57552282023 0.695646021207 22.5913352166 23.2889545115 0.789716439257 1.53826583939 0.756959384695 0.647437686547 0.634088927802 36.9426549395 0.235335070248 0.458683288976 0.326463067028 0.336634668751 0.306116060008 0.242136426453 0.251296617276 0.753128819663 1.02619862013 0.196527620851 0.172360727739 0.367104574209 0.606850060688 0.75621609271 0.192588421101 62.0892903325 63.1798719872 709.885536608 0.252951948193 0.0324245482163 0.00392413112348 0.0129071535821 0.00292956616869 0.00211016114183 0.017907958132
-9999.0 -9999.0 -9999.0 -9999.0 -9999.0 -9999.0 -9999.0 -9999.0 -9999.0 -9999.0 -9999.0 -9999.0 -9999.0 -9999.0 -9999.0 -9999.0 -9999.0 -9999.0 0.758868401755 2.28215318607 2.91679012062 3.58967000764 23.9491351777 24.6037437477 25.2710734003 26.0481024143 26.6704974001 27.9457618177 28.2019412648 28.4115296125 28.6556975719 0.30461605834 0.281883251755 0.298132126516 1.05356806405 0.276450062129 0.257961080057 0.206033552178 0.589667846475 0.228691132913 0.171763156771 0.15870223575 0.131480642273 0.26230982241 0.372579666681 63.9426457341 774.216609796 0.0969352436411 0.215719380552 0.0026836084409 0.0163653752518 0.00713941776837 0.00425966312522 0.644469337277
-9999.0 -9999.0 -9999.0 -9999.0 -9999.0 -9999.0 -9999.0 -9999.0 -9999.0 -9999.0 -9999.0 -9999.0 -9999.0 -9999.0 -9999.0 -9999.0 -9999.0 -9999.0 -9999.0 0.648288722589 5.03940873613 10.0106512552 10.7245466957 0.897983560782 1.68570062478 2.43099448819 3.09005819239 7.2693897402 7.59018926422 0.314068313344 0.302535137751 29.2843842522 29.8397835221 30.0986808929 1.26077424896 0.197370653542 0.462964314943 0.680220292703 1.99081573412 2.42211236502 2.74964906538 0.2985906715 0.4091335061 0.13455876798 0.262539780177 0.133137132403 774.482146755 0.087879214642 0.376580717458 0.109487800896 0.181957933165 0.548221409843 0.595448364654 1.283512174
-9999.0 -9999.0 -9999.0 -9999.0 -9999.0 -9999.0 -9999.0 -9999.0 -9999.0 -9999.0 -9999.0 -9999.0 -9999.0 -9999.0 -9999.0 -9999.0 -9999.0 -9999.0 0.709636280407 2.24496037728 4.40512631284 5.76334008551 14.897945477 15.7060785487 1.53842088678 2.28191917894 2.93784023843 3.59187227677 7.86560507474 8.48562920841 14.4427154538 14.8735354939 15.1519580968 30.3743707871 32.3522236373 0.474069246488 0.292645631389 0.282243345168 0.536698600663 0.241069588386 3.1962352047 3.3516648664 0.535586854884 0.665562747418 0.12714947762 181.097534461 181.368762198 956.058149366 956.598751261 0.0846996922279 0.367338957469 0.117738123808 0.100080971785 1.47218402016
-9999.0 -9999.0 -9999.0 -9999.0 -9999.0 -9999.0 -9999.0 -9999.0 -9999.0 -9999.0 -9999.0 -9999.0 -9999.0 -9999.0 -9999.0 -9999.0 -9999.0 -9999.0 -9999.0 0.797788971005 0.778196726667 1.48520425641 3.53154401365 16.371509573 0.784651522263 0.776319404816 1.43846687991 2.10598271568 4.86599404964 5.20414956717 0.218429780436 0.291594225178 15.5121427788 15.8111420023 48.407331616 48.6293343551 0.171497195546 0.149783234561 0.118357960028 0.119662714084 0.121695150798 178.380442237 179.304705719 180.115545011 180.377206806 180.969750433 0.147002010814 0.536596283744 0.663381138586 957.531745597 957.620607439 957.794652323 957.940656229 958.06527299
-9999.0 -9999.0 -9999.0 -9999.0 -9999.0 -9999.0 -9999.0 -9999.0 -9999.0 -9999.0 -9999.0 -9999.0 -9999.0 -9999.0 -9999.0 -9999.0 -9999.0 -9999.0 -9999.0 -9999.0 0.724488635915 0.752556949034 1.40113566592 19.1228514456 19.8367630506 0.765514025373 1.42794624141 2.10620404835 2.46928644252 0.299498943546 0.656789383622 42.3655679165 42.674607503 42.9292002514 45.0261630276 93.8913218129 172.01598882 172.415395132 172.766008276 173.100084908 174.440795647 174.871451579 0.77010989032 0.344192647348 0.201945686979 0.378657323172 0.265457331476 0.42419182133 0.129722703619 3.18978875106 3.50668636695 3.74941883706 3.79962917733 958.153904719
-9999.0 -9999.0 -9999.0 -9999.0 -9999.0 -9999.0 -9999.0 -9999.0 -9999.0 -9999.0 -9999.0 -9999.0 -9999.0 -9999.0 -9999.0 -9999.0 -9999.0 -9999.0 -9999.0 -9999.0 -9999.0 0.739803928551 1.41578286828 2.09546733678 20.4099827309 0.728464787444 27.8562222844 28.5576286015 28.8626298588 29.2437479951 40.9166698478 41.3352478639 0.336097381212 1.5873291172 1.90644366941 0.318139631929 77.7191489656 77.1473453091 0.175674932673 0.403846874084 1.05895164018 0.229709855456 0.235992373697 0.174369787526 0.141907730298 0.107273775108 0.124401253217 2.76951518785 2.89683777893 3.05417210842 0.203728364144 0.158610585426 3.88560365795 3.96091383199
-9999.0 -9999.0 -9999.0 -9999.0 -9999.0 -9999.0 -9999.0 -9999.0 -9999.0 -9999.0 -9999.0 -9999.0 -9999.0 -9999.0 -9999.0 -9999.0 -9999.0 -9999.0 -9999.0 -9999.0 -9999.0 0.684756668927 0.63834908962 3.30211840569 25.0568207924 26.4535629288 27.1984794351 0.723280456326 10.969418327 11.2151478709 11.3377817359 0.371996090806 0.738700551572 1.06511347009 18.1871982128 18.4353445318 18.6449760929 76.759019723 47.3810339053 0.225415214401 0.223326867884 0.213481176258 0.162554511945 1.72226992138 2.04767413149 2.32947574593 2.48464713697 2.63337096771 18.0065874571 18.1092390415 18.2272492678 18.5121375969 19.7758097704 19.8240153723
-9999.0 -9999.0 -9999.0 -9999.0 -9999.0 -9999.0 -9999.0 -9999.0 -9999.0 -9999.0 -9999.0 -9999.0 -9999.0 -9999.0 -9999.0 -9999.0 -9999.0 -9999.0 -9999.0 -9999.0 -9999.0 -9999.0 1.33415908145 2.0265504345 0.736960349102 0.785719986046 8.56126041692 9.30768704058 9.83011953261 3.88389783884 4.10576127586 4.38357270639 4.71621058736 17.634529194 17.9572852957 9.99949952609 28.9102256908 29.1609471167 47.193138414 0.456945558695 0.225375967131 0.157740403949 1.20084325616 1.40289842321 0.114066467915 0.104745194664 17.5049403404 17.7748148819 17.9092991748 0.146441373478 0.209039914662 19.5734312454 0.140038599304 0.410276400816
-9999.0 -9999.0 -9999.0 -9999.0 -9999.0 -9999.0 -9999.0 -9999.0 -9999.0 -9999.0 -9999.0 -9999.0 -9999.0 -9999.0 -9999.0 -9999.0 -9999.0 -9999.0 -9999.0 -9999.0 -9999.0 -9999.0 0.663748105265 1.31564105383 5.53757977174 6.2858416309 7.06547132385 3.06284886106 3.65449492679 0.240590932338 12.1371407162 12.3547824485 12.5903850528 0.297944013145 9.39285977018 9.72367808447 0.253118730795 45.9892304029 0.515545941509 0.25449473402 0.656069257122 0.88222126077 0.164928245068 0.131225646424 16.1066019182 17.2570074207 17.4228677605 0.163833777954 0.337533116593 0.422764921734 0.498014798068 0.974521870622 0.145231419438 0.340213033921
