data/baseflow/History/mHMbfrc315
ncols                  80
nrows                 72
xllcorner      4374000.0
yllcorner      5656000.0
cellsize            500
NODATA_value       -9999
[rows 24 to 47 of 72, columns 0 to 54 of 80]
-9999.0 -9999.0 -9999.0 -9999.0 -9999.0 -9999.0 -9999.0 -9999.0 -9999.0 -9999.0 -9999.0 -9999.0 1.43392793856 4.14931033968 5.44404469374 9.50043554001 1.28738146018 2.56148922386 3.77298661323 14.0304063498 15.1092776202 16.0704187426 17.2418009197 18.5343402269 28.7029837707 32.4054055078 34.6846065927 1.05546200538 5.45259120891 6.43559799023 71.4695804413 75.7608503793 77.3980727144 79.0044496775 80.7055351558 274.914279461 0.456850491937 539.706898488 1.80959474458 0.846280847258 5.21937653388 4.38843734866 0.767058084654 2.52462366456 3.57306624105 3.54723175774 2.47703635215 4.07335389733 6.44783910208 2.39722895779 6.27772338904 0.632712885408 1.05524412511 0.308304705158 0.240447162652
-9999.0 -9999.0 -9999.0 -9999.0 -9999.0 -9999.0 -9999.0 -9999.0 -9999.0 -9999.0 -9999.0 -9999.0 1.40944913013 2.78997245347 1.30307472287 2.67602091697 1.25928376134 9.16060633859 11.6118414436 12.8606388165 1.16303902405 2.25535635119 21.0284323368 26.4165799259 27.502047345 2.46520987941 2.4232697675 3.57379329144 0.943370496835 0.911561233999 1.72605575543 0.753453809972 32.7820369092 33.5349759287 34.3475529088 275.563514388 545.636591872 540.665495368 1.41920746674 0.572808855408 0.514351384995 1.98395338445 1.4421201468 3.25351058138 4.33114219757 8.66419351593 0.780068525627 0.77955169774 7.17612422147 7.92316386925 15.5467489073 16.0968408656 17.4704116878 18.0485786327 0.496937371269
-9999.0 -9999.0 -9999.0 -9999.0 -9999.0 -9999.0 -9999.0 -9999.0 -9999.0 -9999.0 -9999.0 -9999.0 -9999.0 1.38524987618 2.71997433605 4.03653034128 6.60038485991 1.33928499283 1.25149466665 8.14960000067 9.30461294837 18.8932013998 20.0306342738 3.273147164 1.19503653886 1.21799314359 1.20153777839 27.6545039464 28.6563216138 29.6238467627 30.4647227244 32.0327865495 7.3261592762 8.10131089725 43.1330914043 864.648433418 4.32597755206 3.71529532011 2.01008658677 0.472125602567 0.430249877215 3.01636694715 3.39610491688 4.16711395443 0.455636646375 9.20782381738 1.38845883464 1.37522327886 0.39437742905 0.283387383169 0.250508116657 0.217186989369 0.25362234202 18.3929725017 267.449379364
-9999.0 -9999.0 -9999.0 -9999.0 -9999.0 -9999.0 -9999.0 -9999.0 -9999.0 -9999.0 -9999.0 -9999.0 -9999.0 -9999.0 1.34047165299 2.42281675454 3.38598076751 4.38497654472 5.64638745526 6.9289629884 3.7652878137 6.16876467748 1.14286565025 1.14156955257 21.9756266439 24.2487372045 25.3293671651 26.523325122 1.09002079026 2.07984799432 4.95606360709 5.88360622632 6.6455876499 0.84172656804 0.608241782644 866.325118154 0.614834364401 0.907372482924 0.428225564117 1.79125830297 0.865821471347 0.414853436964 8.00345141622 8.3126494019 0.273772357203 9.49660438583 11.1721540728 1.71823924733 279.18248242 278.524721089 277.944003739 276.856279677 276.442955606 269.041360653 268.758534402
-9999.0 -9999.0 -9999.0 -9999.0 -9999.0 -9999.0 -9999.0 -9999.0 -9999.0 -9999.0 -9999.0 -9999.0 -9999.0 -9999.0 0.217367423937 0.513495764641 0.946365478782 8.01304839447 9.33654319716 1.31355449303 1.26343738951 1.21401961107 17.3815338209 19.7107217381 1.14038779503 1.18160448541 1.06451239834 4.25171723087 5.28708594699 3.17388485132 3.99368898064 23.7702222629 24.6479366393 26.1866474673 42.3146393114 908.9838259 0.555717780748 0.356405551768 2.6311453521 2.21209385345 0.344653337411 1.11459054505 1.42826619101 8.6738181689 8.95610198801 20.9080095553 11.4222857732 1.99899420618 285.207518856 2.66646781658 277.416147259 277.150053157 6.99249257967 0.366915955227 1.07622092892
-9999.0 -9999.0 -9999.0 -9999.0 -9999.0 -9999.0 -9999.0 -9999.0 -9999.0 -9999.0 -9999.0 -9999.0 -9999.0 -9999.0 1.12449838197 1.82885867809 3.93244958267 6.81477669579 10.1964112246 12.5447413564 13.8072924579 15.0528284194 16.2506203462 1.16454485741 1.11867609043 2.22017964205 2.13664380725 1.07776638705 20.3652427676 21.386087716 22.3575617759 23.2963326327 13.8790854072 14.8114850067 15.557224354 909.275344488 0.914698017897 0.885195072297 3.78171063244 0.395128996129 0.58542405825 0.290420562316 0.289102247384 1.69175493146 0.225765650424 0.245497239704 307.493280447 286.402192499 286.158128718 1.04267627083 2.42286611325 1.60978954922 0.425229874676 6.41149120861 1.96009338335
-9999.0 -9999.0 -9999.0 -9999.0 -9999.0 -9999.0 -9999.0 -9999.0 -9999.0 -9999.0 -9999.0 -9999.0 -9999.0 -9999.0 0.78801880418 0.712970157026 1.38062582331 2.14297117259 1.18831312047 1.30425995527 2.55717135319 3.806004056 6.18890151669 7.3826963448 8.53490942729 11.916773176 12.9814219999 14.0787409167 1.03414641371 10.3595064766 11.3081933939 12.2142248107 0.812912814726 0.55614222989 0.949150674682 925.582906428 925.857224731 927.308366581 4.84021216543 0.77939025165 0.998996512407 0.27107741703 0.498712696628 1.90491538167 2.31692316284 0.435795929971 308.584400349 0.34122772693 0.590581492225 0.663049107717 0.465739975226 0.89062913597 0.366865625777 3.98916134996 3.21994694717
-9999.0 -9999.0 -9999.0 -9999.0 -9999.0 -9999.0 -9999.0 -9999.0 -9999.0 -9999.0 -9999.0 -9999.0 -9999.0 -9999.0 -9999.0 0.663920897925 1.32409225963 0.684520116585 1.42585710011 9.09482128285 10.2331559793 11.5030552711 1.18775276616 1.19162454887 2.35262477446 3.49163932012 5.61753043366 6.67461543385 7.2945372043 8.30266567916 0.914228627974 0.887884867254 13.8864346496 14.3862019472 14.7391976937 15.0594412341 12.2018738657 940.840976999 947.686070312 948.007555189 949.300523321 950.69745261 951.45779602 0.221280367444 2.50410958061 308.801677491 0.564409196261 0.291161710828 0.265227271397 0.229548276769 0.405446218285 0.44136588515 0.259211240417 0.385006394506 0.393882942613
-9999.0 -9999.0 -9999.0 -9999.0 -9999.0 -9999.0 -9999.0 -9999.0 -9999.0 -9999.0 -9999.0 -9999.0 -9999.0 -9999.0 -9999.0 -9999.0 1.97229518979 2.74050790587 4.96284039996 6.81413285636 1.0284631322 13.8231830717 15.0016646945 16.2049867661 1.18772939072 2.34450236068 1.07480601435 7.86082713841 8.45113285992 9.36930965038 10.3129009384 12.7645198058 13.1395301019 0.24221506622 11.0157682052 11.6383712774 11.9089156403 13.2437437172 1.71811286613 1.11257947549 0.728115597931 0.705227753773 952.297453677 952.676063785 956.954105661 309.009292817 1.41193418735 0.673201154293 0.445356539159 0.141542248387 1.31753238329 0.725299733295 0.227893267379 1.29803726843 1.10748257405
-9999.0 -9999.0 -9999.0 -9999.0 -9999.0 -9999.0 -9999.0 -9999.0 -9999.0 -9999.0 -9999.0 -9999.0 -9999.0 -9999.0 -9999.0 -9999.0 0.759196151469 3.47734632084 4.26018555091 1.11870507673 1.27136680571 2.51232906948 3.69622313575 21.1097498191 1.17658732345 4.71294853042 5.80102778021 6.87901602361 0.621608068641 1.49620087288 2.07937974924 8.82451672827 9.93473389204 10.1745184445 0.295558331805 0.329187780052 0.418614662818 0.765158496652 0.339481694567 0.367697916695 0.666085022905 0.556031911134 0.642087100965 1.53034818669 957.363225863 1267.32274687 1.74142030033 0.314669410263 0.133454301636 4.2278512792 3.91387590363 2.37262814607 2.14844941513 1.62731421263 0.381688174329
-9999.0 -9999.0 -9999.0 -9999.0 -9999.0 -9999.0 -9999.0 -9999.0 -9999.0 -9999.0 -9999.0 -9999.0 -9999.0 -9999.0 -9999.0 0.594161251372 2.05919623638 0.698471547174 1.31144103586 1.38158862978 2.65470233707 3.87227906091 4.93259864737 26.8432992583 27.9878202717 1.16975314953 2.25687982304 3.34406761498 4.13979221923 5.05655294382 7.9196594959 8.50796469529 0.774233262878 0.590461563273 0.545528408535 0.739732751533 0.691275515504 0.677168416729 0.577513792663 0.707496660264 2.20537123053 1.01516781663 0.319587585482 0.302359604899 0.327575035513 0.615183569796 1279.1389258 9.71592114863 4.81414630318 0.273512924478 0.112876672744 0.112346578422 0.484842671933 0.359151040415 0.196595996363
-9999.0 -9999.0 -9999.0 -9999.0 -9999.0 -9999.0 -9999.0 -9999.0 -9999.0 -9999.0 -9999.0 -9999.0 -9999.0 -9999.0 0.632951078573 1.20774661667 4.56041638404 0.686812655359 2.41568662506 3.79649345964 5.12670948402 1.31413992416 2.51915356658 3.50579655664 32.2603774892 1.13420231715 2.18895585428 3.23507417911 0.981778282627 1.95697768912 2.72680600673 3.34173248169 68.5354385419 69.7329834914 70.8085813348 75.5195232445 77.625825584 81.5231620385 0.960281781352 2.21961916935 2.74991217869 92.8788805096 93.5247358417 0.278786929259 0.51934877159 0.746803580585 1279.41116401 9.08657808365 3.93311575056 3.80227096528 3.07272785975 2.75000905782 0.641207143474 0.140954447038 0.31512845217
-9999.0 -9999.0 -9999.0 -9999.0 -9999.0 -9999.0 -9999.0 -9999.0 -9999.0 -9999.0 -9999.0 -9999.0 -9999.0 -9999.0 0.646063770968 1.94478219741 7.13769551469 10.4606025334 0.6194596354 13.9932256874 19.9003606734 1.26448522205 2.45713414861 3.5084370515 42.1668378461 43.0246136664 1.0752907098 5.40394184585 6.39196939916 7.24040562018 60.9350301123 63.2669185459 64.5021379299 0.581143034895 3.32419402924 3.94076912763 1.81440610043 2.63353335397 85.1274586642 88.4924292278 89.1357363467 89.7489162137 94.2149364711 0.335247271526 0.274082718684 1.22876410151 1279.65169797 0.20881890326 0.213140462513 0.621295052888 0.225746342102 2.53958190595 1.9736344116 1.15002209224 0.859976563744
-9999.0 -9999.0 -9999.0 -9999.0 -9999.0 -9999.0 -9999.0 -9999.0 -9999.0 -9999.0 -9999.0 -9999.0 -9999.0 -9999.0 -9999.0 -9999.0 1.35045485092 2.71984928457 12.4722248926 13.2188423286 20.5499027925 21.3359971737 1.23258324696 2.45759351679 5.76007241891 43.7699509607 45.9202925777 46.9161273244 0.806476165937 50.4483601201 52.9201984125 1.5266692059 0.58729307369 1.16143979678 2.24787243039 0.529114242328 1.07359959806 2.40770516136 3.02481564733 0.549522478177 0.370652268229 0.745839858477 96.9245012646 97.8426899615 98.0757178416 99.9032788059 1279.86995165 0.117394520634 0.158108386896 0.178136199126 0.171649002363 0.175691932915 0.151568692128 0.28473912362 0.0892795364803
-9999.0 -9999.0 -9999.0 -9999.0 -9999.0 -9999.0 -9999.0 -9999.0 -9999.0 -9999.0 -9999.0 -9999.0 -9999.0 -9999.0 -9999.0 -9999.0 0.706530561308 0.692272520242 0.706782919603 1.54587558018 0.690193570582 22.6937996291 23.4108262234 1.11860154473 2.25604064975 1.24008911946 1.0954765953 1.07768958134 48.8980949843 0.86007222696 1.70483341576 0.781087979117 0.622103499672 0.558960870992 0.439977120895 0.455813857554 1.36482809814 1.85618549072 0.356906908975 0.314409897313 0.660956084929 1.08227285445 1.44242806929 0.422406751915 98.4198099123 100.133857556 1280.01174654 0.691825231879 0.477283462706 0.106724784087 0.257285250146 0.0873919269215 0.0656627252681 0.356192032116 0.486678697449
-9999.0 -9999.0 -9999.0 -9999.0 -9999.0 -9999.0 -9999.0 -9999.0 -9999.0 -9999.0 -9999.0 -9999.0 -9999.0 -9999.0 -9999.0 -9999.0 -9999.0 -9999.0 0.68440254445 2.18450289333 2.77520514004 3.43410452914 24.0450115455 24.6765481665 25.3508407746 26.2583243152 27.3167417134 29.4699868085 30.2973087391 31.1278056301 31.8217416523 0.576569450582 0.535698809141 0.555486045466 1.92453508654 0.498127688957 0.46631629212 0.378512414851 1.07737784859 0.409140250005 0.308604088277 0.286892972257 0.245692590337 0.490292597682 0.683519409896 101.485772645 1382.3573035 0.0910414633174 0.22527463301 0.0939913675959 0.353696083803 0.194436828912 0.132161851658 1.20532159119 0.784883431966
-9999.0 -9999.0 -9999.0 -9999.0 -9999.0 -9999.0 -9999.0 -9999.0 -9999.0 -9999.0 -9999.0 -9999.0 -9999.0 -9999.0 -9999.0 -9999.0 -9999.0 -9999.0 -9999.0 0.576342869099 4.53554206481 9.2288981013 9.95306399981 1.03141839261 2.13557472274 3.27236727047 4.31203973682 10.8613754572 11.4946257449 0.607476488695 0.584146477686 32.9838925331 34.0190554253 34.4949798516 2.29587839723 0.34678931691 0.825653011796 1.21245787172 3.56294651835 4.32719676867 4.90859337269 0.534190745438 0.731519201094 0.234849838561 0.450993434724 0.224274796502 1382.78666809 0.0840919762139 0.37698031263 0.207911726492 0.657770330121 1.21264476997 1.39044024113 2.64037198379 1.10320448244
-9999.0 -9999.0 -9999.0 -9999.0 -9999.0 -9999.0 -9999.0 -9999.0 -9999.0 -9999.0 -9999.0 -9999.0 -9999.0 -9999.0 -9999.0 -9999.0 -9999.0 -9999.0 0.637774442272 2.02597542372 3.96979413708 5.19165918278 13.6999488962 14.571256208 2.32750479156 3.4565740821 4.45837822275 5.52951026893 12.2424038165 13.520269933 24.1266074641 24.9922293842 25.5470928216 34.9902746681 38.5423215932 0.831782629004 0.519297936077 0.501331425207 0.947024384902 0.420079387363 5.68166016816 5.95387302618 0.953258907737 1.27403276282 0.259756570259 259.811379148 260.245881504 1643.31858888 1643.85906196 0.0774878661227 0.826348947385 0.106266458189 0.0993260244491 2.88199613853 4.07851223612
-9999.0 -9999.0 -9999.0 -9999.0 -9999.0 -9999.0 -9999.0 -9999.0 -9999.0 -9999.0 -9999.0 -9999.0 -9999.0 -9999.0 -9999.0 -9999.0 -9999.0 -9999.0 -9999.0 0.72214126468 0.701464823186 1.33134597159 3.16411459928 15.1885285083 1.18226934468 1.16803057644 2.17775022807 3.18504340212 8.04489678249 8.8910219259 0.590326908456 0.556726154011 26.1985978939 26.7166963289 65.7469825857 66.1986433428 0.300167165333 0.264559300944 0.211409334574 0.213543204038 0.210770905654 254.80033298 256.3457959 257.957473714 258.529008958 259.520413513 0.233254212143 0.854206700079 1.04377564809 1645.25703768 1645.35334476 1645.60019044 1645.93735963 1646.20128747 4.29606782992
-9999.0 -9999.0 -9999.0 -9999.0 -9999.0 -9999.0 -9999.0 -9999.0 -9999.0 -9999.0 -9999.0 -9999.0 -9999.0 -9999.0 -9999.0 -9999.0 -9999.0 -9999.0 -9999.0 -9999.0 0.647636830257 0.675771450813 1.25596971794 17.6496931412 18.3894803715 1.15834815188 2.1633889759 3.1814086387 4.04060916929 0.800364652801 1.49673189515 47.1153008309 47.6879509316 48.2254633596 52.1612142708 118.859122592 243.726313002 244.420267987 245.029179548 245.610707807 247.862901433 248.581543853 1.26077414313 0.56460288081 0.325410588594 0.612062174016 0.421951440051 0.672384572798 0.202330507814 5.08892212835 5.41488717688 5.65299890891 5.73529861723 1646.33773824 1650.89477109
-9999.0 -9999.0 -9999.0 -9999.0 -9999.0 -9999.0 -9999.0 -9999.0 -9999.0 -9999.0 -9999.0 -9999.0 -9999.0 -9999.0 -9999.0 -9999.0 -9999.0 -9999.0 -9999.0 -9999.0 -9999.0 0.660025471562 1.26473831212 1.87224094046 18.9111446423 0.865169385856 26.4606020185 27.5097934698 28.3467593108 29.091898553 44.2478330707 44.9539429224 0.604789158521 2.90887493388 3.49972704508 0.54461780313 124.164071231 123.190032932 0.300193962219 0.679166709969 1.77021739244 0.38295982376 0.384263322299 0.28410494043 0.228588821613 0.178618009141 0.197406141486 4.45380864834 4.64863719099 4.8853716094 0.184175321314 0.145057011906 5.812975688 5.90629961294 5.96195195987
-9999.0 -9999.0 -9999.0 -9999.0 -9999.0 -9999.0 -9999.0 -9999.0 -9999.0 -9999.0 -9999.0 -9999.0 -9999.0 -9999.0 -9999.0 -9999.0 -9999.0 -9999.0 -9999.0 -9999.0 -9999.0 0.604221537248 0.566622820204 2.93463555924 23.1137419863 24.6183805795 25.4617113703 1.11367311626 13.2773943521 14.0675140892 14.4351322115 0.675368830872 1.31739631986 1.88075363066 30.4099222612 30.834630338 31.1938517475 122.535218223 70.755808711 0.369277466359 0.36986884528 0.356756235814 0.269964756261 2.79167296163 3.3104626498 3.76587398107 4.00739937318 4.23963619175 31.4939051819 31.6546661788 31.9072516987 32.5391231875 34.5580464871 34.6346998016 40.67464372
-9999.0 -9999.0 -9999.0 -9999.0 -9999.0 -9999.0 -9999.0 -9999.0 -9999.0 -9999.0 -9999.0 -9999.0 -9999.0 -9999.0 -9999.0 -9999.0 -9999.0 -9999.0 -9999.0 -9999.0 -9999.0 -9999.0 1.18035395841 1.80261818063 0.727496579521 1.1769828793 9.09600787808 10.262756697 11.2227991433 6.2657694228 7.07331736561 7.88528971166 8.48990564271 29.4778482624 30.0171194957 19.3875779843 51.0134347574 51.4199449975 70.4423138486 0.739587698868 0.367624038235 0.262720893739 1.94070508379 2.2623578095 0.179170340271 0.16577781883 30.7716061449 31.1624775967 31.3443133164 0.300563274456 0.446793251018 34.2447435726 0.199561363024 0.537286639362 0.591600981885
-9999.0 -9999.0 -9999.0 -9999.0 -9999.0 -9999.0 -9999.0 -9999.0 -9999.0 -9999.0 -9999.0 -9999.0 -9999.0 -9999.0 -9999.0 -9999.0 -9999.0 -9999.0 -9999.0 -9999.0 -9999.0 -9999.0 0.59078525993 1.17070058317 5.12666353123 5.88515262411 6.85264849785 4.41223159094 5.41927371122 0.863421920212 18.9099455967 19.7033450152 20.4314609126 0.608005382239 18.3719357631 18.9241189423 0.420068305498 68.4903788228 0.842189973128 0.419324773231 1.04981292841 1.41864515788 0.265442085814 0.215679416045 28.727067471 30.417398252 30.6485907332 0.241675141681 0.492006399937 0.627868683971 0.75390824662 1.49232875915 0.192992366872 0.441417512027 0.0853988053443
