data/baseflow/History/mHMbfrc404
ncols                  80
nrows                 72
xllcorner      4374000.0
yllcorner      5656000.0
cellsize            500
NODATA_value       -9999
[rows 0 to 23 of 72, columns 0 to 53 of 80]
-9999.0 -9999.0 -9999.0 -9999.0 -9999.0 -9999.0 -9999.0 -9999.0 -9999.0 -9999.0 -9999.0 -9999.0 0.596489063301 0.790225506254 -9999.0 -9999.0 -9999.0 -9999.0 -9999.0 -9999.0 -9999.0 -9999.0 -9999.0 -9999.0 -9999.0 -9999.0 -9999.0 -9999.0 -9999.0 -9999.0 -9999.0 -9999.0 -9999.0 -9999.0 -9999.0 -9999.0 -9999.0 -9999.0 -9999.0 -9999.0 -9999.0 -9999.0 -9999.0 -9999.0 -9999.0 -9999.0 -9999.0 -9999.0 -9999.0 -9999.0 -9999.0 -9999.0 -9999.0 -9999.0
-9999.0 -9999.0 -9999.0 -9999.0 -9999.0 -9999.0 -9999.0 -9999.0 -9999.0 -9999.0 -9999.0 -9999.0 1.03161441752 3.08004914644 0.665564429962 -9999.0 0.638999347679 -9999.0 -9999.0 -9999.0 -9999.0 -9999.0 -9999.0 -9999.0 -9999.0 -9999.0 -9999.0 -9999.0 -9999.0 -9999.0 -9999.0 -9999.0 -9999.0 -9999.0 -9999.0 -9999.0 -9999.0 -9999.0 -9999.0 -9999.0 -9999.0 -9999.0 -9999.0 -9999.0 -9999.0 -9999.0 -9999.0 -9999.0 -9999.0 -9999.0 -9999.0 -9999.0 -9999.0 -9999.0
-9999.0 -9999.0 -9999.0 -9999.0 -9999.0 -9999.0 -9999.0 -9999.0 -9999.0 -9999.0 0.411063480086 0.397933883797 0.413660832888 0.402943115281 3.84086409318 4.45245298523 1.82311054554 0.591187879139 -9999.0 -9999.0 -9999.0 -9999.0 -9999.0 -9999.0 -9999.0 -9999.0 -9999.0 -9999.0 -9999.0 -9999.0 -9999.0 -9999.0 -9999.0 -9999.0 -9999.0 -9999.0 -9999.0 -9999.0 -9999.0 -9999.0 -9999.0 -9999.0 -9999.0 -9999.0 -9999.0 -9999.0 -9999.0 -9999.0 -9999.0 -9999.0 -9999.0 -9999.0 -9999.0 -9999.0
-9999.0 -9999.0 -9999.0 -9999.0 -9999.0 -9999.0 -9999.0 -9999.0 -9999.0 0.402315811745 0.808345312963 1.6023947035 0.793673271113 0.384363039342 0.753564808999 4.8212443314 7.93294570053 0.63537322341 -9999.0 0.390472928487 -9999.0 -9999.0 -9999.0 -9999.0 1.24393604706 0.635629506538 -9999.0 -9999.0 -9999.0 -9999.0 -9999.0 -9999.0 -9999.0 -9999.0 -9999.0 -9999.0 -9999.0 -9999.0 -9999.0 -9999.0 -9999.0 -9999.0 -9999.0 -9999.0 -9999.0 -9999.0 -9999.0 -9999.0 -9999.0 -9999.0 -9999.0 -9999.0 -9999.0 -9999.0
-9999.0 -9999.0 -9999.0 -9999.0 -9999.0 -9999.0 -9999.0 -9999.0 0.458035926854 1.28523529086 1.67289333555 2.06317714977 2.76883264721 0.362758323642 1.44125548856 1.79437930571 10.8094338706 0.461827288561 0.347976760446 0.737391060137 1.07460555076 0.349569694893 -9999.0 3.15963796576 2.57563502889 0.682966875057 -9999.0 -9999.0 -9999.0 -9999.0 -9999.0 -9999.0 -9999.0 -9999.0 -9999.0 -9999.0 -9999.0 -9999.0 -9999.0 -9999.0 -9999.0 -9999.0 -9999.0 -9999.0 -9999.0 -9999.0 -9999.0 -9999.0 -9999.0 -9999.0 -9999.0 -9999.0 -9999.0 -9999.0
-9999.0 -9999.0 -9999.0 -9999.0 -9999.0 -9999.0 0.461463297192 0.420416233539 0.398876223385 0.405389541224 0.410993501711 2.89084371545 6.04743249343 6.42964713525 6.67471227517 0.198462758536 11.422409385 11.7671407119 0.69146953118 0.340793851263 1.405667646 2.43772752271 0.433093806481 4.50744964953 0.365367708857 0.431040840039 0.376940729589 -9999.0 -9999.0 -9999.0 -9999.0 -9999.0 -9999.0 -9999.0 -9999.0 -9999.0 -9999.0 -9999.0 -9999.0 -9999.0 -9999.0 -9999.0 -9999.0 -9999.0 -9999.0 -9999.0 -9999.0 -9999.0 -9999.0 -9999.0 -9999.0 -9999.0 -9999.0 -9999.0
-9999.0 -9999.0 -9999.0 -9999.0 -9999.0 -9999.0 0.914521071893 1.34322673777 3.02679880514 4.21168249048 0.369870505524 0.378410841229 0.362053168734 1.06879683766 8.06875134553 0.262542485092 12.0982916869 13.3887594762 1.01331740876 0.659331551132 2.75906636657 0.341421495691 4.84156741184 0.697131006914 0.352701595328 0.774454586733 0.743000109442 0.360523470481 0.362383241348 0.355710999353 0.372127759196 0.746401731053 -9999.0 -9999.0 -9999.0 -9999.0 -9999.0 -9999.0 -9999.0 -9999.0 -9999.0 -9999.0 -9999.0 -9999.0 -9999.0 -9999.0 -9999.0 -9999.0 -9999.0 -9999.0 -9999.0 -9999.0 -9999.0 -9999.0
-9999.0 -9999.0 -9999.0 -9999.0 -9999.0 0.494703122842 0.953419285283 0.450921312327 0.877128782805 4.64612608307 5.42746722803 6.19721363226 19.8137672257 0.353645612669 8.42268052308 30.9505303283 31.1995709177 45.0356228729 0.276225784137 0.979901178681 3.08263668502 0.321595283496 8.76618428633 3.59838938642 2.23374091848 1.88014053881 0.363502844583 1.07169111332 1.05812308364 0.70620061751 0.344276498283 1.10103531384 0.341784480309 0.338868893967 -9999.0 -9999.0 -9999.0 -9999.0 -9999.0 -9999.0 -9999.0 -9999.0 -9999.0 -9999.0 -9999.0 -9999.0 -9999.0 -9999.0 -9999.0 -9999.0 -9999.0 -9999.0 -9999.0 -9999.0
-9999.0 -9999.0 -9999.0 -9999.0 -9999.0 0.495416076204 1.43227089297 2.84966083318 3.2804424974 6.50167550727 6.90479029846 8.16798981541 13.2606525343 20.8853500357 21.6030930536 21.939843638 0.620160395134 46.1468520642 46.7088141524 48.3215647506 61.4831130804 9.75268274169 9.10671787168 2.57193360488 0.331183172725 2.10129198611 1.41868357553 0.336455715752 1.38752209259 0.316939229614 0.649968935162 1.76526434646 2.09895562384 0.670286480318 0.330884151007 0.328296190964 -9999.0 -9999.0 -9999.0 -9999.0 0.605669453931 0.544298361639 -9999.0 -9999.0 -9999.0 -9999.0 -9999.0 -9999.0 -9999.0 -9999.0 -9999.0 -9999.0 -9999.0 -9999.0
-9999.0 -9999.0 -9999.0 -9999.0 -9999.0 0.476267014133 0.453198606815 1.90928497552 2.34791386358 2.80307219396 0.429613069566 0.850513302302 4.81526365078 0.866702294202 0.393360539837 0.366493432654 0.334526428578 0.369420292163 0.35122981066 0.354198666279 61.8219850275 62.7976425698 0.321200905805 0.977481275936 0.659381795684 2.43238894055 0.677595361081 0.331006878813 1.72499914848 0.621071538192 1.48628396338 3.70468455697 3.42760942777 0.999607896492 0.9885407843 0.3318953271 0.33084466075 -9999.0 -9999.0 0.330473659187 1.18885065717 2.86848530283 0.57166818408 -9999.0 -9999.0 -9999.0 -9999.0 -9999.0 -9999.0 -9999.0 -9999.0 -9999.0 -9999.0 -9999.0
-9999.0 -9999.0 -9999.0 -9999.0 -9999.0 -9999.0 0.499093286209 0.507253075953 0.947797740506 1.400659502 3.1229701598 3.99277682766 4.42861403102 0.470800131579 0.362145125077 4.81437941399 5.90425685733 6.25365720677 7.68439472527 8.02117022787 0.334654801552 63.1331881181 64.6458317097 1.18321265663 0.087974043331 2.67663170047 6.06342616165 2.38842201931 0.63280204563 0.314257853338 5.80525089488 4.02377491717 0.316441712695 0.320096064518 1.31396969262 0.983902806801 0.32502817449 0.331373690034 0.325301990958 0.650098479641 0.318069811751 3.49717792085 3.81665802872 0.314776322447 -9999.0 -9999.0 -9999.0 -9999.0 0.344455085528 0.332020211166 0.0866754318426 -9999.0 -9999.0 -9999.0
-9999.0 -9999.0 -9999.0 -9999.0 -9999.0 -9999.0 -9999.0 0.489104102652 0.385006271081 0.851001067065 1.30499372522 0.438903648023 0.402914182674 2.5114764368 3.30113632879 4.09835233379 0.373304858923 0.732778389651 0.361229246603 8.36183645297 19.6474907415 20.2471009268 85.7448371882 0.315752932542 0.288378804088 0.0874391805186 6.39036038949 0.318830095108 0.952527745997 0.312560418445 6.11762321889 6.42769347657 0.633429054494 0.629574472536 3.27206744581 1.63445274321 0.666617623073 0.333849522262 0.651072486756 0.971288554937 1.59788288596 0.31492868214 4.4562606239 4.78037334472 0.310015243601 0.322331412087 0.327140194412 0.313354846908 0.303695112095 0.982284895684 0.367681007013 0.241159699428 -9999.0 -9999.0
-9999.0 -9999.0 -9999.0 -9999.0 -9999.0 -9999.0 -9999.0 -9999.0 0.884036817808 1.2347062585 0.431792841852 0.879719431525 1.2959519453 2.13480369677 0.425093410104 0.405599460697 0.356224069006 0.361327857142 0.342065987496 10.590763658 0.368875176693 0.723951703383 87.170045832 88.3225201763 0.462572312071 1.18914635338 7.90912464203 0.628717785382 1.25176039877 0.606113359103 0.905957267137 7.66513392751 0.936008464378 4.81881927612 3.88664754046 0.30879805842 1.6303526228 0.651620892609 0.964110847766 0.316087015552 1.92610448657 2.56574884771 2.87549685737 3.17751856844 5.99670863401 0.611537517234 0.62420370778 0.601398501496 0.581995225409 1.26689758849 0.276553310551 0.889279477453 1.14400731297 -9999.0
-9999.0 -9999.0 -9999.0 -9999.0 -9999.0 -9999.0 -9999.0 -9999.0 0.473175136367 2.16822311678 2.58871592781 0.421262706504 0.826746542685 0.405156408988 0.38012609309 0.373279905651 4.68602346904 6.26360158808 8.03660815219 9.95344724434 0.484346174373 0.36106032793 0.417011740274 90.5702155328 92.0470277694 92.6142819613 10.9088456043 2.54002847601 2.19838436161 0.304665672954 1.19794721937 9.16159400523 0.296453948043 5.11997078877 0.304946452568 2.09545701169 1.95205311706 0.314270668267 1.27476029554 0.625654337967 0.931204864424 0.319197837973 0.291294809172 3.47776550838 3.76738224112 6.28567162681 0.920291009433 0.891504985188 0.866345497415 1.55196651337 2.10637138513 0.275833429544 1.4027706841 0.264799321985
-9999.0 -9999.0 -9999.0 -9999.0 -9999.0 -9999.0 -9999.0 -9999.0 -9999.0 0.484976738053 3.03172582453 3.44770237032 1.23711895675 2.05236978105 2.82079211768 3.21028494044 0.395585977587 1.21673575324 0.796465956924 0.400336838162 0.39542339262 0.362134328521 0.736335238687 1.30894406762 0.627328846059 104.752330554 105.237917955 0.457378244879 0.326016692466 0.602144556584 0.89865379089 10.0477231933 0.589984273059 5.40663761637 3.25669426686 2.66587179174 0.308360051561 0.618047079463 1.57283109707 0.296575843934 1.22294430312 0.61584257916 0.442534835296 0.112457409569 4.28789892078 10.8501945368 1.18410860912 1.15707948179 1.12768283163 0.256844561828 2.36062063098 0.250745933777 1.92103303489 0.248684499892
-9999.0 -9999.0 -9999.0 -9999.0 -9999.0 -9999.0 -9999.0 -9999.0 -9999.0 -9999.0 0.418305107836 4.29211046145 0.408761854533 0.818966033199 1.19722553052 1.95856711478 0.39160166043 0.817786876553 0.398262497191 0.385725480535 0.366675605436 0.732367790901 0.345022034865 0.400871966942 0.896320622511 0.541838361344 105.818344187 106.819499296 108.141320287 1.24439314493 0.292540109354 0.583065912238 10.3443613214 10.139170561 3.86558017404 0.300853672748 1.22580788545 0.921247463264 1.87166937217 0.594320132359 2.4269462572 0.909084801869 0.688075729849 0.0331266383768 0.120250980471 11.1279281263 11.4196002376 14.0345865653 1.92069597491 0.525693648924 2.62949434184 3.14197710236 5.30618954209 0.494983244721
-9999.0 -9999.0 -9999.0 -9999.0 -9999.0 -9999.0 -9999.0 -9999.0 -9999.0 -9999.0 -9999.0 0.221006692012 4.7403440525 0.397579089284 0.774173984514 3.50930909729 0.406787286894 0.405531517526 0.37006770629 0.7586983383 0.365621554551 1.46596845619 2.16968811754 2.5110711237 1.24909811168 1.67467718057 0.484223354361 0.515047994383 0.545095583831 110.320457319 111.309682138 10.6327160501 10.7010311008 10.4225828137 0.579742686341 0.285501392271 1.51586696646 3.97076564708 2.16544833652 0.88703272561 3.60335238695 1.11412778278 0.832768846181 0.062301918697 0.0294088963374 0.039363639684 0.0724660727228 14.4371943961 17.1448588843 0.257292055262 0.245507584007 0.253022606457 5.54776832271 6.26627634157
-9999.0 -9999.0 -9999.0 -9999.0 -9999.0 -9999.0 -9999.0 -9999.0 -9999.0 -9999.0 -9999.0 0.21154748096 5.2458553718 6.47648143012 0.378689869985 4.27284344041 0.38151035203 0.369020991304 0.722178704023 1.83750159871 0.353855429388 0.366869432231 0.343113988502 3.20658653315 3.53839301617 5.56224273273 6.35077851086 6.68321848778 7.13287336988 7.56716410346 119.403668787 130.73902718 142.183314233 142.66156419 0.337239535008 0.289711344466 4.5517704342 4.26358968131 0.288893464673 0.286877233348 3.87769996818 5.28167321619 0.225662679467 1.66274827872 1.55453305713 0.15678207875 0.114366686454 0.187706838599 0.26267766221 17.6854594528 0.266113213496 0.725719593891 0.965276770365 7.68619869696
-9999.0 -9999.0 -9999.0 -9999.0 -9999.0 -9999.0 -9999.0 -9999.0 -9999.0 -9999.0 -9999.0 0.442120490382 0.849268491169 6.87492995859 7.6131736538 0.377483596712 5.28469451361 0.344519930559 1.0449916094 2.1795004431 0.697078300709 0.3423815371 0.709232093017 0.334317808522 0.642520090555 0.306926998402 0.252625887716 0.143233008614 0.102810614743 0.0870477038776 0.0864612877592 0.167611294293 0.28312485851 0.45023735203 143.933269637 6.02799954371 5.34241851717 0.376926092615 0.855798939865 0.221594503612 0.177802750182 5.55995934449 8.02715646382 1.9581742191 1.49586865222 0.0815236852035 0.0369013390169 0.0331351252977 0.242864293041 18.2110838279 18.7675948902 0.283122149899 0.280778903369 0.138377197132
-9999.0 -9999.0 -9999.0 -9999.0 -9999.0 -9999.0 -9999.0 -9999.0 -9999.0 -9999.0 -9999.0 -9999.0 0.387392061482 5.236748138 13.2285651841 14.3802861337 20.0939560165 20.719162567 5.21896878039 3.56960629501 1.04529959381 0.33944197663 1.38373021175 1.71982453091 2.67264407742 0.623320253493 0.556293551702 0.450536075834 0.853569974117 0.383679048421 0.354560841204 0.152856405758 0.0343698483136 0.0716982612148 144.316502283 150.605551542 151.099606656 0.402538006071 2.59566079882 0.967993957343 0.288916091268 8.91309419772 0.611037302062 0.311807537939 1.15882304144 0.176419488948 0.191658815647 0.388076492073 0.627486520179 0.898100638745 19.2869604594 0.25394262731 0.236863772387 0.236201409828
-9999.0 -9999.0 -9999.0 -9999.0 -9999.0 -9999.0 -9999.0 -9999.0 -9999.0 -9999.0 -9999.0 0.421844719409 3.99795699359 4.84635774945 0.784997920564 0.24127759604 0.548744005141 21.6296003908 22.1335096434 27.9511452202 0.322621464171 0.659848911226 0.308141772824 0.312347953412 2.9845975739 3.91942901102 4.7736490416 0.294561856992 1.14814775248 1.82173377675 1.06863024619 0.43524998355 0.216388350495 0.128128491063 0.175280050408 0.132102790377 151.53009863 151.94234299 155.237079412 0.542660550158 0.272675331324 9.39385114206 0.635135260076 0.324952123799 0.334907138826 0.33189374939 0.31434559361 0.507279347026 1.66943760341 2.85068486976 22.3888517878 0.222589721462 0.661535951565 0.441736272298
-9999.0 -9999.0 -9999.0 -9999.0 -9999.0 -9999.0 -9999.0 -9999.0 -9999.0 -9999.0 -9999.0 0.432673320959 2.77576662203 0.435143767905 0.384789857888 1.97425120921 2.32566568219 2.68668728622 3.03021435088 37.3054188261 37.5928335513 38.2090061022 42.5810586772 43.4119600454 43.8399580674 44.1619505276 49.3396840577 49.941909525 50.2386949461 52.3342456919 53.7115465329 53.9968192301 54.6146262173 0.398515042207 0.26410745199 0.0333897883922 0.0775130268311 152.275810859 156.474470477 0.862513559818 11.4432908613 11.1328725956 1.23383976148 0.301399637936 0.303018714836 0.298171095018 0.295236404548 0.594155249161 0.879148414831 0.29287663466 22.6391051701 22.8949549129 24.2322182286 24.461746452
-9999.0 -9999.0 -9999.0 -9999.0 -9999.0 -9999.0 -9999.0 -9999.0 -9999.0 -9999.0 -9999.0 1.43460865136 1.89161289514 0.867411394805 1.28091503495 0.407672976453 4.65379207767 5.03180868344 5.7808195639 5.97849877969 2.40323945836 41.0393826178 41.296226574 0.199419615655 0.109971105226 0.0631975271421 0.188889304368 0.0779200591668 0.0385278811229 0.0347257848892 0.0605257014192 54.1270995484 54.7847369655 55.5187092114 56.0897018059 56.415623694 0.110505310752 0.0724602186227 168.907552836 12.071962617 11.7648161718 0.282279262082 0.282792841535 0.271604361637 0.577206156485 0.574776256164 0.269067772642 0.26970025526 0.255443652927 0.544846058855 0.784061218321 0.213344632655 0.395411112849 0.12777191159
-9999.0 -9999.0 -9999.0 -9999.0 -9999.0 -9999.0 -9999.0 -9999.0 -9999.0 -9999.0 -9999.0 -9999.0 0.971549615376 0.447068065534 0.41164056325 3.9007525642 4.29351877004 0.390250222802 1.55024181705 1.8830253422 2.13045634537 0.288792298163 0.253201342266 5.94355935873 6.15665914709 6.33154228876 17.7576633348 17.8385467638 17.9169468966 19.0284965665 19.2745386131 19.3068374121 0.0295397994656 0.0312991404792 0.0576380563457 56.9664405025 0.174635891825 171.565796094 171.114307553 1.94307636949 1.64628461423 1.1023402217 0.274727290399 0.543565927037 0.854116893438 0.851488654859 0.532204541995 0.262107490811 0.515738394871 0.505429174483 1.01726882013 0.152562512726 0.536505966084 0.873010386299
