data/baseflow/History/mHMbfrc352
ncols                  80
nrows                 72
xllcorner      4374000.0
yllcorner      5656000.0
cellsize            500
NODATA_value       -9999
[rows 0 to 23 of 72, columns 0 to 53 of 80]
-9999.0 -9999.0 -9999.0 -9999.0 -9999.0 -9999.0 -9999.0 -9999.0 -9999.0 -9999.0 -9999.0 -9999.0 0.905000437481 0.773221940509 -9999.0 -9999.0 -9999.0 -9999.0 -9999.0 -9999.0 -9999.0 -9999.0 -9999.0 -9999.0 -9999.0 -9999.0 -9999.0 -9999.0 -9999.0 -9999.0 -9999.0 -9999.0 -9999.0 -9999.0 -9999.0 -9999.0 -9999.0 -9999.0 -9999.0 -9999.0 -9999.0 -9999.0 -9999.0 -9999.0 -9999.0 -9999.0 -9999.0 -9999.0 -9999.0 -9999.0 -9999.0 -9999.0 -9999.0 -9999.0
-9999.0 -9999.0 -9999.0 -9999.0 -9999.0 -9999.0 -9999.0 -9999.0 -9999.0 -9999.0 -9999.0 -9999.0 1.7862858065 3.9335979772 0.625640670178 -9999.0 0.566930902815 -9999.0 -9999.0 -9999.0 -9999.0 -9999.0 -9999.0 -9999.0 -9999.0 -9999.0 -9999.0 -9999.0 -9999.0 -9999.0 -9999.0 -9999.0 -9999.0 -9999.0 -9999.0 -9999.0 -9999.0 -9999.0 -9999.0 -9999.0 -9999.0 -9999.0 -9999.0 -9999.0 -9999.0 -9999.0 -9999.0 -9999.0 -9999.0 -9999.0 -9999.0 -9999.0 -9999.0 -9999.0
-9999.0 -9999.0 -9999.0 -9999.0 -9999.0 -9999.0 -9999.0 -9999.0 -9999.0 -9999.0 0.841120614965 0.800513599827 0.84459025681 0.831139796098 5.48200367421 6.11315140391 1.59917323166 0.517530137131 -9999.0 -9999.0 -9999.0 -9999.0 -9999.0 -9999.0 -9999.0 -9999.0 -9999.0 -9999.0 -9999.0 -9999.0 -9999.0 -9999.0 -9999.0 -9999.0 -9999.0 -9999.0 -9999.0 -9999.0 -9999.0 -9999.0 -9999.0 -9999.0 -9999.0 -9999.0 -9999.0 -9999.0 -9999.0 -9999.0 -9999.0 -9999.0 -9999.0 -9999.0 -9999.0 -9999.0
-9999.0 -9999.0 -9999.0 -9999.0 -9999.0 -9999.0 -9999.0 -9999.0 -9999.0 0.809865659413 1.65365270263 3.27528505584 1.63460567901 0.796152132488 1.55856826167 6.85569086642 9.59257601123 0.55610879299 -9999.0 0.804884937381 -9999.0 -9999.0 -9999.0 -9999.0 1.09508692553 0.562399263563 -9999.0 -9999.0 -9999.0 -9999.0 -9999.0 -9999.0 -9999.0 -9999.0 -9999.0 -9999.0 -9999.0 -9999.0 -9999.0 -9999.0 -9999.0 -9999.0 -9999.0 -9999.0 -9999.0 -9999.0 -9999.0 -9999.0 -9999.0 -9999.0 -9999.0 -9999.0 -9999.0 -9999.0
-9999.0 -9999.0 -9999.0 -9999.0 -9999.0 -9999.0 -9999.0 -9999.0 0.897604590604 2.5552866671 3.33067026917 4.12524951625 5.68134178046 0.752129214089 3.02305136057 3.74561890241 14.5898121067 0.661211927342 0.70337113003 1.53418705105 2.23300036892 0.723576638711 -9999.0 2.79865621933 2.29537790402 0.618411186926 -9999.0 -9999.0 -9999.0 -9999.0 -9999.0 -9999.0 -9999.0 -9999.0 -9999.0 -9999.0 -9999.0 -9999.0 -9999.0 -9999.0 -9999.0 -9999.0 -9999.0 -9999.0 -9999.0 -9999.0 -9999.0 -9999.0 -9999.0 -9999.0 -9999.0 -9999.0 -9999.0 -9999.0
-9999.0 -9999.0 -9999.0 -9999.0 -9999.0 -9999.0 0.932579282388 0.850830256372 0.803145508741 0.815301859727 0.815374808522 5.78037419478 12.2586798339 13.0453619344 13.7118799284 0.642175920775 15.9119427808 16.5989356155 1.42854694661 0.72198655643 2.92058113303 5.04849363202 0.709264842597 4.96470180637 0.796291418202 0.764073664087 0.835593402638 -9999.0 -9999.0 -9999.0 -9999.0 -9999.0 -9999.0 -9999.0 -9999.0 -9999.0 -9999.0 -9999.0 -9999.0 -9999.0 -9999.0 -9999.0 -9999.0 -9999.0 -9999.0 -9999.0 -9999.0 -9999.0 -9999.0 -9999.0 -9999.0 -9999.0 -9999.0 -9999.0
-9999.0 -9999.0 -9999.0 -9999.0 -9999.0 -9999.0 1.86337039951 2.74811736736 6.15923155886 8.54360629086 0.748213489765 0.784796322555 0.745782005445 2.16408667047 16.5363452822 0.623969687105 17.2574107199 19.9259495396 2.09067774452 1.36111642253 5.6959742399 0.694189887281 5.65636124322 1.41594728984 0.723804349409 1.46560461658 1.62957993021 0.777962907448 0.802119005905 0.787450089118 0.809237611331 1.62086027457 -9999.0 -9999.0 -9999.0 -9999.0 -9999.0 -9999.0 -9999.0 -9999.0 -9999.0 -9999.0 -9999.0 -9999.0 -9999.0 -9999.0 -9999.0 -9999.0 -9999.0 -9999.0 -9999.0 -9999.0 -9999.0 -9999.0
-9999.0 -9999.0 -9999.0 -9999.0 -9999.0 1.00159438205 1.93989194085 0.926498873767 1.78462219618 9.404030279 10.9729221149 12.5500167552 40.7370517782 0.713225894766 17.2397430185 63.6089303467 64.1290318673 84.9556920006 0.568852391587 2.00413823269 6.34689348138 0.64503878182 13.6827813153 7.35107655533 4.5663434045 3.83963750539 0.816874609497 2.3343581808 2.35281183697 1.56821324786 0.753689180669 2.39352764287 0.73761065766 0.728276441128 -9999.0 -9999.0 -9999.0 -9999.0 -9999.0 -9999.0 -9999.0 -9999.0 -9999.0 -9999.0 -9999.0 -9999.0 -9999.0 -9999.0 -9999.0 -9999.0 -9999.0 -9999.0 -9999.0 -9999.0
-9999.0 -9999.0 -9999.0 -9999.0 -9999.0 1.04178891271 3.01693873524 5.91724540103 6.80031348867 13.3929335269 14.2271691291 16.8121024743 27.4674480643 42.9265059197 44.4116181693 45.0932824437 1.24913544941 87.2006978002 88.3783754856 91.6900333347 114.353021433 15.6695126783 14.3759806193 5.25156208212 0.679709903745 4.49994179333 3.04600840745 0.678356434489 3.04969256893 0.684237736636 1.41711497642 3.81760635172 4.53278887009 1.43491151948 0.695338170694 0.693396154962 -9999.0 -9999.0 -9999.0 -9999.0 0.517997119333 0.464637224232 -9999.0 -9999.0 -9999.0 -9999.0 -9999.0 -9999.0 -9999.0 -9999.0 -9999.0 -9999.0 -9999.0 -9999.0
-9999.0 -9999.0 -9999.0 -9999.0 -9999.0 1.01945958313 0.948476452091 3.91933263355 4.81271252237 5.72803213304 0.874315522186 1.7359563372 10.0577693458 1.75650844514 0.813868498234 0.747427334554 0.663027177094 0.739595485462 0.718738385474 0.728548025466 115.034571114 116.9859597 0.644423946623 1.98837889699 1.35347801324 5.15419683489 1.37393685638 0.66616687101 3.75468181419 1.34286951538 3.25438968098 7.96984570624 7.35712892915 2.11694693645 2.05822772068 0.709293842532 0.700248230119 -9999.0 -9999.0 0.710626003811 1.12021244955 2.54899537971 0.482947815442 -9999.0 -9999.0 -9999.0 -9999.0 -9999.0 -9999.0 -9999.0 -9999.0 -9999.0 -9999.0 -9999.0
-9999.0 -9999.0 -9999.0 -9999.0 -9999.0 -9999.0 1.02484007158 1.01340309591 1.95597119484 2.90610712322 6.56596618903 8.36495693709 9.25937087749 0.941081183116 0.756989464261 9.97688918634 12.1976326705 12.9024914134 15.8514643128 16.5372077725 0.671788758343 117.661656899 120.91708818 2.59695954566 0.496757109024 5.75071285065 12.7667194701 5.04879111635 1.2475379811 0.630897532851 12.462022456 8.61069407599 0.614207354694 0.623129833861 2.70011273761 2.07127620062 0.661063699523 0.643254623495 0.687109288724 1.38543824905 0.661611216965 3.09040720724 3.72094613356 0.596864480784 -9999.0 -9999.0 -9999.0 -9999.0 0.690433956572 0.653305848746 0.220806678384 -9999.0 -9999.0 -9999.0
-9999.0 -9999.0 -9999.0 -9999.0 -9999.0 -9999.0 -9999.0 1.00109689084 0.900911253084 1.86300120054 2.78568350762 0.905800905119 0.82829849132 5.21643290593 6.83570724768 8.47990094523 0.762794764907 1.53127006509 0.744159610984 17.2395972663 38.1936067594 38.7103412398 160.856773737 0.645834534429 1.47905351782 0.470081096174 13.3752787745 0.611067055487 1.88748375999 0.618372299376 13.0676298544 13.6743095579 1.23705959714 1.24068326984 6.76941481162 3.40146814061 1.32151893739 0.673463913095 1.37126298335 2.06154241541 3.34691683038 0.612674878949 4.83950185116 5.31064307245 0.419542024287 0.453217312557 0.486808459763 0.437442612539 0.418517640403 1.86601546935 0.766957361253 0.508539977951 -9999.0 -9999.0
-9999.0 -9999.0 -9999.0 -9999.0 -9999.0 -9999.0 -9999.0 -9999.0 1.8862279006 2.75671569759 0.919189922917 1.85791830595 2.72114286994 4.44073366121 0.887544961242 0.853064626559 0.753365954697 0.761257679917 0.696854474674 19.5415996586 0.760716502161 1.49647513026 162.883324703 164.126339017 0.532432832443 2.55439357111 16.4793250464 1.20074495649 2.43521227626 1.13053666886 1.66259917509 15.9891704374 1.7840315392 9.72031613912 7.94594569556 0.602011226681 3.25516995949 1.31016825948 1.99617890412 0.620237957538 3.94412754059 5.069424081 5.46787304092 5.84379899903 6.87714121759 0.792691547331 0.861202130962 0.781804019006 0.741400764416 2.2842967748 0.477654599437 1.76812605507 2.21013092704 -9999.0
-9999.0 -9999.0 -9999.0 -9999.0 -9999.0 -9999.0 -9999.0 -9999.0 0.973184935303 4.68394393468 5.58696167017 0.904341267916 1.7600664171 0.855178576301 0.809581262095 0.798387938823 9.82658613801 13.100007752 16.0665542686 18.9812221162 0.715573374271 0.746444733474 0.705559577994 167.266034726 168.560101 169.06405964 21.8406284531 4.78717700462 4.19633000405 0.528740162978 2.17006161284 18.6810879512 0.520094408006 10.2479988257 0.591313860758 4.22891459793 3.90153072917 0.627576352753 2.61902929138 1.23897600101 1.84181483456 0.507351485804 0.370331881333 6.21454151772 6.55108220852 7.21270625941 1.2325723867 1.13395602286 1.0911966714 2.78725016346 3.75563772269 0.483563836911 2.67279418886 0.499413467567
-9999.0 -9999.0 -9999.0 -9999.0 -9999.0 -9999.0 -9999.0 -9999.0 -9999.0 0.982035659093 6.51584898987 7.40975184471 2.62553052743 4.33046902297 5.93777789205 6.73496444074 0.808546642984 2.52112158902 1.6551022332 0.825115233519 0.81994104065 0.765456254876 1.49899487959 2.50596661885 0.755177983983 192.232504541 192.780224664 0.492026039737 0.432022145029 1.06627468395 1.58175419718 20.2085405562 1.01904348946 10.7144460011 6.43177143395 5.33379712572 0.587463890547 1.20189365529 3.17747844812 0.55748512312 2.38177428704 1.0298463725 0.650467500616 0.308853066997 7.47912301084 14.9628574664 1.47830689388 1.38738597195 1.45564363703 0.385511730621 4.14426660236 0.378167705182 3.55784858443 0.444362568363
-9999.0 -9999.0 -9999.0 -9999.0 -9999.0 -9999.0 -9999.0 -9999.0 -9999.0 -9999.0 0.887871614702 9.19597762557 0.862429122812 1.71483995749 2.49312026236 4.06781261068 0.817011285996 1.70523931285 0.834951024819 0.80563097138 0.765711912825 1.53019774746 0.676101414894 0.692409593092 1.31639953881 0.717142984968 193.354598943 194.3594422 195.857751459 2.05978659032 0.530064766837 1.05711046715 20.7506717143 19.7254229044 7.55166209003 0.554752998667 2.35548360251 1.77572600325 3.73731545884 1.1144427052 4.49274927118 1.56036863045 1.0704389661 0.236277281026 0.321355817498 15.3355961037 15.6492725522 18.7868623356 2.65528318771 0.792403893635 4.56438604627 5.35442759041 9.29064304518 0.871270342199
-9999.0 -9999.0 -9999.0 -9999.0 -9999.0 -9999.0 -9999.0 -9999.0 -9999.0 -9999.0 -9999.0 0.486037018997 10.2454811225 0.825192427169 1.60075404166 7.28634849239 0.856620938977 0.850274212319 0.760023359384 1.5787902047 0.760231461386 3.04954354128 4.42367109449 5.07591536226 1.88493909348 2.35494052465 0.525755377348 0.655686784909 0.608260523701 199.037005598 200.55307248 21.2091590725 20.6431817581 20.1890275163 0.971553704591 0.473661806297 2.87759261936 7.66537267985 4.26662137412 1.63899400918 6.62917386431 2.40923528414 1.94117842774 0.495094899936 0.206838405529 0.193919625355 0.224269606646 19.9051871663 23.6258543379 0.379970255926 0.354114178925 0.391153651355 9.68370861097 10.9376613083
-9999.0 -9999.0 -9999.0 -9999.0 -9999.0 -9999.0 -9999.0 -9999.0 -9999.0 -9999.0 -9999.0 0.45856152872 11.3403618277 13.913924952 0.78795719035 8.87469751165 0.806562043571 0.766497056299 1.50727492687 3.84285983337 0.739856298454 0.765594305781 0.660696337643 6.41641668717 7.03216147575 10.0406439235 11.1185521996 11.6812604856 12.1604859913 12.7912491469 213.851703738 235.928677089 257.346898747 257.668556357 0.390169127004 0.480269577198 8.71292983867 8.19263847404 0.520997440654 0.517478413754 7.12749052939 10.0296213151 0.424162142227 4.83044861575 4.447831927 1.0957336599 0.496915998891 0.824957397723 0.376649290973 24.24917909 0.318267954978 1.05249247127 1.3069687328 13.2112200884
-9999.0 -9999.0 -9999.0 -9999.0 -9999.0 -9999.0 -9999.0 -9999.0 -9999.0 -9999.0 -9999.0 0.928130323178 1.77234390593 14.7448810394 16.2657630162 0.766735095431 10.3118795312 0.682913938937 2.10264602746 4.5245197015 1.43492477544 0.69287075817 1.40423429307 0.614648493511 1.16976494483 0.575236328205 0.535762762484 0.470986714836 0.424292488368 0.387979822528 0.350781174834 0.43755872773 0.50202089048 0.553026092773 259.00328233 10.0705171649 9.31580532968 0.289051226797 1.48951796746 0.414529825438 0.375046207504 10.4919646652 16.7148190804 5.32910149604 3.96799634777 0.664373023244 0.268075079383 0.243179253921 0.551266361641 25.1201513252 25.7333528548 0.320799423194 0.338682017639 0.338957865434
-9999.0 -9999.0 -9999.0 -9999.0 -9999.0 -9999.0 -9999.0 -9999.0 -9999.0 -9999.0 -9999.0 -9999.0 0.819096184953 10.8588781309 27.9115530211 30.2742041197 41.2911402176 41.9101296312 10.0419651995 7.35998161752 2.13852393384 0.685782405526 2.74714836441 3.38904512089 5.14359593523 1.17363175145 1.09538799854 1.03923591321 2.01090012181 0.927427119297 0.86901783877 0.467312820073 0.324876407061 0.328498790083 259.443755079 269.893939542 270.232991186 0.281467714573 3.85995802813 1.78347390645 0.506353003076 18.2314694569 1.06765826091 0.551010709159 2.38541560245 0.51153963374 0.382463640476 0.698034272349 0.971128414039 1.27093888204 26.2496740876 0.244440890458 0.221608303963 0.22145742164
-9999.0 -9999.0 -9999.0 -9999.0 -9999.0 -9999.0 -9999.0 -9999.0 -9999.0 -9999.0 -9999.0 0.8794893278 8.29404861127 10.0339387061 1.61098648275 0.512687104061 1.1544274335 43.7705232366 44.3648150705 54.987411998 0.626549589211 1.30748390658 0.581822888866 0.590092716384 5.71506195454 7.45888632007 9.08745037299 0.524129291163 2.52996754692 3.96761631879 2.30980480077 0.958128521278 0.751802062009 0.669966784914 0.625836577271 0.294550009939 270.50127217 270.707954837 275.002857441 0.842740914248 0.449391511843 18.5832060717 1.20007476171 0.611489547887 0.657178540498 0.650942494352 0.588805705675 1.00657795323 2.81986827637 4.41953007461 30.922597502 0.186756296364 0.573559429525 0.392352750548
-9999.0 -9999.0 -9999.0 -9999.0 -9999.0 -9999.0 -9999.0 -9999.0 -9999.0 -9999.0 -9999.0 0.895468635061 5.73120709419 0.885621855443 0.800688855634 4.14003868432 4.84473486037 5.56098733807 6.23584236461 74.665208427 75.2551765288 76.4740502702 85.6040426817 87.3402662892 88.3109415111 88.8928434304 99.1801695816 100.562827709 101.092273185 105.624585724 108.481252286 108.974122532 110.647828066 1.13247791997 0.998585308941 0.227147620574 0.190058310612 270.953972308 276.349603746 1.15420193806 21.5682975676 21.1704394724 2.24845696737 0.540438963839 0.550632233654 0.531252468107 0.524924399507 1.05251961516 1.48582260845 0.394086149755 31.1640393012 31.4203789765 32.6104089137 32.8248262387
-9999.0 -9999.0 -9999.0 -9999.0 -9999.0 -9999.0 -9999.0 -9999.0 -9999.0 -9999.0 -9999.0 2.9682174148 3.91923078924 1.83042701754 2.67813685668 0.836870614208 9.86647579285 10.631596084 12.1251928409 12.7641176819 5.05979218345 82.5202216928 83.1154730109 0.540837295669 0.387226663951 0.346876937833 0.772452682156 0.400996090102 0.322442213977 0.314725129618 0.346903845516 109.436364995 111.120428722 112.708808295 114.103893827 114.890106133 0.333000415372 0.112441958134 298.755339969 22.2136134492 21.9910847673 0.475546870405 0.443856799627 0.408346748268 0.980380384312 0.961597424186 0.450244162912 0.452633543695 0.427077575999 0.815333794731 1.06412372225 0.176469407302 0.328913251316 0.140530280128
-9999.0 -9999.0 -9999.0 -9999.0 -9999.0 -9999.0 -9999.0 -9999.0 -9999.0 -9999.0 -9999.0 -9999.0 2.02263836298 0.937240905572 0.861027053053 8.33876423639 9.13808987663 0.792237341966 3.15518370691 3.85712208757 4.49099808857 0.690391255427 0.521512083616 12.7431923207 13.1646667894 13.5699369762 34.7974718052 35.1197250021 35.704819422 38.4808378805 40.1723164441 40.4434571752 0.292047295723 0.304118176833 0.305098516825 115.231155186 0.154773620063 302.462506418 302.232355886 3.28543001113 3.00472391564 1.82412556974 0.46206311234 0.812832662911 1.40958995997 1.39302142301 0.881188820577 0.436544412892 0.853329797441 0.858939458821 1.44448707608 0.288126927988 0.605633391452 0.973627583701
