data/baseflow/History/mHMbfrc568
ncols                  80
nrows                 72
xllcorner      4374000.0
yllcorner      5656000.0
cellsize            500
NODATA_value       -9999
[rows 0 to 23 of 72, columns 0 to 54 of 80]
-9999.0 -9999.0 -9999.0 -9999.0 -9999.0 -9999.0 -9999.0 -9999.0 -9999.0 -9999.0 -9999.0 -9999.0 1.49161274153 1.07593650433 -9999.0 -9999.0 -9999.0 -9999.0 -9999.0 -9999.0 -9999.0 -9999.0 -9999.0 -9999.0 -9999.0 -9999.0 -9999.0 -9999.0 -9999.0 -9999.0 -9999.0 -9999.0 -9999.0 -9999.0 -9999.0 -9999.0 -9999.0 -9999.0 -9999.0 -9999.0 -9999.0 -9999.0 -9999.0 -9999.0 -9999.0 -9999.0 -9999.0 -9999.0 -9999.0 -9999.0 -9999.0 -9999.0 -9999.0 -9999.0 -9999.0
-9999.0 -9999.0 -9999.0 -9999.0 -9999.0 -9999.0 -9999.0 -9999.0 -9999.0 -9999.0 -9999.0 -9999.0 2.9981928515 6.2675712055 0.928297056941 -9999.0 0.721736354991 -9999.0 -9999.0 -9999.0 -9999.0 -9999.0 -9999.0 -9999.0 -9999.0 -9999.0 -9999.0 -9999.0 -9999.0 -9999.0 -9999.0 -9999.0 -9999.0 -9999.0 -9999.0 -9999.0 -9999.0 -9999.0 -9999.0 -9999.0 -9999.0 -9999.0 -9999.0 -9999.0 -9999.0 -9999.0 -9999.0 -9999.0 -9999.0 -9999.0 -9999.0 -9999.0 -9999.0 -9999.0 -9999.0
-9999.0 -9999.0 -9999.0 -9999.0 -9999.0 -9999.0 -9999.0 -9999.0 -9999.0 -9999.0 1.48423436358 1.44265862317 1.4828393707 1.43420544697 9.04500795954 10.0916996704 1.99770190801 0.629906463446 -9999.0 -9999.0 -9999.0 -9999.0 -9999.0 -9999.0 -9999.0 -9999.0 -9999.0 -9999.0 -9999.0 -9999.0 -9999.0 -9999.0 -9999.0 -9999.0 -9999.0 -9999.0 -9999.0 -9999.0 -9999.0 -9999.0 -9999.0 -9999.0 -9999.0 -9999.0 -9999.0 -9999.0 -9999.0 -9999.0 -9999.0 -9999.0 -9999.0 -9999.0 -9999.0 -9999.0 -9999.0
-9999.0 -9999.0 -9999.0 -9999.0 -9999.0 -9999.0 -9999.0 -9999.0 -9999.0 1.45253426484 2.92788316918 5.80512658723 2.8805724261 1.40956761039 2.77950415398 11.4591903484 15.063146617 0.753804912578 -9999.0 1.45892438324 -9999.0 -9999.0 -9999.0 -9999.0 1.39893882781 0.697676371047 -9999.0 -9999.0 -9999.0 -9999.0 -9999.0 -9999.0 -9999.0 -9999.0 -9999.0 -9999.0 -9999.0 -9999.0 -9999.0 -9999.0 -9999.0 -9999.0 -9999.0 -9999.0 -9999.0 -9999.0 -9999.0 -9999.0 -9999.0 -9999.0 -9999.0 -9999.0 -9999.0 -9999.0 -9999.0
-9999.0 -9999.0 -9999.0 -9999.0 -9999.0 -9999.0 -9999.0 -9999.0 1.53255244944 4.46425771543 5.86761722479 7.28071204256 10.0533346249 1.34819978046 5.4315521412 6.76741577738 23.9898610009 1.21407709029 1.32816848344 2.79447546174 4.101143625 1.34287975989 -9999.0 3.78158698506 3.10055312911 0.887551247076 -9999.0 -9999.0 -9999.0 -9999.0 -9999.0 -9999.0 -9999.0 -9999.0 -9999.0 -9999.0 -9999.0 -9999.0 -9999.0 -9999.0 -9999.0 -9999.0 -9999.0 -9999.0 -9999.0 -9999.0 -9999.0 -9999.0 -9999.0 -9999.0 -9999.0 -9999.0 -9999.0 -9999.0 -9999.0
-9999.0 -9999.0 -9999.0 -9999.0 -9999.0 -9999.0 1.5220871749 1.4547939587 1.43694691995 1.44671831171 1.44935852347 10.1837734224 21.6361271751 23.0284055324 24.2712743878 1.20188769451 26.4544151787 27.7419698223 2.63388117736 1.30949391739 5.38727435757 9.34633056757 1.28183791895 7.62017355315 1.39811462479 1.35603367182 1.43816340958 -9999.0 -9999.0 -9999.0 -9999.0 -9999.0 -9999.0 -9999.0 -9999.0 -9999.0 -9999.0 -9999.0 -9999.0 -9999.0 -9999.0 -9999.0 -9999.0 -9999.0 -9999.0 -9999.0 -9999.0 -9999.0 -9999.0 -9999.0 -9999.0 -9999.0 -9999.0 -9999.0 -9999.0
-9999.0 -9999.0 -9999.0 -9999.0 -9999.0 -9999.0 3.03128654398 4.51204241988 10.3230143582 14.583628826 1.35822754999 1.38071432949 1.33864212827 3.943225064 29.4783836047 1.19945238574 28.9795302923 33.8093142741 3.82535094362 2.5366812072 10.5856278814 1.30385782411 8.91718234479 2.64223641232 1.33784639547 2.66963576833 2.83327925779 1.39984451024 1.40546556631 1.39303840206 1.42260751019 2.85768780857 -9999.0 -9999.0 -9999.0 -9999.0 -9999.0 -9999.0 -9999.0 -9999.0 -9999.0 -9999.0 -9999.0 -9999.0 -9999.0 -9999.0 -9999.0 -9999.0 -9999.0 -9999.0 -9999.0 -9999.0 -9999.0 -9999.0 -9999.0
-9999.0 -9999.0 -9999.0 -9999.0 -9999.0 1.57433166905 3.08815399853 1.50492545029 2.96484122938 16.0490434883 18.8371370437 21.6074053857 66.9078052252 1.28758665652 30.7942910748 107.358547921 108.256672809 143.573853869 0.965435279062 3.76706961561 11.8336395357 1.24232552178 23.5771782695 13.3896036425 8.18072076299 6.85093066401 1.3841392144 4.178769669 4.1374117111 2.7648093199 1.36074330425 4.24982637458 1.36228405144 1.35632619799 -9999.0 -9999.0 -9999.0 -9999.0 -9999.0 -9999.0 -9999.0 -9999.0 -9999.0 -9999.0 -9999.0 -9999.0 -9999.0 -9999.0 -9999.0 -9999.0 -9999.0 -9999.0 -9999.0 -9999.0 -9999.0
-9999.0 -9999.0 -9999.0 -9999.0 -9999.0 1.57327315402 4.62601448711 9.22047420759 10.6758102807 21.1571471845 22.5671649249 26.8945302079 43.9952491805 70.4064864697 72.971883557 74.1625551549 2.32415777793 147.655230727 149.71347709 155.862496245 196.260477301 27.3424374465 24.8679154086 9.46777887908 1.27403070492 8.11837901464 5.48747935641 1.28770061506 5.42043676314 1.21144680271 2.52807236668 6.86179772128 8.17480420672 2.66550248399 1.3169164925 1.30726181404 -9999.0 -9999.0 -9999.0 -9999.0 0.747204494233 0.638720192168 -9999.0 -9999.0 -9999.0 -9999.0 -9999.0 -9999.0 -9999.0 -9999.0 -9999.0 -9999.0 -9999.0 -9999.0 -9999.0
-9999.0 -9999.0 -9999.0 -9999.0 -9999.0 1.55469469762 1.50848540735 6.09463632753 7.55453715407 9.04345183957 1.45797066454 2.90410532761 16.1039592696 2.79119259462 1.40103687464 1.35118306196 1.25612790087 1.33776496502 1.30202578544 1.32036439046 197.507464627 201.219802348 1.23289388904 3.76646062947 2.54277578049 9.3809002874 2.57726704669 1.2626401653 6.72851115815 2.40052830301 5.76519163186 14.5459334366 13.4546044675 3.98306031437 3.93931808892 1.31394841064 1.31297112762 -9999.0 -9999.0 1.31635942622 1.75835850851 3.72853009177 0.670265842101 -9999.0 -9999.0 -9999.0 -9999.0 -9999.0 -9999.0 -9999.0 -9999.0 -9999.0 -9999.0 -9999.0 -9999.0
-9999.0 -9999.0 -9999.0 -9999.0 -9999.0 -9999.0 1.55740837242 1.5408222156 3.050661656 4.54582416027 10.379170584 13.3088238365 14.727839849 1.41310575903 1.32563432672 16.7785080117 20.7763369031 22.0749118175 27.3335877451 28.5993688285 1.26125089763 202.47438526 208.63932596 4.93074982328 0.99502009816 10.5481983182 23.5530860259 9.22293768267 2.4408756841 1.21491411863 22.6872019332 15.7757047076 1.224724955 1.21682826186 5.17060216989 3.87403971183 1.27869517103 1.27319219168 1.27498159492 2.57348969861 1.25098377173 4.53154621555 5.77610149378 1.21258535956 -9999.0 -9999.0 -9999.0 -9999.0 1.29333724008 1.25637007604 0.343725914971 -9999.0 -9999.0 -9999.0 -9999.0
-9999.0 -9999.0 -9999.0 -9999.0 -9999.0 -9999.0 -9999.0 1.56307747943 1.42254766457 2.91266428058 4.39383066802 1.47852781413 1.38843620425 8.56097338678 11.3369646498 14.1412231529 1.3505536847 2.67458216164 1.32022711093 29.8683518283 65.2864637627 66.0430665616 276.925937215 1.2363139539 2.99696638888 0.968446552983 24.7585387762 1.21155287791 3.66720943918 1.21000335327 23.9059502695 25.1156076058 2.44795679905 2.42513972632 12.8394374161 6.41480026767 2.53417316721 1.27431685866 2.55292511794 3.83633077927 6.32525790929 1.24412888574 8.22260935432 9.42080876883 1.1176473523 1.16541000735 1.19512804609 1.13545255503 1.08785670901 3.71957223932 1.44533977401 0.947552596506 -9999.0 -9999.0 -9999.0
-9999.0 -9999.0 -9999.0 -9999.0 -9999.0 -9999.0 -9999.0 -9999.0 2.93805438536 4.32648114014 1.46534950808 2.94199363972 4.36531274343 7.2145381305 1.42892077235 1.41543358574 1.31329445073 1.3315467284 1.27114298777 32.8615094921 1.32663338949 2.62766743369 280.440465299 283.371465729 1.62581170825 6.20016950854 32.1921103543 2.38143864054 4.80334634448 2.32476869282 3.44196585537 29.8340789051 3.59032083383 18.7532918925 15.1924847425 1.17504284717 6.2220689572 2.4916636709 3.7580020322 1.20251074337 7.53400366255 9.98381435334 11.0581654282 12.0990794174 13.6708700005 2.13690297291 2.21048176717 2.10618803674 2.00401527688 4.76317010516 1.03700806789 3.44396249214 4.40749459163 -9999.0 -9999.0
-9999.0 -9999.0 -9999.0 -9999.0 -9999.0 -9999.0 -9999.0 -9999.0 1.50751301788 7.30515017244 8.75389531369 1.4539536003 2.87597444659 1.42327247409 1.37989344183 1.35870651226 16.6336195123 22.224573888 27.2748357938 32.061495686 1.23654522592 1.3128418091 1.56804343344 289.313638673 292.250841562 293.774445703 43.445299769 9.64268688207 8.36315638973 1.13236401882 4.56002966991 35.5199616581 1.13251627039 19.8908202924 1.17139252049 7.98396352748 7.45184901208 1.20638463665 4.95431129817 2.39571698162 3.57446706858 1.19540861081 1.03419744832 13.132058529 14.1008793015 14.6376653372 3.22132607363 3.08824134446 2.96632890209 5.8364748774 7.91643410494 1.03633173764 5.39298400267 1.01382542639 1.94494670831
-9999.0 -9999.0 -9999.0 -9999.0 -9999.0 -9999.0 -9999.0 -9999.0 -9999.0 1.490705998 10.2120153305 11.6538554095 4.30443498642 7.14970952981 9.9059397127 11.2825566119 1.38265476249 4.2670722758 2.81965110228 1.38975028823 1.39137560522 1.33970141612 2.70787295066 4.76264001029 1.77911689765 340.449803978 342.053233367 1.51192895317 1.13500445406 2.23400558031 3.32630718486 38.8269750668 2.21554543205 20.9506313689 12.3729102818 10.1262471632 1.16778031567 2.35995935851 6.09190170519 1.13236019405 4.69038799453 2.30916168431 1.88743846448 0.861013829657 16.7304870231 32.2037280801 3.98800934724 3.87412848345 3.89211474107 0.931784016793 8.8320385837 0.901951751722 7.30886588426 0.925033175755 2.85664772474
-9999.0 -9999.0 -9999.0 -9999.0 -9999.0 -9999.0 -9999.0 -9999.0 -9999.0 -9999.0 1.42649134296 14.514814806 1.42556158626 2.84164340287 4.19859930968 6.97094018541 1.4337468168 2.89394027386 1.44221495171 1.40961877589 1.35350947954 2.68325412318 1.26954934869 1.48965127944 3.1971493749 1.7856112977 343.557908522 346.549762057 350.783057376 4.60616474853 1.10185192714 2.1964069625 39.9403026202 38.8015878801 14.6404527602 1.1295227041 4.66634732673 3.51135773393 7.23203185794 2.26918522747 9.24069759646 3.42472415247 2.9156132678 0.704872769986 0.876674784283 33.1988274134 34.1026454997 42.7923092393 6.76553039648 1.90208176906 9.79768057832 11.644829718 19.8181840116 1.83206949522 0.856555497262
-9999.0 -9999.0 -9999.0 -9999.0 -9999.0 -9999.0 -9999.0 -9999.0 -9999.0 -9999.0 -9999.0 0.717929151348 16.1119149931 1.38601053649 2.72895321831 12.4647053392 1.41993809914 1.42140378307 1.30805757933 2.72824330403 1.30054216038 5.27910848255 7.79551431799 9.0057775157 4.43698238751 5.86297024226 1.59157533115 1.73185008853 1.50618392828 357.772259238 361.14153775 40.9770443075 40.8543892012 39.8342767373 2.14155020953 1.05625556467 5.74683494954 15.1513074299 8.32632627815 3.36101172768 13.6738897469 6.23575404256 5.19381547918 1.41290538995 0.622705632248 0.611702514572 0.679017067209 45.8296131317 55.2862574187 0.907929989545 0.858759647926 0.892426855619 20.6572846349 23.2997523571 1.57633310793
-9999.0 -9999.0 -9999.0 -9999.0 -9999.0 -9999.0 -9999.0 -9999.0 -9999.0 -9999.0 -9999.0 0.70417090202 17.8569565271 22.0541503923 1.34640901115 15.1696224881 1.35271687796 1.32825339124 2.59254644245 6.61620362635 1.28875866833 1.32284802695 1.24032442998 11.4915698597 12.6915048982 19.7712580146 22.6050787473 24.0129443849 25.4566937647 26.8335155916 389.303578896 432.798346029 476.040395757 477.044472587 1.11785365761 1.06492646017 17.3137459382 16.2403309803 1.07871434466 1.05570056325 14.6777538483 21.982380184 0.974312893562 10.6578943128 9.77260668337 2.82749451566 1.38983195032 2.20274233336 0.937180767007 56.9415428987 0.824747660929 2.55170453745 3.22350847398 28.8091838194 30.9820342999
-9999.0 -9999.0 -9999.0 -9999.0 -9999.0 -9999.0 -9999.0 -9999.0 -9999.0 -9999.0 -9999.0 1.46214795204 2.84086678185 23.4205162716 26.0198084464 1.30736889266 17.5351066951 1.24359695123 3.79303558699 7.85207778166 2.52081442539 1.22984988595 2.50016445979 1.16887353663 2.26875173561 1.1074259436 1.05528026378 0.94406442309 0.886841755595 0.913841415457 0.968173436147 1.23444244887 1.4372867037 1.53276234591 480.777585987 21.9793500238 19.5651458942 1.06256713678 3.15152068583 0.782346945179 0.643335785297 23.0019149449 36.7328574427 11.7283543966 8.43260871478 1.54002810571 0.695790713318 0.659813303744 1.47745481303 59.2728985675 60.8906686774 0.833694633685 0.82971686739 0.804612825379 0.63609207171
-9999.0 -9999.0 -9999.0 -9999.0 -9999.0 -9999.0 -9999.0 -9999.0 -9999.0 -9999.0 -9999.0 -9999.0 1.36808608729 17.2252169085 44.5759656185 48.5545532548 67.3107228602 68.3092731379 17.6104120788 12.861699024 3.77002035873 1.22125140789 4.9105632348 6.08520635295 9.47014850711 2.2438790817 2.15190110932 2.05081342548 4.02209364779 1.98814392514 2.01605886008 0.953456744542 0.765950972439 0.92926559288 481.903692982 504.50703084 505.741954238 1.10531959778 8.86519510326 3.52169347049 1.06397916792 39.9476530457 2.21176732764 1.12667255272 4.58747940563 1.03739862435 0.945771512498 1.80015230292 2.55982385086 3.37102607882 62.3392163625 0.697047006603 0.62103360809 0.621403813812 0.501750942249
-9999.0 -9999.0 -9999.0 -9999.0 -9999.0 -9999.0 -9999.0 -9999.0 -9999.0 -9999.0 -9999.0 1.4280905682 13.0597458164 15.8741401985 2.68587737325 0.775562806621 1.86356933371 71.4329986433 72.5054872711 91.0683273461 1.15384794932 2.36798620709 1.10023035821 1.11499682777 10.5643437084 13.9011652125 17.0847408284 1.03877864565 5.05764027118 8.06621017874 4.95489352866 1.95177055266 1.66963932499 1.67057880056 1.74682100775 1.0238498956 506.714778438 507.564934479 518.248417936 1.89469845219 0.984297279996 40.6127692573 2.29644664377 1.16909119026 1.20971411381 1.20028770082 1.14262728057 2.13363198502 6.15088128375 10.3891343916 73.4238187583 0.562658700707 1.66514562297 1.11621230997 0.940406061227
-9999.0 -9999.0 -9999.0 -9999.0 -9999.0 -9999.0 -9999.0 -9999.0 -9999.0 -9999.0 -9999.0 1.4510293103 8.8509272276 1.42364685206 1.33648156182 6.58714687218 7.82818510193 9.11113474473 10.3342643259 123.103172112 124.081883279 126.228672295 142.164852737 145.509855254 147.493305408 148.614434409 168.114401479 170.76685797 171.780385426 180.91834484 186.942126054 187.94512686 191.480286556 2.63241306324 2.55337520671 0.7385012125 0.82477490085 508.525770396 521.993305842 2.84598942564 46.5623514204 45.6789014676 4.47273307433 1.10313021338 1.12039432431 1.09922091678 1.07523308164 2.16346418923 3.15232164996 0.962858217777 74.1006643608 74.8048068039 78.1949848038 78.7840628782 80.2614266253
-9999.0 -9999.0 -9999.0 -9999.0 -9999.0 -9999.0 -9999.0 -9999.0 -9999.0 -9999.0 -9999.0 4.48044991413 5.93959067941 2.8394348468 4.21146363519 1.36066966124 15.4586084849 16.7736107951 19.3664000443 20.4857098466 8.65057180728 136.563817913 137.583117786 1.09899977736 0.875028599102 0.788117961628 1.70277745095 0.85055647109 0.714705922466 0.694142787986 0.757987319887 188.85112718 192.416574174 195.932029421 199.288326373 202.258369395 1.44475396794 0.5506547576 571.120199693 48.2695806721 47.4714298442 0.999329138935 0.996077605108 0.954312795783 2.09856391078 2.08200407306 0.981835717962 0.981728949386 0.919030589333 1.87236237808 2.56101910664 0.625151574279 1.09845176345 0.409008020601 0.303413225319
-9999.0 -9999.0 -9999.0 -9999.0 -9999.0 -9999.0 -9999.0 -9999.0 -9999.0 -9999.0 -9999.0 -9999.0 3.01454447503 1.43923076531 1.38264561764 12.8414955369 14.1767543121 1.32823617966 5.2505710672 6.4916933792 7.65055488628 1.21175405725 1.10758081817 21.5638855701 22.5323374635 23.4666990848 60.2618281873 61.0362687111 62.4069120633 68.5855992617 72.5820470724 73.2305057557 0.637958935892 0.656775229246 0.663175774002 203.517278341 0.639181160665 580.355769134 579.373535226 7.45252723018 6.54156003508 3.93902852949 0.99908727638 1.91168253692 3.08044676427 3.05880343634 1.93947252672 0.955176466387 1.86062061904 1.83373348425 3.37367449997 0.493362758425 1.60961530604 2.60701303701 3.24188059345
