data/baseflow/History/mHMbfrc605
ncols                  80
nrows                 72
xllcorner      4374000.0
yllcorner      5656000.0
cellsize            500
NODATA_value       -9999
[rows 0 to 23 of 72, columns 0 to 54 of 80]
-9999.0 -9999.0 -9999.0 -9999.0 -9999.0 -9999.0 -9999.0 -9999.0 -9999.0 -9999.0 -9999.0 -9999.0 1.00078420628 0.838308891207 -9999.0 -9999.0 -9999.0 -9999.0 -9999.0 -9999.0 -9999.0 -9999.0 -9999.0 -9999.0 -9999.0 -9999.0 -9999.0 -9999.0 -9999.0 -9999.0 -9999.0 -9999.0 -9999.0 -9999.0 -9999.0 -9999.0 -9999.0 -9999.0 -9999.0 -9999.0 -9999.0 -9999.0 -9999.0 -9999.0 -9999.0 -9999.0 -9999.0 -9999.0 -9999.0 -9999.0 -9999.0 -9999.0 -9999.0 -9999.0 -9999.0
-9999.0 -9999.0 -9999.0 -9999.0 -9999.0 -9999.0 -9999.0 -9999.0 -9999.0 -9999.0 -9999.0 -9999.0 2.01571506726 4.51328579135 0.738804908012 -9999.0 0.625720819537 -9999.0 -9999.0 -9999.0 -9999.0 -9999.0 -9999.0 -9999.0 -9999.0 -9999.0 -9999.0 -9999.0 -9999.0 -9999.0 -9999.0 -9999.0 -9999.0 -9999.0 -9999.0 -9999.0 -9999.0 -9999.0 -9999.0 -9999.0 -9999.0 -9999.0 -9999.0 -9999.0 -9999.0 -9999.0 -9999.0 -9999.0 -9999.0 -9999.0 -9999.0 -9999.0 -9999.0 -9999.0 -9999.0
-9999.0 -9999.0 -9999.0 -9999.0 -9999.0 -9999.0 -9999.0 -9999.0 -9999.0 -9999.0 0.94658889494 0.917010718969 0.960737262825 0.943957287811 6.29244702865 7.04956709737 1.70513847294 0.538209561702 -9999.0 -9999.0 -9999.0 -9999.0 -9999.0 -9999.0 -9999.0 -9999.0 -9999.0 -9999.0 -9999.0 -9999.0 -9999.0 -9999.0 -9999.0 -9999.0 -9999.0 -9999.0 -9999.0 -9999.0 -9999.0 -9999.0 -9999.0 -9999.0 -9999.0 -9999.0 -9999.0 -9999.0 -9999.0 -9999.0 -9999.0 -9999.0 -9999.0 -9999.0 -9999.0 -9999.0 -9999.0
-9999.0 -9999.0 -9999.0 -9999.0 -9999.0 -9999.0 -9999.0 -9999.0 -9999.0 0.918970858497 1.86445353459 3.70258989876 1.85379435115 0.9017864448 1.76485174014 7.8963786558 10.8690195616 0.610504836378 -9999.0 0.928468719854 -9999.0 -9999.0 -9999.0 -9999.0 1.18165106386 0.605988401311 -9999.0 -9999.0 -9999.0 -9999.0 -9999.0 -9999.0 -9999.0 -9999.0 -9999.0 -9999.0 -9999.0 -9999.0 -9999.0 -9999.0 -9999.0 -9999.0 -9999.0 -9999.0 -9999.0 -9999.0 -9999.0 -9999.0 -9999.0 -9999.0 -9999.0 -9999.0 -9999.0 -9999.0 -9999.0
-9999.0 -9999.0 -9999.0 -9999.0 -9999.0 -9999.0 -9999.0 -9999.0 1.01938860308 2.89721019753 3.7752471934 4.66196421112 6.40863947325 0.827885567129 3.37022940292 4.16551468878 16.4917015768 0.778977162197 0.785763849578 1.72880207293 2.51377505987 0.81664333248 -9999.0 3.07187212351 2.52419516523 0.700725221695 -9999.0 -9999.0 -9999.0 -9999.0 -9999.0 -9999.0 -9999.0 -9999.0 -9999.0 -9999.0 -9999.0 -9999.0 -9999.0 -9999.0 -9999.0 -9999.0 -9999.0 -9999.0 -9999.0 -9999.0 -9999.0 -9999.0 -9999.0 -9999.0 -9999.0 -9999.0 -9999.0 -9999.0 -9999.0
-9999.0 -9999.0 -9999.0 -9999.0 -9999.0 -9999.0 1.00033540548 0.929956909709 0.904815959055 0.919342917566 0.927529140568 6.53315450831 13.8271302946 14.6991023621 15.4055928947 0.666524520902 17.9133440196 18.6639169761 1.54540808158 0.790649980423 3.28432604701 5.66450354442 0.818519839647 5.59468416827 0.899714972787 0.894299555311 0.936595596803 -9999.0 -9999.0 -9999.0 -9999.0 -9999.0 -9999.0 -9999.0 -9999.0 -9999.0 -9999.0 -9999.0 -9999.0 -9999.0 -9999.0 -9999.0 -9999.0 -9999.0 -9999.0 -9999.0 -9999.0 -9999.0 -9999.0 -9999.0 -9999.0 -9999.0 -9999.0 -9999.0 -9999.0
-9999.0 -9999.0 -9999.0 -9999.0 -9999.0 -9999.0 2.00133918746 2.96495249305 6.71833283394 9.3954928101 0.825929317709 0.852809160779 0.807408172129 2.31250267783 18.4395112153 0.654342930069 19.3093883422 21.9955807609 2.16383062221 1.47797703123 6.37458719244 0.764336636229 6.36747554576 1.60966829333 0.832284085165 1.7041716813 1.84531066696 0.908467446485 0.925261744928 0.905645188363 0.968908179816 1.94060821024 -9999.0 -9999.0 -9999.0 -9999.0 -9999.0 -9999.0 -9999.0 -9999.0 -9999.0 -9999.0 -9999.0 -9999.0 -9999.0 -9999.0 -9999.0 -9999.0 -9999.0 -9999.0 -9999.0 -9999.0 -9999.0 -9999.0 -9999.0
-9999.0 -9999.0 -9999.0 -9999.0 -9999.0 1.08254471435 2.09629083336 1.00758219475 1.95921051583 10.3599964383 12.1044991714 13.8366610719 43.7784580696 0.728107743405 19.2101474845 68.8372788745 69.3112118807 92.1198666224 0.514295262028 2.14579781733 7.08890170721 0.707931128846 15.4671051966 8.34676090973 5.22103374517 4.39235430627 0.89731289205 2.71701959772 2.70460727438 1.80249890418 0.894523110378 2.86028078516 0.904026588616 0.892829429616 -9999.0 -9999.0 -9999.0 -9999.0 -9999.0 -9999.0 -9999.0 -9999.0 -9999.0 -9999.0 -9999.0 -9999.0 -9999.0 -9999.0 -9999.0 -9999.0 -9999.0 -9999.0 -9999.0 -9999.0 -9999.0
-9999.0 -9999.0 -9999.0 -9999.0 -9999.0 1.08377930617 3.15858186083 6.27985719215 7.23773827931 14.2989570578 15.1996004359 18.0036393131 29.1948743778 45.9469220701 47.5385660738 48.2698725967 1.29827433014 94.3924770568 95.5024646483 98.9968628858 124.342935399 17.6117812836 16.229824246 5.9745558115 0.760722925703 5.16996708896 3.53741714246 0.794493213602 3.51678876533 0.717578266677 1.58747380094 4.52356304481 5.38763128145 1.74659170086 0.874338165436 0.855133710955 -9999.0 -9999.0 -9999.0 -9999.0 0.615614623635 0.538038373693 -9999.0 -9999.0 -9999.0 -9999.0 -9999.0 -9999.0 -9999.0 -9999.0 -9999.0 -9999.0 -9999.0 -9999.0 -9999.0
-9999.0 -9999.0 -9999.0 -9999.0 -9999.0 1.05540597639 1.00803733549 4.15609756356 5.12751177064 6.12636753725 0.950293716551 1.88443710576 10.5901360757 1.74354258475 0.873274957802 0.806236122223 0.718012569374 0.750674808172 0.706090898783 0.773891327928 125.016024478 127.125782376 0.7058525379 2.21088759637 1.51537226934 5.91608550981 1.59775855032 0.774174995701 4.35027512461 1.4498454196 3.55469823891 9.55791868476 8.85177597041 2.61098564051 2.60149560104 0.874212565138 0.881176776833 -9999.0 -9999.0 0.890407456262 1.40160472613 3.0673352309 0.569432456323 -9999.0 -9999.0 -9999.0 -9999.0 -9999.0 -9999.0 -9999.0 -9999.0 -9999.0 -9999.0 -9999.0 -9999.0
-9999.0 -9999.0 -9999.0 -9999.0 -9999.0 -9999.0 1.07366902988 1.07533088434 2.06391760755 3.06172301707 6.92130351923 8.84053654378 9.73128639974 0.858464411127 0.783914422804 10.4969604123 12.8722440773 13.6170329252 16.7136330937 17.4275228403 0.714520404281 127.848079709 131.401516242 2.83662313349 0.476811493217 6.55358913858 14.7123061879 5.85490134904 1.46287188217 0.726532032658 14.5776360173 10.3194236188 0.777775177972 0.760103485312 3.3960641034 2.56673056317 0.851810454918 0.831557846451 0.8587698523 1.73235558635 0.843517936273 3.72072435224 4.57333828174 0.811723032673 -9999.0 -9999.0 -9999.0 -9999.0 0.913985767286 0.874942155434 0.242630727198 -9999.0 -9999.0 -9999.0 -9999.0
-9999.0 -9999.0 -9999.0 -9999.0 -9999.0 -9999.0 -9999.0 1.05785394737 0.92454327382 1.94101987743 2.93195959185 0.966559349935 0.821621043743 5.45483518377 7.18087870525 8.93818858412 0.818186025427 1.59929710724 0.7878915051 18.1618461287 40.3536380344 40.9129409474 173.685761581 0.697411430241 1.42662931354 0.447801732047 15.4094386306 0.706866490359 2.19900022642 0.720165225309 15.3286569325 16.0729863082 1.55298781293 1.51728678187 8.45560105613 4.24030694587 1.66866995012 0.843559245542 1.71477200577 2.57682672283 4.25226939323 0.831948796625 6.1893981092 6.95349562228 0.701355211485 0.743811292825 0.775446267702 0.716089393945 0.682345309473 2.56647734554 0.992965502491 0.64283790832 -9999.0 -9999.0 -9999.0
-9999.0 -9999.0 -9999.0 -9999.0 -9999.0 -9999.0 -9999.0 -9999.0 1.93512848857 2.80857588959 0.957825151307 1.94234515483 2.86171376054 4.63796535636 0.91307887756 0.888979845718 0.779117184359 0.788130019689 0.720800170494 20.689860983 0.808822610332 1.58246723521 175.891841338 177.486949331 0.745087649359 2.92047451154 18.9967469099 1.36630780548 2.84083460965 1.3510103248 1.99028665816 18.9650088666 2.23449813153 12.0726734949 9.87658975037 0.690096034327 4.06211086127 1.6309096792 2.49907696667 0.778151284836 5.04746393502 6.646301972 7.29866609786 7.92161423178 9.5665341649 1.31748396486 1.39212721032 1.29230774622 1.21866412639 3.22510086624 0.675516285211 2.32578072597 2.9405568183 -9999.0 -9999.0
-9999.0 -9999.0 -9999.0 -9999.0 -9999.0 -9999.0 -9999.0 -9999.0 1.02304711482 4.83087407549 5.7683284378 0.938665477242 1.83848611906 0.898875673216 0.839528340652 0.826098935031 10.3129382661 13.7725479695 16.943794184 20.0895085506 0.795873628045 0.788505041392 0.860505390386 181.055419136 182.732110988 183.459615696 25.4172438459 5.60634663591 4.88933218635 0.637444067099 2.62547591304 22.2448922553 0.672820952863 12.7529096284 0.718664515824 5.16504819477 4.86156392539 0.776217980096 3.27960883544 1.55395548303 2.32768825872 0.75349301297 0.613736179626 8.53766211459 9.10770553954 10.1351291956 2.00478832956 1.87906184539 1.79472428253 3.93208290917 5.29537185918 0.680030649468 3.57588993197 0.663517739443 1.25312468778
-9999.0 -9999.0 -9999.0 -9999.0 -9999.0 -9999.0 -9999.0 -9999.0 -9999.0 1.03695198393 6.74200794314 7.6681528608 2.74451567153 4.5445239558 6.23180238773 7.08186322345 0.86359616633 2.67232680261 1.7713797998 0.887483759045 0.871916273904 0.813644088904 1.62812518243 2.81324665486 0.982686893674 210.636024692 211.404124748 0.68887991412 0.570354493638 1.23972137027 1.84314898256 24.1398592188 1.28730744166 13.3467640053 7.83244593457 6.47964080573 0.725361562535 1.48493362006 3.98467243505 0.703432598613 3.02594236317 1.45340722449 1.06450535127 0.466707555364 10.564592287 21.1600429769 2.42340732864 2.31011018415 2.35646697831 0.572504804388 5.86164374825 0.55231557845 4.79643983038 0.575047342887 1.82694101658
-9999.0 -9999.0 -9999.0 -9999.0 -9999.0 -9999.0 -9999.0 -9999.0 -9999.0 -9999.0 0.928089758492 9.5111260987 0.894935063761 1.7703206148 2.5940907686 4.27177476309 0.876647490991 1.79953201357 0.89215018659 0.850737112092 0.812990591998 1.61291515123 0.745603202478 0.841889832263 1.6778593452 0.937665987885 212.205707407 213.624467421 215.670403049 2.49756320669 0.610992972139 1.21848892169 24.7859466369 24.3625530791 9.19063835218 0.672294397482 2.90828279771 2.19294572285 4.69162717731 1.40655639442 5.89172474677 2.15350528816 1.67898666476 0.350564855897 0.491148529314 21.7555457706 22.2750091669 27.468096492 4.13009880437 1.17313968368 6.46932482995 7.61796003109 12.943772049 1.14181503836 0.525477787275
-9999.0 -9999.0 -9999.0 -9999.0 -9999.0 -9999.0 -9999.0 -9999.0 -9999.0 -9999.0 -9999.0 0.42747986856 10.4154703408 0.843261789563 1.65793423147 7.62077647393 0.87654289217 0.871185622897 0.765622960544 1.62942694625 0.777947367243 3.16339613317 4.63111761848 5.32355553408 2.34493641551 2.99097477432 0.729346602968 0.8661222827 0.781011080694 219.45479197 221.240676542 25.3333653559 25.4903850071 24.9313341966 1.22602005551 0.595409546717 3.54371347447 9.52945181661 5.35141634516 2.05988161981 8.60580337665 3.46754564376 2.8440661348 0.693459962033 0.294743037547 0.296534554038 0.344400768172 29.1218184613 34.8258676969 0.544141638006 0.502407315716 0.539249449782 13.4474107039 15.0668958962 0.930358598743
-9999.0 -9999.0 -9999.0 -9999.0 -9999.0 -9999.0 -9999.0 -9999.0 -9999.0 -9999.0 -9999.0 0.425500705927 11.4771777126 14.1803624163 0.823299439732 9.27542598786 0.822264850893 0.789376444727 1.52582857512 3.92800900732 0.759271274738 0.7923245784 0.716925147119 6.76171043298 7.4352782181 11.1196505892 12.5010350724 13.2124880203 13.8772706208 14.5120014026 236.413208697 262.918992429 289.512533424 290.001812413 0.575187668935 0.588035519026 10.8050763672 10.1718000156 0.648394652838 0.6111113739 9.18456801489 13.3125920184 0.573780270102 6.39397352261 5.90453690041 1.49818980134 0.731654849494 1.19553037558 0.556971229322 35.7709038266 0.478459863159 1.49827178131 1.86326630331 18.2183688391 19.4690617807
-9999.0 -9999.0 -9999.0 -9999.0 -9999.0 -9999.0 -9999.0 -9999.0 -9999.0 -9999.0 -9999.0 0.973867884369 1.86745642129 15.0565818017 16.6251792316 0.789669504484 10.8125108582 0.728995005731 2.21521736546 4.634799071 1.4676065005 0.705678702609 1.44916646047 0.652789935854 1.23857532131 0.592442854993 0.544833838001 0.443094252154 0.403362004235 0.388934007982 0.398988290322 0.542522746064 0.675606701059 0.757166961094 291.826099867 12.8847698132 11.7182622337 0.430817960432 1.82638236183 0.433198781932 0.363685055505 13.9145863469 22.1924821026 7.06855216881 5.24969546615 0.864566611239 0.369539725016 0.336526197387 0.783644909489 37.0317073081 37.9321676629 0.468810574948 0.475244582128 0.46141365234 0.359478120616
-9999.0 -9999.0 -9999.0 -9999.0 -9999.0 -9999.0 -9999.0 -9999.0 -9999.0 -9999.0 -9999.0 -9999.0 0.849825293231 11.4160957493 28.86340131 31.3244242041 42.8796992207 43.5786147375 10.4110633988 7.53461228113 2.18619393373 0.697209609341 2.81937741025 3.47962654737 5.32219909226 1.21166925726 1.12654402303 1.03548177778 2.01788038416 0.957728337982 0.954707486542 0.471320646469 0.313791919749 0.374069556361 292.351068113 305.568081276 306.155324683 0.431588818149 4.7736666594 2.03618588987 0.640506327492 24.2219206013 1.43656064103 0.739810868691 3.11710352494 0.665024915213 0.549125376401 1.01162954226 1.41208360599 1.85360095837 38.701925223 0.36442697833 0.317665959776 0.317972588401 0.250524057255
-9999.0 -9999.0 -9999.0 -9999.0 -9999.0 -9999.0 -9999.0 -9999.0 -9999.0 -9999.0 -9999.0 0.928683731422 8.69866444164 10.5534514151 1.70573874137 0.45607378984 1.06949383115 45.3840562822 46.0570264277 57.1189580967 0.63661288563 1.32767091193 0.590912137507 0.599937666401 5.90540953474 7.69874868025 9.33856139263 0.527289787956 2.54606868221 4.02180038018 2.43811887464 0.98275943247 0.752310914708 0.684375944173 0.68864110124 0.374527820863 306.55150639 306.859566164 312.302770176 1.05552608226 0.564889018566 24.6526447733 1.5127505539 0.777462046081 0.846875365825 0.840452577646 0.76866353625 1.35228724043 3.82504300859 6.15336739624 45.21792578 0.270317632863 0.815261163015 0.553393359718 0.458078678772
-9999.0 -9999.0 -9999.0 -9999.0 -9999.0 -9999.0 -9999.0 -9999.0 -9999.0 -9999.0 -9999.0 0.948873164935 6.01249986285 0.947311299004 0.837686782341 4.34325125885 5.08553796135 5.84885253724 6.54441677175 77.5571488984 78.0852157069 79.2469184424 88.487559743 90.2663491452 91.2486097575 91.8543347457 102.299831305 103.589471709 104.122524724 108.728010409 111.754565024 112.272650077 113.967063822 1.17970166228 1.06084706426 0.25216879605 0.263207079598 307.236575226 314.116251198 1.49912614728 28.4639127433 27.9569094799 2.90147530315 0.701693288728 0.726008711856 0.700805607465 0.695085560915 1.4002289481 2.00010275821 0.562156604708 45.5661381713 45.9341814509 47.6120926991 47.9080357998 48.6349480697
-9999.0 -9999.0 -9999.0 -9999.0 -9999.0 -9999.0 -9999.0 -9999.0 -9999.0 -9999.0 -9999.0 3.08736942846 4.08534878041 1.91509958263 2.8205758717 0.893785114035 10.2073958225 11.0242166901 12.6128337728 13.2205565831 5.20664133649 85.4098857018 85.9845060186 0.557517221579 0.381275456823 0.323346285219 0.74158872965 0.368525476012 0.276891848432 0.255403654781 0.309153689126 112.719372086 114.45570703 116.142631376 117.64570446 118.595421409 0.429045114512 0.138334163703 343.69400448 29.2902654358 28.9920888715 0.578355885266 0.581189460885 0.546288974507 1.3006320932 1.27689815934 0.584605317145 0.587645303799 0.53392964097 1.08357526296 1.41853491336 0.295961212607 0.490072342588 0.179258278882 0.126270186246
-9999.0 -9999.0 -9999.0 -9999.0 -9999.0 -9999.0 -9999.0 -9999.0 -9999.0 -9999.0 -9999.0 -9999.0 2.07949439295 0.982062246822 0.906034943275 8.57244039323 9.42350186317 0.833793605421 3.274482162 4.00826152911 4.65247001759 0.692699730477 0.557625377222 13.1048340273 13.5545378726 13.9770652305 36.1945635213 36.5063869715 37.0293372425 39.8923584133 41.4438198198 41.6820458498 0.242703870302 0.258310450144 0.285424772557 119.026713193 0.198685042793 348.282032286 347.990676036 4.01777636362 3.6374552564 2.26418067533 0.580958239974 1.08392976652 1.87664889146 1.85626398868 1.14770561689 0.563648797449 1.08662558708 1.05691589594 1.86306457065 0.237183136463 0.70771520191 1.16777334248 1.4334286282
