data/baseflow/History/mHMbfrc451
ncols                  80
nrows                 72
xllcorner      4374000.0
yllcorner      5656000.0
cellsize            500
NODATA_value       -9999
[rows 0 to 23 of 72, columns 0 to 53 of 80]
-9999.0 -9999.0 -9999.0 -9999.0 -9999.0 -9999.0 -9999.0 -9999.0 -9999.0 -9999.0 -9999.0 -9999.0 0.743279704046 0.664520955392 -9999.0 -9999.0 -9999.0 -9999.0 -9999.0 -9999.0 -9999.0 -9999.0 -9999.0 -9999.0 -9999.0 -9999.0 -9999.0 -9999.0 -9999.0 -9999.0 -9999.0 -9999.0 -9999.0 -9999.0 -9999.0 -9999.0 -9999.0 -9999.0 -9999.0 -9999.0 -9999.0 -9999.0 -9999.0 -9999.0 -9999.0 -9999.0 -9999.0 -9999.0 -9999.0 -9999.0 -9999.0 -9999.0 -9999.0 -9999.0
-9999.0 -9999.0 -9999.0 -9999.0 -9999.0 -9999.0 -9999.0 -9999.0 -9999.0 -9999.0 -9999.0 -9999.0 1.56830137522 3.53492607162 0.58095089124 -9999.0 0.498060559381 -9999.0 -9999.0 -9999.0 -9999.0 -9999.0 -9999.0 -9999.0 -9999.0 -9999.0 -9999.0 -9999.0 -9999.0 -9999.0 -9999.0 -9999.0 -9999.0 -9999.0 -9999.0 -9999.0 -9999.0 -9999.0 -9999.0 -9999.0 -9999.0 -9999.0 -9999.0 -9999.0 -9999.0 -9999.0 -9999.0 -9999.0 -9999.0 -9999.0 -9999.0 -9999.0 -9999.0 -9999.0
-9999.0 -9999.0 -9999.0 -9999.0 -9999.0 -9999.0 -9999.0 -9999.0 -9999.0 -9999.0 0.720141846815 0.706878296152 0.759734991772 0.758794073208 4.93476737576 5.52965734862 1.3877360759 0.447380584079 -9999.0 -9999.0 -9999.0 -9999.0 -9999.0 -9999.0 -9999.0 -9999.0 -9999.0 -9999.0 -9999.0 -9999.0 -9999.0 -9999.0 -9999.0 -9999.0 -9999.0 -9999.0 -9999.0 -9999.0 -9999.0 -9999.0 -9999.0 -9999.0 -9999.0 -9999.0 -9999.0 -9999.0 -9999.0 -9999.0 -9999.0 -9999.0 -9999.0 -9999.0 -9999.0 -9999.0
-9999.0 -9999.0 -9999.0 -9999.0 -9999.0 -9999.0 -9999.0 -9999.0 -9999.0 0.692083262508 1.41778795153 2.82729537944 1.44731399477 0.697363811551 1.35762334646 6.17037297182 8.58245039841 0.491093069771 -9999.0 0.709641729235 -9999.0 -9999.0 -9999.0 -9999.0 0.958738970772 0.494871060088 -9999.0 -9999.0 -9999.0 -9999.0 -9999.0 -9999.0 -9999.0 -9999.0 -9999.0 -9999.0 -9999.0 -9999.0 -9999.0 -9999.0 -9999.0 -9999.0 -9999.0 -9999.0 -9999.0 -9999.0 -9999.0 -9999.0 -9999.0 -9999.0 -9999.0 -9999.0 -9999.0 -9999.0
-9999.0 -9999.0 -9999.0 -9999.0 -9999.0 -9999.0 -9999.0 -9999.0 0.845890126103 2.29968809862 2.97283128866 3.64283053171 4.92708628534 0.619734384438 2.57063123953 3.17023389377 12.8953106799 0.592084429557 0.561780393081 1.30490050686 1.88143169379 0.61131803221 -9999.0 2.4674395282 2.02995834362 0.552878413816 -9999.0 -9999.0 -9999.0 -9999.0 -9999.0 -9999.0 -9999.0 -9999.0 -9999.0 -9999.0 -9999.0 -9999.0 -9999.0 -9999.0 -9999.0 -9999.0 -9999.0 -9999.0 -9999.0 -9999.0 -9999.0 -9999.0 -9999.0 -9999.0 -9999.0 -9999.0 -9999.0 -9999.0
-9999.0 -9999.0 -9999.0 -9999.0 -9999.0 -9999.0 0.781194629245 0.695801565312 0.68534736751 0.706640363799 0.738668175117 5.13420927419 10.7570651828 11.4315453376 11.9637804933 0.508601450215 13.9988578461 14.5733832277 1.14454146115 0.590050779916 2.44409882023 4.23971961921 0.599933685378 4.2937291745 0.620172612337 0.623729067104 0.628964868314 -9999.0 -9999.0 -9999.0 -9999.0 -9999.0 -9999.0 -9999.0 -9999.0 -9999.0 -9999.0 -9999.0 -9999.0 -9999.0 -9999.0 -9999.0 -9999.0 -9999.0 -9999.0 -9999.0 -9999.0 -9999.0 -9999.0 -9999.0 -9999.0 -9999.0 -9999.0 -9999.0
-9999.0 -9999.0 -9999.0 -9999.0 -9999.0 -9999.0 1.56414301894 2.29326467137 5.17074908449 7.19262075987 0.612146989899 0.630986848117 0.614036188844 1.81273741799 14.3322041338 0.482464509015 15.1056229104 17.2928213966 1.71045407601 1.10800264191 4.76727254322 0.587809838985 4.85258178183 1.12928997563 0.566286376214 1.17011466523 1.25227989396 0.630053185131 0.619792123426 0.594713954278 0.654056521146 1.30506814297 -9999.0 -9999.0 -9999.0 -9999.0 -9999.0 -9999.0 -9999.0 -9999.0 -9999.0 -9999.0 -9999.0 -9999.0 -9999.0 -9999.0 -9999.0 -9999.0 -9999.0 -9999.0 -9999.0 -9999.0 -9999.0 -9999.0
-9999.0 -9999.0 -9999.0 -9999.0 -9999.0 0.875073707314 1.67532287094 0.792486377106 1.54091144899 7.97248471411 9.32818689647 10.6480823582 34.5423411637 0.607746221373 14.9385524239 54.4268279238 54.8568236808 72.9675473141 0.512342612908 1.61856703113 5.29783130562 0.522994166642 11.2198056111 5.82796924062 3.58534687496 3.0132427161 0.608409281063 1.84241771968 1.78805920133 1.18728793241 0.568114975038 1.89559268395 0.555283604439 0.54142566331 -9999.0 -9999.0 -9999.0 -9999.0 -9999.0 -9999.0 -9999.0 -9999.0 -9999.0 -9999.0 -9999.0 -9999.0 -9999.0 -9999.0 -9999.0 -9999.0 -9999.0 -9999.0 -9999.0 -9999.0
-9999.0 -9999.0 -9999.0 -9999.0 -9999.0 0.865694904117 2.49685835352 4.9865106471 5.73673013095 11.3627213161 12.0634610654 14.302655977 23.3007641078 36.4903402501 37.8137978148 38.4489486038 1.09473832941 74.9578499699 75.9496226339 78.6753480599 97.3581779234 12.8559244035 11.7962251777 4.14829176548 0.539183891557 3.50450721576 2.39183202243 0.521496400785 2.3214550002 0.508778499889 1.07017966308 2.96083533782 3.49887224856 1.06596053168 0.526045672691 0.50469320166 -9999.0 -9999.0 -9999.0 -9999.0 0.451843116599 0.398276553447 -9999.0 -9999.0 -9999.0 -9999.0 -9999.0 -9999.0 -9999.0 -9999.0 -9999.0 -9999.0 -9999.0 -9999.0
-9999.0 -9999.0 -9999.0 -9999.0 -9999.0 0.821784126024 0.778478684428 3.32581440264 4.10023416343 4.90927891871 0.767156416166 1.51010845946 8.4918374662 1.56984688559 0.733465531352 0.651811313085 0.588187429885 0.67434245642 0.614759367691 0.646716075652 97.9340692364 99.5192617402 0.511071700202 1.57038267078 1.07118746836 4.02373524631 1.05443314898 0.503331013497 2.87587630809 0.993292564318 2.40873934896 6.07314367757 5.62006279743 1.59024875291 1.54494667451 0.528301004069 0.519853471166 -9999.0 -9999.0 0.515121024014 0.985072003959 2.21719329568 0.41988614588 -9999.0 -9999.0 -9999.0 -9999.0 -9999.0 -9999.0 -9999.0 -9999.0 -9999.0 -9999.0 -9999.0
-9999.0 -9999.0 -9999.0 -9999.0 -9999.0 -9999.0 0.86560107066 0.897867629711 1.64266135636 2.42093943556 5.48546700867 7.00784367866 7.80368338532 0.827087276028 0.619102938926 8.4258672929 10.3621477055 10.950067438 13.4249335279 13.973085485 0.549602533738 100.081390769 102.651567239 2.03129464855 0.312623702197 4.46004035896 9.84028611486 3.86745952655 0.952759574891 0.473361076001 9.42866587333 6.5680693694 0.476983071286 0.472108777491 2.02934278269 1.54550260308 0.496258981702 0.478319729594 0.506634910046 1.007950252 0.48373418317 2.69171974238 3.1611939932 0.435078260712 -9999.0 -9999.0 -9999.0 -9999.0 0.496636938322 0.460945228794 0.135672335188 -9999.0 -9999.0 -9999.0
-9999.0 -9999.0 -9999.0 -9999.0 -9999.0 -9999.0 -9999.0 0.841223267887 0.714427187182 1.53570273318 2.34937712122 0.765113988006 0.702042200693 4.40457061126 5.78940449865 7.21818929288 0.685245272071 1.27563882315 0.652665474802 14.555627281 32.0949312465 32.5613316626 136.261649034 0.512969215942 0.911466030368 0.276136955064 10.3098577484 0.483859194931 1.43575435181 0.466604264338 9.90287272233 10.3783499149 0.958246493811 0.936489055038 5.0772628059 2.54445670488 0.983436236447 0.506105130882 1.00753579022 1.50103831496 2.44593339392 0.453615495489 3.98526092664 4.34737992231 0.313620701067 0.344871859819 0.359945554231 0.31224664655 0.288961184804 1.3111868887 0.499493856734 0.30947240241 -9999.0 -9999.0
-9999.0 -9999.0 -9999.0 -9999.0 -9999.0 -9999.0 -9999.0 -9999.0 1.52205427243 2.16049075708 0.744516824491 1.53548441644 2.27651882352 3.76438541403 0.748717985124 0.70726344382 0.599373994725 0.605168450496 0.543443992838 16.3570886143 0.655545031116 1.26164571232 138.0175673 139.084411737 0.407703581644 1.73822592267 12.4793557259 0.939251734875 1.8561527144 0.861522742172 1.2736900555 12.186049701 1.38537186507 7.31726296362 5.96552813517 0.445473949201 2.43188565773 0.9840509326 1.46707720735 0.453112442086 2.89643108344 3.73973562238 4.0475331099 4.33267479504 5.52222620977 0.595838350619 0.629873638552 0.553797091988 0.506067044027 1.59486245798 0.313294847133 1.13172217361 1.40926794141 -9999.0
-9999.0 -9999.0 -9999.0 -9999.0 -9999.0 -9999.0 -9999.0 -9999.0 0.811165528294 3.76692350008 4.48288062344 0.714313974088 1.40838471733 0.691243522881 0.634361489286 0.622827821254 8.00630809144 10.7403007255 13.2623110463 15.8569888514 0.647708753221 0.626420564073 0.604930041409 141.681267028 142.800507019 143.206991369 16.6573558065 3.72017610429 3.23737008349 0.403918085466 1.66450495842 14.260256611 0.400945663094 7.72724249538 0.445140086877 3.14770637825 2.91623698916 0.467877126951 1.92602719678 0.907189180735 1.35289022091 0.378550007535 0.277750911605 4.61266135502 4.8608054432 5.76945461294 0.89690098188 0.802603499283 0.744209352221 1.93520089823 2.57340388884 0.318590868578 1.71143724731 0.335035836153
-9999.0 -9999.0 -9999.0 -9999.0 -9999.0 -9999.0 -9999.0 -9999.0 -9999.0 0.857400562879 5.26483012809 5.96073237694 2.10355559249 3.50063903052 4.80411480452 5.48004369309 0.7163839285 2.11898157922 1.41766190287 0.748350734849 0.702711693526 0.609824298201 1.20990956831 2.04887577624 0.655873351061 160.983582041 161.396833778 0.361451518997 0.31892881912 0.806656685633 1.20068845555 15.4424869429 0.788128155955 8.08270924434 4.78699358687 3.95748646729 0.442461906015 0.895362555531 2.33944720659 0.413558349387 1.75415933258 0.776511890691 0.463889435464 0.205428614498 5.51853202737 11.4847471464 1.07071987345 0.982704687184 0.99603115446 0.263943007386 2.83394528103 0.251543955315 2.28657255892 0.289128697732
-9999.0 -9999.0 -9999.0 -9999.0 -9999.0 -9999.0 -9999.0 -9999.0 -9999.0 -9999.0 0.722254695675 7.41185563135 0.686558405317 1.38126680666 2.01792264462 3.27770015849 0.651887644127 1.37831233684 0.673936603358 0.620867974545 0.583576500662 1.15601646801 0.517577908907 0.551582663781 1.02372711459 0.584828609233 161.882885102 162.644490059 163.765411295 1.55283740255 0.397667614126 0.793194547386 15.8581757414 14.8259968403 5.64129152436 0.419047388121 1.75791942377 1.32282673832 2.75415528993 0.824953019889 3.34882723546 1.18009189648 0.768179066885 0.137449409386 0.226628282674 11.7789910508 12.0237632335 14.2784067375 1.83741927978 0.552698050986 3.12168936985 3.65412508738 6.18306198118 0.566688095166
-9999.0 -9999.0 -9999.0 -9999.0 -9999.0 -9999.0 -9999.0 -9999.0 -9999.0 -9999.0 -9999.0 0.414331411298 8.27388241798 0.665713909064 1.29021778192 5.81889229592 0.649273622717 0.638573908144 0.553628192085 1.19613575012 0.583269263301 2.31816717033 3.35078836244 3.81959381027 1.44276159233 1.76941300785 0.374949047006 0.496894160124 0.446633682935 166.118255528 167.245073545 16.2086232063 15.5424752881 15.1889884387 0.727763122719 0.350179382722 2.1427604712 5.67380218659 3.14675468832 1.21073383603 4.94321621158 1.6335709504 1.27530443316 0.273155967421 0.108307329298 0.103580964001 0.130704781393 15.0258764944 17.6512470226 0.272427190277 0.237783723745 0.27414789752 6.45054763039 7.26532989429
-9999.0 -9999.0 -9999.0 -9999.0 -9999.0 -9999.0 -9999.0 -9999.0 -9999.0 -9999.0 -9999.0 0.373464344156 9.16223090753 11.2736286354 0.631558713075 7.06760216195 0.591095840223 0.55722852265 1.11056334696 2.87845336 0.556409222172 0.594749768566 0.499805452867 4.81424138432 5.28525387097 7.55426996083 8.33823400744 8.7362084113 9.08038819879 9.4504673953 177.07849066 193.903223894 210.014324457 210.262616633 0.284690506805 0.347333718316 6.44847677544 6.06381789696 0.384809838619 0.378848199387 5.35846745491 7.38798793308 0.311298631814 3.54880856542 3.30273988734 0.66526295493 0.305253727797 0.536022117923 0.293025219859 18.09986129 0.226909737801 0.718314722285 0.883586760817 8.71424645726
-9999.0 -9999.0 -9999.0 -9999.0 -9999.0 -9999.0 -9999.0 -9999.0 -9999.0 -9999.0 -9999.0 0.776280599928 1.49136448978 11.9625229452 13.1443370992 0.600335579012 8.21153194859 0.502836779435 1.55142493078 3.39446353871 1.07103977365 0.51133658164 1.06419268458 0.437723169392 0.841384541148 0.408760038328 0.362005698013 0.273226497177 0.237716081641 0.202958740322 0.1791548793 0.265825156499 0.356829430092 0.395655285365 211.175935355 7.3623821442 6.82647222797 0.179430324113 1.0786790084 0.265026741247 0.261796775152 7.73386153253 12.3839974109 3.96156117357 3.04962766225 0.424762689542 0.159817636048 0.13486553528 0.344568812153 18.678196708 19.0948960455 0.220195881271 0.225056821794 0.202845717101
-9999.0 -9999.0 -9999.0 -9999.0 -9999.0 -9999.0 -9999.0 -9999.0 -9999.0 -9999.0 -9999.0 -9999.0 0.628563981644 9.28911291802 23.0686739288 25.0479631606 33.8298427706 34.374711046 7.56815830486 5.5145249083 1.59305631683 0.501862496125 2.0517170213 2.52635550254 3.78757980492 0.841641953185 0.75739717634 0.67777045529 1.3038584697 0.583048437168 0.536137137566 0.280577664416 0.137836689761 0.149919166442 211.445716101 219.036395579 219.299663381 0.171352799897 2.71046022761 1.2660209469 0.380908492875 13.6483851896 0.918969559264 0.481021685243 2.01532905932 0.405426276222 0.267121906413 0.482200095319 0.663111059241 0.873006570263 19.4349493933 0.155677604595 0.131718645697 0.131084003738
-9999.0 -9999.0 -9999.0 -9999.0 -9999.0 -9999.0 -9999.0 -9999.0 -9999.0 -9999.0 -9999.0 0.718172902376 7.10625549467 8.62319634432 1.37995319631 0.443962237212 0.95999273484 35.8951127371 36.4136787093 44.5021578335 0.456881341436 0.953095299292 0.414391431999 0.421484359424 4.19828926656 5.44923657868 6.56817346032 0.362486522453 1.66277432 2.59722400956 1.48562796998 0.619350228664 0.398561676699 0.306119813962 0.290622496798 0.139369409858 219.470753583 219.592079576 222.553843811 0.598720761237 0.327007840818 13.9307822029 0.944628197673 0.493555042484 0.558349503486 0.554685681453 0.461306082935 0.756494506691 2.10152228658 3.20529359227 22.8047704893 0.113480331545 0.34249498859 0.232194157646
-9999.0 -9999.0 -9999.0 -9999.0 -9999.0 -9999.0 -9999.0 -9999.0 -9999.0 -9999.0 -9999.0 0.741112478241 5.05646337316 0.786561597413 0.656713757797 3.59923436778 4.18623357908 4.77326299625 5.28980234844 61.0202198399 61.4767994338 62.4012586637 69.3771051377 70.6119548632 71.2636659467 71.6914349593 78.9643067519 79.8345985723 80.202391434 83.2053442718 85.0935524389 85.4371175828 86.4212932303 0.62121843801 0.484046030947 0.0807690879711 0.0751511966915 219.746390485 223.474352538 0.807289229245 16.2394557334 15.9413124608 1.73385251742 0.405107577456 0.412493382237 0.391749518614 0.399746902701 0.802995026526 1.11542262961 0.285763302286 22.9605765877 23.1271412041 23.8420770952 23.9742680989
-9999.0 -9999.0 -9999.0 -9999.0 -9999.0 -9999.0 -9999.0 -9999.0 -9999.0 -9999.0 -9999.0 2.65444283046 3.50182153736 1.59712820601 2.35550461785 0.745618767719 8.37392433502 9.00489909298 10.2465287464 10.7092053978 3.98825657285 67.1602183956 67.5839916858 0.371453099159 0.225604136 0.18784841518 0.438591976743 0.195748983485 0.134651129096 0.12186274443 0.153191756498 85.7080539969 86.7239043407 87.6970747023 88.4747113116 88.7806123021 0.114855873365 0.0339898853833 240.266551961 16.6849209849 16.5570259162 0.343799624596 0.315344706332 0.274230074289 0.68939705018 0.670040317878 0.302264544737 0.307696407501 0.278283358786 0.556224522099 0.714270795428 0.100611416613 0.181260927742 0.0789879834308
-9999.0 -9999.0 -9999.0 -9999.0 -9999.0 -9999.0 -9999.0 -9999.0 -9999.0 -9999.0 -9999.0 -9999.0 1.80407085594 0.829446284374 0.734272474217 7.10940811926 7.77517577087 0.661107931099 2.53442161381 3.10752176773 3.58406919272 0.538435393701 0.350648372356 9.99540452362 10.2644841456 10.5133414134 26.7180206233 26.8831898146 27.1348147583 28.6992000569 29.4233509965 29.5264852169 0.113184144506 0.123030984612 0.144189142952 88.9587996036 0.0693542539754 242.65619849 242.55423973 2.18617838638 2.01432981035 1.27661166686 0.316790794364 0.551149843283 0.972065307109 0.953963530826 0.57986791403 0.291295286593 0.563977164088 0.551656058182 0.950279946524 0.135204240535 0.306601508174 0.522288029835
