data/baseflow/History/mHMbfrc511
ncols                  80
nrows                 72
xllcorner      4374000.0
yllcorner      5656000.0
cellsize            500
NODATA_value       -9999
[rows 0 to 23 of 72, columns 0 to 53 of 80]
-9999.0 -9999.0 -9999.0 -9999.0 -9999.0 -9999.0 -9999.0 -9999.0 -9999.0 -9999.0 -9999.0 -9999.0 0.851969880526 0.802568325663 -9999.0 -9999.0 -9999.0 -9999.0 -9999.0 -9999.0 -9999.0 -9999.0 -9999.0 -9999.0 -9999.0 -9999.0 -9999.0 -9999.0 -9999.0 -9999.0 -9999.0 -9999.0 -9999.0 -9999.0 -9999.0 -9999.0 -9999.0 -9999.0 -9999.0 -9999.0 -9999.0 -9999.0 -9999.0 -9999.0 -9999.0 -9999.0 -9999.0 -9999.0 -9999.0 -9999.0 -9999.0 -9999.0 -9999.0 -9999.0
-9999.0 -9999.0 -9999.0 -9999.0 -9999.0 -9999.0 -9999.0 -9999.0 -9999.0 -9999.0 -9999.0 -9999.0 1.71594118407 4.04468704588 0.700808203965 -9999.0 0.618597350637 -9999.0 -9999.0 -9999.0 -9999.0 -9999.0 -9999.0 -9999.0 -9999.0 -9999.0 -9999.0 -9999.0 -9999.0 -9999.0 -9999.0 -9999.0 -9999.0 -9999.0 -9999.0 -9999.0 -9999.0 -9999.0 -9999.0 -9999.0 -9999.0 -9999.0 -9999.0 -9999.0 -9999.0 -9999.0 -9999.0 -9999.0 -9999.0 -9999.0 -9999.0 -9999.0 -9999.0 -9999.0
-9999.0 -9999.0 -9999.0 -9999.0 -9999.0 -9999.0 -9999.0 -9999.0 -9999.0 -9999.0 0.779782799475 0.766000484077 0.81677031616 0.811853900935 5.54918680767 6.24682332683 1.69505527413 0.536966900456 -9999.0 -9999.0 -9999.0 -9999.0 -9999.0 -9999.0 -9999.0 -9999.0 -9999.0 -9999.0 -9999.0 -9999.0 -9999.0 -9999.0 -9999.0 -9999.0 -9999.0 -9999.0 -9999.0 -9999.0 -9999.0 -9999.0 -9999.0 -9999.0 -9999.0 -9999.0 -9999.0 -9999.0 -9999.0 -9999.0 -9999.0 -9999.0 -9999.0 -9999.0 -9999.0 -9999.0
-9999.0 -9999.0 -9999.0 -9999.0 -9999.0 -9999.0 -9999.0 -9999.0 -9999.0 0.761784209122 1.53871511307 3.06571852868 1.56620070795 0.758693081541 1.46951972736 6.94225907789 9.8845766039 0.609064282479 -9999.0 0.774867578249 -9999.0 -9999.0 -9999.0 -9999.0 1.19239357471 0.608647155476 -9999.0 -9999.0 -9999.0 -9999.0 -9999.0 -9999.0 -9999.0 -9999.0 -9999.0 -9999.0 -9999.0 -9999.0 -9999.0 -9999.0 -9999.0 -9999.0 -9999.0 -9999.0 -9999.0 -9999.0 -9999.0 -9999.0 -9999.0 -9999.0 -9999.0 -9999.0 -9999.0 -9999.0
-9999.0 -9999.0 -9999.0 -9999.0 -9999.0 -9999.0 -9999.0 -9999.0 0.911895918564 2.51330144141 3.25791671716 4.00071644632 5.34365423693 0.680916541432 2.78886041859 3.44287455698 14.6672723284 0.687488514886 0.639424107187 1.43665958193 2.08951005975 0.686781194679 -9999.0 3.10312429906 2.55244347371 0.70298370936 -9999.0 -9999.0 -9999.0 -9999.0 -9999.0 -9999.0 -9999.0 -9999.0 -9999.0 -9999.0 -9999.0 -9999.0 -9999.0 -9999.0 -9999.0 -9999.0 -9999.0 -9999.0 -9999.0 -9999.0 -9999.0 -9999.0 -9999.0 -9999.0 -9999.0 -9999.0 -9999.0 -9999.0
-9999.0 -9999.0 -9999.0 -9999.0 -9999.0 -9999.0 0.872866614432 0.788937459181 0.769358525963 0.789304068871 0.80502704993 5.62364903196 11.7193476008 12.4524297743 13.0083383062 0.513966730538 15.8467364559 16.477186387 1.26590812691 0.654501574898 2.72805487344 4.74167812616 0.710180063329 5.31045355856 0.759440082571 0.77589115051 0.793973185102 -9999.0 -9999.0 -9999.0 -9999.0 -9999.0 -9999.0 -9999.0 -9999.0 -9999.0 -9999.0 -9999.0 -9999.0 -9999.0 -9999.0 -9999.0 -9999.0 -9999.0 -9999.0 -9999.0 -9999.0 -9999.0 -9999.0 -9999.0 -9999.0 -9999.0 -9999.0 -9999.0
-9999.0 -9999.0 -9999.0 -9999.0 -9999.0 -9999.0 1.76831518618 2.61230350334 5.88547284026 8.17274291223 0.697924790781 0.714823045501 0.680415378335 1.99295223079 15.6090381919 0.520481337729 17.0595542852 19.3311104656 1.80416228975 1.22639201762 5.3375786767 0.655564871193 5.96223552489 1.34931005902 0.692303289762 1.45074559432 1.57826153818 0.786726867534 0.795479899353 0.769664276985 0.844981646027 1.68876237272 -9999.0 -9999.0 -9999.0 -9999.0 -9999.0 -9999.0 -9999.0 -9999.0 -9999.0 -9999.0 -9999.0 -9999.0 -9999.0 -9999.0 -9999.0 -9999.0 -9999.0 -9999.0 -9999.0 -9999.0 -9999.0 -9999.0
-9999.0 -9999.0 -9999.0 -9999.0 -9999.0 0.990045779366 1.89836268427 0.899968123132 1.74417776401 9.04363500523 10.5635775048 12.0496632454 39.6041584522 0.652498088228 16.2688496365 61.1351327641 61.5630444639 81.6573266547 0.475706042208 1.78752248768 5.93697259032 0.591944286406 13.6709513939 7.07746428311 4.43348820788 3.74072544176 0.768047413142 2.33485585684 2.30839735933 1.53495786087 0.755328306253 2.47025441365 0.757488042094 0.742034065663 -9999.0 -9999.0 -9999.0 -9999.0 -9999.0 -9999.0 -9999.0 -9999.0 -9999.0 -9999.0 -9999.0 -9999.0 -9999.0 -9999.0 -9999.0 -9999.0 -9999.0 -9999.0 -9999.0 -9999.0
-9999.0 -9999.0 -9999.0 -9999.0 -9999.0 1.00686614307 2.91896383977 5.76519370109 6.63210227558 13.1862627897 13.9864286579 16.5171962267 26.8939393352 41.6285988108 43.0580155279 43.741387365 1.17318840427 83.720245288 84.6968633155 87.645324504 109.709769157 15.5294744958 14.335599173 5.08562585571 0.649735423503 4.41561087361 3.02959141599 0.666921704523 2.99567854097 0.65315756208 1.37285607927 3.88201665009 4.60679696525 1.45225174635 0.725079433936 0.696331225472 -9999.0 -9999.0 -9999.0 -9999.0 0.602158073087 0.533665611002 -9999.0 -9999.0 -9999.0 -9999.0 -9999.0 -9999.0 -9999.0 -9999.0 -9999.0 -9999.0 -9999.0 -9999.0
-9999.0 -9999.0 -9999.0 -9999.0 -9999.0 0.969192298367 0.917741913879 3.91108809266 4.79937568642 5.71892473378 0.862798901261 1.70373742792 9.83894848983 1.65210517703 0.788229862108 0.717034874419 0.637884493371 0.679568190333 0.616506746504 0.68874268188 110.353309417 112.164775392 0.598471379789 1.87840281486 1.29223989679 5.04806484184 1.34149579295 0.646395664221 3.70974139738 1.26826768005 3.08070270339 8.08908966876 7.49230637981 2.17005602162 2.1425222871 0.72309688343 0.713899948292 -9999.0 -9999.0 0.706212938018 1.3273998327 2.98259705484 0.566430152656 -9999.0 -9999.0 -9999.0 -9999.0 -9999.0 -9999.0 -9999.0 -9999.0 -9999.0 -9999.0 -9999.0
-9999.0 -9999.0 -9999.0 -9999.0 -9999.0 -9999.0 1.02257264453 1.04904016621 1.94877850045 2.87467591719 6.44956011014 8.21382873913 9.07541203461 0.843871529991 0.697805604752 9.54503015638 11.6781858373 12.3366645875 15.0850001118 15.6996202691 0.622667804354 112.79971117 115.821950296 2.39440523812 0.349623935454 5.57073125592 12.479170204 4.97919385621 1.23551382732 0.610029426979 12.4071812768 8.73466859843 0.645110771111 0.635038463179 2.79913328669 2.10490027138 0.682238423811 0.669750829224 0.680753552739 1.36970137778 0.643322132192 3.62328637822 4.25692999978 0.602957203819 -9999.0 -9999.0 -9999.0 -9999.0 0.668110466377 0.628665044034 0.16716436946 -9999.0 -9999.0 -9999.0
-9999.0 -9999.0 -9999.0 -9999.0 -9999.0 -9999.0 -9999.0 1.00423314382 0.848679311973 1.80966008911 2.73656058966 0.886712002966 0.750591840037 5.00939940337 6.57440715473 8.17672481704 0.747660500165 1.42104542202 0.711846391856 16.3460466174 36.6127860843 37.1795558072 154.252133783 0.599073318246 1.03532266915 0.315043729297 13.0723201978 0.610596669066 1.85686318724 0.604575121007 13.0370417685 13.6666465182 1.29242202191 1.26058517613 6.93579662037 3.46192415792 1.35456975308 0.691813332072 1.35504425619 2.03384740913 3.3058600409 0.625680016852 5.44710327746 6.0129917513 0.508671445604 0.545290865238 0.557905453186 0.506853223231 0.477003512763 1.83254406816 0.677673326286 0.433704301272 -9999.0 -9999.0
-9999.0 -9999.0 -9999.0 -9999.0 -9999.0 -9999.0 -9999.0 -9999.0 1.80177715551 2.58594732709 0.883100437786 1.80763097868 2.66005268632 4.30401554183 0.840742290007 0.802652507998 0.682190257803 0.688949972156 0.62167416087 18.9272113163 0.740363812879 1.43553022279 156.315000131 157.774134718 0.644000359653 2.32259741403 15.9607450782 1.17783649216 2.401540393 1.12898016609 1.66857601337 16.0894460908 1.86391817528 9.94093241906 8.12076580675 0.586884397583 3.29568616374 1.32514169071 1.95912335875 0.595992635861 3.90420199841 5.10480841712 5.59715665568 6.06442886089 7.92905564211 0.967955165768 1.00358229138 0.919602685844 0.856785071429 2.27999218332 0.456420456965 1.57998335157 1.9870982075 -9999.0
-9999.0 -9999.0 -9999.0 -9999.0 -9999.0 -9999.0 -9999.0 -9999.0 0.970410836248 4.49996986694 5.35490062437 0.85361723567 1.66121009014 0.804896481065 0.731258654015 0.718592651727 9.27606959284 12.4031151765 15.3168940397 18.3218712401 0.757918480449 0.713787022296 0.746990852198 161.046990364 162.67884225 163.338008831 21.4440739412 4.77642890946 4.15695487573 0.536827194712 2.2010654884 18.8370604539 0.553518018055 10.497470832 0.592124693592 4.19927648897 3.93722605304 0.621012837634 2.56171595284 1.19283701847 1.77031303253 0.554125815664 0.456058768376 6.52590323244 6.94556753415 8.34756291097 1.44596979168 1.34093173829 1.26209299527 2.76591339813 3.69048819638 0.461333242922 2.40920960733 0.436460197968
-9999.0 -9999.0 -9999.0 -9999.0 -9999.0 -9999.0 -9999.0 -9999.0 -9999.0 1.00014383685 6.27077710563 7.10507177525 2.475089398 4.10611847511 5.61178602531 6.39276927223 0.810245949998 2.42699127115 1.61947331135 0.838508898263 0.808110209778 0.718942082064 1.44535977561 2.48159886931 0.912051027472 186.413764131 187.102607437 0.602308630204 0.490399495993 1.04926314576 1.56305892732 20.4216378384 1.06824064824 10.9896789737 6.36151331697 5.25222798557 0.578389202271 1.18158784636 3.09886095149 0.536600203837 2.28452893774 1.07344007727 0.751780664876 0.297963865407 7.92947149228 16.6246398306 1.7593857147 1.66200608302 1.64868925017 0.390923290798 4.0757585439 0.3750303948 3.23589798787 0.379409027149
-9999.0 -9999.0 -9999.0 -9999.0 -9999.0 -9999.0 -9999.0 -9999.0 -9999.0 -9999.0 0.860887287816 8.83428700338 0.805108044141 1.61988971917 2.36209810069 3.83714133847 0.761902364844 1.59758641026 0.785479924833 0.736092551475 0.702192289493 1.39357233354 0.640032954898 0.715521533773 1.44939632562 0.840524742533 187.861295708 189.140334744 190.949203657 2.09532931978 0.515639875522 1.02815834595 20.9636468858 19.9732454567 7.48272872317 0.550718972867 2.3109485924 1.74190600709 3.6376726723 1.07153635976 4.40861258432 1.59548332147 1.1797083787 0.186423168078 0.307572251945 17.0712133227 17.4630266425 21.2245913848 2.86526799539 0.801053094388 4.49217501127 5.27472129929 8.8731799961 0.759720987987
-9999.0 -9999.0 -9999.0 -9999.0 -9999.0 -9999.0 -9999.0 -9999.0 -9999.0 -9999.0 -9999.0 0.439836378031 9.71605825314 0.735559998251 1.46306273222 6.77008221877 0.76413634107 0.7541301598 0.65910013828 1.41427041445 0.689576152595 2.76917975199 4.03515699363 4.62057771652 2.01644112949 2.57251495418 0.647081239233 0.764392055627 0.699107807531 194.188766865 195.717965875 21.4417584426 20.9490613933 20.4641786481 1.00062820505 0.487479725316 2.81287886928 7.45658100581 4.14265019215 1.56975157699 6.47139897158 2.24988455104 1.78062972586 0.340687912561 0.133898792444 0.142815245412 0.195184560394 22.2108177469 26.2037269124 0.376013140162 0.351364955328 0.367334618378 9.21911374996 10.3010581627
-9999.0 -9999.0 -9999.0 -9999.0 -9999.0 -9999.0 -9999.0 -9999.0 -9999.0 -9999.0 -9999.0 0.396103408637 10.6737701789 13.1167551767 0.733934970791 8.2235669219 0.70371957778 0.666131681963 1.31417299492 3.39958423963 0.661134851783 0.703365572446 0.612145113227 5.84804692255 6.43929924261 9.62583914271 10.8291019965 11.4187343247 12.0169457305 12.6004731924 208.963837414 231.46445029 253.436114189 253.925600238 0.485710968378 0.479034767416 8.46560177889 7.96493637708 0.49509107923 0.47976071082 6.91688677657 9.67279439292 0.397676221607 4.00014801442 3.71468816552 0.735293442411 0.396143585364 0.666129794083 0.409887662761 26.9093857055 0.360117327309 1.0471483409 1.32341662066 12.4329009984
-9999.0 -9999.0 -9999.0 -9999.0 -9999.0 -9999.0 -9999.0 -9999.0 -9999.0 -9999.0 -9999.0 0.893332259627 1.71211445649 13.9101941666 15.2714325639 0.691047393381 9.59953131139 0.60012429268 1.84621313368 4.00277674885 1.27090128768 0.605969991247 1.27152340534 0.547797850025 1.05137733291 0.502694615991 0.453965332014 0.338615892426 0.301215157848 0.283372098262 0.290005318373 0.433645073615 0.570515975989 0.669204957021 255.537947592 10.2309583823 9.30137012775 0.390899751919 1.41026881073 0.339377909556 0.269635818206 10.1191230378 15.4936961165 4.50610119855 3.42758756508 0.429959506805 0.182503194433 0.158369512908 0.46568433003 27.7321149659 28.4175013789 0.357662312058 0.360917828857 0.29597712794
-9999.0 -9999.0 -9999.0 -9999.0 -9999.0 -9999.0 -9999.0 -9999.0 -9999.0 -9999.0 -9999.0 -9999.0 0.730644984093 10.3649795351 26.3640148524 28.582556932 38.8469060848 39.502851321 8.97240012596 6.50550360255 1.88965640301 0.594931819516 2.45082828047 3.02330651273 4.59044185542 1.03446942918 0.95170612973 0.847492413979 1.64688703415 0.771285993375 0.754085483136 0.359839816645 0.181996300247 0.246232118191 256.019011863 266.544194112 267.080006203 0.402140831897 3.77680399749 1.54977847563 0.478642825132 17.0404768005 1.09645987588 0.568960371211 2.28501850264 0.434512810981 0.35676007742 0.665887287102 0.950693968189 1.27496852651 28.9966814758 0.275064344381 0.236108144258 0.236346227841
-9999.0 -9999.0 -9999.0 -9999.0 -9999.0 -9999.0 -9999.0 -9999.0 -9999.0 -9999.0 -9999.0 0.818700707913 7.89504792759 9.59591840382 1.54984810171 0.44681228054 0.966026850693 41.1061221898 41.7232773483 51.3178538181 0.533491686815 1.12179943272 0.495240404577 0.504147888018 5.09429097789 6.63095976783 8.03592927884 0.457693658558 2.11013444739 3.33463760946 1.99084057146 0.803554233667 0.524089238156 0.440208317106 0.457379066059 0.277926073068 267.48865863 267.822260892 272.291376062 0.83150763879 0.429637869396 17.4699023899 1.12406150934 0.586225039766 0.640378389647 0.636302244859 0.546592456064 0.93084512291 2.69392893113 4.32538038968 33.599077725 0.208255748865 0.620812125478 0.419123176417
-9999.0 -9999.0 -9999.0 -9999.0 -9999.0 -9999.0 -9999.0 -9999.0 -9999.0 -9999.0 -9999.0 0.841709755049 5.54680577017 0.876636668073 0.743128826563 3.97497715361 4.6397842935 5.30887111185 5.8997285409 69.6056353891 70.0859405022 71.0915200034 79.0148298745 80.5073957509 81.3344974916 81.8616197842 90.8060961686 91.8755489255 92.3402435797 96.1915380541 98.7034743091 99.153539431 100.440970352 0.858737701141 0.700100222577 0.142380057626 0.186834720621 268.196088551 273.863004413 1.23222645437 20.4431392189 20.0285385459 2.14066297605 0.507940648364 0.510858911813 0.493747653389 0.488509123232 0.985561252401 1.40967374974 0.409287020334 33.8668507389 34.1524957258 35.4333284251 35.6642449264
-9999.0 -9999.0 -9999.0 -9999.0 -9999.0 -9999.0 -9999.0 -9999.0 -9999.0 -9999.0 -9999.0 2.87881993007 3.80288734788 1.75772624438 2.59183295474 0.821981389693 9.17444179929 9.89000985286 11.2945188533 11.7951192361 4.50235619192 76.4345289414 76.9099587333 0.460153597392 0.30455838596 0.247041942182 0.590831921267 0.260097517717 0.183671511665 0.160364863103 0.204444266967 99.4982768404 100.826671926 102.152684607 103.256246692 103.921728571 0.287167402439 0.107744523028 295.350060421 21.1725855973 20.8792936464 0.441579400357 0.42733169984 0.406438317707 0.920786067842 0.904873083225 0.403384254275 0.400711578998 0.362877573158 0.762196488252 1.00773744892 0.190917551491 0.339055731986 0.124765520745
-9999.0 -9999.0 -9999.0 -9999.0 -9999.0 -9999.0 -9999.0 -9999.0 -9999.0 -9999.0 -9999.0 -9999.0 1.9512607391 0.907011593801 0.812419114987 7.74645266437 8.49751444446 0.743010304833 2.85241335659 3.49785519866 4.04121762925 0.60924519007 0.462295956455 11.2355500688 11.6171111014 11.9675355084 31.2230066383 31.4649190293 31.8251017763 34.0605351806 35.1103616963 35.2560016172 0.134677227278 0.146202961838 0.176848267064 104.37793781 0.187413605859 298.935058316 298.62733628 2.99633549461 2.64248009389 1.68276207898 0.417848836521 0.803735112448 1.33160314605 1.31802028966 0.793458870892 0.383155405477 0.740684466482 0.713393700241 1.31196788675 0.158660508398 0.49003380127 0.822623656357
