data/baseflow/History/mHMbfrc297
ncols                  80
nrows                 72
xllcorner      4374000.0
yllcorner      5656000.0
cellsize            500
NODATA_value       -9999
[rows 24 to 47 of 72, columns 0 to 53 of 80]
-9999.0 -9999.0 -9999.0 -9999.0 -9999.0 -9999.0 -9999.0 -9999.0 -9999.0 -9999.0 -9999.0 -9999.0 0.558140166142 1.4749575211 1.91154698305 3.23568535156 0.373055345561 0.753954868339 1.10504890823 4.32529662535 4.54742025082 4.63352900526 4.85315509099 5.15729354522 8.54413688202 9.37139630354 9.71595163072 0.0773961748184 0.792584592902 0.852374914061 16.7405738369 16.912931632 16.988610114 17.0650484223 17.1427681246 66.9074121539 0.12919669564 142.841806884 0.110238426088 0.0333175230176 1.02994344342 0.949200404374 0.0979294686195 0.541911140871 0.80562364926 0.797630172448 0.541443836426 0.88463164358 1.39665427888 0.513222762106 1.35066299728 0.0796253653423 0.110570862954 0.00941456435539
-9999.0 -9999.0 -9999.0 -9999.0 -9999.0 -9999.0 -9999.0 -9999.0 -9999.0 -9999.0 -9999.0 -9999.0 0.501457022969 0.989543159078 0.441060713019 0.895788570115 0.371740828663 2.94552762522 3.63433370088 4.00352021208 0.3187884593 0.573751912886 6.70477398957 8.08229894673 8.29915012446 0.558588062251 0.532254268806 0.702822782513 0.0461587059409 0.0381951839812 0.0700938823619 0.0519694350373 11.8891696733 11.961723372 12.0168124671 67.1000653358 143.52455362 142.882422641 0.0440759401247 0.0221970341563 0.019099090564 0.132713001863 0.118088214664 0.583067031391 0.912833773732 1.87597723194 0.165433334957 0.164276660193 1.50705304709 1.61827798722 3.19441257384 3.25528531416 3.37664292382 3.39443495567
-9999.0 -9999.0 -9999.0 -9999.0 -9999.0 -9999.0 -9999.0 -9999.0 -9999.0 -9999.0 -9999.0 -9999.0 -9999.0 0.44510562749 0.900641979589 1.36765596897 2.16344168319 0.418845511877 0.361173919421 3.1789935375 3.49519715379 6.23752239903 6.56938335896 0.901503552487 0.301566409533 0.273176635229 0.250418448652 11.5355983432 11.6384398784 11.6975509654 11.7353301908 11.8306368759 1.07699711763 1.17226360593 13.262387404 223.995604245 0.430748157309 0.292160912727 0.0949212468757 0.0310828454469 0.0178030791791 0.170000654512 0.181214998778 0.610450090632 0.0132520283504 1.89995654878 0.223614233185 0.215735334234 0.0134976101603 0.00814609234124 0.00769577306315 0.0244560961783 0.00872846054202 3.40305037241
-9999.0 -9999.0 -9999.0 -9999.0 -9999.0 -9999.0 -9999.0 -9999.0 -9999.0 -9999.0 -9999.0 -9999.0 -9999.0 -9999.0 0.431324507752 1.00342387715 1.53789931392 2.08054983233 2.45343176511 2.84240680168 1.0939115789 1.82637507348 0.325288912017 0.309317459977 10.1695282669 10.7697292292 11.0352734649 11.3328577083 0.187751984474 0.301406157646 0.834328857415 0.904116627371 0.977096693399 0.120917640475 0.118578498838 224.424050647 0.147044636335 0.145342027008 0.0711816768304 0.165548072437 0.0754267181243 0.0511659236418 0.832102264802 0.899392114508 0.0283079654403 1.94049955444 2.17308601358 0.22336418122 46.2805178026 46.2567958142 46.2367881251 46.1630541547 46.1122039384 45.4855324136
-9999.0 -9999.0 -9999.0 -9999.0 -9999.0 -9999.0 -9999.0 -9999.0 -9999.0 -9999.0 -9999.0 -9999.0 -9999.0 -9999.0 0.164438968621 0.360227655516 0.546169606375 5.49313130501 5.87498860066 0.391929303228 0.368231130367 0.365866208515 8.88166213179 9.57306697825 0.329108810598 0.340409681176 0.24959573019 1.03733650639 1.28910579145 0.566220120587 0.681479647439 6.22098935489 6.35947602048 6.74016126521 10.3628342463 234.920226701 0.155332605132 0.0561449075479 0.277725687004 0.221863266076 0.0492505166221 0.155373978394 0.208919684557 0.958232054978 1.00861132385 3.26256128403 2.19121818368 0.240097552404 47.1691826002 0.430024050802 46.2146170457 46.1909180426 0.58207873347 0.0739938705198
-9999.0 -9999.0 -9999.0 -9999.0 -9999.0 -9999.0 -9999.0 -9999.0 -9999.0 -9999.0 -9999.0 -9999.0 -9999.0 -9999.0 0.856179998321 1.3945000879 2.79608035827 4.98174445334 6.41730805564 7.45092182953 7.83021695332 8.21107052255 8.57583814892 0.330513164433 0.287272805437 0.555958892585 0.521573961467 0.270798227253 5.49277652772 5.73510040637 5.95926128845 6.15979161489 3.09320897764 3.1767140776 3.43819770299 235.035754438 0.292852108854 0.17945361869 0.501099527989 0.0533955438547 0.143282361931 0.0851667954861 0.0485687168675 0.274663792326 0.0381296012333 0.0398463464335 50.6921335356 47.3977670196 47.3545347557 0.198242009666 0.414533689897 0.242394540737 0.0368949199327 0.429454594273
-9999.0 -9999.0 -9999.0 -9999.0 -9999.0 -9999.0 -9999.0 -9999.0 -9999.0 -9999.0 -9999.0 -9999.0 -9999.0 -9999.0 0.60356588865 0.567381277471 1.11320667767 1.67664046964 0.521209322494 0.456002649594 0.841040005391 1.21186662424 1.89513470395 2.240270857 2.54133579006 3.4109243976 3.68265952949 3.97779488046 0.257746114672 2.63473949178 2.82012792997 2.93530107371 0.0522504437479 0.0128810470569 0.039319903682 238.431138065 238.542302202 239.030228171 0.67574084548 0.120173876885 0.194847417642 0.0459660223223 0.0874290307773 0.320132596275 0.39274006811 0.0721912754711 50.8997358491 0.080261331194 0.114684902012 0.124409911346 0.110066396094 0.166077162289 0.067814525997 0.333093578059
-9999.0 -9999.0 -9999.0 -9999.0 -9999.0 -9999.0 -9999.0 -9999.0 -9999.0 -9999.0 -9999.0 -9999.0 -9999.0 -9999.0 -9999.0 0.536417152227 1.04779641723 0.493652774375 1.01824728789 6.33357586986 6.75059845126 7.10147971477 0.341960968079 0.346077655375 0.646342375068 0.950152382326 1.47460890727 1.74558473686 1.89681735319 2.13303509877 0.181314170865 0.131070342908 3.05964293419 3.0790726298 3.1448502984 3.2363206815 2.85532864182 242.27269354 243.498150002 243.56338481 243.815804107 244.072394097 244.211923361 0.0376833430939 0.428290894602 50.9377760224 0.0886564203379 0.0457267120401 0.0711118924976 0.0696957117767 0.113245542488 0.0784983273405 0.0473305799047 0.0785233220333
-9999.0 -9999.0 -9999.0 -9999.0 -9999.0 -9999.0 -9999.0 -9999.0 -9999.0 -9999.0 -9999.0 -9999.0 -9999.0 -9999.0 -9999.0 -9999.0 1.55573830857 2.07787120096 3.66412094711 4.79475223079 0.579085279359 8.11033771937 8.45079178262 8.76979937578 0.317822900295 0.616303945412 0.265130938511 2.03514917187 2.16618171591 2.38144722025 2.59239626446 3.00208223923 3.03299914681 0.0237824698398 2.45537888676 2.6511575718 2.76563400221 3.12897439589 0.446748931608 0.272820445985 0.143007245523 0.133696053905 244.366745555 244.441569607 245.217326194 50.9797520276 0.269090095464 0.14524569319 0.104014683958 0.025439104155 0.279720260377 0.13240926703 0.0415016304479 0.230677673257
-9999.0 -9999.0 -9999.0 -9999.0 -9999.0 -9999.0 -9999.0 -9999.0 -9999.0 -9999.0 -9999.0 -9999.0 -9999.0 -9999.0 -9999.0 -9999.0 0.539523954653 2.61255086649 3.17186503594 0.592969771418 0.378541825749 0.771353759102 1.1278804404 10.2425093104 0.312367497761 1.25756156437 1.53615899466 1.80576991962 0.139762167557 0.332406268076 0.393940065872 1.98138524876 2.14395972503 2.23774418401 0.0982138218869 0.0839593026789 0.0844919544237 0.155023713704 0.0588509624631 0.061779473877 0.0946490647486 0.081378947356 0.0969062680494 0.293687770187 245.301448242 296.475958826 0.328500479298 0.0616800212708 0.0296812912458 0.84069197089 0.783842215423 0.456572275368 0.405985425079 0.29409064617
-9999.0 -9999.0 -9999.0 -9999.0 -9999.0 -9999.0 -9999.0 -9999.0 -9999.0 -9999.0 -9999.0 -9999.0 -9999.0 -9999.0 -9999.0 0.460001214495 1.485372554 0.488569398257 0.531617231491 0.435025348476 0.821801549575 1.19707375322 1.6053620447 12.3077373179 12.6095538525 0.312411180038 0.594193806738 0.881257205005 1.06303546215 1.22606718756 1.65925929482 1.89064547063 0.0403837769862 0.0763281317365 0.0802004252065 0.0975860645632 0.100489994353 0.116211672105 0.0965525698285 0.116590902716 0.384654945678 0.184145879044 0.0945314296219 0.0920771816528 0.0677014712893 0.122558443483 299.221877567 2.34667440728 1.06098295389 0.140924049742 0.0654464637194 0.0444346400666 0.13203656979 0.0813487118211
-9999.0 -9999.0 -9999.0 -9999.0 -9999.0 -9999.0 -9999.0 -9999.0 -9999.0 -9999.0 -9999.0 -9999.0 -9999.0 -9999.0 0.490914105392 0.935371263231 3.34615804072 0.455711979689 1.10112973551 1.51871364941 1.90258164522 0.404074472065 0.750579492049 1.22509880617 14.2564331801 0.291342934256 0.551892855356 0.818563945078 0.238536098669 0.460522701122 0.49392096206 0.674086891535 23.0165454103 23.2011713188 23.3926210922 24.3188857047 24.6167875634 25.3121069033 0.155064834045 0.343486712923 0.453397792215 27.2675678318 27.4240928691 0.0830502762299 0.126460625005 0.168912134551 299.306838561 2.23922577339 0.993178712482 0.914612301277 0.841269485033 0.778212731702 0.174996880642 0.0483757442635
-9999.0 -9999.0 -9999.0 -9999.0 -9999.0 -9999.0 -9999.0 -9999.0 -9999.0 -9999.0 -9999.0 -9999.0 -9999.0 -9999.0 0.507879327681 1.52632818249 5.37118339863 7.92151091775 0.401595875853 10.3371022052 12.7180035595 0.378221590268 0.721883315487 1.17124041564 17.6294312762 18.0103674543 0.245784195474 1.31780305121 1.5452478899 1.70296556131 21.8399535669 22.0618023821 22.2874549883 0.118593800166 0.665815700154 0.793432763436 0.342067053549 0.495331231094 25.9826121547 26.5320302008 26.6486856811 26.7566028421 27.54052282 0.0562375412913 0.0489795650177 0.26199393317 299.399829938 0.106894950434 0.00280359752043 0.0079932375355 0.00350785219203 0.675115767851 0.653036462443 0.393950919119
-9999.0 -9999.0 -9999.0 -9999.0 -9999.0 -9999.0 -9999.0 -9999.0 -9999.0 -9999.0 -9999.0 -9999.0 -9999.0 -9999.0 -9999.0 -9999.0 1.05748433759 2.11256912057 9.35935176042 9.88106698511 13.1677654088 13.6568607013 0.372298584315 0.744623397929 1.80547572261 18.4065998536 18.965742533 19.1782086286 0.16956303613 19.869301093 20.0763710451 0.154014078604 0.120756721394 0.230230682576 0.448369734031 0.108284464552 0.214600994421 0.461825058359 0.577400744773 0.108990463734 0.0678130017445 0.133387228841 28.033676304 28.1756203306 28.2178511415 28.6038141394 299.480169871 0.0716049631813 0.00126429912106 0.00166925036612 0.00159279803712 0.00169496552077 0.00134741875695 0.0023274387195
-9999.0 -9999.0 -9999.0 -9999.0 -9999.0 -9999.0 -9999.0 -9999.0 -9999.0 -9999.0 -9999.0 -9999.0 -9999.0 -9999.0 -9999.0 -9999.0 0.550625568626 0.534527649724 0.522682164086 1.04575638701 0.453357005942 14.5602027053 15.0066211747 0.383565671481 0.715101507645 0.328323106555 0.270941737358 0.26207661459 19.5661848607 0.0544927239583 0.110678585376 0.104619387027 0.127091018119 0.110420787924 0.0829868193805 0.0872817911352 0.270496527595 0.373803360506 0.0687813955078 0.0572999296348 0.126224206707 0.215379103727 0.275648778628 0.0709217525664 28.2875212227 28.6507928092 299.542725201 0.143665931965 0.00461665190254 0.000574496603469 0.00197300685221 0.000400797432871 0.000278604464278 0.00266677175024
-9999.0 -9999.0 -9999.0 -9999.0 -9999.0 -9999.0 -9999.0 -9999.0 -9999.0 -9999.0 -9999.0 -9999.0 -9999.0 -9999.0 -9999.0 -9999.0 -9999.0 -9999.0 0.527631211261 1.51759150399 1.92413124563 2.36310812957 15.4388314683 15.8802405979 16.307955515 16.7430942801 16.9975809634 17.5311231239 17.5930755581 17.6378711917 17.6984862502 0.105439396197 0.0987082646493 0.106501112428 0.37004178485 0.09995469467 0.0951084262205 0.0708833383439 0.205437687093 0.0806920432216 0.0595047243256 0.0543435027952 0.0437777736457 0.0873301045268 0.127216443767 28.9186535153 328.668371926 0.0646271697484 0.129212840043 0.00034517972654 0.00249504832488 0.00114291094626 0.000562727000062 0.393950709285
-9999.0 -9999.0 -9999.0 -9999.0 -9999.0 -9999.0 -9999.0 -9999.0 -9999.0 -9999.0 -9999.0 -9999.0 -9999.0 -9999.0 -9999.0 -9999.0 -9999.0 -9999.0 -9999.0 0.424759506498 3.48609424312 6.7899443526 7.24917833429 0.558693979984 0.946545399972 1.2779423226 1.54897982374 3.35855156068 3.46469116785 0.105248725526 0.103026903024 17.9260265129 18.1232712349 18.2140559748 0.439070481378 0.0604410462528 0.162254216738 0.236150849289 0.700903643783 0.855089548187 0.969882762924 0.103411406246 0.142842381939 0.0485605370511 0.0963439256368 0.0498170142229 328.768882226 0.0577420203176 0.240200378858 0.0608290332422 0.0856426231916 0.321926280115 0.354906272278 0.782976236711
-9999.0 -9999.0 -9999.0 -9999.0 -9999.0 -9999.0 -9999.0 -9999.0 -9999.0 -9999.0 -9999.0 -9999.0 -9999.0 -9999.0 -9999.0 -9999.0 -9999.0 -9999.0 0.487663354422 1.57445744785 3.06945448757 3.99282715407 10.1101371899 10.6301478448 0.699660849393 1.02795562394 1.30475515346 1.57077322359 3.53633287444 3.73494036327 6.09403365969 6.26434792365 6.36091538725 18.3063182962 18.9720467709 0.151923130966 0.108438707602 0.101492887039 0.192857096171 0.0851486439192 1.13087007713 1.18601185187 0.188395503703 0.238202399778 0.0425155170295 90.4727535202 90.5787023073 419.428626933 419.764265533 0.0603907588924 0.213870230626 0.0812251473171 0.0683126659263 0.888011392763
-9999.0 -9999.0 -9999.0 -9999.0 -9999.0 -9999.0 -9999.0 -9999.0 -9999.0 -9999.0 -9999.0 -9999.0 -9999.0 -9999.0 -9999.0 -9999.0 -9999.0 -9999.0 -9999.0 0.570965735393 0.553773338402 1.03190235962 2.43367641199 11.0888739105 0.360042808149 0.355037951824 0.632347987813 0.919019038461 2.01866409441 2.11513179385 0.0581316155294 0.114709940101 6.4967202492 6.59522461445 25.6522024501 25.7246748391 0.054103855003 0.0470702950896 0.0393031789779 0.0397240259291 0.0433089066967 89.4555808111 89.8058912907 90.1023905894 90.2003908198 90.4261863955 0.0577131792783 0.208770098638 0.254275835173 420.143732705 420.196381527 420.292864131 420.355831755 420.412604176
-9999.0 -9999.0 -9999.0 -9999.0 -9999.0 -9999.0 -9999.0 -9999.0 -9999.0 -9999.0 -9999.0 -9999.0 -9999.0 -9999.0 -9999.0 -9999.0 -9999.0 -9999.0 -9999.0 -9999.0 0.496169828658 0.525344623973 0.965431623343 12.9779852961 13.4440695983 0.346878530617 0.626481735797 0.921060707247 1.02728790411 0.0760102428382 0.199914955359 26.0478452187 26.1529793982 26.251785054 27.0296855032 52.8422178364 87.1244261617 87.2625763882 87.3878390048 87.5074273283 88.0381240649 88.2113044324 0.300590105019 0.129597692118 0.0796828129572 0.14807215027 0.103071595453 0.165800443748 0.0517062770839 1.23240030071 1.43192746495 1.5796762361 1.60126917023 420.447586054
-9999.0 -9999.0 -9999.0 -9999.0 -9999.0 -9999.0 -9999.0 -9999.0 -9999.0 -9999.0 -9999.0 -9999.0 -9999.0 -9999.0 -9999.0 -9999.0 -9999.0 -9999.0 -9999.0 -9999.0 -9999.0 0.508426814405 0.971716673782 1.43890494846 13.8358361384 0.411962979111 18.5609058115 18.863757098 18.9355542657 19.0611425926 25.5394634765 25.7044394647 0.118202200561 0.580290876679 0.701711201272 0.121744379844 34.1474263778 33.9270172801 0.067311142845 0.160794332454 0.426249162825 0.0940725563517 0.0977614597291 0.0654832264747 0.0534984570185 0.0399503363429 0.0478613056883 1.06836437621 1.11918746528 1.18293605102 0.147669730955 0.0999601548916 1.66545283435 1.70370325659
-9999.0 -9999.0 -9999.0 -9999.0 -9999.0 -9999.0 -9999.0 -9999.0 -9999.0 -9999.0 -9999.0 -9999.0 -9999.0 -9999.0 -9999.0 -9999.0 -9999.0 -9999.0 -9999.0 -9999.0 -9999.0 0.45547544491 0.426183295758 2.22355430097 16.9770640901 17.8493456123 18.2881918834 0.305978522538 6.29225736354 6.34318552168 6.37500677146 0.136596657234 0.273690773598 0.387966412033 8.0893649494 8.17845441047 8.25615703711 33.7809171661 21.3503205254 0.0923077254261 0.0913271569296 0.0858786090595 0.0633721803208 0.666067404863 0.790489912654 0.897482591626 0.957979277478 1.01577065806 6.72124181015 6.76211591091 6.81383175776 6.9304689017 7.40361995354 7.42436845268
-9999.0 -9999.0 -9999.0 -9999.0 -9999.0 -9999.0 -9999.0 -9999.0 -9999.0 -9999.0 -9999.0 -9999.0 -9999.0 -9999.0 -9999.0 -9999.0 -9999.0 -9999.0 -9999.0 -9999.0 -9999.0 -9999.0 0.89253260321 1.37131371378 0.497472677845 0.351316132411 5.357946814 5.6675036186 5.86057289495 1.76768845963 1.81180434895 1.87786169687 1.99529459516 7.8862561179 8.01448080182 3.89845692866 12.256652704 12.350780919 21.2786880851 0.180050228297 0.089583538032 0.0591220003462 0.462644652551 0.543080322937 0.0427405325239 0.0387712798597 6.52251578026 6.62791801627 6.68274459509 0.0554866152601 0.0827680179939 7.33845169012 0.0443572765667 0.164686068755
-9999.0 -9999.0 -9999.0 -9999.0 -9999.0 -9999.0 -9999.0 -9999.0 -9999.0 -9999.0 -9999.0 -9999.0 -9999.0 -9999.0 -9999.0 -9999.0 -9999.0 -9999.0 -9999.0 -9999.0 -9999.0 -9999.0 0.450034929499 0.889043787085 3.78205421481 4.29004598672 4.70711660719 1.47812451112 1.72025678143 0.0550240127974 5.66542491498 5.71312837822 5.77105176483 0.0970411085545 3.66346696508 3.79747617566 0.0959878130099 20.8029085387 0.207317027921 0.101895240664 0.251647932434 0.341602165166 0.0636666113492 0.0497524548155 5.97634916995 6.42439577043 6.49025675422 0.0635940373994 0.129695129017 0.161224741218 0.186482114202 0.370265724695 0.0592440917075 0.135603561454
