data/baseflow/History/mHMbfrc524
ncols                  80
nrows                 72
xllcorner      4374000.0
yllcorner      5656000.0
cellsize            500
NODATA_value       -9999
[rows 0 to 23 of 72, columns 0 to 53 of 80]
-9999.0 -9999.0 -9999.0 -9999.0 -9999.0 -9999.0 -9999.0 -9999.0 -9999.0 -9999.0 -9999.0 -9999.0 0.614982869579 0.650093381106 -9999.0 -9999.0 -9999.0 -9999.0 -9999.0 -9999.0 -9999.0 -9999.0 -9999.0 -9999.0 -9999.0 -9999.0 -9999.0 -9999.0 -9999.0 -9999.0 -9999.0 -9999.0 -9999.0 -9999.0 -9999.0 -9999.0 -9999.0 -9999.0 -9999.0 -9999.0 -9999.0 -9999.0 -9999.0 -9999.0 -9999.0 -9999.0 -9999.0 -9999.0 -9999.0 -9999.0 -9999.0 -9999.0 -9999.0 -9999.0
-9999.0 -9999.0 -9999.0 -9999.0 -9999.0 -9999.0 -9999.0 -9999.0 -9999.0 -9999.0 -9999.0 -9999.0 1.26557188861 3.07588430655 0.555083183053 -9999.0 0.533608120327 -9999.0 -9999.0 -9999.0 -9999.0 -9999.0 -9999.0 -9999.0 -9999.0 -9999.0 -9999.0 -9999.0 -9999.0 -9999.0 -9999.0 -9999.0 -9999.0 -9999.0 -9999.0 -9999.0 -9999.0 -9999.0 -9999.0 -9999.0 -9999.0 -9999.0 -9999.0 -9999.0 -9999.0 -9999.0 -9999.0 -9999.0 -9999.0 -9999.0 -9999.0 -9999.0 -9999.0 -9999.0
-9999.0 -9999.0 -9999.0 -9999.0 -9999.0 -9999.0 -9999.0 -9999.0 -9999.0 -9999.0 0.566270602676 0.549343649389 0.595780268708 0.592265127452 4.13920146299 4.63218419216 1.43006958485 0.451431427797 -9999.0 -9999.0 -9999.0 -9999.0 -9999.0 -9999.0 -9999.0 -9999.0 -9999.0 -9999.0 -9999.0 -9999.0 -9999.0 -9999.0 -9999.0 -9999.0 -9999.0 -9999.0 -9999.0 -9999.0 -9999.0 -9999.0 -9999.0 -9999.0 -9999.0 -9999.0 -9999.0 -9999.0 -9999.0 -9999.0 -9999.0 -9999.0 -9999.0 -9999.0 -9999.0 -9999.0
-9999.0 -9999.0 -9999.0 -9999.0 -9999.0 -9999.0 -9999.0 -9999.0 -9999.0 0.544950958601 1.11195978549 2.21099222555 1.12794312151 0.540338668789 1.03263806868 5.10729893493 7.51582942167 0.49518548346 -9999.0 0.533511816351 -9999.0 -9999.0 -9999.0 -9999.0 0.998456109088 0.518012156655 -9999.0 -9999.0 -9999.0 -9999.0 -9999.0 -9999.0 -9999.0 -9999.0 -9999.0 -9999.0 -9999.0 -9999.0 -9999.0 -9999.0 -9999.0 -9999.0 -9999.0 -9999.0 -9999.0 -9999.0 -9999.0 -9999.0 -9999.0 -9999.0 -9999.0 -9999.0 -9999.0 -9999.0
-9999.0 -9999.0 -9999.0 -9999.0 -9999.0 -9999.0 -9999.0 -9999.0 0.69484896646 1.85831304524 2.38411565307 2.91182298054 3.83507846245 0.469803339471 1.93524802733 2.37265102768 10.7700557355 0.426508450208 0.39526654611 0.963712401086 1.3764663138 0.439638112651 -9999.0 2.49328882946 2.05980797452 0.54185692191 -9999.0 -9999.0 -9999.0 -9999.0 -9999.0 -9999.0 -9999.0 -9999.0 -9999.0 -9999.0 -9999.0 -9999.0 -9999.0 -9999.0 -9999.0 -9999.0 -9999.0 -9999.0 -9999.0 -9999.0 -9999.0 -9999.0 -9999.0 -9999.0 -9999.0 -9999.0 -9999.0 -9999.0
-9999.0 -9999.0 -9999.0 -9999.0 -9999.0 -9999.0 0.652536234061 0.571539954896 0.551664370075 0.570150456341 0.582128658599 4.09194034442 8.45844055311 8.97261269715 9.3631373065 0.380185535875 11.5732135934 11.9757348752 0.840359850026 0.426456505834 1.77867151924 3.05495092526 0.438244616628 3.86764566513 0.46931415121 0.473246383375 0.489645124871 -9999.0 -9999.0 -9999.0 -9999.0 -9999.0 -9999.0 -9999.0 -9999.0 -9999.0 -9999.0 -9999.0 -9999.0 -9999.0 -9999.0 -9999.0 -9999.0 -9999.0 -9999.0 -9999.0 -9999.0 -9999.0 -9999.0 -9999.0 -9999.0 -9999.0 -9999.0 -9999.0
-9999.0 -9999.0 -9999.0 -9999.0 -9999.0 -9999.0 1.33363903394 1.96337314969 4.37446695063 6.01102226177 0.484680347392 0.50415804882 0.465942684617 1.38402801641 11.1423802718 0.345688465866 12.3457721552 14.0863095769 1.35272742116 0.779033793035 3.41840517006 0.408623826892 4.26689350756 0.809949721531 0.410147461524 0.865847389303 0.969716808686 0.48952271614 0.496987559448 0.475120860286 0.528635151939 1.05487190449 -9999.0 -9999.0 -9999.0 -9999.0 -9999.0 -9999.0 -9999.0 -9999.0 -9999.0 -9999.0 -9999.0 -9999.0 -9999.0 -9999.0 -9999.0 -9999.0 -9999.0 -9999.0 -9999.0 -9999.0 -9999.0 -9999.0
-9999.0 -9999.0 -9999.0 -9999.0 -9999.0 0.785705056841 1.48190564822 0.688163206338 1.31445981063 6.66219876646 7.74427376944 8.79832285448 30.0978308455 0.474807027737 11.5777643028 45.6237384505 45.9656725022 60.7845077133 0.463075497045 1.13545908022 3.78388974878 0.360100444055 8.93141189829 4.28063142444 2.68387398144 2.26706901093 0.467036864266 1.44111062629 1.42823730616 0.948177954654 0.453134610482 1.52768395207 0.444024431236 0.431484615087 -9999.0 -9999.0 -9999.0 -9999.0 -9999.0 -9999.0 -9999.0 -9999.0 -9999.0 -9999.0 -9999.0 -9999.0 -9999.0 -9999.0 -9999.0 -9999.0 -9999.0 -9999.0 -9999.0 -9999.0
-9999.0 -9999.0 -9999.0 -9999.0 -9999.0 0.812753768546 2.31926041348 4.54481207268 5.19970836185 10.344360387 10.9265844938 12.8019132621 20.8510753096 31.8289991258 32.8273249726 33.3013038918 0.76446782655 62.2459920162 63.0534253613 64.9813298138 79.1735130784 10.0567426409 9.33554498241 3.0780211567 0.386448737999 2.66483887392 1.84069354727 0.374952554038 1.83205057381 0.402801579483 0.918229196494 2.41115779929 2.83138138163 0.840140917326 0.414949567964 0.395934499336 -9999.0 -9999.0 -9999.0 -9999.0 0.458491729749 0.423102348662 -9999.0 -9999.0 -9999.0 -9999.0 -9999.0 -9999.0 -9999.0 -9999.0 -9999.0 -9999.0 -9999.0 -9999.0
-9999.0 -9999.0 -9999.0 -9999.0 -9999.0 0.768220568052 0.71027460273 3.13239259994 3.80987483558 4.52198305253 0.64503358241 1.26753064477 7.63992206823 1.39257814652 0.555994550612 0.485413431381 0.405316774292 0.514126796617 0.480748339844 0.442483004501 79.5604341548 80.6390756557 0.355285853477 1.11341421348 0.767346239181 3.03286312463 0.76099445988 0.359002310896 2.24984659416 0.797289022261 2.01063475368 4.83911283625 4.49197779888 1.24649948332 1.20909969959 0.417037617957 0.412168812638 -9999.0 -9999.0 0.415377227292 0.942351528757 2.25841801289 0.45181068933 -9999.0 -9999.0 -9999.0 -9999.0 -9999.0 -9999.0 -9999.0 -9999.0 -9999.0 -9999.0 -9999.0
-9999.0 -9999.0 -9999.0 -9999.0 -9999.0 -9999.0 0.838332537616 0.870668379808 1.56126634292 2.28709640442 5.0691590768 6.40903865599 7.10073180718 0.804771335395 0.478728591816 7.0310054003 8.45304510804 8.87736648638 10.6692657144 11.0516624368 0.376180020652 81.0191059131 82.8230097442 1.43796692034 0.259153681108 3.33908364777 7.35087783179 2.94085374182 0.682492044869 0.342183764883 7.53912370349 5.20039799531 0.351481882147 0.34717099653 1.5729769898 1.20717075096 0.383666001926 0.359450005137 0.397118521115 0.800714449102 0.376461253421 2.73791669569 3.1022509516 0.328660320068 -9999.0 -9999.0 -9999.0 -9999.0 0.401172939501 0.36818579535 0.113176092211 -9999.0 -9999.0 -9999.0
-9999.0 -9999.0 -9999.0 -9999.0 -9999.0 -9999.0 -9999.0 0.813697839023 0.668885662715 1.43593463012 2.15699966867 0.674976377299 0.629419421282 3.87310927933 4.97056684779 6.10208164271 0.503457821109 0.949741264717 0.462311187948 11.4600293734 25.4244215378 25.8373159405 109.412931202 0.352222111802 0.735875927587 0.22544751133 7.67046198044 0.337354642896 1.03152373421 0.335859382533 7.88011552552 8.22231943001 0.707266307129 0.691467036543 3.93057337115 1.97389088261 0.747315383207 0.388170783526 0.78915872049 1.18613920564 1.92045272256 0.34761407402 3.72971227759 4.01812790227 0.2536434973 0.282318354247 0.300744353101 0.258859355441 0.241729841436 1.0500772395 0.399782761157 0.24255940337 -9999.0 -9999.0
-9999.0 -9999.0 -9999.0 -9999.0 -9999.0 -9999.0 -9999.0 -9999.0 1.49720587191 2.11282474176 0.674513788554 1.39479449239 2.02376883627 3.32621488225 0.606712682637 0.570547020731 0.451444018119 0.456647847714 0.389806670808 13.131636888 0.47529372697 0.912587596174 110.745774239 111.475579925 0.254036414994 1.2490604751 9.18760847929 0.647208304879 1.31737596923 0.595072156857 0.873178882048 9.51028335213 1.00487258261 5.56377632266 4.58795203463 0.338871541942 1.83963525703 0.745944200344 1.13371946713 0.338558304865 2.2494584545 2.88355040109 3.12204853442 3.3423137774 4.95499723957 0.477112867068 0.51653519084 0.451247486245 0.416389037166 1.26473668613 0.235030572171 0.886486479269 1.09230659866 -9999.0
-9999.0 -9999.0 -9999.0 -9999.0 -9999.0 -9999.0 -9999.0 -9999.0 0.781029889263 3.64415950649 4.28966327524 0.64461612361 1.23175626818 0.584738549308 0.507001403063 0.496284056807 6.53591130361 8.6610785869 10.6147854733 12.6709353077 0.482406610591 0.452993377545 0.384310971918 113.439247794 114.295410457 114.559346078 12.0440318548 2.56571999769 2.26028830373 0.262462191749 1.13066068783 10.9139313757 0.271646325574 5.84305363377 0.322742183875 2.41898127317 2.20701880256 0.349512878265 1.47800378248 0.678768578067 1.00984293292 0.276840060729 0.213704085689 3.5584367986 3.75059545128 5.14653939646 0.729924576019 0.649631781293 0.605256980328 1.52021046652 1.99988462749 0.239519165323 1.31598645098 0.245430109829
-9999.0 -9999.0 -9999.0 -9999.0 -9999.0 -9999.0 -9999.0 -9999.0 -9999.0 0.81490375496 4.99742622358 5.62114145331 1.82408754521 3.00887913009 4.05133784082 4.59221829911 0.556223202574 1.66290182018 1.08746169131 0.573390125395 0.531610679757 0.456218088524 0.877184945543 1.46200977586 0.444423404602 127.386106121 127.655622613 0.232972556701 0.197606075532 0.528093462743 0.785675306807 11.7003298785 0.528245333153 6.07414292655 3.59413058153 3.00746773016 0.318018897072 0.654687246325 1.77175803023 0.294124912768 1.29284209124 0.558341500896 0.341704552324 0.148710782187 4.22301038304 9.51671913136 0.860875899933 0.784225843988 0.783392839358 0.185854385472 2.18475777247 0.178089696465 1.73683494494 0.202443419318
-9999.0 -9999.0 -9999.0 -9999.0 -9999.0 -9999.0 -9999.0 -9999.0 -9999.0 -9999.0 0.647798960805 6.92344368537 0.58432440483 1.1746638821 1.68155313315 2.67115122125 0.508307708974 1.08720622737 0.518861967356 0.471220970669 0.432440706913 0.854571128974 0.366132056916 0.368341873393 0.681940924754 0.39022522019 127.993473873 128.50271187 129.230425329 1.00421082114 0.263553339509 0.52556229345 11.9803426234 10.9988600354 4.1872517358 0.291196298826 1.27168705009 0.959879988965 2.0665161594 0.586318409445 2.43114968899 0.844727309772 0.551345414642 0.110495888998 0.157665936859 9.73596582672 9.91482400877 11.7044040094 1.37488949686 0.388291551899 2.39034460652 2.76880016401 4.67736561512 0.399250880087
-9999.0 -9999.0 -9999.0 -9999.0 -9999.0 -9999.0 -9999.0 -9999.0 -9999.0 -9999.0 -9999.0 0.405941957862 7.7755203868 0.590472554272 1.08325737272 4.73590462299 0.508927472598 0.499241676639 0.411488162518 0.904414602095 0.433184728664 1.7159081271 2.44358067039 2.76740733122 0.950921002448 1.17181553362 0.262459131242 0.331470249024 0.305331106562 130.815189573 131.610678602 12.2029058136 11.4667006366 11.2360947147 0.490302047929 0.234719863433 1.53614354918 4.13835849805 2.33843452934 0.85329096478 3.54924067651 1.18712348397 0.940138981681 0.218134173745 0.0778641051418 0.0753701593574 0.0919055939457 12.2372724633 14.1566056084 0.186466775965 0.164017024929 0.187286258968 4.85416013682 5.41799755346
-9999.0 -9999.0 -9999.0 -9999.0 -9999.0 -9999.0 -9999.0 -9999.0 -9999.0 -9999.0 -9999.0 0.363526430071 8.59306867065 10.3751806169 0.500433953766 5.72220065472 0.455116482015 0.424358241864 0.83147260338 2.16794817609 0.412651951821 0.44337177869 0.354357455738 3.46777459416 3.78880726861 5.30836719832 5.82760494512 6.07822634055 6.31003877192 6.53893293792 138.410118905 151.027887491 162.882544966 163.070619138 0.18858871186 0.228335239688 4.6704331224 4.40641640837 0.266281425302 0.26983430429 3.87994321669 5.33952148351 0.211541675999 2.54983659569 2.37732997273 0.508950090776 0.224136766594 0.389336499752 0.2059505592 14.483658122 0.171425122963 0.504334321227 0.623010011072 6.47954259391
-9999.0 -9999.0 -9999.0 -9999.0 -9999.0 -9999.0 -9999.0 -9999.0 -9999.0 -9999.0 -9999.0 0.681240383787 1.27075979795 10.9400235031 11.8485441401 0.46100189524 6.63968931925 0.367171133246 1.14467768861 2.5419022119 0.78556939382 0.370370369715 0.768077548757 0.295918838056 0.564161031331 0.274914521109 0.241750984559 0.190725694602 0.175652579775 0.13666455353 0.112351588615 0.164432161371 0.225199115953 0.276023867779 163.70132985 5.37174363872 4.95434826088 0.132176405225 0.747245294435 0.179691516573 0.205528600393 5.5795694082 8.87912391606 2.83139594295 2.18512103945 0.334117286953 0.121787066589 0.101211900176 0.245535527958 14.8972708117 15.2216865832 0.172824040327 0.178472436503 0.153965593522
-9999.0 -9999.0 -9999.0 -9999.0 -9999.0 -9999.0 -9999.0 -9999.0 -9999.0 -9999.0 -9999.0 -9999.0 0.513280396299 7.750707923 20.0919723511 21.6355176268 28.6990368312 29.1467305025 5.64698064395 4.08952741955 1.16447315187 0.362937169519 1.47354282295 1.80591467704 2.65365866104 0.569021760523 0.505705199091 0.461757334141 0.896448789593 0.389517858294 0.351141057117 0.194438365066 0.11856575822 0.0945974882739 163.873047317 169.411976397 169.656318065 0.132297207418 1.91245134651 0.887115927699 0.259471444048 9.74392692345 0.629188520361 0.329826960126 1.42475483582 0.277634409117 0.181003306507 0.327044819976 0.453424756844 0.60223255304 15.4787122613 0.120232049847 0.100560439865 0.100710337048
-9999.0 -9999.0 -9999.0 -9999.0 -9999.0 -9999.0 -9999.0 -9999.0 -9999.0 -9999.0 -9999.0 0.603816023639 5.96166270299 7.20648244217 1.0698514454 0.378613743621 0.802150426309 30.3545817232 30.7324630034 36.7992327706 0.316530782737 0.675083118572 0.279084486642 0.284664319678 2.92652708877 3.76723473952 4.51849464328 0.236827936353 1.1316195726 1.75081055716 0.985113632084 0.417249757311 0.291504882673 0.219511388279 0.216920281611 0.0872690279751 169.794171071 169.890965745 172.003377884 0.407903361202 0.225411331387 9.99607312696 0.678166406285 0.354688250209 0.404409820937 0.401110568141 0.337025062015 0.549707761442 1.52722003237 2.30255603086 17.904290321 0.0854450194889 0.256682805388 0.174581838987
-9999.0 -9999.0 -9999.0 -9999.0 -9999.0 -9999.0 -9999.0 -9999.0 -9999.0 -9999.0 -9999.0 0.626643085877 4.27002491779 0.64913123147 0.508724245337 2.87504227607 3.30383395197 3.73297324927 4.09775998199 49.6144673186 49.9803316911 50.686793011 55.7125453236 56.5512210074 56.9859741734 57.2652456167 62.2877504906 62.9401951491 63.2015237822 65.2184704664 66.4670584877 66.6877201717 67.3696423643 0.428482387332 0.356932325912 0.0551116923827 0.0495908613805 170.007909304 172.652334882 0.557035940619 11.7245040131 11.5149855339 1.25414309875 0.293888305164 0.303731334366 0.287483144028 0.290848618637 0.584496428988 0.80659221683 0.205350756144 18.0211617658 18.1489652153 18.683553432 18.7812655324
-9999.0 -9999.0 -9999.0 -9999.0 -9999.0 -9999.0 -9999.0 -9999.0 -9999.0 -9999.0 -9999.0 2.25926625856 2.96579054573 1.31560246907 1.90922064415 0.581471690146 6.64178043228 7.10945615908 8.01333108079 8.35111910175 2.8896268411 54.1359959537 54.4445146093 0.25738782555 0.154163172783 0.139507962965 0.308889989349 0.154191335366 0.113883146992 0.109551514415 0.117327014994 66.8749886886 67.5698610558 68.2371160904 68.7929207325 68.9900875193 0.0745999461113 0.0232112017722 184.784143127 12.0489955503 11.9528808306 0.237822141254 0.227287159082 0.202242607631 0.514286785114 0.498532137357 0.224925133038 0.229147920996 0.201466156555 0.400219303621 0.509761438641 0.0809539789814 0.143998579366 0.0497067353177
-9999.0 -9999.0 -9999.0 -9999.0 -9999.0 -9999.0 -9999.0 -9999.0 -9999.0 -9999.0 -9999.0 -9999.0 1.53668428854 0.687803794132 0.576512463471 5.70556487171 6.20373188801 0.492476240292 1.86583864725 2.27258158885 2.60596476222 0.379437140371 0.236628107632 7.45788481631 7.6356656715 7.79939132432 20.0047479225 20.1154126058 20.3169395188 21.6670995379 22.2460592492 22.3302996707 0.109391680262 0.117286549979 0.108686620777 69.1395766848 0.0517621996398 186.485561385 186.402900112 1.54588726463 1.41886020043 0.905163277285 0.230782284411 0.402180800586 0.726033948864 0.712201324556 0.433900696936 0.216913923983 0.414617488243 0.396892003625 0.672039890747 0.107133786352 0.251106502871 0.391607584346
