data/baseflow/History/mHMbfrc409
ncols                  80
nrows                 72
xllcorner      4374000.0
yllcorner      5656000.0
cellsize            500
NODATA_value       -9999
[rows 24 to 47 of 72, columns 0 to 53 of 80]
-9999.0 -9999.0 -9999.0 -9999.0 -9999.0 -9999.0 -9999.0 -9999.0 -9999.0 -9999.0 -9999.0 -9999.0 0.950331358993 2.66847682487 3.48466535552 5.95556698424 0.717550418859 1.4576355387 2.14993744801 8.42747365833 9.03935035175 9.58189663705 10.1466787088 10.7496510511 16.5647395286 18.3028573283 19.2772390749 0.426508470985 2.23969524206 2.63295763265 37.1499287623 38.8225802522 39.5563549047 40.3000742562 40.9123259375 150.269498546 0.255766373661 296.092718582 0.520685260165 0.253518785665 2.49913615019 2.14388569771 0.352825724203 1.16748452738 1.71903139394 1.68424013215 1.19236960524 1.96221546186 3.09781242136 1.16383199358 2.89160409153 0.286247745556 0.470748829423 0.0975790003973
-9999.0 -9999.0 -9999.0 -9999.0 -9999.0 -9999.0 -9999.0 -9999.0 -9999.0 -9999.0 -9999.0 -9999.0 0.898940867497 1.78280382031 0.83003818494 1.6620906954 0.738358721057 5.63151783528 7.03721052396 7.75091232979 0.657995357209 1.28726237005 12.4698579913 15.4832996386 16.0519352835 1.18917086365 1.05853185173 1.54671120362 0.350710432914 0.323190135773 0.605778291193 0.269389246618 19.7381376168 20.048972596 20.2498852781 150.643577011 298.230942794 296.336583425 0.412340166081 0.198441879807 0.180271192081 0.757616224065 0.591869134453 1.49065336013 2.07259097832 4.14129111287 0.381333543708 0.380282145322 3.43294914266 3.77763916696 7.27445807354 7.46264765 8.03801290145 8.22636341279
-9999.0 -9999.0 -9999.0 -9999.0 -9999.0 -9999.0 -9999.0 -9999.0 -9999.0 -9999.0 -9999.0 -9999.0 -9999.0 0.870806764307 1.72406045531 2.57745589778 4.10879770034 0.788592678442 0.720068746332 5.07184062433 5.73618837139 11.2619978699 11.9255377601 1.89271496087 0.614264922112 0.575189415711 0.523682300113 17.8496785431 18.2289781721 18.5946676131 18.8914497196 19.449042432 3.24592645255 3.47035694692 23.9039379664 472.978167551 1.53118019526 1.18463168313 0.622658179414 0.171033366875 0.152548448036 1.10803423436 1.23474233072 1.77952987794 0.144544608108 4.33168464497 0.649404048529 0.640481553001 0.133158895193 0.0964001972525 0.0891024775638 0.0893186701789 0.0887693170259 8.36051673941
-9999.0 -9999.0 -9999.0 -9999.0 -9999.0 -9999.0 -9999.0 -9999.0 -9999.0 -9999.0 -9999.0 -9999.0 -9999.0 -9999.0 0.828529885988 1.56140455827 2.24257611735 2.93223822948 3.6415617303 4.36908782238 2.13748101363 3.5551464127 0.663237678574 0.635699591538 15.0524046794 16.2616350066 16.8144231236 17.3997885031 0.447237562141 0.816176033855 2.16286931631 2.57566404957 2.93545193111 0.268347034805 0.220946323946 473.832229236 0.335950931693 0.35166995771 0.168343267735 0.746098809877 0.36441156773 0.161306618174 3.17359615216 3.31590563205 0.107509701701 4.44968806067 5.20100567126 0.772791496882 108.564454016 108.337004202 108.133100488 107.725550591 107.553504399 105.073992313
-9999.0 -9999.0 -9999.0 -9999.0 -9999.0 -9999.0 -9999.0 -9999.0 -9999.0 -9999.0 -9999.0 -9999.0 -9999.0 -9999.0 0.204711101042 0.457770059157 0.687469208998 6.87596293493 7.61679619257 0.746398995668 0.718519830259 0.715406487573 12.4946724466 13.84946293 0.648632325733 0.656664212212 0.537673083028 2.23431262256 2.77618458888 1.3657221019 1.78901257685 12.9641836286 13.3775582082 14.0021529302 22.0916726002 496.147188641 0.311902908753 0.139370491944 1.14820568588 0.953187051695 0.147396245484 0.456521455517 0.587707815238 3.45929723723 3.58198557147 9.13424293469 5.3380049471 0.939738511915 111.01679494 0.961187094447 107.942905906 107.839145889 2.31194543155 0.186978989186
-9999.0 -9999.0 -9999.0 -9999.0 -9999.0 -9999.0 -9999.0 -9999.0 -9999.0 -9999.0 -9999.0 -9999.0 -9999.0 -9999.0 1.028007127 1.69660102252 3.46989384644 6.15233533115 8.29224267647 9.74339203058 10.4476664302 11.1681369111 11.8560326807 0.669291063784 0.606348204678 1.19635897178 1.10860554203 0.584738535737 11.2003996403 11.7311068418 12.2180773978 12.6870439042 7.13158299505 7.44912799189 7.82549974044 496.333927607 0.559133962945 0.324045444922 1.6257468011 0.20428840234 0.280605486025 0.152112336854 0.121880998304 0.716439089885 0.101586300509 0.10752264974 120.699457634 111.477948882 111.367189687 0.371624333178 0.850646606105 0.542398192963 0.12149260684 1.98783746028
-9999.0 -9999.0 -9999.0 -9999.0 -9999.0 -9999.0 -9999.0 -9999.0 -9999.0 -9999.0 -9999.0 -9999.0 -9999.0 -9999.0 0.712610241245 0.687374423706 1.35191263742 2.02613064311 0.748303878564 0.820784878025 1.56594027289 2.30303125887 3.69264773492 4.37453390189 4.96181043975 6.7687364066 7.31135251019 7.91162015005 0.531446321344 5.44555986575 5.91002952928 6.35709301759 0.379531300055 0.296359871888 0.524019341806 504.792485127 504.969229655 505.842301465 2.22309323964 0.428171713574 0.452825809276 0.109249253163 0.21512282545 0.815495408633 1.00277376906 0.19425538561 121.170257801 0.148743380363 0.196937771477 0.211506724563 0.171510657579 0.313288542777 0.133270316183 1.316655382
-9999.0 -9999.0 -9999.0 -9999.0 -9999.0 -9999.0 -9999.0 -9999.0 -9999.0 -9999.0 -9999.0 -9999.0 -9999.0 -9999.0 -9999.0 0.668930822097 1.31581030089 0.62141401291 1.26574462496 7.87511064001 8.54167251505 9.25848591188 0.688435634851 0.688269256207 1.27630840197 1.89040287751 2.95375298298 3.51185978302 3.88207574223 4.39343262556 0.441767996971 0.420388185191 7.06597008978 7.3432645271 7.55033589244 7.74581366414 6.57671308046 513.240005503 516.592624606 516.776307007 517.398751703 518.065832144 518.378701314 0.0924945749403 1.08869842813 121.262279792 0.198108968957 0.101031255704 0.134987422388 0.134648829137 0.226641226228 0.187667608713 0.106489880815 0.151199079643
-9999.0 -9999.0 -9999.0 -9999.0 -9999.0 -9999.0 -9999.0 -9999.0 -9999.0 -9999.0 -9999.0 -9999.0 -9999.0 -9999.0 -9999.0 -9999.0 1.95587985546 2.61516466307 4.56121158346 5.94612996865 0.705046599164 10.7322221531 11.4029784765 12.0442341449 0.606825871176 1.19785166011 0.519937378369 4.00082623256 4.34880154009 4.83347881618 5.29147295619 6.51801167274 6.74028859335 0.147049540934 5.82024105831 6.20797473826 6.39243658954 7.21614554294 0.953379425575 0.569123366554 0.327276572282 0.324739867917 518.697486051 518.818232481 520.603608057 121.346415898 0.58763133145 0.315151418322 0.217103180719 0.0666441780475 0.61396374115 0.304420273974 0.0946092153172 0.506579404793
-9999.0 -9999.0 -9999.0 -9999.0 -9999.0 -9999.0 -9999.0 -9999.0 -9999.0 -9999.0 -9999.0 -9999.0 -9999.0 -9999.0 -9999.0 -9999.0 0.68922230335 3.27625378431 3.94626113113 0.737261863876 0.738211690332 1.49497049875 2.18845798547 14.8751353743 0.604960488775 2.42811349809 2.96288101375 3.49364927014 0.363686027022 0.825770748343 1.15225483982 4.59027710126 5.14674454323 5.30090725011 0.183499052067 0.196421472134 0.246370608519 0.451380249557 0.201950052912 0.218470360933 0.278226836104 0.292793948871 0.278624534699 0.606873823896 520.734939979 642.407573812 0.712199944857 0.169537805817 0.0682010516826 1.81772921388 1.67192518168 0.957683959201 0.855052086694 0.634972971943
-9999.0 -9999.0 -9999.0 -9999.0 -9999.0 -9999.0 -9999.0 -9999.0 -9999.0 -9999.0 -9999.0 -9999.0 -9999.0 -9999.0 -9999.0 0.617302809379 1.94047656374 0.635631735352 0.772192661774 0.796652635484 1.53521933079 2.26361909253 2.89047775134 18.3592985889 18.9364394901 0.592768743778 1.1236663878 1.65888946858 2.09934639643 2.55906131112 4.06843044869 4.39891014077 0.345580260994 0.284052414602 0.274751308634 0.247680218761 0.277343647035 0.304827274927 0.282574471564 0.417940790953 0.962080952125 0.469028148656 0.154284066233 0.153818111864 0.113275071848 0.211845803558 648.618619295 5.30948922996 2.27061117017 0.27731487832 0.140239457349 0.0858108877926 0.26111232366 0.166393693984
-9999.0 -9999.0 -9999.0 -9999.0 -9999.0 -9999.0 -9999.0 -9999.0 -9999.0 -9999.0 -9999.0 -9999.0 -9999.0 -9999.0 0.65558332107 1.25307041921 4.45530784325 0.63436209623 1.48825679888 2.27036004741 2.99723307104 0.739718939861 1.38364579068 1.992262145 21.481523218 0.564710385725 1.06890079404 1.59153170742 0.492301045171 0.977210964899 1.32019971191 1.63030595685 38.3532742989 38.8533820599 39.3123322649 40.9665003944 41.8123780201 43.2101470039 0.383036703093 0.958740018018 1.14755103704 47.2654048571 47.5269485497 0.142423055259 0.226240399014 0.308047034297 648.780386965 4.96334208026 2.33352868118 2.1659183249 1.81284481821 1.60221193137 0.343166401188 0.0887303504714
-9999.0 -9999.0 -9999.0 -9999.0 -9999.0 -9999.0 -9999.0 -9999.0 -9999.0 -9999.0 -9999.0 -9999.0 -9999.0 -9999.0 0.653972220667 1.98680103498 7.09051458827 10.516734253 0.590975482847 13.8145701613 17.4260989362 0.692720384466 1.32680201554 1.93345826013 27.0173725133 27.5280248714 0.421596501951 2.4529857424 2.86255610737 3.26820105311 35.1222292896 35.991332776 36.4569288478 0.219030063008 1.21240275787 1.43546314382 0.578889758467 0.802578236338 44.3645907124 45.6778839644 45.849326675 46.0106551035 47.7261727683 0.0975902987497 0.0873873650387 0.472955756018 648.919552812 0.176079059545 0.0687601069055 0.207153990679 0.0755880031149 1.38521456601 1.19396815333 0.714558382878
-9999.0 -9999.0 -9999.0 -9999.0 -9999.0 -9999.0 -9999.0 -9999.0 -9999.0 -9999.0 -9999.0 -9999.0 -9999.0 -9999.0 -9999.0 -9999.0 1.384027462 2.79614487435 12.4970054946 13.1891950389 18.0456129214 18.6730820538 0.667065717522 1.33242396223 3.07252753771 28.0719220134 28.9697695509 29.3236929306 0.28398219643 30.6069263396 31.4986277275 0.548080627383 0.222140647329 0.419166273848 0.815332844375 0.197517266123 0.386112586262 0.816568120787 1.00865216842 0.204235971426 0.143017208656 0.278006272046 48.833118884 49.2074282043 49.2840322683 49.9724925865 649.039757194 0.156442525302 0.0503134183544 0.0600121567169 0.0569063081281 0.0582464001611 0.0491648548342 0.0923795192033
-9999.0 -9999.0 -9999.0 -9999.0 -9999.0 -9999.0 -9999.0 -9999.0 -9999.0 -9999.0 -9999.0 -9999.0 -9999.0 -9999.0 -9999.0 -9999.0 0.72384889216 0.712959064502 0.699192716828 1.38190189371 0.615461263171 19.896618123 20.47327539 0.602737918147 1.19291681894 0.555139997197 0.428323175687 0.412776221824 30.0487898655 0.301953604622 0.605956747448 0.284525907655 0.221780442285 0.199464491677 0.154292907442 0.160322748486 0.483720793851 0.661361558675 0.132559289663 0.124599251901 0.265989349432 0.437727742144 0.631693902674 0.204257196127 49.4100465958 50.0491048658 649.139459109 0.474351275713 0.150384661322 0.0366769193268 0.0851839823165 0.0290210706299 0.0207704866463 0.11534913236
-9999.0 -9999.0 -9999.0 -9999.0 -9999.0 -9999.0 -9999.0 -9999.0 -9999.0 -9999.0 -9999.0 -9999.0 -9999.0 -9999.0 -9999.0 -9999.0 -9999.0 -9999.0 0.704384744142 2.03657256358 2.62512242253 3.22679171465 21.0521514801 21.617008129 22.1704554996 22.7236856034 23.1225914604 23.9549460789 24.2357714648 24.5193347851 24.7485367977 0.200422482919 0.18295711676 0.1926026452 0.675641516922 0.177866442284 0.166516131115 0.132831895272 0.388645602008 0.16048021344 0.126450945979 0.117903263199 0.1095306565 0.218616088575 0.3070733394 50.6463861576 700.349878429 0.164793080345 0.283965874929 0.029993932186 0.115588608008 0.0621531486106 0.0417887134378 0.878194777751
-9999.0 -9999.0 -9999.0 -9999.0 -9999.0 -9999.0 -9999.0 -9999.0 -9999.0 -9999.0 -9999.0 -9999.0 -9999.0 -9999.0 -9999.0 -9999.0 -9999.0 -9999.0 -9999.0 0.612854414814 4.68304104597 9.1938311348 9.80693054409 0.662747811261 1.25519265933 1.85002975363 2.33328163006 5.54274390149 5.76126385859 0.210179039902 0.199341212602 25.1491495153 25.4989718326 25.6590498332 0.79772483839 0.112910853419 0.271082254048 0.3989074142 1.21020866447 1.50341695244 1.74084519321 0.218802765584 0.302953548305 0.100298358435 0.198048972491 0.10155915988 700.531318059 0.1345584129 0.551375614321 0.138203055712 0.299114584734 0.897682499555 1.00213514955 1.94935485599
-9999.0 -9999.0 -9999.0 -9999.0 -9999.0 -9999.0 -9999.0 -9999.0 -9999.0 -9999.0 -9999.0 -9999.0 -9999.0 -9999.0 -9999.0 -9999.0 -9999.0 -9999.0 0.661473913312 2.07904701981 4.08448286535 5.35665140111 13.6494316618 14.2818522477 1.23083888508 1.83711193046 2.35221282078 2.82716880533 6.01566908729 6.45466162617 11.5932179835 12.0683765867 12.2668337887 25.8173085024 27.0148047026 0.267197558646 0.170868347704 0.162414744292 0.308529804983 0.143499116508 2.02588910311 2.13663389113 0.397244629927 0.558861925235 0.131987907501 145.477585306 145.68155624 846.320059481 847.038338958 0.148253464146 0.615925799181 0.172690501772 0.124692785153 2.14192592051
-9999.0 -9999.0 -9999.0 -9999.0 -9999.0 -9999.0 -9999.0 -9999.0 -9999.0 -9999.0 -9999.0 -9999.0 -9999.0 -9999.0 -9999.0 -9999.0 -9999.0 -9999.0 -9999.0 0.73185100883 0.71034361199 1.3618376989 3.24901191181 14.872922247 0.62974717088 0.622843775826 1.11966293644 1.6378383114 4.01047253813 4.36053225788 0.320700963885 0.299163583444 12.4909342204 12.652324859 39.8494097043 40.0170249099 0.0939990059869 0.0841501735726 0.0702957293458 0.0709366068248 0.0766291644005 143.200677558 143.855913117 144.588339202 144.886396532 145.330433456 0.111038848197 0.407799072504 0.48517921728 847.722955887 847.80931339 847.962034303 848.120807639 848.252918003
-9999.0 -9999.0 -9999.0 -9999.0 -9999.0 -9999.0 -9999.0 -9999.0 -9999.0 -9999.0 -9999.0 -9999.0 -9999.0 -9999.0 -9999.0 -9999.0 -9999.0 -9999.0 -9999.0 -9999.0 0.666725246165 0.689859542648 1.28980113725 17.3869177996 17.9679280689 0.613425128797 1.10774320353 1.63468795112 2.06478351119 0.390543896737 0.711106485906 37.2585236567 37.4365665278 37.6887183331 39.265332255 79.5013602232 139.288138988 139.510927597 139.70952843 139.901157411 140.700921921 140.962241254 0.522773394441 0.240370821858 0.143920483908 0.27159585832 0.202381469151 0.320981949535 0.100436252903 2.14716636106 2.40458705621 2.65746834068 2.69478448904 848.315172247
-9999.0 -9999.0 -9999.0 -9999.0 -9999.0 -9999.0 -9999.0 -9999.0 -9999.0 -9999.0 -9999.0 -9999.0 -9999.0 -9999.0 -9999.0 -9999.0 -9999.0 -9999.0 -9999.0 -9999.0 -9999.0 0.674723559822 1.29454650366 1.9161899632 18.487142988 0.517450733825 24.7808887365 25.3217169322 25.7259111479 26.0814595741 35.9073421183 36.2397403463 0.193925856596 1.12645191709 1.35257754017 0.179943696119 59.5672677265 59.2423881311 0.0986020841428 0.228941671673 0.626554370873 0.139890205176 0.151968477104 0.121045896188 0.10417491096 0.0812263263452 0.0952469514416 1.84182244362 1.94045444561 2.05834434533 0.179888489716 0.175194658137 2.81130128458 2.86875185505
-9999.0 -9999.0 -9999.0 -9999.0 -9999.0 -9999.0 -9999.0 -9999.0 -9999.0 -9999.0 -9999.0 -9999.0 -9999.0 -9999.0 -9999.0 -9999.0 -9999.0 -9999.0 -9999.0 -9999.0 -9999.0 0.627154933525 0.587936734292 3.02437249361 22.6775653362 23.7656664782 24.2878959036 0.500877456521 8.8818566333 9.27255823002 9.49278121551 0.319239184561 0.522083681275 0.699292592651 13.7921310328 13.933983244 14.0542665853 59.0289753727 36.4757266128 0.124255296626 0.135216124041 0.129728533437 0.104023773111 1.07174980863 1.30644411183 1.51249382467 1.62774744165 1.73886985969 13.3631685682 13.4429074939 13.5828300527 13.9356834708 15.0593623865 15.0952811501
-9999.0 -9999.0 -9999.0 -9999.0 -9999.0 -9999.0 -9999.0 -9999.0 -9999.0 -9999.0 -9999.0 -9999.0 -9999.0 -9999.0 -9999.0 -9999.0 -9999.0 -9999.0 -9999.0 -9999.0 -9999.0 -9999.0 1.22115893062 1.8503238275 0.61260829986 0.625090259748 7.16522291757 7.68035794298 8.01886075912 2.83173672777 3.11992614468 3.41976857302 3.61393510891 13.4785788471 13.6696635369 8.10059420078 22.3007300216 22.4366843531 36.3728367889 0.266591159096 0.137337226696 0.0977491602261 0.735599858292 0.86284072093 0.0828331218271 0.0783907930132 12.9995715967 13.194422648 13.289547396 0.163097929141 0.24735127249 14.8825899255 0.0957828033068 0.256525356103
-9999.0 -9999.0 -9999.0 -9999.0 -9999.0 -9999.0 -9999.0 -9999.0 -9999.0 -9999.0 -9999.0 -9999.0 -9999.0 -9999.0 -9999.0 -9999.0 -9999.0 -9999.0 -9999.0 -9999.0 -9999.0 -9999.0 0.607135455229 1.20240711686 4.87590891443 5.47614353132 6.00713200088 2.15726955149 2.53624980877 0.309758143511 9.17218030155 9.43733673119 9.67803870549 0.206612878072 7.74528567846 7.94358393987 0.145130752398 35.6795457488 0.299267012423 0.150502460927 0.397167781931 0.534968178041 0.105255323549 0.0858624941562 12.051657556 12.8264968515 12.9396470789 0.119253265572 0.257889269314 0.331664582816 0.414791038319 0.824433715992 0.0948000820021 0.210686950777
