data/baseflow/History/mHMbfrc465
ncols                  80
nrows                 72
xllcorner      4374000.0
yllcorner      5656000.0
cellsize            500
NODATA_value       -9999
[rows 0 to 23 of 72, columns 0 to 53 of 80]
-9999.0 -9999.0 -9999.0 -9999.0 -9999.0 -9999.0 -9999.0 -9999.0 -9999.0 -9999.0 -9999.0 -9999.0 0.709443150313 0.722003807697 -9999.0 -9999.0 -9999.0 -9999.0 -9999.0 -9999.0 -9999.0 -9999.0 -9999.0 -9999.0 -9999.0 -9999.0 -9999.0 -9999.0 -9999.0 -9999.0 -9999.0 -9999.0 -9999.0 -9999.0 -9999.0 -9999.0 -9999.0 -9999.0 -9999.0 -9999.0 -9999.0 -9999.0 -9999.0 -9999.0 -9999.0 -9999.0 -9999.0 -9999.0 -9999.0 -9999.0 -9999.0 -9999.0 -9999.0 -9999.0
-9999.0 -9999.0 -9999.0 -9999.0 -9999.0 -9999.0 -9999.0 -9999.0 -9999.0 -9999.0 -9999.0 -9999.0 1.52144081021 3.61432063487 0.643543979388 -9999.0 0.551459229305 -9999.0 -9999.0 -9999.0 -9999.0 -9999.0 -9999.0 -9999.0 -9999.0 -9999.0 -9999.0 -9999.0 -9999.0 -9999.0 -9999.0 -9999.0 -9999.0 -9999.0 -9999.0 -9999.0 -9999.0 -9999.0 -9999.0 -9999.0 -9999.0 -9999.0 -9999.0 -9999.0 -9999.0 -9999.0 -9999.0 -9999.0 -9999.0 -9999.0 -9999.0 -9999.0 -9999.0 -9999.0
-9999.0 -9999.0 -9999.0 -9999.0 -9999.0 -9999.0 -9999.0 -9999.0 -9999.0 -9999.0 0.686740237651 0.65998592802 0.741611679179 0.745784801095 4.94776648638 5.56182881194 1.525640264 0.485698968022 -9999.0 -9999.0 -9999.0 -9999.0 -9999.0 -9999.0 -9999.0 -9999.0 -9999.0 -9999.0 -9999.0 -9999.0 -9999.0 -9999.0 -9999.0 -9999.0 -9999.0 -9999.0 -9999.0 -9999.0 -9999.0 -9999.0 -9999.0 -9999.0 -9999.0 -9999.0 -9999.0 -9999.0 -9999.0 -9999.0 -9999.0 -9999.0 -9999.0 -9999.0 -9999.0 -9999.0
-9999.0 -9999.0 -9999.0 -9999.0 -9999.0 -9999.0 -9999.0 -9999.0 -9999.0 0.638794218051 1.34657897538 2.67553165502 1.39425736203 0.663483733465 1.28980505218 6.15878868101 8.84229476777 0.564318694281 -9999.0 0.710419952381 -9999.0 -9999.0 -9999.0 -9999.0 1.07076701617 0.545609755559 -9999.0 -9999.0 -9999.0 -9999.0 -9999.0 -9999.0 -9999.0 -9999.0 -9999.0 -9999.0 -9999.0 -9999.0 -9999.0 -9999.0 -9999.0 -9999.0 -9999.0 -9999.0 -9999.0 -9999.0 -9999.0 -9999.0 -9999.0 -9999.0 -9999.0 -9999.0 -9999.0 -9999.0
-9999.0 -9999.0 -9999.0 -9999.0 -9999.0 -9999.0 -9999.0 -9999.0 0.850107569293 2.23241254663 2.86946900873 3.51412493687 4.69632768705 0.585038946567 2.43445591629 2.99408779826 12.993925062 0.559022209439 0.507554864309 1.28516486636 1.85036577346 0.609329462009 -9999.0 2.84362343602 2.33615456199 0.654365641181 -9999.0 -9999.0 -9999.0 -9999.0 -9999.0 -9999.0 -9999.0 -9999.0 -9999.0 -9999.0 -9999.0 -9999.0 -9999.0 -9999.0 -9999.0 -9999.0 -9999.0 -9999.0 -9999.0 -9999.0 -9999.0 -9999.0 -9999.0 -9999.0 -9999.0 -9999.0 -9999.0 -9999.0
-9999.0 -9999.0 -9999.0 -9999.0 -9999.0 -9999.0 0.772423781837 0.664036211061 0.647039900298 0.673925446574 0.718780813521 4.98447189157 10.3615298744 11.014454858 11.5193216478 0.496857028238 14.0480580318 14.5722297858 1.11082203591 0.571502932669 2.39865051896 4.18358234935 0.603455922984 4.70646451225 0.623955545964 0.630758157211 0.656134220978 -9999.0 -9999.0 -9999.0 -9999.0 -9999.0 -9999.0 -9999.0 -9999.0 -9999.0 -9999.0 -9999.0 -9999.0 -9999.0 -9999.0 -9999.0 -9999.0 -9999.0 -9999.0 -9999.0 -9999.0 -9999.0 -9999.0 -9999.0 -9999.0 -9999.0 -9999.0 -9999.0
-9999.0 -9999.0 -9999.0 -9999.0 -9999.0 -9999.0 1.58462771226 2.33001145281 5.21749940975 7.14158276726 0.584123748978 0.616812631669 0.593143745448 1.76562041976 13.7999487696 0.439915793108 15.0597806026 17.2339012796 1.69043806833 1.04937461866 4.69037598794 0.583132276708 5.2725677821 1.12630856466 0.56152841898 1.16287089609 1.3145903962 0.694450398051 0.717545717512 0.678908048153 0.788418717276 1.57094521473 -9999.0 -9999.0 -9999.0 -9999.0 -9999.0 -9999.0 -9999.0 -9999.0 -9999.0 -9999.0 -9999.0 -9999.0 -9999.0 -9999.0 -9999.0 -9999.0 -9999.0 -9999.0 -9999.0 -9999.0 -9999.0 -9999.0
-9999.0 -9999.0 -9999.0 -9999.0 -9999.0 0.947221403206 1.79056630238 0.836395764941 1.60649521716 7.94433021804 9.28025095082 10.5826602403 37.0041106218 0.618023139132 14.3772923062 56.5503684623 56.9877099964 75.0380839751 0.517483366697 1.53218277101 5.20042002983 0.500176204695 11.7345546626 5.92133709964 3.664863457 3.08342333091 0.639676551401 2.03886512527 2.04819190643 1.3570448375 0.65875060525 2.26244096605 0.655851388595 0.633266158371 -9999.0 -9999.0 -9999.0 -9999.0 -9999.0 -9999.0 -9999.0 -9999.0 -9999.0 -9999.0 -9999.0 -9999.0 -9999.0 -9999.0 -9999.0 -9999.0 -9999.0 -9999.0 -9999.0 -9999.0
-9999.0 -9999.0 -9999.0 -9999.0 -9999.0 0.97104353344 2.78508124439 5.48191694152 6.29381403066 12.5588977902 13.2964601209 15.6926407293 25.8490176029 39.1810402491 40.5531413999 41.2017926944 1.06106142752 77.0375078595 78.0775732981 80.7204269862 99.7651890611 13.3449551603 12.3269441314 4.23909547696 0.564084024177 3.75055051903 2.60128341803 0.524550284631 2.63903321785 0.594900824061 1.26053659148 3.53800039473 4.17194088025 1.24536650921 0.630139293195 0.593931614038 -9999.0 -9999.0 -9999.0 -9999.0 0.569362281511 0.492983534147 -9999.0 -9999.0 -9999.0 -9999.0 -9999.0 -9999.0 -9999.0 -9999.0 -9999.0 -9999.0 -9999.0 -9999.0
-9999.0 -9999.0 -9999.0 -9999.0 -9999.0 0.913577656594 0.855957568646 3.76286717608 4.60910042783 5.50013607517 0.8263708971 1.62003777439 9.6022324699 1.75669476604 0.765598608964 0.648792022953 0.557595100923 0.711095492086 0.64742949734 0.644572686227 100.32521215 101.87699293 0.506083573029 1.6077598901 1.11826243383 4.2804482341 1.06912987272 0.498824625211 3.24939233919 1.17055373316 2.85049044636 7.16501807137 6.64609157631 1.85006276719 1.81462789788 0.633848257643 0.633363143982 -9999.0 -9999.0 0.635851054402 1.25791173504 2.79504394564 0.529768075398 -9999.0 -9999.0 -9999.0 -9999.0 -9999.0 -9999.0 -9999.0 -9999.0 -9999.0 -9999.0 -9999.0
-9999.0 -9999.0 -9999.0 -9999.0 -9999.0 -9999.0 1.00872438885 1.0381798018 1.88545279726 2.77643922013 6.26145572386 7.96469975655 8.89081884548 0.969330268585 0.649913296341 9.24100171677 11.2030561588 11.7860945793 14.3241374736 14.8615824634 0.544938746238 102.435323499 105.068729231 2.08935365663 0.368102796327 4.72591915319 10.4887476804 4.24002514524 1.01460428272 0.508414904287 11.0738463526 7.72219292266 0.536625722605 0.531453424354 2.37754254592 1.85475752109 0.58897869624 0.541522930747 0.623705580167 1.23719001365 0.594545305015 3.41270491121 3.98555117733 0.508321029712 -9999.0 -9999.0 -9999.0 -9999.0 0.641549708782 0.585497424107 0.188278480728 -9999.0 -9999.0 -9999.0
-9999.0 -9999.0 -9999.0 -9999.0 -9999.0 -9999.0 -9999.0 0.96150593796 0.824801479338 1.77494188216 2.69828298851 0.855933603806 0.801207417528 4.98837948569 6.46691402796 7.99641964604 0.714696272542 1.32931947094 0.674257585225 15.4454256788 34.4113765317 34.9475163903 141.108714682 0.514276225233 1.03376343078 0.309087010945 10.9603451135 0.501155794967 1.53591477373 0.497217566127 11.591005606 12.1127411515 1.08289637432 1.05522069409 6.01704386073 3.04051915054 1.14478731409 0.600778511971 1.23690613888 1.83830367747 2.98704283964 0.539017849046 5.0052179942 5.51395157492 0.459872220117 0.502316328016 0.525512714638 0.464654401359 0.441482340063 1.70405535452 0.654995062915 0.393857722085 -9999.0 -9999.0
-9999.0 -9999.0 -9999.0 -9999.0 -9999.0 -9999.0 -9999.0 -9999.0 1.84139131953 2.58531338615 0.851729817615 1.77033440824 2.59716524324 4.2840253178 0.828336089783 0.773369029781 0.623014012593 0.629158345475 0.544418413625 17.7407143281 0.71031628399 1.35443151314 143.06895906 144.37863311 0.530144504609 2.09521427281 13.5024740355 0.965190763454 1.96833767664 0.890535770389 1.32169387377 14.1074944716 1.55204645421 8.55969304355 7.05874350197 0.535621645845 2.86981598727 1.17401092326 1.78541046645 0.536761594017 3.51722500424 4.55947092092 5.01098180078 5.43338977976 7.26689913147 0.887951135817 0.942520347527 0.842385696701 0.790558984884 2.1005452512 0.401568413995 1.46583544966 1.83368315246 -9999.0
-9999.0 -9999.0 -9999.0 -9999.0 -9999.0 -9999.0 -9999.0 -9999.0 0.960573861961 4.48211957713 5.29189799364 0.806745723825 1.56955077643 0.75846981988 0.671312274684 0.656944381966 8.65102248486 11.5450336415 14.2617632297 17.1570128195 0.70523023319 0.671188623222 0.664303563693 147.425552633 148.922388711 149.472404494 17.9950197803 3.90214537309 3.38667107383 0.405468765372 1.72758132878 16.2591497202 0.429936580028 8.99783252851 0.510672088851 3.73886858991 3.46982814803 0.557111416027 2.33358901596 1.07684931978 1.61061169845 0.492146116843 0.411340147427 5.84906795996 6.23072173909 7.64732392729 1.35559489269 1.23035915284 1.16358832786 2.52676831931 3.34554960619 0.40849056676 2.23311373701 0.432870545291
-9999.0 -9999.0 -9999.0 -9999.0 -9999.0 -9999.0 -9999.0 -9999.0 -9999.0 1.0240301747 6.20611414416 6.99018993268 2.34231445786 3.87954279538 5.26683160581 5.99055290465 0.775975402315 2.25367268832 1.5310158208 0.826158732251 0.784452490379 0.656550332165 1.31540604646 2.27180092658 0.801435999227 168.868530372 169.423279332 0.504352305627 0.369700537412 0.814378376653 1.22252685351 17.5114432179 0.842695441989 9.3719252482 5.63780620652 4.69960908583 0.519737917146 1.05325250909 2.81515373427 0.481899481623 2.08147060444 0.963258416012 0.687026981257 0.31258742269 7.26478096991 15.2287868856 1.64369592811 1.52489328188 1.50497774912 0.33978113682 3.68855550338 0.330541546834 2.98333228518 0.372723309411
-9999.0 -9999.0 -9999.0 -9999.0 -9999.0 -9999.0 -9999.0 -9999.0 -9999.0 -9999.0 0.823093229367 8.64180768378 0.759108481309 1.52316539626 2.19410226075 3.49577803056 0.671993797296 1.44303460447 0.71059141887 0.633085670101 0.596773756146 1.17467090105 0.518323032135 0.607143384846 1.21456813639 0.696043594566 170.061166323 171.128855362 172.619099011 1.64711628594 0.416267264807 0.829456362595 17.9651525047 17.1834817034 6.60751958148 0.473504759869 2.0576986568 1.54940640326 3.29868515509 0.96040696008 4.01673209533 1.44429191258 1.07811417816 0.244846809561 0.363454878461 15.671968702 16.0669707905 19.5562132142 2.58780534022 0.708019455773 4.06989540323 4.7717258926 8.08461569097 0.741479992145
-9999.0 -9999.0 -9999.0 -9999.0 -9999.0 -9999.0 -9999.0 -9999.0 -9999.0 -9999.0 -9999.0 0.502985196129 9.67196266083 0.778487835415 1.43717153472 6.22050647789 0.66764240828 0.651771814409 0.555052236794 1.23017871762 0.629532556307 2.4219625529 3.46015925869 3.91748339337 1.65545541718 2.09066612253 0.524889194109 0.661714469558 0.632447636211 175.277867717 176.506405378 18.3463813156 17.9719552871 17.5833851165 0.806673188955 0.388024886892 2.49586805102 6.68835757099 3.75537920492 1.40741312204 5.88399221682 2.26530417374 1.83986705082 0.464264917445 0.204289635242 0.17958730247 0.226275471991 20.840271347 24.6038240577 0.350718690977 0.323097189251 0.355815522281 8.43359665381 9.49775278676
-9999.0 -9999.0 -9999.0 -9999.0 -9999.0 -9999.0 -9999.0 -9999.0 -9999.0 -9999.0 -9999.0 0.443449702587 10.7131234524 13.0750789292 0.674834287688 7.53879142637 0.587654809368 0.546243324412 1.13676495638 2.97130452195 0.59051460754 0.645294618014 0.505634856317 4.91391109333 5.39270850748 8.00465276598 8.98249437851 9.48364451364 10.0029820806 10.5113235691 187.596754423 206.894558592 225.772439628 226.206694159 0.402118919998 0.388442319374 7.57156366387 7.13417660377 0.444949008762 0.446667429555 6.38212141785 9.12155970144 0.369604285586 4.96196441539 4.65989615915 1.14464094612 0.543541658422 0.930016710938 0.477989564168 25.366926125 0.388939718258 1.03553211147 1.32478091528 11.7993150779
-9999.0 -9999.0 -9999.0 -9999.0 -9999.0 -9999.0 -9999.0 -9999.0 -9999.0 -9999.0 -9999.0 0.899393192032 1.70164982077 13.837453044 15.0619138712 0.620814130636 8.74807256076 0.474909935932 1.49804686446 3.48704727161 1.11927098748 0.523871694871 1.11048233131 0.424724458893 0.817189930317 0.399756169294 0.362416147317 0.282141954267 0.267320497657 0.248081881422 0.268094149186 0.39453064455 0.520381728624 0.615729578622 227.645749105 9.07673073584 8.32025830294 0.346844637228 1.26990566748 0.30486071917 0.302983795081 9.54314745571 15.8459979719 5.47159258957 4.22102532606 0.713535174893 0.300514853078 0.260768900951 0.62039222092 26.3892068848 27.1147419881 0.382027521917 0.393608171306 0.354632643461
-9999.0 -9999.0 -9999.0 -9999.0 -9999.0 -9999.0 -9999.0 -9999.0 -9999.0 -9999.0 -9999.0 -9999.0 0.6706447722 10.5602858868 26.3024420169 28.4631508524 37.7972840942 38.4019312712 7.7472142551 5.67843214326 1.65773111664 0.50993926302 2.11790674327 2.59650382751 3.82904124553 0.833563557817 0.758430731748 0.691178956279 1.3599701089 0.637623918064 0.643474441979 0.308694702512 0.20363375182 0.242636777409 228.090100497 237.407049092 237.875200209 0.356027650434 3.4847357538 1.48134830966 0.455735440561 17.4054064779 1.14543398266 0.603003720604 2.60851408197 0.52012620692 0.414109144043 0.773087490899 1.08421691758 1.44418287612 27.7134611379 0.277291280844 0.235421318103 0.235557162347
-9999.0 -9999.0 -9999.0 -9999.0 -9999.0 -9999.0 -9999.0 -9999.0 -9999.0 -9999.0 -9999.0 0.79839812165 8.11622806212 9.82939595972 1.49990350903 0.511909750954 1.078423363 40.0436653679 40.5747271463 48.8968588861 0.440123228235 0.94206007595 0.39810194932 0.407848066785 4.24140031986 5.48527674592 6.61112094467 0.361562604615 1.73216755199 2.73103093002 1.65947561015 0.668510558208 0.487029681247 0.440941786225 0.486045456625 0.275838015601 238.249253279 238.533109035 242.596144661 0.760868272495 0.405633861513 17.8141102147 1.20178429822 0.635181552276 0.73244511929 0.726089998343 0.616198993203 1.08567822878 3.00447254789 4.85712646342 32.8703432217 0.205785907705 0.617181915179 0.419244681434
-9999.0 -9999.0 -9999.0 -9999.0 -9999.0 -9999.0 -9999.0 -9999.0 -9999.0 -9999.0 -9999.0 0.831591967156 5.87247590047 0.897835360103 0.707384956899 4.0368932998 4.6442205555 5.24318465766 5.75435521943 66.8151086047 67.3072814103 68.2398950701 75.4175696939 76.7081241845 77.4489619211 77.8862661162 85.3998074341 86.3950029093 86.8061971707 89.984984426 92.0931141444 92.4559045877 93.6052975734 0.780804352187 0.721479770825 0.165440121703 0.187090907014 238.859432112 243.999519921 1.12892604664 20.8012296269 20.4287724658 2.21249221619 0.51173503576 0.528505530615 0.49996573016 0.519078671157 1.05183560644 1.51207999605 0.454704085164 33.1498989907 33.452752813 34.7459879944 34.9888599481
-9999.0 -9999.0 -9999.0 -9999.0 -9999.0 -9999.0 -9999.0 -9999.0 -9999.0 -9999.0 -9999.0 3.11854119451 4.10314095473 1.82730166782 2.67024226803 0.823012479774 9.21492398508 9.86056750394 11.1449140448 11.6430174708 4.08629198478 73.1467733366 73.6453754472 0.449218561562 0.309641986643 0.276467130729 0.61913019099 0.29871294978 0.205569360053 0.178480236118 0.206086536083 92.7828505099 93.9682658622 95.1599066533 96.2288491983 96.9062164708 0.307739405078 0.0943001939526 265.750743652 21.4789776075 21.2126300835 0.431293934239 0.405599302494 0.36710999529 0.905376276591 0.877998318752 0.400746860368 0.403948498139 0.374488112149 0.814741674076 1.07739575176 0.191463545793 0.339461152297 0.143011768031
-9999.0 -9999.0 -9999.0 -9999.0 -9999.0 -9999.0 -9999.0 -9999.0 -9999.0 -9999.0 -9999.0 -9999.0 2.12486783434 0.961095825066 0.81810351691 7.91687116142 8.6067640826 0.690852527046 2.59479825162 3.19013017827 3.67900450705 0.574889068394 0.418340353196 10.8499809999 11.2025278757 11.5311878627 29.7696721676 30.0146247606 30.4210648348 32.8039108179 34.0094264846 34.1736237684 0.164128956245 0.17990040794 0.188189820365 97.325147507 0.169344446435 269.227032745 268.958809648 2.95752435379 2.60873187834 1.61144881034 0.403079743694 0.725596614342 1.28536722105 1.26000564739 0.775204414534 0.380117990777 0.746583352645 0.729140349706 1.38975212947 0.172021344574 0.509859612239 0.897754872452
