data/baseflow/History/mHMbfrc601
ncols                  80
nrows                 72
xllcorner      4374000.0
yllcorner      5656000.0
cellsize            500
NODATA_value       -9999
[rows 24 to 47 of 72, columns 0 to 54 of 80]
-9999.0 -9999.0 -9999.0 -9999.0 -9999.0 -9999.0 -9999.0 -9999.0 -9999.0 -9999.0 -9999.0 -9999.0 1.32394986755 3.75537858071 4.94978182223 8.54710978683 1.07323432364 2.17416905843 3.18552478017 12.1927099948 13.104111277 14.0064817192 14.8500366241 15.6829711045 23.3752608208 25.759467879 27.3627186551 0.733274915071 3.68463986426 4.3569221989 54.4132915647 57.2788747706 58.6013519158 59.9327652876 60.8905735855 219.253030477 0.299157501573 420.427923485 0.631636267591 0.332683427651 3.24743260082 2.75785570331 0.450306666722 1.4493925324 2.1990751224 2.15371637544 1.48533862724 2.42663499699 3.80240609403 1.36387554865 3.34356781951 0.304866242774 0.526542633305 0.0984283597723 0.0694699983639
-9999.0 -9999.0 -9999.0 -9999.0 -9999.0 -9999.0 -9999.0 -9999.0 -9999.0 -9999.0 -9999.0 -9999.0 1.27470410201 2.51830356442 1.19131940924 2.39411173349 1.07624163393 8.11874796558 10.1703404213 11.2092650454 0.943951466616 1.85540169541 17.5734467632 21.8110135738 22.5995855086 1.58033630853 1.67977229875 2.503780198 0.598076562554 0.549297554666 1.01355057271 0.384873661001 25.314424276 25.7445112123 26.1852098765 219.615814296 422.84461632 420.704266997 0.50496666496 0.257303011023 0.230792539869 1.03905297512 0.821218465642 1.92225952175 2.63487049891 5.22897072314 0.436976212338 0.433316047166 4.20216563886 4.62379102589 8.62203410193 8.81850508063 9.442833168 9.62203107151 0.210175282393
-9999.0 -9999.0 -9999.0 -9999.0 -9999.0 -9999.0 -9999.0 -9999.0 -9999.0 -9999.0 -9999.0 -9999.0 -9999.0 1.21077558116 2.43772291428 3.66269766798 5.8925185225 1.15631032422 1.05301168592 6.86177421733 7.81881172194 15.7967996916 16.725816383 2.62217860502 0.877246815605 0.798639624583 0.684093961275 22.4684676618 23.0045162082 23.5931544344 24.0781635997 24.9068980501 4.68928445555 4.92274509836 31.343788512 673.928687189 1.7432964225 1.38850511493 0.729197865883 0.190145106003 0.17624055148 1.46253132298 1.58622126288 2.27245019396 0.185166182717 5.47953903899 0.759912721961 0.749584344139 0.170376781887 0.102062973513 0.0808011329788 0.0603161807864 0.0776553780106 9.69935050675 126.458570443
-9999.0 -9999.0 -9999.0 -9999.0 -9999.0 -9999.0 -9999.0 -9999.0 -9999.0 -9999.0 -9999.0 -9999.0 -9999.0 -9999.0 1.20984164874 2.13978946653 2.93198087109 3.72304298037 4.76687170965 5.8384337535 3.10373853767 5.14750637593 0.928598974582 0.902050157454 18.5548024855 20.2653633303 21.042717569 21.8739164753 0.583428930635 1.08553472659 2.91667262003 3.71916625505 4.27903114788 0.31163200208 0.143505381518 674.580332379 0.295985427691 0.45016828682 0.284262466352 0.820475238045 0.356383001144 0.203396620955 3.9970610847 4.08315728394 0.076748245283 5.55954099453 6.49812828778 1.10306604756 130.14447566 129.797937581 129.582955575 129.276970152 129.171645828 127.063097007 126.956137671
-9999.0 -9999.0 -9999.0 -9999.0 -9999.0 -9999.0 -9999.0 -9999.0 -9999.0 -9999.0 -9999.0 -9999.0 -9999.0 -9999.0 0.204968256042 0.467520424493 0.789722971256 7.13660073766 8.21909799008 1.09105524848 1.04161793343 1.02953678731 14.9001448434 16.8432500004 0.919459890928 0.926721258778 0.74074846184 3.06556570762 3.79682333214 1.83175621435 2.4291302056 18.0929612973 18.6654895661 19.3938482273 30.8856911721 705.637680843 0.321101903132 0.212287965002 1.25663213369 0.999949798735 0.103975784811 0.422854898962 0.52864070552 4.18988438311 4.26864820467 10.9531171227 6.53726231131 1.18971069936 132.395675556 0.630486916741 129.425958173 129.355882561 1.99907483733 0.0476420240594 0.370678965763
-9999.0 -9999.0 -9999.0 -9999.0 -9999.0 -9999.0 -9999.0 -9999.0 -9999.0 -9999.0 -9999.0 -9999.0 -9999.0 -9999.0 1.02766426295 1.68450573314 3.53991550283 6.16602729032 8.9101839845 10.9295078204 11.9574644297 12.9993916424 13.9859517166 0.963003001051 0.861925094144 1.6961926122 1.5287845742 0.799243067519 15.7684022135 16.4812998508 17.1248247987 17.7375543181 10.1582880656 10.8718384713 11.339395093 705.781263618 0.534889538801 0.773557266069 2.20781059069 0.204910225873 0.199839585261 0.100634880655 0.0981080267726 0.616606906289 0.0637705956104 0.0677061694771 143.703717493 132.708858585 132.64800581 0.288099487146 0.56526216251 0.372531509189 0.0867793094361 1.88892454759 0.517772471785
-9999.0 -9999.0 -9999.0 -9999.0 -9999.0 -9999.0 -9999.0 -9999.0 -9999.0 -9999.0 -9999.0 -9999.0 -9999.0 -9999.0 0.713044809845 0.667862339666 1.31103110292 1.99316613191 1.0817072981 1.22823020691 2.30390197335 3.36204575432 5.33103115414 6.30367737193 7.13963980801 9.70996739896 10.4645351601 11.2893351569 0.789814979232 7.63877419522 8.27996427419 8.95764924124 0.638522635603 0.497216010332 0.773658172743 717.879684414 718.00612357 718.848003768 2.79817627296 0.434146688277 0.469549424664 0.16165540704 0.166704636699 0.686568440546 0.807613836536 0.118598432767 143.978908313 0.0811202275245 0.14862478831 0.172294431059 0.105885143668 0.221237170789 0.0865122357362 1.27265082077 1.04215443231
-9999.0 -9999.0 -9999.0 -9999.0 -9999.0 -9999.0 -9999.0 -9999.0 -9999.0 -9999.0 -9999.0 -9999.0 -9999.0 -9999.0 -9999.0 0.636512399364 1.25369274242 0.62496549581 1.30352715961 8.00553878865 8.89284119406 9.92193463745 0.984590559953 0.978740682556 1.81562818109 2.68412098187 4.15070543027 4.92861764023 5.43547707022 6.15600633148 0.585827601117 0.605064404847 10.2788087058 10.7555457425 10.9798875261 11.1767609886 8.6323014929 728.219177553 732.089749624 732.228944601 732.797421912 733.424410282 733.618524342 0.0513631112931 0.860604761963 144.016960833 0.106381151528 0.054728175478 0.05764613416 0.060210457017 0.108672025402 0.121497764086 0.0714366308035 0.11985882287 0.119905270416
-9999.0 -9999.0 -9999.0 -9999.0 -9999.0 -9999.0 -9999.0 -9999.0 -9999.0 -9999.0 -9999.0 -9999.0 -9999.0 -9999.0 -9999.0 -9999.0 1.85923642041 2.50465283355 4.43044816761 5.97284708804 0.835115061721 11.8522113072 12.8113629893 13.7257328657 0.865710270754 1.69840107996 0.719577583412 5.60325525663 6.04173824995 6.76059246537 7.55004992325 9.28458693896 9.65844852929 0.225196824236 7.93132788621 8.29860400599 8.46042755791 9.23417383078 0.942498872096 0.575074639573 0.346220524833 0.310463647115 733.988866079 734.032439781 735.17994723 144.0458002 0.306855419582 0.167094165624 0.108503380028 0.0403071924919 0.365669471919 0.204390714964 0.0638257784843 0.372887902039 0.32002918662
-9999.0 -9999.0 -9999.0 -9999.0 -9999.0 -9999.0 -9999.0 -9999.0 -9999.0 -9999.0 -9999.0 -9999.0 -9999.0 -9999.0 -9999.0 -9999.0 0.655997980073 3.14962106131 3.83066716788 0.899164149949 1.05620554701 2.12984337148 3.09944776941 17.7600256107 0.856384181025 3.44269305556 4.18866074475 4.91861540045 0.502917269563 1.1365043322 1.55118020638 6.28036001615 7.15037591006 7.32383389854 0.200402876711 0.187833624699 0.231345343284 0.433383144947 0.209613993551 0.222580149034 0.166722317083 0.230156697215 0.0813768056971 0.266095558104 735.234228984 879.42566709 0.540291667386 0.149481093985 0.0489708237064 1.2013633797 1.1124926715 0.683245839216 0.619412153058 0.47051336909 0.118236467397
-9999.0 -9999.0 -9999.0 -9999.0 -9999.0 -9999.0 -9999.0 -9999.0 -9999.0 -9999.0 -9999.0 -9999.0 -9999.0 -9999.0 -9999.0 0.55531758997 1.7977054291 0.589202722061 1.05418636242 1.15350536914 2.2103491981 3.25802480735 4.08666120273 22.436981223 23.2553040798 0.843486703123 1.59342468639 2.35700589809 2.87183781907 3.50894821606 5.70106398133 6.06634084582 0.645987805725 0.345830555829 0.152675545092 0.112268467944 0.319047774442 0.304203746001 0.371869119053 0.42047320936 0.757857498998 0.300921337237 0.0635834919573 0.0606729930354 0.0624342352572 0.116368857523 884.410236282 4.37317662304 1.41511884947 0.11141016498 0.0537043068866 0.0359787887438 0.143443311983 0.103463388885 0.0561853686783
-9999.0 -9999.0 -9999.0 -9999.0 -9999.0 -9999.0 -9999.0 -9999.0 -9999.0 -9999.0 -9999.0 -9999.0 -9999.0 -9999.0 0.587093796463 1.12887752983 4.049222105 0.557406193223 1.8692120452 3.00121934493 4.04974917574 1.0682908078 1.99376262189 2.7156224304 26.5059603352 0.798553413688 1.50388256381 2.2354421502 0.661669722192 1.32258070007 1.93474736667 2.31076863686 49.9726249293 50.7262419717 51.3813325344 53.7414387854 54.2646551198 55.6733103319 0.756628161182 1.56003537735 0.94940656454 60.0652011038 60.185534963 0.0549937195069 0.0996415590226 0.141858037511 884.420537516 4.14216954892 2.40593596891 2.32966246881 1.345150405 1.0480795173 0.188964271167 0.0424017497979 0.090807294572
-9999.0 -9999.0 -9999.0 -9999.0 -9999.0 -9999.0 -9999.0 -9999.0 -9999.0 -9999.0 -9999.0 -9999.0 -9999.0 -9999.0 0.598594675005 1.80900736033 6.44720917698 9.49645339202 0.487796081558 12.3828939366 17.0202906144 1.00158675861 1.91491992308 2.69342755872 34.0342101643 34.5972180693 0.596751632735 3.446246271 3.99557755563 4.58127129762 45.2613640313 46.6767510969 47.2654058035 0.263885367504 1.62643833174 1.90910321684 0.621244587063 0.867724250213 56.8809504269 58.7597089117 58.9115743547 59.0498789805 60.3164187843 0.0645833761902 0.054210052209 0.23702208289 884.442484746 0.235922436425 0.510413598876 0.927234072607 0.245407405378 0.96291833347 0.629967066401 0.376265989757 0.274376207515
-9999.0 -9999.0 -9999.0 -9999.0 -9999.0 -9999.0 -9999.0 -9999.0 -9999.0 -9999.0 -9999.0 -9999.0 -9999.0 -9999.0 -9999.0 -9999.0 1.25094474837 2.5104646113 11.2142219673 11.8312045092 17.5540742275 18.1468674145 0.964862948289 1.9268203789 4.36915824905 35.0601294948 36.2767755879 36.7430580481 0.349346442349 38.5461854811 40.090580476 0.880060326132 0.268330419646 0.527166553454 1.0018471956 0.227659518113 0.4262074107 0.905405496775 1.08544753878 0.190738618136 0.114374183615 0.217066863012 61.4353288845 61.7979075977 61.841157708 62.221142183 884.457467498 0.175162859577 0.431574139802 0.173700311619 0.172373786476 0.177140143798 0.151576688252 0.283401072003 0.0355648967162
-9999.0 -9999.0 -9999.0 -9999.0 -9999.0 -9999.0 -9999.0 -9999.0 -9999.0 -9999.0 -9999.0 -9999.0 -9999.0 -9999.0 -9999.0 -9999.0 0.651355565713 0.636066878388 0.61880502902 1.24454439287 0.531049445442 19.2051695352 19.7353450231 0.835644881651 1.69097092457 0.804504738252 0.601100384323 0.577985620533 37.8179249929 0.549678276704 1.11208263903 0.442945029009 0.296844258774 0.248257615364 0.176092487115 0.184913784004 0.556617004034 0.766092714047 0.134219699789 0.114230324785 0.246143762366 0.415995785775 0.593099979172 0.20150609255 61.9364199823 62.2671658651 884.460041159 0.921608154098 0.682378069809 0.107366727182 0.26092078262 0.0904840153846 0.0690425730449 0.358447413025 0.188429746604
-9999.0 -9999.0 -9999.0 -9999.0 -9999.0 -9999.0 -9999.0 -9999.0 -9999.0 -9999.0 -9999.0 -9999.0 -9999.0 -9999.0 -9999.0 -9999.0 -9999.0 -9999.0 0.625411473964 1.81132954488 2.29942271662 2.81509822515 20.2363522178 20.7460078376 21.2455122355 21.8429538782 22.404352441 23.5794642515 24.0773556307 24.6062957503 24.9729530915 0.266827364198 0.238800082586 0.248442307797 0.806799305355 0.211101581122 0.192858683981 0.144732166319 0.407320529984 0.158912668945 0.114457319208 0.105117926035 0.0846953866514 0.168998610138 0.242026849343 62.7599087666 948.144458809 0.0609547205196 0.101279947586 0.0892332530964 0.516049433194 0.60285084567 0.138746459413 0.704993452306 0.322197361278
-9999.0 -9999.0 -9999.0 -9999.0 -9999.0 -9999.0 -9999.0 -9999.0 -9999.0 -9999.0 -9999.0 -9999.0 -9999.0 -9999.0 -9999.0 -9999.0 -9999.0 -9999.0 -9999.0 0.515742366139 4.11322017927 8.03932703877 8.56808824719 0.788233678522 1.61648645673 2.48680601099 3.18785700197 7.83987065147 8.15479929016 0.298391798581 0.282271591428 25.7458137048 26.2968835287 26.5090597331 0.948117457927 0.115422774427 0.301095551507 0.441570614895 1.32042413265 1.62025096453 1.84037456669 0.20005323006 0.276639953205 0.0924443680456 0.184347533916 0.0916652661376 948.26442428 0.0445104689927 0.195976676415 0.125986818483 0.676699365416 1.63033704033 1.7948059462 2.52912172802 0.390344568892
-9999.0 -9999.0 -9999.0 -9999.0 -9999.0 -9999.0 -9999.0 -9999.0 -9999.0 -9999.0 -9999.0 -9999.0 -9999.0 -9999.0 -9999.0 -9999.0 -9999.0 -9999.0 0.579007290965 1.85006012025 3.61110222904 4.707199352 11.9208545337 12.5695653055 1.79710625743 2.67412568649 3.40584001156 4.10138868264 8.57786351036 9.22470670552 16.9457909578 17.5570504816 17.9707164025 26.7039166615 28.0791570586 0.288680368018 0.20198354779 0.187464330105 0.346640044551 0.152258097481 2.13500212131 2.24035804543 0.373241750967 0.589117171822 0.251505214855 183.90440237 184.097809999 1132.3987615 1132.61654579 0.0579436201975 0.797010861247 0.198673159932 0.11301708777 2.7868585454 3.22409973202
-9999.0 -9999.0 -9999.0 -9999.0 -9999.0 -9999.0 -9999.0 -9999.0 -9999.0 -9999.0 -9999.0 -9999.0 -9999.0 -9999.0 -9999.0 -9999.0 -9999.0 -9999.0 -9999.0 0.663295506885 0.641274347265 1.20691338459 2.84905736644 13.0954183988 0.921931531256 0.909956012031 1.63030221164 2.37579802631 6.02396202852 6.63994583828 0.461875012333 0.373137739067 18.2813771281 18.5037145352 46.9650344096 47.2522251919 0.0956779402209 0.0831165217454 0.0669074495057 0.0675625606359 0.0771492236105 181.590721053 182.250391437 182.931222026 183.323275688 183.732144784 0.106218306536 0.391102083024 0.448793183525 1133.15747712 1133.14658411 1133.12737168 1133.18219237 1133.28658972 3.44774788873
-9999.0 -9999.0 -9999.0 -9999.0 -9999.0 -9999.0 -9999.0 -9999.0 -9999.0 -9999.0 -9999.0 -9999.0 -9999.0 -9999.0 -9999.0 -9999.0 -9999.0 -9999.0 -9999.0 -9999.0 0.584113230303 0.613485910944 1.12962608762 15.2937213812 15.8380578876 0.895365890225 1.61746756506 2.37687362404 3.09187490158 0.670023998914 1.15573414423 38.2356272738 38.4981188211 38.9124977796 40.868893272 88.3028372176 177.275136631 177.521918892 177.733790734 177.93781086 178.930359713 179.249452506 0.578495517842 0.251995108586 0.149057462394 0.277651373387 0.196800307578 0.311715857327 0.091368739195 2.45844337458 2.77731344777 2.99338723253 3.01813075893 1133.27308579 1136.75409958
-9999.0 -9999.0 -9999.0 -9999.0 -9999.0 -9999.0 -9999.0 -9999.0 -9999.0 -9999.0 -9999.0 -9999.0 -9999.0 -9999.0 -9999.0 -9999.0 -9999.0 -9999.0 -9999.0 -9999.0 -9999.0 0.595214479102 1.1347938671 1.677797532 16.2829738579 0.593358408385 22.349204893 23.1354685079 23.8353682835 24.3942048536 36.1292163167 36.6352336537 0.245920156584 1.48589381045 1.75244773186 0.247005127881 88.7374553044 88.2982934474 0.127670174373 0.29862496559 0.810302114974 0.18217741388 0.189263135103 0.130745077794 0.106998794486 0.082309276285 0.0948793517493 2.16480286245 2.26120151655 2.38903831993 0.271627853974 0.179459747463 3.08618036558 3.11843913636 3.1370327271
-9999.0 -9999.0 -9999.0 -9999.0 -9999.0 -9999.0 -9999.0 -9999.0 -9999.0 -9999.0 -9999.0 -9999.0 -9999.0 -9999.0 -9999.0 -9999.0 -9999.0 -9999.0 -9999.0 -9999.0 -9999.0 0.539480507236 0.50124386455 2.60681182709 19.9285795754 21.0388447674 21.6274796623 0.760300330745 10.0212373815 10.7339291905 11.0618142554 0.466266751094 0.767681633852 1.00457585386 21.0272835056 21.2128506409 21.3676187218 88.023530143 52.5237586448 0.164521345889 0.174188481667 0.166531358971 0.123940402483 1.37057063478 1.61710678401 1.83159863209 1.94912934119 2.06169600178 20.1142327944 20.2175407362 20.4259564897 20.8161318146 21.8099637195 21.8360263811 24.9975368865
-9999.0 -9999.0 -9999.0 -9999.0 -9999.0 -9999.0 -9999.0 -9999.0 -9999.0 -9999.0 -9999.0 -9999.0 -9999.0 -9999.0 -9999.0 -9999.0 -9999.0 -9999.0 -9999.0 -9999.0 -9999.0 -9999.0 1.05114703553 1.60500864339 0.560325236559 0.916130804198 7.30505561404 8.08687368028 8.63290081779 4.20619723591 4.82711002459 5.42430638621 5.726332795 20.6037745217 20.8808412428 13.5908777967 35.1627589506 35.3503318949 52.3920118999 0.359773575311 0.183154576065 0.123028327078 0.966189530806 1.12895753009 0.0895074685506 0.0827302833721 19.7451384252 19.9481786028 20.0430161599 0.156801224692 0.260729860955 21.686763571 0.0465709606269 0.204505556282 0.224830773802
-9999.0 -9999.0 -9999.0 -9999.0 -9999.0 -9999.0 -9999.0 -9999.0 -9999.0 -9999.0 -9999.0 -9999.0 -9999.0 -9999.0 -9999.0 -9999.0 -9999.0 -9999.0 -9999.0 -9999.0 -9999.0 -9999.0 0.525718767729 1.03905124488 4.33111461496 4.9124225403 5.60024677019 2.99868809019 3.58422640844 0.644818155636 13.5785890107 14.1359293334 14.6127403602 0.329458787957 13.0831894509 13.3734646756 0.199764797205 51.4409064981 0.41867585777 0.208437352384 0.53254518805 0.716371662743 0.130227711832 0.104154233031 18.6503576272 19.5651213023 19.6842928965 0.12755931945 0.272126651134 0.339999770081 0.420045090266 0.747584663156 0.0763854636643 0.169552820994 0.0316074849312
