data/baseflow/History/mHMbfrc556
ncols                  80
nrows                 72
xllcorner      4374000.0
yllcorner      5656000.0
cellsize            500
NODATA_value       -9999
[rows 0 to 23 of 72, columns 0 to 54 of 80]
-9999.0 -9999.0 -9999.0 -9999.0 -9999.0 -9999.0 -9999.0 -9999.0 -9999.0 -9999.0 -9999.0 -9999.0 1.09822803291 0.880075597698 -9999.0 -9999.0 -9999.0 -9999.0 -9999.0 -9999.0 -9999.0 -9999.0 -9999.0 -9999.0 -9999.0 -9999.0 -9999.0 -9999.0 -9999.0 -9999.0 -9999.0 -9999.0 -9999.0 -9999.0 -9999.0 -9999.0 -9999.0 -9999.0 -9999.0 -9999.0 -9999.0 -9999.0 -9999.0 -9999.0 -9999.0 -9999.0 -9999.0 -9999.0 -9999.0 -9999.0 -9999.0 -9999.0 -9999.0 -9999.0 -9999.0
-9999.0 -9999.0 -9999.0 -9999.0 -9999.0 -9999.0 -9999.0 -9999.0 -9999.0 -9999.0 -9999.0 -9999.0 2.21586807559 4.64823371542 0.681577647037 -9999.0 0.650627696228 -9999.0 -9999.0 -9999.0 -9999.0 -9999.0 -9999.0 -9999.0 -9999.0 -9999.0 -9999.0 -9999.0 -9999.0 -9999.0 -9999.0 -9999.0 -9999.0 -9999.0 -9999.0 -9999.0 -9999.0 -9999.0 -9999.0 -9999.0 -9999.0 -9999.0 -9999.0 -9999.0 -9999.0 -9999.0 -9999.0 -9999.0 -9999.0 -9999.0 -9999.0 -9999.0 -9999.0 -9999.0 -9999.0
-9999.0 -9999.0 -9999.0 -9999.0 -9999.0 -9999.0 -9999.0 -9999.0 -9999.0 -9999.0 1.07274155311 1.02579061042 1.06971333483 1.055139427 6.59621149163 7.30066987267 1.78482271627 0.565445335337 -9999.0 -9999.0 -9999.0 -9999.0 -9999.0 -9999.0 -9999.0 -9999.0 -9999.0 -9999.0 -9999.0 -9999.0 -9999.0 -9999.0 -9999.0 -9999.0 -9999.0 -9999.0 -9999.0 -9999.0 -9999.0 -9999.0 -9999.0 -9999.0 -9999.0 -9999.0 -9999.0 -9999.0 -9999.0 -9999.0 -9999.0 -9999.0 -9999.0 -9999.0 -9999.0 -9999.0 -9999.0
-9999.0 -9999.0 -9999.0 -9999.0 -9999.0 -9999.0 -9999.0 -9999.0 -9999.0 1.04297627914 2.11235967359 4.18631877991 2.06711817988 1.00570075809 1.95932660126 8.22625164509 11.303898247 0.639370304975 -9999.0 1.00036882042 -9999.0 -9999.0 -9999.0 -9999.0 1.23910726929 0.631103093874 -9999.0 -9999.0 -9999.0 -9999.0 -9999.0 -9999.0 -9999.0 -9999.0 -9999.0 -9999.0 -9999.0 -9999.0 -9999.0 -9999.0 -9999.0 -9999.0 -9999.0 -9999.0 -9999.0 -9999.0 -9999.0 -9999.0 -9999.0 -9999.0 -9999.0 -9999.0 -9999.0 -9999.0 -9999.0
-9999.0 -9999.0 -9999.0 -9999.0 -9999.0 -9999.0 -9999.0 -9999.0 1.16480304771 3.3083403746 4.30534632121 5.32540244273 7.22579925301 0.944830684778 3.7914096155 4.68451603487 17.4121502787 0.756071382671 0.815208971909 1.88542807843 2.73785535716 0.886512339682 -9999.0 3.21380321611 2.63729094042 0.723066745324 -9999.0 -9999.0 -9999.0 -9999.0 -9999.0 -9999.0 -9999.0 -9999.0 -9999.0 -9999.0 -9999.0 -9999.0 -9999.0 -9999.0 -9999.0 -9999.0 -9999.0 -9999.0 -9999.0 -9999.0 -9999.0 -9999.0 -9999.0 -9999.0 -9999.0 -9999.0 -9999.0 -9999.0 -9999.0
-9999.0 -9999.0 -9999.0 -9999.0 -9999.0 -9999.0 1.23385232281 1.08450163345 1.03980997112 1.05678261428 1.05238478334 7.46067110805 15.6952873077 16.6887002391 17.5357195664 0.830399254012 19.0344883398 19.8555270582 1.71560550805 0.871832623601 3.57483540329 6.17648657024 0.847987403417 5.73876508158 0.922886221464 0.883044991685 0.976074973056 -9999.0 -9999.0 -9999.0 -9999.0 -9999.0 -9999.0 -9999.0 -9999.0 -9999.0 -9999.0 -9999.0 -9999.0 -9999.0 -9999.0 -9999.0 -9999.0 -9999.0 -9999.0 -9999.0 -9999.0 -9999.0 -9999.0 -9999.0 -9999.0 -9999.0 -9999.0 -9999.0 -9999.0
-9999.0 -9999.0 -9999.0 -9999.0 -9999.0 -9999.0 2.4737482933 3.6185214468 8.0256894511 11.1184610437 0.956024553708 1.00283095161 0.936896991847 2.72033023182 21.0708482057 0.778256737912 20.6267191791 23.954838958 2.60574341277 1.63866023445 6.96243657347 0.846812955165 6.58795739635 1.67070172444 0.839116027523 1.7148392741 1.92720638987 0.996636361987 1.00683957099 0.986415328294 1.03730392232 2.07735779325 -9999.0 -9999.0 -9999.0 -9999.0 -9999.0 -9999.0 -9999.0 -9999.0 -9999.0 -9999.0 -9999.0 -9999.0 -9999.0 -9999.0 -9999.0 -9999.0 -9999.0 -9999.0 -9999.0 -9999.0 -9999.0 -9999.0 -9999.0
-9999.0 -9999.0 -9999.0 -9999.0 -9999.0 1.28940918092 2.49991990035 1.1968110637 2.31390139249 12.2416277722 14.2587328474 16.2829055062 52.5201452826 0.900885992949 21.9434630296 81.5361418829 82.178426643 107.268149502 0.728945889872 2.41422615582 7.75322728208 0.78375586944 16.1574867224 8.74198614917 5.38726595647 4.53192301302 0.927417019278 2.94707740884 2.94894078196 1.96484986605 0.96281735563 3.06503905434 0.9617968438 0.950698721641 -9999.0 -9999.0 -9999.0 -9999.0 -9999.0 -9999.0 -9999.0 -9999.0 -9999.0 -9999.0 -9999.0 -9999.0 -9999.0 -9999.0 -9999.0 -9999.0 -9999.0 -9999.0 -9999.0 -9999.0 -9999.0
-9999.0 -9999.0 -9999.0 -9999.0 -9999.0 1.31029388264 3.82262837684 7.56121522292 8.71103344993 17.2498832622 18.3244486524 21.6577853376 35.3490657875 55.3024057178 57.1614450813 58.0080930607 1.49924001116 110.015243876 111.510228407 115.551140959 142.631422627 18.5683448624 17.0134457298 6.23318933114 0.845927399578 5.50369083577 3.79810460626 0.840418687251 3.83896198655 0.847420573375 1.84813376847 4.94027655107 5.8718346785 1.87224480596 0.917954027671 0.917502597478 -9999.0 -9999.0 -9999.0 -9999.0 0.635152075315 0.563781107694 -9999.0 -9999.0 -9999.0 -9999.0 -9999.0 -9999.0 -9999.0 -9999.0 -9999.0 -9999.0 -9999.0 -9999.0 -9999.0
-9999.0 -9999.0 -9999.0 -9999.0 -9999.0 1.2794183657 1.21999890662 5.05590925676 6.22048067233 7.41394528459 1.12771495478 2.23820388085 12.9371011804 2.22117887214 1.01990092792 0.928284264951 0.799760623684 0.941610980964 0.923964823253 0.881324026696 143.431068121 145.821112139 0.793027830218 2.46721519129 1.68529760039 6.30778751856 1.67537425208 0.803486761536 4.76741303628 1.70122052291 4.16772831616 10.3091668275 9.54063900619 2.74736575861 2.71984308556 0.935081159199 0.934720871724 -9999.0 -9999.0 0.945617504249 1.40844849983 3.14276259549 0.586857095878 -9999.0 -9999.0 -9999.0 -9999.0 -9999.0 -9999.0 -9999.0 -9999.0 -9999.0 -9999.0 -9999.0 -9999.0
-9999.0 -9999.0 -9999.0 -9999.0 -9999.0 -9999.0 1.31874865863 1.31256905766 2.5182304642 3.73950435036 8.46615609848 10.785496618 11.9233603834 1.18132819509 0.937985117342 12.6759360557 15.4275477179 16.290361407 19.9259609389 20.7585372702 0.822821770411 146.65045283 150.708568121 3.24102592096 0.656277593397 7.06889910596 15.8327484786 6.37311888874 1.6317491317 0.812512146996 16.0941942405 11.1493315465 0.808349674458 0.843814833673 3.5897835305 2.75771228482 0.852757689313 0.893859374762 0.918539983823 1.84877166612 0.895360556548 3.81713699091 4.63764304552 0.808697954116 -9999.0 -9999.0 -9999.0 -9999.0 0.903466087646 0.862274792679 0.270526954705 -9999.0 -9999.0 -9999.0 -9999.0
-9999.0 -9999.0 -9999.0 -9999.0 -9999.0 -9999.0 -9999.0 1.28747557772 1.16618745142 2.40847132535 3.60201088704 1.16688102243 1.07444033498 6.72961106069 8.7547604065 10.822148438 0.951897907291 1.90132381215 0.917259536537 21.6142005621 47.708326708 48.3040510706 200.512288714 0.803801852892 1.95668949746 0.624992917922 16.6050404907 0.802926314356 2.45848358853 0.795146852872 16.8878496284 17.6937684823 1.63368453504 1.65969368608 8.97954081338 4.50147217353 1.79359274857 0.931587518743 1.83489680734 2.75434118575 4.48195100989 0.807441996133 6.22395448101 6.97739555614 0.688875449711 0.734526003733 0.763559580719 0.699773206133 0.667167723449 2.5211390582 1.00316919256 0.609675849172 -9999.0 -9999.0 -9999.0
-9999.0 -9999.0 -9999.0 -9999.0 -9999.0 -9999.0 -9999.0 -9999.0 2.47142705781 3.60292168567 1.17463110339 2.37866710955 3.48794700607 5.70875780693 1.10255812584 1.06936843383 0.93324047951 0.943802721943 0.858268524479 24.3458166277 0.95088682548 1.86411711554 203.048812868 204.824544679 0.867988822612 3.69101034016 21.0515360929 1.56589877346 3.17031937522 1.45137087881 2.17226117867 20.7924521678 2.37947937362 12.967327351 10.579161096 0.810812058737 4.42520968728 1.79230677868 2.68708059297 0.8466125995 5.31417994121 6.92095586805 7.58830263149 8.22410153294 9.59491132135 1.32073375325 1.38846541268 1.28204855592 1.21090559158 3.16841029835 0.66124551752 2.28855406428 2.90189368643 -9999.0 -9999.0
-9999.0 -9999.0 -9999.0 -9999.0 -9999.0 -9999.0 -9999.0 -9999.0 1.26209076611 6.10304748536 7.25521828658 1.15312894726 2.24651717409 1.09223830279 1.01493070256 1.00045891473 12.4463668848 16.5110105376 20.119416423 23.6976410024 0.873117958695 0.929235222669 0.979199165584 208.940906704 210.829874472 211.644313176 28.2488469216 6.26319568085 5.45452030914 0.708120608707 2.88545994668 24.3660912536 0.740745480532 13.683902715 0.800574546156 5.71882804804 5.30556575907 0.849823267849 3.53514168441 1.69030687945 2.52221082433 0.754508585596 0.628278257821 8.85252295904 9.43486179629 10.1757103714 2.00914450193 1.87547697533 1.78972791336 3.86316022401 5.19779150429 0.66561193917 3.57270059008 0.698727979679 1.33734341996
-9999.0 -9999.0 -9999.0 -9999.0 -9999.0 -9999.0 -9999.0 -9999.0 -9999.0 1.27981805457 8.45216334698 9.59558444243 3.3552118109 5.53862421628 7.56922923163 8.58612678436 1.02297450125 3.13013056256 2.02849461674 1.03830005611 1.02719015054 0.934378910597 1.86148072884 3.25113224611 1.10502653204 241.803303535 242.694780668 0.833786554757 0.673834615895 1.42438327874 2.14382709664 26.5008451449 1.44151158428 14.3356013723 8.72165024039 7.22121151791 0.81253969392 1.64713892281 4.31946250967 0.781564854802 3.29130992476 1.49838592038 1.15016864383 0.562791878419 11.1261082238 21.7955247533 2.46151079907 2.33820543797 2.35973074628 0.576007497583 5.76944993444 0.558892526692 4.83188156075 0.629199908794 1.96824249964
-9999.0 -9999.0 -9999.0 -9999.0 -9999.0 -9999.0 -9999.0 -9999.0 -9999.0 -9999.0 1.1418865245 11.8750984153 1.09744477746 2.17421713292 3.16220924293 5.11014338135 0.988147659006 2.09772437848 0.997043365825 0.974601276533 0.927311107885 1.84188683313 0.825981054683 0.95536530863 1.93461424858 1.03693513344 243.58560214 245.269085017 247.779286948 2.86304720606 0.721153294342 1.43731168624 27.2451261692 26.6417752399 10.2874948321 0.767741794284 3.24528693661 2.44331268861 5.10578112135 1.56438546625 6.32706558588 2.25497636753 1.79574824783 0.442396538116 0.576407796925 22.4358311835 23.0168478288 28.3115549068 4.19072959728 1.17901624412 6.39034640744 7.55609570792 12.9622176977 1.24654572808 0.587880946526
-9999.0 -9999.0 -9999.0 -9999.0 -9999.0 -9999.0 -9999.0 -9999.0 -9999.0 -9999.0 -9999.0 0.610634052909 13.1967760986 1.09760060581 2.08334551501 9.16785655681 1.02243050057 1.014913752 0.962195226669 1.94836525118 0.943987618623 3.7219138101 5.38924812279 6.17391623713 2.6953982118 3.43902079474 0.891253382035 1.09008610649 0.91391527817 252.224563441 254.528874055 27.88224146 27.9220017377 27.2874420544 1.3383185022 0.677507762704 3.98224752224 10.5766907318 5.8590812438 2.31323907956 9.35927609366 3.95350828086 3.2734490059 0.90635752271 0.400248851659 0.36372434116 0.438221479082 30.3496237454 36.2924246487 0.566076814329 0.594299596176 0.597707131037 13.5518382599 15.3585976374 1.09383323246
-9999.0 -9999.0 -9999.0 -9999.0 -9999.0 -9999.0 -9999.0 -9999.0 -9999.0 -9999.0 -9999.0 0.582663335198 14.6081066937 17.9272728104 1.00112251317 11.1484128007 0.956947212413 0.953952112818 1.89498825765 4.78716942188 0.923736306861 0.960763559391 0.802822713949 7.79521139923 8.61734198822 12.8907086014 14.597541173 15.4781701176 16.3165937942 17.112857069 272.450745499 301.889400776 331.265605136 331.892672717 0.700653383419 0.719205295913 12.0536000554 11.3211143727 0.740418962702 0.726234947097 10.1094820405 14.7723894135 0.62589872523 7.35951145603 6.78060900593 1.88291527105 0.925225964185 1.49628030879 0.645455418223 37.3592030458 0.524353463237 1.69845124641 2.13722036747 19.0531444235 20.5647108164
-9999.0 -9999.0 -9999.0 -9999.0 -9999.0 -9999.0 -9999.0 -9999.0 -9999.0 -9999.0 -9999.0 1.1967578068 2.29176077876 19.0035318931 20.9252602953 0.958592169107 12.8548568337 0.850022257311 2.61805775768 5.64995533691 1.80196374278 0.875100283629 1.76288810363 0.753925466145 1.48765804582 0.741835010497 0.706643071989 0.634693525194 0.586499299773 0.578505579364 0.615684651983 0.799082041256 0.926235888917 0.99924025931 334.23058867 14.9124345267 13.3712477682 0.61519508427 2.1408095005 0.529881275264 0.49692430298 15.4536777943 24.8457819754 8.08334475249 5.90056418387 1.07279320504 0.476388263927 0.442785830595 0.987617838309 38.9083632105 39.9420297267 0.540349532328 0.545233148212 0.555993010181 0.445526220571
-9999.0 -9999.0 -9999.0 -9999.0 -9999.0 -9999.0 -9999.0 -9999.0 -9999.0 -9999.0 -9999.0 -9999.0 1.05140833651 14.0270455957 35.9636166085 39.0116614034 52.7391699468 53.4729252655 12.5412958089 9.23223135966 2.69270184417 0.86507285782 3.46139861632 4.27326647408 6.51354635404 1.51202435349 1.43933852152 1.3776445057 2.69148851551 1.29612339715 1.31944773799 0.646180718176 0.499109384765 0.602146214376 334.946282632 350.361908124 351.226266947 0.638790139745 5.89128665869 2.46877815999 0.736336564044 27.0284897048 1.5289044373 0.786630396265 3.30743193333 0.734513054742 0.648983156128 1.21308540541 1.7045869946 2.23785699712 40.8423368372 0.426612921345 0.373272317771 0.373607090197 0.319912264335
-9999.0 -9999.0 -9999.0 -9999.0 -9999.0 -9999.0 -9999.0 -9999.0 -9999.0 -9999.0 -9999.0 1.14159371552 10.6951323907 12.9623752701 2.07723031031 0.630700667803 1.48841445125 55.8689290846 56.6229672452 69.8870922162 0.800490215172 1.6586530424 0.748258240446 0.759945903223 7.25817048075 9.51344005759 11.6494400901 0.695080315901 3.38927200402 5.37096660955 3.30630206616 1.32151923801 1.11108926274 1.10507042869 1.12610297389 0.633660688244 351.829867068 352.318603614 359.290740697 1.28246245267 0.665314246454 27.4943139201 1.66749422704 0.848049559059 0.889773233435 0.880569692018 0.821297371377 1.509832552 4.21547265404 7.0173404485 48.2977098196 0.334090385015 0.994173423437 0.670474803064 0.587389218648
-9999.0 -9999.0 -9999.0 -9999.0 -9999.0 -9999.0 -9999.0 -9999.0 -9999.0 -9999.0 -9999.0 1.16319249646 7.38432456665 1.15563704811 1.02925496142 5.32092673032 6.23367306277 7.16503982889 8.03365586429 95.0035331243 95.7707510706 97.3570044581 109.122058219 111.431012131 112.788056539 113.554434995 126.90211942 128.808832882 129.5329303 135.656180615 139.707629169 140.389557706 142.797881707 1.7551574199 1.67735977006 0.464558644457 0.487773528936 352.906543335 361.724396705 1.92490850424 31.6430530443 31.0637487877 3.13147551643 0.749601105254 0.755999071719 0.748785766165 0.736284934051 1.48121739216 2.13652500057 0.639174482071 48.7160898599 49.163789295 51.2154887194 51.5858602942 52.5166643167
-9999.0 -9999.0 -9999.0 -9999.0 -9999.0 -9999.0 -9999.0 -9999.0 -9999.0 -9999.0 -9999.0 3.80357143073 5.02789386725 2.35473723938 3.45591659786 1.08702180817 12.4272730774 13.4281039217 15.3747239293 16.2183727181 6.46479142222 105.13261227 105.910996753 0.76808067271 0.595512133184 0.539313064834 1.18320932599 0.614388542734 0.491066930309 0.470946321749 0.520118544874 141.036276868 143.467949549 145.856091512 148.103116825 149.919102258 0.868603379077 0.302586777915 395.021972577 32.7512160082 32.2587959238 0.714646158466 0.666134576972 0.59537415343 1.37481493765 1.37027391011 0.664824114639 0.641262608013 0.612367175336 1.24787441432 1.68422752742 0.376296883118 0.714202080657 0.260603553245 0.198726332713
-9999.0 -9999.0 -9999.0 -9999.0 -9999.0 -9999.0 -9999.0 -9999.0 -9999.0 -9999.0 -9999.0 -9999.0 2.57126773765 1.20662592467 1.11489815845 10.4970953191 11.4973315897 1.04444600214 4.00694564202 4.92310626951 5.74848691204 0.938567832106 0.749757228939 16.5160817627 17.155797808 17.7755453447 45.7861773567 46.3019825984 47.228763175 51.8622000614 54.5946191169 55.0399141819 0.435875616025 0.451115172075 0.460171589375 150.706157332 0.390562020188 401.227921607 400.645327916 5.11089777902 4.52017802347 2.70071057805 0.666334012878 1.2145583642 2.02677815173 1.99154070774 1.30087973242 0.616401871499 1.21605380926 1.23060029444 2.23958321822 0.376098317286 1.14772440513 1.80265205713 2.22388659856
