data/baseflow/History/mHMbfrc239
ncols                  80
nrows                 72
xllcorner      4374000.0
yllcorner      5656000.0
cellsize            500
NODATA_value       -9999
[rows 24 to 47 of 72, columns 0 to 54 of 80]
-9999.0 -9999.0 -9999.0 -9999.0 -9999.0 -9999.0 -9999.0 -9999.0 -9999.0 -9999.0 -9999.0 -9999.0 1.52242393455 4.25286421727 5.55657598719 9.57975349962 1.20674927553 2.42787188506 3.56858909893 13.6093164895 14.6784667792 15.8170658509 16.8226685938 17.8519886264 26.5543685633 29.5105074593 31.4142589073 0.980574509118 4.47692748254 5.47005581476 64.3211941629 68.2259865386 69.985546448 71.7738523118 73.2140270076 251.714433091 0.164083416403 472.478311518 1.16408595907 0.615390678899 4.30831084074 3.55840155916 0.64756971503 1.94195394701 2.90357804344 2.86362197617 2.012977363 3.30426607833 5.24039172717 1.96325546306 5.00623410925 0.545552581945 1.03826636553 0.234637776457 0.178455376161
-9999.0 -9999.0 -9999.0 -9999.0 -9999.0 -9999.0 -9999.0 -9999.0 -9999.0 -9999.0 -9999.0 -9999.0 1.442028157 2.84909569314 1.3241660004 2.68262477976 1.1992152766 9.04157185649 11.3396673773 12.5193699318 1.07448852872 2.13094916967 19.7813527551 24.7533375695 25.6950704983 2.03452000659 1.77877965696 2.70097539037 0.898827740613 0.827006825399 1.55072152067 0.574291665464 29.5471435334 30.1214566305 30.4660720147 252.128455512 476.104094197 472.986353872 0.934544999563 0.458282803705 0.415748847057 1.7118054781 1.30567676606 2.65171680491 3.53987760083 7.02695790603 0.630209921285 0.628353968639 5.86739398857 6.52546748673 12.6751270155 13.0741040963 14.3438678442 14.7699644538 0.366806599097
-9999.0 -9999.0 -9999.0 -9999.0 -9999.0 -9999.0 -9999.0 -9999.0 -9999.0 -9999.0 -9999.0 -9999.0 -9999.0 1.3778987008 2.73556865719 4.09073760669 6.57467565155 1.29688783603 1.18294222595 7.51775127834 8.59086212849 17.6645682614 18.7468163774 3.08590387186 1.06181382241 0.985278848968 0.88437165593 25.1761350269 25.9703802845 26.8748771363 27.6676962936 28.9545361985 6.2079666469 6.59125682615 37.3342019438 765.749064192 2.75711059758 2.28354906812 1.33796266034 0.341340301563 0.33461171692 2.50766854511 2.76238666307 3.38752477587 0.391451905518 7.52934060983 1.20601749796 1.19699813225 0.367687269688 0.227840330004 0.186369670394 0.130464626935 0.192748366711 15.0368483034 221.408555149
-9999.0 -9999.0 -9999.0 -9999.0 -9999.0 -9999.0 -9999.0 -9999.0 -9999.0 -9999.0 -9999.0 -9999.0 -9999.0 -9999.0 1.32531183311 2.29508508085 3.12637851986 3.97421739689 5.15958740112 6.37626333926 3.54617647042 5.84275718143 1.07846958468 1.04868054492 20.3456113096 22.404658869 23.3577778875 24.3775867289 0.807895491004 1.54421765194 4.00245480503 4.90644316116 5.65810695019 0.497023112533 0.241984516177 766.702854506 0.441827516101 0.542501407477 0.265613220369 1.31471246382 0.658365870996 0.24551638113 6.4180381305 6.5687188968 0.150070568161 7.6813902075 9.08633226335 1.42479175488 230.675398642 230.149173969 229.73517955 229.055604654 228.838411324 223.054005777 222.900211328
-9999.0 -9999.0 -9999.0 -9999.0 -9999.0 -9999.0 -9999.0 -9999.0 -9999.0 -9999.0 -9999.0 -9999.0 -9999.0 -9999.0 0.208286890845 0.473534608945 0.820058574998 7.40677607548 8.6458456258 1.24398851782 1.19470549508 1.15846957134 16.0936478095 18.2993786161 1.0711513672 1.10563331397 0.936523418438 3.81111827248 4.74418396402 2.50874718673 3.30614621883 21.914803808 22.7026146757 23.7603782669 38.2736599206 805.181062597 0.392074086403 0.216020818931 1.94459164165 1.64673971327 0.208963607589 0.675378330488 0.876765841393 6.77672367021 6.93415875106 16.4736588037 9.24433698569 1.73619562443 234.979202609 1.57452813509 229.385413377 229.230265789 5.53164134195 0.287244146731 1.30190500852
-9999.0 -9999.0 -9999.0 -9999.0 -9999.0 -9999.0 -9999.0 -9999.0 -9999.0 -9999.0 -9999.0 -9999.0 -9999.0 -9999.0 1.06661385505 1.74355534655 3.6470204585 6.34860592449 9.3815444259 11.5335352206 12.7183992162 13.9082305061 15.0474023109 1.0924226637 1.0214306234 2.01632219642 1.9062383684 0.987678979629 18.8540981811 19.7651674801 20.6046581223 21.4262380097 13.0099256067 13.7557993309 14.2606866022 805.347842734 0.678497790857 0.489358322452 2.69417586242 0.331737875528 0.351549847815 0.171322867311 0.18637013959 1.03574181279 0.128685457916 0.137359960764 252.209833882 235.660554738 235.545945525 0.672731866258 1.41760277272 0.956606901463 0.246190262117 5.12075883916 1.50148715671
-9999.0 -9999.0 -9999.0 -9999.0 -9999.0 -9999.0 -9999.0 -9999.0 -9999.0 -9999.0 -9999.0 -9999.0 -9999.0 -9999.0 0.745396053842 0.687849316475 1.34643033128 2.05240600533 1.11978487831 1.31849801237 2.52615624284 3.71793614065 5.97979116807 7.10542685204 8.15734245178 11.2456548909 12.2091471631 13.2348562502 0.935541898789 9.45990799987 10.343076641 11.2956594988 0.93618135239 0.698274282023 1.12485776562 821.020019598 821.176221409 822.189252966 3.64026316469 0.686569099814 0.573117586053 0.171318905941 0.327435483549 1.17690050898 1.42742980214 0.249936025018 252.791819576 0.178030967142 0.357019118878 0.423139756681 0.258523090829 0.55092336798 0.217229454149 3.3230285645 2.76711928581
-9999.0 -9999.0 -9999.0 -9999.0 -9999.0 -9999.0 -9999.0 -9999.0 -9999.0 -9999.0 -9999.0 -9999.0 -9999.0 -9999.0 -9999.0 0.647088829691 1.27314819844 0.619748789382 1.28681238601 8.25094212078 9.24792469683 10.4333132071 1.12210985527 1.12609276875 2.18290707198 3.23265530584 5.14701581239 6.11156292991 6.7096821892 7.60920233949 0.790909963039 0.812591191106 13.1263433449 13.7562520453 14.0878945751 14.3705491919 11.8949100055 835.233550376 840.563796592 840.786307161 841.556537181 842.61117691 842.992183868 0.117192921694 1.54255141821 252.872318522 0.267727009003 0.137945650977 0.123208849926 0.117405890813 0.219782309819 0.277558727785 0.166380856707 0.281933278405 0.302537397217
-9999.0 -9999.0 -9999.0 -9999.0 -9999.0 -9999.0 -9999.0 -9999.0 -9999.0 -9999.0 -9999.0 -9999.0 -9999.0 -9999.0 -9999.0 -9999.0 1.89095240014 2.56262532656 4.56900169358 6.22807670125 0.911961740872 12.6155257642 13.7321182779 14.8460472098 1.09730353868 2.15718435168 0.965509312454 7.2143593871 7.78290291616 8.62810532038 9.50443212354 11.7889298868 12.2926583874 0.301324911655 10.8486660319 11.4043298085 11.6373701127 12.8742977733 1.51751959473 0.944129579514 0.601540640594 0.58838626089 843.434165694 843.540633229 846.111782826 252.94315789 0.735489471228 0.378331048854 0.239664327516 0.0922483983161 0.809429326238 0.468370667601 0.14907835756 0.905807778982 0.782368747845
-9999.0 -9999.0 -9999.0 -9999.0 -9999.0 -9999.0 -9999.0 -9999.0 -9999.0 -9999.0 -9999.0 -9999.0 -9999.0 -9999.0 -9999.0 -9999.0 0.679734716392 3.23279265905 3.94554748854 0.986935471126 1.21477679333 2.43573229608 3.58025002404 19.5498506302 1.08284748905 4.35000055789 5.34036186473 6.32009553577 0.591299882218 1.39371020846 2.02833976358 8.53306530186 9.79444485229 10.0122337519 0.268397274741 0.301281718404 0.400957050207 0.739497914604 0.340390168862 0.362611366529 0.512012057999 0.505020806126 0.513298902986 0.979488074781 846.248575426 1099.57129328 0.889372809006 0.239512730875 0.0842736858593 2.7773784133 2.57400746341 1.62079734843 1.47758845794 1.13490576431 0.288120508238
-9999.0 -9999.0 -9999.0 -9999.0 -9999.0 -9999.0 -9999.0 -9999.0 -9999.0 -9999.0 -9999.0 -9999.0 -9999.0 -9999.0 -9999.0 0.557736267733 1.8477921932 0.610987267117 1.21098516617 1.35323710318 2.5847527102 3.76608452824 4.71490336732 24.9288215942 25.9854959328 1.08618835431 2.09023482144 3.09896960701 3.84525522362 4.74455264283 7.74070911224 8.24050316327 0.960580665965 0.590958643427 0.505307134145 0.49352857232 0.534768461411 0.581798417053 0.51847165711 0.699995029207 1.5790700983 0.732077675346 0.146833518983 0.13816993035 0.16833005154 0.316563150282 1109.88870911 9.21477841256 3.14891331285 0.175410403369 0.0734130701966 0.0718519380437 0.323053781998 0.243432738831 0.136414396399
-9999.0 -9999.0 -9999.0 -9999.0 -9999.0 -9999.0 -9999.0 -9999.0 -9999.0 -9999.0 -9999.0 -9999.0 -9999.0 -9999.0 0.59601031338 1.1349587449 4.1320987098 0.578435921902 2.13860692527 3.46953936066 4.72551366149 1.26784765343 2.39865280156 3.23929629954 29.8547739456 1.04005879022 1.99337660704 2.95402268513 0.898221968453 1.80030262444 2.72351840613 3.25181827098 63.2557944522 64.3288014422 65.2270548079 68.9432010918 70.566962183 73.5796335576 0.700195690594 1.67892789465 1.90384925877 81.4685364097 81.7634073027 0.126870503908 0.251450746527 0.368771979282 1109.91843263 8.6667012777 5.30621576375 5.2190854907 3.21377567384 2.41993902685 0.425807128969 0.090474691114 0.212378531756
-9999.0 -9999.0 -9999.0 -9999.0 -9999.0 -9999.0 -9999.0 -9999.0 -9999.0 -9999.0 -9999.0 -9999.0 -9999.0 -9999.0 0.617272321461 1.85328591177 6.59213711378 9.72437846007 0.503146306481 12.7763496035 18.1508238501 1.2101207901 2.33495401341 3.25843985909 39.0907719215 39.8007950155 0.860263932833 4.69768749827 5.50695470397 6.33400844851 55.7593069632 58.2507277831 59.3382793206 0.482207450516 2.72442585363 3.22898480204 1.32738010875 1.91448909758 76.1700977343 78.607458023 79.0141367003 79.3855120096 82.1290568521 0.180857932942 0.154292349689 0.637512938052 1109.94318164 0.129753765503 0.640813637825 1.93439978363 0.730082064965 2.28426868584 1.35252849021 0.802162544039 0.610579649599
-9999.0 -9999.0 -9999.0 -9999.0 -9999.0 -9999.0 -9999.0 -9999.0 -9999.0 -9999.0 -9999.0 -9999.0 -9999.0 -9999.0 -9999.0 -9999.0 1.29188815561 2.58822456186 11.5098860435 12.1671563898 18.7147417525 19.3693154949 1.18300909836 2.36015272593 5.44540211132 40.3614044474 42.1258012778 42.8570581035 0.594091112461 45.7998586946 48.532892833 1.62040343485 0.490171166552 0.963050170355 1.85519516483 0.435145672238 0.849885027658 1.83635589458 2.26901149895 0.422482621044 0.25706973791 0.497863774019 84.2528250762 84.9738346869 85.0970836869 86.1007049413 1109.95634706 0.072650047564 0.456710818964 0.545811082867 0.524049457646 0.537494495597 0.466309074573 0.875547600436 0.0616506947058
-9999.0 -9999.0 -9999.0 -9999.0 -9999.0 -9999.0 -9999.0 -9999.0 -9999.0 -9999.0 -9999.0 -9999.0 -9999.0 -9999.0 -9999.0 -9999.0 0.674486852002 0.65641390814 0.647898924499 1.35040881023 0.579555705301 20.5193223346 21.1177387136 1.02866714711 2.12715051364 1.12852490889 0.92163787858 0.890148302915 44.5820846785 0.967727788664 1.99426288662 0.783454495585 0.538974560011 0.459289583615 0.342698027451 0.359002378493 1.09657867398 1.50996670856 0.277394991973 0.23603282536 0.510241871602 0.861446125402 1.24711676958 0.407793441601 85.331014854 86.228230624 1109.93354253 1.21150784358 1.07264250779 0.343932753423 0.804506371618 0.286293259949 0.226450572353 1.11995029545 0.357673270822
-9999.0 -9999.0 -9999.0 -9999.0 -9999.0 -9999.0 -9999.0 -9999.0 -9999.0 -9999.0 -9999.0 -9999.0 -9999.0 -9999.0 -9999.0 -9999.0 -9999.0 -9999.0 0.648866813664 1.93540730198 2.441803047 2.99895834059 21.6659128923 22.2212311256 22.7932230054 23.5512581065 24.4096634373 26.1992498249 27.066086235 28.0120739882 28.6908185066 0.472678890481 0.439645173555 0.456929523249 1.54109195676 0.407869750891 0.382225390734 0.29116324032 0.834325179018 0.325214355424 0.239017650833 0.219738058894 0.186178000974 0.371405116385 0.530059180136 87.2909541266 1198.4208301 0.061205348493 0.141853475427 0.292458695106 1.10502691095 0.60590400584 0.454888511069 1.77041268185 0.602206261237
-9999.0 -9999.0 -9999.0 -9999.0 -9999.0 -9999.0 -9999.0 -9999.0 -9999.0 -9999.0 -9999.0 -9999.0 -9999.0 -9999.0 -9999.0 -9999.0 -9999.0 -9999.0 -9999.0 0.526229112203 4.28925659961 8.45183411753 9.04950791418 0.927250837872 1.96451507437 3.06544568632 4.02680194247 10.1802678146 10.7340426527 0.524063692532 0.518237460774 29.6669156192 30.53280475 30.9366600963 1.83196104287 0.245851161733 0.657795092369 0.954502214874 2.83019799299 3.44901960573 3.90974984359 0.418834060372 0.578799723649 0.193681514263 0.379924351216 0.194068583764 1198.65586084 0.0554146846267 0.247531419781 0.366595326994 1.54960340412 2.43965145979 2.93151930192 4.73847647005 1.01461340047
-9999.0 -9999.0 -9999.0 -9999.0 -9999.0 -9999.0 -9999.0 -9999.0 -9999.0 -9999.0 -9999.0 -9999.0 -9999.0 -9999.0 -9999.0 -9999.0 -9999.0 -9999.0 0.60197416039 1.93459647805 3.77315211253 4.91308601152 12.5755212756 13.3227231451 2.27829629468 3.37331444661 4.33823947827 5.30961393972 11.4994348648 12.6431368707 23.5542130531 24.4687772494 24.9403833859 31.3230125857 34.0806346517 0.623313807493 0.442961108256 0.414105993088 0.777401545616 0.337989941809 4.54548335034 4.76648580919 0.760355735976 1.06512653909 0.220295445314 257.189416236 257.566496864 1456.28656898 1456.50505018 0.0582933150755 1.67899142716 0.0841224391376 0.0791104452496 4.94192803736 6.03688453844
-9999.0 -9999.0 -9999.0 -9999.0 -9999.0 -9999.0 -9999.0 -9999.0 -9999.0 -9999.0 -9999.0 -9999.0 -9999.0 -9999.0 -9999.0 -9999.0 -9999.0 -9999.0 -9999.0 0.698143695456 0.677246654823 1.26785020952 2.99636294619 13.8871817004 1.16667139883 1.14996787259 2.13073888745 3.11515977857 8.17570136693 9.14010087913 0.719039884621 0.581943157874 25.5488151073 25.9611421291 60.4790779455 60.8670865363 0.213620638611 0.185613066781 0.151315366507 0.152833061364 0.167474942745 252.702765354 254.080818758 255.486180588 256.028381943 256.939771217 0.218504700234 0.794184397 0.939444953912 1457.60203232 1457.53043259 1457.59096548 1457.76792653 1457.90210738 6.22928694444
-9999.0 -9999.0 -9999.0 -9999.0 -9999.0 -9999.0 -9999.0 -9999.0 -9999.0 -9999.0 -9999.0 -9999.0 -9999.0 -9999.0 -9999.0 -9999.0 -9999.0 -9999.0 -9999.0 -9999.0 0.611271962167 0.645038946758 1.18902669747 16.2129538618 16.8428454334 1.13433283892 2.1131180503 3.11088580708 4.14657351818 0.987979878982 1.71942916821 45.2421104619 45.7240855687 46.2844325123 50.1957910243 111.569724637 243.667200815 244.194156194 244.658280504 245.099087343 247.09322472 247.730724553 1.15095197832 0.503642288115 0.302221322724 0.563272223683 0.393336746199 0.629400427844 0.193033346102 4.67427558733 4.9520897357 5.16387339517 5.23214842575 1457.86304273 1464.17488056
-9999.0 -9999.0 -9999.0 -9999.0 -9999.0 -9999.0 -9999.0 -9999.0 -9999.0 -9999.0 -9999.0 -9999.0 -9999.0 -9999.0 -9999.0 -9999.0 -9999.0 -9999.0 -9999.0 -9999.0 -9999.0 0.625630635813 1.1973396356 1.77342403558 17.3229522272 0.755038066135 24.2905217025 25.3278061018 26.3568278153 27.1478045553 42.1289847661 42.8568426834 0.550153709376 2.81955148617 3.42742455991 0.507565442471 131.584396215 130.694899312 0.26017756475 0.60431389511 1.6119806027 0.358485755514 0.366179606395 0.254595728232 0.206648415658 0.157892585284 0.183608098542 4.08470507649 4.2750891505 4.50894702538 0.169967700661 0.142416624374 5.30635278761 5.38352490842 5.43406355106
-9999.0 -9999.0 -9999.0 -9999.0 -9999.0 -9999.0 -9999.0 -9999.0 -9999.0 -9999.0 -9999.0 -9999.0 -9999.0 -9999.0 -9999.0 -9999.0 -9999.0 -9999.0 -9999.0 -9999.0 -9999.0 0.562389760019 0.526406184232 2.7483155694 21.231073012 22.565633822 23.3136676099 1.07887778497 12.6722137681 13.7193697925 14.1897734467 0.700119960413 1.29720062601 1.78880039693 31.7831736703 32.1495021356 32.4623929557 130.138794789 74.8092521936 0.330752631436 0.342587006072 0.328324423843 0.24188176985 2.55097235399 3.02654117341 3.43943221207 3.66704729753 3.88506715623 33.3177904863 33.467953951 33.7320149706 34.4180433806 36.4306347142 36.4942539089 41.9945908963
-9999.0 -9999.0 -9999.0 -9999.0 -9999.0 -9999.0 -9999.0 -9999.0 -9999.0 -9999.0 -9999.0 -9999.0 -9999.0 -9999.0 -9999.0 -9999.0 -9999.0 -9999.0 -9999.0 -9999.0 -9999.0 -9999.0 1.10380250696 1.69571325304 0.642558473653 1.17127183165 8.53921829673 9.68428920036 10.5975773383 6.25474305053 7.31611703707 8.31891202859 8.89629740574 30.9510380474 31.4777971476 21.8040910416 54.660728289 55.0253390872 74.5370175111 0.680347304736 0.341815346204 0.231555643944 1.78025270566 2.07937200078 0.164302794622 0.151137572282 32.631725645 33.0039610496 33.1790906591 0.319396653022 0.48781442044 36.1537432536 0.171862280727 0.483422331701 0.534990159192
-9999.0 -9999.0 -9999.0 -9999.0 -9999.0 -9999.0 -9999.0 -9999.0 -9999.0 -9999.0 -9999.0 -9999.0 -9999.0 -9999.0 -9999.0 -9999.0 -9999.0 -9999.0 -9999.0 -9999.0 -9999.0 -9999.0 0.557378640564 1.10147705999 4.74226335351 5.41870031034 6.31369323722 4.23029269339 5.18651755146 1.11554339085 19.6029196205 20.634221196 21.5444492856 0.634558902688 20.833853287 21.3843786615 0.38816802747 72.7207285414 0.800412141146 0.399145665389 0.971350331907 1.31435781674 0.240735069012 0.191941131841 30.6935436335 32.3056089417 32.5225550148 0.235677946912 0.485178344411 0.61334823589 0.739664852163 1.50506317573 0.176142083107 0.397502895037 0.0806579915336
