data/baseflow/History/mHMbfrc423
ncols                  80
nrows                 72
xllcorner      4374000.0
yllcorner      5656000.0
cellsize            500
NODATA_value       -9999
[rows 24 to 47 of 72, columns 0 to 53 of 80]
-9999.0 -9999.0 -9999.0 -9999.0 -9999.0 -9999.0 -9999.0 -9999.0 -9999.0 -9999.0 -9999.0 -9999.0 1.23892399753 3.52560292947 4.62435525739 7.97611784247 1.01439338274 2.03990759817 3.01337038018 11.5896971622 12.4463012183 13.1583359057 13.9979927682 14.8517026708 22.6961994198 25.1639474844 26.5601762826 0.618201121327 3.28448667353 3.84763822278 52.1096725251 54.5893953226 55.6128991428 56.6400190385 57.5977437794 210.192622943 0.205266363918 407.088929949 0.767198031382 0.369120375355 3.5130812711 3.00595426874 0.507962680448 1.63266486206 2.33345152858 2.30072021035 1.62924883774 2.68520538389 4.25031521285 1.59537733173 3.95342728788 0.40143444805 0.641152565576 0.113271661714
-9999.0 -9999.0 -9999.0 -9999.0 -9999.0 -9999.0 -9999.0 -9999.0 -9999.0 -9999.0 -9999.0 -9999.0 1.17995923376 2.35443736775 1.11203490257 2.24454024768 1.02944407642 7.65247714542 9.62839024216 10.6398718716 0.931679036534 1.80732098451 16.9770219419 21.1632415786 21.9463405672 1.68055306306 1.54017064154 2.25431062028 0.519805469363 0.488076082846 0.919194842846 0.41969895645 25.4491508122 25.9260139884 26.2559190928 210.655633913 409.990182427 407.47323379 0.572847779571 0.260626953711 0.23093153391 1.11554532115 0.879057327866 2.08594223083 2.83914635898 5.6764900776 0.52774870728 0.527560078826 4.72912799647 5.21871678034 10.0329272771 10.2880557715 11.0419337628 11.2520988003
-9999.0 -9999.0 -9999.0 -9999.0 -9999.0 -9999.0 -9999.0 -9999.0 -9999.0 -9999.0 -9999.0 -9999.0 -9999.0 1.15937361866 2.29680750171 3.43171438228 5.54529652744 1.09126472218 1.00971501104 6.66147628907 7.58778087628 15.3107848267 16.2190892896 2.6020396599 0.882214160429 0.835913524384 0.749566930218 22.5739951232 23.1475553504 23.6852763178 24.1294496344 24.9894812304 4.75255428425 5.11828157435 31.6547954279 652.561320365 2.0942990161 1.63072868794 0.851836252952 0.22812582855 0.19907637747 1.5592957034 1.71277002864 2.49684680848 0.215858623618 5.98432316463 0.942374704886 0.931550405533 0.204007638769 0.126153215307 0.0990632928852 0.0945192210534 0.094029241575 11.3856124029
-9999.0 -9999.0 -9999.0 -9999.0 -9999.0 -9999.0 -9999.0 -9999.0 -9999.0 -9999.0 -9999.0 -9999.0 -9999.0 -9999.0 1.10533710103 2.01058027981 2.81398460385 3.63520924229 4.64654554306 5.67789654949 3.00761659911 4.96799631624 0.911913172987 0.8973505238 18.5467675371 20.2539813813 21.0512549376 21.8999990966 0.66538639785 1.22919116111 3.16714680464 3.75794295104 4.28298142153 0.443631421617 0.257791962289 653.618687531 0.436431973 0.458159969905 0.218868437286 0.95817111858 0.463988311318 0.200042448407 4.40191464477 4.54356902369 0.123351166229 6.11463490651 7.17667049599 1.07840827937 133.867663602 133.552647044 133.303311551 132.853524548 132.670064202 130.166865297
-9999.0 -9999.0 -9999.0 -9999.0 -9999.0 -9999.0 -9999.0 -9999.0 -9999.0 -9999.0 -9999.0 -9999.0 -9999.0 -9999.0 0.212571022103 0.482212490834 0.807093054463 7.4560905402 8.5089585035 1.05566283535 1.00447851883 0.987330860826 15.0100271885 16.8513569981 0.874463304142 0.899581731761 0.779352209404 3.18983460024 3.96534347221 2.02220693516 2.60084082553 18.171629054 18.807165207 19.7623092187 31.2362104472 685.135237018 0.39511437414 0.18756285331 1.47600481886 1.22712002439 0.177892005897 0.559344554778 0.718718490422 4.70887362615 4.84042689889 12.4068468876 7.32271598788 1.28654456387 136.7825313 0.986132960313 133.091943036 132.977948787 2.33805809569 0.209093239611
-9999.0 -9999.0 -9999.0 -9999.0 -9999.0 -9999.0 -9999.0 -9999.0 -9999.0 -9999.0 -9999.0 -9999.0 -9999.0 -9999.0 1.07080334498 1.76573527029 3.70025581302 6.48119916512 9.24148576694 11.1793226968 12.1821951329 13.1831662598 14.1300633028 0.910182976443 0.840983286088 1.6642204079 1.58836822588 0.818833315942 15.6632976637 16.4269133497 17.1410953539 17.8197192511 10.1872762236 10.7441282983 11.209167237 685.373246604 0.689409445657 0.439437882143 2.12151279074 0.270134569942 0.309230305171 0.154959664002 0.14975945895 0.857656201902 0.110706615259 0.116572575644 149.787250809 137.285537087 137.165968757 0.41638344033 0.869789905606 0.568760298841 0.136321205749 2.03244266182
-9999.0 -9999.0 -9999.0 -9999.0 -9999.0 -9999.0 -9999.0 -9999.0 -9999.0 -9999.0 -9999.0 -9999.0 -9999.0 -9999.0 0.743134884236 0.709247717115 1.39513823933 2.10164525475 0.993308059394 1.10875643699 2.1284965785 3.13991314299 5.02913966174 5.96543300867 6.8108557945 9.33875755253 10.1218953271 10.952590416 0.765853928713 7.73675791387 8.42423608454 9.06039151887 0.529186279665 0.354704565759 0.651607115182 697.212912883 697.438483912 698.514961693 2.92645958941 0.573550566353 0.517030453976 0.141602430877 0.265650519817 0.97563907961 1.18578450119 0.210635358985 150.276703097 0.140241126714 0.217570122595 0.245699797973 0.162633684475 0.318816013434 0.128482135021 1.32295070989
-9999.0 -9999.0 -9999.0 -9999.0 -9999.0 -9999.0 -9999.0 -9999.0 -9999.0 -9999.0 -9999.0 -9999.0 -9999.0 -9999.0 -9999.0 0.688172144255 1.35311083433 0.64657968832 1.33236270142 8.38224501569 9.28688775542 10.2855555421 0.938644491297 0.94204209018 1.79111553889 2.65355699691 4.20523027297 5.0002272872 5.48331901924 6.21954601951 0.663539133469 0.632366339888 10.0746023664 10.3963374017 10.6815723593 10.9453061309 9.00456805241 708.606172642 713.041099952 713.304778162 714.064253773 714.990313574 715.375064221 0.107281379439 1.28401848427 150.378036985 0.222535655581 0.113872239314 0.104895025869 0.101054034 0.179956607178 0.182435610883 0.102555052974 0.152609779955
-9999.0 -9999.0 -9999.0 -9999.0 -9999.0 -9999.0 -9999.0 -9999.0 -9999.0 -9999.0 -9999.0 -9999.0 -9999.0 -9999.0 -9999.0 -9999.0 2.00874486685 2.69855881572 4.72923123444 6.31046080502 0.844911588786 12.1858313128 13.1033612821 14.0047149075 0.871972673962 1.72429411442 0.772924434751 5.77176116818 6.22287367512 6.89128045489 7.59211708029 9.36377640719 9.61584380667 0.172355926402 8.02117902683 8.53289163966 8.75915824536 9.85449512317 1.27244990937 0.773511004325 0.459763770063 0.455425510478 715.780623452 715.927671294 718.034500362 150.469405517 0.588034663446 0.289689664661 0.187599718051 0.0679768058565 0.558697366628 0.298099072254 0.0894189414963 0.481645592284
-9999.0 -9999.0 -9999.0 -9999.0 -9999.0 -9999.0 -9999.0 -9999.0 -9999.0 -9999.0 -9999.0 -9999.0 -9999.0 -9999.0 -9999.0 -9999.0 0.702584053688 3.38051018474 4.08607258161 0.906040872821 1.01861500092 2.04030950962 2.98453994382 17.9018918287 0.874697886833 3.49210050057 4.28197072443 5.05904100558 0.473396957085 1.10495259472 1.51521120601 6.40079152534 7.16011560811 7.35594091312 0.242962897479 0.26865453614 0.33671447267 0.618804438825 0.27605568655 0.296891867856 0.386790496102 0.405320119172 0.381617441527 0.71772734768 718.191582435 869.024351132 0.71448138483 0.199841352123 0.0651803122905 1.70560060782 1.55780778496 0.904679821391 0.80982356641 0.606744931419
-9999.0 -9999.0 -9999.0 -9999.0 -9999.0 -9999.0 -9999.0 -9999.0 -9999.0 -9999.0 -9999.0 -9999.0 -9999.0 -9999.0 -9999.0 0.623210069349 1.963546951 0.640811079054 1.04257963519 1.10506649422 2.11969379498 3.11287618934 3.95126110889 22.499672631 23.348680737 0.868209266716 1.66086970216 2.45798926944 3.04245522151 3.69636866206 5.7111504236 6.15155193883 0.49395658516 0.408828268661 0.378586556748 0.359489114852 0.412709276055 0.44323463307 0.398611477897 0.567832197746 1.23360214833 0.580300302569 0.121275551473 0.116617733576 0.119601273846 0.227313396504 874.327532217 4.31998056518 2.02336631642 0.16441662367 0.0785781189127 0.0565186384468 0.201516872435 0.14215102121
-9999.0 -9999.0 -9999.0 -9999.0 -9999.0 -9999.0 -9999.0 -9999.0 -9999.0 -9999.0 -9999.0 -9999.0 -9999.0 -9999.0 0.661012548283 1.2646490457 4.47835743625 0.616970296 1.89006242024 2.98292518982 4.01268193036 1.03749844142 1.95828519611 2.72208026651 26.6751336945 0.837310941246 1.60034580573 2.37695643771 0.724835206965 1.4420989698 1.9279469571 2.38364452248 51.0986066981 51.8585251444 52.5261382973 54.8987469628 56.1325978441 58.1396375013 0.547223267197 1.32794356858 1.46802946045 63.57813909 63.8198582929 0.108871006027 0.202682157269 0.292618036086 874.450370826 3.8895261215 1.6498514479 1.54954380455 1.29660574279 1.16021564417 0.267599469649 0.0624344820407
-9999.0 -9999.0 -9999.0 -9999.0 -9999.0 -9999.0 -9999.0 -9999.0 -9999.0 -9999.0 -9999.0 -9999.0 -9999.0 -9999.0 0.66279640759 2.00802948693 7.13987600636 10.5267457071 0.555062613826 13.7352056607 18.3938959759 0.986369796131 1.8981826933 2.70958663613 34.3270219752 34.969707332 0.665479146741 3.72777197787 4.37352157033 4.98918373501 46.2883453484 47.6204602985 48.2774652659 0.306132782468 1.73655877988 2.04619188083 0.814329785386 1.14897371299 59.7260132288 61.5173900968 61.7505480854 61.9689862452 64.0655666647 0.119728669337 0.100311361796 0.474109952638 874.551939241 0.108402479491 0.0586294479382 0.168366310415 0.0602104733316 1.03074360832 0.849404777669 0.497242019481
-9999.0 -9999.0 -9999.0 -9999.0 -9999.0 -9999.0 -9999.0 -9999.0 -9999.0 -9999.0 -9999.0 -9999.0 -9999.0 -9999.0 -9999.0 -9999.0 1.38179919557 2.77593151389 12.4420186189 13.118538625 18.9912295484 19.6413870733 0.949305483975 1.89505012468 4.40697769608 35.5013954458 36.8057711628 37.3464913993 0.441281213997 39.3631448422 40.7753778035 0.83683455668 0.310350906328 0.619703461466 1.17873936011 0.272916835167 0.5290412961 1.12731800243 1.38033692766 0.250626546781 0.164991459774 0.322071666319 65.4012927942 65.863200721 65.9522739247 66.657633269 874.644971013 0.0857447313984 0.0421924607293 0.0462077814509 0.0429244959053 0.0440806575188 0.0367110072276 0.0686619899037
-9999.0 -9999.0 -9999.0 -9999.0 -9999.0 -9999.0 -9999.0 -9999.0 -9999.0 -9999.0 -9999.0 -9999.0 -9999.0 -9999.0 -9999.0 -9999.0 0.716989167185 0.702911205441 0.682359890382 1.3589100903 0.585607279961 20.8107197343 21.4031638064 0.858216535454 1.72131115768 0.811192650804 0.645255426085 0.625400462008 38.4865002271 0.473278360811 0.939050786422 0.449782467407 0.342657391912 0.2872066185 0.217160182816 0.22538675485 0.668596826651 0.911725325383 0.168891689168 0.148766531318 0.312237915159 0.512825895113 0.773848738669 0.259064029357 66.0882065562 66.7427407762 874.714241334 0.316086199949 0.1377701026 0.027774774916 0.0646651555749 0.0222103368313 0.0169961003828 0.0870886548862
-9999.0 -9999.0 -9999.0 -9999.0 -9999.0 -9999.0 -9999.0 -9999.0 -9999.0 -9999.0 -9999.0 -9999.0 -9999.0 -9999.0 -9999.0 -9999.0 -9999.0 -9999.0 0.693078651505 1.99337006662 2.54757452375 3.11879301143 21.963147394 22.5277802377 23.0899004407 23.7514408479 24.3632387538 25.6263388641 26.0835327878 26.5313169618 26.910406941 0.325185943075 0.295489179484 0.296683654937 0.975681908853 0.249327222934 0.228098982991 0.182882314328 0.515015210403 0.19325852401 0.145928770148 0.13613932129 0.119689721168 0.238894643585 0.335127136338 67.3935388719 942.499293282 0.0891724463916 0.151326407469 0.0236262902971 0.0899818973871 0.0529478768846 0.0341924830573 0.548537199746
-9999.0 -9999.0 -9999.0 -9999.0 -9999.0 -9999.0 -9999.0 -9999.0 -9999.0 -9999.0 -9999.0 -9999.0 -9999.0 -9999.0 -9999.0 -9999.0 -9999.0 -9999.0 -9999.0 0.587009762708 4.57301204864 8.93248929177 9.51341603413 0.808390434158 1.65218643943 2.5199559516 3.26356047051 8.01818588668 8.38559668506 0.3526158016 0.333823076599 27.5793890834 28.1563569784 28.4236194229 1.16019220018 0.155369394872 0.361481554158 0.534504156193 1.60502897738 1.96585919237 2.24108318433 0.254148219109 0.349339653249 0.111969099839 0.217013425741 0.108722672017 942.702979034 0.0643890261962 0.284622282169 0.0775100621226 0.210532630184 0.569749566247 0.637264411585 1.22333790396
-9999.0 -9999.0 -9999.0 -9999.0 -9999.0 -9999.0 -9999.0 -9999.0 -9999.0 -9999.0 -9999.0 -9999.0 -9999.0 -9999.0 -9999.0 -9999.0 -9999.0 -9999.0 0.645166762975 2.04314454705 4.00104309886 5.23206089026 13.2424786716 13.936895462 1.78034089707 2.64787756799 3.41501416674 4.14559197281 8.81135957079 9.5511361087 17.2190604024 17.8769258758 18.1892935793 28.6668378532 30.3741252828 0.36673496465 0.228423114911 0.216389452338 0.402607462978 0.179906991824 2.58635930093 2.7153992506 0.455525034628 0.665570250113 0.151594685796 185.745395245 185.956426598 1128.77597636 1129.15919568 0.0787651422474 0.379442063985 0.0961256914648 0.0647725306974 1.34958094339
-9999.0 -9999.0 -9999.0 -9999.0 -9999.0 -9999.0 -9999.0 -9999.0 -9999.0 -9999.0 -9999.0 -9999.0 -9999.0 -9999.0 -9999.0 -9999.0 -9999.0 -9999.0 -9999.0 0.725078467691 0.702044878327 1.33347437993 3.16240381965 14.5230298673 0.906483057609 0.896362934939 1.65348710347 2.42143604889 5.98572361196 6.54204493341 0.418612552216 0.41412761028 18.5566707269 18.7881080419 49.4207714273 49.6502425082 0.123878563029 0.111246199742 0.0895151023262 0.0902628005389 0.0952674328103 183.070647065 183.806864374 184.706421152 185.082202748 185.562171293 0.112158036428 0.409058451612 0.479852173789 1129.80650675 1129.86316043 1130.02506751 1130.23743891 1130.42564233
-9999.0 -9999.0 -9999.0 -9999.0 -9999.0 -9999.0 -9999.0 -9999.0 -9999.0 -9999.0 -9999.0 -9999.0 -9999.0 -9999.0 -9999.0 -9999.0 -9999.0 -9999.0 -9999.0 -9999.0 0.649016612107 0.676511077774 1.25434498103 16.9703452126 17.5737974541 0.88642375808 1.63985582159 2.41735898658 3.04145383562 0.569058534256 1.079964259 40.7189898956 41.010527941 41.3812866358 43.7184769538 93.6838714246 178.031679597 178.336199666 178.596074042 178.848645181 179.894247555 180.230728673 0.588092388189 0.262912461802 0.153029624488 0.287755762557 0.20158568024 0.321659530132 0.0969839152203 2.35530977162 2.53178623421 2.70622857688 2.73960809568 1130.49175073
-9999.0 -9999.0 -9999.0 -9999.0 -9999.0 -9999.0 -9999.0 -9999.0 -9999.0 -9999.0 -9999.0 -9999.0 -9999.0 -9999.0 -9999.0 -9999.0 -9999.0 -9999.0 -9999.0 -9999.0 -9999.0 0.658352981908 1.25813072458 1.86170090393 18.0849831735 0.659379900594 24.7721162168 25.5720998482 26.1672355205 26.7213181191 38.6202114364 39.1468864017 0.294647873952 1.6943023422 2.01831949395 0.255513459282 84.0519745553 83.5897602437 0.13771403096 0.31427609654 0.821532581438 0.178696081735 0.178655121149 0.130743881138 0.106651733932 0.0843297209007 0.0934301874643 2.06813613904 2.16167660302 2.27420261703 0.120872628954 0.131783668483 2.80929394561 2.84729105695
-9999.0 -9999.0 -9999.0 -9999.0 -9999.0 -9999.0 -9999.0 -9999.0 -9999.0 -9999.0 -9999.0 -9999.0 -9999.0 -9999.0 -9999.0 -9999.0 -9999.0 -9999.0 -9999.0 -9999.0 -9999.0 0.605402093147 0.563660248181 2.91379397533 22.1530271664 23.380610367 24.019842932 0.760721400799 10.5517694543 11.0964659691 11.363974282 0.492718883742 0.817708778622 1.07475934112 20.0962016465 20.3030805318 20.4746283618 83.2864668359 49.9645442252 0.170061912905 0.172223435257 0.16562533824 0.124730506041 1.29150490399 1.53256348438 1.74514484676 1.85829342498 1.96726626661 17.4467564451 17.5242471178 17.6927454307 18.1259211253 19.2002959534 19.2325957878
-9999.0 -9999.0 -9999.0 -9999.0 -9999.0 -9999.0 -9999.0 -9999.0 -9999.0 -9999.0 -9999.0 -9999.0 -9999.0 -9999.0 -9999.0 -9999.0 -9999.0 -9999.0 -9999.0 -9999.0 -9999.0 -9999.0 1.17678383389 1.78762538668 0.611310587401 0.905024684828 7.8240616466 8.6045536732 9.17862343513 4.16251988585 4.664663301 5.18280004002 5.50191928689 19.6460345711 19.92302053 12.2853037186 32.9659150801 33.156842157 49.8246670879 0.341640178368 0.169563163245 0.121636399396 0.900244045566 1.04746479584 0.084871094175 0.0790542553865 17.1035469086 17.2886012663 17.3748279322 0.187535430163 0.298464954894 19.0545368121 0.073071613043 0.202341259561
-9999.0 -9999.0 -9999.0 -9999.0 -9999.0 -9999.0 -9999.0 -9999.0 -9999.0 -9999.0 -9999.0 -9999.0 -9999.0 -9999.0 -9999.0 -9999.0 -9999.0 -9999.0 -9999.0 -9999.0 -9999.0 -9999.0 0.585173689212 1.15768206082 4.76120848494 5.38586591265 6.11409280348 3.04748403883 3.66055100582 0.510055076182 13.0140434399 13.4628165902 13.8667020248 0.318410472023 11.7696815075 12.0567531213 0.202211226677 48.9186705933 0.397619270379 0.198646904673 0.489271447821 0.659422366561 0.121816898015 0.100708616175 16.1449287644 16.9359318712 17.0443674689 0.113747256748 0.236545911088 0.30451809918 0.38148619574 0.766855041245 0.0753507122067 0.165379452182
