data/baseflow/History/mHMbfrc468
ncols                  80
nrows                 72
xllcorner      4374000.0
yllcorner      5656000.0
cellsize            500
NODATA_value       -9999
[rows 0 to 23 of 72, columns 0 to 54 of 80]
-9999.0 -9999.0 -9999.0 -9999.0 -9999.0 -9999.0 -9999.0 -9999.0 -9999.0 -9999.0 -9999.0 -9999.0 1.23222332213 0.89934334933 -9999.0 -9999.0 -9999.0 -9999.0 -9999.0 -9999.0 -9999.0 -9999.0 -9999.0 -9999.0 -9999.0 -9999.0 -9999.0 -9999.0 -9999.0 -9999.0 -9999.0 -9999.0 -9999.0 -9999.0 -9999.0 -9999.0 -9999.0 -9999.0 -9999.0 -9999.0 -9999.0 -9999.0 -9999.0 -9999.0 -9999.0 -9999.0 -9999.0 -9999.0 -9999.0 -9999.0 -9999.0 -9999.0 -9999.0 -9999.0 -9999.0
-9999.0 -9999.0 -9999.0 -9999.0 -9999.0 -9999.0 -9999.0 -9999.0 -9999.0 -9999.0 -9999.0 -9999.0 2.5860999587 5.29277352184 0.776289176703 -9999.0 0.60287091628 -9999.0 -9999.0 -9999.0 -9999.0 -9999.0 -9999.0 -9999.0 -9999.0 -9999.0 -9999.0 -9999.0 -9999.0 -9999.0 -9999.0 -9999.0 -9999.0 -9999.0 -9999.0 -9999.0 -9999.0 -9999.0 -9999.0 -9999.0 -9999.0 -9999.0 -9999.0 -9999.0 -9999.0 -9999.0 -9999.0 -9999.0 -9999.0 -9999.0 -9999.0 -9999.0 -9999.0 -9999.0 -9999.0
-9999.0 -9999.0 -9999.0 -9999.0 -9999.0 -9999.0 -9999.0 -9999.0 -9999.0 -9999.0 1.30581680408 1.25342991467 1.31862222412 1.27611506369 7.70395556949 8.54444172501 1.67817967573 0.532191737199 -9999.0 -9999.0 -9999.0 -9999.0 -9999.0 -9999.0 -9999.0 -9999.0 -9999.0 -9999.0 -9999.0 -9999.0 -9999.0 -9999.0 -9999.0 -9999.0 -9999.0 -9999.0 -9999.0 -9999.0 -9999.0 -9999.0 -9999.0 -9999.0 -9999.0 -9999.0 -9999.0 -9999.0 -9999.0 -9999.0 -9999.0 -9999.0 -9999.0 -9999.0 -9999.0 -9999.0 -9999.0
-9999.0 -9999.0 -9999.0 -9999.0 -9999.0 -9999.0 -9999.0 -9999.0 -9999.0 1.25245689703 2.55180894832 5.0578940349 2.52667407536 1.22314289545 2.4015200271 9.69957208253 12.7383466186 0.643870003306 -9999.0 1.28691302222 -9999.0 -9999.0 -9999.0 -9999.0 1.17649774125 0.593829719047 -9999.0 -9999.0 -9999.0 -9999.0 -9999.0 -9999.0 -9999.0 -9999.0 -9999.0 -9999.0 -9999.0 -9999.0 -9999.0 -9999.0 -9999.0 -9999.0 -9999.0 -9999.0 -9999.0 -9999.0 -9999.0 -9999.0 -9999.0 -9999.0 -9999.0 -9999.0 -9999.0 -9999.0 -9999.0
-9999.0 -9999.0 -9999.0 -9999.0 -9999.0 -9999.0 -9999.0 -9999.0 1.4306342962 4.02068872868 5.24269681476 6.46783401645 8.77354152193 1.15774941649 4.68919101509 5.82853447093 20.3248605933 0.977049864566 1.10578936967 2.4352803581 3.54853796914 1.16002497811 -9999.0 3.221319428 2.64094843461 0.766421129823 -9999.0 -9999.0 -9999.0 -9999.0 -9999.0 -9999.0 -9999.0 -9999.0 -9999.0 -9999.0 -9999.0 -9999.0 -9999.0 -9999.0 -9999.0 -9999.0 -9999.0 -9999.0 -9999.0 -9999.0 -9999.0 -9999.0 -9999.0 -9999.0 -9999.0 -9999.0 -9999.0 -9999.0 -9999.0
-9999.0 -9999.0 -9999.0 -9999.0 -9999.0 -9999.0 1.417330438 1.2766190859 1.26002738824 1.2791851677 1.29580008864 9.06530786839 19.0750081637 20.2952482304 21.4232507747 1.14612104441 22.5004578186 23.577103914 2.29825262519 1.12204508768 4.63805277256 8.05296294848 1.06289589074 6.43238855958 1.20365398082 1.13072623632 1.25043378624 -9999.0 -9999.0 -9999.0 -9999.0 -9999.0 -9999.0 -9999.0 -9999.0 -9999.0 -9999.0 -9999.0 -9999.0 -9999.0 -9999.0 -9999.0 -9999.0 -9999.0 -9999.0 -9999.0 -9999.0 -9999.0 -9999.0 -9999.0 -9999.0 -9999.0 -9999.0 -9999.0 -9999.0
-9999.0 -9999.0 -9999.0 -9999.0 -9999.0 -9999.0 2.84635763024 4.18265526578 9.40385319383 13.1387796595 1.17077260618 1.20846260634 1.16306749951 3.47995232851 25.9744480256 1.04106132002 24.6360799059 29.0821541015 3.47500653148 2.15528025974 9.10052236343 1.12822308508 7.55003991737 2.25307501364 1.14112959518 2.24063881955 2.47831491285 1.24539467866 1.25942074989 1.23360852107 1.29982698526 2.60976079574 -9999.0 -9999.0 -9999.0 -9999.0 -9999.0 -9999.0 -9999.0 -9999.0 -9999.0 -9999.0 -9999.0 -9999.0 -9999.0 -9999.0 -9999.0 -9999.0 -9999.0 -9999.0 -9999.0 -9999.0 -9999.0 -9999.0 -9999.0
-9999.0 -9999.0 -9999.0 -9999.0 -9999.0 1.50415907392 2.93035416569 1.40628025297 2.73076740122 14.4889490598 16.958886154 19.3996902804 62.4713031083 1.19103783701 27.1016483666 98.5829574884 99.4513864686 130.036648119 0.963691682382 3.2174620439 10.1572125543 1.04943601579 20.1271731217 11.4917686405 7.02065886769 5.8835064164 1.20814245463 3.69854067977 3.66572325114 2.4469469415 1.19554600394 3.84626341042 1.19670067462 1.18421967249 -9999.0 -9999.0 -9999.0 -9999.0 -9999.0 -9999.0 -9999.0 -9999.0 -9999.0 -9999.0 -9999.0 -9999.0 -9999.0 -9999.0 -9999.0 -9999.0 -9999.0 -9999.0 -9999.0 -9999.0 -9999.0
-9999.0 -9999.0 -9999.0 -9999.0 -9999.0 1.51909688913 4.43251899452 8.80226287269 10.1593028236 20.1465289134 21.4349285069 25.4626270893 41.9386176161 65.9561492943 68.312110542 69.4018003883 2.07109040461 133.830775817 135.856792657 141.265510549 175.828626069 23.362791758 21.2541084329 8.14055771201 1.10693492555 7.09022344782 4.82862133517 1.09623007451 4.77756170801 1.11547008335 2.33226248187 6.23305290876 7.39154851303 2.33361676489 1.14837608145 1.14370665875 -9999.0 -9999.0 -9999.0 -9999.0 0.663185508834 0.560444694994 -9999.0 -9999.0 -9999.0 -9999.0 -9999.0 -9999.0 -9999.0 -9999.0 -9999.0 -9999.0 -9999.0 -9999.0 -9999.0
-9999.0 -9999.0 -9999.0 -9999.0 -9999.0 1.48395224554 1.42665007989 5.87330547033 7.24745506116 8.66475387951 1.36803024423 2.71258959648 15.5143190623 2.77991362007 1.29752479523 1.20534048895 1.0914423019 1.29820830451 1.27033433798 1.18274015247 176.91488982 180.107397322 1.05260239405 3.24658212172 2.20644133919 8.16569124892 2.19950986736 1.06528946587 5.91845051983 2.22155291419 5.34641408376 12.9606857435 12.0062001601 3.47503688558 3.43720970978 1.16023353305 1.16134965987 -9999.0 -9999.0 1.16446717416 1.54989644159 3.2911530876 0.597183054615 -9999.0 -9999.0 -9999.0 -9999.0 -9999.0 -9999.0 -9999.0 -9999.0 -9999.0 -9999.0 -9999.0 -9999.0
-9999.0 -9999.0 -9999.0 -9999.0 -9999.0 -9999.0 1.53082447924 1.51796820526 2.96332391783 4.40397315331 10.0302853974 12.8225567366 14.2657735141 1.4942417 1.19904956845 15.8686814314 19.4509285724 20.5963317539 25.3175104633 26.4241417286 1.10401905259 181.200260939 186.62094083 4.35360664124 1.09743461766 9.21390956682 20.4533225836 8.03058394131 2.09755188491 1.04898252799 20.3735929602 14.0348032314 1.05788311311 1.04902294626 4.50799781539 3.42262461304 1.1196572303 1.10665198249 1.13941259939 2.2802885324 1.11298118212 4.01724556661 5.11468734535 1.04821186587 -9999.0 -9999.0 -9999.0 -9999.0 1.19903462219 1.14364506822 0.344353019963 -9999.0 -9999.0 -9999.0 -9999.0
-9999.0 -9999.0 -9999.0 -9999.0 -9999.0 -9999.0 -9999.0 1.52133292288 1.39265503606 2.84407437122 4.27885232862 1.41169278765 1.39829337365 8.29355151172 10.8950369902 13.5157268604 1.2312025222 2.43108581159 1.19446996877 27.54158866 60.1836040098 60.8328668791 249.362089158 1.08045106534 3.21085538322 1.03736636233 21.4714670564 1.03463023579 3.16201073677 1.03445670631 21.4166947919 22.4520273788 2.11463108939 2.08608265467 11.2744717777 5.65846136253 2.21734884017 1.12653841016 2.27943392806 3.40184833701 5.59205344541 1.08129622831 7.25733846382 8.33804822905 1.00718032551 1.06456695901 1.09761387108 1.02150287454 0.984047427481 3.36957482419 1.30927225899 0.827297215897 -9999.0 -9999.0 -9999.0
-9999.0 -9999.0 -9999.0 -9999.0 -9999.0 -9999.0 -9999.0 -9999.0 2.95050421626 4.31336299028 1.40714553443 2.8464907469 4.19230053947 6.99545368259 1.36897695901 1.33247416113 1.18397676909 1.20446079998 1.12139472477 30.3571744947 1.22003035616 2.39383015753 252.510245214 254.989870113 1.41609675357 6.01816672146 28.515440038 2.03572301345 4.11192661505 1.95385602501 2.88985479533 26.4843774278 3.08541920655 16.4166164595 13.371916119 1.07830792591 5.49025433561 2.21219793008 3.35125603419 1.06720154737 6.66066629121 8.81191638835 9.80816806643 10.7639013856 12.2258590932 1.95799007522 2.04027099936 1.90738153123 1.81961751594 4.27786286195 0.900493918455 3.0554204187 3.90351115884 -9999.0 -9999.0
-9999.0 -9999.0 -9999.0 -9999.0 -9999.0 -9999.0 -9999.0 -9999.0 1.48450361267 7.24329161323 8.61866730032 1.37983125116 2.71266064241 1.33275924244 1.26399771778 1.23799963079 15.4507026873 20.6701086545 25.2756177075 29.6626826371 1.07601529699 1.19422224445 1.36366258879 260.299675143 262.860817183 264.124232876 38.1979092025 8.24275524754 7.14805760326 0.938172932629 3.81794273786 31.2417655399 0.952131113008 17.3742301637 1.02583840508 7.13901108473 6.61099956898 1.07148129577 4.41374434952 2.12517194001 3.17206127365 1.06299215119 0.952808781615 11.7099816066 12.5977143167 13.1114779111 2.97739518873 2.8083770767 2.69917532636 5.20684817935 7.0168486498 0.900945636359 4.77269688674 0.910219997802 1.76259495744
-9999.0 -9999.0 -9999.0 -9999.0 -9999.0 -9999.0 -9999.0 -9999.0 -9999.0 1.49050913788 10.0455341898 11.4129135847 4.06272111375 6.73599191129 9.28013334996 10.5653029613 1.31119438173 4.030536345 2.6625784574 1.32548272982 1.31274176545 1.20787179131 2.43795369068 4.29781083734 1.58028561381 305.131338716 306.532787377 1.3329003992 0.945329817031 1.87356914921 2.79841055036 34.0246480827 1.86623334017 18.2563346435 11.0245827941 9.08286117038 1.04284568724 2.09438263563 5.42053239005 1.00143036679 4.1567809077 2.03487777408 1.83764451464 1.00906396375 15.4933010554 29.3743936897 3.68535630996 3.53349240844 3.52546586253 0.813185317559 7.82948273466 0.798404992661 6.47201716426 0.84837740976 2.62212147185
-9999.0 -9999.0 -9999.0 -9999.0 -9999.0 -9999.0 -9999.0 -9999.0 -9999.0 -9999.0 1.35459410956 14.1412503487 1.34441731591 2.67834217778 3.92515673596 6.46539110227 1.32230823269 2.72021871757 1.34754896471 1.28737667087 1.21519173183 2.40466911947 1.12106625008 1.3122612586 2.81184381087 1.58677188857 307.811725415 310.391524553 314.046397057 3.84562437693 0.941052913442 1.87353321229 34.9845450583 34.0019155674 13.0121041076 0.986647752443 4.14157816042 3.11490885087 6.43037776842 2.00692770442 8.16581325423 3.01058654961 2.77332020842 1.04646139218 1.04753631888 30.3838325766 31.2660704482 39.2643821312 6.05666424992 1.67579786024 8.69752835842 10.3393646249 17.5957772555 1.67257149707 0.802662859941
-9999.0 -9999.0 -9999.0 -9999.0 -9999.0 -9999.0 -9999.0 -9999.0 -9999.0 -9999.0 -9999.0 0.791714875679 15.9112883302 1.38789021123 2.61966478288 11.6111871708 1.3157504533 1.31095068079 1.17526552053 2.49111468297 1.18942537742 4.77043341824 6.99436806394 8.04503907603 3.85615181277 5.05059749215 1.36000381304 1.56342310316 1.33710819938 320.004425904 322.988953292 35.8615765312 35.7578617266 34.8854908599 1.83752707196 0.89919074796 5.08880679645 13.4339184993 7.40105930769 2.97381548384 12.0877646289 6.69719338612 5.77832006267 2.05717301183 0.905063999594 0.860476900159 0.825015799268 43.1761852471 51.9230045097 0.827230821096 0.775586316299 0.81625277236 18.4012549893 20.8561826617 1.53478419821
-9999.0 -9999.0 -9999.0 -9999.0 -9999.0 -9999.0 -9999.0 -9999.0 -9999.0 -9999.0 -9999.0 0.738450865 17.6942432949 21.6833508611 1.23437056426 14.0673735994 1.21941791941 1.18255630151 2.3381978082 6.0059922291 1.1692109184 1.21652971628 1.08791264458 10.2309329148 11.280013936 17.408939656 19.8625672826 21.152954563 22.465148138 23.7268245876 347.911739281 386.351119375 424.465488875 425.329892263 1.00444041975 0.906068512995 15.3299249807 14.3913863105 0.951727530849 0.963450346403 13.096188933 20.7489550598 0.884101691112 12.4980988843 11.5856993421 4.11912329176 1.91655939519 3.04081346138 1.01904452441 53.6590760168 0.88637866309 2.46148699199 3.15423951046 26.745889552 29.1492188932
-9999.0 -9999.0 -9999.0 -9999.0 -9999.0 -9999.0 -9999.0 -9999.0 -9999.0 -9999.0 -9999.0 1.44044418973 2.75240774349 22.9689175277 25.3271239278 1.18461944363 16.1418034877 1.08850516656 3.33502765092 7.09658871571 2.27182842281 1.09958140471 2.24537570027 1.00570021007 1.9404224328 0.953177393741 0.935446594863 0.930420496653 0.931140308111 0.993834994793 1.17410993013 1.42667641508 1.53175340816 1.4725340937 428.72227141 19.5222853387 17.4047923903 0.983593135081 2.80524327868 0.699837367251 0.653879893759 21.6630959744 36.9672803667 13.4874050932 9.67483102393 2.24719924042 1.08123556985 1.01177737803 1.90475316093 56.4573678806 58.1352723019 0.868669772156 0.882565423728 0.963965397521 0.935569882951
-9999.0 -9999.0 -9999.0 -9999.0 -9999.0 -9999.0 -9999.0 -9999.0 -9999.0 -9999.0 -9999.0 -9999.0 1.27064568971 16.933321824 43.4947464158 47.2756517876 64.4857180772 65.3217753686 15.7328069345 11.6003849123 3.39417754213 1.08835684306 4.39090280044 5.42416394964 8.32995346074 1.94390423672 1.8798669144 1.88803052046 3.75643086371 1.91846937571 2.09095819536 0.929478286246 1.00820655338 1.16065712861 429.795554958 449.893416495 451.065562263 1.00460908808 8.06568023959 3.22524480941 0.95716312375 39.9350784182 2.07937963038 1.06945969508 4.5327585681 1.07197048083 1.02493241407 1.9593883121 2.73423833163 3.57132153185 59.5927200282 0.689437848833 0.608284159746 0.608619845555 0.552360989274
-9999.0 -9999.0 -9999.0 -9999.0 -9999.0 -9999.0 -9999.0 -9999.0 -9999.0 -9999.0 -9999.0 1.37527784651 12.9312950477 15.6617768254 2.54148946502 0.83007387873 1.93046028641 68.3792140681 69.2619854747 85.7892593464 1.00968659103 2.08865825228 0.949222614926 0.966672318216 9.2815641175 12.1751699503 14.9711347815 0.892687709445 4.65432489894 7.45284874087 4.74588502031 1.7985988053 1.85289183209 2.04652247825 2.10089338684 1.18401554739 451.933937153 452.685370269 462.370940127 1.70879114432 0.881822611177 40.5141579757 2.17579455676 1.11467411301 1.18706002326 1.17618188156 1.092157756 2.211550873 6.13970708504 10.6281221655 70.9485589525 0.548744441604 1.63769834686 1.10484444715 1.0079042517
-9999.0 -9999.0 -9999.0 -9999.0 -9999.0 -9999.0 -9999.0 -9999.0 -9999.0 -9999.0 -9999.0 1.41020082805 8.93127799128 1.39582802625 1.24495651968 6.4410838122 7.5700619953 8.73175007862 9.82341062499 116.607474775 117.594289536 119.614925763 134.483186784 137.619477453 139.683942862 140.661625813 158.57030543 161.368039491 162.315323397 170.750375184 176.444774701 177.311985147 180.945301556 2.88437604788 2.97296399467 1.08087412224 1.01287707483 453.559683218 465.814578761 2.64029497024 46.0047946777 45.2396781879 4.19698981728 1.02008652789 1.05619382392 1.03165335296 1.01611088664 2.04808066314 3.02126741586 0.997023512691 71.6418631883 72.369158089 75.7447397589 76.3504989783 77.9264211389
-9999.0 -9999.0 -9999.0 -9999.0 -9999.0 -9999.0 -9999.0 -9999.0 -9999.0 -9999.0 -9999.0 4.58651132803 6.06382991065 2.82035685047 4.15985985016 1.32333118625 15.1217573575 16.3457637759 18.7451482374 19.8958672629 8.08683485069 129.367776104 130.398275944 1.18496859725 1.09836025742 1.13804827277 2.25557222197 1.13970526279 1.0321596069 0.979650269344 0.931070144191 178.264303036 181.883579146 185.540241048 189.213966397 192.968060704 1.88021812275 0.63559085393 514.150443334 47.5630622155 46.8069248959 0.916057852325 0.896802880378 0.857995407307 1.94136147093 1.9223784168 0.903225486339 0.903289284938 0.851222073605 1.8349954889 2.53619366683 0.584100962157 1.08649856239 0.459039803446 0.505247037105
-9999.0 -9999.0 -9999.0 -9999.0 -9999.0 -9999.0 -9999.0 -9999.0 -9999.0 -9999.0 -9999.0 -9999.0 3.10333765726 1.45050137694 1.34607616651 12.6860729636 13.949498083 1.25286239011 4.90867040754 6.05222605778 7.17068646048 1.19075055773 1.10965161462 21.1120437037 22.1363069667 23.1667892481 58.974436291 59.9702738894 61.9847248657 70.0517083251 75.8181076824 76.7832509595 0.897017074304 0.920055245335 0.792887763779 194.16768882 0.648064751822 523.057678769 522.073251352 7.16380821083 6.21243584641 3.56455433359 0.895299663029 1.71062677698 2.82318315498 2.80628763121 1.77092658253 0.87112002906 1.71722750977 1.69497596471 3.32076123872 0.541830712859 1.729744659 2.8345053009 3.88714768166
