data/baseflow/History/mHMbfrc310
ncols                  80
nrows                 72
xllcorner      4374000.0
yllcorner      5656000.0
cellsize            500
NODATA_value       -9999
[rows 0 to 23 of 72, columns 0 to 53 of 80]
-9999.0 -9999.0 -9999.0 -9999.0 -9999.0 -9999.0 -9999.0 -9999.0 -9999.0 -9999.0 -9999.0 -9999.0 0.794898318818 0.730614936435 -9999.0 -9999.0 -9999.0 -9999.0 -9999.0 -9999.0 -9999.0 -9999.0 -9999.0 -9999.0 -9999.0 -9999.0 -9999.0 -9999.0 -9999.0 -9999.0 -9999.0 -9999.0 -9999.0 -9999.0 -9999.0 -9999.0 -9999.0 -9999.0 -9999.0 -9999.0 -9999.0 -9999.0 -9999.0 -9999.0 -9999.0 -9999.0 -9999.0 -9999.0 -9999.0 -9999.0 -9999.0 -9999.0 -9999.0 -9999.0
-9999.0 -9999.0 -9999.0 -9999.0 -9999.0 -9999.0 -9999.0 -9999.0 -9999.0 -9999.0 -9999.0 -9999.0 1.613792824 3.7281139719 0.635218973026 -9999.0 0.515572429107 -9999.0 -9999.0 -9999.0 -9999.0 -9999.0 -9999.0 -9999.0 -9999.0 -9999.0 -9999.0 -9999.0 -9999.0 -9999.0 -9999.0 -9999.0 -9999.0 -9999.0 -9999.0 -9999.0 -9999.0 -9999.0 -9999.0 -9999.0 -9999.0 -9999.0 -9999.0 -9999.0 -9999.0 -9999.0 -9999.0 -9999.0 -9999.0 -9999.0 -9999.0 -9999.0 -9999.0 -9999.0
-9999.0 -9999.0 -9999.0 -9999.0 -9999.0 -9999.0 -9999.0 -9999.0 -9999.0 -9999.0 0.737019022471 0.703265229268 0.753027168111 0.747324823938 5.08408734263 5.70552819373 1.40935855157 0.442477505783 -9999.0 -9999.0 -9999.0 -9999.0 -9999.0 -9999.0 -9999.0 -9999.0 -9999.0 -9999.0 -9999.0 -9999.0 -9999.0 -9999.0 -9999.0 -9999.0 -9999.0 -9999.0 -9999.0 -9999.0 -9999.0 -9999.0 -9999.0 -9999.0 -9999.0 -9999.0 -9999.0 -9999.0 -9999.0 -9999.0 -9999.0 -9999.0 -9999.0 -9999.0 -9999.0 -9999.0
-9999.0 -9999.0 -9999.0 -9999.0 -9999.0 -9999.0 -9999.0 -9999.0 -9999.0 0.701712240071 1.4432584886 2.86439813928 1.43579641856 0.691481558215 1.34047511424 6.32776558103 8.83637832843 0.531120880193 -9999.0 0.691781298891 -9999.0 -9999.0 -9999.0 -9999.0 0.974060682677 0.493243392507 -9999.0 -9999.0 -9999.0 -9999.0 -9999.0 -9999.0 -9999.0 -9999.0 -9999.0 -9999.0 -9999.0 -9999.0 -9999.0 -9999.0 -9999.0 -9999.0 -9999.0 -9999.0 -9999.0 -9999.0 -9999.0 -9999.0 -9999.0 -9999.0 -9999.0 -9999.0 -9999.0 -9999.0
-9999.0 -9999.0 -9999.0 -9999.0 -9999.0 -9999.0 -9999.0 -9999.0 0.832193328016 2.29434792975 2.96009464891 3.63563722058 4.94669774074 0.612575574795 2.51909645886 3.090688409 13.047139165 0.553815573856 0.504826846359 1.25243426168 1.78964144007 0.572581301955 -9999.0 2.58542449517 2.12475674888 0.595549090967 -9999.0 -9999.0 -9999.0 -9999.0 -9999.0 -9999.0 -9999.0 -9999.0 -9999.0 -9999.0 -9999.0 -9999.0 -9999.0 -9999.0 -9999.0 -9999.0 -9999.0 -9999.0 -9999.0 -9999.0 -9999.0 -9999.0 -9999.0 -9999.0 -9999.0 -9999.0 -9999.0 -9999.0
-9999.0 -9999.0 -9999.0 -9999.0 -9999.0 -9999.0 0.816219467467 0.719194729089 0.6902354969 0.710461072805 0.726208240468 5.1142556887 10.7489982849 11.4172539315 11.9210112234 0.481928393762 14.0813918181 14.6007512324 1.0591151841 0.55694191474 2.31303443711 3.97177068554 0.569560090944 4.33703262776 0.587313903438 0.598464474967 0.60740489344 -9999.0 -9999.0 -9999.0 -9999.0 -9999.0 -9999.0 -9999.0 -9999.0 -9999.0 -9999.0 -9999.0 -9999.0 -9999.0 -9999.0 -9999.0 -9999.0 -9999.0 -9999.0 -9999.0 -9999.0 -9999.0 -9999.0 -9999.0 -9999.0 -9999.0 -9999.0 -9999.0
-9999.0 -9999.0 -9999.0 -9999.0 -9999.0 -9999.0 1.64024495454 2.4081685078 5.37568919738 7.41194731941 0.605992333481 0.641209082584 0.598485411925 1.74241570863 14.1656558066 0.435086178397 15.0677255702 17.0446981869 1.54044793796 1.00717345132 4.43879818719 0.528117280116 4.84957655851 1.02453220778 0.515603011944 1.08979895637 1.19897248661 0.606316240283 0.624284547033 0.596788036483 0.655831841476 1.30904232028 -9999.0 -9999.0 -9999.0 -9999.0 -9999.0 -9999.0 -9999.0 -9999.0 -9999.0 -9999.0 -9999.0 -9999.0 -9999.0 -9999.0 -9999.0 -9999.0 -9999.0 -9999.0 -9999.0 -9999.0 -9999.0 -9999.0
-9999.0 -9999.0 -9999.0 -9999.0 -9999.0 0.915058625887 1.75647906017 0.833730548241 1.60049684565 8.19527432286 9.53249625592 10.8585149925 35.9779531866 0.585063989331 14.7241527598 55.4163348832 55.8120883453 73.5595795912 0.441827216991 1.45862603957 4.90835613814 0.461398686846 10.7338193664 5.39169264694 3.35947053189 2.83331439434 0.579516867285 1.79136302633 1.79543217095 1.19159789555 0.565465210207 1.89900578058 0.549093919413 0.532963746699 -9999.0 -9999.0 -9999.0 -9999.0 -9999.0 -9999.0 -9999.0 -9999.0 -9999.0 -9999.0 -9999.0 -9999.0 -9999.0 -9999.0 -9999.0 -9999.0 -9999.0 -9999.0 -9999.0 -9999.0
-9999.0 -9999.0 -9999.0 -9999.0 -9999.0 0.924861470309 2.67651459478 5.30176373433 6.09353542913 12.0669644374 12.7900723429 15.0879991962 24.5508978037 37.8934662963 39.1545350274 39.7402261125 0.960358643027 75.3068644807 76.1783788022 78.6148477767 96.1363258983 12.1712317767 11.2511134912 3.86278581614 0.490799643307 3.31108235145 2.28698532222 0.463260766748 2.29870358192 0.49920845597 1.04719225114 2.94120996631 3.4630606586 1.03937634408 0.50673594913 0.48644822203 -9999.0 -9999.0 -9999.0 -9999.0 0.496826378031 0.435154933596 -9999.0 -9999.0 -9999.0 -9999.0 -9999.0 -9999.0 -9999.0 -9999.0 -9999.0 -9999.0 -9999.0 -9999.0
-9999.0 -9999.0 -9999.0 -9999.0 -9999.0 0.887769776993 0.839745668172 3.55684042884 4.36956968335 5.21329801731 0.784960824896 1.54846647455 8.96768488781 1.55460444328 0.698584528223 0.606282990599 0.509178209238 0.597338889391 0.537041429141 0.568392444968 96.6292682223 97.9980389432 0.449459538095 1.40928056024 0.973881409784 3.77180393702 0.943466465302 0.444374632803 2.81384102711 0.97879673258 2.37414882499 5.96039530864 5.51182294901 1.53438195906 1.47494485423 0.514863337538 0.507896573313 -9999.0 -9999.0 0.512437632416 1.07179276665 2.4287237436 0.467610118761 -9999.0 -9999.0 -9999.0 -9999.0 -9999.0 -9999.0 -9999.0 -9999.0 -9999.0 -9999.0 -9999.0
-9999.0 -9999.0 -9999.0 -9999.0 -9999.0 -9999.0 0.938481998223 0.945517481246 1.77009302335 2.61940181638 5.89127099497 7.49228820324 8.28851019106 0.825339407761 0.594163554127 8.36244252075 10.1357778858 10.6621296494 12.9192313827 13.3991284876 0.474906460863 98.483738297 100.754769323 1.80335382663 0.276813398578 4.14531392893 9.13880642645 3.66856255091 0.837729998436 0.42252335622 9.19593789659 6.40929260654 0.427135394216 0.424067049047 1.91971992849 1.48890560468 0.466269974868 0.436860542782 0.49135838011 0.987936090369 0.464205142827 2.95772340982 3.40241004456 0.404297712721 -9999.0 -9999.0 -9999.0 -9999.0 0.497567520438 0.4580800369 0.142445018107 -9999.0 -9999.0 -9999.0
-9999.0 -9999.0 -9999.0 -9999.0 -9999.0 -9999.0 -9999.0 0.902237771778 0.785297885536 1.66928079376 2.51486136449 0.805161770133 0.690508093411 4.49870431615 5.83275228102 7.21129983869 0.627576355042 1.19431878772 0.588943566517 13.9179870469 30.8432766387 31.3235551248 133.03042202 0.441603722752 0.791815196568 0.237107945803 9.53136915813 0.414597022972 1.27027858069 0.411468603478 9.60982194482 10.0261089682 0.860566037239 0.841792493069 4.8225328661 2.42829057842 0.913459198253 0.473338949088 0.975548682216 1.46336523801 2.36016970915 0.4252467595 4.20743160359 4.60396405757 0.360949734772 0.391683242977 0.41453579437 0.36979841975 0.350730551858 1.33135145219 0.499741715195 0.318628340432 -9999.0 -9999.0
-9999.0 -9999.0 -9999.0 -9999.0 -9999.0 -9999.0 -9999.0 -9999.0 1.67375098398 2.39653847249 0.799286838363 1.63987775862 2.39153856974 3.87359144707 0.743246948094 0.704488868707 0.563953770447 0.569484742438 0.483426862699 15.8715429924 0.603565046738 1.15959367463 134.713304036 135.796975262 0.422051105589 1.63831919086 11.5352588869 0.794157595346 1.61217384214 0.720952451042 1.05602806007 11.5886431316 1.21960679403 6.78897563663 5.60443885111 0.399504118115 2.248860565 0.912387480987 1.39644042284 0.413073884214 2.76618718911 3.57579358414 3.91702723702 4.23711517624 5.95012458735 0.681335517045 0.731008193202 0.657576866736 0.614904595339 1.62567166339 0.294664335106 1.12370784563 1.37735429912 -9999.0
-9999.0 -9999.0 -9999.0 -9999.0 -9999.0 -9999.0 -9999.0 -9999.0 0.889426556414 4.14273931079 4.91379898433 0.769880282964 1.4860232037 0.713352378971 0.627528102831 0.614936391189 7.94177503167 10.487584716 12.8585355395 15.3462530521 0.613681060974 0.575446852513 0.549928679001 138.349681137 139.561849855 140.001692794 15.1863336527 3.18709947859 2.76713742804 0.317078827176 1.36376992804 13.2819234584 0.326719470402 7.12590648454 0.39173397014 2.90616327901 2.70033820777 0.427540952706 1.81699414376 0.827826259879 1.23253216699 0.37100237795 0.310662137681 4.55227082418 4.83891207512 6.23586828428 1.04463087797 0.952897908351 0.895490063891 1.94335455451 2.5445690563 0.299979740502 1.65121452692 0.30116133086
-9999.0 -9999.0 -9999.0 -9999.0 -9999.0 -9999.0 -9999.0 -9999.0 -9999.0 0.913456610831 5.73983099208 6.48495741223 2.20381209512 3.62913142745 4.9011162751 5.55022090651 0.668949772821 1.97179647041 1.31138975537 0.691063829228 0.659834239832 0.566217654514 1.11807803503 1.89464556187 0.637707311277 156.313873976 156.736817979 0.384795830867 0.279839491131 0.634318122027 0.943276449774 14.224989542 0.634357000596 7.40226078901 4.33665079053 3.62802529178 0.38741584769 0.798052131755 2.17341304784 0.356696225965 1.57677444179 0.712768607274 0.496675782592 0.198322603373 5.51187282361 11.9761776189 1.24917055189 1.16158341466 1.13036913147 0.233288652337 2.77638480173 0.222945447555 2.17148783868 0.244481381666
-9999.0 -9999.0 -9999.0 -9999.0 -9999.0 -9999.0 -9999.0 -9999.0 -9999.0 -9999.0 0.762414358913 8.01645661818 0.70863716684 1.4132164389 2.02435147848 3.20939092719 0.60644453213 1.28173258229 0.624572440604 0.56655578155 0.52524249678 1.03779545867 0.442953752159 0.506314505273 0.986559978607 0.557028229969 157.232832706 158.05027525 159.17583506 1.26668278993 0.315386248631 0.628675512584 14.5657107454 13.3417863869 5.05954288682 0.353133012358 1.54781636461 1.16858076167 2.53123840561 0.710936888569 2.99550966884 1.06043183512 0.7704738807 0.128710304881 0.217607901582 12.2885930652 12.5636244874 15.2006650563 1.87541655895 0.488063459286 3.03560216549 3.5103480761 5.89553854646 0.482576305394
-9999.0 -9999.0 -9999.0 -9999.0 -9999.0 -9999.0 -9999.0 -9999.0 -9999.0 -9999.0 -9999.0 0.399798161129 8.83648498698 0.655377050264 1.25075195266 5.63210303633 0.605745436445 0.59397741851 0.493117027018 1.09531012968 0.544808834363 2.1161801552 2.99903737972 3.3851439883 1.34442641816 1.68922949083 0.401970864153 0.505795241223 0.480095236604 161.223558649 162.142853129 14.8420474612 13.9029571091 13.6267985717 0.584845817743 0.278713924629 1.8653556638 5.04217142959 2.86002922809 1.03291019541 4.34962911741 1.46936482106 1.17124107479 0.234393497406 0.102145600402 0.0959772747834 0.122462289963 15.9142031848 18.5509015512 0.231473136073 0.204820474713 0.228264451722 6.11203942203 6.79146129175
-9999.0 -9999.0 -9999.0 -9999.0 -9999.0 -9999.0 -9999.0 -9999.0 -9999.0 -9999.0 -9999.0 0.362194795312 9.69823164834 11.8278425707 0.609677363501 6.82922087752 0.542580751399 0.501445240663 1.01133232466 2.64323762289 0.513705200363 0.556880331224 0.428438320941 4.22923908583 4.61424844081 6.73064908755 7.48465796421 7.86743777832 8.24306749604 8.62231215235 171.18782441 186.680613433 201.204459571 201.517696726 0.287353774302 0.284742969051 5.68213292241 5.36500453552 0.320709208539 0.322078689479 4.67479962878 6.47434816359 0.25108865253 2.9251043999 2.74653073221 0.576188699962 0.283030283178 0.489101284491 0.305765054215 19.0496903918 0.255353462572 0.658057658194 0.836640250113 8.18963820928
-9999.0 -9999.0 -9999.0 -9999.0 -9999.0 -9999.0 -9999.0 -9999.0 -9999.0 -9999.0 -9999.0 0.801002709468 1.51238421076 12.5127230656 13.6200608752 0.5588663658 7.92692166518 0.428377593753 1.34645989311 3.09426250096 0.972574886877 0.454842585791 0.943799341032 0.348829317327 0.65927657005 0.320171196249 0.277752871184 0.206001779684 0.179398362996 0.163335841891 0.162153059862 0.250905852248 0.340719191526 0.432323545395 202.553511033 6.70171936079 6.19256724375 0.234064063797 0.907716634825 0.23286594723 0.208284874391 6.76208754567 10.5907185286 3.2662075759 2.53327769295 0.351691176492 0.147809380493 0.126539722402 0.346156902149 19.6542944136 20.1351332414 0.253111914886 0.259714881423 0.200222488102
-9999.0 -9999.0 -9999.0 -9999.0 -9999.0 -9999.0 -9999.0 -9999.0 -9999.0 -9999.0 -9999.0 -9999.0 0.625166437825 9.17556306602 23.4057702062 25.2633224989 33.7109615827 34.2500825291 6.84497089415 5.00241590448 1.43896387963 0.443282542804 1.80559960896 2.20679978381 3.2000440761 0.669522312601 0.584388543702 0.523713947605 1.00580848902 0.456278558041 0.438380034463 0.215022153165 0.119435856244 0.143671383545 202.864878658 209.748048806 210.062636723 0.243775553786 2.45681415206 1.04626478183 0.314768688195 11.6297207365 0.75561999717 0.395538462775 1.67490743665 0.305714863592 0.249747787428 0.472721708782 0.670039206328 0.902442848745 20.5303239233 0.183962448798 0.155735472978 0.155408128393
-9999.0 -9999.0 -9999.0 -9999.0 -9999.0 -9999.0 -9999.0 -9999.0 -9999.0 -9999.0 -9999.0 0.727587542571 7.02254904355 8.507839497 1.29902658524 0.394797823973 0.859692773233 35.604474836 36.0707422807 43.4300270727 0.374544007085 0.810835563457 0.323299534984 0.331210953485 3.52037661337 4.50848448985 5.3696169197 0.267393667773 1.27347488894 1.98917959041 1.14799763341 0.467041321601 0.305200728328 0.255932907309 0.267644307031 0.155921812748 210.320224949 210.511597797 213.363556574 0.496276362891 0.266926912899 11.9504997933 0.812953033461 0.424892408768 0.481515274752 0.476979386841 0.400245215541 0.680490786573 1.91167904382 3.07061577668 23.7876166236 0.12883129571 0.390915316471 0.266864464791
-9999.0 -9999.0 -9999.0 -9999.0 -9999.0 -9999.0 -9999.0 -9999.0 -9999.0 -9999.0 -9999.0 0.750423676269 4.97023020648 0.768744456392 0.625708210058 3.44285316486 3.97452951765 4.49495952671 4.93945817161 58.7611033625 59.1617262875 59.9223786618 65.9355001662 66.9533850821 67.4980262948 67.8370035713 73.8416259729 74.5475798018 74.8472954511 77.1592731424 78.6258854463 78.8791221351 79.6186637001 0.489375494624 0.404567026425 0.0802891487583 0.0925998528237 210.731094034 214.289288347 0.733769515092 14.0344363297 13.7793146383 1.50076858553 0.347871956541 0.359410909562 0.341292406806 0.340474319076 0.689029065154 0.975765225067 0.283007770009 23.9641098339 24.1552662029 24.971362808 25.1208602146
-9999.0 -9999.0 -9999.0 -9999.0 -9999.0 -9999.0 -9999.0 -9999.0 -9999.0 -9999.0 -9999.0 2.59272925996 3.41953025791 1.55959836789 2.27156527374 0.698248198105 7.88202955212 8.44356299838 9.54098511709 9.941806612 3.50505676659 64.0852702423 64.4609798665 0.333682331691 0.209294507316 0.179791901657 0.405164373122 0.182663210359 0.120405568084 0.103911580721 0.117966713342 79.084402094 79.8454603087 80.6267820454 81.2674980539 81.6036064966 0.141074701315 0.042757109087 228.937268649 14.4724156128 14.3089208272 0.280250345734 0.268069798621 0.240160565443 0.605848052721 0.589088496546 0.254960208898 0.257769526677 0.22480608428 0.498924758289 0.648147496925 0.119275134947 0.211457347896 0.0705040578955
-9999.0 -9999.0 -9999.0 -9999.0 -9999.0 -9999.0 -9999.0 -9999.0 -9999.0 -9999.0 -9999.0 -9999.0 1.75339559416 0.810654199784 0.708691651453 6.75425787318 7.35064761835 0.593854794862 2.25549580828 2.75594831903 3.14847055911 0.464425358948 0.320836729785 9.11851053575 9.37076688452 9.60202887815 24.6126431253 24.7666648902 25.0028234368 26.6413504639 27.31137514 27.3982098707 0.0850777091419 0.0934221846643 0.0974180112621 81.8709633776 0.0977661049037 231.08303296 230.922624975 1.83136480514 1.62020677865 1.05001008979 0.262827896005 0.476350774882 0.855571686332 0.841209522619 0.492963258269 0.241987436963 0.462462899374 0.440322848483 0.826880398699 0.10799614051 0.304900063489 0.506597534683
