data/baseflow/History/mHMbfrc256
ncols                  80
nrows                 72
xllcorner      4374000.0
yllcorner      5656000.0
cellsize            500
NODATA_value       -9999
[rows 0 to 23 of 72, columns 0 to 53 of 80]
-9999.0 -9999.0 -9999.0 -9999.0 -9999.0 -9999.0 -9999.0 -9999.0 -9999.0 -9999.0 -9999.0 -9999.0 0.699959831346 0.70854897588 -9999.0 -9999.0 -9999.0 -9999.0 -9999.0 -9999.0 -9999.0 -9999.0 -9999.0 -9999.0 -9999.0 -9999.0 -9999.0 -9999.0 -9999.0 -9999.0 -9999.0 -9999.0 -9999.0 -9999.0 -9999.0 -9999.0 -9999.0 -9999.0 -9999.0 -9999.0 -9999.0 -9999.0 -9999.0 -9999.0 -9999.0 -9999.0 -9999.0 -9999.0 -9999.0 -9999.0 -9999.0 -9999.0 -9999.0 -9999.0
-9999.0 -9999.0 -9999.0 -9999.0 -9999.0 -9999.0 -9999.0 -9999.0 -9999.0 -9999.0 -9999.0 -9999.0 1.30205489008 3.20301329784 0.58456132594 -9999.0 0.531683470084 -9999.0 -9999.0 -9999.0 -9999.0 -9999.0 -9999.0 -9999.0 -9999.0 -9999.0 -9999.0 -9999.0 -9999.0 -9999.0 -9999.0 -9999.0 -9999.0 -9999.0 -9999.0 -9999.0 -9999.0 -9999.0 -9999.0 -9999.0 -9999.0 -9999.0 -9999.0 -9999.0 -9999.0 -9999.0 -9999.0 -9999.0 -9999.0 -9999.0 -9999.0 -9999.0 -9999.0 -9999.0
-9999.0 -9999.0 -9999.0 -9999.0 -9999.0 -9999.0 -9999.0 -9999.0 -9999.0 -9999.0 0.579618792467 0.543992286298 0.571400453871 0.561127387757 4.24927340521 4.79089010841 1.48030739104 0.472801745265 -9999.0 -9999.0 -9999.0 -9999.0 -9999.0 -9999.0 -9999.0 -9999.0 -9999.0 -9999.0 -9999.0 -9999.0 -9999.0 -9999.0 -9999.0 -9999.0 -9999.0 -9999.0 -9999.0 -9999.0 -9999.0 -9999.0 -9999.0 -9999.0 -9999.0 -9999.0 -9999.0 -9999.0 -9999.0 -9999.0 -9999.0 -9999.0 -9999.0 -9999.0 -9999.0 -9999.0
-9999.0 -9999.0 -9999.0 -9999.0 -9999.0 -9999.0 -9999.0 -9999.0 -9999.0 0.549468121466 1.13595687814 2.24481247538 1.10452530297 0.53707421891 1.05794649433 5.29588713049 7.84058909116 0.523506258914 -9999.0 0.548657775075 -9999.0 -9999.0 -9999.0 -9999.0 1.02623757001 0.525901986121 -9999.0 -9999.0 -9999.0 -9999.0 -9999.0 -9999.0 -9999.0 -9999.0 -9999.0 -9999.0 -9999.0 -9999.0 -9999.0 -9999.0 -9999.0 -9999.0 -9999.0 -9999.0 -9999.0 -9999.0 -9999.0 -9999.0 -9999.0 -9999.0 -9999.0 -9999.0 -9999.0 -9999.0
-9999.0 -9999.0 -9999.0 -9999.0 -9999.0 -9999.0 -9999.0 -9999.0 0.599282243509 1.71543042152 2.23895168244 2.7792988628 3.87206696212 0.510173634467 2.0413322779 2.53128424105 11.3710388032 0.476678853009 0.450819714787 1.03771659615 1.50891823025 0.48783014982 -9999.0 2.61837622559 2.14437352506 0.574540069032 -9999.0 -9999.0 -9999.0 -9999.0 -9999.0 -9999.0 -9999.0 -9999.0 -9999.0 -9999.0 -9999.0 -9999.0 -9999.0 -9999.0 -9999.0 -9999.0 -9999.0 -9999.0 -9999.0 -9999.0 -9999.0 -9999.0 -9999.0 -9999.0 -9999.0 -9999.0 -9999.0 -9999.0
-9999.0 -9999.0 -9999.0 -9999.0 -9999.0 -9999.0 0.626061336329 0.564075495627 0.53773091 0.545446386505 0.550150200711 3.90059145852 8.31285186743 8.84634861308 9.2633690664 0.380743569297 12.2342486674 12.6878498713 0.936270792657 0.482724606913 1.97227820519 3.40213178153 0.499348438656 4.12624447929 0.493087098422 0.508499273198 0.511127423651 -9999.0 -9999.0 -9999.0 -9999.0 -9999.0 -9999.0 -9999.0 -9999.0 -9999.0 -9999.0 -9999.0 -9999.0 -9999.0 -9999.0 -9999.0 -9999.0 -9999.0 -9999.0 -9999.0 -9999.0 -9999.0 -9999.0 -9999.0 -9999.0 -9999.0 -9999.0 -9999.0
-9999.0 -9999.0 -9999.0 -9999.0 -9999.0 -9999.0 1.24780716804 1.83662115682 4.11878735302 5.71495768778 0.499985673087 0.530410016754 0.501737067004 1.4502311556 11.1518256861 0.403059121517 13.1342351213 14.9159976602 1.38532374063 0.912596860555 3.83673526994 0.464187976925 4.5887882872 0.907631670085 0.452344643423 0.947308232444 1.00922242588 0.514853863346 0.535490414773 0.526215709161 0.544284891124 1.0906757733 -9999.0 -9999.0 -9999.0 -9999.0 -9999.0 -9999.0 -9999.0 -9999.0 -9999.0 -9999.0 -9999.0 -9999.0 -9999.0 -9999.0 -9999.0 -9999.0 -9999.0 -9999.0 -9999.0 -9999.0 -9999.0 -9999.0
-9999.0 -9999.0 -9999.0 -9999.0 -9999.0 0.662988730167 1.29028435928 0.620624798615 1.19861658682 6.29156349157 7.34004606973 8.39974446454 27.1751538101 0.478625840849 11.6238766274 42.5709536929 42.929690024 58.4635129174 0.387448401244 1.34580418858 4.27397350028 0.433943417028 9.74746357384 4.70690735334 2.88816877098 2.4277673035 0.491714241068 1.53913651892 1.57104874915 1.04744116164 0.508769564489 1.61232395571 0.503690279196 0.49816823836 -9999.0 -9999.0 -9999.0 -9999.0 -9999.0 -9999.0 -9999.0 -9999.0 -9999.0 -9999.0 -9999.0 -9999.0 -9999.0 -9999.0 -9999.0 -9999.0 -9999.0 -9999.0 -9999.0 -9999.0
-9999.0 -9999.0 -9999.0 -9999.0 -9999.0 0.671720229666 1.96226012664 3.89054381306 4.48775352172 8.87958756791 9.44132359199 11.1825988853 18.2940323956 28.66496961 29.6528933113 30.1022411299 0.824439083209 59.9496639783 60.7372918713 62.9569736656 78.7368075065 11.0717285846 10.2063895524 3.34257526382 0.45112233945 2.8916452951 1.97968417205 0.426837067911 2.03276492567 0.458265864618 0.958490944588 2.57939697117 3.06338458649 0.977321689976 0.473989000589 0.476913547049 -9999.0 -9999.0 -9999.0 -9999.0 0.524929741085 0.468556355743 -9999.0 -9999.0 -9999.0 -9999.0 -9999.0 -9999.0 -9999.0 -9999.0 -9999.0 -9999.0 -9999.0 -9999.0
-9999.0 -9999.0 -9999.0 -9999.0 -9999.0 0.65576235623 0.629075957793 2.58278294958 3.18734231024 3.80722312301 0.58905378241 1.16929871855 6.7025393358 1.18805260852 0.540527604964 0.491935811906 0.433896372129 0.485345122866 0.475963933685 0.480411354907 79.1906629321 80.4854084752 0.429066124741 1.32276895467 0.898794322184 3.32244401882 0.860286677193 0.414438698142 2.49716400387 0.900700197238 2.19474820191 5.39118327234 4.97531366533 1.43327148735 1.39753147369 0.485587329607 0.486838558762 -9999.0 -9999.0 0.498251265505 1.08386592275 2.52829802966 0.491403150837 -9999.0 -9999.0 -9999.0 -9999.0 -9999.0 -9999.0 -9999.0 -9999.0 -9999.0 -9999.0 -9999.0
-9999.0 -9999.0 -9999.0 -9999.0 -9999.0 -9999.0 0.6789738036 0.662041045155 1.28906311352 1.92356070426 4.35943841362 5.56966130202 6.16928854249 0.642176511363 0.49449594727 6.54126097295 7.99192329343 8.45100192494 10.382973553 10.8336451895 0.441076938186 80.9301377532 83.0439893351 1.67954069445 0.237156875463 3.6948332455 8.23729533336 3.30271574606 0.829821570139 0.421449550052 8.42108054225 5.82140456534 0.410332347419 0.419930098193 1.82922621229 1.4229157238 0.450773655895 0.432603005499 0.478557562033 0.968787369744 0.46941338873 3.06903436335 3.51833041684 0.423266698725 -9999.0 -9999.0 -9999.0 -9999.0 0.485321390002 0.4644948244 0.154511129495 -9999.0 -9999.0 -9999.0
-9999.0 -9999.0 -9999.0 -9999.0 -9999.0 -9999.0 -9999.0 0.650207680627 0.581426700926 1.22612505812 1.84863567596 0.609134378518 0.544067728867 3.45004771732 4.49376421972 5.56238960883 0.496415801977 1.00433412125 0.487758866724 11.2937607356 25.3432618081 25.8257286754 109.772831442 0.422399469156 0.738140981882 0.233981862675 8.62721195495 0.404137882989 1.25664690972 0.412833962553 8.8276230816 9.23532382717 0.826748198673 0.836930048498 4.61317615946 2.32954223734 0.890189139918 0.457170164857 0.956152494654 1.44069832961 2.35306258551 0.435962887278 4.34506573654 4.72504503856 0.354698696654 0.380654048883 0.397455850278 0.365078933046 0.3547039137 1.3532045977 0.566071299882 0.382143142916 -9999.0 -9999.0
-9999.0 -9999.0 -9999.0 -9999.0 -9999.0 -9999.0 -9999.0 -9999.0 1.25559318607 1.80973732862 0.611935920968 1.23869119216 1.81088141102 2.94597920551 0.578511243333 0.560760055525 0.492179089075 0.497616461391 0.455238086271 13.1264685261 0.493956896718 0.971627429537 111.263446734 112.234335933 0.3912568874 1.5206010259 10.5226561394 0.796906326659 1.62497576033 0.757426314337 1.11850615229 10.7956178991 1.2008297053 6.6255449198 5.423269743 0.413323526662 2.21534389731 0.895173645125 1.39394678989 0.435998200764 2.77025983967 3.5906610257 3.92330729069 4.24054556393 6.06658153138 0.678453341459 0.719234799763 0.66603514697 0.641528934859 1.69162153479 0.357343473052 1.31528229214 1.65712509497 -9999.0
-9999.0 -9999.0 -9999.0 -9999.0 -9999.0 -9999.0 -9999.0 -9999.0 0.653096848929 3.10118594135 3.70186973013 0.601313862176 1.17176014974 0.569977502892 0.532273850835 0.524680650928 6.44225395379 8.50432903673 10.5355944683 12.6104250494 0.513578517963 0.484647281988 0.479236038489 114.512771069 115.631735465 116.039676594 14.1377574866 3.19156110306 2.7916701871 0.340927644285 1.46514072611 12.6155719261 0.357883746654 6.98722165987 0.408160902826 2.87921342212 2.65924985372 0.432716230836 1.8295352749 0.869483136893 1.29982005469 0.38529505469 0.309174693938 4.55420902611 4.85026971301 6.36188425892 1.03894115492 0.972411048299 0.944901169444 2.06245705574 2.78339811162 0.359610765097 2.01155133793 0.377603733763
-9999.0 -9999.0 -9999.0 -9999.0 -9999.0 -9999.0 -9999.0 -9999.0 -9999.0 0.659818610709 4.32170292046 4.91484283384 1.74667115648 2.87319404296 3.92092930274 4.43591719597 0.516632361694 1.57442767476 1.04081990917 0.524453444275 0.522143250379 0.48678717445 0.952353240514 1.6327777971 0.56307695783 131.20252375 131.612467642 0.362983107432 0.299649039937 0.701134219615 1.04992380703 13.6593550001 0.699914545126 7.30553483604 4.41152140016 3.64806016539 0.409402165273 0.834877600653 2.22852551225 0.397767044235 1.69378339679 0.766232406733 0.508364273463 0.189989278135 5.52003018647 12.1313162363 1.27211836418 1.21022442777 1.24011574576 0.303239801455 3.08719788049 0.297174327092 2.68301957834 0.337706945768
-9999.0 -9999.0 -9999.0 -9999.0 -9999.0 -9999.0 -9999.0 -9999.0 -9999.0 -9999.0 0.585171042376 6.0933532572 0.572943433607 1.13264569098 1.63503882358 2.63658467594 0.512838109705 1.05267428222 0.519792451467 0.496257416156 0.47081534834 0.931501732955 0.419797255046 0.454768708865 0.899980333727 0.508442304331 132.068403695 132.841929906 133.93647781 1.38557509253 0.36051735219 0.718831374623 14.0314899242 13.5025309998 5.18638567053 0.384699873929 1.64108214045 1.23654876413 2.62846008168 0.795988913396 3.2474305545 1.15393349606 0.827369869193 0.109426235015 0.211834217191 12.4389771385 12.7229842953 15.4558666801 2.17869621751 0.621200254199 3.41070583634 4.02534451304 7.00704802178 0.663821653903
-9999.0 -9999.0 -9999.0 -9999.0 -9999.0 -9999.0 -9999.0 -9999.0 -9999.0 -9999.0 -9999.0 0.325275689182 6.77718689215 0.539930387381 1.03791005282 4.67517786288 0.51366146965 0.509782680057 0.462499725022 0.983495324835 0.485262851377 1.89461016276 2.73189023651 3.11943982417 1.25557089294 1.57571484837 0.374179577247 0.461704314029 0.468829767389 136.197825387 137.286598742 14.3418299238 14.1326327705 13.819989882 0.675000453834 0.329803743559 2.00833222453 5.38145910912 3.00648218523 1.17141561748 4.78253232788 1.60281756448 1.25736883973 0.224003111382 0.100260617364 0.0994024018005 0.143210948029 16.1433592723 19.1997812379 0.299945328042 0.278252187413 0.302686454409 7.3088146431 8.26443083449
-9999.0 -9999.0 -9999.0 -9999.0 -9999.0 -9999.0 -9999.0 -9999.0 -9999.0 -9999.0 -9999.0 0.311866575398 7.51324349025 9.21050377711 0.508012727162 5.68925465546 0.480187016458 0.46627647408 0.94163137507 2.41093847502 0.473663714445 0.491152428193 0.415834960294 3.93895802063 4.33102944033 6.32222467785 7.04096632115 7.40428723107 7.76020670715 8.21916259618 145.930399376 160.89927848 175.629921767 175.936430604 0.298133879518 0.336536819221 6.11798014421 5.75229831184 0.372064395938 0.370940115845 5.14768130337 7.11090120216 0.306924496091 2.86170906941 2.63325571029 0.487678879689 0.266427655634 0.443168555253 0.308633177888 19.7520996836 0.279172890022 0.839374429835 1.07233453292 9.9723294344
-9999.0 -9999.0 -9999.0 -9999.0 -9999.0 -9999.0 -9999.0 -9999.0 -9999.0 -9999.0 -9999.0 0.615747376084 1.17188932637 9.75717319925 10.7330265149 0.484969556696 6.680190877 0.417941221077 1.29940789441 2.84573472407 0.916923784489 0.441814538147 0.884354179875 0.365054934371 0.720623344214 0.370397431532 0.332812197701 0.258648674924 0.213475791038 0.185442135421 0.170610752601 0.248868437777 0.327795006515 0.416321972995 177.020480658 7.25313830508 6.67043497908 0.259342192137 1.0716617705 0.304542458045 0.262623907643 7.44880184334 11.3319685957 3.22831089471 2.41179738711 0.276596792773 0.119501726069 0.110775728592 0.354736143667 20.3845668304 20.9120110881 0.273111415202 0.281335589137 0.221353106908
-9999.0 -9999.0 -9999.0 -9999.0 -9999.0 -9999.0 -9999.0 -9999.0 -9999.0 -9999.0 -9999.0 -9999.0 0.537532417511 7.15958717426 18.407414905 19.9291010177 27.0764210978 27.5793383251 6.43258838819 4.65986479862 1.36595070353 0.437216019039 1.73981840235 2.14570066211 3.24184103596 0.753766450143 0.694984276744 0.625741616402 1.19621246432 0.537651778188 0.507087886893 0.265497793344 0.127106971157 0.161193022094 177.388177148 184.94778906 185.29563016 0.265930171453 2.89931125805 1.28151169428 0.366127090062 12.4341714501 0.772321651771 0.396167791823 1.61413493657 0.314209115995 0.27367368945 0.516017814724 0.751285704527 1.01263044339 21.3696920382 0.219214136206 0.198321888207 0.199529392561
-9999.0 -9999.0 -9999.0 -9999.0 -9999.0 -9999.0 -9999.0 -9999.0 -9999.0 -9999.0 -9999.0 0.58443626977 5.46744949221 6.61454452288 1.03669806291 0.338847547262 0.76285116593 28.7928221972 29.2341663456 36.1556094228 0.398565223563 0.832665964559 0.370550218139 0.375608583625 3.60512391363 4.7215159149 5.75675697001 0.334936470943 1.5300434626 2.39606079183 1.41296837458 0.588053210575 0.388743865987 0.317453687186 0.322576843728 0.18220899019 185.57605459 185.801974528 189.161432242 0.618848465026 0.326940319058 12.7896509945 0.83395201931 0.422886338008 0.448081062182 0.443894103162 0.413179200468 0.69482338293 2.05258295017 3.34239781724 24.9356627569 0.171033709578 0.520830478535 0.355770896805
-9999.0 -9999.0 -9999.0 -9999.0 -9999.0 -9999.0 -9999.0 -9999.0 -9999.0 -9999.0 -9999.0 0.595580822359 3.77522266386 0.585407738801 0.517252845709 2.69641396463 3.14962136983 3.60630878559 4.038958423 48.5836088321 48.9702174263 49.7562799327 55.3815530705 56.4466203273 57.0112056024 57.3839237031 63.7783116101 64.5868378927 64.9313480888 67.6732269192 69.4446160199 69.7713808029 70.7162187058 0.62899281507 0.5175340361 0.0971486064902 0.121101310566 186.043471993 190.269344274 0.884068796049 15.0374056256 14.7222958349 1.57469072756 0.383033655327 0.391427188388 0.380550585352 0.374553971811 0.751787442147 1.08165575226 0.311028015457 25.1486002438 25.3730066123 26.4480483825 26.6396212046
-9999.0 -9999.0 -9999.0 -9999.0 -9999.0 -9999.0 -9999.0 -9999.0 -9999.0 -9999.0 -9999.0 1.9435676506 2.56984699909 1.19729600334 1.74650477639 0.540807039213 6.19639372822 6.66803143764 7.59872187183 7.95160991737 3.05768228064 53.4199180303 53.7948346933 0.303050919347 0.192382311438 0.145440922778 0.359949015479 0.178307906477 0.121147406846 0.118032857236 0.156505394449 70.0145734738 70.9882496778 71.9481580427 72.7643148985 73.220924919 0.196574421183 0.0789467505081 206.05458179 15.5694331604 15.363250993 0.33562141973 0.312639631459 0.292608801072 0.697955565957 0.686532978808 0.322071440321 0.323483057346 0.306469881653 0.614126435481 0.816087035736 0.157933448887 0.293812859031 0.111829934658
-9999.0 -9999.0 -9999.0 -9999.0 -9999.0 -9999.0 -9999.0 -9999.0 -9999.0 -9999.0 -9999.0 -9999.0 1.31213153942 0.617327545659 0.56492594147 5.25865282975 5.73975110243 0.488543916709 1.89446488743 2.33074778633 2.69307863809 0.412378998121 0.312952565914 7.77004000477 8.02120985851 8.25132400598 21.7631093126 21.9163829619 22.1408021049 23.607082172 24.2897941462 24.3946524613 0.1110016066 0.114745037727 0.146469444691 73.5479498712 0.131363838657 208.787249675 208.550423345 2.29882846974 2.05616424074 1.29371030665 0.329763094128 0.582217336122 0.999596319938 0.988925730566 0.630742276467 0.313176207467 0.613763178812 0.614725269304 1.09077894945 0.219738281222 0.502308130045 0.800209062771
