data/baseflow/History/mHMbfrc347
ncols                  80
nrows                 72
xllcorner      4374000.0
yllcorner      5656000.0
cellsize            500
NODATA_value       -9999
[rows 24 to 47 of 72, columns 0 to 53 of 80]
-9999.0 -9999.0 -9999.0 -9999.0 -9999.0 -9999.0 -9999.0 -9999.0 -9999.0 -9999.0 -9999.0 -9999.0 0.504313258189 1.3037322896 1.67554477998 2.77529868369 0.284722517165 0.585338416333 0.860845410276 3.58674380709 3.78506785149 3.93298168661 4.10779627472 4.32551455563 7.17507794098 7.7897537766 8.07410692583 0.0882284178657 0.651225940509 0.7362821647 14.0948193538 14.3786985081 14.5324510863 14.6984346518 14.7922085175 60.1777572206 0.12530524644 126.644240898 0.0618872726696 0.0265516954506 0.78974902283 0.722930752245 0.0807089113493 0.396895836456 0.598158899739 0.585032505242 0.402664428817 0.658921987438 1.04230049693 0.400671663825 0.990544254561 0.0657381203262 0.107820814519 0.00918708098435
-9999.0 -9999.0 -9999.0 -9999.0 -9999.0 -9999.0 -9999.0 -9999.0 -9999.0 -9999.0 -9999.0 -9999.0 0.436531705185 0.864304851337 0.389051313258 0.757857873195 0.298191666497 2.4888355873 3.0367750333 3.32593890485 0.259075829357 0.487423492054 5.58773165139 6.8022747348 6.99473791143 0.418727012311 0.391254029753 0.521739868818 0.0665083565116 0.0559251033265 0.101090988564 0.0459532256317 10.9424577319 11.0052755595 11.0379999709 60.3554742751 127.161520256 126.660200714 0.0384276519941 0.0235292653246 0.0203184741021 0.129251865547 0.112442579392 0.448941379018 0.684988553709 1.40002319571 0.130177447002 0.129437924946 1.13016433389 1.2189138969 2.38290541759 2.42066959286 2.53834618285 2.55521712655
-9999.0 -9999.0 -9999.0 -9999.0 -9999.0 -9999.0 -9999.0 -9999.0 -9999.0 -9999.0 -9999.0 -9999.0 -9999.0 0.398350370785 0.802353088478 1.21593243296 1.85709452153 0.331695337315 0.284361072188 2.67883581489 2.93614814876 5.1519411555 5.43797850161 0.802460274761 0.23597193161 0.201404109382 0.185420340434 10.5989314361 10.6795549823 10.748072635 10.7976079665 10.8895591561 0.914188547252 0.98229495728 12.0685043999 199.677477334 0.316163888221 0.196989404518 0.071210779294 0.0230315523452 0.0162628610126 0.167836080103 0.178647073264 0.478569843529 0.0152822459242 1.42480633034 0.180921745538 0.176057565012 0.0147830406897 0.00805911192684 0.00716864866668 0.0150167085089 0.00794455792804 2.56571172419
-9999.0 -9999.0 -9999.0 -9999.0 -9999.0 -9999.0 -9999.0 -9999.0 -9999.0 -9999.0 -9999.0 -9999.0 -9999.0 -9999.0 0.365159578349 0.859531041492 1.34251721114 1.82796719127 2.1123003247 2.41010464805 0.855494057737 1.44642957172 0.277851562698 0.251438290363 9.55128464011 10.0231546493 10.2342004131 10.456266095 0.137390000693 0.223026483507 0.667935205856 0.747489507855 0.828911873185 0.0829572577978 0.094480373734 200.051629187 0.129939276105 0.0972307009493 0.0469841580214 0.13463455598 0.0631381370791 0.0343301422232 0.682160590303 0.731261414016 0.0178676298301 1.4509306772 1.63959868694 0.184570293712 34.47638622 34.4553590066 34.4394782538 34.396117191 34.3665987119 33.8778254513
-9999.0 -9999.0 -9999.0 -9999.0 -9999.0 -9999.0 -9999.0 -9999.0 -9999.0 -9999.0 -9999.0 -9999.0 -9999.0 -9999.0 0.183921378754 0.395412187278 0.505353921181 5.74022561181 6.03526698087 0.303610626522 0.289589658163 0.295077171213 8.51758885442 9.07921678436 0.264089128583 0.266410499047 0.200380219997 0.864239890441 1.07814735623 0.436937784525 0.557919438832 5.18655879565 5.30291369204 5.57322144749 8.60578009053 208.771898885 0.141691695339 0.0389992999299 0.227610828029 0.181752918165 0.0363412502592 0.108982532934 0.143794705021 0.7697141959 0.803158056696 2.49914575774 1.65609458783 0.200333766158 35.0511877762 0.249739258919 34.4238428082 34.4111736704 0.458456768011 0.0598338621668
-9999.0 -9999.0 -9999.0 -9999.0 -9999.0 -9999.0 -9999.0 -9999.0 -9999.0 -9999.0 -9999.0 -9999.0 -9999.0 -9999.0 0.906980820089 1.5073183332 2.96796730892 5.3298226716 6.56860227181 7.39954087887 7.68685338886 7.98394050243 8.27034791876 0.269395330134 0.232417822488 0.454628722848 0.424147089257 0.233808058455 4.52544098285 4.73234331836 4.91936346593 5.09179998137 2.61560981147 2.67323148731 2.88266187742 208.868337094 0.274591118318 0.115336891848 0.37889617454 0.0449493615272 0.106694601084 0.0659033363059 0.0318689391904 0.191054565834 0.0255312324358 0.0265581088774 37.6978299155 35.1800535155 35.1543429656 0.108100525427 0.238682697467 0.136230055311 0.0180089541756 0.337115210435
-9999.0 -9999.0 -9999.0 -9999.0 -9999.0 -9999.0 -9999.0 -9999.0 -9999.0 -9999.0 -9999.0 -9999.0 -9999.0 -9999.0 0.626279664065 0.619253245624 1.2266154548 1.80887055555 0.423508608867 0.393160422191 0.709044077899 1.01561864937 1.59693306545 1.87375990208 2.10222737777 2.79661342015 3.00551184686 3.25212629181 0.212874633465 2.16739164393 2.32061597789 2.43511687564 0.0832240930694 0.0573424191652 0.0834577503145 211.84032741 211.930986533 212.365907002 0.51964130986 0.0968407148594 0.149645887856 0.0304299172571 0.0581989413604 0.222521087745 0.27096138195 0.0485700889392 37.8342205004 0.0545554628253 0.062728270658 0.0646900560377 0.065727469956 0.0961096409326 0.0413594615479 0.25852144513
-9999.0 -9999.0 -9999.0 -9999.0 -9999.0 -9999.0 -9999.0 -9999.0 -9999.0 -9999.0 -9999.0 -9999.0 -9999.0 -9999.0 -9999.0 0.60853647037 1.18826083594 0.535404666634 1.08609992549 6.64196467424 6.98079887325 7.26084544008 0.283449980305 0.283641551636 0.511712554446 0.751496409576 1.15877045806 1.37773328185 1.55173020195 1.75086435456 0.151297653281 0.114561342606 2.59269946966 2.65759182621 2.71140993516 2.79060937012 2.64802326771 215.337806564 216.302494468 216.340569509 216.522097041 216.698482886 216.778805829 0.0257538108872 0.294672303766 37.857578142 0.0540136113275 0.0277104940926 0.0522166251644 0.0549115773709 0.0865481324174 0.0520143601115 0.0310393027534 0.0489581697192
-9999.0 -9999.0 -9999.0 -9999.0 -9999.0 -9999.0 -9999.0 -9999.0 -9999.0 -9999.0 -9999.0 -9999.0 -9999.0 -9999.0 -9999.0 -9999.0 1.76532884969 2.3135245529 3.97268286925 5.03771585844 0.505173181518 8.10943810838 8.38101128344 8.628287234 0.240005977257 0.468920503602 0.199771797166 1.55856824573 1.71133636606 1.90294263441 2.06840364018 2.45241281139 2.53290611958 0.0516462884863 2.28861871087 2.46221508586 2.56964507108 2.88180779072 0.367913500623 0.214981102467 0.103660600805 0.0986868123864 216.874101667 216.910211203 217.433260457 37.883965836 0.178702373449 0.101495393102 0.0744118234928 0.0173437679314 0.197088136419 0.0874567546628 0.0282745936972 0.154477015612
-9999.0 -9999.0 -9999.0 -9999.0 -9999.0 -9999.0 -9999.0 -9999.0 -9999.0 -9999.0 -9999.0 -9999.0 -9999.0 -9999.0 -9999.0 -9999.0 0.595115921761 2.88440782445 3.45308279391 0.504937907057 0.305764314593 0.649433545894 0.94793501839 9.83449502461 0.237800066184 0.957393235453 1.16655914128 1.37042517415 0.150010933236 0.327482865962 0.419164063957 1.76634844985 1.96551166263 2.06363722506 0.089069925918 0.0705998581215 0.0666777875596 0.123020295773 0.0458041662849 0.0477754859533 0.0695265635537 0.0627907668287 0.0698182459096 0.206027016813 217.471870115 255.466746104 0.221640256965 0.0544536984275 0.0211039174764 0.576449711893 0.537894592653 0.308159700059 0.27301602221 0.196141061106
-9999.0 -9999.0 -9999.0 -9999.0 -9999.0 -9999.0 -9999.0 -9999.0 -9999.0 -9999.0 -9999.0 -9999.0 -9999.0 -9999.0 -9999.0 0.554941010725 1.69240936684 0.546330898507 0.42438035608 0.348888647189 0.662541583843 0.975969992968 1.30561200731 11.5832541012 11.8101037369 0.235100510505 0.445587982461 0.659360948602 0.829617190818 0.974658981537 1.47328268651 1.66881462001 0.0762369728628 0.0737566424001 0.0671655803361 0.0713474499075 0.0736382803895 0.0808319963344 0.0687103353986 0.0890977296094 0.302310550588 0.145517170784 0.0769170332421 0.0766388064617 0.0442806170951 0.0799854243746 257.876286191 2.14848719619 0.787246765061 0.145762130876 0.0746902273132 0.0376357182742 0.10264037123 0.0591176095579
-9999.0 -9999.0 -9999.0 -9999.0 -9999.0 -9999.0 -9999.0 -9999.0 -9999.0 -9999.0 -9999.0 -9999.0 -9999.0 -9999.0 0.589571745297 1.1268487274 3.91558947575 0.530989977966 0.920163698802 1.25220020494 1.55060378566 0.316857882597 0.578455770116 0.974347178692 13.1888830754 0.219443886526 0.414699538049 0.617169882251 0.194172255399 0.375338956005 0.445963575046 0.593121449055 20.0916380597 20.2386485761 20.3741199945 20.9719620208 21.1919228679 21.6318492791 0.106180608578 0.2464433649 0.355447837442 22.946616311 23.065564898 0.0692232754524 0.0976875442215 0.125951265211 257.942491329 2.0566226021 1.06047667845 0.963940481345 0.801897292671 0.694600983929 0.134843335288 0.0388135811983
-9999.0 -9999.0 -9999.0 -9999.0 -9999.0 -9999.0 -9999.0 -9999.0 -9999.0 -9999.0 -9999.0 -9999.0 -9999.0 -9999.0 0.589889325885 1.79693550781 6.30007819397 9.37901572323 0.488892384893 12.1790677109 14.2114653579 0.288801994058 0.548648963277 0.905548094014 15.8804311385 16.2066643024 0.166213048927 0.952079707156 1.10987763498 1.2375797309 19.0981406134 19.2972245254 19.4478078924 0.0789405217433 0.440205179936 0.521080294088 0.210538058238 0.295399159451 22.0556982726 22.4290481662 22.4938034585 22.5546452461 23.1380214447 0.0355690571506 0.0309548348673 0.187052047806 258.002243983 0.105218700332 0.0269492915625 0.0829043404319 0.0356216172877 0.588631943633 0.54661012 0.336473787227
-9999.0 -9999.0 -9999.0 -9999.0 -9999.0 -9999.0 -9999.0 -9999.0 -9999.0 -9999.0 -9999.0 -9999.0 -9999.0 -9999.0 -9999.0 -9999.0 1.25810897169 2.53051148252 11.1058654611 11.6985725487 14.7406359079 15.2368013378 0.284629782576 0.569347321653 1.3693511677 16.6009813155 16.9882397402 17.1266401183 0.110705207402 17.5784520552 17.7824896456 0.13066907231 0.0803190594167 0.152848531707 0.297098819899 0.0709310963341 0.137739585187 0.30001804615 0.368743547575 0.0700692315703 0.0460615305458 0.0901109849701 23.4844287841 23.5907665571 23.617110114 23.8842732182 258.049835835 0.0864900940269 0.0154261886135 0.0210976134656 0.0209623527357 0.0218486267282 0.0181973478053 0.0328711025342
-9999.0 -9999.0 -9999.0 -9999.0 -9999.0 -9999.0 -9999.0 -9999.0 -9999.0 -9999.0 -9999.0 -9999.0 -9999.0 -9999.0 -9999.0 -9999.0 0.660172935771 0.646178618386 0.624310964159 1.16587621806 0.511019503086 16.2608159233 16.7175295461 0.290253170503 0.53965047577 0.229035863689 0.180154892318 0.172887419059 17.3791154003 0.0637812382368 0.134075033389 0.0747840382726 0.0837999034753 0.073687648656 0.0554623960541 0.0580348218222 0.177477933462 0.244472200947 0.0464893586211 0.0411878910682 0.0894001290679 0.150637175946 0.197572900407 0.0548309402697 23.66179936 23.9147872166 258.087070566 0.214664652702 0.033516391253 0.00970709622257 0.0281975416514 0.00750101872404 0.00532821999186 0.0389337096328
-9999.0 -9999.0 -9999.0 -9999.0 -9999.0 -9999.0 -9999.0 -9999.0 -9999.0 -9999.0 -9999.0 -9999.0 -9999.0 -9999.0 -9999.0 -9999.0 -9999.0 -9999.0 0.639229114652 1.74841862774 2.25373049313 2.7586011768 17.2059134215 17.6878140285 18.1326867305 18.5073483985 18.6741518611 19.021873717 19.0771698743 19.1348346061 19.1807795617 0.0709576365485 0.0663070017572 0.0706671641335 0.245960468764 0.0658035193058 0.0618616696807 0.047330075614 0.137565146779 0.0559806250996 0.0421408404847 0.0387647788801 0.0331657544453 0.066172262911 0.0943108089659 24.1076035045 282.441679605 0.0901069052643 0.150502053643 0.00669945113453 0.036150675354 0.0163321909302 0.0107198973336 0.410656288132
-9999.0 -9999.0 -9999.0 -9999.0 -9999.0 -9999.0 -9999.0 -9999.0 -9999.0 -9999.0 -9999.0 -9999.0 -9999.0 -9999.0 -9999.0 -9999.0 -9999.0 -9999.0 -9999.0 0.542321447225 4.26872294594 8.18102896371 8.68909033575 0.480094214828 0.778560437675 1.03328487163 1.22789127873 2.58921841403 2.66001970601 0.0705329035313 0.0684746554793 19.33141727 19.4626527429 19.5233431049 0.292250968291 0.0423650597372 0.106820848537 0.15598431649 0.460703365272 0.5660626093 0.647262022093 0.0737048351012 0.102239719431 0.0347321290747 0.0687972148855 0.0355276366185 282.495117921 0.0713619528757 0.292590015025 0.0635509682271 0.115399585673 0.439265438695 0.484194178938 0.933514757484
-9999.0 -9999.0 -9999.0 -9999.0 -9999.0 -9999.0 -9999.0 -9999.0 -9999.0 -9999.0 -9999.0 -9999.0 -9999.0 -9999.0 -9999.0 -9999.0 -9999.0 -9999.0 0.597051121732 1.9044878361 3.73644806056 4.8827915892 12.216210509 12.7127510024 0.544984731563 0.802701801033 1.01602933366 1.2045335361 2.71594504273 2.84952785403 4.78003720356 4.93864399475 5.00533828045 19.5843750747 20.0309276228 0.103100210512 0.069098295724 0.0651919419149 0.123707762281 0.056041988437 0.755579696682 0.794536439064 0.134822946377 0.175336822386 0.036752976055 89.8650529008 89.9392402213 372.471778882 372.848047605 0.0820602198538 0.296074071673 0.10744578303 0.073109200806 1.03203957735
-9999.0 -9999.0 -9999.0 -9999.0 -9999.0 -9999.0 -9999.0 -9999.0 -9999.0 -9999.0 -9999.0 -9999.0 -9999.0 -9999.0 -9999.0 -9999.0 -9999.0 -9999.0 -9999.0 0.683900522046 0.666190321951 1.26367303073 2.99654350363 13.248327919 0.285083188361 0.280535392793 0.490249491056 0.711662058508 1.61522527773 1.70493750486 0.0917530952748 0.111646792551 5.09660018996 5.16346657359 25.2571643139 25.3130248562 0.0383960546506 0.0340389159987 0.0282541533362 0.0285332228892 0.0301319836743 89.1139203944 89.3682107009 89.5863191488 89.6636297963 89.8282295769 0.0425865238573 0.156131087262 0.188200078524 373.118581066 373.150448754 373.233102095 373.264002775 373.287775203
-9999.0 -9999.0 -9999.0 -9999.0 -9999.0 -9999.0 -9999.0 -9999.0 -9999.0 -9999.0 -9999.0 -9999.0 -9999.0 -9999.0 -9999.0 -9999.0 -9999.0 -9999.0 -9999.0 -9999.0 0.614710504576 0.641143016649 1.18845515314 15.5813906395 16.0587397358 0.272801948564 0.482530250702 0.710248474924 0.834034821254 0.102196455515 0.204745669951 29.7083805792 29.7808342665 29.8603225571 30.4474789744 55.8274624722 87.570077404 87.6610742691 87.7423854621 87.820146892 88.1694443557 88.2814319405 0.215171043755 0.095113986182 0.0577308265386 0.107542029215 0.0781159809083 0.12429468303 0.0382151283742 0.924185784136 1.11084691341 1.29120325758 1.30611441791 373.297128463
-9999.0 -9999.0 -9999.0 -9999.0 -9999.0 -9999.0 -9999.0 -9999.0 -9999.0 -9999.0 -9999.0 -9999.0 -9999.0 -9999.0 -9999.0 -9999.0 -9999.0 -9999.0 -9999.0 -9999.0 -9999.0 0.631112415339 1.20804533478 1.7869765566 16.5274807475 0.357530779156 21.8547307914 22.0947995872 22.197317631 22.3084587085 29.2565670857 29.3894914533 0.082798213132 0.437131729398 0.525463727771 0.0819923880777 31.6529954251 31.5073106448 0.0430312460927 0.103454295627 0.281286413146 0.0628731470932 0.0684247191281 0.0491521735806 0.0412706719814 0.0312165527361 0.0373337534647 0.799837090714 0.839392552465 0.888796208445 0.146571089756 0.13869061726 1.38508516468 1.41565940437
-9999.0 -9999.0 -9999.0 -9999.0 -9999.0 -9999.0 -9999.0 -9999.0 -9999.0 -9999.0 -9999.0 -9999.0 -9999.0 -9999.0 -9999.0 -9999.0 -9999.0 -9999.0 -9999.0 -9999.0 -9999.0 0.580525671524 0.54278751773 2.81175812536 20.3936718972 21.260317518 21.643963654 0.221607350622 6.66579126294 6.77155155803 6.85297053818 0.116060639454 0.209115585152 0.288253604271 7.25504742715 7.31606917188 7.36788436803 31.415183392 20.1883783371 0.0583128401029 0.0612495184429 0.057529892616 0.0445042194172 0.489527301034 0.584789804139 0.667171777499 0.714055921651 0.758911925114 5.87130038929 5.90265149435 5.94278503784 6.0401461405 6.45948749536 6.47466926684
-9999.0 -9999.0 -9999.0 -9999.0 -9999.0 -9999.0 -9999.0 -9999.0 -9999.0 -9999.0 -9999.0 -9999.0 -9999.0 -9999.0 -9999.0 -9999.0 -9999.0 -9999.0 -9999.0 -9999.0 -9999.0 -9999.0 1.13548102182 1.72756628176 0.547666938969 0.291541445109 5.96866968335 6.20516140311 6.34119956049 1.5168535082 1.58866570342 1.66644871662 1.75009337511 7.11045191133 7.20219128826 3.67876978193 11.1149849813 11.177713114 20.1446057437 0.125421029168 0.0639943253061 0.0434864721819 0.342786647499 0.401691952033 0.0343626291752 0.0318567992767 5.71316165516 5.79836804736 5.84240023597 0.0479135811821 0.0704348756567 6.39705124627 0.0402302357133 0.130067623532
-9999.0 -9999.0 -9999.0 -9999.0 -9999.0 -9999.0 -9999.0 -9999.0 -9999.0 -9999.0 -9999.0 -9999.0 -9999.0 -9999.0 -9999.0 -9999.0 -9999.0 -9999.0 -9999.0 -9999.0 -9999.0 -9999.0 0.568371386902 1.12445032392 4.55558703315 5.0862634503 5.43640723682 1.26430026152 1.44137552008 0.0860996858289 5.13933955096 5.20946020597 5.27322069024 0.0739528650731 3.51022911073 3.60629707951 0.0676465065008 19.8192095796 0.142195405494 0.0712482178483 0.188952864037 0.253195429725 0.047317963753 0.0376857640403 5.27385591312 5.63509247602 5.68724786585 0.0515873004862 0.110804636651 0.138325252054 0.163827480005 0.325667161339 0.0476069728103 0.107802839677
