data/baseflow/History/mHMbfrc364
ncols                  80
nrows                 72
xllcorner      4374000.0
yllcorner      5656000.0
cellsize            500
NODATA_value       -9999
[rows 24 to 47 of 72, columns 0 to 54 of 80]
-9999.0 -9999.0 -9999.0 -9999.0 -9999.0 -9999.0 -9999.0 -9999.0 -9999.0 -9999.0 -9999.0 -9999.0 1.2667933048 3.62731245483 4.76379280143 8.18733450629 1.02476008587 2.07114206845 3.0534178326 11.7415107611 12.5741238301 13.2559328445 14.0548870984 14.8889725946 23.0143513175 25.4586642537 26.7897444115 0.558929767928 3.18672818169 3.70674985962 51.6216001361 53.8178201911 54.7764122334 55.7534899847 56.6403264129 209.686211639 0.278249382879 440.559104032 0.899821230659 0.41123458165 3.69336114159 3.19163408758 0.47432579444 1.7786022052 2.62884178592 2.603207241 1.75364248587 2.85813339505 4.47820147402 1.61528636669 4.09583881657 0.332021016773 0.520979874594 0.123174889497 0.0924922380961
-9999.0 -9999.0 -9999.0 -9999.0 -9999.0 -9999.0 -9999.0 -9999.0 -9999.0 -9999.0 -9999.0 -9999.0 1.21679627467 2.42442255183 1.14220781 2.29623879589 1.0385799104 7.79376265166 9.77797702111 10.7880885044 0.930508451782 1.79219409317 17.4276090741 21.568084608 22.2719558134 1.66591117337 1.57147324678 2.24155116024 0.477203287441 0.446145695166 0.844493021645 0.384095824724 26.4249165073 26.8605339751 27.2427519907 210.107873441 443.669019523 440.990366174 0.657715211118 0.287801004875 0.259037748297 1.06303532744 0.80939196474 2.18727922468 3.09863961761 6.23113767713 0.521090942545 0.517112376771 4.91301800321 5.36393125645 10.2284064704 10.5094824455 11.1592482566 11.3894494903 0.192211980546
-9999.0 -9999.0 -9999.0 -9999.0 -9999.0 -9999.0 -9999.0 -9999.0 -9999.0 -9999.0 -9999.0 -9999.0 -9999.0 1.1758615622 2.34281432737 3.51418472212 5.65963263056 1.1032036455 1.01939359388 7.02035603533 7.95859686083 15.7829879228 16.7159866311 2.6181231033 0.904222214005 0.851566761797 0.767662899827 23.7668552559 24.3102589629 24.8115890786 25.2329584074 26.0262812069 4.56734899097 4.98238421704 32.5730416152 686.549138761 2.24500804584 1.8770536395 0.970095065653 0.243410773715 0.211961905035 1.57201259115 1.74331853621 2.60700699542 0.208129429316 6.49105209838 0.842193804109 0.824012718214 0.173863823243 0.120570489427 0.102988430552 0.107117590549 0.102176296628 11.5211524493 150.441835601
-9999.0 -9999.0 -9999.0 -9999.0 -9999.0 -9999.0 -9999.0 -9999.0 -9999.0 -9999.0 -9999.0 -9999.0 -9999.0 -9999.0 1.13679198715 2.14829263277 3.05495141329 3.97507379714 4.99171376881 6.02908890658 3.04980349212 5.06547104961 0.932091419713 0.909223237695 19.6161575625 21.3784197246 22.2041548366 23.0839058077 0.658671929582 1.20136201247 3.10896274715 3.6590814951 4.13941079027 0.48339232224 0.354622793686 687.576578519 0.373580184152 0.525401166929 0.251606945523 0.952778957988 0.453957194154 0.227572741183 4.57957652968 4.76181876569 0.138376590303 6.64479936521 7.61221120374 0.967091026413 155.551924307 155.267470433 155.02068982 154.536767563 154.332603716 151.052322637 150.903412765
-9999.0 -9999.0 -9999.0 -9999.0 -9999.0 -9999.0 -9999.0 -9999.0 -9999.0 -9999.0 -9999.0 -9999.0 -9999.0 -9999.0 0.220413163214 0.512264019848 0.907566523164 7.98822090029 9.04182596721 1.06226544296 1.02958001286 1.02050673268 15.9228859798 17.8557867766 0.929275123256 0.940927577574 0.797840248071 3.27095789143 4.05777531169 2.01532408029 2.54488057376 18.6633627487 19.2565843932 20.3089136789 32.0773790179 719.883128432 0.357261173601 0.207411728492 1.42548781688 1.18690376341 0.194928818176 0.627790856161 0.811705809824 4.96815694904 5.12931918224 13.1340762993 7.72931524571 1.07757927883 158.761312852 1.41163567755 154.800174872 154.67631205 3.09202651141 0.206161159444 0.318322697377
-9999.0 -9999.0 -9999.0 -9999.0 -9999.0 -9999.0 -9999.0 -9999.0 -9999.0 -9999.0 -9999.0 -9999.0 -9999.0 -9999.0 1.14687520144 1.87124811324 3.97048256136 6.95058033647 9.86839487374 11.959319661 12.9812150434 14.0156676802 15.0058085992 0.951234232166 0.876883308753 1.72485273333 1.63433181036 0.841933272306 16.2333264462 17.0029730407 17.7142832729 18.3894591956 10.2757089132 10.8422279 11.3744323444 720.077478538 0.607166414154 0.550023264524 2.12896508318 0.217636660622 0.373055573367 0.193177003884 0.17008554613 0.979672068233 0.127640023686 0.136718982224 172.670977564 159.437583177 159.303488865 0.594075583519 1.30111801916 0.834500624798 0.192010836832 2.74094708109 0.765860565849
-9999.0 -9999.0 -9999.0 -9999.0 -9999.0 -9999.0 -9999.0 -9999.0 -9999.0 -9999.0 -9999.0 -9999.0 -9999.0 -9999.0 0.804928420748 0.752104845846 1.46702839702 2.24046790197 1.07619456705 1.15171552817 2.21300883887 3.26032322228 5.23783682313 6.22275566282 7.11134219767 9.74776134728 10.5677008924 11.4369158137 0.784581244027 7.95728099851 8.62691709277 9.23950276595 0.498489356518 0.240455429597 0.417008423759 731.39672527 731.579733427 732.545622184 2.71138351707 0.427771413394 0.600070426022 0.161527757573 0.299865753902 1.11526266649 1.35541263481 0.245603560028 173.297037093 0.205705979243 0.335817702401 0.374404075102 0.275772653579 0.495911564578 0.203370395776 1.79842637101 1.38374259041
-9999.0 -9999.0 -9999.0 -9999.0 -9999.0 -9999.0 -9999.0 -9999.0 -9999.0 -9999.0 -9999.0 -9999.0 -9999.0 -9999.0 -9999.0 0.716693936339 1.41832486346 0.703906531013 1.46864094716 9.21691064825 10.1893075847 11.2141002783 0.987200138819 0.98960424949 1.87855420013 2.78042255451 4.39633456064 5.22438919209 5.66444305964 6.41228980013 0.63269645478 0.583222305109 10.0543484898 10.296136814 10.4956227967 10.7011585845 8.52887104403 741.919469913 745.892567871 746.059790722 746.804595852 747.585662583 748.021362131 0.126133327769 1.46801878231 173.414172714 0.29540357566 0.152467556843 0.15911196362 0.146062725536 0.252245931365 0.245158080493 0.145092633927 0.221871080939 0.205421635201
-9999.0 -9999.0 -9999.0 -9999.0 -9999.0 -9999.0 -9999.0 -9999.0 -9999.0 -9999.0 -9999.0 -9999.0 -9999.0 -9999.0 -9999.0 -9999.0 2.11174034354 2.88146782406 5.13624976471 6.90849895825 0.972606544902 13.2952918153 14.2689683348 15.2158140305 0.919209093902 1.81644060716 0.808910251891 6.05521865741 6.45104454386 7.11979664097 7.80916718804 9.4386420601 9.65282768115 0.134626928035 7.72544926026 8.1378013021 8.33756034426 9.18171543075 1.07864498784 0.691258456859 0.430227768195 0.408981032486 748.50101657 748.705516183 751.188377745 173.529988539 0.789243095933 0.393706233921 0.262692470854 0.0819648760039 0.768099537954 0.410103673443 0.128509818369 0.718873898254 0.612783921833
-9999.0 -9999.0 -9999.0 -9999.0 -9999.0 -9999.0 -9999.0 -9999.0 -9999.0 -9999.0 -9999.0 -9999.0 -9999.0 -9999.0 -9999.0 -9999.0 0.773174958177 3.62977417695 4.41810321456 1.02568481771 1.06134284249 2.13521526006 3.13075814359 19.3083023611 0.915971455902 3.67243997734 4.50314571115 5.32264569299 0.415424666992 1.03141500891 1.35639208592 6.2953894352 6.99822571035 7.18192024995 0.20952996791 0.203589545899 0.243057865628 0.446326908211 0.188702267553 0.199792481967 0.35512572457 0.285867320627 0.347778096969 0.885848557327 751.415029531 925.484468489 0.979556699708 0.181764024154 0.081585689651 2.43531174905 2.25420915311 1.35316870487 1.21758163906 0.908535147635 0.218686680012
-9999.0 -9999.0 -9999.0 -9999.0 -9999.0 -9999.0 -9999.0 -9999.0 -9999.0 -9999.0 -9999.0 -9999.0 -9999.0 -9999.0 -9999.0 0.656321759627 2.15013291734 0.716584538953 1.13562612982 1.1577570857 2.23222555963 3.28805366216 4.21955155719 24.2959851935 25.1853410684 0.908583631893 1.74355903516 2.58477757137 3.13700861234 3.77726942064 5.59566284077 6.07752574027 0.452296346283 0.346502847912 0.293936991978 0.40294680696 0.379933703145 0.38206635315 0.313480441802 0.37582066915 1.24451033809 0.573154963802 0.208747140691 0.198520738267 0.194695399608 0.360684800671 932.730536082 6.09647682666 2.86258267779 0.222999847704 0.0966064592266 0.0820179000765 0.307177007836 0.215570906212 0.11173582046
-9999.0 -9999.0 -9999.0 -9999.0 -9999.0 -9999.0 -9999.0 -9999.0 -9999.0 -9999.0 -9999.0 -9999.0 -9999.0 -9999.0 0.694547886984 1.33159921777 4.84249901007 0.691401416674 2.13141556207 3.27107726292 4.3365191442 1.08400942291 2.05299680949 2.94264497633 28.8527162869 0.872905639843 1.66926814795 2.48024641501 0.731415809228 1.44672589961 1.87818897186 2.33825078508 54.925556404 55.6461133172 56.2908651811 59.2780144182 60.4155821373 62.7089132933 0.529108305339 1.21042944743 1.53623325536 69.3140423724 69.7091964879 0.180581257402 0.316794394486 0.446715012411 932.901825978 5.7602859772 2.60872574338 2.49244158404 2.01235716787 1.79221762045 0.40727088651 0.0970726011015 0.191027736253
-9999.0 -9999.0 -9999.0 -9999.0 -9999.0 -9999.0 -9999.0 -9999.0 -9999.0 -9999.0 -9999.0 -9999.0 -9999.0 -9999.0 0.698733389031 2.11904801757 7.65478049133 11.2612106797 0.629112312524 14.8545094607 19.9559253579 1.03592970356 2.00219799243 2.92932142143 37.1536750918 37.9094591341 0.738749943709 3.97278689636 4.65142103984 5.24286532449 50.0826456497 51.4314125944 52.2077489148 0.374878767068 2.13866995635 2.53166797631 1.11980543873 1.61447308994 64.9328976144 66.8271548242 67.207953373 67.5686002651 70.1054353465 0.192698267467 0.159618677642 0.732157943336 933.057702582 0.173268668839 0.132172663214 0.385122943575 0.13451280772 1.6251580375 1.35416837062 0.800108086245 0.576707121892
-9999.0 -9999.0 -9999.0 -9999.0 -9999.0 -9999.0 -9999.0 -9999.0 -9999.0 -9999.0 -9999.0 -9999.0 -9999.0 -9999.0 -9999.0 -9999.0 1.47112611239 2.9528877197 13.3655004437 14.1174619981 20.6229365683 21.3924600672 1.00874863063 2.01595755134 4.73938693984 38.5809844495 40.0842483524 40.725212187 0.518237306086 42.979990291 44.3723300524 0.874963031376 0.379270920147 0.74614031344 1.44667474901 0.340342175128 0.680473722716 1.51608544836 1.88854901621 0.337822431102 0.222800103582 0.444665660844 71.7330735915 72.2556278581 72.3896400324 73.488444443 933.193645213 0.102814862678 0.0869241185487 0.104210224124 0.09180514413 0.0949092156039 0.0711070895106 0.130083156603 0.074312368295
-9999.0 -9999.0 -9999.0 -9999.0 -9999.0 -9999.0 -9999.0 -9999.0 -9999.0 -9999.0 -9999.0 -9999.0 -9999.0 -9999.0 -9999.0 -9999.0 0.766511903918 0.752539893142 0.749030979646 1.55533590266 0.684706464683 22.7505829104 23.459388214 0.937833818572 1.86047180602 0.891039569759 0.745963904903 0.729489202468 41.9998265493 0.470047536806 0.93824961227 0.465830979996 0.402785001619 0.361421316616 0.280584160463 0.291578243494 0.874664082556 1.19303951033 0.223460059205 0.193672136736 0.410743270076 0.678200969615 0.879677948705 0.246277783651 72.6030864635 73.6297048434 933.283851652 0.420395674893 0.222373452485 0.0512086572559 0.12667036157 0.0359682983108 0.0227439027765 0.155683336116 0.379688277783
-9999.0 -9999.0 -9999.0 -9999.0 -9999.0 -9999.0 -9999.0 -9999.0 -9999.0 -9999.0 -9999.0 -9999.0 -9999.0 -9999.0 -9999.0 -9999.0 -9999.0 -9999.0 0.744085155812 2.24734405174 2.86843293461 3.52987056075 24.1049675182 24.7565807109 25.429096048 26.2414637731 26.9577212547 28.4195650614 28.8789919191 29.3255003233 29.7127389607 0.365560955582 0.338066402143 0.35559464827 1.23246093397 0.322024594297 0.299982488043 0.238308431943 0.676742713499 0.256329401217 0.192030536832 0.178208022033 0.151412123818 0.302137582395 0.426124775631 74.4869398654 1008.29402595 0.0891070663492 0.197524314059 0.0402849906227 0.168360199384 0.0876522311752 0.0457998510059 0.823463845198 0.614230805269
-9999.0 -9999.0 -9999.0 -9999.0 -9999.0 -9999.0 -9999.0 -9999.0 -9999.0 -9999.0 -9999.0 -9999.0 -9999.0 -9999.0 -9999.0 -9999.0 -9999.0 -9999.0 -9999.0 0.638897571821 4.97661191688 9.87061009349 10.5811985296 0.972746288374 1.91285528875 2.85081372434 3.64820978619 8.81347362625 9.21410168225 0.387174983139 0.373289453609 30.4737991732 31.1376704698 31.4453370485 1.47130142563 0.222053538398 0.530764884548 0.779594904068 2.27961309345 2.76479694873 3.13217900496 0.337298939218 0.46650823216 0.152921287599 0.296251538852 0.148441612884 1008.56079348 0.081700602857 0.350803530232 0.140103157072 0.373765705521 0.821509385646 0.913283522272 1.78340322717 0.689776267725
-9999.0 -9999.0 -9999.0 -9999.0 -9999.0 -9999.0 -9999.0 -9999.0 -9999.0 -9999.0 -9999.0 -9999.0 -9999.0 -9999.0 -9999.0 -9999.0 -9999.0 -9999.0 0.699558608328 2.21752307663 4.35157815461 5.69123190883 14.7098518631 15.559686238 1.93615961186 2.8771391078 3.68250916596 4.47120272581 9.64429663879 10.4404747628 18.3023930737 18.8646338077 19.2178845006 31.7663397898 34.0459969117 0.536250521856 0.337633378266 0.32433588571 0.612369214375 0.271038507721 3.63230637547 3.80727195291 0.611361408294 0.79559282545 0.16732641445 211.782370755 212.078533592 1220.81877532 1221.29389716 0.0823783185924 0.557104861883 0.113838133343 0.0974593378235 1.97654091448 2.73955088563
-9999.0 -9999.0 -9999.0 -9999.0 -9999.0 -9999.0 -9999.0 -9999.0 -9999.0 -9999.0 -9999.0 -9999.0 -9999.0 -9999.0 -9999.0 -9999.0 -9999.0 -9999.0 -9999.0 0.790672816126 0.770781349533 1.47130772469 3.49658785387 16.2280409247 0.990129957323 0.981141778489 1.78665323658 2.59800625113 6.28670281855 6.82146418876 0.348587723033 0.371473189945 19.6515337598 19.9962077395 54.3525206391 54.6323143326 0.195444779322 0.171090604754 0.136668224639 0.138028024172 0.141703434697 208.546437337 209.613763609 210.600431117 210.942305204 211.613067646 0.163438857998 0.607170556597 0.745498246808 1222.29109395 1222.35401676 1222.51756356 1222.67136269 1222.79046425 2.88017653874
-9999.0 -9999.0 -9999.0 -9999.0 -9999.0 -9999.0 -9999.0 -9999.0 -9999.0 -9999.0 -9999.0 -9999.0 -9999.0 -9999.0 -9999.0 -9999.0 -9999.0 -9999.0 -9999.0 -9999.0 0.717920415656 0.745760979401 1.38719116723 18.963229948 19.7057581064 0.969069536582 1.7716889117 2.59644614994 3.19876173409 0.536537316686 1.01390183142 45.2775086695 45.6494209838 45.9847978963 48.5814900358 103.515020736 201.266129198 201.720887217 202.119071382 202.499211945 204.067227371 204.564245839 0.88342532304 0.394726492188 0.225241934062 0.423745663937 0.303128257143 0.478796438358 0.142556962339 3.78076603366 4.09355894684 4.34994353292 4.41011363717 1222.86574186 1225.87806744
-9999.0 -9999.0 -9999.0 -9999.0 -9999.0 -9999.0 -9999.0 -9999.0 -9999.0 -9999.0 -9999.0 -9999.0 -9999.0 -9999.0 -9999.0 -9999.0 -9999.0 -9999.0 -9999.0 -9999.0 -9999.0 0.736046097817 1.40878044508 2.0846031169 20.2836262339 0.801608890363 27.9925381479 28.8493130719 29.4032997901 29.9297907817 43.2713150277 43.7933258428 0.404102671676 1.95256759614 2.34335715352 0.375155010168 97.2921284528 96.6202453807 0.206605906666 0.471339680415 1.24501486706 0.271092225532 0.274891781525 0.203155384626 0.166585225174 0.131061215246 0.145811226603 3.3138620909 3.4583464978 3.63364226483 0.196632606598 0.17095049191 4.50196935123 4.58509941527 4.62867577393
-9999.0 -9999.0 -9999.0 -9999.0 -9999.0 -9999.0 -9999.0 -9999.0 -9999.0 -9999.0 -9999.0 -9999.0 -9999.0 -9999.0 -9999.0 -9999.0 -9999.0 -9999.0 -9999.0 -9999.0 -9999.0 0.680754930978 0.635311651432 3.28811479801 24.9255743993 26.3995211151 27.1895532755 0.854838608299 12.1086606524 12.6275376315 12.8316533 0.478067133172 0.915844526083 1.30029002734 23.067651053 23.3613491488 23.6087366449 96.1701793941 57.8478230736 0.259159200298 0.26292226388 0.252640719179 0.194446277196 2.09687430884 2.47461457196 2.80719962936 2.98504754188 3.1560492508 23.5003185039 23.6200448989 23.7726309158 24.1466750482 25.7128416844 25.7730016169 30.4621945741
-9999.0 -9999.0 -9999.0 -9999.0 -9999.0 -9999.0 -9999.0 -9999.0 -9999.0 -9999.0 -9999.0 -9999.0 -9999.0 -9999.0 -9999.0 -9999.0 -9999.0 -9999.0 -9999.0 -9999.0 -9999.0 -9999.0 1.32826650426 2.01881068927 0.751014208817 0.995900046128 9.0959919627 9.99238309878 10.6466175925 4.79162462016 5.26669063748 5.76413987442 6.17848018548 22.4133276955 22.7983068649 13.8691869185 37.7894586862 38.0812127785 57.6387670153 0.54729727336 0.272854050043 0.195854648365 1.47193770296 1.71647429545 0.141527443768 0.131345969223 22.926612082 23.2399073006 23.3869814325 0.190370827116 0.27272070587 25.460354084 0.16856294533 0.494414284992 0.541029672516
-9999.0 -9999.0 -9999.0 -9999.0 -9999.0 -9999.0 -9999.0 -9999.0 -9999.0 -9999.0 -9999.0 -9999.0 -9999.0 -9999.0 -9999.0 -9999.0 -9999.0 -9999.0 -9999.0 -9999.0 -9999.0 -9999.0 0.662008167207 1.31212382262 5.57282924367 6.34751557603 7.21984341442 3.58813333595 4.30015841782 0.506914834819 14.9582768951 15.4147994286 15.8426095951 0.40043295881 13.1434569124 13.5380202144 0.303508158857 56.2152301841 0.613307115638 0.305122270774 0.804356100585 1.07806379503 0.202577934254 0.165762612558 21.2385513865 22.6364361495 22.8235832702 0.190344612931 0.412421078725 0.520569316606 0.619861085687 1.19862833021 0.17806836627 0.409881552706 0.0732124254845
