data/baseflow/History/mHMbfrc311
ncols                  80
nrows                 72
xllcorner      4374000.0
yllcorner      5656000.0
cellsize            500
NODATA_value       -9999
[rows 0 to 23 of 72, columns 0 to 53 of 80]
-9999.0 -9999.0 -9999.0 -9999.0 -9999.0 -9999.0 -9999.0 -9999.0 -9999.0 -9999.0 -9999.0 -9999.0 0.947937205759 0.797976430286 -9999.0 -9999.0 -9999.0 -9999.0 -9999.0 -9999.0 -9999.0 -9999.0 -9999.0 -9999.0 -9999.0 -9999.0 -9999.0 -9999.0 -9999.0 -9999.0 -9999.0 -9999.0 -9999.0 -9999.0 -9999.0 -9999.0 -9999.0 -9999.0 -9999.0 -9999.0 -9999.0 -9999.0 -9999.0 -9999.0 -9999.0 -9999.0 -9999.0 -9999.0 -9999.0 -9999.0 -9999.0 -9999.0 -9999.0 -9999.0
-9999.0 -9999.0 -9999.0 -9999.0 -9999.0 -9999.0 -9999.0 -9999.0 -9999.0 -9999.0 -9999.0 -9999.0 1.94377616849 4.29057068095 0.693110110018 -9999.0 0.546134863525 -9999.0 -9999.0 -9999.0 -9999.0 -9999.0 -9999.0 -9999.0 -9999.0 -9999.0 -9999.0 -9999.0 -9999.0 -9999.0 -9999.0 -9999.0 -9999.0 -9999.0 -9999.0 -9999.0 -9999.0 -9999.0 -9999.0 -9999.0 -9999.0 -9999.0 -9999.0 -9999.0 -9999.0 -9999.0 -9999.0 -9999.0 -9999.0 -9999.0 -9999.0 -9999.0 -9999.0 -9999.0
-9999.0 -9999.0 -9999.0 -9999.0 -9999.0 -9999.0 -9999.0 -9999.0 -9999.0 -9999.0 0.922591436726 0.874231844576 0.930201021218 0.920423260298 5.9757611731 6.66182217895 1.48804844124 0.465519144258 -9999.0 -9999.0 -9999.0 -9999.0 -9999.0 -9999.0 -9999.0 -9999.0 -9999.0 -9999.0 -9999.0 -9999.0 -9999.0 -9999.0 -9999.0 -9999.0 -9999.0 -9999.0 -9999.0 -9999.0 -9999.0 -9999.0 -9999.0 -9999.0 -9999.0 -9999.0 -9999.0 -9999.0 -9999.0 -9999.0 -9999.0 -9999.0 -9999.0 -9999.0 -9999.0 -9999.0
-9999.0 -9999.0 -9999.0 -9999.0 -9999.0 -9999.0 -9999.0 -9999.0 -9999.0 0.871409044951 1.79684008856 3.56926522487 1.77992284226 0.860304725011 1.67625135261 7.43474171873 10.0979266291 0.566257026871 -9999.0 0.869464586268 -9999.0 -9999.0 -9999.0 -9999.0 1.02766882391 0.51991164588 -9999.0 -9999.0 -9999.0 -9999.0 -9999.0 -9999.0 -9999.0 -9999.0 -9999.0 -9999.0 -9999.0 -9999.0 -9999.0 -9999.0 -9999.0 -9999.0 -9999.0 -9999.0 -9999.0 -9999.0 -9999.0 -9999.0 -9999.0 -9999.0 -9999.0 -9999.0 -9999.0 -9999.0
-9999.0 -9999.0 -9999.0 -9999.0 -9999.0 -9999.0 -9999.0 -9999.0 1.02075687305 2.83700783832 3.67193186156 4.5144997592 6.16569793671 0.778088891299 3.18342616508 3.91231376468 15.2756597477 0.650804448934 0.640006065996 1.58781326294 2.27578475311 0.729533953973 -9999.0 2.74661095156 2.25799420598 0.638544482128 -9999.0 -9999.0 -9999.0 -9999.0 -9999.0 -9999.0 -9999.0 -9999.0 -9999.0 -9999.0 -9999.0 -9999.0 -9999.0 -9999.0 -9999.0 -9999.0 -9999.0 -9999.0 -9999.0 -9999.0 -9999.0 -9999.0 -9999.0 -9999.0 -9999.0 -9999.0 -9999.0 -9999.0
-9999.0 -9999.0 -9999.0 -9999.0 -9999.0 -9999.0 1.00780761654 0.892460332465 0.867232783654 0.889585217642 0.903044008745 6.34424035387 13.3734949085 14.2152207973 14.9002416402 0.68171967502 16.619785049 17.2699986326 1.34483428334 0.712803633293 2.94726598536 5.06589226519 0.678271394858 4.83682438976 0.741360182873 0.72524722281 0.766147290084 -9999.0 -9999.0 -9999.0 -9999.0 -9999.0 -9999.0 -9999.0 -9999.0 -9999.0 -9999.0 -9999.0 -9999.0 -9999.0 -9999.0 -9999.0 -9999.0 -9999.0 -9999.0 -9999.0 -9999.0 -9999.0 -9999.0 -9999.0 -9999.0 -9999.0 -9999.0 -9999.0
-9999.0 -9999.0 -9999.0 -9999.0 -9999.0 -9999.0 2.02918680455 2.98321033605 6.67365668696 9.23798100954 0.770062896758 0.818656852416 0.763949806259 2.22054275796 17.7655410665 0.592457448118 17.8725308593 20.4356752845 1.97005962907 1.30544448551 5.67164387974 0.677446582415 5.498735638 1.29692312364 0.653728229622 1.35049876259 1.51895951997 0.773930907271 0.803065112453 0.77116566596 0.836400041087 1.67086786383 -9999.0 -9999.0 -9999.0 -9999.0 -9999.0 -9999.0 -9999.0 -9999.0 -9999.0 -9999.0 -9999.0 -9999.0 -9999.0 -9999.0 -9999.0 -9999.0 -9999.0 -9999.0 -9999.0 -9999.0 -9999.0 -9999.0
-9999.0 -9999.0 -9999.0 -9999.0 -9999.0 1.10571812811 2.14244683341 1.02819657156 1.97617141695 10.2065386349 11.8873735666 13.5629598798 44.6606746708 0.744775502222 18.4702242492 69.103233915 69.6427524439 91.0167895658 0.58589891493 1.89744473568 6.28054736038 0.599576446232 12.955603461 6.81881154066 4.2185502028 3.55393258298 0.735386304311 2.29923193773 2.31611049542 1.53852625778 0.730708892818 2.43153560604 0.710048948278 0.691337220291 -9999.0 -9999.0 -9999.0 -9999.0 -9999.0 -9999.0 -9999.0 -9999.0 -9999.0 -9999.0 -9999.0 -9999.0 -9999.0 -9999.0 -9999.0 -9999.0 -9999.0 -9999.0 -9999.0 -9999.0
-9999.0 -9999.0 -9999.0 -9999.0 -9999.0 1.1181212254 3.25952880726 6.46379251382 7.45190205652 14.7784884486 15.6940620335 18.5763653943 30.3804667241 47.0567622118 48.6493224689 49.3827425636 1.2797819274 93.3268324528 94.4880002966 97.6980175458 119.374590523 14.8227075669 13.6230075046 4.87005611194 0.637300045512 4.24542849686 2.93159208249 0.596365301289 2.96683258175 0.659170065564 1.37087274121 3.7871749645 4.46379317303 1.35031352959 0.649676136357 0.634913246676 -9999.0 -9999.0 -9999.0 -9999.0 0.530588524386 0.462843033372 -9999.0 -9999.0 -9999.0 -9999.0 -9999.0 -9999.0 -9999.0 -9999.0 -9999.0 -9999.0 -9999.0 -9999.0
-9999.0 -9999.0 -9999.0 -9999.0 -9999.0 1.08515777666 1.03955700904 4.32521934484 5.33204985058 6.3694716496 0.980414941837 1.93951010965 11.1422502688 1.91744287492 0.880626498909 0.770698351794 0.662401475979 0.760028994391 0.690624910549 0.735280972881 120.006784128 121.806660249 0.58809644342 1.83830280309 1.2665097537 4.83588744852 1.20897897382 0.569443192339 3.62921767995 1.30739417693 3.17673701323 7.7440243409 7.1219344957 1.99106834705 1.90570508094 0.667376600314 0.657632151328 -9999.0 -9999.0 0.663665245403 1.16966344421 2.61236704472 0.496625603211 -9999.0 -9999.0 -9999.0 -9999.0 -9999.0 -9999.0 -9999.0 -9999.0 -9999.0 -9999.0 -9999.0
-9999.0 -9999.0 -9999.0 -9999.0 -9999.0 -9999.0 1.13286529467 1.12955090569 2.16472064979 3.21525767645 7.2886478326 9.2935809895 10.2823477942 0.997870532223 0.758921422136 10.5944161211 12.8542502289 13.5349074206 16.4608571266 17.0970225562 0.626980766644 122.444621991 125.478093152 2.41824497913 0.49893635211 5.36095439582 11.7866684802 4.72258169714 1.09907977641 0.558431488833 12.0646491152 8.33095096291 0.5524456748 0.542015699764 2.4690985965 1.93224476969 0.601931901396 0.557337701833 0.635982499717 1.28099510006 0.602707093815 3.18064197736 3.7496207692 0.512599896286 -9999.0 -9999.0 -9999.0 -9999.0 0.629004685642 0.58153319391 0.211377872966 -9999.0 -9999.0 -9999.0
-9999.0 -9999.0 -9999.0 -9999.0 -9999.0 -9999.0 -9999.0 1.10159193108 0.994849285244 2.07089825634 3.11326452189 1.00899074268 0.875483466112 5.66319730689 7.36366190213 9.11809646596 0.794053656199 1.54308206139 0.763165652787 17.7780943882 39.2705066692 39.7890940622 166.436639667 0.590455528597 1.41436252232 0.438717640726 12.2863603674 0.539124716164 1.66753057203 0.541018842205 12.6061093833 13.1502739735 1.11110230795 1.08681226728 6.23588052554 3.14992277926 1.15539817878 0.599158645823 1.26411739464 1.89854027141 3.06341986294 0.550594728743 4.76949236513 5.26897070928 0.455295379612 0.497003187077 0.522428765765 0.467440497222 0.444623129425 1.69036780919 0.691804873493 0.459783281891 -9999.0 -9999.0
-9999.0 -9999.0 -9999.0 -9999.0 -9999.0 -9999.0 -9999.0 -9999.0 2.0857966323 3.03386305857 1.0068906617 2.04882507993 2.99555053047 4.85982942358 0.941344354036 0.90357192701 0.736735799764 0.744186847194 0.638977937008 20.119154668 0.776247384286 1.49818468714 168.502500298 169.82880853 0.549761626483 2.52032345802 15.2893183511 1.04813236586 2.11985879189 0.951183203342 1.38028910993 15.1670761786 1.57366020068 8.78096758704 7.25427952227 0.520545093281 2.88044087695 1.17191772244 1.81485148969 0.53756558061 3.56867034802 4.59727010184 5.02102679386 5.41845110351 6.95443474046 0.854751048281 0.916460039718 0.825388324308 0.773554415179 2.05724160156 0.37187439861 1.54053567437 1.86838325779 -9999.0
-9999.0 -9999.0 -9999.0 -9999.0 -9999.0 -9999.0 -9999.0 -9999.0 1.08953910795 5.18164530853 6.16156977955 0.979948233655 1.90175694535 0.919271722756 0.819148992808 0.803429626199 10.2678229304 13.5607917096 16.5327273312 19.5518913012 0.72896502523 0.744192389413 0.723636722017 172.971824322 174.357855539 174.892435464 20.0814495159 4.19402842718 3.63710827004 0.407261966557 1.78449256334 17.3814417398 0.425707159607 9.21566628409 0.5155687816 3.76979661346 3.4676596461 0.559270395476 2.36508861139 1.08104088654 1.60978774589 0.4658303141 0.388948306702 5.80969150726 6.16344649619 7.30710664835 1.30691770871 1.19286063092 1.12289252916 2.45698604047 3.21612521204 0.378930503638 2.21779417934 0.391435546069
-9999.0 -9999.0 -9999.0 -9999.0 -9999.0 -9999.0 -9999.0 -9999.0 -9999.0 1.10679919252 7.1916154367 8.15152135378 2.8304924224 4.66544762718 6.32049467433 7.16237342486 0.8611032226 2.55367458347 1.69691589854 0.884767167088 0.843042502768 0.741844556747 1.46230040871 2.44156487467 0.769853024102 196.324668464 196.862832908 0.498696090021 0.350598435041 0.82696336238 1.22327592219 18.5894265286 0.813959818255 9.56495653031 5.69291665954 4.75685257723 0.507678150699 1.0453605462 2.83021419315 0.46580191548 2.05554296587 0.892536783668 0.647206926967 0.303108638144 7.09493104383 14.6768766873 1.55167045427 1.44239659197 1.40669633173 0.283013317211 3.4991257707 0.271867269519 2.87346659942 0.317589167648
-9999.0 -9999.0 -9999.0 -9999.0 -9999.0 -9999.0 -9999.0 -9999.0 -9999.0 -9999.0 0.964950509291 10.089294442 0.919032672921 1.82396016675 2.62172561379 4.18146587561 0.799054404408 1.67124192879 0.818223540985 0.746648154829 0.692253378397 1.36486372887 0.588559759985 0.682696538537 1.30270212209 0.702608418607 197.446614828 198.467365309 199.879800168 1.64346306347 0.419503365841 0.836462456263 19.0388274901 17.3292187257 6.63901347754 0.465143612438 2.02918223925 1.53156125021 3.29707469688 0.928114157806 3.85151475668 1.33205239276 0.996093570979 0.264664816659 0.321505348997 15.066077149 15.392964854 18.6543368349 2.30713363653 0.591014323898 3.81580602778 4.39545965963 7.53376613335 0.618892549444
-9999.0 -9999.0 -9999.0 -9999.0 -9999.0 -9999.0 -9999.0 -9999.0 -9999.0 -9999.0 -9999.0 0.534820640277 11.2363563772 0.850322868903 1.62988287912 7.3540657496 0.791439757726 0.7780367404 0.64502583252 1.43935876856 0.713998556876 2.77185475397 3.93153134916 4.44229219901 1.77276842003 2.21807303407 0.509027082011 0.641419108106 0.595149843714 202.481608287 203.684012361 19.3933320343 18.04459426 17.6905410068 0.751431356749 0.35622964824 2.44353030314 6.57774954984 3.72089731296 1.34308431288 5.59379641658 2.14199959682 1.772012731 0.492459464162 0.210941561731 0.185546631771 0.206271863137 19.7920733378 23.0266578295 0.276335542541 0.244791347575 0.27232257126 7.80076875455 8.67088574649
-9999.0 -9999.0 -9999.0 -9999.0 -9999.0 -9999.0 -9999.0 -9999.0 -9999.0 -9999.0 -9999.0 0.49281907357 12.4190807059 15.1545108945 0.792630108097 8.91542099768 0.713794215786 0.665475294559 1.33568579886 3.48694397039 0.682606187066 0.733446874857 0.57068122068 5.55999765786 6.07780255368 8.85466428759 9.83965408331 10.3665285614 10.8413524748 11.347927786 215.529858851 235.794231387 254.617825733 254.964531269 0.34951304616 0.365283605646 7.41261764718 6.99866334725 0.413903593622 0.419983753602 6.02339943967 8.57738706285 0.321766236469 4.37141206163 4.09112021856 1.11848529278 0.507407437835 0.854166044806 0.386140828638 23.6358373512 0.3153265498 0.807183471568 1.02275589821 10.5219293024
-9999.0 -9999.0 -9999.0 -9999.0 -9999.0 -9999.0 -9999.0 -9999.0 -9999.0 -9999.0 -9999.0 1.01764009834 1.92987026546 16.0378051368 17.4952758423 0.728262651915 10.2492630802 0.577295937091 1.81126037806 4.09047371877 1.29944999587 0.612217460872 1.24336901907 0.465665101875 0.883566765 0.442423607877 0.402009297148 0.354322890853 0.3285621426 0.312806350784 0.317730011739 0.4140219759 0.471785582064 0.551227332257 256.232591772 8.66770406348 8.03410776502 0.285512172139 1.16867581775 0.344843311084 0.313607838255 8.93298345551 14.4307389116 4.79275815251 3.64519504137 0.6825577633 0.28741692328 0.252788832632 0.541191985725 24.4865819619 25.0715765974 0.308781404869 0.320649945627 0.297308145258
-9999.0 -9999.0 -9999.0 -9999.0 -9999.0 -9999.0 -9999.0 -9999.0 -9999.0 -9999.0 -9999.0 -9999.0 0.828802982335 11.735550604 30.0316806068 32.4472751584 43.3419559695 43.9416808331 9.01055894907 6.64579158929 1.9256545968 0.598775765804 2.41101015931 2.94905430828 4.29302123822 0.922750559082 0.823672425579 0.790431115686 1.53158598247 0.712746825107 0.700032107524 0.351729927832 0.288216383309 0.29354869434 256.625610825 265.511064312 265.868807577 0.29512325568 3.20277844118 1.42994845918 0.39994907046 15.7189156957 0.937892454028 0.491335696626 2.13818868226 0.42700756688 0.331088903076 0.6299274012 0.87692494293 1.16151534199 25.5445039369 0.22117209271 0.187459894284 0.187814600555
-9999.0 -9999.0 -9999.0 -9999.0 -9999.0 -9999.0 -9999.0 -9999.0 -9999.0 -9999.0 -9999.0 0.94913132554 8.9634082273 10.8619242183 1.68499588079 0.544210768174 1.20033176574 45.7918776195 46.3410712165 55.9322981498 0.519191336132 1.10903115545 0.447490424224 0.457629199054 4.73173583841 6.09087135387 7.29031976481 0.367000885854 1.89797895734 2.96642797649 1.71836658271 0.691221016205 0.566589658182 0.537313647476 0.516458277634 0.265120290988 266.154466599 266.361485706 270.009873901 0.604449600646 0.326978167101 16.0537214451 1.03019989213 0.532516896419 0.604382064926 0.599658075699 0.499394734317 0.880522628059 2.4032797876 3.87652225141 29.6435713475 0.151152550548 0.462492755935 0.318003947164
-9999.0 -9999.0 -9999.0 -9999.0 -9999.0 -9999.0 -9999.0 -9999.0 -9999.0 -9999.0 -9999.0 0.973843693415 6.26816419089 0.975918977243 0.8131801287 4.46683729672 5.17437708277 5.86364920945 6.47023537006 75.9852429382 76.5572208626 77.6183738776 85.8924508664 87.347966435 88.1747633046 88.6355022381 97.0414039275 98.1611807151 98.583091153 102.006191869 104.149064542 104.488545399 105.709474132 0.847544338462 0.767198552309 0.194751937541 0.168654692023 266.613276818 271.102722541 0.881966141898 18.5813999216 18.2879814171 1.89514341083 0.43999374882 0.457015734407 0.43243477854 0.426865632972 0.863092828649 1.21392504106 0.342710410601 29.8530000478 30.0816096343 31.0492761367 31.2259723354
-9999.0 -9999.0 -9999.0 -9999.0 -9999.0 -9999.0 -9999.0 -9999.0 -9999.0 -9999.0 -9999.0 3.23684163313 4.27780303136 1.98324761224 2.90127969368 0.904049945112 10.1667796215 10.9052321712 12.353870776 12.9737324907 4.73631896963 83.3041689009 83.8710747403 0.512831221781 0.369471078797 0.362566205097 0.750194128604 0.360079299999 0.288720654089 0.262787663489 0.252648881681 104.839977493 106.057310412 107.258514017 108.305502335 108.941973997 0.282743103954 0.0723103446073 290.373571768 19.0826870174 18.8988293769 0.346695449938 0.319957045429 0.29019435278 0.759529977271 0.735266057033 0.318476485466 0.321619553606 0.278335761653 0.611096080992 0.783709016646 0.135855960222 0.239700810781 0.0860205427036
-9999.0 -9999.0 -9999.0 -9999.0 -9999.0 -9999.0 -9999.0 -9999.0 -9999.0 -9999.0 -9999.0 -9999.0 2.18307944588 1.02375990557 0.92131163889 8.68155396888 9.45944527514 0.772245508378 2.95162387433 3.629313994 4.20475999042 0.654969597143 0.46450919421 12.2473496256 12.6217353636 12.9833608083 32.8548998556 33.1481328909 33.6981376712 36.3589903488 37.8642129773 38.0809278721 0.218029541128 0.234314302091 0.196108528045 109.255588336 0.129146328462 293.075289707 292.889934514 2.33955444997 2.08872508227 1.29474857578 0.325981515289 0.5712184303 1.05996465072 1.04034771253 0.61445533014 0.301922038457 0.574666696692 0.554844013434 1.01100977535 0.16135186883 0.382756407718 0.629570952201
