data/baseflow/History/mHMbfrc506
ncols                  80
nrows                 72
xllcorner      4374000.0
yllcorner      5656000.0
cellsize            500
NODATA_value       -9999
[rows 0 to 23 of 72, columns 0 to 54 of 80]
-9999.0 -9999.0 -9999.0 -9999.0 -9999.0 -9999.0 -9999.0 -9999.0 -9999.0 -9999.0 -9999.0 -9999.0 1.2857644264 0.89810272704 -9999.0 -9999.0 -9999.0 -9999.0 -9999.0 -9999.0 -9999.0 -9999.0 -9999.0 -9999.0 -9999.0 -9999.0 -9999.0 -9999.0 -9999.0 -9999.0 -9999.0 -9999.0 -9999.0 -9999.0 -9999.0 -9999.0 -9999.0 -9999.0 -9999.0 -9999.0 -9999.0 -9999.0 -9999.0 -9999.0 -9999.0 -9999.0 -9999.0 -9999.0 -9999.0 -9999.0 -9999.0 -9999.0 -9999.0 -9999.0 -9999.0
-9999.0 -9999.0 -9999.0 -9999.0 -9999.0 -9999.0 -9999.0 -9999.0 -9999.0 -9999.0 -9999.0 -9999.0 2.61330946413 5.2731050838 0.74446604416 -9999.0 0.6244616591 -9999.0 -9999.0 -9999.0 -9999.0 -9999.0 -9999.0 -9999.0 -9999.0 -9999.0 -9999.0 -9999.0 -9999.0 -9999.0 -9999.0 -9999.0 -9999.0 -9999.0 -9999.0 -9999.0 -9999.0 -9999.0 -9999.0 -9999.0 -9999.0 -9999.0 -9999.0 -9999.0 -9999.0 -9999.0 -9999.0 -9999.0 -9999.0 -9999.0 -9999.0 -9999.0 -9999.0 -9999.0 -9999.0
-9999.0 -9999.0 -9999.0 -9999.0 -9999.0 -9999.0 -9999.0 -9999.0 -9999.0 -9999.0 1.28970192304 1.24751566131 1.30661080034 1.26472721539 7.68832195643 8.49648191684 1.71392843236 0.543250611244 -9999.0 -9999.0 -9999.0 -9999.0 -9999.0 -9999.0 -9999.0 -9999.0 -9999.0 -9999.0 -9999.0 -9999.0 -9999.0 -9999.0 -9999.0 -9999.0 -9999.0 -9999.0 -9999.0 -9999.0 -9999.0 -9999.0 -9999.0 -9999.0 -9999.0 -9999.0 -9999.0 -9999.0 -9999.0 -9999.0 -9999.0 -9999.0 -9999.0 -9999.0 -9999.0 -9999.0 -9999.0
-9999.0 -9999.0 -9999.0 -9999.0 -9999.0 -9999.0 -9999.0 -9999.0 -9999.0 1.26633166902 2.53724485746 5.02996881035 2.53375262511 1.23815356889 2.42447805998 9.67236245572 12.6771280842 0.621928282578 -9999.0 1.27084708544 -9999.0 -9999.0 -9999.0 -9999.0 1.19968371544 0.612044933846 -9999.0 -9999.0 -9999.0 -9999.0 -9999.0 -9999.0 -9999.0 -9999.0 -9999.0 -9999.0 -9999.0 -9999.0 -9999.0 -9999.0 -9999.0 -9999.0 -9999.0 -9999.0 -9999.0 -9999.0 -9999.0 -9999.0 -9999.0 -9999.0 -9999.0 -9999.0 -9999.0 -9999.0 -9999.0
-9999.0 -9999.0 -9999.0 -9999.0 -9999.0 -9999.0 -9999.0 -9999.0 1.35286851677 3.91558572012 5.13507833297 6.36312981893 8.75464178927 1.17104966467 4.73472412107 5.88980829068 20.2661576258 0.975765922994 1.12935898901 2.43273365839 3.56248211044 1.16603589252 -9999.0 3.14730399736 2.5890825101 0.722454896617 -9999.0 -9999.0 -9999.0 -9999.0 -9999.0 -9999.0 -9999.0 -9999.0 -9999.0 -9999.0 -9999.0 -9999.0 -9999.0 -9999.0 -9999.0 -9999.0 -9999.0 -9999.0 -9999.0 -9999.0 -9999.0 -9999.0 -9999.0 -9999.0 -9999.0 -9999.0 -9999.0 -9999.0 -9999.0
-9999.0 -9999.0 -9999.0 -9999.0 -9999.0 -9999.0 1.36403836533 1.26814836241 1.25054578383 1.2617818124 1.26704782502 8.90081375547 18.8776932427 20.0922658037 21.2154595509 1.11737331576 22.4303162226 23.529971301 2.30273876054 1.13664678969 4.6721363783 8.10580015597 1.07599029032 6.38011205465 1.24154612049 1.1623233341 1.28441134706 -9999.0 -9999.0 -9999.0 -9999.0 -9999.0 -9999.0 -9999.0 -9999.0 -9999.0 -9999.0 -9999.0 -9999.0 -9999.0 -9999.0 -9999.0 -9999.0 -9999.0 -9999.0 -9999.0 -9999.0 -9999.0 -9999.0 -9999.0 -9999.0 -9999.0 -9999.0 -9999.0 -9999.0
-9999.0 -9999.0 -9999.0 -9999.0 -9999.0 -9999.0 2.7324482348 4.04147886542 9.15582026748 12.8711789137 1.18438377914 1.2122657101 1.16836759887 3.47129918763 25.7768605828 1.06064852062 24.6195816316 29.0466808982 3.46361470986 2.19744424147 9.17391681452 1.13095546237 7.50677178459 2.27252947082 1.14924761775 2.28894721733 2.5371452865 1.25862930761 1.26698459001 1.25375444368 1.28464409931 2.58009159586 -9999.0 -9999.0 -9999.0 -9999.0 -9999.0 -9999.0 -9999.0 -9999.0 -9999.0 -9999.0 -9999.0 -9999.0 -9999.0 -9999.0 -9999.0 -9999.0 -9999.0 -9999.0 -9999.0 -9999.0 -9999.0 -9999.0 -9999.0
-9999.0 -9999.0 -9999.0 -9999.0 -9999.0 1.42197084253 2.77978459551 1.34144205261 2.6291705472 14.1690173158 16.6154219893 19.0472690662 60.1620871622 1.16392343243 26.9127339698 95.7907700881 96.6470112864 127.16783716 0.944249061672 3.27576140629 10.2504824376 1.07151447709 20.2492660239 11.6419687097 7.14026782601 5.99374412413 1.23630600274 3.75082494212 3.72542124838 2.48890609307 1.22380248419 3.83318837892 1.22614253391 1.21925403815 -9999.0 -9999.0 -9999.0 -9999.0 -9999.0 -9999.0 -9999.0 -9999.0 -9999.0 -9999.0 -9999.0 -9999.0 -9999.0 -9999.0 -9999.0 -9999.0 -9999.0 -9999.0 -9999.0 -9999.0 -9999.0
-9999.0 -9999.0 -9999.0 -9999.0 -9999.0 1.43470484565 4.21774265506 8.37316405532 9.67793751892 19.2121935225 20.46970659 24.3424776142 39.9720832944 63.4463765929 65.7211642351 66.7753901735 2.05263882265 130.877097577 132.850771117 138.284431772 173.125734882 23.5180846243 21.3721443955 8.25976657639 1.10899523276 7.1872536475 4.88141526968 1.10682177532 4.84652476362 1.10178420855 2.3623330275 6.24640905958 7.42594129981 2.39417870645 1.17419455341 1.17392609919 -9999.0 -9999.0 -9999.0 -9999.0 0.626301237774 0.54739807568 -9999.0 -9999.0 -9999.0 -9999.0 -9999.0 -9999.0 -9999.0 -9999.0 -9999.0 -9999.0 -9999.0 -9999.0 -9999.0
-9999.0 -9999.0 -9999.0 -9999.0 -9999.0 1.4152274915 1.37597211154 5.5977397973 6.90830651669 8.24801816557 1.30696634366 2.6011678145 14.7149026434 2.61829407531 1.24534868338 1.18860148541 1.09291627728 1.24506812262 1.23388546261 1.16384252676 174.227798508 177.455045926 1.06805655795 3.27251025187 2.21283505081 8.27436064461 2.21679565745 1.08286532429 5.99019816491 2.18477104606 5.33740359019 13.1235836654 12.1482813601 3.55848356169 3.51704576751 1.1828933299 1.18200904769 -9999.0 -9999.0 1.18898856512 1.45889929303 3.15339648049 0.578424640196 -9999.0 -9999.0 -9999.0 -9999.0 -9999.0 -9999.0 -9999.0 -9999.0 -9999.0 -9999.0 -9999.0 -9999.0
-9999.0 -9999.0 -9999.0 -9999.0 -9999.0 -9999.0 1.44041504467 1.42741378768 2.80161500803 4.16674617989 9.49658931846 12.1525912562 13.4960853688 1.39147710472 1.17678949557 15.1807015616 18.6954441447 19.8323340689 24.4750124123 25.5854438572 1.10377669779 178.548956795 183.983511075 4.36017078175 1.03017843584 9.32794493514 20.6919353557 8.12269159251 2.11787450541 1.05873620229 20.5310761239 14.1959867462 1.05857873905 1.06138490219 4.59225628273 3.46334087653 1.13435287798 1.12823969869 1.14833195244 2.31969760669 1.12350722099 3.8227853266 4.92608468455 1.06752301207 -9999.0 -9999.0 -9999.0 -9999.0 1.15335115892 1.11257496986 0.32814521463 -9999.0 -9999.0 -9999.0 -9999.0
-9999.0 -9999.0 -9999.0 -9999.0 -9999.0 -9999.0 -9999.0 1.4431567785 1.32089930039 2.68227175312 4.02852684435 1.34121424066 1.32057889042 7.86122481685 10.3441562769 12.8494199439 1.19097578871 2.37266212827 1.16665609333 26.6981122352 58.02537092 58.6223888659 244.483458586 1.08711905102 3.06335552741 0.996864762754 21.7270754512 1.0448229688 3.18863187334 1.0487555299 21.5825669759 22.6270816406 2.1182726818 2.11007133577 11.4048850725 5.70927604471 2.25608175122 1.14310828998 2.29854522766 3.45550416867 5.6758648307 1.09624934807 7.01300297973 7.9507187577 0.847244901294 0.900420544498 0.925161069827 0.851474949165 0.806277905187 3.23857358534 1.29126807359 0.827560327081 -9999.0 -9999.0 -9999.0
-9999.0 -9999.0 -9999.0 -9999.0 -9999.0 -9999.0 -9999.0 -9999.0 2.75659149433 4.06689706533 1.33765309424 2.6873295979 3.97357444622 6.61935850444 1.29588145571 1.27626076919 1.16611032162 1.18381540911 1.11764036168 29.0819024626 1.17205498337 2.31714146621 247.44403967 249.552221427 1.09829370587 5.27706223118 28.0111742068 2.0622764085 4.16638732583 1.99440320874 2.95719431291 26.6951843453 3.10152551807 16.5588862176 13.4749535085 1.05080289028 5.52098375245 2.21329925758 3.35998731101 1.05910744132 6.72297239502 8.80882459318 9.61641818251 10.3873868745 11.1334979649 1.60599961335 1.67633463408 1.55446822358 1.45850140394 4.06868858529 0.881136700888 3.01525204233 3.82487550489 -9999.0 -9999.0
-9999.0 -9999.0 -9999.0 -9999.0 -9999.0 -9999.0 -9999.0 -9999.0 1.3890098718 6.81205173886 8.132592877 1.32540750493 2.61221911717 1.28772531414 1.23765480613 1.21721649971 14.9610628354 19.9416697373 24.3153599929 28.4485327558 1.02748684942 1.15743404383 1.26071668991 254.423165286 256.516569992 257.469113296 37.4939988193 8.29858714498 7.23795580976 0.95555630431 3.90478177775 31.5614547608 0.960713161937 17.5296718638 1.0243652476 7.12992390927 6.60969129529 1.0599849869 4.41295559888 2.10934502786 3.14608611222 0.994127623976 0.76724204839 11.1498835761 11.8506852089 11.8326828307 2.42263908752 2.26995489962 2.16271675713 4.98979771178 6.76322935621 0.884500562401 4.66101311829 0.877499666822 1.68908452055
-9999.0 -9999.0 -9999.0 -9999.0 -9999.0 -9999.0 -9999.0 -9999.0 -9999.0 1.37608975982 9.46795229883 10.7843382161 3.90914862625 6.48396823992 8.95655049782 10.1931101543 1.24267317578 3.81037014843 2.51031362938 1.24318964553 1.24299811889 1.17421030591 2.34303131829 4.06211512159 1.3492514259 297.301114662 298.394956661 0.98964039015 0.866281498682 1.91038586309 2.85063010917 34.3849935356 1.88927651257 18.4232240884 10.9744916178 9.02512582829 1.02321284513 2.07006985604 5.40804867708 0.990471164347 4.12059839752 1.9554802581 1.45743147521 0.756435423212 14.0245473496 26.4477869142 2.96132688418 2.82571476995 2.90942546366 0.771180282401 7.52110514816 0.744623246312 6.29162984062 0.80173427204 2.48578274517
-9999.0 -9999.0 -9999.0 -9999.0 -9999.0 -9999.0 -9999.0 -9999.0 -9999.0 -9999.0 1.2984252254 13.3989888935 1.29545401706 2.58298172086 3.79725502475 6.2574060505 1.26440021087 2.57481984101 1.27547617286 1.23752441626 1.17950617712 2.33942932353 1.09439668366 1.20596609057 2.42108308696 1.34990321007 299.422720057 301.366199107 304.283658664 3.77607833579 0.955638694142 1.90427434061 35.3504440355 34.1200561874 12.9573375556 0.987425923265 4.08930378937 3.07810220089 6.40547119767 1.98479791482 8.02709627975 2.92265307343 2.33939665084 0.7463439474 0.778212672359 27.2212130797 27.882409291 34.266766123 5.29916584861 1.58564030737 8.32224276468 9.85266671581 16.8608571302 1.57816362197 0.751257581984
-9999.0 -9999.0 -9999.0 -9999.0 -9999.0 -9999.0 -9999.0 -9999.0 -9999.0 -9999.0 -9999.0 0.726568847758 15.0312810628 1.3040051053 2.50450137808 11.2049581244 1.25742541344 1.25560782277 1.15340414396 2.41509327042 1.15534754246 4.64105006739 6.81629136058 7.85166274688 3.40631159654 4.31048313335 1.00429188117 1.23452659975 1.01117850129 309.835476339 312.791381607 36.215407975 35.862783302 34.9977631445 1.82502161287 0.895728360211 5.0323542151 13.3333404068 7.36032850245 2.93732449272 11.8917866169 5.69097308938 4.7896185541 1.56371414823 0.632816687772 0.602885547922 0.585965143518 37.0122693117 44.4796541614 0.775763306757 0.698652472656 0.762503214117 17.5955199003 19.8913099096 1.40574187346
-9999.0 -9999.0 -9999.0 -9999.0 -9999.0 -9999.0 -9999.0 -9999.0 -9999.0 -9999.0 -9999.0 0.684669518753 16.6969659822 20.5052827364 1.20367817992 13.605471532 1.1898025837 1.16370990274 2.29876116034 5.86811009153 1.14364651108 1.17710130708 1.07269959162 9.99412983623 11.0306036814 16.4064015315 18.4233247951 19.524919617 20.4814335107 21.4067732543 335.07878638 373.210456927 410.782548298 411.379528116 0.839270114214 0.895010464885 15.2200836365 14.2840810026 0.94046695594 0.936337088467 12.8678531234 19.4856314152 0.86539678657 10.3556382871 9.48461078455 2.97682489289 1.32121996801 2.10507514857 0.731764871062 45.7222142608 0.627161166834 2.07845167401 2.57961890414 24.4316373445 26.5354711241
-9999.0 -9999.0 -9999.0 -9999.0 -9999.0 -9999.0 -9999.0 -9999.0 -9999.0 -9999.0 -9999.0 1.33982725667 2.59018167192 21.7410593653 24.0588505164 1.16207648932 15.5636943917 1.07709592975 3.30195902411 6.95167281039 2.23142140796 1.08580825182 2.20565774954 0.996367112182 1.94426743683 0.967322175123 0.945022489703 0.926363989615 0.908547894623 0.916633287484 0.948005474208 1.08889491359 1.16709752704 1.09985065438 413.913423054 18.3721931597 16.5771365268 0.648090495771 2.73617840808 0.685265361982 0.635481926886 20.3687632055 33.4153736459 11.2893251971 8.02837832359 1.67403542229 0.713070642084 0.667952275452 1.29020233449 47.6388127483 48.7950350222 0.599099836869 0.59918016249 0.648078389058 0.707994500257
-9999.0 -9999.0 -9999.0 -9999.0 -9999.0 -9999.0 -9999.0 -9999.0 -9999.0 -9999.0 -9999.0 -9999.0 1.23712841606 15.7106985467 40.9639882703 44.5656885405 61.1696713236 61.9245557677 15.3989540603 11.3841918417 3.33525305729 1.07794871918 4.33425806728 5.36624381041 8.28566584824 1.96119177557 1.89814452154 1.88868246218 3.73745362833 1.84782349331 1.86950400624 0.918593294271 0.901225927976 0.915138941046 414.659307292 433.592422689 434.508426769 0.640465638228 7.22354433841 3.14479737789 0.926261704726 36.2186086999 1.93782852759 0.989841160198 4.10477677365 0.976323840789 0.810806108212 1.47450363189 2.0239502728 2.61180733886 49.8043329699 0.479168252959 0.41950493806 0.419839136089 0.371917514218
-9999.0 -9999.0 -9999.0 -9999.0 -9999.0 -9999.0 -9999.0 -9999.0 -9999.0 -9999.0 -9999.0 1.30147628815 11.9251789839 14.4851038428 2.41680002423 0.763142802655 1.8108678847 64.8464725064 65.6958799316 81.8259717903 1.01748072341 2.08924121161 0.964911604614 0.978273248762 9.23978284238 12.1538523007 14.9623891726 0.9011687085 4.63357730855 7.36376842009 4.51583284984 1.78719524981 1.74538655935 1.75245989678 1.61990417826 0.776119465733 435.064191527 435.525217098 443.775766694 1.62749798275 0.851765899593 36.7177527139 2.01558927296 1.02527650754 1.06747167775 1.05890504005 0.987773975818 1.82646278798 5.13564165501 8.3762634349 58.6711252211 0.37822204031 1.12380624002 0.755446376381 0.673557227735
-9999.0 -9999.0 -9999.0 -9999.0 -9999.0 -9999.0 -9999.0 -9999.0 -9999.0 -9999.0 -9999.0 1.32365096702 8.10253861821 1.29773904108 1.19885503716 5.99314027615 7.09355507009 8.22480561043 9.30707220918 110.727158103 111.693216407 113.710523939 128.07425114 131.07166029 132.881822719 133.851439761 151.241626059 153.867369016 154.770541114 163.089281894 168.531821204 169.400965477 172.889577486 2.59273216525 2.45909851097 0.75441846908 0.62364517751 436.091390452 446.599012751 2.32656584619 41.7891906774 41.0534055557 3.8829626888 0.952878336914 0.970402769569 0.950161490393 0.929939242015 1.86662525756 2.68594853158 0.766274121512 59.1411482217 59.6300812549 61.9289217019 62.3321122731 63.3762176832
-9999.0 -9999.0 -9999.0 -9999.0 -9999.0 -9999.0 -9999.0 -9999.0 -9999.0 -9999.0 -9999.0 4.10534639446 5.44192574247 2.5948726612 3.84240737215 1.23593837012 13.9620419364 15.1227877546 17.4153849664 18.5091983612 7.72878359713 123.029009705 123.993601031 1.0281230876 0.845131527271 0.852833130564 1.76924932128 0.956680843537 0.885886874871 0.867419306824 0.849156700496 170.309303859 173.785766496 177.114041497 180.246854082 182.678068041 1.12910188461 0.388283559308 490.135450182 43.0688280641 42.5461975145 0.867234467054 0.836261309563 0.787158980918 1.7715769715 1.75434210455 0.827052599043 0.834026262788 0.779505000734 1.53758917062 2.03686953524 0.387111947351 0.722231199002 0.300337749559 0.288347394566
-9999.0 -9999.0 -9999.0 -9999.0 -9999.0 -9999.0 -9999.0 -9999.0 -9999.0 -9999.0 -9999.0 -9999.0 2.76474287532 1.31838378283 1.25917281354 11.652058791 12.8338492368 1.18128291187 4.64902672941 5.76038058532 6.8349426904 1.13012548763 0.960956224842 19.3505759622 20.1554233903 20.9620335875 53.5120564636 54.2694298448 55.8818425861 62.3738683916 66.9116888516 67.723412755 0.808957040229 0.827219021184 0.737089300214 183.399022964 0.390847302399 497.645355986 497.048853357 6.44424689142 5.79690084568 3.37894017161 0.852090807663 1.57900572879 2.57185616551 2.55679404849 1.61939931085 0.810668776084 1.5812698111 1.55743643362 2.73260958706 0.446203917627 1.22355535547 1.94941324052 2.54104635529
