data/baseflow/History/mHMbfrc540
ncols                  80
nrows                 72
xllcorner      4374000.0
yllcorner      5656000.0
cellsize            500
NODATA_value       -9999
[rows 0 to 23 of 72, columns 0 to 54 of 80]
-9999.0 -9999.0 -9999.0 -9999.0 -9999.0 -9999.0 -9999.0 -9999.0 -9999.0 -9999.0 -9999.0 -9999.0 1.06768526622 0.897025001719 -9999.0 -9999.0 -9999.0 -9999.0 -9999.0 -9999.0 -9999.0 -9999.0 -9999.0 -9999.0 -9999.0 -9999.0 -9999.0 -9999.0 -9999.0 -9999.0 -9999.0 -9999.0 -9999.0 -9999.0 -9999.0 -9999.0 -9999.0 -9999.0 -9999.0 -9999.0 -9999.0 -9999.0 -9999.0 -9999.0 -9999.0 -9999.0 -9999.0 -9999.0 -9999.0 -9999.0 -9999.0 -9999.0 -9999.0 -9999.0 -9999.0
-9999.0 -9999.0 -9999.0 -9999.0 -9999.0 -9999.0 -9999.0 -9999.0 -9999.0 -9999.0 -9999.0 -9999.0 2.19088719412 4.77516486802 0.76908960653 -9999.0 0.663674924774 -9999.0 -9999.0 -9999.0 -9999.0 -9999.0 -9999.0 -9999.0 -9999.0 -9999.0 -9999.0 -9999.0 -9999.0 -9999.0 -9999.0 -9999.0 -9999.0 -9999.0 -9999.0 -9999.0 -9999.0 -9999.0 -9999.0 -9999.0 -9999.0 -9999.0 -9999.0 -9999.0 -9999.0 -9999.0 -9999.0 -9999.0 -9999.0 -9999.0 -9999.0 -9999.0 -9999.0 -9999.0 -9999.0
-9999.0 -9999.0 -9999.0 -9999.0 -9999.0 -9999.0 -9999.0 -9999.0 -9999.0 -9999.0 1.05303304855 1.00865552054 1.06029455469 1.03879026165 6.726708385 7.49283924679 1.8247930908 0.576008995536 -9999.0 -9999.0 -9999.0 -9999.0 -9999.0 -9999.0 -9999.0 -9999.0 -9999.0 -9999.0 -9999.0 -9999.0 -9999.0 -9999.0 -9999.0 -9999.0 -9999.0 -9999.0 -9999.0 -9999.0 -9999.0 -9999.0 -9999.0 -9999.0 -9999.0 -9999.0 -9999.0 -9999.0 -9999.0 -9999.0 -9999.0 -9999.0 -9999.0 -9999.0 -9999.0 -9999.0 -9999.0
-9999.0 -9999.0 -9999.0 -9999.0 -9999.0 -9999.0 -9999.0 -9999.0 -9999.0 1.00798408783 2.05792227817 4.08736516148 2.03845769154 0.989245325427 1.94602899605 8.41653722107 11.6103339843 0.66358806248 -9999.0 1.02734109481 -9999.0 -9999.0 -9999.0 -9999.0 1.25548589411 0.638097823962 -9999.0 -9999.0 -9999.0 -9999.0 -9999.0 -9999.0 -9999.0 -9999.0 -9999.0 -9999.0 -9999.0 -9999.0 -9999.0 -9999.0 -9999.0 -9999.0 -9999.0 -9999.0 -9999.0 -9999.0 -9999.0 -9999.0 -9999.0 -9999.0 -9999.0 -9999.0 -9999.0 -9999.0 -9999.0
-9999.0 -9999.0 -9999.0 -9999.0 -9999.0 -9999.0 -9999.0 -9999.0 1.14258779588 3.2146326682 4.17857464444 5.14638751565 7.07134350118 0.9173969952 3.74653467855 4.63348670765 17.7117007999 0.759614993748 0.817089208314 1.9157955576 2.76994882666 0.890814240254 -9999.0 3.27538102941 2.68316722897 0.738801966322 -9999.0 -9999.0 -9999.0 -9999.0 -9999.0 -9999.0 -9999.0 -9999.0 -9999.0 -9999.0 -9999.0 -9999.0 -9999.0 -9999.0 -9999.0 -9999.0 -9999.0 -9999.0 -9999.0 -9999.0 -9999.0 -9999.0 -9999.0 -9999.0 -9999.0 -9999.0 -9999.0 -9999.0 -9999.0
-9999.0 -9999.0 -9999.0 -9999.0 -9999.0 -9999.0 1.12661386551 1.01883330764 0.995850316986 1.01412736315 1.02552036907 7.20938016992 15.2657132276 16.2346172989 17.1036412316 0.881787692779 19.392449878 20.2080328505 1.74628034568 0.875872998584 3.60722878416 6.21268215227 0.826332936928 5.77081008147 0.89681216731 0.853226656244 0.926273515493 -9999.0 -9999.0 -9999.0 -9999.0 -9999.0 -9999.0 -9999.0 -9999.0 -9999.0 -9999.0 -9999.0 -9999.0 -9999.0 -9999.0 -9999.0 -9999.0 -9999.0 -9999.0 -9999.0 -9999.0 -9999.0 -9999.0 -9999.0 -9999.0 -9999.0 -9999.0 -9999.0 -9999.0
-9999.0 -9999.0 -9999.0 -9999.0 -9999.0 -9999.0 2.24815959415 3.29913514364 7.42210832648 10.3615575045 0.89830128962 0.938803249651 0.895758384715 2.65330970809 20.5567824742 0.776849146672 20.9922717138 24.4913675845 2.72876534015 1.64747520389 6.99639622916 0.845569657187 6.6043550851 1.63965262007 0.823020765328 1.64429656768 1.82519941628 0.927795578642 0.956130697148 0.93348275277 0.987047030145 1.97703716908 -9999.0 -9999.0 -9999.0 -9999.0 -9999.0 -9999.0 -9999.0 -9999.0 -9999.0 -9999.0 -9999.0 -9999.0 -9999.0 -9999.0 -9999.0 -9999.0 -9999.0 -9999.0 -9999.0 -9999.0 -9999.0 -9999.0 -9999.0
-9999.0 -9999.0 -9999.0 -9999.0 -9999.0 1.21574774354 2.34689893442 1.11993391747 2.16165175592 11.4261654742 13.3368201698 15.2361123539 48.6902975451 0.905487811395 21.4039226885 77.0581646567 77.7365604741 103.493580694 0.817740217631 2.43490521447 7.78494102838 0.781803756789 15.8525588935 8.43767795457 5.15918888675 4.32382418375 0.887066473011 2.76158502798 2.78675671571 1.85718561954 0.90199645485 2.9065901952 0.893899728298 0.881330580903 -9999.0 -9999.0 -9999.0 -9999.0 -9999.0 -9999.0 -9999.0 -9999.0 -9999.0 -9999.0 -9999.0 -9999.0 -9999.0 -9999.0 -9999.0 -9999.0 -9999.0 -9999.0 -9999.0 -9999.0 -9999.0
-9999.0 -9999.0 -9999.0 -9999.0 -9999.0 1.21264779135 3.51734149007 7.00100117895 8.0584315184 15.8739305855 16.8650889092 19.9671657471 32.5920594855 51.4827526644 53.264911696 54.0876142015 1.51533016235 106.332022914 107.910827103 111.967994863 138.726330027 18.2282415156 16.6801987018 5.97662458266 0.803332749203 5.18044241077 3.55067068008 0.74951382225 3.60061302104 0.819227935009 1.81039126396 4.70029144079 5.55012142398 1.7197995366 0.836038356997 0.834567848506 -9999.0 -9999.0 -9999.0 -9999.0 0.644715260361 0.571050739744 -9999.0 -9999.0 -9999.0 -9999.0 -9999.0 -9999.0 -9999.0 -9999.0 -9999.0 -9999.0 -9999.0 -9999.0 -9999.0
-9999.0 -9999.0 -9999.0 -9999.0 -9999.0 1.17506730272 1.11608008075 4.60292982045 5.67773746394 6.78748581736 1.05395894662 2.0875930224 11.882453234 2.21350234281 0.981658548435 0.891265433973 0.799653174751 0.983670323638 0.967105098663 0.871565769572 139.516613291 141.811706218 0.76463515046 2.35217962889 1.59996778939 5.94042513007 1.5236715895 0.725051855458 4.42022724423 1.63809305947 4.0513813894 9.62596498195 8.92159357579 2.53305850848 2.47304075804 0.855873580658 0.855558036382 -9999.0 -9999.0 0.864614930785 1.40073101189 3.16610063069 0.602898866152 -9999.0 -9999.0 -9999.0 -9999.0 -9999.0 -9999.0 -9999.0 -9999.0 -9999.0 -9999.0 -9999.0 -9999.0
-9999.0 -9999.0 -9999.0 -9999.0 -9999.0 -9999.0 1.19719613878 1.19686949148 2.27988782444 3.3805340367 7.68284025769 9.8005220216 10.9296833332 1.22592319429 0.874899511545 11.7386839248 14.3525651355 15.1690148253 18.5801014109 19.3689503775 0.779206029263 142.593983282 146.480377796 3.12195988206 0.760753710649 6.65838233134 14.6502329033 5.81699788915 1.42095513409 0.727819219454 15.121783843 10.379140132 0.714843432757 0.709874357679 3.20835288314 2.49457697973 0.78072983149 0.720462759121 0.833863634992 1.68159068736 0.799827242417 3.84796847602 4.60711628954 0.688953483089 -9999.0 -9999.0 -9999.0 -9999.0 0.810107798961 0.760908586159 0.250680698933 -9999.0 -9999.0 -9999.0 -9999.0
-9999.0 -9999.0 -9999.0 -9999.0 -9999.0 -9999.0 -9999.0 1.1686413226 1.05993536063 2.18451196136 3.28420429548 1.06751588155 1.08070238086 6.22285311968 8.10740826086 10.0257220941 0.898897418862 1.76747326292 0.876289371214 20.1815716948 43.9327517246 44.5446693701 192.449735008 0.753440181367 2.18445144037 0.696923578586 15.3160487823 0.690889617338 2.15948564088 0.705951429343 15.8194978447 16.5155404234 1.43552586602 1.42180012923 8.07035543661 4.06967996534 1.50098850965 0.774780731645 1.66308994001 2.50004365147 4.04493134892 0.732372809321 5.96360091226 6.60962101554 0.593139880428 0.640340030061 0.661435914729 0.595338037626 0.567608090774 2.19589427408 0.880546811745 0.539747315805 -9999.0 -9999.0 -9999.0
-9999.0 -9999.0 -9999.0 -9999.0 -9999.0 -9999.0 -9999.0 -9999.0 2.25579647397 3.26252461048 1.04783488155 2.13079316585 3.1257011433 5.24587674561 1.00778445097 0.976731641863 0.850260564772 0.860405927775 0.785947127446 22.1170962858 0.882371754992 1.72343956731 194.840044097 196.393190192 0.657588192883 3.50279308909 19.4365515747 1.35691052311 2.76858697345 1.26502176575 1.86475025847 19.172152004 2.05928360728 11.4858941631 9.46090841348 0.732052004792 3.75211506497 1.52297987811 2.39895912786 0.727819122019 4.73244611582 6.09374382101 6.65184183167 7.17917053543 8.83693687361 1.12711389211 1.18558512154 1.07871114766 1.0186291188 2.70563043714 0.531735790521 1.96764476895 2.44969425116 -9999.0 -9999.0
-9999.0 -9999.0 -9999.0 -9999.0 -9999.0 -9999.0 -9999.0 -9999.0 1.12478169851 5.47665079287 6.49820918681 1.02295517052 2.00481244769 0.980550466324 0.916117592875 0.901180084904 11.1755156998 14.791634918 18.1462952695 21.4673558928 0.796487170761 0.858574684755 0.847153953243 200.027202723 201.667753717 202.300749579 25.5812280119 5.43012410006 4.74554430124 0.555795579657 2.41492155295 22.1721321392 0.574344920825 12.0812246691 0.687572080058 4.94552750032 4.52794246699 0.73510374956 3.13205197367 1.45510933873 2.17153677999 0.631483877307 0.519405124024 7.69937729363 8.18188121307 9.3181638032 1.70563393678 1.5726800477 1.49334882563 3.27324764698 4.35232219461 0.538765572526 2.96272408803 0.580294733368 1.08986827179
-9999.0 -9999.0 -9999.0 -9999.0 -9999.0 -9999.0 -9999.0 -9999.0 -9999.0 1.13894383867 7.55969683554 8.55806973359 2.984726231 4.93098770519 6.7569388426 7.67173678596 0.936029492355 2.77172619381 1.85931352282 0.95604259033 0.928024486913 0.84426370964 1.65474680043 2.78668833959 0.883348126648 229.440012077 230.079553441 0.590791827011 0.449980814581 1.14288037001 1.70390707005 23.8525090014 1.12567414386 12.5796459656 7.46767061418 6.21741260623 0.678976152347 1.39574073057 3.78002522919 0.647192411208 2.80611831806 1.240387168 0.921046449522 0.47454168699 9.59733238632 19.3113962772 2.0696290552 1.94263935724 1.92133973878 0.43645279566 4.78458997104 0.419707880543 3.9257991702 0.491825361518 1.58238193059
-9999.0 -9999.0 -9999.0 -9999.0 -9999.0 -9999.0 -9999.0 -9999.0 -9999.0 -9999.0 0.991839947129 10.5521656756 0.973315386687 1.93093307642 2.81188706639 4.55458013078 0.887859115052 1.82397401674 0.909988555843 0.846695828602 0.80362026966 1.58573111403 0.700280734416 0.753149409802 1.46252121308 0.816421666962 230.758418042 231.958691841 233.657739564 2.21658235293 0.585089199961 1.16715551606 24.4643319848 22.912346566 8.74489800885 0.633080565231 2.72456794571 2.05589338113 4.42979670866 1.29305294718 5.31429598413 1.85862972816 1.44526226497 0.465473998119 0.508430440844 19.8472919564 20.3066623737 24.7137686986 3.30084902159 0.911814588565 5.25440453716 6.13352248331 10.4616486087 0.949383605843 0.448643543653
-9999.0 -9999.0 -9999.0 -9999.0 -9999.0 -9999.0 -9999.0 -9999.0 -9999.0 -9999.0 -9999.0 0.619487302738 11.9374030022 1.00930278098 1.8655274912 8.12092345909 0.866635704137 0.856662742622 0.755786791789 1.65373080849 0.821520667665 3.20868467166 4.60042407394 5.22230455997 2.01171544895 2.51004818231 0.587332069942 0.733183113407 0.664505339051 237.066393152 238.864308757 24.9486447474 23.9120862597 23.419262219 1.05079508484 0.501129825766 3.3110677327 8.93035625492 5.03396087437 1.89007548292 7.78109915063 3.42958780533 2.87953336058 0.907535977197 0.386386232455 0.352319800214 0.347282084019 26.522500562 31.1922497239 0.438599620717 0.377201463397 0.431596977611 10.8880064105 12.2448185563 0.800040660073
-9999.0 -9999.0 -9999.0 -9999.0 -9999.0 -9999.0 -9999.0 -9999.0 -9999.0 -9999.0 -9999.0 0.571821725419 13.2835721836 16.1397943452 0.863295265636 9.83190778084 0.800110753047 0.761432293654 1.56092604231 4.03420778397 0.799105367166 0.836770214373 0.688878970554 6.5667851573 7.19222804828 10.3859397618 11.5367337787 12.1399805362 12.7039324291 13.2578149127 252.712075504 278.789352953 303.746446393 304.184373627 0.452470661924 0.513286968885 10.108127034 9.52313453454 0.594033327177 0.604179646879 8.48833945518 12.5079208001 0.511841103122 6.72305975566 6.21471791202 1.92778023495 0.84908225394 1.3945979944 0.527724580436 32.0595309112 0.444449201213 1.22533414813 1.55216188294 15.0449074412 16.2374476908
-9999.0 -9999.0 -9999.0 -9999.0 -9999.0 -9999.0 -9999.0 -9999.0 -9999.0 -9999.0 -9999.0 1.04277045887 1.98238172449 17.0570509365 18.6957269166 0.816114232065 11.3081154689 0.655765322219 2.08325115033 4.74072403917 1.52824387415 0.725468289986 1.46262906903 0.567330125129 1.11123642721 0.579545304972 0.550100014211 0.528724719802 0.508186845826 0.452139905687 0.441111494249 0.556743469205 0.635183648695 0.665195137529 305.73606866 11.9863486287 10.9497898131 0.390583648199 1.68650896756 0.410209445153 0.455288351596 13.0452252243 21.4412067975 7.32293481424 5.37199508569 1.13285151653 0.471097225808 0.427460620715 0.842654725915 33.3370473873 34.1482366253 0.42300418674 0.429763292579 0.419885704241 0.401780216923
-9999.0 -9999.0 -9999.0 -9999.0 -9999.0 -9999.0 -9999.0 -9999.0 -9999.0 -9999.0 -9999.0 -9999.0 0.894951299847 12.0779560096 31.6448499727 34.2728578968 46.3086728844 46.9703500729 10.4532389543 7.74674512529 2.26763986274 0.714398960188 2.85856883021 3.51063361106 5.21429731039 1.18806465271 1.11453236884 1.10437193243 2.17034445018 0.999724206299 0.977730131922 0.527664693855 0.482055632764 0.42241591375 306.199179972 318.540123842 319.130626816 0.406704070383 4.49449971934 1.98758533605 0.577886280779 23.2543282442 1.29189916112 0.668278876233 2.84872555136 0.639732889909 0.482768268256 0.914923374921 1.28102177737 1.68759471071 34.8367811162 0.325601916345 0.282941501384 0.283236001828 0.227744407963
-9999.0 -9999.0 -9999.0 -9999.0 -9999.0 -9999.0 -9999.0 -9999.0 -9999.0 -9999.0 -9999.0 0.976901856291 9.22982376351 11.1631762931 1.76692463177 0.622470702204 1.42084034852 49.124827318 49.7283273179 60.8185741314 0.62617787416 1.3338876711 0.571284029262 0.57971845467 5.77698174124 7.52599152048 9.17040747689 0.503196153878 2.67244149416 4.16412015351 2.45468099663 1.00816760281 0.915532013656 0.857650566358 0.845661703375 0.384842947792 319.518431863 319.837061815 324.986776634 0.888182443018 0.484454534749 23.7143603741 1.35474495472 0.692049894829 0.762718243126 0.757548749413 0.660811619811 1.19174119029 3.31918529566 5.43829285673 40.6037435578 0.24324067659 0.733661083297 0.498330571179 0.420847169016
-9999.0 -9999.0 -9999.0 -9999.0 -9999.0 -9999.0 -9999.0 -9999.0 -9999.0 -9999.0 -9999.0 1.00035793815 6.40748835988 0.991389755493 0.86040885703 4.53017536608 5.28992146869 6.04836866969 6.74361487683 81.7480381017 82.4569941582 83.8335958433 93.2392073112 95.0051822469 96.0375349905 96.6145915825 107.159283159 108.742771222 109.31241823 114.054275168 117.066117024 117.547091587 119.425380198 1.31358378696 1.28345346222 0.322860428549 0.301469698763 320.188052403 326.58193393 1.26781610985 27.1455288048 26.7122553304 2.53568226727 0.603142786229 0.622357721763 0.596623841173 0.596886696735 1.20258513822 1.70172133821 0.481789902268 40.9159857252 41.2478029532 42.7621061942 43.032175645 43.7024952258
-9999.0 -9999.0 -9999.0 -9999.0 -9999.0 -9999.0 -9999.0 -9999.0 -9999.0 -9999.0 -9999.0 3.3087161532 4.36709847433 2.00523890713 2.94370732149 0.926340331086 10.4118379053 11.1985557058 12.7452852526 13.4804113691 5.07888417998 89.9900372452 90.6653192185 0.587336306695 0.45595150525 0.464045524509 0.949042683575 0.539645874769 0.432950468618 0.420561696952 0.409237460905 118.06048823 119.930767219 121.707703112 123.388447841 124.487537126 0.528877122024 0.164603172094 354.765509736 27.8841687963 27.5995922058 0.508880414746 0.470921032344 0.425371208194 1.06121377906 1.03660042126 0.469120960699 0.481378374625 0.423970338972 0.894800947958 1.1732289463 0.240033122115 0.438221092943 0.159523877272 0.144309180024
-9999.0 -9999.0 -9999.0 -9999.0 -9999.0 -9999.0 -9999.0 -9999.0 -9999.0 -9999.0 -9999.0 -9999.0 2.23493561885 1.03886251436 0.946132824751 8.82199582603 9.64375340411 0.819230845904 3.12467113882 3.85843723582 4.52069400599 0.734125630397 0.522965844027 13.0825638888 13.5212381064 13.9527976024 35.6571690226 36.0456629548 36.8496855666 40.6145255873 42.8929361243 43.2511996908 0.407137036501 0.427032419961 0.3598427099 124.967221936 0.207080029639 358.954669925 358.578385767 3.53914329346 3.18309525877 1.92450055588 0.483772545796 0.84781984396 1.4986258427 1.48021918639 0.906742889107 0.459968738422 0.877539808422 0.855362356853 1.54051102511 0.276043063965 0.735226098853 1.1531105639 1.46666282898
