data/baseflow/History/mHMbfrc485
ncols                  80
nrows                 72
xllcorner      4374000.0
yllcorner      5656000.0
cellsize            500
NODATA_value       -9999
[rows 24 to 47 of 72, columns 0 to 54 of 80]
-9999.0 -9999.0 -9999.0 -9999.0 -9999.0 -9999.0 -9999.0 -9999.0 -9999.0 -9999.0 -9999.0 -9999.0 1.42880176763 4.09120537921 5.38826574626 9.34202283049 1.26198586921 2.53501606179 3.76465533811 14.0120810991 15.0507751568 15.8414130793 16.9502051371 18.1700743308 28.9800416695 32.5129868609 34.4662067761 0.786635476143 4.58148771782 5.30460136986 67.3035809061 70.4521389938 71.7167979934 72.9685320793 74.3118493335 267.509455253 0.832466524784 554.575691089 1.59421527954 0.701854038342 5.40923099724 4.64554879256 0.742912069079 2.70700670825 3.79729883196 3.78538199369 2.69036762483 4.43204858692 7.02127692284 2.59549309305 6.85218264878 0.630545716795 0.940278969915 0.380835683917 0.341192348538
-9999.0 -9999.0 -9999.0 -9999.0 -9999.0 -9999.0 -9999.0 -9999.0 -9999.0 -9999.0 -9999.0 -9999.0 1.38077786321 2.74259171667 1.2990658657 2.61272167457 1.24550203785 9.09059146611 11.5637862325 12.8167093578 1.20255864928 2.28694863944 21.5129391312 26.8718189675 27.8386353052 2.35973021889 2.28995609756 3.23521009685 0.677563225126 0.646849058703 1.2542186813 0.631654766122 33.5178107984 34.1949020139 35.0301118453 268.213790717 560.521056035 555.387066973 1.22373504601 0.513749931498 0.473262638132 1.76096618165 1.28226968243 3.31934830694 4.55547025569 9.19923789078 0.854870060649 0.853501196706 7.77363596603 8.54111353065 16.832843532 17.4602448613 18.8012444368 19.5442936425 0.710895743019
-9999.0 -9999.0 -9999.0 -9999.0 -9999.0 -9999.0 -9999.0 -9999.0 -9999.0 -9999.0 -9999.0 -9999.0 -9999.0 1.34247546184 2.67123508229 3.993394126 6.53661193477 1.32552264913 1.26134142511 8.51009377143 9.70336613918 19.4508612032 20.6136023522 3.32450837715 1.21827464148 1.19181662851 1.14382482064 29.4226695015 30.2591846359 30.9790801146 31.608093934 32.8731342985 6.69132195332 7.49491039223 43.3819675614 872.434489448 4.32143123359 3.72778325102 1.81674822214 0.480204707383 0.433775134648 2.72797410603 3.15555658521 4.23935970596 0.453387445092 9.71586507702 1.46960970233 1.44450798591 0.429347196596 0.366695649845 0.357686157913 0.374485601309 0.366952043748 19.9006647652 269.761038691
-9999.0 -9999.0 -9999.0 -9999.0 -9999.0 -9999.0 -9999.0 -9999.0 -9999.0 -9999.0 -9999.0 -9999.0 -9999.0 -9999.0 1.31445310959 2.50367489092 3.60029482343 4.73679570397 5.99490444438 7.27389068203 3.79052602553 6.25996824432 1.17383668176 1.15897665441 23.7360008154 26.0377695617 27.1587967891 28.3716059917 1.01989394332 1.88053217271 4.68047090477 5.36876417007 6.02805739627 0.841861733542 0.814154567262 874.375673473 0.633525141674 1.12640722802 0.54966226399 1.76659428324 0.846248667678 0.5048439831 7.90985139626 8.38873928575 0.413210828615 10.1572877903 12.0246842392 1.80467058481 284.281156136 283.468613251 282.70171648 281.103900079 280.38117764 271.021987675 270.660850892
-9999.0 -9999.0 -9999.0 -9999.0 -9999.0 -9999.0 -9999.0 -9999.0 -9999.0 -9999.0 -9999.0 -9999.0 -9999.0 -9999.0 0.256208325534 0.596597292264 1.09499921977 9.35566078332 10.6574730289 1.30084561289 1.27240205996 1.24029722889 19.0683422859 21.44328384 1.16293345316 1.18802648417 1.08130392517 4.37169303224 5.45176898959 3.01093013512 3.74979722738 24.2502299472 25.1146093013 26.7961476834 43.1560672059 917.895844752 0.63859616578 0.515458324517 2.58726965933 2.16458845756 0.412934536947 1.36044833875 1.79873949546 8.88344962705 9.33972665043 22.4671903247 12.2939587094 2.00329014803 291.939700482 4.05218999531 281.953848194 281.541250592 8.67421224076 0.368789990071 0.658147363916
-9999.0 -9999.0 -9999.0 -9999.0 -9999.0 -9999.0 -9999.0 -9999.0 -9999.0 -9999.0 -9999.0 -9999.0 -9999.0 -9999.0 1.3401913987 2.1814914394 4.64833379905 8.08591294656 11.6687609116 14.1736012909 15.4279407718 16.6875960001 17.9079333065 1.17987081047 1.15066698375 2.26972977203 2.18840928172 1.11161752317 20.807184164 21.8721316194 22.8937518936 23.8556392465 13.7928653571 14.6075828631 15.5121473864 918.202907325 1.05197592152 1.31678983353 4.13191015065 0.354674428885 0.868450833563 0.445130035141 0.412154425455 2.21178604309 0.396575395837 0.420112594534 316.476370961 293.651399291 293.224963698 1.37449763988 3.66894296647 2.41737836961 0.615252071056 7.88256118216 2.44140144588
-9999.0 -9999.0 -9999.0 -9999.0 -9999.0 -9999.0 -9999.0 -9999.0 -9999.0 -9999.0 -9999.0 -9999.0 -9999.0 -9999.0 0.932952241042 0.851229154267 1.65335246119 2.55682508774 1.25755220081 1.31621543729 2.5773506957 3.84516352963 6.26143853111 7.45984540516 8.62377257433 12.0759097252 13.1845005003 14.3181874757 1.06838522758 10.5520666246 11.5037603831 12.3288213677 0.670761412385 0.324646281546 0.578720684803 933.462430691 933.757736312 935.442569324 5.06791341876 0.690181700642 1.41585969171 0.464374198952 0.758146483268 2.56918177449 3.30444422885 0.786256333952 318.332831311 0.579656951232 0.767910683028 0.823134308427 0.696579691925 1.27179628181 0.572154083207 4.83943960584 3.79583921715
-9999.0 -9999.0 -9999.0 -9999.0 -9999.0 -9999.0 -9999.0 -9999.0 -9999.0 -9999.0 -9999.0 -9999.0 -9999.0 -9999.0 -9999.0 0.794705084149 1.58952276747 0.826733515653 1.70990553422 10.7467647001 11.938833698 13.2079303508 1.20728004061 1.20945083747 2.3731908476 3.53660917283 5.72333817456 6.81981096863 7.40895278483 8.42774124205 0.925736277435 0.832935524808 13.4435811002 13.7584660077 14.0568604074 14.3667093494 11.7484614677 948.469329204 955.547969825 955.818830297 957.478606267 959.001360036 960.255473431 0.426465677716 3.66475736775 318.770834765 1.10101278372 0.560402761709 0.539779248513 0.463903477275 0.827556093625 0.789984068197 0.435314836477 0.526225391017 0.510602209829
-9999.0 -9999.0 -9999.0 -9999.0 -9999.0 -9999.0 -9999.0 -9999.0 -9999.0 -9999.0 -9999.0 -9999.0 -9999.0 -9999.0 -9999.0 -9999.0 2.36308682166 3.26349789397 5.92036350148 8.02788723746 1.17289814447 15.673870708 16.8683215505 18.0665592832 1.18840238939 2.35233242239 1.10060637923 7.92852747829 8.48101327291 9.36320488203 10.2972879814 12.6111321809 12.9002862494 0.192374419172 10.5369492939 11.1514591625 11.4529720906 12.7211717605 1.71436726499 1.1276816806 0.724444038448 0.685820429663 961.397267093 962.066934449 968.23274517 319.236267964 2.88532231138 1.34496391863 0.903377723442 0.309343053467 2.44628812113 1.25014512033 0.407228032645 2.11060386137 1.74369584051
-9999.0 -9999.0 -9999.0 -9999.0 -9999.0 -9999.0 -9999.0 -9999.0 -9999.0 -9999.0 -9999.0 -9999.0 -9999.0 -9999.0 -9999.0 -9999.0 0.899698662943 4.1356152438 5.07227824667 1.23571820924 1.26968277091 2.52450757365 3.7140034422 22.9767456877 1.18105564059 4.7330276502 5.85018342337 6.94470283042 0.580229096965 1.40984218377 1.88201654919 8.508256064 9.48174192224 9.74172169696 0.302427693812 0.30335062697 0.362537535072 0.663657048431 0.285597937803 0.305847820013 0.635339339659 0.463826355362 0.627933982172 1.9947363605 968.893695771 1289.88216856 3.5090449968 0.392434643639 0.339509603382 7.41781592639 6.75455972414 3.89417093695 3.4771357351 2.5981040756 0.519655376234
-9999.0 -9999.0 -9999.0 -9999.0 -9999.0 -9999.0 -9999.0 -9999.0 -9999.0 -9999.0 -9999.0 -9999.0 -9999.0 -9999.0 -9999.0 0.714472160473 2.4547982194 0.829291893184 1.33654510694 1.33685457122 2.61076820797 3.84957091388 5.0058289688 28.9343576433 30.0820649381 1.16938917339 2.27985174457 3.39383607052 4.15305213722 5.01585181305 7.50199941608 8.19409977538 0.613630782867 0.513842763768 0.450507154663 0.641804806678 0.628992262552 0.60634704031 0.518465186527 0.581666837922 2.39441986924 1.12150744861 0.597228840547 0.582659714785 0.597888032113 1.15445072629 1312.62305434 18.9291198473 8.85728845796 0.691402377662 0.309979626042 0.300388042981 1.05389344141 0.734059275299 0.377365303453
-9999.0 -9999.0 -9999.0 -9999.0 -9999.0 -9999.0 -9999.0 -9999.0 -9999.0 -9999.0 -9999.0 -9999.0 -9999.0 -9999.0 0.744052011424 1.45057916333 5.45169574591 0.815478869491 2.55116332715 3.87756083182 5.16440288986 1.28965775319 2.48893661562 3.59393503738 34.5992817245 1.13449304117 2.209280512 3.29031474147 1.0028842942 1.9832040882 2.55510081558 3.23050253536 69.7483344328 70.9001221054 71.9780988735 77.0292457568 78.8566828527 82.7963555875 1.26357710649 2.56786902199 3.04127196786 96.0652708058 97.2327173795 0.556562962002 1.05785673821 1.54502711917 1313.08296615 18.256135086 8.58416936012 8.24973725762 6.60134296019 5.83405534709 1.40249863983 0.336381813479 0.676687396556
-9999.0 -9999.0 -9999.0 -9999.0 -9999.0 -9999.0 -9999.0 -9999.0 -9999.0 -9999.0 -9999.0 -9999.0 -9999.0 -9999.0 0.747466627971 2.27873386174 8.48230316042 12.413625283 0.737193020997 16.5549424243 22.6361956898 1.2378199536 2.42021226346 3.5566609206 44.7832909373 45.7660304902 1.03491804393 5.37253036993 6.35543021246 7.16247293213 62.7774742496 64.7077686707 65.9299159959 0.607231834461 3.49815395628 4.17274153034 1.98979466042 2.86009393038 86.953207954 90.9008135245 91.6748649349 92.4280957427 98.3952096414 0.572996793924 0.538139430744 2.5536036544 1313.61837332 0.463823152617 0.455106128659 1.34811165397 0.487643898868 5.2504900626 4.35687031597 2.54745941377 1.84127232412
-9999.0 -9999.0 -9999.0 -9999.0 -9999.0 -9999.0 -9999.0 -9999.0 -9999.0 -9999.0 -9999.0 -9999.0 -9999.0 -9999.0 -9999.0 -9999.0 1.59238546638 3.2077060513 14.7897296774 15.662799794 23.4080536322 24.3309184297 1.22267529509 2.4410180131 5.83992576755 46.643423397 48.7219071426 49.6802348825 0.831406882342 53.0272177102 54.9845719782 1.26805767934 0.603995979819 1.18503450169 2.32185410387 0.568632467303 1.17909406627 2.71960642169 3.44034126244 0.651976194266 0.524988222186 1.07131085509 101.829909118 102.875100509 103.366533341 107.013367067 1314.12073523 0.344438698065 0.369072159044 0.408967873589 0.408027901603 0.414414492595 0.389473478888 0.744481123353 0.269645510579
-9999.0 -9999.0 -9999.0 -9999.0 -9999.0 -9999.0 -9999.0 -9999.0 -9999.0 -9999.0 -9999.0 -9999.0 -9999.0 -9999.0 -9999.0 -9999.0 0.827292554219 0.812289062329 0.827560812623 1.77469405154 0.804214417886 25.9153575417 26.7686962491 1.14956867441 2.2962365734 1.15218766749 1.04369159913 1.02779398994 51.4994173687 0.635593022357 1.27561117582 0.675082864556 0.619852079964 0.569557999772 0.489481493268 0.501997582238 1.52182246498 2.06064258905 0.450973036516 0.423811243286 0.894311437513 1.42521861852 1.74768858744 0.42839478038 103.932510065 107.507385508 1314.5011569 1.66401125785 0.990206863939 0.286300786288 0.653146316262 0.250524725762 0.209607367949 0.973768959898 1.36120640679
-9999.0 -9999.0 -9999.0 -9999.0 -9999.0 -9999.0 -9999.0 -9999.0 -9999.0 -9999.0 -9999.0 -9999.0 -9999.0 -9999.0 -9999.0 -9999.0 -9999.0 -9999.0 0.804642727348 2.52929505685 3.23295874251 4.00413291297 27.5216566031 28.2784130297 29.09521792 30.1132713326 31.1263574377 33.1903458326 33.8281020852 34.4292797352 35.0069409307 0.575477589538 0.550439236412 0.566321629351 2.0730954635 0.535198755784 0.519196005078 0.4478105366 1.32979735688 0.505769430008 0.43541851463 0.413956196497 0.367099684798 0.733098901634 1.08117453269 109.76366599 1426.34714448 0.324961755667 0.743834680871 0.250569436383 0.919562797991 0.533842898006 0.42161561215 3.48173983326 2.2914718157
-9999.0 -9999.0 -9999.0 -9999.0 -9999.0 -9999.0 -9999.0 -9999.0 -9999.0 -9999.0 -9999.0 -9999.0 -9999.0 -9999.0 -9999.0 -9999.0 -9999.0 -9999.0 -9999.0 0.681408357607 5.30231143413 10.7848394391 11.6234682464 1.13932903735 2.28410641942 3.4251602454 4.45140466033 10.9411347155 11.5363363425 0.578832269256 0.568923301387 36.1949439192 37.2970065394 37.8012758781 2.50893894339 0.425027167348 0.964036775219 1.42483343965 4.25248195089 5.21370552731 6.05166734279 0.789874582653 1.12569431561 0.380385079794 0.76183985495 0.391184105112 1427.14238857 0.327088329858 1.35812912964 0.656124267916 1.86716520101 3.77391867008 4.37754156742 8.03668701498 2.80162977678
-9999.0 -9999.0 -9999.0 -9999.0 -9999.0 -9999.0 -9999.0 -9999.0 -9999.0 -9999.0 -9999.0 -9999.0 -9999.0 -9999.0 -9999.0 -9999.0 -9999.0 -9999.0 0.746054493354 2.35698252256 4.63095551185 6.0701710524 16.0137314125 17.0130082973 2.32820618196 3.47088592122 4.49678380726 5.52250168872 12.1447502108 13.3208740247 23.3160062331 24.0666345423 24.5871153084 38.3254220046 42.2821088323 0.958405641904 0.565085828573 0.551707386209 1.07724579566 0.50945679443 7.03966725847 7.4417033793 1.50507660162 1.82173017056 0.374621015858 267.740959401 268.586015172 1696.27203919 1698.08019871 0.312503722492 2.51598770552 0.470472052078 0.426016190464 8.87178783925 12.0008139805
-9999.0 -9999.0 -9999.0 -9999.0 -9999.0 -9999.0 -9999.0 -9999.0 -9999.0 -9999.0 -9999.0 -9999.0 -9999.0 -9999.0 -9999.0 -9999.0 -9999.0 -9999.0 -9999.0 0.834306752208 0.813967439441 1.55103472339 3.69998722891 17.7427045362 1.17925584421 1.16821532728 2.19500290517 3.21926977445 7.83013217993 8.5255716037 0.467631198928 0.502398508455 25.2176322649 25.7596540869 68.5131226807 68.9608779733 0.396333902904 0.363793394606 0.326827190042 0.329301574928 0.338640180162 260.981334361 263.201411562 265.332708706 265.996495538 267.411917367 0.426026838564 1.61637258454 2.10693729022 1701.03356685 1701.32232974 1701.58548952 1701.9066629 1702.13949089 12.4153341427
-9999.0 -9999.0 -9999.0 -9999.0 -9999.0 -9999.0 -9999.0 -9999.0 -9999.0 -9999.0 -9999.0 -9999.0 -9999.0 -9999.0 -9999.0 -9999.0 -9999.0 -9999.0 -9999.0 -9999.0 0.75645447489 0.786557258159 1.46948662981 20.6168408547 21.4927398723 1.15689040067 2.18030631874 3.21744337431 3.96031180114 0.656075003142 1.30601965226 51.2259604984 51.7764207031 52.2290267309 55.8697246616 125.267075436 246.769478255 247.623329329 248.431521195 249.21700983 252.212776536 253.147889281 1.85964394926 0.881986647502 0.49463360859 0.955056903897 0.802865941485 1.24692767229 0.412806843807 8.25193743712 9.2259506955 9.95346181178 10.2732737073 1702.47385778 1715.27548373
-9999.0 -9999.0 -9999.0 -9999.0 -9999.0 -9999.0 -9999.0 -9999.0 -9999.0 -9999.0 -9999.0 -9999.0 -9999.0 -9999.0 -9999.0 -9999.0 -9999.0 -9999.0 -9999.0 -9999.0 -9999.0 0.767062309435 1.47329728769 2.18246131291 22.1235041525 0.966100508808 30.7612772473 31.8189683317 32.4826850325 33.1538276362 48.5943347423 49.2719732623 0.571486184248 2.72061858048 3.28473736786 0.566076006569 120.633183063 119.581697322 0.395175540989 0.858117434123 2.27288043215 0.486785908075 0.513290362753 0.44435344671 0.406526159198 0.341935332723 0.386888427755 6.91509208877 7.31661073944 7.76632063419 0.519239410284 0.359295613331 10.562165134 10.9433776356 11.194609999
-9999.0 -9999.0 -9999.0 -9999.0 -9999.0 -9999.0 -9999.0 -9999.0 -9999.0 -9999.0 -9999.0 -9999.0 -9999.0 -9999.0 -9999.0 -9999.0 -9999.0 -9999.0 -9999.0 -9999.0 -9999.0 0.706728469874 0.665361565807 3.43411156291 27.0520320887 28.7811040985 29.7538186904 1.07322204138 13.9724313797 14.5822386504 14.8564809914 0.621794569846 1.25092666685 1.81905898487 28.2979437647 28.7658332759 29.1931650658 118.756085105 70.9304025413 0.460284298314 0.477161143378 0.465532991006 0.408052793555 3.96334552978 4.83994833257 5.63925404015 6.07808713447 6.50697655089 36.1452785289 36.5103620224 36.8005409195 37.4818522164 41.7093458567 42.004310559 53.5313639629
-9999.0 -9999.0 -9999.0 -9999.0 -9999.0 -9999.0 -9999.0 -9999.0 -9999.0 -9999.0 -9999.0 -9999.0 -9999.0 -9999.0 -9999.0 -9999.0 -9999.0 -9999.0 -9999.0 -9999.0 -9999.0 -9999.0 1.38108106214 2.10516712951 0.850354725803 1.17025467912 10.1524127274 11.2432077862 12.1055179815 5.85227793913 6.45164029674 7.091030284 7.67124628288 27.2898772041 27.8488307426 17.2217756373 46.9126667105 47.3904684812 70.5192687087 0.953661309988 0.482754924136 0.386549879665 2.68092824909 3.14764981777 0.353558430943 0.338874334072 34.5913484245 35.3940426605 35.8028331798 0.350523794694 0.495104334259 40.9121759555 0.490021708802 2.10932832501 2.36929145301
-9999.0 -9999.0 -9999.0 -9999.0 -9999.0 -9999.0 -9999.0 -9999.0 -9999.0 -9999.0 -9999.0 -9999.0 -9999.0 -9999.0 -9999.0 -9999.0 -9999.0 -9999.0 -9999.0 -9999.0 -9999.0 -9999.0 0.690469699951 1.36890200644 5.97861810001 6.8656176383 7.9147013019 4.31682113505 5.25008813713 0.62177392048 17.9059516796 18.4867868235 19.0639168006 0.559651759693 16.1549303956 16.7244418753 0.483270872041 68.0847236297 1.01186457815 0.502064362739 1.40330927772 1.88713980934 0.413408282418 0.360197340879 30.8200827202 33.8396818357 34.2913860549 0.453535685648 1.10980865093 1.41790059927 1.7125925099 3.22445698958 0.784224105182 1.71287103465 0.375817898598
