data/baseflow/History/mHMbfrc260
ncols                  80
nrows                 72
xllcorner      4374000.0
yllcorner      5656000.0
cellsize            500
NODATA_value       -9999
[rows 24 to 47 of 72, columns 0 to 53 of 80]
-9999.0 -9999.0 -9999.0 -9999.0 -9999.0 -9999.0 -9999.0 -9999.0 -9999.0 -9999.0 -9999.0 -9999.0 0.23044031004 0.607950183157 0.7871429308 1.34080473108 0.152622641138 0.309909058345 0.452743718287 1.78699995773 1.8664384841 1.88882578847 1.96808958287 2.08092426225 3.82742749945 4.146703021 4.26091407248 0.0153905284208 0.268767752029 0.278826211359 6.92061291843 6.95921077191 6.97755554053 6.99768205911 7.01816604651 29.276854588 0.0897725122109 68.669465689 0.0245339954491 0.00596568788363 0.432869254218 0.409339805453 0.0379943199278 0.23490320655 0.351487497569 0.345954860716 0.236206615956 0.386639534778 0.611741204925 0.231880323639 0.585774172483 0.0345023686073 0.0598449629285 0.00203502050217
-9999.0 -9999.0 -9999.0 -9999.0 -9999.0 -9999.0 -9999.0 -9999.0 -9999.0 -9999.0 -9999.0 -9999.0 0.202806325664 0.404259854656 0.184457273466 0.374452878711 0.154403688912 1.21477856567 1.5007188685 1.65322814623 0.130248838363 0.228961609698 3.05150336796 3.63411799937 3.73407801542 0.218248692879 0.202083150996 0.253486517331 0.00783563472607 0.00661834981144 0.0122857636574 0.0133568583392 7.28260022928 7.30765982693 7.32398869434 29.4088280243 68.9979544926 68.6785096063 0.00782271323028 0.00411404178141 0.00367183725317 0.0462000178352 0.0431163141058 0.248118571474 0.394736976506 0.816070795987 0.0751945911965 0.0747377290858 0.656053028816 0.699579419265 1.3800593832 1.39913467793 1.46129215333 1.46520822624
-9999.0 -9999.0 -9999.0 -9999.0 -9999.0 -9999.0 -9999.0 -9999.0 -9999.0 -9999.0 -9999.0 -9999.0 -9999.0 0.187526481713 0.374118785535 0.564120347529 0.889792771215 0.173588300435 0.149342436834 1.63432556555 1.76376918819 2.87326646675 3.00777759198 0.375973400774 0.11809222055 0.105464679977 0.0966417711212 7.19546571574 7.2240648425 7.23541446254 7.24204073864 7.2643467869 0.393236765915 0.428647722225 7.77967306038 106.26524422 0.176397262075 0.0923530442841 0.0217259448976 0.00820321706583 0.00395141788569 0.0534046360436 0.0557783520281 0.253971059119 0.00294058768427 0.822586420399 0.0959738788577 0.0929536175072 0.0033003091921 0.00182887266849 0.00170572237864 0.00893814168315 0.00188517849287 1.46760259528
-9999.0 -9999.0 -9999.0 -9999.0 -9999.0 -9999.0 -9999.0 -9999.0 -9999.0 -9999.0 -9999.0 -9999.0 -9999.0 -9999.0 0.171186709905 0.499105758413 0.836239305616 1.18278093687 1.33542486971 1.49445502328 0.449939774486 0.742686159986 0.132824040799 0.125669711193 6.65503083682 6.89719944923 7.00683430472 7.1220913569 0.0667071657192 0.101784994271 0.313230216821 0.331122082951 0.353874679091 0.0432524503669 0.0603222541055 106.544167577 0.0927905651605 0.0566588287456 0.0274535260139 0.0737798646605 0.034681666999 0.0199629514524 0.322210239714 0.35619563122 0.0103562241721 0.838997784945 0.9369330537 0.095055676735 19.6541680836 19.6482740188 19.6435378684 19.6221984547 19.6028874717 19.380618863
-9999.0 -9999.0 -9999.0 -9999.0 -9999.0 -9999.0 -9999.0 -9999.0 -9999.0 -9999.0 -9999.0 -9999.0 -9999.0 -9999.0 0.147949623509 0.306328441619 0.35797851357 4.51641130899 4.67333521678 0.160825698581 0.152131198346 0.147395316733 6.14376589754 6.41515354949 0.128943927495 0.134458239978 0.104234765897 0.439121569611 0.547294328103 0.210988674606 0.259170783532 2.60057942027 2.65147218788 2.80637254941 4.35578645897 110.997618919 0.104334562039 0.022885820966 0.13393094482 0.104363639517 0.0227163063921 0.0662407889938 0.0877942753652 0.38000836722 0.401878942231 1.37313717046 0.947384464416 0.103952570567 20.002103718 0.163399965107 19.6379150474 19.6306727575 0.20263727766 0.0421276473341
-9999.0 -9999.0 -9999.0 -9999.0 -9999.0 -9999.0 -9999.0 -9999.0 -9999.0 -9999.0 -9999.0 -9999.0 -9999.0 -9999.0 0.728098899325 1.21429507716 2.33751520101 4.25841761604 5.07357320225 5.56653782992 5.72069390575 5.87467475141 6.01973711879 0.131017728763 0.116664823787 0.227903752435 0.217172051023 0.11609152321 2.27760775296 2.38287553731 2.48021766779 2.56899725335 1.28431489814 1.30427248164 1.44793161154 111.080030876 0.207803803662 0.0674584572647 0.224947984619 0.0295987592023 0.073338561573 0.0471085682776 0.0198233467001 0.120545890183 0.0165412689317 0.0170008462426 21.4766425446 20.0897502696 20.0715747272 0.0707118627217 0.157656107872 0.0861847109579 0.0101074590467 0.110180918781
-9999.0 -9999.0 -9999.0 -9999.0 -9999.0 -9999.0 -9999.0 -9999.0 -9999.0 -9999.0 -9999.0 -9999.0 -9999.0 -9999.0 0.504665029315 0.513499223611 1.02573544864 1.48854428684 0.237117258812 0.183155999733 0.339524981943 0.491180843178 0.773227911676 0.913463134029 1.03757394447 1.39406715799 1.50600800071 1.63003431346 0.110192504315 1.12295617065 1.19616722658 1.23247992083 0.0141313552898 0.00501447716888 0.0164128334041 112.596846097 112.676597054 113.01483474 0.323028582944 0.0664313273032 0.101995384958 0.0188429315305 0.0367651470591 0.141427530436 0.172937296778 0.0311356393787 21.5691252006 0.0387875616215 0.0416222642394 0.0419391371846 0.0468062756543 0.0619020281769 0.0266126017184 0.0924435502778
-9999.0 -9999.0 -9999.0 -9999.0 -9999.0 -9999.0 -9999.0 -9999.0 -9999.0 -9999.0 -9999.0 -9999.0 -9999.0 -9999.0 -9999.0 0.511448242613 0.98636495348 0.424685050807 0.853706184629 5.2284436583 5.43144338218 5.57822675689 0.138974839322 0.140833019272 0.26465810562 0.389342697438 0.609994646358 0.723709489913 0.802983953885 0.906813981095 0.077988261439 0.0503790479237 1.31901631328 1.32693737674 1.36188026091 1.41706988834 1.46806091116 114.724879404 115.37719641 115.41434626 115.550223398 115.681157098 115.74137268 0.0165948618031 0.188672070581 21.585748367 0.034505983016 0.0177197824587 0.0378452204476 0.0409078961068 0.0627438566591 0.0321725515454 0.0190533038096 0.0295969295958
-9999.0 -9999.0 -9999.0 -9999.0 -9999.0 -9999.0 -9999.0 -9999.0 -9999.0 -9999.0 -9999.0 -9999.0 -9999.0 -9999.0 -9999.0 -9999.0 1.46305191124 1.89072202918 3.20334678304 3.99689537109 0.352340097823 6.10828879075 6.24758195993 6.37981286307 0.132030768153 0.258085350367 0.112449859458 0.86662500128 0.937230160267 1.03789371977 1.12272591807 1.29488978603 1.31133503651 0.0127100166721 1.2056780979 1.33024830093 1.41161405127 1.63223276919 0.261670869031 0.150729349724 0.069661945913 0.066756401983 115.814798609 115.847082773 116.200519326 21.6042484131 0.118567227028 0.0689477454276 0.0517264663989 0.0109092520522 0.130612547861 0.0537358904668 0.0167721394591 0.0877737589206
-9999.0 -9999.0 -9999.0 -9999.0 -9999.0 -9999.0 -9999.0 -9999.0 -9999.0 -9999.0 -9999.0 -9999.0 -9999.0 -9999.0 -9999.0 -9999.0 0.466394138499 2.34743944572 2.79594572087 0.347334723029 0.158565349068 0.321993155376 0.471678139715 6.99229311015 0.132439915861 0.529611112775 0.64829220137 0.76337299002 0.0733899329366 0.167170183488 0.195501770952 0.922374564876 1.0114373472 1.07177702191 0.0602347827682 0.048656322897 0.0441918231693 0.08086170295 0.0299004650437 0.0321906533016 0.04699902748 0.0439840168535 0.0470782958383 0.140976331584 116.235713889 137.92263539 0.147272525529 0.0389517025658 0.0139044206983 0.358754472848 0.334546264696 0.183233278615 0.160557142235 0.11243944278
-9999.0 -9999.0 -9999.0 -9999.0 -9999.0 -9999.0 -9999.0 -9999.0 -9999.0 -9999.0 -9999.0 -9999.0 -9999.0 -9999.0 -9999.0 0.450523640309 1.33619784077 0.426458560212 0.260306515633 0.186246219437 0.351877493656 0.510364565728 0.710047101636 8.03464553653 8.16370744685 0.133246623924 0.25418452865 0.376969403343 0.466704134409 0.532457582241 0.738397880112 0.867411961564 0.0106545054568 0.0337715625908 0.0426713581297 0.0471113496778 0.0500976469594 0.0541008305106 0.0480545724417 0.0621596947191 0.211921581644 0.103371672512 0.0546985003114 0.0548523485272 0.0288652631579 0.0514932180046 139.5642128 1.45435565911 0.524216713645 0.120759077321 0.0630365013616 0.028578966276 0.0691449844555 0.036319944779
-9999.0 -9999.0 -9999.0 -9999.0 -9999.0 -9999.0 -9999.0 -9999.0 -9999.0 -9999.0 -9999.0 -9999.0 -9999.0 -9999.0 0.479169649069 0.91526126104 3.12616337622 0.41519117316 0.608815713211 0.787541508619 0.951420814397 0.172236165707 0.318185309723 0.589637305537 9.05539064189 0.124836145078 0.237326164835 0.351724522996 0.105051847798 0.200335115508 0.209515021548 0.29813219885 13.0455693042 13.1189714967 13.2010121258 13.5452462948 13.6948138354 13.9762110754 0.0699367094194 0.165670394955 0.247865992584 14.8315925132 14.9128949014 0.0488001472718 0.0664395360008 0.0840217642935 139.626103711 1.38942739533 0.694072719501 0.612893660486 0.544564032125 0.482899396113 0.0901782018373 0.0274546597182
-9999.0 -9999.0 -9999.0 -9999.0 -9999.0 -9999.0 -9999.0 -9999.0 -9999.0 -9999.0 -9999.0 -9999.0 -9999.0 -9999.0 0.491384430511 1.47983086296 5.09196177414 7.62681922257 0.383032949465 9.86806537875 11.1867616253 0.161952378678 0.308745243518 0.542380930132 10.7249351864 10.9525487373 0.0981646530932 0.549243164336 0.640672396989 0.701756434155 12.5990194043 12.6534556331 12.7306492939 0.0440904613918 0.249380511089 0.296425296785 0.127365811484 0.180963594894 14.2340350805 14.4794380226 14.5215097889 14.5609891091 14.9580407493 0.0218258182225 0.0189304048603 0.121738943692 139.682945448 0.0851025996453 0.000408823469193 0.0011432611574 0.000478937002516 0.395973246639 0.391839142661 0.243480815812
-9999.0 -9999.0 -9999.0 -9999.0 -9999.0 -9999.0 -9999.0 -9999.0 -9999.0 -9999.0 -9999.0 -9999.0 -9999.0 -9999.0 -9999.0 -9999.0 1.03995878519 2.09137709447 9.02073991795 9.49721339767 11.6132873526 11.9947086073 0.158853423309 0.317698350516 0.798900582004 11.2610372567 11.4946525242 11.5772918579 0.0669251338125 11.8311106679 11.8793120439 0.0380576378518 0.0447778565064 0.0857945698127 0.168162579868 0.040732927734 0.0812142737863 0.178781731223 0.22251830758 0.0431903059346 0.028538286667 0.0560607738125 15.1746221991 15.2454272817 15.2619775237 15.4346975859 139.729284625 0.0723338957771 0.000205392321139 0.000249239652979 0.000235835152301 0.000248966710693 0.00020934549215 0.000368877211915
-9999.0 -9999.0 -9999.0 -9999.0 -9999.0 -9999.0 -9999.0 -9999.0 -9999.0 -9999.0 -9999.0 -9999.0 -9999.0 -9999.0 -9999.0 -9999.0 0.545871033215 0.532874746462 0.506678350569 0.936977348451 0.408176811846 12.8140985391 13.1683704591 0.177610827909 0.321016589744 0.134610036477 0.10786576283 0.103563707389 11.7178555273 0.0103341051714 0.0204163477032 0.028968534771 0.0465284886712 0.0418146831924 0.0328663189789 0.0342763799381 0.105004854795 0.144175799015 0.0281558720598 0.0250738246755 0.053951097852 0.0899783373266 0.121076025967 0.0355065737332 15.2900556372 15.4535245275 139.769932172 0.154254480429 0.000738453899638 9.97614865037e-05 0.000307414973368 7.48255989628e-05 5.92065578133e-05 0.000438339381854
-9999.0 -9999.0 -9999.0 -9999.0 -9999.0 -9999.0 -9999.0 -9999.0 -9999.0 -9999.0 -9999.0 -9999.0 -9999.0 -9999.0 -9999.0 -9999.0 -9999.0 -9999.0 0.528339837538 1.41126541264 1.81537689183 2.21931681083 13.5631165863 13.948484415 14.2982621635 14.5677395288 14.6675719346 14.87380836 14.8870442741 14.895204376 14.9110766011 0.0399071228176 0.0375726484215 0.0400679448016 0.143402179079 0.0383915046437 0.0365083764316 0.0285086712477 0.0832251404995 0.0334175006439 0.0254550703632 0.0235390371389 0.0204500752511 0.0408075267131 0.0580063058753 15.5713290724 155.530246302 0.0786692036426 0.125183015248 6.05824466482e-05 0.000407263960777 0.000210770288262 0.000119351872813 0.295816437184
-9999.0 -9999.0 -9999.0 -9999.0 -9999.0 -9999.0 -9999.0 -9999.0 -9999.0 -9999.0 -9999.0 -9999.0 -9999.0 -9999.0 -9999.0 -9999.0 -9999.0 -9999.0 -9999.0 0.440627779763 3.51912940703 6.68606572132 7.08772002877 0.338214531422 0.519794757025 0.66492535673 0.777091540221 1.54215833154 1.57986136165 0.0383026744673 0.0369251683851 14.9956734867 15.0705725526 15.1057364373 0.171329926739 0.0258375804376 0.0650359297816 0.0950358103293 0.281078382468 0.344668851383 0.393949554769 0.0450154903526 0.0623144322985 0.0208544604211 0.0409460356103 0.0208871707764 155.572516876 0.0621810297889 0.251408465927 0.0436096539686 0.0528940450726 0.310792516265 0.340617755221 0.671014811267
-9999.0 -9999.0 -9999.0 -9999.0 -9999.0 -9999.0 -9999.0 -9999.0 -9999.0 -9999.0 -9999.0 -9999.0 -9999.0 -9999.0 -9999.0 -9999.0 -9999.0 -9999.0 0.494232392501 1.57644303733 3.08540610118 4.02982881408 9.98975794464 10.3612467562 0.307041242748 0.451040999073 0.569484761705 0.67564514976 1.59849076526 1.66671272391 2.6371760888 2.71996749531 2.76182213535 15.1416474415 15.4074575866 0.0629806609269 0.0419131694084 0.0398430483487 0.0760916023563 0.0345513847746 0.459790515807 0.483564081208 0.0819449976717 0.109945286658 0.0238802324205 59.5492645608 59.592660819 215.200843002 215.536712474 0.0727964632984 0.207912297277 0.0908673834117 0.0608141890218 0.746098076446
-9999.0 -9999.0 -9999.0 -9999.0 -9999.0 -9999.0 -9999.0 -9999.0 -9999.0 -9999.0 -9999.0 -9999.0 -9999.0 -9999.0 -9999.0 -9999.0 -9999.0 -9999.0 -9999.0 0.564477632174 0.549436371555 1.03672128567 2.46692595143 10.793697902 0.158961289913 0.156774182237 0.276631904314 0.397261797542 0.844341662022 0.870306513734 0.0220783086179 0.0537298649705 2.81345268354 2.85335158046 18.3015557527 18.3385208376 0.0235376116762 0.0208145661743 0.0173923096306 0.0175639666007 0.0183316885224 59.0899703209 59.2357815934 59.3763449384 59.428384071 59.5228762168 0.0233096150115 0.0847973178728 0.102078402517 215.703790674 215.74282779 215.813507412 215.844566894 215.871413735
-9999.0 -9999.0 -9999.0 -9999.0 -9999.0 -9999.0 -9999.0 -9999.0 -9999.0 -9999.0 -9999.0 -9999.0 -9999.0 -9999.0 -9999.0 -9999.0 -9999.0 -9999.0 -9999.0 -9999.0 0.502387714168 0.526497019481 0.979907819806 12.7053465324 13.0721175939 0.153156736832 0.27276620676 0.396263034518 0.428479047754 0.022408893864 0.0703152602508 22.9994762683 23.0414688287 23.0900670449 23.4225064425 41.804675403 58.1515735557 58.2086086512 58.2602446877 58.3096510277 58.5156757742 58.5816700563 0.119186105539 0.0533413064263 0.0316390330883 0.059224164646 0.0418639833729 0.0670002745569 0.0207683848758 0.480221992031 0.617468792254 0.756111898917 0.763741152284 215.888338321
-9999.0 -9999.0 -9999.0 -9999.0 -9999.0 -9999.0 -9999.0 -9999.0 -9999.0 -9999.0 -9999.0 -9999.0 -9999.0 -9999.0 -9999.0 -9999.0 -9999.0 -9999.0 -9999.0 -9999.0 -9999.0 0.512347975833 0.985775463524 1.46133536952 13.4549134419 0.245837987643 17.6312092243 17.7589433805 17.7809004846 17.8294662381 22.8008008636 22.8687833956 0.0475847386343 0.241175178139 0.292307539326 0.0467210111535 16.2902802959 16.2054441626 0.0264683371699 0.0630738761893 0.163126359943 0.0350944334454 0.0363396504941 0.0268534393425 0.0219744373433 0.0168312049678 0.0194771037743 0.415631239438 0.435918910271 0.460884070037 0.113547066299 0.110165905968 0.830326204204 0.847125643345
-9999.0 -9999.0 -9999.0 -9999.0 -9999.0 -9999.0 -9999.0 -9999.0 -9999.0 -9999.0 -9999.0 -9999.0 -9999.0 -9999.0 -9999.0 -9999.0 -9999.0 -9999.0 -9999.0 -9999.0 -9999.0 0.466974053826 0.441285096725 2.28417685737 16.5883451424 17.2423895458 17.5128331169 0.121720586471 4.90405301586 4.91847537812 4.93348631448 0.0575599623754 0.10853875694 0.153755164463 3.91804378842 3.95351764841 3.98451420354 16.1481418509 10.4202805144 0.0358633447793 0.034491523877 0.0323876112185 0.024361201155 0.253149476327 0.303397957123 0.347123607382 0.371248641494 0.394392623101 2.65714228617 2.67354314519 2.69798483475 2.75497964675 2.96202861594 2.96947617175
-9999.0 -9999.0 -9999.0 -9999.0 -9999.0 -9999.0 -9999.0 -9999.0 -9999.0 -9999.0 -9999.0 -9999.0 -9999.0 -9999.0 -9999.0 -9999.0 -9999.0 -9999.0 -9999.0 -9999.0 -9999.0 -9999.0 0.918018042045 1.40196367623 0.425118520829 0.157239187573 4.54748298066 4.67554606722 4.74381739283 0.874189180823 0.883360829039 0.899397304264 0.942052468434 3.83815517586 3.88687965009 1.63805893282 5.66121533292 5.69705549372 10.3928075721 0.0678221532744 0.0334317389276 0.0232303989548 0.175226883922 0.204945094339 0.0173354253353 0.0160915095468 2.576966569 2.61932743506 2.64170205986 0.0270305273999 0.0401229143502 2.92957379394 0.0198974711093 0.0561378786569
-9999.0 -9999.0 -9999.0 -9999.0 -9999.0 -9999.0 -9999.0 -9999.0 -9999.0 -9999.0 -9999.0 -9999.0 -9999.0 -9999.0 -9999.0 -9999.0 -9999.0 -9999.0 -9999.0 -9999.0 -9999.0 -9999.0 0.462671441453 0.914263915965 3.6261324494 4.0301115839 4.25642272172 0.772658736505 0.864819877877 0.0106894607289 2.82709929143 2.836453684 2.84926408475 0.0312849958772 1.54774824056 1.59834092072 0.0371828490415 10.2147622871 0.0772449341793 0.038285763501 0.0948730557012 0.128428811331 0.024154474727 0.0193759858502 2.36709988597 2.53721578715 2.56364839239 0.0249478291155 0.0513088748123 0.064966906333 0.0784829176636 0.156363744976 0.0203190342275 0.0462495932181
