data/baseflow/History/mHMbfrc489
ncols                  80
nrows                 72
xllcorner      4374000.0
yllcorner      5656000.0
cellsize            500
NODATA_value       -9999
[rows 24 to 47 of 72, columns 0 to 53 of 80]
-9999.0 -9999.0 -9999.0 -9999.0 -9999.0 -9999.0 -9999.0 -9999.0 -9999.0 -9999.0 -9999.0 -9999.0 0.803673345867 2.20398367486 2.86192473673 4.81987561697 0.551766936154 1.12473111689 1.66003157439 6.54084719483 6.93064724367 7.18452235835 7.56454143889 8.05002050452 13.3707527665 14.7587345166 15.3966194952 0.188354547025 1.53669409983 1.71196086862 27.4229785139 28.0241534203 28.3318403605 28.656550023 28.9065452397 114.273083943 0.459947588795 254.762249718 0.288509203699 0.111356833264 1.90814202574 1.71775882316 0.209387916083 0.981137602807 1.42386708938 1.41289336415 0.985921158813 1.6241908434 2.5728824963 0.948849711132 2.47966265482 0.175158385136 0.239283029687 0.0443711639113
-9999.0 -9999.0 -9999.0 -9999.0 -9999.0 -9999.0 -9999.0 -9999.0 -9999.0 -9999.0 -9999.0 -9999.0 0.74603602928 1.47598338629 0.664069933549 1.32636216925 0.56231650479 4.41306228307 5.47782099052 6.03292879289 0.510094413254 0.942923322488 10.2182699294 12.5413576867 12.9439769204 0.929589300259 0.928690867526 1.25496663783 0.143901451633 0.125102697805 0.23519729323 0.129385834236 17.9468308476 18.1114443383 18.2778738806 114.633975012 256.415025946 254.879892107 0.174152297725 0.089060856191 0.0788892369544 0.364197894856 0.297898969851 1.11392973676 1.64614416736 3.37236177766 0.311347503885 0.309820287257 2.79655862406 3.0226634146 5.95504747804 6.10036403932 6.3906040209 6.47744916849
-9999.0 -9999.0 -9999.0 -9999.0 -9999.0 -9999.0 -9999.0 -9999.0 -9999.0 -9999.0 -9999.0 -9999.0 -9999.0 0.673919146626 1.35659396538 2.05132798743 3.23912387724 0.615279749957 0.549849888504 4.64397503369 5.14876131045 9.40047966132 9.92947237131 1.46794704911 0.495485000884 0.457396197974 0.437766838523 17.0471885154 17.2606401317 17.4230333553 17.5496555375 17.8046633097 2.25945232421 2.49030312993 21.0061774663 392.228891492 1.07826631752 0.811897916653 0.30725496372 0.0941399617184 0.0696330544602 0.525361497901 0.584531772067 1.24005569318 0.0602486082723 3.45569620033 0.455052721451 0.442203805466 0.0561906362899 0.0415205898587 0.0420224270204 0.085967549655 0.0454825783783 6.52365911791
-9999.0 -9999.0 -9999.0 -9999.0 -9999.0 -9999.0 -9999.0 -9999.0 -9999.0 -9999.0 -9999.0 -9999.0 -9999.0 -9999.0 0.64954920879 1.44964980196 2.21675335316 2.99840403789 3.5485465047 4.11961840448 1.65143277959 2.77295668115 0.520122108207 0.499000776593 14.7783530092 15.7479385303 16.1949752836 16.6821967255 0.342098653074 0.573089602534 1.58746045955 1.85378938812 2.05505241417 0.254175754221 0.337347682803 393.132679677 0.283889416683 0.360425226288 0.178789286141 0.439051195338 0.199366838305 0.142687664148 1.94302300989 2.13442194702 0.0957127406372 3.5812435733 4.09793855482 0.51374033369 87.4360969666 87.3282640157 87.2334253183 86.9611250516 86.7869276437 84.7828103073
-9999.0 -9999.0 -9999.0 -9999.0 -9999.0 -9999.0 -9999.0 -9999.0 -9999.0 -9999.0 -9999.0 -9999.0 -9999.0 -9999.0 0.233338413872 0.523421562642 0.79591973776 7.74447367595 8.30807709896 0.574995394343 0.559254420044 0.559990240176 12.7243599387 13.8094965746 0.526728777768 0.533839204186 0.432794203556 1.80056202757 2.24479504264 1.03064090033 1.29067441137 10.4073959927 10.6843858633 11.3400570183 18.0885938822 411.440064055 0.319516110968 0.16055179663 0.707950387165 0.570977547035 0.127174105962 0.40823659494 0.544663203488 2.29126165747 2.44103882602 6.80491376058 4.15556144258 0.560379676903 89.6998094717 1.19309493003 87.1340495993 87.0525482025 1.84147717018 0.140182945774
-9999.0 -9999.0 -9999.0 -9999.0 -9999.0 -9999.0 -9999.0 -9999.0 -9999.0 -9999.0 -9999.0 -9999.0 -9999.0 -9999.0 1.18359779381 1.94356051653 3.96807731413 7.03053364634 9.09692956007 10.5558208966 11.1087661379 11.6765223133 12.2314006736 0.527078883318 0.478171641386 0.938276376209 0.899191743751 0.466618959342 8.99655849462 9.42884441793 9.83578228286 10.2127675938 5.60844619768 5.8123409575 6.29966624948 411.628555271 0.570533791027 0.513281322158 1.31691212354 0.119531682329 0.35609762572 0.207947357257 0.126207180608 0.711968319379 0.121928527442 0.127617111964 97.178439389 90.2661689499 90.1330723345 0.449589004813 1.11801620306 0.670220673153 0.117939535936 1.47580409426
-9999.0 -9999.0 -9999.0 -9999.0 -9999.0 -9999.0 -9999.0 -9999.0 -9999.0 -9999.0 -9999.0 -9999.0 -9999.0 -9999.0 0.824745068923 0.779632335087 1.52769976091 2.31232346866 0.74970550142 0.694553723679 1.28151482276 1.8536139637 2.94141272455 3.47822801777 3.95666894708 5.39161251105 5.84452438707 6.34075416747 0.458917150688 4.5627124145 4.91214439772 5.18109348013 0.192909945025 0.133223629705 0.24050127451 418.443217903 418.623456679 419.560048329 1.67941207081 0.257422705074 0.528905127794 0.139517295922 0.235077278977 0.835964192705 1.0625405236 0.237901912303 97.8036870907 0.230410303259 0.258379029813 0.265321599257 0.271570855101 0.417927452177 0.187996437702 1.06942730755
-9999.0 -9999.0 -9999.0 -9999.0 -9999.0 -9999.0 -9999.0 -9999.0 -9999.0 -9999.0 -9999.0 -9999.0 -9999.0 -9999.0 -9999.0 0.740582306122 1.46523001978 0.722302070333 1.49524519083 9.05712212105 9.67724862487 10.2170355268 0.543185210452 0.544149001853 1.02128914524 1.51281677849 2.39864806801 2.8635620221 3.22193067888 3.66998587865 0.34128456925 0.272647650367 5.86477446644 6.07956004894 6.21656535106 6.38070457299 5.47195145667 425.714181024 428.367149489 428.477026652 429.09660525 429.618171388 430.011989801 0.129382561031 1.1754907358 97.9377457447 0.312360851798 0.159245437959 0.233807785396 0.219785800078 0.361410173518 0.245812194804 0.139724159933 0.184667397005
-9999.0 -9999.0 -9999.0 -9999.0 -9999.0 -9999.0 -9999.0 -9999.0 -9999.0 -9999.0 -9999.0 -9999.0 -9999.0 -9999.0 -9999.0 -9999.0 2.17516777594 2.92576359981 5.19162639507 6.76613590416 0.810367128034 11.6535864504 12.1824470405 12.6789242589 0.495422940425 0.970013269602 0.43763274176 3.2603925313 3.55087150933 4.03597054143 4.55395900698 5.48754345469 5.72172008234 0.139537415048 4.78019256958 5.12353906599 5.31426415813 5.97138021171 0.808276033827 0.492347125066 0.269767114577 0.246943395154 430.392767875 430.614518934 432.684225793 98.0899234493 0.932886987179 0.481807911052 0.34541280527 0.0917836819517 0.874356262675 0.399063098616 0.129552162872 0.66543405157
-9999.0 -9999.0 -9999.0 -9999.0 -9999.0 -9999.0 -9999.0 -9999.0 -9999.0 -9999.0 -9999.0 -9999.0 -9999.0 -9999.0 -9999.0 -9999.0 0.779916227757 3.68466894745 4.47722357145 0.819490117372 0.569862355189 1.17034350895 1.71818829326 14.9077883122 0.488082508821 1.96727222195 2.42038977472 2.8637003086 0.342378036977 0.764477740726 0.939888076164 3.71918029863 4.12429820758 4.29633234441 0.178647055286 0.154319147109 0.166308066333 0.302437311775 0.125464258588 0.130968564444 0.198751712479 0.146932847441 0.194250811941 0.728197556135 432.905980193 531.579941394 1.14002236148 0.15255123633 0.115474718814 2.5201387213 2.32040313983 1.3009649866 1.14849216056 0.832616411745
-9999.0 -9999.0 -9999.0 -9999.0 -9999.0 -9999.0 -9999.0 -9999.0 -9999.0 -9999.0 -9999.0 -9999.0 -9999.0 -9999.0 -9999.0 0.658867430711 2.15519246953 0.713159524574 0.726019421129 0.622477457147 1.20034476753 1.77055725924 2.37032384936 17.9704583836 18.4374029748 0.481478013343 0.931295199134 1.38619548715 1.72553963903 2.04369960843 3.16429770023 3.54176429532 0.181914707772 0.167616812308 0.157570007056 0.18490942611 0.202059331963 0.220011399129 0.213182652754 0.244492681836 0.869506568912 0.421401054364 0.282882801241 0.281352957116 0.204992660358 0.381870301917 540.613937917 7.79100287276 3.27090569591 0.456540930018 0.222283904785 0.15355358147 0.433541277179 0.264535105335
-9999.0 -9999.0 -9999.0 -9999.0 -9999.0 -9999.0 -9999.0 -9999.0 -9999.0 -9999.0 -9999.0 -9999.0 -9999.0 -9999.0 0.688341509276 1.33844397343 4.86820940664 0.701368737408 1.52726227271 2.12560625531 2.68449361294 0.584821395026 1.09602178898 1.77278291361 20.8636018269 0.453842449702 0.875587248456 1.30762154982 0.409851763352 0.797503922848 0.958662719658 1.26353953006 35.2889037826 35.6697455968 36.0797935884 37.8965452849 38.4527823516 39.7867759823 0.450962413015 0.936665224849 1.07460125169 44.3152117396 44.7867085835 0.261821288805 0.412009172644 0.560954589416 540.84910666 7.54709419028 3.69890115149 3.44409583017 2.91946004494 2.5934279424 0.574003812093 0.158433207486
-9999.0 -9999.0 -9999.0 -9999.0 -9999.0 -9999.0 -9999.0 -9999.0 -9999.0 -9999.0 -9999.0 -9999.0 -9999.0 -9999.0 0.694191291924 2.1142010809 7.67934363058 11.3286463994 0.637099772108 14.9295864784 18.3162832868 0.540362473763 1.0420426704 1.66991961723 25.7822013031 26.3620017863 0.391876197562 2.09923345844 2.47249179368 2.75864597389 32.9050417963 33.452035123 33.8843732833 0.224484135603 1.27423403179 1.52188062326 0.680079370114 0.965067760294 41.1906683038 42.5861080647 42.8334446877 43.0707240996 45.1267755288 0.166972992221 0.157197937023 0.869870417519 541.126237104 0.305606584499 0.100332423932 0.300618389354 0.117816303474 2.2342706769 2.04640035136 1.22834567673
-9999.0 -9999.0 -9999.0 -9999.0 -9999.0 -9999.0 -9999.0 -9999.0 -9999.0 -9999.0 -9999.0 -9999.0 -9999.0 -9999.0 -9999.0 -9999.0 1.4825213898 2.98765899892 13.4660858926 14.2328060857 18.9967665722 19.7155078586 0.541759467944 1.08321650597 2.6298818234 27.0079295186 27.8807482958 28.2364494836 0.304660900247 29.4166392135 29.9600050728 0.365999481892 0.224901033655 0.422909249173 0.836351083363 0.208827409899 0.423772007088 0.943333257619 1.18679302093 0.236811247617 0.175341912842 0.350775546886 46.3052158618 46.645823088 46.7868087149 48.0194360359 541.370469485 0.251453299165 0.0632727011171 0.0813953537835 0.0788959616801 0.0816341708538 0.0705031242455 0.128517888464
-9999.0 -9999.0 -9999.0 -9999.0 -9999.0 -9999.0 -9999.0 -9999.0 -9999.0 -9999.0 -9999.0 -9999.0 -9999.0 -9999.0 -9999.0 -9999.0 0.77317534701 0.757289917528 0.754232364093 1.5083012383 0.683269709516 21.0706559077 21.7339941434 0.540199873243 1.03527609555 0.484530425343 0.423911962513 0.411558132987 28.8810617286 0.164657567314 0.350718767805 0.205978673612 0.222216306017 0.205429268295 0.16801842948 0.174588107658 0.539565649828 0.739422105993 0.154612619445 0.142631710735 0.310237419356 0.51225931528 0.629365197548 0.152469082527 46.9764382615 48.1700898309 541.571693253 0.671999349349 0.159815742804 0.0429101852983 0.110615038622 0.0329600908675 0.0240349549916 0.156448232924
-9999.0 -9999.0 -9999.0 -9999.0 -9999.0 -9999.0 -9999.0 -9999.0 -9999.0 -9999.0 -9999.0 -9999.0 -9999.0 -9999.0 -9999.0 -9999.0 -9999.0 -9999.0 0.749986589256 2.20047988506 2.82829261519 3.49199666593 22.3824604539 23.0263940028 23.6729297332 24.3141406034 24.7142134475 25.542196101 25.7037319094 25.8526917689 25.9920033717 0.189465672122 0.180877576789 0.194282788635 0.720071124875 0.19346764994 0.187787625939 0.150072521401 0.449391622833 0.18406802408 0.149992235601 0.139825862112 0.121479856758 0.242475177038 0.357636729558 48.9230919003 591.358843486 0.256406041843 0.49359168381 0.0306944955235 0.146687931829 0.072656607127 0.0484412437529 1.55733155024
-9999.0 -9999.0 -9999.0 -9999.0 -9999.0 -9999.0 -9999.0 -9999.0 -9999.0 -9999.0 -9999.0 -9999.0 -9999.0 -9999.0 -9999.0 -9999.0 -9999.0 -9999.0 -9999.0 0.628274126917 4.94379279463 9.79834438832 10.4922325293 0.760591789546 1.31517265644 1.80833756105 2.22096762898 4.97266294931 5.15797151039 0.183089140697 0.182232918057 26.4018426056 26.7643116989 26.9295230535 0.861484967144 0.137856477665 0.340744301625 0.499091113854 1.49041235162 1.83793534064 2.12745722757 0.266722101666 0.376590585967 0.129863361474 0.262591792612 0.137327091939 591.628093344 0.234357770154 0.95223668155 0.260588509249 0.496149772119 1.54957407474 1.72266283793 3.41074840265
-9999.0 -9999.0 -9999.0 -9999.0 -9999.0 -9999.0 -9999.0 -9999.0 -9999.0 -9999.0 -9999.0 -9999.0 -9999.0 -9999.0 -9999.0 -9999.0 -9999.0 -9999.0 0.693583723121 2.20265597673 4.32393714721 5.66082885607 14.5782821067 15.3136238087 1.03943523275 1.5377955405 1.97398478358 2.38218642846 5.31374933393 5.66784236346 9.64884099014 9.9746308072 10.1701609043 27.1057690429 28.4612562925 0.327989594909 0.212957054667 0.204237262836 0.397842405052 0.186906979748 2.49275070064 2.63199512269 0.50210470493 0.610028555611 0.131156495482 146.557059161 146.856299737 738.690127165 739.954208845 0.24749009223 1.01173330732 0.371345298329 0.293781825667 3.84443125606
-9999.0 -9999.0 -9999.0 -9999.0 -9999.0 -9999.0 -9999.0 -9999.0 -9999.0 -9999.0 -9999.0 -9999.0 -9999.0 -9999.0 -9999.0 -9999.0 -9999.0 -9999.0 -9999.0 0.784444190202 0.765065367378 1.44974919743 3.45307979525 15.9666116781 0.537082230663 0.529392534711 0.959649888993 1.4071552386 3.25580243663 3.47046978464 0.175953076805 0.21189629421 10.4034549229 10.5983955648 39.235518808 39.4018636835 0.12873991454 0.115010746638 0.101905648101 0.102839890707 0.109659286309 144.104066342 144.93984392 145.658496255 145.894329105 146.448493313 0.159638744037 0.591485041729 0.748429383357 741.084181457 741.259192196 741.400283156 741.498581429 741.592673523
-9999.0 -9999.0 -9999.0 -9999.0 -9999.0 -9999.0 -9999.0 -9999.0 -9999.0 -9999.0 -9999.0 -9999.0 -9999.0 -9999.0 -9999.0 -9999.0 -9999.0 -9999.0 -9999.0 -9999.0 0.704775462482 0.735902806596 1.37141200286 18.6431494769 19.3230406937 0.516498149255 0.946532738584 1.40623023801 1.67535262299 0.22135851583 0.448873075039 38.5565955414 38.7441167613 38.9309317104 40.3502641985 79.9162096048 139.029480959 139.324677868 139.603889265 139.871497777 140.978321662 141.334573813 0.711918032513 0.327240637148 0.196137832786 0.37172448688 0.29326086108 0.463068213345 0.153025048428 3.04919039864 3.6196340478 4.08963292473 4.18451580207 741.692203553
-9999.0 -9999.0 -9999.0 -9999.0 -9999.0 -9999.0 -9999.0 -9999.0 -9999.0 -9999.0 -9999.0 -9999.0 -9999.0 -9999.0 -9999.0 -9999.0 -9999.0 -9999.0 -9999.0 -9999.0 -9999.0 0.716729155543 1.37609621494 2.0382338256 19.8903505907 0.585666722956 26.7075268871 27.1822068144 27.396858638 27.6305398688 37.5711506003 37.8646799209 0.2109413405 1.04731648309 1.27429384524 0.225083899487 58.8168352274 58.4052492366 0.139873311294 0.320751722439 0.864572495933 0.190391262509 0.207820232037 0.165363124717 0.146640341102 0.115610286623 0.138941945758 2.55807836684 2.70827004561 2.88592157564 0.383894574568 0.283567264704 4.41297759744 4.56686656454
-9999.0 -9999.0 -9999.0 -9999.0 -9999.0 -9999.0 -9999.0 -9999.0 -9999.0 -9999.0 -9999.0 -9999.0 -9999.0 -9999.0 -9999.0 -9999.0 -9999.0 -9999.0 -9999.0 -9999.0 -9999.0 0.656069361644 0.618158147012 3.19688731303 24.4022291849 25.6500647741 26.2848658249 0.462262315485 9.25076324455 9.46380795432 9.59556315509 0.250773150878 0.489375514115 0.704190075028 13.4106781087 13.5814885768 13.7348211216 58.1092586117 36.4850673838 0.180376843152 0.185702421244 0.177117010302 0.145006212024 1.462465617 1.79090366105 2.08087291493 2.24741721593 2.40835607047 14.3040820451 14.4306436239 14.5472482493 14.8008190581 16.2608243488 16.349622308
-9999.0 -9999.0 -9999.0 -9999.0 -9999.0 -9999.0 -9999.0 -9999.0 -9999.0 -9999.0 -9999.0 -9999.0 -9999.0 -9999.0 -9999.0 -9999.0 -9999.0 -9999.0 -9999.0 -9999.0 -9999.0 -9999.0 1.2849716692 1.96202790038 0.717832040193 0.538342878458 7.74326082108 8.22269299099 8.54354640518 2.78945607334 2.9581265435 3.14703053606 3.35683324861 13.0228828239 13.2555206943 7.3493189031 21.280719719 21.4648179693 36.3363816357 0.368537856913 0.186187840586 0.13303316337 0.994883342326 1.17218981729 0.121110099545 0.114766936006 13.7139169563 14.0187810283 14.1823722971 0.125464585257 0.181881293415 16.0128629384 0.155897002615 0.665355041577
-9999.0 -9999.0 -9999.0 -9999.0 -9999.0 -9999.0 -9999.0 -9999.0 -9999.0 -9999.0 -9999.0 -9999.0 -9999.0 -9999.0 -9999.0 -9999.0 -9999.0 -9999.0 -9999.0 -9999.0 -9999.0 -9999.0 0.644797219563 1.2766629031 5.41004476005 6.13284952254 6.73564660039 2.23690629551 2.61968678061 0.192834593117 9.09998997488 9.27241776266 9.44704263989 0.199461076467 6.91775144307 7.15897005035 0.185781250047 35.3808936856 0.406334160541 0.199699795071 0.530868038011 0.717674948238 0.147430554243 0.120965415648 12.294030205 13.4287558018 13.6102513785 0.175543968036 0.398930332488 0.504050710964 0.596389897885 1.14180209594 0.245148553623 0.542824546476
