data/baseflow/History/mHMbfrc372
ncols                  80
nrows                 72
xllcorner      4374000.0
yllcorner      5656000.0
cellsize            500
NODATA_value       -9999
[rows 0 to 23 of 72, columns 0 to 53 of 80]
-9999.0 -9999.0 -9999.0 -9999.0 -9999.0 -9999.0 -9999.0 -9999.0 -9999.0 -9999.0 -9999.0 -9999.0 1.0426530443 0.873460777616 -9999.0 -9999.0 -9999.0 -9999.0 -9999.0 -9999.0 -9999.0 -9999.0 -9999.0 -9999.0 -9999.0 -9999.0 -9999.0 -9999.0 -9999.0 -9999.0 -9999.0 -9999.0 -9999.0 -9999.0 -9999.0 -9999.0 -9999.0 -9999.0 -9999.0 -9999.0 -9999.0 -9999.0 -9999.0 -9999.0 -9999.0 -9999.0 -9999.0 -9999.0 -9999.0 -9999.0 -9999.0 -9999.0 -9999.0 -9999.0
-9999.0 -9999.0 -9999.0 -9999.0 -9999.0 -9999.0 -9999.0 -9999.0 -9999.0 -9999.0 -9999.0 -9999.0 2.16447117559 4.69912354394 0.748520822791 -9999.0 0.62698645327 -9999.0 -9999.0 -9999.0 -9999.0 -9999.0 -9999.0 -9999.0 -9999.0 -9999.0 -9999.0 -9999.0 -9999.0 -9999.0 -9999.0 -9999.0 -9999.0 -9999.0 -9999.0 -9999.0 -9999.0 -9999.0 -9999.0 -9999.0 -9999.0 -9999.0 -9999.0 -9999.0 -9999.0 -9999.0 -9999.0 -9999.0 -9999.0 -9999.0 -9999.0 -9999.0 -9999.0 -9999.0
-9999.0 -9999.0 -9999.0 -9999.0 -9999.0 -9999.0 -9999.0 -9999.0 -9999.0 -9999.0 1.09371680238 1.04503193476 1.07347600307 1.04765480407 6.67833946939 7.43500590763 1.7273171373 0.547058845414 -9999.0 -9999.0 -9999.0 -9999.0 -9999.0 -9999.0 -9999.0 -9999.0 -9999.0 -9999.0 -9999.0 -9999.0 -9999.0 -9999.0 -9999.0 -9999.0 -9999.0 -9999.0 -9999.0 -9999.0 -9999.0 -9999.0 -9999.0 -9999.0 -9999.0 -9999.0 -9999.0 -9999.0 -9999.0 -9999.0 -9999.0 -9999.0 -9999.0 -9999.0 -9999.0 -9999.0
-9999.0 -9999.0 -9999.0 -9999.0 -9999.0 -9999.0 -9999.0 -9999.0 -9999.0 1.03702697652 2.13462536528 4.23622264493 2.05496836189 0.994058240711 1.97016088814 8.3769190575 11.4101423482 0.635938898503 -9999.0 1.0444661567 -9999.0 -9999.0 -9999.0 -9999.0 1.18922245817 0.605870389261 -9999.0 -9999.0 -9999.0 -9999.0 -9999.0 -9999.0 -9999.0 -9999.0 -9999.0 -9999.0 -9999.0 -9999.0 -9999.0 -9999.0 -9999.0 -9999.0 -9999.0 -9999.0 -9999.0 -9999.0 -9999.0 -9999.0 -9999.0 -9999.0 -9999.0 -9999.0 -9999.0 -9999.0
-9999.0 -9999.0 -9999.0 -9999.0 -9999.0 -9999.0 -9999.0 -9999.0 1.18415993474 3.32500152179 4.32906477626 5.33771793348 7.27032994667 0.946899789642 3.83018964791 4.74468791262 17.6067120132 0.770253077827 0.823163613779 1.94808011388 2.82904369769 0.924130142996 -9999.0 3.11758628677 2.56125631905 0.709682597723 -9999.0 -9999.0 -9999.0 -9999.0 -9999.0 -9999.0 -9999.0 -9999.0 -9999.0 -9999.0 -9999.0 -9999.0 -9999.0 -9999.0 -9999.0 -9999.0 -9999.0 -9999.0 -9999.0 -9999.0 -9999.0 -9999.0 -9999.0 -9999.0 -9999.0 -9999.0 -9999.0 -9999.0
-9999.0 -9999.0 -9999.0 -9999.0 -9999.0 -9999.0 1.17449672379 1.06168752222 1.02905394463 1.04946320894 1.0717511562 7.49423697782 15.7878696197 16.7933952322 17.6943296553 0.918510690973 19.3418168853 20.1767021879 1.70673332157 0.890427303524 3.69037762366 6.40125302607 0.838333726743 5.62620701715 0.906682546566 0.860407115278 0.933607154573 -9999.0 -9999.0 -9999.0 -9999.0 -9999.0 -9999.0 -9999.0 -9999.0 -9999.0 -9999.0 -9999.0 -9999.0 -9999.0 -9999.0 -9999.0 -9999.0 -9999.0 -9999.0 -9999.0 -9999.0 -9999.0 -9999.0 -9999.0 -9999.0 -9999.0 -9999.0 -9999.0
-9999.0 -9999.0 -9999.0 -9999.0 -9999.0 -9999.0 2.33445934786 3.42289598714 7.72971145496 10.7790798251 0.9376143937 0.980540158956 0.936678860843 2.74021209717 21.2688668113 0.802552092492 20.9669316707 24.2161891102 2.51120456282 1.67507699617 7.2087955552 0.886844139152 6.49732462698 1.69713275232 0.843947218522 1.67311731844 1.8692681677 0.969304093959 0.977389366667 0.950038758607 1.04028518388 2.08427621686 -9999.0 -9999.0 -9999.0 -9999.0 -9999.0 -9999.0 -9999.0 -9999.0 -9999.0 -9999.0 -9999.0 -9999.0 -9999.0 -9999.0 -9999.0 -9999.0 -9999.0 -9999.0 -9999.0 -9999.0 -9999.0 -9999.0
-9999.0 -9999.0 -9999.0 -9999.0 -9999.0 1.24948718446 2.42522713153 1.1636643856 2.25920854119 11.8973416745 13.899435563 15.8873219439 50.6605852823 0.91198090426 22.1578162701 79.9382601348 80.6076861622 105.959167184 0.716407354407 2.45960715806 8.02188979033 0.803948433265 16.0603956696 8.72085058656 5.29307044225 4.42755606393 0.907087222106 2.86613675905 2.83462220223 1.88867076361 0.937450072137 3.05620203025 0.931449078033 0.915468146611 -9999.0 -9999.0 -9999.0 -9999.0 -9999.0 -9999.0 -9999.0 -9999.0 -9999.0 -9999.0 -9999.0 -9999.0 -9999.0 -9999.0 -9999.0 -9999.0 -9999.0 -9999.0 -9999.0 -9999.0
-9999.0 -9999.0 -9999.0 -9999.0 -9999.0 1.24048510575 3.61319730153 7.21148485905 8.32486612602 16.4284713973 17.4741665443 20.7566371941 33.884458077 53.3962558258 55.2836955469 56.1522264505 1.61595500754 108.844245624 110.313337133 114.45685622 141.815743965 18.5603655209 16.9474145835 6.16704284757 0.859989869595 5.40339623327 3.70117775137 0.80908494151 3.69867886718 0.861137456819 1.77821134981 4.85045213742 5.75294569794 1.80381549259 0.879863191866 0.871214648981 -9999.0 -9999.0 -9999.0 -9999.0 0.596322896817 0.521876736137 -9999.0 -9999.0 -9999.0 -9999.0 -9999.0 -9999.0 -9999.0 -9999.0 -9999.0 -9999.0 -9999.0 -9999.0
-9999.0 -9999.0 -9999.0 -9999.0 -9999.0 1.20674295336 1.15158129638 4.72247008892 5.85424927268 7.02299933818 1.11625940811 2.2103421677 12.3475071398 2.17359946039 1.04133242817 0.943498708496 0.845051545859 0.942565624399 0.891009373838 0.931006941661 142.65102156 145.089312431 0.80375875821 2.49854948988 1.71136341992 6.21329831217 1.62561134771 0.765300710807 4.57757232201 1.71092082068 4.12828328572 10.1285126097 9.31882710388 2.67761330919 2.6107749587 0.897701837639 0.892712193722 -9999.0 -9999.0 0.87384329488 1.33077607582 2.9558000101 0.5579904123 -9999.0 -9999.0 -9999.0 -9999.0 -9999.0 -9999.0 -9999.0 -9999.0 -9999.0 -9999.0 -9999.0
-9999.0 -9999.0 -9999.0 -9999.0 -9999.0 -9999.0 1.22682934734 1.21909450605 2.3508272046 3.49096770489 7.98796014062 10.2261956158 11.3395185825 1.10893944872 0.915378759786 12.2582641517 15.043991101 15.9125837461 19.5760234497 20.4131241944 0.84586409903 145.935904132 150.120192107 3.35365285733 0.851555016755 7.000032087 15.4255826385 6.08172718403 1.57784768672 0.797832451817 15.8831947995 10.9623663239 0.798067818478 0.780508520404 3.41083047242 2.63867739957 0.845466212376 0.791665784935 0.869281192299 1.72174344132 0.837266186729 3.59904571667 4.40664809874 0.718968965774 -9999.0 -9999.0 -9999.0 -9999.0 0.82997478076 0.777312691535 0.271087023732 -9999.0 -9999.0 -9999.0
-9999.0 -9999.0 -9999.0 -9999.0 -9999.0 -9999.0 -9999.0 1.19867396854 1.09661018633 2.26186694797 3.42380757745 1.128912739 1.01169242607 6.38721147107 8.4036666176 10.4612489432 0.964125290015 1.8988661798 0.94894722802 21.2843607467 46.9346892995 47.5200228216 199.145819006 0.823174171826 2.43301521916 0.772559350304 16.1451146363 0.771609778776 2.38803914233 0.778768777956 16.6720235692 17.4590775977 1.59806439304 1.56600040171 8.61437593179 4.34544404276 1.62671862314 0.840451710115 1.734270492 2.5723449753 4.20550380678 0.788970248774 5.84603481664 6.56044439501 0.662989050358 0.735612072081 0.717358552006 0.651605794962 0.618504758354 2.26215380403 0.951590580674 0.648315827661 -9999.0 -9999.0
-9999.0 -9999.0 -9999.0 -9999.0 -9999.0 -9999.0 -9999.0 -9999.0 2.23585858357 3.27226673292 1.11169955247 2.26179619259 3.32227117748 5.44294241636 1.08822167056 1.04976017623 0.916049819078 0.928004764633 0.847657231183 23.8652785918 0.975768622644 1.9037698601 201.715881963 203.518360542 0.900740770872 4.23607204144 21.1241704089 1.52817988647 3.08333417174 1.43029821001 2.10227547276 20.4607080128 2.3119261469 12.3991093276 10.1440683603 0.774905977418 4.09792018366 1.66783936144 2.533920939 0.787386531853 4.94041830204 6.43004410245 7.07330561705 7.68237584149 9.09468047114 1.29162435264 1.3059591838 1.19235040393 1.11560337916 2.81064025374 0.544935698706 2.17812996821 2.69658255557 -9999.0
-9999.0 -9999.0 -9999.0 -9999.0 -9999.0 -9999.0 -9999.0 -9999.0 1.16806685863 5.58486876557 6.6663802365 1.08283629671 2.12835744794 1.04387400785 0.974934092789 0.956429576475 12.0058502762 15.9899258021 19.630866296 23.2296764743 0.871657930575 0.948256170628 1.01343979552 207.553872074 209.391500011 210.209748694 28.2368595974 6.15946196213 5.3337204257 0.636614172912 2.75732316059 23.8976821867 0.678431397983 13.0847635199 0.772042090616 5.35617678339 4.94135739729 0.812432381309 3.32947814573 1.57638111319 2.34897796097 0.710553447175 0.603890849124 8.28329327004 8.8338176058 9.64369243947 1.88984481019 1.74581218026 1.64163821299 3.39294817963 4.49840869277 0.551178838541 3.23570252279 0.58867312984
-9999.0 -9999.0 -9999.0 -9999.0 -9999.0 -9999.0 -9999.0 -9999.0 -9999.0 1.19884551649 7.80138297294 8.86329678831 3.18153251275 5.2641552326 7.22883582833 8.2243931958 1.02986201138 3.07012612939 2.07900073958 1.0573595959 1.04003522313 0.944275557706 1.90446975324 3.22045339696 1.08657495861 240.366089408 241.273319655 0.856095695397 0.656270950451 1.35931394716 2.05723086561 25.9109737513 1.31901362581 13.6814660351 8.30429159474 6.85287951175 0.774658576772 1.56233200924 4.0512051858 0.720474574468 3.04545220145 1.3801474535 1.10379459767 0.607507234015 10.5854775964 20.6804311104 2.2963896354 2.16146521432 2.10549696189 0.461903782075 4.95601767218 0.443748366273 4.25103471018 0.518859657863
-9999.0 -9999.0 -9999.0 -9999.0 -9999.0 -9999.0 -9999.0 -9999.0 -9999.0 -9999.0 1.0562656878 10.986384178 1.044406059 2.07231555355 3.02816934279 4.94798638444 0.995813509945 2.03052136953 1.0297858895 0.958592706682 0.911270178474 1.79048085321 0.826781528624 0.956048254654 1.94169406877 1.05894677269 242.126453565 243.80834045 246.262088966 2.81673583482 0.731850173547 1.45864510868 26.6294622954 25.4637338498 9.78392706376 0.733106377479 3.07216939231 2.31145821356 4.77544982628 1.4394025937 5.82795504952 2.06574158557 1.70753045707 0.657979456876 0.649906905404 21.3133257491 21.8425448015 26.7376524785 3.57497843081 0.966190191551 5.45883057133 6.39056238225 11.0860711319 1.01552244629
-9999.0 -9999.0 -9999.0 -9999.0 -9999.0 -9999.0 -9999.0 -9999.0 -9999.0 -9999.0 -9999.0 0.609660465061 12.3321640461 0.983513832353 1.9261042824 8.7561565775 0.962001291779 0.950615425127 0.845721999023 1.85921441675 0.931029339416 3.63224427432 5.25394591339 5.97873041561 2.66269032438 3.40783895333 0.855449893925 1.02595727587 0.984180724331 250.621805522 252.784755681 27.2905007882 26.8026060449 26.1362554718 1.37458921296 0.659669218502 3.74936522512 9.8867188554 5.46230099368 2.11713251242 8.60021702667 4.24392275642 3.62131109732 1.27816270713 0.541620112986 0.483754811251 0.492046999902 29.1496002808 34.3002231736 0.478157609189 0.419391868531 0.458295007775 11.5641362645 13.0456525961
-9999.0 -9999.0 -9999.0 -9999.0 -9999.0 -9999.0 -9999.0 -9999.0 -9999.0 -9999.0 -9999.0 0.562910693155 13.6966469711 16.7962708839 0.949202173535 10.6410201666 0.877554281593 0.848662219309 1.73520666258 4.50377711696 0.902810996479 0.953374770169 0.811555375988 7.56077162079 8.3290646426 12.5467718849 14.1775911403 15.0643336008 15.9488081777 16.9250398907 270.571022356 299.60361569 327.935292444 328.526781421 0.667187875777 0.662921085765 11.2466457501 10.5730450021 0.671756655151 0.676116743508 9.28872870649 14.2081387309 0.578749531207 8.35297554464 7.75114552651 2.60234334988 1.17752348018 1.90176367366 0.63533047789 35.3136984567 0.524341202848 1.39249636331 1.78674634964 16.4577977041
-9999.0 -9999.0 -9999.0 -9999.0 -9999.0 -9999.0 -9999.0 -9999.0 -9999.0 -9999.0 -9999.0 1.13007693216 2.16114738929 17.8009497342 19.6000331297 0.899056261895 12.2118707663 0.767364415853 2.39500889552 5.32060013085 1.74630169849 0.838934227863 1.68823188461 0.682525726758 1.39216276606 0.739568150728 0.72509555604 0.717358003595 0.720130978413 0.743024142901 0.825056355932 0.958731672736 0.987054147916 0.994340212319 330.87290701 13.7842855541 12.5324598713 0.602778277595 1.97065727794 0.604141706599 0.509463118582 14.8521671403 25.1139983938 9.04525126507 6.58322318107 1.51060382694 0.664333905528 0.604017818 1.11312827551 36.9323303592 37.8583218044 0.487950483713 0.500671254009 0.567316218502
-9999.0 -9999.0 -9999.0 -9999.0 -9999.0 -9999.0 -9999.0 -9999.0 -9999.0 -9999.0 -9999.0 -9999.0 0.970581710631 13.2798127725 33.8441602352 36.7371036998 49.7465783349 50.4169309054 11.8039945526 8.76764510718 2.60368998306 0.824725256402 3.31973592132 4.08906506973 6.23891419899 1.52126995916 1.45705673274 1.46587724714 2.91589471132 1.45750620888 1.5285750564 0.721765082202 0.758277860121 0.782577544887 331.653249194 345.82745897 346.466841172 0.618286794253 5.69926763931 2.49166124786 0.704678356101 27.2558552003 1.50267635246 0.780377124672 3.27446615972 0.76663285813 0.60981136386 1.15262466139 1.57696071225 2.04365884725 38.6129977402 0.357016543186 0.300182668298 0.305803885914
-9999.0 -9999.0 -9999.0 -9999.0 -9999.0 -9999.0 -9999.0 -9999.0 -9999.0 -9999.0 -9999.0 1.06475791149 10.1406150152 12.2827769435 1.99810562678 0.640018339507 1.47238189733 52.7387875668 53.4451236675 65.9368159476 0.790729484949 1.6058739328 0.734696035532 0.748584815473 6.98657123851 9.25292809581 11.3952598755 0.678354464371 3.60255890292 5.73017997773 3.53228676538 1.37126926139 1.36558570601 1.43259944386 1.41788169462 0.735305420583 347.007055407 347.441026772 354.106847046 1.15931370124 0.606529031431 27.6952269196 1.54805308931 0.796863995802 0.861579373091 0.854996645742 0.741775522647 1.41467423664 3.84154082226 6.3986201432 45.3951935215 0.264890805859 0.784005327955 0.534589916138
-9999.0 -9999.0 -9999.0 -9999.0 -9999.0 -9999.0 -9999.0 -9999.0 -9999.0 -9999.0 -9999.0 1.09273440429 7.05205745077 1.09840225932 0.9729572496 5.12539488498 6.02469934674 6.91555172204 7.78302551795 90.2544625112 91.0308536444 92.5779659329 104.278246358 106.694884947 108.236365093 109.010411445 122.614069083 124.715422913 125.452393779 131.982243641 136.26695496 136.913728963 139.62041241 2.03776848168 2.0475319984 0.653650818954 0.591814844654 347.970475012 356.278188324 1.72724074684 31.5379629235 31.0256670276 2.91014776467 0.691724922518 0.701889081845 0.671457578239 0.664148191379 1.34069254816 1.92210672051 0.56720633739 45.7494439402 46.133862016 47.7668563967 48.0657467677
-9999.0 -9999.0 -9999.0 -9999.0 -9999.0 -9999.0 -9999.0 -9999.0 -9999.0 -9999.0 -9999.0 3.63073090599 4.80500758136 2.22932452732 3.29239811571 1.04947580266 11.8868392536 12.8307483182 14.7362048935 15.6710460442 6.42322836824 100.347216081 101.187228828 0.894966978586 0.776417211038 0.81233682624 1.63138566644 0.815705047761 0.756128355813 0.712351459974 0.667032621259 137.662633994 140.341658627 142.970199816 145.510905991 147.674664023 1.06144589308 0.312850373616 389.164657424 32.4815900996 32.0812603539 0.629219697864 0.563210627358 0.525793821767 1.20874389163 1.17702921305 0.526790578045 0.530168092019 0.496387279735 1.05056810615 1.36779124861 0.2376206099 0.42989855464 0.184263605518
-9999.0 -9999.0 -9999.0 -9999.0 -9999.0 -9999.0 -9999.0 -9999.0 -9999.0 -9999.0 -9999.0 -9999.0 2.46122203765 1.15412775423 1.07361886933 9.99515518304 10.9780850092 0.974722892903 3.82042572086 4.75077829114 5.64949495692 0.965801257098 0.808258194495 16.4455423694 17.1653806296 17.8870230141 46.0006257041 46.7002302109 48.1548388161 53.6507340758 57.7116408923 58.3528350452 0.63974140468 0.670563112229 0.54955828209 148.378686341 0.357181859559 394.683819084 394.18487201 4.60213114664 4.0552335716 2.34713357389 0.584383645064 1.02988933713 1.69243605865 1.66711871369 1.02203400398 0.503019038559 0.990531553448 0.99323841138 1.79153215779 0.346574841034 0.77493671532 1.26109917101
