data/baseflow/History/mHMbfrc577
ncols                  80
nrows                 72
xllcorner      4374000.0
yllcorner      5656000.0
cellsize            500
NODATA_value       -9999
[rows 24 to 47 of 72, columns 0 to 54 of 80]
-9999.0 -9999.0 -9999.0 -9999.0 -9999.0 -9999.0 -9999.0 -9999.0 -9999.0 -9999.0 -9999.0 -9999.0 1.51429242083 4.38027144431 5.80369693052 10.1102477224 1.39829933034 2.80547474324 4.15674451088 15.3776361098 16.5855713264 17.6481609131 18.9236577849 20.2925696222 31.8223304092 35.7812018236 38.1836948863 1.05064284629 5.73618091053 6.70642381326 77.582472459 82.1639271647 83.9555144422 85.7454486392 87.6574710563 307.093158635 0.974323112643 612.236248681 2.35159092002 1.0504450622 6.41352659847 5.42579912882 0.953474444494 3.17312324098 4.36881226553 4.34863633312 3.11938195107 5.16606506692 8.22756136252 3.07734438978 8.16057119273 0.829546270483 1.35991230825 0.591744506091 0.477705092015
-9999.0 -9999.0 -9999.0 -9999.0 -9999.0 -9999.0 -9999.0 -9999.0 -9999.0 -9999.0 -9999.0 -9999.0 1.48604991452 2.9417520587 1.40702010871 2.84121671362 1.37430106257 9.92704318579 12.6698116566 14.0470958947 1.31941147861 2.55219490063 23.3814527697 29.3478431992 30.4958373053 2.61079691871 2.62475739645 3.85552911834 0.941220977745 0.92394125161 1.81332261319 0.862770844292 36.1704597732 37.0340813703 38.3605781499 307.912508113 620.657951294 613.549360848 1.98212595223 0.783169546751 0.731560534202 2.5703071679 1.79250604561 4.05712794241 5.33674256113 10.6990654935 1.00701706429 1.01286565112 9.181411314 10.1507223717 20.116262594 20.9654794948 22.9202184918 24.0447335329 1.13555814648
-9999.0 -9999.0 -9999.0 -9999.0 -9999.0 -9999.0 -9999.0 -9999.0 -9999.0 -9999.0 -9999.0 -9999.0 -9999.0 1.44764484458 2.89165009088 4.32248404685 7.11787056822 1.44694902797 1.38540702259 9.00256418915 10.3203843865 20.9974739234 22.2676116482 3.65023275944 1.32762767284 1.31891200033 1.25810720169 30.6577275455 31.7065718013 32.6778061314 33.572013055 35.3201548229 8.11048141297 9.06287358164 48.5989396631 977.526250217 6.19932916862 5.44323262115 2.80135189189 0.693823158352 0.670882590906 4.07829307103 4.76175712986 5.55453365564 0.743537615181 11.4971076271 1.8650819792 1.84961167572 0.697631320355 0.616312868611 0.534800776019 0.480948377063 0.516608174636 24.5473141116 335.778320558
-9999.0 -9999.0 -9999.0 -9999.0 -9999.0 -9999.0 -9999.0 -9999.0 -9999.0 -9999.0 -9999.0 -9999.0 -9999.0 -9999.0 1.44822100969 2.65984256005 3.75302210391 4.87045480424 6.2409897021 7.63458970189 4.11497490176 6.81075361174 1.28236141699 1.28153692058 24.4405977069 26.9601685531 28.1700201168 29.470611551 1.16345263177 2.2218076252 5.44706942191 6.44607140013 7.31503088384 0.970855840974 0.933915251307 979.790180725 0.783403919363 1.47964189581 0.765209452238 2.58679403771 1.2518699305 0.730565401231 11.0521274927 11.6199025126 0.561443427189 12.0722229896 14.71116173 2.64328712765 356.391385192 354.942422517 353.644450317 351.387701544 350.464184987 337.918838631 337.385485437
-9999.0 -9999.0 -9999.0 -9999.0 -9999.0 -9999.0 -9999.0 -9999.0 -9999.0 -9999.0 -9999.0 -9999.0 -9999.0 -9999.0 0.244358610056 0.57515758302 1.07217520554 9.02436635446 10.438403656 1.40799731279 1.37701913813 1.34631873254 19.2843513928 21.9157878735 1.28318190819 1.29509700448 1.19380744164 4.75534940905 5.92124735791 3.42743395085 4.32687146879 26.3852065377 27.3903662036 29.1701514439 47.4461887092 1027.63563318 0.766347393348 0.71728774732 3.76093536806 3.14291943459 0.518519090076 1.80231247991 2.35419832765 12.2490455137 12.8156997717 28.9840734727 15.0663822276 3.00763857733 366.917482687 5.29582449865 352.541366972 351.982744733 11.6797570394 0.411695555502 1.28840965556
-9999.0 -9999.0 -9999.0 -9999.0 -9999.0 -9999.0 -9999.0 -9999.0 -9999.0 -9999.0 -9999.0 -9999.0 -9999.0 -9999.0 1.27285026579 2.07635742709 4.4572500603 7.7196242188 11.394651112 13.9777581869 15.3289299349 16.6857157568 18.0114144719 1.32038535034 1.25996824734 2.49530372998 2.39227944429 1.19680808854 22.5648356402 23.7166956186 24.8233585112 25.8721345403 15.3773753022 16.4457294693 17.4465661095 1027.96929063 1.21730237767 1.78285351319 5.86333373319 0.515220494209 0.994925277262 0.484836741951 0.522311794778 2.83146984126 0.48453877422 0.521086557783 398.53524634 369.111018001 368.575181975 1.78904719128 4.75385690687 3.18935392243 0.882616360329 10.8461568466 3.44378546718
-9999.0 -9999.0 -9999.0 -9999.0 -9999.0 -9999.0 -9999.0 -9999.0 -9999.0 -9999.0 -9999.0 -9999.0 -9999.0 -9999.0 0.884994807786 0.808384310244 1.56917211152 2.42720529224 1.32220919759 1.43085833891 2.81553037613 4.19101562455 6.82629180661 8.1345596567 9.3748350431 13.1317177811 14.3061008554 15.5112948833 1.17573997869 11.4349047121 12.5016611284 13.5032234118 0.896871930861 0.556463515712 0.973995194657 1045.70200775 1046.0230267 1047.95005597 7.18959298995 0.987922409224 1.82845986731 0.680162248199 0.948294132426 3.25864532903 4.15560684946 0.955775308719 400.804608829 0.693608788001 0.988794597202 1.07623679453 0.855863693461 1.61210509446 0.705710452732 6.44449246495 5.11113859392
-9999.0 -9999.0 -9999.0 -9999.0 -9999.0 -9999.0 -9999.0 -9999.0 -9999.0 -9999.0 -9999.0 -9999.0 -9999.0 -9999.0 -9999.0 0.757401492268 1.50835860347 0.784482202506 1.62266748073 10.2233566372 11.4606464399 12.8338886883 1.32595287535 1.31365550097 2.56285101291 3.81329102949 6.15335627744 7.33514614267 7.99857086396 9.12612902363 1.03923717405 1.00635664909 15.1713468872 15.6729669918 16.0620503525 16.4228519061 13.335946684 1062.79362351 1072.47223227 1072.84907217 1075.03125819 1077.17653189 1078.72600148 0.521507897123 4.59425914878 401.337409425 1.41188080103 0.722113182264 0.597558147248 0.488352242169 0.875488859904 0.918329440825 0.509993466501 0.649561167029 0.648935045475
-9999.0 -9999.0 -9999.0 -9999.0 -9999.0 -9999.0 -9999.0 -9999.0 -9999.0 -9999.0 -9999.0 -9999.0 -9999.0 -9999.0 -9999.0 -9999.0 2.24046394615 3.09191938807 5.58869265453 7.62703485265 1.13700916071 15.3404201192 16.6429868145 17.9418537297 1.26817790311 2.50822216034 1.16434279379 8.42579313651 9.05243377048 10.0563065446 11.1754119673 13.9279291378 14.3351473874 0.262944840073 11.9818360017 12.6731713857 12.9900161987 14.5078472205 2.14687696593 1.43930680559 0.976248705512 0.929910729965 1080.28391045 1081.06372673 1088.62370098 401.894447837 3.47113488783 1.53977602256 1.01319233537 0.353081902061 2.76121733914 1.46950566291 0.462520918066 2.43279648976 2.02559767564
-9999.0 -9999.0 -9999.0 -9999.0 -9999.0 -9999.0 -9999.0 -9999.0 -9999.0 -9999.0 -9999.0 -9999.0 -9999.0 -9999.0 -9999.0 -9999.0 0.8489486548 3.91688048428 4.80155612597 1.21638271281 1.36553092846 2.71375309221 3.99369081145 23.2226027031 1.25594825639 5.0351822724 6.20946636113 7.36253591863 0.672081363413 1.61799863298 2.24315313347 9.5520271969 10.7851533901 11.0490129099 0.328165067973 0.358199320084 0.464945257214 0.848478204399 0.389496564584 0.427808804488 0.87677492076 0.691654649274 0.766741328154 2.36432362485 1089.46625613 1493.49905769 4.45834933512 0.563864072765 0.414414046556 8.47298844165 7.7160916657 4.48581964745 4.01802398091 3.01911776 0.626374912578
-9999.0 -9999.0 -9999.0 -9999.0 -9999.0 -9999.0 -9999.0 -9999.0 -9999.0 -9999.0 -9999.0 -9999.0 -9999.0 -9999.0 -9999.0 0.681011030165 2.31836157595 0.782643003326 1.36992123889 1.430328151 2.80236214906 4.15043954649 5.3292412637 29.4324702335 30.6611628835 1.2542022129 2.43184493223 3.61577576904 4.44845700948 5.4304065156 8.5338692358 9.21268488826 0.864009547546 0.640513299124 0.547501018982 0.794291233991 0.901704696407 0.81913443846 0.761764336502 0.833049537934 3.14897475431 1.39071840903 0.633345978462 0.608183526483 0.723055701002 1.39493156184 1518.29801178 19.8660168874 9.91263992203 0.588909960009 0.242371339705 0.273065300677 1.05447369585 0.76992230379 0.409274002403
-9999.0 -9999.0 -9999.0 -9999.0 -9999.0 -9999.0 -9999.0 -9999.0 -9999.0 -9999.0 -9999.0 -9999.0 -9999.0 -9999.0 0.711501964719 1.38358374415 5.17362967175 0.778384860153 2.54063205341 3.96427697342 5.35987106107 1.38758909883 2.66922577793 3.73497142997 35.2428613212 1.2196533522 2.36827997193 3.52169024087 1.08690388547 2.16575726335 3.01511759608 3.72711601616 74.6683829793 76.1159567556 77.5097758048 83.6661942148 86.0276053534 91.0439169216 1.90833883726 3.8277184321 4.07689638875 108.432112772 109.742172376 0.578518584793 1.17843171112 1.75596697127 1518.7584029 18.8871251042 8.06639036713 7.78056750325 6.35540795461 5.74601957908 1.40487605445 0.317072620162 0.685151258641
-9999.0 -9999.0 -9999.0 -9999.0 -9999.0 -9999.0 -9999.0 -9999.0 -9999.0 -9999.0 -9999.0 -9999.0 -9999.0 -9999.0 0.720656897695 2.18706394564 8.07795524588 11.8930550098 0.707712415765 15.8763966707 22.0892581825 1.34378543378 2.61257899277 3.74053684528 45.8868411286 46.8433004464 1.12624384438 5.79426858206 6.87539387763 7.81416003796 66.1259012117 68.6814000158 70.1471132071 0.700775963752 4.19870425656 4.99392685806 2.41472620311 3.4971171641 96.1045647092 101.655774206 102.643910153 103.609344312 111.19017237 0.711235620712 0.657068895389 2.95393326017 1519.30102605 0.59552807564 0.439427739629 1.19129272558 0.398545299358 5.25706495334 4.23463933219 2.45419268832 1.82290518275
-9999.0 -9999.0 -9999.0 -9999.0 -9999.0 -9999.0 -9999.0 -9999.0 -9999.0 -9999.0 -9999.0 -9999.0 -9999.0 -9999.0 -9999.0 -9999.0 1.53816400028 3.11233378882 14.1867883557 15.0235832441 22.8245860478 23.6829667091 1.3097879087 2.6122878322 6.18605714235 47.6696886659 49.9131456421 50.9550651835 0.921214821623 54.8083224786 57.4449174188 1.68320086259 0.706964231246 1.39545303297 2.73771673124 0.670795447349 1.3978769848 3.25889637077 4.14465258288 0.79293500042 0.624836604171 1.27968247061 115.504130208 116.973951885 117.563117444 121.820990761 1519.81221197 0.450293921448 0.414309400105 0.354427279179 0.352206201126 0.356294874605 0.3258598813 0.628365437245 0.210684984241
-9999.0 -9999.0 -9999.0 -9999.0 -9999.0 -9999.0 -9999.0 -9999.0 -9999.0 -9999.0 -9999.0 -9999.0 -9999.0 -9999.0 -9999.0 -9999.0 0.807740359765 0.793995925461 0.802565016599 1.72500220162 0.771136594345 25.2011339085 25.989709362 1.20354545658 2.43245042141 1.2762793021 1.14718276148 1.1358552161 53.0766474943 0.897418481714 1.78603845819 0.857535768185 0.729994839153 0.673106034767 0.586121984331 0.600058911552 1.81126484591 2.44763331067 0.533261044049 0.494182120182 1.04480133381 1.67760275762 2.11812403654 0.586252936402 118.25063355 122.399684659 1520.17239752 1.88467982743 1.19302628334 0.265045176699 0.585376648239 0.236225103652 0.193693228847 0.83365930103 1.14448366718
-9999.0 -9999.0 -9999.0 -9999.0 -9999.0 -9999.0 -9999.0 -9999.0 -9999.0 -9999.0 -9999.0 -9999.0 -9999.0 -9999.0 -9999.0 -9999.0 -9999.0 -9999.0 0.78410619627 2.46038729138 3.14098002707 3.88121296077 26.700206241 27.398317754 28.1467660101 29.1325425912 30.2508667462 32.5347685392 33.415591997 34.2853930205 35.0780087812 0.689833393454 0.664879353571 0.672988838326 2.47251823608 0.635682734581 0.615762083462 0.536052191969 1.58161933819 0.600188903168 0.505370667195 0.479551197884 0.422138140309 0.842989109027 1.24049664197 125.006181127 1647.48696173 0.236132298861 0.605323975191 0.252915943451 0.92170998412 0.62242383274 0.38931900964 2.95338272202 1.93562195142
-9999.0 -9999.0 -9999.0 -9999.0 -9999.0 -9999.0 -9999.0 -9999.0 -9999.0 -9999.0 -9999.0 -9999.0 -9999.0 -9999.0 -9999.0 -9999.0 -9999.0 -9999.0 -9999.0 0.672699859369 5.20745204114 10.5341366693 11.336100249 1.10598641047 2.29146804539 3.51820708557 4.66189823242 11.7578538761 12.4997886356 0.717198182173 0.711440582672 36.6133064456 38.0196176377 38.6450861482 3.00982132083 0.510997618359 1.16455829773 1.71780642313 5.11735637348 6.2535471926 7.22264125093 0.911806089676 1.2942202179 0.435315479449 0.894619823835 0.446443032464 1648.39871177 0.248136286653 1.05733586627 0.608289591385 1.88288841227 3.74077805295 4.26360347205 7.34167066307 2.71837093573
-9999.0 -9999.0 -9999.0 -9999.0 -9999.0 -9999.0 -9999.0 -9999.0 -9999.0 -9999.0 -9999.0 -9999.0 -9999.0 -9999.0 -9999.0 -9999.0 -9999.0 -9999.0 0.734082697344 2.31648025517 4.54754458317 5.95888792143 15.6455376837 16.5856842524 2.48582021032 3.7132985801 4.84177928263 6.00238825154 13.3365468041 14.8263717088 26.5416076654 27.4743780431 28.2049271433 39.29386123 44.077380427 1.1728859522 0.693824734802 0.678685381908 1.3208377955 0.615941253603 8.39994264604 8.86308010217 1.76207160235 2.26458470383 0.605744209602 298.025864687 299.021001836 1948.05235337 1949.4885645 0.223421514193 2.34522580299 0.502681696882 0.44019991529 8.39530788056 11.4661213488
-9999.0 -9999.0 -9999.0 -9999.0 -9999.0 -9999.0 -9999.0 -9999.0 -9999.0 -9999.0 -9999.0 -9999.0 -9999.0 -9999.0 -9999.0 -9999.0 -9999.0 -9999.0 -9999.0 0.819558914156 0.796838261018 1.52292296944 3.63637962116 17.2725855111 1.2582842161 1.24346816983 2.36727146101 3.49961788525 8.84765967852 9.76288918769 0.639111310849 0.59319691164 28.9406162303 29.6557711879 74.4479192411 75.1108428351 0.468551462612 0.426762294738 0.373517055219 0.376448734794 0.391829237432 289.612790192 292.186737704 294.843011663 295.846868057 297.508978843 0.488219585038 1.84688289904 2.41900278464 1952.79114426 1953.04250608 1953.2654088 1953.81508515 1954.19540112 12.198754838
-9999.0 -9999.0 -9999.0 -9999.0 -9999.0 -9999.0 -9999.0 -9999.0 -9999.0 -9999.0 -9999.0 -9999.0 -9999.0 -9999.0 -9999.0 -9999.0 -9999.0 -9999.0 -9999.0 -9999.0 0.744066535768 0.772029651696 1.44435136316 20.0951722192 20.9045038699 1.23340205751 2.35385526125 3.4957501753 4.45186414711 0.892976565035 1.69166284219 52.9342981934 53.6525700317 54.3189902382 58.9133201418 134.595504557 272.779059108 273.799517405 274.750606675 275.669346008 279.189928478 280.294191782 2.17198563261 1.02204851448 0.583279791154 1.11967726748 0.916265147018 1.42903004551 0.468240613986 9.65262573489 10.7235450501 11.4862285991 11.8437371114 1954.58136489 1967.40855613
-9999.0 -9999.0 -9999.0 -9999.0 -9999.0 -9999.0 -9999.0 -9999.0 -9999.0 -9999.0 -9999.0 -9999.0 -9999.0 -9999.0 -9999.0 -9999.0 -9999.0 -9999.0 -9999.0 -9999.0 -9999.0 0.756800906355 1.45415492407 2.15313408272 21.5003713197 0.950595781098 30.0297692897 31.1973634132 32.1232871873 32.9597583161 49.6615595262 50.4739882514 0.71292841935 3.40837607732 4.10707390628 0.698440787909 137.141751141 135.859533144 0.462238819924 1.00661963706 2.67494238021 0.57398147308 0.605902389693 0.514828930573 0.46583938057 0.389222041486 0.44119168101 8.07574290854 8.53431148138 9.08814812899 0.551588620974 0.374558405666 12.0715788789 12.4640861914 12.7555064632
-9999.0 -9999.0 -9999.0 -9999.0 -9999.0 -9999.0 -9999.0 -9999.0 -9999.0 -9999.0 -9999.0 -9999.0 -9999.0 -9999.0 -9999.0 -9999.0 -9999.0 -9999.0 -9999.0 -9999.0 -9999.0 0.698846910115 0.658355356133 3.40125484018 26.3172224436 27.9775634862 28.9145203329 1.20503327737 14.585924194 15.452995069 15.861496422 0.750511967372 1.51670641757 2.23804189019 32.757190804 33.3319708403 33.848987917 134.880343241 78.0835232238 0.535687115761 0.561456013494 0.549572795832 0.477141619642 4.67408398333 5.68816892534 6.60857109505 7.11525957291 7.60871515829 43.681169524 44.1734733047 44.6338889633 45.6497167891 50.8572324774 51.1905890965 64.3208121037
-9999.0 -9999.0 -9999.0 -9999.0 -9999.0 -9999.0 -9999.0 -9999.0 -9999.0 -9999.0 -9999.0 -9999.0 -9999.0 -9999.0 -9999.0 -9999.0 -9999.0 -9999.0 -9999.0 -9999.0 -9999.0 -9999.0 1.36960128305 2.08652505943 0.797082957679 1.24339556446 10.0841253494 11.3193848299 12.3637182772 6.59364235509 7.48043935374 8.37576267899 9.10328935424 31.5243389089 32.2004025856 21.2441558974 55.6913245836 56.2692088305 77.5964030272 1.12806509118 0.570934119497 0.456602301568 3.17450299738 3.72400639543 0.406545941403 0.387028164883 41.9200984148 42.8371906605 43.2993930516 0.493635387034 0.716018711574 49.792559835 0.569828676168 2.52567226394 2.83535000636
-9999.0 -9999.0 -9999.0 -9999.0 -9999.0 -9999.0 -9999.0 -9999.0 -9999.0 -9999.0 -9999.0 -9999.0 -9999.0 -9999.0 -9999.0 -9999.0 -9999.0 -9999.0 -9999.0 -9999.0 -9999.0 -9999.0 0.686483644285 1.36067969164 5.81074378602 6.63220916471 7.68003347225 4.59979675575 5.69957553374 0.909941837563 20.0301101324 20.899349343 21.7313219621 0.732628807831 19.9474610749 20.6326285177 0.586132562349 74.7075781504 1.19751079908 0.597011551597 1.66840812367 2.24061889264 0.484493080561 0.421401374655 37.5581151722 41.0731838328 41.5891998523 0.52871001374 1.28267537408 1.63449287639 2.062616349 3.82154949514 0.931515877595 2.06323348769 0.43597110156
