data/baseflow/History/mHMbfrc508
ncols                  80
nrows                 72
xllcorner      4374000.0
yllcorner      5656000.0
cellsize            500
NODATA_value       -9999
[rows 24 to 47 of 72, columns 0 to 54 of 80]
-9999.0 -9999.0 -9999.0 -9999.0 -9999.0 -9999.0 -9999.0 -9999.0 -9999.0 -9999.0 -9999.0 -9999.0 1.34581963382 3.83889778956 5.04492635395 8.6823246398 1.1120887135 2.24436088885 3.32059577637 12.5864764403 13.5260024476 14.2701937522 15.1699668416 16.0886757778 24.9774202138 27.7305314077 29.2583007004 0.63053473607 3.78924711901 4.36957564337 56.8051093928 59.401508812 60.5243774828 61.6642454397 62.7284811701 234.47629871 0.413207568326 489.249485246 1.02014136493 0.459811220342 4.45878205377 3.8450513592 0.614383896619 2.17045244163 3.11450706369 3.08571373552 2.12429492193 3.48420670116 5.4984455886 2.04078272986 5.14463715132 0.470325083448 0.655923361072 0.155261538934 0.118185411237
-9999.0 -9999.0 -9999.0 -9999.0 -9999.0 -9999.0 -9999.0 -9999.0 -9999.0 -9999.0 -9999.0 -9999.0 1.2844617991 2.56174280344 1.21556325534 2.43058788741 1.1165273047 8.27038574131 10.4325117412 11.5381701735 1.04320885513 2.01339181185 18.6869694888 23.3298578535 24.151538938 1.82822269182 1.89536794401 2.73825584012 0.530521915696 0.497115052769 0.949022650962 0.453785315087 27.8336317262 28.3813930774 28.8767766044 234.94862991 493.188730717 489.768466249 0.732150780153 0.32120100841 0.290966770334 1.32024209277 1.02627159519 2.68636738094 3.73171901732 7.49749210085 0.670952550178 0.668619090786 6.08407145877 6.6838648334 12.8809072858 13.2344783539 14.0499878042 14.3413951665 0.263447263606
-9999.0 -9999.0 -9999.0 -9999.0 -9999.0 -9999.0 -9999.0 -9999.0 -9999.0 -9999.0 -9999.0 -9999.0 -9999.0 1.23824427809 2.46702695018 3.69785132602 5.98194149633 1.17717238309 1.10224308176 7.23765362967 8.27171494198 16.8324879767 17.8699997307 2.9262680612 1.00274964764 0.926560219758 0.885736649125 24.7416765254 25.3636209583 25.9252112681 26.3974984626 27.3224332119 5.31888548939 5.77871879344 35.2457436867 763.611695792 2.77357563245 2.25643530781 1.09349415451 0.288268526038 0.251424333731 1.88991039677 2.09649265659 3.20562333888 0.265884975879 7.85164771309 1.14313268826 1.12323936549 0.244646600793 0.165223949929 0.137346209698 0.14518296753 0.133620712316 14.47437869 174.578112636
-9999.0 -9999.0 -9999.0 -9999.0 -9999.0 -9999.0 -9999.0 -9999.0 -9999.0 -9999.0 -9999.0 -9999.0 -9999.0 -9999.0 1.19083011469 2.18390660144 3.05415901317 3.93839174046 5.04011101509 6.16382354113 3.29710250816 5.48791879852 1.0380150666 1.00750556101 20.1281939695 22.0891982464 23.0238098535 23.9962501212 0.749571131486 1.36996347334 3.57609530583 4.20606273434 4.7794258584 0.545039667496 0.367569772553 764.815483542 0.501573716206 0.726943653876 0.409151280682 1.18609862515 0.538288391596 0.333394873802 5.57650517203 5.79236247153 0.182044666756 8.04863242585 9.40638105737 1.37642716748 180.825283824 180.409381419 180.075251263 179.419991495 179.140582813 175.389606036 175.174057996
-9999.0 -9999.0 -9999.0 -9999.0 -9999.0 -9999.0 -9999.0 -9999.0 -9999.0 -9999.0 -9999.0 -9999.0 -9999.0 -9999.0 0.218032964625 0.492417393224 0.87026187196 7.74631016002 8.87127601939 1.13357307179 1.11119127158 1.0985047356 16.0615779947 18.1679115832 1.02685025567 1.03887133398 0.900882289418 3.70423027551 4.61275757142 2.29495838895 2.92530071551 20.8051668084 21.5437412502 22.7384792295 36.1865164015 801.264208171 0.505552890536 0.334052862089 1.82620939337 1.50639335137 0.219302160686 0.79140291322 1.01972431547 6.03928751803 6.2445219165 16.1206668837 9.51113161482 1.5173362865 185.02510301 1.77995049501 179.77924366 179.608297583 3.50514876744 0.137613502111 0.412425510858
-9999.0 -9999.0 -9999.0 -9999.0 -9999.0 -9999.0 -9999.0 -9999.0 -9999.0 -9999.0 -9999.0 -9999.0 -9999.0 -9999.0 1.11138437874 1.82458294732 3.84361120948 6.70458520815 9.64480632856 11.768912796 12.8693935885 13.9796528953 15.0581332113 1.03731884337 0.97887739589 1.92564757308 1.84652373394 0.955406460704 17.9352511389 18.8264353484 19.6643194854 20.4564228832 11.7418164081 12.4249629005 13.0586798744 801.491997814 0.823360023337 1.04665645117 3.07664061428 0.298958455616 0.439934623228 0.221468037243 0.213843863981 1.22332457675 0.169648269523 0.180346038524 202.124518626 185.860366992 185.675798709 0.714293001792 1.57458194579 1.02397742255 0.243066540918 3.20450251341 0.890129068703
-9999.0 -9999.0 -9999.0 -9999.0 -9999.0 -9999.0 -9999.0 -9999.0 -9999.0 -9999.0 -9999.0 -9999.0 -9999.0 -9999.0 0.774562171592 0.729516494795 1.43195830869 2.16809229287 1.09329198151 1.1984795643 2.32533297628 3.4447315882 5.58667316045 6.64450417425 7.62416388987 10.5542960619 11.4791354862 12.4603123195 0.899495752473 8.95506830652 9.75345945518 10.4806147003 0.587681723606 0.300381529513 0.546137213558 814.520338967 814.739424742 816.052655 3.89024577324 0.598188502316 0.871141239616 0.265361549157 0.383699656221 1.39811598277 1.719635743 0.328936297667 202.924464509 0.247514878564 0.391465081051 0.441052282818 0.311946233395 0.582302959999 0.238443427544 2.08764190564 1.59366995919
-9999.0 -9999.0 -9999.0 -9999.0 -9999.0 -9999.0 -9999.0 -9999.0 -9999.0 -9999.0 -9999.0 -9999.0 -9999.0 -9999.0 -9999.0 0.69492344686 1.37054709984 0.675540754711 1.4056000553 8.79289645259 9.7905340145 10.8869317137 1.06747568556 1.06833296517 2.04779483363 3.04435040799 4.86399017334 5.79717093424 6.32073260305 7.17491626467 0.764337836926 0.706625474104 11.4316884409 11.7117794612 11.9811149733 12.2444039929 9.8504350967 826.959515189 832.480600057 832.712081706 833.788195036 834.897276601 835.464139714 0.17217721174 1.87368910789 203.090194499 0.40614340547 0.208326580642 0.191892417412 0.173458849613 0.307437472841 0.309344609887 0.177006383225 0.258925898426 0.239562262224
-9999.0 -9999.0 -9999.0 -9999.0 -9999.0 -9999.0 -9999.0 -9999.0 -9999.0 -9999.0 -9999.0 -9999.0 -9999.0 -9999.0 -9999.0 -9999.0 2.03429865503 2.74483816664 4.87822138582 6.58048739021 0.94405441878 12.9965543105 14.0426533208 15.0586719151 1.00428208264 1.98516396082 0.907399806798 6.68043242039 7.15731478149 7.92514846998 8.74121917341 10.7099459535 10.9525115899 0.163589075443 8.85763541912 9.37014288019 9.6047271687 10.6750055498 1.40225789815 0.91196698853 0.580420592225 0.52157055082 836.155520554 836.451559564 839.589008999 203.25712562 1.06737201316 0.51337385329 0.334232769247 0.115688505997 0.963121281113 0.514345049982 0.160151460859 0.861471284904 0.725353254202
-9999.0 -9999.0 -9999.0 -9999.0 -9999.0 -9999.0 -9999.0 -9999.0 -9999.0 -9999.0 -9999.0 -9999.0 -9999.0 -9999.0 -9999.0 -9999.0 0.721989986843 3.4514975602 4.20355085205 0.991617426672 1.12144485535 2.25892735642 3.32508501517 19.4159012878 1.00365778898 4.01798473786 4.95040169846 5.86250420886 0.506496274416 1.21593659195 1.62286151071 7.16531659113 7.97955462617 8.19145010852 0.253428130889 0.263225216384 0.32106238466 0.582910228234 0.256224926479 0.274814146548 0.481253290629 0.3607810172 0.437994211492 1.08526131367 839.868624251 1043.81981927 1.39113973654 0.288891852268 0.129901556947 3.00926201586 2.75655243821 1.6244253232 1.45383788504 1.08550243233 0.250008719334
-9999.0 -9999.0 -9999.0 -9999.0 -9999.0 -9999.0 -9999.0 -9999.0 -9999.0 -9999.0 -9999.0 -9999.0 -9999.0 -9999.0 -9999.0 0.608444668412 1.98627304199 0.654476576875 1.15042478738 1.20581390389 2.33909046207 3.4522490428 4.41888652349 24.5410782002 25.5099383485 0.989710945396 1.9165672239 2.84980407088 3.48527023493 4.22894258066 6.38486522044 6.90824412365 0.52831344338 0.425252893352 0.345563853963 0.313120647689 0.482553545605 0.468647687554 0.464118366766 0.521707428752 1.62248090861 0.666700118476 0.230686210498 0.220661882186 0.243270062235 0.460559017042 1053.13897913 7.72545521068 3.6360600814 0.271520518917 0.120087772068 0.104309933356 0.382652348365 0.272421533481 0.141004965879
-9999.0 -9999.0 -9999.0 -9999.0 -9999.0 -9999.0 -9999.0 -9999.0 -9999.0 -9999.0 -9999.0 -9999.0 -9999.0 -9999.0 0.637072438217 1.23591588002 4.46076824053 0.616294284046 2.07422801215 3.26046467612 4.38852344238 1.14780505718 2.18690590149 3.05597530188 29.2393588433 0.951819488453 1.83862513247 2.7384537269 0.837980045005 1.66260714445 2.16896361036 2.70072418078 57.0474778627 57.9265685851 58.8223295267 62.4152405325 63.5655552318 66.1276504905 1.0726820589 2.21665180508 2.14739634007 74.7219279928 75.1805665759 0.206364202615 0.393756217111 0.573500811626 1053.29187922 7.23034962883 3.24805043159 3.10203126215 2.49287888522 2.21070547686 0.509726865891 0.119228991058 0.238056240951
-9999.0 -9999.0 -9999.0 -9999.0 -9999.0 -9999.0 -9999.0 -9999.0 -9999.0 -9999.0 -9999.0 -9999.0 -9999.0 -9999.0 0.646028256152 1.96336593251 7.07047542704 10.3941303741 0.543802951892 13.6112902205 18.6845472858 1.09146729752 2.11967927784 3.05008169238 37.8978466094 38.6329749826 0.782066205751 4.31027494529 5.06500541002 5.75155284726 51.5488553314 53.0385094729 53.8683739927 0.411000562888 2.41389666736 2.92360500139 1.19686939187 1.73005770924 68.5241728366 71.4940286586 71.9199839122 72.3224416223 75.6753084503 0.241969500996 0.214957924916 0.963455446175 1053.48360764 0.196353314352 0.16550580445 0.486334626098 0.171946347754 1.99807302883 1.64500682348 0.967774681958 0.70216001735
-9999.0 -9999.0 -9999.0 -9999.0 -9999.0 -9999.0 -9999.0 -9999.0 -9999.0 -9999.0 -9999.0 -9999.0 -9999.0 -9999.0 -9999.0 -9999.0 1.36574323054 2.73712872139 12.2927339796 12.9805066409 19.2858673316 19.9730224673 1.07415704389 2.14657784469 5.03315126759 39.2202606162 40.7395614278 41.3776610965 0.529640367977 43.7201302159 45.2443456914 0.946298732138 0.399575248807 0.789501125231 1.525196752 0.364925042434 0.7338627374 1.62305809568 2.0340494422 0.379435872556 0.264840281066 0.527904003614 77.6449207245 78.394139431 78.5819461008 80.0229956323 1053.65837649 0.132726267273 0.114883629244 0.134908600616 0.121569162362 0.12517040835 0.0993432521044 0.183620651711 0.0904416177001
-9999.0 -9999.0 -9999.0 -9999.0 -9999.0 -9999.0 -9999.0 -9999.0 -9999.0 -9999.0 -9999.0 -9999.0 -9999.0 -9999.0 -9999.0 -9999.0 0.708680803551 0.691008709976 0.680623457119 1.37816927689 0.600415881407 21.1688551634 21.7988891424 0.974352484611 1.96769572425 0.927865671438 0.754226976199 0.73242278875 42.690232707 0.497115134364 0.99852767545 0.511892076194 0.430757010329 0.372153279034 0.297006320826 0.307830134999 0.938525348531 1.28202680674 0.254368158598 0.223714837 0.480186774154 0.790220605135 1.03011790751 0.342430240077 78.8547923502 80.2173657759 1053.78267085 0.574494753716 0.305689105542 0.0772471775327 0.177099401579 0.0572165255734 0.039092166618 0.227598011561 0.483381780166
-9999.0 -9999.0 -9999.0 -9999.0 -9999.0 -9999.0 -9999.0 -9999.0 -9999.0 -9999.0 -9999.0 -9999.0 -9999.0 -9999.0 -9999.0 -9999.0 -9999.0 -9999.0 0.683493958178 1.99835066779 2.54139480972 3.12267543621 22.3764145527 22.9681836816 23.5765308554 24.3369446851 25.053307359 26.5234540754 27.0127677216 27.4802288449 27.9043505431 0.391582465958 0.370312831027 0.377500890347 1.30421826875 0.338895714737 0.323971868264 0.262571415641 0.762966044156 0.288436051047 0.229897265055 0.21479333029 0.182780152526 0.364876950238 0.532149603539 81.320202671 1135.82044896 0.130693610579 0.270758801856 0.0616705444592 0.241344220825 0.135124986399 0.0787006567915 1.1191369415 0.818771281205
-9999.0 -9999.0 -9999.0 -9999.0 -9999.0 -9999.0 -9999.0 -9999.0 -9999.0 -9999.0 -9999.0 -9999.0 -9999.0 -9999.0 -9999.0 -9999.0 -9999.0 -9999.0 -9999.0 0.55626611222 4.48762763175 8.83337768682 9.44366906146 0.928945766086 1.90805591339 2.90275139893 3.7456512997 9.19879294533 9.61782322877 0.403788408859 0.397616622016 28.8106256434 29.5707990993 29.9075984844 1.56174692789 0.227131909205 0.561811846598 0.825249474224 2.47922939178 3.02789997925 3.47055512157 0.409455935085 0.576008163834 0.194571724079 0.386397196483 0.198354064053 1136.19098372 0.115174837004 0.497202586949 0.197228954547 0.543636930604 1.32550563826 1.46895225004 2.65551589737 0.993092925976
-9999.0 -9999.0 -9999.0 -9999.0 -9999.0 -9999.0 -9999.0 -9999.0 -9999.0 -9999.0 -9999.0 -9999.0 -9999.0 -9999.0 -9999.0 -9999.0 -9999.0 -9999.0 0.629379946068 2.01410180811 3.93959297258 5.14053699663 13.1411228314 13.9103969007 2.04787314594 3.04785145373 3.92655723511 4.75944517697 10.0767523881 10.9134234351 19.4712104494 20.1273284198 20.5924236977 30.2313024929 32.6059060486 0.542682857503 0.354624821747 0.338353682086 0.650128294668 0.295841457963 4.03643853136 4.24878025928 0.769839270411 1.01688960716 0.317426608153 213.320485026 213.78378746 1350.21450935 1350.87484045 0.125947909762 0.80706406727 0.28756412228 0.248492128552 3.14747711489 4.27444391011
-9999.0 -9999.0 -9999.0 -9999.0 -9999.0 -9999.0 -9999.0 -9999.0 -9999.0 -9999.0 -9999.0 -9999.0 -9999.0 -9999.0 -9999.0 -9999.0 -9999.0 -9999.0 -9999.0 0.72294518153 0.70519926107 1.32435852162 3.13550290258 14.5084343071 1.04333846894 1.03362738114 1.90396828257 2.78348925964 6.78173961547 7.37835968491 0.415481660172 0.427058083108 21.0499978169 21.3798923994 54.3519701782 54.7050063937 0.203464470459 0.181697153166 0.157628796696 0.159021814955 0.173643896414 209.234324131 210.505300602 211.731839489 212.267426844 213.070948164 0.224334676939 0.836631226981 1.04182304578 1352.27337341 1352.36345952 1352.44864703 1352.64574274 1352.83096383 4.597943589
-9999.0 -9999.0 -9999.0 -9999.0 -9999.0 -9999.0 -9999.0 -9999.0 -9999.0 -9999.0 -9999.0 -9999.0 -9999.0 -9999.0 -9999.0 -9999.0 -9999.0 -9999.0 -9999.0 -9999.0 0.639681146512 0.673279374581 1.24440004713 16.9378965802 17.5942758458 1.0202359341 1.88658622924 2.78003356431 3.45710695094 0.601627656252 1.16002491419 42.4557235617 42.817107833 43.2061105691 45.9563563515 100.996549451 201.04776382 201.525740271 201.966725001 202.391377106 204.198314827 204.77443179 1.08182644318 0.490130985612 0.285449622016 0.540718799852 0.417348191759 0.655955256376 0.206561231049 4.72411594958 5.27486066031 5.66522873763 5.77176316331 1352.93738148 1357.79826007
-9999.0 -9999.0 -9999.0 -9999.0 -9999.0 -9999.0 -9999.0 -9999.0 -9999.0 -9999.0 -9999.0 -9999.0 -9999.0 -9999.0 -9999.0 -9999.0 -9999.0 -9999.0 -9999.0 -9999.0 -9999.0 0.651751867994 1.24799516627 1.84889722755 18.1068405275 0.75358662038 25.1485893364 26.0660781257 26.684978499 27.2818142968 40.1634736683 40.7497494413 0.378239643712 2.00118410023 2.44793748688 0.380712352971 99.5762398388 98.8823719977 0.233713520237 0.524858411346 1.41523290155 0.311111672244 0.327586411894 0.249973709579 0.217752911767 0.174588051164 0.200445427424 4.05678116251 4.26404148963 4.5085715216 0.376648511288 0.264479532651 5.92013276956 6.05512390591 6.13755749778
-9999.0 -9999.0 -9999.0 -9999.0 -9999.0 -9999.0 -9999.0 -9999.0 -9999.0 -9999.0 -9999.0 -9999.0 -9999.0 -9999.0 -9999.0 -9999.0 -9999.0 -9999.0 -9999.0 -9999.0 -9999.0 0.588709655428 0.551688967057 2.86807388697 22.1750854837 23.5358572427 24.2890361322 0.877979510778 11.5130632284 12.0868418508 12.3395655131 0.538285649588 0.977259284333 1.34662249644 23.0517567567 23.3491171992 23.6132325274 98.3899044047 59.6603445535 0.285440874028 0.301856060018 0.29135464538 0.239190295209 2.45365068511 2.93973079288 3.3717926401 3.61063460956 3.84154733293 26.415831302 26.5984277038 26.8395180522 27.3423691602 29.7136267776 29.8180558976 36.0663845132
-9999.0 -9999.0 -9999.0 -9999.0 -9999.0 -9999.0 -9999.0 -9999.0 -9999.0 -9999.0 -9999.0 -9999.0 -9999.0 -9999.0 -9999.0 -9999.0 -9999.0 -9999.0 -9999.0 -9999.0 -9999.0 -9999.0 1.15150398296 1.76500295449 0.657339643748 1.0373045556 8.41844716035 9.32022189891 9.97520557439 4.7263698841 5.2409663936 5.78751009519 6.20425026044 22.3951178003 22.7903869957 14.2272209627 38.1666338787 38.4718433286 59.4237160095 0.610836119475 0.311221946473 0.230441978076 1.691901183 1.98442265486 0.18815499827 0.175865195753 25.6118936135 26.039408331 26.250494485 0.222347814398 0.345404899227 29.2568055032 0.23016355345 0.824370483956 0.912771310934
-9999.0 -9999.0 -9999.0 -9999.0 -9999.0 -9999.0 -9999.0 -9999.0 -9999.0 -9999.0 -9999.0 -9999.0 -9999.0 -9999.0 -9999.0 -9999.0 -9999.0 -9999.0 -9999.0 -9999.0 -9999.0 -9999.0 0.578624472128 1.14414931494 4.8898147348 5.58189324493 6.4487846401 3.51108643868 4.218967163 0.524097175846 14.8701751136 15.348925156 15.8099177193 0.410543360968 13.488060643 13.8958850163 0.317596455419 57.8503126923 0.67232651662 0.334061884257 0.906491892706 1.21864140549 0.247713969534 0.207496689193 23.4359435195 25.2183871906 25.4681563251 0.25500414541 0.581732536918 0.733462933649 0.914579749326 1.73620879846 0.301483854263 0.677385346576 0.133617786293
