data/baseflow/History/mHMbfrc419
ncols                  80
nrows                 72
xllcorner      4374000.0
yllcorner      5656000.0
cellsize            500
NODATA_value       -9999
[rows 0 to 23 of 72, columns 0 to 53 of 80]
-9999.0 -9999.0 -9999.0 -9999.0 -9999.0 -9999.0 -9999.0 -9999.0 -9999.0 -9999.0 -9999.0 -9999.0 0.692254327333 0.671915988123 -9999.0 -9999.0 -9999.0 -9999.0 -9999.0 -9999.0 -9999.0 -9999.0 -9999.0 -9999.0 -9999.0 -9999.0 -9999.0 -9999.0 -9999.0 -9999.0 -9999.0 -9999.0 -9999.0 -9999.0 -9999.0 -9999.0 -9999.0 -9999.0 -9999.0 -9999.0 -9999.0 -9999.0 -9999.0 -9999.0 -9999.0 -9999.0 -9999.0 -9999.0 -9999.0 -9999.0 -9999.0 -9999.0 -9999.0 -9999.0
-9999.0 -9999.0 -9999.0 -9999.0 -9999.0 -9999.0 -9999.0 -9999.0 -9999.0 -9999.0 -9999.0 -9999.0 1.42374332275 3.2413519046 0.546932028933 -9999.0 0.566733662874 -9999.0 -9999.0 -9999.0 -9999.0 -9999.0 -9999.0 -9999.0 -9999.0 -9999.0 -9999.0 -9999.0 -9999.0 -9999.0 -9999.0 -9999.0 -9999.0 -9999.0 -9999.0 -9999.0 -9999.0 -9999.0 -9999.0 -9999.0 -9999.0 -9999.0 -9999.0 -9999.0 -9999.0 -9999.0 -9999.0 -9999.0 -9999.0 -9999.0 -9999.0 -9999.0 -9999.0 -9999.0
-9999.0 -9999.0 -9999.0 -9999.0 -9999.0 -9999.0 -9999.0 -9999.0 -9999.0 -9999.0 0.675426167627 0.637558749456 0.676328622844 0.676142025971 4.45690972329 4.93614840769 1.56353831086 0.504494139833 -9999.0 -9999.0 -9999.0 -9999.0 -9999.0 -9999.0 -9999.0 -9999.0 -9999.0 -9999.0 -9999.0 -9999.0 -9999.0 -9999.0 -9999.0 -9999.0 -9999.0 -9999.0 -9999.0 -9999.0 -9999.0 -9999.0 -9999.0 -9999.0 -9999.0 -9999.0 -9999.0 -9999.0 -9999.0 -9999.0 -9999.0 -9999.0 -9999.0 -9999.0 -9999.0 -9999.0
-9999.0 -9999.0 -9999.0 -9999.0 -9999.0 -9999.0 -9999.0 -9999.0 -9999.0 0.641616624022 1.31277321145 2.61042562376 1.2881594134 0.620096675838 1.20238603353 5.47811529376 8.04800388317 0.518194946148 -9999.0 0.603989176953 -9999.0 -9999.0 -9999.0 -9999.0 1.05333065871 0.549884186579 -9999.0 -9999.0 -9999.0 -9999.0 -9999.0 -9999.0 -9999.0 -9999.0 -9999.0 -9999.0 -9999.0 -9999.0 -9999.0 -9999.0 -9999.0 -9999.0 -9999.0 -9999.0 -9999.0 -9999.0 -9999.0 -9999.0 -9999.0 -9999.0 -9999.0 -9999.0 -9999.0 -9999.0
-9999.0 -9999.0 -9999.0 -9999.0 -9999.0 -9999.0 -9999.0 -9999.0 0.798214000574 2.15828239175 2.77252542176 3.39291949923 4.49616481906 0.568272726677 2.30193999857 2.82747025491 11.7465822874 0.422601721193 0.423119683639 1.10654716436 1.58189576316 0.503233108654 -9999.0 2.54797160611 2.0924482995 0.525657354373 -9999.0 -9999.0 -9999.0 -9999.0 -9999.0 -9999.0 -9999.0 -9999.0 -9999.0 -9999.0 -9999.0 -9999.0 -9999.0 -9999.0 -9999.0 -9999.0 -9999.0 -9999.0 -9999.0 -9999.0 -9999.0 -9999.0 -9999.0 -9999.0 -9999.0 -9999.0 -9999.0 -9999.0
-9999.0 -9999.0 -9999.0 -9999.0 -9999.0 -9999.0 0.768564126698 0.671360918338 0.646192728256 0.666435995124 0.674377422728 4.76394811693 9.89612479491 10.5127517778 11.0287847149 0.529025199159 12.7276514788 13.178927219 0.918141313215 0.499823643445 2.04647843977 3.51769406933 0.440194329158 3.87003779541 0.453454788108 0.437700053022 0.458471538842 -9999.0 -9999.0 -9999.0 -9999.0 -9999.0 -9999.0 -9999.0 -9999.0 -9999.0 -9999.0 -9999.0 -9999.0 -9999.0 -9999.0 -9999.0 -9999.0 -9999.0 -9999.0 -9999.0 -9999.0 -9999.0 -9999.0 -9999.0 -9999.0 -9999.0 -9999.0 -9999.0
-9999.0 -9999.0 -9999.0 -9999.0 -9999.0 -9999.0 1.56358686189 2.29234760712 5.11488969267 7.03005692971 0.568080495152 0.609719031303 0.564724209 1.62372003917 13.1219285404 0.449429560811 13.6178439743 15.4203098307 1.35554441028 0.922806284268 3.94470538706 0.47621492032 4.32565542622 0.836779763384 0.405557386016 0.823392751035 0.919336174834 0.501893274194 0.51535773746 0.494571946942 0.531243608828 1.05964703141 -9999.0 -9999.0 -9999.0 -9999.0 -9999.0 -9999.0 -9999.0 -9999.0 -9999.0 -9999.0 -9999.0 -9999.0 -9999.0 -9999.0 -9999.0 -9999.0 -9999.0 -9999.0 -9999.0 -9999.0 -9999.0 -9999.0
-9999.0 -9999.0 -9999.0 -9999.0 -9999.0 0.900650358835 1.71724834433 0.812836451936 1.53779124915 7.78058332279 9.03938707278 10.290459951 34.8540203591 0.538824092333 13.6320223683 53.0936979662 53.513101243 69.6968410203 0.43946518286 1.34603716689 4.37375939809 0.423139994308 9.1097293638 4.34451746847 2.6031277535 2.17970752456 0.445855462567 1.47453960997 1.48793065717 0.98785602998 0.461932823596 1.53910948315 0.440712426722 0.429188348578 -9999.0 -9999.0 -9999.0 -9999.0 -9999.0 -9999.0 -9999.0 -9999.0 -9999.0 -9999.0 -9999.0 -9999.0 -9999.0 -9999.0 -9999.0 -9999.0 -9999.0 -9999.0 -9999.0 -9999.0
-9999.0 -9999.0 -9999.0 -9999.0 -9999.0 0.912058303936 2.63380013882 5.20451625474 5.97194720434 11.8068712265 12.4993631044 14.7117947596 24.0382423007 36.7908611757 37.9824413052 38.5311643084 0.93303327148 71.4426347132 72.3529986835 74.6508421111 89.8596320481 10.4259667448 9.57646174403 3.05873087837 0.436177587581 2.69564873152 1.86219407047 0.368607413133 1.91252064817 0.426559318237 0.870961031973 2.39198366278 2.81964031787 0.845669903981 0.397644425133 0.395301935498 -9999.0 -9999.0 -9999.0 -9999.0 0.453336237984 0.431906508633 -9999.0 -9999.0 -9999.0 -9999.0 -9999.0 -9999.0 -9999.0 -9999.0 -9999.0 -9999.0 -9999.0 -9999.0
-9999.0 -9999.0 -9999.0 -9999.0 -9999.0 0.872741109974 0.821047905799 3.48539951247 4.27735991227 5.1017835085 0.758062886915 1.49224971908 8.74637086005 1.48764450471 0.662045308614 0.564878546686 0.474727903668 0.550097137956 0.49896964363 0.529647833201 90.3073266158 91.5838146694 0.413273902772 1.2703718854 0.86718437734 3.08920970678 0.748451905101 0.347214535111 2.33820550991 0.845425049698 2.10652730623 4.8948621132 4.48045350564 1.2386759798 1.15706907094 0.415095251989 0.403685363491 -9999.0 -9999.0 0.402393608548 0.884618381171 2.21709409271 0.452760299658 -9999.0 -9999.0 -9999.0 -9999.0 -9999.0 -9999.0 -9999.0 -9999.0 -9999.0 -9999.0 -9999.0
-9999.0 -9999.0 -9999.0 -9999.0 -9999.0 -9999.0 0.923799542716 0.934264243196 1.73028880569 2.55768898557 5.77402299167 7.32983798458 8.09994040358 0.777833569021 0.55971121117 8.01238965495 9.67358119737 10.1713466752 12.3227893097 12.7865722524 0.450225859693 92.0388734405 94.1697112262 1.70055320688 0.398602735214 3.46775407164 7.54560833222 3.01504868465 0.726902396639 0.375703981891 7.74520208486 5.27986974402 0.342890319875 0.339877123016 1.50086646743 1.20302934419 0.358039580758 0.315772319073 0.390782321783 0.782490404449 0.367352742908 2.68356963619 3.00167911136 0.272692233879 -9999.0 -9999.0 -9999.0 -9999.0 0.318402860261 0.293065171227 0.184377044508 -9999.0 -9999.0 -9999.0
-9999.0 -9999.0 -9999.0 -9999.0 -9999.0 -9999.0 -9999.0 0.881875589318 0.791676268519 1.65770492217 2.48544393766 0.781782412213 0.653128125989 4.34972748232 5.61023829106 6.92360057496 0.587534763365 1.15108768358 0.55639088289 13.2815178802 29.4996403467 29.9386702918 124.930668955 0.418613107604 1.12562837718 0.353410849815 7.87040382952 0.361111990713 1.10759906241 0.360974937101 8.09132731016 8.44158927712 0.692223760127 0.687647568203 3.8409485963 1.95018615009 0.672214519364 0.357630017565 0.776776693907 1.16257254364 1.86088349406 0.308052982471 3.50297304 3.71517850101 0.185323440214 0.207272329981 0.213998773241 0.185237240996 0.172506674518 0.824959770347 0.441772459141 0.267161965579 -9999.0 -9999.0
-9999.0 -9999.0 -9999.0 -9999.0 -9999.0 -9999.0 -9999.0 -9999.0 1.64680037367 2.38606755135 0.783165144614 1.61049814534 2.33485996687 3.75630721457 0.712776065305 0.679336716684 0.551153702332 0.555816272031 0.476713243701 15.2194306009 0.569505411556 1.09545263122 126.454576183 127.107306341 0.202946393371 1.54254139214 9.69090181485 0.718894568288 1.41746257816 0.636952411529 0.924727613588 9.72438956872 0.993150613813 5.46767525073 4.49766610087 0.340965534254 1.74493815607 0.720704674484 1.12227548872 0.336007909393 2.14692683096 2.68458628408 2.86436528953 3.03109213964 4.41044624339 0.354673383528 0.373490337393 0.328646675846 0.30240615233 0.992420425319 0.194358233488 0.914154562673 1.10359512282 -9999.0
-9999.0 -9999.0 -9999.0 -9999.0 -9999.0 -9999.0 -9999.0 -9999.0 0.872589283993 4.11117581414 4.86443816497 0.751598565095 1.44945702187 0.694983257856 0.611760107503 0.601156292684 7.7551380638 10.2008806684 12.4218506823 14.7284841697 0.513042196049 0.543817154381 0.369523353965 129.145053436 129.897824028 130.099238696 12.681035649 2.75672561835 2.43919365933 0.26469444299 1.19544384368 11.2007729187 0.274571956824 5.74527431356 0.336111241795 2.38551403588 2.11644423059 0.355297253761 1.46745770808 0.677569107059 1.00646799154 0.233260982873 0.162319449179 3.19486121084 3.34025555685 4.55545620585 0.531320424813 0.476166404487 0.442971929676 1.20325742526 1.59867119456 0.197487411156 1.30918379266 0.236493468555
-9999.0 -9999.0 -9999.0 -9999.0 -9999.0 -9999.0 -9999.0 -9999.0 -9999.0 0.911463227939 5.68759979543 6.42489984255 2.15936793663 3.55125419741 4.79333540638 5.42905741553 0.653139769144 1.90019877948 1.25340388976 0.672224697479 0.618267865097 0.537253328079 0.99393918717 1.54557149017 0.376868032505 143.418104171 143.621024331 0.186905825817 0.179257229908 0.569420206775 0.847484204133 12.0085713309 0.536170978437 5.97503350223 3.64631516333 3.03709611528 0.330362019783 0.674469154159 1.77132559424 0.304155865299 1.29631853625 0.499020438103 0.274407709689 0.136642922093 3.75920759787 8.43033011173 0.634619936707 0.582301948714 0.591936050491 0.160493338658 1.75637909348 0.152832812102 1.67966705336 0.207113179523
-9999.0 -9999.0 -9999.0 -9999.0 -9999.0 -9999.0 -9999.0 -9999.0 -9999.0 -9999.0 0.74453904032 7.91788102982 0.70012081151 1.38485864469 1.98372039819 3.13121822145 0.57780084704 1.22255348713 0.586209431245 0.52775570296 0.485431247434 0.950818831575 0.404024672593 0.359266816526 0.610997948594 0.321877468294 143.875764571 144.267240548 144.865159324 1.05002795801 0.300607823234 0.599716627767 12.3174976166 11.0106546832 4.27615980286 0.312314886751 1.31843110244 0.993612685593 2.07605347778 0.606750405404 2.37292981538 0.778077966453 0.473797900492 0.138718785432 0.151487598807 8.5990796242 8.73947369116 10.0712568568 1.10451304808 0.335850756041 1.92955723221 2.251622116 4.08546222349 0.397764283888
-9999.0 -9999.0 -9999.0 -9999.0 -9999.0 -9999.0 -9999.0 -9999.0 -9999.0 -9999.0 -9999.0 0.521902254485 8.99695222263 0.649220367919 1.24379085405 5.51131970457 0.567685475928 0.556535163705 0.473368242763 1.0472077958 0.532192181697 1.99506278182 2.80025459662 3.15376379827 0.875717824667 1.04719527159 0.194208651168 0.269792844766 0.272535527018 146.472327973 147.249234801 12.5541824117 11.5131767886 11.2634211218 0.503926056256 0.242026736606 1.60354675978 4.25061123421 2.36267712026 0.88909841486 3.52278995462 1.22929487917 0.985266490594 0.294293147529 0.115987083226 0.0894390250515 0.0960210938361 10.639061566 12.2230357554 0.168663194014 0.146703656454 0.169148913122 4.26007171962 4.83078812003
-9999.0 -9999.0 -9999.0 -9999.0 -9999.0 -9999.0 -9999.0 -9999.0 -9999.0 -9999.0 -9999.0 0.482447521416 10.0861176821 12.240184803 0.604362395685 6.69443893146 0.510346454661 0.487026070235 0.999526064032 2.58754212091 0.5117381683 0.546943198651 0.409622593358 3.94022901445 4.30686630573 5.74952830842 6.20153760259 6.43127348056 6.61225721709 6.88676031298 154.353288778 167.262289976 179.08506972 179.226819451 0.154535626997 0.239417014382 4.82345663282 4.53891143664 0.281647160046 0.279619133836 3.79555948916 5.28973381607 0.215264184214 2.76191966184 2.55362581142 0.662413255999 0.257788412381 0.441841560285 0.177735225699 12.4899198521 0.13364555333 0.440179573609 0.539561316012 5.79683202135
-9999.0 -9999.0 -9999.0 -9999.0 -9999.0 -9999.0 -9999.0 -9999.0 -9999.0 -9999.0 -9999.0 0.81974167251 1.53948731761 12.9325316533 14.0723000617 0.563384619766 7.67446985766 0.433521335084 1.36070091768 3.05620695868 0.987608997015 0.472784449674 0.921238794529 0.332312127102 0.654750061235 0.34782860609 0.317337957175 0.298908762408 0.273624498587 0.207417929025 0.150033520172 0.170468610551 0.19193772494 0.219848188964 179.755236606 5.38123290758 5.04462754211 0.106677052519 0.781201253872 0.249319934635 0.259467548157 5.52899996478 9.02133692557 3.03010481642 2.27188181471 0.437872852954 0.157039940483 0.137453317292 0.270108405159 12.8989221586 13.1460093714 0.131190450748 0.133968642459 0.131801810124
-9999.0 -9999.0 -9999.0 -9999.0 -9999.0 -9999.0 -9999.0 -9999.0 -9999.0 -9999.0 -9999.0 -9999.0 0.648119101426 9.56179791489 24.2629640435 26.1795059752 34.3382397352 34.7949358052 6.80186407397 5.01963186218 1.4698830903 0.463828941891 1.815290069 2.21818784438 3.23024582581 0.716632504231 0.644922211181 0.634171958418 1.22179845178 0.514839598701 0.440675012469 0.280919982751 0.219099774279 0.137930241502 179.920490638 185.493772331 185.627367769 0.101740471611 2.03806333637 1.04191248625 0.271659792691 9.84820351719 0.592781861016 0.309649339332 1.34902008626 0.28576744216 0.169476838058 0.308232372866 0.42409777254 0.555728508903 13.3476433744 0.0942863447612 0.0796399526925 0.0798385034507
-9999.0 -9999.0 -9999.0 -9999.0 -9999.0 -9999.0 -9999.0 -9999.0 -9999.0 -9999.0 -9999.0 0.759252062734 7.34720091136 8.87459462425 1.34654069415 0.531254996845 1.07574162059 36.3855438294 36.7958551219 44.0536721023 0.41752737302 0.876033018531 0.36698064196 0.373137817264 3.58235453599 4.64971774964 5.60245926948 0.302694420734 1.51439566229 2.31586566645 1.25704235003 0.551961025498 0.453642784836 0.372205779606 0.335925974448 0.0956816494418 185.725353484 185.795637674 187.969070285 0.414039927879 0.228977680266 10.0982089185 0.662254884488 0.338319994133 0.376101879044 0.372876020671 0.307476320852 0.498148729844 1.37345669068 2.07169935397 15.5177052434 0.0693501825827 0.20677415468 0.140006805174
-9999.0 -9999.0 -9999.0 -9999.0 -9999.0 -9999.0 -9999.0 -9999.0 -9999.0 -9999.0 -9999.0 0.781556150371 5.20913929214 0.790284530066 0.644642120085 3.70673492973 4.26272411756 4.80857124424 5.291217083 60.3755974846 60.8341688099 61.6738290668 68.3751930782 69.4902308674 70.096042734 70.4524897094 76.8786069666 77.7803516103 78.0877856294 80.7451102836 82.3165545009 82.5845315853 83.575030684 0.621184705637 0.562742495321 0.0981759064613 0.0544072867867 185.873317447 188.570231138 0.539437348759 11.782239402 11.5779168114 1.20477478228 0.283014971556 0.284641592641 0.271541729258 0.268652962405 0.536755173265 0.73381547574 0.17434873245 15.6095154524 15.7086451663 16.1368410078 16.213832029
-9999.0 -9999.0 -9999.0 -9999.0 -9999.0 -9999.0 -9999.0 -9999.0 -9999.0 -9999.0 -9999.0 2.72740569228 3.59403909927 1.6305008032 2.37988685612 0.737085681505 8.28405533677 8.8686385193 10.0162483242 10.5473462472 3.76858568317 66.2723000287 66.7561553343 0.355417805664 0.245048996526 0.2484815089 0.510614920707 0.272137725818 0.237070868153 0.239622284649 0.225660459095 82.8794405392 83.8553231082 84.7355175455 85.5105674575 85.7764107761 0.0989551472083 0.0286179908038 200.711868384 12.0845945721 12.0027465263 0.245639891737 0.205480252223 0.181564838837 0.474585814737 0.459924386477 0.216420532039 0.218296385833 0.19557248153 0.367407578763 0.462354162773 0.0665311933653 0.120727093791 0.0452808677008
-9999.0 -9999.0 -9999.0 -9999.0 -9999.0 -9999.0 -9999.0 -9999.0 -9999.0 -9999.0 -9999.0 -9999.0 1.8468143969 0.8504139318 0.750781679382 7.10900706376 7.71772220088 0.613997069979 2.33038335575 2.87085202183 3.3366644893 0.532238768306 0.3071540812 9.77849393204 10.0120781552 10.2413561433 25.7719565804 25.9651224042 26.3775480305 28.1198409365 29.2667190524 29.450043375 0.230951092177 0.241879030612 0.195096681408 85.905402286 0.0457530815008 202.46075761 202.37447525 1.61361972181 1.50702521232 0.906243350854 0.227640675716 0.360759472582 0.658911326419 0.644780209954 0.415499700931 0.20845336029 0.400046055886 0.399034390714 0.635162151541 0.147975587015 0.239449584178 0.370708818914
