data/baseflow/History/mHMbfrc443
ncols                  80
nrows                 72
xllcorner      4374000.0
yllcorner      5656000.0
cellsize            500
NODATA_value       -9999
[rows 0 to 23 of 72, columns 0 to 53 of 80]
-9999.0 -9999.0 -9999.0 -9999.0 -9999.0 -9999.0 -9999.0 -9999.0 -9999.0 -9999.0 -9999.0 -9999.0 0.4867408224 0.50190999856 -9999.0 -9999.0 -9999.0 -9999.0 -9999.0 -9999.0 -9999.0 -9999.0 -9999.0 -9999.0 -9999.0 -9999.0 -9999.0 -9999.0 -9999.0 -9999.0 -9999.0 -9999.0 -9999.0 -9999.0 -9999.0 -9999.0 -9999.0 -9999.0 -9999.0 -9999.0 -9999.0 -9999.0 -9999.0 -9999.0 -9999.0 -9999.0 -9999.0 -9999.0 -9999.0 -9999.0 -9999.0 -9999.0 -9999.0 -9999.0
-9999.0 -9999.0 -9999.0 -9999.0 -9999.0 -9999.0 -9999.0 -9999.0 -9999.0 -9999.0 -9999.0 -9999.0 1.03175554216 2.3706050782 0.405886598623 -9999.0 0.434431125154 -9999.0 -9999.0 -9999.0 -9999.0 -9999.0 -9999.0 -9999.0 -9999.0 -9999.0 -9999.0 -9999.0 -9999.0 -9999.0 -9999.0 -9999.0 -9999.0 -9999.0 -9999.0 -9999.0 -9999.0 -9999.0 -9999.0 -9999.0 -9999.0 -9999.0 -9999.0 -9999.0 -9999.0 -9999.0 -9999.0 -9999.0 -9999.0 -9999.0 -9999.0 -9999.0 -9999.0 -9999.0
-9999.0 -9999.0 -9999.0 -9999.0 -9999.0 -9999.0 -9999.0 -9999.0 -9999.0 -9999.0 0.493789626785 0.446677036839 0.496978009006 0.497816194696 3.25906997567 3.62167474753 1.2083443749 0.397228648003 -9999.0 -9999.0 -9999.0 -9999.0 -9999.0 -9999.0 -9999.0 -9999.0 -9999.0 -9999.0 -9999.0 -9999.0 -9999.0 -9999.0 -9999.0 -9999.0 -9999.0 -9999.0 -9999.0 -9999.0 -9999.0 -9999.0 -9999.0 -9999.0 -9999.0 -9999.0 -9999.0 -9999.0 -9999.0 -9999.0 -9999.0 -9999.0 -9999.0 -9999.0 -9999.0 -9999.0
-9999.0 -9999.0 -9999.0 -9999.0 -9999.0 -9999.0 -9999.0 -9999.0 -9999.0 0.436432840572 0.946553198737 1.87432664608 0.935823016489 0.445738390431 0.889528981751 4.02486676306 5.9938845822 0.385130134769 -9999.0 0.483425526088 -9999.0 -9999.0 -9999.0 -9999.0 0.833997415866 0.441827476458 -9999.0 -9999.0 -9999.0 -9999.0 -9999.0 -9999.0 -9999.0 -9999.0 -9999.0 -9999.0 -9999.0 -9999.0 -9999.0 -9999.0 -9999.0 -9999.0 -9999.0 -9999.0 -9999.0 -9999.0 -9999.0 -9999.0 -9999.0 -9999.0 -9999.0 -9999.0 -9999.0 -9999.0
-9999.0 -9999.0 -9999.0 -9999.0 -9999.0 -9999.0 -9999.0 -9999.0 0.571811875379 1.50886322224 1.93784857707 2.3796614681 3.25739990733 0.421147477728 1.71824638189 2.11868121431 8.76204534551 0.301341113536 0.315722687159 0.878147964729 1.25908752425 0.407658815847 -9999.0 1.98125153389 1.63691559955 0.404810603641 -9999.0 -9999.0 -9999.0 -9999.0 -9999.0 -9999.0 -9999.0 -9999.0 -9999.0 -9999.0 -9999.0 -9999.0 -9999.0 -9999.0 -9999.0 -9999.0 -9999.0 -9999.0 -9999.0 -9999.0 -9999.0 -9999.0 -9999.0 -9999.0 -9999.0 -9999.0 -9999.0 -9999.0
-9999.0 -9999.0 -9999.0 -9999.0 -9999.0 -9999.0 0.545215661094 0.458374321624 0.437698736905 0.45522972866 0.482128151717 3.3705397562 7.10962320616 7.57381164959 7.97310729893 0.415061787329 9.53192339984 9.8825559743 0.743013387175 0.393554463399 1.62983691313 2.82401600404 0.373950654175 3.04370667071 0.349888200109 0.335155308398 0.359523088946 -9999.0 -9999.0 -9999.0 -9999.0 -9999.0 -9999.0 -9999.0 -9999.0 -9999.0 -9999.0 -9999.0 -9999.0 -9999.0 -9999.0 -9999.0 -9999.0 -9999.0 -9999.0 -9999.0 -9999.0 -9999.0 -9999.0 -9999.0 -9999.0 -9999.0 -9999.0 -9999.0
-9999.0 -9999.0 -9999.0 -9999.0 -9999.0 -9999.0 1.11350129199 1.62030839105 3.60551331433 4.90604674777 0.394716245835 0.444360916976 0.424322318842 1.21453174913 9.53552569961 0.344421276871 10.2284866189 11.9372666456 1.29014047363 0.731699224341 3.16803429392 0.38978058847 3.41248146622 0.678503557418 0.322706591787 0.626333286489 0.714017965831 0.388024231419 0.425928064893 0.404517938561 0.45336682755 0.903316644178 -9999.0 -9999.0 -9999.0 -9999.0 -9999.0 -9999.0 -9999.0 -9999.0 -9999.0 -9999.0 -9999.0 -9999.0 -9999.0 -9999.0 -9999.0 -9999.0 -9999.0 -9999.0 -9999.0 -9999.0 -9999.0 -9999.0
-9999.0 -9999.0 -9999.0 -9999.0 -9999.0 0.653169640069 1.24717908792 0.590584034885 1.10986154837 5.44490184657 6.34216748013 7.24664415632 25.4838423999 0.419419690752 9.92019990559 39.1155080625 39.4795987856 52.1458989354 0.467496466705 1.07198481365 3.51395803474 0.34056119343 7.23616077976 3.47004842501 2.05881413991 1.70705793731 0.35108287925 1.15090284595 1.21885536083 0.808151133296 0.380523626467 1.30182008721 0.3666045366 0.354541949945 -9999.0 -9999.0 -9999.0 -9999.0 -9999.0 -9999.0 -9999.0 -9999.0 -9999.0 -9999.0 -9999.0 -9999.0 -9999.0 -9999.0 -9999.0 -9999.0 -9999.0 -9999.0 -9999.0 -9999.0
-9999.0 -9999.0 -9999.0 -9999.0 -9999.0 0.664509984137 1.91845417311 3.7903104523 4.36045539709 8.64446785887 9.16275661459 10.8380438512 17.8557552597 27.1079140862 28.0533710793 28.4766800789 0.694852221327 53.5491339394 54.4250928534 56.3106149732 68.4595434668 8.30329105528 7.61687620795 2.42905932693 0.353433525189 2.09537768149 1.44844881973 0.270138678647 1.54900533896 0.345135397507 0.829831335407 2.05700488764 2.40390265318 0.690171411827 0.309001765041 0.314560991942 -9999.0 -9999.0 -9999.0 -9999.0 0.348088086518 0.324185828925 -9999.0 -9999.0 -9999.0 -9999.0 -9999.0 -9999.0 -9999.0 -9999.0 -9999.0 -9999.0 -9999.0 -9999.0
-9999.0 -9999.0 -9999.0 -9999.0 -9999.0 0.633012283388 0.597482437951 2.53409468942 3.12556259319 3.7441332957 0.57692713536 1.13228323249 6.61126485346 1.28377925888 0.527745630456 0.425133954759 0.360577662086 0.514014512941 0.516346933004 0.437587823512 68.8264522263 69.8502092168 0.331318873545 1.02272948636 0.700490631642 2.40974664472 0.567351434313 0.259987755606 1.87022570232 0.694179715922 1.79930343805 4.0350504751 3.73658601266 0.991112965783 0.890164162264 0.334741849044 0.320765062544 -9999.0 -9999.0 0.310495518947 0.676905863522 1.68017598506 0.34095321088 -9999.0 -9999.0 -9999.0 -9999.0 -9999.0 -9999.0 -9999.0 -9999.0 -9999.0 -9999.0 -9999.0
-9999.0 -9999.0 -9999.0 -9999.0 -9999.0 -9999.0 0.681862411666 0.679958722035 1.2725415533 1.88919836333 4.30394503177 5.48055557391 6.11418873884 0.735805015997 0.417986345173 6.1367590819 7.39656499809 7.76839706721 9.4520819738 9.81641838167 0.359132310001 70.2134585418 71.9314873465 1.37468705062 0.331216068715 2.71408922686 5.90386388166 2.38099557566 0.554375671467 0.296277175309 6.42361348489 4.34376334075 0.25600678618 0.264144666673 1.15849637074 0.954983523927 0.263766621587 0.226166335345 0.297220681166 0.597703505612 0.272528397569 2.02760423435 2.25219341152 0.190347225442 -9999.0 -9999.0 -9999.0 -9999.0 0.222811431378 0.201533865283 0.0803659257998 -9999.0 -9999.0 -9999.0
-9999.0 -9999.0 -9999.0 -9999.0 -9999.0 -9999.0 -9999.0 0.638432315742 0.590332798865 1.23841539929 1.86778492778 0.591607644913 0.579360027213 3.39229499454 4.33804319791 5.3308543435 0.452689418724 0.895634464791 0.449042443397 10.2086075225 22.1889141895 22.5237981807 95.102879361 0.333901303551 0.928314009615 0.29002379867 6.17149028803 0.26910338542 0.857041637434 0.277084798138 6.6809289298 6.94009648577 0.520052554978 0.525502377893 2.99078246964 1.52506013692 0.513780137075 0.267487091472 0.589708934324 0.884777740236 1.38284344862 0.213167484433 2.60563907179 2.75431641989 0.123026748372 0.136690495893 0.147589944114 0.122816907296 0.112043438958 0.566177783554 0.230524503728 0.130125577173 -9999.0 -9999.0
-9999.0 -9999.0 -9999.0 -9999.0 -9999.0 -9999.0 -9999.0 -9999.0 1.28148130596 1.82674169291 0.584249280482 1.20545452917 1.74158623998 2.89660815406 0.560287902644 0.522477725849 0.418025625175 0.422192973336 0.363320422301 11.1885374019 0.451547592897 0.86262530031 96.2698752707 96.7331386758 0.13343094323 1.20634002861 7.58961880248 0.547758026654 1.08552167211 0.466700507297 0.696706759783 7.89950704566 0.743751520639 4.21841270044 3.48304294283 0.264923012552 1.32291419729 0.543238052704 0.845308044218 0.254482190047 1.60313376283 1.98083224609 2.09974221949 2.2077808047 3.2047574803 0.228929441914 0.248650000232 0.211142489216 0.190292289909 0.67254315166 0.124201512352 0.486288413659 0.591596960061 -9999.0
-9999.0 -9999.0 -9999.0 -9999.0 -9999.0 -9999.0 -9999.0 -9999.0 0.653287728785 3.10827459408 3.66640727479 0.556603500957 1.07800308805 0.518819727303 0.456673706972 0.447333765766 5.69382788854 7.42830001181 9.07082746976 10.8159770411 0.394178165464 0.427694598433 0.284781024672 98.1861964555 98.676491397 98.801322763 9.85872399814 2.10704643597 1.8611863906 0.19417207537 0.875445533277 8.97876491334 0.180639155128 4.41883222615 0.257805395874 1.821470013 1.60484613095 0.268737917751 1.10079519834 0.506685625382 0.74566623012 0.166786553602 0.104922500967 2.31337904663 2.40397244444 3.29507743418 0.348373969939 0.302677829791 0.276882305333 0.808816129839 1.06245244288 0.126673088625 0.716690858013 0.167285380336
-9999.0 -9999.0 -9999.0 -9999.0 -9999.0 -9999.0 -9999.0 -9999.0 -9999.0 0.677285416048 4.27735517033 4.8130535963 1.59914633412 2.61548889698 3.51945080367 3.97075973842 0.476730648393 1.33099121638 0.904566474835 0.501185844138 0.464279259587 0.386604526255 0.716201275795 1.13300937706 0.260968097129 109.075874117 109.188666565 0.114434942362 0.120422303288 0.43493854875 0.650052661761 9.56667828802 0.380304046343 4.5800783672 2.73124838971 2.28603139953 0.244933435129 0.503920618625 1.32033450217 0.219919652352 0.951354622105 0.353200813889 0.176722051691 0.0893327501945 2.67681163473 6.03867385028 0.406951433096 0.363520023649 0.368979091983 0.0994178414808 1.16054420228 0.0944537577846 0.942481276949 0.136960694488
-9999.0 -9999.0 -9999.0 -9999.0 -9999.0 -9999.0 -9999.0 -9999.0 -9999.0 -9999.0 0.532475938302 5.88197555006 0.512805399051 1.00204244445 1.42138768551 2.20485652732 0.390214919178 0.831260021154 0.407519391149 0.353783207851 0.327858988503 0.642661661236 0.264184055925 0.226705390848 0.37666510953 0.212891241619 109.345647571 109.570871556 109.942143257 0.788083139811 0.227869610781 0.454530400938 9.80109868427 8.30520100219 3.20701470622 0.234312423802 0.979326505704 0.739119239525 1.54057854302 0.438337504138 1.707449952 0.54282204861 0.301010713443 0.0841794130093 0.10235224075 6.14776840671 6.23832586723 7.08052235315 0.695857681323 0.215695411724 1.27032944704 1.47168041353 2.50062218325 0.250334896275
-9999.0 -9999.0 -9999.0 -9999.0 -9999.0 -9999.0 -9999.0 -9999.0 -9999.0 -9999.0 -9999.0 0.364398693073 6.68881335998 0.531935816299 0.938759095468 3.90252873693 0.380795731344 0.371496782174 0.322321297776 0.719820655322 0.394524789335 1.41205323994 1.97493051871 2.20777828568 0.551506117363 0.644972736972 0.105359952761 0.16954442451 0.163723013286 111.09552577 111.686224768 9.96171910517 8.63355951671 8.47559398391 0.328059548823 0.153341106381 1.18352363042 3.13023370959 1.74309459319 0.637072390191 2.51573947396 0.768504373287 0.612383357738 0.177574494764 0.0713428567902 0.0509281565165 0.0496883128003 7.44078926069 8.44480276277 0.109440788156 0.0859331568694 0.117400523866 2.62659689597 2.99143760357
-9999.0 -9999.0 -9999.0 -9999.0 -9999.0 -9999.0 -9999.0 -9999.0 -9999.0 -9999.0 -9999.0 0.327983110892 7.43768251417 8.94396989861 0.418595237353 4.72536304662 0.334097324506 0.310911381962 0.694933894293 1.80082270796 0.36852630141 0.398710618137 0.27994220576 2.73818348998 2.9780216425 3.92015039132 4.20216093772 4.35024286948 4.45169171839 4.58238083062 116.387223253 126.548814701 135.358837322 135.424396605 0.0998612439408 0.168674925379 3.54087391328 3.33699546573 0.198479733576 0.196130595992 2.75130922126 3.69279718067 0.131881532036 1.76586441989 1.6387692261 0.425856276985 0.159672862842 0.28384160639 0.120472464994 8.60593423176 0.0798824668291 0.273227159755 0.327146058361 3.57048030087
-9999.0 -9999.0 -9999.0 -9999.0 -9999.0 -9999.0 -9999.0 -9999.0 -9999.0 -9999.0 -9999.0 0.587733184038 1.08666177342 9.41969749845 10.2063656711 0.390553694302 5.38580370465 0.255092658002 0.840421245192 2.10970780467 0.698275405816 0.327335090482 0.670487399541 0.213799899401 0.427841532929 0.244470155012 0.226868868634 0.218267306667 0.195263846844 0.140068090652 0.0904281509972 0.0998737038482 0.124185316917 0.129571584331 135.720457602 3.8619635777 3.64474384296 0.0511040037793 0.539716156115 0.137730818671 0.167573588473 3.84163570003 6.06190768452 1.93548895666 1.46630912868 0.2852915955 0.0978053163331 0.0836187606213 0.165843514404 8.85671893687 8.99991130082 0.0767420277726 0.0787320273065 0.0717080864415
-9999.0 -9999.0 -9999.0 -9999.0 -9999.0 -9999.0 -9999.0 -9999.0 -9999.0 -9999.0 -9999.0 -9999.0 0.44545600918 6.63052224552 17.2766623557 18.582316771 24.3099464444 24.6378249987 4.60158810399 3.48207727419 1.03312261226 0.320379673943 1.29468582697 1.58008616484 2.25933873652 0.504496512708 0.459623962957 0.456770758455 0.8764331544 0.359515829905 0.298024034287 0.205400070381 0.157882643803 0.08756225944 135.798615166 139.776943371 139.843755978 0.0451113466136 1.30787917222 0.669264440258 0.184977525503 6.59281811568 0.385880425672 0.20378458616 0.877347125811 0.18272582206 0.102481808972 0.187940350893 0.256457816125 0.337879998037 9.1153767035 0.0513011595879 0.0425713212924 0.0417961973331
-9999.0 -9999.0 -9999.0 -9999.0 -9999.0 -9999.0 -9999.0 -9999.0 -9999.0 -9999.0 -9999.0 0.520500374322 5.11324504691 6.15191461491 0.895696978492 0.360443416761 0.804338580348 25.7792036212 26.0530637753 30.9693655573 0.27739165448 0.593936334325 0.24577258842 0.250097750175 2.49834351986 3.2408416498 3.91117788585 0.208231781857 1.07986075682 1.63855421014 0.871686147259 0.392095051536 0.318619794907 0.254200850561 0.216711748517 0.0477270737502 139.878062284 139.897567721 141.240319889 0.246213425877 0.141360674978 6.7445089457 0.439102191944 0.220495847018 0.246024644643 0.243326191304 0.198296378291 0.312665552519 0.838484154443 1.25713764203 10.4257674989 0.0354830983278 0.107627241348 0.0727160217604
-9999.0 -9999.0 -9999.0 -9999.0 -9999.0 -9999.0 -9999.0 -9999.0 -9999.0 -9999.0 -9999.0 0.540281883045 3.64898383224 0.544277776831 0.42806000966 2.40316695964 2.75923847828 3.10259180468 3.42416654404 41.4602988188 41.8436827623 42.5368878435 46.7385068411 47.474381104 47.8699428755 48.1111312339 52.5264757319 53.1973404584 53.416867395 55.2956209322 56.3853817076 56.5689445944 57.2502684305 0.422475354112 0.373276189053 0.0557032968997 0.021427770211 139.923246223 141.564158795 0.308493837243 7.79877686045 7.67543485051 0.755856542989 0.170846570712 0.170281285677 0.15836517859 0.163911433534 0.327869790141 0.444683709659 0.103874447341 10.4760828243 10.5298869021 10.7542652558 10.7949525526
-9999.0 -9999.0 -9999.0 -9999.0 -9999.0 -9999.0 -9999.0 -9999.0 -9999.0 -9999.0 -9999.0 1.90844723208 2.51534589436 1.10751729981 1.59741718235 0.477678779683 5.3528584317 5.69792951507 6.39537833003 6.74499626737 2.23459461758 45.3153036019 45.6217823488 0.226918777169 0.151064483994 0.156454684564 0.323897364988 0.184630420876 0.159382133076 0.163890740784 0.151119095883 56.7695700517 57.4384501062 58.0307762769 58.5392780312 58.6640025171 0.0394374728013 0.0093842513203 149.542602579 7.96603990668 7.93090946971 0.166160054072 0.132486655559 0.101192109363 0.268569527735 0.258317732615 0.117519621665 0.124663042905 0.114150390972 0.218725279257 0.274536298405 0.0305155773726 0.0546211454556 0.0242305642766
-9999.0 -9999.0 -9999.0 -9999.0 -9999.0 -9999.0 -9999.0 -9999.0 -9999.0 -9999.0 -9999.0 -9999.0 1.28865497441 0.593230010348 0.503055869714 4.64826795117 5.01391942301 0.375285593504 1.37137454841 1.7064444524 1.99167297988 0.347273103017 0.187538583558 5.93718197389 6.07493534975 6.21112039395 15.1964371291 15.313530831 15.5813033082 16.7054394518 17.414233121 17.5333733726 0.158646869007 0.166552531551 0.129833528626 58.7102431132 0.01713324023 150.559513466 150.539801002 0.988489338061 0.939382393476 0.577026874433 0.134617456472 0.212371655995 0.374723269322 0.364404775107 0.220309306671 0.11782848543 0.228392897777 0.240484587215 0.381348922326 0.0684959647954 0.11450677165 0.188377225195
