data/baseflow/History/mHMbfrc608
ncols                  80
nrows                 72
xllcorner      4374000.0
yllcorner      5656000.0
cellsize            500
NODATA_value       -9999
[rows 0 to 23 of 72, columns 0 to 53 of 80]
-9999.0 -9999.0 -9999.0 -9999.0 -9999.0 -9999.0 -9999.0 -9999.0 -9999.0 -9999.0 -9999.0 -9999.0 0.533239961103 0.650883103675 -9999.0 -9999.0 -9999.0 -9999.0 -9999.0 -9999.0 -9999.0 -9999.0 -9999.0 -9999.0 -9999.0 -9999.0 -9999.0 -9999.0 -9999.0 -9999.0 -9999.0 -9999.0 -9999.0 -9999.0 -9999.0 -9999.0 -9999.0 -9999.0 -9999.0 -9999.0 -9999.0 -9999.0 -9999.0 -9999.0 -9999.0 -9999.0 -9999.0 -9999.0 -9999.0 -9999.0 -9999.0 -9999.0 -9999.0 -9999.0
-9999.0 -9999.0 -9999.0 -9999.0 -9999.0 -9999.0 -9999.0 -9999.0 -9999.0 -9999.0 -9999.0 -9999.0 0.993683279658 2.77845695195 0.572644424593 -9999.0 0.566975353137 -9999.0 -9999.0 -9999.0 -9999.0 -9999.0 -9999.0 -9999.0 -9999.0 -9999.0 -9999.0 -9999.0 -9999.0 -9999.0 -9999.0 -9999.0 -9999.0 -9999.0 -9999.0 -9999.0 -9999.0 -9999.0 -9999.0 -9999.0 -9999.0 -9999.0 -9999.0 -9999.0 -9999.0 -9999.0 -9999.0 -9999.0 -9999.0 -9999.0 -9999.0 -9999.0 -9999.0 -9999.0
-9999.0 -9999.0 -9999.0 -9999.0 -9999.0 -9999.0 -9999.0 -9999.0 -9999.0 -9999.0 0.407606583599 0.394477751798 0.422391133615 0.418361336482 3.5484898107 4.05087868921 1.53070670881 0.485314292801 -9999.0 -9999.0 -9999.0 -9999.0 -9999.0 -9999.0 -9999.0 -9999.0 -9999.0 -9999.0 -9999.0 -9999.0 -9999.0 -9999.0 -9999.0 -9999.0 -9999.0 -9999.0 -9999.0 -9999.0 -9999.0 -9999.0 -9999.0 -9999.0 -9999.0 -9999.0 -9999.0 -9999.0 -9999.0 -9999.0 -9999.0 -9999.0 -9999.0 -9999.0 -9999.0 -9999.0
-9999.0 -9999.0 -9999.0 -9999.0 -9999.0 -9999.0 -9999.0 -9999.0 -9999.0 0.392766308815 0.801133602526 1.59156558006 0.804686015014 0.387362667365 0.752801599638 4.40621226163 6.96825375019 0.519537270802 -9999.0 0.401027437008 -9999.0 -9999.0 -9999.0 -9999.0 1.05438062219 0.548907985599 -9999.0 -9999.0 -9999.0 -9999.0 -9999.0 -9999.0 -9999.0 -9999.0 -9999.0 -9999.0 -9999.0 -9999.0 -9999.0 -9999.0 -9999.0 -9999.0 -9999.0 -9999.0 -9999.0 -9999.0 -9999.0 -9999.0 -9999.0 -9999.0 -9999.0 -9999.0 -9999.0 -9999.0
-9999.0 -9999.0 -9999.0 -9999.0 -9999.0 -9999.0 -9999.0 -9999.0 0.472100133938 1.29131567656 1.66591076941 2.04359157395 2.75651651718 0.344235484659 1.40744278451 1.73464709632 9.58078111071 0.401773350675 0.320724334595 0.730013404721 1.05405369226 0.34213246806 -9999.0 2.618760156 2.15466540261 0.566432642641 -9999.0 -9999.0 -9999.0 -9999.0 -9999.0 -9999.0 -9999.0 -9999.0 -9999.0 -9999.0 -9999.0 -9999.0 -9999.0 -9999.0 -9999.0 -9999.0 -9999.0 -9999.0 -9999.0 -9999.0 -9999.0 -9999.0 -9999.0 -9999.0 -9999.0 -9999.0 -9999.0 -9999.0
-9999.0 -9999.0 -9999.0 -9999.0 -9999.0 -9999.0 0.448642932535 0.402266254188 0.387706253268 0.39822826504 0.407898320101 2.87081575465 6.00938850382 6.38132492958 6.62610091015 0.2089871546 10.13617432 10.441506895 0.627429371486 0.325490314351 1.37059731954 2.36423087043 0.389982296086 3.87502552056 0.38769770801 0.430409399658 0.406846181806 -9999.0 -9999.0 -9999.0 -9999.0 -9999.0 -9999.0 -9999.0 -9999.0 -9999.0 -9999.0 -9999.0 -9999.0 -9999.0 -9999.0 -9999.0 -9999.0 -9999.0 -9999.0 -9999.0 -9999.0 -9999.0 -9999.0 -9999.0 -9999.0 -9999.0 -9999.0 -9999.0
-9999.0 -9999.0 -9999.0 -9999.0 -9999.0 -9999.0 0.905302507235 1.33446404042 2.99651359566 4.14296636341 0.34487995786 0.358349829455 0.337097745723 0.961163918535 7.87672326738 0.234835072769 10.6986984065 11.7987550774 0.881561763118 0.600154316211 2.65189531638 0.317901604883 4.19439812157 0.674149832714 0.351363966245 0.769624580339 0.804825067606 0.394937444512 0.403205959714 0.388433177202 0.437392856123 0.87382771647 -9999.0 -9999.0 -9999.0 -9999.0 -9999.0 -9999.0 -9999.0 -9999.0 -9999.0 -9999.0 -9999.0 -9999.0 -9999.0 -9999.0 -9999.0 -9999.0 -9999.0 -9999.0 -9999.0 -9999.0 -9999.0 -9999.0
-9999.0 -9999.0 -9999.0 -9999.0 -9999.0 0.525250475821 0.993716909738 0.464584352243 0.892874485301 4.58448275948 5.34022282887 6.08183459874 20.0685506249 0.302480739107 8.19776776183 30.8427911245 31.0411556218 43.2095256988 0.228056832422 0.862929774542 2.94138481055 0.285836118738 8.08780532542 3.58470811551 2.28163357276 1.93211804045 0.390391782749 1.17704366946 1.16449913108 0.774177404376 0.383702404953 1.27246648972 0.388563477349 0.380062510121 -9999.0 -9999.0 -9999.0 -9999.0 -9999.0 -9999.0 -9999.0 -9999.0 -9999.0 -9999.0 -9999.0 -9999.0 -9999.0 -9999.0 -9999.0 -9999.0 -9999.0 -9999.0 -9999.0 -9999.0
-9999.0 -9999.0 -9999.0 -9999.0 -9999.0 0.532700815366 1.52242839236 3.00466649396 3.44239258372 6.81103838982 7.20948780131 8.48120177807 13.6816698879 21.090304278 21.7960389693 22.1192691026 0.535848727238 44.1603845172 44.6207472355 46.0426882118 58.2073400456 8.96480621258 8.40892149417 2.59616226766 0.316558392315 2.22046493307 1.52726550376 0.333347540797 1.50764203914 0.296857088894 0.67249319746 1.97424498747 2.34541476404 0.743102155199 0.377920257126 0.361481178118 -9999.0 -9999.0 -9999.0 -9999.0 0.502458454796 0.458962468979 -9999.0 -9999.0 -9999.0 -9999.0 -9999.0 -9999.0 -9999.0 -9999.0 -9999.0 -9999.0 -9999.0 -9999.0
-9999.0 -9999.0 -9999.0 -9999.0 -9999.0 0.504648115511 0.467871724499 2.02617703118 2.47736197014 2.94984897131 0.4357347619 0.857999081732 4.94216577376 0.833219186177 0.390240111754 0.344941516849 0.298151082408 0.317471148659 0.290378185809 0.329902295211 58.4832887428 59.3479987571 0.287322730266 0.910667016948 0.629340712559 2.52911493713 0.672526868829 0.322851607292 1.86397299798 0.598495559374 1.48516300633 4.12793704081 3.82697061841 1.11582317932 1.11802774305 0.376255823788 0.380272791324 -9999.0 -9999.0 0.384927987941 1.04110343137 2.4672967723 0.489963609731 -9999.0 -9999.0 -9999.0 -9999.0 -9999.0 -9999.0 -9999.0 -9999.0 -9999.0 -9999.0 -9999.0
-9999.0 -9999.0 -9999.0 -9999.0 -9999.0 -9999.0 0.536288215892 0.553821105695 0.999029442339 1.46769850904 3.26150678106 4.15135556131 4.56496311932 0.427635404988 0.330270120446 4.7552319893 5.78069567014 6.09264065035 7.42122520552 7.71418613072 0.296631358212 59.6508438808 61.0714910574 1.12055911814 0.107676958441 2.75757663271 6.2144412717 2.49238797729 0.606186929699 0.29960081016 6.22968947205 4.45020619351 0.331146425478 0.319045807539 1.45678858802 1.1035936408 0.370007499031 0.356644691741 0.372368708666 0.747200562729 0.363225411261 2.99272722078 3.36730741274 0.351347510538 -9999.0 -9999.0 -9999.0 -9999.0 0.420364240128 0.395003819768 0.108829487086 -9999.0 -9999.0 -9999.0
-9999.0 -9999.0 -9999.0 -9999.0 -9999.0 -9999.0 -9999.0 0.517082770956 0.405393593836 0.899523771071 1.37573872762 0.447997217209 0.359017594482 2.52049252141 3.30127956618 4.10050802086 0.363444982362 0.693081381016 0.343892317498 8.02261348615 18.7514367293 19.1854394456 80.9543052186 0.282241789307 0.330276575477 0.0979533509775 6.50107038683 0.293029644983 0.911139764547 0.296761724683 6.54625860346 6.85981702299 0.66091953502 0.636529828057 3.63481634523 1.82590372109 0.719090792867 0.364994604822 0.741511269215 1.11018039246 1.83206485171 0.359038761228 4.06901658599 4.4098508204 0.31269740393 0.336624366566 0.354652592568 0.320526877822 0.306185389001 1.15557159313 0.436192855036 0.279807690108 -9999.0 -9999.0
-9999.0 -9999.0 -9999.0 -9999.0 -9999.0 -9999.0 -9999.0 -9999.0 0.906531496958 1.27086269602 0.447424445258 0.923604809234 1.35395449847 2.17134254988 0.425646978245 0.40310359213 0.333127251849 0.337111573352 0.299449962219 10.0795665964 0.364442297923 0.701346876959 82.1274496466 82.9123074524 0.291611193893 0.915051212535 7.68451256266 0.564540571561 1.17455313152 0.555240422826 0.817943606277 8.08093813541 0.946662390095 5.14791551248 4.22816269032 0.283627825332 1.74468330698 0.703564660672 1.07473395733 0.328837273888 2.17419212437 2.86420217717 3.15601389465 3.43174395862 5.57749813574 0.590295406956 0.631165309011 0.575183220051 0.543620765865 1.44010252787 0.29260419331 1.01666683753 1.28075504477 -9999.0
-9999.0 -9999.0 -9999.0 -9999.0 -9999.0 -9999.0 -9999.0 -9999.0 0.503096908645 2.28022265261 2.70998360697 0.429207164751 0.834585263105 0.403926503113 0.362907386594 0.355612073215 4.63885202556 6.2391878407 7.85370421992 9.60522719783 0.42878504154 0.348313166062 0.359609422258 84.7246765538 85.6854953775 86.0169733742 10.3362555484 2.31998687401 2.02457799901 0.261308056071 1.07878519749 9.43178861777 0.279708760297 5.43174743432 0.299363399262 2.21792563849 2.09084875815 0.331668400851 1.40677315101 0.657702269672 0.986306113287 0.320710722277 0.266077111835 3.70376207253 3.95545198561 5.8284603864 0.905485010212 0.835492298728 0.798237626956 1.74632076239 2.33902099601 0.295634919895 1.55324149298 0.285050066584
-9999.0 -9999.0 -9999.0 -9999.0 -9999.0 -9999.0 -9999.0 -9999.0 -9999.0 0.546558087483 3.19221513492 3.61990037569 1.25227027719 2.0767694831 2.82674053462 3.21679726495 0.408202444264 1.25965364425 0.834202532444 0.43101005691 0.410232671981 0.361388302622 0.717679141099 1.24691341794 0.476134285833 97.2321285782 97.5533302278 0.277594307725 0.227569982495 0.507041240379 0.755039254777 10.2183605969 0.534979188288 5.67780335419 3.34396611502 2.77842746137 0.309022629782 0.630609915533 1.70256566837 0.29536832924 1.27882468939 0.616810997971 0.408025700363 0.130676389387 4.4538786901 10.4839763421 1.0895453283 1.02459741644 1.03917144683 0.244080545395 2.58360187336 0.237288900877 2.0802277348 0.244922978404
-9999.0 -9999.0 -9999.0 -9999.0 -9999.0 -9999.0 -9999.0 -9999.0 -9999.0 -9999.0 0.441319930915 4.4888118577 0.405301392288 0.801786158536 1.1698023739 1.91513679094 0.394374585098 0.837394931043 0.407627350459 0.375638087526 0.354450689767 0.702125268071 0.319678903197 0.352675811661 0.697995037025 0.415019658322 97.954807823 98.572142336 99.4280792472 1.00970778445 0.250856080931 0.500139576139 10.4892774668 10.3634567754 3.91850041982 0.282883682565 1.23294931742 0.929363230884 1.99933882034 0.589910643079 2.4926851848 0.912847266268 0.648531805378 0.0590035187021 0.147796119955 10.7451674645 10.9795023611 13.2950366593 1.79768152719 0.501439685754 2.84951494823 3.34692882789 5.65625792869 0.488464373262
-9999.0 -9999.0 -9999.0 -9999.0 -9999.0 -9999.0 -9999.0 -9999.0 -9999.0 -9999.0 -9999.0 0.214856363555 4.90835971134 0.382398225776 0.753919450963 3.43858038312 0.403280068666 0.397470389027 0.330297167674 0.715880199258 0.346491103039 1.39207428353 2.02384232654 2.31794417502 0.97455050245 1.23916838162 0.306679732622 0.366173777306 0.36408672994 101.061084554 101.801444648 10.7158265735 10.8431126509 10.6053434691 0.519715377108 0.249881720843 1.49949128724 4.04309652708 2.27754563283 0.864056309357 3.63573724003 1.13557596741 0.872491674403 0.109971925962 0.0464904225286 0.0518435288499 0.085841986837 13.7684511323 16.2604947156 0.233826373388 0.215917315622 0.231512530178 5.8739994247 6.56316356605
-9999.0 -9999.0 -9999.0 -9999.0 -9999.0 -9999.0 -9999.0 -9999.0 -9999.0 -9999.0 -9999.0 0.20249891821 5.40201352599 6.7392361388 0.377740894825 4.19309912841 0.366687700043 0.342267007086 0.660011195827 1.71499416915 0.331005921861 0.354757448625 0.308545822406 2.93704217281 3.22370888614 4.76131847914 5.31833241719 5.58210013331 5.85759197233 6.12495875913 108.251688974 119.43515187 130.738441096 130.995189342 0.236638752084 0.241303433057 4.57922407848 4.31334278685 0.272330775773 0.250437313764 3.8778777874 5.29873033348 0.220439277744 2.17519567582 2.04141096523 0.286209465018 0.165670135745 0.291550276254 0.254228240043 16.6971467194 0.225138802861 0.647256337951 0.81374995804 7.84905604177
-9999.0 -9999.0 -9999.0 -9999.0 -9999.0 -9999.0 -9999.0 -9999.0 -9999.0 -9999.0 -9999.0 0.507357562594 0.959221455024 7.17298810713 7.89343006263 0.365888286005 5.05219534781 0.318328376571 0.961938926484 2.02420022554 0.639953949066 0.306933285389 0.636172835135 0.278334025763 0.521338166185 0.244600988229 0.206420848207 0.128926312422 0.103218045528 0.0867623006479 0.0840045150549 0.149800254088 0.235319373801 0.323885205886 131.797281996 5.42503190103 4.96235662628 0.178607165324 0.758471362321 0.177455267752 0.15042639375 5.5561311359 8.52890422066 2.4750470989 1.94030799557 0.176356505243 0.0750128526033 0.0632230473969 0.24715198072 17.1682896086 17.6003886442 0.22653174347 0.233241786855 0.170935967071
-9999.0 -9999.0 -9999.0 -9999.0 -9999.0 -9999.0 -9999.0 -9999.0 -9999.0 -9999.0 -9999.0 -9999.0 0.395127776475 6.27399857751 14.5579413833 15.7778252837 21.198397264 21.6766796378 4.70476915643 3.29199149902 0.954283541672 0.301004193148 1.22794794797 1.51169154645 2.28451068645 0.50452902049 0.446072041119 0.374532455594 0.717564186602 0.321010817473 0.304559949411 0.144509177453 0.047346984123 0.0713970672927 132.028385526 137.612407604 137.891453543 0.180709414037 1.99739243066 0.856663643634 0.274907719019 9.43928281355 0.656260186475 0.341877786035 1.42616108795 0.241890791071 0.204950893481 0.382200168003 0.55454019207 0.755748014137 17.9582294318 0.168393868507 0.145380102136 0.14554698138
-9999.0 -9999.0 -9999.0 -9999.0 -9999.0 -9999.0 -9999.0 -9999.0 -9999.0 -9999.0 -9999.0 0.4780848644 4.85717282389 5.85555300472 0.878766090284 0.238382728351 0.519340333964 22.5390697869 22.9289263287 28.0805072437 0.274989221543 0.572170008655 0.249442787711 0.254301507052 2.5328703187 3.284816726 3.93811098549 0.218063412311 0.937006410632 1.47222823399 0.868436411862 0.357105765662 0.197483965727 0.134160024902 0.152574274268 0.0945490728575 138.085816794 138.230221956 140.524182578 0.454449751607 0.244268177397 9.74449622981 0.697368014377 0.364592854324 0.415552529111 0.412122232668 0.363543597648 0.594253632324 1.74015193658 2.72471213594 20.8559504372 0.124085302203 0.373707921089 0.254001434188
-9999.0 -9999.0 -9999.0 -9999.0 -9999.0 -9999.0 -9999.0 -9999.0 -9999.0 -9999.0 -9999.0 0.495797825936 3.52331275586 0.520524736522 0.418328548895 2.40374149389 2.76447222674 3.12897747648 3.44219830675 39.0684777935 39.3067842546 39.8226904184 44.1702824506 44.9100241354 45.2865060552 45.5477886206 49.8531134135 50.3310653614 50.5545631563 52.2664425163 53.3915127154 53.6074836632 54.1483216875 0.338846330392 0.245882538771 0.0348225982581 0.0538356955575 138.396481783 141.312428612 0.647048754869 11.625290425 11.3813318865 1.32567508389 0.314606521309 0.327450232603 0.311961908341 0.317715557485 0.642037759141 0.919307148766 0.264609376176 21.0213605362 21.1987521436 21.9745730978 22.1156482155
-9999.0 -9999.0 -9999.0 -9999.0 -9999.0 -9999.0 -9999.0 -9999.0 -9999.0 -9999.0 -9999.0 1.89710088915 2.48449119837 1.09310224493 1.59932345085 0.495259642613 5.78237975517 6.19657787417 7.00346860751 7.24965381178 2.58103989873 42.8475000455 43.1064931846 0.217761821031 0.117607213512 0.0843599562243 0.216871557596 0.0936531286791 0.0502410889656 0.0428873210078 0.0656933964195 53.7463098433 54.3208608586 54.9174051279 55.3829702285 55.5801882656 0.0768179362167 0.0278813552683 153.456232993 12.015373249 11.8880287152 0.256821708927 0.259366969604 0.244059415501 0.585126637627 0.570334966026 0.260234853049 0.261773842023 0.238146705037 0.494561996858 0.646202397926 0.123410371692 0.205304051563 0.0702381326805
-9999.0 -9999.0 -9999.0 -9999.0 -9999.0 -9999.0 -9999.0 -9999.0 -9999.0 -9999.0 -9999.0 -9999.0 1.29659217848 0.572107262275 0.491235247325 4.94771753003 5.39284524545 0.432514291342 1.70307152214 2.05991506593 2.33501060227 0.316726797439 0.225207687738 6.83148858902 7.00334606015 7.15307817564 18.9995193926 19.0808766862 19.1798021466 20.1750795375 20.4952178742 20.5340186874 0.0391582117762 0.0433299672937 0.06435277821 55.7722352714 0.0668644791954 155.365719713 155.248341353 1.67727413041 1.51471925108 0.99715629571 0.25515714801 0.480481725611 0.84218201877 0.83085836751 0.510717604089 0.248489853909 0.481678558388 0.466908571825 0.840724593149 0.0951708063031 0.286898611961 0.484178651501
