data/baseflow/History/mHMbfrc314
ncols                  80
nrows                 72
xllcorner      4374000.0
yllcorner      5656000.0
cellsize            500
NODATA_value       -9999
[rows 0 to 23 of 72, columns 0 to 54 of 80]
-9999.0 -9999.0 -9999.0 -9999.0 -9999.0 -9999.0 -9999.0 -9999.0 -9999.0 -9999.0 -9999.0 -9999.0 1.29311226412 0.949519936889 -9999.0 -9999.0 -9999.0 -9999.0 -9999.0 -9999.0 -9999.0 -9999.0 -9999.0 -9999.0 -9999.0 -9999.0 -9999.0 -9999.0 -9999.0 -9999.0 -9999.0 -9999.0 -9999.0 -9999.0 -9999.0 -9999.0 -9999.0 -9999.0 -9999.0 -9999.0 -9999.0 -9999.0 -9999.0 -9999.0 -9999.0 -9999.0 -9999.0 -9999.0 -9999.0 -9999.0 -9999.0 -9999.0 -9999.0 -9999.0 -9999.0
-9999.0 -9999.0 -9999.0 -9999.0 -9999.0 -9999.0 -9999.0 -9999.0 -9999.0 -9999.0 -9999.0 -9999.0 2.62861527943 5.48007071827 0.821229791821 -9999.0 0.601945140319 -9999.0 -9999.0 -9999.0 -9999.0 -9999.0 -9999.0 -9999.0 -9999.0 -9999.0 -9999.0 -9999.0 -9999.0 -9999.0 -9999.0 -9999.0 -9999.0 -9999.0 -9999.0 -9999.0 -9999.0 -9999.0 -9999.0 -9999.0 -9999.0 -9999.0 -9999.0 -9999.0 -9999.0 -9999.0 -9999.0 -9999.0 -9999.0 -9999.0 -9999.0 -9999.0 -9999.0 -9999.0 -9999.0
-9999.0 -9999.0 -9999.0 -9999.0 -9999.0 -9999.0 -9999.0 -9999.0 -9999.0 -9999.0 1.32058622875 1.2704014756 1.31475463462 1.24827125616 7.875128182 8.78709748648 1.68364560747 0.531003551041 -9999.0 -9999.0 -9999.0 -9999.0 -9999.0 -9999.0 -9999.0 -9999.0 -9999.0 -9999.0 -9999.0 -9999.0 -9999.0 -9999.0 -9999.0 -9999.0 -9999.0 -9999.0 -9999.0 -9999.0 -9999.0 -9999.0 -9999.0 -9999.0 -9999.0 -9999.0 -9999.0 -9999.0 -9999.0 -9999.0 -9999.0 -9999.0 -9999.0 -9999.0 -9999.0 -9999.0 -9999.0
-9999.0 -9999.0 -9999.0 -9999.0 -9999.0 -9999.0 -9999.0 -9999.0 -9999.0 1.28064211138 2.5831325195 5.10865244195 2.52659247645 1.22692812984 2.40398017016 9.96829183223 13.0648004117 0.655848958022 -9999.0 1.28500992395 -9999.0 -9999.0 -9999.0 -9999.0 1.16905167258 0.584420195146 -9999.0 -9999.0 -9999.0 -9999.0 -9999.0 -9999.0 -9999.0 -9999.0 -9999.0 -9999.0 -9999.0 -9999.0 -9999.0 -9999.0 -9999.0 -9999.0 -9999.0 -9999.0 -9999.0 -9999.0 -9999.0 -9999.0 -9999.0 -9999.0 -9999.0 -9999.0 -9999.0 -9999.0 -9999.0
-9999.0 -9999.0 -9999.0 -9999.0 -9999.0 -9999.0 -9999.0 -9999.0 1.37689928575 3.97404104426 5.19994907704 6.42794998816 8.8143360398 1.15892396498 4.67939358899 5.82519665819 20.7405946955 1.03070469935 1.15459576253 2.43485496996 3.54665338193 1.152664885 -9999.0 3.21949804046 2.63422705264 0.770735070882 -9999.0 -9999.0 -9999.0 -9999.0 -9999.0 -9999.0 -9999.0 -9999.0 -9999.0 -9999.0 -9999.0 -9999.0 -9999.0 -9999.0 -9999.0 -9999.0 -9999.0 -9999.0 -9999.0 -9999.0 -9999.0 -9999.0 -9999.0 -9999.0 -9999.0 -9999.0 -9999.0 -9999.0 -9999.0
-9999.0 -9999.0 -9999.0 -9999.0 -9999.0 -9999.0 1.41573887508 1.31313427367 1.27040760748 1.28009562229 1.27696228803 8.97364307834 19.0007305301 20.2082809938 21.2972382513 1.07584740462 22.8930669005 23.9917592728 2.2751151881 1.11620280917 4.6343263009 8.01293684082 1.12416110946 6.56789984454 1.22455065459 1.1781952482 1.27017615993 -9999.0 -9999.0 -9999.0 -9999.0 -9999.0 -9999.0 -9999.0 -9999.0 -9999.0 -9999.0 -9999.0 -9999.0 -9999.0 -9999.0 -9999.0 -9999.0 -9999.0 -9999.0 -9999.0 -9999.0 -9999.0 -9999.0 -9999.0 -9999.0 -9999.0 -9999.0 -9999.0 -9999.0
-9999.0 -9999.0 -9999.0 -9999.0 -9999.0 -9999.0 2.78199143019 4.09560503415 9.24759624946 12.9977326564 1.17715377725 1.20168878716 1.15002319623 3.40933771657 25.7730710544 1.02421011251 25.0515326521 29.295549984 3.32389512418 2.15310276554 9.05635856218 1.11136418402 7.6774004811 2.31129018277 1.1802488665 2.33048608345 2.50157862233 1.21749443426 1.23821271308 1.22767453272 1.24708203923 2.51467615452 -9999.0 -9999.0 -9999.0 -9999.0 -9999.0 -9999.0 -9999.0 -9999.0 -9999.0 -9999.0 -9999.0 -9999.0 -9999.0 -9999.0 -9999.0 -9999.0 -9999.0 -9999.0 -9999.0 -9999.0 -9999.0 -9999.0 -9999.0
-9999.0 -9999.0 -9999.0 -9999.0 -9999.0 1.41654384028 2.78142269033 1.34040923315 2.62196888869 14.2912316202 16.7218898352 19.127540831 59.716645937 1.13074693891 26.8899586181 95.1042128653 95.9317762934 126.619993862 0.888266036958 3.19712846134 10.1106047918 1.04968577577 20.4484875782 11.6920070487 7.19290580649 6.02644406478 1.211929863 3.64352005074 3.61621587425 2.42284882861 1.18224686453 3.73710009938 1.18689973354 1.18500549736 -9999.0 -9999.0 -9999.0 -9999.0 -9999.0 -9999.0 -9999.0 -9999.0 -9999.0 -9999.0 -9999.0 -9999.0 -9999.0 -9999.0 -9999.0 -9999.0 -9999.0 -9999.0 -9999.0 -9999.0 -9999.0
-9999.0 -9999.0 -9999.0 -9999.0 -9999.0 1.42851831809 4.17406589684 8.30077174648 9.58893094673 18.9876869604 20.2263229808 24.0519833143 39.4745890607 62.9016609286 65.1361109768 66.1666653181 2.02302388484 130.20246755 132.029675545 137.316759572 172.114862456 23.6451438649 21.548182721 8.29286426094 1.09314095486 7.06539644462 4.79797565306 1.12473775724 4.70607441522 1.070588297 2.21822525557 6.01486874864 7.14989740723 2.32254449842 1.13533219651 1.14594008109 -9999.0 -9999.0 -9999.0 -9999.0 0.656982256934 0.548018385091 -9999.0 -9999.0 -9999.0 -9999.0 -9999.0 -9999.0 -9999.0 -9999.0 -9999.0 -9999.0 -9999.0 -9999.0 -9999.0
-9999.0 -9999.0 -9999.0 -9999.0 -9999.0 1.41065052862 1.35494140811 5.51574809789 6.80594903284 8.12885069411 1.29291446316 2.57389588829 14.53410017 2.54847677387 1.22501423849 1.17492005016 1.07113012295 1.16859654667 1.1270139484 1.13740064548 173.184234389 176.339397593 1.04565856595 3.21698764702 2.17925797658 8.15372231108 2.25230313747 1.10723960099 5.82266966064 2.11922010435 5.09045680239 12.6819036546 11.7157004662 3.45361565617 3.42352404132 1.14122147109 1.14705333807 -9999.0 -9999.0 1.15871405269 1.52706649555 3.22677282332 0.581278464643 -9999.0 -9999.0 -9999.0 -9999.0 -9999.0 -9999.0 -9999.0 -9999.0 -9999.0 -9999.0 -9999.0 -9999.0
-9999.0 -9999.0 -9999.0 -9999.0 -9999.0 -9999.0 1.42801197954 1.40755639046 2.79129808334 4.15035040514 9.41242554764 12.0449167426 13.3389303754 1.33926159568 1.14636983167 14.9533566426 18.4060790205 19.5280891167 24.0910249136 25.1844491297 1.08583931413 177.406070586 182.720620061 4.26761696744 0.981113910428 9.18310879459 20.4753002676 8.00080060872 2.09496944614 1.04260561581 19.8134781887 13.7305175511 1.04647422643 1.05118311109 4.48993613872 3.35744972627 1.10803350071 1.13769954115 1.1118585816 2.24958848756 1.09351737995 3.92726480996 5.02268739028 1.07252674149 -9999.0 -9999.0 -9999.0 -9999.0 1.2004703364 1.16080061247 0.33468228623 -9999.0 -9999.0 -9999.0 -9999.0
-9999.0 -9999.0 -9999.0 -9999.0 -9999.0 -9999.0 -9999.0 1.44771231743 1.30007828773 2.64354526819 3.97204444152 1.33465752513 1.26000953462 7.70919322892 10.1851953438 12.6744638503 1.16249486445 2.33291623442 1.14100012911 26.2706252667 57.7129442935 58.360004147 242.988856142 1.07101611479 2.92593898243 0.948778971666 21.5215224393 1.02892846426 3.15455075615 1.03524699599 20.8451222094 21.8637488996 2.08719565235 2.07365263661 11.1211034531 5.55554647023 2.24847151046 1.12055666683 2.23284121016 3.350050437 5.50564383739 1.08665130628 7.23427538267 8.37457082763 1.10139184839 1.15374501468 1.15956724055 1.10233230381 1.07128800861 3.44446923686 1.33628632756 0.896738838894 -9999.0 -9999.0 -9999.0
-9999.0 -9999.0 -9999.0 -9999.0 -9999.0 -9999.0 -9999.0 -9999.0 2.71403595685 4.01009171135 1.33226872953 2.6696692489 3.93986976026 6.51512654252 1.31039731764 1.27932531883 1.14727194636 1.17127545599 1.10483802256 29.2445664154 1.14771971043 2.27127001575 246.017530722 248.594128739 1.50611046818 5.91485954817 28.5032937236 2.03039996828 4.11706370652 1.98176529647 2.93054434299 25.8717388442 3.05408015948 16.1702582976 13.1300041902 1.00690192158 5.44706803064 2.17050010876 3.28113460131 1.05892888896 6.58823864278 8.7713131354 9.81668976807 10.8291126887 12.5557108716 2.10447093649 2.15776402478 2.05422053042 1.97936042057 4.40527528132 0.936465552352 3.18203684323 4.04411140888 -9999.0 -9999.0
-9999.0 -9999.0 -9999.0 -9999.0 -9999.0 -9999.0 -9999.0 -9999.0 1.38326614624 6.74072921989 8.05553186214 1.32296117349 2.60374800681 1.28322526668 1.2343693141 1.20681295347 14.9048948843 19.9197768687 24.3729760345 28.5577638718 1.04868778331 1.13542362232 1.37646152096 253.910102733 256.605724953 257.96909738 38.31231145 8.28221951369 7.1713786711 0.97221176891 3.87716288259 30.7047682184 0.960034788693 17.1374343823 1.00281402528 7.00036482806 6.5087330439 1.03945022122 4.31507768082 2.09162469657 3.11274746381 1.08372962467 1.01042178335 11.8333880098 12.7802431303 13.5005659224 3.15132219962 3.01808802691 2.92836950198 5.3603961429 7.2340816157 0.931161068923 4.91150704732 0.894819326027 1.73649058979
-9999.0 -9999.0 -9999.0 -9999.0 -9999.0 -9999.0 -9999.0 -9999.0 -9999.0 1.3621407123 9.37819865976 10.6986444777 3.90361921838 6.47751975612 8.94929247125 10.1879469128 1.23968922058 3.86038642198 2.52995396309 1.23091878108 1.24338821214 1.17018403807 2.36259281808 4.27666182421 1.67456836216 299.294041562 300.809178165 1.42040933329 1.01187517849 1.91825122878 2.85090396213 33.5039165512 1.87457606883 18.0341627232 10.8211519692 8.89776724887 1.01046161084 2.03654549896 5.29549909868 0.972582983056 4.06889145796 2.03633190954 1.89257811329 0.9623354013 15.541831626 29.8393149065 3.88148984713 3.76454086251 3.74111085725 0.802490849772 8.03277518821 0.786390033501 6.61461205301 0.812403470775 2.5588406591
-9999.0 -9999.0 -9999.0 -9999.0 -9999.0 -9999.0 -9999.0 -9999.0 -9999.0 -9999.0 1.29038198438 13.3046086139 1.30094226046 2.59394915085 3.81150111965 6.30281797569 1.2908651562 2.64023607356 1.30948857369 1.28101942263 1.20691651959 2.40272073986 1.12003062628 1.33654935667 2.97259662717 1.69892060754 302.177294389 304.957030944 308.855926325 3.95521770499 0.941368604443 1.8730424696 34.4471528088 33.5226412825 12.7666981909 0.968660918737 4.02547523031 3.03034841654 6.27902499441 1.95299389299 8.01715373219 2.98481886131 2.80528124726 0.934993736988 0.956146010684 30.8231725598 31.6804426216 40.1008782592 6.22027727626 1.64538769884 8.88532772612 10.4958298876 17.875130971 1.60239621576 0.768727344536
-9999.0 -9999.0 -9999.0 -9999.0 -9999.0 -9999.0 -9999.0 -9999.0 -9999.0 -9999.0 -9999.0 0.699822699848 14.8843733144 1.26163763751 2.46650487406 11.279360749 1.31624506633 1.3198939922 1.19339057885 2.4855085353 1.16392061189 4.73190631033 6.97487392586 8.05848222183 4.08701455648 5.44707440805 1.4995768995 1.65285333097 1.43079385596 315.057242962 318.028260985 35.3311194033 35.2492228705 34.3917175201 1.82275012517 0.895429977009 4.94615747464 13.0760505943 7.21282431793 2.88671176855 11.8076992463 6.3397490885 5.45965183736 1.80189005831 0.788400245165 0.766469575114 0.777091223359 43.5466649481 52.2446106568 0.778396643449 0.732777512409 0.761456031343 18.6078903431 20.9274783889 1.43357349854
-9999.0 -9999.0 -9999.0 -9999.0 -9999.0 -9999.0 -9999.0 -9999.0 -9999.0 -9999.0 -9999.0 0.665386414935 16.5104982217 20.3203444256 1.20152487253 13.7061494868 1.23803927362 1.20377690033 2.33155923958 5.9650758687 1.14596591847 1.18127699859 1.0968217907 10.278582749 11.3374500429 17.878621983 20.5096617274 21.8589652417 23.2460193754 24.7220497433 344.009181446 381.896023962 419.460256185 420.35631121 1.02908251321 0.904548250742 14.9157856814 14.0064426968 0.914613348613 0.914267396159 12.6979711406 19.939430675 0.836541510174 10.8896378326 10.0560306386 3.47172368095 1.68000818551 2.63248126471 0.919764605217 53.8624178049 0.831574854853 2.32079728977 2.97954007822 26.3836102675 28.5408586324
-9999.0 -9999.0 -9999.0 -9999.0 -9999.0 -9999.0 -9999.0 -9999.0 -9999.0 -9999.0 -9999.0 1.35228794003 2.59332220083 21.5475794893 23.8736990107 1.18188259508 15.8206297431 1.10609519843 3.36955082642 7.04953936624 2.23554031835 1.08803941831 2.23730630569 1.04357740851 1.99893088842 0.966126272613 0.939308517563 0.902045815758 0.881622079836 0.956518873747 1.12566968357 1.39479662116 1.46341201091 1.46240845041 423.853758293 18.7939475347 16.9495439552 0.964936682323 2.69109005096 0.746551199261 0.612728963572 20.7898813859 34.2807619609 11.7957464757 8.40770273165 1.84869738574 0.894619171222 0.845119380531 1.64415707251 56.3101467769 57.8829322819 0.813570679004 0.834323426583 0.891169223658 0.769594489306
-9999.0 -9999.0 -9999.0 -9999.0 -9999.0 -9999.0 -9999.0 -9999.0 -9999.0 -9999.0 -9999.0 -9999.0 1.24744871803 15.9325896595 40.9940902825 44.5566117965 61.4494088829 62.309866323 15.6716239196 11.4878407549 3.3466166123 1.08022584336 4.37412686392 5.42069670158 8.39357710051 1.96413275262 1.89779705562 1.87105299742 3.69738464762 1.89082622195 2.04106199716 0.894457810898 0.894714930621 1.09430737592 424.981553836 444.374521343 445.346147328 0.99320440432 7.82746855567 3.12483721083 0.897838035876 36.9894193729 1.87426129856 0.959160244113 4.02041184675 0.943660161699 0.924134842679 1.77150448429 2.47946575118 3.23415317261 59.252407038 0.661865263309 0.597470670605 0.601521518427 0.524600446711
-9999.0 -9999.0 -9999.0 -9999.0 -9999.0 -9999.0 -9999.0 -9999.0 -9999.0 -9999.0 -9999.0 1.32562542655 12.1455852731 14.7163573544 2.41552964013 0.741671295376 1.7566230261 65.1883403513 66.1011160973 82.5795989218 1.01367751661 2.0857123897 0.955463699372 0.973483920317 9.34516817356 12.2594850163 15.0810946323 0.92029278835 4.61807253369 7.41265234392 4.67936257736 1.77167584289 1.72291631632 1.89807302891 1.87899339718 1.08431567187 446.174887645 446.893912537 456.286655408 1.6119877624 0.820401427821 37.529879453 1.9743151924 1.0088650486 1.05460630312 1.0427576637 0.977157881483 1.97102443708 5.52004536116 9.57506817771 69.4740165662 0.498491482788 1.52347171108 1.04389010706 0.925441610228
-9999.0 -9999.0 -9999.0 -9999.0 -9999.0 -9999.0 -9999.0 -9999.0 -9999.0 -9999.0 -9999.0 1.35330867882 8.26488826859 1.30354755707 1.19838369338 6.04207716343 7.14788621615 8.27769670403 9.36446732676 111.979858583 112.902940973 114.850783945 129.328131465 132.406289548 134.376157826 135.35104086 153.167370035 155.822118422 156.748300271 165.132326059 170.749681849 171.624188967 175.058991633 2.7345183917 2.67336290118 0.934875624271 0.881385097103 447.718196801 459.511462811 2.46962828572 42.566935867 41.8490852872 3.82713528914 0.940575094156 0.974149070464 0.955071096905 0.922742435841 1.8581494331 2.73701430464 0.887878614898 70.0942592994 70.7481075425 73.8783976607 74.4217786192 75.8537688601
-9999.0 -9999.0 -9999.0 -9999.0 -9999.0 -9999.0 -9999.0 -9999.0 -9999.0 -9999.0 -9999.0 4.20268369536 5.55883510213 2.62005170059 3.87103689306 1.23918865482 14.3834274209 15.5626269328 17.8836794491 18.9571397508 7.9311258552 124.354093673 125.313495092 1.11988118569 1.0082582549 0.998732657845 2.02173684382 0.986235464531 0.904761264811 0.865534722427 0.842048369713 172.508880201 175.926206538 179.406199385 182.746499863 185.952810462 1.56632722774 0.536333065337 504.151767615 43.9605857896 43.3040667264 0.830963436099 0.820762880867 0.789702905354 1.79046169763 1.77751428695 0.819349873747 0.820916522039 0.764746659144 1.64136425032 2.20892317553 0.440212898778 0.792623254125 0.344111167041 0.336541243755
-9999.0 -9999.0 -9999.0 -9999.0 -9999.0 -9999.0 -9999.0 -9999.0 -9999.0 -9999.0 -9999.0 -9999.0 2.84125686998 1.33172821617 1.26764346308 12.0353903497 13.248146534 1.20048427853 4.80769405677 5.9149709001 6.99057333889 1.13000996313 1.09596997176 20.3314336653 21.3295952025 22.3208764605 56.6700687192 57.5776816938 59.333801177 66.2019116139 71.1009876862 71.9098736076 0.759840562137 0.777239531702 0.69100790458 187.033499196 0.567784522012 512.085205686 511.235623022 6.41001967624 5.59402120481 3.26181942305 0.82457633155 1.5735386653 2.60232267586 2.58979210462 1.6097241625 0.791934667116 1.55189556223 1.52206343544 2.89236024341 0.521903912915 1.35645368217 2.20942254344 2.92749654171
