data/baseflow/History/mHMbfrc393
ncols                  80
nrows                 72
xllcorner      4374000.0
yllcorner      5656000.0
cellsize            500
NODATA_value       -9999
[rows 24 to 47 of 72, columns 0 to 54 of 80]
-9999.0 -9999.0 -9999.0 -9999.0 -9999.0 -9999.0 -9999.0 -9999.0 -9999.0 -9999.0 -9999.0 -9999.0 1.35660850727 3.78072252344 4.94856195596 8.46927126325 1.04604112847 2.11536283074 3.14158746781 12.1162768069 12.9668239474 13.621469428 14.4546889565 15.4137453026 24.4717538359 27.2360089214 28.7356145667 0.594285026585 3.53850986837 4.10792928994 54.7597989535 56.8464813952 57.7787571767 58.7258877339 59.6408632656 208.261425683 0.585885568431 400.558340539 1.1621502855 0.517654982768 4.04783157087 3.4586829931 0.499339757936 1.92452058331 2.80130165118 2.78604567136 1.93691972736 3.18869784769 5.04145675438 1.8255995776 4.88082191775 0.409975018914 0.584617021633 0.245478013898 0.211807835739
-9999.0 -9999.0 -9999.0 -9999.0 -9999.0 -9999.0 -9999.0 -9999.0 -9999.0 -9999.0 -9999.0 -9999.0 1.27698805557 2.53162008543 1.17793373479 2.37275450279 1.05320943344 8.04902555842 10.0845552232 11.1444190271 0.983071884628 1.87202570929 18.3973137856 22.848847379 23.6202054316 1.8650007087 1.78035962365 2.53044146934 0.510223978788 0.469314001936 0.905800450217 0.434025678302 28.8657922382 29.2999045926 29.8148142382 208.770054071 404.801664407 401.118295281 0.873277651145 0.387235025937 0.353206871209 1.18053007741 0.855238847379 2.33368336842 3.30686631574 6.6956534672 0.599784009486 0.594834955226 5.5476216542 6.08051130265 11.956057349 12.4066169131 13.2592412146 13.7356720283 0.434760654593
-9999.0 -9999.0 -9999.0 -9999.0 -9999.0 -9999.0 -9999.0 -9999.0 -9999.0 -9999.0 -9999.0 -9999.0 -9999.0 1.20452384435 2.42372433963 3.65479013153 5.86839663743 1.14172757306 1.05053073309 7.42475695496 8.40676377725 16.6631501249 17.693846935 2.85298436374 0.995041625938 0.925772594996 0.868378367706 25.9226701585 26.5320351136 27.0797112813 27.5556768151 28.4516261076 5.14486512887 5.69032712075 36.0464947792 649.840522532 3.09710917343 2.6956659565 1.32330038382 0.351415243705 0.314061983365 1.90724052289 2.21030795599 2.97744574661 0.308314568221 7.02761935462 0.995345855001 0.967750471316 0.276031090222 0.239681932265 0.233641447048 0.252785859954 0.242987838919 14.0050281065 185.340802916
-9999.0 -9999.0 -9999.0 -9999.0 -9999.0 -9999.0 -9999.0 -9999.0 -9999.0 -9999.0 -9999.0 -9999.0 -9999.0 -9999.0 1.17589619033 2.25930905639 3.25017602696 4.27494849058 5.33103669516 6.41983868784 3.19847268738 5.35249975382 1.01061891373 0.973869793694 21.3861437423 23.2840601119 24.1659586659 25.1449593202 0.76663032148 1.38179925261 3.58573531585 4.18701022472 4.69650703802 0.601505523583 0.617534430723 651.237921562 0.432117563591 0.830868802314 0.392628113235 1.26160668548 0.606590339297 0.362283702613 5.58007035296 5.95328312722 0.285291969258 7.34766549999 8.60467097765 1.22233023409 195.785167808 195.261997661 194.741334846 193.618431753 193.132550132 186.220101381 185.982693088
-9999.0 -9999.0 -9999.0 -9999.0 -9999.0 -9999.0 -9999.0 -9999.0 -9999.0 -9999.0 -9999.0 -9999.0 -9999.0 -9999.0 0.242421015966 0.560820184146 0.988943856644 8.82756040428 9.92345660079 1.1131272464 1.07746312426 1.076921586 17.3895588279 19.491320386 1.02818912459 1.0468162415 0.843442356092 3.46470186382 4.32247515183 2.29477459862 2.88988989677 19.9979811819 20.6196589575 21.9141997181 35.1378677861 686.651996705 0.430721632126 0.349731435219 1.83644173202 1.53997549733 0.320784021665 1.02801780792 1.36206805615 6.33702404101 6.68767964025 16.0884760979 8.81123965229 1.34197132217 201.509406087 3.0966340638 194.241876961 193.943926359 6.44692195626 0.324847381217 0.448744628267
-9999.0 -9999.0 -9999.0 -9999.0 -9999.0 -9999.0 -9999.0 -9999.0 -9999.0 -9999.0 -9999.0 -9999.0 -9999.0 -9999.0 1.27877993744 2.07313655731 4.37898584418 7.70754537624 10.8581397534 13.1612537045 14.2433070716 15.3413402163 16.4220003042 1.02624427766 0.939828543524 1.83913992503 1.7480365911 0.897711971071 17.3305018823 18.1563189373 18.9373038176 19.69231704 11.1684800805 11.7610309963 12.5255210946 686.89242498 0.737944056683 0.922533799431 2.92362520588 0.23140859124 0.680401588942 0.360692432238 0.307586406434 1.68498550463 0.288315520009 0.308608534689 219.239711668 202.896535833 202.571397914 1.13590978399 2.83855731187 1.83088308694 0.440934421564 5.77503526402 1.68129653192
-9999.0 -9999.0 -9999.0 -9999.0 -9999.0 -9999.0 -9999.0 -9999.0 -9999.0 -9999.0 -9999.0 -9999.0 -9999.0 -9999.0 0.902530615095 0.832124113024 1.62275372274 2.49199582333 1.1813065226 1.24663454637 2.36936017123 3.4678856234 5.56599193842 6.61325562688 7.56290800354 10.384363066 11.2788877357 12.240200477 0.865103664773 8.623126378 9.3679046534 10.0557289358 0.548585713785 0.272952966624 0.470169724421 699.275102263 699.503033676 700.716245808 3.553178474 0.460790328327 1.02287111519 0.302401467326 0.55720904697 1.9510191428 2.48285351402 0.568380848608 220.652439431 0.462875464355 0.624476512323 0.671286441112 0.567943483592 1.01395137089 0.443346616658 3.68117639052 2.84100858301
-9999.0 -9999.0 -9999.0 -9999.0 -9999.0 -9999.0 -9999.0 -9999.0 -9999.0 -9999.0 -9999.0 -9999.0 -9999.0 -9999.0 -9999.0 0.785288765568 1.56113770205 0.781380278061 1.62020015738 10.2058553383 11.2286486949 12.2793511578 1.04962327615 1.05327456908 2.002240631 2.97114730135 4.70562580683 5.60404084264 6.10465544914 6.92897244769 0.666089739698 0.597970942873 10.8959010841 11.1855575592 11.4171102558 11.6637081541 9.74741384474 711.508211555 716.670525516 716.854076445 718.020011903 719.056469893 719.949193985 0.290202464506 2.73548784174 220.953657234 0.744547924652 0.381135328738 0.39792658387 0.353371486311 0.614186212464 0.566691353439 0.325897903944 0.439193251135 0.40931582277
-9999.0 -9999.0 -9999.0 -9999.0 -9999.0 -9999.0 -9999.0 -9999.0 -9999.0 -9999.0 -9999.0 -9999.0 -9999.0 -9999.0 -9999.0 -9999.0 2.32379156814 3.17838415188 5.69447866533 7.67016774884 1.0848029797 14.5674288997 15.6122455396 16.6038290289 0.989461327591 1.93145986754 0.860425070754 6.48741134394 6.94418457581 7.70188847883 8.46182569464 10.2096839192 10.4926475126 0.180446992254 8.77186246818 9.26614670365 9.51458876004 10.5492090193 1.37760241781 0.894290065736 0.568679951167 0.529186457715 720.759292684 721.203753089 725.796755646 221.264687804 2.00281372501 0.974153573755 0.652728187759 0.203854804626 1.7951639135 0.924953420053 0.290463919331 1.54186430479 1.29277407242
-9999.0 -9999.0 -9999.0 -9999.0 -9999.0 -9999.0 -9999.0 -9999.0 -9999.0 -9999.0 -9999.0 -9999.0 -9999.0 -9999.0 -9999.0 -9999.0 0.88381583457 4.01707654449 4.90050968236 1.13893903998 1.11484022973 2.26432413279 3.33687148404 20.969120074 0.971898681209 3.91507746965 4.81226226029 5.69631755945 0.484263071334 1.17514564693 1.56337813372 7.07141420263 7.88215943538 8.1019464906 0.25569189985 0.239100266951 0.290186154561 0.541142434217 0.230414201464 0.231246383097 0.450248476722 0.302833719312 0.470494180398 1.51511106208 726.300343147 948.821292731 2.42153332139 0.253957992938 0.205017874484 5.4609514833 5.01188006203 2.90877729893 2.59563244791 1.92895433602 0.426568559368
-9999.0 -9999.0 -9999.0 -9999.0 -9999.0 -9999.0 -9999.0 -9999.0 -9999.0 -9999.0 -9999.0 -9999.0 -9999.0 -9999.0 -9999.0 0.725661828212 2.4293423506 0.813393958472 1.25494491645 1.2422348058 2.37696857438 3.49178883624 4.5088309091 26.341966679 27.2865345383 0.973926039716 1.87653990767 2.79180715782 3.43523153224 4.16701565318 6.2400555441 6.81954716194 0.516205712587 0.40026673994 0.302139103153 0.503264954088 0.417323806155 0.44131803562 0.35042567477 0.416484516222 1.68135651095 0.813374162725 0.451529923538 0.438266392019 0.435078524514 0.821626810171 964.96151822 13.5357079753 6.46799244753 0.525577485791 0.226150497341 0.210276216772 0.732642495363 0.507221804695 0.257523215711
-9999.0 -9999.0 -9999.0 -9999.0 -9999.0 -9999.0 -9999.0 -9999.0 -9999.0 -9999.0 -9999.0 -9999.0 -9999.0 -9999.0 0.773189131931 1.47445447426 5.44700437307 0.801554611047 2.38529674883 3.59350192124 4.72856632498 1.17262062934 2.20837420195 3.20287113672 31.316047042 0.916659736118 1.7553932881 2.61691045792 0.798081748218 1.57494194852 2.02724121862 2.55202531029 60.966303947 61.852711533 62.634918686 66.7800109525 68.0963819631 71.1735791223 0.737980489646 1.60392035534 2.09335864538 80.954385072 81.7975806198 0.409691584538 0.740642746336 1.0602837505 965.358431125 13.1019768484 5.99954267801 5.74297700933 4.67135309336 4.1629243641 0.974747960371 0.23700075541 0.452930984877
-9999.0 -9999.0 -9999.0 -9999.0 -9999.0 -9999.0 -9999.0 -9999.0 -9999.0 -9999.0 -9999.0 -9999.0 -9999.0 -9999.0 0.768149749304 2.34630703723 8.56241817555 12.6151096042 0.733020852104 16.7501432234 22.338639918 1.11800225151 2.1468026467 3.16946013801 40.4039598726 41.260892352 0.82486915934 4.2920298056 5.08830699713 5.74235444256 55.2762992448 56.9464811722 57.9989182969 0.513320699912 2.92609737767 3.48489415226 1.63899164265 2.34748721198 74.5330281581 77.2468142937 77.8611384111 78.451001832 82.6080156152 0.396842318322 0.365586896938 1.73453033824 965.753174721 0.369551250866 0.284500929432 0.850030407106 0.309449983512 3.75114292873 3.12438605147 1.83165035216 1.31686468009
-9999.0 -9999.0 -9999.0 -9999.0 -9999.0 -9999.0 -9999.0 -9999.0 -9999.0 -9999.0 -9999.0 -9999.0 -9999.0 -9999.0 -9999.0 -9999.0 1.64054663462 3.3086618192 15.0223520767 15.8928245866 23.1087666624 23.9812584615 1.09782282057 2.19408241776 5.18832319978 42.0821405918 43.8331990836 44.5840964778 0.658187501058 47.3254654617 49.015207052 1.09940818203 0.519154100264 0.994822527198 1.96028358582 0.485859101649 0.996952965 2.22340943001 2.81584924667 0.553609433237 0.409454452456 0.823635516586 85.2908883999 86.0610898014 86.3814774405 88.9101318197 966.110966346 0.244194734248 0.214051057352 0.251301245457 0.243278971814 0.248521147968 0.222940721595 0.419252077136 0.179931537992
-9999.0 -9999.0 -9999.0 -9999.0 -9999.0 -9999.0 -9999.0 -9999.0 -9999.0 -9999.0 -9999.0 -9999.0 -9999.0 -9999.0 -9999.0 -9999.0 0.857294162366 0.843131019835 0.847954941476 1.78154953813 0.795575509439 25.553533877 26.3518945088 1.02152281954 2.03513881985 1.01200643675 0.881584089501 0.861799128395 46.0985911276 0.557227448225 1.13363624621 0.577587724852 0.521127724396 0.481168859347 0.39937567221 0.413273149345 1.26027781384 1.71787789418 0.35791155572 0.326610862997 0.701557471122 1.14751916365 1.39080936884 0.334284687782 86.8143030346 89.2322601871 966.36102751 1.05462291285 0.591872664821 0.154664538332 0.364039476563 0.124475783654 0.0945561854979 0.526719515982 0.90820746625
-9999.0 -9999.0 -9999.0 -9999.0 -9999.0 -9999.0 -9999.0 -9999.0 -9999.0 -9999.0 -9999.0 -9999.0 -9999.0 -9999.0 -9999.0 -9999.0 -9999.0 -9999.0 0.83397190736 2.56146561632 3.27657567648 4.04340070685 27.0936758814 27.8260829271 28.5925305854 29.5259776901 30.3684820089 32.1125780864 32.6549942761 33.1792818829 33.6407952605 0.456943090838 0.432300408882 0.463448303673 1.70547948011 0.451366901526 0.434196114175 0.354626066031 1.05064389517 0.415959022466 0.337135148733 0.314621211535 0.276042003009 0.550872732948 0.800229034731 90.881513158 1058.57352019 0.211374061597 0.493948006135 0.125900905838 0.496461675384 0.267386669333 0.190539605245 2.13596775145 1.47643348221
-9999.0 -9999.0 -9999.0 -9999.0 -9999.0 -9999.0 -9999.0 -9999.0 -9999.0 -9999.0 -9999.0 -9999.0 -9999.0 -9999.0 -9999.0 -9999.0 -9999.0 -9999.0 -9999.0 0.717503069756 5.52963257663 11.1017066107 11.917657426 1.08145730858 2.10688664044 3.1077263395 3.98843697336 9.67517100621 10.159143736 0.46877518133 0.466016713713 34.5773348522 35.4275350494 35.8249215723 2.0481073801 0.333896529794 0.785873072658 1.15674361356 3.44882162523 4.23385655682 4.87858488597 0.593853174813 0.826361701306 0.279468623979 0.559182745232 0.289951584928 1059.13093497 0.204465512382 0.868449934494 0.38807807204 1.04956576756 2.1174806429 2.4134229651 4.65185039505 1.69011504771
-9999.0 -9999.0 -9999.0 -9999.0 -9999.0 -9999.0 -9999.0 -9999.0 -9999.0 -9999.0 -9999.0 -9999.0 -9999.0 -9999.0 -9999.0 -9999.0 -9999.0 -9999.0 0.779798086095 2.45895298277 4.82736861826 6.32632531684 16.4675336974 17.4054230618 2.07250530724 3.07624737747 3.97005578289 4.86691179798 10.6680207483 11.6253152031 20.3977895333 21.0432834783 21.457358521 36.2550501187 39.4856973682 0.783583931447 0.484290293329 0.468075515686 0.90877551261 0.424072260714 5.69221993953 5.99918867849 1.08979075281 1.28399984469 0.224458294332 235.079553823 235.674593521 1295.19968403 1296.37006151 0.189760168195 1.45910418061 0.239061376762 0.22542442811 5.12074481517 7.00431509868
-9999.0 -9999.0 -9999.0 -9999.0 -9999.0 -9999.0 -9999.0 -9999.0 -9999.0 -9999.0 -9999.0 -9999.0 -9999.0 -9999.0 -9999.0 -9999.0 -9999.0 -9999.0 -9999.0 0.869066971459 0.843515416617 1.61305899045 3.84211593583 18.1295178642 1.05608481903 1.0433307589 1.92015807888 2.82871548504 6.90770453318 7.53009180689 0.44360999055 0.448655036395 22.0020528312 22.4631730015 62.3158031419 62.6494375348 0.29921817872 0.266737426328 0.226592745719 0.228863036152 0.239555007322 230.055838084 231.79277556 233.294001745 233.72462574 234.877268323 0.31948240046 1.16973189969 1.48449143739 1298.42883434 1298.59579773 1298.8239631 1299.01320929 1299.18364194 7.24367131441
-9999.0 -9999.0 -9999.0 -9999.0 -9999.0 -9999.0 -9999.0 -9999.0 -9999.0 -9999.0 -9999.0 -9999.0 -9999.0 -9999.0 -9999.0 -9999.0 -9999.0 -9999.0 -9999.0 -9999.0 0.788571936077 0.817681005931 1.52495546297 21.1022311415 21.9124545443 1.02454417776 1.9029234117 2.83265900085 3.52968438002 0.604698754726 1.12421235627 49.5001856343 49.9627316024 50.3274521371 53.4235170876 116.425019256 218.741423692 219.417042805 220.039450854 220.637273228 223.000387296 223.759951833 1.45860036578 0.669428792807 0.398649727677 0.756126693689 0.574771677599 0.914725741711 0.300785254986 6.03813968802 6.66418401947 7.12636404279 7.28863270964 1299.35718828 1306.80514092
-9999.0 -9999.0 -9999.0 -9999.0 -9999.0 -9999.0 -9999.0 -9999.0 -9999.0 -9999.0 -9999.0 -9999.0 -9999.0 -9999.0 -9999.0 -9999.0 -9999.0 -9999.0 -9999.0 -9999.0 -9999.0 0.798502967405 1.52957480671 2.26301215988 22.536398366 0.854029109599 30.8912039938 31.8380948793 32.4150900694 32.9520005949 47.2915968404 47.8683208769 0.496749361784 2.32896557621 2.81787038848 0.492176204523 101.632060449 100.731608376 0.307476232672 0.689434909356 1.830751219 0.398156654328 0.420569292959 0.332391184964 0.287532054109 0.222197511633 0.266085842769 5.09056838766 5.37405954335 5.71115228848 0.337550130596 0.242168212455 7.4540057606 7.66493795704 7.77488817566
-9999.0 -9999.0 -9999.0 -9999.0 -9999.0 -9999.0 -9999.0 -9999.0 -9999.0 -9999.0 -9999.0 -9999.0 -9999.0 -9999.0 -9999.0 -9999.0 -9999.0 -9999.0 -9999.0 -9999.0 -9999.0 0.73831044225 0.69128282767 3.56376505873 27.5668837167 29.1583579227 30.0451237433 0.955699387809 12.9587896142 13.5481985898 13.8114725125 0.543247924375 1.08341462636 1.57102873096 24.55723775 24.9448018489 25.28889967 100.074003483 59.0067383978 0.380699803117 0.38724523427 0.373343213359 0.3022826172 2.96204833732 3.60687823933 4.17174158049 4.49283645272 4.80286507081 27.1274828246 27.3590374535 27.5573450901 28.0153614013 30.6128542079 30.7550868122 38.6946220258
-9999.0 -9999.0 -9999.0 -9999.0 -9999.0 -9999.0 -9999.0 -9999.0 -9999.0 -9999.0 -9999.0 -9999.0 -9999.0 -9999.0 -9999.0 -9999.0 -9999.0 -9999.0 -9999.0 -9999.0 -9999.0 -9999.0 1.43788487042 2.18362402247 0.809723419219 1.01356512094 9.65619963915 10.6093002477 11.3365734856 5.04517452982 5.55319905322 6.09297770996 6.57584806726 23.7136294917 24.1979561679 14.6127352822 40.3172235085 40.710893051 58.6807089848 0.756580078173 0.378282705678 0.27343163509 2.00761120563 2.36187627122 0.227587348326 0.211223580308 26.0659572684 26.6175624813 26.9022788836 0.242755098842 0.341221715917 30.1620823901 0.322299521161 1.1161212666 1.22610118953
-9999.0 -9999.0 -9999.0 -9999.0 -9999.0 -9999.0 -9999.0 -9999.0 -9999.0 -9999.0 -9999.0 -9999.0 -9999.0 -9999.0 -9999.0 -9999.0 -9999.0 -9999.0 -9999.0 -9999.0 -9999.0 -9999.0 0.715960852428 1.41836955531 5.97693624012 6.80488041077 7.74115755837 3.72043676259 4.52467987569 0.553833966408 15.6637460624 16.1702405845 16.663416534 0.478522902412 13.7023195083 14.1996110499 0.396039376642 56.7131165491 0.834745761874 0.411412908154 1.06497292986 1.44440529742 0.296365134932 0.239858339995 23.4440493314 25.5613135636 25.8902117082 0.327149439634 0.704613387517 0.893017240265 1.04664224003 2.02080958949 0.398432173116 0.913261897328 0.189020251304
