data/baseflow/History/mHMbfrc282
ncols                  80
nrows                 72
xllcorner      4374000.0
yllcorner      5656000.0
cellsize            500
NODATA_value       -9999
[rows 24 to 47 of 72, columns 0 to 53 of 80]
-9999.0 -9999.0 -9999.0 -9999.0 -9999.0 -9999.0 -9999.0 -9999.0 -9999.0 -9999.0 -9999.0 -9999.0 0.874936929925 2.43944204941 3.18183266978 5.43669934868 0.650088490321 1.31531483604 1.93085080511 7.49279422618 7.95116677451 8.22548805728 8.65481684653 9.12724947299 14.3394560601 15.7075667017 16.3728119531 0.227211977881 1.55600140123 1.75535230514 29.8713444513 30.6241608241 30.952651625 31.2861969706 31.6042844848 123.095378376 0.166877991418 250.788194891 0.335516102221 0.141102819549 2.17507441741 1.94025489453 0.2525796281 1.12420935213 1.65696111843 1.64250834959 1.12682417256 1.84301882313 2.91261565123 1.07518891407 2.75913895126 0.209714421264 0.287474594225 0.0600308023853
-9999.0 -9999.0 -9999.0 -9999.0 -9999.0 -9999.0 -9999.0 -9999.0 -9999.0 -9999.0 -9999.0 -9999.0 0.823734877098 1.63315945615 0.748935487666 1.51593290767 0.65186584936 5.03458414324 6.26814955379 6.90934249768 0.569368543374 1.06390248701 11.0993451185 13.5572650237 13.9344703064 0.935383101562 0.87817406795 1.21735497413 0.171937049985 0.155071805374 0.293487386187 0.16132045968 17.1351421382 17.3387276283 17.4889243481 123.354016487 252.190414291 250.934073538 0.211928087451 0.099375783242 0.0907728690322 0.450741700174 0.366845832895 1.2878960744 1.92280633981 3.90982105526 0.346502522022 0.343979994498 3.18391351062 3.46102007166 6.7429706512 6.91204465651 7.26084803479 7.37255726707
-9999.0 -9999.0 -9999.0 -9999.0 -9999.0 -9999.0 -9999.0 -9999.0 -9999.0 -9999.0 -9999.0 -9999.0 -9999.0 0.765194517951 1.52845057191 2.30041104714 3.67010365118 0.72109585909 0.640470080685 4.75413483494 5.32841037288 10.1814544803 10.7592670861 1.596539636 0.542406343183 0.476319764956 0.421215764452 16.0486971033 16.2953616889 16.4881140525 16.6386003481 16.9564112696 2.33344402603 2.52777030414 20.171766176 395.863531951 0.9958588801 0.78331819284 0.34937079476 0.103823334083 0.0825405323846 0.625846969396 0.687437790772 1.44945679554 0.0831731270439 4.0259841709 0.528998807568 0.514134671504 0.0845450601442 0.0563432229111 0.0499016193144 0.0673433605725 0.0535060563217 7.42354625381
-9999.0 -9999.0 -9999.0 -9999.0 -9999.0 -9999.0 -9999.0 -9999.0 -9999.0 -9999.0 -9999.0 -9999.0 -9999.0 -9999.0 0.735288966976 1.48632714892 2.15400812637 2.83075675979 3.47789036452 4.14285055097 1.92821405628 3.18871661659 0.575732073222 0.553739153044 13.5903166801 14.671475186 15.1732673816 15.6947360166 0.349570224379 0.605638543145 1.66226389365 1.88426457745 2.10232796776 0.239015635977 0.178374258549 396.466308425 0.214539377532 0.286276627621 0.141355697705 0.398672891264 0.188174737422 0.112738339299 2.24187323532 2.35172940373 0.0751236960898 4.11437537589 4.69673917752 0.557453596227 97.4653864985 97.3261608981 97.208795595 96.9330368659 96.7984624998 94.9090332082
-9999.0 -9999.0 -9999.0 -9999.0 -9999.0 -9999.0 -9999.0 -9999.0 -9999.0 -9999.0 -9999.0 -9999.0 -9999.0 -9999.0 0.178831658632 0.39696036074 0.671908612263 6.07932789977 6.75195428525 0.684083078821 0.646119757022 0.634433907925 11.3174098558 12.5124862693 0.5741478975 0.588712982365 0.47608502349 1.95958372578 2.43678487468 1.09381272824 1.36274327254 11.3702063662 11.6914190714 12.3288827711 19.1249601464 415.761862496 0.207700942907 0.117445037506 0.602918817018 0.502126804015 0.0998906624792 0.324677895779 0.436383686361 2.46552819673 2.56219581483 7.45968844897 4.74198165122 0.607315342536 99.3255996065 0.845673176947 97.0949233425 97.0179723795 1.76668768035 0.121008141663
-9999.0 -9999.0 -9999.0 -9999.0 -9999.0 -9999.0 -9999.0 -9999.0 -9999.0 -9999.0 -9999.0 -9999.0 -9999.0 -9999.0 0.903442665592 1.4813133716 3.06726024863 5.34357127633 7.35920948167 8.83881873999 9.48732637526 10.1393691345 10.7611337975 0.583271075516 0.52886513616 1.03282845504 0.981462608399 0.507910955808 9.92970376748 10.3937361197 10.8251951075 11.2199176346 6.0187538449 6.25753934594 6.57595378951 415.91074935 0.384047451958 0.307420115381 0.990076283716 0.0990502164046 0.243382886553 0.131324931493 0.104509349795 0.550602525722 0.080715328667 0.0834830909727 107.264253784 99.7333223877 99.6436969827 0.344835047006 0.791862352691 0.50707200031 0.114097769108 1.54262469467
-9999.0 -9999.0 -9999.0 -9999.0 -9999.0 -9999.0 -9999.0 -9999.0 -9999.0 -9999.0 -9999.0 -9999.0 -9999.0 -9999.0 0.628502298614 0.586661549354 1.14930260656 1.73987967998 0.751321937793 0.743970177893 1.40561886971 2.05207689572 3.26263370259 3.86957235667 4.41819025429 6.01489311393 6.5169282857 7.05310786654 0.48327885639 4.85852156412 5.24343777888 5.54610040327 0.200518575863 0.0706170810956 0.142212310238 422.476015996 422.617793259 423.241642453 1.29351290264 0.21295425038 0.333382756184 0.0997130739445 0.189044061152 0.641743103627 0.798556671918 0.15388084097 107.653532672 0.127036188521 0.190284557875 0.213284567109 0.165712846773 0.296699338877 0.126398759245 1.02436236721
-9999.0 -9999.0 -9999.0 -9999.0 -9999.0 -9999.0 -9999.0 -9999.0 -9999.0 -9999.0 -9999.0 -9999.0 -9999.0 -9999.0 -9999.0 0.555891193225 1.08945222194 0.524538222136 1.09964527876 6.91493797064 7.56295462412 8.19310985074 0.603767268241 0.608062330352 1.15533598322 1.70522570113 2.68783274197 3.18973571212 3.46397881152 3.91384630883 0.368504565991 0.308084490286 5.93914818578 6.02085730348 6.13405292325 6.26926553083 5.19324412004 428.998355521 431.110394762 431.216125091 431.642256481 432.092773437 432.380660349 0.0829178562409 0.876682932201 107.736096774 0.198447900161 0.101717819172 0.109878298053 0.10090668769 0.17792836505 0.164434841249 0.0951948269977 0.136492847506
-9999.0 -9999.0 -9999.0 -9999.0 -9999.0 -9999.0 -9999.0 -9999.0 -9999.0 -9999.0 -9999.0 -9999.0 -9999.0 -9999.0 -9999.0 -9999.0 1.61848218748 2.18217778353 3.87156611462 5.19478998248 0.720749433945 9.62745484191 10.2272934292 10.8045046015 0.569666393538 1.11958478772 0.496733177959 3.72899661456 3.98015491852 4.38354943505 4.79805899966 5.69829597368 5.80166493091 0.0702458792417 4.63754739631 4.9156074523 5.06356018048 5.60869158663 0.679411708884 0.422044441115 0.241192237424 0.227352201099 432.63681371 432.766996294 434.220505402 107.824129203 0.541504446133 0.266206075406 0.18091424799 0.0580822014344 0.519697906494 0.268194779267 0.0864340487677 0.475407679097
-9999.0 -9999.0 -9999.0 -9999.0 -9999.0 -9999.0 -9999.0 -9999.0 -9999.0 -9999.0 -9999.0 -9999.0 -9999.0 -9999.0 -9999.0 -9999.0 0.558432404452 2.73919043941 3.3376723577 0.754963888872 0.662079974989 1.33418567004 1.9558155137 13.3606276554 0.568865492282 2.27774614906 2.79648054789 3.2983685241 0.265264310707 0.633955459375 0.800908671905 3.77913393017 4.14594854979 4.28718113567 0.145514574914 0.128581514321 0.141177936687 0.261465918803 0.107310091957 0.111237723168 0.167060051836 0.149455765206 0.174657172937 0.476780915092 434.364399939 542.543752506 0.644353955533 0.0950440982645 0.0603062588834 1.62271997925 1.49606898671 0.886862130796 0.795337326015 0.593218947756
-9999.0 -9999.0 -9999.0 -9999.0 -9999.0 -9999.0 -9999.0 -9999.0 -9999.0 -9999.0 -9999.0 -9999.0 -9999.0 -9999.0 -9999.0 0.471237898494 1.5331654573 0.504395636189 0.784667795503 0.747321573018 1.42717823153 2.08375416339 2.71153575636 16.6156312568 17.1666057414 0.564289922213 1.08565839181 1.61355595949 1.95359234347 2.3048634666 3.28177182034 3.62468861332 0.179119850093 0.182116793479 0.149181047252 0.155625174664 0.167399489523 0.191343912294 0.163247719577 0.208483433321 0.591826182157 0.284528588939 0.128860692211 0.124745301226 0.120494074704 0.227074829678 547.107415578 3.80566044544 1.91855110864 0.161343715372 0.0716600753265 0.0652202348622 0.228840411827 0.157388988221
-9999.0 -9999.0 -9999.0 -9999.0 -9999.0 -9999.0 -9999.0 -9999.0 -9999.0 -9999.0 -9999.0 -9999.0 -9999.0 -9999.0 0.500601423999 0.957057767704 3.40818888059 0.435946467643 1.47516627073 2.20263488727 2.87884998015 0.699819566916 1.30811383955 1.93655812395 19.6152678225 0.53551509378 1.0247119259 1.52081319567 0.445509885427 0.872545928778 1.03154920295 1.33432685487 34.6869233567 35.0782777574 35.4215281955 36.9604093006 37.4601564771 38.6039539238 0.281532895714 0.610241366539 0.702704599644 41.8909531859 42.1329764543 0.116766493633 0.208305356803 0.297148997124 547.210502305 3.62202774399 1.50842566543 1.42687791832 1.30725083511 1.22363716319 0.304089648933 0.0745335333957
-9999.0 -9999.0 -9999.0 -9999.0 -9999.0 -9999.0 -9999.0 -9999.0 -9999.0 -9999.0 -9999.0 -9999.0 -9999.0 -9999.0 0.518505632685 1.55539383318 5.47323150191 7.98614531978 0.372364375593 10.3200314318 13.7289326128 0.652600676334 1.25786401787 1.89794842718 25.0052502549 25.5214023665 0.414056700713 2.35066618942 2.73827608267 3.07097291882 32.1815973548 32.7860973898 33.1778573904 0.192822478203 1.11992907542 1.32421082226 0.563496078059 0.806187816263 39.7475202217 40.6998578926 40.8920004668 41.0725303457 42.3618746204 0.11161754179 0.101208764344 0.485754492609 547.33283494 0.114002008565 0.0179037979368 0.0494079080571 0.0188896483697 1.09362607195 0.991209878836 0.586375110192
-9999.0 -9999.0 -9999.0 -9999.0 -9999.0 -9999.0 -9999.0 -9999.0 -9999.0 -9999.0 -9999.0 -9999.0 -9999.0 -9999.0 -9999.0 -9999.0 1.05770844835 2.09021781846 9.36758824769 9.87268448816 14.1638929767 14.69488285 0.639796519225 1.27942245312 3.0489376806 25.9288710833 26.7752940016 27.1079936411 0.275995853752 28.290550451 28.9015619915 0.392307817415 0.195584754327 0.393575818987 0.75730856083 0.179976197847 0.358163086151 0.794620050092 0.981758030943 0.175461205766 0.122746336091 0.243122091846 43.235726608 43.4811310314 43.5714608864 44.2843586144 547.445562625 0.0763842444273 0.0113186864255 0.012462954381 0.0121153356333 0.0125418977762 0.0108664794755 0.0199552890555
-9999.0 -9999.0 -9999.0 -9999.0 -9999.0 -9999.0 -9999.0 -9999.0 -9999.0 -9999.0 -9999.0 -9999.0 -9999.0 -9999.0 -9999.0 -9999.0 0.540373900224 0.522651835677 0.507950763229 1.01218235734 0.427874523372 15.5547043374 16.0442528119 0.614535368766 1.20052332975 0.519583080607 0.41097808382 0.397511434604 27.772783134 0.189020725751 0.383453485829 0.231069640257 0.219936802285 0.184466760636 0.146190927769 0.151975768611 0.467919846469 0.640957992532 0.124684278723 0.104949760211 0.226482686216 0.374923611333 0.489451132464 0.128485941807 43.6964564699 44.3776589908 547.532160237 0.198109954771 0.0512218939795 0.00656048343416 0.0172891936355 0.00532159029134 0.00423107913277 0.0246900631378
-9999.0 -9999.0 -9999.0 -9999.0 -9999.0 -9999.0 -9999.0 -9999.0 -9999.0 -9999.0 -9999.0 -9999.0 -9999.0 -9999.0 -9999.0 -9999.0 -9999.0 -9999.0 0.517219273746 1.4678702764 1.85069262908 2.26490323595 16.4767588744 16.9402265493 17.4126327846 17.9605223612 18.3489312013 19.1503592206 19.343232037 19.5143548043 19.6860728836 0.192889565144 0.184480335254 0.189298764136 0.646973370126 0.168567871359 0.162561063757 0.129875482058 0.37699632799 0.137623420565 0.108338757839 0.100866229716 0.0837637862037 0.167163019077 0.246522123844 44.8926970851 592.717621098 0.0686497951249 0.151500430205 0.00537813493381 0.0236164007425 0.0132900197174 0.00853962519397 0.584350318743
-9999.0 -9999.0 -9999.0 -9999.0 -9999.0 -9999.0 -9999.0 -9999.0 -9999.0 -9999.0 -9999.0 -9999.0 -9999.0 -9999.0 -9999.0 -9999.0 -9999.0 -9999.0 -9999.0 0.406658243937 3.4042666979 6.58025323815 7.01627690528 0.700922956124 1.32325150194 1.91542141094 2.38794334374 5.54073970903 5.74266181872 0.19629654378 0.195628365737 20.0943827961 20.4613840042 20.6313803271 0.774251738864 0.105892771845 0.26280867027 0.390121861677 1.1873594267 1.45257578511 1.66131769239 0.19214283769 0.268946459507 0.0910046794977 0.181233331014 0.0932055791362 592.903931482 0.0640420918451 0.273477585257 0.0837215319098 0.159539424082 0.438165246586 0.486850940437 1.1110608494
-9999.0 -9999.0 -9999.0 -9999.0 -9999.0 -9999.0 -9999.0 -9999.0 -9999.0 -9999.0 -9999.0 -9999.0 -9999.0 -9999.0 -9999.0 -9999.0 -9999.0 -9999.0 0.474501548382 1.54272409614 3.00408586309 3.90074201752 9.80771331853 10.4073032123 1.23493725728 1.8267656458 2.33276159888 2.78457362189 5.93563564067 6.33044713687 10.9559052682 11.2830684399 11.4505335189 20.7901316826 21.9361960053 0.249487317375 0.165947838116 0.156636193719 0.299938771352 0.137524269435 1.92756711077 2.02777351927 0.355455396814 0.441864174003 0.072493637576 132.389853585 132.584663797 725.617739729 725.996203205 0.0641589531284 0.292524100872 0.081627081666 0.07535889028 1.262550792
-9999.0 -9999.0 -9999.0 -9999.0 -9999.0 -9999.0 -9999.0 -9999.0 -9999.0 -9999.0 -9999.0 -9999.0 -9999.0 -9999.0 -9999.0 -9999.0 -9999.0 -9999.0 -9999.0 0.563649386303 0.54790327611 1.01287320564 2.37982595 10.8780706543 0.634835411934 0.628343490933 1.13872265965 1.65313869385 3.8375529523 4.10341090016 0.175914090992 0.226847131328 11.6820052299 11.8334271826 33.9036919421 34.016678876 0.0931585183355 0.0831752119562 0.0724175246202 0.0730646098759 0.0818382680663 130.611420736 131.20317996 131.749916745 131.926406005 132.309085785 0.103747434921 0.381849888059 0.472670061388 726.663820965 726.730552312 726.843727504 726.95250025 727.055751556
-9999.0 -9999.0 -9999.0 -9999.0 -9999.0 -9999.0 -9999.0 -9999.0 -9999.0 -9999.0 -9999.0 -9999.0 -9999.0 -9999.0 -9999.0 -9999.0 -9999.0 -9999.0 -9999.0 -9999.0 0.484453936047 0.516360990172 0.943719001311 12.7345758619 13.2523859705 0.618117018299 1.12749019171 1.6518220537 1.95980498987 0.257954854197 0.532943636139 29.5331961093 29.7118543904 29.8806715631 31.2087311901 65.3747403703 126.634985183 126.86651013 127.078810186 127.285954112 128.189269743 128.479993629 0.505141133627 0.223190236214 0.132767931672 0.250613474397 0.188702821584 0.299346665954 0.0964287866889 2.15385473539 2.38509050433 2.55630536287 2.610809684 727.115376427
-9999.0 -9999.0 -9999.0 -9999.0 -9999.0 -9999.0 -9999.0 -9999.0 -9999.0 -9999.0 -9999.0 -9999.0 -9999.0 -9999.0 -9999.0 -9999.0 -9999.0 -9999.0 -9999.0 -9999.0 -9999.0 0.497269031437 0.94907257696 1.40676186064 13.65799898 0.552758168497 18.8652070177 19.4092222342 19.6704722738 19.965538638 28.391614534 28.7162459285 0.18629491157 0.994617351217 1.19238834762 0.184271100256 61.035281152 60.6890781896 0.117020768148 0.267568235071 0.709590394989 0.154774160801 0.157870111928 0.111898648184 0.095824334128 0.0755927799929 0.0884940628068 1.85326332218 1.94693624683 2.0585221614 0.143808056148 0.100525555897 2.67865484725 2.74847527074
-9999.0 -9999.0 -9999.0 -9999.0 -9999.0 -9999.0 -9999.0 -9999.0 -9999.0 -9999.0 -9999.0 -9999.0 -9999.0 -9999.0 -9999.0 -9999.0 -9999.0 -9999.0 -9999.0 -9999.0 -9999.0 0.440763862129 0.411918129611 2.15648988814 16.7603798845 17.7950487483 18.3585248474 0.511305517576 7.82493934046 8.04848223516 8.15875672842 0.283555250016 0.502964931293 0.674661411991 13.7726654772 13.9219995842 14.0559089084 60.4410009094 38.0560138831 0.14657633112 0.150407284297 0.144260165942 0.114396458353 1.14325369861 1.35874697449 1.54882856684 1.65521246543 1.75788234472 12.9158494338 12.9947548565 13.0866683288 13.3071984498 14.1865764184 14.2372559954
-9999.0 -9999.0 -9999.0 -9999.0 -9999.0 -9999.0 -9999.0 -9999.0 -9999.0 -9999.0 -9999.0 -9999.0 -9999.0 -9999.0 -9999.0 -9999.0 -9999.0 -9999.0 -9999.0 -9999.0 -9999.0 -9999.0 0.864194837681 1.33233081031 0.517656065425 0.642413570963 6.13367439308 6.66033221861 7.00627025259 2.87736671839 3.07828826121 3.30986357592 3.51843797119 13.4472147494 13.6490468819 7.88700289569 22.1046117092 22.2548628294 37.9371946176 0.293717347092 0.14817060696 0.106788524673 0.786737851039 0.922500100794 0.0792206113046 0.0721781039605 12.571103978 12.7514693833 12.8423765837 0.102405819462 0.156786582644 14.0651766427 0.0813486633091 0.359340234088
-9999.0 -9999.0 -9999.0 -9999.0 -9999.0 -9999.0 -9999.0 -9999.0 -9999.0 -9999.0 -9999.0 -9999.0 -9999.0 -9999.0 -9999.0 -9999.0 -9999.0 -9999.0 -9999.0 -9999.0 -9999.0 -9999.0 0.436854412516 0.862098435159 3.7659708606 4.32048983378 4.92886403057 2.2776659333 2.67238322133 0.219587176725 9.35116082756 9.54509102874 9.73918514819 0.192466083873 7.51167262843 7.72101556239 0.157794036246 37.1731139907 0.329963153784 0.164544065741 0.420481071905 0.569145737474 0.113220125901 0.0931385004839 11.6417927532 12.4053996112 12.5121836488 0.108794898924 0.238824783774 0.300623521194 0.349237746563 0.683918920101 0.131618477479 0.292906987777
