data/baseflow/History/mHMbfrc440
ncols                  80
nrows                 72
xllcorner      4374000.0
yllcorner      5656000.0
cellsize            500
NODATA_value       -9999
[rows 24 to 47 of 72, columns 0 to 53 of 80]
-9999.0 -9999.0 -9999.0 -9999.0 -9999.0 -9999.0 -9999.0 -9999.0 -9999.0 -9999.0 -9999.0 -9999.0 0.369875648451 0.955401140952 1.23070553656 2.10185777503 0.229084620229 0.466336533219 0.678521991253 2.68043259034 2.80459713888 2.85107072932 2.96037352497 3.10981387305 5.09532240366 5.46798000239 5.61199953797 0.0333895676369 0.270960776072 0.297863992923 9.47775257998 9.55762601877 9.59784053695 9.64019455733 9.6751147752 41.2985731829 0.0434965548742 94.1782631154 0.0321916833392 0.0113320577532 0.582260718215 0.543145829552 0.0510887893664 0.300791221245 0.455437695427 0.448576885298 0.291569731899 0.478658079387 0.759387774754 0.287163636045 0.723564565171 0.0446190192244 0.06442438173 0.00363349594791
-9999.0 -9999.0 -9999.0 -9999.0 -9999.0 -9999.0 -9999.0 -9999.0 -9999.0 -9999.0 -9999.0 -9999.0 0.325916786573 0.64119349647 0.280278901731 0.598057784122 0.236412146245 1.83700127322 2.2522343999 2.4870904297 0.185470917799 0.330140521786 4.11349756426 4.88134376481 4.9883151297 0.2669335587 0.186139912829 0.233958079265 0.0191834461243 0.0151302249172 0.0275952523519 0.0194930783961 8.41284410658 8.44343533955 8.4560289986 41.4030861797 94.4449124404 94.1890746435 0.0145255787319 0.00869480061092 0.00794060345203 0.0676861458725 0.061898979204 0.323664477713 0.512267895224 1.05060480967 0.0911901556521 0.0902788828467 0.819160100957 0.879903754695 1.72308646393 1.74699667759 1.81541013398 1.82213694721
-9999.0 -9999.0 -9999.0 -9999.0 -9999.0 -9999.0 -9999.0 -9999.0 -9999.0 -9999.0 -9999.0 -9999.0 -9999.0 0.278882795572 0.562142824116 0.853476834161 1.35371121748 0.260285132307 0.217595526156 2.09984201141 2.27956939855 3.85470962451 4.04315081081 0.521154204867 0.149861273254 0.122794443465 0.094967589706 8.2817118711 8.31909357961 8.34073087191 8.35418588395 8.3886660659 0.441381250939 0.469634989225 8.94109677996 144.858632375 0.154433109005 0.0863505477832 0.0311123310104 0.0105867475069 0.00657981362181 0.0818923444873 0.0856982879145 0.334775892359 0.00588596713701 1.0619611987 0.12204193191 0.117740040965 0.0068687518231 0.00359600976669 0.00300442628382 0.00780761506194 0.00312039445198 1.82648841382
-9999.0 -9999.0 -9999.0 -9999.0 -9999.0 -9999.0 -9999.0 -9999.0 -9999.0 -9999.0 -9999.0 -9999.0 -9999.0 -9999.0 0.264694283104 0.657714556047 1.04710609225 1.44051642629 1.66448098604 1.89922196127 0.635563725539 1.05066741198 0.18011498462 0.171899117546 7.60098139001 7.92366187258 8.05792123202 8.20006089992 0.0747107624393 0.116264242683 0.349655127487 0.369529160754 0.397220203775 0.038994481335 0.0341526703212 145.066135157 0.0713387542778 0.0431189631367 0.0188697370752 0.0643403064803 0.0315445052751 0.0143558460771 0.433324004061 0.455503108168 0.0088115984122 1.07472526939 1.19895002876 0.119752886678 23.0163461747 23.0061010644 22.9976300207 22.9723462037 22.955822181 22.7557200593
-9999.0 -9999.0 -9999.0 -9999.0 -9999.0 -9999.0 -9999.0 -9999.0 -9999.0 -9999.0 -9999.0 -9999.0 -9999.0 -9999.0 0.153189189791 0.314265994401 0.391490974256 4.8146567969 5.03981463699 0.232112463409 0.211100631933 0.205718828601 6.90843594003 7.27411958693 0.167474442012 0.183029042402 0.124752517522 0.514543941184 0.636177911573 0.237447692909 0.291443576394 3.15532738609 3.21584539364 3.38035045833 4.99988598547 150.148970427 0.0734788930318 0.0143298773955 0.107779499003 0.0871554913717 0.0185804580556 0.0525703105459 0.0707425100437 0.47379229563 0.489317812818 1.71642184059 1.20790488993 0.128898726128 23.3221358556 0.110277482008 22.9892871729 22.9814773679 0.185333710744 0.0372970622733
-9999.0 -9999.0 -9999.0 -9999.0 -9999.0 -9999.0 -9999.0 -9999.0 -9999.0 -9999.0 -9999.0 -9999.0 -9999.0 -9999.0 0.771842662454 1.27892519943 2.46281194725 4.47154153249 5.47018911824 6.10012000153 6.32772720432 6.5460694487 6.74538825359 0.174299126359 0.143683568538 0.279207094965 0.258021892 0.135904488228 2.80237000223 2.91937699896 3.0249684704 3.1235168121 1.44115991693 1.46273138504 1.5634358984 150.221169095 0.155589782353 0.037201788225 0.166209015449 0.0232818885931 0.0518666794877 0.0318221516971 0.01668516817 0.0943485464895 0.01187727854 0.0121250721138 25.1166404945 23.389808428 23.375865303 0.0564726441655 0.106082767514 0.0611235039642 0.00834927676173 0.121898906711
-9999.0 -9999.0 -9999.0 -9999.0 -9999.0 -9999.0 -9999.0 -9999.0 -9999.0 -9999.0 -9999.0 -9999.0 -9999.0 -9999.0 0.529685727732 0.532896048753 1.06542355352 1.55214400789 0.293978277766 0.248900691036 0.460442486478 0.664239647254 1.02221393219 1.20842926899 1.36055547826 1.79511842348 1.91687109918 2.05722553776 0.111266107068 1.25194032875 1.33048716838 1.37587716213 0.0206865559808 0.00498775210996 0.0151973928499 151.802038132 151.8695669 152.119047715 0.246207215114 0.0530630493464 0.0657101077393 0.0113442765043 0.029618257922 0.109650393421 0.132511228307 0.0213968343986 25.1760056415 0.0217556325167 0.0297928074311 0.0323697766904 0.0274294935063 0.0427816184974 0.0170922735894 0.0970168602189
-9999.0 -9999.0 -9999.0 -9999.0 -9999.0 -9999.0 -9999.0 -9999.0 -9999.0 -9999.0 -9999.0 -9999.0 -9999.0 -9999.0 -9999.0 0.532445806457 1.02531640471 0.432376124891 0.854155820722 5.37867269714 5.62843983914 5.82217443658 0.178078053675 0.180681305796 0.340397626936 0.490594261649 0.726472822368 0.85230606911 0.929283369407 1.03031168865 0.078190176107 0.0509382792164 1.40640339958 1.41402566802 1.44512956357 1.49376096328 1.42792778063 153.757909818 154.276269156 154.309428086 154.405141108 154.503888782 154.548765455 0.00992466751323 0.143291096771 25.1859918543 0.0197183147189 0.0101270683096 0.0186485913847 0.0211564544539 0.0344315251486 0.0227144160873 0.0134931922029 0.0236390560738
-9999.0 -9999.0 -9999.0 -9999.0 -9999.0 -9999.0 -9999.0 -9999.0 -9999.0 -9999.0 -9999.0 -9999.0 -9999.0 -9999.0 -9999.0 -9999.0 1.5162996868 1.95435679819 3.29364072617 4.14754190156 0.387044817819 6.45592005347 6.63107903497 6.79500836607 0.157561723562 0.302692787796 0.117750571133 0.973553871474 1.0425927609 1.13650356328 1.21137329516 1.38086107998 1.39629431169 0.0116038316886 1.20488836041 1.31099439311 1.37898034436 1.57156889064 0.213209401519 0.118038936882 0.0504756472318 0.0500160510242 154.590976401 154.608663014 154.84094717 25.195364551 0.0655153194434 0.0382776621964 0.0277956014781 0.0072403719504 0.0816341084819 0.037762662539 0.0113281615222 0.0628527388902
-9999.0 -9999.0 -9999.0 -9999.0 -9999.0 -9999.0 -9999.0 -9999.0 -9999.0 -9999.0 -9999.0 -9999.0 -9999.0 -9999.0 -9999.0 -9999.0 0.478473217739 2.42219171772 2.88220973589 0.397478199783 0.207857284892 0.421000175816 0.614998427248 7.5996088819 0.155671261131 0.623831441691 0.752378807827 0.87388794028 0.0710321056279 0.157236886309 0.184368789284 0.940399158243 1.02828502689 1.08694272564 0.0550586006618 0.042009628359 0.0387725987226 0.0732085174915 0.0267322157177 0.0275459183272 0.0305067645538 0.035255821093 0.0331017441477 0.0746040765904 154.861523664 180.098696844 0.0771117134949 0.0246666731151 0.00783376973328 0.236987023763 0.220987379225 0.126077298764 0.111861310166 0.0805590409236
-9999.0 -9999.0 -9999.0 -9999.0 -9999.0 -9999.0 -9999.0 -9999.0 -9999.0 -9999.0 -9999.0 -9999.0 -9999.0 -9999.0 -9999.0 0.470045644813 1.36231608161 0.427764310849 0.321024857452 0.248638249144 0.458511931775 0.660773047782 0.883851743163 8.80139702143 8.94905742091 0.153155726011 0.283681360451 0.418776948999 0.505803543978 0.577657504479 0.775505261949 0.887605836427 0.0146890804307 0.0314251458378 0.0319066173255 0.0271959838006 0.0302308833222 0.0385411217489 0.0326234987984 0.0510561624215 0.117170069937 0.0576240633675 0.0208776105186 0.0205830715145 0.0129125982398 0.0232110536837 180.974897844 0.764580237883 0.310334026497 0.0521875927614 0.0273605750092 0.0133819268945 0.0367811101286 0.021592972227
-9999.0 -9999.0 -9999.0 -9999.0 -9999.0 -9999.0 -9999.0 -9999.0 -9999.0 -9999.0 -9999.0 -9999.0 -9999.0 -9999.0 0.513652622279 0.955071587662 3.1996160849 0.407358666868 0.694225737689 0.930724168282 1.13864310591 0.221735028387 0.400489119621 0.685983307587 9.91071521705 0.141559716683 0.260249125317 0.376780295321 0.103907982303 0.19885669222 0.210096816245 0.289189751307 13.9449615442 14.0051386522 14.0584526879 14.2865016405 14.3837236879 14.5654677951 0.0409213462566 0.104067686365 0.131700284954 15.0514069507 15.0844095496 0.0183469157167 0.0265094250186 0.0345704024009 181.000559256 0.71856235543 0.334953565724 0.297079853662 0.263390837481 0.234277514038 0.0484763932688 0.0137677437234
-9999.0 -9999.0 -9999.0 -9999.0 -9999.0 -9999.0 -9999.0 -9999.0 -9999.0 -9999.0 -9999.0 -9999.0 -9999.0 -9999.0 0.516609672579 1.55643813676 5.2533577959 7.82247092988 0.358585469755 9.98569511278 11.4735301778 0.200908261969 0.37625032885 0.630840905576 11.7555205739 11.9700798798 0.0926863033369 0.559194764082 0.638662042052 0.700267910934 13.5131187084 13.5750169709 13.6387989806 0.0317806139082 0.177788499401 0.205291726691 0.0803274128225 0.110133871478 14.7212027276 14.8685445284 14.8897510375 14.9090726932 15.1041349614 0.00941445242393 0.00827792085706 0.0506621125796 181.023946203 0.0332503088484 0.00111257482249 0.00312106955399 0.00137563781385 0.195216913647 0.188887694193 0.115310475178
-9999.0 -9999.0 -9999.0 -9999.0 -9999.0 -9999.0 -9999.0 -9999.0 -9999.0 -9999.0 -9999.0 -9999.0 -9999.0 -9999.0 -9999.0 -9999.0 1.05810915356 2.12336939324 9.17948757909 9.64137838168 11.8755759824 12.2369040306 0.192675498768 0.385634288314 0.925137227478 12.215042547 12.4385813034 12.5103169398 0.0493953402584 12.7341519006 12.7922914276 0.0423527196663 0.0346483248136 0.0658707077812 0.126468153553 0.0302102845127 0.0567644441428 0.115485003156 0.139468961477 0.0262702246852 0.0158161225983 0.0298520522552 15.2356062987 15.2729751492 15.2804263793 15.3546251815 181.044223612 0.028280121607 0.00058322293898 0.000691665304354 0.000700425891528 0.000736330587698 0.000640498623854 0.00114085045725
-9999.0 -9999.0 -9999.0 -9999.0 -9999.0 -9999.0 -9999.0 -9999.0 -9999.0 -9999.0 -9999.0 -9999.0 -9999.0 -9999.0 -9999.0 -9999.0 0.552157832641 0.53801259605 0.496898080309 0.903589307802 0.368627790247 12.9834230357 13.3065133493 0.200613634859 0.364012310931 0.142332711836 0.100965303146 0.0957622044701 12.6434824885 0.0145142232738 0.0301897758192 0.0300052497518 0.037228930599 0.0305781207158 0.0215108173959 0.0227461160742 0.0705995943578 0.0982604565191 0.0171679742807 0.0141412566619 0.0314425029257 0.0547069634538 0.0824874026181 0.0231891521135 15.2942555779 15.3624233884 181.06118834 0.0638017221435 0.00182006450873 0.00028586734606 0.0009243126155 0.000233347552173 0.000190096778518 0.00136220778109
-9999.0 -9999.0 -9999.0 -9999.0 -9999.0 -9999.0 -9999.0 -9999.0 -9999.0 -9999.0 -9999.0 -9999.0 -9999.0 -9999.0 -9999.0 -9999.0 -9999.0 -9999.0 0.526856604582 1.36855519406 1.74380376416 2.1107581361 13.6649918817 14.0246263167 14.3353121168 14.5837001786 14.675445729 14.8676278494 14.884005518 14.8956672706 14.9113793909 0.0311832072386 0.0284045695027 0.0300365098269 0.0990131150634 0.0266236968889 0.0250023918358 0.0180142332951 0.0517336934779 0.0203131785385 0.0148333150321 0.0135415420055 0.0119076305716 0.0237552940949 0.0340212547099 15.4297775748 196.571119021 0.0319745822033 0.0466078523132 0.000182530152674 0.00122798671951 0.00064773901912 0.000383073147879 0.132143816403
-9999.0 -9999.0 -9999.0 -9999.0 -9999.0 -9999.0 -9999.0 -9999.0 -9999.0 -9999.0 -9999.0 -9999.0 -9999.0 -9999.0 -9999.0 -9999.0 -9999.0 -9999.0 -9999.0 0.429781750012 3.44576233598 6.46408493875 6.80790255916 0.346323963441 0.546173055729 0.710511028831 0.81909536982 1.6333947934 1.66466821389 0.0312422276297 0.0291433301169 14.9693470663 15.0208990478 15.0461976979 0.115687224694 0.0132139054383 0.0355672537766 0.0522318749865 0.160922196628 0.198604000809 0.226465512803 0.0251282837081 0.0346944433129 0.0116580036713 0.0233505090936 0.0121684527972 196.597716298 0.0191100897134 0.0898200019958 0.0126753279226 0.0185582165404 0.121187261616 0.132865707743 0.278744722914
-9999.0 -9999.0 -9999.0 -9999.0 -9999.0 -9999.0 -9999.0 -9999.0 -9999.0 -9999.0 -9999.0 -9999.0 -9999.0 -9999.0 -9999.0 -9999.0 -9999.0 -9999.0 0.485916158697 1.55715433069 3.03042757917 3.94280236865 9.57504189136 9.92519591409 0.350138007257 0.509496563351 0.632375470921 0.733493939892 1.68378997622 1.74150862337 2.76293716496 2.83900633394 2.86253989221 15.0690940041 15.2339445532 0.033193474034 0.0241401119774 0.022202179947 0.0414587093485 0.0184717349121 0.262972405565 0.275964886539 0.0449663842223 0.0626685813814 0.0110205168356 57.805881718 57.8300971476 254.447461913 254.567628533 0.028333031953 0.0789481205758 0.0354735963053 0.0198803381548 0.304868808561
-9999.0 -9999.0 -9999.0 -9999.0 -9999.0 -9999.0 -9999.0 -9999.0 -9999.0 -9999.0 -9999.0 -9999.0 -9999.0 -9999.0 -9999.0 -9999.0 -9999.0 -9999.0 -9999.0 0.559550203483 0.537489303986 1.00680724444 2.36427838889 10.3310227693 0.181850793653 0.179174650835 0.29750570582 0.424205917016 0.909598951986 0.939315300021 0.0228826399828 0.0524594001757 2.90027744331 2.92252965241 18.177414209 18.1947099441 0.0105061741712 0.00914731542645 0.00751391825564 0.00758540362867 0.00909502381786 57.5214476412 57.6069451417 57.6942381873 57.7296038316 57.7900802142 0.0139253914865 0.0498433962501 0.0570252937398 254.655323002 254.671842767 254.715173084 254.740440873 254.765787612
-9999.0 -9999.0 -9999.0 -9999.0 -9999.0 -9999.0 -9999.0 -9999.0 -9999.0 -9999.0 -9999.0 -9999.0 -9999.0 -9999.0 -9999.0 -9999.0 -9999.0 -9999.0 -9999.0 -9999.0 0.48577323007 0.512179396708 0.936456834008 12.1450677744 12.4714936427 0.174054918429 0.295283089424 0.426115128583 0.4647573527 0.0266770918166 0.0727319691161 21.7511311536 21.7787660628 21.8126422883 22.0508652613 40.274371828 56.9874236385 57.0174619682 57.0437066297 57.06908102 57.1906223009 57.2318159552 0.0707254888676 0.0296769517954 0.0194443669163 0.0357737414628 0.0245591571809 0.0397651420435 0.0123054867569 0.286187887417 0.341166017421 0.406826000593 0.41043618754 254.777017492
-9999.0 -9999.0 -9999.0 -9999.0 -9999.0 -9999.0 -9999.0 -9999.0 -9999.0 -9999.0 -9999.0 -9999.0 -9999.0 -9999.0 -9999.0 -9999.0 -9999.0 -9999.0 -9999.0 -9999.0 -9999.0 0.494490673585 0.938830246695 1.38706402746 12.8238910713 0.234864910064 16.7106414887 16.8467374828 16.8720976087 16.9215279825 21.5635751005 21.6226899385 0.0304992300019 0.176988116036 0.208799835293 0.0287349497129 16.6850689444 16.63255915 0.0143341410584 0.0356383220302 0.097857405871 0.0223320646083 0.0239537472914 0.0148801039393 0.0123567717968 0.00932228685614 0.011255158105 0.250055247648 0.26213919008 0.277458656635 0.0462415967349 0.0564992997504 0.43826749343 0.444476110961
-9999.0 -9999.0 -9999.0 -9999.0 -9999.0 -9999.0 -9999.0 -9999.0 -9999.0 -9999.0 -9999.0 -9999.0 -9999.0 -9999.0 -9999.0 -9999.0 -9999.0 -9999.0 -9999.0 -9999.0 -9999.0 0.446441379264 0.410915063551 2.14022365222 15.737382512 16.3432047041 16.589544583 0.119496017241 4.57688007305 4.5969448749 4.61004602453 0.0528033672099 0.0877630644836 0.114340565921 3.92769818374 3.94937468814 3.96733039488 16.6008721418 10.8589852532 0.0204085789944 0.0215563048406 0.0200057799838 0.0146762328378 0.15591494113 0.184872085213 0.209808041754 0.224084253564 0.23769611359 2.3920185578 2.40112205702 2.4182273204 2.46488682513 2.58053318287 2.58419685057
-9999.0 -9999.0 -9999.0 -9999.0 -9999.0 -9999.0 -9999.0 -9999.0 -9999.0 -9999.0 -9999.0 -9999.0 -9999.0 -9999.0 -9999.0 -9999.0 -9999.0 -9999.0 -9999.0 -9999.0 -9999.0 -9999.0 0.865405377083 1.31870910807 0.376759014133 0.178559972302 4.23351140603 4.35757994656 4.41828880504 0.850000077511 0.86208047425 0.880878660694 0.91225462998 3.87701191799 3.91136271764 1.71205844524 5.70322928515 5.72460827218 10.8441562844 0.0414424072146 0.021147187314 0.0134974773375 0.108744111966 0.1276485347 0.00978712515245 0.00890192233463 2.34720159985 2.37104385784 2.38315669282 0.0213182894982 0.0330580591556 2.5693288773 0.0060328947952 0.0221861583703
-9999.0 -9999.0 -9999.0 -9999.0 -9999.0 -9999.0 -9999.0 -9999.0 -9999.0 -9999.0 -9999.0 -9999.0 -9999.0 -9999.0 -9999.0 -9999.0 -9999.0 -9999.0 -9999.0 -9999.0 -9999.0 -9999.0 0.4308368104 0.849582427272 3.32351265663 3.69079840112 3.9171523653 0.755573180211 0.836986655949 0.0156801069024 2.90581755648 2.9183789424 2.93315775231 0.0250668558185 1.65017645733 1.68658609509 0.0230799050814 10.7342819539 0.0491051133508 0.024508529838 0.0597523610166 0.0810009062387 0.0146524322997 0.011533470694 2.22155621867 2.32521671255 2.34000875813 0.0146966187298 0.0297101854233 0.0376641677613 0.0440784534693 0.0885289045529 0.00829164998622 0.0181589858284
