data/baseflow/History/mHMbfrc471
ncols                  80
nrows                 72
xllcorner      4374000.0
yllcorner      5656000.0
cellsize            500
NODATA_value       -9999
[rows 24 to 47 of 72, columns 0 to 54 of 80]
-9999.0 -9999.0 -9999.0 -9999.0 -9999.0 -9999.0 -9999.0 -9999.0 -9999.0 -9999.0 -9999.0 -9999.0 1.79385904605 5.17648369738 6.81078876847 11.814822417 1.61653100117 3.23625614715 4.79281309276 17.817996709 19.2340426323 20.5410335542 22.0647676397 23.7212674946 36.8776264233 41.715051941 44.7799791111 1.43599986653 7.57420935261 8.96548850031 94.0545980255 100.322329513 102.650393175 104.951127092 107.462370528 361.207660853 0.992126407585 715.776209051 3.17300445244 1.46908977872 7.61964349486 6.36701092091 1.15318759574 3.76098401483 5.26265625847 5.25313957035 3.75118068766 6.17414321993 9.80912030172 3.66328048669 9.85197539552 1.020098017 1.79959312236 0.871976727798 0.72663720995
-9999.0 -9999.0 -9999.0 -9999.0 -9999.0 -9999.0 -9999.0 -9999.0 -9999.0 -9999.0 -9999.0 -9999.0 1.7474531062 3.4702622638 1.63587833917 3.29292142391 1.58260293344 11.5566432186 14.7149755879 16.3012417184 1.52539130347 2.94807604641 26.9481830165 33.8936452949 35.2833780567 3.18055984756 3.29738136982 4.86784705171 1.35351080927 1.33408286151 2.61843174844 1.16589792861 42.2841158245 43.350267488 44.9519489391 362.122627171 726.898964607 717.603728921 2.84786893953 1.14097272612 1.06451771667 3.44420731239 2.29918350308 4.87707550761 6.43221151147 12.8832807272 1.19514881048 1.20344892913 10.967626374 12.1470245091 24.2003946565 25.3354844237 27.996585477 29.6477946911 1.54289647378
-9999.0 -9999.0 -9999.0 -9999.0 -9999.0 -9999.0 -9999.0 -9999.0 -9999.0 -9999.0 -9999.0 -9999.0 -9999.0 1.72251029621 3.41369114383 5.08825262601 8.31127156171 1.68927602223 1.61462803359 10.1656250123 11.6859668337 24.1553383805 25.6161619194 4.20242792394 1.56775395101 1.59489054071 1.61848984574 34.6726604167 36.0783211985 37.4568860704 38.7609662114 41.1817042138 10.1673445996 11.388989337 57.8734938015 1147.29162064 8.25601578459 7.33946176449 3.95066610291 0.953264063945 0.951206011544 5.62083072333 6.58275204922 7.06608977273 1.08979461136 13.9710206807 2.26402003442 2.24930415095 1.01154833628 0.886296206079 0.776528288677 0.617422756196 0.767636752219 30.3932242391 447.309828754
-9999.0 -9999.0 -9999.0 -9999.0 -9999.0 -9999.0 -9999.0 -9999.0 -9999.0 -9999.0 -9999.0 -9999.0 -9999.0 -9999.0 1.68376870976 2.99791607054 4.14537859276 5.33584945525 6.94406126935 8.57743218522 4.87191644268 8.00760108894 1.47998210119 1.47070130006 27.2093904569 30.1644177355 31.6017077716 33.1605910549 1.48733564965 2.89115905902 6.83968275141 8.11557760894 9.19696603419 1.22724842756 1.13227396662 1149.97485311 0.950095432688 1.84325718549 0.937935595842 3.41729379556 1.66932519847 0.903338051961 14.5832983233 15.2465920347 0.701083134773 14.6674603059 17.8946159167 3.25067216732 475.760086667 473.904811945 472.18332062 469.157751332 467.990150399 450.031535415 449.453937547
-9999.0 -9999.0 -9999.0 -9999.0 -9999.0 -9999.0 -9999.0 -9999.0 -9999.0 -9999.0 -9999.0 -9999.0 -9999.0 -9999.0 0.252868675287 0.597543363837 1.15345349625 9.3458175702 11.0343019507 1.67704708096 1.64249298498 1.58667163509 21.2440590028 24.2651317622 1.47785468538 1.5186876645 1.40930065616 5.64618896151 7.03998960608 4.35254468697 5.43703702618 31.491480326 32.7350159653 34.9302114766 57.238351046 1207.64974242 0.918476750389 0.86587272902 4.89177744864 4.14192438032 0.660083630673 2.26614977205 2.95887381703 16.0199568703 16.700769953 36.4301543302 18.3592899423 3.7156146073 488.829824063 6.6325154725 470.641082742 469.918744018 16.7621845816 0.523361319862 1.78875741574
-9999.0 -9999.0 -9999.0 -9999.0 -9999.0 -9999.0 -9999.0 -9999.0 -9999.0 -9999.0 -9999.0 -9999.0 -9999.0 -9999.0 1.30254283732 2.12340326676 4.60101287203 7.88402944429 12.0366124095 14.9857882444 16.5955560228 18.2056254456 19.756392021 1.50972033179 1.48805616298 2.94190370558 2.82952623488 1.42585915839 26.9142028875 28.2925502187 29.6163281703 30.8734909016 18.7418763491 20.1113042124 21.2781400475 1208.01210975 1.44246078853 2.17140667843 7.46177552418 0.658150166169 1.222991553 0.58347912979 0.659536217299 3.54016340347 0.597032693959 0.635681549866 528.400490322 491.446768653 490.821475315 2.17916711735 5.87737265001 3.99966228561 1.14479808933 15.7472220201 5.19519701084
-9999.0 -9999.0 -9999.0 -9999.0 -9999.0 -9999.0 -9999.0 -9999.0 -9999.0 -9999.0 -9999.0 -9999.0 -9999.0 -9999.0 0.907382317007 0.810526542746 1.5681836263 2.44445177681 1.51759154751 1.68973710184 3.31544294687 4.95889008607 8.08229518909 9.62704604919 11.1477548616 15.6280151615 17.0662839268 18.5148608959 1.39485600847 13.803518134 15.1124949399 16.3668102836 1.164486209 0.76117477127 1.3135676274 1230.08693498 1230.44120828 1232.70317395 9.13510853927 1.2521998144 2.2405476323 0.762500698032 1.20869293686 4.08293427198 5.20955548338 1.18741018069 531.146724942 0.818467282389 1.21791829066 1.33862977665 1.02677270987 1.98878003801 0.87929391274 9.19835948109 7.50452918678
-9999.0 -9999.0 -9999.0 -9999.0 -9999.0 -9999.0 -9999.0 -9999.0 -9999.0 -9999.0 -9999.0 -9999.0 -9999.0 -9999.0 -9999.0 0.747668345694 1.49526975583 0.799823185503 1.68049213619 10.5894905539 12.0356021091 13.6995206537 1.5597277183 1.56077516052 3.08400917192 4.59244625122 7.46614075153 8.87814508259 9.67193894938 11.0344476588 1.27418557243 1.24434741719 18.7857278093 19.4620906113 19.949524123 20.3884811199 16.5333589244 1251.07449701 1263.27033423 1263.71778073 1266.38196834 1268.98782124 1270.93431636 0.667955376795 5.77101110571 531.79885954 1.7864664763 0.911850541582 0.71982190336 0.577335088964 1.06507153251 1.18874161863 0.654463282727 0.80471603681 0.84381480497
-9999.0 -9999.0 -9999.0 -9999.0 -9999.0 -9999.0 -9999.0 -9999.0 -9999.0 -9999.0 -9999.0 -9999.0 -9999.0 -9999.0 -9999.0 -9999.0 2.22305990696 3.09713017501 5.66140869628 7.85730735529 1.26378085247 16.6205332893 18.1695984746 19.7519577254 1.57004143507 3.11037309189 1.46299221206 10.4735116123 11.2312714251 12.4382411032 13.7899407293 17.1747633635 17.6947864062 0.328008026232 14.8866429255 15.7396761537 16.115713511 17.9988181052 2.67718453666 1.80618882265 1.24320213282 1.17862597453 1272.8271854 1273.86524772 1283.6073756 532.508287776 4.40193144228 1.93100980811 1.26271693708 0.474621917928 3.50055797257 1.88602341433 0.611486051918 3.24076312853 2.69237700949
-9999.0 -9999.0 -9999.0 -9999.0 -9999.0 -9999.0 -9999.0 -9999.0 -9999.0 -9999.0 -9999.0 -9999.0 -9999.0 -9999.0 -9999.0 -9999.0 0.860503166608 3.93401710834 4.84688027581 1.35387067279 1.6540092857 3.27207999095 4.80164603291 26.1122005397 1.55888282019 6.24252021341 7.71516736374 9.16190489352 0.80644894781 1.95331986176 2.72949974499 11.8537225734 13.4359413443 13.7434015684 0.396362539825 0.453619691406 0.596377695138 1.08264705708 0.494068909413 0.544112561469 1.19865697131 0.878759687154 1.14881972284 3.21430401805 1284.62543474 1819.85511798 5.3951649854 0.67307318884 0.472939535044 10.9625411442 9.95853633982 5.85971476214 5.26704624791 3.98466652676 0.794642033774
-9999.0 -9999.0 -9999.0 -9999.0 -9999.0 -9999.0 -9999.0 -9999.0 -9999.0 -9999.0 -9999.0 -9999.0 -9999.0 -9999.0 -9999.0 0.661477478087 2.32080728576 0.787885572562 1.63037123398 1.75544416417 3.41996209688 5.03048922792 6.41793042505 33.5006291845 35.0291516645 1.55920622206 3.03930067375 4.51653544678 5.55452753334 6.7743472391 10.6433934305 11.4499360838 1.14962799519 0.815681491171 0.766229249508 1.08685523348 1.17938703051 1.09040326879 0.980996324104 1.06582988488 4.10815983666 1.83415261233 0.803612883971 0.772798498977 0.936406297654 1.82805089604 1853.97104318 28.1970431372 12.6642540829 0.680091271298 0.276744210552 0.351031341719 1.40178863496 1.0369834326 0.560677015493
-9999.0 -9999.0 -9999.0 -9999.0 -9999.0 -9999.0 -9999.0 -9999.0 -9999.0 -9999.0 -9999.0 -9999.0 -9999.0 -9999.0 0.698124686476 1.34396162245 5.11798051844 0.775672313672 2.9638203271 4.71751763576 6.4268591676 1.69069322469 3.26446175058 4.49930113134 40.4786786177 1.52115983147 2.97003189811 4.40861851127 1.33597722982 2.66694358782 3.79636742364 4.66533782041 91.3729136368 93.1998715148 95.0530924282 103.386483924 106.648045999 113.345117622 2.41702852295 4.89828668651 5.37571794357 136.292960203 138.002348305 0.745347393776 1.55966443014 2.3439803601 1854.51074967 26.9791265138 13.5371981345 13.2499437874 9.58532305222 8.15605994372 1.86579612199 0.412057681852 0.937897012011
-9999.0 -9999.0 -9999.0 -9999.0 -9999.0 -9999.0 -9999.0 -9999.0 -9999.0 -9999.0 -9999.0 -9999.0 -9999.0 -9999.0 0.704120253791 2.13850797771 7.95779892638 11.6399096125 0.693268426788 15.6104151684 22.9548640809 1.6386311407 3.201176531 4.54005014693 53.3695718091 54.4913245154 1.497314673 7.41650771727 8.8259866043 10.0015090729 80.0254257595 83.6484998672 85.6354396142 0.96269448786 5.70143019151 6.81674441167 3.24308784529 4.69858342466 120.174800861 127.334860723 128.638106565 129.910518646 139.973720207 0.973526858726 0.901764312716 3.99615076274 1855.15479311 0.484898619094 1.14551118919 3.40687896212 1.19094986722 7.55738077829 5.48664509818 3.17201095697 2.38927810985
-9999.0 -9999.0 -9999.0 -9999.0 -9999.0 -9999.0 -9999.0 -9999.0 -9999.0 -9999.0 -9999.0 -9999.0 -9999.0 -9999.0 -9999.0 -9999.0 1.49429745322 3.01092952714 13.877633041 14.715468651 23.6829708181 24.6007636753 1.60824083855 3.20689079879 7.58109524119 55.4076104068 58.3639692245 59.7890740997 1.25157163641 65.0522259259 68.9026210749 2.43121568123 0.947671554012 1.91176539927 3.72997126757 0.898914910282 1.87651722201 4.43474761539 5.60855146381 1.02332385239 0.815203026078 1.67719833714 145.506676001 147.40586138 148.22561124 153.950674666 1855.77650734 0.308275368698 1.00951237634 1.07456965429 1.0717032959 1.08214723831 1.02275344793 1.98297238934 0.270308871506
-9999.0 -9999.0 -9999.0 -9999.0 -9999.0 -9999.0 -9999.0 -9999.0 -9999.0 -9999.0 -9999.0 -9999.0 -9999.0 -9999.0 -9999.0 -9999.0 0.780407158916 0.764337188668 0.782502711535 1.75360326272 0.78110348354 26.1338418386 26.9830851007 1.46037185712 2.98143930432 1.65541847107 1.53796447247 1.52244468016 62.6882489992 1.34178618019 2.68008700963 1.20607570846 1.013890213 0.921236063105 0.800224460956 0.818417502688 2.47267152306 3.33838162291 0.726355136847 0.665879862258 1.39506919859 2.21659547541 2.78507351127 0.785757203207 149.116455899 154.771143437 1856.21562522 3.31904124061 2.74102007961 0.859376947237 1.85246297634 0.789015415058 0.688698718391 2.70495991995 1.49099728549
-9999.0 -9999.0 -9999.0 -9999.0 -9999.0 -9999.0 -9999.0 -9999.0 -9999.0 -9999.0 -9999.0 -9999.0 -9999.0 -9999.0 -9999.0 -9999.0 -9999.0 -9999.0 0.755863612041 2.45937764977 3.11453643216 3.85638844473 27.7036546322 28.4274240808 29.2342018613 30.3934252508 31.8940393978 34.9376605252 36.2322436699 37.5529599055 38.7110067838 0.962022187765 0.93234901639 0.941953142788 3.39515997961 0.86395947883 0.83982893438 0.736928874914 2.16946528098 0.789928686004 0.676322899442 0.64623988726 0.57449826597 1.14755829251 1.68561806875 158.269144897 2018.33094259 0.269614406913 0.747551675815 0.837136495505 2.67060468312 1.65911968802 1.38309328433 5.51569069611 2.5573981795
-9999.0 -9999.0 -9999.0 -9999.0 -9999.0 -9999.0 -9999.0 -9999.0 -9999.0 -9999.0 -9999.0 -9999.0 -9999.0 -9999.0 -9999.0 -9999.0 -9999.0 -9999.0 -9999.0 0.63195468916 4.97954137866 10.2210361409 11.0526529251 1.27863849208 2.73675967156 4.25869449472 5.69403235353 14.6513299332 15.6829015132 0.994816093112 0.988843858243 40.7701144122 42.687306611 43.558378389 4.14045976623 0.703767967395 1.58665278757 2.34880980752 6.97447777428 8.49571775767 9.80502618413 1.24399756403 1.78198502416 0.596157247438 1.18051297569 0.596950603895 2019.51241368 0.308682995652 1.29664830636 1.30705006694 4.43433714372 7.37776969519 8.93576751571 14.6086020968 3.82345622227
-9999.0 -9999.0 -9999.0 -9999.0 -9999.0 -9999.0 -9999.0 -9999.0 -9999.0 -9999.0 -9999.0 -9999.0 -9999.0 -9999.0 -9999.0 -9999.0 -9999.0 -9999.0 0.700835543742 2.22447105189 4.35923908092 5.7008392099 15.1646175855 16.2127514446 3.0970524116 4.61464834942 5.9892074372 7.47495016659 16.8871758547 18.9668889573 33.8909506638 35.0784056752 36.0473825983 44.4473008424 50.968981801 1.5772735481 0.922146131839 0.902301134738 1.75867911874 0.823082714462 11.3749266638 12.0071846497 2.37461304391 2.97052300653 0.699212648612 374.736283237 376.013195655 2396.29637954 2397.99655506 0.256755337586 4.96376700764 0.388297068509 0.404488130329 15.6491553042 19.8672184801
-9999.0 -9999.0 -9999.0 -9999.0 -9999.0 -9999.0 -9999.0 -9999.0 -9999.0 -9999.0 -9999.0 -9999.0 -9999.0 -9999.0 -9999.0 -9999.0 -9999.0 -9999.0 -9999.0 0.791435421645 0.77055555245 1.46029406812 3.47005189772 16.8987531208 1.5691892267 1.55150231078 2.94879084558 4.32474107323 11.0904596045 12.3259434829 0.815208312259 0.748190514014 37.0937097223 37.9915667182 89.8260750103 90.6669503534 0.669115020773 0.617237688871 0.557093214687 0.560797194405 0.570723059975 363.745628546 367.243061264 370.752875509 371.968744836 374.138438458 0.642328690357 2.45682443932 3.24416074456 2402.35503295 2402.6375569 2402.90572195 2403.47569693 2403.86920281 20.6380473436
-9999.0 -9999.0 -9999.0 -9999.0 -9999.0 -9999.0 -9999.0 -9999.0 -9999.0 -9999.0 -9999.0 -9999.0 -9999.0 -9999.0 -9999.0 -9999.0 -9999.0 -9999.0 -9999.0 -9999.0 0.709615646893 0.741237868157 1.37744599997 19.5910795905 20.478296923 1.54076636722 2.9299993289 4.31441767944 5.52019203737 1.13649695784 2.14620104193 57.4493739769 58.407939321 59.2458157114 65.4663621382 156.93241417 340.510293367 341.935298263 343.282945741 344.596859622 349.582217651 351.112009474 2.93420032405 1.38492975402 0.75858161063 1.46576166813 1.22272695528 1.89211288457 0.611675292853 13.2537706844 14.4314721501 15.2192849447 15.7443677233 2404.33899687 2425.65152843
-9999.0 -9999.0 -9999.0 -9999.0 -9999.0 -9999.0 -9999.0 -9999.0 -9999.0 -9999.0 -9999.0 -9999.0 -9999.0 -9999.0 -9999.0 -9999.0 -9999.0 -9999.0 -9999.0 -9999.0 -9999.0 0.720813426037 1.38178844969 2.04668484684 21.0661912522 1.12765011448 30.0537424662 31.4804339401 32.6728105194 33.7227152974 53.3089828324 54.3364780931 0.97886331598 4.55456317665 5.54676951272 0.937809188949 182.124980971 180.378051466 0.671541081775 1.43754042474 3.77498844975 0.800095143185 0.823045202514 0.703081796652 0.635416150695 0.549974946519 0.595481449488 11.2264615304 11.8273882922 12.5001144705 0.536689937553 0.334204062736 15.9708079916 16.5054745973 16.9402347401
-9999.0 -9999.0 -9999.0 -9999.0 -9999.0 -9999.0 -9999.0 -9999.0 -9999.0 -9999.0 -9999.0 -9999.0 -9999.0 -9999.0 -9999.0 -9999.0 -9999.0 -9999.0 -9999.0 -9999.0 -9999.0 0.659449070319 0.618354237116 3.20361391979 25.7093212858 27.5729562973 28.6708065226 1.54583569891 16.9190142225 18.045637119 18.5542939033 0.950394357549 2.01876733634 2.96912795491 43.6484983126 44.4408435696 45.1701309074 178.984823716 102.188455212 0.754484525569 0.784473110342 0.772118568889 0.682704239528 6.64762316102 8.01328454045 9.27441677773 9.94542348336 10.6014679642 60.8638897118 61.4126084324 61.9539460938 63.1657970983 69.8880984157 70.372508454 87.8390521325
-9999.0 -9999.0 -9999.0 -9999.0 -9999.0 -9999.0 -9999.0 -9999.0 -9999.0 -9999.0 -9999.0 -9999.0 -9999.0 -9999.0 -9999.0 -9999.0 -9999.0 -9999.0 -9999.0 -9999.0 -9999.0 -9999.0 1.28748701402 1.96803808529 0.839579931709 1.56480200885 10.9057144289 12.5199734501 13.9731373926 8.77675984844 10.0734062134 11.3437853018 12.3695841649 41.9606037347 42.8822580464 29.2737334402 75.2708709939 76.0699533367 101.499687679 1.58771971983 0.803812538104 0.666754713292 4.52678692974 5.29793456098 0.576813808286 0.549961520084 58.5401646442 59.7606783115 60.3501939323 0.578244823481 0.852134841419 68.5873873571 0.797449433555 3.43481896338 3.88590179576
-9999.0 -9999.0 -9999.0 -9999.0 -9999.0 -9999.0 -9999.0 -9999.0 -9999.0 -9999.0 -9999.0 -9999.0 -9999.0 -9999.0 -9999.0 -9999.0 -9999.0 -9999.0 -9999.0 -9999.0 -9999.0 -9999.0 0.644050154516 1.27661268224 5.69568201177 6.59192302516 7.87657029757 5.9371369261 7.43742988476 1.35613715412 26.1262908974 27.428991246 28.6617765088 1.01149458721 27.4964079227 28.4303859754 0.817613917699 97.4604076698 1.67238984719 0.835208478989 2.36616703785 3.17141707123 0.69786234329 0.619632489634 52.5308527346 57.397922189 58.0716731225 0.69820867572 1.72742608172 2.21486467562 2.6737438452 5.02002001566 1.27425454448 2.79174247408 0.591923797978
