data/baseflow/History/mHMbfrc503
ncols                  80
nrows                 72
xllcorner      4374000.0
yllcorner      5656000.0
cellsize            500
NODATA_value       -9999
[rows 0 to 23 of 72, columns 0 to 54 of 80]
-9999.0 -9999.0 -9999.0 -9999.0 -9999.0 -9999.0 -9999.0 -9999.0 -9999.0 -9999.0 -9999.0 -9999.0 1.02955605677 0.772346742479 -9999.0 -9999.0 -9999.0 -9999.0 -9999.0 -9999.0 -9999.0 -9999.0 -9999.0 -9999.0 -9999.0 -9999.0 -9999.0 -9999.0 -9999.0 -9999.0 -9999.0 -9999.0 -9999.0 -9999.0 -9999.0 -9999.0 -9999.0 -9999.0 -9999.0 -9999.0 -9999.0 -9999.0 -9999.0 -9999.0 -9999.0 -9999.0 -9999.0 -9999.0 -9999.0 -9999.0 -9999.0 -9999.0 -9999.0 -9999.0 -9999.0
-9999.0 -9999.0 -9999.0 -9999.0 -9999.0 -9999.0 -9999.0 -9999.0 -9999.0 -9999.0 -9999.0 -9999.0 2.15661826451 4.37360912543 0.628258765671 -9999.0 0.583183465524 -9999.0 -9999.0 -9999.0 -9999.0 -9999.0 -9999.0 -9999.0 -9999.0 -9999.0 -9999.0 -9999.0 -9999.0 -9999.0 -9999.0 -9999.0 -9999.0 -9999.0 -9999.0 -9999.0 -9999.0 -9999.0 -9999.0 -9999.0 -9999.0 -9999.0 -9999.0 -9999.0 -9999.0 -9999.0 -9999.0 -9999.0 -9999.0 -9999.0 -9999.0 -9999.0 -9999.0 -9999.0 -9999.0
-9999.0 -9999.0 -9999.0 -9999.0 -9999.0 -9999.0 -9999.0 -9999.0 -9999.0 -9999.0 1.04670262101 0.998524727422 1.05947094579 1.04802608715 6.32149134998 6.93069555612 1.57300835855 0.498217125868 -9999.0 -9999.0 -9999.0 -9999.0 -9999.0 -9999.0 -9999.0 -9999.0 -9999.0 -9999.0 -9999.0 -9999.0 -9999.0 -9999.0 -9999.0 -9999.0 -9999.0 -9999.0 -9999.0 -9999.0 -9999.0 -9999.0 -9999.0 -9999.0 -9999.0 -9999.0 -9999.0 -9999.0 -9999.0 -9999.0 -9999.0 -9999.0 -9999.0 -9999.0 -9999.0 -9999.0 -9999.0
-9999.0 -9999.0 -9999.0 -9999.0 -9999.0 -9999.0 -9999.0 -9999.0 -9999.0 0.984770572441 2.04693172422 4.06676206178 2.03657056106 0.987926228662 1.94256628888 7.83973620476 10.5094372483 0.552506782318 -9999.0 1.02934156995 -9999.0 -9999.0 -9999.0 -9999.0 1.09492060537 0.566161303649 -9999.0 -9999.0 -9999.0 -9999.0 -9999.0 -9999.0 -9999.0 -9999.0 -9999.0 -9999.0 -9999.0 -9999.0 -9999.0 -9999.0 -9999.0 -9999.0 -9999.0 -9999.0 -9999.0 -9999.0 -9999.0 -9999.0 -9999.0 -9999.0 -9999.0 -9999.0 -9999.0 -9999.0 -9999.0
-9999.0 -9999.0 -9999.0 -9999.0 -9999.0 -9999.0 -9999.0 -9999.0 1.15370150805 3.2065384727 4.162950131 5.12983541969 7.04831218223 0.90674487319 3.72931043185 4.59315099463 16.282640478 0.644179083394 0.752223118191 1.89641338394 2.73968877599 0.890217461806 -9999.0 2.76695191266 2.28235653705 0.608386238932 -9999.0 -9999.0 -9999.0 -9999.0 -9999.0 -9999.0 -9999.0 -9999.0 -9999.0 -9999.0 -9999.0 -9999.0 -9999.0 -9999.0 -9999.0 -9999.0 -9999.0 -9999.0 -9999.0 -9999.0 -9999.0 -9999.0 -9999.0 -9999.0 -9999.0 -9999.0 -9999.0 -9999.0 -9999.0
-9999.0 -9999.0 -9999.0 -9999.0 -9999.0 -9999.0 1.12361944633 1.01091735931 0.985735671776 1.01009530872 1.03027008001 7.21343793997 15.2562032328 16.2276580521 17.1124434552 0.915528566744 17.935929166 18.7145986615 1.69800137658 0.861806092603 3.56393086844 6.15731533856 0.772580303671 5.0562186468 0.874504281842 0.794196779218 0.910937976209 -9999.0 -9999.0 -9999.0 -9999.0 -9999.0 -9999.0 -9999.0 -9999.0 -9999.0 -9999.0 -9999.0 -9999.0 -9999.0 -9999.0 -9999.0 -9999.0 -9999.0 -9999.0 -9999.0 -9999.0 -9999.0 -9999.0 -9999.0 -9999.0 -9999.0 -9999.0 -9999.0 -9999.0
-9999.0 -9999.0 -9999.0 -9999.0 -9999.0 -9999.0 2.27087508864 3.34623056166 7.52003404292 10.440462163 0.889584829465 0.941081975461 0.892940504279 2.64858262529 20.5383875542 0.760087670344 19.4684203605 22.9982957668 2.7235646778 1.59646203729 6.90969543997 0.833401640025 5.87444993366 1.5812835171 0.784722607763 1.5362720956 1.80249394838 0.938773491885 0.988623074143 0.957304440926 1.03334220476 2.06561265551 -9999.0 -9999.0 -9999.0 -9999.0 -9999.0 -9999.0 -9999.0 -9999.0 -9999.0 -9999.0 -9999.0 -9999.0 -9999.0 -9999.0 -9999.0 -9999.0 -9999.0 -9999.0 -9999.0 -9999.0 -9999.0 -9999.0 -9999.0
-9999.0 -9999.0 -9999.0 -9999.0 -9999.0 1.24439784364 2.40832451581 1.15474404073 2.22341173236 11.5338145431 13.4617207981 15.3824814074 50.5430269851 0.923880395525 21.3730825916 79.0955758852 79.8038810671 104.129433766 0.85484518101 2.35575480355 7.66591943479 0.746248469168 14.8473684533 8.18254187933 4.99042945288 4.1760290078 0.875929723967 2.78912541345 2.8739868789 1.91066317386 0.928095984665 3.02447594085 0.91863675165 0.8974405824 -9999.0 -9999.0 -9999.0 -9999.0 -9999.0 -9999.0 -9999.0 -9999.0 -9999.0 -9999.0 -9999.0 -9999.0 -9999.0 -9999.0 -9999.0 -9999.0 -9999.0 -9999.0 -9999.0 -9999.0 -9999.0
-9999.0 -9999.0 -9999.0 -9999.0 -9999.0 1.25773593102 3.66329362491 7.26199263364 8.37163140849 16.5925857115 17.627393576 20.8786798905 34.3048237899 53.471882489 55.323310069 56.18063286 1.52376852372 107.054221233 108.740054766 112.776195451 138.331598112 17.1654905632 15.6698530853 5.79501355682 0.791658878134 5.13324035236 3.54288759984 0.706075706562 3.68816677627 0.846090675396 1.88073193995 4.88534334512 5.7537942978 1.7447247262 0.839204325918 0.826115486172 -9999.0 -9999.0 -9999.0 -9999.0 0.525730734549 0.47769995564 -9999.0 -9999.0 -9999.0 -9999.0 -9999.0 -9999.0 -9999.0 -9999.0 -9999.0 -9999.0 -9999.0 -9999.0 -9999.0
-9999.0 -9999.0 -9999.0 -9999.0 -9999.0 1.22153177587 1.16689707591 4.84784253654 5.97836563121 7.14499207243 1.10594881411 2.18790736149 12.6460908939 2.3227943965 1.0231454024 0.904461123998 0.79208764253 1.0407472614 1.03190626756 0.892419905059 139.117409007 141.354645996 0.733853221096 2.29027705327 1.57318813802 5.8673381503 1.44487288553 0.678702966589 4.50373237844 1.69845231128 4.2132408925 9.88702510659 9.17139276403 2.56020088347 2.44177069657 0.864870935078 0.856329656495 -9999.0 -9999.0 0.860734463202 1.15500790615 2.64283859135 0.510791970533 -9999.0 -9999.0 -9999.0 -9999.0 -9999.0 -9999.0 -9999.0 -9999.0 -9999.0 -9999.0 -9999.0 -9999.0
-9999.0 -9999.0 -9999.0 -9999.0 -9999.0 -9999.0 1.26510201105 1.26844993368 2.42566955707 3.60095311163 8.20562321808 10.4624286317 11.6587531445 1.28666878032 0.902519546219 12.3940492039 15.0589600783 15.8698923848 19.3545275512 20.1295015349 0.771614863371 142.137443968 145.992474538 3.09474688393 0.787066283623 6.57941713378 14.4373398812 5.8077679263 1.37417797491 0.708682562829 15.5325910867 10.6358836039 0.701813404247 0.698053794614 3.16997753547 2.50331806109 0.764767615523 0.676610515184 0.819646150996 1.6586357274 0.781486361328 3.20006210905 3.91937055624 0.624301559578 -9999.0 -9999.0 -9999.0 -9999.0 0.740881035725 0.684636975422 0.246176569108 -9999.0 -9999.0 -9999.0 -9999.0
-9999.0 -9999.0 -9999.0 -9999.0 -9999.0 -9999.0 -9999.0 1.23774785663 1.14732333573 2.34893084384 3.52352746624 1.13607459999 1.14288297613 6.6688216529 8.63012523594 10.6478323401 0.934326516001 1.82300991538 0.912006082856 20.9510006464 45.2755621 45.7546801011 193.039867079 0.742553909973 2.24111017424 0.711340086333 15.0678936467 0.664716304439 2.09394357159 0.685053635039 16.2141094065 16.8974564572 1.414353491 1.39891202874 8.0299518186 4.06350378705 1.44871945648 0.758986197434 1.63002058191 2.45676674717 3.95389927103 0.688149411104 5.08695577638 5.58516404442 0.437661066624 0.486214622499 0.511628303604 0.441742410791 0.413262411583 1.93562264367 0.80587395304 0.477841911004 -9999.0 -9999.0 -9999.0
-9999.0 -9999.0 -9999.0 -9999.0 -9999.0 -9999.0 -9999.0 -9999.0 2.42448710688 3.53139632814 1.13169934384 2.30182034772 3.37192554821 5.63459150722 1.07457824073 1.03364022739 0.871999646406 0.880523139056 0.773770115966 22.6631693273 0.92200994384 1.78544047921 195.294762997 196.408683614 0.429426873916 3.11742771954 18.7123432115 1.31406291399 2.67665065515 1.19414542462 1.76639452302 19.4821969756 2.01639757898 11.3594577413 9.39157375254 0.721519259732 3.66757214721 1.49995081213 2.34794350852 0.707074741286 4.60220395721 5.82352504884 6.24557923536 6.63584796009 7.2274584327 0.835677218108 0.886175720807 0.777056287825 0.719589348194 2.33047204184 0.449883171776 1.74945644408 2.17250507045 -9999.0 -9999.0
-9999.0 -9999.0 -9999.0 -9999.0 -9999.0 -9999.0 -9999.0 -9999.0 1.21376234808 5.92931808249 7.03142875289 1.10228537757 2.14682751591 1.04179870282 0.947717426689 0.931489766362 11.779394706 15.5474477838 18.838492732 22.1377749639 0.764785583488 0.887277692266 0.719574226637 199.63519476 200.75000637 201.118062242 24.3976519572 5.17716431004 4.57227839181 0.502612740756 2.26851876606 22.2984574335 0.524433132492 11.9140897246 0.674945870076 4.87809245961 4.43908828529 0.725738653814 3.06500862284 1.41671019796 2.11135471528 0.540565950656 0.385892077487 7.01895002078 7.36394565104 7.57133934795 1.25668103545 1.12242160111 1.05295076575 2.81539025233 3.73184928704 0.457638690676 2.63421163555 0.535104954613 1.00193866357
-9999.0 -9999.0 -9999.0 -9999.0 -9999.0 -9999.0 -9999.0 -9999.0 -9999.0 1.23506902996 8.1889303013 9.27046490926 3.19807472428 5.27751401122 7.18473520977 8.15094894326 0.994985934336 2.90027723692 1.94410232132 1.02485498404 0.977031077028 0.865618296135 1.65007817096 2.67411027162 0.673669795235 226.616791229 227.029905842 0.360402438429 0.333062880214 1.05971042213 1.58425275165 23.8605580966 1.04144078563 12.3627779425 7.33657891028 6.12810799162 0.662516576432 1.36543773838 3.68623606889 0.621897497792 2.71400141226 1.11338508806 0.704204608532 0.392557144619 8.49658818076 16.3368213525 1.49999954557 1.37300743194 1.40604300666 0.373938692912 4.10445390304 0.360384462617 3.47553061337 0.4561199111 1.4651199177
-9999.0 -9999.0 -9999.0 -9999.0 -9999.0 -9999.0 -9999.0 -9999.0 -9999.0 -9999.0 1.0829977146 11.4456186602 1.04092315561 2.06589357354 2.98556446634 4.76858132485 0.900578057514 1.88179938678 0.926197468565 0.837137705981 0.782670345653 1.53873070997 0.660210096385 0.631679723393 1.1257917441 0.622472170157 227.473801591 228.200596194 229.326665071 1.9623165943 0.555539829346 1.10846391444 24.4517760133 22.4103043041 8.58246404665 0.615802420837 2.65679426157 2.00519793881 4.30936074159 1.240083901 5.0382952975 1.70165096028 1.16616081148 0.391909244309 0.433806601619 16.7533521252 17.0908682486 20.2414438957 2.60588475316 0.790539930162 4.51357643222 5.2737491802 9.10025675671 0.875252043909 0.41967684307
-9999.0 -9999.0 -9999.0 -9999.0 -9999.0 -9999.0 -9999.0 -9999.0 -9999.0 -9999.0 -9999.0 0.668817008916 12.9378146758 1.09608757737 1.99646939573 8.51702088974 0.885370397625 0.870337201499 0.747340989126 1.6507178764 0.84226869234 3.1964355698 4.52576192621 5.10241862496 1.57731803809 1.86515343322 0.346649807277 0.514605377464 0.432499695944 232.16831894 233.779311721 24.8807826814 23.335318369 22.881498078 0.963264007812 0.45638359542 3.2166315103 8.65829462541 4.88296988096 1.80421182496 7.38437871867 3.01916433556 2.51141944225 0.809611086515 0.327030547655 0.282226158053 0.282721420913 21.7931379085 25.5527333558 0.398280701061 0.334468912842 0.401493973976 9.50869212517 10.7778505577 0.76883852703
-9999.0 -9999.0 -9999.0 -9999.0 -9999.0 -9999.0 -9999.0 -9999.0 -9999.0 -9999.0 -9999.0 0.612495441575 14.3892839236 17.4965810138 0.912501959394 10.3167392802 0.80038716633 0.753031007708 1.56338902705 4.05332573349 0.805945039918 0.859581182006 0.668366782957 6.38525150006 6.98184777784 9.52076879771 10.3448059358 10.7965399956 11.1325729742 11.4750937864 245.608919876 271.229060619 295.242892818 295.460600973 0.317405565578 0.461174142406 9.78433669225 9.22503857353 0.562855397059 0.573103759389 8.1262365121 11.701167238 0.480096854239 6.55401455341 6.04391864689 1.76197389539 0.731116781402 1.22542204838 0.435822130356 26.2097312848 0.338818176526 1.06171664387 1.30671013785 13.203750503 14.4190308512
-9999.0 -9999.0 -9999.0 -9999.0 -9999.0 -9999.0 -9999.0 -9999.0 -9999.0 -9999.0 -9999.0 1.14992014179 2.1833351039 18.4992470461 20.2143064319 0.856103094924 11.6527361108 0.650529081973 2.07197921462 4.77104688338 1.54139979801 0.73085896994 1.48148137227 0.533949592235 1.04842937273 0.55988468664 0.538039485778 0.546247123376 0.529411665941 0.425391177729 0.346553450051 0.414964657863 0.494109601857 0.468107781039 296.455884791 11.0255834899 10.2341680096 0.210119046393 1.57817693588 0.384486431181 0.478960150959 12.1988529926 20.3310484737 7.12619275413 5.27281104972 1.0959717869 0.420986593746 0.376029322012 0.712915891432 27.2533230196 27.8499495192 0.315015972521 0.323628231073 0.364695281919 0.438969460687
-9999.0 -9999.0 -9999.0 -9999.0 -9999.0 -9999.0 -9999.0 -9999.0 -9999.0 -9999.0 -9999.0 -9999.0 0.95421353412 13.3270068799 34.4663167762 37.3233229299 49.6993559479 50.2208926642 10.3507643008 7.8107966244 2.28725467506 0.717441076812 2.88692142291 3.54150489069 5.1662045403 1.15475458829 1.0716939728 1.0931831005 2.14526671756 0.936316492545 0.85663040739 0.540079166771 0.479713110562 0.338477083974 296.733706716 308.064561865 308.470689229 0.204069334358 3.95418908689 1.93250713537 0.551718822272 22.080521624 1.26438807905 0.660108206453 2.89961955607 0.671245769002 0.432827209985 0.784904281421 1.06183132457 1.36962645402 28.3365652753 0.224696974675 0.189867271573 0.190124055569 0.173658728249
-9999.0 -9999.0 -9999.0 -9999.0 -9999.0 -9999.0 -9999.0 -9999.0 -9999.0 -9999.0 -9999.0 1.07921009128 10.1837215449 12.3360700639 1.93354836562 0.6785700839 1.56341627623 52.5641525789 53.0989407486 63.9669271026 0.6457410899 1.3556261259 0.573551357363 0.583063439742 5.71914127854 7.42463789169 8.98464858954 0.474642975162 2.61109212653 4.00342063068 2.28436776784 0.989868786645 0.920006428954 0.810906323181 0.75775470493 0.254417339085 308.654029125 308.781450815 313.04093302 0.827179967493 0.464367379302 22.3852569705 1.35276863019 0.694319106736 0.777753833066 0.772626818099 0.651691041898 1.12803419758 3.05265737512 4.75513481227 33.3311935701 0.164645791427 0.495782414472 0.337195140754 0.306555821886
-9999.0 -9999.0 -9999.0 -9999.0 -9999.0 -9999.0 -9999.0 -9999.0 -9999.0 -9999.0 -9999.0 1.10756245824 7.10667905101 1.10665999747 0.935907420079 5.04303207055 5.858719175 6.66761788809 7.40066461919 87.0646773099 87.8562000445 89.3326300257 99.4260741361 101.205342889 102.200023264 102.76254087 113.051070402 114.635470454 115.164330555 119.74181273 122.557042502 123.006220861 124.901490798 1.24089965858 1.22987054184 0.25067136575 0.17766144231 308.960421088 314.26701958 1.08485524359 25.5410700284 25.1609062239 2.46626386215 0.578018989831 0.595673110627 0.562484344351 0.57295238979 1.14866592295 1.59591557669 0.407033273377 33.5537982475 33.7922570294 34.826290117 35.0160454709 35.4986955144
-9999.0 -9999.0 -9999.0 -9999.0 -9999.0 -9999.0 -9999.0 -9999.0 -9999.0 -9999.0 -9999.0 3.66620560973 4.84396901376 2.246071629 3.2941614174 1.03168810588 11.5866398052 12.4292179291 14.1026276826 14.9512415632 5.53965066266 96.0830487697 96.8233297002 0.58816574563 0.424690097494 0.438133479693 0.896257702446 0.522892313025 0.440721769403 0.445701076622 0.435504687336 123.559315823 125.436310276 127.086713104 128.663087491 129.381999929 0.31233160826 0.0872378134485 340.508273713 26.1123357775 25.9492926005 0.498172247225 0.444619401394 0.386639909684 0.99098377652 0.958643637662 0.443337729252 0.45782588542 0.417320327334 0.816921942133 1.04653320712 0.167201262302 0.311233820783 0.131530008435 0.143391785519
-9999.0 -9999.0 -9999.0 -9999.0 -9999.0 -9999.0 -9999.0 -9999.0 -9999.0 -9999.0 -9999.0 -9999.0 2.47604833317 1.15801336643 1.04924732108 9.879883729 10.7620437848 0.882795689061 3.39286071898 4.20495081435 4.94915209599 0.820849671191 0.493680481871 14.1761839803 14.5575349315 14.9417724636 37.4187181801 37.7641461595 38.5303600871 42.1321610601 44.3241971155 44.6865457779 0.456598013667 0.477811818601 0.403280391759 129.596094426 0.106762906145 344.173547859 344.022023922 3.37967861986 3.15045231634 1.85814201416 0.465534002239 0.775914238893 1.38661255213 1.35917851061 0.849827453761 0.436405030986 0.845095916598 0.843829513428 1.41535909046 0.25045580824 0.608139845038 0.948989041337 1.25158115578
