data/baseflow/History/mHMbfrc302
ncols                  80
nrows                 72
xllcorner      4374000.0
yllcorner      5656000.0
cellsize            500
NODATA_value       -9999
[rows 0 to 23 of 72, columns 0 to 54 of 80]
-9999.0 -9999.0 -9999.0 -9999.0 -9999.0 -9999.0 -9999.0 -9999.0 -9999.0 -9999.0 -9999.0 -9999.0 0.905854593157 0.728233332934 -9999.0 -9999.0 -9999.0 -9999.0 -9999.0 -9999.0 -9999.0 -9999.0 -9999.0 -9999.0 -9999.0 -9999.0 -9999.0 -9999.0 -9999.0 -9999.0 -9999.0 -9999.0 -9999.0 -9999.0 -9999.0 -9999.0 -9999.0 -9999.0 -9999.0 -9999.0 -9999.0 -9999.0 -9999.0 -9999.0 -9999.0 -9999.0 -9999.0 -9999.0 -9999.0 -9999.0 -9999.0 -9999.0 -9999.0 -9999.0 -9999.0
-9999.0 -9999.0 -9999.0 -9999.0 -9999.0 -9999.0 -9999.0 -9999.0 -9999.0 -9999.0 -9999.0 -9999.0 1.82009045456 3.92081551867 0.61419887836 -9999.0 0.503279574172 -9999.0 -9999.0 -9999.0 -9999.0 -9999.0 -9999.0 -9999.0 -9999.0 -9999.0 -9999.0 -9999.0 -9999.0 -9999.0 -9999.0 -9999.0 -9999.0 -9999.0 -9999.0 -9999.0 -9999.0 -9999.0 -9999.0 -9999.0 -9999.0 -9999.0 -9999.0 -9999.0 -9999.0 -9999.0 -9999.0 -9999.0 -9999.0 -9999.0 -9999.0 -9999.0 -9999.0 -9999.0 -9999.0
-9999.0 -9999.0 -9999.0 -9999.0 -9999.0 -9999.0 -9999.0 -9999.0 -9999.0 -9999.0 0.914351450792 0.872278765458 0.902274725648 0.870278117137 5.58482800405 6.23481882652 1.38361085334 0.436684497989 -9999.0 -9999.0 -9999.0 -9999.0 -9999.0 -9999.0 -9999.0 -9999.0 -9999.0 -9999.0 -9999.0 -9999.0 -9999.0 -9999.0 -9999.0 -9999.0 -9999.0 -9999.0 -9999.0 -9999.0 -9999.0 -9999.0 -9999.0 -9999.0 -9999.0 -9999.0 -9999.0 -9999.0 -9999.0 -9999.0 -9999.0 -9999.0 -9999.0 -9999.0 -9999.0 -9999.0 -9999.0
-9999.0 -9999.0 -9999.0 -9999.0 -9999.0 -9999.0 -9999.0 -9999.0 -9999.0 0.879596726105 1.78974377111 3.54029489216 1.73589617908 0.842500414835 1.67144887976 7.05144678977 9.51954520845 0.519091268953 -9999.0 0.883838404469 -9999.0 -9999.0 -9999.0 -9999.0 0.953203672685 0.484036467903 -9999.0 -9999.0 -9999.0 -9999.0 -9999.0 -9999.0 -9999.0 -9999.0 -9999.0 -9999.0 -9999.0 -9999.0 -9999.0 -9999.0 -9999.0 -9999.0 -9999.0 -9999.0 -9999.0 -9999.0 -9999.0 -9999.0 -9999.0 -9999.0 -9999.0 -9999.0 -9999.0 -9999.0 -9999.0
-9999.0 -9999.0 -9999.0 -9999.0 -9999.0 -9999.0 -9999.0 -9999.0 0.978235066812 2.78317156169 3.64368946545 4.5148550618 6.12378326915 0.829389162272 3.30333924415 4.12210602451 14.962482467 0.715778369606 0.774638659622 1.69304076919 2.48095931272 0.815556930741 -9999.0 2.54372338431 2.08631624117 0.590001983586 -9999.0 -9999.0 -9999.0 -9999.0 -9999.0 -9999.0 -9999.0 -9999.0 -9999.0 -9999.0 -9999.0 -9999.0 -9999.0 -9999.0 -9999.0 -9999.0 -9999.0 -9999.0 -9999.0 -9999.0 -9999.0 -9999.0 -9999.0 -9999.0 -9999.0 -9999.0 -9999.0 -9999.0 -9999.0
-9999.0 -9999.0 -9999.0 -9999.0 -9999.0 -9999.0 0.992337542631 0.911828900911 0.881864712729 0.892297805429 0.903098066263 6.33125203737 13.3305296954 14.1978579033 14.970802076 0.757273136318 16.4804948037 17.2512979026 1.5670066893 0.791941140409 3.25412392903 5.66879005584 0.772057775175 4.83404026795 0.824967623721 0.795792662231 0.860908188633 -9999.0 -9999.0 -9999.0 -9999.0 -9999.0 -9999.0 -9999.0 -9999.0 -9999.0 -9999.0 -9999.0 -9999.0 -9999.0 -9999.0 -9999.0 -9999.0 -9999.0 -9999.0 -9999.0 -9999.0 -9999.0 -9999.0 -9999.0 -9999.0 -9999.0 -9999.0 -9999.0 -9999.0
-9999.0 -9999.0 -9999.0 -9999.0 -9999.0 -9999.0 1.97852057631 2.91981460271 6.60781955443 9.23379410388 0.840036185586 0.868931548625 0.84248152177 2.47547462086 18.2254645734 0.746885939765 18.027205253 21.0546448358 2.33097831434 1.54362157854 6.42497893836 0.805216354436 5.62619036072 1.57937172158 0.789626996151 1.5642855941 1.69016393135 0.835748701285 0.850581964299 0.839245570015 0.872293026457 1.75404642573 -9999.0 -9999.0 -9999.0 -9999.0 -9999.0 -9999.0 -9999.0 -9999.0 -9999.0 -9999.0 -9999.0 -9999.0 -9999.0 -9999.0 -9999.0 -9999.0 -9999.0 -9999.0 -9999.0 -9999.0 -9999.0 -9999.0 -9999.0
-9999.0 -9999.0 -9999.0 -9999.0 -9999.0 1.01238392797 2.00389252902 0.97794163648 1.91252609638 10.1762438111 11.9291452671 13.6738508863 43.4333479135 0.819578010222 19.0452698255 68.840241146 69.4723495705 91.5966668276 0.669180978418 2.29916636286 7.18728234402 0.757899031281 14.4127988663 8.0138690097 4.85309738101 4.06223689117 0.829431771833 2.48990747248 2.48617169426 1.66213873404 0.818530996224 2.59783998311 0.825787764688 0.821322321872 -9999.0 -9999.0 -9999.0 -9999.0 -9999.0 -9999.0 -9999.0 -9999.0 -9999.0 -9999.0 -9999.0 -9999.0 -9999.0 -9999.0 -9999.0 -9999.0 -9999.0 -9999.0 -9999.0 -9999.0 -9999.0
-9999.0 -9999.0 -9999.0 -9999.0 -9999.0 1.01799672753 2.97998425941 5.95552699183 6.91028967495 13.7587927718 14.677062499 17.5225836764 28.9438448669 45.8530427442 47.5223388022 48.2914131914 1.49327392806 94.2650018471 95.6445724653 99.4973074344 124.196840438 16.7444347368 15.2181007807 5.65488663229 0.786652890491 4.84959397013 3.26913234449 0.75850126326 3.25897438963 0.75596086843 1.55575658516 4.19310440569 4.99537729154 1.62119373091 0.792347276656 0.799754812578 -9999.0 -9999.0 -9999.0 -9999.0 0.520251254414 0.448796041077 -9999.0 -9999.0 -9999.0 -9999.0 -9999.0 -9999.0 -9999.0 -9999.0 -9999.0 -9999.0 -9999.0 -9999.0 -9999.0
-9999.0 -9999.0 -9999.0 -9999.0 -9999.0 0.997400544025 0.968663223793 3.96172209188 4.92354149358 5.91144787724 0.962724404777 1.91319693085 10.7354778953 1.92376995646 0.915255511977 0.856558060147 0.783367769057 0.864318549865 0.830644551154 0.844079368125 124.989787459 127.308752104 0.760981664754 2.32263262403 1.56865305397 5.61652052728 1.52134066651 0.737883594565 4.04206482681 1.49490204399 3.60999566599 8.8823746922 8.1850499563 2.40034228569 2.36364578721 0.803730005814 0.805699069855 -9999.0 -9999.0 0.802997297984 1.16972339769 2.56073882481 0.476133364344 -9999.0 -9999.0 -9999.0 -9999.0 -9999.0 -9999.0 -9999.0 -9999.0 -9999.0 -9999.0 -9999.0 -9999.0
-9999.0 -9999.0 -9999.0 -9999.0 -9999.0 -9999.0 1.03265353697 1.01517981883 2.02199906469 3.02151097663 6.92170393416 8.87260053654 9.83995364991 1.00837880428 0.844595118502 10.9435909013 13.4874951323 14.3080901842 17.6989655812 18.5067043446 0.800846728312 128.106359806 131.964431144 3.07757077962 0.659153634296 6.35513027156 14.0922167914 5.50603195859 1.49381671019 0.751958736508 13.9761506634 9.64668690913 0.735450797921 0.740086674358 3.11024254204 2.38024692554 0.770939275544 0.757422560727 0.788049681266 1.57694221309 0.774546448945 3.11736187934 3.86847598015 0.724585204574 -9999.0 -9999.0 -9999.0 -9999.0 0.824810249599 0.788822155028 0.25227425749 -9999.0 -9999.0 -9999.0 -9999.0
-9999.0 -9999.0 -9999.0 -9999.0 -9999.0 -9999.0 -9999.0 1.02489177127 0.953104708603 1.95507040728 2.9503406514 0.986165540834 0.917154429747 5.66006742013 7.44879883853 9.26771535131 0.866966411986 1.73380695177 0.858360706553 19.3192626332 42.4464606464 42.964384686 176.358535346 0.782329004847 1.97592918183 0.636858532718 14.8119123803 0.738892646791 2.25535395013 0.743194808648 14.7149519886 15.4502435045 1.47367947976 1.47514244118 7.82076874427 3.93425022035 1.52891895912 0.776532407349 1.5791387192 2.35571860335 3.87039918619 0.734702162564 5.31312772962 6.02801784522 0.667322155526 0.710664447784 0.739468256967 0.686098923733 0.662051397926 2.3033779795 0.930337249525 0.631182059978 -9999.0 -9999.0 -9999.0
-9999.0 -9999.0 -9999.0 -9999.0 -9999.0 -9999.0 -9999.0 -9999.0 2.00091962109 2.94081518561 0.979029995134 1.97327878228 2.91294788289 4.80424059194 0.960669473223 0.937685352232 0.847208178811 0.861128507656 0.816506462164 21.4896442269 0.859927905883 1.69472857593 178.624145727 180.33895923 0.884957068284 3.75071348821 19.2765132834 1.47362293406 2.94694379958 1.40555050193 2.08341416652 18.2940592296 2.16384922525 11.4283769853 9.27342096777 0.735144758583 3.81845338035 1.54078316604 2.33244083108 0.751880225173 4.5994716213 6.0337320267 6.67846726577 7.29488353556 8.57490138245 1.28471820818 1.3530334808 1.2604919208 1.20282816065 2.90622924348 0.61767381764 2.19456495166 2.78608700411 -9999.0 -9999.0
-9999.0 -9999.0 -9999.0 -9999.0 -9999.0 -9999.0 -9999.0 -9999.0 1.02928055042 4.97118999396 5.93356333123 0.96603881537 1.90481493335 0.939242192339 0.897204044092 0.880078103391 10.8886445363 14.5171677389 17.7970522704 20.9381528905 0.789247584761 0.846116008407 0.939558753641 184.127305467 185.949912544 186.756644252 26.1152061526 5.89242376882 5.13423147108 0.663076643146 2.74949280014 21.7209929979 0.67231349839 12.1055970752 0.731180002555 4.9772847583 4.59196149324 0.755753450316 3.07860864209 1.495281189 2.23001626339 0.697057169183 0.61170968198 7.90462581878 8.47469365105 9.14344743095 1.96278645101 1.84538164022 1.77721539547 3.54097960482 4.78054210145 0.616303974785 3.39165627667 0.640530698697 1.24609761792
-9999.0 -9999.0 -9999.0 -9999.0 -9999.0 -9999.0 -9999.0 -9999.0 -9999.0 1.02534515836 6.91948934261 7.88084605515 2.85520200947 4.73224556021 6.52810501014 7.42789133305 0.908155944334 2.77943249062 1.82322917693 0.90742384209 0.906696938955 0.847242204938 1.70649633483 3.02982034738 1.1195327735 214.859824702 215.780186738 0.814098577373 0.623354769881 1.34876636241 2.01895307558 23.7069338676 1.32482117347 12.7291293439 7.78030819422 6.38451667487 0.737828577759 1.48064268519 3.78824477025 0.705413676044 2.92307659681 1.36994451155 1.11660260972 0.555804052876 10.1315346656 19.7539120027 2.40428748674 2.29882181951 2.3165929605 0.542683050139 5.32303047255 0.532956617207 4.55959553286 0.594717373307 1.85053825879
-9999.0 -9999.0 -9999.0 -9999.0 -9999.0 -9999.0 -9999.0 -9999.0 -9999.0 -9999.0 0.946011988897 9.78814874156 0.948224631104 1.88738409125 2.76614565165 4.53985605667 0.913131594313 1.87452070873 0.922878572682 0.889513080723 0.841461003315 1.66576949227 0.784632891227 0.884265052439 1.89669376 1.10219100219 216.668877701 218.317538067 220.66863553 2.70288555968 0.686219742085 1.36649507665 24.4047192392 23.8850992236 9.21454819528 0.713234240782 2.93071091103 2.20382168573 4.50003965616 1.4142407558 5.67637372542 2.0515343181 1.72325816148 0.492469431568 0.585746060449 20.3856269267 20.9281871926 26.1093120054 4.00476815775 1.11800414168 5.90510868057 7.00115429611 12.096184222 1.16635702362 0.564278083156
-9999.0 -9999.0 -9999.0 -9999.0 -9999.0 -9999.0 -9999.0 -9999.0 -9999.0 -9999.0 -9999.0 0.535107436916 10.9819698887 0.917609836565 1.79476187579 8.11606821195 0.919388725828 0.917984971103 0.832960610178 1.74890864569 0.846965338275 3.35312156709 4.92096803922 5.65504191056 2.6085512502 3.35392635968 0.857784317781 1.03706789884 0.941647650294 224.969314212 227.062818286 25.0171231341 25.1161748655 24.5051239742 1.30167337029 0.636699249968 3.60919579136 9.47308526268 5.18731618973 2.09894285739 8.43402727297 3.90332294729 3.27091599864 0.985575553576 0.423331474296 0.403992865444 0.446849166096 28.1808268664 33.9026675204 0.553111237922 0.520992504628 0.551231389335 12.6484608225 14.3537101743 1.06350912561
-9999.0 -9999.0 -9999.0 -9999.0 -9999.0 -9999.0 -9999.0 -9999.0 -9999.0 -9999.0 -9999.0 0.506183485087 12.2116364232 15.0180656464 0.882920782609 9.88215633245 0.859379915306 0.835837522108 1.6633416454 4.2517872378 0.834459213262 0.862491719405 0.782231395662 7.20356671099 7.96461932836 12.110101454 13.695383453 14.5308452266 15.3378166377 16.3362257634 244.234085267 270.808707443 297.318567768 297.861460158 0.627699844277 0.637842156108 10.8318333871 10.1590628229 0.673828171276 0.671526140952 9.0993542528 13.6596796215 0.590263287137 7.09980276134 6.53845414987 1.9679016288 0.958988436596 1.55110444448 0.630720030042 34.977718026 0.550612465926 1.61263228563 2.06161609972 18.0137976212 19.5199405719
-9999.0 -9999.0 -9999.0 -9999.0 -9999.0 -9999.0 -9999.0 -9999.0 -9999.0 -9999.0 -9999.0 0.995513113879 1.92052184876 15.9300393988 17.6436415494 0.859952408484 11.391729204 0.782834274985 2.39922328842 5.05443666666 1.63874973244 0.802584067433 1.61496703374 0.715153555406 1.40370886164 0.708606690485 0.677704083476 0.62521633658 0.585809501361 0.576323857462 0.627394452402 0.824729638148 0.910899907344 0.937095156455 300.097114208 13.1192683232 11.9821066692 0.537533968989 1.96211619236 0.577925060601 0.492815727847 14.2821412414 23.2743876959 7.76965309269 5.61356762607 1.09574612797 0.505711454161 0.468490033737 0.993550629153 36.5094266868 37.5362539367 0.533913787279 0.551974428687 0.574663544044 0.465263669596
-9999.0 -9999.0 -9999.0 -9999.0 -9999.0 -9999.0 -9999.0 -9999.0 -9999.0 -9999.0 -9999.0 -9999.0 0.908486906332 11.7407410553 30.2753191181 32.9323336349 45.1072116762 45.7467546342 11.3292967152 8.32397068633 2.45610944365 0.796045363304 3.19797530545 3.96857729035 6.09018808108 1.44419733364 1.37557350144 1.33252646974 2.6063917216 1.2553299282 1.29076280097 0.624932659783 0.515348958578 0.605874099594 300.866679207 314.504095051 315.127088688 0.54565517027 5.48296730828 2.38873707936 0.67152985526 25.2916408264 1.4076367303 0.723882414611 2.98698664881 0.683193689531 0.616081234098 1.15960777833 1.62588209046 2.12853537058 38.4142351017 0.419730921133 0.375544740687 0.378672044634 0.339262563173
-9999.0 -9999.0 -9999.0 -9999.0 -9999.0 -9999.0 -9999.0 -9999.0 -9999.0 -9999.0 -9999.0 0.968405340769 8.93174591145 10.8367525722 1.80361129522 0.576615127045 1.34924798089 47.9284763634 48.619866959 60.5881541299 0.762942481362 1.55258719575 0.711688247294 0.72397616296 6.79884530276 8.95041965613 10.9893467011 0.65839871422 3.26332161841 5.16310764307 3.16644991539 1.25475984984 1.09373225786 1.1110244585 1.08577097114 0.589339096074 315.645617667 316.051546238 322.4630389 1.16602356476 0.607235679792 25.7196046997 1.48103502597 0.754643262387 0.787474022024 0.779377965659 0.72789651386 1.38301803029 3.89426901041 6.571363607 45.420612853 0.326046215798 0.98778767159 0.674424725642 0.612650602415
-9999.0 -9999.0 -9999.0 -9999.0 -9999.0 -9999.0 -9999.0 -9999.0 -9999.0 -9999.0 -9999.0 0.989344606916 6.0994882921 0.969385289307 0.893403301228 4.48684004318 5.31849031002 6.16282943331 6.98547619543 82.1205529271 82.8442983134 84.3288358762 95.1113878239 97.3235654874 98.6513964313 99.377013589 112.116642904 113.946498497 114.621530124 120.495508648 124.355576562 124.990274652 127.304511339 1.71353952942 1.62061332658 0.468680597848 0.449699440641 316.558858456 324.627008458 1.73107457482 29.464094068 28.9282246735 2.81294015003 0.685827231684 0.696285191068 0.678409974327 0.671063400034 1.34802763757 1.96852578501 0.614759489315 45.8335344044 46.2697362954 48.3128684793 48.6796155138 49.6397330788
-9999.0 -9999.0 -9999.0 -9999.0 -9999.0 -9999.0 -9999.0 -9999.0 -9999.0 -9999.0 -9999.0 3.09557724529 4.10185817409 1.92995684707 2.85741482239 0.916649790298 10.344571486 11.2015777133 12.9271535602 13.7246270802 5.82780562425 91.3686616684 92.116603116 0.746298152352 0.604310994915 0.566569406166 1.20036545879 0.593396853789 0.508690991634 0.490779627627 0.519293432925 125.608794811 127.932063279 130.219471311 132.354915009 134.023804228 0.782517727832 0.263930012894 355.481035637 30.444516608 30.0230372131 0.628493370382 0.584472619337 0.551609113872 1.26087702944 1.24535206519 0.589178265125 0.591200118995 0.564783443101 1.17524133137 1.5866025074 0.304760093277 0.567099207884 0.247847852413 0.212355952937
-9999.0 -9999.0 -9999.0 -9999.0 -9999.0 -9999.0 -9999.0 -9999.0 -9999.0 -9999.0 -9999.0 -9999.0 2.07869836261 0.988361428527 0.94057044987 8.63716977575 9.51085460511 0.877972423264 3.46849681003 4.31315355745 5.10989562056 0.850713845787 0.718864076776 14.4916394957 15.1117557661 15.7193517638 40.7420754828 41.2586291201 42.2154211125 46.3901993704 49.1658590977 49.6304397087 0.451153076346 0.464068458131 0.453541131448 134.646108082 0.31274016783 360.982254741 360.519793837 4.61841524372 4.08673242356 2.41033657802 0.606332042166 1.09977769569 1.81592616997 1.79985627338 1.15108755474 0.569425372265 1.12744099406 1.13254984294 2.11035039721 0.417800524772 1.00262933412 1.63005381649 2.07876256104
