data/baseflow/History/mHMbfrc591
ncols                  80
nrows                 72
xllcorner      4374000.0
yllcorner      5656000.0
cellsize            500
NODATA_value       -9999
[rows 24 to 47 of 72, columns 0 to 53 of 80]
-9999.0 -9999.0 -9999.0 -9999.0 -9999.0 -9999.0 -9999.0 -9999.0 -9999.0 -9999.0 -9999.0 -9999.0 1.12358915869 3.18801226701 4.17065614953 7.10661115704 0.831222467109 1.68842110682 2.48201405401 9.93804716627 10.6450732726 11.2559736242 11.8121379407 12.3249814685 18.6171459074 20.1199147457 21.0436053022 0.364925049402 2.29086025121 2.61120325626 39.6766794221 41.1156417296 41.8215357637 42.5681557863 43.100873413 166.578994749 0.320031045625 324.678813869 0.346031678259 0.177326903681 2.42663638814 2.11846344151 0.338867736942 1.08739425936 1.63560240129 1.59257725279 1.12530027465 1.84661074395 2.91665473555 1.10372899462 2.64360922836 0.242983935746 0.370857734277 0.066393366427
-9999.0 -9999.0 -9999.0 -9999.0 -9999.0 -9999.0 -9999.0 -9999.0 -9999.0 -9999.0 -9999.0 -9999.0 1.06242609929 2.12239811389 1.0021905551 1.9888408361 0.870026275611 6.72550441831 8.33720034882 9.1612742755 0.743056740762 1.46996720189 14.2372845962 17.6055099701 18.1337794857 1.0085980324 1.24442545622 1.72629500473 0.285707614394 0.263512908442 0.491416883366 0.217988049465 20.8672374666 21.1481930884 21.4268391627 166.945462368 326.543608958 324.835084891 0.281346224544 0.144811164302 0.13302713608 0.670695554985 0.546056086201 1.38991232353 1.97161505782 3.92792820038 0.359449631359 0.357564218613 3.22772451844 3.54823635249 6.71755116134 6.86089853995 7.30007622685 7.42462936377
-9999.0 -9999.0 -9999.0 -9999.0 -9999.0 -9999.0 -9999.0 -9999.0 -9999.0 -9999.0 -9999.0 -9999.0 -9999.0 1.04533865794 2.07777712411 3.1132757718 4.92387245227 0.928028926225 0.83209932517 5.67834265071 6.43466500267 12.8561477486 13.6218714347 2.13827889144 0.645446412261 0.525709400301 0.454145723731 19.2757353221 19.5984723349 19.9074611611 20.1545375751 20.6135214146 3.23959286159 3.40374966538 25.0060499543 518.649223512 1.2795340554 0.939157767692 0.433761201743 0.128128766541 0.112705059046 0.922101129569 1.00579257301 1.60507881854 0.112079416807 4.08947317048 0.603538431089 0.59435096344 0.106856190771 0.0679609688552 0.0575164372508 0.0559960582625 0.0565076172215 7.4809627489
-9999.0 -9999.0 -9999.0 -9999.0 -9999.0 -9999.0 -9999.0 -9999.0 -9999.0 -9999.0 -9999.0 -9999.0 -9999.0 -9999.0 0.984140929748 1.78080095179 2.48618769927 3.19017067821 4.02074340113 4.87068529658 2.4849312947 4.15259762142 0.765003712521 0.724753492201 16.3723123885 17.7167696095 18.3111135725 18.8921250881 0.383423532226 0.697970795638 2.06711048577 2.55643577724 2.93238365752 0.20754541106 0.134544065797 519.320675689 0.281165276692 0.367677636361 0.236070075325 0.633349936994 0.270075389679 0.17007253659 2.71790031813 2.80796111894 0.0690353434339 4.16484117714 4.8924661828 0.802523631724 94.3495642799 94.1152766955 93.9585287276 93.6965587952 93.588956633 92.0318820981
-9999.0 -9999.0 -9999.0 -9999.0 -9999.0 -9999.0 -9999.0 -9999.0 -9999.0 -9999.0 -9999.0 -9999.0 -9999.0 -9999.0 0.207976250917 0.466393561316 0.722496463664 7.00758721065 7.87814305957 0.881469141921 0.836911876526 0.849468359659 13.4652865046 15.0416810052 0.737776834754 0.748258339107 0.591976227585 2.56705090924 3.19050618767 1.28721311575 1.74155266048 15.0615475853 15.5130588289 16.0763030549 25.4612180323 544.993974992 0.343207111949 0.192627978765 1.02595807386 0.794739970905 0.0922875874739 0.363269571933 0.458074256287 2.90543140264 2.98459975175 8.05428560057 4.9315156618 0.878995518056 96.1509498693 0.573439078645 93.8364508065 93.7698721513 1.45401320285 0.0533748450967
-9999.0 -9999.0 -9999.0 -9999.0 -9999.0 -9999.0 -9999.0 -9999.0 -9999.0 -9999.0 -9999.0 -9999.0 -9999.0 -9999.0 1.02884600037 1.69894372189 3.51429644279 6.19846327323 8.54153008338 10.2429239625 11.0817264482 11.9307690732 12.7323888186 0.770713269726 0.680473476206 1.35040675881 1.25456622614 0.680866939965 13.1217025008 13.7328160828 14.2749830319 14.7883306794 8.32875048076 8.75368223058 9.20935224671 545.1732033 0.579475351686 0.716308322789 1.89709275756 0.184937624105 0.199750451163 0.106409993317 0.088908400255 0.548022052443 0.0654883750068 0.0688271029719 104.549726534 96.4410549558 96.3707179047 0.231088528409 0.512267033312 0.327227170994 0.0722357812552 1.31539279111
-9999.0 -9999.0 -9999.0 -9999.0 -9999.0 -9999.0 -9999.0 -9999.0 -9999.0 -9999.0 -9999.0 -9999.0 -9999.0 -9999.0 0.715452388675 0.692640655438 1.36746042331 2.04554549246 0.914811998215 1.02940646492 1.9221060528 2.80450495049 4.46417129318 5.27237909286 5.94757976907 8.00167913655 8.63109198585 9.34248824094 0.671082126401 6.45637383967 6.98832246561 7.49943495138 0.4076518402 0.270965172799 0.473046050034 554.808861559 554.97676853 555.919410653 2.45591206021 0.403810249209 0.475171790002 0.170660164333 0.15838561938 0.620643994616 0.745782003601 0.124489421505 104.8463281 0.0897272818596 0.119636972457 0.128485766996 0.101793037503 0.192019905444 0.0814857381096 0.88891624201
-9999.0 -9999.0 -9999.0 -9999.0 -9999.0 -9999.0 -9999.0 -9999.0 -9999.0 -9999.0 -9999.0 -9999.0 -9999.0 -9999.0 -9999.0 0.67235213777 1.31969973016 0.632245905981 1.31821488624 8.00082573846 8.75842202277 9.59949370574 0.818095278837 0.820184989877 1.493806088 2.210269572 3.44191299173 4.10697788922 4.55174522245 5.17228369627 0.498957699011 0.480525843036 8.30636784403 8.57973710923 8.78396095236 8.97841166215 7.19678354348 563.863243103 567.411289003 567.573765134 568.178310492 568.821475133 569.0428901 0.0587634544125 0.803373269631 104.901359362 0.115032273767 0.0587692256684 0.0758425136152 0.0795198920308 0.13521837114 0.119358583483 0.0683873525605 0.100947474095
-9999.0 -9999.0 -9999.0 -9999.0 -9999.0 -9999.0 -9999.0 -9999.0 -9999.0 -9999.0 -9999.0 -9999.0 -9999.0 -9999.0 -9999.0 -9999.0 1.95784698062 2.60613698407 4.54997820674 5.98720548305 0.750302721115 11.2838367061 12.0796838324 12.821605386 0.708042723516 1.39952581196 0.600031810192 4.65670475953 5.03300255922 5.65231304503 6.31668923245 7.73319924759 7.95753570281 0.151670564789 6.47677701383 6.84345222567 7.01959666795 7.76840089982 0.923790052289 0.55793556653 0.318863453633 0.28420349236 569.44956744 569.528619839 570.669439059 104.950204821 0.348345594689 0.190965722023 0.128682996618 0.0429918935251 0.384821184991 0.196509280047 0.0612613966411 0.333700599493
-9999.0 -9999.0 -9999.0 -9999.0 -9999.0 -9999.0 -9999.0 -9999.0 -9999.0 -9999.0 -9999.0 -9999.0 -9999.0 -9999.0 -9999.0 -9999.0 0.664320614841 3.25833209458 3.93642518757 0.785287912704 0.886533483875 1.81499058741 2.65816102279 16.2485371948 0.713810780042 2.85113034445 3.47614116375 4.08641630793 0.439233562742 0.986148150997 1.30022350638 5.18729539325 5.77553878437 5.94478483935 0.194406218916 0.178896993813 0.207648447331 0.390419660924 0.192690140381 0.206273063129 0.153209463882 0.218275831728 0.0779763343012 0.280492924482 570.754485943 675.908341388 0.593199557259 0.162159493093 0.0621932053272 1.17204763055 1.07819544649 0.628822309368 0.562964516948 0.419518118879
-9999.0 -9999.0 -9999.0 -9999.0 -9999.0 -9999.0 -9999.0 -9999.0 -9999.0 -9999.0 -9999.0 -9999.0 -9999.0 -9999.0 -9999.0 0.591946107077 1.85697802113 0.603766837232 0.888607075224 0.964506260393 1.85247001441 2.74013097901 3.46226766536 20.2920677443 20.981038592 0.704224587125 1.33020951925 1.96713222729 2.41287151417 2.95193593741 4.64576784321 4.99214293549 0.375696884488 0.275387645891 0.126494134213 0.0981957484866 0.288278925863 0.263735126607 0.347123829743 0.390960606112 0.767845476538 0.30601481183 0.0915298954545 0.0905181547745 0.06969686064 0.130305440723 680.466798451 3.84995769167 1.48654092701 0.181099165242 0.0915204643829 0.0518074300841 0.163029625083 0.106089255736
-9999.0 -9999.0 -9999.0 -9999.0 -9999.0 -9999.0 -9999.0 -9999.0 -9999.0 -9999.0 -9999.0 -9999.0 -9999.0 -9999.0 0.620412402552 1.20170486735 4.22620141337 0.564899243614 1.59473966213 2.53973150491 3.4110197244 0.893767222189 1.67239612338 2.32616278731 23.8422684582 0.67319869009 1.26475007691 1.89117674293 0.591518616766 1.17570030458 1.54913658014 1.89118184724 42.0693545486 42.6542001419 43.2129192365 44.9783308128 45.4448562808 46.5561073501 0.716392564762 1.46880563143 0.955712940389 50.4844797787 50.6433898943 0.0826050880493 0.133973765159 0.183695782091 680.54030843 3.60255595333 1.69059537893 1.56509781284 1.21431584329 1.05152700189 0.214165908705 0.0539351253414
-9999.0 -9999.0 -9999.0 -9999.0 -9999.0 -9999.0 -9999.0 -9999.0 -9999.0 -9999.0 -9999.0 -9999.0 -9999.0 -9999.0 0.630842328484 1.90794092816 6.75915988896 9.96988057328 0.509899070417 12.927288227 16.9271158155 0.839875518793 1.61438572724 2.30465819814 30.3450072759 30.8651750333 0.421689468817 2.74716245986 3.16595579939 3.64580900172 38.6584915713 39.4940473888 39.9035403277 0.191578084192 1.21177845325 1.41507433698 0.466116413544 0.633407624155 47.4916404938 49.222049103 49.3432297106 49.4570962915 50.7766329313 0.064910130428 0.056413030706 0.287984050276 680.627930528 0.281887333219 0.121302175568 0.25296368288 0.0743112075565 0.914860773309 0.766599208836 0.462398855606
-9999.0 -9999.0 -9999.0 -9999.0 -9999.0 -9999.0 -9999.0 -9999.0 -9999.0 -9999.0 -9999.0 -9999.0 -9999.0 -9999.0 -9999.0 -9999.0 1.31808636439 2.63977070716 11.7630113048 12.3882432378 17.4831507351 18.0757119098 0.812525331094 1.62483161299 3.70657736859 31.3143438236 32.1745671052 32.5052134586 0.259606020644 33.7407454904 34.6130925484 0.515904677094 0.194245250199 0.38233684699 0.730999378381 0.169847261388 0.322302297609 0.689385611161 0.830319025701 0.152967957836 0.103214523172 0.198117932258 51.7498850674 52.0780093032 52.1275996978 52.5602432135 680.702456691 0.235845292983 0.0991716544014 0.0558121792594 0.0536726344512 0.0551079470431 0.0469194292099 0.0875823448668
-9999.0 -9999.0 -9999.0 -9999.0 -9999.0 -9999.0 -9999.0 -9999.0 -9999.0 -9999.0 -9999.0 -9999.0 -9999.0 -9999.0 -9999.0 -9999.0 0.682505435333 0.667326927946 0.64396945308 1.24003481044 0.537537863755 19.1531114464 19.6964648123 0.720125898525 1.43842615571 0.551788659252 0.408608030475 0.394278102446 33.2132538554 0.29509420757 0.587010603025 0.277677073102 0.210289942201 0.179526639833 0.134855068446 0.140289988708 0.419403319724 0.573173307088 0.108147877421 0.0965726254073 0.206029815969 0.34106899658 0.489535074683 0.172648024363 52.2157754764 52.6109142351 680.764977054 0.553220330185 0.202574677918 0.0335734506891 0.0806781248194 0.0276159943556 0.0210617327489 0.110573650781
-9999.0 -9999.0 -9999.0 -9999.0 -9999.0 -9999.0 -9999.0 -9999.0 -9999.0 -9999.0 -9999.0 -9999.0 -9999.0 -9999.0 -9999.0 -9999.0 -9999.0 -9999.0 0.658826245948 1.83855983847 2.35776952171 2.88551312262 20.218761002 20.7554013772 21.2756688606 21.8083283961 22.1927375882 22.9940718803 23.2739741947 23.5519397977 23.7789795492 0.197123115109 0.177896540917 0.18089533983 0.603755467673 0.156193420527 0.143849610951 0.114009394638 0.325282088364 0.127155612746 0.0970974742474 0.0902613350316 0.0748941607069 0.149486037233 0.21611202888 53.0539962133 734.429958339 0.111491373187 0.182632190078 0.0276911212441 0.141581084937 0.12271556368 0.0423460958434 0.608370545448
-9999.0 -9999.0 -9999.0 -9999.0 -9999.0 -9999.0 -9999.0 -9999.0 -9999.0 -9999.0 -9999.0 -9999.0 -9999.0 -9999.0 -9999.0 -9999.0 -9999.0 -9999.0 -9999.0 0.552765809975 4.36298938171 8.42782436586 8.95995291609 0.715751087738 1.43192809309 2.16905243759 2.7165002372 6.52434153277 6.74655739034 0.213310489668 0.200243649279 24.381254251 24.801515688 24.961306271 0.714357443466 0.094324643486 0.222685951496 0.330765167094 1.00425429715 1.24092700136 1.42529187849 0.169581896459 0.235653769822 0.0781573135011 0.161419598305 0.0785169513983 734.570799435 0.0883778337152 0.36429473062 0.0940594953261 0.275579429437 0.931182431789 1.01857658251 1.67782638964
-9999.0 -9999.0 -9999.0 -9999.0 -9999.0 -9999.0 -9999.0 -9999.0 -9999.0 -9999.0 -9999.0 -9999.0 -9999.0 -9999.0 -9999.0 -9999.0 -9999.0 -9999.0 0.612795365276 1.95192174771 3.8217915723 4.99248201748 12.5394594258 13.1723375819 1.53261478237 2.27565877917 2.91215320419 3.42205991603 7.00395945724 7.45083955797 13.5107465221 14.0001242618 14.3334690484 25.1065159387 26.1536713821 0.223138480125 0.140983760533 0.133704660717 0.25112690852 0.115490456329 1.65354468829 1.74061887189 0.32560657919 0.518384932832 0.228980687463 154.419727759 154.598439783 889.248876688 889.733050318 0.105556173544 0.493942180714 0.277953785069 0.166328477381 1.97917419949
-9999.0 -9999.0 -9999.0 -9999.0 -9999.0 -9999.0 -9999.0 -9999.0 -9999.0 -9999.0 -9999.0 -9999.0 -9999.0 -9999.0 -9999.0 -9999.0 -9999.0 -9999.0 -9999.0 0.69809287246 0.677709624428 1.2813314756 3.0391445473 13.7379528054 0.787731783166 0.781194210583 1.38268523092 2.0289420034 4.91715621847 5.29163377713 0.314093334614 0.29293837006 14.545604135 14.7043692538 41.1605913411 41.3856652364 0.0770490318568 0.0685981875308 0.0559806751091 0.05647469422 0.0630038828774 152.46876128 152.975653009 153.578061803 153.927269977 154.253124282 0.0876405887632 0.323310407298 0.37684893748 890.256596665 890.31582566 890.357158973 890.457963709 890.590425103
-9999.0 -9999.0 -9999.0 -9999.0 -9999.0 -9999.0 -9999.0 -9999.0 -9999.0 -9999.0 -9999.0 -9999.0 -9999.0 -9999.0 -9999.0 -9999.0 -9999.0 -9999.0 -9999.0 -9999.0 0.621973953501 0.650471108733 1.20581064022 16.097291894 16.6591876752 0.770227216684 1.37793360371 2.03524896878 2.55744832394 0.46852947952 0.853736386668 36.9771969511 37.1646025471 37.4982248371 38.9004522349 80.4200153798 149.18171224 149.373064698 149.53885968 149.699972531 150.412034881 150.643255224 0.434859520388 0.196282699281 0.115879383218 0.21809789858 0.161548311787 0.255429024272 0.0776006764733 1.85158958333 2.22090993972 2.51098645365 2.53667495617 890.626397647
-9999.0 -9999.0 -9999.0 -9999.0 -9999.0 -9999.0 -9999.0 -9999.0 -9999.0 -9999.0 -9999.0 -9999.0 -9999.0 -9999.0 -9999.0 -9999.0 -9999.0 -9999.0 -9999.0 -9999.0 -9999.0 0.634363857664 1.2139361904 1.79714187645 17.1512840037 0.56411204935 23.3498635199 24.0225754926 24.5162872433 24.9675064654 35.3365248104 35.7550942615 0.168138447603 1.08163577431 1.25293082606 0.164884524278 68.5761870984 68.2755923128 0.0904035609231 0.208179175186 0.563805716177 0.125229196025 0.132124116225 0.10004798189 0.0849934881623 0.0670521427363 0.0770684360774 1.60460263426 1.68364942915 1.78869913 0.31223094939 0.230142312557 2.64512377519 2.68328097499
-9999.0 -9999.0 -9999.0 -9999.0 -9999.0 -9999.0 -9999.0 -9999.0 -9999.0 -9999.0 -9999.0 -9999.0 -9999.0 -9999.0 -9999.0 -9999.0 -9999.0 -9999.0 -9999.0 -9999.0 -9999.0 0.58000078338 0.542644054054 2.81191411131 21.072552519 22.1868178523 22.7376953172 0.544187657505 9.18034096961 9.6420011301 9.86307324035 0.382767060002 0.582572848484 0.744952919378 15.4499040339 15.5847296008 15.696566048 68.0780218381 42.6581455739 0.113332349766 0.120910806787 0.116029432653 0.0915643003068 0.976942211527 1.16901304986 1.33832023747 1.43159225074 1.52143241385 14.0042452687 14.1026084912 14.2797146492 14.607712184 15.4743762534 15.5011801476
-9999.0 -9999.0 -9999.0 -9999.0 -9999.0 -9999.0 -9999.0 -9999.0 -9999.0 -9999.0 -9999.0 -9999.0 -9999.0 -9999.0 -9999.0 -9999.0 -9999.0 -9999.0 -9999.0 -9999.0 -9999.0 -9999.0 1.13388882137 1.72767303645 0.585170361668 0.799426512081 7.31464837225 7.86623382973 8.23477432048 3.12279170647 3.44723212602 3.78506862322 3.99035583493 15.1499467976 15.3386049571 9.34484408077 25.1827241006 25.3135563427 42.5671365986 0.24796680451 0.125867464513 0.0899845568262 0.681593142412 0.796091608394 0.0709853631136 0.0666895884156 13.7024760293 13.864735001 13.9431438657 0.129397995272 0.216146511301 15.3430697187 0.0423446633929 0.188337782744
-9999.0 -9999.0 -9999.0 -9999.0 -9999.0 -9999.0 -9999.0 -9999.0 -9999.0 -9999.0 -9999.0 -9999.0 -9999.0 -9999.0 -9999.0 -9999.0 -9999.0 -9999.0 -9999.0 -9999.0 -9999.0 -9999.0 0.567819413506 1.12282807867 4.62442253723 5.22149577954 5.84195956843 2.39229334425 2.79941392645 0.332440399291 10.4300070836 10.7168516481 10.974266837 0.210742590204 8.99413865861 9.189887865 0.139419594899 41.9201460066 0.28168936045 0.140995518671 0.372521914495 0.498811493108 0.0948786341828 0.0782955411256 12.8741391021 13.5549140145 13.6503086071 0.0988922408653 0.218066277482 0.274308384541 0.356440133905 0.627423392968 0.0707696310079 0.155150173216
