data/baseflow/History/mHMbfrc341
ncols                  80
nrows                 72
xllcorner      4374000.0
yllcorner      5656000.0
cellsize            500
NODATA_value       -9999
[rows 0 to 23 of 72, columns 0 to 54 of 80]
-9999.0 -9999.0 -9999.0 -9999.0 -9999.0 -9999.0 -9999.0 -9999.0 -9999.0 -9999.0 -9999.0 -9999.0 1.29235410868 0.962809442504 -9999.0 -9999.0 -9999.0 -9999.0 -9999.0 -9999.0 -9999.0 -9999.0 -9999.0 -9999.0 -9999.0 -9999.0 -9999.0 -9999.0 -9999.0 -9999.0 -9999.0 -9999.0 -9999.0 -9999.0 -9999.0 -9999.0 -9999.0 -9999.0 -9999.0 -9999.0 -9999.0 -9999.0 -9999.0 -9999.0 -9999.0 -9999.0 -9999.0 -9999.0 -9999.0 -9999.0 -9999.0 -9999.0 -9999.0 -9999.0 -9999.0
-9999.0 -9999.0 -9999.0 -9999.0 -9999.0 -9999.0 -9999.0 -9999.0 -9999.0 -9999.0 -9999.0 -9999.0 2.5759238466 5.36214895839 0.796118311184 -9999.0 0.635133656498 -9999.0 -9999.0 -9999.0 -9999.0 -9999.0 -9999.0 -9999.0 -9999.0 -9999.0 -9999.0 -9999.0 -9999.0 -9999.0 -9999.0 -9999.0 -9999.0 -9999.0 -9999.0 -9999.0 -9999.0 -9999.0 -9999.0 -9999.0 -9999.0 -9999.0 -9999.0 -9999.0 -9999.0 -9999.0 -9999.0 -9999.0 -9999.0 -9999.0 -9999.0 -9999.0 -9999.0 -9999.0 -9999.0
-9999.0 -9999.0 -9999.0 -9999.0 -9999.0 -9999.0 -9999.0 -9999.0 -9999.0 -9999.0 1.25652980175 1.21507154299 1.25688307436 1.22136135414 7.71290087972 8.579196838 1.81413399648 0.584400119336 -9999.0 -9999.0 -9999.0 -9999.0 -9999.0 -9999.0 -9999.0 -9999.0 -9999.0 -9999.0 -9999.0 -9999.0 -9999.0 -9999.0 -9999.0 -9999.0 -9999.0 -9999.0 -9999.0 -9999.0 -9999.0 -9999.0 -9999.0 -9999.0 -9999.0 -9999.0 -9999.0 -9999.0 -9999.0 -9999.0 -9999.0 -9999.0 -9999.0 -9999.0 -9999.0 -9999.0 -9999.0
-9999.0 -9999.0 -9999.0 -9999.0 -9999.0 -9999.0 -9999.0 -9999.0 -9999.0 1.21644094585 2.47677595546 4.91222514681 2.44536022719 1.1974539003 2.36654146855 9.73945432438 12.9593752713 0.663676686977 -9999.0 1.24158806722 -9999.0 -9999.0 -9999.0 -9999.0 1.25504539202 0.632189950259 -9999.0 -9999.0 -9999.0 -9999.0 -9999.0 -9999.0 -9999.0 -9999.0 -9999.0 -9999.0 -9999.0 -9999.0 -9999.0 -9999.0 -9999.0 -9999.0 -9999.0 -9999.0 -9999.0 -9999.0 -9999.0 -9999.0 -9999.0 -9999.0 -9999.0 -9999.0 -9999.0 -9999.0 -9999.0
-9999.0 -9999.0 -9999.0 -9999.0 -9999.0 -9999.0 -9999.0 -9999.0 1.29383415614 3.75299119233 4.93565763537 6.13187167936 8.52627738575 1.15063850824 4.62362177264 5.75053592048 20.4701405646 0.971282895536 1.08774619317 2.37766980134 3.48258800893 1.13665537125 -9999.0 3.33357313514 2.72492563682 0.765974699984 -9999.0 -9999.0 -9999.0 -9999.0 -9999.0 -9999.0 -9999.0 -9999.0 -9999.0 -9999.0 -9999.0 -9999.0 -9999.0 -9999.0 -9999.0 -9999.0 -9999.0 -9999.0 -9999.0 -9999.0 -9999.0 -9999.0 -9999.0 -9999.0 -9999.0 -9999.0 -9999.0 -9999.0 -9999.0
-9999.0 -9999.0 -9999.0 -9999.0 -9999.0 -9999.0 1.30449150716 1.2285099984 1.2022218286 1.21193555281 1.22326971655 8.58865854995 18.3099704862 19.4984975997 20.5584866102 1.02886934825 22.551810422 23.627345944 2.21224993949 1.11691271361 4.56986869645 7.91684240209 1.08751158764 6.51901252916 1.15894714805 1.11186003464 1.19981314511 -9999.0 -9999.0 -9999.0 -9999.0 -9999.0 -9999.0 -9999.0 -9999.0 -9999.0 -9999.0 -9999.0 -9999.0 -9999.0 -9999.0 -9999.0 -9999.0 -9999.0 -9999.0 -9999.0 -9999.0 -9999.0 -9999.0 -9999.0 -9999.0 -9999.0 -9999.0 -9999.0 -9999.0
-9999.0 -9999.0 -9999.0 -9999.0 -9999.0 -9999.0 2.593353289 3.84007731534 8.75304686369 12.3232849897 1.14565897205 1.17719934375 1.13565408239 3.34393785871 24.9544338118 1.00321451607 24.6861063485 28.8231350622 3.25248666827 2.14184625477 8.95659534037 1.09878475048 7.62067513733 2.2097243897 1.10668076139 2.19385817405 2.36683072559 1.19752464949 1.22585596832 1.21546806342 1.23606100715 2.48330197339 -9999.0 -9999.0 -9999.0 -9999.0 -9999.0 -9999.0 -9999.0 -9999.0 -9999.0 -9999.0 -9999.0 -9999.0 -9999.0 -9999.0 -9999.0 -9999.0 -9999.0 -9999.0 -9999.0 -9999.0 -9999.0 -9999.0 -9999.0
-9999.0 -9999.0 -9999.0 -9999.0 -9999.0 1.33539326022 2.62913590558 1.27994463485 2.51669100234 13.5657178543 15.926411446 18.2838650336 57.4284943923 1.10682671292 26.0547061966 91.9118027476 92.705184231 122.920145367 0.880377762451 3.17603292527 10.003618221 1.04109994712 19.904197208 11.204651925 6.81607183898 5.69916081783 1.15975170412 3.57646913197 3.61036630007 2.41270469871 1.18257637293 3.69297308846 1.18008134214 1.1751923693 -9999.0 -9999.0 -9999.0 -9999.0 -9999.0 -9999.0 -9999.0 -9999.0 -9999.0 -9999.0 -9999.0 -9999.0 -9999.0 -9999.0 -9999.0 -9999.0 -9999.0 -9999.0 -9999.0 -9999.0 -9999.0
-9999.0 -9999.0 -9999.0 -9999.0 -9999.0 1.34242164898 3.95268984734 7.8771104854 9.12704834402 18.1545399309 19.3694940622 23.1003384768 38.0307415791 60.6076004174 62.8149486539 63.8397277405 1.96905050756 126.424608307 128.230079266 133.426283813 167.562521509 23.081442451 20.9999713813 7.90772219576 1.08915725286 6.86531235449 4.66339129717 1.06658896635 4.71698084922 1.08302128444 2.2347127685 5.9751640382 7.1154599994 2.31278327438 1.12782843988 1.13401750688 -9999.0 -9999.0 -9999.0 -9999.0 0.655974153535 0.563553143296 -9999.0 -9999.0 -9999.0 -9999.0 -9999.0 -9999.0 -9999.0 -9999.0 -9999.0 -9999.0 -9999.0 -9999.0 -9999.0
-9999.0 -9999.0 -9999.0 -9999.0 -9999.0 1.32173325408 1.29069734965 5.25532552577 6.51182184158 7.79434423503 1.25733863622 2.50294061444 14.0532512131 2.54675540457 1.2053879778 1.14654903698 1.0525137469 1.14800560899 1.12075138429 1.11991178586 168.648754053 171.77766805 1.04182567018 3.20461425864 2.17220046947 7.93136088815 2.14051139525 1.04304522254 5.83395670291 2.12721510604 5.11947527138 12.6315487221 11.66823958 3.42694302873 3.36162752359 1.13927109977 1.13345786789 -9999.0 -9999.0 1.13883933631 1.50001518202 3.23274924231 0.585931594378 -9999.0 -9999.0 -9999.0 -9999.0 -9999.0 -9999.0 -9999.0 -9999.0 -9999.0 -9999.0 -9999.0 -9999.0
-9999.0 -9999.0 -9999.0 -9999.0 -9999.0 -9999.0 1.35399986482 1.34083059277 2.64301766758 3.94512686837 9.04038558385 11.5891904161 12.8708916334 1.356863043 1.14017375114 14.5577366857 17.9557297975 19.0552074376 23.555857634 24.6291494952 1.06484251088 172.843082305 178.106574227 4.21168901879 0.87166227725 8.9347652558 19.9384314658 7.88159752274 2.07577198851 1.04418245999 19.7902478357 13.6849133375 1.03121252434 1.03987142216 4.41384415333 3.34875624403 1.07637428483 1.05497268731 1.10166249436 2.22493960244 1.07236658009 3.92419302607 4.94766576561 0.979361624907 -9999.0 -9999.0 -9999.0 -9999.0 1.04621083807 1.01115580994 0.318825756382 -9999.0 -9999.0 -9999.0 -9999.0
-9999.0 -9999.0 -9999.0 -9999.0 -9999.0 -9999.0 -9999.0 1.34257428677 1.24569130167 2.55129378677 3.84519320995 1.28458876929 1.2308229615 7.49159784884 9.87701275916 12.2952250672 1.1508360894 2.30591328855 1.13029099503 25.7119590431 56.3130977446 56.970961893 236.967618347 1.0483721324 2.61507840337 0.840633128909 20.93979258 1.01729733426 3.13216605952 1.03299198447 20.8105518228 21.8279301228 2.06657632889 2.0684622706 11.0111177174 5.5149065051 2.13651574951 1.08651324406 2.20578288263 3.31594932679 5.41931258204 1.02192418142 6.8567190235 7.71850780254 0.788688201281 0.836309888301 0.854033171733 0.796422489991 0.757801918211 2.94596323091 1.21315652625 0.803213444384 -9999.0 -9999.0 -9999.0
-9999.0 -9999.0 -9999.0 -9999.0 -9999.0 -9999.0 -9999.0 -9999.0 2.59639833305 3.81727074248 1.28185635341 2.57892718608 3.82095031894 6.32743483333 1.26686622975 1.24164002519 1.13685338081 1.15073674423 1.08563938128 28.4167360303 1.14684299155 2.27057463866 239.959086558 242.06701386 1.11995749934 4.83608509891 26.7556796654 2.00769927033 4.08094053853 1.94431288451 2.87639670706 25.782928046 3.02157543018 16.0227101761 13.0125430305 1.01450955775 5.29648205821 2.13123068882 3.24015303544 1.03311482611 6.41043465036 8.34798413153 9.10757119917 9.83747054268 10.6981540174 1.50311565864 1.55647498996 1.45831626258 1.3750883938 3.70166312858 0.802475029312 2.83829805667 3.59871164802 -9999.0 -9999.0
-9999.0 -9999.0 -9999.0 -9999.0 -9999.0 -9999.0 -9999.0 -9999.0 1.32612202234 6.44239324295 7.70844349747 1.26931262921 2.5107382532 1.24191592746 1.20184705194 1.18565297196 14.4787202984 19.2528020228 23.5694400773 27.7195429691 1.04170482622 1.13433658721 1.17725939117 246.876128401 249.019504841 250.051053898 35.9808126225 8.0843917943 7.0581730884 0.916038644393 3.79046538168 30.5006293921 0.929676725103 16.959984031 1.00057637156 6.84917944944 6.35175308434 1.0351901104 4.26719348932 2.05719983565 3.05900369743 0.921433763611 0.724163150893 10.5603983055 11.2238578013 11.3600335177 2.25487850548 2.13075663986 2.03604937352 4.54075485978 6.15500328701 0.804716629138 4.38034382528 0.821404125806 1.57852351954
-9999.0 -9999.0 -9999.0 -9999.0 -9999.0 -9999.0 -9999.0 -9999.0 -9999.0 1.32364951418 8.99368874038 10.2544139203 3.76075603332 6.24045349706 8.63831693388 9.83517195233 1.20645202615 3.63408037066 2.42041355343 1.21359763691 1.22082543739 1.1532951333 2.30554300595 3.89976931056 1.29162204313 288.324497601 289.449445117 1.05279225211 0.845301139033 1.84783308788 2.75956961097 33.226389091 1.82179617452 17.8130905646 10.5951596043 8.69777127029 0.995439573297 2.01751408626 5.22798492919 0.956573824616 3.99117499839 1.83607309452 1.32609801268 0.636966633409 13.1207857091 25.0388875742 2.7621904985 2.65147578141 2.71015147674 0.697442389419 6.8425092479 0.674689703767 5.87994729922 0.749594302164 2.32631475459
-9999.0 -9999.0 -9999.0 -9999.0 -9999.0 -9999.0 -9999.0 -9999.0 -9999.0 -9999.0 1.24611528073 12.7655593371 1.24960021719 2.49233758345 3.66927690417 6.01837147827 1.19118967246 2.43086523014 1.21319736773 1.17756142265 1.13787276148 2.25802821457 1.05415643944 1.15873597017 2.3611713828 1.27960781472 290.493557708 292.567661559 295.5931789 3.67514648186 0.928886808169 1.85096850131 34.1658406274 32.9695427117 12.5196507867 0.958208182781 3.98231490341 2.9980659777 6.19107332015 1.91624600071 7.6937203044 2.7599625487 2.13258706563 0.553689833263 0.66257561985 25.7441570192 26.3575925045 32.3212838375 4.87670901323 1.43287081678 7.57325129152 8.96284405045 15.5085423695 1.47446203253 0.700962704863
-9999.0 -9999.0 -9999.0 -9999.0 -9999.0 -9999.0 -9999.0 -9999.0 -9999.0 -9999.0 -9999.0 0.686182487069 14.2790597275 1.21293455889 2.37459098983 10.7267130411 1.19524995132 1.19233634965 1.12267039801 2.33722393655 1.15148473535 4.55426828385 6.66684497168 7.67105246 3.3292663209 4.2789885154 1.07070551826 1.2526786775 1.11704392246 301.167121835 303.892173024 35.0125427012 34.6664956629 33.8227999865 1.75608059422 0.862479495094 4.89270402004 12.9108552336 7.1096630997 2.83131930699 11.4054520497 4.85203426181 4.00047788676 1.13194260141 0.46900199873 0.443288270344 0.494201609624 34.6107854259 41.4832009932 0.696442074687 0.642531912066 0.686592091895 16.1784893508 18.3114281087 1.29818228842
-9999.0 -9999.0 -9999.0 -9999.0 -9999.0 -9999.0 -9999.0 -9999.0 -9999.0 -9999.0 -9999.0 0.636998161775 15.8361828775 19.5172858584 1.16874227976 13.058398207 1.13653756537 1.11589166475 2.25241829477 5.72962697086 1.13438278468 1.16421418167 1.05009869861 9.75692717904 10.7720239537 16.1089921984 18.1691362528 19.2299699314 20.2596977567 21.4344909258 326.329602685 363.241080166 399.654153902 400.349259707 0.817041201882 0.867465493068 14.734076203 13.8295295046 0.90433613447 0.89734741945 12.2584569308 17.9918922323 0.795332443936 8.76929919975 8.02428149246 2.24191125965 1.05174472563 1.69901328571 0.686351545879 42.6551819018 0.587296216626 1.9105394392 2.39481515589 22.4597321589 24.2879471486
-9999.0 -9999.0 -9999.0 -9999.0 -9999.0 -9999.0 -9999.0 -9999.0 -9999.0 -9999.0 -9999.0 1.28889248156 2.50134634513 20.7171813605 22.971372418 1.13123414748 15.0222272643 1.01958221163 3.15660520494 6.78674103752 2.21257208494 1.07588386699 2.17540563819 0.964286033322 1.8994923556 0.957365896 0.924108954327 0.84710356166 0.805230939115 0.796001036439 0.813377433919 1.00082309286 1.10930368272 1.12828725012 403.101748745 17.7876411303 16.2149225732 0.711787545658 2.61992557828 0.691491822122 0.583512088647 18.822352238 30.1102042374 9.65063482932 6.96941872528 1.2812352013 0.547236583436 0.509546509008 1.09750656729 44.3492580933 45.4589349118 0.573539774148 0.583344113589 0.611868842026 0.559049398662
-9999.0 -9999.0 -9999.0 -9999.0 -9999.0 -9999.0 -9999.0 -9999.0 -9999.0 -9999.0 -9999.0 -9999.0 1.19672068803 15.244363434 39.3776446624 42.856558031 58.9155305898 59.7340178378 15.101135068 11.1656392952 3.30469608403 1.06751415813 4.28527553411 5.31002774049 8.17714968874 1.94395067159 1.87509144226 1.80888507678 3.55519338206 1.7266795471 1.72182267369 0.853139399195 0.687958005326 0.776645868294 404.003205415 422.388479367 423.137409445 0.71356638385 7.07421798478 3.00719989347 0.877951159431 32.75892886 1.83020694658 0.933813882375 3.86904489586 0.883677075453 0.728331080297 1.34479571733 1.87574149533 2.44233144773 46.4316968549 0.466404961733 0.418646522245 0.422226813688 0.367064380778
-9999.0 -9999.0 -9999.0 -9999.0 -9999.0 -9999.0 -9999.0 -9999.0 -9999.0 -9999.0 -9999.0 1.24889184251 11.5693412957 14.0520487634 2.35226596122 0.73516006371 1.69764637706 62.5101087228 63.3845757158 79.2792030998 0.989103917935 2.04968269453 0.943002139578 0.956200840494 9.11924935748 12.0038857349 14.7881200155 0.895872979417 4.45606577882 7.06881004362 4.28218161229 1.712016831 1.47471104879 1.45594434417 1.4248535724 0.763276224284 423.773637288 424.326789952 432.565398535 1.52903868925 0.801117529742 33.2959688047 1.94377789757 0.986433389239 1.02409981366 1.01610869814 0.947471942587 1.71640536515 4.88053330041 7.93225966052 54.8441800204 0.372012938635 1.11489820809 0.755942745398 0.671661108395
-9999.0 -9999.0 -9999.0 -9999.0 -9999.0 -9999.0 -9999.0 -9999.0 -9999.0 -9999.0 -9999.0 1.26857138858 7.88141653299 1.2584254826 1.16830604651 5.85755216814 6.92578976636 8.01232849358 9.05740181247 107.359985521 108.266602727 110.1711317 124.026586579 126.868483036 128.568433762 129.531197798 146.47590139 148.854684706 149.756966833 157.781392068 162.995416606 163.861911979 166.993283519 2.27425483346 2.14343457729 0.620194337226 0.579862871302 424.944413678 435.3375575 2.21965806835 38.2457140644 37.5379226138 3.75106028518 0.919670936467 0.935832241606 0.917361861794 0.892335264643 1.78975244941 2.55806014779 0.720956734134 55.3017547561 55.7806579753 58.0687611125 58.4721986584 59.5210975915
-9999.0 -9999.0 -9999.0 -9999.0 -9999.0 -9999.0 -9999.0 -9999.0 -9999.0 -9999.0 -9999.0 4.01148614196 5.31753387475 2.53080111832 3.75011706414 1.20835332971 13.6360611825 14.7545649033 16.9688308814 17.9690793372 7.46607053144 119.148574697 120.060061473 0.908558358585 0.739597522574 0.687453893626 1.48743076059 0.766609955155 0.664487429782 0.647478516347 0.692597476391 164.699115058 167.837601922 170.865083297 173.682197767 175.930031341 1.04271124733 0.393855704421 475.396736537 39.5247220108 38.9807994162 0.821152301415 0.786365746728 0.746121578963 1.71054964629 1.69178863435 0.797819568737 0.800382095596 0.738499588229 1.45067919731 1.92152431172 0.350646155867 0.647405672071 0.281377444922 0.234658778567
-9999.0 -9999.0 -9999.0 -9999.0 -9999.0 -9999.0 -9999.0 -9999.0 -9999.0 -9999.0 -9999.0 -9999.0 2.70977327869 1.2886159784 1.23261856605 11.4079392361 12.5433794065 1.14382675636 4.52580767438 5.59365995966 6.59372083539 1.07135850301 0.882799715231 18.6568151122 19.4343988542 20.1947365169 51.8397946675 52.5087248881 53.7646395852 58.9926803095 62.6147213849 63.20736581 0.59771220918 0.618509632913 0.601311539949 176.792417021 0.435041766896 482.64202557 481.945085667 6.02564796662 5.37608167014 3.19647491239 0.811075642529 1.48329615932 2.47107706811 2.45463698437 1.56617082755 0.776447317473 1.50382584444 1.47783041563 2.58003040196 0.461752375775 1.11395956578 1.8198670977 2.31781900514
