data/baseflow/History/mHMbfrc504
ncols                  80
nrows                 72
xllcorner      4374000.0
yllcorner      5656000.0
cellsize            500
NODATA_value       -9999
[rows 0 to 23 of 72, columns 0 to 54 of 80]
-9999.0 -9999.0 -9999.0 -9999.0 -9999.0 -9999.0 -9999.0 -9999.0 -9999.0 -9999.0 -9999.0 -9999.0 1.02522605624 0.783000309914 -9999.0 -9999.0 -9999.0 -9999.0 -9999.0 -9999.0 -9999.0 -9999.0 -9999.0 -9999.0 -9999.0 -9999.0 -9999.0 -9999.0 -9999.0 -9999.0 -9999.0 -9999.0 -9999.0 -9999.0 -9999.0 -9999.0 -9999.0 -9999.0 -9999.0 -9999.0 -9999.0 -9999.0 -9999.0 -9999.0 -9999.0 -9999.0 -9999.0 -9999.0 -9999.0 -9999.0 -9999.0 -9999.0 -9999.0 -9999.0 -9999.0
-9999.0 -9999.0 -9999.0 -9999.0 -9999.0 -9999.0 -9999.0 -9999.0 -9999.0 -9999.0 -9999.0 -9999.0 2.07830689626 4.31446345977 0.637072009784 -9999.0 0.586770929917 -9999.0 -9999.0 -9999.0 -9999.0 -9999.0 -9999.0 -9999.0 -9999.0 -9999.0 -9999.0 -9999.0 -9999.0 -9999.0 -9999.0 -9999.0 -9999.0 -9999.0 -9999.0 -9999.0 -9999.0 -9999.0 -9999.0 -9999.0 -9999.0 -9999.0 -9999.0 -9999.0 -9999.0 -9999.0 -9999.0 -9999.0 -9999.0 -9999.0 -9999.0 -9999.0 -9999.0 -9999.0 -9999.0
-9999.0 -9999.0 -9999.0 -9999.0 -9999.0 -9999.0 -9999.0 -9999.0 -9999.0 -9999.0 0.999888126022 0.958988025645 1.00348536011 0.986421418796 6.17569806416 6.80845929019 1.58827458124 0.5032949284 -9999.0 -9999.0 -9999.0 -9999.0 -9999.0 -9999.0 -9999.0 -9999.0 -9999.0 -9999.0 -9999.0 -9999.0 -9999.0 -9999.0 -9999.0 -9999.0 -9999.0 -9999.0 -9999.0 -9999.0 -9999.0 -9999.0 -9999.0 -9999.0 -9999.0 -9999.0 -9999.0 -9999.0 -9999.0 -9999.0 -9999.0 -9999.0 -9999.0 -9999.0 -9999.0 -9999.0 -9999.0
-9999.0 -9999.0 -9999.0 -9999.0 -9999.0 -9999.0 -9999.0 -9999.0 -9999.0 0.945937211483 1.95875212334 3.89034678914 1.93678127445 0.942721881644 1.86014323016 7.69440923787 10.4020942592 0.559173891217 -9999.0 0.988048661946 -9999.0 -9999.0 -9999.0 -9999.0 1.10187301044 0.568830711506 -9999.0 -9999.0 -9999.0 -9999.0 -9999.0 -9999.0 -9999.0 -9999.0 -9999.0 -9999.0 -9999.0 -9999.0 -9999.0 -9999.0 -9999.0 -9999.0 -9999.0 -9999.0 -9999.0 -9999.0 -9999.0 -9999.0 -9999.0 -9999.0 -9999.0 -9999.0 -9999.0 -9999.0 -9999.0
-9999.0 -9999.0 -9999.0 -9999.0 -9999.0 -9999.0 -9999.0 -9999.0 1.08081192761 3.0403189754 3.96593994409 4.89885691056 6.73884227606 0.882887376047 3.59747396728 4.45085134646 16.097471931 0.681939264882 0.77354232376 1.84599415098 2.68264198525 0.875109817851 -9999.0 2.7977006085 2.3035837437 0.616804105488 -9999.0 -9999.0 -9999.0 -9999.0 -9999.0 -9999.0 -9999.0 -9999.0 -9999.0 -9999.0 -9999.0 -9999.0 -9999.0 -9999.0 -9999.0 -9999.0 -9999.0 -9999.0 -9999.0 -9999.0 -9999.0 -9999.0 -9999.0 -9999.0 -9999.0 -9999.0 -9999.0 -9999.0 -9999.0
-9999.0 -9999.0 -9999.0 -9999.0 -9999.0 -9999.0 1.06332804469 0.969676789631 0.950972342427 0.968879713664 0.983303757017 6.87930742909 14.5687321576 15.5033092461 16.3389377977 0.834376477929 17.6884669004 18.4738032865 1.68443850272 0.848140418746 3.50224767628 6.062280696 0.790089751968 5.12774088699 0.86417325131 0.805043117838 0.896412684318 -9999.0 -9999.0 -9999.0 -9999.0 -9999.0 -9999.0 -9999.0 -9999.0 -9999.0 -9999.0 -9999.0 -9999.0 -9999.0 -9999.0 -9999.0 -9999.0 -9999.0 -9999.0 -9999.0 -9999.0 -9999.0 -9999.0 -9999.0 -9999.0 -9999.0 -9999.0 -9999.0 -9999.0
-9999.0 -9999.0 -9999.0 -9999.0 -9999.0 -9999.0 2.14308759242 3.1626623921 7.13470125816 9.95639437081 0.874712330632 0.913927491071 0.873894686609 2.59424441989 19.7139927896 0.754032387838 19.2402135276 22.6472824764 2.64125751568 1.59748219192 6.82643996368 0.830125442249 5.94874164402 1.60895036664 0.803481523231 1.57708502815 1.77430439864 0.917068724778 0.956379240585 0.933616337574 0.989902376586 1.98232503344 -9999.0 -9999.0 -9999.0 -9999.0 -9999.0 -9999.0 -9999.0 -9999.0 -9999.0 -9999.0 -9999.0 -9999.0 -9999.0 -9999.0 -9999.0 -9999.0 -9999.0 -9999.0 -9999.0 -9999.0 -9999.0 -9999.0 -9999.0
-9999.0 -9999.0 -9999.0 -9999.0 -9999.0 1.14822726622 2.23568558373 1.07748737077 2.08793166768 10.9859985115 12.8477957148 14.7012774612 47.5465717738 0.891886703214 20.5435856049 74.9205996569 75.5980411204 99.4769097379 0.789620745003 2.36710863566 7.59507269305 0.760784246341 14.9903823525 8.24433402809 5.01563509217 4.19329022122 0.865655636756 2.72853563787 2.79242914083 1.8597989941 0.90902296827 2.91827682554 0.905675273743 0.890773939515 -9999.0 -9999.0 -9999.0 -9999.0 -9999.0 -9999.0 -9999.0 -9999.0 -9999.0 -9999.0 -9999.0 -9999.0 -9999.0 -9999.0 -9999.0 -9999.0 -9999.0 -9999.0 -9999.0 -9999.0 -9999.0
-9999.0 -9999.0 -9999.0 -9999.0 -9999.0 1.16061042298 3.39024476483 6.72816346284 7.76929287953 15.4138649372 16.3973658863 19.4636035282 31.9998426695 50.2551520106 52.0267794011 52.84874197 1.51132253718 102.3170459 103.914613044 107.926839257 133.610842279 17.3384398008 15.8132009825 5.82607382395 0.800625129383 5.11635435507 3.50960603286 0.744468879933 3.61055321439 0.832056299903 1.81157106292 4.73438945817 5.59682736363 1.73880498458 0.842713776354 0.835558757759 -9999.0 -9999.0 -9999.0 -9999.0 0.53856586681 0.486262594739 -9999.0 -9999.0 -9999.0 -9999.0 -9999.0 -9999.0 -9999.0 -9999.0 -9999.0 -9999.0 -9999.0 -9999.0 -9999.0
-9999.0 -9999.0 -9999.0 -9999.0 -9999.0 1.1334808457 1.08799577661 4.48830853489 5.54340928271 6.62859155234 1.03974555514 2.06151266843 11.8017481529 2.14901575816 0.974264266612 0.886207201645 0.792624889175 0.987702556412 0.982760408852 0.874637674709 134.408341969 136.701052667 0.753048044361 2.33410930288 1.59366073989 5.87426387547 1.50958673721 0.721085910951 4.43451253021 1.66434916594 4.08607725589 9.72119712092 9.01044124021 2.5621664304 2.47124454111 0.861975658917 0.857755352346 -9999.0 -9999.0 0.862251948396 1.19250972471 2.70452295096 0.518292048662 -9999.0 -9999.0 -9999.0 -9999.0 -9999.0 -9999.0 -9999.0 -9999.0 -9999.0 -9999.0 -9999.0 -9999.0
-9999.0 -9999.0 -9999.0 -9999.0 -9999.0 -9999.0 1.1662054464 1.16451822411 2.2527745842 3.34978382038 7.63168928438 9.75082583556 10.8565951284 1.17283917085 0.881553853084 11.8210883677 14.4372116524 15.2530445923 18.6898113122 19.4772919374 0.785363257759 137.497241958 141.386278385 3.11053867575 0.701260388052 6.59884708539 14.5964906365 5.83059496002 1.44469423475 0.737688814986 15.2820675795 10.4891578764 0.734501029901 0.731983224712 3.22696234788 2.51638987936 0.783686110298 0.709516023434 0.826149086837 1.6702138642 0.797360950735 3.2756622462 4.02327623216 0.663850752415 -9999.0 -9999.0 -9999.0 -9999.0 0.763480511305 0.715907488525 0.246486485735 -9999.0 -9999.0 -9999.0 -9999.0
-9999.0 -9999.0 -9999.0 -9999.0 -9999.0 -9999.0 -9999.0 1.15060930485 1.05499130839 2.1659783677 3.25821585433 1.06796675576 1.06927663989 6.27135383496 8.16488756601 10.1000571104 0.905042924467 1.78205339659 0.886401038636 20.2948433235 44.1164078082 44.6152211583 187.357500284 0.761769089911 2.05962209783 0.660285655935 15.2742516384 0.702581907631 2.19230044195 0.719898085394 16.000793472 16.7188582624 1.47566702325 1.46337998946 8.14325678824 4.10912959492 1.49671083515 0.778465086187 1.64716142542 2.47977097417 4.02221608637 0.724700081837 5.27058805669 5.79710690257 0.467993328246 0.513857403915 0.536231291631 0.471002112343 0.443705388708 2.03087740663 0.854967089636 0.521588745424 -9999.0 -9999.0 -9999.0
-9999.0 -9999.0 -9999.0 -9999.0 -9999.0 -9999.0 -9999.0 -9999.0 2.24275961074 3.26792148466 1.06399578453 2.15408906034 3.16638701822 5.28943685873 1.01929648826 0.989370267133 0.861675080602 0.87176943324 0.78897927337 22.1672372798 0.894574487775 1.74642457125 189.611307325 190.868697306 0.517238023891 3.10890816307 18.9797380883 1.39166448437 2.82689716769 1.29133103478 1.91658186008 19.4675552497 2.12626957404 11.6646863424 9.57620807764 0.747427370375 3.78547889402 1.54304874367 2.39631319832 0.741840349042 4.7219754826 6.04791302357 6.52359066644 6.96768574351 7.60287106636 0.915823817566 0.942904518799 0.839467395635 0.783385684119 2.47091588058 0.500927432836 1.89287989676 2.39000672209 -9999.0 -9999.0
-9999.0 -9999.0 -9999.0 -9999.0 -9999.0 -9999.0 -9999.0 -9999.0 1.12734580413 5.49631765462 6.53786611535 1.04299718323 2.04140995095 0.997031337875 0.92663635455 0.910980748977 11.40277215 15.1063639284 18.383845577 21.6272025204 0.776866736501 0.869609257037 0.789140233855 194.255979274 195.523479263 195.981179458 25.1040338786 5.52520260895 4.85523530918 0.565268583309 2.48194111244 22.5559610803 0.587433746805 12.278542329 0.710556300202 4.99536354563 4.57463706294 0.752351777972 3.14236161707 1.48256616419 2.21185033891 0.609675524642 0.438984376979 7.40463207872 7.80262407916 7.99955375235 1.34567557454 1.21775768226 1.15254494236 3.00605820527 4.02400997645 0.508267309741 2.92168679133 0.594018088499 1.12888771271
-9999.0 -9999.0 -9999.0 -9999.0 -9999.0 -9999.0 -9999.0 -9999.0 -9999.0 1.13668995199 7.61734999714 8.64707521924 3.04817333269 5.04075580794 6.90242087811 7.84221225748 0.958933694935 2.84375155753 1.89211015114 0.976360388092 0.946902420882 0.859521070608 1.67521245387 2.78978388685 0.773903725805 222.378742293 222.893764118 0.44186007745 0.400245123559 1.17541800307 1.75841397936 24.3012057607 1.16483711358 12.7945604492 7.61487656856 6.31427581097 0.702913805427 1.43720034353 3.81253177745 0.669342296157 2.86561888112 1.23853102896 0.797328295727 0.412980192631 9.02229990547 17.3391414719 1.63448478893 1.51541853055 1.57424673127 0.446363250156 4.46860946932 0.431798388216 3.88384737964 0.52252227626 1.65638618853
-9999.0 -9999.0 -9999.0 -9999.0 -9999.0 -9999.0 -9999.0 -9999.0 -9999.0 -9999.0 1.02357577998 10.7054981515 1.00005158326 1.98738808418 2.89235328704 4.67320497376 0.903415198061 1.87326312704 0.922368181527 0.856664174703 0.80671363152 1.59286828293 0.706429190467 0.714445146203 1.30494389022 0.724652767121 223.434631549 224.335080773 225.707504427 2.20631818879 0.609578193142 1.2162963926 24.942079695 23.4039510017 8.95107198901 0.662535843431 2.81457973644 2.12162977741 4.48457239378 1.33718068424 5.4146897867 1.87960664146 1.32612003011 0.376423490085 0.452041869415 17.8028294358 18.1885753971 21.6659114974 2.98970203636 0.935131230407 4.94991879023 5.85338356056 10.1576364053 1.01096018335 0.485741797634
-9999.0 -9999.0 -9999.0 -9999.0 -9999.0 -9999.0 -9999.0 -9999.0 -9999.0 -9999.0 -9999.0 0.607963866991 12.0629162479 1.03971664794 1.9303341639 8.36480999614 0.895579149438 0.885606700186 0.77879814206 1.68585556789 0.842228968821 3.25774470998 4.67532990852 5.31251605297 1.82890117703 2.19047570013 0.432270433543 0.6126820924 0.515224029892 228.956772081 230.785015675 25.4380999299 24.4538759439 23.9372099115 1.093456155 0.523177081138 3.42918155629 9.15479349574 5.11196653796 1.95729781482 7.97181935755 3.22860323028 2.6579330615 0.78347138975 0.317250369417 0.287681637255 0.302997556305 23.2265007091 27.5273706618 0.464917378483 0.397181984647 0.466748429677 10.6264332438 12.0911503311 0.890757870247
-9999.0 -9999.0 -9999.0 -9999.0 -9999.0 -9999.0 -9999.0 -9999.0 -9999.0 -9999.0 -9999.0 0.567527858808 13.4218269245 16.3945371027 0.897697924708 10.1425824655 0.824243356897 0.785979072496 1.60201432816 4.12785964167 0.8169191718 0.858971546355 0.7098768713 6.69290391267 7.34327213927 10.248027266 11.2257531244 11.754916879 12.1697222474 12.5904442911 243.818342199 270.140210321 295.411989622 295.69453678 0.387416764613 0.528449687772 10.3894302659 9.77607107966 0.616667874411 0.623024221992 8.71839368176 12.5575287918 0.540339135219 6.52999652 5.99008389573 1.64567505516 0.71742763671 1.1934836306 0.471694804815 28.2728862474 0.381546024818 1.23126116076 1.5183283532 14.793810043 16.1100104434
-9999.0 -9999.0 -9999.0 -9999.0 -9999.0 -9999.0 -9999.0 -9999.0 -9999.0 -9999.0 -9999.0 1.0807439982 2.06420548453 17.356056201 19.0650007728 0.85392234996 11.5391186215 0.700281332153 2.19581831049 4.87571373247 1.57683767469 0.756520265539 1.53014353172 0.596840028317 1.17374139583 0.6161138914 0.588032903416 0.570135691906 0.541119944857 0.451383366537 0.383157681573 0.47374777806 0.572896095998 0.556223021407 296.916779385 11.9115913073 10.9628951764 0.267925238273 1.74779206195 0.431165711451 0.485436228492 13.1182057563 21.3965897762 7.15410964144 5.24299579878 0.993016380952 0.39199767477 0.355946711522 0.728214537251 29.3755811353 30.0573215647 0.357208077425 0.367127334131 0.392812347269 0.415929557426
-9999.0 -9999.0 -9999.0 -9999.0 -9999.0 -9999.0 -9999.0 -9999.0 -9999.0 -9999.0 -9999.0 -9999.0 0.935047054094 12.6153174281 32.586734708 35.3603551768 47.6504381821 48.2110261335 10.7030557189 7.99700698902 2.34749488578 0.746139372062 2.99873332394 3.69488650402 5.49856825961 1.26245127077 1.17982706065 1.17348623224 2.29599527788 1.02227234352 0.950019111082 0.568318790311 0.458300201876 0.369924091728 297.273291321 309.563119839 310.079721684 0.263274428888 4.41043401367 2.09763520524 0.606483840415 23.2906213672 1.34534353349 0.696347412069 2.9625142273 0.676957378445 0.474176664547 0.862084741711 1.17863946704 1.52734027082 30.6256064119 0.264036083321 0.227978803361 0.228236129076 0.203284503086
-9999.0 -9999.0 -9999.0 -9999.0 -9999.0 -9999.0 -9999.0 -9999.0 -9999.0 -9999.0 -9999.0 1.0311288185 9.6225015463 11.6631418064 1.86976447898 0.632683376213 1.47657811458 50.4852422881 51.0740055 62.3329644311 0.689707841571 1.42955849925 0.626873887082 0.635944184368 6.10705747508 7.97625405033 9.70767923457 0.537402228428 2.82468466707 4.36629652942 2.53285138629 1.08123529295 0.949460008743 0.843189673305 0.789842944942 0.304022219307 310.330014364 310.51601049 315.358084177 0.951076325759 0.52618686131 23.6339363179 1.41833395115 0.725100224976 0.790036764105 0.784330108902 0.689617866802 1.19794267997 3.32497861996 5.22686011188 36.1321792441 0.197938366073 0.596858252569 0.405475967084 0.364424430805
-9999.0 -9999.0 -9999.0 -9999.0 -9999.0 -9999.0 -9999.0 -9999.0 -9999.0 -9999.0 -9999.0 1.05520560047 6.65162540167 1.0436199578 0.912892386627 4.78404600371 5.59822421499 6.41670255604 7.17893431349 84.7044238815 85.4732208086 86.9663956165 97.2737904952 99.1700476726 100.222986533 100.84541494 111.871901207 113.505456673 114.091229879 119.078238222 122.202641161 122.721343258 124.735307325 1.33676367591 1.28313346935 0.269030593772 0.217218057452 310.762679878 316.828920951 1.2669945393 27.0558628791 26.6102306298 2.63891167388 0.630017263832 0.647905277091 0.620098500891 0.624239869319 1.25233508554 1.75707211799 0.459335555142 36.3944542912 36.6727485868 37.9122241382 38.1375170069 38.7119944036
-9999.0 -9999.0 -9999.0 -9999.0 -9999.0 -9999.0 -9999.0 -9999.0 -9999.0 -9999.0 -9999.0 3.41083973159 4.51003146842 2.10761071181 3.10296938329 0.982181827907 11.0806315956 11.9292625785 13.6140468472 14.4181686454 5.6034872758 93.7633626797 94.5015891415 0.599426637197 0.425702884248 0.411278779167 0.874640336376 0.507052657234 0.412200097333 0.419605472562 0.438450743413 123.293323538 125.306028196 127.113476936 128.80637687 129.658401434 0.37699657885 0.115148171139 344.75921898 27.7394069187 27.5281153396 0.554543798621 0.50815492349 0.449565700644 1.11057250424 1.08370800065 0.508812250196 0.522379053601 0.478700318103 0.929985762634 1.20237798147 0.203265193879 0.382195548408 0.157874603821 0.148476810922
-9999.0 -9999.0 -9999.0 -9999.0 -9999.0 -9999.0 -9999.0 -9999.0 -9999.0 -9999.0 -9999.0 -9999.0 2.30228458276 1.08107957633 0.999883487262 9.37143206196 10.2510894523 0.878031063695 3.41870324114 4.23389333971 4.98250744142 0.815674265514 0.529989497042 13.9843532056 14.3976313277 14.8071973667 37.7425281981 38.0925094359 38.8139270338 42.396026021 44.4973259514 44.8479493928 0.432795952338 0.449820843547 0.414140572237 129.942477257 0.141017866714 348.97712873 348.7632686 3.80810858652 3.52335340908 2.10251963813 0.528982589774 0.902750567805 1.5734265455 1.5514174829 0.98180900636 0.502350863803 0.971225153204 0.965294906696 1.62721850908 0.287240976827 0.719930188639 1.12272399167 1.431800542
