data/baseflow/History/mHMbfrc576
ncols                  80
nrows                 72
xllcorner      4374000.0
yllcorner      5656000.0
cellsize            500
NODATA_value       -9999
[rows 24 to 47 of 72, columns 0 to 54 of 80]
-9999.0 -9999.0 -9999.0 -9999.0 -9999.0 -9999.0 -9999.0 -9999.0 -9999.0 -9999.0 -9999.0 -9999.0 1.75090923577 5.01984536468 6.65325346155 11.6088075137 1.58534392747 3.17747382638 4.68859516378 17.373302165 18.7357865651 20.0212767692 21.4728362082 23.0413911296 35.7070033808 40.2330706276 43.1835299104 1.37735388731 7.06435994673 8.39602730697 90.1649299031 96.1104357315 98.395354208 100.657697446 103.065155564 349.902502421 1.02314499004 678.747727841 2.88534653923 1.36197748475 7.17978047804 5.9783880167 1.08292513727 3.49226263357 4.78088076359 4.75783716485 3.36493160834 5.56878974473 8.87635540019 3.35812826149 8.93676496033 0.94418774131 1.67843871375 0.772252153864 0.619519354558
-9999.0 -9999.0 -9999.0 -9999.0 -9999.0 -9999.0 -9999.0 -9999.0 -9999.0 -9999.0 -9999.0 -9999.0 1.70709904865 3.37288644914 1.61283865576 3.26055381361 1.5357795206 11.2684344865 14.3509471298 15.8935178668 1.46601814134 2.83977384577 26.1911244655 32.8554498506 34.1863930304 2.97593328856 3.01733511716 4.50562656085 1.28142832924 1.24981000259 2.4481769014 1.06455902765 41.0147616762 42.0055678633 43.5682275633 350.776702264 688.765649778 680.366862851 2.5749051172 1.05330907126 0.982812384143 3.18771083287 2.17336080615 4.57026794172 5.87133605376 11.7382488891 1.10164143373 1.10918351403 9.95172862644 11.0539402795 22.0259374025 23.0083981081 25.4702167557 26.9310584967 1.52649918756
-9999.0 -9999.0 -9999.0 -9999.0 -9999.0 -9999.0 -9999.0 -9999.0 -9999.0 -9999.0 -9999.0 -9999.0 -9999.0 1.65397334091 3.31370689684 4.95744381445 8.09987390242 1.64893178074 1.56523616414 10.0830024481 11.5496073769 23.4938886006 24.9068753157 4.04770267377 1.4880495198 1.48655854776 1.42379375263 34.0350571678 35.3035576703 36.5828807879 37.792016726 40.0039286313 9.46701897679 10.5059228131 55.3759802948 1095.27138105 7.4369029776 6.59896537371 3.56738192452 0.856854838759 0.868813916574 5.21924616214 6.11956437123 6.54280750682 0.973471258365 12.7387790345 2.12078602128 2.10700835718 0.90342885132 0.806099385631 0.694811497486 0.536000967195 0.679841529097 27.5971462275 392.889213178
-9999.0 -9999.0 -9999.0 -9999.0 -9999.0 -9999.0 -9999.0 -9999.0 -9999.0 -9999.0 -9999.0 -9999.0 -9999.0 -9999.0 1.66024228884 2.99971153682 4.18926340481 5.40950659697 6.9608528037 8.54442069337 4.63820960296 7.6485318663 1.42079820939 1.41581423482 27.0765499 29.8752866213 31.223560524 32.6896157391 1.33895638833 2.58734011744 6.26300369912 7.53280872683 8.56879520627 1.08348231769 0.962236045956 1097.64129836 0.853850739684 1.68858704735 0.891270957497 3.14575758937 1.5394354591 0.855477213206 13.5414161406 14.1454558954 0.626750887912 13.3699446387 16.5630809191 3.24419528606 419.05670111 417.131784873 415.423048535 412.673349544 411.675946672 395.589331728 395.007762798
-9999.0 -9999.0 -9999.0 -9999.0 -9999.0 -9999.0 -9999.0 -9999.0 -9999.0 -9999.0 -9999.0 -9999.0 -9999.0 -9999.0 0.269315632822 0.630414082348 1.16645197413 9.89867069253 11.4999977112 1.5963022499 1.55579334848 1.50117725865 21.3249276933 24.253821015 1.42958518073 1.43905323842 1.31849716913 5.20790201316 6.49013761987 3.9297376294 4.96614002119 29.2023967456 30.3438342829 32.3027496946 52.8015608549 1150.84132941 0.830534091717 0.824923238716 4.51836738621 3.79279887364 0.572469565434 2.04265233716 2.65454229609 14.8479679121 15.4715253602 33.6558532882 16.9565923817 3.70145911347 431.217965782 5.90869888883 414.035704983 413.378431682 15.0658046872 0.43880645288 1.77565588779
-9999.0 -9999.0 -9999.0 -9999.0 -9999.0 -9999.0 -9999.0 -9999.0 -9999.0 -9999.0 -9999.0 -9999.0 -9999.0 -9999.0 1.4011529871 2.28431316609 4.88214064441 8.45703833365 12.5396498992 15.3999100968 16.9125721628 18.4341021452 19.9158268827 1.47105974729 1.39680891069 2.75270430843 2.62936505919 1.31228772871 24.9795437296 26.2421574433 27.4582237569 28.6136230494 17.2585237633 18.5748771795 19.6635007022 1151.17051688 1.31550312398 2.04071348075 6.93865884429 0.604619986175 1.06362861244 0.512607328738 0.575454502169 3.1618693855 0.524257363169 0.569545168869 467.736477546 433.62832807 433.054607748 2.01066006294 5.25086881062 3.55354410423 1.01676119354 14.1846877775 4.54224544047
-9999.0 -9999.0 -9999.0 -9999.0 -9999.0 -9999.0 -9999.0 -9999.0 -9999.0 -9999.0 -9999.0 -9999.0 -9999.0 -9999.0 0.974394890791 0.887670693442 1.72267423256 2.66508285647 1.47194648633 1.62840248113 3.18270444845 4.7201001282 7.63974634863 9.09070044562 10.479178757 14.6367027691 15.9285812 17.2533904071 1.30219844401 12.6404521871 13.8351074002 15.0120934199 1.12090234411 0.756270195026 1.27840221646 1171.50462594 1171.81946085 1173.87185157 8.47429237454 1.15143866745 2.02241643111 0.778289167094 1.03823343583 3.6220660665 4.59196354105 1.03801260026 470.175493984 0.733003005017 1.08572102346 1.19254377867 0.910945305701 1.78170148066 0.771833635271 8.42265923203 6.85325336208
-9999.0 -9999.0 -9999.0 -9999.0 -9999.0 -9999.0 -9999.0 -9999.0 -9999.0 -9999.0 -9999.0 -9999.0 -9999.0 -9999.0 -9999.0 0.83027341407 1.65234232362 0.858574435671 1.77345756402 11.1687828231 12.5195835084 14.0577316668 1.47244014129 1.45425140116 2.85403269979 4.23395834447 6.81555802433 8.10688280708 8.8557512133 10.0973826112 1.14329685138 1.13602663643 17.198032332 17.8778313168 18.3239436452 18.7239316479 15.1474578726 1190.67672671 1201.91966741 1202.31558332 1204.70347804 1207.10662324 1208.71139427 0.532880126711 5.0532424708 470.701112644 1.43444787174 0.735475956455 0.594669922245 0.497438754008 0.90053813316 1.00396354513 0.567293652052 0.750174232972 0.777419077576
-9999.0 -9999.0 -9999.0 -9999.0 -9999.0 -9999.0 -9999.0 -9999.0 -9999.0 -9999.0 -9999.0 -9999.0 -9999.0 -9999.0 -9999.0 -9999.0 2.45334066147 3.38244113705 6.10646608156 8.33849353803 1.24239100799 16.8347176868 18.2808366047 19.7349313088 1.42307000987 2.80619252076 1.2935420912 9.39990391846 10.0945778375 11.2144613595 12.4860398283 15.594913735 16.1247805292 0.329761456592 13.6610262622 14.421918999 14.7653400911 16.4720466159 2.42680501576 1.62413710586 1.11190818964 1.05529047958 1210.38305552 1211.1469853 1219.26360388 471.226086527 3.5634108142 1.62052347266 1.04705459594 0.37673179892 2.97916937824 1.62661498646 0.507458031024 2.71738109305 2.27855717448
-9999.0 -9999.0 -9999.0 -9999.0 -9999.0 -9999.0 -9999.0 -9999.0 -9999.0 -9999.0 -9999.0 -9999.0 -9999.0 -9999.0 -9999.0 -9999.0 0.931255530678 4.28725307277 5.25315086152 1.33525866278 1.52604246535 3.02972482755 4.43937089496 25.6064019406 1.40295177256 5.63417320208 6.94069909243 8.22474287142 0.754584038042 1.80040963741 2.52896124607 10.7666159819 12.30195065 12.5918015435 0.365438821028 0.398592562788 0.531917060746 0.972889527232 0.456261063148 0.498610383106 0.976203870371 0.791377391251 0.828036350533 2.49991482134 1220.11493915 1693.47506674 4.65725787771 0.636612630494 0.443199863596 9.29727847193 8.48327607902 4.99136466516 4.48201457148 3.38354334974 0.720652741347
-9999.0 -9999.0 -9999.0 -9999.0 -9999.0 -9999.0 -9999.0 -9999.0 -9999.0 -9999.0 -9999.0 -9999.0 -9999.0 -9999.0 -9999.0 0.741218978757 2.528882194 0.85087700528 1.54187603775 1.64420779403 3.19025388619 4.69423905728 5.97491629148 32.5254658624 33.8909196909 1.40035383201 2.71089250509 4.02062754323 4.93543302326 6.03784693105 9.6683700473 10.3953511093 1.1328076184 0.734001750713 0.612186547804 0.823453652126 1.0187883186 0.919382866976 0.88332962763 0.96856148041 3.44666836633 1.49707578569 0.623508824232 0.595473709771 0.743045634035 1.42749502381 1723.92463923 25.3243415598 10.8156873571 0.604672855188 0.245233754157 0.276294281807 1.11088740354 0.823272023963 0.444884243997
-9999.0 -9999.0 -9999.0 -9999.0 -9999.0 -9999.0 -9999.0 -9999.0 -9999.0 -9999.0 -9999.0 -9999.0 -9999.0 -9999.0 0.774773670569 1.50659996462 5.63731704344 0.846902711086 2.82723697122 4.45917122317 6.03027523424 1.56639360391 2.99722519721 4.15097537586 38.9473069426 1.35269349628 2.62284886432 3.88418739509 1.18740381266 2.37226200238 3.45927874023 4.22893281107 84.0705890725 85.7421010524 87.3587818909 94.4438670191 96.9934501803 102.614967529 2.18417696631 4.39216143903 4.47793883841 121.933047835 123.228296727 0.561923528719 1.16385510908 1.73902734377 1724.31701183 24.2102862317 12.4431347117 12.1490950192 8.32422218985 6.93451880271 1.47710309167 0.325126496966 0.720913491077
-9999.0 -9999.0 -9999.0 -9999.0 -9999.0 -9999.0 -9999.0 -9999.0 -9999.0 -9999.0 -9999.0 -9999.0 -9999.0 -9999.0 0.785522657399 2.38533629985 8.80525162855 12.9779757554 0.767179225718 17.3175344337 24.2645534251 1.50610531106 2.91766576815 4.1433224082 50.7324961391 51.7540944715 1.25876692923 6.421406716 7.61978054534 8.67856749067 73.8984625827 77.1580412273 78.8826045365 0.806281094469 4.83244482995 5.75521772705 2.71549277699 3.91559814043 108.266508388 114.562511938 115.64470661 116.694356376 124.724457027 0.734746026887 0.677853210389 2.95431959885 1724.79742953 0.635520177961 1.36649948807 3.5876590808 1.17800246784 6.44176984858 4.45651650449 2.58647915968 1.93777449616
-9999.0 -9999.0 -9999.0 -9999.0 -9999.0 -9999.0 -9999.0 -9999.0 -9999.0 -9999.0 -9999.0 -9999.0 -9999.0 -9999.0 -9999.0 -9999.0 1.68300722446 3.40753020674 15.4819050444 16.3978891483 25.065978089 25.9905706442 1.46919583489 2.92912043738 6.87413521542 52.6450330033 55.154967856 56.3101598249 1.01232140305 60.7115852503 64.1569237115 2.16089182479 0.813832784298 1.58866777943 3.12787165931 0.774535278766 1.60455978507 3.68314998036 4.67578287601 0.908720135867 0.697253910741 1.41369502953 129.651627183 131.331703589 131.92495421 136.254958085 1725.24244699 0.461293785691 1.30342289272 1.03175049693 1.00947711478 1.02412179772 0.930241838547 1.77979016575 0.20947417954
-9999.0 -9999.0 -9999.0 -9999.0 -9999.0 -9999.0 -9999.0 -9999.0 -9999.0 -9999.0 -9999.0 -9999.0 -9999.0 -9999.0 -9999.0 -9999.0 0.88574544813 0.869806859444 0.878458639678 1.8811598066 0.840064569679 27.6442755479 28.4901427407 1.32123227218 2.69301931753 1.45886411947 1.30627763056 1.28684841233 58.7744650976 1.20180353939 2.42731448924 1.04759249096 0.831872426155 0.766931394248 0.661424930549 0.680019985351 2.07082264558 2.80867131465 0.604679252008 0.554522309097 1.18542550514 1.92342634419 2.4533192295 0.700013935009 132.68086317 136.837622214 1725.53003605 3.69327239236 2.99598049424 0.744002081173 1.65185207322 0.652508804541 0.537960922109 2.35434745889 1.17102418064
-9999.0 -9999.0 -9999.0 -9999.0 -9999.0 -9999.0 -9999.0 -9999.0 -9999.0 -9999.0 -9999.0 -9999.0 -9999.0 -9999.0 -9999.0 -9999.0 -9999.0 -9999.0 0.858970465222 2.68401763559 3.42393455446 4.2303402203 29.2625798454 30.0178893003 30.822273329 31.8863458211 33.1453406781 35.7271417891 36.8586952546 38.03706635 39.0078899234 0.7664705642 0.739699327268 0.757007508359 2.79759709937 0.728789860371 0.70928166824 0.602932470491 1.78607801573 0.690395551478 0.572973887277 0.54022072035 0.473211741522 0.944794602618 1.39060692206 139.755327031 1869.32899776 0.227949966102 0.587220035404 0.689559175214 2.68943731622 1.91585057235 1.08116248218 4.52126634582 1.9842155092
-9999.0 -9999.0 -9999.0 -9999.0 -9999.0 -9999.0 -9999.0 -9999.0 -9999.0 -9999.0 -9999.0 -9999.0 -9999.0 -9999.0 -9999.0 -9999.0 -9999.0 -9999.0 -9999.0 0.732243946494 5.69864987491 11.5086579401 12.3803619879 1.20574386082 2.51203148119 3.87079291501 5.13112954181 13.0043366902 13.8400890118 0.802604788271 0.803387431746 40.7633699713 42.3563810404 43.050436318 3.39303234427 0.563644766197 1.32509757916 1.9517499329 5.83507144522 7.14152565842 8.24198520239 1.02807856789 1.4554497332 0.493185046293 1.01733764023 0.509093327952 1870.28127303 0.236450255893 1.01894851765 1.03357730511 4.09745073052 7.27372103109 8.48649594349 13.1310294028 2.92457978763
-9999.0 -9999.0 -9999.0 -9999.0 -9999.0 -9999.0 -9999.0 -9999.0 -9999.0 -9999.0 -9999.0 -9999.0 -9999.0 -9999.0 -9999.0 -9999.0 -9999.0 -9999.0 0.802825801931 2.5381887083 4.97996732787 6.5219350519 17.0952071048 18.1090029782 2.77511066357 4.13546562221 5.36590035708 6.65813214589 14.8661094279 16.5636042209 29.9828006051 31.0574626302 31.9179400272 43.773463941 49.1579345307 1.31850952942 0.806758849217 0.785453745543 1.53175086387 0.713827130912 9.60789530236 10.1344454547 1.98755959927 2.59137570125 0.728290657515 341.504586898 342.6482447 2213.53574512 2214.85804649 0.216243935154 4.54699175894 0.525065549806 0.463867425734 14.3241861978 17.6266769649
-9999.0 -9999.0 -9999.0 -9999.0 -9999.0 -9999.0 -9999.0 -9999.0 -9999.0 -9999.0 -9999.0 -9999.0 -9999.0 -9999.0 -9999.0 -9999.0 -9999.0 -9999.0 -9999.0 0.899796885213 0.874776957854 1.66820248577 3.98033982759 18.8544142199 1.40810050207 1.38825945988 2.62876591965 3.86117579311 9.98953952681 11.1289260651 0.78230232522 0.67590490942 32.7624513559 33.577314393 83.5883190654 84.3670079787 0.518069976388 0.465948522344 0.407588307667 0.411018520027 0.43406133566 331.746438348 334.725113917 337.767046071 338.963631813 340.898311529 0.565806398723 2.12291575295 2.73251588029 2218.46540642 2218.63358839 2218.77890495 2219.32305482 2219.69982369 18.4935215833
-9999.0 -9999.0 -9999.0 -9999.0 -9999.0 -9999.0 -9999.0 -9999.0 -9999.0 -9999.0 -9999.0 -9999.0 -9999.0 -9999.0 -9999.0 -9999.0 -9999.0 -9999.0 -9999.0 -9999.0 0.813940376875 0.846058919212 1.5809818556 21.9404811778 22.8093577198 1.37395829156 2.60556534714 3.85083999906 5.00688927764 1.09638207473 2.00861622101 58.6984673002 59.5154616154 60.3127044589 65.6017777354 150.629761133 312.523090999 313.665992516 314.736149082 315.765375278 319.821834957 321.103651442 2.53121262592 1.18051722411 0.684611878329 1.30827952291 1.05306762606 1.65049111262 0.539448097584 11.0966625013 12.2323231175 13.0174077429 13.3740346152 2220.01818575 2239.13325198
-9999.0 -9999.0 -9999.0 -9999.0 -9999.0 -9999.0 -9999.0 -9999.0 -9999.0 -9999.0 -9999.0 -9999.0 -9999.0 -9999.0 -9999.0 -9999.0 -9999.0 -9999.0 -9999.0 -9999.0 -9999.0 0.828463784824 1.59152197046 2.35641113298 23.4537306532 1.0166985986 32.7227932816 33.9998481493 35.1338054774 36.0887214314 54.9161339195 55.8303170634 0.810277530987 3.89687768606 4.71473111609 0.811833203482 160.729197565 159.242758656 0.526654014103 1.16011414069 3.1155955312 0.676484152768 0.717497991711 0.595107423761 0.53333437845 0.437201675396 0.503951674395 9.30149640723 9.82982448597 10.4799562881 0.601321788869 0.403625289146 13.6081789725 13.9979776649 14.2831410227
-9999.0 -9999.0 -9999.0 -9999.0 -9999.0 -9999.0 -9999.0 -9999.0 -9999.0 -9999.0 -9999.0 -9999.0 -9999.0 -9999.0 -9999.0 -9999.0 -9999.0 -9999.0 -9999.0 -9999.0 -9999.0 0.762725999363 0.718611207262 3.71651537661 28.7090318299 30.4959560261 31.5035460684 1.3509730837 16.2111293567 17.3166098746 17.8208125666 0.847779017764 1.72642749221 2.54873059197 38.5742232882 39.226729624 39.8165559591 158.133774753 90.3464262575 0.619472730301 0.658595535867 0.643367111041 0.547486673668 5.38055773306 6.55323860902 7.60762903379 8.19502409839 8.76527579178 52.3813255646 52.9466471415 53.5025641615 54.7197078872 60.6263738964 60.9608847485 75.6179034864
-9999.0 -9999.0 -9999.0 -9999.0 -9999.0 -9999.0 -9999.0 -9999.0 -9999.0 -9999.0 -9999.0 -9999.0 -9999.0 -9999.0 -9999.0 -9999.0 -9999.0 -9999.0 -9999.0 -9999.0 -9999.0 -9999.0 1.49575612837 2.2813189314 0.865279002691 1.38698242618 11.0435760852 12.4380134499 13.63507014 7.63129270927 8.82601809188 9.98091611326 10.8143826373 37.1665612206 37.953031611 26.0254515359 66.5298813338 67.1902802546 89.7901543533 1.30755471091 0.666010915001 0.516409417654 3.65265083166 4.29172336222 0.458278137029 0.434379849634 50.3856704912 51.4307241781 51.9534702458 0.587127475577 0.857894757395 59.4566145534 0.606340136814 2.62055830421 2.92600402113
-9999.0 -9999.0 -9999.0 -9999.0 -9999.0 -9999.0 -9999.0 -9999.0 -9999.0 -9999.0 -9999.0 -9999.0 -9999.0 -9999.0 -9999.0 -9999.0 -9999.0 -9999.0 -9999.0 -9999.0 -9999.0 -9999.0 0.75066535025 1.48755079545 6.34586754544 7.23604242938 8.37610264151 5.16855939377 6.42219706495 1.24570770436 23.2783975544 24.4637937064 25.5653661789 0.881275413009 24.5270964468 25.3273610332 0.676924556857 86.4320269396 1.40218860409 0.700073085998 1.92417065754 2.59173336812 0.554072786626 0.473608110626 45.3914085338 49.4344400312 50.0248898648 0.615284333284 1.45990238918 1.85441854148 2.34993691431 4.35753420083 0.961226902526 2.14708259277 0.446488465538
