data/baseflow/History/mHMbfrc266
ncols                  80
nrows                 72
xllcorner      4374000.0
yllcorner      5656000.0
cellsize            500
NODATA_value       -9999
[rows 24 to 47 of 72, columns 0 to 53 of 80]
-9999.0 -9999.0 -9999.0 -9999.0 -9999.0 -9999.0 -9999.0 -9999.0 -9999.0 -9999.0 -9999.0 -9999.0 0.746738167222 2.01355911987 2.58562031768 4.22630883015 0.372066484722 0.783615010884 1.14331032739 5.25523083327 5.60540686262 5.97760532762 6.19749164831 6.38654485249 9.04316741954 9.60420812697 9.92053639013 0.154002023613 0.734420206134 0.887549405912 18.648372146 19.3377019554 19.7501347709 20.2022445195 20.4436481186 84.792117239 0.0415453660086 162.769167539 0.0963518155988 0.0602496739937 1.11644817221 0.961723579783 0.17501166245 0.460313585217 0.739076482013 0.707724669729 0.522162161611 0.859745889047 1.36922474642 0.549932893115 1.2728337631 0.1363944191 0.256390204899 0.0284413184787
-9999.0 -9999.0 -9999.0 -9999.0 -9999.0 -9999.0 -9999.0 -9999.0 -9999.0 -9999.0 -9999.0 -9999.0 0.665689256228 1.32930663108 0.603173704999 1.15041268622 0.424977350521 3.76895103359 4.51599779657 4.89493445849 0.342652384886 0.703445149431 7.00742655425 8.66230987693 8.89703353082 0.39981877187 0.326116326506 0.479213752611 0.129835262166 0.11612626117 0.216189036503 0.0825058068282 10.8839062054 10.9951352329 11.0188807381 84.9019822441 163.28214148 162.800187033 0.0948476744645 0.0598606615125 0.0576165746297 0.342117888 0.291249967454 0.643229493369 0.913108064972 1.79825778081 0.178812248866 0.177669237607 1.53533239314 1.70856304861 3.26121453355 3.32014897952 3.60399272852 3.65522282733
-9999.0 -9999.0 -9999.0 -9999.0 -9999.0 -9999.0 -9999.0 -9999.0 -9999.0 -9999.0 -9999.0 -9999.0 -9999.0 0.644756213958 1.27677613006 1.92072967355 2.85267176809 0.470740320189 0.389850272592 2.84436687362 3.20210086036 6.2933400836 6.68985526833 1.13377256362 0.264195248361 0.195774385064 0.161863024983 10.2198034122 10.3416254676 10.4783043269 10.5914311364 10.7771900372 1.39199822527 1.42838907601 12.4683393237 260.74457476 0.391269339273 0.256427684112 0.147196046458 0.0485933407752 0.0469438786536 0.444449496955 0.473919628597 0.737783104547 0.053244031497 1.88355492132 0.319417366699 0.316048394737 0.0556554762799 0.0288970790948 0.0223835477682 0.0171944159717 0.0230651139587 3.69117693984
-9999.0 -9999.0 -9999.0 -9999.0 -9999.0 -9999.0 -9999.0 -9999.0 -9999.0 -9999.0 -9999.0 -9999.0 -9999.0 -9999.0 0.562425882371 0.991395463933 1.35570481749 1.69784948733 2.07276000656 2.46694390113 1.15299917654 1.99357287099 0.381113046395 0.332881886533 9.05531191514 9.63296338378 9.87230851018 10.093542879 0.138010510615 0.250808173684 0.865970144975 1.05764594909 1.25582321601 0.0529573119327 0.0282254742457 260.994685756 0.105282715669 0.0796767463896 0.0415133120811 0.225666139273 0.114601490318 0.0370356198679 1.24537066158 1.26993613109 0.0196896908727 1.90437979121 2.2476212234 0.347152836439 47.1655104176 47.0894205815 47.0369355779 46.9485015047 46.9178648128 46.2120757508
-9999.0 -9999.0 -9999.0 -9999.0 -9999.0 -9999.0 -9999.0 -9999.0 -9999.0 -9999.0 -9999.0 -9999.0 -9999.0 -9999.0 0.160039873843 0.31940878903 0.385812164402 4.56919522131 4.969180735 0.414901762068 0.393029122551 0.42866374511 7.69439712426 8.48089758371 0.356900842936 0.346042811064 0.247583573592 1.14129855872 1.42508800131 0.504726097777 0.754811057551 7.29521235166 7.51336398781 7.71173134072 11.9909014723 273.091221873 0.0986309845363 0.032298574303 0.357808288446 0.298257554825 0.035358812833 0.108600358372 0.140606350995 1.29930540948 1.32176788578 3.63609703205 2.27497051012 0.443364292219 47.9522534726 0.16976685617 46.993261828 46.9721197466 0.670844958482 0.0574103797585
-9999.0 -9999.0 -9999.0 -9999.0 -9999.0 -9999.0 -9999.0 -9999.0 -9999.0 -9999.0 -9999.0 -9999.0 -9999.0 -9999.0 0.732931305594 1.23783105912 2.37810882069 4.19292346145 5.33034192423 6.17744599907 6.5572296647 6.9669196751 7.35330607908 0.375080918073 0.308106201423 0.605454774268 0.545302888752 0.321117691262 6.29458504219 6.5697983935 6.81223116128 7.04873607618 4.02515808131 4.13578043725 4.23129972996 273.18396655 0.21453664419 0.0672369987909 0.52641723837 0.0850003840702 0.0659352331247 0.03552805814 0.0301647546285 0.169915125158 0.018694007287 0.0192812278027 51.6834008427 48.0343554557 48.0163055387 0.0683492974383 0.147858523198 0.095283284404 0.0206440218766 0.58425834145
-9999.0 -9999.0 -9999.0 -9999.0 -9999.0 -9999.0 -9999.0 -9999.0 -9999.0 -9999.0 -9999.0 -9999.0 -9999.0 -9999.0 0.490291662024 0.494123902632 0.986695509468 1.42589600876 0.483011304668 0.610759609862 1.08918123723 1.55539742008 2.42191750038 2.81681560296 3.08675059608 3.99112916995 4.25838650343 4.60859990923 0.293062639695 3.01671139213 3.27476853437 3.5560139595 0.258965318058 0.280196103902 0.453727909316 278.43490558 278.523263784 278.849851576 0.834455379613 0.208196713789 0.0982768566381 0.0258312219407 0.0536974120097 0.194233139162 0.232200894514 0.035463159684 51.7655088388 0.0242397866371 0.0333283579164 0.0356324049274 0.0285106928885 0.058268978089 0.0248417600035 0.406107503461
-9999.0 -9999.0 -9999.0 -9999.0 -9999.0 -9999.0 -9999.0 -9999.0 -9999.0 -9999.0 -9999.0 -9999.0 -9999.0 -9999.0 -9999.0 0.491550573475 0.943977305102 0.398313194628 0.81067887987 5.08400632167 5.4284978247 5.82960595672 0.417821855833 0.413408835341 0.681759891256 1.00900953883 1.53376328672 1.83638396935 2.16354035108 2.44131020907 0.232170612443 0.235015906901 4.15130350332 4.43594800285 4.57550630594 4.69721965633 4.40172031778 283.768998491 285.197805842 285.300262541 285.485768922 285.729191072 285.788447338 0.0148609917147 0.24934537273 51.7769311802 0.0255638413181 0.0130448514979 0.0192271342898 0.0229181550595 0.0397967408476 0.0389106873197 0.0230320098603 0.0379144039889
-9999.0 -9999.0 -9999.0 -9999.0 -9999.0 -9999.0 -9999.0 -9999.0 -9999.0 -9999.0 -9999.0 -9999.0 -9999.0 -9999.0 -9999.0 -9999.0 1.40072063879 1.80158142196 3.04394019843 3.88624590175 0.410814103719 6.76003499431 7.16038819459 7.49367849506 0.299373378792 0.593317024499 0.242067750353 2.00895857226 2.31730287417 2.62183325642 2.88581529237 3.6565236038 3.9296464274 0.182290617101 3.93595976339 4.18419459022 4.2938368353 4.82537844164 0.503755485766 0.250612303869 0.110004523653 0.114782628952 285.841098946 285.850686536 286.239677235 51.7858971501 0.089278430014 0.0541172276363 0.0359330541215 0.0134352213313 0.12254663055 0.0654355716466 0.0208985215499 0.123437777315
-9999.0 -9999.0 -9999.0 -9999.0 -9999.0 -9999.0 -9999.0 -9999.0 -9999.0 -9999.0 -9999.0 -9999.0 -9999.0 -9999.0 -9999.0 -9999.0 0.427274429573 2.22701958873 2.65708647852 0.415591269407 0.46723848748 1.02084598271 1.47673446954 9.30975670828 0.304459088989 1.22225332984 1.47722271556 1.73285486487 0.309116095607 0.598966889012 0.869932939046 2.9436907394 3.37192507869 3.50636011513 0.130245452296 0.130993441389 0.163762808295 0.310017114206 0.143689592662 0.146088640922 0.0775830545569 0.140702743709 0.0809673977983 0.135210380891 286.251734616 338.076831812 0.106537883545 0.0532419200945 0.0130992568857 0.398983580505 0.369536619363 0.225923841406 0.204504763573 0.154804694656
-9999.0 -9999.0 -9999.0 -9999.0 -9999.0 -9999.0 -9999.0 -9999.0 -9999.0 -9999.0 -9999.0 -9999.0 -9999.0 -9999.0 -9999.0 0.418798849813 1.21577281786 0.379573420456 0.469756890376 0.532541935214 1.01979966872 1.53248870601 1.8961443696 11.5048337003 11.8028073982 0.309564363079 0.575805719966 0.84763558006 1.16214280222 1.46387177541 2.61404853317 2.78191030748 0.271907560358 0.185158435606 0.13522706702 0.0530257431146 0.0890703888221 0.12588529987 0.135139081167 0.27776455979 0.29814444441 0.171280628944 0.0254671270163 0.0254116325229 0.0176280466453 0.0326823801224 339.843424249 1.57793001956 0.506965138884 0.0730587463424 0.0397010289467 0.0170658136541 0.0565012721563 0.0369553836842
-9999.0 -9999.0 -9999.0 -9999.0 -9999.0 -9999.0 -9999.0 -9999.0 -9999.0 -9999.0 -9999.0 -9999.0 -9999.0 -9999.0 0.446576454899 0.851363826092 2.84345571011 0.349779245236 0.799433123217 1.30382000329 1.73835494511 0.467487979492 0.830879017745 1.13519921057 13.2012488326 0.285975908135 0.529322145369 0.80739043799 0.291590469525 0.58265637516 0.846141114468 1.0110951243 21.9855313042 22.2560805481 22.4581824561 23.0432494932 23.3227893739 23.8093246316 0.152571820137 0.458660788 0.333476061375 25.1441440839 25.1852545599 0.0226094796826 0.0352271248356 0.0473822804588 339.86115843 1.42977357428 0.816468147788 0.762432842941 0.54324445646 0.436504698029 0.0735175872038 0.0179812686093
-9999.0 -9999.0 -9999.0 -9999.0 -9999.0 -9999.0 -9999.0 -9999.0 -9999.0 -9999.0 -9999.0 -9999.0 -9999.0 -9999.0 0.464671161275 1.39130825868 4.68969873115 7.00238612866 0.319089672134 8.93291723735 10.9962381411 0.432832670638 0.806306622668 1.13260294831 16.4264342382 16.6515618402 0.15708454039 1.13507887077 1.3177243213 1.57491519889 20.181100402 20.6417955422 20.8232870473 0.0809931948718 0.463367021525 0.539572498546 0.17480094854 0.225434885799 24.1772222667 24.7259731707 24.7613964114 24.7939560034 25.2201125686 0.0173208988157 0.0150080653688 0.0748066189976 339.876083799 0.0488634076793 0.0589455454476 0.175327356921 0.0667882534976 0.382245234673 0.284791611646 0.176721588151
-9999.0 -9999.0 -9999.0 -9999.0 -9999.0 -9999.0 -9999.0 -9999.0 -9999.0 -9999.0 -9999.0 -9999.0 -9999.0 -9999.0 -9999.0 -9999.0 0.962716803311 1.91963384551 8.22513408033 8.63722679522 11.3617469325 11.6928171389 0.41169949132 0.824419270835 1.81501793351 16.8824612011 17.2194308221 17.3332167704 0.093505954592 17.8360446957 18.3381922582 0.276037401312 0.0824557812045 0.167089236716 0.317866475322 0.0729706996905 0.133169918286 0.291523939716 0.339554086071 0.0605719691796 0.0381234349109 0.0701967909283 25.6332761001 25.7736733175 25.7859227404 25.9043404517 339.886089832 0.0449105412835 0.0411112108099 0.0482690904109 0.0464602482593 0.0477521249191 0.0420868858806 0.0788255074123
-9999.0 -9999.0 -9999.0 -9999.0 -9999.0 -9999.0 -9999.0 -9999.0 -9999.0 -9999.0 -9999.0 -9999.0 -9999.0 -9999.0 -9999.0 -9999.0 0.5001324786 0.485963146807 0.451993102804 0.80980979844 0.339261535188 12.3791714403 12.6869196284 0.348119998243 0.702211634148 0.232892496627 0.163299977381 0.154440455404 17.6276226759 0.17260173416 0.358047822319 0.143928171394 0.0969741071764 0.0782126323532 0.0577063576493 0.0605331289578 0.185822271289 0.256660688091 0.0471476190221 0.0407508938315 0.0884105498608 0.150279367903 0.290903269896 0.105148951243 25.8155191559 25.9174475116 339.893739689 0.205021951895 0.10511616704 0.0310819336616 0.0721726171725 0.0262361441485 0.0215103597607 0.102002123637
-9999.0 -9999.0 -9999.0 -9999.0 -9999.0 -9999.0 -9999.0 -9999.0 -9999.0 -9999.0 -9999.0 -9999.0 -9999.0 -9999.0 -9999.0 -9999.0 -9999.0 -9999.0 0.480470667165 1.23217368955 1.57909529274 1.91767868547 13.0227808762 13.3676620301 13.6710266202 13.9166927864 14.0643335871 14.3796677518 14.5279546855 14.6924730721 14.8088384025 0.0855372503379 0.0795295330328 0.0799905352004 0.263111355145 0.0692595650108 0.0650403812821 0.0491670310571 0.141372895295 0.0565009556265 0.0414015068603 0.038044295132 0.033762600006 0.0673579659166 0.0949911717977 26.1021972669 366.205267673 0.0529622588479 0.0759559877594 0.0252975895854 0.100390303758 0.0576831523094 0.043204470422 0.305821957082
-9999.0 -9999.0 -9999.0 -9999.0 -9999.0 -9999.0 -9999.0 -9999.0 -9999.0 -9999.0 -9999.0 -9999.0 -9999.0 -9999.0 -9999.0 -9999.0 -9999.0 -9999.0 -9999.0 0.392979316498 3.19575200828 5.96022663092 6.28726430568 0.399437540846 0.761626802893 1.13935101565 1.39761722184 3.366928451 3.46844777458 0.0964009518151 0.0948650543137 14.9898894059 15.148398455 15.2232745138 0.311335248144 0.0371035278523 0.0940869679256 0.140594801724 0.434217683408 0.541775607374 0.622231654879 0.07305448517 0.101252648998 0.0340281166046 0.0667410181784 0.0341280752841 366.249035391 0.036986079579 0.155397203988 0.0464617383182 0.157642573533 0.393613656512 0.455245620052 0.78369545116
-9999.0 -9999.0 -9999.0 -9999.0 -9999.0 -9999.0 -9999.0 -9999.0 -9999.0 -9999.0 -9999.0 -9999.0 -9999.0 -9999.0 -9999.0 -9999.0 -9999.0 -9999.0 0.446932695739 1.43943917999 2.80975735664 3.6592352958 8.90508397619 9.26081002797 0.816847427142 1.21864414021 1.5673088225 1.80726302452 3.60510649871 3.81357508174 7.44227257232 7.86281468427 7.95835667075 15.2840584136 15.7269895787 0.0893005905476 0.0615501153292 0.0573315970791 0.10792190811 0.0505998316008 0.725283759393 0.764221449824 0.133139991796 0.22574574297 0.0535576923918 94.7824462261 94.8504080462 461.110608515 461.298919672 0.049037913425 0.26219442637 0.06194006741 0.0367854413506 0.839339374838
-9999.0 -9999.0 -9999.0 -9999.0 -9999.0 -9999.0 -9999.0 -9999.0 -9999.0 -9999.0 -9999.0 -9999.0 -9999.0 -9999.0 -9999.0 -9999.0 -9999.0 -9999.0 -9999.0 0.521249247158 0.505340577528 0.94399292313 2.23400420046 9.65394118013 0.432879419531 0.426799049587 0.746896223669 1.11210463664 2.81347706429 3.05074063209 0.326857167456 0.265126258486 8.07128966932 8.12921058606 23.9369701739 24.0062142015 0.0313431798724 0.0276408730843 0.0229801286813 0.0231826108562 0.0273517489125 93.7601925063 94.0152348438 94.3610545939 94.5409174664 94.7131108698 0.0388908710954 0.140402049571 0.156692255803 461.495117778 461.500110422 461.542849996 461.607413347 461.693815478
-9999.0 -9999.0 -9999.0 -9999.0 -9999.0 -9999.0 -9999.0 -9999.0 -9999.0 -9999.0 -9999.0 -9999.0 -9999.0 -9999.0 -9999.0 -9999.0 -9999.0 -9999.0 -9999.0 -9999.0 0.454828064312 0.480209837836 0.886700297977 11.3828380468 11.7116161475 0.41433837179 0.730553273841 1.10595177515 1.4963194773 0.357324277382 0.602613434342 25.0650898291 25.1433620751 25.3116463157 26.3001108509 50.4326103636 92.267652628 92.3508622039 92.4231734672 92.4938712108 92.8444544646 92.9583955847 0.205889902531 0.089964931481 0.054576265597 0.101245568655 0.0699376052631 0.112143017613 0.0333286453856 0.826875584819 0.920196830922 1.02007485954 1.02760062352 461.691769391
-9999.0 -9999.0 -9999.0 -9999.0 -9999.0 -9999.0 -9999.0 -9999.0 -9999.0 -9999.0 -9999.0 -9999.0 -9999.0 -9999.0 -9999.0 -9999.0 -9999.0 -9999.0 -9999.0 -9999.0 -9999.0 0.46566836547 0.892610171569 1.32228429333 12.0584267894 0.279095406417 16.1497695873 16.542814723 16.924746794 17.2160384824 23.9795792567 24.239505625 0.0847598218965 0.706043414943 0.816972110773 0.078848759666 41.7577484349 41.6099758445 0.0445408854399 0.105568917066 0.284537296847 0.0638679643076 0.0656692389559 0.0455447763168 0.036810571325 0.028163395399 0.0326645351817 0.729381750349 0.763504886422 0.805905599214 0.0787992397769 0.0855365146393 1.07431684438 1.08474570336
-9999.0 -9999.0 -9999.0 -9999.0 -9999.0 -9999.0 -9999.0 -9999.0 -9999.0 -9999.0 -9999.0 -9999.0 -9999.0 -9999.0 -9999.0 -9999.0 -9999.0 -9999.0 -9999.0 -9999.0 -9999.0 0.419819258659 0.394832895862 2.05161100553 14.8722504302 15.5227061646 15.8194180713 0.27239297996 5.77670277809 6.17868901124 6.46911258295 0.256121489601 0.350016830466 0.420536523568 8.8979022664 8.96285734525 9.01854724845 41.5151111613 26.6160309333 0.0572606327894 0.0610120153243 0.0581866369867 0.0424252732189 0.454779778663 0.540012618029 0.613944635536 0.654744745447 0.693758715358 7.70930190014 7.73631310757 7.82901873128 8.07705666168 8.50056421004 8.50842638662
-9999.0 -9999.0 -9999.0 -9999.0 -9999.0 -9999.0 -9999.0 -9999.0 -9999.0 -9999.0 -9999.0 -9999.0 -9999.0 -9999.0 -9999.0 -9999.0 -9999.0 -9999.0 -9999.0 -9999.0 -9999.0 -9999.0 0.824741968817 1.26210857751 0.375825361556 0.455847592565 4.79766640203 5.08017484364 5.26805400348 1.6883004811 1.93052016868 2.16596909814 2.26977539961 8.75128698047 8.84987795301 5.6995364622 14.7873889132 14.8501235512 26.573337697 0.119849502467 0.0610400816027 0.0413765717664 0.318753029262 0.371852992807 0.0293745445496 0.027190727527 7.58967081218 7.65522494693 7.68508079722 0.0920447532549 0.166338435204 8.45965692657 0.0189039821607 0.0523197051443
-9999.0 -9999.0 -9999.0 -9999.0 -9999.0 -9999.0 -9999.0 -9999.0 -9999.0 -9999.0 -9999.0 -9999.0 -9999.0 -9999.0 -9999.0 -9999.0 -9999.0 -9999.0 -9999.0 -9999.0 -9999.0 -9999.0 0.416282838651 0.821224976954 3.26115998746 3.64026470242 3.96697956298 1.25492196342 1.46362068169 0.233008386802 6.01352594978 6.21706904625 6.39235788953 0.115385074707 5.5189952776 5.62281768301 0.0702695295066 26.2568511454 0.142524575898 0.0721393248289 0.174579468643 0.235850607405 0.0426096880764 0.0343772205197 7.2436381328 7.53216539579 7.57064119568 0.0425050153433 0.0871904344833 0.11121901236 0.138748458328 0.2867123114 0.0198194494272 0.0430707576351
