data/baseflow/History/mHMbfrc558
ncols                  80
nrows                 72
xllcorner      4374000.0
yllcorner      5656000.0
cellsize            500
NODATA_value       -9999
[rows 24 to 47 of 72, columns 0 to 53 of 80]
-9999.0 -9999.0 -9999.0 -9999.0 -9999.0 -9999.0 -9999.0 -9999.0 -9999.0 -9999.0 -9999.0 -9999.0 1.07885287503 2.97396792775 3.86484637459 6.5382786297 0.772051705971 1.57545316225 2.32115122631 8.88424008157 9.42677516737 9.7708238728 10.2789037096 10.8833574585 16.9011277461 18.6479433831 19.4428401605 0.274943642314 1.9802682452 2.23103533738 35.7205040263 36.5680953039 36.9423709288 37.3208976976 37.6843278313 143.878762645 0.33555819137 291.304640346 0.451100375746 0.178301740717 2.31675692861 2.04077042048 0.279710801083 1.14782830681 1.71701425911 1.68175249498 1.17733634689 1.89743992128 2.97499744191 1.10332338255 2.8416942228 0.231633907192 0.315369689855 0.0629459574264
-9999.0 -9999.0 -9999.0 -9999.0 -9999.0 -9999.0 -9999.0 -9999.0 -9999.0 -9999.0 -9999.0 -9999.0 1.01158636587 1.99522031851 0.890318925627 1.78789803658 0.760868100245 6.00276732422 7.44823257368 8.20747782094 0.672984231724 1.24645656006 13.0493191312 15.9239610079 16.4117154346 1.16843940904 1.11584698944 1.56391732732 0.212048277279 0.187356544159 0.350645572646 0.193225320827 20.4601631844 20.6863660074 20.901453178 144.209540223 293.384483652 291.51201835 0.270803858267 0.125909295854 0.113423473934 0.50863623853 0.411617462525 1.33804340325 2.0096536874 4.0534221742 0.3616856418 0.359899636474 3.26779398447 3.56939502145 6.96893992971 7.15527299108 7.54100148946 7.66067566761
-9999.0 -9999.0 -9999.0 -9999.0 -9999.0 -9999.0 -9999.0 -9999.0 -9999.0 -9999.0 -9999.0 -9999.0 -9999.0 0.914931706897 1.83506383227 2.7698817416 4.38615923629 0.864850418137 0.761173193696 5.58156652237 6.24949296295 11.9764490427 12.6491075576 1.85542603694 0.628335054708 0.572926634855 0.569366057716 19.1269155636 19.4408880447 19.6861222937 19.8707104579 20.2546117008 2.7241755496 2.97841050726 24.2024399768 461.969304622 1.40498272346 1.08546547262 0.455373377564 0.131460509925 0.100454005665 0.737305836041 0.817874762326 1.52518506017 0.0920488193399 4.18336689133 0.570325181812 0.554859139709 0.089334904738 0.0611368539737 0.0571091829883 0.0831704267758 0.059786058646 7.72201942013
-9999.0 -9999.0 -9999.0 -9999.0 -9999.0 -9999.0 -9999.0 -9999.0 -9999.0 -9999.0 -9999.0 -9999.0 -9999.0 -9999.0 0.889196022456 1.74915147128 2.51656764152 3.29957456339 4.0685412308 4.86478446907 2.29209668246 3.78352992019 0.658922489507 0.626288225802 16.2860811298 17.5039257744 18.0636965928 18.6758798532 0.43752375183 0.760799070256 1.97907755759 2.21896480744 2.46568694427 0.305487445646 0.267291565707 462.824475304 0.325734460418 0.42058703067 0.227094492505 0.587619198693 0.263028233143 0.181958919294 2.49359197761 2.64823217547 0.0995588746555 4.30339691793 4.95301049723 0.637295084495 101.670807503 101.522572807 101.396563873 101.060722308 100.900718621 98.5987399325
-9999.0 -9999.0 -9999.0 -9999.0 -9999.0 -9999.0 -9999.0 -9999.0 -9999.0 -9999.0 -9999.0 -9999.0 -9999.0 -9999.0 0.220307472744 0.485621460566 0.788074603469 7.49239991537 8.28607822591 0.809770519836 0.776828702733 0.751610833203 13.6948067065 15.089669471 0.663166180507 0.682677436289 0.51108630266 2.16871325343 2.70011548343 1.31437872498 1.61904739734 13.0246860041 13.3875281918 14.1412432242 22.0274767578 485.060671169 0.351021616773 0.193870690025 0.946136439047 0.771729086466 0.132169682035 0.460440600509 0.602322511978 2.80992011794 2.94881320742 8.16794612894 5.00829475116 0.706232721673 104.210049102 1.22834985036 101.265310678 101.169875885 2.16699027754 0.103524938597
-9999.0 -9999.0 -9999.0 -9999.0 -9999.0 -9999.0 -9999.0 -9999.0 -9999.0 -9999.0 -9999.0 -9999.0 -9999.0 -9999.0 1.12699134784 1.84908735689 3.77945572836 6.65633738181 9.0364569693 10.7367949033 11.5217901737 12.3233381839 13.0576454959 0.672833770156 0.611611199154 1.18520513678 1.07786048981 0.56986886342 11.409247776 11.924477553 12.4008130454 12.8466465289 6.83206173195 7.09398545704 7.55414662033 485.24233145 0.597530458668 0.616273144797 1.67715642248 0.165914400868 0.306839953281 0.167304277501 0.129409362531 0.744303200632 0.10821536002 0.116194750428 113.062717985 104.805982469 104.68469879 0.514859768763 1.11148392302 0.695942252777 0.142752074102 1.9200827933
-9999.0 -9999.0 -9999.0 -9999.0 -9999.0 -9999.0 -9999.0 -9999.0 -9999.0 -9999.0 -9999.0 -9999.0 -9999.0 -9999.0 0.791114921926 0.73927618483 1.4489840162 2.18844861589 0.848433052411 0.845955516232 1.63306033649 2.40401697033 3.81621716757 4.5185165429 5.15570747552 7.0222432422 7.60990750193 8.22106904085 0.514457844104 5.50462676449 5.94102922497 6.29118028946 0.230371473304 0.0889363211492 0.197218780578 492.964568407 493.142856412 494.116294898 2.14963788395 0.340876628898 0.554349046307 0.159419443732 0.232870390086 0.856763936568 1.05945544472 0.211790138461 113.6197683 0.192043528719 0.28641139931 0.314224017865 0.245373937287 0.428079980816 0.174734611474 1.34167195808
-9999.0 -9999.0 -9999.0 -9999.0 -9999.0 -9999.0 -9999.0 -9999.0 -9999.0 -9999.0 -9999.0 -9999.0 -9999.0 -9999.0 -9999.0 0.700627848272 1.38006984479 0.666112158724 1.3898881972 8.62225257694 9.36041224275 10.1153708401 0.70743695625 0.710678813343 1.33232982189 1.9714658841 3.08901022935 3.64565281969 3.96811698811 4.47064799596 0.415950154709 0.341305761439 6.89362181103 6.99826282209 7.15651706966 7.33456742987 6.08905846359 500.945742703 504.210962297 504.353911586 505.03600913 505.71578549 506.072253465 0.107496719403 1.15549962677 113.725558762 0.257379746096 0.132479674321 0.15254373615 0.144321891189 0.24351811997 0.212267340791 0.125560544554 0.19747757007
-9999.0 -9999.0 -9999.0 -9999.0 -9999.0 -9999.0 -9999.0 -9999.0 -9999.0 -9999.0 -9999.0 -9999.0 -9999.0 -9999.0 -9999.0 -9999.0 2.05046410002 2.7558915783 4.88728608348 6.4746331606 0.844709439338 11.8187160482 12.5171773585 13.1861652695 0.668484580777 1.30967358394 0.572734979696 4.35596286626 4.64683263955 5.11778336995 5.59577283494 6.61895218675 6.75276030803 0.0891330656669 5.36143846792 5.72882474463 5.91749739322 6.64571916478 0.941678897698 0.60187380794 0.360950948423 0.32283110029 506.505366178 506.730528616 508.798975187 113.8355603 0.724966336887 0.370762269075 0.248123399151 0.07413921812 0.699934062023 0.360649855493 0.111935380701 0.61248860296
-9999.0 -9999.0 -9999.0 -9999.0 -9999.0 -9999.0 -9999.0 -9999.0 -9999.0 -9999.0 -9999.0 -9999.0 -9999.0 -9999.0 -9999.0 -9999.0 0.730126497572 3.47078041324 4.22089757179 0.875819777572 0.785733659468 1.57796306388 2.28989328783 16.1731509742 0.663218441944 2.66569578038 3.2631820661 3.84759021081 0.314917331916 0.747009921341 0.93856280107 4.36770492478 4.75825051689 4.91373218436 0.180273504221 0.17584343404 0.200755247114 0.362545716559 0.151146701662 0.161508993514 0.292664232456 0.208863207242 0.292901523569 0.787135251042 509.004497436 623.338821429 0.941621895983 0.19498696999 0.0895278350788 2.16847196425 2.00304669852 1.18027713843 1.05388886088 0.77921260107
-9999.0 -9999.0 -9999.0 -9999.0 -9999.0 -9999.0 -9999.0 -9999.0 -9999.0 -9999.0 -9999.0 -9999.0 -9999.0 -9999.0 -9999.0 0.618547533175 2.0160357332 0.665163910428 0.912969494038 0.883661728976 1.69455652362 2.47440336894 3.19317404627 20.0244112408 20.6614960413 0.65769703416 1.25675323851 1.86654269207 2.26767754487 2.68098937254 3.8173856488 4.19655817784 0.18361492397 0.217389573871 0.203970108633 0.210171567062 0.285253882857 0.286951949515 0.277912024416 0.309356870911 1.08007308872 0.467166521208 0.199400425428 0.192744924953 0.178171688858 0.330389905114 630.354397911 5.93637718449 2.70410172699 0.262690614969 0.118108027608 0.0880063614747 0.291943771245 0.197214758009
-9999.0 -9999.0 -9999.0 -9999.0 -9999.0 -9999.0 -9999.0 -9999.0 -9999.0 -9999.0 -9999.0 -9999.0 -9999.0 -9999.0 0.632219739436 1.25670693273 4.55552852137 0.649010518142 1.74482529512 2.59931549536 3.38933695564 0.822972829012 1.53588452141 2.26330718257 23.5386000646 0.617884085303 1.17678243733 1.76721303366 0.50117445157 0.984072398601 1.16220246012 1.502386004 41.9269707869 42.3980681415 42.9087246183 45.3013364981 46.0373660986 47.7590503367 0.63873520244 1.31582337466 1.40098209317 53.4688866776 53.8298695356 0.176679130115 0.302343790699 0.423412679612 630.492128045 5.60989837261 2.56962245691 2.42461470687 1.99862350632 1.74759274389 0.388072366221 0.0969020891581
-9999.0 -9999.0 -9999.0 -9999.0 -9999.0 -9999.0 -9999.0 -9999.0 -9999.0 -9999.0 -9999.0 -9999.0 -9999.0 -9999.0 0.645526107278 1.97347442412 7.19097074727 10.6921519197 0.589776492962 14.100054577 18.1537871646 0.76664100357 1.47040656555 2.20538731992 29.8526342104 30.4483375047 0.522621446915 2.82581954992 3.29817661126 3.67869517371 38.8959124493 39.6619267836 40.2214447879 0.291916333056 1.63785108335 1.98898596754 0.843479798225 1.21779449374 49.4491763268 51.3082205171 51.6128278094 51.9002905993 54.1730561739 0.167119238495 0.148407189264 0.696170525415 630.669826812 0.185749902458 0.0758236623294 0.303901204573 0.143413578434 1.55372342447 1.33299154442 0.790056650383
-9999.0 -9999.0 -9999.0 -9999.0 -9999.0 -9999.0 -9999.0 -9999.0 -9999.0 -9999.0 -9999.0 -9999.0 -9999.0 -9999.0 -9999.0 -9999.0 1.42488261843 2.87726420039 12.7241009982 13.4530823552 18.7940896654 19.4716029935 0.755269865348 1.51000858217 3.54649508658 31.040642829 32.160290675 32.6125823864 0.375888052254 34.217259479 34.9827808643 0.515002976584 0.281012041144 0.538320254528 1.05280197292 0.255762723498 0.516690073861 1.13724742884 1.4346072575 0.279013390672 0.189181213091 0.37651838449 55.5309906758 56.0219958155 56.1496312965 57.1987227547 630.825495299 0.132895153902 0.0423290297507 0.0866367904996 0.0848029367437 0.0886676741436 0.0740554318931 0.131823233974
-9999.0 -9999.0 -9999.0 -9999.0 -9999.0 -9999.0 -9999.0 -9999.0 -9999.0 -9999.0 -9999.0 -9999.0 -9999.0 -9999.0 -9999.0 -9999.0 0.75161816522 0.734843916256 0.727383673709 1.45803382388 0.647286132206 20.7567465751 21.3787861976 0.706360018789 1.38712014978 0.674708995553 0.564746454326 0.547855448135 33.5232864258 0.237129654461 0.481487327089 0.301957250567 0.290647624014 0.259841935644 0.20485638957 0.213485330758 0.654948652143 0.898353435122 0.177758288447 0.157802703091 0.343308301494 0.573069426816 0.7261685354 0.225742015116 56.3532025653 57.3383413377 630.942249067 0.39028098133 0.11513806413 0.0368576120756 0.111107104807 0.0275401323014 0.0197608250016 0.155153100747
-9999.0 -9999.0 -9999.0 -9999.0 -9999.0 -9999.0 -9999.0 -9999.0 -9999.0 -9999.0 -9999.0 -9999.0 -9999.0 -9999.0 -9999.0 -9999.0 -9999.0 -9999.0 0.728137231652 2.12495004968 2.71757215556 3.34591429165 21.9886164566 22.5925066441 23.1934191833 23.8551421134 24.3907741518 25.5094424132 25.752683442 25.9644829507 26.1810770346 0.252370957667 0.237059121002 0.251509936798 0.894587507736 0.238232358612 0.227630152945 0.178769014672 0.524882790932 0.209276134105 0.164044520332 0.151903898974 0.127909511983 0.255250096002 0.371819820955 58.1174188024 689.575026776 0.136677856674 0.271458376444 0.0245866486643 0.132743309583 0.0519432834153 0.0398333075781 0.883468606279
-9999.0 -9999.0 -9999.0 -9999.0 -9999.0 -9999.0 -9999.0 -9999.0 -9999.0 -9999.0 -9999.0 -9999.0 -9999.0 -9999.0 -9999.0 -9999.0 -9999.0 -9999.0 -9999.0 0.607742143682 4.83915269058 9.50878059164 10.1699916243 0.826074333128 1.54523387233 2.2292456594 2.79233991313 6.51226383408 6.77924884563 0.260039860949 0.255595480524 26.7394228574 27.2255319879 27.444617576 1.07013951033 0.163685742711 0.410822086402 0.599803623765 1.77834507321 2.17603741254 2.49415216328 0.29118369382 0.408190710576 0.140346610608 0.27535740509 0.145087392702 689.848133831 0.12730165331 0.514827969847 0.157890115134 0.358198825264 1.0529644759 1.15244322863 2.09860640308
-9999.0 -9999.0 -9999.0 -9999.0 -9999.0 -9999.0 -9999.0 -9999.0 -9999.0 -9999.0 -9999.0 -9999.0 -9999.0 -9999.0 -9999.0 -9999.0 -9999.0 -9999.0 0.678851578188 2.16424703009 4.24039083053 5.54037521385 14.1830678726 14.9147663455 1.43529336042 2.12041419602 2.67871646865 3.2250586866 7.02490915864 7.54487573986 12.9029194877 13.3025115839 13.5844216866 27.6709699747 29.3409670487 0.399213312893 0.262992819324 0.251377056276 0.484335741213 0.221026753276 2.91587865178 3.06961367123 0.543475013592 0.699236165313 0.199823968068 170.037515384 170.385608776 860.429523656 861.123579739 0.131413050241 0.627349886115 0.305860406733 0.243089079034 2.50367600014
-9999.0 -9999.0 -9999.0 -9999.0 -9999.0 -9999.0 -9999.0 -9999.0 -9999.0 -9999.0 -9999.0 -9999.0 -9999.0 -9999.0 -9999.0 -9999.0 -9999.0 -9999.0 -9999.0 0.774848880349 0.756226537073 1.43035108144 3.40004772399 15.5412691567 0.739865112884 0.730327919983 1.30815193799 1.87798510048 4.37159905155 4.68243335266 0.203075756841 0.263002374652 13.9043829915 14.1494514696 43.7234917066 43.9565615684 0.151820552742 0.134620884008 0.115427388649 0.11654790108 0.12524704654 167.083207639 168.05359858 168.905516825 169.254040213 169.874243679 0.170335503684 0.633145003634 0.786697531365 862.215270875 862.307819452 862.399082052 862.536481099 862.664178638
-9999.0 -9999.0 -9999.0 -9999.0 -9999.0 -9999.0 -9999.0 -9999.0 -9999.0 -9999.0 -9999.0 -9999.0 -9999.0 -9999.0 -9999.0 -9999.0 -9999.0 -9999.0 -9999.0 -9999.0 0.694037348504 0.726311435692 1.35002856433 18.1793512642 18.8312655839 0.715512876723 1.30802082259 1.88990421119 2.23052474565 0.277291236753 0.585646920351 39.6953839975 39.9370278012 40.1777009199 42.1034689926 86.2931334525 161.099464894 161.454687625 161.7829847 162.096096891 163.428695094 163.856695007 0.824247304694 0.373612393135 0.220603927185 0.415376410249 0.316620903587 0.499038237802 0.155667706257 3.58560391909 4.08448893381 4.47102560986 4.53994952096 862.743109509
-9999.0 -9999.0 -9999.0 -9999.0 -9999.0 -9999.0 -9999.0 -9999.0 -9999.0 -9999.0 -9999.0 -9999.0 -9999.0 -9999.0 -9999.0 -9999.0 -9999.0 -9999.0 -9999.0 -9999.0 -9999.0 0.709523614509 1.3617371018 2.01696388094 19.3729386218 0.639642084898 26.3314508057 26.9395788113 27.2157192692 27.5308940104 38.4203431384 38.7885585127 0.282896716592 1.40033785631 1.72221569564 0.289811083323 74.4506558262 73.9280494212 0.169080013556 0.387751329494 1.05065174497 0.232425278207 0.250243950774 0.192182049117 0.166490800324 0.1304096796 0.152505471844 3.08039201775 3.23885838783 3.42271877404 0.360518060296 0.27626808338 4.68980112784 4.79585021302
-9999.0 -9999.0 -9999.0 -9999.0 -9999.0 -9999.0 -9999.0 -9999.0 -9999.0 -9999.0 -9999.0 -9999.0 -9999.0 -9999.0 -9999.0 -9999.0 -9999.0 -9999.0 -9999.0 -9999.0 -9999.0 0.647008374482 0.60900555267 3.16182388125 23.8066365156 25.0779913705 25.7581758538 0.619014761452 10.2349298886 10.4733278041 10.5948745851 0.327453378593 0.649362831483 0.933543581581 17.0652324708 17.2847769543 17.4776785631 73.5680139502 45.7836386343 0.214591571659 0.225769635713 0.216215804751 0.17554878434 1.84827761641 2.22327408297 2.55299071979 2.73759928187 2.91555323695 18.5277292794 18.6547669758 18.8128807136 19.1523923528 20.9572061694 21.0269757988
-9999.0 -9999.0 -9999.0 -9999.0 -9999.0 -9999.0 -9999.0 -9999.0 -9999.0 -9999.0 -9999.0 -9999.0 -9999.0 -9999.0 -9999.0 -9999.0 -9999.0 -9999.0 -9999.0 -9999.0 -9999.0 -9999.0 1.27108373565 1.94464849428 0.694150131083 0.741012492744 8.13470021535 8.78279261183 9.24492047324 3.59667936892 3.81877536799 4.08471584417 4.37950975842 16.5659034747 16.8670483395 9.6338736477 27.3604399309 27.592717738 45.6093964088 0.462930007613 0.235102565861 0.170434045513 1.27881884575 1.5004597146 0.144385584199 0.135386776519 17.8958002729 18.2344881184 18.4041643714 0.154052749907 0.235423038758 20.619261202 0.179069529784 0.609867887437
-9999.0 -9999.0 -9999.0 -9999.0 -9999.0 -9999.0 -9999.0 -9999.0 -9999.0 -9999.0 -9999.0 -9999.0 -9999.0 -9999.0 -9999.0 -9999.0 -9999.0 -9999.0 -9999.0 -9999.0 -9999.0 -9999.0 0.639920557997 1.26685615631 5.33016014449 6.03451739694 6.73985238904 2.82578033512 3.3611205011 0.258098616337 11.4283197943 11.6567778124 11.8945517913 0.276936823124 9.07316886876 9.38413208611 0.239476666787 44.4120649229 0.511751102038 0.253276136017 0.691009516849 0.926890753126 0.185411621769 0.152669924779 16.1837942005 17.5833257917 17.7858675214 0.201800923607 0.455853450543 0.569529839265 0.702951766742 1.34896227271 0.222618793413 0.503802947137
