data/baseflow/History/mHMbfrc343
ncols                  80
nrows                 72
xllcorner      4374000.0
yllcorner      5656000.0
cellsize            500
NODATA_value       -9999
[rows 24 to 47 of 72, columns 0 to 53 of 80]
-9999.0 -9999.0 -9999.0 -9999.0 -9999.0 -9999.0 -9999.0 -9999.0 -9999.0 -9999.0 -9999.0 -9999.0 0.790311038055 2.23637587817 2.93310107898 5.06317995586 0.645339543041 1.30104463415 1.92500505101 7.33921350144 7.80689547692 8.03840346861 8.51600652554 9.05438169557 15.0706010406 16.6582537597 17.3765589945 0.208851109011 1.70076610308 1.86124011378 31.0908283196 31.8181633013 32.1132435297 32.4116950948 32.7426316381 128.619142115 0.250853578403 275.836363812 0.361891972033 0.133920064897 2.35690393063 2.11295854036 0.287248272099 1.19761325404 1.74347635035 1.72400963682 1.21328680572 1.99384133436 3.14917777153 1.16595696536 2.9284961263 0.2427410807 0.336468681987 0.0482559113181
-9999.0 -9999.0 -9999.0 -9999.0 -9999.0 -9999.0 -9999.0 -9999.0 -9999.0 -9999.0 -9999.0 -9999.0 0.754525887025 1.49690276515 0.707919705562 1.42923068661 0.657317178747 4.84190077906 6.09265432416 6.73716210192 0.598208014869 1.11991511663 11.36869038 14.1038118443 14.5858230764 1.07878794266 1.03391892353 1.41426105401 0.144655166944 0.134891628999 0.258040562229 0.18000470975 18.8177187037 19.0601072213 19.2643536184 129.013053813 277.623066491 276.001622669 0.199816394723 0.0865678385816 0.0770291382349 0.468727150112 0.392706440162 1.37067298548 2.04566568404 4.15138943363 0.380632990751 0.379554340941 3.44939026276 3.75333020625 7.25609426627 7.42354558672 7.81125704527 7.90285741054
-9999.0 -9999.0 -9999.0 -9999.0 -9999.0 -9999.0 -9999.0 -9999.0 -9999.0 -9999.0 -9999.0 -9999.0 -9999.0 0.72287382177 1.44118612345 2.15940052899 3.50747551338 0.687263596358 0.64044158645 4.88077535156 5.47628340412 10.4172822285 11.019112944 1.71536766462 0.592247034724 0.544560760436 0.498941639956 17.6909713005 17.9703079617 18.1466429549 18.2765245405 18.6092911877 2.69488591571 2.96235324035 22.446764705 429.300399193 1.22194415502 0.8921575265 0.354329133789 0.110435102045 0.0767753358797 0.623529944274 0.68163193794 1.51078980498 0.0707400304202 4.26588592911 0.585827639934 0.570897155673 0.072056723235 0.0459961245948 0.0420513015883 0.073906442736 0.0445920997709 7.96097761422
-9999.0 -9999.0 -9999.0 -9999.0 -9999.0 -9999.0 -9999.0 -9999.0 -9999.0 -9999.0 -9999.0 -9999.0 -9999.0 -9999.0 0.704710213376 1.48216234551 2.21476088526 2.96138819546 3.60284268296 4.25870112795 1.9304981761 3.20423334093 0.603971572488 0.590552342942 14.9730903519 16.1355509515 16.6856296328 17.2615116153 0.413936727713 0.71751732405 1.95059663186 2.18343363874 2.41882806929 0.306956771626 0.260622207259 430.215528673 0.338227581237 0.34914774348 0.16689820204 0.543812213516 0.252593827728 0.144130355278 2.31490792822 2.45614790635 0.0890407476383 4.37324652154 5.00616355508 0.625065868067 99.9380359952 99.8187615065 99.719731143 99.4470851799 99.299702257 97.3793037123
-9999.0 -9999.0 -9999.0 -9999.0 -9999.0 -9999.0 -9999.0 -9999.0 -9999.0 -9999.0 -9999.0 -9999.0 -9999.0 -9999.0 0.211853943552 0.477605947846 0.74277064421 7.1628223297 7.83082612773 0.671550777665 0.64979347894 0.643099708777 12.5891321181 13.8205921245 0.599609844009 0.617799304006 0.537829360756 2.19289783282 2.7314951718 1.26615573981 1.59088981015 12.2801180673 12.6444022775 13.4000045532 21.0328391607 451.497524014 0.334141329 0.145212311414 0.893315059871 0.719787123986 0.139846469881 0.42747356053 0.556157894654 2.59827990555 2.71879832266 8.00293632236 5.0971590255 0.708593278058 102.142474017 0.995738346683 99.6173951254 99.5370297606 1.80003214804 0.185677361852
-9999.0 -9999.0 -9999.0 -9999.0 -9999.0 -9999.0 -9999.0 -9999.0 -9999.0 -9999.0 -9999.0 -9999.0 -9999.0 -9999.0 1.06466864317 1.75377578967 3.61958441203 6.40369197517 8.55588262646 10.0665240466 10.7171119819 11.3708331218 12.0028715907 0.607717842578 0.573952381477 1.13448495003 1.09513057055 0.562863136804 10.6053447546 11.1345933174 11.6303408216 12.0939480443 6.59485366672 6.84787230067 7.31124031258 451.712142666 0.592448215318 0.401481179693 1.41945719569 0.167254639841 0.291059171117 0.15837979659 0.119233779135 0.688643223234 0.0972558506906 0.103040017672 110.712136639 102.627501623 102.521591929 0.404658230664 0.923529756144 0.581423573029 0.117525333633 1.48439104618
-9999.0 -9999.0 -9999.0 -9999.0 -9999.0 -9999.0 -9999.0 -9999.0 -9999.0 -9999.0 -9999.0 -9999.0 -9999.0 -9999.0 0.740654898387 0.708656178074 1.39069106911 2.09816354331 0.760997809828 0.717366017124 1.37974408136 2.03723218593 3.29977945228 3.92628801645 4.50875159825 6.23705105843 6.78487116692 7.36201410047 0.539652876881 5.34817201108 5.78421415425 6.0966334262 0.18550817972 0.0857006055228 0.204906100892 459.102042996 459.308041179 460.268549461 1.92392295759 0.35632633444 0.468950981514 0.118555020866 0.216248885497 0.793528353479 0.977617172393 0.189779031858 111.199181484 0.163155969777 0.229064646715 0.248966304847 0.202165021455 0.356267327942 0.151967590504 1.04097041295
-9999.0 -9999.0 -9999.0 -9999.0 -9999.0 -9999.0 -9999.0 -9999.0 -9999.0 -9999.0 -9999.0 -9999.0 -9999.0 -9999.0 -9999.0 0.683546755021 1.34979572716 0.650570059074 1.33905490327 8.28214633034 8.97471315352 9.62208284763 0.62574684451 0.629735254044 1.21352120652 1.80136991114 2.88611082825 3.43810609874 3.76796277279 4.28361511013 0.4348702388 0.358325811703 6.49905149779 6.58719710742 6.76557451518 6.96466842931 6.02426639074 467.121928079 470.242217735 470.415858449 471.042015315 471.719532087 472.064895812 0.1011374114 1.06680837547 111.299757027 0.232786499909 0.119365976167 0.13964341386 0.132287405798 0.2255225628 0.194845333265 0.113388771323 0.163650753681
-9999.0 -9999.0 -9999.0 -9999.0 -9999.0 -9999.0 -9999.0 -9999.0 -9999.0 -9999.0 -9999.0 -9999.0 -9999.0 -9999.0 -9999.0 -9999.0 2.00818658289 2.70105228024 4.74731235427 6.22433072121 0.768258992832 11.0846472421 11.7027784147 12.3114144688 0.601375052739 1.18630598573 0.542733165204 3.98611195802 4.28980244504 4.75850446838 5.22379350464 6.2769071891 6.3697069828 0.0745561027831 5.22458645171 5.62817175208 5.83318619296 6.64041918626 0.992214142729 0.617389369614 0.356861122287 0.344550844187 472.459702323 472.636641954 474.529308373 111.404832617 0.655094224213 0.333934320854 0.226267224467 0.0691631495052 0.637998906401 0.323601429184 0.10516390461 0.57088176705
-9999.0 -9999.0 -9999.0 -9999.0 -9999.0 -9999.0 -9999.0 -9999.0 -9999.0 -9999.0 -9999.0 -9999.0 -9999.0 -9999.0 -9999.0 -9999.0 0.723407299141 3.39161733306 4.0985417695 0.796163151684 0.664034536765 1.33529648567 1.97287455872 14.9015706172 0.59669090425 2.39335932813 2.94819375724 3.49170238795 0.322292270729 0.759057765082 0.956620950617 4.20493212609 4.58384818354 4.75297422742 0.19908352889 0.193562350952 0.220511476503 0.405561132576 0.170299081062 0.180994447454 0.285099647141 0.25228065278 0.284617913809 0.697584295675 474.717935252 586.583984124 0.812885796124 0.172241378203 0.0721579516665 1.98191245764 1.82953105209 1.08046704407 0.966333257898 0.716101028475
-9999.0 -9999.0 -9999.0 -9999.0 -9999.0 -9999.0 -9999.0 -9999.0 -9999.0 -9999.0 -9999.0 -9999.0 -9999.0 -9999.0 -9999.0 0.631256655386 2.02744160778 0.670180863499 0.792122047536 0.712564480382 1.37788735282 2.02616053302 2.68830711934 18.2380062839 18.8212209223 0.595094186873 1.15406708186 1.71651544679 2.11984800584 2.5175396096 3.62323247603 4.01549364088 0.152791638803 0.226872234832 0.227872249438 0.293136752394 0.297458296768 0.318000549425 0.273903935204 0.344976582397 1.04142791237 0.483990086248 0.186305754813 0.181366186884 0.157898255273 0.2956539826 592.708998255 5.11415909197 2.41683551597 0.244855661752 0.114439295311 0.0835956820061 0.286944458598 0.193742588704
-9999.0 -9999.0 -9999.0 -9999.0 -9999.0 -9999.0 -9999.0 -9999.0 -9999.0 -9999.0 -9999.0 -9999.0 -9999.0 -9999.0 0.669313102546 1.28115185126 4.60439596496 0.65200211232 1.58618013157 2.28954236469 2.96419918304 0.682324368134 1.30191403179 1.98942368718 21.4229951597 0.574256310975 1.11110715978 1.65456418096 0.509941754299 0.99852954577 1.13857095315 1.49496491141 38.1286540934 38.6078747234 39.0701628907 41.056518834 41.9458877654 43.6048054831 0.436701736297 1.00204354923 1.26915555146 48.5822448651 48.9235439778 0.168223067635 0.284397066668 0.396795601828 592.899465221 4.79122010353 2.04818334223 1.90940017921 1.72803045879 1.59339319953 0.380532789663 0.0946401590159
-9999.0 -9999.0 -9999.0 -9999.0 -9999.0 -9999.0 -9999.0 -9999.0 -9999.0 -9999.0 -9999.0 -9999.0 -9999.0 -9999.0 0.666909759038 2.03334757558 7.30279030003 10.7856663094 0.59734691575 14.1697170992 17.8003492444 0.652856934678 1.27101026738 1.95460010516 27.0865527389 27.6847471157 0.484734703174 2.62995940503 3.09259031641 3.46715543018 35.3547145082 35.9552302228 36.4378155911 0.24545197246 1.42318658841 1.68741321122 0.75343146614 1.08293218694 45.1510750689 46.6370379746 46.9014779382 47.1527285495 49.2377964902 0.153105062271 0.133483759659 0.644136408996 593.073858935 0.180001631616 0.0222373698116 0.0652613166444 0.0294743280653 1.40671843373 1.29940227153 0.77533681349
-9999.0 -9999.0 -9999.0 -9999.0 -9999.0 -9999.0 -9999.0 -9999.0 -9999.0 -9999.0 -9999.0 -9999.0 -9999.0 -9999.0 -9999.0 -9999.0 1.41792875483 2.85204344346 12.805823109 13.5178878443 18.4348437434 19.1102428766 0.645351681151 1.28893134345 3.14235295614 28.2613956926 29.2694330977 29.685082893 0.348746859762 31.108143305 31.6821331756 0.397033199039 0.248547106362 0.496108565324 0.96257619749 0.228506380319 0.462350048146 1.05316124485 1.31378541712 0.245160985262 0.173704295688 0.346700634328 50.5345945761 50.9652011413 51.0828406483 52.0416119924 593.230132441 0.130174944486 0.011898160194 0.0157808574162 0.016599933228 0.0174079754431 0.0158519452567 0.0281838914854
-9999.0 -9999.0 -9999.0 -9999.0 -9999.0 -9999.0 -9999.0 -9999.0 -9999.0 -9999.0 -9999.0 -9999.0 -9999.0 -9999.0 -9999.0 -9999.0 0.741334753696 0.727522631882 0.720772191267 1.43333561293 0.637317825062 20.3785522996 21.003322844 0.644338776053 1.2507148679 0.587770615517 0.495948298114 0.483352093235 30.4679627374 0.162589326906 0.322490017036 0.255457662789 0.27130103719 0.238759866246 0.193511887114 0.200198133532 0.608661976926 0.830263603811 0.167659261668 0.151229925785 0.322409424611 0.528321291148 0.707674390173 0.208219684841 51.2618939643 52.1696307371 593.350780026 0.301651239121 0.0416858763595 0.00730453798013 0.0223115311999 0.00595920890454 0.00479788809324 0.0337898218179
-9999.0 -9999.0 -9999.0 -9999.0 -9999.0 -9999.0 -9999.0 -9999.0 -9999.0 -9999.0 -9999.0 -9999.0 -9999.0 -9999.0 -9999.0 -9999.0 -9999.0 -9999.0 0.720356334606 2.10123779245 2.69913057959 3.32026874667 21.6056692795 22.2061923658 22.8066085764 23.4514947918 23.9248740625 24.8991627821 25.0805366707 25.2221921678 25.4092207698 0.244570470011 0.232218905104 0.239154794311 0.841366913519 0.21902489378 0.20956416046 0.17105232392 0.498699491876 0.193148573003 0.15350681557 0.143251616211 0.128479073246 0.25643069399 0.363645871081 52.9124110276 646.693816982 0.123699957377 0.245168696332 0.00492871223777 0.0291915738503 0.013982225564 0.00967299285421 0.766821572445
-9999.0 -9999.0 -9999.0 -9999.0 -9999.0 -9999.0 -9999.0 -9999.0 -9999.0 -9999.0 -9999.0 -9999.0 -9999.0 -9999.0 -9999.0 -9999.0 -9999.0 -9999.0 -9999.0 0.618186670226 4.81764369626 9.45742210236 10.1117267557 0.768357358445 1.42589022406 2.04157637462 2.57765769788 5.99664206218 6.25000284572 0.248816394591 0.244631514976 25.9225805936 26.3852220717 26.6026907875 1.01423681277 0.159944949639 0.380421829803 0.559876823691 1.65250286652 2.02266187322 2.32125083852 0.275265565401 0.385415753436 0.130594501639 0.257961176363 0.131922447784 646.958121553 0.109013092109 0.452523409751 0.119569429231 0.214511529604 0.68739861793 0.752312700247 1.57666330384
-9999.0 -9999.0 -9999.0 -9999.0 -9999.0 -9999.0 -9999.0 -9999.0 -9999.0 -9999.0 -9999.0 -9999.0 -9999.0 -9999.0 -9999.0 -9999.0 -9999.0 -9999.0 0.675243569444 2.14301583377 4.21058528069 5.51030810537 14.1109464639 14.8304968704 1.27670892088 1.88969172555 2.4354941814 2.95931376731 6.45753126291 6.94496916358 11.9010112329 12.3186531012 12.5629861038 26.8202330339 28.3966523515 0.373840216827 0.234965258686 0.225552849383 0.433030339436 0.199202231983 2.70477261297 2.84958837468 0.509168807743 0.672451466167 0.149589673815 162.739910948 163.01960892 810.168686021 810.798316362 0.11257059451 0.462333513834 0.146701899441 0.116496813346 1.79064818714
-9999.0 -9999.0 -9999.0 -9999.0 -9999.0 -9999.0 -9999.0 -9999.0 -9999.0 -9999.0 -9999.0 -9999.0 -9999.0 -9999.0 -9999.0 -9999.0 -9999.0 -9999.0 -9999.0 0.765222377609 0.747027632704 1.42496436503 3.38757464151 15.4641072782 0.655473950311 0.648163872589 1.20319432295 1.76188282817 4.03138038651 4.29584237517 0.187536906977 0.27043678112 12.865879452 13.0982781614 41.7233895961 41.9321772952 0.149410344504 0.134723914217 0.114008201684 0.115047841241 0.118989613893 159.894894386 160.81479892 161.66680938 161.987144574 162.579551946 0.153580050313 0.571870086298 0.705877009196 811.79153872 811.896817366 812.118906229 812.32782473 812.499489627
-9999.0 -9999.0 -9999.0 -9999.0 -9999.0 -9999.0 -9999.0 -9999.0 -9999.0 -9999.0 -9999.0 -9999.0 -9999.0 -9999.0 -9999.0 -9999.0 -9999.0 -9999.0 -9999.0 -9999.0 0.695391380216 0.722252080837 1.3439128026 18.1125509685 18.7708726789 0.639801646274 1.19494189297 1.76062520968 2.04333884335 0.230740068927 0.546646314348 39.3054082608 39.562717613 39.8144599296 41.6872559138 83.8536358218 154.269211331 154.613416025 154.926788148 155.229415187 156.493461112 156.894829749 0.755247933405 0.343496879921 0.198163203339 0.374538223192 0.286641584227 0.450850251849 0.140250027334 3.33396001143 3.6743231565 3.96021404457 4.02516619686 812.613606025
-9999.0 -9999.0 -9999.0 -9999.0 -9999.0 -9999.0 -9999.0 -9999.0 -9999.0 -9999.0 -9999.0 -9999.0 -9999.0 -9999.0 -9999.0 -9999.0 -9999.0 -9999.0 -9999.0 -9999.0 -9999.0 0.712912895925 1.36686585175 2.02307806244 19.3236093662 0.642241378574 26.2802647488 26.8703993315 27.1106040234 27.4385506191 38.0498273307 38.4216835805 0.279022223031 1.3785150513 1.66589365134 0.267649372531 70.0710154917 69.5792770307 0.164534375514 0.37311148221 0.99401539817 0.216684259232 0.229117746306 0.177295146918 0.152230454723 0.119765727997 0.138577281777 2.87338964255 3.01750352278 3.19108130937 0.217585411663 0.188834270385 4.13449004631 4.22908766076
-9999.0 -9999.0 -9999.0 -9999.0 -9999.0 -9999.0 -9999.0 -9999.0 -9999.0 -9999.0 -9999.0 -9999.0 -9999.0 -9999.0 -9999.0 -9999.0 -9999.0 -9999.0 -9999.0 -9999.0 -9999.0 0.659776455763 0.617904519423 3.19656899194 23.7978815076 25.0681286359 25.7202845604 0.591972680086 10.0265037399 10.2085896988 10.3207698937 0.329955006288 0.635225132022 0.898868808522 15.9186976705 16.132829835 16.3217347238 69.2252613488 43.4095025818 0.204801756561 0.211156020728 0.202813662807 0.164662274384 1.75022287682 2.09215552166 2.39365598141 2.56152605026 2.72340747497 17.8361726374 17.9556784876 18.1212183588 18.5246483234 20.1863915794 20.2530735476
-9999.0 -9999.0 -9999.0 -9999.0 -9999.0 -9999.0 -9999.0 -9999.0 -9999.0 -9999.0 -9999.0 -9999.0 -9999.0 -9999.0 -9999.0 -9999.0 -9999.0 -9999.0 -9999.0 -9999.0 -9999.0 -9999.0 1.29052063435 1.96246852999 0.698002021892 0.67324111243 8.03777967533 8.65640644554 9.09408619063 3.36299551278 3.54131965016 3.77179504443 4.06156142039 15.4369619821 15.7234525286 8.83235404617 25.3949656611 25.6228360044 43.2349030699 0.440743136222 0.222016595347 0.16385590591 1.21770274173 1.4250302166 0.131283282964 0.122604070704 17.2600353609 17.5676075484 17.7233848277 0.193741130828 0.288451228651 19.9140578802 0.173868497102 0.554654108332
-9999.0 -9999.0 -9999.0 -9999.0 -9999.0 -9999.0 -9999.0 -9999.0 -9999.0 -9999.0 -9999.0 -9999.0 -9999.0 -9999.0 -9999.0 -9999.0 -9999.0 -9999.0 -9999.0 -9999.0 -9999.0 -9999.0 0.645219752302 1.27830236609 5.36539736764 6.06827359161 6.75454192568 2.68264628911 3.18675650814 0.187057414617 10.7168476738 10.8933261546 11.0961198417 0.256215914768 8.29322221823 8.58772095974 0.232035690381 42.0904827809 0.485202831935 0.240294873892 0.660216141366 0.882928193113 0.174497948527 0.144309107914 15.6893912169 16.9761198762 17.159470271 0.183014611733 0.413445247833 0.522635375219 0.630396595692 1.25242740073 0.203223144467 0.458739874611
