data/baseflow/History/mHMbfrc439
ncols                  80
nrows                 72
xllcorner      4374000.0
yllcorner      5656000.0
cellsize            500
NODATA_value       -9999
[rows 0 to 23 of 72, columns 0 to 53 of 80]
-9999.0 -9999.0 -9999.0 -9999.0 -9999.0 -9999.0 -9999.0 -9999.0 -9999.0 -9999.0 -9999.0 -9999.0 0.429352209695 0.544175213282 -9999.0 -9999.0 -9999.0 -9999.0 -9999.0 -9999.0 -9999.0 -9999.0 -9999.0 -9999.0 -9999.0 -9999.0 -9999.0 -9999.0 -9999.0 -9999.0 -9999.0 -9999.0 -9999.0 -9999.0 -9999.0 -9999.0 -9999.0 -9999.0 -9999.0 -9999.0 -9999.0 -9999.0 -9999.0 -9999.0 -9999.0 -9999.0 -9999.0 -9999.0 -9999.0 -9999.0 -9999.0 -9999.0 -9999.0 -9999.0
-9999.0 -9999.0 -9999.0 -9999.0 -9999.0 -9999.0 -9999.0 -9999.0 -9999.0 -9999.0 -9999.0 -9999.0 0.833269727312 2.25946728393 0.452058695518 -9999.0 0.470049806274 -9999.0 -9999.0 -9999.0 -9999.0 -9999.0 -9999.0 -9999.0 -9999.0 -9999.0 -9999.0 -9999.0 -9999.0 -9999.0 -9999.0 -9999.0 -9999.0 -9999.0 -9999.0 -9999.0 -9999.0 -9999.0 -9999.0 -9999.0 -9999.0 -9999.0 -9999.0 -9999.0 -9999.0 -9999.0 -9999.0 -9999.0 -9999.0 -9999.0 -9999.0 -9999.0 -9999.0 -9999.0
-9999.0 -9999.0 -9999.0 -9999.0 -9999.0 -9999.0 -9999.0 -9999.0 -9999.0 -9999.0 0.342267381899 0.327101908442 0.366460418231 0.367487697256 2.92645073928 3.33764379904 1.32249697869 0.434773837037 -9999.0 -9999.0 -9999.0 -9999.0 -9999.0 -9999.0 -9999.0 -9999.0 -9999.0 -9999.0 -9999.0 -9999.0 -9999.0 -9999.0 -9999.0 -9999.0 -9999.0 -9999.0 -9999.0 -9999.0 -9999.0 -9999.0 -9999.0 -9999.0 -9999.0 -9999.0 -9999.0 -9999.0 -9999.0 -9999.0 -9999.0 -9999.0 -9999.0 -9999.0 -9999.0 -9999.0
-9999.0 -9999.0 -9999.0 -9999.0 -9999.0 -9999.0 -9999.0 -9999.0 -9999.0 0.316236016777 0.671807894233 1.3329254741 0.692415716908 0.330661520027 0.648866988493 3.65023609107 5.83179955495 0.427338264749 -9999.0 0.359406652248 -9999.0 -9999.0 -9999.0 -9999.0 0.917365611716 0.481755970023 -9999.0 -9999.0 -9999.0 -9999.0 -9999.0 -9999.0 -9999.0 -9999.0 -9999.0 -9999.0 -9999.0 -9999.0 -9999.0 -9999.0 -9999.0 -9999.0 -9999.0 -9999.0 -9999.0 -9999.0 -9999.0 -9999.0 -9999.0 -9999.0 -9999.0 -9999.0 -9999.0 -9999.0
-9999.0 -9999.0 -9999.0 -9999.0 -9999.0 -9999.0 -9999.0 -9999.0 0.40968177137 1.08595806515 1.40063917109 1.72190576997 2.33980751518 0.296116663266 1.2235398747 1.50946865546 8.06130803447 0.315225693024 0.282642920938 0.65116642037 0.940212500437 0.309306780661 -9999.0 2.22010402804 1.82986386091 0.4630178232 -9999.0 -9999.0 -9999.0 -9999.0 -9999.0 -9999.0 -9999.0 -9999.0 -9999.0 -9999.0 -9999.0 -9999.0 -9999.0 -9999.0 -9999.0 -9999.0 -9999.0 -9999.0 -9999.0 -9999.0 -9999.0 -9999.0 -9999.0 -9999.0 -9999.0 -9999.0 -9999.0 -9999.0
-9999.0 -9999.0 -9999.0 -9999.0 -9999.0 -9999.0 0.386264768955 0.33690853038 0.317307239663 0.3291183621 0.351434416912 2.44174494334 5.12038217369 5.44679344862 5.67804006185 0.211473888738 8.60269217664 8.89999353682 0.552793901116 0.290211672804 1.22171720472 2.1255481992 0.373729946064 3.32459038236 0.336692755311 0.352824233885 0.355152416113 -9999.0 -9999.0 -9999.0 -9999.0 -9999.0 -9999.0 -9999.0 -9999.0 -9999.0 -9999.0 -9999.0 -9999.0 -9999.0 -9999.0 -9999.0 -9999.0 -9999.0 -9999.0 -9999.0 -9999.0 -9999.0 -9999.0 -9999.0 -9999.0 -9999.0 -9999.0 -9999.0
-9999.0 -9999.0 -9999.0 -9999.0 -9999.0 -9999.0 0.783746922342 1.14643764829 2.56500390163 3.51052150681 0.291437720696 0.30920728123 0.299113079636 0.849875539722 6.78667226574 0.214611109089 9.15199243025 10.1636802733 0.795243058938 0.538522716248 2.38440719329 0.292915453938 3.60902115912 0.629420911479 0.317120576368 0.637232775462 0.699011411808 0.344919168271 0.356481276275 0.338561940139 0.394639785692 0.78598197783 -9999.0 -9999.0 -9999.0 -9999.0 -9999.0 -9999.0 -9999.0 -9999.0 -9999.0 -9999.0 -9999.0 -9999.0 -9999.0 -9999.0 -9999.0 -9999.0 -9999.0 -9999.0 -9999.0 -9999.0 -9999.0 -9999.0
-9999.0 -9999.0 -9999.0 -9999.0 -9999.0 0.453009525224 0.86105100234 0.401544830083 0.776498106208 3.89907785926 4.5570008773 5.20334198889 17.8709962067 0.272779720017 7.07756048162 27.3854761898 27.5832327412 38.1318226853 0.233085593262 0.775663407529 2.64460562424 0.255912808815 7.10492910068 3.22263689417 2.02926327714 1.69038839186 0.346445331272 1.01446130045 1.02080568392 0.676679038573 0.330904925174 1.13241248939 0.330663856884 0.319560065253 -9999.0 -9999.0 -9999.0 -9999.0 -9999.0 -9999.0 -9999.0 -9999.0 -9999.0 -9999.0 -9999.0 -9999.0 -9999.0 -9999.0 -9999.0 -9999.0 -9999.0 -9999.0 -9999.0 -9999.0
-9999.0 -9999.0 -9999.0 -9999.0 -9999.0 0.466117317678 1.33419204277 2.62945671021 3.02286646742 6.05916293931 6.41990402093 7.58499332185 12.3878196103 18.8287494507 19.5030629615 19.8233002524 0.514290764519 39.0486209077 39.4940355858 40.798659426 51.6206678972 7.91636030213 7.39751132792 2.31324380481 0.279765100555 1.91113428818 1.31083180285 0.266430955556 1.30991307747 0.269703722961 0.583980276759 1.72249465761 2.03227729361 0.618977981174 0.305284760847 0.28977112714 -9999.0 -9999.0 -9999.0 -9999.0 0.409095144875 0.371410024417 -9999.0 -9999.0 -9999.0 -9999.0 -9999.0 -9999.0 -9999.0 -9999.0 -9999.0 -9999.0 -9999.0 -9999.0
-9999.0 -9999.0 -9999.0 -9999.0 -9999.0 0.437026088352 0.410786557077 1.82328242843 2.23222987346 2.66355258808 0.40118355518 0.787175345502 4.55573815399 0.784059576551 0.37487658482 0.318990228907 0.277819988647 0.298734191697 0.271122781554 0.320985363784 51.9103906259 52.6883239756 0.254118657155 0.800242113716 0.552997304294 2.19237802396 0.564391622802 0.263226834363 1.60802464129 0.517819345094 1.29095543588 3.51838433104 3.25178953217 0.914159312344 0.879577820626 0.308226813278 0.304248529162 -9999.0 -9999.0 0.302384813092 0.809895179207 1.96084581001 0.393310324922 -9999.0 -9999.0 -9999.0 -9999.0 -9999.0 -9999.0 -9999.0 -9999.0 -9999.0 -9999.0 -9999.0
-9999.0 -9999.0 -9999.0 -9999.0 -9999.0 -9999.0 0.489524752132 0.510890421086 0.909271956743 1.33675628404 2.99830033975 3.81758556127 4.20480614623 0.39578995024 0.303611111841 4.3144337061 5.27078218855 5.55557464892 6.79464241078 7.06196411219 0.268963953607 52.9652017393 54.2391831355 1.00593823702 0.12555138895 2.39734592578 5.3329652024 2.12629955861 0.49057354449 0.246205551792 5.31929003284 3.78413499492 0.256406198415 0.264777379174 1.16533344518 0.88845032742 0.282072840841 0.26446792637 0.28732245112 0.580475239908 0.271886867568 2.36961077942 2.64389328946 0.250990452495 -9999.0 -9999.0 -9999.0 -9999.0 0.2986885532 0.276163120356 0.0798493872117 -9999.0 -9999.0 -9999.0
-9999.0 -9999.0 -9999.0 -9999.0 -9999.0 -9999.0 -9999.0 0.465705389804 0.378840608924 0.836332129371 1.28129621638 0.411960714298 0.315687515611 2.26842573274 2.97863783118 3.71745868152 0.345130279204 0.645082789378 0.329537419036 7.35010836051 16.7817852527 17.158726574 71.9932163829 0.249925958692 0.362138828199 0.106271242173 5.60344560414 0.242853162929 0.74495881297 0.241282260292 5.56624679755 5.81251703192 0.517269197664 0.513934262777 2.89741940653 1.4507574438 0.586865951898 0.291928891111 0.570290621608 0.858468978966 1.3845860515 0.253155364217 3.13070359898 3.34675795634 0.187655566361 0.20067366481 0.22131461846 0.191902999138 0.180239845379 0.793250606234 0.280444677411 0.1781289143 -9999.0 -9999.0
-9999.0 -9999.0 -9999.0 -9999.0 -9999.0 -9999.0 -9999.0 -9999.0 0.806142163588 1.14478606826 0.406134243223 0.843587269278 1.23685825802 1.97406850724 0.409701410572 0.373315740609 0.3016167127 0.304330221367 0.266561295946 8.83909677342 0.335976373148 0.641539105342 73.0079526518 73.5436315188 0.171646815551 0.71107088385 6.51550987185 0.46744680305 0.952923039928 0.427705158027 0.658162444772 6.76936622977 0.740013131817 4.08868522827 3.35474851922 0.225727510521 1.38759664672 0.550459889296 0.817598889577 0.253461636274 1.66693880883 2.15110805032 2.32949421168 2.49458797528 4.03760578048 0.347715830701 0.382963153435 0.336766520981 0.312508351525 0.963896387133 0.18896859298 0.643831573448 0.793022836649 -9999.0
-9999.0 -9999.0 -9999.0 -9999.0 -9999.0 -9999.0 -9999.0 -9999.0 0.463805890201 2.05858029297 2.44623640102 0.386538605095 0.751861332003 0.363549295861 0.323926220326 0.317607583229 4.12660628304 5.50419326564 6.89409136758 8.42643398542 0.371137525115 0.317993794066 0.272545126194 74.9522610666 75.593786187 75.7835869913 8.59384812462 1.87770757702 1.65144240957 0.205726518117 0.835099311707 7.80998177719 0.186364614893 4.29953967549 0.235942678602 1.75998761438 1.64442159225 0.252130285185 1.06477418177 0.497529440638 0.73663470527 0.223013907167 0.159377382411 2.65666328634 2.80204338044 4.18246369191 0.542898727266 0.485932532121 0.456962881538 1.16566360287 1.5499534633 0.19181889944 0.964903053425 0.200408649931
-9999.0 -9999.0 -9999.0 -9999.0 -9999.0 -9999.0 -9999.0 -9999.0 -9999.0 0.493892188854 2.8780463065 3.25374885188 1.11921444866 1.85148323704 2.5130941274 2.85414496577 0.36110675955 1.06937961463 0.714187264978 0.379769263073 0.357816955668 0.301189599357 0.59000920824 0.992928871082 0.319293099234 84.9465037734 85.1245225729 0.15584196505 0.150800055137 0.415110334122 0.623909538982 8.41747735826 0.397332321773 4.48090098809 2.6076406508 2.17934487089 0.229884890314 0.473168674771 1.27874617303 0.214063137093 0.94459034243 0.444217194709 0.256155862406 0.100433120316 3.14151200223 7.43638370218 0.64373384459 0.590170931132 0.603461279038 0.153519307533 1.70312012205 0.148024436249 1.2946911017 0.160457549471
-9999.0 -9999.0 -9999.0 -9999.0 -9999.0 -9999.0 -9999.0 -9999.0 -9999.0 -9999.0 0.390869791306 4.04113625322 0.362495726216 0.727748406438 1.04582701828 1.66767251845 0.321408018147 0.692277787487 0.336728838838 0.302964678209 0.284968140441 0.567559751864 0.238707789498 0.235243934922 0.436074762196 0.272778284526 85.3704728754 85.709868254 86.2248903027 0.780867443788 0.194702624162 0.388399055518 8.62528118209 8.07844131058 3.04802188519 0.21332953949 0.919848709717 0.694227773617 1.49343824747 0.426903464078 1.81319398677 0.653420592908 0.408604937639 0.0492598361181 0.105706179038 7.59994371062 7.74665154876 9.10433442721 1.10162429434 0.331343496888 1.87189883514 2.18476839313 3.60807164641 0.311057361946
-9999.0 -9999.0 -9999.0 -9999.0 -9999.0 -9999.0 -9999.0 -9999.0 -9999.0 -9999.0 -9999.0 0.195870705006 4.42174879531 0.302524889028 0.613430907357 2.91177659678 0.333727769873 0.327317548586 0.285485717931 0.597381479672 0.300963709575 1.17340379547 1.69916209285 1.92776504388 0.638638052904 0.789529518661 0.172220151587 0.226541371693 0.230469038366 87.4457014461 87.9696640463 8.78589500607 8.4076914401 8.25036077465 0.352992544481 0.166361881124 1.11254456157 2.9966608414 1.69170445544 0.621742689653 2.62857881769 0.764404165217 0.584005745225 0.0901606213058 0.0341511696542 0.0411156257441 0.0523393728427 9.42112538219 10.9589123773 0.162025072395 0.129746997295 0.172091393707 3.76885604706 4.21519271828
-9999.0 -9999.0 -9999.0 -9999.0 -9999.0 -9999.0 -9999.0 -9999.0 -9999.0 -9999.0 -9999.0 0.174962503052 4.83618780439 5.94842855959 0.318572209358 3.55869712094 0.299924489886 0.275339284826 0.55960646692 1.4392803802 0.273711538315 0.295058340208 0.246208619734 2.41672335719 2.63314547422 3.69045991559 4.04902936966 4.21183319607 4.36102132475 4.56633468026 92.7367742793 101.789439556 110.468457555 110.598232678 0.148752522947 0.170935375253 3.38465023698 3.1920416184 0.19422872441 0.184773827077 2.80545835063 3.76791154885 0.148959145765 1.53576164317 1.44006710111 0.229889736747 0.118886388255 0.211107082827 0.153230635155 11.2090002943 0.128251570621 0.408966523852 0.496818523271 4.98009085553
-9999.0 -9999.0 -9999.0 -9999.0 -9999.0 -9999.0 -9999.0 -9999.0 -9999.0 -9999.0 -9999.0 0.419973010121 0.793456017275 6.30612744613 6.91886631314 0.322321294607 4.24997859509 0.234793869237 0.738600383824 1.68558604228 0.521266042914 0.24580754693 0.552371662744 0.216017074683 0.404888686798 0.191816743033 0.161098957669 0.103406011714 0.0828258418421 0.0630639758032 0.0524034578141 0.0888422151064 0.155936001348 0.178928256248 111.067499697 3.80614796967 3.56532074567 0.0859090335285 0.534269856586 0.145581034636 0.122489445689 3.93621550321 6.01024492435 1.73870103719 1.36226241447 0.141285605793 0.0548657462004 0.04456220125 0.148608214098 11.4894657658 11.7328339112 0.127809615875 0.129492923731 0.0918610867638
-9999.0 -9999.0 -9999.0 -9999.0 -9999.0 -9999.0 -9999.0 -9999.0 -9999.0 -9999.0 -9999.0 -9999.0 0.322380755455 4.87829166374 12.1184815071 13.0786518427 17.6530804396 18.0478293285 3.79297952113 2.71219679106 0.772428160498 0.240863359905 1.02845889059 1.27186531616 1.87397525453 0.395220905289 0.346971418935 0.293714886071 0.560051659932 0.242458987445 0.218057739528 0.111158714435 0.0393924559429 0.0438582404099 111.211543449 115.156083593 115.268793804 0.082484339141 1.34810578205 0.635092780226 0.189875953896 6.63214425715 0.450875286298 0.236163161059 0.975248740992 0.170585812794 0.122305898731 0.224139544331 0.319779187407 0.435401956616 11.9374551659 0.0907629777708 0.0772276293792 0.0751368430678
-9999.0 -9999.0 -9999.0 -9999.0 -9999.0 -9999.0 -9999.0 -9999.0 -9999.0 -9999.0 -9999.0 0.378291308101 3.74508614532 4.53309298928 0.686870650206 0.199558996228 0.419162401481 18.7468800261 19.0620311415 23.2107164608 0.212396919978 0.450527643205 0.191231598131 0.194403447723 2.0622442346 2.64506526261 3.15506367985 0.165670130268 0.724939340966 1.12884601535 0.637330829901 0.267306627149 0.146564190829 0.0912381297759 0.0896796166073 0.0448770435512 115.35908029 115.426409264 116.900010433 0.286888227796 0.161354052084 6.84149095479 0.472566403456 0.246646858166 0.28111591236 0.278841420729 0.237040853294 0.372639657441 1.06976083342 1.6295387874 13.6611523286 0.0650187877622 0.19723577615 0.132330116277
-9999.0 -9999.0 -9999.0 -9999.0 -9999.0 -9999.0 -9999.0 -9999.0 -9999.0 -9999.0 -9999.0 0.392270820196 2.68237388243 0.411383365006 0.3269435548 1.82372895189 2.10713350814 2.38691497871 2.63038721086 31.3889113061 31.5858102766 31.9895781202 35.2016066436 35.7394262937 36.0066663033 36.2021726342 39.6231301582 39.9767046074 40.1411865265 41.4489868367 42.2739774386 42.432690015 42.8212777928 0.237632702558 0.156455554467 0.0195701774749 0.0236997601627 115.503821905 117.349513926 0.385647478841 8.09372725446 7.93302322354 0.858689215311 0.201177721831 0.207257314444 0.196516774235 0.20408324906 0.410694615206 0.573419301969 0.153378743866 13.7529367211 13.8487694441 14.2593861674 14.3346539103
-9999.0 -9999.0 -9999.0 -9999.0 -9999.0 -9999.0 -9999.0 -9999.0 -9999.0 -9999.0 -9999.0 1.41681125148 1.86070356067 0.82488421584 1.20129978076 0.368212343439 4.23239118622 4.53422286924 5.1259788465 5.30668766254 1.87293383905 34.1982393917 34.3759664593 0.138963263023 0.071381595156 0.0520975790248 0.133203690896 0.0486827863064 0.0328159166738 0.0289371855994 0.0430546860748 42.5282397455 42.9381397608 43.3553428241 43.6625583841 43.7572266163 0.0329895477225 0.0106280147679 125.734594618 8.32654161716 8.26330812647 0.181589193825 0.184324413787 0.144234491665 0.346069623851 0.339601051379 0.153959966299 0.161537295098 0.147115077983 0.296919773882 0.389629636487 0.0586523909954 0.103320630731 0.0410913708154
-9999.0 -9999.0 -9999.0 -9999.0 -9999.0 -9999.0 -9999.0 -9999.0 -9999.0 -9999.0 -9999.0 -9999.0 0.958157841476 0.432287522167 0.367575614634 3.62416578131 3.94982468172 0.323084052831 1.22461769606 1.48554811644 1.68552710578 0.234739363886 0.140635460439 4.66229070292 4.76555214281 4.8553444625 12.6184595497 12.6665778139 12.7288330445 13.2239779779 13.4090309488 13.4339409875 0.0284435978294 0.0314468945277 0.0437555205373 43.8484781459 0.0285167471304 126.919799105 126.861903279 1.07947549388 0.999918762715 0.677731453353 0.163437338861 0.306335493652 0.503787439857 0.497740217847 0.294237769299 0.153494564029 0.297198301335 0.292776306855 0.514403254128 0.0801723973377 0.162981403917 0.274747533042
