data/baseflow/History/mHMbfrc589
ncols                  80
nrows                 72
xllcorner      4374000.0
yllcorner      5656000.0
cellsize            500
NODATA_value       -9999
[rows 0 to 23 of 72, columns 0 to 53 of 80]
-9999.0 -9999.0 -9999.0 -9999.0 -9999.0 -9999.0 -9999.0 -9999.0 -9999.0 -9999.0 -9999.0 -9999.0 0.863243163241 0.732914241138 -9999.0 -9999.0 -9999.0 -9999.0 -9999.0 -9999.0 -9999.0 -9999.0 -9999.0 -9999.0 -9999.0 -9999.0 -9999.0 -9999.0 -9999.0 -9999.0 -9999.0 -9999.0 -9999.0 -9999.0 -9999.0 -9999.0 -9999.0 -9999.0 -9999.0 -9999.0 -9999.0 -9999.0 -9999.0 -9999.0 -9999.0 -9999.0 -9999.0 -9999.0 -9999.0 -9999.0 -9999.0 -9999.0 -9999.0 -9999.0
-9999.0 -9999.0 -9999.0 -9999.0 -9999.0 -9999.0 -9999.0 -9999.0 -9999.0 -9999.0 -9999.0 -9999.0 1.73156081627 3.7000240679 0.585635770733 -9999.0 0.585626055689 -9999.0 -9999.0 -9999.0 -9999.0 -9999.0 -9999.0 -9999.0 -9999.0 -9999.0 -9999.0 -9999.0 -9999.0 -9999.0 -9999.0 -9999.0 -9999.0 -9999.0 -9999.0 -9999.0 -9999.0 -9999.0 -9999.0 -9999.0 -9999.0 -9999.0 -9999.0 -9999.0 -9999.0 -9999.0 -9999.0 -9999.0 -9999.0 -9999.0 -9999.0 -9999.0 -9999.0 -9999.0
-9999.0 -9999.0 -9999.0 -9999.0 -9999.0 -9999.0 -9999.0 -9999.0 -9999.0 -9999.0 0.835844611777 0.794617249122 0.832613078466 0.819093769816 5.24395431125 5.78870973998 1.59757418071 0.508922311469 -9999.0 -9999.0 -9999.0 -9999.0 -9999.0 -9999.0 -9999.0 -9999.0 -9999.0 -9999.0 -9999.0 -9999.0 -9999.0 -9999.0 -9999.0 -9999.0 -9999.0 -9999.0 -9999.0 -9999.0 -9999.0 -9999.0 -9999.0 -9999.0 -9999.0 -9999.0 -9999.0 -9999.0 -9999.0 -9999.0 -9999.0 -9999.0 -9999.0 -9999.0 -9999.0 -9999.0
-9999.0 -9999.0 -9999.0 -9999.0 -9999.0 -9999.0 -9999.0 -9999.0 -9999.0 0.79768941239 1.63719615739 3.24737698774 1.61263491018 0.786263468608 1.557251543 6.53379141666 9.2053803183 0.542250401856 -9999.0 0.811002590023 -9999.0 -9999.0 -9999.0 -9999.0 1.09271931407 0.563121274061 -9999.0 -9999.0 -9999.0 -9999.0 -9999.0 -9999.0 -9999.0 -9999.0 -9999.0 -9999.0 -9999.0 -9999.0 -9999.0 -9999.0 -9999.0 -9999.0 -9999.0 -9999.0 -9999.0 -9999.0 -9999.0 -9999.0 -9999.0 -9999.0 -9999.0 -9999.0 -9999.0 -9999.0
-9999.0 -9999.0 -9999.0 -9999.0 -9999.0 -9999.0 -9999.0 -9999.0 0.894860945041 2.53428889286 3.30988737597 4.09845726196 5.63408746108 0.757306313112 3.0458948898 3.77233008371 14.0124141927 0.525606255235 0.618263024844 1.53496960495 2.23467347443 0.724790352703 -9999.0 2.70428720508 2.22034848464 0.575376529054 -9999.0 -9999.0 -9999.0 -9999.0 -9999.0 -9999.0 -9999.0 -9999.0 -9999.0 -9999.0 -9999.0 -9999.0 -9999.0 -9999.0 -9999.0 -9999.0 -9999.0 -9999.0 -9999.0 -9999.0 -9999.0 -9999.0 -9999.0 -9999.0 -9999.0 -9999.0 -9999.0 -9999.0
-9999.0 -9999.0 -9999.0 -9999.0 -9999.0 -9999.0 0.894472957066 0.820276325193 0.797996769265 0.809440163708 0.814491022582 5.74482977777 12.1766569204 12.9644438047 13.7041315507 0.76204829548 15.426510091 16.0890047677 1.37406395067 0.718799522984 2.92393816798 5.04275330272 0.644668033144 4.55519156063 0.671776657068 0.616879553338 0.702621623653 -9999.0 -9999.0 -9999.0 -9999.0 -9999.0 -9999.0 -9999.0 -9999.0 -9999.0 -9999.0 -9999.0 -9999.0 -9999.0 -9999.0 -9999.0 -9999.0 -9999.0 -9999.0 -9999.0 -9999.0 -9999.0 -9999.0 -9999.0 -9999.0 -9999.0 -9999.0 -9999.0
-9999.0 -9999.0 -9999.0 -9999.0 -9999.0 -9999.0 1.80469312165 2.66945426923 6.03586684472 8.41412947807 0.750080602151 0.78628207813 0.749043362013 2.27107512225 16.6408366635 0.667189951687 16.8964803349 19.8665591146 2.23528823051 1.34652287214 5.68143794446 0.681338893188 5.23887256241 1.27638146574 0.615821803906 1.2072876349 1.38364009259 0.750036626207 0.788500809065 0.773987019978 0.804760438261 1.61069588262 -9999.0 -9999.0 -9999.0 -9999.0 -9999.0 -9999.0 -9999.0 -9999.0 -9999.0 -9999.0 -9999.0 -9999.0 -9999.0 -9999.0 -9999.0 -9999.0 -9999.0 -9999.0 -9999.0 -9999.0 -9999.0 -9999.0
-9999.0 -9999.0 -9999.0 -9999.0 -9999.0 0.978974935873 1.8991754979 0.914793790887 1.7665882338 9.27522181042 10.8455851385 12.4208860392 40.461947497 0.812164082337 17.3389024722 63.6867645158 64.3338678582 85.3354330782 0.72504995948 2.00459869944 6.32258043645 0.6364078514 12.4433386844 6.53591167346 3.91502094305 3.26260782682 0.669453568563 2.22373553212 2.31479656095 1.54245117987 0.747223959345 2.37690817323 0.733215986961 0.723205961983 -9999.0 -9999.0 -9999.0 -9999.0 -9999.0 -9999.0 -9999.0 -9999.0 -9999.0 -9999.0 -9999.0 -9999.0 -9999.0 -9999.0 -9999.0 -9999.0 -9999.0 -9999.0 -9999.0 -9999.0
-9999.0 -9999.0 -9999.0 -9999.0 -9999.0 0.992500010408 2.90218695488 5.74427127112 6.63005852264 13.1389336331 13.9725457225 16.5592874518 27.2711008302 42.8646517205 44.3340335521 45.0261228135 1.29313556492 87.7613924097 89.1190273647 92.3890570642 113.921104187 14.4309643007 13.1197018694 4.58293572338 0.667066435885 4.09292570272 2.81871114699 0.576533246023 2.9933627767 0.790492005687 1.54505500102 3.8744359128 4.5769737435 1.41685787754 0.673930292921 0.682900440496 -9999.0 -9999.0 -9999.0 -9999.0 0.510090007163 0.470107834959 -9999.0 -9999.0 -9999.0 -9999.0 -9999.0 -9999.0 -9999.0 -9999.0 -9999.0 -9999.0 -9999.0 -9999.0
-9999.0 -9999.0 -9999.0 -9999.0 -9999.0 0.971764421366 0.932460485922 3.82662763998 4.72298890573 5.64248877032 0.875868484982 1.73802132689 10.0888482976 1.93020462323 0.806689786697 0.739228449576 0.64933653401 0.821511015187 0.816521500807 0.704524514632 114.744504133 116.633452342 0.631390212266 1.95230563258 1.32911160987 4.71531067803 1.1739477715 0.554185038224 3.66418446069 1.46217923729 3.50208927078 7.91776949998 7.33013543614 2.05792198705 1.96256094885 0.698926259328 0.693073301469 -9999.0 -9999.0 0.702330822525 1.06398530517 2.51399180197 0.492999675787 -9999.0 -9999.0 -9999.0 -9999.0 -9999.0 -9999.0 -9999.0 -9999.0 -9999.0 -9999.0 -9999.0
-9999.0 -9999.0 -9999.0 -9999.0 -9999.0 -9999.0 0.997898672128 0.986433490005 1.92053753924 2.85803995182 6.52305157862 8.32164449558 9.29175728875 1.11420109095 0.758492704548 9.92282728906 12.1052283799 12.7953151162 15.678563691 16.3406070777 0.645506097742 117.280521299 120.533548379 2.61993255275 0.689755770199 5.33748909302 11.7644103428 4.74852345846 1.20180750031 0.62048122678 12.6350104083 8.54811772478 0.580065200549 0.605234964017 2.57864381301 2.0446126732 0.6030755963 0.559103928344 0.673449607848 1.36421872401 0.648982749381 3.04296010811 3.60182465763 0.50320809932 -9999.0 -9999.0 -9999.0 -9999.0 0.558556479249 0.526724166698 0.170839571412 -9999.0 -9999.0 -9999.0
-9999.0 -9999.0 -9999.0 -9999.0 -9999.0 -9999.0 -9999.0 0.97977076315 0.921232780361 1.8681871587 2.79251438342 0.905941391004 0.921303397707 5.27264719367 6.83044217026 8.43662145947 0.74629241909 1.50952303001 0.729331483017 17.023977896 37.2503517815 37.7282842404 159.389766842 0.629398182955 1.99362324601 0.645770270617 12.3201422093 0.584306324456 1.82873039051 0.60308819779 13.2080216761 13.7905570967 1.17686436358 1.2065453236 6.54299981244 3.30635522348 1.19461453223 0.629149264905 1.34383299956 2.02720455182 3.25486789018 0.540746626314 4.50593719262 4.86283111771 0.318310590483 0.34528660642 0.361012669424 0.322597045399 0.303415083189 1.47565755859 0.625171390912 0.383470890455 -9999.0 -9999.0
-9999.0 -9999.0 -9999.0 -9999.0 -9999.0 -9999.0 -9999.0 -9999.0 1.91174478539 2.82162176319 0.909298258429 1.83863122917 2.69272389742 4.49939372931 0.858000588769 0.837634106655 0.743929814887 0.749959531306 0.679603724292 18.8493753451 0.749964537428 1.47196963406 161.335916228 162.164582568 0.288354809709 2.58549190426 15.3477270551 1.15875770313 2.35350907424 1.0473505215 1.56846162646 15.9959720917 1.70680098038 9.48703556636 7.78039782571 0.68572580309 3.06731895885 1.25324006583 1.95810242708 0.609624404643 3.7937833282 4.74169717565 5.04477500156 5.33048446271 6.05558880702 0.604447236612 0.639117507728 0.578785306206 0.539780912898 1.78527464035 0.369245044924 1.38690366824 1.73203216003 -9999.0
-9999.0 -9999.0 -9999.0 -9999.0 -9999.0 -9999.0 -9999.0 -9999.0 0.964966343013 4.72929224295 5.62186126734 0.894199089008 1.74569609606 0.850825170289 0.798739689671 0.788884295348 9.72956502829 12.7909164835 15.5617111364 18.3285640675 0.636227002181 0.733692858229 0.478045266643 164.697330148 165.567907474 165.84392204 20.1640507972 4.489117232 4.0045776705 0.452104509231 2.02384275109 18.4914722067 0.467129050285 9.96864181622 0.59104482392 4.08660983248 3.69963176011 0.616527273434 2.57087251863 1.21906131987 1.8140536645 0.41450790758 0.282524838127 5.6122271229 5.86898044561 6.31170233541 0.914967278429 0.840564456107 0.79403476809 2.18394648241 2.93138014667 0.373253362251 2.12678220047 0.452317600528
-9999.0 -9999.0 -9999.0 -9999.0 -9999.0 -9999.0 -9999.0 -9999.0 -9999.0 0.968863029834 6.54543748052 7.43197803886 2.60671737881 4.29892277346 5.88800387643 6.68006379102 0.799538959979 2.32581806335 1.54679226764 0.811348700695 0.795576192276 0.728506401439 1.36409815435 1.98560224976 0.427616101675 186.734901434 187.007034891 0.272182854305 0.305675485197 0.974734597418 1.47130392307 19.9145872372 0.943107407184 10.372262339 6.20242198672 5.13542896634 0.575034024138 1.18056767459 3.12209484181 0.551036344103 2.34892005049 0.915327146715 0.526999911283 0.289052740238 6.70308115554 13.2241647289 1.10579188959 1.03616591746 1.07371452666 0.306352421199 3.22975866524 0.291787581661 2.82724346457 0.38620282303
-9999.0 -9999.0 -9999.0 -9999.0 -9999.0 -9999.0 -9999.0 -9999.0 -9999.0 -9999.0 0.873539727555 9.21981904403 0.864222080025 1.73853291563 2.51002002999 3.99208355016 0.728543064524 1.51681557669 0.73936747793 0.693904345362 0.662315868418 1.30308207261 0.564018413503 0.474356347731 0.799031806253 0.373656245848 187.307992448 187.846785296 188.732990975 1.90641742389 0.514303039457 1.02684407811 20.4424453972 18.9800439023 7.29816869532 0.543145693966 2.31336765357 1.74436961429 3.67431959595 1.10102954462 4.3291690218 1.4361306582 0.914142279209 0.308852351374 0.310272355419 13.5103975393 13.7608889201 16.1163384467 2.06861413555 0.646438825908 3.5519475712 4.15992082528 7.27523485063 0.744079349232
-9999.0 -9999.0 -9999.0 -9999.0 -9999.0 -9999.0 -9999.0 -9999.0 -9999.0 -9999.0 -9999.0 0.588860494756 10.5274767873 0.844108183066 1.61026738768 7.06595470359 0.728402582691 0.720529861772 0.686426864794 1.4289979147 0.740458854372 2.76706981074 3.93168328515 4.45380370425 1.19106078146 1.42700872643 0.257430809482 0.3529288447 0.34515181374 191.430819985 192.815886048 20.8430575688 19.813273893 19.4045572514 0.844071187278 0.415237615486 2.82131376668 7.51871348063 4.19029092718 1.61238118417 6.4207808359 2.51156257522 2.05799668896 0.665862007135 0.259084058181 0.213948518611 0.213101267719 17.2407443151 20.1830050809 0.325792519605 0.288828474541 0.341875023525 7.61114580562 8.68083629394
-9999.0 -9999.0 -9999.0 -9999.0 -9999.0 -9999.0 -9999.0 -9999.0 -9999.0 -9999.0 -9999.0 0.502673166598 11.6687336534 14.2182851014 0.774825144985 8.5898703913 0.678611876263 0.672022101272 1.42217651403 3.59581792589 0.724924816772 0.750391160096 0.591506028183 5.59093002329 6.14431109057 8.18287457418 8.85361779426 9.19890163657 9.46631131143 9.71813153373 202.797035172 224.187158001 244.483294836 244.692185728 0.274878366979 0.43079169723 8.5374796521 8.03034637945 0.510055361031 0.557375478209 7.08239010698 10.0716263966 0.426429223452 5.18358003416 4.72768359163 1.34306168152 0.537497491486 0.881913372843 0.295986819557 20.6489100199 0.228181025971 0.850560831645 1.03213447531 10.5095578569
-9999.0 -9999.0 -9999.0 -9999.0 -9999.0 -9999.0 -9999.0 -9999.0 -9999.0 -9999.0 -9999.0 0.922499478246 1.76125917689 15.0418345128 16.5371019799 0.740941747824 9.79094434913 0.586634856829 1.87202428973 4.25954303416 1.40697205133 0.679743158234 1.33684343633 0.497502327172 1.02203323702 0.554762096916 0.535609301196 0.546357362676 0.534337577918 0.406023914892 0.300330326899 0.299065533951 0.307633504223 0.30962332092 245.488493273 9.77115095386 8.92349843587 0.189349073918 1.46342594378 0.369300877593 0.356775783764 10.507941003 17.0292283987 5.6524410921 4.09205825194 0.834551009212 0.308818293852 0.282005997739 0.522724629036 21.4128339656 21.8304715856 0.218639971599 0.220301511889 0.24207835744
-9999.0 -9999.0 -9999.0 -9999.0 -9999.0 -9999.0 -9999.0 -9999.0 -9999.0 -9999.0 -9999.0 -9999.0 0.815624213189 10.7704458861 28.0923948434 30.4754509024 40.9121093322 41.4290012731 9.39615866906 7.04668538201 2.09589235473 0.672713168249 2.64480050825 3.25776814685 4.84256578529 1.12802206559 1.07035718572 1.08829949226 2.14554077583 0.921983802307 0.806395827203 0.527635524799 0.448215292421 0.288429232925 245.696313134 255.744045445 256.046608015 0.180122933831 3.51635570043 1.66997097349 0.4808995888 18.4601742157 1.00572177242 0.518599481835 2.24900809827 0.532146256143 0.320092781265 0.577238946454 0.789198647163 1.02031610496 22.1914760069 0.169548429773 0.147884482445 0.148009797206
-9999.0 -9999.0 -9999.0 -9999.0 -9999.0 -9999.0 -9999.0 -9999.0 -9999.0 -9999.0 -9999.0 0.876173045034 8.21919910605 9.94591312485 1.59893064541 0.596643512968 1.29298969505 43.4191707183 43.931831447 53.8461224818 0.612768649011 1.28110288037 0.564192742758 0.569979744308 5.39092235987 7.0660063113 8.69195203204 0.4959171487 2.62964974191 4.02914107587 2.24561074068 0.987090128186 0.887409899974 0.759218617476 0.684067583239 0.200959906502 256.21312799 256.347220832 260.116575317 0.743088792155 0.414485915887 18.7834256732 1.11014070054 0.560342745494 0.597827967881 0.593598391738 0.514338734998 0.851294854922 2.35753324029 3.61754359784 25.9831557558 0.130900255439 0.391871086838 0.264557272597
-9999.0 -9999.0 -9999.0 -9999.0 -9999.0 -9999.0 -9999.0 -9999.0 -9999.0 -9999.0 -9999.0 0.893594165946 5.66868319268 0.881650292615 0.788329483675 4.08083216544 4.78419696703 5.48718070001 6.15195481777 72.9871197999 73.7140814013 75.0962502588 83.9464695932 85.5791042758 86.5038370528 87.0475914644 96.9425563648 98.4495250844 98.9529643871 103.52989761 106.283104077 106.74028683 108.584666808 1.19434967711 1.13939656624 0.225584500644 0.139954813616 256.486512751 261.201013169 0.964279125139 21.4827466875 21.1276468817 2.01184975896 0.478303135327 0.484878187879 0.474491259662 0.46781135811 0.928071069742 1.26480675921 0.295639307922 26.1467464276 26.3190855115 27.1231694122 27.2642071216
-9999.0 -9999.0 -9999.0 -9999.0 -9999.0 -9999.0 -9999.0 -9999.0 -9999.0 -9999.0 -9999.0 2.91258059721 3.85374361512 1.79906592424 2.64383376828 0.834534438472 9.38954425524 10.1106245858 11.5350810665 12.2773108443 4.78798616704 80.9306992927 81.4744561504 0.482139461137 0.368104064294 0.38182361752 0.782313612002 0.44359338796 0.423022107726 0.448015956778 0.428261885144 107.268795296 109.078618702 110.668097318 112.148374537 112.7867594 0.263426641753 0.0838565347268 283.334414625 22.0097194838 21.8504311063 0.435775185043 0.380258887281 0.312477542899 0.805456600288 0.795758445353 0.391236125777 0.396221589135 0.357003684094 0.651065494289 0.836176411091 0.218725355945 0.360429760587 0.103394245768
-9999.0 -9999.0 -9999.0 -9999.0 -9999.0 -9999.0 -9999.0 -9999.0 -9999.0 -9999.0 -9999.0 -9999.0 1.96778411735 0.927250844346 0.858231923088 7.9509554057 8.67886788966 0.748589466059 2.90038974854 3.60367091953 4.25010604209 0.720432063585 0.422066032772 12.0420201833 12.3785719706 12.7169604062 32.500646909 32.8171614946 33.5440471715 36.7055951489 38.7715176993 39.123297546 0.460845352387 0.474379182629 0.387855542891 113.022480727 0.0989842131549 286.576238185 286.380014395 2.93602407356 2.74237166251 1.63073362724 0.409367061852 0.649170439342 1.13934083092 1.11904444609 0.745411836128 0.383815023184 0.733805512581 0.724983829931 1.15156188819 0.224916603901 0.552211880083 0.815319793645
