data/baseflow/History/mHMbfrc359
ncols                  80
nrows                 72
xllcorner      4374000.0
yllcorner      5656000.0
cellsize            500
NODATA_value       -9999
[rows 24 to 47 of 72, columns 0 to 54 of 80]
-9999.0 -9999.0 -9999.0 -9999.0 -9999.0 -9999.0 -9999.0 -9999.0 -9999.0 -9999.0 -9999.0 -9999.0 1.30288539278 3.68502709342 4.81877697211 8.27105153345 1.00968524473 2.04436349965 2.99830878318 11.6493967012 12.459302924 13.17635975 13.9554780503 14.7820533275 22.5803404828 24.9639055221 26.2980869998 0.600388868886 3.08863940879 3.66505700049 50.7624227326 52.9461929871 53.9644381872 54.9897423556 55.8082478288 199.196507893 0.166289321057 382.896616323 0.707570222716 0.350612280665 3.01805028888 2.56406937808 0.399731644472 1.36473066809 2.09621261172 2.05634532208 1.42672884942 2.32868046678 3.66494016242 1.34459438825 3.39066978009 0.316982313749 0.55893637192 0.117460750157 0.0925431732093
-9999.0 -9999.0 -9999.0 -9999.0 -9999.0 -9999.0 -9999.0 -9999.0 -9999.0 -9999.0 -9999.0 -9999.0 1.24171750065 2.46170195677 1.15288340469 2.31320373402 1.01355305056 7.81534096036 9.75098955765 10.7349530925 0.887330706421 1.72556558599 17.0580538756 21.1500698381 21.8943257203 1.64406728777 1.42434725658 2.08387849506 0.509698599155 0.461854418157 0.857207484582 0.344785559944 25.5657099844 25.9283054967 26.1697448786 199.532021942 385.319082676 383.223933994 0.526400010411 0.25143501043 0.222220383472 0.909775386889 0.708164286408 1.7522005009 2.49059666178 4.9754496938 0.430685672172 0.42617848614 4.04855100113 4.45425877609 8.54790481247 8.78241031992 9.46428067036 9.68108731351 0.190683164444
-9999.0 -9999.0 -9999.0 -9999.0 -9999.0 -9999.0 -9999.0 -9999.0 -9999.0 -9999.0 -9999.0 -9999.0 -9999.0 1.20799485131 2.39508375166 3.58245938503 5.70526991237 1.10831372671 1.00467614547 6.89538272207 7.79856288449 15.4242100437 16.3491491117 2.58862697674 0.865148133524 0.807304192489 0.712587944113 22.9825233383 23.5024734213 24.034111163 24.4714164028 25.2203846837 4.37564239283 4.66346795732 31.0484776198 616.06974116 1.77164622171 1.45332323192 0.7863625355 0.201224901362 0.180911070829 1.34908893807 1.48618796954 2.11356789707 0.184494284587 5.21253273055 0.735154663143 0.720371719076 0.170788805392 0.109492262454 0.0955839112944 0.0819899954503 0.102342736265 9.84036701717 142.799311493
-9999.0 -9999.0 -9999.0 -9999.0 -9999.0 -9999.0 -9999.0 -9999.0 -9999.0 -9999.0 -9999.0 -9999.0 -9999.0 -9999.0 1.15369192612 2.13941224532 3.00619799195 3.89218237289 4.89535487094 5.92659283298 2.99792920042 4.96519991332 0.90468070329 0.863843126025 19.1165646621 20.7848230699 21.5414043778 22.3702841316 0.604836900702 1.10074568123 2.93351836367 3.52654698231 4.00296589666 0.371900588107 0.222695663889 616.847934267 0.310178846431 0.394160621778 0.18891613156 0.806088014825 0.392209449983 0.171616453432 3.77823573551 3.90244867072 0.0946076419288 5.31780045871 6.15522864469 0.847533959091 148.516248655 148.255511047 148.038452136 147.611836347 147.462353028 143.687124658 143.561995515
-9999.0 -9999.0 -9999.0 -9999.0 -9999.0 -9999.0 -9999.0 -9999.0 -9999.0 -9999.0 -9999.0 -9999.0 -9999.0 -9999.0 0.220038064683 0.506110917853 0.866717874019 7.80608054566 8.85348051867 1.0584055594 1.01448143468 0.995992166211 15.5675849413 17.4513235864 0.902636687404 0.917504518326 0.731185621639 3.01692904718 3.74312623081 1.86304602742 2.43772547494 17.8278288382 18.3658006169 19.1946981239 30.2146808571 647.260437942 0.284797521566 0.151878878898 1.22237481304 1.02053072684 0.150378535306 0.480966365834 0.62115321132 4.05805814431 4.176177045 10.6288375971 6.25937278331 0.996011092306 151.381335155 1.19010330329 147.842616139 147.735368739 3.61379948923 0.200841210928 0.620902692994
-9999.0 -9999.0 -9999.0 -9999.0 -9999.0 -9999.0 -9999.0 -9999.0 -9999.0 -9999.0 -9999.0 -9999.0 -9999.0 -9999.0 1.12948562948 1.84731296785 3.88050370478 6.77824459444 9.64490444902 11.7066714482 12.7074501255 13.7237501067 14.6890160681 0.926496814762 0.837779498013 1.64573437923 1.51063103796 0.789842725852 15.5042128328 16.208368321 16.8501234147 17.4802340587 9.87779455904 10.3388912088 10.7702003395 647.430843845 0.504148337705 0.367066345233 1.74287780984 0.202022260887 0.274570367799 0.14313674553 0.12788953744 0.743999098007 0.0898387030085 0.0970781163823 162.629280358 151.934750153 151.838423006 0.513163952091 1.09266836816 0.712642929241 0.165236797801 3.29394191622 0.918884878416
-9999.0 -9999.0 -9999.0 -9999.0 -9999.0 -9999.0 -9999.0 -9999.0 -9999.0 -9999.0 -9999.0 -9999.0 -9999.0 -9999.0 0.788974219577 0.735063374699 1.43348878367 2.18467795631 1.06581793494 1.15928037992 2.20582649022 3.23351020652 5.16849244966 6.124800068 6.97361496252 9.49457180855 10.2575763453 11.0948750152 0.728560428661 7.56054282535 8.19288808092 8.81521656965 0.549899267607 0.410696585896 0.642790020924 659.042292116 659.202443255 659.999830112 2.30408243623 0.406731340734 0.437258478631 0.116795988147 0.225831464059 0.845901808372 1.01961412151 0.174853414934 163.089485927 0.151619417676 0.281632286056 0.322700716595 0.223109578394 0.438007810513 0.176883581439 2.20443179158 1.78830752173
-9999.0 -9999.0 -9999.0 -9999.0 -9999.0 -9999.0 -9999.0 -9999.0 -9999.0 -9999.0 -9999.0 -9999.0 -9999.0 -9999.0 -9999.0 0.699598957873 1.38146531343 0.677222866204 1.40216159544 8.88832966231 9.81632826502 10.8184534505 0.960163898243 0.960586912515 1.8094915836 2.66981997748 4.17109761414 4.94254354374 5.42635387015 6.12757659498 0.576555661525 0.553028115813 9.99496733113 10.3704741391 10.5839948559 10.788313753 8.90058874678 669.753127495 673.289993941 673.45260815 674.026441585 674.727070405 675.022614969 0.0795251460079 1.09913352707 163.159733709 0.180437251887 0.093504624603 0.106472003239 0.106101544955 0.187442572997 0.207103589492 0.128899074005 0.220398410528 0.222654900643
-9999.0 -9999.0 -9999.0 -9999.0 -9999.0 -9999.0 -9999.0 -9999.0 -9999.0 -9999.0 -9999.0 -9999.0 -9999.0 -9999.0 -9999.0 -9999.0 2.05560116927 2.79392939367 4.96572497476 6.68867379941 0.939864317863 12.8580458498 13.8094277068 14.7311776646 0.89051112664 1.7475667691 0.750597502184 5.82715797488 6.28483006242 6.97153860092 7.60438457463 9.22103787861 9.52273705258 0.191148351301 8.11121068109 8.52366807877 8.71497001829 9.58194118366 1.06945370862 0.66586101582 0.413117115657 0.395917149009 675.375847175 675.493555585 677.378257686 163.22235245 0.530111016294 0.290419614021 0.189389322201 0.0631490806281 0.632988154117 0.357511527784 0.114203926421 0.696508149362 0.605635715426
-9999.0 -9999.0 -9999.0 -9999.0 -9999.0 -9999.0 -9999.0 -9999.0 -9999.0 -9999.0 -9999.0 -9999.0 -9999.0 -9999.0 -9999.0 -9999.0 0.754865787673 3.52059882325 4.28068978102 1.0025746997 1.04413943314 2.11874699168 3.10117447912 18.770610173 0.880450272008 3.54054678845 4.32090201624 5.1005977421 0.471353078911 1.11536023498 1.54558867941 6.50825739151 7.31283507294 7.50810549543 0.216116125839 0.209576061979 0.258728751165 0.481739788497 0.211846398856 0.218483304363 0.330799889945 0.295095868469 0.33504059921 0.718270614212 677.525211745 841.086300045 0.657336698903 0.161572082634 0.0610190897524 2.16559475614 2.02384623073 1.27726940868 1.16178717037 0.880963937031 0.230232979839
-9999.0 -9999.0 -9999.0 -9999.0 -9999.0 -9999.0 -9999.0 -9999.0 -9999.0 -9999.0 -9999.0 -9999.0 -9999.0 -9999.0 -9999.0 0.638627712167 2.09274993221 0.696845135075 1.13536901224 1.16280184539 2.22877834947 3.26698428922 4.15866806655 23.6454003142 24.4977319214 0.877531187579 1.66783697891 2.46518577398 3.0679317085 3.73689249217 5.83048222119 6.2644733177 0.540382212112 0.398541236296 0.336130494118 0.34437306652 0.335417034426 0.34879910823 0.296875323066 0.41003750571 1.07046151455 0.496042998489 0.132860158589 0.125270965664 0.130587461533 0.237793758941 848.22287515 6.3246046815 2.51418251312 0.186379173236 0.0821841015919 0.0647119233792 0.267791025117 0.192915504805 0.104302952494
-9999.0 -9999.0 -9999.0 -9999.0 -9999.0 -9999.0 -9999.0 -9999.0 -9999.0 -9999.0 -9999.0 -9999.0 -9999.0 -9999.0 0.677935048667 1.2967999609 4.71335110953 0.672449949824 2.10855892945 3.2496562312 4.30967772822 1.08409633104 2.03163319144 2.87807278992 28.0438767355 0.829845706381 1.56729920154 2.31851449695 0.68693758256 1.36380353561 1.88316066784 2.30022778932 53.6002591499 54.3273903968 54.9424907143 57.6937484116 58.7434089757 60.811330639 0.415342638398 1.03489782514 1.30136988087 66.3649266783 66.6108045118 0.111244983162 0.195296568064 0.274362245695 848.328645139 5.98752862473 3.23655520703 3.13548916926 2.22273168995 1.8241866997 0.352601476875 0.0804325937349 0.168572843113
-9999.0 -9999.0 -9999.0 -9999.0 -9999.0 -9999.0 -9999.0 -9999.0 -9999.0 -9999.0 -9999.0 -9999.0 -9999.0 -9999.0 0.68067057056 2.07075193607 7.46155165678 11.0152942542 0.603020501942 14.5184970712 19.5503257483 1.02732183915 1.97027325034 2.86046150057 36.1259377239 36.8161361272 0.681822653572 3.70661056805 4.33152485918 4.91661531506 48.6209276551 50.1408053481 50.9150446116 0.359316416552 2.00517162154 2.37873367249 0.987703017189 1.41660638005 62.7294981901 64.3373545478 64.6481069195 64.9343098053 66.8756917146 0.128143280764 0.107989992654 0.461546129888 848.4226777 0.138471501458 0.274852834857 0.83162459963 0.325126982177 1.68744685334 1.20940100791 0.72632662933 0.535352363604
-9999.0 -9999.0 -9999.0 -9999.0 -9999.0 -9999.0 -9999.0 -9999.0 -9999.0 -9999.0 -9999.0 -9999.0 -9999.0 -9999.0 -9999.0 -9999.0 1.45013681441 2.91665328172 13.0754015562 13.8175913037 20.198226769 20.928966009 0.998359505566 1.99432946737 4.63483408347 37.4347151696 38.8709734006 39.4394054865 0.443968379621 41.5760289754 43.1759888894 0.979807374605 0.364940598516 0.70151219018 1.36169497468 0.32162196628 0.629931496154 1.34852436939 1.67186420614 0.315141586407 0.190770161382 0.369614989159 68.3994620801 68.9070336186 68.9928439236 69.7411679704 848.500184822 0.0821891392667 0.178267820908 0.229113297929 0.222901801936 0.23027317387 0.195234325849 0.35944243706 0.0634473140005
-9999.0 -9999.0 -9999.0 -9999.0 -9999.0 -9999.0 -9999.0 -9999.0 -9999.0 -9999.0 -9999.0 -9999.0 -9999.0 -9999.0 -9999.0 -9999.0 0.760992341044 0.745267191227 0.739763489755 1.52134036748 0.663524910984 22.2463005616 22.9116225956 0.909052920557 1.81369162923 0.910868549435 0.724397464111 0.699063140919 40.6855828338 0.552462010043 1.12801586815 0.50397287887 0.384811437955 0.340173471148 0.248215741936 0.261482135709 0.798417219497 1.10159580447 0.197977407863 0.169168683444 0.371687117895 0.635556933606 0.878299652115 0.274777938757 69.1795540972 69.8347667339 848.545560422 0.611801072444 0.449269994494 0.131323309662 0.328265568904 0.107881596937 0.0837956801616 0.450960026941 0.343326548756
-9999.0 -9999.0 -9999.0 -9999.0 -9999.0 -9999.0 -9999.0 -9999.0 -9999.0 -9999.0 -9999.0 -9999.0 -9999.0 -9999.0 -9999.0 -9999.0 -9999.0 -9999.0 0.735279633781 2.19925813096 2.79837553259 3.43961844661 23.5338095937 24.1564899378 24.7868123249 25.5520693038 26.2288104832 27.6334723294 28.1370412629 28.6628671361 29.0630286063 0.326997079016 0.29803035079 0.324146964837 1.11324484189 0.30010352333 0.279088818205 0.205103325719 0.589490862882 0.240607194341 0.173889894933 0.158570903418 0.137149833659 0.273534292788 0.388359405978 70.6180847126 919.828606754 0.0739968395503 0.153733783908 0.107629091627 0.440707538992 0.226408633295 0.168458903309 1.05701021517 0.561639933619
-9999.0 -9999.0 -9999.0 -9999.0 -9999.0 -9999.0 -9999.0 -9999.0 -9999.0 -9999.0 -9999.0 -9999.0 -9999.0 -9999.0 -9999.0 -9999.0 -9999.0 -9999.0 -9999.0 0.621331431331 4.90104873889 9.67740739601 10.3595813757 0.94511877422 1.86056032235 2.77483675836 3.53271589403 8.5696125219 8.94599280086 0.358656220116 0.350182951582 29.7373213949 30.3213898092 30.5916218673 1.31269766365 0.180114933222 0.476763362112 0.693773284442 2.04323432695 2.49548532737 2.82988549758 0.300973631023 0.417068503107 0.141730999865 0.28042646526 0.145001234948 920.062012047 0.0623776276701 0.275614599506 0.181052478948 0.677963340243 1.21795763301 1.42602089403 2.52409994523 0.744934387521
-9999.0 -9999.0 -9999.0 -9999.0 -9999.0 -9999.0 -9999.0 -9999.0 -9999.0 -9999.0 -9999.0 -9999.0 -9999.0 -9999.0 -9999.0 -9999.0 -9999.0 -9999.0 0.688419397568 2.19316182642 4.29428313107 5.60582894891 14.4100879714 15.2169100031 1.90643521565 2.82482213298 3.60007070524 4.37811934863 9.40636836723 10.1677525683 18.2898176446 18.9551741493 19.2877780053 30.8745107697 32.8844820412 0.464979492315 0.323703326557 0.305132168556 0.574564032783 0.252489924256 3.30496814828 3.46498198544 0.549312368556 0.739961669565 0.157207807276 215.988047723 216.292748937 1136.48926848 1136.84529118 0.0697124011082 0.835624487042 0.100745144461 0.0873323208775 2.70828585218 3.52299499366
-9999.0 -9999.0 -9999.0 -9999.0 -9999.0 -9999.0 -9999.0 -9999.0 -9999.0 -9999.0 -9999.0 -9999.0 -9999.0 -9999.0 -9999.0 -9999.0 -9999.0 -9999.0 -9999.0 0.786058758326 0.764401971096 1.45083388203 3.43591842439 15.8609188071 0.979754661288 0.967579541036 1.74660030126 2.54085700423 6.30739896412 6.93215119512 0.480464344605 0.445854159359 19.7321033623 20.0502004284 53.2403654779 53.5150461664 0.155380536047 0.13096671648 0.103137241636 0.104361258077 0.118025663946 212.639526434 213.737699718 214.706262083 215.082083316 215.81439113 0.174390002257 0.637871230865 0.757628784202 1137.81902496 1137.8476785 1137.97467703 1138.12943136 1138.25920846 3.66577632352
-9999.0 -9999.0 -9999.0 -9999.0 -9999.0 -9999.0 -9999.0 -9999.0 -9999.0 -9999.0 -9999.0 -9999.0 -9999.0 -9999.0 -9999.0 -9999.0 -9999.0 -9999.0 -9999.0 -9999.0 0.70544957359 0.736309104202 1.36258197498 18.5387888088 19.2353072536 0.951977444311 1.72705634131 2.5373199116 3.20556315897 0.606758321925 1.09877740196 44.7735970325 45.1235456373 45.4926607204 48.2859170502 102.140769012 205.969358735 206.361824577 206.706013141 207.029585679 208.523143927 209.015615708 0.912063108865 0.397089586291 0.24342098747 0.451663771248 0.318901222542 0.509037495162 0.154306983899 3.88871139244 4.17501733263 4.4034670891 4.45190646129 1138.3032599 1142.08564473
-9999.0 -9999.0 -9999.0 -9999.0 -9999.0 -9999.0 -9999.0 -9999.0 -9999.0 -9999.0 -9999.0 -9999.0 -9999.0 -9999.0 -9999.0 -9999.0 -9999.0 -9999.0 -9999.0 -9999.0 -9999.0 0.724045354009 1.383366037 2.04584040516 19.7870034391 0.74700165724 27.2104993493 28.0563634538 28.6828761381 29.2214218906 42.6793829198 43.2072651033 0.406391195556 2.05111649666 2.4830114803 0.378363329515 103.440691391 102.77431433 0.183288927759 0.436752028798 1.21412789466 0.277344696754 0.296846728857 0.205868643035 0.169675244302 0.127292301958 0.152235854733 3.39043067887 3.55006548748 3.75071933153 0.189243872591 0.162137731486 4.53832252138 4.607027694 4.64304448439
-9999.0 -9999.0 -9999.0 -9999.0 -9999.0 -9999.0 -9999.0 -9999.0 -9999.0 -9999.0 -9999.0 -9999.0 -9999.0 -9999.0 -9999.0 -9999.0 -9999.0 -9999.0 -9999.0 -9999.0 -9999.0 0.664187533709 0.618537938739 3.21175590907 24.304294026 25.6969499705 26.43764573 0.861582226716 11.9799701746 12.6191975553 12.931262859 0.516470735943 0.95497014737 1.32913246857 24.5068756264 24.7815217416 25.008141926 102.371838377 60.9694303749 0.244508387616 0.265416193837 0.252386543541 0.188132256829 2.10787530242 2.50434169277 2.84570618079 3.03895593629 3.22321968855 26.6506975299 26.7769511584 26.9501334812 27.4203007999 29.1686892514 29.2193516415 33.9136831393
-9999.0 -9999.0 -9999.0 -9999.0 -9999.0 -9999.0 -9999.0 -9999.0 -9999.0 -9999.0 -9999.0 -9999.0 -9999.0 -9999.0 -9999.0 -9999.0 -9999.0 -9999.0 -9999.0 -9999.0 -9999.0 -9999.0 1.29643831213 1.97568345195 0.722408474721 0.983834016988 8.86027184257 9.77425358697 10.4445465643 4.9692530992 5.58867980658 6.20741768531 6.62740821842 23.8678152651 24.2705868394 15.5752774269 40.8925977779 41.1777234656 60.7749003991 0.549862570286 0.281397629901 0.182275772392 1.48320082652 1.73886085682 0.140623000239 0.130023056184 26.0324175588 26.3706668838 26.5331828698 0.24220598651 0.350658931646 28.9122763921 0.172980988374 0.442938163805 0.482247278595
-9999.0 -9999.0 -9999.0 -9999.0 -9999.0 -9999.0 -9999.0 -9999.0 -9999.0 -9999.0 -9999.0 -9999.0 -9999.0 -9999.0 -9999.0 -9999.0 -9999.0 -9999.0 -9999.0 -9999.0 -9999.0 -9999.0 0.647583722222 1.28260983085 5.43762692686 6.17961720112 7.01932025792 3.60851530571 4.34536171273 0.651736194858 15.7157188022 16.305953112 16.8459007791 0.440546872715 14.8321218753 15.2498380796 0.301006833156 59.3263859793 0.632607644161 0.315471424169 0.823914803912 1.10641686283 0.200343384698 0.15567930931 24.229289059 25.7300031587 25.9327116158 0.21328325758 0.449506303082 0.563132283113 0.670957234042 1.34140877804 0.158800372317 0.370131731095 0.0658864050197
