data/baseflow/History/mHMbfrc324
ncols                  80
nrows                 72
xllcorner      4374000.0
yllcorner      5656000.0
cellsize            500
NODATA_value       -9999
[rows 24 to 47 of 72, columns 0 to 54 of 80]
-9999.0 -9999.0 -9999.0 -9999.0 -9999.0 -9999.0 -9999.0 -9999.0 -9999.0 -9999.0 -9999.0 -9999.0 1.6186144122 4.62087522859 6.05648064388 10.5128727712 1.33900032423 2.73320329311 4.07116116836 15.4180788246 16.5846663532 17.6618338732 18.919643517 20.3443897954 31.3547655084 35.3940494442 37.9349987056 1.20625999812 6.14285719173 7.31576275476 79.1449715351 84.0298977027 85.8487034053 87.6346636451 89.5813340419 302.251706374 0.66408952725 598.042352883 2.43017223483 1.17363246109 5.6593510001 4.6947136129 0.834535803702 2.69736364981 3.82332920639 3.8002222766 2.66597377693 4.39855966788 6.98535779819 2.61186264835 7.09666148589 0.744370847811 1.37620170842 0.56847526185 0.474326667579
-9999.0 -9999.0 -9999.0 -9999.0 -9999.0 -9999.0 -9999.0 -9999.0 -9999.0 -9999.0 -9999.0 -9999.0 1.5756805688 3.10936606011 1.44641180093 2.96074869334 1.3732937431 10.0764171507 12.7587275005 14.141832339 1.26318195258 2.44181678313 22.9709535831 28.8505432237 30.0400796537 2.68309715704 2.62412899754 3.88256926157 1.13298170099 1.10488189039 2.13807370702 0.919682972306 36.6624128006 37.4448949459 38.5045447924 302.975100554 606.022792915 599.339408236 2.0708592705 0.842508343023 0.777382237102 2.51432499842 1.69957597012 3.53031668093 4.66146685896 9.32206356619 0.860849071817 0.864216194867 7.81654119515 8.67285616538 17.3677983165 18.1994224584 20.1733003173 21.2578507171 0.968952387655
-9999.0 -9999.0 -9999.0 -9999.0 -9999.0 -9999.0 -9999.0 -9999.0 -9999.0 -9999.0 -9999.0 -9999.0 -9999.0 1.53042571442 3.01741391094 4.48617268948 7.30164584977 1.44779573887 1.36805891908 8.9575804148 10.2129950482 20.6174207359 21.8890121409 3.61457555434 1.28864474321 1.30746421907 1.30424482481 30.5141671285 31.6673321107 32.8227316766 33.8967308476 35.8375432808 8.10726507321 9.05210395266 48.492292261 957.79472827 5.93194944134 5.25118345972 2.89517288424 0.681754130281 0.658561500455 4.09729058007 4.75076728765 5.00514970052 0.725504327293 10.1045258142 1.61500617084 1.6038168451 0.652043220158 0.510000001456 0.4827429285 0.392985508029 0.503855959902 21.9038829689 342.111080447
-9999.0 -9999.0 -9999.0 -9999.0 -9999.0 -9999.0 -9999.0 -9999.0 -9999.0 -9999.0 -9999.0 -9999.0 -9999.0 -9999.0 1.48854694253 2.71594857683 3.81133983989 4.91830553211 6.26048019425 7.63300579824 4.0461926435 6.68813957584 1.26112568923 1.24486772549 24.3640105189 26.8411899947 27.9941149728 29.2754899672 1.21012718733 2.34995681256 5.54538963508 6.56924140424 7.39131625702 0.944126589722 0.842303701055 959.812618586 0.709378866844 1.25146866734 0.584576578675 2.48636031937 1.22507176692 0.595903319356 10.4305338648 10.9126792015 0.45975104848 10.5794522326 12.7188603594 2.20414746562 362.799713038 361.680465 360.632463477 358.654274174 357.936152287 344.446039039 344.033805631
-9999.0 -9999.0 -9999.0 -9999.0 -9999.0 -9999.0 -9999.0 -9999.0 -9999.0 -9999.0 -9999.0 -9999.0 -9999.0 -9999.0 0.24761344383 0.586926497903 1.08051442694 9.15202825291 10.5204002477 1.36603708672 1.3808071149 1.32548112623 19.3330834129 21.8920930148 1.26275674948 1.31240974559 1.135966615 4.52602336382 5.63239441132 3.53216405301 4.41449531555 25.6995961861 26.6243147367 28.3153495991 46.0233693924 1006.17318657 0.65945490619 0.511688410299 3.58054073726 3.03001537287 0.512738292987 1.63497987718 2.11109289468 11.4687153783 11.9408431227 25.98965484 13.1490981696 2.60433417147 372.124440744 4.67252078175 359.651267603 359.173550763 12.7320677882 0.543788993102 1.64712368202
-9999.0 -9999.0 -9999.0 -9999.0 -9999.0 -9999.0 -9999.0 -9999.0 -9999.0 -9999.0 -9999.0 -9999.0 -9999.0 -9999.0 1.30489381992 2.10950933588 4.52054550346 7.86252077115 11.5066155614 14.0853447579 15.4255527348 16.7901035956 18.1128291954 1.27482672851 1.21724813752 2.40336853345 2.28302682718 1.15221372956 22.086498059 23.170802168 24.1941487339 25.191224192 15.0083709973 16.0235436232 16.9353537139 1006.45314116 1.06130728922 1.2188180004 5.10475929813 0.492370592975 0.863390787019 0.429235523606 0.435892411444 2.50959682906 0.384648832967 0.421684115632 400.293980801 374.003631561 373.5943703 1.61736429402 4.21034142863 2.83925181777 0.79738973774 11.8104613488 3.79756188167
-9999.0 -9999.0 -9999.0 -9999.0 -9999.0 -9999.0 -9999.0 -9999.0 -9999.0 -9999.0 -9999.0 -9999.0 -9999.0 -9999.0 0.919778884275 0.826107471183 1.59156960895 2.47851589155 1.33074486792 1.45160459174 2.8249988702 4.18935519348 6.81385727313 8.12791638896 9.37899701717 13.0511536671 14.2043910795 15.4013896858 1.09968846448 11.1812497662 12.1962803816 13.1857346912 0.916046359283 0.64664106932 1.09545769016 1024.2970884 1024.56215017 1026.21165148 6.34939660062 0.930257846132 1.47231765693 0.413937144329 0.764639657926 2.84334296054 3.53670395856 0.759120421814 402.144377364 0.580526312869 0.903501967944 0.996073163365 0.761345724641 1.47778087053 0.643959522787 7.08828582931 5.80125410079
-9999.0 -9999.0 -9999.0 -9999.0 -9999.0 -9999.0 -9999.0 -9999.0 -9999.0 -9999.0 -9999.0 -9999.0 -9999.0 -9999.0 -9999.0 0.766013559978 1.52952042977 0.796229435502 1.65100824714 10.5133869979 11.7535719164 13.1292549297 1.30763729065 1.31210776645 2.5736637697 3.80734276955 6.11648416706 7.25333316098 7.92203777089 8.99590194848 0.963106952395 0.937220523003 15.1554093905 15.7284156284 16.1119570617 16.4602020143 13.5481100401 1041.20749097 1049.89518729 1050.21706932 1051.98732774 1053.75612597 1054.92920054 0.377540262389 3.85093664285 402.515993904 1.06048347823 0.545709889961 0.47988321449 0.405026331967 0.722576762465 0.797203581991 0.467369261337 0.622990173879 0.656730624542
-9999.0 -9999.0 -9999.0 -9999.0 -9999.0 -9999.0 -9999.0 -9999.0 -9999.0 -9999.0 -9999.0 -9999.0 -9999.0 -9999.0 -9999.0 -9999.0 2.27885991527 3.17610100618 5.7590141611 7.88269871985 1.17250540666 15.7309075054 17.0349964364 18.3603348967 1.30260159245 2.55927908355 1.17991387823 8.6114414962 9.24712464101 10.2404795723 11.2541732485 13.8667527525 14.3080010499 0.27802021982 12.2342283648 12.9184517569 13.2230894835 14.7149398526 2.05743055181 1.36803695805 0.933151636657 0.898516872654 1056.12256885 1056.72422619 1063.28673551 402.883947844 2.64207287122 1.24106910229 0.814815143896 0.258140888554 2.37060186661 1.29857890636 0.42189248461 2.32762885092 1.97098769882
-9999.0 -9999.0 -9999.0 -9999.0 -9999.0 -9999.0 -9999.0 -9999.0 -9999.0 -9999.0 -9999.0 -9999.0 -9999.0 -9999.0 -9999.0 -9999.0 0.874033773774 4.03728705455 4.94515401171 1.2745847276 1.39533269047 2.76320433059 4.07846881923 23.7487375204 1.28086761464 5.14647698256 6.34444678888 7.53751879035 0.664365783068 1.60381107314 2.2449604994 9.7593089637 11.038088344 11.2998698546 0.324702201787 0.358558453705 0.465924783322 0.853628608867 0.385841122849 0.417205457661 0.888403676511 0.67784820447 0.883800662315 2.30549146427 1063.94748554 1468.50428149 3.23235338038 0.44731386629 0.239792030561 7.58381766378 7.00600676662 4.22509971092 3.81540475909 2.88837415553 0.626599796554
-9999.0 -9999.0 -9999.0 -9999.0 -9999.0 -9999.0 -9999.0 -9999.0 -9999.0 -9999.0 -9999.0 -9999.0 -9999.0 -9999.0 -9999.0 0.686459020137 2.37682178855 0.807962736922 1.38845078798 1.43354916405 2.8380174309 4.17686815035 5.36255301762 30.0405799179 31.3140570301 1.31031763838 2.52200086628 3.7338220002 4.59389816333 5.60082682922 8.75874852316 9.42098550966 0.914624961847 0.658808356277 0.610950501414 0.988924786177 0.873753327891 0.818489167475 0.696668200202 0.80827453135 2.99681022418 1.39475614386 0.549906841937 0.525163761532 0.597945872821 1.13863269236 1491.35882618 19.2269345806 8.65493176256 0.498114658344 0.204120277311 0.210614923828 0.932989459867 0.694456262507 0.38226568013
-9999.0 -9999.0 -9999.0 -9999.0 -9999.0 -9999.0 -9999.0 -9999.0 -9999.0 -9999.0 -9999.0 -9999.0 -9999.0 -9999.0 0.73157157084 1.39545321464 5.26726659171 0.795559365932 2.59277829242 4.01465474281 5.3928104565 1.37768682228 2.69340656627 3.80917559396 36.0180126995 1.25759228316 2.42188245817 3.57066984128 1.05394774873 2.1012965418 2.99916636045 3.67762304793 78.5858172025 80.0010145424 81.3178119667 87.7958217697 90.4971173743 95.7341242473 1.31055189122 2.92764791122 3.79162139562 112.005658735 113.12246801 0.491584544336 0.951375094331 1.38593576563 1491.77362965 18.3508255907 9.10792539391 8.88073917005 6.53613345909 5.59008393712 1.2330766672 0.269388677321 0.610676908341
-9999.0 -9999.0 -9999.0 -9999.0 -9999.0 -9999.0 -9999.0 -9999.0 -9999.0 -9999.0 -9999.0 -9999.0 -9999.0 -9999.0 0.756359688856 2.256642037 8.2539217138 12.1021501617 0.727048753031 16.1917852678 22.4766725106 1.33759564194 2.64175196916 3.81912096476 47.0494918687 48.0436307834 1.23037968143 6.0563232296 7.19601546589 8.12702976434 69.3460222508 72.4207537654 74.0925029165 0.790361225908 4.5829185224 5.42808064819 2.57139425929 3.71095007294 101.039527438 105.683722961 106.640400759 107.565047154 114.362956567 0.608503442077 0.531000982141 2.32314689316 1492.15364701 0.360556795057 0.717961316574 2.15406753406 0.77432777314 5.20414390386 3.80860621324 2.23384310006 1.68329381631
-9999.0 -9999.0 -9999.0 -9999.0 -9999.0 -9999.0 -9999.0 -9999.0 -9999.0 -9999.0 -9999.0 -9999.0 -9999.0 -9999.0 -9999.0 -9999.0 1.55841269946 3.14185105814 14.4412271752 15.3042677615 23.2335808135 24.1346274647 1.36425990857 2.71953990814 6.45368547014 48.9484658326 51.4283008269 52.5837303563 1.05793763091 57.0175519985 60.3266497976 2.09069938231 0.797353041153 1.59098586078 3.10321863853 0.737712810029 1.51696865717 3.51291840164 4.41938018054 0.813064714913 0.601850709918 1.22245249072 118.525170131 119.884353553 120.334990415 123.753490022 1492.4958118 0.207615268154 0.575981645764 0.660897263586 0.652744737078 0.663402149765 0.606585986122 1.15334963711 0.173587449263
-9999.0 -9999.0 -9999.0 -9999.0 -9999.0 -9999.0 -9999.0 -9999.0 -9999.0 -9999.0 -9999.0 -9999.0 -9999.0 -9999.0 -9999.0 -9999.0 0.814760329074 0.80063860293 0.819419253204 1.77728173004 0.80692084819 25.7201999148 26.5637776511 1.24719879837 2.54849808228 1.41825563365 1.28277693696 1.26652186579 55.0257173017 1.17462298756 2.3463124987 1.03023075035 0.843237772397 0.776419336214 0.644807309116 0.663381589415 1.98075081842 2.68095463822 0.548455234939 0.498737922133 1.04890420791 1.69247517524 2.1690022563 0.596267200888 120.942436483 124.203151767 1492.68155038 1.89869711278 1.51590893479 0.435140725438 1.01380870043 0.368459086565 0.2956255304 1.47290523423 0.970512412695
-9999.0 -9999.0 -9999.0 -9999.0 -9999.0 -9999.0 -9999.0 -9999.0 -9999.0 -9999.0 -9999.0 -9999.0 -9999.0 -9999.0 -9999.0 -9999.0 -9999.0 -9999.0 0.790471887287 2.52101152417 3.2200546881 3.99222076234 27.3160144672 28.0604498882 28.8653462161 29.9332869148 31.1729577167 33.7450782154 34.8635426039 36.0208869786 36.99443857 0.791062693331 0.744131348202 0.77368197153 2.76328623328 0.711111879766 0.672221842211 0.565745105992 1.63599536565 0.625081366417 0.496571207872 0.463525801217 0.413072758784 0.82431349524 1.15683442767 126.518091372 1621.33427131 0.164435470436 0.440444353196 0.380355443391 1.39608690178 0.769869615029 0.594249355914 3.18186058731 1.58204842869
-9999.0 -9999.0 -9999.0 -9999.0 -9999.0 -9999.0 -9999.0 -9999.0 -9999.0 -9999.0 -9999.0 -9999.0 -9999.0 -9999.0 -9999.0 -9999.0 -9999.0 -9999.0 -9999.0 0.677971942151 5.26365565163 10.7242417448 11.5732951151 1.16436205577 2.43625662298 3.73840387507 4.92478063034 12.5276907472 13.4058356954 0.84521801028 0.830024080715 38.5875343648 40.0442919925 40.7365421992 3.3395453242 0.562278332333 1.25603045455 1.85434332014 5.41340062231 6.5974852647 7.543915396 0.871433536441 1.20159091973 0.394696885476 0.770545047654 0.391269069238 1622.01989185 0.158340290895 0.722675038706 0.623669830735 2.22239317554 3.68860439203 4.37053302379 7.63463914688 2.38181943351
-9999.0 -9999.0 -9999.0 -9999.0 -9999.0 -9999.0 -9999.0 -9999.0 -9999.0 -9999.0 -9999.0 -9999.0 -9999.0 -9999.0 -9999.0 -9999.0 -9999.0 -9999.0 0.741363315061 2.34339557114 4.59828147443 6.02381510522 15.9354392902 16.9318630851 2.68188574341 3.97268276562 5.09409088488 6.33621497961 14.4495748699 16.223875251 28.8300482235 29.8304615664 30.5768508145 41.475799218 46.7693519055 1.29198181501 0.755654749681 0.736549917242 1.41019733584 0.645924133208 8.75594091994 9.2048063271 1.57164206799 2.00952762332 0.397466862784 328.488787932 329.258334425 1951.72551885 1952.66059003 0.14322739794 2.54717369947 0.198469868374 0.201323530244 8.1420356824 10.7304782425
-9999.0 -9999.0 -9999.0 -9999.0 -9999.0 -9999.0 -9999.0 -9999.0 -9999.0 -9999.0 -9999.0 -9999.0 -9999.0 -9999.0 -9999.0 -9999.0 -9999.0 -9999.0 -9999.0 0.830860668254 0.806224853247 1.53944390134 3.67723357119 17.6492182992 1.3697401334 1.34884194668 2.50376118518 3.64738808215 9.35713611027 10.4100409064 0.702880266681 0.638225811662 31.4519418309 32.2372396947 79.7029850887 80.3636897323 0.50768756139 0.454403514128 0.364875011501 0.368714528575 0.357349391948 320.614726389 323.159483408 325.62849046 326.442425678 328.075562311 0.42276213409 1.55001070278 1.96938650014 1955.22256336 1955.3054314 1955.57761646 1955.99318272 1956.26529207 11.150309051
-9999.0 -9999.0 -9999.0 -9999.0 -9999.0 -9999.0 -9999.0 -9999.0 -9999.0 -9999.0 -9999.0 -9999.0 -9999.0 -9999.0 -9999.0 -9999.0 -9999.0 -9999.0 -9999.0 -9999.0 0.751771429954 0.780731473193 1.46085735773 20.5121042039 21.3960998182 1.33392855277 2.4853870009 3.64384317834 4.64983529153 0.942690492639 1.74615656812 55.3649897733 56.1806709643 56.8888360164 62.320485754 143.381688181 303.298436769 304.398263421 305.368528369 306.303576405 309.863401504 310.982967164 2.08440024811 0.95820404632 0.547221899838 1.0400367557 0.76588314121 1.21666063639 0.386689478197 8.74526646453 9.37290754824 9.80284467629 10.0029628109 1956.47124371 1968.00420827
-9999.0 -9999.0 -9999.0 -9999.0 -9999.0 -9999.0 -9999.0 -9999.0 -9999.0 -9999.0 -9999.0 -9999.0 -9999.0 -9999.0 -9999.0 -9999.0 -9999.0 -9999.0 -9999.0 -9999.0 -9999.0 0.765607018581 1.47090025441 2.17792154957 22.0198710175 1.02352696267 30.9083703303 32.1149649069 33.1045171207 33.9547002972 52.0321961225 52.8542095308 0.885629484136 3.99903274386 4.84905264077 0.812011299812 158.788764579 157.324825731 0.476073776388 1.06055507312 2.77582685867 0.595684127784 0.605945037181 0.482122042762 0.401362500345 0.312490418825 0.358013526536 7.50289939408 7.87210677673 8.31402857822 0.298770656175 0.223846303722 10.1414843979 10.371210098 10.5203353882
-9999.0 -9999.0 -9999.0 -9999.0 -9999.0 -9999.0 -9999.0 -9999.0 -9999.0 -9999.0 -9999.0 -9999.0 -9999.0 -9999.0 -9999.0 -9999.0 -9999.0 -9999.0 -9999.0 -9999.0 -9999.0 0.705827570274 0.665096448661 3.43673744344 26.9644254047 28.7530642956 29.7614574039 1.32306655006 15.8220590832 16.7974910753 17.2434863378 0.792246274941 1.70809304648 2.55923301603 38.8179899543 39.4804523115 40.0486258137 156.291961393 88.1888522611 0.56794536597 0.578997353555 0.563262556525 0.44654380055 4.56454545107 5.4659971094 6.25841853949 6.69420723435 7.11441231834 47.0791078594 47.3769128958 47.7366633158 48.6620552952 52.5615711498 52.7435963358 63.4687247638
-9999.0 -9999.0 -9999.0 -9999.0 -9999.0 -9999.0 -9999.0 -9999.0 -9999.0 -9999.0 -9999.0 -9999.0 -9999.0 -9999.0 -9999.0 -9999.0 -9999.0 -9999.0 -9999.0 -9999.0 -9999.0 -9999.0 1.38288227424 2.10873526963 0.865358723864 1.32790895739 10.6343812464 12.0282935348 13.3042092355 7.80124297313 8.94808931999 10.0606559958 10.9550288711 37.3763714222 38.1805169872 26.1720938825 66.8902030009 67.5315791321 87.6833188644 1.1733543089 0.58478378701 0.430900739235 3.15423064887 3.68202553692 0.317372743847 0.295879592904 45.733929183 46.4519098687 46.7998608736 0.468779328929 0.673812851547 51.8336545299 0.499252187548 1.43650757441 1.58756484031
-9999.0 -9999.0 -9999.0 -9999.0 -9999.0 -9999.0 -9999.0 -9999.0 -9999.0 -9999.0 -9999.0 -9999.0 -9999.0 -9999.0 -9999.0 -9999.0 -9999.0 -9999.0 -9999.0 -9999.0 -9999.0 -9999.0 0.693465300734 1.37482312495 6.01839627479 6.91665680791 8.06607235531 5.26067374487 6.58987130523 1.24533715982 23.2755189721 24.4707066464 25.5821601582 0.914707866802 24.6322416271 25.4485727365 0.662680737273 84.6159532984 1.30079252075 0.651321615613 1.70333552289 2.28963418002 0.443833009401 0.36008117917 42.1190709714 45.0897632778 45.5073073574 0.442100822781 0.937026633085 1.2002141987 1.44801989989 2.87111703609 0.505942020627 1.18382541929 0.239067226454
