data/baseflow/History/mHMbfrc261
ncols                  80
nrows                 72
xllcorner      4374000.0
yllcorner      5656000.0
cellsize            500
NODATA_value       -9999
[rows 24 to 47 of 72, columns 0 to 53 of 80]
-9999.0 -9999.0 -9999.0 -9999.0 -9999.0 -9999.0 -9999.0 -9999.0 -9999.0 -9999.0 -9999.0 -9999.0 0.1780927313 0.463136106938 0.598499205843 1.01830377972 0.11440399047 0.2324508568 0.339608312864 1.34548504372 1.40053707388 1.41393169814 1.46962706273 1.55326021111 2.99598055287 3.23191637517 3.31290603652 0.00835949086757 0.19141491417 0.196609270237 5.25771668542 5.27815442447 5.28849673311 5.30014006462 5.31172368112 22.2266285182 0.0775795076252 53.9954045972 0.0138373844803 0.00294528151582 0.317942224662 0.303443355277 0.0255893628216 0.174544348522 0.261834705133 0.257549943687 0.175461129495 0.287068439771 0.45436612761 0.172989814882 0.436417059175 0.0235771406218 0.043601006525 0.00102581558147
-9999.0 -9999.0 -9999.0 -9999.0 -9999.0 -9999.0 -9999.0 -9999.0 -9999.0 -9999.0 -9999.0 -9999.0 0.153869077337 0.307366647842 0.14031407247 0.284770380898 0.116245853832 0.91741786675 1.13089169979 1.24571513902 0.097256091357 0.168284962023 2.41974155058 2.85331408631 2.92697440744 0.161171770571 0.149716483837 0.183741353338 0.00394369892216 0.00327834651514 0.00607593004156 0.00767768636424 6.51331069996 6.52926030008 6.53931964691 22.3373820598 54.2477624843 54.0003416522 0.00373008467178 0.00203655967143 0.00182775720521 0.0299169186783 0.02839835074 0.18243707021 0.291597270678 0.605325295971 0.0560825842238 0.0557305900966 0.485290162376 0.515421391234 1.01971475113 1.03200130064 1.0767770559 1.07874842171
-9999.0 -9999.0 -9999.0 -9999.0 -9999.0 -9999.0 -9999.0 -9999.0 -9999.0 -9999.0 -9999.0 -9999.0 -9999.0 0.142145314204 0.283738093216 0.428210856103 0.67340250348 0.130397384073 0.111563755853 1.36833437299 1.46453492219 2.29103875867 2.39164817178 0.280794181903 0.0875032786423 0.0778490969208 0.071419476602 6.4627099834 6.48042080539 6.4864301927 6.48978084983 6.50219706153 0.272429273594 0.297391119477 6.8552957931 83.5071468591 0.125780155205 0.0602652884121 0.0120009036857 0.00463015718774 0.00201635538456 0.0334827255146 0.0346340337379 0.185394869048 0.00151163334329 0.60898045342 0.0694633716813 0.0673032628852 0.00178277586185 0.000916169474084 0.00084375783547 0.00578355143544 0.000945322293459 1.07992247447
-9999.0 -9999.0 -9999.0 -9999.0 -9999.0 -9999.0 -9999.0 -9999.0 -9999.0 -9999.0 -9999.0 -9999.0 -9999.0 -9999.0 0.128421328966 0.415594170327 0.718840752212 1.03069512003 1.14497370127 1.26420403082 0.336191483846 0.55511908549 0.0994522265775 0.0937792555655 6.06273783835 6.2430344605 6.32442136969 6.40992672293 0.0471582412992 0.0698788032694 0.221139543226 0.231280856123 0.245298675103 0.0305378123875 0.0477396914826 83.7375910911 0.0740811070304 0.0400883432147 0.0194442450164 0.05010149554 0.0236859067209 0.0134728022941 0.227684695159 0.253964141906 0.00668834059984 0.620332710968 0.690769883388 0.0683058673836 14.8504540866 14.847245347 14.8447446529 14.8322877512 14.8195546577 14.663602448
-9999.0 -9999.0 -9999.0 -9999.0 -9999.0 -9999.0 -9999.0 -9999.0 -9999.0 -9999.0 -9999.0 -9999.0 -9999.0 -9999.0 0.143901566392 0.294592801142 0.325143305941 4.35191316732 4.46920405891 0.120332908107 0.113617346428 0.110193048988 5.68240813823 5.88450499941 0.0957844779081 0.100369299991 0.0771945928867 0.326307576685 0.406873323394 0.15099954169 0.183341484824 1.93499237993 1.96968209681 2.08928520891 3.25047099369 87.0722073438 0.0858276620416 0.0161789968174 0.0925169677728 0.0716661998641 0.0160262524507 0.0461407871383 0.061393008043 0.270816425817 0.286583005202 0.999807579813 0.697402650005 0.0736702095149 15.0959039288 0.11579564007 14.8417235772 14.8373965972 0.141613581589 0.0319010375997
-9999.0 -9999.0 -9999.0 -9999.0 -9999.0 -9999.0 -9999.0 -9999.0 -9999.0 -9999.0 -9999.0 -9999.0 -9999.0 -9999.0 0.707807766579 1.18296604195 2.25565609771 4.13702465623 4.84478694239 5.25060467052 5.36629116667 5.48172111887 5.59033393409 0.0973027908075 0.0864197759069 0.168728781156 0.161190849444 0.0865074084149 1.69746477312 1.77580183837 1.84823319211 1.91356967503 0.943731486254 0.955409516245 1.07526446793 87.1430975529 0.175435070938 0.0493681319377 0.158631890771 0.0208720288788 0.0577037083299 0.0382586463261 0.0140207314547 0.0868627711668 0.0117865409573 0.0120214738751 16.1678902983 15.1583971988 15.1455682449 0.050040439093 0.112461983555 0.0594288994924 0.0060013963485 0.0673235901908
-9999.0 -9999.0 -9999.0 -9999.0 -9999.0 -9999.0 -9999.0 -9999.0 -9999.0 -9999.0 -9999.0 -9999.0 -9999.0 -9999.0 0.490624862963 0.506592270195 1.01562116546 1.46329260292 0.192411749191 0.13859702565 0.255289706877 0.368369891273 0.578740348647 0.683355334174 0.775725606537 1.04024037799 1.12345932227 1.21606317497 0.0821768136184 0.835878265639 0.887741767066 0.910794095622 0.00827684590324 0.00249403318859 0.00914384065814 88.2640564073 88.3326214328 88.6182130207 0.229510380565 0.047399428236 0.0779740685178 0.0133195111177 0.0262037410661 0.102343223598 0.124836065072 0.0220322861879 16.2356778014 0.0298268595937 0.029909770794 0.0296090264881 0.0355775822918 0.0439745987093 0.019012910226 0.0584241195209
-9999.0 -9999.0 -9999.0 -9999.0 -9999.0 -9999.0 -9999.0 -9999.0 -9999.0 -9999.0 -9999.0 -9999.0 -9999.0 -9999.0 -9999.0 0.508810003319 0.977969495286 0.412405780298 0.824260674564 5.03793213221 5.20207158809 5.31136601479 0.103388361415 0.105064933969 0.197208641995 0.289985815823 0.453720420182 0.538284904866 0.59768835761 0.674842260611 0.0565719814644 0.0340956879221 0.96683345126 0.970933103279 0.996306882806 1.0403995439 1.14153915164 89.9573527066 90.452304733 90.4795077429 90.5822626579 90.677671017 90.720866851 0.0119312425297 0.136203917085 16.2475407171 0.0243088615766 0.0124832549109 0.0302233356193 0.0334463284348 0.0502504501163 0.0227932683862 0.0135139786067 0.0210884044501
-9999.0 -9999.0 -9999.0 -9999.0 -9999.0 -9999.0 -9999.0 -9999.0 -9999.0 -9999.0 -9999.0 -9999.0 -9999.0 -9999.0 -9999.0 -9999.0 1.44992271453 1.86021215516 3.12604405243 3.86300743302 0.313718064426 5.75908278029 5.86273006687 5.96095919065 0.0983238911715 0.192007597632 0.0835115840165 0.644203903479 0.696787666327 0.77151328583 0.832933779554 0.953093047485 0.962557305238 0.00777166721025 0.922564983714 1.02498856404 1.09572641302 1.27303741885 0.20941393979 0.117821528268 0.0513159374485 0.0490093194974 90.7745002431 90.7980995261 91.0581936487 16.2611168521 0.0875825636866 0.052219892387 0.0400459891971 0.00771265540133 0.0983538055542 0.0380983286849 0.0118875224734 0.0615295489466
-9999.0 -9999.0 -9999.0 -9999.0 -9999.0 -9999.0 -9999.0 -9999.0 -9999.0 -9999.0 -9999.0 -9999.0 -9999.0 -9999.0 -9999.0 -9999.0 0.45297493506 2.30376906168 2.73412673092 0.305401893661 0.118404844381 0.241058595906 0.353477920337 6.41950306804 0.0985831149228 0.394260870407 0.482533201998 0.567905981968 0.0544341464591 0.12395618224 0.142098215281 0.692593711688 0.764699073976 0.815646235115 0.0492887371088 0.0378124298719 0.0322804927553 0.0590662321442 0.0211250942837 0.0227344067522 0.0331004676177 0.0309883480742 0.0332308142915 0.106558273941 91.0837610272 107.405422096 0.108751985683 0.0296014365701 0.0103088657395 0.262040941308 0.244919582854 0.131411865048 0.114572173651 0.0790647768595
-9999.0 -9999.0 -9999.0 -9999.0 -9999.0 -9999.0 -9999.0 -9999.0 -9999.0 -9999.0 -9999.0 -9999.0 -9999.0 -9999.0 -9999.0 0.448077535284 1.30647209991 0.414047061582 0.211055826967 0.139390556592 0.262794921769 0.380728479803 0.541954748362 7.26766331005 7.36367595522 0.099182763269 0.189154566726 0.280609423455 0.347071059955 0.392452592124 0.540656843893 0.648768667806 0.00640065165998 0.0225707543425 0.0301193974529 0.0331695094356 0.0352908746877 0.0381890163457 0.0339227264456 0.0438834154187 0.158344877146 0.0779828805578 0.0449920193061 0.0454083426802 0.0213852981589 0.0378235433077 108.760952649 1.21759009285 0.405782985029 0.1089654005 0.0582342995184 0.0238948389997 0.0547404331292 0.0270671347906
-9999.0 -9999.0 -9999.0 -9999.0 -9999.0 -9999.0 -9999.0 -9999.0 -9999.0 -9999.0 -9999.0 -9999.0 -9999.0 -9999.0 0.47661651636 0.910304399122 3.07716289646 0.403645097037 0.520893322008 0.654426062584 0.776646286922 0.128727594043 0.237504959695 0.472383703605 8.11232875463 0.0927856918702 0.176339590645 0.261378541563 0.078217082837 0.148078297658 0.153371507943 0.223060345403 11.2328231303 11.2833217374 11.3414916886 11.5857489196 11.6911050504 11.8899203767 0.0493368722334 0.116859787361 0.183651334634 12.5029336292 12.5676039898 0.0401389300011 0.0527860504675 0.0654881490878 108.812147907 1.16963822489 0.606185862122 0.529920445031 0.465043451829 0.406926645311 0.0709719422262 0.0223028230087
-9999.0 -9999.0 -9999.0 -9999.0 -9999.0 -9999.0 -9999.0 -9999.0 -9999.0 -9999.0 -9999.0 -9999.0 -9999.0 -9999.0 0.488773671288 1.4719948587 5.03252883775 7.55273135714 0.373609131896 9.74069343948 10.8616897714 0.12081011748 0.230180442741 0.424443371226 9.45532137857 9.65201855977 0.0726272570642 0.407415281418 0.474999944952 0.517456139087 10.9142871501 10.9466480597 10.9997369583 0.0313316473695 0.177103227766 0.210505175893 0.0901668858994 0.127975010884 12.0724593361 12.2457070817 12.2753945263 12.3032479918 12.5994293924 0.0153759968108 0.0133375778576 0.0925899182645 108.859131956 0.07631552144 0.000726231673105 0.00205697955417 0.000908530940316 0.328877582943 0.326330154639 0.204932063168
-9999.0 -9999.0 -9999.0 -9999.0 -9999.0 -9999.0 -9999.0 -9999.0 -9999.0 -9999.0 -9999.0 -9999.0 -9999.0 -9999.0 -9999.0 -9999.0 1.03446919653 2.08030130559 8.9256545597 9.38999030036 11.2791496101 11.638436817 0.118634642412 0.237276519271 0.608053225812 9.9379470375 10.1147154032 10.1757615642 0.0493736386601 10.357600317 10.3860135762 0.0229091551898 0.0318274005904 0.0609108992073 0.119406037796 0.0289443649385 0.0576280444632 0.126740141837 0.157640657007 0.0306164905308 0.0201813710338 0.0396154316054 12.7526947591 12.8026599017 12.8143382066 12.9435781063 108.896685303 0.0672770653147 0.000371655070087 0.00045578510998 0.000456968294094 0.000481496396445 0.000426269379401 0.000755564218923
-9999.0 -9999.0 -9999.0 -9999.0 -9999.0 -9999.0 -9999.0 -9999.0 -9999.0 -9999.0 -9999.0 -9999.0 -9999.0 -9999.0 -9999.0 -9999.0 0.543015705123 0.530048439268 0.500104130546 0.910405284425 0.394518503075 12.4321412945 12.7658607336 0.138685994451 0.245740739918 0.099954184879 0.07997481934 0.0767447373998 10.2760210215 0.00548324194852 0.0109630956484 0.018113943569 0.0330625033981 0.0296806324967 0.023281886802 0.0242926441888 0.0744887280954 0.102335497718 0.0199441687447 0.0177413819737 0.0382205540916 0.063848366948 0.0858186717935 0.0250855637048 12.8341984115 12.9570699 108.930394522 0.145545738339 0.000857886939862 0.000196493867606 0.000608205718475 0.000157746188112 0.000132252261818 0.00090888608338
-9999.0 -9999.0 -9999.0 -9999.0 -9999.0 -9999.0 -9999.0 -9999.0 -9999.0 -9999.0 -9999.0 -9999.0 -9999.0 -9999.0 -9999.0 -9999.0 -9999.0 -9999.0 0.525522862886 1.38057842381 1.77819026814 2.17031240555 13.1490728088 13.5216366872 13.8525779746 14.0890753461 14.1630553162 14.3158981691 14.3231765952 14.3274572881 14.336715017 0.0282624676248 0.0266101692128 0.028407239934 0.101659371898 0.0272537134555 0.0259221307352 0.0201814727218 0.0589319582868 0.0237136832214 0.0180296926678 0.0166617486977 0.0144474169555 0.028829054633 0.0410059672763 13.0404278833 122.143912036 0.0750134210684 0.115155390522 0.000120486904283 0.000811152649402 0.000430178883046 0.000266231565089 0.261827696162
-9999.0 -9999.0 -9999.0 -9999.0 -9999.0 -9999.0 -9999.0 -9999.0 -9999.0 -9999.0 -9999.0 -9999.0 -9999.0 -9999.0 -9999.0 -9999.0 -9999.0 -9999.0 -9999.0 0.43817127803 3.50037269913 6.61048464152 6.99541544197 0.297539093478 0.439614833718 0.548012524827 0.631375114567 1.20051638484 1.22637935961 0.0265669467602 0.0254755760339 14.3967635751 14.449871807 14.4748043918 0.12141605206 0.0182673316554 0.0461280574705 0.067375258871 0.199265100007 0.244379873973 0.279284395138 0.0318602190735 0.0440948187723 0.0147674202249 0.0290121588382 0.0148125800655 122.173738997 0.0576991319863 0.233720804186 0.0377022175478 0.0447762910062 0.288526477772 0.315895326363 0.609959067206
-9999.0 -9999.0 -9999.0 -9999.0 -9999.0 -9999.0 -9999.0 -9999.0 -9999.0 -9999.0 -9999.0 -9999.0 -9999.0 -9999.0 -9999.0 -9999.0 -9999.0 -9999.0 0.491552977513 1.56812440822 3.06906489301 4.00835267891 9.8801526325 10.2221198803 0.229811476447 0.337167150024 0.425429252629 0.503525815692 1.23731345872 1.28333962557 1.99242173343 2.05162276106 2.08118600198 14.5002619346 14.6885983939 0.0445994134709 0.0297849546882 0.0282896369066 0.0540253914402 0.0245239426734 0.326034019247 0.342871399049 0.0579920564715 0.077758703324 0.0168731314079 53.5463266674 53.5772118171 175.777122404 176.08693012 0.0694139939343 0.192591510815 0.0866534332029 0.0555841337865 0.675706422271
-9999.0 -9999.0 -9999.0 -9999.0 -9999.0 -9999.0 -9999.0 -9999.0 -9999.0 -9999.0 -9999.0 -9999.0 -9999.0 -9999.0 -9999.0 -9999.0 -9999.0 -9999.0 -9999.0 0.561598471326 0.54661490904 1.03121958573 2.45371252346 10.6470623748 0.119166968704 0.117480464703 0.206742694731 0.297028457267 0.625429200671 0.641283994297 0.0137772294134 0.038611598334 2.11790534168 2.14620342639 16.8636482446 16.8897886194 0.0166416364057 0.0147077460215 0.0122868220909 0.0124084104985 0.0129620659448 53.2205837372 53.3241969801 53.4236232233 53.4604455037 53.5276538473 0.0165783445333 0.0602440929684 0.0724376647757 176.210510579 176.243836405 176.303354614 176.325225578 176.344228762
-9999.0 -9999.0 -9999.0 -9999.0 -9999.0 -9999.0 -9999.0 -9999.0 -9999.0 -9999.0 -9999.0 -9999.0 -9999.0 -9999.0 -9999.0 -9999.0 -9999.0 -9999.0 -9999.0 -9999.0 0.499676962264 0.523715487824 0.974655448531 12.5476058715 12.892143453 0.114659216144 0.203885131231 0.296438359094 0.317534994378 0.0143583669397 0.047554362218 22.2494596172 22.2792674719 22.3138341806 22.5502597645 39.4710024154 52.5541861656 52.594656 52.6313002917 52.6663483916 52.8131448344 52.8601380897 0.0847707148923 0.0378641197476 0.0225520825643 0.0421726324833 0.0297342332175 0.0476296903252 0.0147703892229 0.341055719787 0.464473581142 0.59319665868 0.598576653392 176.356124704
-9999.0 -9999.0 -9999.0 -9999.0 -9999.0 -9999.0 -9999.0 -9999.0 -9999.0 -9999.0 -9999.0 -9999.0 -9999.0 -9999.0 -9999.0 -9999.0 -9999.0 -9999.0 -9999.0 -9999.0 -9999.0 0.509625606505 0.980511906445 1.45352196688 13.2693864317 0.212788017636 17.3052165658 17.4012632426 17.4155605586 17.4490410577 22.1085181359 22.1582370268 0.0337877920006 0.171599030549 0.207944987846 0.033293207514 13.0430451728 12.9826398523 0.0187539939927 0.0451062548875 0.116378170144 0.0249930187596 0.0259278622706 0.0190581915842 0.0155835989004 0.0119121367469 0.0138195486285 0.295142997428 0.309576107197 0.327389628747 0.105162107618 0.105071703074 0.661735992738 0.674674831108
-9999.0 -9999.0 -9999.0 -9999.0 -9999.0 -9999.0 -9999.0 -9999.0 -9999.0 -9999.0 -9999.0 -9999.0 -9999.0 -9999.0 -9999.0 -9999.0 -9999.0 -9999.0 -9999.0 -9999.0 -9999.0 0.464417098582 0.438866285324 2.27123763243 16.3703279386 16.9789125971 17.2168038196 0.0904997111165 4.61470528384 4.62408791946 4.63410619183 0.041010227573 0.0773632818566 0.109503275339 3.17960447272 3.20478867624 3.22677585441 12.9420388043 8.38901842947 0.0258195875919 0.0246407846207 0.0230316358087 0.0172753013851 0.179732304919 0.215426686128 0.246455014559 0.263611541304 0.280061801322 1.94119860971 1.9528416601 1.9702750342 2.01066637361 2.15734702919 2.16259636079
-9999.0 -9999.0 -9999.0 -9999.0 -9999.0 -9999.0 -9999.0 -9999.0 -9999.0 -9999.0 -9999.0 -9999.0 -9999.0 -9999.0 -9999.0 -9999.0 -9999.0 -9999.0 -9999.0 -9999.0 -9999.0 -9999.0 0.913026324694 1.39385830674 0.408348745756 0.118479895514 4.35698568526 4.45207167226 4.4997122637 0.709198742479 0.714787429074 0.724449030333 0.754130381375 3.1226742285 3.15753149354 1.25151312655 4.50577870413 4.53122827719 8.36959383273 0.048303995918 0.02377545293 0.016448989238 0.124432100188 0.145555522331 0.0122738020667 0.0113881473522 1.88364971701 1.91399153736 1.93024841022 0.0191171769076 0.0284112376451 2.13447120472 0.0140249815355 0.0396163976142
-9999.0 -9999.0 -9999.0 -9999.0 -9999.0 -9999.0 -9999.0 -9999.0 -9999.0 -9999.0 -9999.0 -9999.0 -9999.0 -9999.0 -9999.0 -9999.0 -9999.0 -9999.0 -9999.0 -9999.0 -9999.0 -9999.0 0.460191288294 0.909080742776 3.56645944075 3.94913185842 4.13806750225 0.636685483215 0.703756670179 0.00632685503591 2.32216075355 2.32766497289 2.33515147229 0.0204466885871 1.18701284504 1.22325378728 0.026453813744 8.24290208004 0.0550306437004 0.0272782097537 0.0674133100465 0.0912780580294 0.0171254363581 0.013712831408 1.73373416789 1.85503407025 1.87410819334 0.0177521069803 0.0364203963543 0.0460817767055 0.055625898298 0.110932115322 0.0143408202749 0.0326407801089
