data/baseflow/History/mHMbfrc433
ncols                  80
nrows                 72
xllcorner      4374000.0
yllcorner      5656000.0
cellsize            500
NODATA_value       -9999
[rows 0 to 23 of 72, columns 0 to 53 of 80]
-9999.0 -9999.0 -9999.0 -9999.0 -9999.0 -9999.0 -9999.0 -9999.0 -9999.0 -9999.0 -9999.0 -9999.0 0.837486687595 0.667316424165 -9999.0 -9999.0 -9999.0 -9999.0 -9999.0 -9999.0 -9999.0 -9999.0 -9999.0 -9999.0 -9999.0 -9999.0 -9999.0 -9999.0 -9999.0 -9999.0 -9999.0 -9999.0 -9999.0 -9999.0 -9999.0 -9999.0 -9999.0 -9999.0 -9999.0 -9999.0 -9999.0 -9999.0 -9999.0 -9999.0 -9999.0 -9999.0 -9999.0 -9999.0 -9999.0 -9999.0 -9999.0 -9999.0 -9999.0 -9999.0
-9999.0 -9999.0 -9999.0 -9999.0 -9999.0 -9999.0 -9999.0 -9999.0 -9999.0 -9999.0 -9999.0 -9999.0 1.66065509211 3.55367211191 0.550428315314 -9999.0 0.491530924549 -9999.0 -9999.0 -9999.0 -9999.0 -9999.0 -9999.0 -9999.0 -9999.0 -9999.0 -9999.0 -9999.0 -9999.0 -9999.0 -9999.0 -9999.0 -9999.0 -9999.0 -9999.0 -9999.0 -9999.0 -9999.0 -9999.0 -9999.0 -9999.0 -9999.0 -9999.0 -9999.0 -9999.0 -9999.0 -9999.0 -9999.0 -9999.0 -9999.0 -9999.0 -9999.0 -9999.0 -9999.0
-9999.0 -9999.0 -9999.0 -9999.0 -9999.0 -9999.0 -9999.0 -9999.0 -9999.0 -9999.0 0.803579267995 0.779399963269 0.812024653053 0.796989885632 5.08669161328 5.6462586248 1.37700600864 0.446427125002 -9999.0 -9999.0 -9999.0 -9999.0 -9999.0 -9999.0 -9999.0 -9999.0 -9999.0 -9999.0 -9999.0 -9999.0 -9999.0 -9999.0 -9999.0 -9999.0 -9999.0 -9999.0 -9999.0 -9999.0 -9999.0 -9999.0 -9999.0 -9999.0 -9999.0 -9999.0 -9999.0 -9999.0 -9999.0 -9999.0 -9999.0 -9999.0 -9999.0 -9999.0 -9999.0 -9999.0
-9999.0 -9999.0 -9999.0 -9999.0 -9999.0 -9999.0 -9999.0 -9999.0 -9999.0 0.772911949431 1.58047765183 3.14375920531 1.57577135204 0.770177572536 1.52948587315 6.38851840016 8.73075566506 0.471782337711 -9999.0 0.807132900692 -9999.0 -9999.0 -9999.0 -9999.0 0.942295155408 0.488127987304 -9999.0 -9999.0 -9999.0 -9999.0 -9999.0 -9999.0 -9999.0 -9999.0 -9999.0 -9999.0 -9999.0 -9999.0 -9999.0 -9999.0 -9999.0 -9999.0 -9999.0 -9999.0 -9999.0 -9999.0 -9999.0 -9999.0 -9999.0 -9999.0 -9999.0 -9999.0 -9999.0 -9999.0
-9999.0 -9999.0 -9999.0 -9999.0 -9999.0 -9999.0 -9999.0 -9999.0 0.860345170548 2.44776111915 3.21317088708 3.98053308485 5.4780332025 0.741619781685 3.00171356297 3.73576855798 13.5785604097 0.596318993142 0.664346573845 1.53488129345 2.258109943 0.748026480498 -9999.0 2.37524022203 1.9516506618 0.519799884947 -9999.0 -9999.0 -9999.0 -9999.0 -9999.0 -9999.0 -9999.0 -9999.0 -9999.0 -9999.0 -9999.0 -9999.0 -9999.0 -9999.0 -9999.0 -9999.0 -9999.0 -9999.0 -9999.0 -9999.0 -9999.0 -9999.0 -9999.0 -9999.0 -9999.0 -9999.0 -9999.0 -9999.0
-9999.0 -9999.0 -9999.0 -9999.0 -9999.0 -9999.0 0.823911280744 0.768553597057 0.775439228802 0.785799071112 0.800913172916 5.58812732259 11.8475945097 12.6200076969 13.3273927093 0.699174587383 14.9423315829 15.6261968217 1.38259011805 0.721570121645 2.97030489505 5.17843726827 0.666520300957 4.33335221789 0.708269249579 0.672578370015 0.728843837004 -9999.0 -9999.0 -9999.0 -9999.0 -9999.0 -9999.0 -9999.0 -9999.0 -9999.0 -9999.0 -9999.0 -9999.0 -9999.0 -9999.0 -9999.0 -9999.0 -9999.0 -9999.0 -9999.0 -9999.0 -9999.0 -9999.0 -9999.0 -9999.0 -9999.0 -9999.0 -9999.0
-9999.0 -9999.0 -9999.0 -9999.0 -9999.0 -9999.0 1.64923647259 2.44928006453 5.62659142595 7.93719555483 0.73684116664 0.760505234162 0.746396629923 2.18898941084 16.2064709152 0.665344400178 16.3062495034 18.9791962361 2.05116164703 1.39643112406 5.86139450891 0.725710222452 5.0488489677 1.36901940348 0.670274634252 1.31878734962 1.44133801951 0.746643933363 0.76471987206 0.751473841638 0.795011157322 1.59326080413 -9999.0 -9999.0 -9999.0 -9999.0 -9999.0 -9999.0 -9999.0 -9999.0 -9999.0 -9999.0 -9999.0 -9999.0 -9999.0 -9999.0 -9999.0 -9999.0 -9999.0 -9999.0 -9999.0 -9999.0 -9999.0 -9999.0
-9999.0 -9999.0 -9999.0 -9999.0 -9999.0 0.892252569572 1.73531750377 0.837150073329 1.65161490889 8.76537374602 10.3089807379 11.84589825 37.900014342 0.72481930997 16.9296456318 60.4958411762 61.0589974045 81.0223494432 0.607070114317 2.07346810371 6.5476059288 0.681311057499 12.684330001 6.93545047496 4.14616064745 3.45937475753 0.708387544323 2.20542260691 2.24233453277 1.49529777479 0.742288596559 2.35441810447 0.737791527354 0.72872686299 -9999.0 -9999.0 -9999.0 -9999.0 -9999.0 -9999.0 -9999.0 -9999.0 -9999.0 -9999.0 -9999.0 -9999.0 -9999.0 -9999.0 -9999.0 -9999.0 -9999.0 -9999.0 -9999.0 -9999.0
-9999.0 -9999.0 -9999.0 -9999.0 -9999.0 0.903551244106 2.63816726032 5.23167096513 6.06367214323 12.0841724725 12.8863197934 15.3690877006 25.3324664269 40.0501904624 41.5375510519 42.2311556144 1.34961208641 83.4373539796 84.6829488191 88.1530797184 110.142602216 14.7679660031 13.4044494776 4.85888060811 0.702943065897 4.23167795453 2.85989553777 0.620775437044 2.93534574059 0.684799677843 1.40812814175 3.78074173665 4.49643048155 1.43626331704 0.698949139992 0.694849369534 -9999.0 -9999.0 -9999.0 -9999.0 0.443573935058 0.400991287582 -9999.0 -9999.0 -9999.0 -9999.0 -9999.0 -9999.0 -9999.0 -9999.0 -9999.0 -9999.0 -9999.0 -9999.0
-9999.0 -9999.0 -9999.0 -9999.0 -9999.0 0.881010307437 0.846624363977 3.50040977007 4.34215501102 5.20534175884 0.83952950622 1.66700880164 9.32187089923 1.67321270621 0.814407929969 0.761671070518 0.70398727195 0.765826045494 0.736548459129 0.758112285299 110.846811515 112.894889999 0.675431385586 2.06764132865 1.40011996083 4.90248187232 1.26864246657 0.614192620504 3.61917858994 1.35859305154 3.30087960837 7.97351013733 7.33009962438 2.12588427244 2.03220483017 0.709511328086 0.702350720117 -9999.0 -9999.0 0.697871093626 0.986911816963 2.22388653441 0.420134931533 -9999.0 -9999.0 -9999.0 -9999.0 -9999.0 -9999.0 -9999.0 -9999.0 -9999.0 -9999.0 -9999.0
-9999.0 -9999.0 -9999.0 -9999.0 -9999.0 -9999.0 0.909750429946 0.910318496692 1.75464013482 2.60769050707 5.98387264724 7.6796035788 8.52942260187 0.857568566992 0.747537076926 9.56093083677 11.8216125256 12.5419172824 15.5266847013 16.2283897948 0.698151780098 113.598286301 117.026300782 2.73944035621 0.601312604762 5.54980003334 12.2487268978 4.83499686923 1.27441109386 0.655786938572 12.5760533575 8.64298850335 0.631013149061 0.631805189404 2.67055787767 2.07957300412 0.657619124008 0.591703172148 0.680784697438 1.36678608214 0.659805964929 2.69406501478 3.31358932523 0.561498975534 -9999.0 -9999.0 -9999.0 -9999.0 0.627555604603 0.596993442867 0.232528765198 -9999.0 -9999.0 -9999.0
-9999.0 -9999.0 -9999.0 -9999.0 -9999.0 -9999.0 -9999.0 0.896407932286 0.815047524577 1.68110368162 2.55264805997 0.854007386995 0.796253347143 4.93990872146 6.48825469053 8.08590773022 0.773772146583 1.53040381538 0.763470516924 16.9468211274 36.9967551473 37.4528527266 155.709333037 0.678751156766 1.78808830646 0.578438804934 12.8548074947 0.625753092168 1.93722619788 0.644794223692 13.2028880789 13.8240408597 1.26945365843 1.26521895784 6.76572181877 3.41696523152 1.24199548373 0.653019620163 1.35932123894 2.03727005694 3.31155545953 0.605238509249 4.39033176877 4.84179873255 0.393726959927 0.417040210685 0.454425995698 0.403595684424 0.382020726861 1.72478522288 0.727116543589 0.464679529279 -9999.0 -9999.0
-9999.0 -9999.0 -9999.0 -9999.0 -9999.0 -9999.0 -9999.0 -9999.0 1.69870119982 2.49074882153 0.848061202602 1.71606454586 2.53945948031 4.18808678813 0.831172109562 0.814712000364 0.743977920523 0.751508592215 0.702496022605 18.6005489234 0.769341175155 1.50938067667 157.68563433 158.824129549 0.464287436036 2.73469826343 16.1553485523 1.25139990625 2.52537346299 1.15865768877 1.72600638179 16.2495709355 1.85680055563 9.82240154003 7.98995220923 0.627511796937 3.17812982518 1.30062349965 1.99391836358 0.629177337734 3.89171148097 5.00429497127 5.3819829186 5.73612227842 6.30151823579 0.733967322737 0.799002366466 0.71795576549 0.67160090806 2.12239848252 0.458886479128 1.64317196634 2.03633049376 -9999.0
-9999.0 -9999.0 -9999.0 -9999.0 -9999.0 -9999.0 -9999.0 -9999.0 0.879530661418 4.2343740254 5.0667627166 0.833691183787 1.64823182852 0.814017340595 0.776049028387 0.76475860837 9.47112939087 12.528732664 15.3435911241 18.1131964098 0.685390173417 0.752402829659 0.696608759076 161.797047572 162.948550884 163.372469222 21.6511638906 4.97551847704 4.35920520546 0.53081017768 2.19919650289 19.0028389267 0.483544413168 10.3766465394 0.622886441755 4.19880157516 3.83479154546 0.639840676006 2.62600187348 1.25790638187 1.8746151395 0.520415176716 0.349897246203 6.08486407094 6.39884491971 6.61450514236 1.14051149464 1.04011445328 0.989854160391 2.6021654733 3.52930226325 0.462813525253 2.48997421115 0.522679042762
-9999.0 -9999.0 -9999.0 -9999.0 -9999.0 -9999.0 -9999.0 -9999.0 -9999.0 0.893357303512 5.92929871105 6.75656167556 2.46899308626 4.09847548017 5.65634236333 6.44088812893 0.797927448246 2.31363455779 1.56532499604 0.807738329015 0.793794327925 0.734817085658 1.45557281871 2.44567168841 0.709447229446 186.210314374 186.655371567 0.416598634538 0.39527948085 1.1034225862 1.64762397358 20.5548915851 1.01144053781 10.8560023817 6.52315773399 5.37373724648 0.613088532226 1.24091921333 3.21194004769 0.584853835496 2.44448997052 1.07055234232 0.634599952301 0.320752375617 7.34499005043 14.2073897677 1.36329390068 1.27137521621 1.34236159449 0.378157222546 3.90562043663 0.366246278428 3.32030755882 0.462103122383
-9999.0 -9999.0 -9999.0 -9999.0 -9999.0 -9999.0 -9999.0 -9999.0 -9999.0 -9999.0 0.823044513202 8.41099966081 0.817155175173 1.6281046099 2.38913310529 3.87008141537 0.73914421994 1.51105505034 0.762399170609 0.707498141265 0.681826264432 1.34821097484 0.605509776815 0.601810815774 1.1174651475 0.654553857266 187.142376027 187.957582763 189.256320411 2.08047536078 0.567058496045 1.13169906191 21.1333958357 20.0449123124 7.70377813979 0.587409477096 2.44744018313 1.84151677642 3.79918193108 1.16945361464 4.6564323656 1.6325903407 1.09393590013 0.290869986024 0.347218542946 14.5652676962 14.8634343181 17.7533361901 2.5433434791 0.792066099283 4.31207561287 5.07680499686 8.72398754115 0.869397940599
-9999.0 -9999.0 -9999.0 -9999.0 -9999.0 -9999.0 -9999.0 -9999.0 -9999.0 -9999.0 -9999.0 0.51664573281 9.53251193081 0.785012416078 1.53503994395 6.87478047112 0.739709624762 0.734266600576 0.675774085457 1.42035868118 0.72962213593 2.79183578219 4.03120679183 4.61808027734 1.63828411202 2.01419613469 0.417916279359 0.570083984685 0.529867422635 192.388101689 193.921761423 21.6082924879 20.9621965356 20.5269807576 0.963234166275 0.449150403467 2.99600038056 7.89767476585 4.35386341718 1.71959430405 6.90623879484 2.68974990657 2.18071747274 0.617513118315 0.242689966458 0.21410445797 0.211039449532 18.9169639032 22.5257015058 0.391793501156 0.318846872873 0.394771333508 9.12259385057 10.3865244478
-9999.0 -9999.0 -9999.0 -9999.0 -9999.0 -9999.0 -9999.0 -9999.0 -9999.0 -9999.0 -9999.0 0.488600756038 10.6849296252 13.1177462018 0.754042899918 8.36459243071 0.687930738955 0.664155793685 1.3826914842 3.52149021801 0.716904585423 0.744176288329 0.646847470117 5.87475685779 6.45263091553 9.10827476397 10.055601725 10.5643127944 10.9622578437 11.5644413549 205.933815534 228.330783848 249.982786806 250.230307163 0.348138185544 0.483018154776 8.9982415637 8.45096410286 0.547142199233 0.54280627167 7.43607105976 10.6619978224 0.478383266756 5.28482220581 4.81749425296 1.25894264398 0.518045271185 0.875508320508 0.363202769801 23.1045500298 0.289812232878 0.983211386642 1.19528580203 12.4652653424
-9999.0 -9999.0 -9999.0 -9999.0 -9999.0 -9999.0 -9999.0 -9999.0 -9999.0 -9999.0 -9999.0 0.866985561497 1.67402732744 13.9111296452 15.3647510167 0.72302572669 9.58008670728 0.598724493095 1.89633327518 4.18885938545 1.39469347812 0.675685778675 1.3480246897 0.560258183815 1.11812734958 0.586999929959 0.562817932907 0.535393036262 0.506256005989 0.434375383659 0.362470258025 0.424339430447 0.471175468398 0.466471259832 251.348431572 10.1531320675 9.46781083351 0.22744613963 1.53757122989 0.449108273956 0.420243565058 11.1521113256 17.956190415 5.81894489311 4.23220849091 0.768967096234 0.294112417855 0.268155954316 0.558904703769 23.9550895175 24.4729219628 0.270286876352 0.275468456194 0.274373846087
-9999.0 -9999.0 -9999.0 -9999.0 -9999.0 -9999.0 -9999.0 -9999.0 -9999.0 -9999.0 -9999.0 -9999.0 0.776315397992 10.2651370259 26.397277093 28.6824874947 38.9104310958 39.4286830927 9.33444224878 6.95305169481 2.08056496403 0.669026831955 2.66828057811 3.29618145006 5.00983395217 1.19384807582 1.13537925823 1.1156953688 2.18303461429 0.987648369712 0.9006618964 0.524302883436 0.399070198047 0.331737659343 251.723294301 262.265625884 262.527227633 0.213205912 3.90222817968 1.90336010754 0.527336075539 19.5704409977 1.13069112545 0.580662909626 2.43910887616 0.559667486866 0.38445547102 0.690404246875 0.942668121765 1.21909353821 24.906903873 0.201611988536 0.176601856682 0.173074095541
-9999.0 -9999.0 -9999.0 -9999.0 -9999.0 -9999.0 -9999.0 -9999.0 -9999.0 -9999.0 -9999.0 0.836188200258 7.81011933489 9.47733563894 1.55613347018 0.54799488899 1.21694165971 41.3384407485 41.8846450416 51.739280996 0.622088370758 1.28655212786 0.585472105435 0.5920660515 5.58339422042 7.34962650751 9.0178817039 0.525324627498 2.70206151304 4.20108109975 2.39374063812 1.01335815979 0.844927431489 0.743879250468 0.65569496402 0.247095732212 262.721789538 262.867633076 267.067142913 0.793305870909 0.453521376008 19.8669391086 1.18967527503 0.605542516766 0.646135123397 0.641858341532 0.580505227505 0.988454603402 2.77866106356 4.29054110237 29.4097524119 0.148247119312 0.452439144589 0.305170901905
-9999.0 -9999.0 -9999.0 -9999.0 -9999.0 -9999.0 -9999.0 -9999.0 -9999.0 -9999.0 -9999.0 0.853002350805 5.37370384983 0.849574511942 0.761448923041 3.98252415104 4.69174458032 5.39372204404 6.06574744469 70.2995298183 70.9069727751 72.1192052029 81.0662143518 82.792174463 83.755247809 84.3393574226 94.596337223 96.0322310206 96.5721995131 101.352087806 104.294912714 104.788156832 106.591474638 1.20151205769 1.08156097963 0.224653057787 0.157425042796 263.050127157 268.245020953 1.04035771813 22.7318313156 22.3405739551 2.18869448839 0.534333215098 0.549319343923 0.524639825709 0.537506017505 1.07702455461 1.49994797607 0.375260671133 29.6078600962 29.8145587662 30.7503469652 30.9176616618
-9999.0 -9999.0 -9999.0 -9999.0 -9999.0 -9999.0 -9999.0 -9999.0 -9999.0 -9999.0 -9999.0 2.75059579464 3.63999180555 1.70628821759 2.52533274816 0.810548940476 9.01626345349 9.72242637701 11.1484488734 11.8200243594 4.79733744021 77.9509249196 78.5958556489 0.526359985569 0.377066741757 0.357900014971 0.770894431417 0.422934660933 0.361094449305 0.369390757435 0.380933413776 105.290210922 107.084698921 108.712032302 110.155597138 110.824443738 0.271792627611 0.0834734273381 291.681325007 23.3052408208 23.1362901831 0.465394703091 0.423045159914 0.36284973979 0.90274855128 0.885780676686 0.419042288884 0.460506718818 0.413757697828 0.782895182635 0.999589587368 0.14170971951 0.264576694873 0.116964640853
-9999.0 -9999.0 -9999.0 -9999.0 -9999.0 -9999.0 -9999.0 -9999.0 -9999.0 -9999.0 -9999.0 -9999.0 1.8525614571 0.87488229425 0.821924632826 7.57911999583 8.30783157368 0.734656423835 2.85473756366 3.5507306451 4.20112593811 0.693766988484 0.478978241081 11.7166068301 12.0937389493 12.4645964782 31.6764580864 31.9909046624 32.6230999437 35.107041264 36.8633949774 37.1620590455 0.357321582076 0.370097714429 0.339380577829 111.052352427 0.106048164811 295.127286386 294.967595406 3.15638264855 2.93526969815 1.78119236306 0.459283272555 0.739853973163 1.29244858707 1.27781223496 0.79153548704 0.44378671462 0.851088547061 0.836294500899 1.3664753718 0.304257745688 0.527867889801 0.836995934485
