data/baseflow/History/mHMbfrc361
ncols                  80
nrows                 72
xllcorner      4374000.0
yllcorner      5656000.0
cellsize            500
NODATA_value       -9999
[rows 24 to 47 of 72, columns 0 to 54 of 80]
-9999.0 -9999.0 -9999.0 -9999.0 -9999.0 -9999.0 -9999.0 -9999.0 -9999.0 -9999.0 -9999.0 -9999.0 1.14932326125 3.31364060315 4.35371303965 7.52645736924 0.97051014713 1.96782965341 2.92024320826 11.0921559275 11.9336035758 12.6892413091 13.5599533341 14.4379387385 22.5298545505 25.1299195475 26.6117036808 0.679509802731 3.50719933188 4.15687141819 52.5102124742 55.3375522845 56.5929278978 57.8476080849 58.960955959 206.94950426 0.22102337361 400.840219721 0.997626660404 0.482549666472 3.72719111498 3.15768097858 0.52940620989 1.72064665291 2.51743114572 2.48750868983 1.79352351456 2.94553093579 4.6365294415 1.68008505824 4.23345556562 0.422679092834 0.719450251764 0.168571985476 0.13142837358
-9999.0 -9999.0 -9999.0 -9999.0 -9999.0 -9999.0 -9999.0 -9999.0 -9999.0 -9999.0 -9999.0 -9999.0 1.12193357476 2.22233842035 1.04686154659 2.1143379878 0.987289055857 7.2665596856 9.19281646258 10.166473231 0.91386478083 1.77645751256 16.7141265984 20.9678616245 21.7618564656 1.78935061428 1.58157369228 2.31809972554 0.60001965317 0.56268285021 1.06111297739 0.443190706742 25.7202967969 26.2217021534 26.6053764414 207.366731356 404.161756946 401.334536983 0.75876015172 0.333206202088 0.297698026143 1.26153487796 0.962805887886 2.23953129714 3.03738582324 6.07167344398 0.544348368422 0.540386878373 5.1300558203 5.6444161273 10.7782274938 11.0928132672 11.9840772111 12.2960692817 0.269237516253
-9999.0 -9999.0 -9999.0 -9999.0 -9999.0 -9999.0 -9999.0 -9999.0 -9999.0 -9999.0 -9999.0 -9999.0 -9999.0 1.09800542386 2.17058094795 3.23531800249 5.25983912333 1.03542952276 0.984168508056 6.54521633404 7.46410778472 15.0267942973 15.941791754 2.61140352029 0.93669909881 0.907334145325 0.80043458345 22.5398678454 23.1581382363 23.7778539923 24.3098539364 25.2559439332 5.14434448319 5.56037803787 32.4997498083 644.23804237 2.42686205999 2.02153426179 1.09821663142 0.270493604322 0.248450261545 1.85484664718 2.05695062041 2.76552570942 0.269651983253 6.41018545533 0.952821249046 0.938606058166 0.244689711826 0.162780289283 0.138439440028 0.116462211801 0.142255125153 12.5084639716 168.763466955
-9999.0 -9999.0 -9999.0 -9999.0 -9999.0 -9999.0 -9999.0 -9999.0 -9999.0 -9999.0 -9999.0 -9999.0 -9999.0 -9999.0 1.06879874566 1.98456618682 2.80431956748 3.63367463402 4.59827911696 5.58167597373 2.9252492465 4.85399437739 0.913772047098 0.899134549588 18.2993774409 20.0716350591 20.9091371868 21.8253347454 0.701756379162 1.30156022396 3.39420084251 4.08484507065 4.66279493537 0.497343317466 0.314840356902 645.254950046 0.401773937828 0.512384173199 0.242427320762 1.08144673882 0.528393383388 0.230852780831 5.06423248975 5.22897449779 0.139619255809 6.55916677468 7.66366868938 1.12605032763 175.926211831 175.54709745 175.22867193 174.635337971 174.419678103 169.842358316 169.672517486
-9999.0 -9999.0 -9999.0 -9999.0 -9999.0 -9999.0 -9999.0 -9999.0 -9999.0 -9999.0 -9999.0 -9999.0 -9999.0 -9999.0 0.200801999666 0.467584792653 0.81343137545 7.19704010942 8.19288902676 0.996079663177 0.993573391309 0.974223407895 14.666728789 16.5440253664 0.917990197044 0.937240929164 0.82639529638 3.33659541934 4.14808500691 2.15311120788 2.79858927626 18.7842536533 19.4351828117 20.4464704385 32.7284438513 678.217007934 0.367227248047 0.204111738343 1.63181225438 1.36349036992 0.204329462076 0.645784665372 0.830457267709 5.43422807957 5.59273840984 13.6931416497 7.82109949177 1.32770587017 179.657944954 1.55096878724 174.945937755 174.799663406 4.35341902093 0.250583449394 0.747945152788
-9999.0 -9999.0 -9999.0 -9999.0 -9999.0 -9999.0 -9999.0 -9999.0 -9999.0 -9999.0 -9999.0 -9999.0 -9999.0 -9999.0 1.03183475031 1.6885213596 3.5774836594 6.24243955987 8.93386992131 10.8505448764 11.8164395038 12.8054887137 13.7627732991 0.934147609769 0.887548070024 1.75831799893 1.67421117238 0.851437366485 16.1310683123 16.9287016062 17.6760679284 18.4069004334 10.861766301 11.4697322486 11.9685464785 678.415645814 0.624107226081 0.488274198777 2.31088384735 0.267478813171 0.35118690749 0.177016464761 0.171098012182 0.988579545374 0.125781195875 0.135149230566 194.148588525 180.359100243 180.227015559 0.635683602269 1.4101841212 0.928822562376 0.231121115059 3.96506726646 1.16540026125
-9999.0 -9999.0 -9999.0 -9999.0 -9999.0 -9999.0 -9999.0 -9999.0 -9999.0 -9999.0 -9999.0 -9999.0 -9999.0 -9999.0 0.72060759182 0.6724890342 1.31118238364 2.00176977261 0.988634833345 1.0567156519 2.06334074149 3.06275924367 4.98211176617 5.93855397336 6.82142232497 9.49191549197 10.3319701421 11.2100254977 0.808769000465 8.13597085619 8.86989690208 9.58249568679 0.645883663665 0.463905792791 0.746123692769 691.118401582 691.307180794 692.288232471 3.04598520385 0.535678293649 0.593115308301 0.160726316152 0.304790129001 1.1248498596 1.36657493976 0.245592548009 194.770024691 0.198341835073 0.354081200077 0.402908306885 0.279639094491 0.541255206079 0.221432037664 2.55087546353 2.06230343319
-9999.0 -9999.0 -9999.0 -9999.0 -9999.0 -9999.0 -9999.0 -9999.0 -9999.0 -9999.0 -9999.0 -9999.0 -9999.0 -9999.0 -9999.0 0.641645712416 1.26910417706 0.627503452589 1.29876206493 8.24039264813 9.15659987368 10.1505679162 0.956751467125 0.957710906342 1.84364290563 2.74695280378 4.40981394901 5.25157252096 5.74412237887 6.53096316916 0.694101289902 0.672045336372 10.8385565852 11.2605547374 11.5140206504 11.7491572499 9.67824784425 702.943558 707.441583621 707.655475598 708.440675414 709.367166228 709.793680426 0.122240146964 1.48027360237 194.880222969 0.285816075617 0.147618737787 0.144894735698 0.134650858774 0.240021505638 0.26620614244 0.159921085292 0.251230971601 0.253916167243
-9999.0 -9999.0 -9999.0 -9999.0 -9999.0 -9999.0 -9999.0 -9999.0 -9999.0 -9999.0 -9999.0 -9999.0 -9999.0 -9999.0 -9999.0 -9999.0 1.88929446328 2.57772760987 4.58910896813 6.19123700148 0.879618003108 12.0649081009 13.0172484055 13.9653731529 0.914365735322 1.81697339529 0.829842698724 6.11576529342 6.59029523622 7.32140474433 8.04776250144 9.93496404393 10.2530227644 0.201948213394 8.78430300704 9.25156737117 9.46173714451 10.455344283 1.25587286947 0.797804231581 0.510026301205 0.494497961552 710.293560209 710.48290448 713.049240957 194.985398305 0.775734890564 0.393892068669 0.25610157757 0.0881113416278 0.804560983678 0.449189615567 0.143060310091 0.833262737246 0.715860692424
-9999.0 -9999.0 -9999.0 -9999.0 -9999.0 -9999.0 -9999.0 -9999.0 -9999.0 -9999.0 -9999.0 -9999.0 -9999.0 -9999.0 -9999.0 -9999.0 0.693897987926 3.24817152555 3.95081446768 0.937301532017 1.01171893765 2.02177374951 2.98312397969 17.8813232883 0.905586323976 3.64681249382 4.48498523469 5.32983564391 0.497375168232 1.19375802778 1.66644066325 7.01639771848 7.9205818854 8.120284836 0.236354002414 0.242822867087 0.304318449513 0.560558681892 0.249360991911 0.266208355982 0.44824667776 0.388523653689 0.44390927285 0.96870409364 713.26890612 908.77221322 0.962858157601 0.215662349925 0.0834627995377 2.67070243665 2.47625934009 1.52963235609 1.38630343611 1.04879520162 0.255795987129
-9999.0 -9999.0 -9999.0 -9999.0 -9999.0 -9999.0 -9999.0 -9999.0 -9999.0 -9999.0 -9999.0 -9999.0 -9999.0 -9999.0 -9999.0 0.587675061524 1.92857238328 0.643760626652 1.04139876272 1.06245717126 2.08345777199 3.07668911926 3.95997047191 22.535680833 23.4224419672 0.906738923687 1.75305629412 2.60180801514 3.24302722644 3.97695810098 6.28082648955 6.75827345104 0.626040985082 0.472761177854 0.428001686589 0.478829024038 0.460397770952 0.460051971058 0.396775497337 0.512718529156 1.45977844549 0.671223662938 0.185098605761 0.174542468285 0.190933829413 0.354234218124 917.090896347 7.12952567989 3.08704631371 0.205622699225 0.0878747663933 0.0788509806804 0.325661353037 0.237194567313 0.128328378619
-9999.0 -9999.0 -9999.0 -9999.0 -9999.0 -9999.0 -9999.0 -9999.0 -9999.0 -9999.0 -9999.0 -9999.0 -9999.0 -9999.0 0.623029965601 1.19290837982 4.34691240825 0.626154143979 1.95394884756 3.00873005541 4.02514412792 1.01858006303 1.95819564142 2.77844826545 26.8582162438 0.873625014674 1.68470779754 2.51836181049 0.779092952832 1.54996065245 2.16913897713 2.65181429386 54.5313106486 55.4087341094 56.1778214844 59.4270252389 60.84999394 63.4864166608 0.589772703871 1.42039034235 1.80226420428 70.8779566189 71.2399242951 0.158215722956 0.292185827201 0.418893481492 917.245785098 6.68401384707 3.3411478209 3.23590740585 2.40440600548 2.04877146305 0.430286630564 0.0968902247379 0.208050071447
-9999.0 -9999.0 -9999.0 -9999.0 -9999.0 -9999.0 -9999.0 -9999.0 -9999.0 -9999.0 -9999.0 -9999.0 -9999.0 -9999.0 0.627744412122 1.90326225725 6.87239839781 10.1334991511 0.566615609403 13.3901408426 18.1026553639 0.993058328727 1.92963663495 2.79495300719 34.8285909476 35.5383793569 0.773004885664 4.10173806487 4.84030673592 5.51097604242 48.7700026344 50.5017976605 51.3766719932 0.410084325559 2.33566372931 2.76794168007 1.22096478953 1.76620386497 65.9040783431 68.0662009071 68.4799490683 68.8686682278 71.6462466363 0.197249589388 0.164878755141 0.70785798307 917.379311377 0.152925509328 0.249296065146 0.745710311339 0.278116765034 1.89289016233 1.40723325682 0.833937069711 0.617612554384
-9999.0 -9999.0 -9999.0 -9999.0 -9999.0 -9999.0 -9999.0 -9999.0 -9999.0 -9999.0 -9999.0 -9999.0 -9999.0 -9999.0 -9999.0 -9999.0 1.32820726018 2.67139659088 12.0383226394 12.7228849182 18.7060461308 19.3989589909 0.973203244553 1.94230393981 4.60535332129 36.1527403469 37.6916800543 38.3561368371 0.547151367982 40.8276973687 42.640985119 1.10372559355 0.415207461721 0.820234780512 1.58859189594 0.372764455944 0.745134139908 1.6558910981 2.06404718113 0.375417470585 0.243193527492 0.48159918221 73.5267287936 74.1777535138 74.3146119358 75.412925133 917.49527643 0.0887030123136 0.175562106668 0.21310265957 0.205631719755 0.211155039276 0.18006924105 0.335732701702 0.0705884200609
-9999.0 -9999.0 -9999.0 -9999.0 -9999.0 -9999.0 -9999.0 -9999.0 -9999.0 -9999.0 -9999.0 -9999.0 -9999.0 -9999.0 -9999.0 -9999.0 0.695230610138 0.68204342776 0.679495067349 1.41419051552 0.621450220036 20.6306311571 21.2690871162 0.902053989279 1.81725680385 0.930106765442 0.787035329381 0.767198172522 39.7643055156 0.626064375196 1.25848500884 0.565862174382 0.447338771167 0.397038118782 0.30583732426 0.318623186359 0.961304244037 1.31446291662 0.246461821012 0.214588717765 0.458500642726 0.761860123279 1.04361840854 0.323156405896 74.5527675071 75.5577570963 917.567818895 0.640671741317 0.467843917378 0.128480845037 0.309207838367 0.105687220648 0.0810645703916 0.423414092016 0.383524920718
-9999.0 -9999.0 -9999.0 -9999.0 -9999.0 -9999.0 -9999.0 -9999.0 -9999.0 -9999.0 -9999.0 -9999.0 -9999.0 -9999.0 -9999.0 -9999.0 -9999.0 -9999.0 0.673872384999 2.03929012163 2.59921478444 3.19889633702 21.8529983684 22.4370452701 23.043547403 23.8055446904 24.5560890138 26.1013689315 26.6924753399 27.2970099846 27.7843435128 0.401321362824 0.371652909211 0.390957562674 1.34981179312 0.354486035743 0.331288014336 0.25950249445 0.741698749933 0.286913292586 0.21490706033 0.199129151179 0.174936570611 0.349067639877 0.492054599692 76.5418949638 994.837611963 0.0781089389355 0.176885153797 0.110981372063 0.420003917369 0.222684898384 0.162979098378 1.10533432505 0.62899867615
-9999.0 -9999.0 -9999.0 -9999.0 -9999.0 -9999.0 -9999.0 -9999.0 -9999.0 -9999.0 -9999.0 -9999.0 -9999.0 -9999.0 -9999.0 -9999.0 -9999.0 -9999.0 -9999.0 0.574925489373 4.4990548881 8.9306228796 9.57552059745 0.888551671535 1.79433084598 2.7176713019 3.57022018718 8.83263965383 9.28618904709 0.43430131786 0.423987772071 28.5995732447 29.3271216212 29.6693590957 1.61208724041 0.2406920204 0.590795019922 0.865449159657 2.53227336921 3.07736304316 3.49163505256 0.379773251349 0.527937661238 0.175112775308 0.341268184871 0.172604801827 995.136027481 0.0709822759458 0.31098902723 0.20222948923 0.697434192721 1.25573761484 1.46209505417 2.61098323996 0.865876688157
-9999.0 -9999.0 -9999.0 -9999.0 -9999.0 -9999.0 -9999.0 -9999.0 -9999.0 -9999.0 -9999.0 -9999.0 -9999.0 -9999.0 -9999.0 -9999.0 -9999.0 -9999.0 0.632198939066 2.00731237245 3.93660463424 5.14589010793 13.306363734 14.073483255 1.88688944863 2.81954849771 3.65603281163 4.51712828243 9.82834393783 10.7440593378 19.4314251713 20.1499519641 20.5560170691 30.0233185034 32.5248890662 0.590637263193 0.381831150226 0.365291354102 0.69055294781 0.305713861727 4.05958087226 4.25848665929 0.692931131744 0.937340560443 0.201134163852 219.005254317 219.353914168 1214.67348695 1215.08604289 0.0729401084913 0.861576395304 0.101692727062 0.091459646609 2.81459058723 3.75978081771
-9999.0 -9999.0 -9999.0 -9999.0 -9999.0 -9999.0 -9999.0 -9999.0 -9999.0 -9999.0 -9999.0 -9999.0 -9999.0 -9999.0 -9999.0 -9999.0 -9999.0 -9999.0 -9999.0 0.71683389615 0.698354036122 1.33051661102 3.16040465518 14.6720266124 0.961127897089 0.950312076701 1.79551236044 2.64332983334 6.64930232508 7.33985052274 0.500913202256 0.46795909005 21.0677146196 21.4528334467 54.3517103345 54.6985954782 0.213479606711 0.185421901125 0.14875658637 0.150260509445 0.158185596103 215.051240083 216.310555699 217.521802265 217.973289838 218.78184426 0.194079863246 0.718456757959 0.874007412226 1216.22306155 1216.27096924 1216.4425113 1216.66008615 1216.8231995 3.93630176165
-9999.0 -9999.0 -9999.0 -9999.0 -9999.0 -9999.0 -9999.0 -9999.0 -9999.0 -9999.0 -9999.0 -9999.0 -9999.0 -9999.0 -9999.0 -9999.0 -9999.0 -9999.0 -9999.0 -9999.0 0.648498984192 0.674770558432 1.25391206196 17.1397692592 17.8084875003 0.940817582626 1.78271080221 2.6397837946 3.35493834984 0.667775762915 1.23378960403 43.4304361172 43.8638212798 44.286375313 47.4549740841 102.555730632 206.86763339 207.372398654 207.816840585 208.239579318 210.023564889 210.593503388 1.02707609561 0.457925421788 0.26557104894 0.498377669052 0.358169503711 0.56717565405 0.171221429437 4.36962739649 4.67147747076 4.91408434528 4.98229381016 1216.90449831 1221.01471654
-9999.0 -9999.0 -9999.0 -9999.0 -9999.0 -9999.0 -9999.0 -9999.0 -9999.0 -9999.0 -9999.0 -9999.0 -9999.0 -9999.0 -9999.0 -9999.0 -9999.0 -9999.0 -9999.0 -9999.0 -9999.0 0.664711943761 1.27227844974 1.88242661228 18.3265080078 0.748183886671 25.4498142815 26.3380549555 27.0376802745 27.6466459182 41.071864236 41.6565454404 0.474195643324 2.32958506753 2.81071012963 0.430037097898 103.804165651 103.035875859 0.232795990146 0.53321057359 1.42144286138 0.312608038205 0.32030375789 0.23542256375 0.193810295038 0.152117741171 0.171514735431 3.81601230508 3.98930570546 4.20026077934 0.180326430256 0.160287146182 5.06828034676 5.15519501672 5.2054590834
-9999.0 -9999.0 -9999.0 -9999.0 -9999.0 -9999.0 -9999.0 -9999.0 -9999.0 -9999.0 -9999.0 -9999.0 -9999.0 -9999.0 -9999.0 -9999.0 -9999.0 -9999.0 -9999.0 -9999.0 -9999.0 0.612858304808 0.572362775971 2.96553604074 22.5133280194 23.8659928275 24.6083024239 0.927590454189 11.8423698852 12.5209754388 12.8352488681 0.565828458491 1.070253496 1.50643185034 25.1181439675 25.4486326703 25.7280565942 102.527607275 59.8413739657 0.292638896616 0.30162067194 0.289971584545 0.221472712962 2.38822669528 2.82981874741 3.21792479511 3.42821215122 3.63012530163 27.4869821492 27.6286794181 27.8271853279 28.3507437494 30.3105556523 30.3792113978 35.6539004235
-9999.0 -9999.0 -9999.0 -9999.0 -9999.0 -9999.0 -9999.0 -9999.0 -9999.0 -9999.0 -9999.0 -9999.0 -9999.0 -9999.0 -9999.0 -9999.0 -9999.0 -9999.0 -9999.0 -9999.0 -9999.0 -9999.0 1.19709429254 1.82199250827 0.678933790652 0.962406122486 8.42528450629 9.40631440775 10.1557697022 5.13317843891 5.82503626658 6.51178680056 6.99453988994 24.3772822032 24.8185707647 15.9836491176 42.0682890385 42.4037950857 59.5942467652 0.624041299545 0.312778884963 0.22016397664 1.67328262486 1.95380550964 0.162918740072 0.151717283017 26.8095824411 27.1778410744 27.3529135572 0.261952830577 0.380672517931 29.9894149946 0.211109228711 0.556461598481 0.609855257549
-9999.0 -9999.0 -9999.0 -9999.0 -9999.0 -9999.0 -9999.0 -9999.0 -9999.0 -9999.0 -9999.0 -9999.0 -9999.0 -9999.0 -9999.0 -9999.0 -9999.0 -9999.0 -9999.0 -9999.0 -9999.0 -9999.0 0.597813127788 1.18455250954 5.03569476203 5.73283490341 6.56666618856 3.64890010877 4.44435038578 0.699368463635 15.7020652847 16.3462662449 16.9378142349 0.486635760723 15.154817414 15.6078800214 0.346470020581 57.9525492825 0.705809604433 0.351208072712 0.914982561397 1.22879074519 0.229773381648 0.186718611569 24.8701786048 26.4746205459 26.691251921 0.224923973522 0.483873475935 0.614033015768 0.742170174436 1.46847992817 0.200158687112 0.461760837539 0.0839889630796
