data/baseflow/History/mHMbfrc317
ncols                  80
nrows                 72
xllcorner      4374000.0
yllcorner      5656000.0
cellsize            500
NODATA_value       -9999
[rows 0 to 23 of 72, columns 0 to 54 of 80]
-9999.0 -9999.0 -9999.0 -9999.0 -9999.0 -9999.0 -9999.0 -9999.0 -9999.0 -9999.0 -9999.0 -9999.0 1.23623304281 0.953535376151 -9999.0 -9999.0 -9999.0 -9999.0 -9999.0 -9999.0 -9999.0 -9999.0 -9999.0 -9999.0 -9999.0 -9999.0 -9999.0 -9999.0 -9999.0 -9999.0 -9999.0 -9999.0 -9999.0 -9999.0 -9999.0 -9999.0 -9999.0 -9999.0 -9999.0 -9999.0 -9999.0 -9999.0 -9999.0 -9999.0 -9999.0 -9999.0 -9999.0 -9999.0 -9999.0 -9999.0 -9999.0 -9999.0 -9999.0 -9999.0 -9999.0
-9999.0 -9999.0 -9999.0 -9999.0 -9999.0 -9999.0 -9999.0 -9999.0 -9999.0 -9999.0 -9999.0 -9999.0 2.52008601869 5.38473785369 0.834139610422 -9999.0 0.609652846126 -9999.0 -9999.0 -9999.0 -9999.0 -9999.0 -9999.0 -9999.0 -9999.0 -9999.0 -9999.0 -9999.0 -9999.0 -9999.0 -9999.0 -9999.0 -9999.0 -9999.0 -9999.0 -9999.0 -9999.0 -9999.0 -9999.0 -9999.0 -9999.0 -9999.0 -9999.0 -9999.0 -9999.0 -9999.0 -9999.0 -9999.0 -9999.0 -9999.0 -9999.0 -9999.0 -9999.0 -9999.0 -9999.0
-9999.0 -9999.0 -9999.0 -9999.0 -9999.0 -9999.0 -9999.0 -9999.0 -9999.0 -9999.0 1.26076968968 1.21947276128 1.25544219837 1.19799511702 7.6759530901 8.61290202781 1.73035062156 0.549875537496 -9999.0 -9999.0 -9999.0 -9999.0 -9999.0 -9999.0 -9999.0 -9999.0 -9999.0 -9999.0 -9999.0 -9999.0 -9999.0 -9999.0 -9999.0 -9999.0 -9999.0 -9999.0 -9999.0 -9999.0 -9999.0 -9999.0 -9999.0 -9999.0 -9999.0 -9999.0 -9999.0 -9999.0 -9999.0 -9999.0 -9999.0 -9999.0 -9999.0 -9999.0 -9999.0 -9999.0 -9999.0
-9999.0 -9999.0 -9999.0 -9999.0 -9999.0 -9999.0 -9999.0 -9999.0 -9999.0 1.23916996817 2.4754931643 4.89703024288 2.41230385698 1.17081627163 2.29058390606 9.74557961563 12.9411562802 0.674404971527 -9999.0 1.21616775792 -9999.0 -9999.0 -9999.0 -9999.0 1.20958378468 0.602410151408 -9999.0 -9999.0 -9999.0 -9999.0 -9999.0 -9999.0 -9999.0 -9999.0 -9999.0 -9999.0 -9999.0 -9999.0 -9999.0 -9999.0 -9999.0 -9999.0 -9999.0 -9999.0 -9999.0 -9999.0 -9999.0 -9999.0 -9999.0 -9999.0 -9999.0 -9999.0 -9999.0 -9999.0 -9999.0
-9999.0 -9999.0 -9999.0 -9999.0 -9999.0 -9999.0 -9999.0 -9999.0 1.33772568671 3.84900664644 5.02466662276 6.20529167998 8.43333353623 1.10243194321 4.44959095541 5.53987190635 20.3772381176 1.03784025888 1.10784964974 2.30311873492 3.36048688403 1.09823749416 -9999.0 3.34804299461 2.73500268311 0.804029580049 -9999.0 -9999.0 -9999.0 -9999.0 -9999.0 -9999.0 -9999.0 -9999.0 -9999.0 -9999.0 -9999.0 -9999.0 -9999.0 -9999.0 -9999.0 -9999.0 -9999.0 -9999.0 -9999.0 -9999.0 -9999.0 -9999.0 -9999.0 -9999.0 -9999.0 -9999.0 -9999.0 -9999.0 -9999.0
-9999.0 -9999.0 -9999.0 -9999.0 -9999.0 -9999.0 1.38120070857 1.28312772771 1.22129677247 1.23269719779 1.22896604309 8.66123728828 18.2538295039 19.406260243 20.4118650501 0.97650498134 22.4211667818 23.4903895051 2.1722334204 1.05643121766 4.39412786117 7.61801075667 1.11760023027 6.68521836201 1.18860223006 1.16829400498 1.23797759205 -9999.0 -9999.0 -9999.0 -9999.0 -9999.0 -9999.0 -9999.0 -9999.0 -9999.0 -9999.0 -9999.0 -9999.0 -9999.0 -9999.0 -9999.0 -9999.0 -9999.0 -9999.0 -9999.0 -9999.0 -9999.0 -9999.0 -9999.0 -9999.0 -9999.0 -9999.0 -9999.0 -9999.0
-9999.0 -9999.0 -9999.0 -9999.0 -9999.0 -9999.0 2.70738070216 3.98333502128 8.97839278735 12.58231433 1.12397914828 1.142998239 1.09598129137 3.2489426671 24.6804006887 0.95178486998 24.5033277965 28.4802982427 3.15672812958 2.03775807654 8.61020380805 1.06377380552 7.74314298851 2.24432357444 1.14685976539 2.28670156442 2.42769148383 1.16522796444 1.18082504478 1.16720601849 1.20845478251 2.43380506894 -9999.0 -9999.0 -9999.0 -9999.0 -9999.0 -9999.0 -9999.0 -9999.0 -9999.0 -9999.0 -9999.0 -9999.0 -9999.0 -9999.0 -9999.0 -9999.0 -9999.0 -9999.0 -9999.0 -9999.0 -9999.0 -9999.0 -9999.0
-9999.0 -9999.0 -9999.0 -9999.0 -9999.0 1.39888930296 2.72711923395 1.3035322081 2.54518292418 13.8359410682 16.1660329637 18.4656478579 57.2909294015 1.07474911863 25.7552484151 91.1114521882 91.8487740092 121.570137569 0.795553558393 3.02689382064 9.61318353875 0.997176073268 20.1145868086 11.3441651821 7.0079694183 5.87551217719 1.18261699302 3.48175087174 3.44803299411 2.30757588314 1.13858647279 3.61024863351 1.1529845991 1.14808614035 -9999.0 -9999.0 -9999.0 -9999.0 -9999.0 -9999.0 -9999.0 -9999.0 -9999.0 -9999.0 -9999.0 -9999.0 -9999.0 -9999.0 -9999.0 -9999.0 -9999.0 -9999.0 -9999.0 -9999.0 -9999.0
-9999.0 -9999.0 -9999.0 -9999.0 -9999.0 1.3978979729 4.06384729205 8.09419323686 9.32624871833 18.3702371647 19.5466122478 23.1919618198 37.7527199781 60.3038567043 62.4350619822 63.4230351745 1.87871829953 124.913667228 126.609513962 131.572868016 165.362767906 23.1719785746 21.1707641799 8.06286714762 1.04693435022 6.80260254175 4.60811203406 1.09004135305 4.49795140284 1.00287439466 2.10575880151 5.80346822281 6.90445566405 2.2479006455 1.11048654537 1.10596842082 -9999.0 -9999.0 -9999.0 -9999.0 0.690691492622 0.570228438219 -9999.0 -9999.0 -9999.0 -9999.0 -9999.0 -9999.0 -9999.0 -9999.0 -9999.0 -9999.0 -9999.0 -9999.0 -9999.0
-9999.0 -9999.0 -9999.0 -9999.0 -9999.0 1.37284216045 1.30443214733 5.32270834683 6.56027590563 7.83325307743 1.23384870955 2.45362346435 13.7775899064 2.45401998744 1.16862176298 1.11971960429 1.02068585144 1.1258097097 1.08468700132 1.09103268451 166.398855856 169.414318229 0.995257743946 3.07045038764 2.08458089502 7.85746716327 2.18855552581 1.07789735511 5.58045642867 1.96781149438 4.72334017982 12.2039958607 11.3334895611 3.34912459518 3.33281219388 1.10875754406 1.113631268 -9999.0 -9999.0 1.11620549633 1.59522869393 3.36254153593 0.604016178122 -9999.0 -9999.0 -9999.0 -9999.0 -9999.0 -9999.0 -9999.0 -9999.0 -9999.0 -9999.0 -9999.0 -9999.0
-9999.0 -9999.0 -9999.0 -9999.0 -9999.0 -9999.0 1.37265524981 1.36133765999 2.66208135248 3.94783450364 8.92151775394 11.4090492035 12.6394676099 1.30929510607 1.09041062038 14.1714716987 17.465448011 18.5331185614 22.8711971809 23.9080703197 1.03886952428 170.438866499 175.477455049 4.03340524858 0.829045448096 8.81220833296 19.7384279035 7.71792727253 2.01640961352 0.996133117403 18.8716061452 13.2194588171 1.02425667305 1.03307053753 4.38684697767 3.2588504272 1.07868767069 1.1118973156 1.07049803567 2.16495911575 1.04944868673 4.09341547431 5.15749184925 1.05969946669 -9999.0 -9999.0 -9999.0 -9999.0 1.17468026017 1.13528681295 0.279567128371 -9999.0 -9999.0 -9999.0 -9999.0
-9999.0 -9999.0 -9999.0 -9999.0 -9999.0 -9999.0 -9999.0 1.3849715215 1.21592215086 2.49675715143 3.76003047025 1.26050614004 1.19491413914 7.28705260959 9.641509943 12.0063411079 1.11212742134 2.2099850542 1.08810001081 24.9408427757 54.8673110149 55.5395730211 232.898453997 1.01933332858 2.46660002621 0.785870568922 20.773411686 0.99594598112 3.03335990337 0.992490512616 19.8749501357 20.8643593279 2.04464439601 2.02488987085 10.8255894875 5.39438784619 2.20893288204 1.10083692778 2.14693316836 3.22186876765 5.29457684822 1.05084581169 7.34925387241 8.48730527415 1.09162866281 1.12565292888 1.15213352904 1.10588778565 1.07647154306 3.37936358597 1.22541898791 0.786252453938 -9999.0 -9999.0 -9999.0
-9999.0 -9999.0 -9999.0 -9999.0 -9999.0 -9999.0 -9999.0 -9999.0 2.54852698796 3.73705656097 1.24998072824 2.51324940771 3.71586842205 6.1590852965 1.24535769475 1.20674735061 1.08222746706 1.10477416848 1.04493172187 27.8303156584 1.09407600137 2.16293076735 235.870031049 238.534025482 1.56354736591 5.52797248555 27.3441889181 1.95577752038 3.9645832048 1.91460171994 2.85702614533 24.8054400348 2.99615425494 15.759589311 12.7773843368 0.974778083741 5.31298849561 2.11378436627 3.15051977228 1.01711992381 6.36165638191 8.50735648962 9.5614726515 10.5880030081 12.6749013415 2.10037063508 2.162824719 2.08027647238 2.01543786333 4.34546809636 0.93334280746 2.94930422659 3.80255799557 -9999.0 -9999.0
-9999.0 -9999.0 -9999.0 -9999.0 -9999.0 -9999.0 -9999.0 -9999.0 1.30925111407 6.32319150693 7.5531141475 1.23632643679 2.43622339672 1.20155370263 1.15472794244 1.12940514939 14.0073535536 18.7737025676 23.0546881526 27.1229558844 1.03887150611 1.08111401384 1.3279339957 243.781672011 246.647993025 248.136136636 36.8871090446 8.0099040471 6.93236270943 0.97166024577 3.78428184079 29.5317138874 0.941410815805 16.7149308428 0.967486978444 6.75669720449 6.33914374592 1.00115147555 4.14118979597 2.00548534556 2.98348118457 1.06962222858 1.02181066004 11.607846885 12.5815622985 13.6465159399 3.16979254881 3.06373800026 2.98337514493 5.29439492985 7.16248317053 0.928816598928 4.66538860079 0.882106226433 1.71590533816
-9999.0 -9999.0 -9999.0 -9999.0 -9999.0 -9999.0 -9999.0 -9999.0 -9999.0 1.30177560665 8.80437257473 10.0373371514 3.65304513515 6.06872925297 8.38926693014 9.55631613998 1.17385398474 3.6694638213 2.3968767355 1.16791469962 1.18229781677 1.10494113203 2.24085182956 4.08570306019 1.7015832506 288.149112971 289.729319807 1.48598696015 1.03842802729 1.89539428477 2.82530725241 32.3179368844 1.86110421749 17.6221717512 10.367289668 8.51789323168 0.972024042326 1.95905273188 5.08155613718 0.932646896769 3.90138862107 2.00572363087 1.85725102495 0.858325263316 15.2048389116 29.7013085112 3.96342018517 3.87178579286 3.82336226338 0.822963839059 7.98594096982 0.811571287204 6.37465448268 0.806611877675 2.53816064792
-9999.0 -9999.0 -9999.0 -9999.0 -9999.0 -9999.0 -9999.0 -9999.0 -9999.0 -9999.0 1.21716081736 12.4957767345 1.216478641 2.43427659008 3.57896318417 5.92453457171 1.21950966078 2.51176830912 1.23868520582 1.2105890615 1.14438121073 2.28337943248 1.07037586488 1.26548634066 2.90547406935 1.71138291982 291.210512141 294.162804303 298.257986616 3.92607005911 0.914136343331 1.8177780352 33.2366286672 32.5835986069 12.2609887805 0.937954505144 3.8701011895 2.91373498208 6.02505364538 1.87274475186 7.75416462406 2.92673652162 2.73815874523 0.738961913918 0.869892078242 30.6916505821 31.6028192682 40.2766216965 6.36150563566 1.68420265769 8.86152714283 10.5213950626 17.682946898 1.60018385955 0.767489415808
-9999.0 -9999.0 -9999.0 -9999.0 -9999.0 -9999.0 -9999.0 -9999.0 -9999.0 -9999.0 -9999.0 0.612361496098 13.8582784684 1.19167768089 2.32990997662 10.6399763538 1.25784612218 1.2599394709 1.13884947714 2.35308886152 1.1047749417 4.50263219231 6.66543191056 7.71491543048 4.0078342356 5.39798021521 1.57779275593 1.68615142313 1.49170108382 304.473321404 307.385551471 34.1109376499 34.2976852616 33.4507270208 1.80094764621 0.886603936291 4.76014316635 12.5735911044 6.92686907278 2.77417682728 11.4140651728 5.72273853927 4.86249299969 1.40715055594 0.646837231364 0.64851617184 0.700006634251 43.3805693678 52.2958746641 0.799237937331 0.766562977738 0.790401697633 18.4445393947 20.7705910044 1.43321308997
-9999.0 -9999.0 -9999.0 -9999.0 -9999.0 -9999.0 -9999.0 -9999.0 -9999.0 -9999.0 -9999.0 0.575425142536 15.2771005423 18.8903675857 1.13789772208 12.9451462959 1.18281310604 1.14063183983 2.20425401031 5.63475605326 1.07658016827 1.1147525365 1.04677355836 9.84967108307 10.8653717582 17.3261115842 20.0034587806 21.2895944186 22.7418812918 24.1640899463 332.913255759 369.561054524 406.305490513 407.335103436 1.0658618486 0.894698717292 14.3525802247 13.4739625838 0.882108665905 0.869362240554 12.2381390449 18.8433504262 0.797027518906 9.60175317299 8.87845880213 2.84867653116 1.45223266985 2.27113946659 0.937337677896 54.0149643178 0.877117052808 2.40271132373 3.13408672449 26.2279984893 28.2350213453
-9999.0 -9999.0 -9999.0 -9999.0 -9999.0 -9999.0 -9999.0 -9999.0 -9999.0 -9999.0 -9999.0 1.28354154439 2.46597969524 20.0580299011 22.2779088067 1.13751937381 15.0467295618 1.06069250571 3.19928546394 6.6619919394 2.10081765713 1.02222037339 2.14584020333 1.0223953416 1.94354714061 0.914188660614 0.870546348836 0.773947752816 0.740171775981 0.794217708558 0.927412679911 1.22629841939 1.43269576545 1.51336025415 411.048181709 18.6694185886 16.6567491926 1.0939679484 2.6012390842 0.64254001199 0.512786395012 19.6794260586 31.8138306464 10.4931824549 7.56853354801 1.49655440571 0.726869919401 0.689107166577 1.50302786562 56.3744187172 58.0573716578 0.865207873709 0.879062479088 0.829731687956 0.624288783602
-9999.0 -9999.0 -9999.0 -9999.0 -9999.0 -9999.0 -9999.0 -9999.0 -9999.0 -9999.0 -9999.0 -9999.0 1.17136277371 15.2155459549 38.6211162457 42.0307000982 58.1420092276 59.0486414009 14.8970662015 10.8387333066 3.14647887419 1.01329211949 4.15791194739 5.1603196063 8.02572479956 1.86023128232 1.78154029657 1.69544544075 3.33813796383 1.6861598862 1.79385232917 0.784508832966 0.677684241749 0.889236064206 412.214323924 431.459041078 432.578771392 1.1420686141 7.72335711573 2.87681531245 0.875050860448 34.4785998334 1.84545199416 0.945105877504 3.87076998708 0.873970888202 0.876495312129 1.70908273826 2.4593605083 3.26498534381 59.5589713422 0.7267337547 0.66361295825 0.665023453738 0.568284514065
-9999.0 -9999.0 -9999.0 -9999.0 -9999.0 -9999.0 -9999.0 -9999.0 -9999.0 -9999.0 -9999.0 1.25748222732 11.6032899594 14.0666402905 2.31338886543 0.65556362065 1.56185412384 61.6959393023 62.6413993666 78.3720131212 0.958534985896 1.96362341995 0.908724347612 0.927566884766 8.9395274882 11.7123186057 14.3720297845 0.873065387657 4.21523464999 6.75978201415 4.24943746709 1.62520586432 1.42996504709 1.51503101503 1.65898744656 1.04371327475 433.58236422 434.498990462 444.125946427 1.60690826689 0.813672815836 35.0729461671 1.90946987192 0.980862715559 1.02278325967 1.01129673762 0.957648449654 1.87781281238 5.4246854311 9.55002732874 69.8254823612 0.573989709158 1.74188664954 1.18492592144 1.0465201731
-9999.0 -9999.0 -9999.0 -9999.0 -9999.0 -9999.0 -9999.0 -9999.0 -9999.0 -9999.0 -9999.0 1.28570835862 7.9370679984 1.25169632998 1.14653198895 5.73403200285 6.78348201096 7.87020719921 8.90481096812 106.544070421 107.365564445 109.168573556 122.882250197 125.775890446 127.58975976 128.53342764 145.241857915 147.566859246 148.421064834 156.089852886 161.244102169 162.086916566 165.088586931 2.31892331535 2.32409618786 0.764836467497 0.885563302975 435.476588822 447.616816385 2.53402241384 40.0626785243 39.3267169213 3.70743397958 0.908634868176 0.93371143129 0.91503058591 0.899376903345 1.81315317881 2.69191793635 0.902038803807 70.5220788621 71.2495859571 74.8220798796 75.4476071916 77.0854815536
-9999.0 -9999.0 -9999.0 -9999.0 -9999.0 -9999.0 -9999.0 -9999.0 -9999.0 -9999.0 -9999.0 4.05203631927 5.35576925965 2.51491651499 3.71876509775 1.19129856963 13.8536467542 15.0024180512 17.2601431913 18.2365430023 7.61334092422 118.234978829 119.077276056 1.02458534685 0.887071259034 0.833773683075 1.73933227752 0.815395662315 0.699027089019 0.648749231803 0.676544502967 162.859017846 165.881716527 168.960960273 171.977186833 175.113956386 1.57396372474 0.611224626908 490.12219425 41.6192028816 40.8208478603 0.834416203574 0.836843507294 0.804466758816 1.74880824664 1.73889234978 0.799955903183 0.801957019705 0.759634570381 1.649029018 2.28750849095 0.524146831291 0.953068502332 0.401733874792 0.325808474003
-9999.0 -9999.0 -9999.0 -9999.0 -9999.0 -9999.0 -9999.0 -9999.0 -9999.0 -9999.0 -9999.0 -9999.0 2.73768848817 1.27939712882 1.21228924915 11.5710231392 12.7576982106 1.17305750623 4.70516293728 5.76813492392 6.78287579088 1.07427083374 1.04438493578 19.5895341955 20.5546598099 21.488720065 54.8143976177 55.6195549477 57.0430280213 63.3288802166 67.4797770165 68.1192402946 0.560088283626 0.582233557427 0.565132785484 176.452502895 0.672755905558 498.39598411 497.31861731 6.37276445603 5.45902455054 3.2545605147 0.811726115929 1.60932321645 2.57319700742 2.56287084019 1.57792254326 0.773637575883 1.52704879992 1.50260870635 2.97055314395 0.431145971773 1.42017490447 2.40008842596 3.09420832328
