data/baseflow/History/mHMbfrc579
ncols                  80
nrows                 72
xllcorner      4374000.0
yllcorner      5656000.0
cellsize            500
NODATA_value       -9999
[rows 24 to 47 of 72, columns 0 to 54 of 80]
-9999.0 -9999.0 -9999.0 -9999.0 -9999.0 -9999.0 -9999.0 -9999.0 -9999.0 -9999.0 -9999.0 -9999.0 1.27012158057 3.6775003866 4.86722848859 8.45534092242 1.12370615583 2.25189226286 3.30672873291 12.4641825334 13.3104707001 13.8833749599 14.7690731897 15.7657809537 25.1352706268 28.013533601 29.4620272219 0.503242067427 3.42958900806 3.84600130319 55.6689384269 57.6605011791 58.426576725 59.1965348755 60.0631869692 226.509859226 0.838473316292 478.558219453 1.14506721918 0.450625789083 4.50096106693 3.95475619188 0.602838274604 2.35498550375 3.2980293101 3.28353425143 2.31441794475 3.81408836449 6.06346381059 2.27531142982 5.99542699837 0.534012380699 0.74762475128 0.246421173931 0.205722383585
-9999.0 -9999.0 -9999.0 -9999.0 -9999.0 -9999.0 -9999.0 -9999.0 -9999.0 -9999.0 -9999.0 -9999.0 1.23583133448 2.46070708893 1.18371312205 2.38047737066 1.10480491676 8.16852849014 10.3409707582 11.4186690091 1.01487442193 1.92083557986 18.8689259307 23.3735829162 24.187054592 1.91184883891 1.87615290263 2.62901223422 0.401258240541 0.391591161041 0.758440980675 0.445804824443 29.0921508988 29.6045491261 30.3212994481 227.18541061 483.298825254 479.135342865 0.805403732006 0.322055007279 0.305420959552 1.27796723907 0.956772696308 2.79537040577 3.93106005635 7.95796638893 0.740895349486 0.743690186069 6.69347704427 7.32402601401 14.5435570987 15.0509283914 16.0480256502 16.5207674018 0.458797854503
-9999.0 -9999.0 -9999.0 -9999.0 -9999.0 -9999.0 -9999.0 -9999.0 -9999.0 -9999.0 -9999.0 -9999.0 -9999.0 1.21847721698 2.42882330418 3.63179488677 5.89094336359 1.17592647213 1.108752335 7.80867773834 8.83830028391 17.1975964472 18.1764832233 2.80524705465 0.995897803511 0.977270460376 0.921297471147 26.3311975589 26.9397891598 27.3928253143 27.7676784709 28.6207747229 5.12022606799 5.77001606223 36.838771842 747.634392908 3.39696123282 2.84277622179 1.24789680843 0.35103217289 0.295730933511 1.89759265494 2.17396607356 3.39935195202 0.301169536287 8.32634338322 1.22806828739 1.20852512232 0.298911552594 0.250359177335 0.224927466949 0.297556275907 0.22000748728 16.7342113406 219.632335201
-9999.0 -9999.0 -9999.0 -9999.0 -9999.0 -9999.0 -9999.0 -9999.0 -9999.0 -9999.0 -9999.0 -9999.0 -9999.0 -9999.0 1.19438356324 2.34747669824 3.40490062546 4.48996653674 5.59384224279 6.71413193497 3.28503582088 5.41185517746 0.987836616739 0.983138992949 21.6886592277 23.6061816995 24.5230692015 25.4891198629 0.796508930984 1.4474861196 3.64943219695 4.1302797778 4.59990656426 0.661807693303 0.73542749897 749.449153308 0.598058364875 0.976144589841 0.49543051968 1.43522989507 0.673575470851 0.448556063121 5.98007579483 6.41205344708 0.341076656336 8.7059524541 10.2210296922 1.48566673431 229.763337969 229.181325811 228.657610181 227.534605853 226.945786814 220.728584556 220.359004049
-9999.0 -9999.0 -9999.0 -9999.0 -9999.0 -9999.0 -9999.0 -9999.0 -9999.0 -9999.0 -9999.0 -9999.0 -9999.0 -9999.0 0.251390776965 0.588710993315 1.05341529996 9.13769685344 10.282437806 1.14330070268 1.10208371132 1.07294053323 17.7112533945 19.7558587307 0.982946804328 0.985440653742 0.905204494371 3.61717639872 4.49121564146 2.34441939812 2.9103962625 20.2826049621 20.9390082018 22.2610384311 35.4312496243 785.233952098 0.606879562588 0.464455779579 2.18747576426 1.79376455624 0.352800783635 1.17687013845 1.55171268442 6.83520367207 7.22776514455 18.3543336889 10.4381913174 1.66891643044 236.275781013 3.43064484803 228.164153013 227.860232056 5.72582672425 0.310577862348 0.482460731415
-9999.0 -9999.0 -9999.0 -9999.0 -9999.0 -9999.0 -9999.0 -9999.0 -9999.0 -9999.0 -9999.0 -9999.0 -9999.0 -9999.0 1.31674351566 2.15144768876 4.56275003567 7.95755193538 11.24230337 13.520751514 14.6006270971 15.6824805182 16.7173491607 1.02228928733 0.962607961194 1.90163214992 1.81537875414 0.91308375909 17.5155749133 18.3794806319 19.196798927 19.9636316462 11.0651438106 11.6184019588 12.4349846078 785.530918855 0.989427422398 1.18597264905 3.57477279028 0.328389507342 0.766038617881 0.395887128224 0.35598392129 1.92079771432 0.335586114634 0.355189666163 256.434433029 237.772763249 237.40585389 1.19844781314 3.14640439995 2.02849041094 0.485127189517 5.05154869592 1.46887885607
-9999.0 -9999.0 -9999.0 -9999.0 -9999.0 -9999.0 -9999.0 -9999.0 -9999.0 -9999.0 -9999.0 -9999.0 -9999.0 -9999.0 0.915938579401 0.847777950265 1.65008738811 2.53497646296 1.14272312375 1.15467362543 2.27196431975 3.38007794243 5.46299440122 6.49784352918 7.47056107665 10.3518264362 11.2521357193 12.1762075636 0.863763613927 8.7211366494 9.45913667296 10.0479389228 0.424821839101 0.213768313316 0.416936886924 797.868871278 798.154996174 799.742682378 4.43539092509 0.632925463301 1.29835921803 0.440235236495 0.655326426147 2.2326317166 2.85684231755 0.655449375911 258.038147156 0.525616378143 0.681413302198 0.723767459502 0.638887329338 1.09887089619 0.488549758517 3.18845606577 2.35632044105
-9999.0 -9999.0 -9999.0 -9999.0 -9999.0 -9999.0 -9999.0 -9999.0 -9999.0 -9999.0 -9999.0 -9999.0 -9999.0 -9999.0 -9999.0 0.799965428251 1.59029674345 0.813408869994 1.66913046808 10.4633233638 11.5486643528 12.6544092123 1.04734222681 1.0384477575 2.01575932527 2.98581030162 4.79288010568 5.69363671886 6.17268801271 7.00526893888 0.743980908034 0.647485915265 10.8972605344 11.0914171571 11.3489484853 11.622839436 9.51592332902 810.403375329 816.674201919 816.942895672 818.494605666 819.940160252 821.052452253 0.3730020848 3.17010631797 258.41883975 0.983326987151 0.501986832349 0.488769654216 0.408962810667 0.711355154668 0.638568170821 0.351866775633 0.437985511804 0.39371734545
-9999.0 -9999.0 -9999.0 -9999.0 -9999.0 -9999.0 -9999.0 -9999.0 -9999.0 -9999.0 -9999.0 -9999.0 -9999.0 -9999.0 -9999.0 -9999.0 2.36232077809 3.24188605177 5.81855079203 7.82323029556 1.09316767492 14.8688445955 15.9002522713 16.9319555353 0.997986505583 1.97980530115 0.908569713931 6.62737968939 7.08530101892 7.81612682161 8.57361456562 10.3943918917 10.559890135 0.124045505427 8.43586231399 8.97738182299 9.24865690232 10.3665603468 1.54607371683 1.02818080488 0.664865956293 0.631776222619 822.143131942 822.726489092 828.076408811 258.837924088 2.51087557858 1.14033920676 0.778771527033 0.249293342957 2.01852996467 1.01540211387 0.323189491383 1.66204134187 1.37431882915
-9999.0 -9999.0 -9999.0 -9999.0 -9999.0 -9999.0 -9999.0 -9999.0 -9999.0 -9999.0 -9999.0 -9999.0 -9999.0 -9999.0 -9999.0 -9999.0 0.878675524792 4.09687876736 5.00430770257 1.15541501253 1.11058400789 2.2123782798 3.2328469239 21.189269475 0.997697071034 3.9880478079 4.90871440201 5.81127069634 0.480778960367 1.17293489423 1.53555685475 6.90106041491 7.56646793287 7.78536038512 0.25786754956 0.264246418907 0.314814785588 0.573722112332 0.246167576715 0.269600120315 0.573155241076 0.44128287281 0.51777597722 1.71791132513 828.691111828 1089.10675381 3.18232111066 0.395176245202 0.300737195397 6.01649462609 5.4846780779 3.12749083176 2.78372767031 2.06271937939 0.427417872135
-9999.0 -9999.0 -9999.0 -9999.0 -9999.0 -9999.0 -9999.0 -9999.0 -9999.0 -9999.0 -9999.0 -9999.0 -9999.0 -9999.0 -9999.0 0.719671724262 2.41453073309 0.81144850472 1.21790761096 1.1852840623 2.30765216465 3.41192236991 4.44013317167 26.5059674033 27.4822306239 0.992980760796 1.91648885669 2.83874215488 3.46293164649 4.14122217916 6.0548311508 6.63647686814 0.360361576093 0.403564083532 0.365402667205 0.550371974059 0.586267535842 0.537148835955 0.477096876404 0.52339860436 2.20771789349 0.999724363285 0.538355911809 0.52267139554 0.531868905338 1.01824212 1106.8225351 14.1929468384 7.21766268878 0.557311463589 0.240058188314 0.240745974238 0.829711707845 0.575894351066 0.291335116751
-9999.0 -9999.0 -9999.0 -9999.0 -9999.0 -9999.0 -9999.0 -9999.0 -9999.0 -9999.0 -9999.0 -9999.0 -9999.0 -9999.0 0.750942157628 1.46121332309 5.41034111159 0.802662050761 2.35453087094 3.53382506456 4.66631503947 1.13203926395 2.16662250234 3.16674881104 31.4851812916 0.967957542988 1.86911293437 2.76642240477 0.821212174623 1.61988009577 1.98866813644 2.55048950878 60.2441302119 61.1726543123 62.0818849007 66.2175490271 67.8070887814 71.1634438635 1.20708310037 2.4221360936 2.80872670149 82.8502794916 83.8939291384 0.495631188922 0.927991939557 1.34958605757 1107.24308115 13.5323231363 5.46467828795 5.18075171823 4.64162132261 4.3066619012 1.10749874599 0.268955498607 0.526418685648
-9999.0 -9999.0 -9999.0 -9999.0 -9999.0 -9999.0 -9999.0 -9999.0 -9999.0 -9999.0 -9999.0 -9999.0 -9999.0 -9999.0 0.7601735134 2.30551517857 8.47167113984 12.4679988962 0.732847841101 16.5734108424 22.1051463512 1.09355236355 2.121895063 3.14376105144 40.421568932 41.3104843355 0.861666718169 4.49632880666 5.29812825171 5.94133495277 55.0345006676 56.3259014149 57.268879357 0.477014496401 2.84288242735 3.37701858067 1.63752206894 2.36827974376 74.6129674561 78.1999932498 78.868439879 79.5227006559 84.894317263 0.491521168325 0.457273463449 2.20876802939 1107.73334633 0.536598988555 0.0831403338411 0.3053945264 0.122237274788 3.84981104282 3.47123343141 2.02459124961 1.45805269248
-9999.0 -9999.0 -9999.0 -9999.0 -9999.0 -9999.0 -9999.0 -9999.0 -9999.0 -9999.0 -9999.0 -9999.0 -9999.0 -9999.0 -9999.0 -9999.0 1.61344101781 3.2595710279 14.8502349566 15.7095941209 22.8658073441 23.7373597426 1.05849839115 2.11300735794 5.06437897074 42.1225620772 43.8838193067 44.6773767295 0.687601833723 47.3677790772 48.6567035327 0.855936947032 0.480954267523 0.954818569782 1.87079127136 0.454990730264 0.948081292294 2.22677146755 2.82479520985 0.531063845096 0.424334649996 0.871351680601 87.7714224122 88.7256761072 89.1416673048 92.2729701407 1108.1896669 0.433122429182 0.0685418986593 0.102228841694 0.102988412048 0.104567567733 0.0987967314332 0.188853763185 0.202723176224
-9999.0 -9999.0 -9999.0 -9999.0 -9999.0 -9999.0 -9999.0 -9999.0 -9999.0 -9999.0 -9999.0 -9999.0 -9999.0 -9999.0 -9999.0 -9999.0 0.844323870442 0.830398520569 0.833900465234 1.76243058514 0.788273395945 25.2931861851 26.0936301299 1.01945835031 1.99840110651 0.979440107971 0.864151202494 0.854053394085 46.1291291145 0.412047942132 0.797027684619 0.495400330222 0.500389842083 0.461993653019 0.40185951423 0.410866870372 1.23794330214 1.67135517625 0.364897300327 0.338613062888 0.712643098611 1.13826854532 1.42173867078 0.378836959078 89.6100468176 92.6903562899 1108.53253136 0.968348824384 0.284416202184 0.0743283117339 0.168645014963 0.0668080051885 0.0572153679216 0.250410852586 1.02831262383
-9999.0 -9999.0 -9999.0 -9999.0 -9999.0 -9999.0 -9999.0 -9999.0 -9999.0 -9999.0 -9999.0 -9999.0 -9999.0 -9999.0 -9999.0 -9999.0 -9999.0 -9999.0 0.819899389551 2.5312942913 3.23918927872 3.9987583671 26.8243961495 27.5461407458 28.3055536193 29.2311842136 30.0715351253 31.77709158 32.2100044901 32.5942497354 33.0183309977 0.478616085176 0.45820465761 0.463282326317 1.69542778483 0.433849229715 0.420085117826 0.368627251746 1.08568265701 0.405823593029 0.345316503325 0.328794151443 0.290856378564 0.580882044948 0.854076550682 94.483210439 1204.36376693 0.246950911006 0.58823017913 0.0674157549918 0.226034292916 0.12078898806 0.115031253879 2.13715221633 1.71808327626
-9999.0 -9999.0 -9999.0 -9999.0 -9999.0 -9999.0 -9999.0 -9999.0 -9999.0 -9999.0 -9999.0 -9999.0 -9999.0 -9999.0 -9999.0 -9999.0 -9999.0 -9999.0 -9999.0 0.706567918218 5.45040249247 10.9586633096 11.7732945397 1.05460783138 2.05591712102 3.03857748125 3.90594889488 9.43939908845 9.93565161616 0.486800499512 0.47063184094 34.0482493306 34.9961690142 35.4254712443 2.06461491836 0.352488597462 0.793378458013 1.17214343213 3.49001921708 4.26133849472 4.92474953424 0.626537839967 0.891946836625 0.299955703522 0.611469990136 0.305384407691 1205.01439214 0.252987296001 1.0555233473 0.396713628352 0.872226499343 2.18226879372 2.43105600335 4.6959119148 2.07682581536
-9999.0 -9999.0 -9999.0 -9999.0 -9999.0 -9999.0 -9999.0 -9999.0 -9999.0 -9999.0 -9999.0 -9999.0 -9999.0 -9999.0 -9999.0 -9999.0 -9999.0 -9999.0 0.768737891346 2.42287237202 4.75783262573 6.23574971902 16.2819427984 17.2194196106 2.00609770967 2.99031938736 3.86206494478 4.72594556185 10.3890715489 11.3573929081 19.5384298579 20.1639239309 20.638570306 35.8688731438 39.1423183152 0.799391963493 0.466615923881 0.45710535933 0.8900413722 0.416345283198 5.7215434197 6.03929944622 1.20866494063 1.52637523295 0.378357293599 233.329791076 234.006863846 1439.50806589 1440.95282144 0.234325120448 1.3561650611 0.497642334796 0.413796814295 5.50923888101 7.87042378661
-9999.0 -9999.0 -9999.0 -9999.0 -9999.0 -9999.0 -9999.0 -9999.0 -9999.0 -9999.0 -9999.0 -9999.0 -9999.0 -9999.0 -9999.0 -9999.0 -9999.0 -9999.0 -9999.0 0.856237200814 0.832816018576 1.59388631531 3.80591565314 17.9390089196 1.01718122961 1.00772635122 1.87801452107 2.741579978 6.47994728949 6.98085368978 0.344179376423 0.406389205976 21.1407689818 21.620519381 61.218251333 61.6443589651 0.325375942138 0.298650036348 0.263318723408 0.265275586059 0.271629840953 227.690855203 229.447389616 231.234466251 231.872974751 232.999524721 0.333898023087 1.27082896573 1.67347289692 1443.34092312 1443.60236924 1443.82510919 1444.20618441 1444.46948486 8.33464133044
-9999.0 -9999.0 -9999.0 -9999.0 -9999.0 -9999.0 -9999.0 -9999.0 -9999.0 -9999.0 -9999.0 -9999.0 -9999.0 -9999.0 -9999.0 -9999.0 -9999.0 -9999.0 -9999.0 -9999.0 0.779311918954 0.807654238774 1.51146904432 20.8965750037 21.7167937537 0.999884395104 1.8624701232 2.73443011512 3.2693142874 0.469901947332 0.990040882142 48.7655433187 49.2487364893 49.6731792556 52.7651610739 114.787597969 216.144279914 216.850666293 217.510628652 218.15038467 220.581308124 221.337437851 1.47831761399 0.697402019499 0.393366835332 0.757167907476 0.63194885959 0.981474605156 0.32271643895 6.67976115776 7.60291390249 8.31009650978 8.57579515286 1444.77263619 1453.54519364
-9999.0 -9999.0 -9999.0 -9999.0 -9999.0 -9999.0 -9999.0 -9999.0 -9999.0 -9999.0 -9999.0 -9999.0 -9999.0 -9999.0 -9999.0 -9999.0 -9999.0 -9999.0 -9999.0 -9999.0 -9999.0 0.792479499701 1.52252653007 2.25460722204 22.34185475 0.89240620838 30.7323863603 31.6277245814 32.1231474744 32.6714524983 46.6769188946 47.2401588145 0.485525248879 2.30721571941 2.77491951453 0.473607949342 100.636417612 99.7612538104 0.319778674091 0.698093980809 1.84468076054 0.393145349517 0.413365922916 0.353368947775 0.322242461757 0.272177842491 0.306487884497 5.59313884386 5.9103958988 6.28618529403 0.515096778147 0.36746519701 8.80717944461 9.12749368325 9.34930739654
-9999.0 -9999.0 -9999.0 -9999.0 -9999.0 -9999.0 -9999.0 -9999.0 -9999.0 -9999.0 -9999.0 -9999.0 -9999.0 -9999.0 -9999.0 -9999.0 -9999.0 -9999.0 -9999.0 -9999.0 -9999.0 0.733694040778 0.690486649507 3.56436093614 27.3716189766 28.9966018837 29.870654759 0.900974476034 12.900364344 13.318961141 13.5280524202 0.512230327817 1.03434408395 1.52348309362 23.5179498811 23.9136784984 24.2705671153 99.0883046231 59.9740864225 0.371734151493 0.386885953851 0.37733508487 0.331576100938 3.24689026767 3.94423247975 4.5806325755 4.92943971408 5.26978235343 28.7891734386 29.1210266565 29.4094222507 30.0620237701 33.662232865 33.9104444225 43.5404105456
-9999.0 -9999.0 -9999.0 -9999.0 -9999.0 -9999.0 -9999.0 -9999.0 -9999.0 -9999.0 -9999.0 -9999.0 -9999.0 -9999.0 -9999.0 -9999.0 -9999.0 -9999.0 -9999.0 -9999.0 -9999.0 -9999.0 1.43645730854 2.18539532319 0.81619730346 1.01439761884 9.73702365194 10.6715697414 11.3878244264 4.9686974802 5.35812199274 5.80058990937 6.28611829309 22.6698533847 23.1337967929 13.6920173288 38.3699805958 38.7615943776 59.6485135156 0.777868546623 0.394110227764 0.320114622021 2.20733113377 2.58751146112 0.285071136343 0.271567505114 27.5587045703 28.1975940682 28.5225717409 0.324706700342 0.465205584852 32.9307228481 0.406129979542 1.83888358965 2.07439647991
-9999.0 -9999.0 -9999.0 -9999.0 -9999.0 -9999.0 -9999.0 -9999.0 -9999.0 -9999.0 -9999.0 -9999.0 -9999.0 -9999.0 -9999.0 -9999.0 -9999.0 -9999.0 -9999.0 -9999.0 -9999.0 -9999.0 0.718728411708 1.42469778117 6.03433160241 6.86986034439 7.80617955189 3.77487056247 4.56475700188 0.410244011689 15.138711241 15.5174163472 15.909667096 0.444108201178 12.8004124952 13.2701838064 0.403354249814 57.6751405457 0.819442494747 0.410337695634 1.15853065435 1.55349999707 0.338340670832 0.297125676142 24.5071158332 26.962077475 27.3229053265 0.364109727575 0.899161338637 1.14796006587 1.43411577318 2.66226986011 0.68232574308 1.49935532601 0.322693097298
