data/baseflow/History/mHMbfrc249
ncols                  80
nrows                 72
xllcorner      4374000.0
yllcorner      5656000.0
cellsize            500
NODATA_value       -9999
[rows 0 to 23 of 72, columns 0 to 53 of 80]
-9999.0 -9999.0 -9999.0 -9999.0 -9999.0 -9999.0 -9999.0 -9999.0 -9999.0 -9999.0 -9999.0 -9999.0 0.606004035766 0.733094517501 -9999.0 -9999.0 -9999.0 -9999.0 -9999.0 -9999.0 -9999.0 -9999.0 -9999.0 -9999.0 -9999.0 -9999.0 -9999.0 -9999.0 -9999.0 -9999.0 -9999.0 -9999.0 -9999.0 -9999.0 -9999.0 -9999.0 -9999.0 -9999.0 -9999.0 -9999.0 -9999.0 -9999.0 -9999.0 -9999.0 -9999.0 -9999.0 -9999.0 -9999.0 -9999.0 -9999.0 -9999.0 -9999.0 -9999.0 -9999.0
-9999.0 -9999.0 -9999.0 -9999.0 -9999.0 -9999.0 -9999.0 -9999.0 -9999.0 -9999.0 -9999.0 -9999.0 1.07764135367 3.05072763928 0.630039551927 -9999.0 0.552403707605 -9999.0 -9999.0 -9999.0 -9999.0 -9999.0 -9999.0 -9999.0 -9999.0 -9999.0 -9999.0 -9999.0 -9999.0 -9999.0 -9999.0 -9999.0 -9999.0 -9999.0 -9999.0 -9999.0 -9999.0 -9999.0 -9999.0 -9999.0 -9999.0 -9999.0 -9999.0 -9999.0 -9999.0 -9999.0 -9999.0 -9999.0 -9999.0 -9999.0 -9999.0 -9999.0 -9999.0 -9999.0
-9999.0 -9999.0 -9999.0 -9999.0 -9999.0 -9999.0 -9999.0 -9999.0 -9999.0 -9999.0 0.43960372517 0.425378358338 0.445862876481 0.439387721038 3.87386807335 4.47199041148 1.55343672357 0.496496346972 -9999.0 -9999.0 -9999.0 -9999.0 -9999.0 -9999.0 -9999.0 -9999.0 -9999.0 -9999.0 -9999.0 -9999.0 -9999.0 -9999.0 -9999.0 -9999.0 -9999.0 -9999.0 -9999.0 -9999.0 -9999.0 -9999.0 -9999.0 -9999.0 -9999.0 -9999.0 -9999.0 -9999.0 -9999.0 -9999.0 -9999.0 -9999.0 -9999.0 -9999.0 -9999.0 -9999.0
-9999.0 -9999.0 -9999.0 -9999.0 -9999.0 -9999.0 -9999.0 -9999.0 -9999.0 0.426581206861 0.865445917473 1.71812309727 0.856594632563 0.415094364772 0.813041361221 4.86583490953 7.58574693873 0.561255226565 -9999.0 0.422500318855 -9999.0 -9999.0 -9999.0 -9999.0 1.08900902053 0.553134162727 -9999.0 -9999.0 -9999.0 -9999.0 -9999.0 -9999.0 -9999.0 -9999.0 -9999.0 -9999.0 -9999.0 -9999.0 -9999.0 -9999.0 -9999.0 -9999.0 -9999.0 -9999.0 -9999.0 -9999.0 -9999.0 -9999.0 -9999.0 -9999.0 -9999.0 -9999.0 -9999.0 -9999.0
-9999.0 -9999.0 -9999.0 -9999.0 -9999.0 -9999.0 -9999.0 -9999.0 0.489158178627 1.36855293828 1.7773032762 2.18989947964 2.97177791133 0.383858694507 1.54473133177 1.91728698379 10.5672222752 0.471288686549 0.360845212026 0.790073268828 1.15023210899 0.37511279498 -9999.0 2.84005847021 2.32230082267 0.636447482868 -9999.0 -9999.0 -9999.0 -9999.0 -9999.0 -9999.0 -9999.0 -9999.0 -9999.0 -9999.0 -9999.0 -9999.0 -9999.0 -9999.0 -9999.0 -9999.0 -9999.0 -9999.0 -9999.0 -9999.0 -9999.0 -9999.0 -9999.0 -9999.0 -9999.0 -9999.0 -9999.0 -9999.0
-9999.0 -9999.0 -9999.0 -9999.0 -9999.0 -9999.0 0.487157054246 0.439681795606 0.420607574266 0.429156727051 0.436692125581 3.07360706359 6.4609188131 6.8685148373 7.13687340745 0.223242201656 11.2202049327 11.5826911084 0.726832048835 0.362554330182 1.50353289434 2.60404228315 0.452491541447 4.24706275447 0.393879286078 0.45759525598 0.407105492521 -9999.0 -9999.0 -9999.0 -9999.0 -9999.0 -9999.0 -9999.0 -9999.0 -9999.0 -9999.0 -9999.0 -9999.0 -9999.0 -9999.0 -9999.0 -9999.0 -9999.0 -9999.0 -9999.0 -9999.0 -9999.0 -9999.0 -9999.0 -9999.0 -9999.0 -9999.0 -9999.0
-9999.0 -9999.0 -9999.0 -9999.0 -9999.0 -9999.0 0.97321274129 1.43023172385 3.21744695417 4.46425220458 0.385051089797 0.397083322266 0.381020825575 1.12209422372 8.59805062944 0.275060076486 11.9275666565 13.2777716852 1.06252009824 0.69159496112 2.93798047525 0.359032871832 4.59893205575 0.730642816716 0.369884849006 0.81739680444 0.798421422704 0.387538100844 0.396207789453 0.387185218087 0.415392584152 0.832247564284 -9999.0 -9999.0 -9999.0 -9999.0 -9999.0 -9999.0 -9999.0 -9999.0 -9999.0 -9999.0 -9999.0 -9999.0 -9999.0 -9999.0 -9999.0 -9999.0 -9999.0 -9999.0 -9999.0 -9999.0 -9999.0 -9999.0
-9999.0 -9999.0 -9999.0 -9999.0 -9999.0 0.537598849771 1.03259894105 0.488720469891 0.944736331561 4.92999729207 5.75460951569 6.56759263806 21.3508855644 0.3726544275 8.96875461622 33.2309870105 33.4893230427 47.2403551619 0.293233341623 1.02360786123 3.27407640793 0.333365717824 8.7352999416 3.79355988136 2.36696423955 1.99653228666 0.389046359945 1.1551538279 1.15550155448 0.770162858951 0.38072862746 1.22463085959 0.384277245204 0.379801230271 -9999.0 -9999.0 -9999.0 -9999.0 -9999.0 -9999.0 -9999.0 -9999.0 -9999.0 -9999.0 -9999.0 -9999.0 -9999.0 -9999.0 -9999.0 -9999.0 -9999.0 -9999.0 -9999.0 -9999.0
-9999.0 -9999.0 -9999.0 -9999.0 -9999.0 0.543827707619 1.56962787377 3.11067371387 3.5763060962 7.08641905999 7.51733976387 8.8772390116 14.4095657081 22.5142054529 23.2836987373 23.6457863677 0.640253715614 48.3968631713 48.9839404495 50.6599135914 64.0299426234 9.75813688746 9.08816948814 2.71600907316 0.344118377358 2.23316981427 1.51657029897 0.347152266159 1.5022337001 0.332921053611 0.705133643518 1.95262890748 2.3195715354 0.743105869635 0.370130700573 0.364863904402 -9999.0 -9999.0 -9999.0 -9999.0 0.569337691875 0.496732585058 -9999.0 -9999.0 -9999.0 -9999.0 -9999.0 -9999.0 -9999.0 -9999.0 -9999.0 -9999.0 -9999.0 -9999.0
-9999.0 -9999.0 -9999.0 -9999.0 -9999.0 0.520519861118 0.491323072048 2.08805012689 2.56503843963 3.06092772324 0.463758457424 0.915985369701 5.23500448562 0.940468997795 0.423248037734 0.385756868231 0.347859564085 0.391587498825 0.370106462969 0.374745539091 64.3850469141 65.3827832086 0.328147491404 1.00870534702 0.684647400701 2.57419564849 0.701316365732 0.343745642703 1.85782059453 0.649523411998 1.57830559433 4.07499880953 3.78444351762 1.10302609342 1.10141690917 0.371225579733 0.376038109436 -9999.0 -9999.0 0.382110104176 1.16871167183 2.70175705034 0.522514549432 -9999.0 -9999.0 -9999.0 -9999.0 -9999.0 -9999.0 -9999.0 -9999.0 -9999.0 -9999.0 -9999.0
-9999.0 -9999.0 -9999.0 -9999.0 -9999.0 -9999.0 0.550765724364 0.557347090872 1.03596136306 1.53012349157 3.41243568303 4.34984239485 4.82222847849 0.510476914221 0.375834583434 5.06396814085 6.19728992064 6.5520542233 8.02154405307 8.3610690618 0.339893760837 65.7251788317 67.2859614639 1.22623547238 0.0984246977052 2.82318772679 6.38331657781 2.53765863787 0.649271418132 0.322953775266 6.2927913356 4.41001002552 0.334840383812 0.340173918669 1.45381576875 1.09475531483 0.358849034962 0.365420107257 0.367268770805 0.742122836958 0.36410233605 3.28619114659 3.65789235824 0.368569522643 -9999.0 -9999.0 -9999.0 -9999.0 0.421116660201 0.406251784448 0.105434019959 -9999.0 -9999.0 -9999.0
-9999.0 -9999.0 -9999.0 -9999.0 -9999.0 -9999.0 -9999.0 0.530714673338 0.426023006065 0.941711174931 1.43661137881 0.471832586724 0.422827433705 2.676144439 3.49328646776 4.32522325198 0.389950890515 0.754417873505 0.375930279398 8.7097516037 19.9413228752 20.4717017882 88.5871761522 0.319561093803 0.315665287506 0.0954023035754 6.71265126234 0.321217524609 0.97836767536 0.320293769025 6.61814355414 6.9416009844 0.671054252256 0.667412305269 3.61066692096 1.80618416719 0.737530764839 0.369513751842 0.734190107762 1.10366054566 1.81912001745 0.358202216379 4.40677239121 4.78453903748 0.362907555311 0.375986851306 0.392813040875 0.371484845923 0.366188350903 1.20493719497 0.447912970431 0.285959294246 -9999.0 -9999.0
-9999.0 -9999.0 -9999.0 -9999.0 -9999.0 -9999.0 -9999.0 -9999.0 0.968205813125 1.35237495316 0.465552006111 0.954513077836 1.39750631557 2.28633265489 0.445121500662 0.422031235878 0.362314022945 0.366602201267 0.338250254988 10.5274460659 0.374397040915 0.730673399288 89.9165916534 90.9668542345 0.403980657202 1.11319353492 8.15133181574 0.629214315921 1.27666297406 0.611054580753 0.91737663963 8.23145198497 0.983373958367 5.2390157625 4.2603773393 0.32714121685 1.78471176891 0.71180299472 1.07554840417 0.344460939318 2.18525672714 2.90881445265 3.25672213597 3.59370729949 6.18181167061 0.701167638445 0.735305760878 0.698880003408 0.685170597778 1.54826017312 0.340970031045 1.07634959071 1.39454865918 -9999.0
-9999.0 -9999.0 -9999.0 -9999.0 -9999.0 -9999.0 -9999.0 -9999.0 0.521041029753 2.38151719849 2.83229471986 0.450515248214 0.875983619088 0.424444717155 0.388131502608 0.381467306127 4.84043341826 6.42443905247 8.1370845541 9.96873494741 0.473934983834 0.363964200134 0.416529583577 93.0030917903 94.2867621425 94.7753058245 11.1410256889 2.56354785037 2.22264323686 0.304065537248 1.21199116183 9.74546939887 0.303308724981 5.54803548182 0.322509985345 2.2783603532 2.13192074729 0.337910051371 1.41433627931 0.6817249576 1.02127225911 0.355306472981 0.324118255002 3.92810363258 4.25227153199 6.50536194784 1.0762955443 1.03016645335 1.018748181 1.89264611661 2.57713209367 0.340846064202 1.71955378152 0.333922378889
-9999.0 -9999.0 -9999.0 -9999.0 -9999.0 -9999.0 -9999.0 -9999.0 -9999.0 0.542598918735 3.31591923091 3.75703221325 1.30362276161 2.15521169831 2.93940434085 3.33712289892 0.404037453655 1.2162658318 0.795378466913 0.408197656641 0.395807286777 0.354362458532 0.717023120157 1.26113963276 0.574433256014 107.017768055 107.443641117 0.392921905657 0.311664955911 0.59687844948 0.893967571947 10.6447234153 0.602795749719 5.83878912882 3.47452173051 2.86315223474 0.325464397294 0.657653076844 1.73311186106 0.317209461095 1.33872931783 0.679210037219 0.496871976616 0.134156547029 4.84156207982 11.6348983984 1.35327736019 1.31256298535 1.32873582127 0.305382854046 2.88684722983 0.305247264138 2.35922554736 0.307866069788
-9999.0 -9999.0 -9999.0 -9999.0 -9999.0 -9999.0 -9999.0 -9999.0 -9999.0 -9999.0 0.449518027855 4.66217610387 0.424486648248 0.849970399095 1.23222788421 1.98508316964 0.383032028819 0.804445336295 0.389170758232 0.371469066763 0.352272434343 0.703722539322 0.325852690769 0.380251307165 0.817028869651 0.491077527635 107.97105337 108.837283923 110.003441649 1.22502803771 0.291983263533 0.581887309997 10.9466510171 10.8185485401 4.10346352785 0.310099859036 1.2978005752 0.976790361663 2.05277845998 0.63551217971 2.66016560651 0.999618890578 0.774257598827 0.047676718902 0.150686944837 11.9467881938 12.2658497461 15.2270342911 2.27004548782 0.623799584177 3.21441433473 3.83896753623 6.49927989889 0.612652820718
-9999.0 -9999.0 -9999.0 -9999.0 -9999.0 -9999.0 -9999.0 -9999.0 -9999.0 -9999.0 -9999.0 0.245792505711 5.14179190006 0.406391366893 0.783913079655 3.52719103529 0.393691748247 0.390375685591 0.35086426086 0.729520207236 0.354216072524 1.41246045641 2.07361482676 2.38977381377 1.14215767331 1.50698751494 0.413644103797 0.451299768563 0.476230899088 112.028266804 112.950620174 11.2248450687 11.3744033763 11.0998517784 0.583340680599 0.287120123196 1.59592211869 4.25289396508 2.35952478512 0.940857435586 3.91050263344 1.27062633498 0.970809878718 0.0912147232483 0.043336862931 0.0511320616219 0.0922635041966 15.7303155004 18.914373493 0.300316057254 0.293080069388 0.303502232265 6.79937852164 7.68795484253
-9999.0 -9999.0 -9999.0 -9999.0 -9999.0 -9999.0 -9999.0 -9999.0 -9999.0 -9999.0 -9999.0 0.227763805467 5.6682546915 6.96051888154 0.382243049276 4.28963164249 0.366923204985 0.35033725089 0.691946325693 1.76848181008 0.340143595644 0.355457577215 0.319141415206 3.03611195486 3.34494634264 5.18037971836 5.88130616205 6.1880120174 6.57602139415 6.94108680344 120.361945479 132.216295084 144.254573888 144.673581817 0.331928421952 0.291882404958 4.85015491322 4.55409033746 0.301217087636 0.295829343348 4.19591725378 5.7771032871 0.249093390417 1.99797200645 1.86610099636 0.232739501272 0.157448226136 0.263909160388 0.310629749332 19.5237302039 0.306672688415 0.863110405834 1.1408804429 9.39374015213
-9999.0 -9999.0 -9999.0 -9999.0 -9999.0 -9999.0 -9999.0 -9999.0 -9999.0 -9999.0 -9999.0 0.477147948384 0.905055410847 7.37600345828 8.10844882797 0.373479886294 5.22645700362 0.322174184477 0.979625753784 2.09048148323 0.6612003437 0.319925343711 0.67040569693 0.304089765064 0.58519510198 0.280441662521 0.231442125284 0.132496427335 0.0969946500897 0.0833349207418 0.0851107336144 0.157071938914 0.267650130301 0.408631234616 145.826370628 6.13478875387 5.5257283499 0.320703001376 0.884383676537 0.214296251999 0.177227435284 6.07088407141 8.9437845278 2.3190980815 1.77627636641 0.128907448642 0.0576147563236 0.0512672115293 0.2887558218 20.1202203675 20.7292637062 0.31236741956 0.320134629132 0.180792695631
-9999.0 -9999.0 -9999.0 -9999.0 -9999.0 -9999.0 -9999.0 -9999.0 -9999.0 -9999.0 -9999.0 -9999.0 0.391876307601 5.54629273409 14.0379601229 15.2032764976 20.8399937852 21.4045039973 4.91739410377 3.40479375374 0.986789216344 0.316345612007 1.29744068513 1.60758101205 2.47696295638 0.57066728614 0.508684903752 0.413340974115 0.787316574595 0.356882419478 0.338232271792 0.147505552689 0.0378991486926 0.0741302460682 146.173590346 152.527859662 152.948520201 0.333521194818 2.54564171456 0.987515425835 0.305451802075 9.90580861358 0.672488003361 0.345164339564 1.32640823593 0.217826328508 0.228359280912 0.446157313864 0.699925024213 0.98881346911 21.2815192226 0.267145082996 0.251121886872 0.250656202403
-9999.0 -9999.0 -9999.0 -9999.0 -9999.0 -9999.0 -9999.0 -9999.0 -9999.0 -9999.0 -9999.0 0.444030503076 4.24695947886 5.14083173991 0.799159231734 0.243455703619 0.53525385995 22.2867672353 22.7418832837 28.1844681218 0.296676158175 0.610598167378 0.280042261377 0.283986165632 2.75696159665 3.60713500821 4.38168729027 0.261416349435 1.04996698311 1.66520824534 1.00122215111 0.407024005734 0.212825182144 0.132191865818 0.172402201406 0.123728398581 153.310666587 153.627325253 156.758467479 0.558968595836 0.28673890462 10.3301497212 0.684750615166 0.352775327821 0.377651520856 0.374053127295 0.355183037771 0.583757662644 1.87411658234 3.16700483273 24.71550915 0.223858304633 0.682635636323 0.462921391365
-9999.0 -9999.0 -9999.0 -9999.0 -9999.0 -9999.0 -9999.0 -9999.0 -9999.0 -9999.0 -9999.0 0.456940297828 2.98580985583 0.461364441108 0.388753531106 2.05159413001 2.39352744904 2.7415456864 3.06527825569 37.6088996818 37.8736001723 38.4427241489 42.5255371073 43.2843906854 43.6664884981 43.955872949 48.6819144774 49.2075747871 49.4667133037 51.3791511642 52.6660329056 52.9279451886 53.5209880093 0.38726494632 0.265609050936 0.0362182820853 0.0776606043135 153.920003384 157.93424283 0.868781449107 12.3891373328 12.074936415 1.3179450483 0.318466749897 0.329408642314 0.322595987275 0.328440345822 0.661950935078 0.986786116702 0.330855165284 24.9784590525 25.2501223086 26.6480612789 26.8937059368
-9999.0 -9999.0 -9999.0 -9999.0 -9999.0 -9999.0 -9999.0 -9999.0 -9999.0 -9999.0 -9999.0 1.55788385795 2.04918976401 0.926016621132 1.35136967185 0.417984339028 4.74945125165 5.11417919961 5.83330470035 6.03132289343 2.27236894304 41.1162402945 41.3450250689 0.183573371753 0.0960479567084 0.0559452175477 0.166730720264 0.070867706384 0.0351789020911 0.0317835789157 0.0585556613176 53.0528576392 53.6892003578 54.3868281984 54.9418647589 55.245013013 0.112250611228 0.0609801401069 171.206688242 12.98024634 12.7135570987 0.297097914172 0.299267547471 0.2851231686 0.619066458186 0.615314436763 0.290817913855 0.291978378308 0.284942301688 0.610838742897 0.865288541837 0.214937211782 0.405837757932 0.140671265137
-9999.0 -9999.0 -9999.0 -9999.0 -9999.0 -9999.0 -9999.0 -9999.0 -9999.0 -9999.0 -9999.0 -9999.0 1.04759337928 0.480553615369 0.421366026555 4.02177025559 4.403285328 0.380772011253 1.477557782 1.79699934092 2.03116679499 0.278703486864 0.223925919576 5.69765862435 5.87827084458 6.02723216759 16.5325970427 16.6017999179 16.6714081262 17.6575176819 17.8917874745 17.922769872 0.0313343823149 0.033402568488 0.0623151173713 55.6652584753 0.142122411079 173.767112997 173.460773325 2.02459001324 1.74127992796 1.15535318764 0.287704615375 0.571686590454 0.91488116966 0.910856392136 0.573215834745 0.282482623956 0.564727229765 0.561284835942 1.12848623081 0.14740246388 0.545374055232 0.915060208224
