data/baseflow/History/mHMbfrc555
ncols                  80
nrows                 72
xllcorner      4374000.0
yllcorner      5656000.0
cellsize            500
NODATA_value       -9999
[rows 0 to 23 of 72, columns 0 to 54 of 80]
-9999.0 -9999.0 -9999.0 -9999.0 -9999.0 -9999.0 -9999.0 -9999.0 -9999.0 -9999.0 -9999.0 -9999.0 1.11055402599 0.860284455978 -9999.0 -9999.0 -9999.0 -9999.0 -9999.0 -9999.0 -9999.0 -9999.0 -9999.0 -9999.0 -9999.0 -9999.0 -9999.0 -9999.0 -9999.0 -9999.0 -9999.0 -9999.0 -9999.0 -9999.0 -9999.0 -9999.0 -9999.0 -9999.0 -9999.0 -9999.0 -9999.0 -9999.0 -9999.0 -9999.0 -9999.0 -9999.0 -9999.0 -9999.0 -9999.0 -9999.0 -9999.0 -9999.0 -9999.0 -9999.0 -9999.0
-9999.0 -9999.0 -9999.0 -9999.0 -9999.0 -9999.0 -9999.0 -9999.0 -9999.0 -9999.0 -9999.0 -9999.0 2.26227286951 4.63757002567 0.662160920832 -9999.0 0.633267885325 -9999.0 -9999.0 -9999.0 -9999.0 -9999.0 -9999.0 -9999.0 -9999.0 -9999.0 -9999.0 -9999.0 -9999.0 -9999.0 -9999.0 -9999.0 -9999.0 -9999.0 -9999.0 -9999.0 -9999.0 -9999.0 -9999.0 -9999.0 -9999.0 -9999.0 -9999.0 -9999.0 -9999.0 -9999.0 -9999.0 -9999.0 -9999.0 -9999.0 -9999.0 -9999.0 -9999.0 -9999.0 -9999.0
-9999.0 -9999.0 -9999.0 -9999.0 -9999.0 -9999.0 -9999.0 -9999.0 -9999.0 -9999.0 1.11642481911 1.06719498172 1.11372209067 1.09399551956 6.67300244863 7.3673732046 1.73956582509 0.551243169137 -9999.0 -9999.0 -9999.0 -9999.0 -9999.0 -9999.0 -9999.0 -9999.0 -9999.0 -9999.0 -9999.0 -9999.0 -9999.0 -9999.0 -9999.0 -9999.0 -9999.0 -9999.0 -9999.0 -9999.0 -9999.0 -9999.0 -9999.0 -9999.0 -9999.0 -9999.0 -9999.0 -9999.0 -9999.0 -9999.0 -9999.0 -9999.0 -9999.0 -9999.0 -9999.0 -9999.0 -9999.0
-9999.0 -9999.0 -9999.0 -9999.0 -9999.0 -9999.0 -9999.0 -9999.0 -9999.0 1.08007884852 2.19448756981 4.34995266666 2.15264523227 1.04794537239 2.05161845605 8.34147099352 11.3475411581 0.625306048475 -9999.0 1.06434377793 -9999.0 -9999.0 -9999.0 -9999.0 1.2051159927 0.614659919408 -9999.0 -9999.0 -9999.0 -9999.0 -9999.0 -9999.0 -9999.0 -9999.0 -9999.0 -9999.0 -9999.0 -9999.0 -9999.0 -9999.0 -9999.0 -9999.0 -9999.0 -9999.0 -9999.0 -9999.0 -9999.0 -9999.0 -9999.0 -9999.0 -9999.0 -9999.0 -9999.0 -9999.0 -9999.0
-9999.0 -9999.0 -9999.0 -9999.0 -9999.0 -9999.0 -9999.0 -9999.0 1.20433832826 3.42531524515 4.46835354076 5.53141136131 7.52506555173 0.995898544522 3.9973270061 4.94822770283 17.7337786031 0.776499350764 0.875448539241 2.01775576518 2.93948955855 0.95746353631 -9999.0 3.13103489207 2.56690886846 0.705230117339 -9999.0 -9999.0 -9999.0 -9999.0 -9999.0 -9999.0 -9999.0 -9999.0 -9999.0 -9999.0 -9999.0 -9999.0 -9999.0 -9999.0 -9999.0 -9999.0 -9999.0 -9999.0 -9999.0 -9999.0 -9999.0 -9999.0 -9999.0 -9999.0 -9999.0 -9999.0 -9999.0 -9999.0 -9999.0
-9999.0 -9999.0 -9999.0 -9999.0 -9999.0 -9999.0 1.24533847989 1.11916494463 1.08253265825 1.09852811995 1.09779499652 7.75212669157 16.3355101815 17.3794629579 18.3133904414 0.938062777535 19.5079261527 20.3891991105 1.86616993854 0.937118112074 3.84455732591 6.66132834059 0.894555281517 5.78235952819 0.992374071272 0.928562525878 1.05355700459 -9999.0 -9999.0 -9999.0 -9999.0 -9999.0 -9999.0 -9999.0 -9999.0 -9999.0 -9999.0 -9999.0 -9999.0 -9999.0 -9999.0 -9999.0 -9999.0 -9999.0 -9999.0 -9999.0 -9999.0 -9999.0 -9999.0 -9999.0 -9999.0 -9999.0 -9999.0 -9999.0 -9999.0
-9999.0 -9999.0 -9999.0 -9999.0 -9999.0 -9999.0 2.50588536315 3.68380301107 8.24068266495 11.4624489042 1.00583879282 1.05350903126 0.992779871385 2.91723571708 22.1069117053 0.855824765144 21.2602712888 24.9779058758 2.89332521757 1.77341666207 7.5193735049 0.922216873699 6.70853488295 1.81043731612 0.907808799112 1.83163683323 2.07988775229 1.07992874365 1.09239261581 1.07274126688 1.12401027752 2.25279554696 -9999.0 -9999.0 -9999.0 -9999.0 -9999.0 -9999.0 -9999.0 -9999.0 -9999.0 -9999.0 -9999.0 -9999.0 -9999.0 -9999.0 -9999.0 -9999.0 -9999.0 -9999.0 -9999.0 -9999.0 -9999.0 -9999.0 -9999.0
-9999.0 -9999.0 -9999.0 -9999.0 -9999.0 1.31613960771 2.56213209571 1.22982411559 2.38418475713 12.6236229353 14.7366174504 16.8564653582 54.3917524114 0.986001837719 23.0380962423 85.0300051946 85.7585337752 112.038208358 0.840176305352 2.63337164288 8.382905533 0.856552115944 17.0661160419 9.45490709368 5.80330948565 4.87735542898 0.999566142705 3.19527848555 3.20196005706 2.13491041904 1.04958288898 3.32918422553 1.05167847497 1.04125067947 -9999.0 -9999.0 -9999.0 -9999.0 -9999.0 -9999.0 -9999.0 -9999.0 -9999.0 -9999.0 -9999.0 -9999.0 -9999.0 -9999.0 -9999.0 -9999.0 -9999.0 -9999.0 -9999.0 -9999.0 -9999.0
-9999.0 -9999.0 -9999.0 -9999.0 -9999.0 1.33681072208 3.90660363155 7.73734557241 8.92652198942 17.6976188942 18.8203000504 22.2969157195 36.5762496214 57.3907368291 59.3659906791 60.2715562899 1.65713759637 115.098610927 116.803176238 121.230685184 150.198487537 19.7213832788 18.0031068336 6.73082478016 0.928115677055 5.97179218346 4.12226190439 0.920644955529 4.17550588406 0.962164084608 2.06824412796 5.41921917486 6.44007039531 2.05320777117 1.00290030187 1.00944119506 -9999.0 -9999.0 -9999.0 -9999.0 0.625065967116 0.552673950056 -9999.0 -9999.0 -9999.0 -9999.0 -9999.0 -9999.0 -9999.0 -9999.0 -9999.0 -9999.0 -9999.0 -9999.0 -9999.0
-9999.0 -9999.0 -9999.0 -9999.0 -9999.0 1.30749153055 1.25430821393 5.17266412634 6.374555306 7.60562304258 1.17559049093 2.33480507792 13.4655309629 2.38698114789 1.08394678396 0.994361854373 0.872167811514 1.05219368879 1.05104397579 0.959043063059 151.105612796 153.729152206 0.871909103832 2.71001167078 1.84948906346 6.85113378266 1.83107134075 0.877926139717 5.18423557325 1.9151936606 4.68089603065 11.297703285 10.4561317075 3.00693646688 2.97951492976 1.02529413174 1.02489604759 -9999.0 -9999.0 1.0342273614 1.40061029387 3.09998272494 0.574516367481 -9999.0 -9999.0 -9999.0 -9999.0 -9999.0 -9999.0 -9999.0 -9999.0 -9999.0 -9999.0 -9999.0 -9999.0
-9999.0 -9999.0 -9999.0 -9999.0 -9999.0 -9999.0 1.34857970237 1.33657224208 2.5863364449 3.84645497957 8.75291117743 11.1686703789 12.3956169059 1.29448599296 1.00934278759 13.4564053227 16.4176458364 17.354723249 21.2941386789 22.2051174932 0.904807192249 154.635830725 159.143884491 3.61221242516 0.85669949798 7.72052585756 17.2850785068 6.94789936851 1.80658422512 0.899456715735 17.7664978552 12.2261646228 0.889968536952 0.934097119173 3.9388263492 3.02924167993 0.928487549888 0.971219380004 1.00670438683 2.02458477019 0.982003105208 3.76518398278 4.65469900942 0.883589393811 -9999.0 -9999.0 -9999.0 -9999.0 0.983095435372 0.938839093308 0.298712139248 -9999.0 -9999.0 -9999.0 -9999.0
-9999.0 -9999.0 -9999.0 -9999.0 -9999.0 -9999.0 -9999.0 1.32050236484 1.21801952194 2.49358692427 3.73200288442 1.2167308582 1.17447031439 7.10785953465 9.26822255466 11.4671584784 1.0223089274 2.05144332888 0.995680907036 23.137326872 50.9325121359 51.5224353607 212.263942389 0.891514185704 2.51885226545 0.811360342291 18.1401271442 0.889399316924 2.72199649088 0.878927684706 18.6409566737 19.5303684108 1.79951666832 1.83342929244 9.85592356082 4.93947152215 1.95767922906 1.00926232174 2.01232757354 3.01814369859 4.90660506151 0.87679092225 6.38393593845 7.20465834299 0.749055722062 0.799458681383 0.829610779502 0.759016351947 0.72266414538 2.74234135627 1.09812510207 0.662888266316 -9999.0 -9999.0 -9999.0
-9999.0 -9999.0 -9999.0 -9999.0 -9999.0 -9999.0 -9999.0 -9999.0 2.58488687854 3.78086901602 1.22401291364 2.47357305893 3.63687547563 6.0130097818 1.17095239619 1.13809023885 1.00872116302 1.02108238767 0.939472489573 25.8850721012 1.03368728544 2.0300731047 214.956514743 216.814534389 0.921884496369 4.36752313303 23.3410947749 1.74016592854 3.51387960425 1.60724756066 2.41219681153 22.9610500786 2.629781584 14.3014292973 11.6582838985 0.92902517066 4.84876602746 1.95950849378 2.95274230812 0.935183333644 5.82384205201 7.57943670012 8.30766449596 9.00099245608 10.0532083315 1.4376036837 1.50900292931 1.39135865069 1.31232351731 3.44767522446 0.723717071335 2.50027739612 3.17421350459 -9999.0 -9999.0
-9999.0 -9999.0 -9999.0 -9999.0 -9999.0 -9999.0 -9999.0 -9999.0 1.30060043465 6.36008027354 7.56257014066 1.20457541075 2.35929488638 1.15411138856 1.08692903869 1.07097776252 13.2610985933 17.6331530517 21.4760736718 25.2452941478 0.910819910289 1.01246297334 1.06448393196 221.173390683 223.10768176 223.943414657 31.2822325557 6.94229811743 6.05004790314 0.791639967113 3.21128033725 26.9362903776 0.82715673784 15.0972133601 0.893390675843 6.30659758228 5.82097243652 0.938752158048 3.88784371079 1.86601210201 2.7828112675 0.82540045846 0.688165128536 9.68615465762 10.3197075527 10.6851338309 2.18371269764 2.03600389902 1.94049207425 4.20768656893 5.66770379771 0.728097535406 3.91434862998 0.769524364372 1.47572905899
-9999.0 -9999.0 -9999.0 -9999.0 -9999.0 -9999.0 -9999.0 -9999.0 -9999.0 1.31615812585 8.80734096635 10.0066839615 3.53249964965 5.84013045579 8.01522124308 9.10494744938 1.10100303103 3.36490806558 2.18313737136 1.11633183895 1.11269171446 1.01104289895 2.02079006627 3.51146590987 1.16277261364 257.207249438 258.150732785 0.888040523268 0.742191625615 1.59709944627 2.40776125507 29.3255193945 1.61288533357 15.8271336029 9.65521879118 7.98161926523 0.903470118082 1.82639810916 4.75935827499 0.868152357247 3.6361034706 1.64802046315 1.30980441496 0.706772045019 12.3344620701 23.5566107036 2.67558344919 2.53942151403 2.56594621164 0.633844106371 6.29603122573 0.614779046856 5.30149027832 0.697547141967 2.1743040112
-9999.0 -9999.0 -9999.0 -9999.0 -9999.0 -9999.0 -9999.0 -9999.0 -9999.0 -9999.0 1.18978834281 12.3957536466 1.16716585758 2.31839611712 3.38009642569 5.47663148042 1.06124782447 2.25935368479 1.07408519331 1.05723179705 1.01076257647 2.00837289827 0.907352019617 1.0418909402 2.08730837379 1.10049225987 259.070115059 260.839048435 263.527655702 3.20910967031 0.811427458909 1.6171407379 30.1591383467 29.490684445 11.4066858199 0.858121615345 3.60436907464 2.71260105002 5.63305895104 1.73829928378 6.98681413397 2.48581268069 2.04210518073 0.647901230228 0.705717529118 24.2656503787 24.8990281591 30.6518951695 4.5736639966 1.29954645372 6.97908323922 8.26132927653 14.197023143 1.38147911006 0.652708906447
-9999.0 -9999.0 -9999.0 -9999.0 -9999.0 -9999.0 -9999.0 -9999.0 -9999.0 -9999.0 -9999.0 0.679696960458 13.8984351197 1.18878887439 2.24946259809 9.84847521976 1.10198780203 1.09507506448 1.02946039555 2.11811869305 1.03214082894 4.06304541694 5.89813692063 6.76443767379 2.92648808533 3.7222072751 0.952396323774 1.16946301892 0.961030576464 268.4055952 270.979532892 30.8782482197 30.9350539288 30.2184522267 1.49359813528 0.760115605977 4.42966743994 11.7267010318 6.4737369568 2.57484597645 10.3630352816 4.889117763 4.12505892133 1.33773292148 0.579305563988 0.511577641821 0.564167958376 33.2777489628 39.7922068996 0.628231649425 0.641040800803 0.663634642296 14.8538100726 16.8622604789 1.22743570032
-9999.0 -9999.0 -9999.0 -9999.0 -9999.0 -9999.0 -9999.0 -9999.0 -9999.0 -9999.0 -9999.0 0.637549746184 15.433232536 18.9379451384 1.07294323107 11.9674215514 1.03224228048 1.02909144747 2.04680558843 5.19236251476 1.01263783071 1.05100283966 0.881157456904 8.54859763478 9.45862779419 14.1073868569 15.9740215616 16.9555519835 17.8562480774 18.7162789304 290.541980279 323.1956304 355.749375364 356.388120552 0.766613600095 0.808844250549 13.3796698698 12.5599645116 0.826579452909 0.830956710209 11.2450698408 16.9291043586 0.71985425911 9.26135188216 8.53340876051 2.69966089519 1.26478537734 2.01847344231 0.714450916921 40.9533853172 0.572142721824 1.8662938474 2.34512118842 21.1153572764 22.9714701461
-9999.0 -9999.0 -9999.0 -9999.0 -9999.0 -9999.0 -9999.0 -9999.0 -9999.0 -9999.0 -9999.0 1.25653246001 2.41250419888 20.0759398957 22.1467638999 1.03209586442 13.7503275225 0.926051587827 2.8443235005 6.13656924478 1.98019987853 0.964437452445 1.94058614104 0.83638005425 1.65992190124 0.832936738215 0.814297253017 0.786060951876 0.76251573003 0.767633959958 0.821210338743 0.988469378114 1.07447862421 1.07997212434 358.885642981 16.4920543892 14.7768735514 0.655848678769 2.4103275935 0.604677397101 0.58150871539 17.6933315779 29.249567067 10.0710311735 7.2459830166 1.54310043077 0.686007720911 0.638740876375 1.25135952586 42.8143442325 43.9394598778 0.589332489029 0.594654767358 0.665523030193 0.659470666427
-9999.0 -9999.0 -9999.0 -9999.0 -9999.0 -9999.0 -9999.0 -9999.0 -9999.0 -9999.0 -9999.0 -9999.0 1.12452912575 14.8399485539 38.072626798 41.360965996 56.0412641017 56.7759162283 13.6134585767 10.0747701696 2.96196262661 0.954071549361 3.81927045562 4.71939104152 7.22302765054 1.69581513195 1.64076637486 1.62327271951 3.20764761207 1.57925917677 1.6250861599 0.79284288864 0.751944074599 0.807275233907 359.644080624 376.67106657 377.577575679 0.672361450399 6.56817015003 2.79833693822 0.821258678873 31.689123816 1.70282417551 0.874877267418 3.71080739956 0.869075844756 0.749813220906 1.39264735197 1.93221684433 2.51262218638 44.9181278033 0.463923745086 0.405348495085 0.405729878113 0.364154385588
-9999.0 -9999.0 -9999.0 -9999.0 -9999.0 -9999.0 -9999.0 -9999.0 -9999.0 -9999.0 -9999.0 1.20936784018 11.3140881519 13.7099395775 2.22363336362 0.709266520862 1.67845854584 59.4442055197 60.2263836847 74.5676459775 0.888285180286 1.83500007096 0.837064550798 0.850026821279 8.05982393255 10.5909597656 13.0403947006 0.788314795089 4.00064316436 6.35941149366 3.94186247329 1.56012330355 1.48332350266 1.51465464299 1.49229887586 0.775142816199 378.192449783 378.689405043 386.390006826 1.43605507444 0.745077537924 32.1615272069 1.84138180996 0.936327244565 0.980561247097 0.970968638617 0.90337957252 1.7074553874 4.71328796844 7.84273857936 53.2365658233 0.363466359344 1.08071099137 0.728587476655 0.654895315805
-9999.0 -9999.0 -9999.0 -9999.0 -9999.0 -9999.0 -9999.0 -9999.0 -9999.0 -9999.0 -9999.0 1.23183885967 7.78896392564 1.21971542686 1.10235904792 5.65144650576 6.6446573774 7.65788118076 8.61477498303 101.552750377 102.440894427 104.247810096 117.318364581 119.956219801 121.574370579 122.431223141 137.654765457 139.998213014 140.825442277 148.047666058 152.827121299 153.59812398 156.630368147 2.25309634714 2.21408596576 0.68207251039 0.625510859322 379.308785429 389.05920949 2.14059665569 36.6969432489 36.0629342153 3.46248685999 0.826852979564 0.836661291226 0.834885345071 0.822302165413 1.65314090081 2.38402733782 0.70953422741 53.6906808771 54.1774951633 56.4068515455 56.8085568676 57.8355049421
-9999.0 -9999.0 -9999.0 -9999.0 -9999.0 -9999.0 -9999.0 -9999.0 -9999.0 -9999.0 -9999.0 4.00411101389 5.29450448891 2.48209651438 3.6545462879 1.15860038096 13.232493171 14.3131622582 16.4098732826 17.4031468208 7.09631679608 112.832817296 113.723811524 0.918811394338 0.766073591491 0.757560655196 1.58128558999 0.84458053598 0.746211237807 0.723018890202 0.726692784068 154.411458815 157.438722796 160.37719939 163.209483272 165.60266322 1.15693267617 0.378834397643 427.528486726 37.9020715601 37.3697405226 0.802551596469 0.745085130232 0.662612899635 1.52429591225 1.52556642286 0.743482778253 0.723406779997 0.684316620206 1.38934791622 1.86945362347 0.425039131454 0.804018157916 0.296177074968 0.293821557956
-9999.0 -9999.0 -9999.0 -9999.0 -9999.0 -9999.0 -9999.0 -9999.0 -9999.0 -9999.0 -9999.0 -9999.0 2.70879444149 1.27122981692 1.18992545872 11.1414741004 12.223698591 1.1121149802 4.33759655609 5.34697103593 6.29458141363 1.06160054765 0.863015523557 18.2064489554 18.9539753597 19.6969507121 50.6805244544 51.3679385648 52.763867121 58.8050590704 62.8465785834 63.5280118548 0.677903260803 0.698060040558 0.633211141731 166.434661996 0.433145230115 434.561128332 433.913443858 5.8407118027 5.19123715497 3.02489873482 0.742439986051 1.35578199625 2.24819997888 2.21559073549 1.44996859649 0.69630041814 1.36895910603 1.3755674168 2.49245431392 0.44169195424 1.32191089619 2.0522892317 2.6717322341
