data/baseflow/History/mHMbfrc332
ncols                  80
nrows                 72
xllcorner      4374000.0
yllcorner      5656000.0
cellsize            500
NODATA_value       -9999
[rows 24 to 47 of 72, columns 0 to 53 of 80]
-9999.0 -9999.0 -9999.0 -9999.0 -9999.0 -9999.0 -9999.0 -9999.0 -9999.0 -9999.0 -9999.0 -9999.0 0.472937200165 1.31158999493 1.71656524028 2.99269902707 0.406676968024 0.797353445366 1.164300171 4.31711452658 4.54001961199 4.61735156628 4.86818683564 5.21660970796 9.28742696305 10.2614913004 10.6493266804 0.0730541548255 0.922441794645 0.971842808047 18.0795583287 18.2734815396 18.3454789691 18.4180069643 18.5113776675 70.8924473134 0.343194599187 159.536635101 0.154367262105 0.0441055795622 1.19551743851 1.1062683663 0.114321517484 0.666850275155 0.958147984351 0.955093771042 0.643713329701 1.05427130845 1.6637490871 0.604724810468 1.63270992377 0.0947016000518 0.12181012609 0.0168769747595
-9999.0 -9999.0 -9999.0 -9999.0 -9999.0 -9999.0 -9999.0 -9999.0 -9999.0 -9999.0 -9999.0 -9999.0 0.447024296356 0.881795278406 0.407465198997 0.840619891925 0.38047090287 2.85500419373 3.58975700672 3.9726397117 0.338677010166 0.6022353973 7.24305802619 8.71871823911 8.97249124374 0.646581770618 0.648622113036 0.836895203275 0.0433306474663 0.0395847023007 0.0752789275393 0.0698277042908 13.8368417641 13.9310352251 14.0439947389 71.1703670981 160.57379696 159.598348563 0.0671547466568 0.029407841811 0.0264515703866 0.163778096583 0.139750426257 0.713944705827 1.08452934781 2.23817353924 0.196926942302 0.196652670379 1.79274908712 1.92007092859 3.82240700881 3.9121996958 4.05268640212 4.08580642279
-9999.0 -9999.0 -9999.0 -9999.0 -9999.0 -9999.0 -9999.0 -9999.0 -9999.0 -9999.0 -9999.0 -9999.0 -9999.0 0.41996632478 0.841007002958 1.26402807957 2.0577881898 0.430518139706 0.381258855323 3.56859228025 3.90715476731 6.770377125 7.10435387629 0.93486634029 0.336315626856 0.327323924314 0.313603447119 13.4145840603 13.5396748162 13.5990498254 13.6383977588 13.7590349779 1.29629056006 1.47551764661 15.6831199153 247.562179797 0.650255553344 0.483250286159 0.141314747533 0.0484332323477 0.0282043769069 0.217158556294 0.238447811397 0.757858835696 0.0207138069095 2.27183910725 0.266789464169 0.258879278831 0.0205987282812 0.0152991687788 0.0152936112105 0.0518071408584 0.0160364869015 4.10083008442
-9999.0 -9999.0 -9999.0 -9999.0 -9999.0 -9999.0 -9999.0 -9999.0 -9999.0 -9999.0 -9999.0 -9999.0 -9999.0 -9999.0 0.413794279796 1.05193705476 1.69042536369 2.39099838644 2.79303664933 3.20561744191 1.17704392128 1.91229569807 0.335829957654 0.331936027703 11.8436267142 12.5066788288 12.8128187092 13.1479718831 0.236746834551 0.386356135607 1.02125519279 1.09476335271 1.17325947902 0.185488085095 0.278647397184 248.25957934 0.19914727855 0.247651427702 0.117088545794 0.250938047622 0.112276333325 0.0900524728939 1.06425791014 1.20718815754 0.0610761222723 2.35683390854 2.6413915037 0.274211863449 57.5507723221 57.5113435811 57.4752455907 57.342847586 57.2350892151 56.2851147232
-9999.0 -9999.0 -9999.0 -9999.0 -9999.0 -9999.0 -9999.0 -9999.0 -9999.0 -9999.0 -9999.0 -9999.0 -9999.0 -9999.0 0.192214893054 0.434175999055 0.657572083172 6.7260968838 7.15277760385 0.43001668446 0.389294563418 0.371210769307 10.4858497566 11.1846235899 0.33757865939 0.354520261339 0.295496693733 1.18554440963 1.4716598342 0.68928564605 0.814366831576 6.78215018878 6.93692673088 7.41145726717 11.6810437156 260.104333553 0.219775446967 0.105374514941 0.4177889047 0.331295379707 0.0916307149779 0.279891946272 0.374213793571 1.31498574844 1.41651494542 4.229208006 2.6793725537 0.292399270619 58.9411588618 0.778185979028 57.4331985382 57.3906047984 0.85528378505 0.108219267309
-9999.0 -9999.0 -9999.0 -9999.0 -9999.0 -9999.0 -9999.0 -9999.0 -9999.0 -9999.0 -9999.0 -9999.0 -9999.0 -9999.0 1.0252118376 1.66198621462 3.38005549214 6.11801492709 7.86436759156 8.99034896165 9.39690701738 9.78629708562 10.156055325 0.343255909001 0.318389693984 0.624709012485 0.59788009147 0.301451368753 5.94302611848 6.22301906528 6.48470138703 6.71929814778 3.43430611954 3.52697509193 3.89084438345 260.243305916 0.390275722364 0.310356331339 0.772961594748 0.0699004431151 0.269822442193 0.161431036665 0.0872627989776 0.498252551847 0.0815775129628 0.0850381643536 63.6162799344 59.318457886 59.2317728707 0.297733033572 0.745364547335 0.432332762988 0.0687661653027 0.58292492037
-9999.0 -9999.0 -9999.0 -9999.0 -9999.0 -9999.0 -9999.0 -9999.0 -9999.0 -9999.0 -9999.0 -9999.0 -9999.0 -9999.0 0.729254370483 0.694378413585 1.35720050171 2.05244855948 0.528841762199 0.428067574719 0.814635357182 1.19341889704 1.90088619191 2.26163566986 2.60727560961 3.57911309148 3.88699675757 4.2019414773 0.288108314672 2.93959096955 3.14601740149 3.26227050459 0.0515043404287 0.013953135229 0.0395362019679 264.061391654 264.193290864 264.836475262 0.966181767287 0.137921299883 0.374934316647 0.0878911458473 0.16108203835 0.584188079931 0.734243694718 0.156653116482 64.044603471 0.167121508553 0.179206837364 0.1810021889 0.197856655455 0.277829599363 0.125522197831 0.439824076406
-9999.0 -9999.0 -9999.0 -9999.0 -9999.0 -9999.0 -9999.0 -9999.0 -9999.0 -9999.0 -9999.0 -9999.0 -9999.0 -9999.0 -9999.0 0.665756989822 1.31328942249 0.634445232321 1.29010528856 7.9444946596 8.42459360796 8.80576945112 0.353617833584 0.357796193471 0.704494664633 1.03703340764 1.64841896182 1.94910209227 2.1000239712 2.37173456766 0.216279577112 0.152192963878 3.45525055313 3.47237017276 3.5387571111 3.63747924388 3.18163513691 268.439603956 270.027030788 270.095542899 270.531833896 270.870919946 271.155650839 0.0908226096015 0.809352620915 64.1370582788 0.221635647253 0.113333087401 0.174627398421 0.161565153817 0.257559913319 0.156266624485 0.0888719359408 0.113745849845
-9999.0 -9999.0 -9999.0 -9999.0 -9999.0 -9999.0 -9999.0 -9999.0 -9999.0 -9999.0 -9999.0 -9999.0 -9999.0 -9999.0 -9999.0 -9999.0 1.95413632774 2.63628026014 4.64313551431 6.00324050029 0.666278408335 9.89198131065 10.2484890986 10.606278818 0.36069617008 0.703307619619 0.315887411218 2.33065871983 2.46685588741 2.70190422327 2.93423084066 3.39913977189 3.42531496697 0.0212258351386 2.73533315246 2.9512526729 3.08379301749 3.47134455238 0.505446139868 0.317475469326 0.177463669016 0.164881068162 271.427400134 271.594736406 273.073462877 64.2469311511 0.646833464471 0.331483827948 0.243937449427 0.0556384237633 0.580394319599 0.251835378583 0.0820529883123 0.408945339953
-9999.0 -9999.0 -9999.0 -9999.0 -9999.0 -9999.0 -9999.0 -9999.0 -9999.0 -9999.0 -9999.0 -9999.0 -9999.0 -9999.0 -9999.0 -9999.0 0.738684223868 3.32784832621 4.01795355365 0.69524986359 0.392718680276 0.77778564967 1.14096568683 12.1281961895 0.356988093505 1.42692346508 1.75264760695 2.06675648752 0.145309872828 0.36038756596 0.423896705024 2.23238728385 2.4039751831 2.50298381764 0.106066266533 0.0878831079742 0.0831888527946 0.152820891766 0.0564771587192 0.0593002043155 0.130087105007 0.0904656925858 0.129361605621 0.541922496117 273.243996405 337.933932419 0.786143941014 0.0940970882715 0.0653723960778 1.61680920454 1.49436503124 0.820030569046 0.719945709932 0.512864621074
-9999.0 -9999.0 -9999.0 -9999.0 -9999.0 -9999.0 -9999.0 -9999.0 -9999.0 -9999.0 -9999.0 -9999.0 -9999.0 -9999.0 -9999.0 0.63111871737 2.05990836056 0.687613890724 0.624471525673 0.480584939521 0.880446766896 1.25895951124 1.71176415809 14.4559991269 14.8058568355 0.358517251412 0.687660822559 1.01902649427 1.21187579512 1.38831538204 1.85088664376 2.13633071993 0.03845401956 0.0847312299222 0.088070001524 0.160174523121 0.13302769766 0.128490734514 0.10165162777 0.111597932377 0.621173907988 0.316036494336 0.233333071477 0.231932450443 0.153890468067 0.284992056598 343.569980421 4.76877549368 2.10708899911 0.315149153302 0.149885579312 0.0999742482001 0.28426060717 0.16974796795
-9999.0 -9999.0 -9999.0 -9999.0 -9999.0 -9999.0 -9999.0 -9999.0 -9999.0 -9999.0 -9999.0 -9999.0 -9999.0 -9999.0 0.671332912278 1.28199918035 4.67672144418 0.693058428073 1.39445366926 1.86670528231 2.30263402639 0.44311303529 0.825162157802 1.4124938139 16.7980497732 0.343663336113 0.6588114163 0.967408147396 0.272625624946 0.525013117229 0.560422928985 0.780163533028 27.4950334907 27.7269319933 27.9666074299 29.2448441786 29.6579445292 30.5947854949 0.23890715303 0.496057703719 0.749685736713 33.7041785716 34.0882100949 0.214795324014 0.324546614117 0.433380400451 343.780410033 4.6217286505 2.09966291463 1.92332177584 1.7730589239 1.63684775901 0.376633939634 0.10693019687
-9999.0 -9999.0 -9999.0 -9999.0 -9999.0 -9999.0 -9999.0 -9999.0 -9999.0 -9999.0 -9999.0 -9999.0 -9999.0 -9999.0 0.664318457871 2.03679724202 7.38020100846 10.9235248041 0.642554752216 14.4722335876 17.4420654552 0.419443156794 0.802036336407 1.33741203424 20.7012908768 21.2135143701 0.322865150743 1.61136457851 1.8956452301 2.07081168698 26.1336760306 26.3678295873 26.6476863293 0.15659252814 0.905951141699 1.07260877915 0.496669031818 0.71122855405 31.6293906537 32.4583865678 32.6412579867 32.818996489 34.3470726024 0.126898254622 0.113584364912 0.657479857996 343.996601487 0.227098150636 0.000439860948252 0.00119172782548 0.000404811265197 1.40258062474 1.3803801942 0.829696912552
-9999.0 -9999.0 -9999.0 -9999.0 -9999.0 -9999.0 -9999.0 -9999.0 -9999.0 -9999.0 -9999.0 -9999.0 -9999.0 -9999.0 -9999.0 -9999.0 1.43116556517 2.89102562374 13.0245183158 13.7679303119 18.1010929521 18.7847184431 0.402451285483 0.803610590284 2.0046501742 21.8288835553 22.5627380621 22.8654706008 0.26106834516 23.7839759966 23.9992744726 0.163861112979 0.158117365435 0.312378480186 0.610117640322 0.145107399436 0.296809297851 0.687679199428 0.861794860042 0.157368937842 0.119618083882 0.244113854752 35.121866271 35.3403613004 35.4424632919 36.3527151308 344.184947371 0.169181055448 0.000253972998508 0.000286080256543 0.000245752515068 0.000256012457955 0.000197055830852 0.000355308469809
-9999.0 -9999.0 -9999.0 -9999.0 -9999.0 -9999.0 -9999.0 -9999.0 -9999.0 -9999.0 -9999.0 -9999.0 -9999.0 -9999.0 -9999.0 -9999.0 0.752275721072 0.740959892594 0.741140231908 1.50980776314 0.677467007426 20.1240356875 20.7471679576 0.437382411672 0.801396027778 0.387284305847 0.340565072861 0.335682460442 23.3518285465 0.0551839091162 0.105315169863 0.115073927597 0.165089453871 0.152998049949 0.127151222508 0.130510391248 0.388150940606 0.524879383 0.108659973906 0.0999806426838 0.208510981287 0.333791601417 0.399138273114 0.0897380338387 35.5668452249 36.462957252 344.328581072 0.336182747441 0.0028255692395 0.000130718051259 0.00032875971536 8.65255189868e-05 5.69081507773e-05 0.000422472538555
-9999.0 -9999.0 -9999.0 -9999.0 -9999.0 -9999.0 -9999.0 -9999.0 -9999.0 -9999.0 -9999.0 -9999.0 -9999.0 -9999.0 -9999.0 -9999.0 -9999.0 -9999.0 0.730589681949 2.19689492727 2.82421613845 3.48226047169 21.3658728913 21.9674907781 22.56101756 23.1425231558 23.4724699838 24.1467659953 24.214734689 24.2607743136 24.3377615347 0.155048670321 0.144874761982 0.151000406102 0.542793531381 0.139473499115 0.131323586122 0.112237995775 0.324887696446 0.122057803984 0.0991548515329 0.0933994771975 0.0799892792353 0.159678353871 0.228977409145 36.9363472991 381.743043348 0.158114256047 0.320116571482 9.06081908664e-05 0.000440759335555 0.000236541693591 0.000115181571717 0.836491734226
-9999.0 -9999.0 -9999.0 -9999.0 -9999.0 -9999.0 -9999.0 -9999.0 -9999.0 -9999.0 -9999.0 -9999.0 -9999.0 -9999.0 -9999.0 -9999.0 -9999.0 -9999.0 -9999.0 0.636969828381 4.87909374115 9.70746661572 10.4008553083 0.680757051384 1.11428177512 1.47826314272 1.79444945067 3.82788612127 3.97865982182 0.152499531576 0.143972277516 24.6597251402 24.9469412909 25.0831206781 0.658317887235 0.113429528171 0.246909389836 0.364901654338 1.06397226252 1.29699889085 1.48761607285 0.177387679584 0.247001309806 0.0815857076625 0.159947948569 0.0809804089868 381.912847134 0.141384254047 0.584284222911 0.149105970311 0.197757024629 0.740572139004 0.808448622589 1.71474432389
-9999.0 -9999.0 -9999.0 -9999.0 -9999.0 -9999.0 -9999.0 -9999.0 -9999.0 -9999.0 -9999.0 -9999.0 -9999.0 -9999.0 -9999.0 -9999.0 -9999.0 -9999.0 0.687592795756 2.16737595659 4.25730167888 5.57798955941 14.4308592135 15.1248570686 0.758809314543 1.11354541981 1.41285414945 1.72594715035 4.06660062588 4.34462689463 6.92908529384 7.1045999376 7.23794998164 25.2278031772 26.2714508383 0.254943107407 0.145003195931 0.14146057896 0.271298688641 0.125449419497 1.72518855131 1.8165151512 0.324500267615 0.387273231923 0.0669014233442 117.483209594 117.648312443 499.70935987 500.509885978 0.140408049545 0.506670029986 0.181167352831 0.146437183313 1.92816195326
-9999.0 -9999.0 -9999.0 -9999.0 -9999.0 -9999.0 -9999.0 -9999.0 -9999.0 -9999.0 -9999.0 -9999.0 -9999.0 -9999.0 -9999.0 -9999.0 -9999.0 -9999.0 -9999.0 0.767557452394 0.745299593508 1.43129238488 3.4061549981 15.7541837375 0.38859534167 0.383600684789 0.695602932461 1.00157580067 2.18402402436 2.28433356356 0.0578045185664 0.117213292167 7.40626140643 7.56016758087 33.9498551371 34.0599652432 0.103612071845 0.0950292503465 0.0788573732613 0.0795499089323 0.0767554967873 116.00825346 116.51715564 116.971666143 117.099404103 117.417901466 0.0880194339437 0.327804683647 0.423318469821 501.173718543 501.285367131 501.435420722 501.513074219 501.571804888
-9999.0 -9999.0 -9999.0 -9999.0 -9999.0 -9999.0 -9999.0 -9999.0 -9999.0 -9999.0 -9999.0 -9999.0 -9999.0 -9999.0 -9999.0 -9999.0 -9999.0 -9999.0 -9999.0 -9999.0 0.701365886509 0.724840000361 1.35105587456 18.4012613671 19.0390497229 0.378207504417 0.691097879461 1.00185178542 1.10076219979 0.0736119368562 0.210684568045 35.6695355699 35.8230791716 35.93701287 36.9111640854 71.0792691603 112.50961793 112.73488101 112.936075123 113.131381792 113.870704927 114.099743366 0.425765741234 0.19737069715 0.110630217081 0.211255815949 0.162706417657 0.255898337133 0.0815815267053 1.85243429335 2.18826484586 2.47318706084 2.52500023577 501.641820545
-9999.0 -9999.0 -9999.0 -9999.0 -9999.0 -9999.0 -9999.0 -9999.0 -9999.0 -9999.0 -9999.0 -9999.0 -9999.0 -9999.0 -9999.0 -9999.0 -9999.0 -9999.0 -9999.0 -9999.0 -9999.0 0.714909113839 1.36902540409 2.02385975836 19.5797971237 0.530444344561 26.0481207938 26.3718602324 26.4464061653 26.5857531907 35.1150576098 35.2950948303 0.165053058626 0.741989237625 0.890317207832 0.158925025241 41.2011278697 40.9107102551 0.0989444920108 0.222484868447 0.570583022675 0.119792724928 0.1230009903 0.100005969041 0.0856386670292 0.0685912862205 0.0774634640695 1.58406652181 1.66352782824 1.75697311123 0.221005305302 0.175391524932 2.64444109126 2.73159795185
-9999.0 -9999.0 -9999.0 -9999.0 -9999.0 -9999.0 -9999.0 -9999.0 -9999.0 -9999.0 -9999.0 -9999.0 -9999.0 -9999.0 -9999.0 -9999.0 -9999.0 -9999.0 -9999.0 -9999.0 -9999.0 0.665683155193 0.62140274163 3.20547742855 24.0447927912 25.191723859 25.7374032228 0.351598210702 8.33598915105 8.38539319189 8.41745535845 0.149778925777 0.329466732904 0.495331084761 9.94585116032 10.0785082517 10.1932687007 40.6955126057 25.4498126999 0.122555504481 0.118703302651 0.113776547438 0.0937482364461 0.961094456001 1.15060946295 1.31936506275 1.41148437693 1.5007226282 8.5989012862 8.66565540899 8.72147002268 8.8566044417 9.64653249642 9.69446781119
-9999.0 -9999.0 -9999.0 -9999.0 -9999.0 -9999.0 -9999.0 -9999.0 -9999.0 -9999.0 -9999.0 -9999.0 -9999.0 -9999.0 -9999.0 -9999.0 -9999.0 -9999.0 -9999.0 -9999.0 -9999.0 -9999.0 1.2964063692 1.96491760437 0.690187540344 0.395841053159 7.2341867847 7.6000304305 7.84039321072 2.17670362397 2.22384516744 2.29590888845 2.45469594109 9.65528007888 9.81786536917 4.66505811549 14.9962966547 15.1285121365 25.3464126526 0.24472430881 0.120266884379 0.0926303439003 0.664506939882 0.775474566219 0.0716967983878 0.0670877580842 8.28051225837 8.44750150695 8.53505536638 0.0726193907011 0.100516120208 9.50726528553 0.097575292193 0.370102024312
-9999.0 -9999.0 -9999.0 -9999.0 -9999.0 -9999.0 -9999.0 -9999.0 -9999.0 -9999.0 -9999.0 -9999.0 -9999.0 -9999.0 -9999.0 -9999.0 -9999.0 -9999.0 -9999.0 -9999.0 -9999.0 -9999.0 0.644632799453 1.27796043265 5.31834654601 5.99591391032 6.49764644381 1.82867313438 2.12638454828 0.0544400538642 6.9211364135 6.97053003245 7.0325793728 0.12078067228 4.35431803084 4.51982008036 0.133448640387 24.713847516 0.265573493551 0.131658529972 0.357458901532 0.478041855448 0.0956135650649 0.0801086308811 7.45101186426 8.12261281554 8.22282959229 0.0956965293766 0.214204094478 0.271391982724 0.318297153508 0.610455239464 0.133330686304 0.303559255389
