data/baseflow/History/mHMbfrc351
ncols                  80
nrows                 72
xllcorner      4374000.0
yllcorner      5656000.0
cellsize            500
NODATA_value       -9999
[rows 24 to 47 of 72, columns 0 to 54 of 80]
-9999.0 -9999.0 -9999.0 -9999.0 -9999.0 -9999.0 -9999.0 -9999.0 -9999.0 -9999.0 -9999.0 -9999.0 1.1192574596 3.16289086886 4.1242132815 7.09459484436 0.897028288938 1.79457798682 2.61611929743 10.0496702687 10.7642418452 11.4013059004 12.045285304 12.6899005079 19.3779760538 21.2785900028 22.3401780514 0.474249214343 2.47938025714 2.92202871506 42.9102786808 44.8150514388 45.6953104381 46.6008624992 47.3025282837 173.283911735 0.147361661386 327.638386261 0.507582541205 0.256822462092 2.74931981361 2.35505586906 0.396012287042 1.26772566766 1.88221534171 1.84434068552 1.28864088026 2.11271365754 3.34414610772 1.27973213865 3.12520369329 0.315499915219 0.542429621337 0.0981067401041 0.0775766851724
-9999.0 -9999.0 -9999.0 -9999.0 -9999.0 -9999.0 -9999.0 -9999.0 -9999.0 -9999.0 -9999.0 -9999.0 1.0585883073 2.10956891898 0.976615857137 1.97776140854 0.884522638623 6.71975317462 8.40289924629 9.2637354127 0.760576921199 1.49195087295 14.6865084937 18.1980569779 18.8291444555 1.31421330697 1.16109611628 1.69546642369 0.396644012901 0.366293982805 0.685710348374 0.295636368379 21.960499573 22.3191018131 22.5113704145 173.642959651 329.679089391 327.869250018 0.397329900146 0.196730722994 0.177235831691 0.840941728853 0.670988523586 1.63988089907 2.27381004514 4.53571709244 0.416554958725 0.413829483971 3.71806442868 4.10676091343 7.90188647721 8.09831575428 8.74044596486 8.92175380493 0.16004850756
-9999.0 -9999.0 -9999.0 -9999.0 -9999.0 -9999.0 -9999.0 -9999.0 -9999.0 -9999.0 -9999.0 -9999.0 -9999.0 1.03963815901 2.04714046253 3.05490480386 4.88489685143 0.968649071232 0.880055865848 5.86038874069 6.6340897854 13.2662275491 14.0449317385 2.22036213817 0.716696081521 0.646542723527 0.575570451922 19.8203036646 20.2455147437 20.6634248281 21.0073210307 21.6327475815 3.76640754667 4.0004965879 26.6808105774 530.201907352 1.48604845258 1.12812866814 0.600638590466 0.16784336172 0.149294920484 1.18260733069 1.29538743654 1.94096231287 0.157016592429 4.7519311584 0.717673196598 0.706624536404 0.150268091659 0.0932721055374 0.0800793027536 0.0702686352403 0.0842229446331 9.04936351842 120.034002426
-9999.0 -9999.0 -9999.0 -9999.0 -9999.0 -9999.0 -9999.0 -9999.0 -9999.0 -9999.0 -9999.0 -9999.0 -9999.0 -9999.0 0.971707375232 1.75907836695 2.45713151329 3.19491609528 4.09574788798 5.01634231631 2.65998018829 4.33999335462 0.774454125183 0.743609254511 16.5814134823 18.0029371667 18.6531350843 19.3256208473 0.496056085557 0.907956345182 2.47841909693 2.96998941785 3.4050423645 0.294241650124 0.171467230091 530.99573075 0.336667305939 0.325655215411 0.157729113455 0.734672407645 0.358105268414 0.145089467497 3.37504907802 3.4769845814 0.0833022955686 4.84155736324 5.6461133272 0.820101679896 124.526445408 124.299929203 124.118451001 123.773212915 123.644498238 120.907859692 120.783713156
-9999.0 -9999.0 -9999.0 -9999.0 -9999.0 -9999.0 -9999.0 -9999.0 -9999.0 -9999.0 -9999.0 -9999.0 -9999.0 -9999.0 0.201553375824 0.454367759665 0.708206700918 6.84356062777 7.79365523478 0.958801211917 0.898527471087 0.857893446334 13.5459330142 15.1384692159 0.756916116776 0.767249831797 0.638805005093 2.66849199743 3.31703366385 1.55688575707 2.06745259145 15.6381608641 16.1439320555 16.8420474741 26.6102479684 557.828256204 0.312417763474 0.131556514706 1.14713862407 0.949654453212 0.133112870573 0.413163605214 0.529476975282 3.59921762255 3.69396457854 9.61326210644 5.75247947235 0.985066862023 126.858474691 0.831054193092 123.955228122 123.869203503 2.60251711091 0.187792245749 0.600044016556
-9999.0 -9999.0 -9999.0 -9999.0 -9999.0 -9999.0 -9999.0 -9999.0 -9999.0 -9999.0 -9999.0 -9999.0 -9999.0 -9999.0 0.997818080233 1.65224224236 3.40789689213 5.96879137367 8.46114113497 10.1707725729 11.0804008988 11.9728343157 12.7947818326 0.783728419137 0.711344816705 1.40403511278 1.32045714695 0.697759447209 13.5302882447 14.1656557402 14.7459233935 15.3074911256 8.7927428172 9.20270119998 9.57269797603 558.014853693 0.55989209023 0.302663745425 1.61978140946 0.215798533712 0.231318416399 0.11943411422 0.107838045551 0.632399600613 0.0768341208026 0.0817650363578 136.910089859 127.240234093 127.162298339 0.33637634647 0.744192979184 0.489490060912 0.115319652722 2.32531401733 0.661469493621
-9999.0 -9999.0 -9999.0 -9999.0 -9999.0 -9999.0 -9999.0 -9999.0 -9999.0 -9999.0 -9999.0 -9999.0 -9999.0 -9999.0 0.687775530246 0.656915290145 1.28949578168 1.93989576257 0.869526181709 0.987711665961 1.89319316728 2.7847486558 4.4612044103 5.29019463669 6.05332779005 8.22356530867 8.87993426734 9.60099874368 0.646988113079 6.69387837145 7.26536476895 7.82689846935 0.485887987523 0.330617503314 0.573021731696 568.543064157 568.719454084 569.587434025 2.25872826829 0.455954572956 0.386909123082 0.0996117395184 0.190604138268 0.717817821272 0.865743275124 0.148676641019 137.268943303 0.10961283573 0.179909830695 0.202831374213 0.14345034062 0.289412578831 0.120440819858 1.54463803153 1.25705381547
-9999.0 -9999.0 -9999.0 -9999.0 -9999.0 -9999.0 -9999.0 -9999.0 -9999.0 -9999.0 -9999.0 -9999.0 -9999.0 -9999.0 -9999.0 0.634725841655 1.2484764652 0.594092698019 1.22313404462 7.71883773225 8.51746430391 9.413323583 0.829780781994 0.832360995186 1.59517060196 2.33367771338 3.66470503343 4.34073985442 4.79310341919 5.41555837777 0.53455051573 0.517536841434 9.00446012433 9.31891345811 9.54807833235 9.76363037085 8.16464766314 578.641275687 582.129344922 582.32154145 582.878883526 583.576498042 583.828854043 0.0699200102284 0.933712134244 137.329831024 0.148078567976 0.0760275878961 0.0838830557956 0.0847527453861 0.151261221833 0.161282280838 0.0959419003074 0.150181604568 0.153843813995
-9999.0 -9999.0 -9999.0 -9999.0 -9999.0 -9999.0 -9999.0 -9999.0 -9999.0 -9999.0 -9999.0 -9999.0 -9999.0 -9999.0 -9999.0 -9999.0 1.85748624369 2.49454842754 4.37934797346 5.82566228893 0.769934358232 11.1574386694 11.9766656671 12.7922957583 0.801102725884 1.57062189721 0.674675758322 5.21845047031 5.6446293901 6.23947641173 6.81647570266 8.31784523399 8.58779202277 0.177538372628 7.34116237463 7.76820813176 7.96396874582 8.86963758651 1.04942213338 0.631606783541 0.367967808618 0.363921835301 584.126541779 584.216876895 585.780644814 137.383836037 0.430484114501 0.231407452217 0.151459349389 0.0534432266039 0.49102744052 0.269071367417 0.0869876081129 0.508373446773 0.435768687793
-9999.0 -9999.0 -9999.0 -9999.0 -9999.0 -9999.0 -9999.0 -9999.0 -9999.0 -9999.0 -9999.0 -9999.0 -9999.0 -9999.0 -9999.0 -9999.0 0.663546982451 3.13029095756 3.7843953416 0.819632003917 0.928744827459 1.85584307231 2.70830144941 16.3541503531 0.803585086621 3.20228214962 3.90903757783 4.59460471995 0.442345664397 1.00674493715 1.40082184126 5.84694506286 6.56398971358 6.7488707499 0.207225367355 0.219777262051 0.274457356642 0.504607926182 0.224261106368 0.240234291461 0.306420586981 0.319599948772 0.305205703309 0.573282488534 585.88228502 723.519175445 0.528823020481 0.167023010612 0.0515535987984 1.62003566973 1.50198008067 0.925027473209 0.838251570811 0.63573863318 0.155288643292
-9999.0 -9999.0 -9999.0 -9999.0 -9999.0 -9999.0 -9999.0 -9999.0 -9999.0 -9999.0 -9999.0 -9999.0 -9999.0 -9999.0 -9999.0 0.582783553373 1.85952033073 0.611951965864 0.997903477632 1.09969254192 2.05247225798 2.96354738517 3.71404772829 20.6760674995 21.4572286254 0.799554324166 1.51543758662 2.23777166988 2.77758228935 3.3583470336 5.24196685076 5.6148451102 0.469934965494 0.352822891986 0.314725193544 0.2916384902 0.329069509635 0.35576576306 0.321082242269 0.460448413569 1.00193243865 0.469302646268 0.103835712587 0.100141121854 0.0948358518543 0.177213760561 729.080442184 4.84359259579 1.91320004586 0.159615773877 0.0754706089222 0.0535865598123 0.209353749839 0.148554131705 0.0798172841205
-9999.0 -9999.0 -9999.0 -9999.0 -9999.0 -9999.0 -9999.0 -9999.0 -9999.0 -9999.0 -9999.0 -9999.0 -9999.0 -9999.0 0.617688652994 1.18284099988 4.21719081567 0.579958858102 1.79206999311 2.87448659437 3.8714692265 1.01692511498 1.88797799213 2.60179245194 24.6271696133 0.764692593979 1.44370624866 2.1068393777 0.614805481712 1.22379230124 1.68336620072 2.05599022524 46.4237207128 47.0478150311 47.5869241141 49.5964280039 50.5868709591 52.2340583393 0.421299508184 1.04824522396 1.19896677583 56.7085453583 56.9021170597 0.0916426562969 0.160385282325 0.225893069652 729.169392514 4.48512822992 2.36253324444 2.26834671226 1.64595700553 1.36525875163 0.275637483285 0.0635670124421 0.132880625299
-9999.0 -9999.0 -9999.0 -9999.0 -9999.0 -9999.0 -9999.0 -9999.0 -9999.0 -9999.0 -9999.0 -9999.0 -9999.0 -9999.0 0.618065523872 1.88372786402 6.7185288875 9.92380719507 0.523840769702 12.9762017468 17.4662353496 0.951766075312 1.82603602757 2.59353952664 31.9333528082 32.5179275268 0.552453272294 3.2234287747 3.75469040107 4.28096827827 42.263133911 43.4419406554 44.0123003997 0.264229512499 1.49054474671 1.75711412265 0.685408776883 0.961966055638 53.5937589989 55.0322479237 55.2275540875 55.4088414608 57.0961799211 0.0948914817588 0.0810774711268 0.370819519431 729.241340888 0.112163730312 0.184161905938 0.545015964521 0.210414185123 1.24362226076 0.926626578801 0.554819081315 0.402965688462
-9999.0 -9999.0 -9999.0 -9999.0 -9999.0 -9999.0 -9999.0 -9999.0 -9999.0 -9999.0 -9999.0 -9999.0 -9999.0 -9999.0 -9999.0 -9999.0 1.31471801973 2.63569868771 11.7496106851 12.3963259437 18.0346877114 18.6570487079 0.916710555978 1.8319212527 4.20387533664 33.0145922631 34.1522701099 34.5945347981 0.350474640138 36.2661231041 37.5052174648 0.73892547724 0.268154264445 0.527516837961 1.01331828794 0.235116586373 0.453835306783 0.980732392173 1.19675456395 0.221119011005 0.143201547916 0.276926455809 58.2963223241 58.719243497 58.787241309 59.3625357927 729.302216857 0.0810490173254 0.128272973489 0.151744999818 0.149856209578 0.153989851973 0.135743253702 0.25299897025 0.0539554986436
-9999.0 -9999.0 -9999.0 -9999.0 -9999.0 -9999.0 -9999.0 -9999.0 -9999.0 -9999.0 -9999.0 -9999.0 -9999.0 -9999.0 -9999.0 -9999.0 0.686628735596 0.671417289944 0.659327294813 1.3052737263 0.568108319043 19.7899369358 20.3626528712 0.817718860605 1.64179742875 0.731254342259 0.556420326707 0.536525344063 35.5616658155 0.42469242741 0.853673628195 0.388326877466 0.291540199055 0.25175146654 0.188435382747 0.196437193591 0.58930653427 0.807035290639 0.150619797993 0.132854725121 0.28438872604 0.473730507275 0.705423512691 0.2404514543 58.9155182254 59.4338944683 729.342444768 0.477381954162 0.311787082867 0.090133141277 0.223634353503 0.075520740765 0.059811232755 0.318275497672 0.278061651014
-9999.0 -9999.0 -9999.0 -9999.0 -9999.0 -9999.0 -9999.0 -9999.0 -9999.0 -9999.0 -9999.0 -9999.0 -9999.0 -9999.0 -9999.0 -9999.0 -9999.0 -9999.0 0.663539523767 1.91205273161 2.44322097887 2.99683767575 20.9030131678 21.4528358787 21.9978067661 22.6178478826 23.1385533936 24.2124249757 24.6095159713 25.0126250446 25.3319393928 0.264934402737 0.241304519253 0.250133547788 0.842405950982 0.219917746372 0.202827918924 0.158375710767 0.45213891729 0.177711128077 0.133393946751 0.123223487474 0.110297865194 0.220073478056 0.308570576795 60.0420204803 789.904930493 0.0795465084147 0.146133366074 0.0739031759268 0.305152380393 0.165900339711 0.120214190668 0.818518028081 0.463716622591
-9999.0 -9999.0 -9999.0 -9999.0 -9999.0 -9999.0 -9999.0 -9999.0 -9999.0 -9999.0 -9999.0 -9999.0 -9999.0 -9999.0 -9999.0 -9999.0 -9999.0 -9999.0 -9999.0 0.559262942722 4.42720866104 8.62525858646 9.2035302981 0.794132198437 1.61253282165 2.45421824995 3.08965329939 7.48732092 7.79247875792 0.291981226443 0.279900809803 25.8793946405 26.3526637917 26.5732355394 1.00015847281 0.138210723953 0.336917264311 0.4948111513 1.47099529187 1.80481397458 2.06002736815 0.232833910857 0.322367991852 0.107609348057 0.211477628076 0.108155200513 790.077865412 0.0640224946542 0.272877750847 0.134802242103 0.483356394516 0.950418018056 1.10600752782 1.96264134357 0.620057446989
-9999.0 -9999.0 -9999.0 -9999.0 -9999.0 -9999.0 -9999.0 -9999.0 -9999.0 -9999.0 -9999.0 -9999.0 -9999.0 -9999.0 -9999.0 -9999.0 -9999.0 -9999.0 0.619886350264 1.9801507339 3.87913524582 5.06394426672 12.8625347404 13.5495090408 1.76023453372 2.58024891735 3.24846136457 3.8805272386 8.15966519335 8.7766409253 15.8358866505 16.4437435909 16.7155657838 26.7846588044 28.2850991763 0.335163167715 0.218156860146 0.205841552455 0.385516905666 0.172519566197 2.39289492142 2.51439625081 0.423439947444 0.615092415259 0.14736309839 182.131453623 182.352242747 972.519328306 972.8659409 0.0728075969247 0.644651732074 0.097208611047 0.0736561282965 2.10628083819 2.77813693158
-9999.0 -9999.0 -9999.0 -9999.0 -9999.0 -9999.0 -9999.0 -9999.0 -9999.0 -9999.0 -9999.0 -9999.0 -9999.0 -9999.0 -9999.0 -9999.0 -9999.0 -9999.0 -9999.0 0.712044039113 0.693071800022 1.31215527098 3.1070358887 14.1306354651 0.905024401845 0.896040280316 1.55797171307 2.2346197388 5.51698710384 6.02670793008 0.419417969183 0.393645920399 17.0442099941 17.2664559262 45.8018841984 46.0277536964 0.11650817397 0.102602288942 0.0818027265546 0.0826125689093 0.0900351394138 179.480890775 180.263902858 181.091290713 181.442472047 181.962692986 0.124406485464 0.457256091577 0.539086883166 973.563290771 973.59135957 973.730678665 973.904068023 974.047242024 2.90671335553
-9999.0 -9999.0 -9999.0 -9999.0 -9999.0 -9999.0 -9999.0 -9999.0 -9999.0 -9999.0 -9999.0 -9999.0 -9999.0 -9999.0 -9999.0 -9999.0 -9999.0 -9999.0 -9999.0 -9999.0 0.637219516145 0.666063053597 1.23214299754 16.5537772879 17.1578270084 0.883595365358 1.54154835498 2.22917461014 2.81463226547 0.538881146191 0.983521634324 39.5625024485 39.823021688 40.1613151493 42.3823558201 88.7026315735 174.699259651 174.98322786 175.227962692 175.463137677 176.510300001 176.848796037 0.634403966634 0.282840158832 0.167926566845 0.314481264957 0.22890855637 0.362949416629 0.110384748813 2.70758533154 2.9262913114 3.12616565564 3.16280253297 974.086456012 977.114365861
-9999.0 -9999.0 -9999.0 -9999.0 -9999.0 -9999.0 -9999.0 -9999.0 -9999.0 -9999.0 -9999.0 -9999.0 -9999.0 -9999.0 -9999.0 -9999.0 -9999.0 -9999.0 -9999.0 -9999.0 -9999.0 0.65471427257 1.25166912908 1.85128724586 17.6609778564 0.643872435896 24.211791243 24.9286895894 25.492577513 25.9841798058 37.6948335817 38.157786071 0.292277859474 1.60664392147 1.93294449764 0.261069720263 85.7184918506 85.255450317 0.133381788068 0.308946107022 0.838378354357 0.187230622299 0.19812916729 0.145340330709 0.121673446269 0.0936744848412 0.109379002754 2.36127090571 2.47459098476 2.61316144011 0.150745449179 0.148451612427 3.24028605407 3.29024760392 3.31790145494
-9999.0 -9999.0 -9999.0 -9999.0 -9999.0 -9999.0 -9999.0 -9999.0 -9999.0 -9999.0 -9999.0 -9999.0 -9999.0 -9999.0 -9999.0 -9999.0 -9999.0 -9999.0 -9999.0 -9999.0 -9999.0 0.599885442096 0.560308560064 2.906641278 21.7292578932 22.9462666106 23.5482777088 0.684406920234 10.4143855675 10.9572551155 11.2330257025 0.443211948873 0.754956359314 1.01655629217 20.1510649209 20.3523699858 20.5182992716 84.962663324 51.2940913676 0.1693464559 0.180117609972 0.172555327444 0.13355810209 1.45754233627 1.73542785728 1.97770887064 2.1126825734 2.24225149391 19.5644357045 19.6553480782 19.8269576377 20.2704146051 21.6140117005 21.6518814852 25.007651496
-9999.0 -9999.0 -9999.0 -9999.0 -9999.0 -9999.0 -9999.0 -9999.0 -9999.0 -9999.0 -9999.0 -9999.0 -9999.0 -9999.0 -9999.0 -9999.0 -9999.0 -9999.0 -9999.0 -9999.0 -9999.0 -9999.0 1.17281510232 1.78709732037 0.631332621354 0.919474582841 7.92153262885 8.64374352781 9.17423497757 4.08764422818 4.57131948561 5.06328899562 5.37519053999 19.6920623058 19.9796225875 12.5750310082 33.3098277013 33.5101531738 51.1591298043 0.375492042674 0.189653790304 0.131995238259 1.02274367366 1.1944760615 0.101082998019 0.0940880470777 19.1329880717 19.3669187552 19.4794138423 0.206926268 0.314937722972 21.4174898684 0.116034884871 0.300187018975 0.329848641681
-9999.0 -9999.0 -9999.0 -9999.0 -9999.0 -9999.0 -9999.0 -9999.0 -9999.0 -9999.0 -9999.0 -9999.0 -9999.0 -9999.0 -9999.0 -9999.0 -9999.0 -9999.0 -9999.0 -9999.0 -9999.0 -9999.0 0.58685313205 1.16175431771 4.87330710975 5.51930980061 6.2406728952 3.03301477479 3.60602073765 0.496395908586 13.1914357184 13.6322442879 14.0308237933 0.324510992576 12.0409865545 12.3393350493 0.212192348391 50.1750792003 0.430006374311 0.214366358753 0.563766380592 0.754080604667 0.14007850731 0.112931472888 17.9095262188 18.9217360151 19.0609342463 0.145383801695 0.31382768313 0.398510913111 0.490087635852 0.994416557609 0.11029780325 0.248837038364 0.0469085927415
