data/baseflow/History/mHMbfrc373
ncols                  80
nrows                 72
xllcorner      4374000.0
yllcorner      5656000.0
cellsize            500
NODATA_value       -9999
[rows 0 to 23 of 72, columns 0 to 54 of 80]
-9999.0 -9999.0 -9999.0 -9999.0 -9999.0 -9999.0 -9999.0 -9999.0 -9999.0 -9999.0 -9999.0 -9999.0 1.04846658405 0.833413133262 -9999.0 -9999.0 -9999.0 -9999.0 -9999.0 -9999.0 -9999.0 -9999.0 -9999.0 -9999.0 -9999.0 -9999.0 -9999.0 -9999.0 -9999.0 -9999.0 -9999.0 -9999.0 -9999.0 -9999.0 -9999.0 -9999.0 -9999.0 -9999.0 -9999.0 -9999.0 -9999.0 -9999.0 -9999.0 -9999.0 -9999.0 -9999.0 -9999.0 -9999.0 -9999.0 -9999.0 -9999.0 -9999.0 -9999.0 -9999.0 -9999.0
-9999.0 -9999.0 -9999.0 -9999.0 -9999.0 -9999.0 -9999.0 -9999.0 -9999.0 -9999.0 -9999.0 -9999.0 2.15016855879 4.59096630485 0.714681378689 -9999.0 0.582111572367 -9999.0 -9999.0 -9999.0 -9999.0 -9999.0 -9999.0 -9999.0 -9999.0 -9999.0 -9999.0 -9999.0 -9999.0 -9999.0 -9999.0 -9999.0 -9999.0 -9999.0 -9999.0 -9999.0 -9999.0 -9999.0 -9999.0 -9999.0 -9999.0 -9999.0 -9999.0 -9999.0 -9999.0 -9999.0 -9999.0 -9999.0 -9999.0 -9999.0 -9999.0 -9999.0 -9999.0 -9999.0 -9999.0
-9999.0 -9999.0 -9999.0 -9999.0 -9999.0 -9999.0 -9999.0 -9999.0 -9999.0 -9999.0 1.10139987349 1.06091875813 1.08242825718 1.04228017941 6.58999486882 7.34817681251 1.61954102529 0.515048359056 -9999.0 -9999.0 -9999.0 -9999.0 -9999.0 -9999.0 -9999.0 -9999.0 -9999.0 -9999.0 -9999.0 -9999.0 -9999.0 -9999.0 -9999.0 -9999.0 -9999.0 -9999.0 -9999.0 -9999.0 -9999.0 -9999.0 -9999.0 -9999.0 -9999.0 -9999.0 -9999.0 -9999.0 -9999.0 -9999.0 -9999.0 -9999.0 -9999.0 -9999.0 -9999.0 -9999.0 -9999.0
-9999.0 -9999.0 -9999.0 -9999.0 -9999.0 -9999.0 -9999.0 -9999.0 -9999.0 1.05850250154 2.15519715052 4.27260743209 2.07879979982 1.00848285334 1.99600731205 8.32278458785 11.1977511116 0.60157849267 -9999.0 1.06161107674 -9999.0 -9999.0 -9999.0 -9999.0 1.11689516777 0.56664744808 -9999.0 -9999.0 -9999.0 -9999.0 -9999.0 -9999.0 -9999.0 -9999.0 -9999.0 -9999.0 -9999.0 -9999.0 -9999.0 -9999.0 -9999.0 -9999.0 -9999.0 -9999.0 -9999.0 -9999.0 -9999.0 -9999.0 -9999.0 -9999.0 -9999.0 -9999.0 -9999.0 -9999.0 -9999.0
-9999.0 -9999.0 -9999.0 -9999.0 -9999.0 -9999.0 -9999.0 -9999.0 1.17143462662 3.33739245023 4.36543915566 5.39588093585 7.344533321 0.970099679419 3.90302923766 4.85319802577 17.5561957917 0.820899716479 0.904817644781 2.00455308694 2.92245168357 0.954832920453 -9999.0 2.96460406756 2.43010253076 0.683269026997 -9999.0 -9999.0 -9999.0 -9999.0 -9999.0 -9999.0 -9999.0 -9999.0 -9999.0 -9999.0 -9999.0 -9999.0 -9999.0 -9999.0 -9999.0 -9999.0 -9999.0 -9999.0 -9999.0 -9999.0 -9999.0 -9999.0 -9999.0 -9999.0 -9999.0 -9999.0 -9999.0 -9999.0 -9999.0
-9999.0 -9999.0 -9999.0 -9999.0 -9999.0 -9999.0 1.17647393645 1.08429948847 1.05284613572 1.06638589942 1.08102037647 7.55964651426 15.9320095581 16.949689151 17.8703226741 0.919566777612 19.345459198 20.2375944731 1.82557770249 0.92262474479 3.82115954987 6.62708921676 0.896623214844 5.6364137019 0.969687042334 0.92587515544 0.994462090351 -9999.0 -9999.0 -9999.0 -9999.0 -9999.0 -9999.0 -9999.0 -9999.0 -9999.0 -9999.0 -9999.0 -9999.0 -9999.0 -9999.0 -9999.0 -9999.0 -9999.0 -9999.0 -9999.0 -9999.0 -9999.0 -9999.0 -9999.0 -9999.0 -9999.0 -9999.0 -9999.0 -9999.0
-9999.0 -9999.0 -9999.0 -9999.0 -9999.0 -9999.0 2.32367327127 3.41607092669 7.74870236784 10.8717142168 0.975934606704 1.00437855072 0.962375906046 2.83880128544 21.5921631439 0.849232196178 21.092528432 24.5300019955 2.675889259 1.76517480896 7.48439202946 0.923160307956 6.55090790803 1.85409510222 0.938981392867 1.83627931737 1.99301830723 1.00074896403 1.00317116136 0.986454268983 1.04550568383 2.10166414434 -9999.0 -9999.0 -9999.0 -9999.0 -9999.0 -9999.0 -9999.0 -9999.0 -9999.0 -9999.0 -9999.0 -9999.0 -9999.0 -9999.0 -9999.0 -9999.0 -9999.0 -9999.0 -9999.0 -9999.0 -9999.0 -9999.0 -9999.0
-9999.0 -9999.0 -9999.0 -9999.0 -9999.0 1.21054950675 2.36515225532 1.13872515095 2.23061233251 11.9813793332 14.0239977081 16.0476009795 50.2292071086 0.941987456111 22.5206766878 79.9233972273 80.6154716659 106.308870654 0.733630316701 2.61053708161 8.34907478478 0.857957845918 16.8248931172 9.38545746391 5.71776927941 4.78467956678 0.961859857687 2.96618837678 2.92201084346 1.95298313351 0.970049225425 3.10495457669 0.972977860312 0.964971130813 -9999.0 -9999.0 -9999.0 -9999.0 -9999.0 -9999.0 -9999.0 -9999.0 -9999.0 -9999.0 -9999.0 -9999.0 -9999.0 -9999.0 -9999.0 -9999.0 -9999.0 -9999.0 -9999.0 -9999.0 -9999.0
-9999.0 -9999.0 -9999.0 -9999.0 -9999.0 1.20598493109 3.51639205163 7.01857437211 8.11547905991 16.0393724524 17.085535719 20.3379482996 33.2520797034 52.92996632 54.8205691812 55.6949226265 1.67886554569 109.294965821 110.818370908 115.176952381 143.842466471 19.4656519443 17.7459704931 6.63256103936 0.904058131843 5.71172514159 3.89153214688 0.892535850634 3.82727756246 0.892385935892 1.8392453538 4.98274769441 5.92518439947 1.90166865514 0.9316895894 0.930857506138 -9999.0 -9999.0 -9999.0 -9999.0 0.575861990318 0.496567811517 -9999.0 -9999.0 -9999.0 -9999.0 -9999.0 -9999.0 -9999.0 -9999.0 -9999.0 -9999.0 -9999.0 -9999.0 -9999.0
-9999.0 -9999.0 -9999.0 -9999.0 -9999.0 1.1817144009 1.1309401457 4.60488426093 5.71158620177 6.85001168249 1.10179901669 2.18792940481 12.1446362347 2.14675437461 1.03732621517 0.973208482264 0.885062241006 0.970469611031 0.930315595844 0.952689636826 144.731635908 147.333511821 0.857825041721 2.64794360059 1.80117528649 6.59054729971 1.79074027928 0.869745195399 4.75112702058 1.77093310941 4.25625741762 10.5080159442 9.68298075834 2.83137696865 2.78700128117 0.940839922335 0.940025703576 -9999.0 -9999.0 0.925134509784 1.3082855411 2.85171352763 0.528885067895 -9999.0 -9999.0 -9999.0 -9999.0 -9999.0 -9999.0 -9999.0 -9999.0 -9999.0 -9999.0 -9999.0 -9999.0
-9999.0 -9999.0 -9999.0 -9999.0 -9999.0 -9999.0 1.19061031392 1.17799289435 2.30513455331 3.42224495184 7.82431268705 10.0382720064 11.1340661141 1.10448858389 0.944717636217 12.3845382135 15.2512962209 16.1686288439 19.9444708777 20.8354011756 0.893983033038 148.227550657 152.638140048 3.5309814963 0.836356528076 7.43637035369 16.5122731338 6.46756047805 1.70921735387 0.856338241284 16.4777340308 11.387013587 0.862136432702 0.853861419225 3.65565492166 2.77477534158 0.904876867862 0.894330214497 0.914174296982 1.82058765956 0.89078658122 3.47243106412 4.34587610172 0.826544027669 -9999.0 -9999.0 -9999.0 -9999.0 0.924915196046 0.881889742751 0.276557094393 -9999.0 -9999.0 -9999.0 -9999.0
-9999.0 -9999.0 -9999.0 -9999.0 -9999.0 -9999.0 -9999.0 1.18831249614 1.07188593317 2.1952280409 3.32854784609 1.1189943851 1.03445940951 6.39272220676 8.44243528807 10.515051587 0.975122779472 1.93754236044 0.959098580288 21.7379338231 47.8003500963 48.3722751324 202.599862557 0.878633439068 2.46242746268 0.792264225009 17.3328457392 0.838391819685 2.57864175119 0.844341969913 17.3301214886 18.1758211859 1.72242803303 1.69936348667 9.14603762898 4.58865414932 1.79022453851 0.904699295928 1.83022060418 2.72128380106 4.47180652049 0.863719529321 6.04286575385 6.92734412909 0.843343372522 0.884659000998 0.883392499612 0.828388549339 0.797069561836 2.60079536231 1.04243438612 0.709497515146 -9999.0 -9999.0 -9999.0
-9999.0 -9999.0 -9999.0 -9999.0 -9999.0 -9999.0 -9999.0 -9999.0 2.20067916257 3.23677038146 1.10085903612 2.22388283742 3.28169995083 5.41617489768 1.08827185051 1.05709209004 0.94438855966 0.960100809779 0.898897829731 24.222835797 0.975492415441 1.91954910194 205.196384767 207.295290623 1.22782726673 4.87938527629 23.0681924616 1.65999885787 3.35696852282 1.59666613181 2.3599698086 21.465723313 2.51412703021 13.2859421189 10.8059319499 0.834336578332 4.42946902529 1.78225434932 2.69261331991 0.860363873937 5.31758639226 7.03557476915 7.86093925808 8.65614613594 10.1567905049 1.62417670419 1.65602905703 1.5575080649 1.47687002347 3.30773915242 0.678652808654 2.44869963046 3.0927423206 -9999.0 -9999.0
-9999.0 -9999.0 -9999.0 -9999.0 -9999.0 -9999.0 -9999.0 -9999.0 1.13665125298 5.48433046427 6.5631981687 1.08229496115 2.13615662462 1.05396476467 1.00390429468 0.983883527423 12.2176195775 16.3365096202 20.0436122402 23.6111540646 0.880273783484 0.958110981389 1.12722388288 211.676178428 213.868547411 214.983005969 31.0356809862 6.74822861817 5.8374721205 0.756307852961 3.11748428513 25.3563443778 0.773095874138 14.0658462772 0.832001839815 5.74166171336 5.31988199492 0.865924137904 3.54726040231 1.71113279844 2.54962641177 0.842732487184 0.794020865647 9.4441649936 10.1804111948 10.8912500094 2.42450067349 2.29833826063 2.18668138193 4.01671819261 5.38074598762 0.678159465961 3.74832861218 0.689724051166 1.33115910752
-9999.0 -9999.0 -9999.0 -9999.0 -9999.0 -9999.0 -9999.0 -9999.0 -9999.0 1.14442825091 7.67243751747 8.74244348931 3.19859020457 5.3058981376 7.32173218217 8.33711489642 1.03382747059 3.17128706176 2.10569343194 1.04401171048 1.04354478689 0.969051755435 1.96558285435 3.49362971429 1.33026947322 248.437905127 249.684518277 1.15569519335 0.81017094634 1.55050460322 2.3297771308 27.6445075646 1.51194545009 14.77993464 8.92339864668 7.33388049729 0.837566827077 1.68634779821 4.34761605076 0.795985075271 3.3285894097 1.6074642504 1.48265347966 0.779360494234 12.4009424528 23.9098851034 2.97863579339 2.86543912251 2.79263497177 0.595128533825 5.96916894292 0.576716165526 5.01160396345 0.628188297281 1.96471475758
-9999.0 -9999.0 -9999.0 -9999.0 -9999.0 -9999.0 -9999.0 -9999.0 -9999.0 -9999.0 1.05631547527 10.8700482799 1.05829323804 2.1066495969 3.09450792674 5.10423958379 1.04331593614 2.14154559055 1.0698791805 1.0236929806 0.97039923125 1.91991038133 0.89902004507 1.06725520099 2.36438399536 1.35885245146 250.810756578 253.083011594 256.281937724 3.23034818317 0.798393397812 1.59002283055 28.4327097118 27.581311187 10.5384646945 0.802743756685 3.32935926246 2.50495605147 5.15057910333 1.59489526225 6.49937751362 2.37907044368 2.20971356556 0.749740781723 0.77929842123 24.708129247 25.3873341876 31.8249500766 4.65871562554 1.23282437297 6.60218214845 7.79185674891 13.3773446962 1.23557034516 0.583343067448
-9999.0 -9999.0 -9999.0 -9999.0 -9999.0 -9999.0 -9999.0 -9999.0 -9999.0 -9999.0 -9999.0 0.595637021112 12.2030495199 1.01282043342 1.98762357545 9.10258710214 1.04984529011 1.04726928352 0.92740025384 1.98291060965 0.959473167272 3.82996382937 5.61118616184 6.44789781262 3.22332009457 4.26194254292 1.21575108813 1.33008889403 1.19905234683 261.393669932 263.890914367 29.1793762144 29.0656370139 28.3273936797 1.53600251804 0.747700140535 4.08673412337 10.7603341326 5.91844636981 2.35862612768 9.60145607792 5.08182653279 4.36258167909 1.44643688124 0.634824310135 0.606904481344 0.623481994029 34.6394961926 41.2621753596 0.603712806467 0.551703915613 0.580661350295 13.9535007649 15.7510700191 1.09087503429
-9999.0 -9999.0 -9999.0 -9999.0 -9999.0 -9999.0 -9999.0 -9999.0 -9999.0 -9999.0 -9999.0 0.558873318731 13.5640770479 16.6790783076 0.975869365029 11.0581043553 0.970703009731 0.929275100969 1.85398098797 4.7771705211 0.93923796405 0.977558043132 0.880378044546 8.20670833747 9.05445660424 14.1984451314 16.3165129678 17.3933565443 18.5382983895 19.7677474019 284.760421425 316.11966718 347.188354464 347.95872451 0.826411574354 0.752611503969 12.2777238484 11.5269026635 0.751681569871 0.751410933999 10.3490991082 16.1849019816 0.679636563345 9.04952685334 8.36239448217 2.83571389968 1.36557756397 2.15972363427 0.754899713709 42.5504611052 0.661600417908 1.78585561726 2.28847967234 19.973973698 21.638154416
-9999.0 -9999.0 -9999.0 -9999.0 -9999.0 -9999.0 -9999.0 -9999.0 -9999.0 -9999.0 -9999.0 1.1151501734 2.14067097759 17.6874770212 19.5603259916 0.942888487986 12.7408546638 0.850759542805 2.62314036205 5.6483237966 1.82657913941 0.884442172088 1.80115226321 0.798543802186 1.58287974598 0.801964218994 0.785798978675 0.75974865912 0.747567603303 0.799576155344 0.935502755075 1.15706577492 1.25786221748 1.24080597222 350.950624598 15.6302712829 14.0481709092 0.832135160813 2.21657269642 0.639371161598 0.527272853535 16.9055184658 28.1164891278 9.81412218767 7.03475853984 1.53625168305 0.726521252119 0.680843011624 1.31907431677 44.5108880847 45.7235475764 0.631135423235 0.641467182365 0.694253676473 0.602880961025
-9999.0 -9999.0 -9999.0 -9999.0 -9999.0 -9999.0 -9999.0 -9999.0 -9999.0 -9999.0 -9999.0 -9999.0 0.997994160423 13.1034378604 33.6416767196 36.5687421973 50.1608608101 50.8569144951 12.5494121822 9.26491738361 2.72977696956 0.874308874633 3.53376080151 4.36927338125 6.7656948605 1.63604901264 1.58447102439 1.57032275814 3.11224527048 1.58229470421 1.70580781702 0.762535033303 0.746634633155 0.895372009684 351.944395722 368.089153153 368.968966717 0.864504680396 6.58648569993 2.67423367113 0.768226424337 30.4377496627 1.60869182237 0.828107052019 3.4282792172 0.809031675903 0.736743369213 1.41491213315 1.96400417859 2.55604851882 46.7445782632 0.486947347979 0.418918246141 0.425047984966 0.377708332035
-9999.0 -9999.0 -9999.0 -9999.0 -9999.0 -9999.0 -9999.0 -9999.0 -9999.0 -9999.0 -9999.0 1.06838674425 9.98433311343 12.1039725004 1.99734873073 0.626821738018 1.46798435552 53.2262400074 53.9729022225 67.2117954832 0.837329026875 1.7040813051 0.792574412909 0.806745814347 7.56747944283 10.0037793757 12.345284484 0.752596755599 3.87175373193 6.19751040488 3.90342791267 1.48629091875 1.42790686407 1.56409185515 1.63984493674 0.966345287392 369.735239679 370.395284103 378.426418261 1.33010174443 0.684522879198 30.9050351429 1.64956161538 0.846232209249 0.893608707605 0.885656531518 0.803192961824 1.59626940873 4.43339539871 7.63898713805 54.8742895579 0.35850753405 1.0783994912 0.737583684329 0.655091527458
-9999.0 -9999.0 -9999.0 -9999.0 -9999.0 -9999.0 -9999.0 -9999.0 -9999.0 -9999.0 -9999.0 1.09342018071 6.8589085937 1.07990947072 0.98243439079 5.03413938119 5.94921284323 6.87113602581 7.77113851694 91.4970485658 92.2803586095 93.896990743 105.960489018 108.537624386 110.197386625 111.029523378 125.683451658 127.89326477 128.680979202 135.714843128 140.42545815 141.156678945 144.037780543 2.24865294099 2.31053326815 0.773799935917 0.817314043518 371.163928319 381.160692077 2.04686937707 35.0967657107 34.503892058 3.16377721057 0.768190586654 0.784179370845 0.76174325962 0.745577583331 1.50302433037 2.19711017145 0.695808391417 55.3398872115 55.8372753425 58.0691638125 58.4681926699 59.4886162673
-9999.0 -9999.0 -9999.0 -9999.0 -9999.0 -9999.0 -9999.0 -9999.0 -9999.0 -9999.0 -9999.0 3.50141276402 4.63817041722 2.17811269497 3.22256939532 1.03329589661 11.8025696398 12.7689137104 14.6994476934 15.6146620396 6.56929789097 101.808361097 102.650420203 0.941668907987 0.839648931096 0.835685464335 1.70607912372 0.82667772077 0.745411293878 0.705453467318 0.697165666755 141.92539409 144.793876985 147.686528454 150.561542936 153.427050935 1.4483102298 0.478060043583 418.063235018 36.2756172905 35.7103717446 0.697555494818 0.659356258785 0.628782601494 1.407688901 1.38787636748 0.632437882281 0.634610165673 0.590592061266 1.27471750682 1.69290245565 0.318598845964 0.574748281999 0.248484868213 0.241870222691
-9999.0 -9999.0 -9999.0 -9999.0 -9999.0 -9999.0 -9999.0 -9999.0 -9999.0 -9999.0 -9999.0 -9999.0 2.36825290807 1.1173095295 1.05514810302 9.87238059916 10.8705245206 0.988543900718 3.93716082976 4.87093345559 5.78044024021 0.961470811008 0.898825926997 16.7766765041 17.6025825395 18.4241352002 47.298418198 48.0764849542 49.5616105737 55.3607767477 59.6018924244 60.2769359001 0.625779840882 0.646713709173 0.578383227148 154.423755028 0.516925216681 424.793818965 424.014566816 5.31512252978 4.59985519726 2.67165536995 0.669096249255 1.24540872602 2.0169904837 2.00026085931 1.23557101587 0.607533799783 1.19143888979 1.17666643447 2.2107066453 0.412855733302 1.00792942985 1.64036870497 2.16247945629
