data/baseflow/History/mHMbfrc286
ncols                  80
nrows                 72
xllcorner      4374000.0
yllcorner      5656000.0
cellsize            500
NODATA_value       -9999
[rows 24 to 47 of 72, columns 0 to 53 of 80]
-9999.0 -9999.0 -9999.0 -9999.0 -9999.0 -9999.0 -9999.0 -9999.0 -9999.0 -9999.0 -9999.0 -9999.0 0.733037083072 1.91411889055 2.45181869954 4.02469776755 0.385294147761 0.798422281753 1.15598805123 4.89954997352 5.15077095166 5.31811052896 5.52748295959 5.79597285714 8.75129583018 9.47600345843 9.81985575981 0.113422620539 0.766585004692 0.868885359195 17.6053052099 17.8971683794 18.049336445 18.2077379381 18.3205154074 75.4567587196 0.0888869789157 161.189171532 0.115548649051 0.0508710332606 0.992393279635 0.888002366478 0.102332397408 0.481569805828 0.776025548804 0.761450853288 0.518160204015 0.844813482984 1.33905384123 0.498732300808 1.28034292074 0.0838981574018 0.129593936267 0.019083852172
-9999.0 -9999.0 -9999.0 -9999.0 -9999.0 -9999.0 -9999.0 -9999.0 -9999.0 -9999.0 -9999.0 -9999.0 0.648910842561 1.27998302976 0.546179076835 1.081321441 0.401281625258 3.48265830624 4.19328732148 4.57137412295 0.316508108572 0.589635642529 6.93529145827 8.34427016434 8.54794241917 0.497036881239 0.44612283943 0.612753697917 0.0790768911217 0.0657823996214 0.11969556849 0.0571048381724 11.5682834152 11.6355621293 11.6730030515 75.587505015 161.744958687 161.232486961 0.0704471159035 0.0399294810904 0.0371469623666 0.177838786924 0.14919395877 0.553142394936 0.885625748896 1.79928968555 0.155497884786 0.153656030453 1.45381277055 1.57401358486 3.07715547065 3.14079297034 3.29113140162 3.32634362255
-9999.0 -9999.0 -9999.0 -9999.0 -9999.0 -9999.0 -9999.0 -9999.0 -9999.0 -9999.0 -9999.0 -9999.0 -9999.0 0.560964617171 1.13173504336 1.72174093753 2.61041970362 0.469982529906 0.377990653496 3.24991474965 3.56861743369 6.4116195496 6.76229468547 0.956793042924 0.281293507781 0.234990816565 0.208299233011 11.1296065637 11.2343574884 11.324877457 11.3892812418 11.5082370144 1.04545403276 1.10881299569 12.8270233166 250.239106112 0.369328055798 0.276102366967 0.122926941942 0.0370700367885 0.0291228843642 0.247026559435 0.266522958311 0.606602480514 0.0273233620793 1.83880823806 0.224265069978 0.216963149098 0.0269302950914 0.0163091424643 0.0148686848773 0.0218078243728 0.0166298814527 3.34484789684
-9999.0 -9999.0 -9999.0 -9999.0 -9999.0 -9999.0 -9999.0 -9999.0 -9999.0 -9999.0 -9999.0 -9999.0 -9999.0 -9999.0 0.52379404076 1.10331508877 1.61469205645 2.11891345026 2.49852218228 2.90052929207 1.12575663136 1.89793818524 0.329931753291 0.301110614999 9.90502190889 10.4628646797 10.6980279591 10.9640231873 0.158572400314 0.262941495163 0.765121052785 0.866685332658 0.95811459298 0.0861235048522 0.0742131539368 250.524315554 0.0932217995499 0.113304360351 0.0573167599478 0.146601073257 0.0693214634815 0.0417267682655 0.911896980781 0.960415303828 0.0238143607392 1.87042459365 2.11068159176 0.231488715294 48.4207546695 48.3770216886 48.3407649987 48.2490285781 48.2048044494 47.426245205
-9999.0 -9999.0 -9999.0 -9999.0 -9999.0 -9999.0 -9999.0 -9999.0 -9999.0 -9999.0 -9999.0 -9999.0 -9999.0 -9999.0 0.167226933975 0.357942484437 0.524333788415 5.26437980998 5.66167395731 0.41422417531 0.381152165215 0.387956017342 8.63305919128 9.34564880364 0.328014956603 0.331345408259 0.219228052913 0.957300681896 1.1883066639 0.502271203744 0.638615271434 6.14004953917 6.27178870128 6.56874985315 9.9787600463 260.604905905 0.0988109813777 0.0424911563439 0.222075839372 0.184780999311 0.0361049480958 0.120271245788 0.163528910519 1.00587951056 1.04389840529 3.21932968214 2.1242079561 0.250512258679 49.1807622327 0.331610758306 48.3053538997 48.2792506692 0.733941549313 0.0534238652363
-9999.0 -9999.0 -9999.0 -9999.0 -9999.0 -9999.0 -9999.0 -9999.0 -9999.0 -9999.0 -9999.0 -9999.0 -9999.0 -9999.0 0.831457417445 1.36798067789 2.71752524464 4.76724371639 6.15440543679 7.18883641515 7.56651255282 7.9623105942 8.33129333091 0.336650835572 0.272885207151 0.526362008682 0.475277261857 0.257881464107 5.44680392281 5.66677857407 5.86362822706 6.04523762326 3.02586865146 3.11089936266 3.29216094543 260.695516014 0.200902340505 0.123074448676 0.384002266125 0.0363115632274 0.109427932709 0.0648212499998 0.0391610007167 0.214001896405 0.0290723784479 0.0303079146056 52.6000013633 49.3556418091 49.3215494282 0.151582662575 0.315608084621 0.192087355477 0.0336411195036 0.622015932427
-9999.0 -9999.0 -9999.0 -9999.0 -9999.0 -9999.0 -9999.0 -9999.0 -9999.0 -9999.0 -9999.0 -9999.0 -9999.0 -9999.0 0.575956340787 0.539092469594 1.05734471409 1.58636482894 0.544571937918 0.54087184667 0.963141115983 1.36579103744 2.0850642096 2.43694989584 2.7107601282 3.52942424362 3.77153789456 4.05778997491 0.236307671868 2.5020834259 2.67616844734 2.81991883015 0.097738695057 0.0595218621737 0.0989741983065 264.113893162 264.199972825 264.539932067 0.510455239098 0.0871590629272 0.138480129592 0.0348375180379 0.0693720683882 0.248970827933 0.304897083677 0.0546610294185 52.7530363952 0.0554218279793 0.0828032268228 0.0923206887474 0.0755504759823 0.127985196875 0.0524919236991 0.454886719199
-9999.0 -9999.0 -9999.0 -9999.0 -9999.0 -9999.0 -9999.0 -9999.0 -9999.0 -9999.0 -9999.0 -9999.0 -9999.0 -9999.0 -9999.0 0.509187853143 0.990839639371 0.459863358982 0.952515878304 5.93975574243 6.33174556594 6.69282589798 0.35791946041 0.358979395572 0.630904657839 0.919722046558 1.38401688066 1.63709818124 1.82910229312 2.04558027817 0.157484569868 0.126591318119 3.0186182115 3.09727165864 3.15336855875 3.22491081223 2.85887776176 267.720019749 268.66099654 268.708867635 268.886272761 269.064505666 269.171085923 0.0262250416704 0.331576532353 52.7801398815 0.0590953827013 0.0304193073775 0.0483255142023 0.0496306340932 0.082707636491 0.0646464897321 0.0395888488412 0.0680088182785
-9999.0 -9999.0 -9999.0 -9999.0 -9999.0 -9999.0 -9999.0 -9999.0 -9999.0 -9999.0 -9999.0 -9999.0 -9999.0 -9999.0 -9999.0 -9999.0 1.46914837816 1.94980638083 3.42444885567 4.49568637372 0.55345525089 7.71785236465 8.06440817942 8.36955257823 0.292907470597 0.56656057611 0.228539197963 1.86156169034 2.02799100997 2.24689277679 2.43577058025 2.86262312685 2.95556525446 0.0631741359165 2.54558439647 2.70071134832 2.79096945278 3.09118237613 0.351062383212 0.203650843729 0.101921641925 0.0937525782375 269.269210274 269.318912008 269.877353201 52.8084828704 0.187808905989 0.105050716812 0.074349048369 0.0199638664137 0.219984703967 0.109541503445 0.0350095852977 0.206234310657
-9999.0 -9999.0 -9999.0 -9999.0 -9999.0 -9999.0 -9999.0 -9999.0 -9999.0 -9999.0 -9999.0 -9999.0 -9999.0 -9999.0 -9999.0 -9999.0 0.492045108537 2.44331940994 2.96731317085 0.567817058447 0.404751153019 0.851506129443 1.22302135443 9.91902975296 0.288041280867 1.16475843189 1.40988831029 1.64861705959 0.168659099433 0.364875193503 0.468612936133 2.01400080088 2.22472266373 2.32271493246 0.0869828756617 0.0669242144625 0.0735070124981 0.137044471421 0.0549585828732 0.0545040930163 0.0591672518131 0.0545175499458 0.0636717420004 0.189006713366 269.934107218 322.869990164 0.223195412865 0.0391896525652 0.02261866796 0.694852764794 0.650089517531 0.392330425352 0.352633196145 0.261138046727
-9999.0 -9999.0 -9999.0 -9999.0 -9999.0 -9999.0 -9999.0 -9999.0 -9999.0 -9999.0 -9999.0 -9999.0 -9999.0 -9999.0 -9999.0 0.422417123827 1.34734218666 0.437164756796 0.532940612934 0.483038155424 0.905311193632 1.32288760099 1.70622416087 12.0283642633 12.3006727296 0.284532781768 0.532927650812 0.787445955774 0.988782197878 1.16607046012 1.72402630182 1.91656547978 0.0905028685147 0.0846505726449 0.0632082922934 0.0525763154946 0.0605956111192 0.085542198608 0.072185505554 0.0978671729957 0.225863211686 0.11136401492 0.0593808164071 0.0582420704967 0.0427060890462 0.0774638418062 325.054079102 1.91464039454 0.857264068564 0.105448352197 0.050049016931 0.0337273184015 0.106129988327 0.0674432624266
-9999.0 -9999.0 -9999.0 -9999.0 -9999.0 -9999.0 -9999.0 -9999.0 -9999.0 -9999.0 -9999.0 -9999.0 -9999.0 -9999.0 0.450936570856 0.859128994445 3.02020547843 0.38185981932 1.03891758428 1.49209926298 1.88369559641 0.426444685605 0.75709153398 1.17355615598 13.8391461258 0.258504052398 0.480996256321 0.715304573365 0.212349630462 0.413163108229 0.490115532773 0.636989023439 21.759698066 21.9308978361 22.0784132018 22.7879983661 22.965514233 23.4449344126 0.106338422703 0.241868863042 0.261174175838 24.7431876728 24.8406174602 0.052791643102 0.0804756292668 0.107594117496 325.108053034 1.84115750627 0.849642915735 0.789500640659 0.706923641926 0.646916932653 0.139836359494 0.0371237030515
-9999.0 -9999.0 -9999.0 -9999.0 -9999.0 -9999.0 -9999.0 -9999.0 -9999.0 -9999.0 -9999.0 -9999.0 -9999.0 -9999.0 0.469512497534 1.4082678194 4.88856900266 7.17985891285 0.322800807312 9.23130908688 11.527821248 0.376116073944 0.702628400187 1.10064538342 16.9753011721 17.2903908746 0.188700593243 1.09894776288 1.27605928029 1.42866527622 20.567308174 20.8611823243 21.0573169091 0.0948012330378 0.526009527489 0.625121884884 0.243648430265 0.34286957162 23.9256261184 24.3066945187 24.380289697 24.4472367632 24.9115236189 0.0341563737909 0.0308596525294 0.166273991603 325.172854573 0.0745850845784 0.0107957841392 0.032165492931 0.013596923201 0.567749162564 0.517008064682 0.313984555629
-9999.0 -9999.0 -9999.0 -9999.0 -9999.0 -9999.0 -9999.0 -9999.0 -9999.0 -9999.0 -9999.0 -9999.0 -9999.0 -9999.0 -9999.0 -9999.0 0.964835024638 1.91183669436 8.41996946156 8.87067083164 11.9109481551 12.3321014191 0.36664998594 0.73421054572 1.6926004759 17.5976176829 18.0410161326 18.1920915301 0.11720585009 18.7398057978 19.0399047146 0.194435184013 0.0968465550039 0.182155826099 0.354401771553 0.0861917476048 0.165773435295 0.347178467136 0.425536161544 0.0815583164429 0.0494335958934 0.0946128602096 25.2805088899 25.3765340531 25.4032895454 25.6528787404 325.229578097 0.0529029703469 0.00668629130568 0.00831142544827 0.00847046491814 0.00878250706514 0.00779958506369 0.0142625387424
-9999.0 -9999.0 -9999.0 -9999.0 -9999.0 -9999.0 -9999.0 -9999.0 -9999.0 -9999.0 -9999.0 -9999.0 -9999.0 -9999.0 -9999.0 -9999.0 0.497435807924 0.479788865214 0.46091045965 0.884439392944 0.370425095327 13.0784023881 13.4595255541 0.3439149032 0.65538638349 0.285656105694 0.212601305119 0.201444192721 18.5128473668 0.094974513007 0.200899223207 0.112508462449 0.102253174918 0.0865939030592 0.0623766526568 0.0661926410644 0.209504058165 0.292375765902 0.0525001477409 0.0427421474064 0.0966752255944 0.169247942609 0.219509852067 0.0560629403731 25.4524820214 25.6819659999 325.276164269 0.129145966415 0.024306562294 0.00423772626436 0.0118833429641 0.00352367631243 0.00274306000078 0.017369718471
-9999.0 -9999.0 -9999.0 -9999.0 -9999.0 -9999.0 -9999.0 -9999.0 -9999.0 -9999.0 -9999.0 -9999.0 -9999.0 -9999.0 -9999.0 -9999.0 -9999.0 -9999.0 0.47380941138 1.29648893618 1.63431112583 1.99530270211 13.8302271772 14.2205882147 14.5915317561 14.9541265734 15.1466501712 15.556039438 15.6462659867 15.7306177004 15.8006447561 0.0798028521389 0.0749387745989 0.0823440843742 0.282926822674 0.0779122842875 0.0749272884725 0.0531155209342 0.15556572578 0.0631377577923 0.0457024553559 0.041291366048 0.0323628472831 0.0645325903529 0.0958548035463 25.884946732 351.336152688 0.0501781025534 0.0950492965018 0.00315321871911 0.0158132004483 0.00806947644534 0.00552775847192 0.339598504856
-9999.0 -9999.0 -9999.0 -9999.0 -9999.0 -9999.0 -9999.0 -9999.0 -9999.0 -9999.0 -9999.0 -9999.0 -9999.0 -9999.0 -9999.0 -9999.0 -9999.0 -9999.0 -9999.0 0.365850560774 3.10820900236 5.92792824423 6.296605374 0.51187891497 0.868290911721 1.18550952007 1.41773576663 3.10313726803 3.1873292665 0.0814770974162 0.0814348794827 15.9731796916 16.1217486615 16.1888012264 0.331357614295 0.0400597456576 0.115904261902 0.168696234518 0.512678478972 0.631559768299 0.718798125758 0.0776174787162 0.107035059764 0.0370588751636 0.0747371188796 0.0394671356382 351.415281403 0.0425098399742 0.179419497125 0.0451063626927 0.0784815478734 0.26675396549 0.298672000327 0.666281578461
-9999.0 -9999.0 -9999.0 -9999.0 -9999.0 -9999.0 -9999.0 -9999.0 -9999.0 -9999.0 -9999.0 -9999.0 -9999.0 -9999.0 -9999.0 -9999.0 -9999.0 -9999.0 0.432171505264 1.41418635276 2.74850321897 3.56182860811 8.83561183694 9.29206439444 0.689205561411 1.01286107382 1.27338408245 1.50201893413 3.27087953486 3.43520140314 5.88168165102 6.0803114239 6.14993342021 16.254112767 16.7383281468 0.103193484937 0.0800558708793 0.0734138600266 0.139260046893 0.0621904890566 0.840131806418 0.881535056415 0.141538720308 0.175200501841 0.0282434776137 87.8561043434 87.9435199357 439.417242467 439.667381575 0.0470986873303 0.176554476381 0.0618747109211 0.0521015254972 0.750682802185
-9999.0 -9999.0 -9999.0 -9999.0 -9999.0 -9999.0 -9999.0 -9999.0 -9999.0 -9999.0 -9999.0 -9999.0 -9999.0 -9999.0 -9999.0 -9999.0 -9999.0 -9999.0 -9999.0 0.520333336387 0.504721259395 0.927215003837 2.16979980737 9.70325711919 0.363253189421 0.35691148736 0.60911346518 0.882333650449 2.03567358312 2.16813369763 0.12972264086 0.143358551269 6.25908340539 6.32639552491 23.1245109591 23.171784733 0.0345219672272 0.0295432263803 0.0249845491522 0.025267129124 0.0298853360045 87.076702449 87.348169928 87.5666798784 87.6401611059 87.8250629841 0.0477326339515 0.170160181846 0.201628046433 439.966389988 440.007370058 440.070178661 440.116312094 440.171950627
-9999.0 -9999.0 -9999.0 -9999.0 -9999.0 -9999.0 -9999.0 -9999.0 -9999.0 -9999.0 -9999.0 -9999.0 -9999.0 -9999.0 -9999.0 -9999.0 -9999.0 -9999.0 -9999.0 -9999.0 0.441782294834 0.473289899215 0.859955500577 11.386739287 11.788630616 0.344521497824 0.59725479873 0.880599399701 1.05083846599 0.136801457728 0.262262526745 23.5264610316 23.6021422194 23.6906723168 24.3547225207 47.5968453346 85.3474069437 85.4440018211 85.5319870307 85.6160440909 86.0162552084 86.1517227605 0.237240983886 0.0996623893417 0.0659391395226 0.121328866871 0.0837348066783 0.136072530917 0.0437900122679 0.955954260632 1.10591544965 1.21726464427 1.23370514555 440.198041137
-9999.0 -9999.0 -9999.0 -9999.0 -9999.0 -9999.0 -9999.0 -9999.0 -9999.0 -9999.0 -9999.0 -9999.0 -9999.0 -9999.0 -9999.0 -9999.0 -9999.0 -9999.0 -9999.0 -9999.0 -9999.0 0.454858269251 0.865455209156 1.28127587761 12.1389466597 0.349389185867 16.2988915781 16.5989156522 16.7342019177 16.8736957652 22.9738191957 23.1340467938 0.0881775000262 0.49360081966 0.596823519671 0.0924159678976 37.6594222103 37.490999016 0.048391884291 0.118267932613 0.324500090968 0.0742007773592 0.0799179006436 0.0500471192464 0.0413764019547 0.0299233237545 0.0382567990442 0.821848763455 0.864776882393 0.919735983421 0.113747185018 0.0771845352166 1.28548596182 1.31330049726
-9999.0 -9999.0 -9999.0 -9999.0 -9999.0 -9999.0 -9999.0 -9999.0 -9999.0 -9999.0 -9999.0 -9999.0 -9999.0 -9999.0 -9999.0 -9999.0 -9999.0 -9999.0 -9999.0 -9999.0 -9999.0 0.399604576637 0.371747923857 1.95342110693 14.9080318066 15.6683549536 16.0474535008 0.275153391629 5.7265779581 5.86592259109 5.96858481619 0.145591400066 0.250752591494 0.332360074176 8.36804059782 8.43392123602 8.49081182051 37.3858811961 24.0616150065 0.0683659456448 0.0710724098234 0.0664919910263 0.0481521034084 0.501447004356 0.599620138772 0.682829609342 0.732357722226 0.77943219197 6.6267987516 6.6605328573 6.70687190026 6.80587013075 7.16752712752 7.1835030948
-9999.0 -9999.0 -9999.0 -9999.0 -9999.0 -9999.0 -9999.0 -9999.0 -9999.0 -9999.0 -9999.0 -9999.0 -9999.0 -9999.0 -9999.0 -9999.0 -9999.0 -9999.0 -9999.0 -9999.0 -9999.0 -9999.0 0.782983623163 1.20951221335 0.43479768915 0.368092294487 4.83932583593 5.13341650543 5.30590210526 1.71421001474 1.81530947814 1.93020027988 2.02619027933 8.2124719127 8.31759569259 4.63054071387 13.1987352611 13.2681548234 24.0116303213 0.136095927808 0.0689570153949 0.0423832759498 0.34626375713 0.408392313562 0.031402080819 0.0282119268027 6.47075364999 6.55227637787 6.59530246695 0.0436885095805 0.069051353334 7.12496405157 0.0289498452283 0.118490768386
-9999.0 -9999.0 -9999.0 -9999.0 -9999.0 -9999.0 -9999.0 -9999.0 -9999.0 -9999.0 -9999.0 -9999.0 -9999.0 -9999.0 -9999.0 -9999.0 -9999.0 -9999.0 -9999.0 -9999.0 -9999.0 -9999.0 0.396335038974 0.781227903809 3.34694278626 3.80144122142 4.17748283493 1.40046198432 1.60868329148 0.120665716281 5.89407452908 5.99515622874 6.09276988809 0.0963439091838 4.44169192885 4.553400292 0.0728329955632 23.6506359706 0.161249419248 0.0794515673815 0.188704166807 0.257993031338 0.047376757949 0.035862679162 6.05814823949 6.39611771277 6.44737422826 0.0511448521637 0.101722268529 0.125826453208 0.143464992339 0.289049083458 0.0429000184958 0.0973903160506
