data/baseflow/History/mHMbfrc470
ncols                  80
nrows                 72
xllcorner      4374000.0
yllcorner      5656000.0
cellsize            500
NODATA_value       -9999
[rows 24 to 47 of 72, columns 0 to 54 of 80]
-9999.0 -9999.0 -9999.0 -9999.0 -9999.0 -9999.0 -9999.0 -9999.0 -9999.0 -9999.0 -9999.0 -9999.0 1.68431308191 4.84514467191 6.365864872 10.9930465145 1.46311327377 2.93599589933 4.33797169894 16.3130049587 17.5735195385 18.7246996986 20.0308955449 21.4321843684 33.177346639 37.3058729556 39.8280617341 1.1455342702 6.23744755488 7.32570370449 81.515756136 86.3932998527 88.3212397322 90.2378526547 92.2454122431 315.821749355 0.746194906301 619.574366475 2.30347737585 1.0692383714 6.45747644322 5.4256961259 0.969934899392 3.16814082098 4.48554804794 4.46838585482 3.19312797196 5.26313219321 8.35780577421 3.1046776361 8.20727359418 0.837879347847 1.41619987887 0.533054275566 0.431282589076
-9999.0 -9999.0 -9999.0 -9999.0 -9999.0 -9999.0 -9999.0 -9999.0 -9999.0 -9999.0 -9999.0 -9999.0 1.63665127633 3.2470630139 1.52177299805 3.05958770711 1.44098510312 10.6611806864 13.5130254738 14.9454936613 1.35680658484 2.62920363101 24.4754985861 30.6453855195 31.8475229236 2.71660702163 2.8214057827 4.16021011765 1.04249427874 1.00926292324 1.95494255924 0.873206980252 37.6186775329 38.4982886963 39.6371937615 316.555721619 627.579949649 620.83075587 1.90452123287 0.78280715732 0.722940229635 2.63081627525 1.86085658063 4.09518086719 5.46533786327 10.9466486072 1.01339120153 1.01584517261 9.32627282131 10.3139883407 20.337883085 21.1626244173 23.111336322 24.1119512796 0.934030996639
-9999.0 -9999.0 -9999.0 -9999.0 -9999.0 -9999.0 -9999.0 -9999.0 -9999.0 -9999.0 -9999.0 -9999.0 -9999.0 1.59608909799 3.16897565124 4.73377764405 7.68981940232 1.54856345125 1.46210046654 9.37162730615 10.7379025164 21.9881415565 23.3079705078 3.77198895606 1.37036480279 1.36462400013 1.37966185151 31.7480219941 32.8632883331 33.9412068118 34.9176255927 36.735733663 8.49483574449 9.42848132043 50.2177686963 994.655570911 5.89035102146 5.13216981617 2.69414752269 0.657526388313 0.633168037438 4.09670982699 4.70340736883 5.54892368785 0.735186064539 11.758288072 1.88735684808 1.87168873518 0.693000305773 0.541337276871 0.468159117201 0.391221695797 0.466185899266 24.5710227736 338.581447366
-9999.0 -9999.0 -9999.0 -9999.0 -9999.0 -9999.0 -9999.0 -9999.0 -9999.0 -9999.0 -9999.0 -9999.0 -9999.0 -9999.0 1.56007851434 2.80345610554 3.88569240306 4.99571997011 6.4539136318 7.93814205153 4.39961175702 7.25163796794 1.33099157014 1.31385194256 25.2870592613 27.9016977402 29.1524034315 30.5069512004 1.22295300723 2.32734193088 5.65013948259 6.75088781713 7.68120009645 0.994177114053 0.802664034138 996.7030316 0.77652116417 1.37899307116 0.73138892624 2.4700816595 1.18233900762 0.668354167853 10.8967786938 11.3586907556 0.45006893583 12.2200548473 14.7313135504 2.55493863514 357.343531524 356.14204705 355.099963961 353.223887964 352.501673506 340.574579032 340.166536572
-9999.0 -9999.0 -9999.0 -9999.0 -9999.0 -9999.0 -9999.0 -9999.0 -9999.0 -9999.0 -9999.0 -9999.0 -9999.0 -9999.0 0.248925089191 0.584256594433 1.09495853319 9.0426013046 10.5683553959 1.52332014526 1.48372847738 1.44283554588 19.9260387131 22.6760726726 1.33709325941 1.36448291509 1.23048009819 4.95759626932 6.17325493116 3.59536422717 4.53735981929 27.9533821576 29.0117039357 30.8369275056 50.1576589047 1047.20073392 0.75334882948 0.636985237691 3.62570769997 3.04694177026 0.459482372846 1.62278013576 2.10674211856 11.9027062003 12.3689585913 28.2731787123 15.0154050537 2.89854056058 366.869362617 4.60769700585 354.17026146 353.71480881 11.2008150187 0.363419539573 1.3013922111
-9999.0 -9999.0 -9999.0 -9999.0 -9999.0 -9999.0 -9999.0 -9999.0 -9999.0 -9999.0 -9999.0 -9999.0 -9999.0 -9999.0 1.27897053907 2.08808358025 4.4811238983 7.69868566445 11.520429929 14.2653221851 15.7215765491 17.1835839658 18.5901410496 1.36812508297 1.31571116522 2.60185763487 2.48522373359 1.25822240003 23.9788212008 25.1768934326 26.3205560971 27.4059579023 16.4511457161 17.6038265124 18.5716868528 1047.481725 1.19680011899 1.71731167708 5.67498427009 0.528090334735 0.871789040066 0.425093468773 0.456091406875 2.51737032751 0.393076282608 0.421751464932 397.316954411 368.725874534 368.320724156 1.61451078816 4.1003754574 2.75570233025 0.75645986714 10.4800862562 3.31471766689
-9999.0 -9999.0 -9999.0 -9999.0 -9999.0 -9999.0 -9999.0 -9999.0 -9999.0 -9999.0 -9999.0 -9999.0 -9999.0 -9999.0 0.891418979124 0.800635896005 1.55245062889 2.40934434215 1.42766121131 1.57482454506 3.06359288045 4.55527888758 7.38529659684 8.78754718746 10.1260634857 14.0871704621 15.3442938844 16.6327592429 1.22961790257 12.200365287 13.334653049 14.4266534854 0.996698683944 0.637655893544 1.09100955612 1066.77333422 1067.04644013 1068.90564232 7.03858653359 1.01745065609 1.64370147228 0.537807136504 0.828017135424 2.88981149931 3.63365601598 0.778741601525 399.169374196 0.575932984857 0.905844663034 1.00728267559 0.753122970609 1.43826432198 0.620203640775 6.32005795083 5.09802149528
-9999.0 -9999.0 -9999.0 -9999.0 -9999.0 -9999.0 -9999.0 -9999.0 -9999.0 -9999.0 -9999.0 -9999.0 -9999.0 -9999.0 -9999.0 0.739436543988 1.47368424148 0.779172910652 1.63878554503 10.2453645845 11.5643342361 13.0570216549 1.41546563046 1.4144638094 2.75572857516 4.09438633874 6.60503860311 7.85272150071 8.5708591912 9.77416439872 1.09344059781 1.07004722047 16.5481408113 17.1273990163 17.5363118248 17.9087874062 14.5161562508 1084.95051365 1094.52421846 1094.86236207 1096.81844904 1098.81818386 1100.07211785 0.419012498693 3.9970277712 399.558884882 1.12949667668 0.579893935686 0.48427916063 0.399073853566 0.724711963716 0.800870384995 0.454378061915 0.597757413769 0.612836694473
-9999.0 -9999.0 -9999.0 -9999.0 -9999.0 -9999.0 -9999.0 -9999.0 -9999.0 -9999.0 -9999.0 -9999.0 -9999.0 -9999.0 -9999.0 -9999.0 2.18954354861 3.02899709523 5.51287533772 7.59968462819 1.19021626067 15.7711426182 17.1761723924 18.5844128105 1.3881143261 2.74716301867 1.27121623657 9.2403179548 9.9223415192 11.011541098 12.2266584272 15.1674545329 15.6301499104 0.293748678344 13.110313499 13.8389209323 14.1636243283 15.7555665036 2.24016247926 1.49972961096 1.01955481383 0.953284185728 1101.41718211 1102.1044164 1108.93456569 399.97625564 2.83056870108 1.28732492143 0.841883791329 0.302347941307 2.38622308247 1.29715848066 0.418805732276 2.25925987706 1.89538194709
-9999.0 -9999.0 -9999.0 -9999.0 -9999.0 -9999.0 -9999.0 -9999.0 -9999.0 -9999.0 -9999.0 -9999.0 -9999.0 -9999.0 -9999.0 -9999.0 0.830955319097 3.8417041074 4.72770245732 1.26550188681 1.50271358157 2.9895175753 4.38641880805 24.3718880032 1.38160694499 5.53157085762 6.82201561377 8.08775665068 0.730034117537 1.75881287642 2.44154318932 10.4685974305 11.8347543846 12.1140090248 0.347154405815 0.384664535077 0.499923045194 0.907104512836 0.413648822699 0.452767445169 0.944941349697 0.693405864071 0.899836872175 2.39182907143 1109.60786081 1511.3571541 3.52543786035 0.524282531629 0.307937996785 7.57259723622 6.92418765813 4.12342347353 3.71014933079 2.80099805248 0.594468675102
-9999.0 -9999.0 -9999.0 -9999.0 -9999.0 -9999.0 -9999.0 -9999.0 -9999.0 -9999.0 -9999.0 -9999.0 -9999.0 -9999.0 -9999.0 0.647129937283 2.24348450677 0.757716020955 1.49408053962 1.60539792998 3.12579719248 4.60461717483 5.8690074559 31.140564127 32.4925347073 1.38060895096 2.68054430779 3.98118545459 4.90678465498 5.97924250484 9.3987892686 10.1075006168 0.977038170608 0.698752749039 0.642946446347 0.750401682002 0.916224402396 0.86219591433 0.808955454944 0.883206945078 3.1717236032 1.38478139492 0.558633730993 0.533946320566 0.638015813894 1.22622997571 1535.79401253 20.5573019183 8.78437542141 0.501152586774 0.203439850167 0.238409349993 0.957203907859 0.705123096072 0.380177627528
-9999.0 -9999.0 -9999.0 -9999.0 -9999.0 -9999.0 -9999.0 -9999.0 -9999.0 -9999.0 -9999.0 -9999.0 -9999.0 -9999.0 0.687278040493 1.31516042357 4.95581154077 0.734770555365 2.71986824894 4.31496137732 5.857453677 1.54140210021 2.95960083748 4.09007716062 37.4528607918 1.33986828764 2.60123996553 3.86054781163 1.17030651588 2.33431086186 3.29647118431 4.04591363462 80.8852325224 82.416394872 83.9662620099 90.642813154 93.0711412466 98.2366177692 1.91465464086 3.92468521582 4.17155460521 115.69055743 116.843110549 0.505014399361 1.02016944179 1.51232748566 1536.10744824 19.6076396842 10.2446417899 10.0267219779 6.97841918122 5.81276306666 1.27218341137 0.28293007783 0.628665721991
-9999.0 -9999.0 -9999.0 -9999.0 -9999.0 -9999.0 -9999.0 -9999.0 -9999.0 -9999.0 -9999.0 -9999.0 -9999.0 -9999.0 0.695440382203 2.1074773222 7.75190919272 11.3399633731 0.647736641504 15.1063531191 21.820536627 1.48620673448 2.89632779556 4.11680004567 49.1331824433 50.1301592204 1.26256114004 6.39939599919 7.5910887882 8.61629533821 71.466826984 74.3834790482 75.9539027715 0.769777826027 4.5330096796 5.45220041732 2.47596620298 3.59577998447 103.359372608 108.949912665 109.92004796 110.856815261 118.170268625 0.653666812844 0.596042916 2.58543540941 1536.50837741 0.362048346159 0.970657440888 2.8583638615 0.991903227104 5.39484806173 3.84892539528 2.23858408543 1.677496376
-9999.0 -9999.0 -9999.0 -9999.0 -9999.0 -9999.0 -9999.0 -9999.0 -9999.0 -9999.0 -9999.0 -9999.0 -9999.0 -9999.0 -9999.0 -9999.0 1.46324159261 2.94217830342 13.4809104916 14.2815320993 22.5135265032 23.3734639007 1.46029761515 2.91401781704 6.84891763052 50.9520972606 53.4328967617 54.5778738535 0.970738517642 58.8191124172 61.884600366 1.91547286378 0.74928510024 1.50289684853 2.92600293738 0.701940989501 1.45012067941 3.36435612141 4.24693090704 0.772376214025 0.582315121862 1.18702353007 122.274742993 123.7535536 124.273996092 128.044639013 1536.88059856 0.217720448776 0.820336869327 0.880080674729 0.857367035053 0.868854581757 0.789000548641 1.51478099924 0.189404561545
-9999.0 -9999.0 -9999.0 -9999.0 -9999.0 -9999.0 -9999.0 -9999.0 -9999.0 -9999.0 -9999.0 -9999.0 -9999.0 -9999.0 -9999.0 -9999.0 0.762524219037 0.744925115521 0.754836070568 1.65374418685 0.731809609636 24.8156976437 25.6074979407 1.31906053825 2.68878151792 1.43730310124 1.28958477461 1.26796255692 56.9517521399 1.05427489311 2.10790164631 0.975375257403 0.807911902636 0.723176265563 0.605209666005 0.623567068001 1.8975338854 2.57555583262 0.536628795509 0.477546794183 1.01573989027 1.64163614845 2.10497152151 0.642533793333 124.908695154 128.578220615 1537.11520018 2.4063642947 1.99664531039 0.651133534356 1.4221748484 0.572757453536 0.475843842306 2.01827909359 1.04476960775
-9999.0 -9999.0 -9999.0 -9999.0 -9999.0 -9999.0 -9999.0 -9999.0 -9999.0 -9999.0 -9999.0 -9999.0 -9999.0 -9999.0 -9999.0 -9999.0 -9999.0 -9999.0 0.735483264279 2.3331139536 2.95102937253 3.64794948742 26.2915028622 26.9837855345 27.7383617723 28.7848502153 30.0309307098 32.5654783173 33.5855873526 34.6091369329 35.4967354106 0.740633360234 0.711220670524 0.730790651291 2.6017039751 0.671502372172 0.650271664539 0.546906524025 1.60393893051 0.592833895199 0.489577237906 0.462519690077 0.405006681001 0.80876484106 1.18462116828 131.035073362 1670.84552356 0.188818719186 0.515280469017 0.604865319445 2.03167613335 1.22771519868 0.955296759164 3.95053841842 1.76372691848
-9999.0 -9999.0 -9999.0 -9999.0 -9999.0 -9999.0 -9999.0 -9999.0 -9999.0 -9999.0 -9999.0 -9999.0 -9999.0 -9999.0 -9999.0 -9999.0 -9999.0 -9999.0 -9999.0 0.60522956059 4.82913367722 9.81029186492 10.5814775708 1.19490842327 2.5206258943 3.8984348005 5.1527708079 13.1109133374 13.9156956952 0.77364103916 0.769372800274 37.1538648635 38.6512651476 39.311421575 3.14928962646 0.508319791514 1.19420742398 1.7655346569 5.24650282422 6.38767044486 7.33516255659 0.889172752789 1.26585508832 0.426511809956 0.845086093752 0.430142483534 1671.61799191 0.209913494835 0.890602777 0.924436377976 3.24339964799 5.38976468896 6.46530759852 10.5254425771 2.49711979097
-9999.0 -9999.0 -9999.0 -9999.0 -9999.0 -9999.0 -9999.0 -9999.0 -9999.0 -9999.0 -9999.0 -9999.0 -9999.0 -9999.0 -9999.0 -9999.0 -9999.0 -9999.0 0.679413927465 2.16610835213 4.23602257651 5.52963343713 14.5548768704 15.5338229346 2.82223475266 4.20086730247 5.43401308044 6.728770776 14.8617170381 16.4855695951 29.6534838397 30.7048173615 31.521138918 39.9874640496 44.910141446 1.17644815764 0.721560199648 0.700379755671 1.35848932767 0.627134147178 8.52431288751 8.98144394808 1.68863514933 2.1563021839 0.55113672836 327.482010966 328.417002747 2000.52355059 2001.64660995 0.180587016046 3.62031270345 0.302318734307 0.31301349043 11.3024897702 14.0744983641
-9999.0 -9999.0 -9999.0 -9999.0 -9999.0 -9999.0 -9999.0 -9999.0 -9999.0 -9999.0 -9999.0 -9999.0 -9999.0 -9999.0 -9999.0 -9999.0 -9999.0 -9999.0 -9999.0 0.774197908979 0.752689560851 1.41838195652 3.35985173958 16.1963090954 1.43564977299 1.42017860005 2.6679184762 3.90876875999 9.93618171757 10.9991186153 0.731041297629 0.672926911525 32.3940501115 33.08894673 78.6970125768 79.3780767015 0.478966873006 0.431420894838 0.38113960271 0.384177290747 0.402573604892 319.177813983 321.827262519 324.407062338 325.377328602 327.025246844 0.47587579305 1.79921008196 2.33905303017 2004.71389071 2004.83590547 2004.95765711 2005.33126609 2005.60642347 14.6694190564
-9999.0 -9999.0 -9999.0 -9999.0 -9999.0 -9999.0 -9999.0 -9999.0 -9999.0 -9999.0 -9999.0 -9999.0 -9999.0 -9999.0 -9999.0 -9999.0 -9999.0 -9999.0 -9999.0 -9999.0 0.68673328225 0.720679973798 1.33324556444 18.8016697455 19.6306726447 1.40712346489 2.64726145399 3.89964474249 4.98530360912 1.01517720967 1.90156597716 53.5013676104 54.2533105828 54.9569177681 60.1522942264 140.186744607 301.755275167 302.80524702 303.787604947 304.739578736 308.558456801 309.745628896 2.24467092968 1.03788275259 0.581740463731 1.1149090096 0.896371581204 1.39716296036 0.446139119922 10.0430098745 10.9415274475 11.5273419834 11.8468748234 2005.83201508 2020.94501815
-9999.0 -9999.0 -9999.0 -9999.0 -9999.0 -9999.0 -9999.0 -9999.0 -9999.0 -9999.0 -9999.0 -9999.0 -9999.0 -9999.0 -9999.0 -9999.0 -9999.0 -9999.0 -9999.0 -9999.0 -9999.0 0.698346722212 1.33644922597 1.97970850976 20.1950443603 1.02302187417 28.6349367892 29.9288949181 30.9954700178 31.9286274123 49.825951765 50.7553712334 0.783027217129 3.78705668689 4.6248483265 0.756232883465 160.501390516 159.108453173 0.507037050904 1.10972542898 2.94947842202 0.634878215431 0.655675786193 0.529214793159 0.467973248169 0.392419974144 0.434064807998 8.56630365356 9.00821511375 9.51546701025 0.459751160699 0.283944575294 12.0206086389 12.3711440676 12.6279531995
-9999.0 -9999.0 -9999.0 -9999.0 -9999.0 -9999.0 -9999.0 -9999.0 -9999.0 -9999.0 -9999.0 -9999.0 -9999.0 -9999.0 -9999.0 -9999.0 -9999.0 -9999.0 -9999.0 -9999.0 -9999.0 0.634078230417 0.592945680935 3.08108361891 24.6572187419 26.3878280929 27.3952772647 1.36528274185 15.4790924904 16.4866998222 16.9504244945 0.854349338895 1.72890078769 2.48605512901 37.9965643724 38.6138839659 39.1733002219 158.051062704 91.9539167763 0.592000308079 0.619714695024 0.605588570641 0.516526780994 5.15901234344 6.18332450437 7.11406162238 7.61696990278 8.10593915697 50.1556478897 50.5484380973 50.9951564816 51.9798190489 56.9185001464 57.2165462652 70.1677537958
-9999.0 -9999.0 -9999.0 -9999.0 -9999.0 -9999.0 -9999.0 -9999.0 -9999.0 -9999.0 -9999.0 -9999.0 -9999.0 -9999.0 -9999.0 -9999.0 -9999.0 -9999.0 -9999.0 -9999.0 -9999.0 -9999.0 1.23767309326 1.89582120885 0.79846956627 1.44024150408 10.2702993345 11.6976371412 12.9207027522 7.67343459082 8.75015252448 9.82251255418 10.6590789259 36.6591081892 37.4174298083 25.0731903678 64.9078536113 65.5403352257 91.4299189452 1.2592977447 0.639120928758 0.500986855667 3.53717403699 4.14445075286 0.417911804373 0.394163038914 48.4490026562 49.3541718454 49.7908728222 0.453635538297 0.686042803536 55.9915171831 0.567151977422 2.27869022424 2.54874242194
-9999.0 -9999.0 -9999.0 -9999.0 -9999.0 -9999.0 -9999.0 -9999.0 -9999.0 -9999.0 -9999.0 -9999.0 -9999.0 -9999.0 -9999.0 -9999.0 -9999.0 -9999.0 -9999.0 -9999.0 -9999.0 -9999.0 0.619956048379 1.22779292734 5.47142710654 6.32533280009 7.50306899477 5.31282326688 6.58127553419 1.10608502448 23.2027748122 24.2513659393 25.2452359431 0.826208404107 23.6266932852 24.3997537427 0.651136993566 88.2072630585 1.34889588157 0.672540823536 1.87289730554 2.51338751123 0.532018293073 0.457588065902 43.8758540629 47.6113122257 48.1206999148 0.529786054996 1.2615055605 1.6070358879 1.93797936805 3.67265507767 0.831604882531 1.86305606095 0.37861428752
