data/baseflow/History/mHMbfrc267
ncols                  80
nrows                 72
xllcorner      4374000.0
yllcorner      5656000.0
cellsize            500
NODATA_value       -9999
[rows 24 to 47 of 72, columns 0 to 53 of 80]
-9999.0 -9999.0 -9999.0 -9999.0 -9999.0 -9999.0 -9999.0 -9999.0 -9999.0 -9999.0 -9999.0 -9999.0 0.851251794689 2.29768226866 2.9603991623 4.86978375978 0.443042771246 0.930263599614 1.35984719551 6.18057703557 6.58962313617 6.99329460378 7.25718273347 7.48506279774 10.5937719497 11.2675830882 11.6399896206 0.176156254955 0.868942208898 1.03925175231 21.8479796768 22.6032288317 23.03946298 23.514392873 23.7830287393 96.9170818124 0.0402242020645 183.099908949 0.118146865074 0.070974829345 1.30496537503 1.12767560731 0.199660362092 0.54513358208 0.870394708089 0.834877613521 0.603027414244 0.989197094193 1.57433491587 0.636315310793 1.48019600988 0.150485557953 0.272653641527 0.031873478191
-9999.0 -9999.0 -9999.0 -9999.0 -9999.0 -9999.0 -9999.0 -9999.0 -9999.0 -9999.0 -9999.0 -9999.0 0.755119087259 1.51521141842 0.696186783384 1.33598516447 0.504646402042 4.40476183997 5.2977192984 5.75251028487 0.407197192608 0.829003382437 8.22585034684 10.1446363772 10.4163622788 0.478843011877 0.399460765534 0.583633995845 0.145081930296 0.130080227589 0.242104922458 0.0969848695509 12.1351267822 12.2653251918 12.296875408 97.0398054277 183.702584744 183.14042221 0.110213805458 0.0673294203132 0.06452488022 0.382776026466 0.325481193952 0.742943804462 1.0694476815 2.11003464998 0.20704875599 0.205680788633 1.76424284031 1.96211135473 3.75941444584 3.82936341736 4.13295092596 4.19064669879
-9999.0 -9999.0 -9999.0 -9999.0 -9999.0 -9999.0 -9999.0 -9999.0 -9999.0 -9999.0 -9999.0 -9999.0 -9999.0 0.739887967034 1.47133689621 2.21642095318 3.31891969709 0.560074571834 0.467703137063 3.29002492569 3.71519511175 7.40037107184 7.86529123829 1.31367664987 0.315828430845 0.235838681292 0.195691750744 11.3697679693 11.5148808329 11.6700705068 11.7965031464 12.0113561247 1.60658474438 1.65261047821 13.9770291403 294.820147799 0.463092788712 0.30839761822 0.172843299333 0.0568308557033 0.0534716242827 0.49790382311 0.531533022332 0.84875752638 0.0591349704318 2.20479584655 0.363751797446 0.358922868197 0.0612820640655 0.0324202136259 0.0253249110503 0.0209237566265 0.0259586220892 4.22899975939
-9999.0 -9999.0 -9999.0 -9999.0 -9999.0 -9999.0 -9999.0 -9999.0 -9999.0 -9999.0 -9999.0 -9999.0 -9999.0 -9999.0 0.64885154069 1.13277437407 1.53414578649 1.91170721322 2.36423159943 2.83876470035 1.38824652811 2.38785978118 0.449215947162 0.396060292497 9.979301853 10.6635271638 10.9483969322 11.2155928062 0.166990710815 0.302933321086 1.01151312409 1.22779751964 1.4485825407 0.0667042128983 0.0316594633444 295.099256492 0.120583094044 0.0973205489507 0.0507313501201 0.260817545086 0.13097256932 0.0449489640053 1.4207336278 1.4492011588 0.0240954843308 2.23023273268 2.62151031526 0.393653820349 53.8293011852 53.7432310149 53.6827676381 53.5760917708 53.5374542543 52.7430615587
-9999.0 -9999.0 -9999.0 -9999.0 -9999.0 -9999.0 -9999.0 -9999.0 -9999.0 -9999.0 -9999.0 -9999.0 -9999.0 -9999.0 0.1603947492 0.325181685321 0.425945264571 4.69893856395 5.18303812244 0.501142317429 0.472332893708 0.510316108039 8.3748630949 9.30015576994 0.417182692928 0.407252773403 0.291763654057 1.34153642278 1.67392028309 0.604079159545 0.876693003627 8.52977852721 8.78577632628 9.02951661601 13.9745571134 309.188797821 0.111708658507 0.0397505717604 0.413133412651 0.34334688641 0.0423666278513 0.130951582969 0.16978008209 1.48475131796 1.51183211953 4.21239049932 2.65235889307 0.487735092277 54.7131171642 0.20679773722 53.631617139 53.6053094398 0.753234918765 0.0650630968998
-9999.0 -9999.0 -9999.0 -9999.0 -9999.0 -9999.0 -9999.0 -9999.0 -9999.0 -9999.0 -9999.0 -9999.0 -9999.0 -9999.0 0.741641908334 1.24796592829 2.4317410719 4.25181352306 5.56056850636 6.55921092078 7.01955928693 7.51116118709 7.97139502123 0.440829070264 0.360692826545 0.706352562888 0.641557749928 0.376362792232 7.41275891426 7.73487678075 8.01803837694 8.29068633457 4.6484448153 4.78767374331 4.89504428509 309.289644698 0.236569420066 0.0840582507119 0.604582676111 0.0953713048112 0.0768164474705 0.0401768703394 0.0366724326754 0.204242541564 0.0227448725223 0.0234360561474 59.0450420196 54.8154571966 54.7923089927 0.0840781142639 0.181227510921 0.118191248274 0.0261058928275 0.657767187634
-9999.0 -9999.0 -9999.0 -9999.0 -9999.0 -9999.0 -9999.0 -9999.0 -9999.0 -9999.0 -9999.0 -9999.0 -9999.0 -9999.0 0.497339252534 0.49302693962 0.981076531367 1.4279697541 0.566539760305 0.716510078058 1.28169868438 1.83282521022 2.85019362213 3.31831304618 3.64227242551 4.70611993224 5.0236153945 5.43404468161 0.34444632789 3.51779399005 3.81682034335 4.13250030697 0.276559721159 0.249875182442 0.420099480189 315.04396288 315.140120964 315.501755173 0.941140825975 0.229242658519 0.116569342011 0.032092986183 0.0654130049961 0.233695109384 0.280026571799 0.0432089848672 59.1451495775 0.0283094151595 0.0413358993196 0.0449166356667 0.0337500037051 0.0714228311226 0.0302890277238 0.455845984231
-9999.0 -9999.0 -9999.0 -9999.0 -9999.0 -9999.0 -9999.0 -9999.0 -9999.0 -9999.0 -9999.0 -9999.0 -9999.0 -9999.0 -9999.0 0.485903563412 0.936182198336 0.40341456919 0.830234001177 5.21819350975 5.62935721454 6.1092127005 0.491705546988 0.48833049963 0.810406499918 1.19801384585 1.82024859042 2.17668132885 2.51933517172 2.84345707649 0.269262774332 0.269067834808 4.69083210567 4.94286777078 5.09214550014 5.22518557516 4.76832206395 320.830610667 322.431982087 322.544174739 322.755992693 323.040173294 323.11519892 0.0186818106263 0.30124666988 59.1608585008 0.0329620911493 0.0168218290421 0.021458330986 0.0249134093899 0.0446644487914 0.0470084706096 0.0276587052801 0.0448440854294
-9999.0 -9999.0 -9999.0 -9999.0 -9999.0 -9999.0 -9999.0 -9999.0 -9999.0 -9999.0 -9999.0 -9999.0 -9999.0 -9999.0 -9999.0 -9999.0 1.38971323622 1.80041911647 3.0671082135 3.97221545024 0.459362682666 7.18246023021 7.65332307155 8.04867142851 0.357841133238 0.709390667489 0.290330343651 2.3948576319 2.71161527477 3.05616112371 3.36880740426 4.22176637938 4.46183421258 0.162186242581 4.26235759183 4.53161368258 4.65001912832 5.22584690792 0.55977319903 0.288217080449 0.132542550298 0.136862634772 323.183312699 323.197910307 323.66733049 59.1735957016 0.109403866485 0.0642492900248 0.0418543320624 0.0165039568285 0.144682172049 0.0789143655853 0.0253044922536 0.148312196809
-9999.0 -9999.0 -9999.0 -9999.0 -9999.0 -9999.0 -9999.0 -9999.0 -9999.0 -9999.0 -9999.0 -9999.0 -9999.0 -9999.0 -9999.0 -9999.0 0.429482484689 2.22948807406 2.6710679078 0.470437611183 0.552429321408 1.19537727417 1.73031778413 10.1854724032 0.365458708079 1.46370657879 1.77013489156 2.0761036464 0.31811507308 0.640588097443 0.907296087037 3.24601562005 3.69289847335 3.83263448342 0.140199396751 0.141998296636 0.177387195687 0.334558242581 0.152993868732 0.155852082179 0.0928947331144 0.158041496699 0.0965871120129 0.159931990016 323.684985006 382.911933802 0.130911347928 0.0609227071459 0.0159468791825 0.476616674413 0.440526198874 0.270542857758 0.244984963414 0.185808265872
-9999.0 -9999.0 -9999.0 -9999.0 -9999.0 -9999.0 -9999.0 -9999.0 -9999.0 -9999.0 -9999.0 -9999.0 -9999.0 -9999.0 -9999.0 0.41083300858 1.21057817485 0.378985612667 0.551293555588 0.624759765575 1.19498393677 1.7901262437 2.21551959225 12.7176811652 13.0737906221 0.369601017602 0.687945727039 1.01322690826 1.35247321089 1.69133465498 2.88858553697 3.07966220078 0.282794225958 0.197105644236 0.144537982285 0.0656506684987 0.107930759763 0.147461448816 0.15351355011 0.295211247983 0.344657066389 0.192658962504 0.0272415305616 0.0268611580848 0.0220073073662 0.0412097266117 384.794197733 1.65634589612 0.58817844897 0.0708710694773 0.0376830728852 0.0183441083714 0.0651344246696 0.0443664687364
-9999.0 -9999.0 -9999.0 -9999.0 -9999.0 -9999.0 -9999.0 -9999.0 -9999.0 -9999.0 -9999.0 -9999.0 -9999.0 -9999.0 0.438264209112 0.835221341004 2.80696841155 0.342467413507 0.915454847483 1.50939997207 2.0243890764 0.551843647092 0.984699772457 1.33155617761 14.6843737044 0.342047706095 0.63358145103 0.963288616873 0.338085428089 0.674831306886 0.946051578847 1.13717135471 24.8138710866 25.1144756509 25.3430474064 26.0462345387 26.3761038603 26.9537377014 0.177165453721 0.508941520059 0.388409332573 28.5202042624 28.5674265855 0.0241952056782 0.040533433528 0.0562095802332 384.814274309 1.49293348656 0.80325705925 0.752340487498 0.557837028124 0.462435322045 0.0852085340144 0.0201195319111
-9999.0 -9999.0 -9999.0 -9999.0 -9999.0 -9999.0 -9999.0 -9999.0 -9999.0 -9999.0 -9999.0 -9999.0 -9999.0 -9999.0 0.457006225662 1.36700646712 4.62056232095 6.87031840088 0.3096172172 8.75850701514 11.1197704852 0.509006553346 0.950586463053 1.3310137836 18.4360693651 18.6895442692 0.190625606082 1.3596650664 1.57733854905 1.87167827479 22.7766505116 23.29362518 23.5074715093 0.0961398711909 0.553142835451 0.644824575708 0.213403271393 0.278565148716 27.4015092027 28.0216834313 28.0675277235 28.1097394843 28.6132073641 0.0226149463236 0.0196320548423 0.0917589681557 384.831759052 0.0477519991325 0.051903236365 0.153133736673 0.0576962639469 0.408872933896 0.312641436222 0.192078105026
-9999.0 -9999.0 -9999.0 -9999.0 -9999.0 -9999.0 -9999.0 -9999.0 -9999.0 -9999.0 -9999.0 -9999.0 -9999.0 -9999.0 -9999.0 -9999.0 0.940133210057 1.86921005227 8.05896345237 8.46282593947 11.4758987968 11.8160143286 0.484884161793 0.970915199385 2.13922520248 18.9216987391 19.3233287738 19.4613586882 0.113547245884 20.062432176 20.6188130095 0.311475548269 0.0978377817758 0.199502445146 0.378977201442 0.0868462778453 0.159925177773 0.351006786979 0.410869395284 0.0728298203139 0.0463518620066 0.0859982841077 29.0943445025 29.2576301268 29.2740613879 29.4213114959 384.84485209 0.042248766645 0.0362326815329 0.0419324803138 0.04006618948 0.0411870956333 0.0358009422404 0.0669925139658
-9999.0 -9999.0 -9999.0 -9999.0 -9999.0 -9999.0 -9999.0 -9999.0 -9999.0 -9999.0 -9999.0 -9999.0 -9999.0 -9999.0 -9999.0 -9999.0 0.486106695684 0.471929789972 0.440095376819 0.796510697895 0.332211204451 12.4880672133 12.8033560504 0.409665918731 0.826131187494 0.277215572292 0.194728111661 0.184591532566 19.8114959159 0.188593056252 0.389001895545 0.166615590621 0.115876408194 0.0930940417197 0.0691611526283 0.0724586622663 0.222432308597 0.306893341308 0.0566190315322 0.0486398178092 0.105374817185 0.178409219829 0.330599956054 0.119155426641 29.3113822973 29.4388080867 384.854720956 0.189897797556 0.0965840309954 0.0267228024429 0.0619268984293 0.0223218429054 0.0178742056343 0.0863187101487
-9999.0 -9999.0 -9999.0 -9999.0 -9999.0 -9999.0 -9999.0 -9999.0 -9999.0 -9999.0 -9999.0 -9999.0 -9999.0 -9999.0 -9999.0 -9999.0 -9999.0 -9999.0 0.46632768822 1.20585482708 1.5414881259 1.87208396072 13.1333107169 13.4788267971 13.7877217135 14.0583491661 14.2353858913 14.6124138919 14.778660914 14.956831267 15.0901846879 0.102562557615 0.0956353442859 0.0959023629856 0.314980663965 0.0825699811191 0.0777666604181 0.0592700403328 0.170366560704 0.0668434664073 0.0494925859064 0.0455923745857 0.0404866705046 0.0807792710667 0.114318446462 29.6628862253 414.715411427 0.0490545881538 0.0720597588468 0.0218061230325 0.0864063319183 0.050883028582 0.0359131634954 0.29741710766
-9999.0 -9999.0 -9999.0 -9999.0 -9999.0 -9999.0 -9999.0 -9999.0 -9999.0 -9999.0 -9999.0 -9999.0 -9999.0 -9999.0 -9999.0 -9999.0 -9999.0 -9999.0 -9999.0 0.379586238332 3.09911467621 5.79171417262 6.11344181511 0.445742341423 0.869638825813 1.31104083217 1.61545310045 3.90841559804 4.02885343448 0.114572342064 0.112850867707 15.3098684065 15.5010716668 15.5909259731 0.373343669954 0.0449280358546 0.113645732212 0.169822212431 0.524012115643 0.651884152301 0.748261304351 0.0877543453712 0.122049018252 0.0411397071785 0.0808742024389 0.0413451141956 414.773564693 0.0343470484606 0.145769939138 0.043000679115 0.143431540359 0.363810982638 0.417705983767 0.736785731156
-9999.0 -9999.0 -9999.0 -9999.0 -9999.0 -9999.0 -9999.0 -9999.0 -9999.0 -9999.0 -9999.0 -9999.0 -9999.0 -9999.0 -9999.0 -9999.0 -9999.0 -9999.0 0.433139194498 1.3976491346 2.72654018386 3.54854639218 8.64976052734 9.02802544787 0.949775585858 1.4154713769 1.81660121763 2.09940447137 4.18417328898 4.43016165776 8.49190270229 8.92894498288 9.04290616 15.664269953 16.1964032808 0.107685236019 0.0739927340127 0.0689925056551 0.130059567924 0.0607846804671 0.871485345026 0.918240334429 0.160765363631 0.265060274618 0.0635798883653 102.583538058 102.667070218 517.459828464 517.637875578 0.0454740762032 0.240414701036 0.0578115081307 0.03541671867 0.796065543828
-9999.0 -9999.0 -9999.0 -9999.0 -9999.0 -9999.0 -9999.0 -9999.0 -9999.0 -9999.0 -9999.0 -9999.0 -9999.0 -9999.0 -9999.0 -9999.0 -9999.0 -9999.0 -9999.0 0.507183270031 0.491410958052 0.916250311614 2.16523901761 9.41598464919 0.501376972594 0.494648349431 0.863642052841 1.27930918216 3.19537873124 3.45864554355 0.319479347033 0.277585354303 9.17657146234 9.24614473081 25.5371276216 25.6174101428 0.0382406322719 0.0338166160408 0.0283563380464 0.0286037593812 0.0337543525829 101.389837014 101.696935887 102.094239367 102.296721426 102.502956318 0.0473135309134 0.171863283603 0.193379341369 517.88159858 517.888496706 517.939660057 518.021226742 518.121701221
-9999.0 -9999.0 -9999.0 -9999.0 -9999.0 -9999.0 -9999.0 -9999.0 -9999.0 -9999.0 -9999.0 -9999.0 -9999.0 -9999.0 -9999.0 -9999.0 -9999.0 -9999.0 -9999.0 -9999.0 0.440946783947 0.466259847662 0.859207377486 11.0930055666 11.4320552716 0.480806961011 0.845299745285 1.27297899278 1.68996272214 0.375332382473 0.649779207119 25.3035029974 25.3967513517 25.5814379425 26.6733699395 52.4303111655 99.5830792969 99.6842917684 99.7729744656 99.8597893062 100.286853351 100.425496571 0.248578320091 0.108696748018 0.0654836898769 0.121792878011 0.0857584684009 0.13694753036 0.0409670810433 1.01669257788 1.11310200812 1.2130994385 1.22351613454 518.125080476
-9999.0 -9999.0 -9999.0 -9999.0 -9999.0 -9999.0 -9999.0 -9999.0 -9999.0 -9999.0 -9999.0 -9999.0 -9999.0 -9999.0 -9999.0 -9999.0 -9999.0 -9999.0 -9999.0 -9999.0 -9999.0 0.451829932846 0.865201913091 1.28154057123 11.7725487372 0.313428361227 15.9017619194 16.3493462549 16.7463320722 17.0682809025 24.1064908864 24.4010753708 0.10046103377 0.783871365881 0.912424338248 0.0939427343883 47.058376637 46.8817488564 0.0544214485787 0.12804354607 0.345278893247 0.0773270184751 0.079494179962 0.0551969658253 0.0451286520193 0.0348482832118 0.0403451749691 0.895451527051 0.937613930683 0.989596790891 0.0783513664145 0.0841863581839 1.26818364118 1.28151781875
-9999.0 -9999.0 -9999.0 -9999.0 -9999.0 -9999.0 -9999.0 -9999.0 -9999.0 -9999.0 -9999.0 -9999.0 -9999.0 -9999.0 -9999.0 -9999.0 -9999.0 -9999.0 -9999.0 -9999.0 -9999.0 0.406386978103 0.381572203993 1.98508829945 14.5110617466 15.1957614553 15.5241253401 0.317813139841 6.04923088406 6.45024549406 6.71149751511 0.283274756285 0.395607769264 0.47986588805 9.95012636729 10.027580946 10.0946061631 46.7664721653 30.0949275037 0.0693328376749 0.0739822354774 0.0706954594087 0.0524278417165 0.55923613463 0.663163051053 0.753701842433 0.803688617124 0.85157062134 8.95974895025 8.99375129464 9.10024954475 9.38295735179 9.90713584736 9.91822225036
-9999.0 -9999.0 -9999.0 -9999.0 -9999.0 -9999.0 -9999.0 -9999.0 -9999.0 -9999.0 -9999.0 -9999.0 -9999.0 -9999.0 -9999.0 -9999.0 -9999.0 -9999.0 -9999.0 -9999.0 -9999.0 -9999.0 0.797977020724 1.2220571137 0.377090565097 0.52417215556 4.91664470272 5.24481743563 5.464305992 1.90928224206 2.16246212983 2.41653955308 2.53917148445 9.77622458286 9.89225244479 6.36076023295 16.5383166623 16.6132913359 30.0436831059 0.14601947283 0.0745244365228 0.051173460292 0.391512752711 0.457085899629 0.0367574762064 0.0339749829323 8.81034878376 8.89184853554 8.92912873963 0.1083738225 0.191651452582 9.85392468127 0.0253453013069 0.0735558118859
-9999.0 -9999.0 -9999.0 -9999.0 -9999.0 -9999.0 -9999.0 -9999.0 -9999.0 -9999.0 -9999.0 -9999.0 -9999.0 -9999.0 -9999.0 -9999.0 -9999.0 -9999.0 -9999.0 -9999.0 -9999.0 -9999.0 0.402776161291 0.794508427542 3.19627713269 3.58650451483 3.96108249834 1.42869946622 1.67302541497 0.245375372194 6.72631684448 6.94129697516 7.13200501877 0.132732403447 6.14780599552 6.26977432619 0.0840828362354 29.6611031295 0.171800265878 0.0868975504759 0.213790026313 0.288593995012 0.0530376266506 0.0430866852276 8.37680879291 8.73797704676 8.78595135544 0.0524594402347 0.110084195849 0.14039044113 0.174821988887 0.36017095401 0.0278963335022 0.0605225699945
