data/baseflow/History/mHMbfrc257
ncols                  80
nrows                 72
xllcorner      4374000.0
yllcorner      5656000.0
cellsize            500
NODATA_value       -9999
[rows 24 to 47 of 72, columns 0 to 53 of 80]
-9999.0 -9999.0 -9999.0 -9999.0 -9999.0 -9999.0 -9999.0 -9999.0 -9999.0 -9999.0 -9999.0 -9999.0 0.54510134958 1.47369034237 1.9150225968 3.26650055689 0.376356895373 0.764113471572 1.11962796927 4.44520645052 4.69986103123 4.82693190848 5.07185255724 5.36594948068 8.80131633249 9.64685617635 10.0092550843 0.0984030156158 0.843288238124 0.919545976628 17.5604762622 17.85780799 17.9841264773 18.1137359768 18.2449443575 74.2603395491 0.153360409699 162.148217264 0.149099976778 0.052298886168 1.20088725562 1.09039392966 0.137142611554 0.612735194048 0.911434704485 0.896642303464 0.621575456055 1.01918788928 1.61402392407 0.613947343009 1.55307881954 0.119371776558 0.183970964355 0.0198194356364
-9999.0 -9999.0 -9999.0 -9999.0 -9999.0 -9999.0 -9999.0 -9999.0 -9999.0 -9999.0 -9999.0 -9999.0 0.487806073909 0.977228109028 0.454989330347 0.91476189821 0.385714570478 3.00805787615 3.72794985623 4.10422041351 0.33186720383 0.617493595592 6.77319805595 8.28266146922 8.55407259103 0.579936327804 0.531273615567 0.716328711019 0.0645868521474 0.057548963148 0.107600471121 0.0738424416411 12.0663981764 12.1715785677 12.2472812747 74.5054362262 163.052370781 162.208723185 0.0772844214033 0.0366138316418 0.0330712091225 0.207173729212 0.177709884714 0.687491720751 1.0578761684 2.15410372679 0.199242879182 0.198179982985 1.75909339804 1.90540748471 3.74466572111 3.82306363076 4.0286470897 4.066590611
-9999.0 -9999.0 -9999.0 -9999.0 -9999.0 -9999.0 -9999.0 -9999.0 -9999.0 -9999.0 -9999.0 -9999.0 -9999.0 0.467521990903 0.928559134942 1.39475914586 2.20116838445 0.424526037373 0.373202761284 3.09258324738 3.42492255645 6.25082198878 6.59357558499 0.960341939019 0.307983967913 0.280255860951 0.257445746733 11.5784883614 11.7050362444 11.785167442 11.8409507876 11.9788938429 1.30698527096 1.41729757758 13.7554349242 251.45179437 0.590333907526 0.394728315141 0.147102754638 0.0485928782528 0.0325060312188 0.272589437697 0.295652507823 0.74155244939 0.0268187468761 2.19820998036 0.287993451809 0.279918682235 0.0270093272621 0.017878688605 0.0168640451789 0.0359384457034 0.0181243437808 4.09068286239
-9999.0 -9999.0 -9999.0 -9999.0 -9999.0 -9999.0 -9999.0 -9999.0 -9999.0 -9999.0 -9999.0 -9999.0 -9999.0 -9999.0 0.425246467989 0.952698625154 1.45577273996 1.97060301099 2.34742373444 2.73710386546 1.12065041613 1.85786073594 0.339242861413 0.32171647852 10.1744844179 10.7879162637 11.0686004992 11.3679029358 0.202089143613 0.339112542836 0.964723787355 1.06997024908 1.17651804304 0.133331812406 0.133737968809 251.998301095 0.201430608041 0.173012719846 0.083601132979 0.274431953921 0.128943127077 0.0705702109452 1.09455434036 1.17489794189 0.0417709510467 2.25213055155 2.55894654127 0.301859479889 54.7957632822 54.7495413959 54.7098371645 54.5901722594 54.517588653 53.6266604938
-9999.0 -9999.0 -9999.0 -9999.0 -9999.0 -9999.0 -9999.0 -9999.0 -9999.0 -9999.0 -9999.0 -9999.0 -9999.0 -9999.0 0.17422052852 0.37631750713 0.521082934233 5.57897055971 5.96929421587 0.397646734058 0.378452881008 0.372074080319 8.8760726642 9.56533486844 0.328015491788 0.33680728314 0.271855603042 1.14670263323 1.42938158375 0.626560112925 0.795283335006 6.71788114417 6.89276141798 7.26000501307 11.3214336855 263.483273085 0.206922334419 0.0703721378699 0.463214084493 0.370467199269 0.0709093496725 0.214456384467 0.280604524075 1.24771589406 1.3111848995 4.00436848046 2.60385083285 0.346425040897 55.9197509305 0.513549224624 54.667297366 54.6311867623 0.828329617208 0.106854604647
-9999.0 -9999.0 -9999.0 -9999.0 -9999.0 -9999.0 -9999.0 -9999.0 -9999.0 -9999.0 -9999.0 -9999.0 -9999.0 -9999.0 0.867281522495 1.43631640451 2.85861346501 5.10295040071 6.49692642449 7.43597491609 7.81538246189 8.19618592629 8.55673983586 0.335395723558 0.302138104328 0.5933597886 0.565526145094 0.302713401432 5.84206086024 6.11816975317 6.37388367804 6.6143095705 3.50054659143 3.60773218653 3.87830662398 263.621026581 0.382110534733 0.186254748001 0.719903066056 0.0929929004545 0.166703605681 0.0963746607978 0.0610504273068 0.356853953018 0.0499078966021 0.0523875392144 60.2257529235 56.1793812888 56.1241751023 0.215131460535 0.481481996473 0.290097506778 0.0517486995956 0.629197581219
-9999.0 -9999.0 -9999.0 -9999.0 -9999.0 -9999.0 -9999.0 -9999.0 -9999.0 -9999.0 -9999.0 -9999.0 -9999.0 -9999.0 0.60162332772 0.587415181769 1.16136992746 1.72062940904 0.470253305122 0.451444633363 0.845753705244 1.23154085795 1.95568176703 2.31102897927 2.62298099596 3.5395969972 3.82730143403 4.14786824508 0.287333083118 2.89006833483 3.11270207102 3.26762149668 0.086169305575 0.0428264690248 0.1030543485 267.674492238 267.807897754 268.422881509 1.00476433365 0.200114297114 0.25605537785 0.0582176038798 0.110884537392 0.412940641109 0.507584461377 0.0958477735283 60.4833132163 0.0932155239008 0.121391918774 0.128654291737 0.116067177561 0.186394706213 0.0789804828983 0.459560312167
-9999.0 -9999.0 -9999.0 -9999.0 -9999.0 -9999.0 -9999.0 -9999.0 -9999.0 -9999.0 -9999.0 -9999.0 -9999.0 -9999.0 -9999.0 0.571484000296 1.1132818607 0.508920978469 1.04077089295 6.43275102736 6.84329984733 7.21549643551 0.35634545087 0.359062433405 0.670676620705 0.990248501437 1.56128450797 1.8575359596 2.05103790071 2.32462515346 0.2222344509 0.176889694169 3.54792558477 3.59216013616 3.69120796319 3.80958357993 3.48441721636 272.406487012 274.116978147 274.214070368 274.558700404 274.924920992 275.096469829 0.0490521727606 0.553322670515 60.5324615013 0.108421194169 0.0556654495887 0.0817118170076 0.0821949177321 0.134679164355 0.0983886689633 0.0578819914554 0.0878943891281
-9999.0 -9999.0 -9999.0 -9999.0 -9999.0 -9999.0 -9999.0 -9999.0 -9999.0 -9999.0 -9999.0 -9999.0 -9999.0 -9999.0 -9999.0 -9999.0 1.65347470755 2.18387728651 3.78588250108 4.87423265587 0.538184415385 8.18795420992 8.54201499329 8.8780402645 0.331404644366 0.652237950023 0.288012842552 2.20415050237 2.38360255352 2.64766814957 2.89098658923 3.43792252165 3.49014370265 0.0404624472069 2.98398449051 3.23255684756 3.36869782223 3.84900424972 0.580491946891 0.353067475668 0.192185287009 0.186183313435 275.297041121 275.380753716 276.365316022 60.5830750857 0.328510156104 0.177520757193 0.124434602019 0.0337872290363 0.341653885282 0.163567708845 0.0511651107051 0.276275340885
-9999.0 -9999.0 -9999.0 -9999.0 -9999.0 -9999.0 -9999.0 -9999.0 -9999.0 -9999.0 -9999.0 -9999.0 -9999.0 -9999.0 -9999.0 -9999.0 0.556740428092 2.72929727023 3.28403399783 0.5482538487 0.39868330721 0.811875728944 1.19089267694 10.4196157771 0.334463657512 1.33498347318 1.63632143397 1.9323129476 0.186281530568 0.433641699204 0.544481013891 2.37766717888 2.59409984095 2.70154443467 0.119757211537 0.113345261432 0.123136438656 0.22528691246 0.091920535803 0.0992554791904 0.148689055289 0.139082510155 0.147883237993 0.370666578236 276.458643189 337.264734524 0.407352117524 0.0978627409645 0.0374018338334 1.0148631632 0.94010029571 0.541075482018 0.480833058795 0.35025947514
-9999.0 -9999.0 -9999.0 -9999.0 -9999.0 -9999.0 -9999.0 -9999.0 -9999.0 -9999.0 -9999.0 -9999.0 -9999.0 -9999.0 -9999.0 0.503230773329 1.56698799595 0.510120332657 0.51215510524 0.454508864232 0.867852933857 1.2691434358 1.67428696556 12.5565450167 12.8839824296 0.3368054318 0.644336355189 0.95540701225 1.18968315938 1.40458715292 2.02192928096 2.26176205691 0.0724640900404 0.122016689086 0.133283167608 0.149067587224 0.158286800323 0.167310279277 0.148764208302 0.192378653937 0.570307552235 0.271307409913 0.108291895009 0.106571053685 0.0778482166776 0.142646997685 340.795694462 3.01844215582 1.30119905647 0.181466768928 0.0880637372678 0.0537518573337 0.156783578231 0.096593238169
-9999.0 -9999.0 -9999.0 -9999.0 -9999.0 -9999.0 -9999.0 -9999.0 -9999.0 -9999.0 -9999.0 -9999.0 -9999.0 -9999.0 0.534881151853 1.0221841735 3.59833413812 0.495028730898 1.04785302397 1.48838916508 1.89645818415 0.423354005928 0.788317687258 1.23847370003 14.5523917498 0.318510139892 0.607472955707 0.903262746858 0.277064839843 0.540194318226 0.60761489618 0.806853079509 24.1064293843 24.3514745805 24.6023971346 25.6421538343 26.1148200204 26.9818387405 0.217548480032 0.516031320073 0.684168616625 29.5368234569 29.7171771665 0.0966985238966 0.149334493219 0.200653725585 340.910542466 2.83923475968 1.29616817578 1.18835124011 1.0518390287 0.949063298692 0.206827998544 0.0561580257781
-9999.0 -9999.0 -9999.0 -9999.0 -9999.0 -9999.0 -9999.0 -9999.0 -9999.0 -9999.0 -9999.0 -9999.0 -9999.0 -9999.0 0.548375012759 1.65088477985 5.7912817124 8.6205774516 0.452856169739 11.2621105671 13.6449476839 0.401501668367 0.769654838058 1.20247762259 18.0700294617 18.4516600577 0.255765018173 1.42156361354 1.66781468519 1.86696848351 22.6561226729 22.9540816791 23.2103227851 0.132060520693 0.751669655383 0.892852366219 0.388049166285 0.553381188385 27.76973558 28.5299230684 28.6596923142 28.7816949667 29.8581502011 0.0684240110119 0.0593221065827 0.312541449524 341.01549756 0.129696748172 0.0156934425253 0.0459521107199 0.020279361639 0.814893971093 0.769177242829 0.464456132563
-9999.0 -9999.0 -9999.0 -9999.0 -9999.0 -9999.0 -9999.0 -9999.0 -9999.0 -9999.0 -9999.0 -9999.0 -9999.0 -9999.0 -9999.0 -9999.0 1.1587431525 2.33017553461 10.2198780173 10.7824645055 14.143559331 14.6417799639 0.392861627134 0.785408327919 1.89085517309 18.8745408528 19.4420933446 19.6584424106 0.178597044726 20.4022764025 20.6873202292 0.198843154029 0.133969253122 0.259386824995 0.507605587421 0.122228944372 0.244951456143 0.544174895062 0.678237207181 0.130742125761 0.0877045114441 0.172842065737 30.525345079 30.7474068537 30.798912574 31.2608127653 341.105122766 0.0991276928358 0.00799678534559 0.0108091689117 0.0108596277119 0.011429577562 0.00986742346998 0.0173931030755
-9999.0 -9999.0 -9999.0 -9999.0 -9999.0 -9999.0 -9999.0 -9999.0 -9999.0 -9999.0 -9999.0 -9999.0 -9999.0 -9999.0 -9999.0 -9999.0 0.607673374687 0.59361886078 0.577172635146 1.12198251569 0.49460149522 15.6284722848 16.0916743137 0.392119428805 0.750746098807 0.341320663827 0.275884969987 0.265863708547 20.0748605287 0.0817928517479 0.162748683169 0.128326392633 0.14063976368 0.126489096065 0.100457489711 0.104501129685 0.318859777711 0.436679009879 0.0862169191368 0.0772839549332 0.165286460777 0.273625162449 0.371130557414 0.11111114097 30.8846938052 31.316731758 341.178008284 0.223316799042 0.0208632185 0.00450499540332 0.0141550994142 0.00345108048434 0.00261620106593 0.0204891748371
-9999.0 -9999.0 -9999.0 -9999.0 -9999.0 -9999.0 -9999.0 -9999.0 -9999.0 -9999.0 -9999.0 -9999.0 -9999.0 -9999.0 -9999.0 -9999.0 -9999.0 -9999.0 0.588835123251 1.65631503301 2.12205214041 2.60549741319 16.5642795555 17.0310330561 17.4825530177 17.9141975699 18.1711325618 18.7023229891 18.7916077098 18.8624385239 18.9509555198 0.122552899223 0.115529063366 0.12227618957 0.437040038088 0.116132173347 0.110407876355 0.0875228821885 0.255235876134 0.101533392518 0.0780565893864 0.0724260455202 0.0635723282949 0.126864919605 0.179752528076 31.679818553 373.150951723 0.100160206297 0.17989984214 0.00290412268776 0.0182157206708 0.00853299330471 0.00527390865529 0.508072359053
-9999.0 -9999.0 -9999.0 -9999.0 -9999.0 -9999.0 -9999.0 -9999.0 -9999.0 -9999.0 -9999.0 -9999.0 -9999.0 -9999.0 -9999.0 -9999.0 -9999.0 -9999.0 -9999.0 0.492418238504 3.92436217894 7.59616666731 8.09554810615 0.533485111521 0.933796675801 1.29939986292 1.59566132705 3.57413914066 3.70149009231 0.125284202212 0.122752094894 19.2093698201 19.4392575384 19.5474365966 0.523374757719 0.0798886383964 0.198038323295 0.289982578284 0.857411780816 1.05096622612 1.20220786457 0.138679244559 0.192204003846 0.0641102028563 0.125517285422 0.0637472321092 373.27350725 0.0859172380128 0.348173848801 0.0775885094818 0.123431964996 0.475405075349 0.52378688773 1.07891790259
-9999.0 -9999.0 -9999.0 -9999.0 -9999.0 -9999.0 -9999.0 -9999.0 -9999.0 -9999.0 -9999.0 -9999.0 -9999.0 -9999.0 -9999.0 -9999.0 -9999.0 -9999.0 0.551344607982 1.75669293858 3.43957336289 4.49376826385 11.3403310936 11.8584165815 0.768304768113 1.13419242195 1.44383530703 1.73391321607 3.80327815524 4.04702520673 6.84700812417 7.09539721906 7.2260652384 19.6574186927 20.4702724928 0.193033536368 0.126403905887 0.120578086485 0.230286413325 0.104812739319 1.40185953247 1.47489199357 0.252659269339 0.340847314335 0.0747361662303 101.748491847 101.87831437 475.241041925 475.712007062 0.092669104697 0.320751890692 0.115497292986 0.0875856831194 1.20926518578
-9999.0 -9999.0 -9999.0 -9999.0 -9999.0 -9999.0 -9999.0 -9999.0 -9999.0 -9999.0 -9999.0 -9999.0 -9999.0 -9999.0 -9999.0 -9999.0 -9999.0 -9999.0 -9999.0 0.628313348134 0.61209552295 1.15645117789 2.75316211454 12.3588461205 0.396811498428 0.392006424378 0.702242878853 1.01632414304 2.29807045092 2.43495675849 0.106185890819 0.159419883809 7.38361438332 7.50518800411 28.1019788713 28.2172069055 0.0728973491311 0.0646989219659 0.0541468620552 0.0546700761366 0.0567814002786 100.343140276 100.784858252 101.220563424 101.382125581 101.666947956 0.0702384860231 0.256729332504 0.310212152354 476.165381297 476.228774078 476.3531234 476.44186458 476.514639529
-9999.0 -9999.0 -9999.0 -9999.0 -9999.0 -9999.0 -9999.0 -9999.0 -9999.0 -9999.0 -9999.0 -9999.0 -9999.0 -9999.0 -9999.0 -9999.0 -9999.0 -9999.0 -9999.0 -9999.0 0.560805152401 0.587179687381 1.09365853505 14.4967581264 14.9808451322 0.384596086729 0.692867022599 1.0133459885 1.16938023505 0.124528174392 0.290657625009 29.1850358133 29.3141608636 29.4638956983 30.4875344203 58.8400769949 97.4965369066 97.669927572 97.8266626726 97.9769138809 98.596101997 98.7937754964 0.359789504771 0.162327090782 0.0945750634469 0.177717364987 0.1269163771 0.202336832671 0.0624871956999 1.45797787823 1.67094738576 1.86565400388 1.88945682747 476.558732882
-9999.0 -9999.0 -9999.0 -9999.0 -9999.0 -9999.0 -9999.0 -9999.0 -9999.0 -9999.0 -9999.0 -9999.0 -9999.0 -9999.0 -9999.0 -9999.0 -9999.0 -9999.0 -9999.0 -9999.0 -9999.0 0.571946743533 1.10075815609 1.63195097282 15.4206661558 0.412082121144 20.6209127278 20.9539057126 21.0818141791 21.2577370511 28.5135703379 28.7140973581 0.145968509546 0.742112550506 0.899052183935 0.14074146226 38.4838154778 38.2284199979 0.0811565690804 0.187812988282 0.48852764638 0.105481318413 0.108334150357 0.0818068241035 0.0671043772954 0.0519001980175 0.0593202804565 1.26336028424 1.32439781408 1.39864043414 0.156303100989 0.140034853974 1.97535851509 2.01559314477
-9999.0 -9999.0 -9999.0 -9999.0 -9999.0 -9999.0 -9999.0 -9999.0 -9999.0 -9999.0 -9999.0 -9999.0 -9999.0 -9999.0 -9999.0 -9999.0 -9999.0 -9999.0 -9999.0 -9999.0 -9999.0 0.521944273609 0.493336312546 2.55467313458 18.9772967128 19.8803862082 20.3130933626 0.322482433296 6.93415548231 7.03342114514 7.09919670786 0.180677381844 0.335022412758 0.472363509836 8.90330290449 9.01153035675 9.10630924622 38.0537694367 23.9630763441 0.104320375049 0.102748189008 0.0978731037823 0.0743694661214 0.770682943365 0.923050463466 1.05627445674 1.12900211062 1.19892410834 8.00225658694 8.05193445293 8.12499220905 8.30069699836 8.93641280441 8.95946645958
-9999.0 -9999.0 -9999.0 -9999.0 -9999.0 -9999.0 -9999.0 -9999.0 -9999.0 -9999.0 -9999.0 -9999.0 -9999.0 -9999.0 -9999.0 -9999.0 -9999.0 -9999.0 -9999.0 -9999.0 -9999.0 -9999.0 1.02612704346 1.5684189372 0.526220335603 0.397261297795 5.87739972136 6.2179608837 6.43888552292 1.93290796562 2.01633578586 2.12588039999 2.265829592 8.66163281963 8.80748348445 4.66619934581 13.8890145947 13.997489224 23.8797367494 0.204134874079 0.101089230486 0.0715548192843 0.533525680328 0.623368874475 0.0533399304226 0.049637527174 7.76806787362 7.89289632208 7.95547728889 0.0845147187419 0.12456698468 8.83492653693 0.062089584578 0.173214957815
-9999.0 -9999.0 -9999.0 -9999.0 -9999.0 -9999.0 -9999.0 -9999.0 -9999.0 -9999.0 -9999.0 -9999.0 -9999.0 -9999.0 -9999.0 -9999.0 -9999.0 -9999.0 -9999.0 -9999.0 -9999.0 -9999.0 0.517054085502 1.0227008672 4.19250257231 4.7131504835 5.13551396805 1.58421766261 1.84788871949 0.0922352240623 6.07932645217 6.16199849601 6.2541427402 0.125467528257 4.39445317142 4.54545138254 0.112910991063 23.343931687 0.232320599474 0.115387091826 0.288410595501 0.389852183041 0.0738325512335 0.0597574301813 7.14316819844 7.65296852536 7.72877611157 0.0750392020841 0.155864624312 0.198068256544 0.240356674982 0.477162108562 0.0627404321327 0.142566648431
