data/baseflow/History/mHMbfrc571
ncols                  80
nrows                 72
xllcorner      4374000.0
yllcorner      5656000.0
cellsize            500
NODATA_value       -9999
[rows 0 to 23 of 72, columns 0 to 54 of 80]
-9999.0 -9999.0 -9999.0 -9999.0 -9999.0 -9999.0 -9999.0 -9999.0 -9999.0 -9999.0 -9999.0 -9999.0 1.11691587327 0.971032033882 -9999.0 -9999.0 -9999.0 -9999.0 -9999.0 -9999.0 -9999.0 -9999.0 -9999.0 -9999.0 -9999.0 -9999.0 -9999.0 -9999.0 -9999.0 -9999.0 -9999.0 -9999.0 -9999.0 -9999.0 -9999.0 -9999.0 -9999.0 -9999.0 -9999.0 -9999.0 -9999.0 -9999.0 -9999.0 -9999.0 -9999.0 -9999.0 -9999.0 -9999.0 -9999.0 -9999.0 -9999.0 -9999.0 -9999.0 -9999.0 -9999.0
-9999.0 -9999.0 -9999.0 -9999.0 -9999.0 -9999.0 -9999.0 -9999.0 -9999.0 -9999.0 -9999.0 -9999.0 2.22691575906 5.09231778503 0.852548064346 -9999.0 0.704871193503 -9999.0 -9999.0 -9999.0 -9999.0 -9999.0 -9999.0 -9999.0 -9999.0 -9999.0 -9999.0 -9999.0 -9999.0 -9999.0 -9999.0 -9999.0 -9999.0 -9999.0 -9999.0 -9999.0 -9999.0 -9999.0 -9999.0 -9999.0 -9999.0 -9999.0 -9999.0 -9999.0 -9999.0 -9999.0 -9999.0 -9999.0 -9999.0 -9999.0 -9999.0 -9999.0 -9999.0 -9999.0 -9999.0
-9999.0 -9999.0 -9999.0 -9999.0 -9999.0 -9999.0 -9999.0 -9999.0 -9999.0 -9999.0 1.05236832647 1.03116007557 1.06487339655 1.04016744927 7.0679984724 7.95735521787 1.93924790383 0.611501803235 -9999.0 -9999.0 -9999.0 -9999.0 -9999.0 -9999.0 -9999.0 -9999.0 -9999.0 -9999.0 -9999.0 -9999.0 -9999.0 -9999.0 -9999.0 -9999.0 -9999.0 -9999.0 -9999.0 -9999.0 -9999.0 -9999.0 -9999.0 -9999.0 -9999.0 -9999.0 -9999.0 -9999.0 -9999.0 -9999.0 -9999.0 -9999.0 -9999.0 -9999.0 -9999.0 -9999.0 -9999.0
-9999.0 -9999.0 -9999.0 -9999.0 -9999.0 -9999.0 -9999.0 -9999.0 -9999.0 1.03825620379 2.07527868679 4.12593444436 2.0499845855 0.996174507758 1.94814488607 8.89976369927 12.3391234741 0.718910079283 -9999.0 1.01204180768 -9999.0 -9999.0 -9999.0 -9999.0 1.34806521352 0.677606089764 -9999.0 -9999.0 -9999.0 -9999.0 -9999.0 -9999.0 -9999.0 -9999.0 -9999.0 -9999.0 -9999.0 -9999.0 -9999.0 -9999.0 -9999.0 -9999.0 -9999.0 -9999.0 -9999.0 -9999.0 -9999.0 -9999.0 -9999.0 -9999.0 -9999.0 -9999.0 -9999.0 -9999.0 -9999.0
-9999.0 -9999.0 -9999.0 -9999.0 -9999.0 -9999.0 -9999.0 -9999.0 1.17302743208 3.31175367255 4.31312485807 5.31227280288 7.13175656674 0.926241128267 3.74995119619 4.64748636473 18.6985077719 0.893551911929 0.84731293291 1.88912740029 2.75348041974 0.903012252932 -9999.0 3.56891182177 2.92648633355 0.818784252667 -9999.0 -9999.0 -9999.0 -9999.0 -9999.0 -9999.0 -9999.0 -9999.0 -9999.0 -9999.0 -9999.0 -9999.0 -9999.0 -9999.0 -9999.0 -9999.0 -9999.0 -9999.0 -9999.0 -9999.0 -9999.0 -9999.0 -9999.0 -9999.0 -9999.0 -9999.0 -9999.0 -9999.0 -9999.0
-9999.0 -9999.0 -9999.0 -9999.0 -9999.0 -9999.0 1.1383714898 1.06335524685 1.03629542541 1.05364046021 1.06026403029 7.43890342195 15.5663363497 16.5463459254 17.3368652274 0.747714753311 20.3316404491 21.1874493409 1.70715349742 0.865458965788 3.59982243093 6.25017073396 0.900950657141 6.32241076513 0.939652299964 0.952062588688 0.967484934276 -9999.0 -9999.0 -9999.0 -9999.0 -9999.0 -9999.0 -9999.0 -9999.0 -9999.0 -9999.0 -9999.0 -9999.0 -9999.0 -9999.0 -9999.0 -9999.0 -9999.0 -9999.0 -9999.0 -9999.0 -9999.0 -9999.0 -9999.0 -9999.0 -9999.0 -9999.0 -9999.0 -9999.0
-9999.0 -9999.0 -9999.0 -9999.0 -9999.0 -9999.0 2.28125848487 3.38543287905 7.68953086169 10.7655224991 0.949282761506 0.964398241741 0.925009068095 2.71932687012 20.8985454181 0.737635236597 21.9866795368 25.1362151541 2.48482290572 1.63180853038 7.03947603846 0.86583326623 7.16821630646 1.72854741282 0.873859353009 1.79849733958 1.90701085282 0.946255271882 0.946608734621 0.923343111956 0.987238857014 1.97811964274 -9999.0 -9999.0 -9999.0 -9999.0 -9999.0 -9999.0 -9999.0 -9999.0 -9999.0 -9999.0 -9999.0 -9999.0 -9999.0 -9999.0 -9999.0 -9999.0 -9999.0 -9999.0 -9999.0 -9999.0 -9999.0 -9999.0 -9999.0
-9999.0 -9999.0 -9999.0 -9999.0 -9999.0 1.23808553578 2.39488979002 1.14903999214 2.24158644851 11.8807012123 13.8920422284 15.8679983923 50.2209702283 0.886859166738 21.7999096196 78.8597014501 79.4566689923 105.635918597 0.655718789631 2.40408818721 7.83398588089 0.785366627596 16.8694666907 8.88265726804 5.47750882041 4.60109489547 0.926111181732 2.80285573417 2.75845229652 1.83775134849 0.902814623419 2.90950852485 0.902881572565 0.888756002047 -9999.0 -9999.0 -9999.0 -9999.0 -9999.0 -9999.0 -9999.0 -9999.0 -9999.0 -9999.0 -9999.0 -9999.0 -9999.0 -9999.0 -9999.0 -9999.0 -9999.0 -9999.0 -9999.0 -9999.0 -9999.0
-9999.0 -9999.0 -9999.0 -9999.0 -9999.0 1.23729651601 3.60261037017 7.16465162143 8.26305612473 16.347109781 17.3782429345 20.5979458323 33.4593371678 52.7971974867 54.6368392446 55.5004907583 1.57183956566 108.415820682 109.779951514 113.759837611 141.696864542 19.3127539601 17.7281440059 6.321433583 0.826271285988 5.3707242847 3.65520267967 0.816360892189 3.59671441534 0.803513157817 1.68095237227 4.63700891885 5.50160528099 1.73895552623 0.86729625546 0.834994108924 -9999.0 -9999.0 -9999.0 -9999.0 0.6852268753 0.598260350585 -9999.0 -9999.0 -9999.0 -9999.0 -9999.0 -9999.0 -9999.0 -9999.0 -9999.0 -9999.0 -9999.0 -9999.0 -9999.0
-9999.0 -9999.0 -9999.0 -9999.0 -9999.0 1.20510911751 1.15018853583 4.75320351453 5.86717470837 7.01404803846 1.09263335387 2.16558417568 12.1516596246 2.06797160547 1.01082760466 0.945411003617 0.853188953882 0.920632787775 0.861578529176 0.902864585058 142.523334927 144.892332215 0.77598369107 2.40451750848 1.6435131005 6.17701942655 1.64633639596 0.792449618239 4.46031454094 1.58185174458 3.81623564787 9.67656378908 8.95744657655 2.60241604382 2.55951146631 0.862155950862 0.860848418499 -9999.0 -9999.0 0.858604849185 1.5313469301 3.38474416304 0.634381285412 -9999.0 -9999.0 -9999.0 -9999.0 -9999.0 -9999.0 -9999.0 -9999.0 -9999.0 -9999.0 -9999.0 -9999.0
-9999.0 -9999.0 -9999.0 -9999.0 -9999.0 -9999.0 1.22425348155 1.23374657392 2.36576452245 3.50419878337 7.91349053016 10.1113818398 11.1578021478 1.04195994843 0.915498392785 12.1276511476 14.9087779743 15.7766409238 19.3370350007 20.1424522886 0.815646340114 145.719133064 149.632264733 3.10642410114 0.521979845994 6.86011756898 15.2685200037 6.02352984245 1.51967897878 0.754339314816 15.01328052 10.4701541938 0.781384620344 0.765778347645 3.34722845305 2.52621308145 0.821689234637 0.792409966006 0.823073047858 1.66139298326 0.795872194029 4.11394208872 4.91417006028 0.755419212541 -9999.0 -9999.0 -9999.0 -9999.0 0.861193429426 0.815942660337 0.226217666541 -9999.0 -9999.0 -9999.0 -9999.0
-9999.0 -9999.0 -9999.0 -9999.0 -9999.0 -9999.0 -9999.0 1.21902066757 1.05562985166 2.21350805676 3.35053849519 1.10756497219 0.98355463947 6.31753356438 8.30422786894 10.3281580226 0.957615844258 1.83452084149 0.917483232414 20.9855147481 46.4645233203 47.1441903653 198.351650318 0.778505916738 1.51883270142 0.466101527246 16.0095431214 0.761454077286 2.28655420825 0.748960180489 15.785845309 16.555943442 1.56507565749 1.52496880901 8.32295178358 4.16212812907 1.60981464247 0.821247761409 1.63996055709 2.46571364047 4.04189168897 0.778261903794 6.43751685548 7.19862276925 0.708482811888 0.750572866634 0.772477433274 0.715994673605 0.686623250098 2.4006227728 0.912628472625 0.586889970199 -9999.0 -9999.0 -9999.0
-9999.0 -9999.0 -9999.0 -9999.0 -9999.0 -9999.0 -9999.0 -9999.0 2.22864891105 3.22561811255 1.09351481922 2.22005706889 3.27779354223 5.36292530655 1.04363069167 1.01228928677 0.882817976037 0.892781954251 0.809092269732 23.7650589242 0.930300997515 1.81525386154 200.954761649 202.960300359 0.928281053537 3.35681667034 20.1011864721 1.48072941061 2.97117607061 1.40649780452 2.07928816206 19.5151342583 2.26810956955 12.0206521583 9.80886457464 0.757349618865 3.9464261993 1.58863470083 2.37949161046 0.730962265634 4.78357336268 6.29288011901 6.96669330035 7.61184130945 9.8815781928 1.35251989316 1.40707642087 1.31207618624 1.24902924396 3.02201861003 0.619942926424 2.1339100999 2.70414533415 -9999.0 -9999.0
-9999.0 -9999.0 -9999.0 -9999.0 -9999.0 -9999.0 -9999.0 -9999.0 1.16929297476 5.53339248828 6.60072286742 1.06821474068 2.09145326895 1.02163147186 0.943333235287 0.927221219898 11.8059093133 15.738995176 19.3740433595 23.0367665685 0.93419363571 0.903799621901 1.00495205409 207.144409168 209.310420524 210.259866584 27.0333870837 5.97148815216 5.17254283088 0.667069260935 2.73757139287 22.9325932289 0.674691173881 12.7047178246 0.723190399155 5.08179491165 4.72937037125 0.753291819736 3.11631773248 1.46150519077 2.1823894804 0.714605003652 0.632515565903 8.25027706184 8.84904015542 10.4788715232 2.03781595233 1.91809912939 1.83883262622 3.66817248853 4.92013403302 0.624266808046 3.29419767164 0.610849741134 1.16188849298
-9999.0 -9999.0 -9999.0 -9999.0 -9999.0 -9999.0 -9999.0 -9999.0 -9999.0 1.1823345885 7.71810394694 8.7726476989 3.12357426346 5.18799441599 7.11928018831 8.11288590335 1.01088874662 3.02756686978 1.99989121125 1.02388677446 0.990678715676 0.898390898546 1.81308012344 3.15109462555 1.19702954721 239.451982413 240.402149095 0.865186105105 0.645923571747 1.31583442163 1.96075530825 24.899721839 1.31724284465 13.3179545787 7.75254287057 6.38973468653 0.707618998267 1.44096492889 3.78342439953 0.665814898002 2.83241762154 1.37232620092 1.05708198077 0.432609872434 10.2834820819 21.2652906675 2.50240901055 2.3919872822 2.37588354365 0.536722850257 5.45546375745 0.522704601051 4.43104531191 0.537277279059 1.70368546565
-9999.0 -9999.0 -9999.0 -9999.0 -9999.0 -9999.0 -9999.0 -9999.0 -9999.0 -9999.0 1.07053565897 10.9137574871 1.02349441256 2.04741137237 3.00374903011 4.90188320691 0.972108805868 2.00598290802 0.98390519498 0.922575418721 0.869955710802 1.72166045155 0.794767394601 0.922194654838 1.93236936389 1.11263996911 241.407751889 243.20822409 245.689514665 2.69232475155 0.649980947428 1.29575063458 25.5751889595 24.3211904032 9.12921096183 0.679499537986 2.8243388344 2.12804081997 4.45255418713 1.33068907083 5.53214737367 2.0339555646 1.63182700278 0.312829568582 0.461857300012 21.8868344666 22.4501587112 27.8412374938 4.04248531042 1.10093847687 6.03068888887 7.11554875836 12.0533132991 1.07239391493 0.493218349511
-9999.0 -9999.0 -9999.0 -9999.0 -9999.0 -9999.0 -9999.0 -9999.0 -9999.0 -9999.0 -9999.0 0.538335592451 12.0581282719 0.99044733981 1.93637053611 8.72713486693 0.964914375512 0.955073516385 0.823694730224 1.77299197288 0.859339287287 3.43450484338 5.0077891787 5.73695397643 2.66202921619 3.46817887555 0.918548319574 1.03140053015 0.952334955428 249.89884655 251.858456369 26.1884666153 25.5486062949 24.9395553857 1.2460760975 0.604950823217 3.44746547687 9.15202313903 5.08275284561 1.95393357886 8.11437552136 3.19351529181 2.59063709446 0.574587204647 0.235502212439 0.247040466169 0.309190554734 29.3850689775 35.0318375115 0.520141982399 0.485629084212 0.511689249578 12.5413356304 14.0729851326 0.886191185863
-9999.0 -9999.0 -9999.0 -9999.0 -9999.0 -9999.0 -9999.0 -9999.0 -9999.0 -9999.0 -9999.0 0.519298392788 13.3329309011 16.4424712096 0.951103292289 10.6174836216 0.88950584394 0.843718897402 1.6483768437 4.26657336396 0.82630975171 0.877455569184 0.769167577851 7.27084606981 8.00200870686 12.2354078771 13.8714689606 14.6661853678 15.5119382164 16.3323772431 269.067468086 296.715090214 323.666958367 324.343298385 0.634327718585 0.598581596633 10.403386916 9.78264830282 0.618230600951 0.620799019655 8.75006456763 12.5873469564 0.529673486174 5.55801000489 5.15011040138 1.22587244114 0.651799968633 1.0755067773 0.589023928332 36.0675332815 0.530914500861 1.48823377198 1.90399579005 17.2346347637 18.3720500844
-9999.0 -9999.0 -9999.0 -9999.0 -9999.0 -9999.0 -9999.0 -9999.0 -9999.0 -9999.0 -9999.0 1.11782338934 2.1563110796 17.4576218784 19.2485409339 0.910781551252 12.3545794069 0.779396095463 2.37787432096 5.04758866967 1.59675298714 0.766021771488 1.59176948003 0.691310449335 1.32841340108 0.638720999118 0.579326051043 0.453308203316 0.418939456728 0.406124078455 0.424305879586 0.60383933201 0.760921718562 0.888140268905 326.534934625 12.8907375382 11.6301251563 0.5730596485 1.79529036842 0.435538338572 0.376093593118 13.169628756 20.5115527286 6.20554577887 4.64813670335 0.700157438843 0.305864332675 0.270489189828 0.725576128239 37.3120999328 38.3272605093 0.526995913858 0.534408144593 0.447910004574 0.284432699697
-9999.0 -9999.0 -9999.0 -9999.0 -9999.0 -9999.0 -9999.0 -9999.0 -9999.0 -9999.0 -9999.0 -9999.0 0.959195385303 13.1142998524 33.3119856713 36.2117844325 49.4279958263 50.2575176426 11.3760335513 8.21619055478 2.37935632732 0.752846188177 3.07953632581 3.80021999868 5.78228411004 1.31232662368 1.20835056352 1.09539337049 2.13944934172 1.0192514585 1.00543689622 0.469916000923 0.287961191379 0.362880736939 327.193762301 340.450111569 341.170556275 0.599974231194 4.9917604714 2.00189599222 0.607048714532 22.4787036484 1.38925110195 0.718174433901 2.8747419084 0.581795139149 0.500946626768 0.951262530447 1.37609478591 1.85199840588 39.2034881479 0.419826264526 0.369992367517 0.370314221073 0.2825745503
-9999.0 -9999.0 -9999.0 -9999.0 -9999.0 -9999.0 -9999.0 -9999.0 -9999.0 -9999.0 -9999.0 1.06806658082 9.97059979091 12.1241417163 1.99603356836 0.57595625254 1.31320667639 52.4152890641 53.2055694826 65.3652580686 0.69193531002 1.43646513648 0.638157546712 0.649828660163 6.42619058668 8.38044627446 10.1832482043 0.584411114942 2.72584147074 4.31900430974 2.57686753864 1.02688331873 0.727296352007 0.648524142618 0.687316999646 0.412945681525 341.759156221 342.255095537 348.268542461 1.05756840327 0.550367708598 23.0078880725 1.38233014654 0.719718909046 0.783801982929 0.778803333978 0.697302289128 1.22900995037 3.60710036901 5.97972708693 45.6022790296 0.324722351453 0.974341053723 0.659530871977 0.542282419467
-9999.0 -9999.0 -9999.0 -9999.0 -9999.0 -9999.0 -9999.0 -9999.0 -9999.0 -9999.0 -9999.0 1.09259038469 6.90654536253 1.10063263108 0.968296236039 5.01944982864 5.8937083015 6.77388162193 7.55165632935 88.6930767774 89.3468028137 90.6983789885 101.000626274 102.95638383 104.061811567 104.734091251 116.207765146 117.686115385 118.292289206 123.259432418 126.480243945 127.041746805 128.738940728 1.17209302713 1.02086499241 0.234793676035 0.299952654922 342.794008147 350.371726259 1.59277860707 26.6899315442 26.1632667832 2.65005722222 0.636019127881 0.647679698487 0.626197956208 0.634171193902 1.27959580657 1.86214066454 0.572900829127 46.0094863066 46.44064708 48.4479264014 48.8073970942 49.6829781385
-9999.0 -9999.0 -9999.0 -9999.0 -9999.0 -9999.0 -9999.0 -9999.0 -9999.0 -9999.0 -9999.0 3.542624374 4.68349584336 2.19403172755 3.24459249428 1.03832087113 11.5759031832 12.4972191984 14.3105939084 14.9936526087 5.80143756516 97.60915072 98.2659175974 0.63003744439 0.441553873748 0.381530125241 0.858546549952 0.401424735723 0.286811219641 0.254332039889 0.293061962583 127.49096101 129.227101687 130.961569056 132.4716231 133.520012991 0.474032823365 0.179098580463 378.499697527 27.6588877269 27.2388072324 0.55575169073 0.544327090579 0.520600087115 1.17816847458 1.15878645837 0.532941063481 0.534799302579 0.497882777313 1.05728682308 1.42871681408 0.311268220035 0.553097149895 0.202804908314 0.103141766944
-9999.0 -9999.0 -9999.0 -9999.0 -9999.0 -9999.0 -9999.0 -9999.0 -9999.0 -9999.0 -9999.0 -9999.0 2.38403220978 1.12178601809 1.03293792494 9.72840282123 10.6908976291 0.952983962775 3.63285770978 4.47338080125 5.18803996082 0.788170792521 0.629514253941 14.4581123021 14.9885608326 15.4807394714 39.5651721011 39.9221350029 40.4899500429 43.5884847371 45.1821053018 45.4087383083 0.217517592089 0.234730808101 0.253522267797 134.201258831 0.285230880207 383.282585996 382.808045214 3.89542292079 3.40173730294 2.14319084675 0.538652863439 1.03081315821 1.70722430194 1.69155452074 1.046767421 0.513771385224 1.00437248529 0.978653033732 1.85770470614 0.242434068182 0.791648360746 1.32030345998 1.5450324022
