data/baseflow/History/mHMbfrc325
ncols                  80
nrows                 72
xllcorner      4374000.0
yllcorner      5656000.0
cellsize            500
NODATA_value       -9999
[rows 24 to 47 of 72, columns 0 to 54 of 80]
-9999.0 -9999.0 -9999.0 -9999.0 -9999.0 -9999.0 -9999.0 -9999.0 -9999.0 -9999.0 -9999.0 -9999.0 1.42114454898 4.07459087639 5.3394287762 9.37431905988 1.3070307778 2.57155909124 3.78055441102 13.8672627293 14.9064737675 15.8185079191 16.9688249723 18.2860836409 28.6013476653 32.3463159733 34.6389383521 1.04701302232 5.54855674322 6.54094142615 71.6595704462 75.9565099322 77.5147627599 79.0436616805 80.7973913371 273.907504886 0.683356881523 549.805989317 2.2264848491 1.03633436221 5.33052636683 4.45917054527 0.784485783469 2.61885369702 3.66656291585 3.65735616101 2.56315167859 4.23246070779 6.73029464006 2.5127789965 6.87326863287 0.709890444568 1.25529206863 0.516229284416 0.435687868152
-9999.0 -9999.0 -9999.0 -9999.0 -9999.0 -9999.0 -9999.0 -9999.0 -9999.0 -9999.0 -9999.0 -9999.0 1.39226354711 2.74646065597 1.27262698628 2.63431336092 1.24401226904 9.02862297558 11.4606707147 12.7149590611 1.14415939167 2.1984068524 20.9682563941 26.2721622945 27.3640717012 2.47739797625 2.46139312542 3.61420011267 0.96805966142 0.953089094541 1.85450138915 0.848985560648 33.6528084841 34.3925054048 35.4390113141 274.633955545 557.302596595 550.999019979 1.8391234094 0.731627040342 0.677508618029 2.27903371882 1.54537497756 3.36277796689 4.46127927138 8.94590604054 0.825729221054 0.831309620261 7.52082871706 8.32822418757 16.7357741955 17.5279374612 19.3158441038 20.3034710191 0.887370333988
-9999.0 -9999.0 -9999.0 -9999.0 -9999.0 -9999.0 -9999.0 -9999.0 -9999.0 -9999.0 -9999.0 -9999.0 -9999.0 1.36206279279 2.67001273857 3.95511190361 6.48654491468 1.35176416426 1.24061435309 8.27538857275 9.40866756073 18.8903771291 20.0156293637 3.22957017358 1.17773019133 1.21397586987 1.22218402828 28.1354823011 29.1940386051 30.1963739016 31.1232008996 32.8783828998 7.48531133621 8.4319076309 44.8177809848 877.082422835 5.54336220361 4.87330494682 2.5996703279 0.62999676341 0.595935562158 3.65945555927 4.24853440573 4.68954980302 0.658082757863 9.672836709 1.54614440011 1.53614125984 0.601568529755 0.476949412453 0.446183824084 0.394078994952 0.458054140318 20.8582460108 320.827547685
-9999.0 -9999.0 -9999.0 -9999.0 -9999.0 -9999.0 -9999.0 -9999.0 -9999.0 -9999.0 -9999.0 -9999.0 -9999.0 -9999.0 1.32074538552 2.43086738582 3.42990471906 4.48643015588 5.76787519741 7.07346000124 3.77718044991 6.14120444128 1.12557174018 1.12695453622 22.4522941174 24.7174721928 25.7816425266 26.9609696621 1.1356563091 2.20212231812 5.16134674261 6.05718270744 6.8009602628 0.924546171969 0.857549589362 879.134138113 0.70388787589 1.21754645403 0.568408218226 2.31675241905 1.13363030955 0.574226424117 9.56811510411 10.0514790881 0.458907679191 10.1470612775 12.176258621 2.06858480979 339.538446719 338.489601472 337.512444372 335.622124632 334.879022049 322.859755772 322.440885398
-9999.0 -9999.0 -9999.0 -9999.0 -9999.0 -9999.0 -9999.0 -9999.0 -9999.0 -9999.0 -9999.0 -9999.0 -9999.0 -9999.0 0.22565732342 0.535881325929 0.985160848201 8.42557072909 9.7735403554 1.33742060113 1.25981039169 1.19030585449 17.9011481989 20.189326486 1.12758943305 1.18303960239 1.05744474123 4.18016472913 5.2041616237 3.29417562151 4.08723674023 23.5118924618 24.3782175314 26.015603489 42.4044081912 921.898123519 0.659218847517 0.510326726322 3.35937432502 2.83312987022 0.502030181777 1.59015177325 2.06005612233 10.5937489497 11.0630057175 24.5593712158 12.5962235789 2.42420819876 348.444154137 4.54525527429 336.589124846 336.122538278 11.2776356731 0.522596171468 1.33962603368
-9999.0 -9999.0 -9999.0 -9999.0 -9999.0 -9999.0 -9999.0 -9999.0 -9999.0 -9999.0 -9999.0 -9999.0 -9999.0 -9999.0 1.18808632924 1.92114916767 4.1222318674 7.18312095976 10.6972524436 13.0906732935 14.3750210125 15.6083406719 16.7966343115 1.14549281202 1.10596064651 2.1908736347 2.11047565292 1.05417010476 20.165417138 21.1736841641 22.1328429854 23.0593198051 13.7758489805 14.7151621114 15.6048439743 922.199573879 1.05716052499 1.22213738348 4.86887558849 0.467986224443 0.866669769689 0.429782149099 0.435094140851 2.46265290736 0.392496692179 0.425690305817 375.182429796 350.293493903 349.869572645 1.54605842794 4.10332903254 2.75797250939 0.761977445237 10.3768963706 3.33944351106
-9999.0 -9999.0 -9999.0 -9999.0 -9999.0 -9999.0 -9999.0 -9999.0 -9999.0 -9999.0 -9999.0 -9999.0 -9999.0 -9999.0 0.83739313144 0.75323650531 1.45058855274 2.25913860616 1.19089407005 1.27974009407 2.51285352687 3.7433608009 6.09901334781 7.28443704201 8.46218803344 11.8226205657 12.8877143372 13.9734947151 1.01638770013 10.320685706 11.2604292217 12.1403927149 0.790729896826 0.546458231273 0.957274129827 938.660200028 938.948420438 940.615955405 6.06936664267 0.893255302585 1.47780792154 0.422375175236 0.773671208086 2.80569357135 3.5183616239 0.775636027977 377.060118698 0.583653437013 0.874170377002 0.956425710891 0.750922127129 1.42754310401 0.629757701931 6.20144513994 5.00349795981
-9999.0 -9999.0 -9999.0 -9999.0 -9999.0 -9999.0 -9999.0 -9999.0 -9999.0 -9999.0 -9999.0 -9999.0 -9999.0 -9999.0 -9999.0 0.700607702491 1.39918713987 0.729358747358 1.50855647525 9.63066716753 10.7820331849 12.0477693501 1.17354543355 1.18041353006 2.37104737357 3.5020365125 5.65559650253 6.70115324483 7.3006080068 8.29493738228 0.909840234854 0.872036007866 14.0042990837 14.4858448409 14.8548340098 15.1940330314 12.4721006315 954.509613745 962.859687506 963.199738813 964.997218553 966.760159902 968.011775413 0.408254682761 3.85131942699 377.476240956 1.13323552512 0.581049759261 0.506412316731 0.41902445918 0.74872371096 0.799045329524 0.458006322178 0.583542803545 0.60311598555
-9999.0 -9999.0 -9999.0 -9999.0 -9999.0 -9999.0 -9999.0 -9999.0 -9999.0 -9999.0 -9999.0 -9999.0 -9999.0 -9999.0 -9999.0 -9999.0 2.08461870198 2.90986357922 5.27434159362 7.22586041067 1.06818388367 14.4016399963 15.5761049143 16.7977239498 1.23212941082 2.40812157518 1.10993835342 8.07172687744 8.64332813659 9.5465852769 10.4923162616 12.9059548113 13.2726926391 0.236934310798 11.1918207498 11.8574568206 12.1544579024 13.5911611494 1.97763420614 1.31772686636 0.894767089561 0.863414593218 969.250846228 969.913828882 976.536063373 377.907001194 2.80383260625 1.28477885255 0.850269224496 0.27381882245 2.38973753685 1.28460366183 0.42037813824 2.2709042841 1.90693618783
-9999.0 -9999.0 -9999.0 -9999.0 -9999.0 -9999.0 -9999.0 -9999.0 -9999.0 -9999.0 -9999.0 -9999.0 -9999.0 -9999.0 -9999.0 -9999.0 0.815630866229 3.70323830859 4.53070274611 1.17765731774 1.26733176114 2.48410154493 3.66219379205 21.7085420891 1.21521337691 4.85326177661 5.97839532658 7.08758328209 0.601414885251 1.45931675278 2.02468025604 8.9474094762 10.074435626 10.3168283109 0.312959999822 0.348323915572 0.446218275017 0.815170824948 0.36539444776 0.398313700403 0.859850448074 0.653260802264 0.848520364786 2.29184616285 977.241173142 1356.96161556 3.41632103059 0.442724839079 0.256763496728 7.53080952782 6.92649548595 4.12695135651 3.71761969483 2.80596811279 0.586529274221
-9999.0 -9999.0 -9999.0 -9999.0 -9999.0 -9999.0 -9999.0 -9999.0 -9999.0 -9999.0 -9999.0 -9999.0 -9999.0 -9999.0 -9999.0 0.639299238345 2.22111525386 0.756894727234 1.33612861939 1.38689338735 2.65853129379 3.8558090998 4.93608214031 27.5142933649 28.7160759699 1.23381169995 2.37357691116 3.51069363343 4.291374088 5.19782766614 8.00500628183 8.63525492912 0.78659758193 0.606472474817 0.590017482804 0.968776939136 0.853808804732 0.795579161763 0.677502410997 0.776551061314 2.96712520766 1.38642315074 0.582467080035 0.559198100708 0.626373322456 1.20316901572 1378.84143595 18.0285367158 8.6379922109 0.50953870741 0.21047958948 0.224194190089 0.956316378272 0.705571034972 0.383733478859
-9999.0 -9999.0 -9999.0 -9999.0 -9999.0 -9999.0 -9999.0 -9999.0 -9999.0 -9999.0 -9999.0 -9999.0 -9999.0 -9999.0 0.681178913022 1.29937699727 4.9253090777 0.753230292556 2.49535142251 3.8803493519 5.25436340312 1.35581847952 2.60994450935 3.66925465975 33.2293350704 1.1932702472 2.30063787581 3.37130720031 0.981115937824 1.95447847616 2.73030805195 3.38110099028 73.0027230276 74.3395119603 75.6126985886 81.7507634805 84.3858962798 89.4343789679 1.33758905317 2.93300553702 3.7636388262 105.492220779 106.686291279 0.529760736447 1.0336776793 1.51403365625 1379.32985847 17.1768856995 7.93967444797 7.70888991261 6.04248391413 5.34842072929 1.26713064074 0.281222857557 0.630111903339
-9999.0 -9999.0 -9999.0 -9999.0 -9999.0 -9999.0 -9999.0 -9999.0 -9999.0 -9999.0 -9999.0 -9999.0 -9999.0 -9999.0 0.696990125848 2.09109765993 7.69544684894 11.2905840453 0.695800427666 15.1696616719 21.2764933632 1.31947144617 2.56868196939 3.69095617041 43.7145171253 44.6635195959 1.18149926636 5.73702769134 6.81784875425 7.67484588157 64.6167796039 67.3198224994 68.8630811909 0.739495200407 4.32463623709 5.11802062949 2.46248133988 3.56040864253 94.5744008938 99.1844342129 100.125048294 101.04034677 107.99270582 0.641732182679 0.566466368187 2.53174370373 1379.78601754 0.364302016076 0.492641039535 1.46940441843 0.515415176217 4.94143952012 3.87192322651 2.26276701538 1.69676869104
-9999.0 -9999.0 -9999.0 -9999.0 -9999.0 -9999.0 -9999.0 -9999.0 -9999.0 -9999.0 -9999.0 -9999.0 -9999.0 -9999.0 -9999.0 -9999.0 1.45102766753 2.92941941302 13.4980451589 14.31230413 21.9920960254 22.8507461889 1.29489123479 2.57970877504 6.08248598098 45.5227447839 47.9153952967 49.0549416127 1.03935506952 53.2781205664 56.1514420775 1.83568756958 0.745290241467 1.50536658558 2.93066334971 0.692038827506 1.43292122622 3.37403435795 4.24878409794 0.771633264834 0.591878743461 1.21207884444 112.025360127 113.342978336 113.839601664 117.507843084 1380.20890381 0.218947533631 0.412978343916 0.457205879259 0.449736222261 0.455628379386 0.418456325522 0.802707005217 0.183638437135
-9999.0 -9999.0 -9999.0 -9999.0 -9999.0 -9999.0 -9999.0 -9999.0 -9999.0 -9999.0 -9999.0 -9999.0 -9999.0 -9999.0 -9999.0 -9999.0 0.758987437267 0.747131727267 0.768647096776 1.68921845428 0.769675378515 24.3595721756 25.1573577061 1.19240087164 2.39626613222 1.33269707061 1.22897391326 1.22051862745 51.3593952251 1.00277972968 1.98755202799 0.931263468689 0.798640074535 0.734721643441 0.620047436161 0.634789018995 1.88807306456 2.54702538899 0.534150977146 0.492590782293 1.02418093208 1.6320429415 2.07232480881 0.556477864072 114.446306714 118.002632488 1380.47319045 1.55688976197 1.14968145618 0.31823742692 0.717417504784 0.272214795887 0.218919953359 1.03736416038 1.00505927564
-9999.0 -9999.0 -9999.0 -9999.0 -9999.0 -9999.0 -9999.0 -9999.0 -9999.0 -9999.0 -9999.0 -9999.0 -9999.0 -9999.0 -9999.0 -9999.0 -9999.0 -9999.0 0.738679301659 2.38845188154 3.05372917826 3.78925966324 25.8619823488 26.5566103796 27.3090247617 28.3162823888 29.512652706 31.9652055124 32.9471258973 33.9293706813 34.8164604706 0.767574619847 0.725327109846 0.742312348568 2.64540107841 0.671928298914 0.637258317893 0.552128368972 1.59796167495 0.597353897373 0.486722592059 0.458626332284 0.411608784497 0.821640886916 1.15685702282 120.327516573 1502.67948715 0.179140129925 0.481058260161 0.28889786006 1.00108120516 0.569616694222 0.440069081936 2.82611566514 1.64945878785
-9999.0 -9999.0 -9999.0 -9999.0 -9999.0 -9999.0 -9999.0 -9999.0 -9999.0 -9999.0 -9999.0 -9999.0 -9999.0 -9999.0 -9999.0 -9999.0 -9999.0 -9999.0 -9999.0 0.640751536032 4.93263908808 10.1053701359 10.9203918574 1.1118028306 2.29562948233 3.49700626211 4.59730696069 11.6208264893 12.4589295055 0.810948403103 0.791581911275 36.3550091737 37.7724910311 38.4482664708 3.21610399171 0.557744869837 1.2149984753 1.79632264666 5.23633179527 6.37477858644 7.30648206421 0.867255020442 1.20374349069 0.393748257175 0.766708923139 0.386401046276 1503.42467093 0.177629487416 0.796193712794 0.559365070031 1.7825263069 3.09825996851 3.63426053076 6.54988920585 2.39815642286
-9999.0 -9999.0 -9999.0 -9999.0 -9999.0 -9999.0 -9999.0 -9999.0 -9999.0 -9999.0 -9999.0 -9999.0 -9999.0 -9999.0 -9999.0 -9999.0 -9999.0 -9999.0 0.694977547346 2.18915102967 4.30253956594 5.64515805241 15.0125396633 15.9655233385 2.4792542792 3.64819629219 4.67394569277 5.82454851309 13.3995746599 15.0802864059 26.5109259423 27.4251365816 28.1356704329 39.1600625535 44.2725048329 1.25333133557 0.711423697058 0.696930213566 1.33849509171 0.617544228457 8.46731768329 8.91155373296 1.57577101309 1.99801610962 0.392334269922 304.885838761 305.645439624 1809.58726121 1810.67207162 0.156673407205 2.13451136759 0.207004796988 0.208523870047 7.06589481391 9.67985846416
-9999.0 -9999.0 -9999.0 -9999.0 -9999.0 -9999.0 -9999.0 -9999.0 -9999.0 -9999.0 -9999.0 -9999.0 -9999.0 -9999.0 -9999.0 -9999.0 -9999.0 -9999.0 -9999.0 0.773007508674 0.750798757468 1.43896018927 3.44550488669 16.6379695712 1.26334941007 1.24368673592 2.30374949289 3.346080481 8.48907803736 9.41163663156 0.605279634059 0.575599686577 28.9596361718 29.7045566079 74.6359322043 75.2673932202 0.511414887041 0.466207363525 0.38314789908 0.386693275126 0.368037951979 297.250368325 299.705500171 302.141677037 302.926213782 304.47781014 0.409342207835 1.51700416067 1.9577438723 1813.29944662 1813.46005638 1813.8051587 1814.26956482 1814.57879716 10.0984034431
-9999.0 -9999.0 -9999.0 -9999.0 -9999.0 -9999.0 -9999.0 -9999.0 -9999.0 -9999.0 -9999.0 -9999.0 -9999.0 -9999.0 -9999.0 -9999.0 -9999.0 -9999.0 -9999.0 -9999.0 0.704403626165 0.729328012078 1.36922372608 19.3226362164 20.1521248785 1.23335108944 2.29078499447 3.34352393476 4.20926400958 0.80912284415 1.55203502716 51.4371403141 52.2207270766 52.8760521632 57.9173980321 133.835638993 280.361181471 281.45032886 282.421093699 283.362076916 286.832033148 287.908364175 1.99951927912 0.930910565013 0.51817601682 0.991158204056 0.750016648044 1.18314988135 0.376810245808 8.5078646563 9.15045598149 9.60155868481 9.83093410451 1814.87236147 1825.42026477
-9999.0 -9999.0 -9999.0 -9999.0 -9999.0 -9999.0 -9999.0 -9999.0 -9999.0 -9999.0 -9999.0 -9999.0 -9999.0 -9999.0 -9999.0 -9999.0 -9999.0 -9999.0 -9999.0 -9999.0 -9999.0 0.715891859555 1.37908499402 2.04297621539 20.7323224165 0.966476630836 29.0386729858 30.132143309 30.9837636938 31.7556402961 48.4078046591 49.1668518833 0.831208890827 3.72101799061 4.50238573352 0.756086761385 145.407905475 144.030216047 0.473899069878 1.03485272845 2.67135750285 0.564552939485 0.569201938278 0.468478171569 0.395309258492 0.316825467412 0.353513882332 7.28623935155 7.64547262225 8.06682857296 0.288982624695 0.220403527046 9.97258820284 10.2283235619 10.4020066107
-9999.0 -9999.0 -9999.0 -9999.0 -9999.0 -9999.0 -9999.0 -9999.0 -9999.0 -9999.0 -9999.0 -9999.0 -9999.0 -9999.0 -9999.0 -9999.0 -9999.0 -9999.0 -9999.0 -9999.0 -9999.0 0.662972364591 0.628060682376 3.23711674469 25.377546465 27.0514491634 27.9858009694 1.21207860711 14.7190931792 15.5262452005 15.9027747742 0.721273945338 1.58338988994 2.38154985189 35.4178906707 36.0516157956 36.6039197625 143.007675676 81.1666088191 0.549952416195 0.55131154583 0.538603112855 0.438829641417 4.42383013676 5.29841030759 6.07761551625 6.49836439704 6.90589258866 42.9893576549 43.2872176041 43.6285318509 44.4938950282 48.3470900903 48.5540771638 59.1884627405
-9999.0 -9999.0 -9999.0 -9999.0 -9999.0 -9999.0 -9999.0 -9999.0 -9999.0 -9999.0 -9999.0 -9999.0 -9999.0 -9999.0 -9999.0 -9999.0 -9999.0 -9999.0 -9999.0 -9999.0 -9999.0 -9999.0 1.30168766541 1.98351999677 0.81365737867 1.26878539098 9.97729408357 11.2518385701 12.435833184 7.14654218462 8.1105377874 9.06914074913 9.9088828641 34.0512136764 34.7974424351 23.4241250884 60.6655171848 61.2808556464 80.6662939095 1.12389665505 0.55682220927 0.429967174141 3.04934052994 3.55518430632 0.320624711985 0.300707285836 41.6535175014 42.3616610612 42.7062723846 0.43760632172 0.625999546757 47.6037703016 0.502517933359 1.54681270152 1.71975407227
-9999.0 -9999.0 -9999.0 -9999.0 -9999.0 -9999.0 -9999.0 -9999.0 -9999.0 -9999.0 -9999.0 -9999.0 -9999.0 -9999.0 -9999.0 -9999.0 -9999.0 -9999.0 -9999.0 -9999.0 -9999.0 -9999.0 0.653742543196 1.29646597481 5.66860970015 6.51087158998 7.57785228168 4.89989738501 6.13330012612 1.0351253381 21.4004239475 22.4014194824 23.3571388595 0.828560818836 21.9854485831 22.7404722602 0.627915556936 77.7420057558 1.22845899479 0.613603303094 1.63324793234 2.1913787545 0.436404294828 0.364449671793 38.1159491605 41.0070872162 41.4156691368 0.424872332818 0.927175551178 1.19273969726 1.4424314796 2.82764022372 0.549970371381 1.26894669499 0.260688311469
