data/baseflow/History/mHMbfrc602
ncols                  80
nrows                 72
xllcorner      4374000.0
yllcorner      5656000.0
cellsize            500
NODATA_value       -9999
[rows 24 to 47 of 72, columns 0 to 54 of 80]
-9999.0 -9999.0 -9999.0 -9999.0 -9999.0 -9999.0 -9999.0 -9999.0 -9999.0 -9999.0 -9999.0 -9999.0 1.44498402732 4.13291424663 5.45116481592 9.43203632268 1.21809683412 2.45774297856 3.60720689183 13.6927159427 14.7146099288 15.6525257011 16.6527826496 17.6520631049 26.8096224858 29.6910610704 31.5100230929 0.795109820631 4.20656761358 4.90996088544 62.0556058114 65.1587205666 66.5390641831 67.9229946446 69.0302503934 248.446878336 0.402531820571 483.355052952 0.814949257741 0.405967789177 4.08271242363 3.4935545275 0.570267838866 1.89336270878 2.83254225003 2.78574537486 1.9432048441 3.17765915291 4.99097130577 1.80422166533 4.44724387109 0.400526338386 0.660500157728 0.125075367805 0.088769753255
-9999.0 -9999.0 -9999.0 -9999.0 -9999.0 -9999.0 -9999.0 -9999.0 -9999.0 -9999.0 -9999.0 -9999.0 1.40446100788 2.77554733799 1.30881597025 2.63726640711 1.21209717811 9.04041688347 11.3889821817 12.5656067835 1.08551582907 2.11909248602 20.0360225253 24.950832644 25.8723131351 1.91629860048 2.00094680057 2.94550611415 0.637247350753 0.593081848516 1.09950253385 0.454497842373 29.2109038268 29.7455458494 30.3211094852 248.924208766 486.474174287 483.728478123 0.617586332293 0.296044264974 0.26898667033 1.26938090112 1.00546388481 2.45489147761 3.39449783174 6.75818219842 0.577243631016 0.573120761144 5.51302721299 6.05878867502 11.3703651942 11.6357358846 12.4203977298 12.6493400454 0.260499081683
-9999.0 -9999.0 -9999.0 -9999.0 -9999.0 -9999.0 -9999.0 -9999.0 -9999.0 -9999.0 -9999.0 -9999.0 -9999.0 1.35113156474 2.70208859277 4.04465484134 6.54036698951 1.29647490848 1.20185285006 7.81467526421 8.92097902878 18.0360783089 19.0956509243 3.01898791401 1.04758307192 0.983137203328 0.852301751588 25.9294415646 26.5731233627 27.2280983886 27.7586523965 28.7180061436 5.53027149583 5.85967813157 36.5155692822 772.097309199 2.22159503422 1.763750843 0.899076925794 0.233414245327 0.211277590353 1.7672938962 1.91948736435 2.88107520149 0.225559904397 7.06743225757 0.985942043529 0.971789350316 0.211164142154 0.128464309883 0.102853723689 0.0844400655954 0.0981804195447 12.7471489846 160.80193603
-9999.0 -9999.0 -9999.0 -9999.0 -9999.0 -9999.0 -9999.0 -9999.0 -9999.0 -9999.0 -9999.0 -9999.0 -9999.0 -9999.0 1.34407911144 2.40334138555 3.31590747872 4.23450859168 5.42274156564 6.63722373238 3.55936316228 5.88371937834 1.06563228855 1.04889216036 21.2315213234 23.2493552328 24.1799741613 25.1801538421 0.722904554125 1.34013495805 3.54359484207 4.3873990067 5.02081466526 0.422193704563 0.208846759571 772.995825925 0.39349804036 0.575043072617 0.356590990945 1.01599805737 0.442917813179 0.261545150789 4.98082101937 5.09912370148 0.105812002187 7.17850398864 8.37831032999 1.36162007707 165.587189327 165.159324263 164.884468041 164.463189302 164.306806687 161.582697201 161.429547715
-9999.0 -9999.0 -9999.0 -9999.0 -9999.0 -9999.0 -9999.0 -9999.0 -9999.0 -9999.0 -9999.0 -9999.0 -9999.0 -9999.0 0.22948095682 0.52743224755 0.908073966791 8.0904609218 9.33302913946 1.2440993908 1.19585136624 1.17440896271 16.9794968372 19.2106198081 1.06296807474 1.07144580256 0.907188548252 3.70940927811 4.59502219362 2.24647919611 2.93713638479 21.3803578779 22.0729320091 23.022124108 36.7089912967 809.94440595 0.422404386186 0.272723593265 1.56189607452 1.24367064834 0.137779739509 0.551429315741 0.691884509517 5.24227040098 5.34960070903 13.9850709211 8.43286072708 1.47137343007 168.540491658 0.898101517741 164.674942062 164.574658742 2.57238045398 0.0670186923791 0.460323605102
-9999.0 -9999.0 -9999.0 -9999.0 -9999.0 -9999.0 -9999.0 -9999.0 -9999.0 -9999.0 -9999.0 -9999.0 -9999.0 -9999.0 1.15643009861 1.89424562877 4.00360644138 6.96656927341 10.128345373 12.4204255658 13.5966764818 14.7826928219 15.9121436635 1.11343685262 1.01870243484 2.01039303061 1.85320814616 0.954554792053 18.5714713463 19.4392819981 20.2266232713 20.9748079361 12.0546843038 12.8723916648 13.4715493986 810.146794023 0.695422016028 0.971545752319 2.74401615428 0.255061756397 0.265542764351 0.132900144337 0.130820730721 0.809962853828 0.0877372427374 0.0929273349517 183.043142082 168.990895871 168.899744619 0.403354959655 0.81079687852 0.534919938786 0.125593923417 2.4225399297 0.669532208214
-9999.0 -9999.0 -9999.0 -9999.0 -9999.0 -9999.0 -9999.0 -9999.0 -9999.0 -9999.0 -9999.0 -9999.0 -9999.0 -9999.0 0.802625412594 0.750166507233 1.47092668066 2.24053723071 1.21040123803 1.34468203914 2.57278627645 3.78755068709 6.06488050758 7.19235504573 8.19652615852 11.2448789531 12.1605864969 13.1383216233 0.936212957833 9.14196873427 9.9173284207 10.6932830316 0.689988816967 0.503826416887 0.823601327227 824.285017654 824.467799645 825.579081857 3.48725812077 0.543313353702 0.620200761172 0.212169260543 0.22237529123 0.903303455532 1.06880576963 0.162879502229 183.432631718 0.114464931579 0.214081611488 0.248519957614 0.154190701287 0.314940170189 0.123895123321 1.61704154396 1.3083278544
-9999.0 -9999.0 -9999.0 -9999.0 -9999.0 -9999.0 -9999.0 -9999.0 -9999.0 -9999.0 -9999.0 -9999.0 -9999.0 -9999.0 -9999.0 0.715288461673 1.41097903372 0.707606252835 1.47286475929 9.10534724004 10.153713118 11.3511234488 1.14221803577 1.13293282364 2.14055727862 3.16904699868 4.97526649302 5.9121041742 6.48604578589 7.35582722438 0.726024822767 0.728499469535 12.1126345404 12.5804336917 12.8582793523 13.1062339304 10.2411667678 836.773077285 841.648218747 841.850529051 842.626635988 843.479967974 843.770069705 0.073848484939 1.14268511855 183.497260287 0.163714204826 0.084182578952 0.0854955217819 0.0846761875355 0.153311417935 0.170394940223 0.0990815110243 0.159954204978 0.15900938086
-9999.0 -9999.0 -9999.0 -9999.0 -9999.0 -9999.0 -9999.0 -9999.0 -9999.0 -9999.0 -9999.0 -9999.0 -9999.0 -9999.0 -9999.0 -9999.0 2.09348136212 2.83309385387 5.02469617422 6.79576453846 0.96566729717 13.5535103991 14.6739296968 15.7634865043 1.04012514087 2.04842424269 0.894732266154 6.7910344178 7.30629584753 8.1433559944 9.04981552638 11.1049980211 11.4671581516 0.229973974329 9.35288722751 9.81865264662 10.0226109329 10.9982453889 1.19926328322 0.742641351872 0.453102649467 0.409544481622 844.293826911 844.385525928 845.968523816 183.551062445 0.45278515493 0.23761002232 0.156166887864 0.0567774466279 0.510352804171 0.283213275583 0.0896134354229 0.516899705734 0.441712721465
-9999.0 -9999.0 -9999.0 -9999.0 -9999.0 -9999.0 -9999.0 -9999.0 -9999.0 -9999.0 -9999.0 -9999.0 -9999.0 -9999.0 -9999.0 -9999.0 0.748468586114 3.56586477453 4.33997865484 1.04237363128 1.21625904417 2.43285312425 3.54790603188 20.4114364423 1.03036079951 4.13601385916 5.0544517419 5.95401219327 0.576837217885 1.33220335075 1.80993976467 7.49685997853 8.44051149657 8.64442820617 0.246707178746 0.239445634164 0.293091511143 0.546002010275 0.258824657297 0.277527057125 0.233173776996 0.304953358608 0.117416492987 0.381176390192 846.07438545 1029.87944617 0.780502904139 0.199601625306 0.069055586442 1.66747241169 1.54292115185 0.944462545003 0.856141764262 0.649826894019 0.159127880333
-9999.0 -9999.0 -9999.0 -9999.0 -9999.0 -9999.0 -9999.0 -9999.0 -9999.0 -9999.0 -9999.0 -9999.0 -9999.0 -9999.0 -9999.0 0.629100597716 2.05085158305 0.674903889646 1.22809419806 1.32047452981 2.54006536394 3.74544060485 4.73147558086 25.8440656897 26.8407107915 1.02278128301 1.94860112827 2.88641304079 3.52060173366 4.28952880923 6.78244293075 7.2402301614 0.674888876287 0.42702453715 0.210763561004 0.16926417255 0.431267935479 0.408434363756 0.473478040108 0.529413063938 1.03509882535 0.408081529349 0.0918782482588 0.0873906358184 0.0927148894153 0.1738013288 1035.65601715 4.85968423102 1.94652415099 0.137255447591 0.0643627178386 0.0489002617809 0.201084828261 0.146569268593 0.0798228800557
-9999.0 -9999.0 -9999.0 -9999.0 -9999.0 -9999.0 -9999.0 -9999.0 -9999.0 -9999.0 -9999.0 -9999.0 -9999.0 -9999.0 0.665047793299 1.27875970956 4.61570498073 0.645668790365 2.19797051619 3.5048689944 4.73352279228 1.23392445987 2.32675696575 3.18912454043 30.6750457398 0.979804186378 1.86372115216 2.76724089555 0.819821357631 1.6363430735 2.29552847167 2.77213084158 59.2894151735 60.2232865382 61.0371628854 64.0538451205 64.7915400545 66.6939614984 0.991319502179 2.03161509817 1.30444267005 72.6001794845 72.7811580421 0.0800099251024 0.148004303459 0.212468984368 1035.70543759 4.5496630478 2.20559065375 2.11667745233 1.49256206727 1.27074946086 0.265464307268 0.0590658817375 0.129620242584
-9999.0 -9999.0 -9999.0 -9999.0 -9999.0 -9999.0 -9999.0 -9999.0 -9999.0 -9999.0 -9999.0 -9999.0 -9999.0 -9999.0 0.677079526363 2.04592644371 7.32750488146 10.7884315575 0.570096587171 14.1286525063 19.5543095912 1.17345405243 2.25692003848 3.18857287738 39.6248763289 40.3303918341 0.779899782861 4.34871126527 5.066585529 5.78305973643 53.6426078629 55.298925935 56.0324130619 0.334469342086 2.06388257076 2.42421334428 0.826972834448 1.1724539157 68.3061589098 70.7737984858 70.9927615376 71.1939790711 72.9798580702 0.0968405622954 0.0815360414878 0.356454989316 1035.77124239 0.298770669355 0.285927638732 0.557054401559 0.16085469146 1.16318550859 0.859626047844 0.510068815668 0.376194531768
-9999.0 -9999.0 -9999.0 -9999.0 -9999.0 -9999.0 -9999.0 -9999.0 -9999.0 -9999.0 -9999.0 -9999.0 -9999.0 -9999.0 -9999.0 -9999.0 1.41596364314 2.84457197685 12.7607787047 13.470114808 20.1697340461 20.8657963378 1.13216768532 2.25920565539 5.20785532301 40.90108532 42.4633870406 43.0824210283 0.470991301212 45.4098970834 47.1938212814 1.03188673948 0.339656030649 0.678126133243 1.28570618804 0.288859879841 0.547861592702 1.18590905812 1.43072620069 0.246607263889 0.15183650555 0.292248504009 74.4309621765 74.9131308255 74.9819256754 75.5472233382 1035.8287366 0.218751222683 0.243924209839 0.114503183329 0.115842343244 0.118844431284 0.103262096121 0.193675916214 0.0459612940494
-9999.0 -9999.0 -9999.0 -9999.0 -9999.0 -9999.0 -9999.0 -9999.0 -9999.0 -9999.0 -9999.0 -9999.0 -9999.0 -9999.0 -9999.0 -9999.0 0.737860587026 0.721835044348 0.706828051963 1.44952732799 0.620807579827 22.0990238694 22.7264399567 1.00530020631 2.03142796586 1.00924759645 0.76838786685 0.744577812661 44.4516779495 0.629384188481 1.25128926177 0.539609357226 0.38168139828 0.320103811956 0.230918001462 0.241324641453 0.720375621868 0.987156161521 0.175041224524 0.149780919959 0.319444689795 0.533627206466 0.752290660522 0.252624846767 75.115865457 75.6205765604 1035.8674608 0.750987819827 0.459164100345 0.0721095626992 0.176517909605 0.0619322330454 0.0475851771957 0.245246845989 0.246918127001
-9999.0 -9999.0 -9999.0 -9999.0 -9999.0 -9999.0 -9999.0 -9999.0 -9999.0 -9999.0 -9999.0 -9999.0 -9999.0 -9999.0 -9999.0 -9999.0 -9999.0 -9999.0 0.710269202891 2.09754906934 2.66274923662 3.26373279379 23.3072157544 23.8950173918 24.4848245206 25.2240396281 25.9528887982 27.4654754977 28.0561985293 28.6583453509 29.111143286 0.353382297192 0.316272044678 0.324796860366 1.05251229512 0.271723140236 0.247662010881 0.190914773281 0.534563421345 0.203127738649 0.148796682242 0.13751748601 0.111549242052 0.222623408579 0.318752208337 76.2752036855 1112.93783417 0.0694467435537 0.124434238437 0.0613428394314 0.329541969596 0.338602978244 0.0956647579447 0.698245542437 0.419990342583
-9999.0 -9999.0 -9999.0 -9999.0 -9999.0 -9999.0 -9999.0 -9999.0 -9999.0 -9999.0 -9999.0 -9999.0 -9999.0 -9999.0 -9999.0 -9999.0 -9999.0 -9999.0 -9999.0 0.591385656287 4.67984304496 9.21327010805 9.83909623642 0.927644389024 1.9219411534 2.96471028683 3.85192954109 9.54399625144 9.95862918852 0.39490195755 0.369810959558 30.0873887456 30.8088527007 31.0927999475 1.24339544205 0.157993347818 0.398169973023 0.584787637707 1.73678793475 2.12202646449 2.40875616194 0.262361060076 0.364266081434 0.121427078121 0.242261610071 0.11961838603 1113.13490275 0.0533029786852 0.235254180386 0.111624435466 0.492129222474 1.25291327184 1.38012381114 2.11314812106 0.530004544854
-9999.0 -9999.0 -9999.0 -9999.0 -9999.0 -9999.0 -9999.0 -9999.0 -9999.0 -9999.0 -9999.0 -9999.0 -9999.0 -9999.0 -9999.0 -9999.0 -9999.0 -9999.0 0.659040491898 2.100277172 4.10410778415 5.35489166635 13.6616546598 14.4290637962 2.13485209298 3.18208519917 4.08071184635 4.9684527105 10.4804362683 11.3247018434 20.6067619457 21.3424115956 21.8543224319 31.3554220158 33.1754063971 0.388219526306 0.262000987056 0.245015012682 0.453037883822 0.198286078039 2.78901943133 2.9266230141 0.492396239135 0.76468131212 0.319501443417 220.634912658 220.894745526 1334.12750721 1334.42792425 0.0661080172682 0.629226675737 0.239875054468 0.14098552982 2.44727654104 3.04216792209
-9999.0 -9999.0 -9999.0 -9999.0 -9999.0 -9999.0 -9999.0 -9999.0 -9999.0 -9999.0 -9999.0 -9999.0 -9999.0 -9999.0 -9999.0 -9999.0 -9999.0 -9999.0 -9999.0 0.751056438827 0.726472223996 1.37246791182 3.24478084455 15.0304876215 1.09066482582 1.07666229449 1.96678432447 2.87810857755 7.23755500926 7.97040826997 0.522934163109 0.452399357704 22.2578971266 22.5539869205 56.1976512162 56.5616844554 0.132619123968 0.116474432279 0.0938271993314 0.0947076111829 0.105136341383 217.626965433 218.485191604 219.374906999 219.877640394 220.406913256 0.138025453633 0.513613218909 0.59921491812 1335.19480764 1335.22275605 1335.24103764 1335.37055905 1335.55339255 3.35267387562
-9999.0 -9999.0 -9999.0 -9999.0 -9999.0 -9999.0 -9999.0 -9999.0 -9999.0 -9999.0 -9999.0 -9999.0 -9999.0 -9999.0 -9999.0 -9999.0 -9999.0 -9999.0 -9999.0 -9999.0 0.665925556184 0.697291841692 1.2867088911 17.5361423528 18.1816357341 1.06359468041 1.95337484284 2.87744471886 3.68921417811 0.755150589884 1.35055195486 44.6446527156 44.9946450379 45.4916736731 47.9986131433 104.799847201 211.937220899 212.273901556 212.563584087 212.843385473 214.14510774 214.561567337 0.744944068312 0.327609477662 0.189889975557 0.355520293588 0.259129188416 0.407621005098 0.120306043603 3.25640967761 3.66105631624 3.92993305771 3.96920583431 1335.58420404 1339.03795236
-9999.0 -9999.0 -9999.0 -9999.0 -9999.0 -9999.0 -9999.0 -9999.0 -9999.0 -9999.0 -9999.0 -9999.0 -9999.0 -9999.0 -9999.0 -9999.0 -9999.0 -9999.0 -9999.0 -9999.0 -9999.0 0.678383113096 1.29390064692 1.91262197419 18.6929099 0.734792435196 25.8100427352 26.7657897928 27.5643875485 28.2438217043 42.116377353 42.7373553048 0.328728778029 1.9063742497 2.24896114588 0.320173353556 106.812880704 106.241151677 0.170144862219 0.391450578569 1.05155611807 0.23353395705 0.241383894534 0.170881910404 0.141716384781 0.111107054898 0.126327450811 2.86276395862 2.99025942595 3.15719330335 0.334365300164 0.216122979921 4.04840091335 4.0979695012 4.12828535281
-9999.0 -9999.0 -9999.0 -9999.0 -9999.0 -9999.0 -9999.0 -9999.0 -9999.0 -9999.0 -9999.0 -9999.0 -9999.0 -9999.0 -9999.0 -9999.0 -9999.0 -9999.0 -9999.0 -9999.0 -9999.0 0.617479330791 0.573950928007 2.98106298745 22.8718254338 24.2020556085 24.918683493 0.959537049011 11.9952760858 12.7711274974 13.1282817969 0.572546986712 0.969231257649 1.28459357787 25.4961310656 25.7420835522 25.9471507386 105.872014199 62.9625017638 0.214441485068 0.22428783894 0.215278459979 0.164545780646 1.81760924411 2.14045932283 2.42388686891 2.57801818028 2.72614688503 25.2498759887 25.3908342058 25.6586537821 26.1662521814 27.5396996073 27.5819598989 31.7510431435
-9999.0 -9999.0 -9999.0 -9999.0 -9999.0 -9999.0 -9999.0 -9999.0 -9999.0 -9999.0 -9999.0 -9999.0 -9999.0 -9999.0 -9999.0 -9999.0 -9999.0 -9999.0 -9999.0 -9999.0 -9999.0 -9999.0 1.20282828079 1.83426073215 0.652803421377 1.08720926409 8.5475364852 9.54350379137 10.2537064841 5.20219903861 5.908975747 6.61235211778 7.00959960979 24.9397107448 25.295180186 16.2439823802 42.4599786616 42.7087701974 62.786938022 0.471925196891 0.2390109063 0.166650922856 1.28291990307 1.49695162876 0.121624736092 0.112674853449 24.7505369971 25.0230543143 25.1519329585 0.205661383622 0.338543446382 27.3552090017 0.0722077036458 0.322538597945 0.355594251533
-9999.0 -9999.0 -9999.0 -9999.0 -9999.0 -9999.0 -9999.0 -9999.0 -9999.0 -9999.0 -9999.0 -9999.0 -9999.0 -9999.0 -9999.0 -9999.0 -9999.0 -9999.0 -9999.0 -9999.0 -9999.0 -9999.0 0.601006930658 1.18836715214 4.97485234323 5.65264330798 6.49483011962 3.73063461932 4.48717425316 0.732102192771 16.3901026611 17.0244104509 17.5820507952 0.414087767773 15.5873104354 15.9572225833 0.261199909607 61.545723277 0.540898967995 0.268899432242 0.705766359683 0.945622405945 0.174772224344 0.142456751805 23.2811779931 24.5046040538 24.6643071559 0.167743061153 0.369163559899 0.462262603221 0.573612708531 1.02036336137 0.120453889374 0.267039283418 0.0500552583457
