data/baseflow/History/mHMbfrc376
ncols                  80
nrows                 72
xllcorner      4374000.0
yllcorner      5656000.0
cellsize            500
NODATA_value       -9999
[rows 0 to 23 of 72, columns 0 to 54 of 80]
-9999.0 -9999.0 -9999.0 -9999.0 -9999.0 -9999.0 -9999.0 -9999.0 -9999.0 -9999.0 -9999.0 -9999.0 1.24352950384 0.975556921005 -9999.0 -9999.0 -9999.0 -9999.0 -9999.0 -9999.0 -9999.0 -9999.0 -9999.0 -9999.0 -9999.0 -9999.0 -9999.0 -9999.0 -9999.0 -9999.0 -9999.0 -9999.0 -9999.0 -9999.0 -9999.0 -9999.0 -9999.0 -9999.0 -9999.0 -9999.0 -9999.0 -9999.0 -9999.0 -9999.0 -9999.0 -9999.0 -9999.0 -9999.0 -9999.0 -9999.0 -9999.0 -9999.0 -9999.0 -9999.0 -9999.0
-9999.0 -9999.0 -9999.0 -9999.0 -9999.0 -9999.0 -9999.0 -9999.0 -9999.0 -9999.0 -9999.0 -9999.0 2.49630922653 5.35917887343 0.835187022963 -9999.0 0.663700060631 -9999.0 -9999.0 -9999.0 -9999.0 -9999.0 -9999.0 -9999.0 -9999.0 -9999.0 -9999.0 -9999.0 -9999.0 -9999.0 -9999.0 -9999.0 -9999.0 -9999.0 -9999.0 -9999.0 -9999.0 -9999.0 -9999.0 -9999.0 -9999.0 -9999.0 -9999.0 -9999.0 -9999.0 -9999.0 -9999.0 -9999.0 -9999.0 -9999.0 -9999.0 -9999.0 -9999.0 -9999.0 -9999.0
-9999.0 -9999.0 -9999.0 -9999.0 -9999.0 -9999.0 -9999.0 -9999.0 -9999.0 -9999.0 1.25333630199 1.20504314148 1.23124567833 1.19614379128 7.65705928783 8.57119128041 1.87021493657 0.597160675979 -9999.0 -9999.0 -9999.0 -9999.0 -9999.0 -9999.0 -9999.0 -9999.0 -9999.0 -9999.0 -9999.0 -9999.0 -9999.0 -9999.0 -9999.0 -9999.0 -9999.0 -9999.0 -9999.0 -9999.0 -9999.0 -9999.0 -9999.0 -9999.0 -9999.0 -9999.0 -9999.0 -9999.0 -9999.0 -9999.0 -9999.0 -9999.0 -9999.0 -9999.0 -9999.0 -9999.0 -9999.0
-9999.0 -9999.0 -9999.0 -9999.0 -9999.0 -9999.0 -9999.0 -9999.0 -9999.0 1.21882032401 2.46846171917 4.88710348224 2.38759876047 1.16568187462 2.31032940648 9.70873468153 13.0572561839 0.696622301479 -9999.0 1.20318489738 -9999.0 -9999.0 -9999.0 -9999.0 1.3006004533 0.656439653059 -9999.0 -9999.0 -9999.0 -9999.0 -9999.0 -9999.0 -9999.0 -9999.0 -9999.0 -9999.0 -9999.0 -9999.0 -9999.0 -9999.0 -9999.0 -9999.0 -9999.0 -9999.0 -9999.0 -9999.0 -9999.0 -9999.0 -9999.0 -9999.0 -9999.0 -9999.0 -9999.0 -9999.0 -9999.0
-9999.0 -9999.0 -9999.0 -9999.0 -9999.0 -9999.0 -9999.0 -9999.0 1.30975385626 3.78309355921 4.96304347393 6.1625284303 8.43459984742 1.14039689099 4.54776324829 5.66781142865 20.5694196999 1.00465645771 1.08107041551 2.31327712159 3.3979569624 1.11566373988 -9999.0 3.4865847083 2.85708285744 0.812877321091 -9999.0 -9999.0 -9999.0 -9999.0 -9999.0 -9999.0 -9999.0 -9999.0 -9999.0 -9999.0 -9999.0 -9999.0 -9999.0 -9999.0 -9999.0 -9999.0 -9999.0 -9999.0 -9999.0 -9999.0 -9999.0 -9999.0 -9999.0 -9999.0 -9999.0 -9999.0 -9999.0 -9999.0 -9999.0
-9999.0 -9999.0 -9999.0 -9999.0 -9999.0 -9999.0 1.35049773185 1.26092591494 1.20843312945 1.21969309296 1.22499198844 8.63072636219 18.2547145627 19.4358099399 20.4813940685 1.01441441988 22.6463429783 23.7232164844 2.17857758753 1.09206508784 4.46629964951 7.76786178294 1.08619369496 6.72698407265 1.17075547851 1.13779780391 1.22700661882 -9999.0 -9999.0 -9999.0 -9999.0 -9999.0 -9999.0 -9999.0 -9999.0 -9999.0 -9999.0 -9999.0 -9999.0 -9999.0 -9999.0 -9999.0 -9999.0 -9999.0 -9999.0 -9999.0 -9999.0 -9999.0 -9999.0 -9999.0 -9999.0 -9999.0 -9999.0 -9999.0 -9999.0
-9999.0 -9999.0 -9999.0 -9999.0 -9999.0 -9999.0 2.67807782873 3.95826816726 8.97949416393 12.5762890047 1.14793986003 1.18199525222 1.14045762518 3.35037491357 24.8909167054 1.01218133625 24.7868399011 28.8905601802 3.22278269829 2.12059757416 8.80619496981 1.09333577066 7.81204385522 2.2006616824 1.10586769877 2.21908302163 2.37424937218 1.15452387354 1.16507137868 1.15245594677 1.18939738995 2.3884338493 -9999.0 -9999.0 -9999.0 -9999.0 -9999.0 -9999.0 -9999.0 -9999.0 -9999.0 -9999.0 -9999.0 -9999.0 -9999.0 -9999.0 -9999.0 -9999.0 -9999.0 -9999.0 -9999.0 -9999.0 -9999.0 -9999.0 -9999.0
-9999.0 -9999.0 -9999.0 -9999.0 -9999.0 1.39221007993 2.72500226559 1.31691204685 2.57867856371 13.8415204725 16.2118708471 18.5795395947 58.3253027886 1.10450806631 25.9995320377 92.7185021134 93.501853448 123.712897242 0.852866709539 3.15551350027 9.85091816007 1.03923203513 20.06064637 11.1854134167 6.82524854072 5.72004491008 1.18611338726 3.43750319619 3.42506178035 2.28798392738 1.13081167445 3.54650827301 1.13240912541 1.12664893543 -9999.0 -9999.0 -9999.0 -9999.0 -9999.0 -9999.0 -9999.0 -9999.0 -9999.0 -9999.0 -9999.0 -9999.0 -9999.0 -9999.0 -9999.0 -9999.0 -9999.0 -9999.0 -9999.0 -9999.0 -9999.0
-9999.0 -9999.0 -9999.0 -9999.0 -9999.0 1.39599537038 4.09046034721 8.14319650868 9.41662135652 18.6318248899 19.8560259478 23.625899916 38.6310461955 61.4642432061 63.6711076895 64.6884250272 1.95664050529 127.165680358 128.942667551 134.127154995 168.277714247 23.243316279 21.1532521127 7.91313364561 1.07853053062 6.75484323048 4.53038087582 1.06308972961 4.50237172487 1.04635084145 2.14554480633 5.74595460475 6.85107966974 2.22782951077 1.09665446127 1.09802405256 -9999.0 -9999.0 -9999.0 -9999.0 0.694669794849 0.59105331746 -9999.0 -9999.0 -9999.0 -9999.0 -9999.0 -9999.0 -9999.0 -9999.0 -9999.0 -9999.0 -9999.0 -9999.0 -9999.0
-9999.0 -9999.0 -9999.0 -9999.0 -9999.0 1.37411247386 1.32308671811 5.37075271175 6.65226581426 7.96146240045 1.27175648572 2.5304217052 14.1565019298 2.53799238272 1.20612620372 1.14157958711 1.05315876638 1.14135915443 1.12086222459 1.12606298778 169.365492551 172.520893779 1.04094138874 3.18247654674 2.15038193979 7.81832186351 2.13578859943 1.04950102631 5.59477921219 2.05399826119 4.8962531172 12.1699802063 11.2529158868 3.31035950417 3.26854772608 1.10453489644 1.10499201523 -9999.0 -9999.0 1.10202316043 1.59048580689 3.41944169557 0.624288237699 -9999.0 -9999.0 -9999.0 -9999.0 -9999.0 -9999.0 -9999.0 -9999.0 -9999.0 -9999.0 -9999.0 -9999.0
-9999.0 -9999.0 -9999.0 -9999.0 -9999.0 -9999.0 1.38358502411 1.36476462436 2.68265392592 3.99507211077 9.12562593786 11.692474237 12.968240634 1.34071036531 1.13653749095 14.5384314108 17.9299156124 19.0278929827 23.5447798194 24.6260446737 1.07881132512 173.597915621 178.843377136 4.18455160476 0.865091348562 8.81654936367 19.6345549168 7.6775265686 2.06960225485 1.03556667795 19.0985015462 13.2209665147 1.02953266516 1.04109180222 4.3211513446 3.27264599901 1.06881015256 1.06714363336 1.08263416258 2.16902392546 1.06479063849 4.16284037382 5.20903545417 1.05332459372 -9999.0 -9999.0 -9999.0 -9999.0 1.14971353309 1.11658639597 0.293101950348 -9999.0 -9999.0 -9999.0 -9999.0
-9999.0 -9999.0 -9999.0 -9999.0 -9999.0 -9999.0 -9999.0 1.37168678506 1.25361391275 2.56999620576 3.87487010299 1.29418926862 1.21668241482 7.47872403267 9.86515692694 12.2810169206 1.15092994445 2.30676982708 1.13624848433 25.7149284944 56.4829921009 57.1808610119 237.969809046 1.05724577334 2.59911870305 0.840815259627 20.6571941418 1.02538387197 3.11817520838 1.0271964535 20.1238450664 21.1448555651 2.06336256463 2.06481143658 10.8085539788 5.41777655967 2.14767571629 1.08330008362 2.16773530408 3.24090009414 5.33679825827 1.03806235999 7.35935640423 8.42903175474 0.993683406647 1.02802594115 1.08262849225 1.03318381688 1.00281566067 3.3233676686 1.24394260202 0.825405622045 -9999.0 -9999.0 -9999.0
-9999.0 -9999.0 -9999.0 -9999.0 -9999.0 -9999.0 -9999.0 -9999.0 2.60671871562 3.83169776692 1.28765317061 2.59261361838 3.83450184614 6.32732504045 1.27022059851 1.24077276662 1.13568675861 1.14976270021 1.09301587019 28.5642544695 1.15060190023 2.27552981443 241.082270991 243.702199876 1.46711468556 5.49678599668 27.2322905117 2.03622636087 4.09087192996 1.96956971408 2.93763287949 25.156119651 3.04280760458 15.8721430672 12.8349663193 1.02205712873 5.30944897468 2.13082602767 3.20376869389 1.03938598572 6.37477410387 8.45980387788 9.42210808807 10.3576066716 12.2461735091 1.91557053669 2.00774247632 1.91957771683 1.85009209128 4.25615157706 0.909750470216 2.98380673395 3.8477358886 -9999.0 -9999.0
-9999.0 -9999.0 -9999.0 -9999.0 -9999.0 -9999.0 -9999.0 -9999.0 1.33606350893 6.48343413697 7.75291310277 1.27291591142 2.51299090883 1.24042101337 1.19441417965 1.17683278314 14.4386797644 19.2604278681 23.6335843004 27.828675711 1.06877557577 1.13645361359 1.36495499037 248.93204109 251.589194212 252.980439122 36.9492318113 8.253298956 7.13201959795 0.957682604763 3.8839403193 30.0015515953 0.957253308586 16.8394782668 1.01035336269 6.82512759518 6.36763241416 1.03790621074 4.23242908699 2.06514866026 3.08043202841 1.03658979958 0.92833456277 11.2866686827 12.1716035711 13.1294088929 2.92912869815 2.81629522459 2.73742863035 5.18641912377 7.01027942157 0.908344705323 4.72931884294 0.911423868148 1.78217178229
-9999.0 -9999.0 -9999.0 -9999.0 -9999.0 -9999.0 -9999.0 -9999.0 -9999.0 1.34279769767 9.05141560236 10.3202416958 3.76695148333 6.24427364817 8.6275314224 9.81635067553 1.19728940687 3.68311259381 2.42099589662 1.20280497362 1.21106572868 1.14784462948 2.34038266306 4.12312357855 1.56405224594 292.796384534 294.26201111 1.40284580163 1.04869293298 1.93593086135 2.90378478158 32.8651282165 1.90067044201 17.7514747329 10.635914754 8.69509014637 1.01319595161 2.03768114761 5.21522192349 0.978640114002 4.04449349859 1.99471872179 1.68841773658 0.771297268813 14.5651611473 28.4661658857 3.64628997401 3.5489866379 3.56773571215 0.819765919123 7.82815636653 0.806827342909 6.44993627438 0.850438994969 2.64135682665
-9999.0 -9999.0 -9999.0 -9999.0 -9999.0 -9999.0 -9999.0 -9999.0 -9999.0 -9999.0 1.25536925284 12.8485508052 1.2520113344 2.49372223613 3.6617545342 6.0198726158 1.21063747567 2.48763046736 1.22508536598 1.19328154366 1.14533309958 2.27645538693 1.07563330808 1.28719915664 2.81236954369 1.56813353083 295.618691752 298.381148266 302.299212072 4.04695766957 0.972966220893 1.93997621639 33.8393424806 33.1761896656 12.6199286484 0.98580030961 4.0378942744 3.03577044163 6.20024821826 1.96044226804 7.97202783146 2.95397036822 2.58030828637 0.640495094171 0.804176881585 29.3776577782 30.2158322828 38.1782473282 6.08348110229 1.66997675112 8.68786087082 10.3357244619 17.5846220247 1.68374450616 0.813988667507
-9999.0 -9999.0 -9999.0 -9999.0 -9999.0 -9999.0 -9999.0 -9999.0 -9999.0 -9999.0 -9999.0 0.654842621739 14.3057027384 1.22064738255 2.3888416021 10.8012221853 1.23919688601 1.23769631057 1.14101427199 2.36003648578 1.15191869472 4.57809448407 6.74067499487 7.78056271584 3.90348715598 5.19411094006 1.43719109105 1.5655541937 1.40815327445 308.538083011 311.571742607 34.7657955139 34.9777664698 34.0847075068 1.87689299519 0.92377308611 4.98357185005 13.0812534596 7.153898648 2.91088727749 11.8102707696 5.5305195517 4.63401553362 1.30146697969 0.580974933301 0.562234340849 0.635482064643 41.0152348489 49.5893513918 0.810442501789 0.773892655657 0.810068683478 18.3832830541 20.842771328 1.53369722166
-9999.0 -9999.0 -9999.0 -9999.0 -9999.0 -9999.0 -9999.0 -9999.0 -9999.0 -9999.0 -9999.0 0.610307785694 15.8147709572 19.5565712605 1.1780626518 13.1651855711 1.17599158463 1.13833646603 2.26845151181 5.7669083129 1.13117635416 1.1626131806 1.07123448106 9.9241704962 10.9652131976 17.2421584216 19.7901027633 21.094873528 22.4629963408 23.8088122886 336.663459766 373.818721581 411.04814067 412.038324114 1.07574547181 0.948487395772 14.9748596207 14.0348110978 0.93975700426 0.930784516275 12.6963225234 19.1480305857 0.836810294464 9.41964813915 8.65266197673 2.58833651315 1.29873493009 2.05327517448 0.888472019025 51.1943590976 0.809045621842 2.37281847221 3.05924180126 26.0996493447 28.2316984467
-9999.0 -9999.0 -9999.0 -9999.0 -9999.0 -9999.0 -9999.0 -9999.0 -9999.0 -9999.0 -9999.0 1.31709460669 2.5529704131 20.77830057 23.0856742497 1.1612838679 15.237730257 1.07094847156 3.26203067368 6.85180118759 2.22160474324 1.08814957431 2.21075603646 1.01387983735 1.99877207931 0.995163864176 0.952044362218 0.866713186767 0.815527408672 0.856467823387 0.958612328735 1.16960103495 1.31534122111 1.42936779311 415.671810759 19.2930983732 17.2384129424 1.07594522345 2.77687674661 0.71785513742 0.573675896787 20.0377809222 32.1015019168 10.3428221769 7.40150550751 1.39863175601 0.644041946325 0.611668566142 1.37646503022 53.3709666284 54.8910227297 0.782109996485 0.791606050226 0.761934087581 0.628011204549
-9999.0 -9999.0 -9999.0 -9999.0 -9999.0 -9999.0 -9999.0 -9999.0 -9999.0 -9999.0 -9999.0 -9999.0 1.21397680237 15.6158425277 39.8878097541 43.4439809722 59.7557759822 60.6390245587 15.3798836939 11.2741635757 3.32601931489 1.07990104409 4.35313551432 5.40502491839 8.40860008603 2.01756005988 1.93661084069 1.86149837052 3.65151278059 1.82083273872 1.89812382467 0.867072026854 0.729008095131 0.931397223685 416.832785841 436.709656374 437.821813071 1.12462929275 8.12336865667 3.14377743571 0.938112996505 34.8860825803 1.91230452185 0.97560927555 3.93328163238 0.895934118656 0.867069461524 1.65125229551 2.35840563708 3.11367382867 56.2408392085 0.650041522267 0.587098597143 0.589890363231 0.516021013301
-9999.0 -9999.0 -9999.0 -9999.0 -9999.0 -9999.0 -9999.0 -9999.0 -9999.0 -9999.0 -9999.0 1.2857726338 11.8657275081 14.4049945789 2.40906224563 0.702391410237 1.68115081939 63.4422870327 64.4006788918 80.6471425168 1.04301673089 2.11648749839 0.997645462111 1.01004206035 9.40516123751 12.4179516133 15.307980748 0.942173599428 4.59256058946 7.34045246721 4.56762121907 1.7737946552 1.55275805173 1.63369449725 1.70477804872 1.02177100669 438.820372707 439.734366218 449.72187794 1.70698267419 0.865958316099 35.4930330071 1.98748047636 1.00886627928 1.03151242656 1.02228415914 0.981867008451 1.85962483517 5.3600526124 9.26632032803 66.1582490271 0.512209502461 1.54949277603 1.0532575058 0.942065188556
-9999.0 -9999.0 -9999.0 -9999.0 -9999.0 -9999.0 -9999.0 -9999.0 -9999.0 -9999.0 -9999.0 1.3074396952 8.09607647119 1.28756234205 1.2005108923 5.96073254915 7.06543543159 8.19500866677 9.29853965608 109.618363445 110.53444202 112.517362388 126.964307389 130.04181076 131.903318589 132.926765136 150.573000925 153.066040244 154.002855878 162.330528995 167.876723635 168.788521909 172.062392345 2.50327629697 2.44967260894 0.765117960287 0.857123411449 440.691745127 453.299000286 2.65288566731 40.6522209165 39.8751788267 3.82854727203 0.941514404032 0.943662882244 0.923743884626 0.911485970889 1.83540243253 2.71128754593 0.863261198769 66.783290557 67.4361349775 70.6152035637 71.1728320793 72.6407369886
-9999.0 -9999.0 -9999.0 -9999.0 -9999.0 -9999.0 -9999.0 -9999.0 -9999.0 -9999.0 -9999.0 4.12303088854 5.46251635949 2.59557110616 3.83948731125 1.23173050219 14.0282758767 15.1944264803 17.5183603624 18.566271179 7.84830968476 121.902663241 122.828589346 1.04026542778 0.850277059284 0.784943443964 1.67985329006 0.845620659015 0.72880681682 0.69912547289 0.738226297336 169.64170821 172.934268853 176.250983018 179.439545388 182.561193807 1.54530447897 0.613181355745 496.440077411 42.2497651075 41.4509616609 0.884100706593 0.846976852557 0.804468490762 1.75084071447 1.73407704345 0.814656193124 0.816999892164 0.790638495982 1.64653616254 2.2476373173 0.47208144857 0.874769413616 0.379021956675 0.301652336973
-9999.0 -9999.0 -9999.0 -9999.0 -9999.0 -9999.0 -9999.0 -9999.0 -9999.0 -9999.0 -9999.0 -9999.0 2.77689606707 1.32202940159 1.26202656702 11.7101102004 12.8968530776 1.19173168097 4.75422894255 5.87929461916 6.93776521019 1.1238271507 1.04038657047 19.8888685548 20.8108184841 21.7045476541 55.6322495374 56.3950779882 57.7874720089 63.717471092 67.7357390937 68.3967113332 0.629059986299 0.645686417976 0.633456458472 183.922562129 0.688363900528 505.055235865 503.965390895 6.68950310229 5.76638665104 3.41929622755 0.856202017675 1.61023546265 2.55667559017 2.53823776696 1.60474170721 0.793244076796 1.5726393169 1.57677621833 2.97132493375 0.48421124586 1.38327940373 2.3150533767 2.9507437727
