data/baseflow/History/mHMbfrc517
ncols                  80
nrows                 72
xllcorner      4374000.0
yllcorner      5656000.0
cellsize            500
NODATA_value       -9999
[rows 24 to 47 of 72, columns 0 to 53 of 80]
-9999.0 -9999.0 -9999.0 -9999.0 -9999.0 -9999.0 -9999.0 -9999.0 -9999.0 -9999.0 -9999.0 -9999.0 0.935132344796 2.6213562132 3.42275572117 5.79534387051 0.647186614773 1.32429432057 1.9383479329 7.84640327293 8.38044688579 8.85429835884 9.2854059588 9.74050978487 14.8747055742 16.2752416634 17.0484338169 0.311675298054 2.08343986907 2.37555556456 32.3107869984 33.4735770804 34.0255241295 34.6035027542 35.019839074 133.404389463 0.179472518779 261.701555335 0.319508629224 0.157105019251 1.79367144743 1.55050499015 0.237846553478 0.804072782698 1.23897124393 1.20234970039 0.818391187753 1.34921959235 2.13416288213 0.807673683038 1.99519018905 0.175373458772 0.296564023107 0.0499085461674
-9999.0 -9999.0 -9999.0 -9999.0 -9999.0 -9999.0 -9999.0 -9999.0 -9999.0 -9999.0 -9999.0 -9999.0 0.881492588025 1.74872395794 0.815597132009 1.61772730333 0.67598318307 5.34704355308 6.60342287205 7.2480823332 0.570269471963 1.12747712404 11.3294546801 13.9859840656 14.4802747775 0.903034368072 1.05624559073 1.58287451833 0.254097544157 0.229524105072 0.42553396178 0.181837147789 17.277192662 17.4794176183 17.6293408123 133.627792893 263.31225071 261.874009625 0.239051559217 0.123272786736 0.11064668288 0.489981967755 0.393187515571 1.02247548889 1.47558540748 2.94107679614 0.262833727206 0.260677049283 2.36015158937 2.59626470884 4.98555180703 5.10098958292 5.44967332832 5.5420772875
-9999.0 -9999.0 -9999.0 -9999.0 -9999.0 -9999.0 -9999.0 -9999.0 -9999.0 -9999.0 -9999.0 -9999.0 -9999.0 0.826866345514 1.6562845161 2.49688851204 3.92936710027 0.735988682201 0.650863757731 4.65686492326 5.24282016297 10.2499242263 10.8697350262 1.69220384312 0.509157635961 0.433339029358 0.452272711831 15.9527084416 16.2240407274 16.4907571769 16.7025639713 17.0860583524 2.60485828661 2.74174008449 20.5959925286 417.662371486 1.06576822453 0.785545360672 0.368542002808 0.102798474053 0.0892326375459 0.699122636657 0.762839847981 1.19027734055 0.0865223446642 3.06165053221 0.438729085291 0.430641222078 0.0817931182794 0.0503650225115 0.0421832794287 0.0403058693203 0.0424014720281 5.58511146844
-9999.0 -9999.0 -9999.0 -9999.0 -9999.0 -9999.0 -9999.0 -9999.0 -9999.0 -9999.0 -9999.0 -9999.0 -9999.0 -9999.0 0.787993041687 1.49293734112 2.11033228388 2.71574740031 3.36287520533 4.03366342458 1.929403623 3.25399805013 0.607703343924 0.561351069188 13.631617175 14.6910948969 15.150723304 15.6261397458 0.327171123422 0.588062734876 1.63285598106 2.08021191984 2.38662175783 0.178782547199 0.118935326874 418.209524875 0.24898935469 0.29879030179 0.188141870395 0.4952932175 0.212100586102 0.135677831277 2.04140362948 2.11310461411 0.0494023424167 3.11799497489 3.64431266647 0.573764262546 78.4264564584 78.2874359837 78.1845513197 77.9826013826 77.9055051018 76.5387907691
-9999.0 -9999.0 -9999.0 -9999.0 -9999.0 -9999.0 -9999.0 -9999.0 -9999.0 -9999.0 -9999.0 -9999.0 -9999.0 -9999.0 0.185576973766 0.414462759519 0.640211884363 6.06648875991 6.73418579089 0.68494772184 0.655124143807 0.666415586319 11.2844358924 12.5607004551 0.608298834694 0.604947901443 0.449832557372 1.8996510601 2.35673939308 1.0395525796 1.36577101716 11.4574974346 11.7678388527 12.2144948798 19.0945351817 437.454316586 0.25941090776 0.13474388714 0.80253013205 0.657061302781 0.071673142017 0.28738527803 0.362187044313 2.19273879876 2.2549939956 6.02570665339 3.67031601329 0.645384851672 79.972410209 0.547603161319 78.0936895697 78.0417023801 1.29104970457 0.0431039687101
-9999.0 -9999.0 -9999.0 -9999.0 -9999.0 -9999.0 -9999.0 -9999.0 -9999.0 -9999.0 -9999.0 -9999.0 -9999.0 -9999.0 0.901318150338 1.49577098315 3.08550046868 5.40187338641 7.30936024297 8.75661232655 9.40744268018 10.0748948041 10.7174132033 0.620331796378 0.523315490665 1.0292776761 0.94309165411 0.509974826479 9.99332446835 10.4351134144 10.8267446915 11.196643642 6.15684603208 6.43179847351 6.73252129603 437.591099806 0.44177573275 0.532722677396 1.45582581637 0.157116831597 0.159072583995 0.0864436394869 0.0685282577503 0.433105909688 0.0479989532788 0.0512256247082 86.3049598322 80.2403650995 80.1861025126 0.232881630029 0.467700578173 0.296626344329 0.0617489674518 1.18154035015
-9999.0 -9999.0 -9999.0 -9999.0 -9999.0 -9999.0 -9999.0 -9999.0 -9999.0 -9999.0 -9999.0 -9999.0 -9999.0 -9999.0 0.62951516183 0.600682261732 1.18573709737 1.77689294548 0.790599706277 0.845024810415 1.55844167036 2.2457339013 3.54180726826 4.17561702088 4.67646892601 6.2309452986 6.68255844348 7.22167776132 0.476117716383 4.82353601863 5.19800478266 5.56591637687 0.29831761272 0.223368368179 0.397004677429 445.090016754 445.221188612 445.942686129 1.89620457137 0.323371286736 0.351540384989 0.090412644063 0.119166522809 0.487239697314 0.578425383035 0.0909931892355 86.5399446778 0.0759655590639 0.123013432502 0.138820624217 0.0986855340785 0.186069403383 0.0735860661201 0.821076601623
-9999.0 -9999.0 -9999.0 -9999.0 -9999.0 -9999.0 -9999.0 -9999.0 -9999.0 -9999.0 -9999.0 -9999.0 -9999.0 -9999.0 -9999.0 0.574597988677 1.12509506189 0.541692868248 1.16065680297 6.95001898094 7.57811420647 8.21211737141 0.642269738901 0.638176206715 1.14355306985 1.67826214227 2.55987100304 3.04060619844 3.43298228618 3.91326400107 0.338550458569 0.326771006378 6.38158656002 6.64834426794 6.80647040413 6.95640732226 5.55968529128 452.098191127 454.862978103 454.993197398 455.456774075 455.947917956 456.112026303 0.0403512848363 0.619259736776 86.5786987352 0.0832333173931 0.0428992484204 0.0560428609281 0.0593422300897 0.100926857099 0.0944779930024 0.0570582933866 0.098952759905
-9999.0 -9999.0 -9999.0 -9999.0 -9999.0 -9999.0 -9999.0 -9999.0 -9999.0 -9999.0 -9999.0 -9999.0 -9999.0 -9999.0 -9999.0 -9999.0 1.66817210428 2.21404347263 3.8934733013 5.14754349826 0.667950942219 9.62705418386 10.2457273858 10.7969204784 0.522896349838 1.02201895866 0.422084889637 3.38868595614 3.71493011431 4.25348734885 4.84530736674 5.89357161324 6.13989957836 0.157378813582 4.98940201839 5.28603168035 5.42367347627 6.01768639767 0.737700629772 0.451825585859 0.267594253527 0.220321708369 456.362609668 456.441244484 457.457722441 86.6123475981 0.255483438067 0.143805285818 0.0958382555372 0.0304752684876 0.303985107841 0.162183836897 0.0499637294773 0.291287199562
-9999.0 -9999.0 -9999.0 -9999.0 -9999.0 -9999.0 -9999.0 -9999.0 -9999.0 -9999.0 -9999.0 -9999.0 -9999.0 -9999.0 -9999.0 -9999.0 0.56534037582 2.77386120418 3.36886819033 0.684771950286 0.686591821729 1.42481293776 2.08357723995 13.4602310989 0.522000810539 2.09656092737 2.54457429114 2.9818739442 0.385309364458 0.860714751982 1.09874344847 3.93312615377 4.3901662654 4.53609350438 0.154084263409 0.150568874005 0.177789329703 0.315364297699 0.149734371256 0.159582019616 0.202038674375 0.152609563984 0.165795504262 0.355643875748 457.530496672 544.302974951 0.347496717889 0.137533344566 0.0367438993549 0.975897714222 0.907568365008 0.550525535264 0.496060192855 0.371126834698
-9999.0 -9999.0 -9999.0 -9999.0 -9999.0 -9999.0 -9999.0 -9999.0 -9999.0 -9999.0 -9999.0 -9999.0 -9999.0 -9999.0 -9999.0 0.491306834431 1.56046057275 0.506166973549 0.722981264193 0.752164756646 1.45018777156 2.15333758884 2.72571589138 16.6666226632 17.1551000501 0.505959588665 0.9477659303 1.39722757428 1.75290963873 2.12224777333 3.50161179521 3.76372751293 0.268157629012 0.190231445361 0.156267641302 0.073118134744 0.188071359487 0.18710584782 0.264114827631 0.30011989139 0.63997735642 0.241451584863 0.0680569444332 0.0658194085786 0.0557865318997 0.101585065112 547.595419034 2.86279034758 1.22846233756 0.126538988647 0.0603354323021 0.0367340402872 0.12668140948 0.0856677281155
-9999.0 -9999.0 -9999.0 -9999.0 -9999.0 -9999.0 -9999.0 -9999.0 -9999.0 -9999.0 -9999.0 -9999.0 -9999.0 -9999.0 0.520179498693 0.998922766799 3.52967392048 0.466794830173 1.31932337167 2.04352663633 2.70608711093 0.699533077707 1.27668987465 1.81505995885 19.4069076192 0.469398293363 0.873810762739 1.29559144894 0.402037528024 0.79672324907 1.05709414048 1.29525151424 33.0444913632 33.4195819843 33.8769085218 35.4395368225 35.8183224821 36.723458635 0.537884586136 1.14781138956 0.883862120594 40.0259933287 40.1431608527 0.0587626504581 0.0950859081334 0.129795261789 547.647477664 2.62796942073 1.22819335174 1.1483926895 0.94359725223 0.831084161531 0.166917784804 0.0410042761396
-9999.0 -9999.0 -9999.0 -9999.0 -9999.0 -9999.0 -9999.0 -9999.0 -9999.0 -9999.0 -9999.0 -9999.0 -9999.0 -9999.0 0.531919023204 1.60948744437 5.66684147317 8.36442587383 0.408541924834 10.8359848145 14.0242155805 0.637646246364 1.20456874229 1.75264839557 24.3258738075 24.7250182147 0.31750724103 1.94144971237 2.24441087393 2.56570954871 30.5453444699 31.2103580641 31.5621781982 0.177065009966 1.03485933395 1.27324908872 0.404697752089 0.566518459777 37.4984427035 38.8734540481 38.9870472736 39.0905507039 40.2442337812 0.0487969283792 0.0426592661773 0.206443570801 547.713184584 0.0897123482948 0.0466489034747 0.140382331376 0.0552859803196 0.739755261139 0.60957311104 0.368973772574
-9999.0 -9999.0 -9999.0 -9999.0 -9999.0 -9999.0 -9999.0 -9999.0 -9999.0 -9999.0 -9999.0 -9999.0 -9999.0 -9999.0 -9999.0 -9999.0 1.11654849097 2.23343877265 9.86119604686 10.3974265624 14.4892317973 14.9790985116 0.618986150762 1.23919433266 2.76822555793 25.1044194667 25.7962240928 26.0537192639 0.196009235039 27.0124527301 27.7043705974 0.422487919519 0.166385356445 0.309456330647 0.59941235486 0.144592517992 0.275742728732 0.560373492831 0.688396097202 0.136367844614 0.082881972519 0.157632149113 40.9416519712 41.2560349029 41.2914231231 41.6175220386 547.768779591 0.064831737269 0.0305025630672 0.038141064021 0.0370816810461 0.0382921149017 0.0319257624212 0.0589020490079
-9999.0 -9999.0 -9999.0 -9999.0 -9999.0 -9999.0 -9999.0 -9999.0 -9999.0 -9999.0 -9999.0 -9999.0 -9999.0 -9999.0 -9999.0 -9999.0 0.580222195321 0.563535336675 0.544885830037 1.04955383045 0.450505228235 15.8814807737 16.3212510957 0.534062393123 1.05726277995 0.44735910358 0.336630627743 0.320768939932 26.6101391546 0.235415235184 0.476904347948 0.221378268817 0.167889973725 0.146152489934 0.104820868548 0.110562162261 0.338455307076 0.468179812294 0.0847591917129 0.0727646484303 0.161912494452 0.278943709278 0.39088662513 0.174372838581 41.3685218845 41.6549783684 547.811242795 0.228889051306 0.0916169094837 0.0213308978855 0.0540238395274 0.0173837315771 0.012926158813 0.0731563812267
-9999.0 -9999.0 -9999.0 -9999.0 -9999.0 -9999.0 -9999.0 -9999.0 -9999.0 -9999.0 -9999.0 -9999.0 -9999.0 -9999.0 -9999.0 -9999.0 -9999.0 -9999.0 0.556839091658 1.54519411902 1.96468666469 2.40478546047 16.7577743162 17.2083027818 17.6352241366 18.0743689821 18.3809743233 19.0252723462 19.2406125508 19.4603957945 19.6287074191 0.143508029726 0.130056311772 0.139583937261 0.473905422607 0.127848074156 0.118638902085 0.0868214906099 0.251149869762 0.104077226048 0.0763835310206 0.0695223775145 0.0574836279162 0.114671340573 0.166615309572 41.9959530127 590.078740508 0.0684759353763 0.116555559193 0.0170348143515 0.0725501645492 0.0377064558082 0.0260032399206 0.430339369939
-9999.0 -9999.0 -9999.0 -9999.0 -9999.0 -9999.0 -9999.0 -9999.0 -9999.0 -9999.0 -9999.0 -9999.0 -9999.0 -9999.0 -9999.0 -9999.0 -9999.0 -9999.0 -9999.0 0.443016681052 3.64258578503 7.02709047451 7.47121684306 0.619629690613 1.1572058717 1.68870115991 2.05843712014 4.82812698224 4.98784430145 0.152456914346 0.146483213925 20.0362993258 20.3208886184 20.4341668628 0.552494055539 0.0667111950878 0.182267357069 0.265254628608 0.809080547381 1.00001439939 1.14399739683 0.129216349624 0.178826377164 0.0613749366442 0.123455617065 0.0651017651949 590.19537813 0.0516281878963 0.224822012301 0.0620866173535 0.159052956307 0.532001469229 0.587000415708 1.05043660291
-9999.0 -9999.0 -9999.0 -9999.0 -9999.0 -9999.0 -9999.0 -9999.0 -9999.0 -9999.0 -9999.0 -9999.0 -9999.0 -9999.0 -9999.0 -9999.0 -9999.0 -9999.0 0.509659620648 1.64385907224 3.20658976372 4.17343291892 10.4547340737 10.9858742624 1.13068753212 1.67402458825 2.11196257401 2.47803887345 5.18045056137 5.50274474859 9.8563896425 10.2298012357 10.4961243217 20.5430443783 21.3507936988 0.1718869843 0.124969676295 0.115753927875 0.218032704695 0.0974251175772 1.33551738808 1.40291148157 0.239079600567 0.350830583341 0.16123240208 123.719806504 123.887469803 714.154917085 714.458946337 0.0659298642487 0.297857939419 0.170422665589 0.132543168825 1.28088656935
-9999.0 -9999.0 -9999.0 -9999.0 -9999.0 -9999.0 -9999.0 -9999.0 -9999.0 -9999.0 -9999.0 -9999.0 -9999.0 -9999.0 -9999.0 -9999.0 -9999.0 -9999.0 -9999.0 0.595043036365 0.578791020576 1.07765666522 2.53854875775 11.4555153267 0.58801912442 0.580263530667 0.990409487741 1.43765438697 3.48919178354 3.76835100776 0.244429319676 0.22513360331 10.6735886741 10.7873494601 32.30169654 32.471696516 0.0534942952314 0.0456816225172 0.0372031914457 0.0376202857892 0.0458048646386 122.15070311 122.598417696 123.036603806 123.304155444 123.605023943 0.079910756815 0.290280472901 0.338403494333 714.921670563 714.960034981 714.99331993 715.07084189 715.18221544
-9999.0 -9999.0 -9999.0 -9999.0 -9999.0 -9999.0 -9999.0 -9999.0 -9999.0 -9999.0 -9999.0 -9999.0 -9999.0 -9999.0 -9999.0 -9999.0 -9999.0 -9999.0 -9999.0 -9999.0 0.517737940674 0.548743916507 1.00682911547 13.4125350568 13.867120367 0.564540675146 0.97312212638 1.43462281346 1.81138103006 0.332664842952 0.584607420959 29.7805793381 29.8989182382 30.1101615578 31.3504210076 63.9765978773 119.506845902 119.650800761 119.778175906 119.899201491 120.482867886 120.681790959 0.386345021005 0.168218958762 0.108215965497 0.200536119165 0.145235144716 0.232338284706 0.0721034458518 1.64992872084 1.92531397137 2.13496249403 2.15520338005 715.210180144
-9999.0 -9999.0 -9999.0 -9999.0 -9999.0 -9999.0 -9999.0 -9999.0 -9999.0 -9999.0 -9999.0 -9999.0 -9999.0 -9999.0 -9999.0 -9999.0 -9999.0 -9999.0 -9999.0 -9999.0 -9999.0 0.52889518605 1.00908321652 1.49335244046 14.2627548873 0.425900098879 19.220869483 19.6981912018 20.0423838053 20.3354996629 28.627624891 28.9568260833 0.135082476568 0.861921883816 1.07274830506 0.142577448139 55.3925458775 55.140202536 0.0665760723519 0.162523667871 0.471471081119 0.110555091873 0.125036231774 0.0865580542102 0.0741859501189 0.0549777751415 0.0689084531003 1.42304694502 1.49790632996 1.59183695984 0.230436973949 0.172627721415 2.23806367371 2.27068944475
-9999.0 -9999.0 -9999.0 -9999.0 -9999.0 -9999.0 -9999.0 -9999.0 -9999.0 -9999.0 -9999.0 -9999.0 -9999.0 -9999.0 -9999.0 -9999.0 -9999.0 -9999.0 -9999.0 -9999.0 -9999.0 0.472285611554 0.440277017472 2.29838081141 17.480511958 18.3692817763 18.8093984839 0.4064945956 7.29636349786 7.6345917865 7.82729386809 0.278770157136 0.441797976147 0.577151895501 12.2922093457 12.395512457 12.4802627849 54.9939436884 34.7684964777 0.0905692986257 0.105777897862 0.100094830477 0.0777868667596 0.853311846266 1.02696538334 1.17577724905 1.26350106564 1.34717474304 12.2928166828 12.3545801564 12.4914067559 12.7522460486 13.6565805659 13.6784184386
-9999.0 -9999.0 -9999.0 -9999.0 -9999.0 -9999.0 -9999.0 -9999.0 -9999.0 -9999.0 -9999.0 -9999.0 -9999.0 -9999.0 -9999.0 -9999.0 -9999.0 -9999.0 -9999.0 -9999.0 -9999.0 -9999.0 0.922902451162 1.4177851647 0.487399674674 0.591419717269 5.88696364981 6.31901212627 6.59820240176 2.46799376578 2.71328822318 2.96733767531 3.12591678389 12.0500505707 12.2106365417 7.4436890459 20.0394344455 20.1444260903 34.6987247261 0.212953879102 0.112320117141 0.0722618155035 0.594300884505 0.700255081395 0.0610100108168 0.0563614024658 12.0122783953 12.164435846 12.2398034973 0.0936310421462 0.168372366334 13.494342094 0.0591750475453 0.182510628401
-9999.0 -9999.0 -9999.0 -9999.0 -9999.0 -9999.0 -9999.0 -9999.0 -9999.0 -9999.0 -9999.0 -9999.0 -9999.0 -9999.0 -9999.0 -9999.0 -9999.0 -9999.0 -9999.0 -9999.0 -9999.0 -9999.0 0.4643976372 0.916795190006 3.84167724588 4.34995047261 4.82904689322 1.90280600948 2.21629059256 0.268254931944 8.33831316771 8.56715649925 8.77343948306 0.171976390437 7.15177840008 7.32049312396 0.113866114224 34.142643604 0.24417374623 0.122716601736 0.32867884007 0.441477901807 0.0829497738897 0.0645335181108 11.2230627337 11.8782396008 11.9694088601 0.096941647467 0.207489061253 0.257717028353 0.329221515211 0.637243331679 0.0666771017464 0.152079418776
