data/baseflow/History/mHMbfrc518
ncols                  80
nrows                 72
xllcorner      4374000.0
yllcorner      5656000.0
cellsize            500
NODATA_value       -9999
[rows 24 to 47 of 72, columns 0 to 53 of 80]
-9999.0 -9999.0 -9999.0 -9999.0 -9999.0 -9999.0 -9999.0 -9999.0 -9999.0 -9999.0 -9999.0 -9999.0 1.19566397406 3.37999213251 4.41193255177 7.49490281564 0.877664386181 1.78430876801 2.61699208767 10.4150392695 11.1580396127 11.8565113125 12.5075083599 13.1719585415 19.9919495753 22.0463707695 23.2599953435 0.539196466064 3.21970448405 3.74587611284 45.6062873533 47.7732525508 48.7682423747 49.7771155021 50.541344373 182.923453674 0.238915177309 348.183264292 0.579135274619 0.291515042304 2.72140242702 2.32217654354 0.37512313424 1.21592487115 1.82106517896 1.78047687039 1.21268619563 1.99643870933 3.14779659485 1.16780407496 2.87134528486 0.26162757685 0.450096755385 0.0866706283107
-9999.0 -9999.0 -9999.0 -9999.0 -9999.0 -9999.0 -9999.0 -9999.0 -9999.0 -9999.0 -9999.0 -9999.0 1.13649210207 2.25844130501 1.04301885872 2.08028809433 0.899669932808 7.02133333201 8.73249836138 9.60103557005 0.784918863732 1.54235783661 15.1056357546 18.7110334558 19.403118764 1.33142610942 1.5218886134 2.29408732398 0.46882620094 0.430381060779 0.80195671655 0.318184446242 22.7788924117 23.1299498673 23.3966457103 183.218918568 350.670510771 348.485255839 0.454167559067 0.225578439686 0.200310422574 0.849007729366 0.663516047749 1.58725478306 2.18610570814 4.35342055528 0.383008170812 0.380026319109 3.48602316705 3.83993541347 7.28617562235 7.46567713232 8.0047490658 8.16435832208
-9999.0 -9999.0 -9999.0 -9999.0 -9999.0 -9999.0 -9999.0 -9999.0 -9999.0 -9999.0 -9999.0 -9999.0 -9999.0 1.0843539226 2.16159652549 3.24569634954 5.1355672378 0.984214899972 0.885571112822 6.03917909768 6.84229428952 13.6274829172 14.4398524212 2.2587560832 0.72718121705 0.653783068045 0.672735164141 20.4319033963 20.8839069518 21.3613974644 21.7606205225 22.4472875636 3.97313115463 4.20341800127 27.9589831453 561.988029273 1.72293394563 1.34264522219 0.669938920625 0.177267746996 0.160796395898 1.2335006612 1.3534307449 1.90286302155 0.162177998278 4.56683240971 0.66279137183 0.65273008732 0.146081920135 0.0922390427687 0.0747416265286 0.0627292082546 0.0727657302088 8.23733459989
-9999.0 -9999.0 -9999.0 -9999.0 -9999.0 -9999.0 -9999.0 -9999.0 -9999.0 -9999.0 -9999.0 -9999.0 -9999.0 -9999.0 1.03766413559 1.90343464833 2.65049873603 3.39425052896 4.27609658043 5.18411728871 2.6419514556 4.40739614418 0.805319314945 0.764062538898 17.1045704157 18.5716147499 19.2308061782 19.9219377744 0.50857090134 0.938244431466 2.49241914397 3.14614730798 3.62011255032 0.294655256279 0.174175939589 562.714628881 0.343753935788 0.459429337835 0.288348042204 0.801628291731 0.350386610458 0.214520021567 3.40081238195 3.50284143775 0.080532752567 4.65418329281 5.47269451422 0.89628185693 110.600974423 110.35958103 110.181140422 109.871146801 109.759691617 107.639015784
-9999.0 -9999.0 -9999.0 -9999.0 -9999.0 -9999.0 -9999.0 -9999.0 -9999.0 -9999.0 -9999.0 -9999.0 -9999.0 -9999.0 0.212606357633 0.4794200731 0.772961493245 7.09453240055 8.01448570976 0.934475134395 0.895021280349 0.892468498872 13.9420554662 15.6304611836 0.806902134282 0.81140113391 0.646473931895 2.68248622656 3.32794291886 1.58749102891 2.07182192265 15.8321722438 16.323667562 16.9999481271 26.931938376 589.811966094 0.351290492224 0.214310830458 1.27206182626 1.0459904078 0.110398713653 0.447454358131 0.561170204277 3.62403747732 3.71716170761 9.3929072996 5.51524121589 1.00708269212 112.927054812 0.810090490584 110.032216421 109.956882554 2.00930579152 0.0589188541047
-9999.0 -9999.0 -9999.0 -9999.0 -9999.0 -9999.0 -9999.0 -9999.0 -9999.0 -9999.0 -9999.0 -9999.0 -9999.0 -9999.0 1.03566900336 1.71605819537 3.57776251472 6.23454322364 8.6965778134 10.5260147195 11.4105621403 12.3085415656 13.1655669606 0.827688417704 0.732057972861 1.44257521351 1.33678414471 0.704179633505 13.7563732504 14.3845493195 14.9524560811 15.4910107782 8.83547002995 9.33474814548 9.73767950842 589.95804243 0.584607252949 0.768108955672 2.21291602348 0.236533876794 0.226384368765 0.118001331423 0.104836769366 0.661765792544 0.0733485746933 0.0786127560124 122.747365024 113.303840845 113.230183653 0.341114005254 0.681622025847 0.439948879331 0.0982128460283 1.86765840926
-9999.0 -9999.0 -9999.0 -9999.0 -9999.0 -9999.0 -9999.0 -9999.0 -9999.0 -9999.0 -9999.0 -9999.0 -9999.0 -9999.0 0.723306788712 0.684362610756 1.34750466235 2.0302861307 0.986998069878 1.08101800003 2.02713914149 2.95263961201 4.6853262418 5.5358549513 6.2533994016 8.44005254211 9.09428587521 9.82883226484 0.664727491224 6.73340500662 7.29105558218 7.85567528569 0.50723762391 0.365884305839 0.611346648745 600.56930512 600.707422421 601.625600129 2.84457110122 0.469815653053 0.518923005252 0.144743246063 0.182458560264 0.742440829619 0.881751520864 0.140039020104 123.087300206 0.106771168449 0.179465147078 0.204600990479 0.136778973964 0.266529445047 0.104606031832 1.26814453808
-9999.0 -9999.0 -9999.0 -9999.0 -9999.0 -9999.0 -9999.0 -9999.0 -9999.0 -9999.0 -9999.0 -9999.0 -9999.0 -9999.0 -9999.0 0.652191863919 1.28051667449 0.62719472967 1.34130954498 8.09677260918 8.91971442097 9.80112562922 0.861885864908 0.858162979299 1.58047355832 2.32947440435 3.61677978926 4.29426043599 4.78498099576 5.44786358118 0.513462967893 0.510006425684 9.05551056458 9.42953475115 9.64520185339 9.84362482422 7.83038410279 610.219057592 614.205450423 614.355441006 615.000759942 615.688775603 615.909119672 0.0631627447322 0.9439584659 123.138398981 0.132120164885 0.0680744868697 0.0762488322622 0.0784232035142 0.136229807404 0.137372028121 0.0816727702255 0.138265296862
-9999.0 -9999.0 -9999.0 -9999.0 -9999.0 -9999.0 -9999.0 -9999.0 -9999.0 -9999.0 -9999.0 -9999.0 -9999.0 -9999.0 -9999.0 -9999.0 1.89944443363 2.54017105784 4.48988518853 5.99538672661 0.81486372018 11.6011418894 12.4381933163 13.2165427557 0.747484111529 1.46953933717 0.630214846572 4.8962713616 5.31897772381 6.01029569741 6.77200739924 8.29105419942 8.60519568467 0.196699984418 7.08727211128 7.47680228948 7.65090525305 8.44665615839 1.00179316657 0.624897988264 0.383984914346 0.322859046673 616.254119584 616.344645607 617.848998136 123.181092879 0.384064028463 0.208312682738 0.135799525356 0.046221606885 0.431411626347 0.235025444834 0.0719206509815 0.414468154065
-9999.0 -9999.0 -9999.0 -9999.0 -9999.0 -9999.0 -9999.0 -9999.0 -9999.0 -9999.0 -9999.0 -9999.0 -9999.0 -9999.0 -9999.0 -9999.0 0.656140014642 3.18857649371 3.87921292343 0.84907499299 0.929784155091 1.8942476479 2.76282993825 16.7827647766 0.749241280877 2.99945518833 3.65796763545 4.30196149658 0.488661177439 1.11135337053 1.46475274314 5.60744781557 6.32430750847 6.50386836984 0.199943776136 0.202192787709 0.244990069852 0.436473533714 0.205041378792 0.219684033432 0.304006435232 0.230688222555 0.250763203721 0.528750278766 617.927142542 741.310381978 0.525626395241 0.194652971044 0.0542407475458 1.38817450747 1.28524821029 0.778235723864 0.701453046901 0.527176066488
-9999.0 -9999.0 -9999.0 -9999.0 -9999.0 -9999.0 -9999.0 -9999.0 -9999.0 -9999.0 -9999.0 -9999.0 -9999.0 -9999.0 -9999.0 0.559414417995 1.80233824833 0.587390518441 0.956006965827 1.02719995935 1.97147211404 2.90899414005 3.66399007934 21.0328482006 21.742252844 0.731272789566 1.38225914105 2.0403956086 2.53501521365 3.07833185067 5.03854605883 5.38965602128 0.480002050622 0.303372245545 0.2427121488 0.124784295667 0.296471252753 0.286984389302 0.368145468458 0.415529190737 0.950304373653 0.358949715846 0.0910667021036 0.0873109156268 0.0837187042968 0.15437388864 746.518210033 4.60120656283 1.71502586429 0.149439358467 0.0693156058517 0.0468050319889 0.170540635815 0.11910046155
-9999.0 -9999.0 -9999.0 -9999.0 -9999.0 -9999.0 -9999.0 -9999.0 -9999.0 -9999.0 -9999.0 -9999.0 -9999.0 -9999.0 0.591264230908 1.13713851343 4.05657627212 0.543379433659 1.71136187469 2.71147553833 3.62911946617 0.949962992677 1.75705230241 2.44419760637 24.7253993819 0.689712765459 1.2985189754 1.92315182188 0.580703626832 1.1561994794 1.62953099754 1.97245962769 44.9262074839 45.5234493781 46.2139783797 48.5790249291 49.1865590811 50.5826913827 0.781823703449 1.65146616701 1.31009263062 55.4982689959 55.662690705 0.0786405461585 0.135931817705 0.190300266027 746.544925929 4.26541859347 2.35161299222 2.26103774398 1.53568937045 1.22429823717 0.225187776954 0.0532586225415
-9999.0 -9999.0 -9999.0 -9999.0 -9999.0 -9999.0 -9999.0 -9999.0 -9999.0 -9999.0 -9999.0 -9999.0 -9999.0 -9999.0 0.603666477476 1.82759272507 6.48381753471 9.54862736995 0.475488527742 12.4140840499 16.623939699 0.878631662549 1.67336690176 2.39235958112 31.4233871408 31.9502581317 0.501111198023 2.93726290627 3.40834308098 3.89515220792 40.9334891342 42.0805428833 42.6218418936 0.268587037865 1.5698159719 1.92635676926 0.623018848426 0.876304190193 51.7725402581 53.770604556 53.9456142446 54.1058799865 55.8223496077 0.0784329882169 0.0676571562304 0.310013825956 746.588789818 0.107000256655 0.219450150534 0.652112460389 0.246456178687 1.11512663866 0.783904563016 0.469452423376
-9999.0 -9999.0 -9999.0 -9999.0 -9999.0 -9999.0 -9999.0 -9999.0 -9999.0 -9999.0 -9999.0 -9999.0 -9999.0 -9999.0 -9999.0 -9999.0 1.26740301491 2.53475754063 11.2657210856 11.8849044717 17.1608231502 17.7475022904 0.850994995258 1.7016779107 3.83086127098 32.417085602 33.4514325164 33.8554689357 0.311189334886 35.3710260925 36.5786443926 0.720142778005 0.251857400556 0.474741142887 0.915170555668 0.218426170531 0.41758544392 0.856635205938 1.05225736124 0.20274996789 0.125355064752 0.240105152764 56.8707980493 57.3437614589 57.3976365057 57.882113014 746.62118595 0.0739153321788 0.147608034376 0.178260834791 0.168758170309 0.174009579131 0.143464785123 0.265437576604
-9999.0 -9999.0 -9999.0 -9999.0 -9999.0 -9999.0 -9999.0 -9999.0 -9999.0 -9999.0 -9999.0 -9999.0 -9999.0 -9999.0 -9999.0 -9999.0 0.657920017897 0.639532227972 0.622649066918 1.22507225669 0.526968240179 18.8003463624 19.3279291962 0.734303326577 1.47072583827 0.665205449384 0.507656738001 0.486552714733 34.7351470939 0.418524973776 0.849872142709 0.358391192592 0.257168148342 0.223138222523 0.161520175111 0.169694756295 0.514825330501 0.70932883004 0.128790081422 0.110882339395 0.24351901174 0.41471819343 0.581310436809 0.257965780272 57.5100220126 57.9379811347 746.634793327 0.50020830427 0.346207858991 0.10334531014 0.249722636056 0.0829916165868 0.0617771009229 0.33322868251
-9999.0 -9999.0 -9999.0 -9999.0 -9999.0 -9999.0 -9999.0 -9999.0 -9999.0 -9999.0 -9999.0 -9999.0 -9999.0 -9999.0 -9999.0 -9999.0 -9999.0 -9999.0 0.632284567047 1.79094839635 2.273802527 2.78637258411 19.8348662084 20.3585700606 20.8664371026 21.4323328458 21.9004112111 22.8747372874 23.2573664104 23.6571607083 23.9473096382 0.226782424561 0.20486952953 0.216802604699 0.729287182746 0.194013371705 0.179158126001 0.134019064869 0.384661761132 0.155126371608 0.11468999191 0.105052041784 0.086735497498 0.173046080239 0.25072544706 58.4467968246 805.595626173 0.0755173386124 0.134051584808 0.0836217603196 0.340390903139 0.185020777562 0.12417947124 0.765636024282
-9999.0 -9999.0 -9999.0 -9999.0 -9999.0 -9999.0 -9999.0 -9999.0 -9999.0 -9999.0 -9999.0 -9999.0 -9999.0 -9999.0 -9999.0 -9999.0 -9999.0 -9999.0 -9999.0 0.504740852089 4.13717038329 8.04013229952 8.56440954793 0.767739397629 1.49921318859 2.24431870356 2.80313505277 6.74066887791 6.99457202247 0.24177122788 0.231670061319 24.5753090257 25.0248495561 25.2021014663 0.852878657889 0.105378712981 0.278877981927 0.40666484934 1.23540596404 1.52081794448 1.73712282809 0.195594689085 0.271008055804 0.0920989515714 0.184075898756 0.0960789973226 805.725144564 0.0580529200714 0.254513950912 0.138166030194 0.515023183215 1.08625218725 1.24370831033 2.04658501385
-9999.0 -9999.0 -9999.0 -9999.0 -9999.0 -9999.0 -9999.0 -9999.0 -9999.0 -9999.0 -9999.0 -9999.0 -9999.0 -9999.0 -9999.0 -9999.0 -9999.0 -9999.0 0.579542704336 1.86587193766 3.64054299967 4.73985551752 11.9563685007 12.6015285272 1.5613042216 2.31697814916 2.93689142899 3.49425110882 7.3186719818 7.83588109365 14.1632722455 14.6903953307 15.0840928589 25.372208834 26.6225492316 0.267573506163 0.188610475864 0.175631535917 0.330211988488 0.146781991855 2.0226485198 2.12394418211 0.363026167182 0.535489558867 0.242798514669 163.912430285 164.153280165 969.932114652 970.229807394 0.0725849610997 0.667708051084 0.196791347157 0.158621637647 2.34514976244
-9999.0 -9999.0 -9999.0 -9999.0 -9999.0 -9999.0 -9999.0 -9999.0 -9999.0 -9999.0 -9999.0 -9999.0 -9999.0 -9999.0 -9999.0 -9999.0 -9999.0 -9999.0 -9999.0 0.674110394596 0.656086469324 1.2239349005 2.88394124452 13.1405982533 0.804488214075 0.794551305798 1.38900072576 2.01367448965 4.9853279006 5.44059426469 0.360920187719 0.317627048033 15.3537705707 15.5281979498 42.3991029319 42.6534363075 0.083955655439 0.0721717560457 0.0586833527682 0.0593029369657 0.0709781440675 161.605125303 162.258924261 162.920644748 163.315124442 163.743150705 0.115384632653 0.422284187853 0.494618378845 970.844637689 970.842315964 970.835718103 970.899376041 970.998605764
-9999.0 -9999.0 -9999.0 -9999.0 -9999.0 -9999.0 -9999.0 -9999.0 -9999.0 -9999.0 -9999.0 -9999.0 -9999.0 -9999.0 -9999.0 -9999.0 -9999.0 -9999.0 -9999.0 -9999.0 0.588657749004 0.622996868991 1.14377001302 15.3655232062 15.9104862999 0.778127559823 1.36913774365 2.00858475783 2.56686579524 0.511952129291 0.896110617629 36.15913846 36.34488843 36.6528726134 38.4738482334 81.3561460479 157.646094465 157.860998123 158.049721083 158.229189259 159.098785938 159.387805554 0.566985496994 0.248459519395 0.155707351313 0.289756467896 0.211769903201 0.336942458948 0.103033116272 2.44395441934 2.78459462934 3.03624620592 3.06649317347 970.990914802
-9999.0 -9999.0 -9999.0 -9999.0 -9999.0 -9999.0 -9999.0 -9999.0 -9999.0 -9999.0 -9999.0 -9999.0 -9999.0 -9999.0 -9999.0 -9999.0 -9999.0 -9999.0 -9999.0 -9999.0 -9999.0 0.600870886909 1.14651350153 1.69694428184 16.3637653373 0.55215917854 22.2676980284 22.9263923111 23.4559205402 23.8914460456 34.4507699524 34.9043895722 0.206445787962 1.27157445195 1.57962716114 0.212113252844 76.0829545213 75.7107069675 0.103049294799 0.245676901008 0.703665413738 0.163286791019 0.182183931695 0.128081599978 0.109921481214 0.0830512008545 0.101287611364 2.11798077363 2.22536121453 2.35859370609 0.279455568104 0.20505643943 3.1599131742 3.20428075246
-9999.0 -9999.0 -9999.0 -9999.0 -9999.0 -9999.0 -9999.0 -9999.0 -9999.0 -9999.0 -9999.0 -9999.0 -9999.0 -9999.0 -9999.0 -9999.0 -9999.0 -9999.0 -9999.0 -9999.0 -9999.0 0.53770042158 0.500823528206 2.61327623689 20.0365170038 21.1229565392 21.6767288244 0.5966647366 9.190672038 9.71516261955 9.97491303974 0.397278173845 0.644665960333 0.849453885824 17.2489955568 17.4043377825 17.5318268167 75.4876514105 46.6663218221 0.136580648767 0.156295473677 0.148797237349 0.117154497711 1.28402913001 1.53872407843 1.75881184515 1.88581903168 2.00727187175 18.2599254462 18.350312147 18.5438622704 18.9179085295 20.234457237 20.2660519575
-9999.0 -9999.0 -9999.0 -9999.0 -9999.0 -9999.0 -9999.0 -9999.0 -9999.0 -9999.0 -9999.0 -9999.0 -9999.0 -9999.0 -9999.0 -9999.0 -9999.0 -9999.0 -9999.0 -9999.0 -9999.0 -9999.0 1.04956838022 1.61156395291 0.568970374398 0.802844675502 7.08216499838 7.70764869927 8.13071601127 3.47596600578 3.90221867562 4.32357463774 4.56584333381 16.889914668 17.1238196042 10.8345529193 28.5401025766 28.6991378686 46.5598620148 0.320810140274 0.167472006377 0.110987045828 0.895921380455 1.05400148624 0.0926870496487 0.0858190779011 17.8499377406 18.0731455487 18.1818708963 0.138682098625 0.244520001474 19.9988781517 0.0879621058408 0.273543906672
-9999.0 -9999.0 -9999.0 -9999.0 -9999.0 -9999.0 -9999.0 -9999.0 -9999.0 -9999.0 -9999.0 -9999.0 -9999.0 -9999.0 -9999.0 -9999.0 -9999.0 -9999.0 -9999.0 -9999.0 -9999.0 -9999.0 0.527306551687 1.04142259714 4.39740003349 4.99526834518 5.62115297054 2.58965496526 3.04718364557 0.449279774535 11.36621895 11.7571674811 12.1007530218 0.263865382414 10.4061741714 10.6511203687 0.170076054849 45.7243407677 0.364871236956 0.181775920331 0.494457389513 0.66255935483 0.125826523898 0.0996093411441 16.6749274593 17.6515916048 17.7848214026 0.140843779119 0.306686391612 0.381251198338 0.488890044099 0.93622273429 0.100249837996 0.227835730027
