data/baseflow/History/mHMbfrc425
ncols                  80
nrows                 72
xllcorner      4374000.0
yllcorner      5656000.0
cellsize            500
NODATA_value       -9999
[rows 0 to 23 of 72, columns 0 to 53 of 80]
-9999.0 -9999.0 -9999.0 -9999.0 -9999.0 -9999.0 -9999.0 -9999.0 -9999.0 -9999.0 -9999.0 -9999.0 0.85158706626 0.758541071908 -9999.0 -9999.0 -9999.0 -9999.0 -9999.0 -9999.0 -9999.0 -9999.0 -9999.0 -9999.0 -9999.0 -9999.0 -9999.0 -9999.0 -9999.0 -9999.0 -9999.0 -9999.0 -9999.0 -9999.0 -9999.0 -9999.0 -9999.0 -9999.0 -9999.0 -9999.0 -9999.0 -9999.0 -9999.0 -9999.0 -9999.0 -9999.0 -9999.0 -9999.0 -9999.0 -9999.0 -9999.0 -9999.0 -9999.0 -9999.0
-9999.0 -9999.0 -9999.0 -9999.0 -9999.0 -9999.0 -9999.0 -9999.0 -9999.0 -9999.0 -9999.0 -9999.0 1.64976390671 3.78237301954 0.630335793843 -9999.0 0.57487992688 -9999.0 -9999.0 -9999.0 -9999.0 -9999.0 -9999.0 -9999.0 -9999.0 -9999.0 -9999.0 -9999.0 -9999.0 -9999.0 -9999.0 -9999.0 -9999.0 -9999.0 -9999.0 -9999.0 -9999.0 -9999.0 -9999.0 -9999.0 -9999.0 -9999.0 -9999.0 -9999.0 -9999.0 -9999.0 -9999.0 -9999.0 -9999.0 -9999.0 -9999.0 -9999.0 -9999.0 -9999.0
-9999.0 -9999.0 -9999.0 -9999.0 -9999.0 -9999.0 -9999.0 -9999.0 -9999.0 -9999.0 0.761770192001 0.726995315929 0.760969694267 0.745599080898 5.17780272231 5.81443435352 1.61445504147 0.5218871589 -9999.0 -9999.0 -9999.0 -9999.0 -9999.0 -9999.0 -9999.0 -9999.0 -9999.0 -9999.0 -9999.0 -9999.0 -9999.0 -9999.0 -9999.0 -9999.0 -9999.0 -9999.0 -9999.0 -9999.0 -9999.0 -9999.0 -9999.0 -9999.0 -9999.0 -9999.0 -9999.0 -9999.0 -9999.0 -9999.0 -9999.0 -9999.0 -9999.0 -9999.0 -9999.0 -9999.0
-9999.0 -9999.0 -9999.0 -9999.0 -9999.0 -9999.0 -9999.0 -9999.0 -9999.0 0.735044506512 1.49968710469 2.96678215089 1.46861810102 0.7135476447 1.39893364457 6.49124461781 9.24523987854 0.556188020887 -9999.0 0.720532302025 -9999.0 -9999.0 -9999.0 -9999.0 1.08890917176 0.561904648541 -9999.0 -9999.0 -9999.0 -9999.0 -9999.0 -9999.0 -9999.0 -9999.0 -9999.0 -9999.0 -9999.0 -9999.0 -9999.0 -9999.0 -9999.0 -9999.0 -9999.0 -9999.0 -9999.0 -9999.0 -9999.0 -9999.0 -9999.0 -9999.0 -9999.0 -9999.0 -9999.0 -9999.0
-9999.0 -9999.0 -9999.0 -9999.0 -9999.0 -9999.0 -9999.0 -9999.0 0.811602327363 2.31084154728 3.01150696089 3.72950073617 5.12534009292 0.672693479086 2.70162132917 3.35381844932 13.8304945551 0.636576916876 0.623902682944 1.3625956152 1.97910492822 0.638993120872 -9999.0 2.74588679466 2.24871346028 0.597396294193 -9999.0 -9999.0 -9999.0 -9999.0 -9999.0 -9999.0 -9999.0 -9999.0 -9999.0 -9999.0 -9999.0 -9999.0 -9999.0 -9999.0 -9999.0 -9999.0 -9999.0 -9999.0 -9999.0 -9999.0 -9999.0 -9999.0 -9999.0 -9999.0 -9999.0 -9999.0 -9999.0 -9999.0
-9999.0 -9999.0 -9999.0 -9999.0 -9999.0 -9999.0 0.829868708004 0.759736650878 0.723081895107 0.733854209779 0.738068025607 5.22722899757 11.0669486905 11.7723571306 12.3331952521 0.515191228036 14.9964321651 15.6218209617 1.26065688346 0.631432831017 2.58443032783 4.46246309757 0.655201747518 4.69072672736 0.652516445442 0.663394587212 0.667031548833 -9999.0 -9999.0 -9999.0 -9999.0 -9999.0 -9999.0 -9999.0 -9999.0 -9999.0 -9999.0 -9999.0 -9999.0 -9999.0 -9999.0 -9999.0 -9999.0 -9999.0 -9999.0 -9999.0 -9999.0 -9999.0 -9999.0 -9999.0 -9999.0 -9999.0 -9999.0 -9999.0
-9999.0 -9999.0 -9999.0 -9999.0 -9999.0 -9999.0 1.65103637334 2.43482941123 5.47823509746 7.620085276 0.669239630816 0.698384810708 0.665561967663 1.94060218943 14.871261176 0.544830313454 16.2374651859 18.6144144166 1.8664518189 1.20833050499 5.03863416781 0.615191700972 5.29249296956 1.22331026671 0.611878888599 1.25808692165 1.31480011447 0.649516957059 0.654972797988 0.643047181425 0.660773481562 1.32460368233 -9999.0 -9999.0 -9999.0 -9999.0 -9999.0 -9999.0 -9999.0 -9999.0 -9999.0 -9999.0 -9999.0 -9999.0 -9999.0 -9999.0 -9999.0 -9999.0 -9999.0 -9999.0 -9999.0 -9999.0 -9999.0 -9999.0
-9999.0 -9999.0 -9999.0 -9999.0 -9999.0 0.878048748107 1.70712365092 0.819244137983 1.58949782501 8.39264301988 9.79845988594 11.2049706472 35.8300735335 0.640253107365 15.5114250126 56.3390873191 56.7986057991 76.1945846401 0.495890364668 1.79055371248 5.618998378 0.576421663585 12.1120919426 6.2325346477 3.81937965007 3.20390643656 0.64290714893 1.92729822695 1.91774300823 1.27891367682 0.61437623833 1.95585069839 0.602344632804 0.596072550275 -9999.0 -9999.0 -9999.0 -9999.0 -9999.0 -9999.0 -9999.0 -9999.0 -9999.0 -9999.0 -9999.0 -9999.0 -9999.0 -9999.0 -9999.0 -9999.0 -9999.0 -9999.0 -9999.0 -9999.0
-9999.0 -9999.0 -9999.0 -9999.0 -9999.0 0.882982998999 2.57668188854 5.12149628327 5.90341929563 11.6790488969 12.4168418781 14.7113575167 23.9778672777 37.7738529869 39.0872579518 39.6913767422 1.09318662865 78.1610406302 79.1910917931 82.1226060588 102.201788386 13.8680849386 12.713179527 4.4161433825 0.583292571474 3.71326578445 2.51600734259 0.568129245749 2.49184236356 0.558588967269 1.15085092673 3.11814912397 3.69715648747 1.16972096324 0.564308663787 0.561831692988 -9999.0 -9999.0 -9999.0 -9999.0 0.501935534537 0.455338952153 -9999.0 -9999.0 -9999.0 -9999.0 -9999.0 -9999.0 -9999.0 -9999.0 -9999.0 -9999.0 -9999.0 -9999.0
-9999.0 -9999.0 -9999.0 -9999.0 -9999.0 0.860360401514 0.824626987064 3.40501619284 4.19741082654 5.01184169466 0.777378702201 1.54220672818 8.76335329688 1.578959454 0.719939203942 0.662448911396 0.590651835296 0.661594423466 0.64367799161 0.643881133277 102.817435731 104.539924424 0.564134344928 1.71967976534 1.16147005837 4.28743403092 1.14546568113 0.556660034596 3.07630297538 1.08706042467 2.60556120961 6.46910428265 5.99403739682 1.72523979038 1.66647652906 0.571801733161 0.563582202554 -9999.0 -9999.0 0.564945103358 1.06139534153 2.46194676453 0.474231152534 -9999.0 -9999.0 -9999.0 -9999.0 -9999.0 -9999.0 -9999.0 -9999.0 -9999.0 -9999.0 -9999.0
-9999.0 -9999.0 -9999.0 -9999.0 -9999.0 -9999.0 0.884729518626 0.8809736062 1.69389374632 2.51833589069 5.69205665641 7.26907973964 8.05716664978 0.858619225659 0.657707276338 8.66569392212 10.6155925308 11.2344447364 13.8025386132 14.4047972029 0.590341775083 105.131362049 107.902206414 2.19845520446 0.314819849931 4.77972722784 10.6116296477 4.16969766237 1.05960077996 0.531231271781 10.0965880888 7.00291005664 0.508028398718 0.521262622408 2.19204182557 1.66833069893 0.529234770567 0.519700748845 0.542529756414 1.09734250483 0.521537654464 2.9810188513 3.47965104627 0.475155612574 -9999.0 -9999.0 -9999.0 -9999.0 0.527170739745 0.500797701998 0.147814516536 -9999.0 -9999.0 -9999.0
-9999.0 -9999.0 -9999.0 -9999.0 -9999.0 -9999.0 -9999.0 0.863058635019 0.758743721552 1.59788811513 2.41064544527 0.794571984903 0.725076563791 4.53562084071 5.93815565573 7.36423181579 0.666346607878 1.32461831608 0.646855410739 15.0145416103 33.1826035353 33.6966171188 142.732474737 0.562863034885 0.975316372104 0.307286675681 11.1439911567 0.531190194333 1.60001367542 0.524616903372 10.608419188 11.1192283521 1.02236026571 1.0300470061 5.4675263826 2.73781403905 1.06439326631 0.5429861992 1.08411450709 1.63157740314 2.64745442205 0.491258623326 4.39436502364 4.80083172991 0.360675601915 0.389235261314 0.400331778314 0.361830842308 0.340889627812 1.44278484347 0.565487678991 0.362083558443 -9999.0 -9999.0
-9999.0 -9999.0 -9999.0 -9999.0 -9999.0 -9999.0 -9999.0 -9999.0 1.62467606756 2.34266802322 0.792019936709 1.6048265252 2.3572950669 3.8628213037 0.76223500819 0.735053299775 0.645012809014 0.653956293157 0.604308757283 16.9488714145 0.645890336446 1.26949921365 144.552584305 145.814107348 0.567872241883 2.11759510142 13.7703531772 1.04412819074 2.07982568768 0.982695835721 1.45594472142 13.0795346289 1.49220120542 7.94272133356 6.44752917162 0.498891705225 2.61758139157 1.05307722046 1.58174106626 0.499555414611 3.13389743279 4.06233639095 4.41177613025 4.74280973083 6.15685358229 0.686176788573 0.714888184702 0.652370327758 0.607191175182 1.78785381213 0.369962910892 1.30741765132 1.65220609245 -9999.0
-9999.0 -9999.0 -9999.0 -9999.0 -9999.0 -9999.0 -9999.0 -9999.0 0.846248551114 4.01405191483 4.78988546736 0.776843205091 1.5177494487 0.74037875841 0.694097022947 0.682502136459 8.44593005463 11.2174995221 13.8114684805 16.3960395554 0.655159350402 0.633308207156 0.656067460563 148.66835908 150.026730242 150.590044163 18.5305639208 4.16044266607 3.62204643618 0.46997525794 1.90756103939 15.4489056435 0.452468540517 8.40281701843 0.488473355608 3.37147627888 3.13492137975 0.503566165116 2.07610150098 0.991534550895 1.47118325774 0.435772756223 0.323753353883 5.06960578385 5.36434907985 6.45074799632 1.02703384203 0.949138826418 0.896168274739 2.17871512357 2.9256408518 0.372394891868 2.01607181392 0.389420978085
-9999.0 -9999.0 -9999.0 -9999.0 -9999.0 -9999.0 -9999.0 -9999.0 -9999.0 0.854905403374 5.59048358395 6.35373154023 2.26240549582 3.73585485037 5.11515186268 5.80066257193 0.689583554155 2.12364284056 1.3889681599 0.694698522651 0.686447309703 0.636688384214 1.26085096016 2.17631140399 0.769932190112 170.506261633 171.080732643 0.522637016384 0.425508992447 0.946815529895 1.40965674388 16.8047688793 0.898337811456 8.8228673889 5.16663760333 4.25143233337 0.480365739666 0.975483125385 2.53307774723 0.454933122535 1.91206353148 0.87243310854 0.543777959698 0.217008997967 6.08614753498 12.7801606983 1.24477023303 1.17390713395 1.20409224422 0.318138276766 3.2389636179 0.306638175868 2.70602903639 0.34512746019
-9999.0 -9999.0 -9999.0 -9999.0 -9999.0 -9999.0 -9999.0 -9999.0 -9999.0 -9999.0 0.762490498997 7.8894037908 0.741969096978 1.47807782969 2.14525987534 3.48730165998 0.692529612129 1.42884074381 0.699063687953 0.674000916149 0.634008609428 1.26166731385 0.572856430924 0.628635499021 1.2716528411 0.725782995694 171.695260778 172.773648603 174.315434403 1.86914344881 0.462913650702 0.922140233195 17.2676877666 16.2107439678 6.10825056384 0.465538948932 1.92041086178 1.44653212211 2.99129029993 0.911187527716 3.66797359056 1.30874656953 0.888210673616 0.126560636591 0.236702003946 13.0984147345 13.3791181909 16.0409765047 2.19343728227 0.654056322262 3.57515409782 4.21025867063 7.21903144143 0.678796969736
-9999.0 -9999.0 -9999.0 -9999.0 -9999.0 -9999.0 -9999.0 -9999.0 -9999.0 -9999.0 -9999.0 0.384877256521 8.70713408539 0.708634109022 1.36928300752 6.20986430778 0.703738953243 0.70055514284 0.6349694552 1.32337192408 0.633156928556 2.527927773 3.68276337725 4.22873057965 1.78584437038 2.27778317804 0.538962252022 0.663365659839 0.619842098707 177.279454864 178.650891221 17.6778101476 17.0143640198 16.6182401011 0.844834711106 0.414868181793 2.35541957356 6.216461511 3.42700914907 1.34477442725 5.42426159105 1.76486471808 1.37533670167 0.259077147152 0.109895198588 0.109427578926 0.146530064108 16.7853087993 19.8754745601 0.317153688454 0.294681021887 0.323077107637 7.53431384632 8.51351743794
-9999.0 -9999.0 -9999.0 -9999.0 -9999.0 -9999.0 -9999.0 -9999.0 -9999.0 -9999.0 -9999.0 0.363750358933 9.58780267954 11.7901051511 0.670686530882 7.55933764757 0.660632025014 0.638370947817 1.25570217197 3.20799936509 0.615050082928 0.637543586116 0.564792193703 5.36062656865 5.89401575526 8.73852685256 9.76823506454 10.2814624274 10.7811641746 11.3753858061 190.555797233 209.052677993 226.817900854 227.178587084 0.388813758624 0.419394777489 7.08800021557 6.65588824499 0.428138836591 0.421921176488 5.81690597227 7.98526979856 0.335965282392 3.16260145244 2.91114797545 0.567307157663 0.294926403392 0.49733289483 0.310155975407 20.3971129834 0.258086669384 0.858828585051 1.06519833084 10.1955709627
-9999.0 -9999.0 -9999.0 -9999.0 -9999.0 -9999.0 -9999.0 -9999.0 -9999.0 -9999.0 -9999.0 0.791779674221 1.51733955018 12.5021886785 13.7958099912 0.654223071467 8.83330623997 0.582473377806 1.78009513192 3.79002993445 1.19592493984 0.579275790472 1.18693250189 0.522272878115 1.00910628599 0.492403223406 0.441449456635 0.339663520088 0.279919456539 0.254577826838 0.240083118123 0.352576304546 0.44077095555 0.533783529485 228.501777089 8.42901542747 7.71123974449 0.298857396049 1.23121819463 0.313027387332 0.264279339496 8.368189665 12.6476624126 3.5637576907 2.6637089022 0.328227872984 0.137516183986 0.123511628867 0.366105963282 21.0336577498 21.5167870451 0.252199904488 0.254459240101 0.218445610127
-9999.0 -9999.0 -9999.0 -9999.0 -9999.0 -9999.0 -9999.0 -9999.0 -9999.0 -9999.0 -9999.0 -9999.0 0.694345193385 9.23698900891 23.703178499 25.7135016025 35.1782562072 35.7836614432 8.51466916972 6.16603711094 1.78547677839 0.573773603036 2.31320642084 2.8614334941 4.36846457968 1.00138362754 0.921824032935 0.825747799198 1.57334794215 0.716756621458 0.672557362922 0.338208089993 0.159370835559 0.22102109008 228.928015665 237.699251289 238.05507082 0.294885127176 3.23185574767 1.39699333679 0.414780301216 13.8644686077 0.846553022022 0.43540844727 1.75531036728 0.348605344714 0.297187237276 0.545619763833 0.771904873049 1.02395885145 21.9290099538 0.193876348709 0.16727993949 0.168170581406
-9999.0 -9999.0 -9999.0 -9999.0 -9999.0 -9999.0 -9999.0 -9999.0 -9999.0 -9999.0 -9999.0 0.750924108615 7.0385202101 8.53482003803 1.36890903311 0.402823269866 0.931831010809 37.3269222036 37.9076639034 46.9963420751 0.531164731286 1.10081894943 0.494944643113 0.502814564238 4.85553803207 6.34327706256 7.72669436024 0.452852294552 2.02013512054 3.17580235415 1.84796135361 0.759492795245 0.493433998434 0.414024976803 0.402194349365 0.233273480914 238.346272427 238.580824135 242.279825532 0.711666651934 0.372526098531 14.2039664112 0.91900151924 0.468019140324 0.48631006153 0.480495887514 0.447744943054 0.753272571834 2.1589530874 3.45009703689 25.5811303015 0.148628433125 0.44176978077 0.298162027421
-9999.0 -9999.0 -9999.0 -9999.0 -9999.0 -9999.0 -9999.0 -9999.0 -9999.0 -9999.0 -9999.0 0.766757373856 4.85826428917 0.763917696305 0.677831605541 3.47516315603 4.0735670996 4.68824952363 5.2668668859 63.383601007 63.8686487679 64.8949271369 72.3646657875 73.7990947537 74.5739247914 75.0744760871 83.636472403 84.6846488245 85.1244146839 88.7547514953 91.0633057944 91.4891374581 92.6871951549 0.810101010744 0.640054473592 0.129758298146 0.14121116403 238.840331853 243.51643329 1.02358386348 16.6196058355 16.2702936394 1.73311486422 0.420083287938 0.417824306869 0.405591664286 0.397862097259 0.799188496705 1.13859427892 0.32059342143 25.7716506148 25.9728225603 26.8823957956 27.0445002755
-9999.0 -9999.0 -9999.0 -9999.0 -9999.0 -9999.0 -9999.0 -9999.0 -9999.0 -9999.0 -9999.0 2.49873077182 3.30254746704 1.54364313745 2.26550552723 0.712035077421 8.16341901286 8.80532571124 10.0668143437 10.5361275416 4.13280458495 69.8032517567 70.254765932 0.416956109965 0.277657596614 0.211083677847 0.510032142323 0.242018328001 0.159938409364 0.152366172067 0.199272183196 91.7964430305 93.0274683493 94.2435593054 95.243696738 95.8121262182 0.227879007943 0.0902022316012 260.941159756 17.2123873583 16.9835569709 0.3892716738 0.35777695349 0.32826599993 0.752669794243 0.741452531716 0.342545981168 0.344253033705 0.326225810371 0.64474699347 0.848783410658 0.14339644569 0.26414373927 0.103236736645
-9999.0 -9999.0 -9999.0 -9999.0 -9999.0 -9999.0 -9999.0 -9999.0 -9999.0 -9999.0 -9999.0 -9999.0 1.68846784289 0.791314172239 0.728320884548 6.88857616735 7.54955521167 0.663916783455 2.59799242955 3.18348438581 3.68149025115 0.552359641986 0.440382000272 10.3888862575 10.7522634388 11.0862381779 28.5670585576 28.7880309811 29.0935457713 31.0824751449 31.9824913038 32.1204941833 0.133033705507 0.138671681402 0.17693233598 96.1660638415 0.148866842932 263.994066493 263.762280869 2.62281136959 2.34989735223 1.47499847382 0.369044279237 0.659097962852 1.08730702147 1.07491751014 0.670976543584 0.332027496795 0.651582117317 0.65465781149 1.14116363038 0.205561176075 0.447789207705 0.723449214649
