data/baseflow/History/mHMbfrc561
ncols                  80
nrows                 72
xllcorner      4374000.0
yllcorner      5656000.0
cellsize            500
NODATA_value       -9999
[rows 24 to 47 of 72, columns 0 to 53 of 80]
-9999.0 -9999.0 -9999.0 -9999.0 -9999.0 -9999.0 -9999.0 -9999.0 -9999.0 -9999.0 -9999.0 -9999.0 1.10471857068 3.0236522333 3.9101189173 6.54077019217 0.677950196763 1.40113825197 2.03144231125 8.22980880043 8.68047393864 9.02096108929 9.387653249 9.85208670377 14.3586474084 15.6344036029 16.2464161103 0.22723769322 1.43401195853 1.64294652829 29.9197267767 30.5153126758 30.8097881939 31.117574015 31.3213004694 124.980602755 0.215896753592 249.302461841 0.216139544599 0.0906041024524 1.43254972873 1.27099481294 0.152360558578 0.693240087166 1.10084171765 1.07686249557 0.726136632611 1.17002350134 1.83063336087 0.660857881858 1.69281605655 0.116257056758 0.162666457617 0.023544777638
-9999.0 -9999.0 -9999.0 -9999.0 -9999.0 -9999.0 -9999.0 -9999.0 -9999.0 -9999.0 -9999.0 -9999.0 1.02587151372 2.02430939401 0.892847511755 1.78404656104 0.689432791858 5.7901524364 7.01214998623 7.66659453768 0.54179422759 1.01308024528 11.3433893251 13.6415202751 14.0094421574 0.856091860242 0.789399923924 1.1150084125 0.163893526152 0.136867475893 0.245354058541 0.10837141375 17.6984533482 17.8147576839 17.9015108826 125.188508809 250.38472907 249.387316336 0.129646110087 0.0708494238005 0.0624413902547 0.270456833786 0.224582440498 0.803208484977 1.2600588361 2.54792002779 0.211718090085 0.209612197957 1.98884860782 2.15479309678 4.14576387389 4.23207848062 4.42230801633 4.46663389744
-9999.0 -9999.0 -9999.0 -9999.0 -9999.0 -9999.0 -9999.0 -9999.0 -9999.0 -9999.0 -9999.0 -9999.0 -9999.0 0.918750532932 1.84295498516 2.78752871032 4.30252959968 0.804156097321 0.651315048772 5.11442696308 5.65245300677 10.4568100708 11.0192317667 1.50672679402 0.467654789985 0.403409999891 0.379127721101 16.8716596121 17.0661207255 17.2421410553 17.3669324524 17.5919662152 1.80320919257 1.9218756052 19.9558182779 395.637930315 0.695589230258 0.51881253073 0.223830490127 0.0635187530668 0.0476902447088 0.391556079169 0.425175162486 0.883673101966 0.0390053349767 2.60428639841 0.309884191009 0.29978019846 0.0350485563092 0.0218872330188 0.0204015111878 0.0342170371275 0.0215120927695 4.48947125375
-9999.0 -9999.0 -9999.0 -9999.0 -9999.0 -9999.0 -9999.0 -9999.0 -9999.0 -9999.0 -9999.0 -9999.0 -9999.0 -9999.0 0.880266511811 1.72012573516 2.44386512301 3.16347193877 3.82074375561 4.51463585823 1.91838203255 3.20274878304 0.536950128259 0.495147614168 14.8113876925 15.7388969157 16.1333865959 16.5758246223 0.277031612537 0.468755782987 1.27430105115 1.50224627305 1.66023467905 0.15439422827 0.147063800241 396.134268217 0.176879135498 0.212256519292 0.111319049667 0.278276609354 0.124303818734 0.0843650430029 1.38036212222 1.46741957572 0.0415729071636 2.66040587215 3.00327537267 0.340175183368 61.3062033053 61.2469135074 61.1988185854 61.0641571615 60.9971268401 59.9240650998
-9999.0 -9999.0 -9999.0 -9999.0 -9999.0 -9999.0 -9999.0 -9999.0 -9999.0 -9999.0 -9999.0 -9999.0 -9999.0 -9999.0 0.220500887116 0.486242118136 0.747154096321 7.27512650837 7.95219725326 0.703679223194 0.646882373663 0.644821775239 12.7326006588 13.8960534434 0.532440660902 0.547363278935 0.350527160346 1.52121447459 1.8812660559 0.843598815001 1.06193556075 9.91271624939 10.1205516055 10.5773936133 16.1805964494 412.461133586 0.205696511122 0.0865828215925 0.441221977049 0.361923149201 0.0653339252981 0.223763029792 0.295014520808 1.55049508518 1.62073887879 4.73576881023 3.0238965005 0.364691189725 62.5763123915 0.593843780171 61.1499682973 61.1108718726 1.01303949465 0.0555712248912
-9999.0 -9999.0 -9999.0 -9999.0 -9999.0 -9999.0 -9999.0 -9999.0 -9999.0 -9999.0 -9999.0 -9999.0 -9999.0 -9999.0 1.11233448592 1.82602097019 3.70061201179 6.51823914362 8.65660302133 10.2925256192 10.943622197 11.6234025435 12.2347357308 0.550105320267 0.453363344825 0.875918769435 0.75839311376 0.407103522438 8.84412952199 9.18753330758 9.49151928771 9.7751192377 4.88030507261 5.07295740887 5.3879089354 412.590847796 0.377238314997 0.331366109243 0.841120491438 0.0742392847004 0.17563422172 0.10302878403 0.063410530304 0.374941607162 0.0508690735631 0.054924485513 67.6696460144 62.8931516023 62.8337460582 0.276300456776 0.552498377882 0.329475026697 0.0538659307906 0.86223151449
-9999.0 -9999.0 -9999.0 -9999.0 -9999.0 -9999.0 -9999.0 -9999.0 -9999.0 -9999.0 -9999.0 -9999.0 -9999.0 -9999.0 0.778629676651 0.728555512306 1.42794134034 2.1561060636 0.875086862507 0.920920330021 1.60682492774 2.26465992216 3.41431008473 3.98366139178 4.43961878054 5.80952463976 6.20524435136 6.64780260471 0.385645406571 4.03550041075 4.30734934908 4.54044355663 0.162837411896 0.106962004425 0.178477972036 418.352483309 418.47717896 419.106739046 1.08027526539 0.167759050989 0.275752488762 0.0666825874889 0.111809714049 0.430873080117 0.525116245193 0.0979219950784 67.9505635078 0.105977480884 0.153256928866 0.16626947122 0.137262847104 0.223405297309 0.088674011203 0.648068807971
-9999.0 -9999.0 -9999.0 -9999.0 -9999.0 -9999.0 -9999.0 -9999.0 -9999.0 -9999.0 -9999.0 -9999.0 -9999.0 -9999.0 -9999.0 0.688591827768 1.35153803222 0.655731873959 1.37516540363 8.32101079418 8.9252526916 9.53143669164 0.57463475206 0.578661003501 1.02580477034 1.49525273306 2.23629425581 2.6292392758 2.96328495443 3.31090581259 0.245678150041 0.202002834306 5.0644255208 5.23274151811 5.33016980576 5.44717793467 4.34571443328 423.936340399 425.689984153 425.762500134 426.096253261 426.403944284 426.570269772 0.046008704562 0.568402049248 67.9968336203 0.105826915652 0.0546950490605 0.0848698191783 0.0869447492613 0.139750743651 0.10253131101 0.0629734458874 0.111688121353
-9999.0 -9999.0 -9999.0 -9999.0 -9999.0 -9999.0 -9999.0 -9999.0 -9999.0 -9999.0 -9999.0 -9999.0 -9999.0 -9999.0 -9999.0 -9999.0 2.00440485314 2.67517951243 4.72425770355 6.22104616323 0.776444060603 11.0729116834 11.6254643454 12.1256912655 0.478975486519 0.926984090135 0.37065800077 3.01708222238 3.24501172394 3.63664053033 4.02385417927 4.73941925326 4.94146457559 0.117712932748 3.85470981254 4.09941718027 4.2351635233 4.70195671247 0.558675877739 0.333944683607 0.17491134743 0.154707709436 426.76498408 426.867312986 427.878493716 68.0445259936 0.331406780079 0.185039110866 0.12867589019 0.0323454543467 0.363311310178 0.179095579744 0.0544254416971 0.308060052818
-9999.0 -9999.0 -9999.0 -9999.0 -9999.0 -9999.0 -9999.0 -9999.0 -9999.0 -9999.0 -9999.0 -9999.0 -9999.0 -9999.0 -9999.0 -9999.0 0.703318667907 3.3675706423 4.09197890887 0.806266825452 0.657489963214 1.36087658137 1.94405460884 14.6028168552 0.468838080309 1.89872886581 2.29320739182 2.67858229367 0.285907566668 0.602939239125 0.73469964308 3.05103146743 3.35564373226 3.48780967318 0.131274327273 0.109200314221 0.117114350887 0.215093546389 0.0888529911708 0.091276616906 0.121628515579 0.0879623181424 0.129826347524 0.387187529554 427.97627134 496.248268111 0.425443820277 0.0931611725171 0.0410357215828 1.11150824844 1.03772522501 0.611428005572 0.544956565003 0.397745786846
-9999.0 -9999.0 -9999.0 -9999.0 -9999.0 -9999.0 -9999.0 -9999.0 -9999.0 -9999.0 -9999.0 -9999.0 -9999.0 -9999.0 -9999.0 0.594994481907 1.92715816093 0.630213679283 0.804548843431 0.775216747557 1.44797213746 2.10350614799 2.67089138025 17.8404405571 18.2782628538 0.457663673126 0.852252372213 1.25604281128 1.51616671241 1.78054845367 2.65935434146 2.92352702276 0.145889449545 0.116584270448 0.0891431020548 0.0885293801571 0.122181022485 0.144606965401 0.143337324089 0.167636015764 0.497893767531 0.223980414553 0.114192962381 0.111461148609 0.0827520488676 0.14883492362 500.075808165 3.34301964959 1.44589406262 0.192930764981 0.0910220130233 0.0537833118271 0.159428585791 0.0997969368478
-9999.0 -9999.0 -9999.0 -9999.0 -9999.0 -9999.0 -9999.0 -9999.0 -9999.0 -9999.0 -9999.0 -9999.0 -9999.0 -9999.0 0.612172659704 1.21022201176 4.3575935524 0.611059881387 1.53441149242 2.26433603054 2.89447956073 0.682292821125 1.2154000297 1.81238699279 20.6027559747 0.417166730387 0.77266399631 1.15185012278 0.31777192227 0.621049849924 0.745502944831 0.958114274427 33.1463432701 33.4024293524 33.6616169625 34.9726044463 35.2876667997 36.1552404017 0.285268273712 0.599647746771 0.621544488228 38.8642580906 39.0504878406 0.0996597093784 0.150924182006 0.200716213805 500.158549562 3.19558633798 1.49554465779 1.37903301064 1.16730632609 1.03370787987 0.210783886009 0.056888545258
-9999.0 -9999.0 -9999.0 -9999.0 -9999.0 -9999.0 -9999.0 -9999.0 -9999.0 -9999.0 -9999.0 -9999.0 -9999.0 -9999.0 0.626998654536 1.91578119898 6.91276626871 10.2972312549 0.547300483885 13.5023405391 16.9834949343 0.599514904581 1.1175269385 1.69859781644 25.4148827317 25.8650280191 0.317323329823 1.79833556956 2.07501463821 2.30614578158 31.2773463628 31.7497340738 32.0872893215 0.17281672437 0.921779511505 1.12006060357 0.446391730081 0.634359293482 37.0225866302 37.8950043591 38.0403564241 38.1746623061 39.1914671555 0.0680789602105 0.0601055958993 0.313308563858 500.26653397 0.133177004547 0.0379749723758 0.115184977383 0.048874668738 0.898012116668 0.806323242055 0.487252994867
-9999.0 -9999.0 -9999.0 -9999.0 -9999.0 -9999.0 -9999.0 -9999.0 -9999.0 -9999.0 -9999.0 -9999.0 -9999.0 -9999.0 -9999.0 -9999.0 1.3808552031 2.7889166728 12.2321174592 12.9256679617 17.5857948175 18.1901791807 0.579289770854 1.15966454956 2.62512113278 26.3655221771 27.1165365557 27.3881858518 0.210539541271 28.3371335597 28.8210879585 0.319029792528 0.168550803025 0.305350690816 0.600836213292 0.14834037281 0.290405932612 0.602237391154 0.754364798299 0.154731284292 0.0935722662748 0.181614198548 39.8611677717 40.0729163109 40.1232978705 40.5993912069 500.356512695 0.101287530957 0.0205933885536 0.0278117933549 0.0265151761984 0.0278602208613 0.0213597515015 0.03783041586
-9999.0 -9999.0 -9999.0 -9999.0 -9999.0 -9999.0 -9999.0 -9999.0 -9999.0 -9999.0 -9999.0 -9999.0 -9999.0 -9999.0 -9999.0 -9999.0 0.730271880425 0.712190725949 0.698354095083 1.36372079021 0.599185520019 19.3832300948 19.9266351023 0.521359263043 1.00421912891 0.472921135827 0.368510400481 0.351684768404 27.9443898812 0.156267584837 0.327690271278 0.17950527971 0.164805568729 0.148049646361 0.107062709823 0.113470479536 0.354164016188 0.492664571393 0.0902881144573 0.0774877363351 0.174929625215 0.305464494881 0.379378342233 0.105514152357 40.2206907593 40.6564881402 500.426798813 0.265480777896 0.0492132944356 0.01130080191 0.0342287721326 0.00806273670098 0.00508593125696 0.0438511517573
-9999.0 -9999.0 -9999.0 -9999.0 -9999.0 -9999.0 -9999.0 -9999.0 -9999.0 -9999.0 -9999.0 -9999.0 -9999.0 -9999.0 -9999.0 -9999.0 -9999.0 -9999.0 0.704100480405 2.00186510729 2.5575692376 3.14179759144 20.4898134696 21.0446785305 21.5710224769 22.0946645729 22.4318390823 23.1488806082 23.2978954595 23.4373145777 23.5490977275 0.131369712547 0.12062490855 0.135054403882 0.478528041141 0.132861906732 0.125713086724 0.0895370445687 0.263358781872 0.113713238347 0.0825579354034 0.0744995163207 0.0608007803923 0.121253301123 0.175789691821 41.0222661975 541.783152605 0.109909964266 0.19568389207 0.00746021917222 0.0425939465459 0.0201783316581 0.0102563753814 0.520859754264
-9999.0 -9999.0 -9999.0 -9999.0 -9999.0 -9999.0 -9999.0 -9999.0 -9999.0 -9999.0 -9999.0 -9999.0 -9999.0 -9999.0 -9999.0 -9999.0 -9999.0 -9999.0 -9999.0 0.57856577308 4.65671264802 9.06270249128 9.66213327376 0.711717083344 1.24191602561 1.72659259347 2.0815715464 4.64279334642 4.78170990071 0.134850099469 0.13138146252 23.8377684151 24.0745762519 24.1817301836 0.560768601844 0.0763775592654 0.21395789727 0.30837334424 0.916660293983 1.12749580044 1.28525389756 0.140255146688 0.193439248733 0.0672137904083 0.130475895571 0.0712578883955 541.912293371 0.0949111680032 0.382905060684 0.0914770685822 0.160736135931 0.676986288126 0.730685119806 1.29973804588
-9999.0 -9999.0 -9999.0 -9999.0 -9999.0 -9999.0 -9999.0 -9999.0 -9999.0 -9999.0 -9999.0 -9999.0 -9999.0 -9999.0 -9999.0 -9999.0 -9999.0 -9999.0 0.65271772005 2.09056583955 4.08772174208 5.33191156936 13.5049151245 14.1396227467 1.04458858527 1.53562597753 1.90911434061 2.2573904469 4.91570125977 5.18590257584 8.77369523935 9.02940980595 9.16481859071 24.2959776858 25.1561215638 0.200169632549 0.146635747898 0.137301586569 0.261952127588 0.117298442868 1.50972710109 1.5846854346 0.253234571439 0.317860907047 0.0829685472113 131.490983342 131.660819844 673.67201348 674.188133974 0.105786999155 0.378192795229 0.247050949623 0.178874135934 1.55043556584
-9999.0 -9999.0 -9999.0 -9999.0 -9999.0 -9999.0 -9999.0 -9999.0 -9999.0 -9999.0 -9999.0 -9999.0 -9999.0 -9999.0 -9999.0 -9999.0 -9999.0 -9999.0 -9999.0 0.752048843352 0.731995215612 1.3769035852 3.26189044345 14.7257292475 0.546497526925 0.536977076453 0.911166247773 1.30132512154 3.00582007304 3.20227531446 0.144854459383 0.167512779732 9.34011949992 9.47056696917 34.7463857951 34.8569485914 0.0684543304918 0.0586048926625 0.0487829654325 0.0493519471809 0.0551231322569 130.026506802 130.539796049 130.929925362 131.082675344 131.424809188 0.0882526920887 0.319455276026 0.385060984456 674.74277118 674.804965729 674.861663569 674.916417711 674.980135268
-9999.0 -9999.0 -9999.0 -9999.0 -9999.0 -9999.0 -9999.0 -9999.0 -9999.0 -9999.0 -9999.0 -9999.0 -9999.0 -9999.0 -9999.0 -9999.0 -9999.0 -9999.0 -9999.0 -9999.0 0.665894592784 0.699892776712 1.29456156857 17.2454304165 17.8098770678 0.518973933825 0.901899140337 1.30561592778 1.55119698863 0.198721143996 0.376083319712 35.1763313161 35.2998743437 35.4424840377 36.5104587012 71.4825332945 126.963758168 127.138839136 127.298923531 127.448890877 128.135353177 128.365433701 0.442499711103 0.192315739547 0.123136388027 0.227159179699 0.159143891127 0.255833482057 0.078865209709 1.83747681328 2.18496918815 2.47093060902 2.49724665451 675.012954231
-9999.0 -9999.0 -9999.0 -9999.0 -9999.0 -9999.0 -9999.0 -9999.0 -9999.0 -9999.0 -9999.0 -9999.0 -9999.0 -9999.0 -9999.0 -9999.0 -9999.0 -9999.0 -9999.0 -9999.0 -9999.0 0.681312845932 1.3044082043 1.93053220206 18.3107028912 0.486921066862 24.4687241794 24.8930204571 25.0876949709 25.2857358124 34.3879518415 34.6157255625 0.152268801711 0.786921541844 0.966057469617 0.165409650921 55.3096227427 55.0181329828 0.0818890036125 0.198849283167 0.555855573618 0.127897509145 0.143435537738 0.0990691455186 0.0827457376092 0.0599817128838 0.0750815440446 1.58615876296 1.66696776209 1.76367793352 0.278941717484 0.223514932828 2.61883157818 2.6703031941
-9999.0 -9999.0 -9999.0 -9999.0 -9999.0 -9999.0 -9999.0 -9999.0 -9999.0 -9999.0 -9999.0 -9999.0 -9999.0 -9999.0 -9999.0 -9999.0 -9999.0 -9999.0 -9999.0 -9999.0 -9999.0 0.616907564538 0.578644733784 3.01151306355 22.4964943492 23.5640969745 24.099020171 0.412576648407 8.49060154616 8.68930977838 8.8034069783 0.198248444734 0.377096534727 0.53365216062 12.4608269807 12.5747115498 12.6708592189 54.8397618397 34.9200673878 0.115218426157 0.122919784817 0.115255708634 0.0866966308856 0.952953881318 1.14809799741 1.31378177027 1.41070991965 1.50294396712 11.4702693172 11.5251938826 11.6013989729 11.7580945645 12.5806378063 12.6077586281
-9999.0 -9999.0 -9999.0 -9999.0 -9999.0 -9999.0 -9999.0 -9999.0 -9999.0 -9999.0 -9999.0 -9999.0 -9999.0 -9999.0 -9999.0 -9999.0 -9999.0 -9999.0 -9999.0 -9999.0 -9999.0 -9999.0 1.21076914044 1.8548250365 0.62889562502 0.542881210787 7.1485405332 7.58799453106 7.8609358103 2.5646843568 2.71257346047 2.87857499396 3.03667080811 12.1863018718 12.364409854 6.8890902885 19.6970780154 19.8216044632 34.8329390008 0.249235766188 0.127263560562 0.0803848456397 0.663092899217 0.781392052579 0.0669964507311 0.0618151082842 11.1452845167 11.3201514285 11.4107426303 0.0695745476955 0.108078638062 12.4465667984 0.0754643890372 0.248771574067
-9999.0 -9999.0 -9999.0 -9999.0 -9999.0 -9999.0 -9999.0 -9999.0 -9999.0 -9999.0 -9999.0 -9999.0 -9999.0 -9999.0 -9999.0 -9999.0 -9999.0 -9999.0 -9999.0 -9999.0 -9999.0 -9999.0 0.609858379656 1.20622054343 5.01132055346 5.64283331004 6.17025132109 2.07144927959 2.40166938439 0.188915267538 8.68364997129 8.83770759716 8.98367123667 0.15942881376 6.56702325346 6.7543424659 0.128148708519 34.1772092007 0.287135895401 0.140816932245 0.365920374669 0.493762493438 0.0916919100783 0.0701704501828 10.2564359704 10.9844250818 11.0948335269 0.107637834026 0.223134390106 0.275332774438 0.327869253935 0.640759818041 0.0898927254276 0.206769016063
