data/baseflow/History/mHMbfrc375
ncols                  80
nrows                 72
xllcorner      4374000.0
yllcorner      5656000.0
cellsize            500
NODATA_value       -9999
[rows 0 to 23 of 72, columns 0 to 54 of 80]
-9999.0 -9999.0 -9999.0 -9999.0 -9999.0 -9999.0 -9999.0 -9999.0 -9999.0 -9999.0 -9999.0 -9999.0 1.24004364948 0.946241515222 -9999.0 -9999.0 -9999.0 -9999.0 -9999.0 -9999.0 -9999.0 -9999.0 -9999.0 -9999.0 -9999.0 -9999.0 -9999.0 -9999.0 -9999.0 -9999.0 -9999.0 -9999.0 -9999.0 -9999.0 -9999.0 -9999.0 -9999.0 -9999.0 -9999.0 -9999.0 -9999.0 -9999.0 -9999.0 -9999.0 -9999.0 -9999.0 -9999.0 -9999.0 -9999.0 -9999.0 -9999.0 -9999.0 -9999.0 -9999.0 -9999.0
-9999.0 -9999.0 -9999.0 -9999.0 -9999.0 -9999.0 -9999.0 -9999.0 -9999.0 -9999.0 -9999.0 -9999.0 2.50255410466 5.29050548314 0.80971418829 -9999.0 0.641252994606 -9999.0 -9999.0 -9999.0 -9999.0 -9999.0 -9999.0 -9999.0 -9999.0 -9999.0 -9999.0 -9999.0 -9999.0 -9999.0 -9999.0 -9999.0 -9999.0 -9999.0 -9999.0 -9999.0 -9999.0 -9999.0 -9999.0 -9999.0 -9999.0 -9999.0 -9999.0 -9999.0 -9999.0 -9999.0 -9999.0 -9999.0 -9999.0 -9999.0 -9999.0 -9999.0 -9999.0 -9999.0 -9999.0
-9999.0 -9999.0 -9999.0 -9999.0 -9999.0 -9999.0 -9999.0 -9999.0 -9999.0 -9999.0 1.26748990698 1.22344466806 1.24650888974 1.20142060707 7.61840873256 8.5085733857 1.8037356412 0.575468509041 -9999.0 -9999.0 -9999.0 -9999.0 -9999.0 -9999.0 -9999.0 -9999.0 -9999.0 -9999.0 -9999.0 -9999.0 -9999.0 -9999.0 -9999.0 -9999.0 -9999.0 -9999.0 -9999.0 -9999.0 -9999.0 -9999.0 -9999.0 -9999.0 -9999.0 -9999.0 -9999.0 -9999.0 -9999.0 -9999.0 -9999.0 -9999.0 -9999.0 -9999.0 -9999.0 -9999.0 -9999.0
-9999.0 -9999.0 -9999.0 -9999.0 -9999.0 -9999.0 -9999.0 -9999.0 -9999.0 1.23129802983 2.49175297526 4.93601917169 2.4151896759 1.17930788302 2.33867245523 9.66426548179 12.8958913287 0.673108077501 -9999.0 1.22962583123 -9999.0 -9999.0 -9999.0 -9999.0 1.2553412703 0.633490390833 -9999.0 -9999.0 -9999.0 -9999.0 -9999.0 -9999.0 -9999.0 -9999.0 -9999.0 -9999.0 -9999.0 -9999.0 -9999.0 -9999.0 -9999.0 -9999.0 -9999.0 -9999.0 -9999.0 -9999.0 -9999.0 -9999.0 -9999.0 -9999.0 -9999.0 -9999.0 -9999.0 -9999.0 -9999.0
-9999.0 -9999.0 -9999.0 -9999.0 -9999.0 -9999.0 -9999.0 -9999.0 1.312068453 3.8041685365 4.99744424534 6.20069918423 8.5172162873 1.15012171807 4.60907702578 5.75166981638 20.463702561 1.00465477286 1.11492646326 2.36724901125 3.47864001613 1.14229124473 -9999.0 3.36798471662 2.76107890856 0.78697938837 -9999.0 -9999.0 -9999.0 -9999.0 -9999.0 -9999.0 -9999.0 -9999.0 -9999.0 -9999.0 -9999.0 -9999.0 -9999.0 -9999.0 -9999.0 -9999.0 -9999.0 -9999.0 -9999.0 -9999.0 -9999.0 -9999.0 -9999.0 -9999.0 -9999.0 -9999.0 -9999.0 -9999.0 -9999.0
-9999.0 -9999.0 -9999.0 -9999.0 -9999.0 -9999.0 1.34267189566 1.26078144635 1.22087186575 1.22981165136 1.23491115816 8.67417726743 18.3839974207 19.5713357435 20.6623013216 1.07526372651 22.6046055932 23.7014881874 2.23399406217 1.11565634961 4.57262741688 7.94684299554 1.09096850271 6.64598628691 1.21609782128 1.1627529426 1.28361308032 -9999.0 -9999.0 -9999.0 -9999.0 -9999.0 -9999.0 -9999.0 -9999.0 -9999.0 -9999.0 -9999.0 -9999.0 -9999.0 -9999.0 -9999.0 -9999.0 -9999.0 -9999.0 -9999.0 -9999.0 -9999.0 -9999.0 -9999.0 -9999.0 -9999.0 -9999.0 -9999.0 -9999.0
-9999.0 -9999.0 -9999.0 -9999.0 -9999.0 -9999.0 2.65172716774 3.91554363522 8.90557063343 12.531175803 1.15682039453 1.18391191 1.15037924071 3.39337889497 25.1353085868 1.04719347761 24.7772088627 28.9689765328 3.28572877538 2.16780099118 9.00799473775 1.11580726971 7.75583536637 2.25896694902 1.14180807606 2.28042022212 2.46043251675 1.17476696684 1.18339329348 1.17309283082 1.20597406377 2.42442248688 -9999.0 -9999.0 -9999.0 -9999.0 -9999.0 -9999.0 -9999.0 -9999.0 -9999.0 -9999.0 -9999.0 -9999.0 -9999.0 -9999.0 -9999.0 -9999.0 -9999.0 -9999.0 -9999.0 -9999.0 -9999.0 -9999.0 -9999.0
-9999.0 -9999.0 -9999.0 -9999.0 -9999.0 1.35981503952 2.67087740995 1.29349670307 2.54128804945 13.7859858076 16.1627735473 18.5290302095 57.5463166745 1.11870759576 26.2572803976 92.2007796572 93.0095027675 123.33418506 0.870711960406 3.22555882248 10.0764645525 1.06387005204 20.3285491382 11.4858828481 7.02446222131 5.89309684716 1.23163156226 3.50124175261 3.47754554387 2.32529318856 1.15087966303 3.60425260093 1.15396714393 1.15005538431 -9999.0 -9999.0 -9999.0 -9999.0 -9999.0 -9999.0 -9999.0 -9999.0 -9999.0 -9999.0 -9999.0 -9999.0 -9999.0 -9999.0 -9999.0 -9999.0 -9999.0 -9999.0 -9999.0 -9999.0 -9999.0
-9999.0 -9999.0 -9999.0 -9999.0 -9999.0 1.35935732177 3.98567706218 7.94922642338 9.19961617908 18.2012112636 19.411095231 23.1317771741 37.8960206805 60.6435760566 62.8493968948 63.8669335553 2.01183449196 126.873451175 128.686306626 133.990990698 168.702019795 23.5701424413 21.4384621928 8.13217440829 1.09935820567 6.91986672347 4.62643249702 1.09396866365 4.56809153238 1.0642372347 2.1842819887 5.84335305625 6.96563466478 2.27088021438 1.11613203648 1.1220580276 -9999.0 -9999.0 -9999.0 -9999.0 0.666635838264 0.567162025432 -9999.0 -9999.0 -9999.0 -9999.0 -9999.0 -9999.0 -9999.0 -9999.0 -9999.0 -9999.0 -9999.0 -9999.0 -9999.0
-9999.0 -9999.0 -9999.0 -9999.0 -9999.0 1.34195947935 1.29613268216 5.23135689477 6.48596752683 7.76786619359 1.25481157605 2.49861774993 13.8916134744 2.47715602547 1.20583441082 1.15529010484 1.07480764057 1.15309531118 1.13161284996 1.13855371582 169.79337005 173.000849715 1.0623803803 3.24736659173 2.19288093989 8.00376892222 2.19345796059 1.08196190647 5.67498787662 2.09994969954 5.01805443021 12.4020731113 11.4507738718 3.37838466721 3.34403846152 1.12440538075 1.12847662824 -9999.0 -9999.0 1.12774999836 1.53626876333 3.2928364204 0.600086513391 -9999.0 -9999.0 -9999.0 -9999.0 -9999.0 -9999.0 -9999.0 -9999.0 -9999.0 -9999.0 -9999.0 -9999.0
-9999.0 -9999.0 -9999.0 -9999.0 -9999.0 -9999.0 1.34432388801 1.32262236881 2.62272319059 3.90630057121 8.93249389808 11.4564838789 12.7078805564 1.28527331498 1.13608382906 14.4384627593 17.8561321739 18.9689673591 23.5074851806 24.6034901789 1.09505928842 174.086059661 179.458132479 4.30166315409 0.980807056666 9.04290828383 20.0805284255 7.81410412661 2.11463385461 1.05788154665 19.4999091775 13.4723946517 1.05569714129 1.05920832297 4.41507708625 3.33827711245 1.0951675096 1.09938002046 1.1067142719 2.21831883061 1.09254320606 4.00796209045 5.08985353154 1.10333514386 -9999.0 -9999.0 -9999.0 -9999.0 1.21138396611 1.17681322824 0.318306241266 -9999.0 -9999.0 -9999.0 -9999.0
-9999.0 -9999.0 -9999.0 -9999.0 -9999.0 -9999.0 -9999.0 1.34692509646 1.23322158034 2.511133858 3.78841278249 1.27506060231 1.20818850389 7.36952634912 9.7649346779 12.1776893469 1.1519062547 2.31125395812 1.13985899398 25.6997838077 56.3078987774 56.9740585892 238.367025808 1.07977096636 2.92817221316 0.954508339652 21.1191585405 1.04396982232 3.1847770806 1.0491105577 20.5487601549 21.5905055379 2.11088741308 2.10415207158 11.0397727477 5.53345021426 2.19471328741 1.1023407863 2.21778228039 3.31484351649 5.47023535243 1.07387889159 7.34570101578 8.47350843603 1.04454844062 1.08040471302 1.14734663835 1.09419799129 1.06091984658 3.50241957741 1.31154857868 0.88103287014 -9999.0 -9999.0 -9999.0
-9999.0 -9999.0 -9999.0 -9999.0 -9999.0 -9999.0 -9999.0 -9999.0 2.54358231169 3.75668923833 1.26330090361 2.53744854581 3.75580611469 6.21743366204 1.25846891035 1.23336120678 1.1381920486 1.15458801941 1.10453070971 28.391241097 1.14932306023 2.27798534701 241.436189437 243.997245665 1.46825700431 5.83047795067 28.0401664731 2.07362341634 4.17760049303 2.0191682998 3.00224383663 25.6890365111 3.11108323542 16.2092383124 13.1104551886 1.04171476456 5.42746270207 2.1761391404 3.28516825383 1.07055897587 6.54339392141 8.70741077293 9.72050007214 10.7049322503 12.4881844891 2.0144700495 2.1238259476 2.02864193678 1.95246408539 4.47914953391 0.953234835173 3.14978305577 4.05381346355 -9999.0 -9999.0
-9999.0 -9999.0 -9999.0 -9999.0 -9999.0 -9999.0 -9999.0 -9999.0 1.29839597307 6.32620611584 7.57329275628 1.25210499424 2.4768394477 1.22594072067 1.19551404022 1.17630145953 14.358533858 19.1943971435 23.5541984743 27.6886148605 1.04623195121 1.13847258495 1.36857151953 249.158570282 251.733648263 253.090257933 37.9183619272 8.41627800433 7.28143276777 0.979469634642 3.9762282568 30.6507447355 0.986712886116 17.2023507851 1.03457296857 6.99670146537 6.51146424832 1.06456575625 4.34367323656 2.12681435628 3.17535439631 1.07564279051 0.980916545242 11.6824440834 12.6131475139 13.4171583116 3.09624408682 2.97432800128 2.88596313847 5.45385840907 7.36365695706 0.950923123194 4.96825191673 0.942520297446 1.84593570388
-9999.0 -9999.0 -9999.0 -9999.0 -9999.0 -9999.0 -9999.0 -9999.0 -9999.0 1.29041368858 8.83445458119 10.0795927793 3.71150383346 6.1582345529 8.54248287012 9.73178145111 1.19723184046 3.69626552759 2.43204044333 1.19783321489 1.20961350128 1.15281621013 2.35312645138 4.12230849266 1.54729466797 293.834416948 295.297256561 1.39868637068 1.05354248616 1.97772467597 2.96398670008 33.5766579507 1.94543837906 18.1365882022 10.9329796369 8.93821438446 1.04148507579 2.09325747976 5.3584612739 1.01001516795 4.17363706397 2.0643414855 1.82459391279 0.891641570237 15.2626507303 29.4834232501 3.84095993655 3.7358259814 3.75027129891 0.854922516034 8.21577905427 0.840845972026 6.76225046791 0.881804288443 2.73616780258
-9999.0 -9999.0 -9999.0 -9999.0 -9999.0 -9999.0 -9999.0 -9999.0 -9999.0 -9999.0 1.22355877838 12.5445676779 1.23407049366 2.45723022251 3.6286609805 6.00938337192 1.22529934338 2.50910457956 1.24198095864 1.21227998282 1.16245201995 2.30970002516 1.0989645139 1.30500987635 2.83440753161 1.57390175273 296.625155106 299.356046368 303.246163801 4.1114480713 0.997823753547 1.98910487614 34.570640754 33.9833015912 12.962456568 1.01074444158 4.14966496666 3.11991111556 6.37557915916 2.02414646537 8.23566751752 3.05511600532 2.76952177716 0.828715860588 0.908616748924 30.4510506504 31.3172699749 39.6857748122 6.37306141192 1.74179604138 9.11171600931 10.8280819186 18.4216060473 1.74472449311 0.842804087006
-9999.0 -9999.0 -9999.0 -9999.0 -9999.0 -9999.0 -9999.0 -9999.0 -9999.0 -9999.0 -9999.0 0.662047618647 14.0365310496 1.19844475236 2.36222529782 10.7765644885 1.25188378041 1.25236878279 1.1441755404 2.37897274277 1.15044366267 4.60728641204 6.80022316404 7.85664012575 3.93648952957 5.23121913038 1.44245382888 1.5564999506 1.39232191634 309.518756575 312.594611416 35.5159965587 35.8375035531 34.9162480759 1.94000636532 0.953803732714 5.12195544601 13.4514375219 7.35959589876 3.00575413464 12.201806557 6.26712900087 5.33218100167 1.6808472761 0.741415583812 0.71231887479 0.750127483514 42.9985108351 51.9628893936 0.8430294544 0.799867397227 0.831526406209 19.2406354292 21.7873326858 1.59229855733
-9999.0 -9999.0 -9999.0 -9999.0 -9999.0 -9999.0 -9999.0 -9999.0 -9999.0 -9999.0 -9999.0 0.624468396134 15.5725534432 19.20695989 1.16633271675 13.1210444518 1.18654050923 1.14458542946 2.2715476745 5.786927812 1.13537167581 1.16410484664 1.08513991047 10.031703168 11.0885626029 17.408841153 19.9808410001 21.3010451648 22.6662887471 24.0444656792 337.905113032 375.881646507 414.00856824 414.959360187 1.07862461411 0.96859301424 15.3969327687 14.4315560479 0.96951945714 0.962217561888 13.1280474186 20.3555820805 0.892336103886 10.874747722 10.0006083006 3.28111965668 1.58906363677 2.48715664481 0.929964788949 53.6265669042 0.846961815831 2.46873286196 3.17352791774 27.4416239367 29.8112043899
-9999.0 -9999.0 -9999.0 -9999.0 -9999.0 -9999.0 -9999.0 -9999.0 -9999.0 -9999.0 -9999.0 1.27457220016 2.4679435828 20.3885955217 22.6645184232 1.14599855149 15.1646572346 1.07499135306 3.27747572139 6.86969265183 2.2268809165 1.08974787844 2.21194785302 1.02515555559 2.02264133367 1.01079320116 0.981946689577 0.934749680448 0.904933452448 0.961762135223 1.08569637344 1.26724631949 1.3770000293 1.43285587592 418.569131903 19.6878051038 17.6424466665 1.07028176443 2.86297171331 0.76944035769 0.620645388608 21.2806516853 34.9390150285 11.8415838121 8.39720939928 1.77307739969 0.819545766542 0.779851957278 1.58752605133 56.0357408727 57.6159954399 0.815395374079 0.826613433362 0.853763725776 0.807899509861
-9999.0 -9999.0 -9999.0 -9999.0 -9999.0 -9999.0 -9999.0 -9999.0 -9999.0 -9999.0 -9999.0 -9999.0 1.1896007649 15.0483084282 38.8772935158 42.353886145 58.5681337064 59.4102714489 15.3804050366 11.29623459 3.33361241939 1.08248209793 4.36058103239 5.41299167648 8.45464289641 2.04755838025 1.98450180867 1.94705187994 3.84554814182 1.94548795962 2.0526104907 0.93326348099 0.899699289388 1.06264910175 419.726225804 439.988139608 441.06154394 1.10818794098 8.35590966303 3.30615092246 0.972556270831 37.8484772607 1.99894024047 1.01931072759 4.15631554185 0.983338899015 0.931387007679 1.7703104906 2.50002442809 3.27502870754 59.004814375 0.671149288032 0.603091214519 0.606859507424 0.548079489268
-9999.0 -9999.0 -9999.0 -9999.0 -9999.0 -9999.0 -9999.0 -9999.0 -9999.0 -9999.0 -9999.0 1.24363269584 11.4307898719 13.8740300069 2.34928808318 0.709338210788 1.69778891794 62.2147856347 63.1389492235 79.3435269148 1.04686153761 2.12319762704 1.00537708945 1.01819046634 9.45986302294 12.5113368529 15.4571244856 0.954610638471 4.8008137881 7.68698491113 4.81839277419 1.85500033342 1.76712577278 1.88393598936 1.92980290748 1.10535158048 442.016014301 442.882640661 453.057052475 1.7501011638 0.892649969061 38.4353057988 2.05506054235 1.04391972192 1.07516154272 1.06636529622 1.01623214144 1.97174745571 5.63091527271 9.72870902407 69.3998771577 0.522256890628 1.58087981659 1.07632322903 0.977401922234
-9999.0 -9999.0 -9999.0 -9999.0 -9999.0 -9999.0 -9999.0 -9999.0 -9999.0 -9999.0 -9999.0 1.26522155729 7.7637187234 1.23723506627 1.1694918803 5.76942894339 6.86258009118 7.97922835637 9.08006888606 107.620658568 108.544093767 110.528626446 125.015856571 128.154813142 130.104464041 131.132835115 149.163588612 151.803704025 152.756856104 161.446492172 167.251560685 168.173726335 171.736650225 2.77003869944 2.76725398883 0.923965572813 0.950572811453 443.81964468 456.65059901 2.69890748064 43.7390099662 42.9526405251 3.98558504785 0.981332784004 0.993104671386 0.973847381696 0.95794056205 1.92830131911 2.84342978527 0.900688568211 70.0392694411 70.7095900033 73.9522582394 74.518612915 76.0273470039
-9999.0 -9999.0 -9999.0 -9999.0 -9999.0 -9999.0 -9999.0 -9999.0 -9999.0 -9999.0 -9999.0 3.93743588998 5.21977075421 2.48481597005 3.6838404313 1.18892004056 13.5834065774 14.734025117 17.0271381163 18.0993232902 7.82214859429 119.90807323 120.865021541 1.09070635021 0.933861515547 0.906765056116 1.88103733885 0.954321305963 0.880694453011 0.852336376861 0.850591037632 169.089738934 172.652254801 176.223602774 179.718407907 183.208621474 1.73897754617 0.65467904682 502.820838553 45.3284442431 44.5443533921 0.904760617318 0.874717183202 0.840559074752 1.84052392131 1.82383557987 0.855894003368 0.857940465632 0.818931330198 1.70998301271 2.31755373907 0.472304151425 0.870497022565 0.386526306405 0.370284015813
-9999.0 -9999.0 -9999.0 -9999.0 -9999.0 -9999.0 -9999.0 -9999.0 -9999.0 -9999.0 -9999.0 -9999.0 2.65555999684 1.26436709425 1.21709258516 11.2925581712 12.4649209722 1.16985718228 4.69535449034 5.80812267458 6.88675627283 1.12924608532 1.07021630394 19.6964479494 20.6557252769 21.5995424289 55.4445405876 56.3003183303 57.9777928451 64.4782839047 69.2742769105 70.0812654674 0.782260900141 0.799073501318 0.728270667847 184.525353215 0.68654505669 511.652345193 510.580667587 6.94944183696 6.02184115881 3.52179135639 0.886731032166 1.6744908361 2.67859870637 2.66331635249 1.68529014179 0.832473324628 1.64223986456 1.63259735564 3.06198842671 0.52074568519 1.4229225089 2.36758631941 3.15021664723
