data/baseflow/History/mHMbfrc562
ncols                  80
nrows                 72
xllcorner      4374000.0
yllcorner      5656000.0
cellsize            500
NODATA_value       -9999
[rows 24 to 47 of 72, columns 0 to 53 of 80]
-9999.0 -9999.0 -9999.0 -9999.0 -9999.0 -9999.0 -9999.0 -9999.0 -9999.0 -9999.0 -9999.0 -9999.0 1.07341774762 2.93056575161 3.79068097045 6.35664939817 0.665667170456 1.37331238912 1.98809685906 8.07648441827 8.53157479881 8.90272911536 9.26789067559 9.71761533101 14.1406749495 15.3766499112 16.0323198373 0.254670373023 1.52300622625 1.75560944341 29.8516647009 30.5767723495 30.9337440028 31.3076795469 31.5451996505 124.384435471 0.193192339869 245.627784653 0.219717368911 0.101343529185 1.38707727464 1.21658578218 0.154763618961 0.645065168677 1.03003469444 1.00218662792 0.670463241 1.08134127179 1.69154929632 0.619658918449 1.56906627262 0.11195640621 0.168653437089 0.0270498221757
-9999.0 -9999.0 -9999.0 -9999.0 -9999.0 -9999.0 -9999.0 -9999.0 -9999.0 -9999.0 -9999.0 -9999.0 0.987031123023 1.9529685853 0.877650787345 1.74217474388 0.679158734952 5.67569382012 6.87950040342 7.52105856431 0.529574702277 1.00684606679 11.1203165461 13.4021139377 13.7858521318 0.819809850343 0.80563180188 1.15759874609 0.187181901761 0.159996170609 0.289697617437 0.118456460393 17.204435457 17.3250860636 17.4206385623 124.571331887 246.666631811 245.709464359 0.149611966407 0.0832304160208 0.0740810057769 0.300101176313 0.244153867045 0.772922505175 1.188008968 2.38953374334 0.199642547642 0.197462883957 1.84501782666 2.00717816942 3.85599415233 3.93700106455 4.13625062874 4.18655468854
-9999.0 -9999.0 -9999.0 -9999.0 -9999.0 -9999.0 -9999.0 -9999.0 -9999.0 -9999.0 -9999.0 -9999.0 -9999.0 0.905892792798 1.81194915511 2.73516122988 4.21541389244 0.78460367149 0.640905684798 4.96860283986 5.49641583105 10.217549381 10.7752887723 1.48719003863 0.44906056378 0.38251857921 0.360411032978 16.3016761957 16.5006879431 16.6944225834 16.8388106329 17.0891977038 1.85583227396 1.95969432934 19.4982096917 390.818466464 0.691242514578 0.526364544854 0.244533867357 0.0681482045263 0.055688672357 0.441641915458 0.480618923525 0.868922942029 0.0473252564324 2.45427181634 0.300755539657 0.291932453321 0.0415237696616 0.025896342827 0.0232557619373 0.0300696853472 0.0240115178832 4.21163982125
-9999.0 -9999.0 -9999.0 -9999.0 -9999.0 -9999.0 -9999.0 -9999.0 -9999.0 -9999.0 -9999.0 -9999.0 -9999.0 -9999.0 0.851373994301 1.66174754036 2.35853771164 3.05112980913 3.69699428663 4.37697129621 1.87816978021 3.1365895289 0.533315860094 0.483188246948 14.3286643129 15.2233773131 15.6013802113 16.0227066113 0.267440112602 0.459938296489 1.26043925404 1.53761635962 1.71298583544 0.138706269129 0.124069546595 391.241653127 0.15881864053 0.20395906905 0.111887155988 0.288885838552 0.130409169303 0.0847974321708 1.41820993349 1.49368225064 0.0373876690182 2.50336326116 2.84781570793 0.34964455966 58.2875726694 58.2177409686 58.1636806514 58.0408079522 57.9858530624 56.9259036379
-9999.0 -9999.0 -9999.0 -9999.0 -9999.0 -9999.0 -9999.0 -9999.0 -9999.0 -9999.0 -9999.0 -9999.0 -9999.0 -9999.0 0.212129910256 0.469584845696 0.719864730113 7.01999875436 7.68505156427 0.689977187314 0.633063784435 0.63187000989 12.3106943439 13.4440112032 0.516178790624 0.528827853733 0.335694747164 1.47204000368 1.82286414504 0.822041451534 1.051971845 9.62690314491 9.83451857336 10.2401021019 15.6984302484 407.057431368 0.183599489143 0.082290695002 0.4469558384 0.369160865774 0.0592359210994 0.211421924293 0.275664281295 1.56764099036 1.62841937584 4.57450395053 2.86562592065 0.37465073002 59.4478776183 0.509439976298 58.1143170997 58.0810617897 1.00717223076 0.0466701305084
-9999.0 -9999.0 -9999.0 -9999.0 -9999.0 -9999.0 -9999.0 -9999.0 -9999.0 -9999.0 -9999.0 -9999.0 -9999.0 -9999.0 1.07446644638 1.76284215089 3.57105829229 6.2871713897 8.35986764983 9.93568216339 10.5712026247 11.2324115688 11.8265417882 0.536263493633 0.436852624831 0.846078109986 0.729098211026 0.400353611712 8.58234894973 8.91642512158 9.20974695982 9.48434696447 4.77734283923 4.98769463879 5.27580494358 407.15974063 0.33862123188 0.311468946455 0.825470347253 0.0718419847665 0.155651499096 0.0910921964147 0.0571029744989 0.345825194906 0.0436774136768 0.0472999628534 64.3222700915 59.7171395907 59.6695326712 0.241778370063 0.471213547315 0.28174615766 0.0462800371285 0.877847855616
-9999.0 -9999.0 -9999.0 -9999.0 -9999.0 -9999.0 -9999.0 -9999.0 -9999.0 -9999.0 -9999.0 -9999.0 -9999.0 -9999.0 0.751353776358 0.703545605182 1.37870285998 2.08021490124 0.84500323198 0.901820589144 1.57308339931 2.21731896256 3.3475054486 3.90137664056 4.33446639158 5.64977336082 6.0227419807 6.45357340901 0.384149201263 3.89165808186 4.1589020224 4.40466377068 0.189005328952 0.133521153852 0.211487299419 412.76877703 412.864735582 413.413673022 1.04818987349 0.158171122548 0.244529974752 0.0602061595874 0.099361864611 0.394394797524 0.475261241629 0.083620089954 64.558265265 0.0894874236223 0.132597791559 0.14448676553 0.116467937735 0.192416833502 0.075238698146 0.651250567516
-9999.0 -9999.0 -9999.0 -9999.0 -9999.0 -9999.0 -9999.0 -9999.0 -9999.0 -9999.0 -9999.0 -9999.0 -9999.0 -9999.0 -9999.0 0.665002794892 1.30454290445 0.633084042837 1.32756613197 8.00645214491 8.58854623835 9.18154180237 0.559931963884 0.563116819328 0.989028174014 1.43945256031 2.13763584995 2.51561258143 2.84005304344 3.181006017 0.237381294369 0.206390972817 4.91476186613 5.08715223275 5.18110194796 5.28979690026 4.20967229037 418.054245494 419.708372647 419.758121912 420.036158274 420.297131465 420.423053139 0.0375009721885 0.511485960625 64.5919809622 0.0835759708925 0.0432420003358 0.070378553855 0.074022029874 0.118561117625 0.0878675153016 0.0543833410639 0.10004581409
-9999.0 -9999.0 -9999.0 -9999.0 -9999.0 -9999.0 -9999.0 -9999.0 -9999.0 -9999.0 -9999.0 -9999.0 -9999.0 -9999.0 -9999.0 -9999.0 1.93393624601 2.57763046364 4.54419896181 5.97859469978 0.741537991845 10.6613482251 11.196411069 11.6761875813 0.454650921246 0.880255144797 0.345998960481 2.86179214493 3.0874406077 3.47654740999 3.864953799 4.57889670227 4.76369915692 0.11000194032 3.7599067107 3.98472566429 4.10871827967 4.54148923348 0.519543380238 0.308604938127 0.162725345947 0.143483420706 420.57600865 420.640533217 421.500097393 64.6254234541 0.269528333934 0.154626245145 0.107407950259 0.0269855842789 0.310948751608 0.154677950802 0.046785668955 0.270131336637
-9999.0 -9999.0 -9999.0 -9999.0 -9999.0 -9999.0 -9999.0 -9999.0 -9999.0 -9999.0 -9999.0 -9999.0 -9999.0 -9999.0 -9999.0 -9999.0 0.675125368942 3.24281181782 3.93777226587 0.771464003931 0.64256248465 1.33822967303 1.91480725693 14.1042344492 0.446947609377 1.80761488218 2.1774649002 2.53862358561 0.282242997477 0.594042675604 0.73369224604 2.96381789149 3.29223835159 3.41865093748 0.12327887135 0.100357668677 0.109265672196 0.202294343519 0.0865382278169 0.0877297746363 0.106528078423 0.0811525538202 0.105957630612 0.321381949259 421.562594806 486.349008806 0.348775421177 0.0797461249971 0.033913946579 0.960419735037 0.898545368938 0.533768169876 0.476966179555 0.34942676109
-9999.0 -9999.0 -9999.0 -9999.0 -9999.0 -9999.0 -9999.0 -9999.0 -9999.0 -9999.0 -9999.0 -9999.0 -9999.0 -9999.0 -9999.0 0.571591997418 1.84827757415 0.603580246256 0.772183222343 0.75247964547 1.40734354954 2.04800946212 2.5876078417 17.2248591614 17.6396711122 0.434465770753 0.804466497275 1.18381470879 1.42978220544 1.69246386691 2.59925932849 2.84193488261 0.178272669037 0.117026309418 0.0781503667807 0.0718423329597 0.111668312987 0.128816948489 0.132156427425 0.158185766047 0.42962638161 0.192094161666 0.0947253016413 0.0925522872736 0.0664072326814 0.118695688727 490.000772773 3.27568834193 1.24985616632 0.1709774359 0.0815031746143 0.0457101360636 0.135759700677 0.0846888657132
-9999.0 -9999.0 -9999.0 -9999.0 -9999.0 -9999.0 -9999.0 -9999.0 -9999.0 -9999.0 -9999.0 -9999.0 -9999.0 -9999.0 0.588934259522 1.1627555417 4.17862115142 0.582659807081 1.46531579967 2.17681396121 2.79020213542 0.663255927264 1.17622656963 1.73835647914 19.8552067006 0.394979750212 0.726698072161 1.08215786641 0.304472186228 0.597055623831 0.749677554454 0.946152175888 31.8320336099 32.0910394718 32.342753807 33.5806359442 33.8482211497 34.6211167377 0.256766645662 0.545260523054 0.534112437872 36.9991585814 37.1495841072 0.0821731372714 0.122110103022 0.160817034942 490.048576346 3.14945616719 1.66965187563 1.56408926498 1.1593346301 0.962248324724 0.179003249878 0.0482632175253
-9999.0 -9999.0 -9999.0 -9999.0 -9999.0 -9999.0 -9999.0 -9999.0 -9999.0 -9999.0 -9999.0 -9999.0 -9999.0 -9999.0 0.6031235032 1.84242354435 6.63488939029 9.87833578648 0.519436614779 12.9298090462 16.2742090334 0.580955459362 1.07871070918 1.62648477908 24.4394504859 24.8522288103 0.28748020289 1.66927304534 1.92360759694 2.15224161377 29.9563265378 30.4558132089 30.7771969606 0.161073825695 0.869748602759 1.05538978317 0.401064063544 0.565602053722 35.3952725312 36.1781188158 36.3005593704 36.4125724193 37.2600516243 0.0539766336577 0.0472625013081 0.248876067555 490.117823177 0.120443247224 0.121567527618 0.317910358206 0.120901231836 0.843192944577 0.69721857492 0.42304521614
-9999.0 -9999.0 -9999.0 -9999.0 -9999.0 -9999.0 -9999.0 -9999.0 -9999.0 -9999.0 -9999.0 -9999.0 -9999.0 -9999.0 -9999.0 -9999.0 1.32469873863 2.67426230079 11.7249899194 12.386357178 16.8474682548 17.4189842056 0.558299041323 1.11784427874 2.50117915417 25.3154175292 26.0012699515 26.2437925522 0.185676915177 27.1146752883 27.6347988644 0.333688951745 0.157762851747 0.283896167442 0.558718623142 0.13789648873 0.266917654543 0.548005123302 0.682191449651 0.140992675325 0.0828684930924 0.158941034716 37.8720953612 38.0635310256 38.1010062833 38.4813008131 490.171051881 0.0913498863182 0.0715110720889 0.0736125716289 0.0701722926531 0.0732209991419 0.0582187989018 0.104760355725
-9999.0 -9999.0 -9999.0 -9999.0 -9999.0 -9999.0 -9999.0 -9999.0 -9999.0 -9999.0 -9999.0 -9999.0 -9999.0 -9999.0 -9999.0 -9999.0 0.700098292574 0.682489691388 0.667647699802 1.29714280799 0.568028890818 18.5507506104 19.0611990942 0.493085740427 0.952127711682 0.439712885532 0.335932279675 0.319564950306 26.758050412 0.173406161897 0.363942195344 0.179414133446 0.153468277356 0.137830599195 0.0982494296925 0.104396633283 0.326408622983 0.454941618675 0.0822566315712 0.0703822842291 0.159683091258 0.280818498575 0.354228143561 0.102064982213 38.1825742777 38.5241697261 490.20842153 0.333301615925 0.138050913954 0.0348873253242 0.0952103357105 0.0260221731931 0.0176094622515 0.125025328177
-9999.0 -9999.0 -9999.0 -9999.0 -9999.0 -9999.0 -9999.0 -9999.0 -9999.0 -9999.0 -9999.0 -9999.0 -9999.0 -9999.0 -9999.0 -9999.0 -9999.0 -9999.0 0.674464951215 1.90711508474 2.43554504538 2.98993300621 19.5949120069 20.1215978188 20.6156721623 21.0991460531 21.4041897148 22.0553791136 22.2125121781 22.3707498556 22.4884683717 0.121570529614 0.111184485489 0.125016196861 0.441214759557 0.123079815543 0.116176922542 0.0814823437098 0.239405258744 0.105069430737 0.0750896756558 0.0674225264949 0.0544534624764 0.108576628823 0.1568207142 38.8474591049 529.422241896 0.0991583773988 0.171669905549 0.0244575740371 0.127627581026 0.0731081210127 0.0354497117177 0.540014378678
-9999.0 -9999.0 -9999.0 -9999.0 -9999.0 -9999.0 -9999.0 -9999.0 -9999.0 -9999.0 -9999.0 -9999.0 -9999.0 -9999.0 -9999.0 -9999.0 -9999.0 -9999.0 -9999.0 0.5523098213 4.45569345594 8.65307298693 9.21873616372 0.673715463209 1.17523109592 1.63886188656 1.96882880216 4.39947857039 4.53057300228 0.126577548752 0.123372584874 22.7733392512 22.997864609 23.0955369404 0.514637186209 0.0672676517023 0.194065014302 0.279059357713 0.832540987501 1.02634053243 1.16936660938 0.126448055376 0.173599863357 0.0603392024011 0.117418612764 0.0639207082588 529.512029957 0.0836790326074 0.338324750526 0.0951218422592 0.243929614692 0.763925563403 0.837480669909 1.42037098781
-9999.0 -9999.0 -9999.0 -9999.0 -9999.0 -9999.0 -9999.0 -9999.0 -9999.0 -9999.0 -9999.0 -9999.0 -9999.0 -9999.0 -9999.0 -9999.0 -9999.0 -9999.0 0.624452981046 2.00182656879 3.91275944403 5.1017903856 12.8927050358 13.4916164983 1.00315033544 1.47376206282 1.82899471035 2.153189393 4.67083601804 4.92949184965 8.45883894053 8.71487141181 8.85129967326 23.198487614 23.9805452579 0.17965103996 0.13526193556 0.125995962241 0.239460728339 0.1067705415 1.37451611595 1.44219790976 0.227501026268 0.287747345389 0.0756424312967 127.045194521 127.192533836 656.758813869 657.186203214 0.0954456571043 0.440235810789 0.224875429607 0.159016367652 1.64316396093
-9999.0 -9999.0 -9999.0 -9999.0 -9999.0 -9999.0 -9999.0 -9999.0 -9999.0 -9999.0 -9999.0 -9999.0 -9999.0 -9999.0 -9999.0 -9999.0 -9999.0 -9999.0 -9999.0 0.720832136018 0.701475340454 1.31819932079 3.12017425537 14.0503660637 0.526597363293 0.517374734815 0.86974653776 1.24140642646 2.92134437719 3.1296493841 0.162935806225 0.166889792699 9.01248814513 9.13461374055 33.2361318327 33.3430894651 0.0593286296267 0.0501940653875 0.0412201504599 0.0417265655813 0.0477236430647 125.726268215 126.192555616 126.542656499 126.680602921 126.990739411 0.0800391632157 0.288359389801 0.341394999488 657.645458336 657.670353219 657.689454884 657.705625212 657.732336272
-9999.0 -9999.0 -9999.0 -9999.0 -9999.0 -9999.0 -9999.0 -9999.0 -9999.0 -9999.0 -9999.0 -9999.0 -9999.0 -9999.0 -9999.0 -9999.0 -9999.0 -9999.0 -9999.0 -9999.0 0.637099415398 0.670179760186 1.23815309773 16.4594361471 16.9896035911 0.499437230682 0.85928587452 1.24438842215 1.51203715914 0.22462813114 0.403663076521 33.7324800618 33.8480166577 33.9962429398 35.0180874083 68.4682174239 122.979363519 123.130627336 123.267551362 123.395051234 124.014105497 124.2205607 0.408254545743 0.176271272874 0.113880085779 0.209301072804 0.143972986376 0.23204926906 0.0704690763126 1.68228005603 1.99167797224 2.24765995798 2.26755872929 657.729573579
-9999.0 -9999.0 -9999.0 -9999.0 -9999.0 -9999.0 -9999.0 -9999.0 -9999.0 -9999.0 -9999.0 -9999.0 -9999.0 -9999.0 -9999.0 -9999.0 -9999.0 -9999.0 -9999.0 -9999.0 -9999.0 0.652165155422 1.2478450207 1.84653786961 17.465150898 0.451111433322 23.3072155084 23.7134292605 23.9381719531 24.1454598275 32.9243158833 33.1497388344 0.140477051293 0.753081350584 0.922786039367 0.154961809604 54.3642633384 54.0958005282 0.0730642975362 0.179508833335 0.508971035113 0.118550803399 0.133954611654 0.0911394402121 0.0753274471186 0.0536418507653 0.0679068799652 1.4576379359 1.53069230242 1.62071745832 0.253935537035 0.204737503447 2.37799802819 2.41884309758
-9999.0 -9999.0 -9999.0 -9999.0 -9999.0 -9999.0 -9999.0 -9999.0 -9999.0 -9999.0 -9999.0 -9999.0 -9999.0 -9999.0 -9999.0 -9999.0 -9999.0 -9999.0 -9999.0 -9999.0 -9999.0 0.589667012159 0.552484863179 2.87739200762 21.4586102471 22.4611897004 22.956779567 0.384826562202 8.09675598852 8.33319955294 8.46262274451 0.197750806272 0.36397292527 0.509410667786 12.1344062726 12.2387512249 12.3259013245 53.9397263054 34.2985973738 0.103706913751 0.113478481578 0.106276426749 0.0786244674614 0.878838279235 1.05804223135 1.20908402042 1.29783668246 1.38206765772 11.4153385504 11.4638501539 11.531115857 11.6754435575 12.3976981209 12.4177635544
-9999.0 -9999.0 -9999.0 -9999.0 -9999.0 -9999.0 -9999.0 -9999.0 -9999.0 -9999.0 -9999.0 -9999.0 -9999.0 -9999.0 -9999.0 -9999.0 -9999.0 -9999.0 -9999.0 -9999.0 -9999.0 -9999.0 1.15701239059 1.77295057962 0.595988938197 0.527773698187 6.81676278251 7.23048912059 7.4882794255 2.46365474284 2.64263554709 2.8311040002 2.98081319963 11.8800238981 12.0484397773 6.99439735081 19.4447970469 19.556972749 34.2235022427 0.229414749094 0.118413198469 0.0728179731525 0.613639690903 0.723153936282 0.0602061488762 0.0554143256881 11.1277418257 11.2847681595 11.3639580426 0.0668578004193 0.102579631224 12.2915682779 0.0596718177906 0.196274717573
-9999.0 -9999.0 -9999.0 -9999.0 -9999.0 -9999.0 -9999.0 -9999.0 -9999.0 -9999.0 -9999.0 -9999.0 -9999.0 -9999.0 -9999.0 -9999.0 -9999.0 -9999.0 -9999.0 -9999.0 -9999.0 -9999.0 0.582821193559 1.15250532314 4.78104019371 5.3799781562 5.87295397611 1.96014844857 2.27274835249 0.216660416948 8.39879433111 8.57871292706 8.74331416878 0.159963210975 6.69106560946 6.86893446439 0.119401191312 33.6213079829 0.266747368504 0.131834799622 0.340885892624 0.459834436969 0.0836905560059 0.0629900856337 10.3168742688 10.9865499004 11.0851030533 0.099412372102 0.202871218925 0.249331980728 0.294718555212 0.574276671828 0.0709397964406 0.163706877064
