data/baseflow/History/mHMbfrc292
ncols                  80
nrows                 72
xllcorner      4374000.0
yllcorner      5656000.0
cellsize            500
NODATA_value       -9999
[rows 24 to 47 of 72, columns 0 to 54 of 80]
-9999.0 -9999.0 -9999.0 -9999.0 -9999.0 -9999.0 -9999.0 -9999.0 -9999.0 -9999.0 -9999.0 -9999.0 1.43055515173 4.10337971808 5.39046481609 9.32415650133 1.20789028685 2.40311365138 3.51914543292 13.3807002998 14.3965196379 15.3244481401 16.2681737279 17.2437262548 26.1535946934 28.9689451723 30.6019170495 0.748254288326 3.8512423436 4.55545164294 60.1548764949 63.0970495572 64.4503047847 65.8274591246 67.0483072439 241.144597786 0.252797213456 491.485738657 1.21005148488 0.563104698854 4.59115202929 3.88109620903 0.664634524065 2.16431394106 3.16699428406 3.13903835232 2.21506744136 3.63566422483 5.75695428013 2.14227001836 5.54521558459 0.541150521173 0.867539746459 0.228626243182 0.177723530173
-9999.0 -9999.0 -9999.0 -9999.0 -9999.0 -9999.0 -9999.0 -9999.0 -9999.0 -9999.0 -9999.0 -9999.0 1.38221368037 2.74706421558 1.29092248242 2.61735742493 1.18157132908 8.89076966182 11.1508076584 12.2979359653 1.06008739004 2.0798019738 19.6473650225 24.4711490661 25.3230479834 1.92901988286 1.77120795857 2.59800416646 0.633561719112 0.587511505915 1.11208286549 0.486706654833 28.4329406633 29.0014224722 29.4282489678 241.619942755 495.398065698 492.044212524 0.880630027133 0.391305286746 0.362793107658 1.55263106295 1.18832119539 2.78823939801 3.83058608743 7.66107101886 0.693546889078 0.691372372739 6.40439724625 7.07436474794 13.803427946 14.2524720974 15.3501433001 15.7739666803 0.366805839785
-9999.0 -9999.0 -9999.0 -9999.0 -9999.0 -9999.0 -9999.0 -9999.0 -9999.0 -9999.0 -9999.0 -9999.0 -9999.0 1.34075202457 2.66307423702 3.98620768373 6.43139262914 1.286560331 1.16438039208 7.53010404845 8.60665674872 17.6472803043 18.7277700396 3.05526943648 1.02544784226 0.965186259425 0.877002672128 24.9268179855 25.616379633 26.2956173663 26.8667293731 27.9035284556 5.77184184421 6.21853877945 36.0126849156 773.272968184 2.88484700661 2.3885563799 1.29245527231 0.33299485094 0.307150966578 2.25947945815 2.51114179042 3.45090516226 0.34216872346 8.09320294542 1.23265778474 1.21431725117 0.319688677316 0.218395949748 0.187673484597 0.171054618369 0.192312959132 16.0051788435 221.201220318
-9999.0 -9999.0 -9999.0 -9999.0 -9999.0 -9999.0 -9999.0 -9999.0 -9999.0 -9999.0 -9999.0 -9999.0 -9999.0 -9999.0 1.29885003709 2.27983547738 3.1234120298 3.98491080623 5.17888563691 6.39929081238 3.52903948373 5.85106423196 1.07069024568 1.04116290324 20.1994856139 22.2158432936 23.1500433866 24.1414530842 0.779254035967 1.44576132076 3.78074082276 4.54777854495 5.21893630641 0.544266919704 0.331115461842 774.41690658 0.471419578167 0.629432042179 0.308879403891 1.28271494771 0.627639990666 0.290477707852 6.26821797017 6.48059295971 0.196860956976 8.30063854711 9.73950529324 1.43811184498 230.250406662 229.736353599 229.300275858 228.462794075 228.1368939 222.463588078 222.266307355
-9999.0 -9999.0 -9999.0 -9999.0 -9999.0 -9999.0 -9999.0 -9999.0 -9999.0 -9999.0 -9999.0 -9999.0 -9999.0 -9999.0 0.199668187545 0.462654829187 0.836301608013 7.16580199289 8.41274037066 1.25602899121 1.18125801847 1.17399605827 15.9398102254 18.1872120387 1.08335085291 1.09072273908 0.923970773707 3.79586360373 4.72016947969 2.39169502331 3.11388632842 21.8500522675 22.6399110989 23.8189487364 38.1910192711 812.879743056 0.430431548555 0.251142905082 1.89960473153 1.59675173912 0.247119528277 0.799543542846 1.0439154203 6.74115097344 6.95124185921 17.243911105 9.90346942489 1.66323719786 235.067587323 2.0606634814 228.905047224 228.693952931 5.35319897724 0.3007837947 0.852067571152
-9999.0 -9999.0 -9999.0 -9999.0 -9999.0 -9999.0 -9999.0 -9999.0 -9999.0 -9999.0 -9999.0 -9999.0 -9999.0 -9999.0 1.01949667965 1.66683882859 3.53451841781 6.08260287837 9.14272553479 11.3488726335 12.5506069803 13.7380754989 14.8811232062 1.10580660697 1.01611748214 1.9991741992 1.89673335329 0.977445275777 18.8636844817 19.7679227134 20.6164611496 21.4320719854 12.6675413621 13.4286172342 14.0148087031 813.111708882 0.730082406799 0.628694104963 2.76085471685 0.307427363624 0.44239643823 0.21928577346 0.226904694106 1.25018008893 0.174094744406 0.185217546843 253.395977717 236.005027448 235.813829219 0.833030812979 1.88111777309 1.25270847903 0.320014366007 4.88129588096 1.44406554293
-9999.0 -9999.0 -9999.0 -9999.0 -9999.0 -9999.0 -9999.0 -9999.0 -9999.0 -9999.0 -9999.0 -9999.0 -9999.0 -9999.0 0.708629918517 0.644540768638 1.25219450035 1.92653608442 1.14531331511 1.31395685387 2.54706013028 3.76250203235 6.06390492309 7.20681791383 8.23173535351 11.2850438991 12.2477911343 13.2745059882 0.938412851718 9.4433026805 10.3050160619 11.1664684809 0.759211573074 0.457066207273 0.799808833754 827.858762907 828.082176008 829.241513207 3.65324699547 0.644616844534 0.712760391903 0.212282912818 0.400494678423 1.42711888366 1.75884468637 0.337861056044 254.227658356 0.253766647278 0.462095273982 0.532521249422 0.360504736727 0.702510423963 0.287040159808 3.1022654692 2.48220604211
-9999.0 -9999.0 -9999.0 -9999.0 -9999.0 -9999.0 -9999.0 -9999.0 -9999.0 -9999.0 -9999.0 -9999.0 -9999.0 -9999.0 -9999.0 0.599925304267 1.18488084998 0.595434789405 1.2514502537 8.01809107819 9.0418760237 10.2270528962 1.15106742582 1.14998015595 2.17648348552 3.22810361939 5.13733829169 6.11527166527 6.69494008596 7.59252877908 0.79892481018 0.785901637318 12.6665211772 13.1012326789 13.4175014746 13.7028404516 11.3010493197 841.747908863 847.194347616 847.46339528 848.416108873 849.577079659 850.158047342 0.169971495406 1.91598271452 254.3955702 0.434453929918 0.223337014161 0.202705455741 0.178322017197 0.32540554439 0.36439348833 0.21201270736 0.315799264357 0.320618856856
-9999.0 -9999.0 -9999.0 -9999.0 -9999.0 -9999.0 -9999.0 -9999.0 -9999.0 -9999.0 -9999.0 -9999.0 -9999.0 -9999.0 -9999.0 -9999.0 1.76199664246 2.41988855265 4.36744414118 6.01932877823 0.931373513138 12.4409317083 13.5881205685 14.6971856501 1.08406892474 2.13208341548 0.952738248902 7.14976500844 7.69746323439 8.54045236531 9.43480209157 11.6451006551 12.0223395473 0.238247279895 10.2337977608 10.7940045621 11.0384347244 12.267066068 1.55169367644 0.986398966383 0.630640888669 0.608871047548 850.793251913 851.052215627 854.337531501 254.563142774 1.13275945459 0.547755336481 0.358580679495 0.125630177064 1.08632813196 0.598741556148 0.193047891873 1.09634728153 0.931591867188
-9999.0 -9999.0 -9999.0 -9999.0 -9999.0 -9999.0 -9999.0 -9999.0 -9999.0 -9999.0 -9999.0 -9999.0 -9999.0 -9999.0 -9999.0 -9999.0 0.645919473906 3.05940164202 3.75205991909 1.00356959764 1.232562367 2.47695883223 3.64148507356 19.4928209953 1.07829876111 4.31817290771 5.29422603313 6.25978201739 0.574370135214 1.35914026627 1.89367554359 8.16995081235 9.22767804058 9.45487217696 0.269504311054 0.298271742563 0.389286313838 0.714492970146 0.320344924404 0.341376030687 0.52898622132 0.479952898598 0.534190941169 1.1873433112 854.630569013 1109.92420306 1.37689079163 0.251283463251 0.119181082074 3.54067657382 3.26511995996 1.98916750364 1.79951953434 1.36610826861 0.318609778516
-9999.0 -9999.0 -9999.0 -9999.0 -9999.0 -9999.0 -9999.0 -9999.0 -9999.0 -9999.0 -9999.0 -9999.0 -9999.0 -9999.0 -9999.0 0.515836218143 1.75254924044 0.587677626015 1.2328775238 1.37035489168 2.62933929851 3.86346271256 4.8743347395 25.0461646039 26.1072523629 1.08719234253 2.08316062343 3.08591417198 3.83085483867 4.69911825285 7.35102805664 7.88128508138 0.750567939937 0.531809968495 0.46751526814 0.519190553294 0.558990725893 0.595702152379 0.516202947196 0.655305185091 1.71563737649 0.791118578163 0.233787510049 0.222311023693 0.256929086077 0.487538911608 1120.14703309 8.54658628517 4.04761151186 0.23901631866 0.100277101233 0.105797448235 0.441988142689 0.325352981975 0.176661018869
-9999.0 -9999.0 -9999.0 -9999.0 -9999.0 -9999.0 -9999.0 -9999.0 -9999.0 -9999.0 -9999.0 -9999.0 -9999.0 -9999.0 0.548435295185 1.04808070112 3.87237412758 0.54416697713 2.18046297913 3.53422857988 4.81897683053 1.30059605693 2.47507219276 3.36010342588 30.111897132 1.04158237962 1.99141723431 2.96551110522 0.910775476781 1.81775753991 2.53883956586 3.09517659701 62.7045874411 63.7297286175 64.6385289931 68.4182745612 70.0665646647 73.2248171695 0.79569837468 1.81910891516 2.08770989219 82.1007389058 82.5773612862 0.207692791318 0.405583321687 0.593970422287 1120.3305973 8.01980634188 3.6888332415 3.57822381899 2.83724944288 2.51623280569 0.585678635868 0.130101138216 0.289671283778
-9999.0 -9999.0 -9999.0 -9999.0 -9999.0 -9999.0 -9999.0 -9999.0 -9999.0 -9999.0 -9999.0 -9999.0 -9999.0 -9999.0 0.565830162768 1.69939884861 6.12668018644 8.94958217755 0.476293965245 11.8085839994 17.290500907 1.26075770408 2.44248753285 3.42667511874 39.735062739 40.4706584436 0.88771096573 4.78016222192 5.64895230014 6.46111555118 55.9145754311 57.9800460217 59.0018830247 0.470710341529 2.724635475 3.22796094178 1.4222433701 2.07244428343 76.0828054588 78.7705806716 79.2719785331 79.7407842743 83.1216442692 0.265845584615 0.232795884939 1.00976805446 1120.52093613 0.175945908782 0.219869810167 0.646081084746 0.233625576804 2.32165268153 1.81574174412 1.06613583857 0.800442904881
-9999.0 -9999.0 -9999.0 -9999.0 -9999.0 -9999.0 -9999.0 -9999.0 -9999.0 -9999.0 -9999.0 -9999.0 -9999.0 -9999.0 -9999.0 -9999.0 1.16970719561 2.3326572222 10.5907523804 11.2020982951 17.8155378935 18.4779353442 1.23125732866 2.4594404296 5.66450855038 41.0346490257 42.8148595953 43.5829819156 0.629643596577 46.5084326406 48.6913322787 1.31509365749 0.477289018335 0.96077128198 1.85194684352 0.432749673129 0.867644408211 1.96043267167 2.44230448473 0.438306973872 0.296773408223 0.59019686309 85.393953936 86.1418160062 86.3434294404 87.8658994779 1120.6966707 0.105301546113 0.161373225443 0.182450203285 0.171725442015 0.175982359357 0.149697757888 0.280550415921 0.090197193889
-9999.0 -9999.0 -9999.0 -9999.0 -9999.0 -9999.0 -9999.0 -9999.0 -9999.0 -9999.0 -9999.0 -9999.0 -9999.0 -9999.0 -9999.0 -9999.0 0.605841052744 0.589193463964 0.590735342861 1.27459643233 0.551668995022 19.5692265312 20.1789180859 1.09476500892 2.22280997092 1.09208527467 0.920099305557 0.898191759226 45.2670948778 0.746341326832 1.50418039388 0.691812611606 0.535146598566 0.46014597079 0.362638883609 0.376437425731 1.14675347833 1.56707851489 0.303627689079 0.261392405391 0.557864391215 0.918186970979 1.2627897746 0.381004524567 86.6396044193 88.0738921643 1120.81694445 0.655954184433 0.460188120371 0.114619392373 0.2604504538 0.0909113658392 0.0679085525165 0.355475394742 0.496237408872
-9999.0 -9999.0 -9999.0 -9999.0 -9999.0 -9999.0 -9999.0 -9999.0 -9999.0 -9999.0 -9999.0 -9999.0 -9999.0 -9999.0 -9999.0 -9999.0 -9999.0 -9999.0 0.583272906768 1.80352227214 2.27215912366 2.79869869261 20.6985501571 21.2406249949 21.8137112052 22.5871367221 23.465018046 25.2821577396 25.9991393394 26.7105930268 27.2997665662 0.480909770306 0.454240632477 0.467270756671 1.60012588474 0.415469434751 0.395938306568 0.318286543052 0.9165592978 0.340409610958 0.264727372546 0.246635782539 0.212744311538 0.424574785166 0.607904733038 89.3124036281 1210.92850126 0.0869957240694 0.218737144832 0.0967337606044 0.36198766993 0.210745582822 0.136668069357 1.25461644666 0.827423952292
-9999.0 -9999.0 -9999.0 -9999.0 -9999.0 -9999.0 -9999.0 -9999.0 -9999.0 -9999.0 -9999.0 -9999.0 -9999.0 -9999.0 -9999.0 -9999.0 -9999.0 -9999.0 -9999.0 0.473323880901 3.86531714769 7.7186941065 8.29950807666 0.96311768606 2.06773543855 3.22153108461 4.21582465933 10.691528229 11.2379966454 0.522339509277 0.515526704919 28.3116272856 29.2132959366 29.636429313 1.92097951871 0.278566896723 0.695288753657 1.02037724485 3.02815905019 3.68362818261 4.19516224089 0.471462137324 0.657382701505 0.219657107364 0.430535618575 0.218301658524 1211.33168678 0.0870473890784 0.37888062761 0.219669667432 0.692488742264 1.28145729553 1.47208066126 2.77844078652 1.19810085652
-9999.0 -9999.0 -9999.0 -9999.0 -9999.0 -9999.0 -9999.0 -9999.0 -9999.0 -9999.0 -9999.0 -9999.0 -9999.0 -9999.0 -9999.0 -9999.0 -9999.0 -9999.0 0.540247990002 1.74055590123 3.39989348015 4.42694945526 11.494655425 12.2672859019 2.40842464631 3.55929111741 4.58439596456 5.58616909905 11.8980668051 13.0049064481 23.8331173305 24.702798063 25.1904824016 30.048039818 32.9648693933 0.66693545015 0.443290237938 0.420353189448 0.797607274722 0.353979142584 4.86431537949 5.11061172632 0.865439394173 1.15544035164 0.228094898621 248.857639932 249.298578038 1460.87905671 1461.39290973 0.0813625811195 0.865707271577 0.106944939397 0.107106316796 3.04553089821 4.35586947652
-9999.0 -9999.0 -9999.0 -9999.0 -9999.0 -9999.0 -9999.0 -9999.0 -9999.0 -9999.0 -9999.0 -9999.0 -9999.0 -9999.0 -9999.0 -9999.0 -9999.0 -9999.0 -9999.0 0.630291530064 0.614060475106 1.14857099719 2.71245447604 12.8047829404 1.23250656516 1.22026892423 2.24582357463 3.29329592603 8.34524296811 9.19375298592 0.621066201896 0.569043505806 25.7985923324 26.2202098481 59.6175874009 59.9946168255 0.251904386672 0.224431317998 0.189378464376 0.191109585155 0.202511584841 244.16224231 245.637420535 247.118642269 247.655595627 248.602534936 0.239866251849 0.888113838678 1.09575132601 1462.84603067 1462.92764473 1463.13223447 1463.4340641 1463.67937985 4.57190076863
-9999.0 -9999.0 -9999.0 -9999.0 -9999.0 -9999.0 -9999.0 -9999.0 -9999.0 -9999.0 -9999.0 -9999.0 -9999.0 -9999.0 -9999.0 -9999.0 -9999.0 -9999.0 -9999.0 -9999.0 0.553498038434 0.584379643779 1.07614057797 14.9234952215 15.5747891374 1.20684959862 2.22836126698 3.29151276001 4.24753591989 0.878029746247 1.59778168464 43.1756199243 43.6736670557 44.1966400454 47.9318600272 108.394312917 234.232567025 234.833066433 235.374203045 235.897314219 238.103570532 238.801703711 1.22771600165 0.54830622601 0.314996353571 0.595229166544 0.441180566935 0.696826386384 0.217077366904 5.22042694676 5.58335937319 5.83621218206 5.94643423934 1463.80015285 1468.58896006
-9999.0 -9999.0 -9999.0 -9999.0 -9999.0 -9999.0 -9999.0 -9999.0 -9999.0 -9999.0 -9999.0 -9999.0 -9999.0 -9999.0 -9999.0 -9999.0 -9999.0 -9999.0 -9999.0 -9999.0 -9999.0 0.568333490306 1.08726159644 1.61060398257 16.0335330023 0.810740715974 22.8317008776 23.9265763546 24.8388606893 25.6162457075 40.1630994116 40.9021921143 0.541577101515 2.74002688341 3.30874060872 0.498192488207 125.244404826 124.340902902 0.296764358454 0.664564026204 1.74061809825 0.376886689593 0.379751774515 0.278023906354 0.233021223126 0.18480821136 0.209425469517 4.53339960317 4.74758871676 5.00202691606 0.196103079592 0.138026167582 6.03406924743 6.16187310552 6.24527514786
-9999.0 -9999.0 -9999.0 -9999.0 -9999.0 -9999.0 -9999.0 -9999.0 -9999.0 -9999.0 -9999.0 -9999.0 -9999.0 -9999.0 -9999.0 -9999.0 -9999.0 -9999.0 -9999.0 -9999.0 -9999.0 0.51125340446 0.478842816181 2.49858703177 19.6426417367 21.0170235857 21.8084961982 1.07952469288 12.4851178497 13.3646396655 13.7579443195 0.698788397321 1.29070521474 1.77841686091 29.8856116667 30.2738928023 30.6147757904 123.706298527 72.4793622298 0.361179257968 0.364312255634 0.35225799524 0.274964092448 2.82970254984 3.35233427719 3.81447094969 4.06558423061 4.30801633708 32.1930579512 32.3718832861 32.6359333192 33.2905682788 35.5562529188 35.6604315527 42.0206210108
-9999.0 -9999.0 -9999.0 -9999.0 -9999.0 -9999.0 -9999.0 -9999.0 -9999.0 -9999.0 -9999.0 -9999.0 -9999.0 -9999.0 -9999.0 -9999.0 -9999.0 -9999.0 -9999.0 -9999.0 -9999.0 -9999.0 1.00271350851 1.54115634216 0.635967911024 1.24742469305 8.4313884263 9.54952711132 10.472123054 6.01690108601 6.84878416337 7.68939989905 8.26327235143 29.0291618573 29.5469661694 19.4614253679 50.495577399 50.8892369539 72.1754679414 0.73734840568 0.367277133189 0.267868233658 1.96460103928 2.29437364877 0.193530710646 0.178188978626 31.3906183394 31.817590806 32.0235777603 0.306459253903 0.464048911956 35.2114112316 0.226541688636 0.777004856339 0.863243604068
-9999.0 -9999.0 -9999.0 -9999.0 -9999.0 -9999.0 -9999.0 -9999.0 -9999.0 -9999.0 -9999.0 -9999.0 -9999.0 -9999.0 -9999.0 -9999.0 -9999.0 -9999.0 -9999.0 -9999.0 -9999.0 -9999.0 0.505640501697 1.00012266888 4.45302563534 5.13754565164 6.08198069136 4.21727203115 5.18120012632 0.857611157301 18.7495283789 19.5299570083 20.2564025729 0.581117662538 18.4917741736 19.026873686 0.405214948889 70.2441095211 0.832263600409 0.412449499402 1.0578277828 1.42624431032 0.276328911554 0.228062222984 29.1698201223 31.0000326861 31.2500096338 0.258906402109 0.563953523128 0.717058875783 0.854422715088 1.6937606046 0.282836560485 0.636338297861 0.132787680007
