data/baseflow/History/mHMbfrc396
ncols                  80
nrows                 72
xllcorner      4374000.0
yllcorner      5656000.0
cellsize            500
NODATA_value       -9999
[rows 0 to 23 of 72, columns 0 to 54 of 80]
-9999.0 -9999.0 -9999.0 -9999.0 -9999.0 -9999.0 -9999.0 -9999.0 -9999.0 -9999.0 -9999.0 -9999.0 1.29934876692 1.01808937807 -9999.0 -9999.0 -9999.0 -9999.0 -9999.0 -9999.0 -9999.0 -9999.0 -9999.0 -9999.0 -9999.0 -9999.0 -9999.0 -9999.0 -9999.0 -9999.0 -9999.0 -9999.0 -9999.0 -9999.0 -9999.0 -9999.0 -9999.0 -9999.0 -9999.0 -9999.0 -9999.0 -9999.0 -9999.0 -9999.0 -9999.0 -9999.0 -9999.0 -9999.0 -9999.0 -9999.0 -9999.0 -9999.0 -9999.0 -9999.0 -9999.0
-9999.0 -9999.0 -9999.0 -9999.0 -9999.0 -9999.0 -9999.0 -9999.0 -9999.0 -9999.0 -9999.0 -9999.0 2.6232686861 5.6315428908 0.878274294995 -9999.0 0.704208491106 -9999.0 -9999.0 -9999.0 -9999.0 -9999.0 -9999.0 -9999.0 -9999.0 -9999.0 -9999.0 -9999.0 -9999.0 -9999.0 -9999.0 -9999.0 -9999.0 -9999.0 -9999.0 -9999.0 -9999.0 -9999.0 -9999.0 -9999.0 -9999.0 -9999.0 -9999.0 -9999.0 -9999.0 -9999.0 -9999.0 -9999.0 -9999.0 -9999.0 -9999.0 -9999.0 -9999.0 -9999.0 -9999.0
-9999.0 -9999.0 -9999.0 -9999.0 -9999.0 -9999.0 -9999.0 -9999.0 -9999.0 -9999.0 1.28968294565 1.24564056246 1.28695262553 1.26722363992 8.04308513117 8.98294729105 1.98776596138 0.635640482439 -9999.0 -9999.0 -9999.0 -9999.0 -9999.0 -9999.0 -9999.0 -9999.0 -9999.0 -9999.0 -9999.0 -9999.0 -9999.0 -9999.0 -9999.0 -9999.0 -9999.0 -9999.0 -9999.0 -9999.0 -9999.0 -9999.0 -9999.0 -9999.0 -9999.0 -9999.0 -9999.0 -9999.0 -9999.0 -9999.0 -9999.0 -9999.0 -9999.0 -9999.0 -9999.0 -9999.0 -9999.0
-9999.0 -9999.0 -9999.0 -9999.0 -9999.0 -9999.0 -9999.0 -9999.0 -9999.0 1.2503836403 2.53215044946 5.03733713812 2.49809504564 1.22147560405 2.40757445272 10.1353978207 13.6862566328 0.743155465408 -9999.0 1.24057029922 -9999.0 -9999.0 -9999.0 -9999.0 1.38007364004 0.696600135948 -9999.0 -9999.0 -9999.0 -9999.0 -9999.0 -9999.0 -9999.0 -9999.0 -9999.0 -9999.0 -9999.0 -9999.0 -9999.0 -9999.0 -9999.0 -9999.0 -9999.0 -9999.0 -9999.0 -9999.0 -9999.0 -9999.0 -9999.0 -9999.0 -9999.0 -9999.0 -9999.0 -9999.0 -9999.0
-9999.0 -9999.0 -9999.0 -9999.0 -9999.0 -9999.0 -9999.0 -9999.0 1.37501849515 3.94015617875 5.16049203559 6.38503274967 8.73442418733 1.16812852429 4.69883797175 5.82901387943 21.3870261667 1.00086407856 1.05308484038 2.35953112011 3.45023867395 1.13017124032 -9999.0 3.69479501042 3.02253307707 0.85544606787 -9999.0 -9999.0 -9999.0 -9999.0 -9999.0 -9999.0 -9999.0 -9999.0 -9999.0 -9999.0 -9999.0 -9999.0 -9999.0 -9999.0 -9999.0 -9999.0 -9999.0 -9999.0 -9999.0 -9999.0 -9999.0 -9999.0 -9999.0 -9999.0 -9999.0 -9999.0 -9999.0 -9999.0 -9999.0
-9999.0 -9999.0 -9999.0 -9999.0 -9999.0 -9999.0 1.38360417451 1.2873772021 1.25504039259 1.27206886859 1.27731845283 8.95128422487 18.923990648 20.1460520162 21.2250003593 1.06835109904 23.4942639283 24.5518503917 2.15494146396 1.10948733321 4.5235934516 7.86374808794 1.05218568354 6.87169591984 1.14025288376 1.09837747525 1.16846411166 -9999.0 -9999.0 -9999.0 -9999.0 -9999.0 -9999.0 -9999.0 -9999.0 -9999.0 -9999.0 -9999.0 -9999.0 -9999.0 -9999.0 -9999.0 -9999.0 -9999.0 -9999.0 -9999.0 -9999.0 -9999.0 -9999.0 -9999.0 -9999.0 -9999.0 -9999.0 -9999.0 -9999.0
-9999.0 -9999.0 -9999.0 -9999.0 -9999.0 -9999.0 2.76948319965 4.09685972206 9.30223398116 13.037212138 1.17557065425 1.21524494709 1.16992961028 3.43408986318 25.7228670269 1.01110094029 25.5636363128 29.6416818556 3.17437691572 2.11813085035 8.89056161188 1.09961978509 7.95467102718 2.14906214873 1.07993799809 2.15107283479 2.32869775449 1.17878545682 1.20187524175 1.1771355107 1.22911480821 2.46040059386 -9999.0 -9999.0 -9999.0 -9999.0 -9999.0 -9999.0 -9999.0 -9999.0 -9999.0 -9999.0 -9999.0 -9999.0 -9999.0 -9999.0 -9999.0 -9999.0 -9999.0 -9999.0 -9999.0 -9999.0 -9999.0 -9999.0 -9999.0
-9999.0 -9999.0 -9999.0 -9999.0 -9999.0 1.4576052355 2.85309100415 1.38391194259 2.69674424959 14.3654785206 16.8253255973 19.2796660775 61.3481468745 1.1368090654 26.8420647072 96.9359362961 97.7431107508 128.753779498 0.877110904113 3.12483805222 9.92168943043 1.02174045721 19.9969782683 10.984883384 6.67377163341 5.58618152138 1.149125183 3.51637697112 3.5222933063 2.34615255366 1.14157278139 3.63096393841 1.12650783183 1.11066136653 -9999.0 -9999.0 -9999.0 -9999.0 -9999.0 -9999.0 -9999.0 -9999.0 -9999.0 -9999.0 -9999.0 -9999.0 -9999.0 -9999.0 -9999.0 -9999.0 -9999.0 -9999.0 -9999.0 -9999.0 -9999.0
-9999.0 -9999.0 -9999.0 -9999.0 -9999.0 1.46427371997 4.30718581817 8.56896857664 9.91384239266 19.6719793316 20.9613974947 24.940275413 40.9417459738 64.6514937785 66.9735416187 68.0495956841 2.05764297024 132.374814412 134.1852496 139.403958643 173.478917714 23.1543118916 21.1010864801 7.76473216462 1.07485457823 6.75956995529 4.59068378792 1.04085079233 4.60677309224 1.06891000732 2.17949528902 5.83002160627 6.9410475994 2.20678480406 1.0903047314 1.07703806756 -9999.0 -9999.0 -9999.0 -9999.0 0.750155466737 0.639170692149 -9999.0 -9999.0 -9999.0 -9999.0 -9999.0 -9999.0 -9999.0 -9999.0 -9999.0 -9999.0 -9999.0 -9999.0 -9999.0
-9999.0 -9999.0 -9999.0 -9999.0 -9999.0 1.44041829408 1.39809337293 5.69556323355 7.05240216006 8.43675477952 1.34284405878 2.66965507111 15.0664259633 2.63991869548 1.27158333639 1.1865149566 1.08795187828 1.17508772267 1.11767116483 1.15538678189 174.536545134 177.658373267 1.02592697317 3.15078691459 2.14146357293 7.79196754913 2.09473468575 1.01366452855 5.70466078984 2.11603030298 5.04727472448 12.3072786162 11.3317722475 3.29087594741 3.23668344822 1.10504867587 1.10095407401 -9999.0 -9999.0 1.10797011915 1.69052235379 3.67290791627 0.677949242309 -9999.0 -9999.0 -9999.0 -9999.0 -9999.0 -9999.0 -9999.0 -9999.0 -9999.0 -9999.0 -9999.0 -9999.0
-9999.0 -9999.0 -9999.0 -9999.0 -9999.0 -9999.0 1.47084704477 1.45472161001 2.85884083174 4.2609025633 9.7378204169 12.4646612564 13.8160146269 1.35989693038 1.17943848596 15.3510412489 18.8842350966 20.0117436368 24.6817613631 25.7673022582 1.07921357299 178.742648839 183.971419637 4.16669546755 0.925073121717 8.76887936582 19.5224867567 7.70440537533 2.01537996967 1.01267865222 19.3992904736 13.351673049 1.01767991976 0.999528519673 4.2614633701 3.27238385778 1.07390839952 1.03391742125 1.09828242304 2.18678558239 1.06988482137 4.48479758399 5.53555252362 0.995410500409 -9999.0 -9999.0 -9999.0 -9999.0 1.09535370715 1.0521768474 0.315439415337 -9999.0 -9999.0 -9999.0 -9999.0
-9999.0 -9999.0 -9999.0 -9999.0 -9999.0 -9999.0 -9999.0 1.45340746931 1.34204316016 2.75501298571 4.14648564084 1.37240744641 1.27309850899 7.93850637201 10.461501727 13.0219326575 1.21057957889 2.41276310191 1.18787291919 26.8860574381 59.3670819381 60.1258469414 246.054883756 1.04349697349 2.71176301637 0.871458293157 20.4737908056 0.99715811968 3.0397879539 0.997489148415 20.4060494377 21.4116090514 2.03796826358 2.00479688391 10.7606463328 5.42327888959 2.09788499516 1.06826149901 2.19132404394 3.26730104939 5.37477816758 1.03597293028 7.51193975425 8.45092092915 0.882446394553 0.930406437184 0.949520716302 0.89571694849 0.864829671764 3.09078025114 1.24835293162 0.842513901177 -9999.0 -9999.0 -9999.0
-9999.0 -9999.0 -9999.0 -9999.0 -9999.0 -9999.0 -9999.0 -9999.0 2.79408396623 4.10624769497 1.37514134824 2.77412636888 4.09372624214 6.72432524918 1.33916132711 1.30918844771 1.18341809063 1.19426569408 1.10907600759 30.2202207094 1.21340799218 2.387866522 249.350368732 251.822844956 1.20661011996 5.11292759197 26.5940570662 1.973223826 3.95741323118 1.87427106526 2.75764505697 25.3001272678 2.97583706853 15.6652270075 12.7442614296 0.997363891621 5.26030556175 2.12631335533 3.23016416978 1.02694269008 6.38053376041 8.38470409229 9.255641763 10.0982134797 11.8780017396 1.72746337195 1.78157394935 1.68909027774 1.61914811791 3.92242692359 0.825201074527 2.94185285875 3.70379396501 -9999.0 -9999.0
-9999.0 -9999.0 -9999.0 -9999.0 -9999.0 -9999.0 -9999.0 -9999.0 1.43590063461 6.95658743134 8.3101981251 1.35587965185 2.67073130813 1.31407358823 1.24928241227 1.23245481012 15.2722314534 20.3357488574 24.9397398577 29.4125593114 1.1206101705 1.19075591938 1.30809909186 257.073280868 259.601930828 260.768706446 35.7937715325 7.96345302156 6.87728233757 0.862055905797 3.62758780684 29.8300553287 0.905560393042 16.5789656798 0.995846132 6.82197528177 6.33314201878 1.04404886527 4.26636540857 2.05647152287 3.0742742595 0.961894408452 0.833849141327 10.9340226907 11.7280998709 12.6704911134 2.60976228497 2.49247523157 2.40548262137 4.79516341925 6.46541779274 0.83398778935 4.48323431027 0.824694447959 1.55884101035
-9999.0 -9999.0 -9999.0 -9999.0 -9999.0 -9999.0 -9999.0 -9999.0 -9999.0 1.4476237164 9.70623312694 11.058857253 4.00404051277 6.63568017643 9.1514608141 10.4212841813 1.28259962556 3.88107112761 2.56377397674 1.29165252698 1.27566635893 1.19981385972 2.43267155226 4.08318365484 1.41789164699 299.140719622 300.360578551 1.17029529884 0.887475694351 1.74901903112 2.61125950508 32.4602104966 1.76464452119 17.3938709664 10.6643664363 8.74497161421 1.01548448826 2.03620462655 5.2391219105 0.972648669283 4.02847564062 1.90105515804 1.52306680958 0.71901973024 13.948498179 27.3411481608 3.28835233374 3.18019968705 3.14604939481 0.731497166018 7.18862886337 0.704193899755 6.01817440274 0.747629554285 2.30846906335
-9999.0 -9999.0 -9999.0 -9999.0 -9999.0 -9999.0 -9999.0 -9999.0 -9999.0 -9999.0 1.3385369168 13.7476719965 1.32787315664 2.64032511476 3.88044481838 6.35799524679 1.26334187858 2.59431547075 1.27841053399 1.22758932423 1.175730807 2.33272668367 1.08809036314 1.28537691598 2.59030760597 1.37459301019 301.544291047 303.867605345 307.168043602 3.60208573661 0.893597847266 1.78292209087 33.3983904964 32.6161482113 12.6078469867 0.963067824433 4.03146214452 3.02806838918 6.21416242304 1.94218407088 7.85600243713 2.85090542644 2.37412142786 0.667033234188 0.743231535062 28.1869764334 28.9638365417 36.1426895243 5.42086347029 1.50376088922 7.96774867633 9.43473189588 16.140248601 1.482215952 0.682483245523
-9999.0 -9999.0 -9999.0 -9999.0 -9999.0 -9999.0 -9999.0 -9999.0 -9999.0 -9999.0 -9999.0 0.736601054152 15.3821434952 1.28875245795 2.52831449326 11.3849325937 1.27709279648 1.27096282191 1.15386632588 2.42019907312 1.19903825285 4.71586928842 6.89061927627 7.92170270335 3.63001990266 4.73519076416 1.20486855608 1.34613501844 1.24895797923 312.750262859 315.48311427 34.2581045142 34.3202595306 33.4707076043 1.77775556268 0.858592695609 4.95602558032 13.0426406235 7.16368766156 2.87885830379 11.6657605733 5.39516468432 4.50165857368 1.34543584502 0.616073650278 0.590841840528 0.626469434964 38.9461430324 46.7041452442 0.745538984828 0.676122302854 0.713509138333 16.8306049371 18.9791949583 1.26664915621
-9999.0 -9999.0 -9999.0 -9999.0 -9999.0 -9999.0 -9999.0 -9999.0 -9999.0 -9999.0 -9999.0 0.691303697366 17.0775193827 21.0680581784 1.24485107649 13.870281962 1.20768384443 1.16957081169 2.32760358397 5.93858317598 1.17301878183 1.21595909638 1.08638291305 10.0780158504 11.1122161583 16.9160986027 19.1625506452 20.3134719191 21.4639487754 22.6602257366 339.275168364 375.641551493 411.935955436 412.822536658 0.933074202413 0.871036256639 14.9008049027 13.9774660039 0.93374304185 0.945047598248 12.593087824 18.9437501917 0.832816151792 10.1579365442 9.37979439607 2.82421528434 1.31572154809 2.0683779752 0.849892076949 48.2345746796 0.769315287191 2.13413246804 2.78800467661 23.8725162874 25.7002202876
-9999.0 -9999.0 -9999.0 -9999.0 -9999.0 -9999.0 -9999.0 -9999.0 -9999.0 -9999.0 -9999.0 1.41968360593 2.7396048167 22.3700982641 24.8053230277 1.2215087937 16.060364183 1.10604817407 3.36530253682 7.05820704625 2.30194251788 1.12497972743 2.25076537419 0.999700602598 1.93573028057 0.957064975236 0.902197549539 0.835091161219 0.798977862121 0.835117409901 0.885807942794 1.0368714858 1.12948884644 1.25272191607 416.020010231 18.7330343919 16.9094968426 0.957691064129 2.74477760541 0.763793563289 0.623443915315 19.8338131076 32.7600259819 11.14923915 8.07603305504 1.57569320226 0.698443670906 0.666333324965 1.41926598595 50.439759268 51.9435859148 0.771466623983 0.772732858283 0.730589104864 0.628105544014
-9999.0 -9999.0 -9999.0 -9999.0 -9999.0 -9999.0 -9999.0 -9999.0 -9999.0 -9999.0 -9999.0 -9999.0 1.29162864016 16.8604504076 42.930210688 46.7237277476 63.9071214356 64.8723595798 15.9264729153 11.6423636668 3.44398302609 1.11242940707 4.4463535343 5.50329913854 8.41633692852 1.95807614685 1.83137060523 1.78337823867 3.49972596476 1.73426039668 1.76387462965 0.834749777578 0.769854330728 0.860296361773 417.05579381 436.311532948 437.315460343 1.00012446992 7.94392550048 3.23016164237 0.947243591774 35.7177223346 2.07012641965 1.05561420696 4.31629174205 0.965211555557 0.834812846058 1.60662967451 2.31706519086 3.07631612066 53.3015969681 0.660995970167 0.598592759041 0.602023362714 0.516749959009
-9999.0 -9999.0 -9999.0 -9999.0 -9999.0 -9999.0 -9999.0 -9999.0 -9999.0 -9999.0 -9999.0 1.38502142433 12.8338861693 15.5606500109 2.58366503136 0.792675683686 1.86393568838 67.9135289579 68.9154784208 85.7870293248 1.05069747894 2.1536801778 0.982680019185 0.996148149608 9.39480579556 12.3286777482 15.0427636588 0.875075253461 4.36917888118 6.95507692811 4.24863944845 1.67010087963 1.51737594949 1.54154779552 1.59985634587 0.901912958796 438.229152293 439.085151355 448.747715789 1.67063374068 0.860508127616 36.4169623909 2.15445151451 1.09427410157 1.1437876741 1.13731972686 1.06192583972 1.94381654654 5.64958699915 9.53334763064 63.5163129534 0.561000268382 1.65706166406 1.1129810776 0.986242152177
-9999.0 -9999.0 -9999.0 -9999.0 -9999.0 -9999.0 -9999.0 -9999.0 -9999.0 -9999.0 -9999.0 1.40857754667 8.79243017776 1.38376044274 1.27629445899 6.49157858624 7.68189067291 8.88363572045 10.0213857889 117.025423399 117.999048891 120.020217966 135.153096387 138.210861289 140.04796464 141.059938149 158.473805417 160.93643973 161.884190008 169.823999477 175.035121861 175.872834564 179.041283342 2.33465197156 2.31070650268 0.747422009703 0.775937375921 439.932741432 452.189403195 2.56285269253 42.019680175 41.2447933676 4.16875986287 1.01632922941 1.0327462295 1.0075199566 0.992860787015 2.00053219271 2.9039335542 0.881074960661 64.176313038 64.8612106732 68.2451985275 68.843424394 70.3934003487
-9999.0 -9999.0 -9999.0 -9999.0 -9999.0 -9999.0 -9999.0 -9999.0 -9999.0 -9999.0 -9999.0 4.49328123638 5.95065426755 2.81438204943 4.16221211024 1.33622532409 15.2350328068 16.4879268079 18.9654554799 20.0820661209 8.35321132981 130.013355467 131.016693335 1.03783364254 0.837366388903 0.807510169387 1.67446463993 0.850460128397 0.749186099425 0.71590881031 0.719027856693 176.740801168 179.91933774 183.076394162 186.10280519 189.058221727 1.47325373814 0.624754163341 496.694132519 43.638056824 42.8495570551 0.897745187813 0.862143509784 0.827182918642 1.88614213999 1.85971719613 0.867444487444 0.870803415314 0.788045744821 1.64601740461 2.26325060967 0.534018122815 0.987707519147 0.414081923333 0.338968419181
-9999.0 -9999.0 -9999.0 -9999.0 -9999.0 -9999.0 -9999.0 -9999.0 -9999.0 -9999.0 -9999.0 -9999.0 3.02944913743 1.43825563385 1.36396637206 12.7330224684 14.0136635889 1.27641821912 5.07260796715 6.26062707848 7.36817538176 1.1777781666 1.0143757898 21.1329956211 22.0109375056 22.8655628974 58.7918413222 59.5352061387 60.9613657533 66.9218035298 71.0309579302 71.684625578 0.641258521635 0.668638583468 0.606800765596 190.385458089 0.649144976403 505.315207511 504.145371238 6.67575687904 5.79455948366 3.46150928972 0.87555828243 1.62700506358 2.72296982866 2.70752341096 1.70492370479 0.839392409156 1.61538137814 1.56107679192 2.94322531301 0.472225868835 1.48530990522 2.49789852177 3.2361786722
