data/baseflow/History/mHMbfrc464
ncols                  80
nrows                 72
xllcorner      4374000.0
yllcorner      5656000.0
cellsize            500
NODATA_value       -9999
[rows 0 to 23 of 72, columns 0 to 53 of 80]
-9999.0 -9999.0 -9999.0 -9999.0 -9999.0 -9999.0 -9999.0 -9999.0 -9999.0 -9999.0 -9999.0 -9999.0 0.671370073009 0.703387568263 -9999.0 -9999.0 -9999.0 -9999.0 -9999.0 -9999.0 -9999.0 -9999.0 -9999.0 -9999.0 -9999.0 -9999.0 -9999.0 -9999.0 -9999.0 -9999.0 -9999.0 -9999.0 -9999.0 -9999.0 -9999.0 -9999.0 -9999.0 -9999.0 -9999.0 -9999.0 -9999.0 -9999.0 -9999.0 -9999.0 -9999.0 -9999.0 -9999.0 -9999.0 -9999.0 -9999.0 -9999.0 -9999.0 -9999.0 -9999.0
-9999.0 -9999.0 -9999.0 -9999.0 -9999.0 -9999.0 -9999.0 -9999.0 -9999.0 -9999.0 -9999.0 -9999.0 1.40815681755 3.44422316894 0.630784265637 -9999.0 0.537461947999 -9999.0 -9999.0 -9999.0 -9999.0 -9999.0 -9999.0 -9999.0 -9999.0 -9999.0 -9999.0 -9999.0 -9999.0 -9999.0 -9999.0 -9999.0 -9999.0 -9999.0 -9999.0 -9999.0 -9999.0 -9999.0 -9999.0 -9999.0 -9999.0 -9999.0 -9999.0 -9999.0 -9999.0 -9999.0 -9999.0 -9999.0 -9999.0 -9999.0 -9999.0 -9999.0 -9999.0 -9999.0
-9999.0 -9999.0 -9999.0 -9999.0 -9999.0 -9999.0 -9999.0 -9999.0 -9999.0 -9999.0 0.623177856276 0.605585938986 0.678956256164 0.679795141288 4.67791967696 5.29036492239 1.49447565542 0.476500147708 -9999.0 -9999.0 -9999.0 -9999.0 -9999.0 -9999.0 -9999.0 -9999.0 -9999.0 -9999.0 -9999.0 -9999.0 -9999.0 -9999.0 -9999.0 -9999.0 -9999.0 -9999.0 -9999.0 -9999.0 -9999.0 -9999.0 -9999.0 -9999.0 -9999.0 -9999.0 -9999.0 -9999.0 -9999.0 -9999.0 -9999.0 -9999.0 -9999.0 -9999.0 -9999.0 -9999.0
-9999.0 -9999.0 -9999.0 -9999.0 -9999.0 -9999.0 -9999.0 -9999.0 -9999.0 0.582589593614 1.2246416142 2.43635393461 1.28095793892 0.611747767123 1.19323346083 5.85100724486 8.48790643004 0.552741231938 -9999.0 0.668753789625 -9999.0 -9999.0 -9999.0 -9999.0 1.04801706718 0.533117946246 -9999.0 -9999.0 -9999.0 -9999.0 -9999.0 -9999.0 -9999.0 -9999.0 -9999.0 -9999.0 -9999.0 -9999.0 -9999.0 -9999.0 -9999.0 -9999.0 -9999.0 -9999.0 -9999.0 -9999.0 -9999.0 -9999.0 -9999.0 -9999.0 -9999.0 -9999.0 -9999.0 -9999.0
-9999.0 -9999.0 -9999.0 -9999.0 -9999.0 -9999.0 -9999.0 -9999.0 0.755977502123 2.00625241625 2.59104574577 3.17812143942 4.29276605128 0.540223014633 2.25261429917 2.7787456691 12.4384658175 0.570928175112 0.510603258349 1.22024398051 1.76740876949 0.587011612411 -9999.0 2.79407705504 2.29295280521 0.645214725598 -9999.0 -9999.0 -9999.0 -9999.0 -9999.0 -9999.0 -9999.0 -9999.0 -9999.0 -9999.0 -9999.0 -9999.0 -9999.0 -9999.0 -9999.0 -9999.0 -9999.0 -9999.0 -9999.0 -9999.0 -9999.0 -9999.0 -9999.0 -9999.0 -9999.0 -9999.0 -9999.0 -9999.0
-9999.0 -9999.0 -9999.0 -9999.0 -9999.0 -9999.0 0.687595456492 0.595558382469 0.588206568623 0.610266234703 0.653372684997 4.50746785872 9.42192806818 10.0204886685 10.4737059243 0.431630741784 13.4182199669 13.9284700096 1.05834393525 0.546575111431 2.29894219762 4.02149976533 0.603112006198 4.67462810877 0.629249662801 0.643473548254 0.663144114891 -9999.0 -9999.0 -9999.0 -9999.0 -9999.0 -9999.0 -9999.0 -9999.0 -9999.0 -9999.0 -9999.0 -9999.0 -9999.0 -9999.0 -9999.0 -9999.0 -9999.0 -9999.0 -9999.0 -9999.0 -9999.0 -9999.0 -9999.0 -9999.0 -9999.0 -9999.0 -9999.0
-9999.0 -9999.0 -9999.0 -9999.0 -9999.0 -9999.0 1.40273489932 2.06029707904 4.62712834415 6.37416754203 0.53841601965 0.560079370987 0.547148903354 1.61519856346 12.5770294829 0.40734220637 14.3967123057 16.3732153048 1.55338376948 1.01128305887 4.517475503 0.564578663366 5.22942837172 1.13393823555 0.57489194853 1.19443075106 1.32748335483 0.686966454924 0.700647639761 0.667598296125 0.766876355203 1.52986287705 -9999.0 -9999.0 -9999.0 -9999.0 -9999.0 -9999.0 -9999.0 -9999.0 -9999.0 -9999.0 -9999.0 -9999.0 -9999.0 -9999.0 -9999.0 -9999.0 -9999.0 -9999.0 -9999.0 -9999.0 -9999.0 -9999.0
-9999.0 -9999.0 -9999.0 -9999.0 -9999.0 0.818624196855 1.55410051044 0.727517267816 1.41097223613 7.08597891811 8.30179552411 9.48377287507 32.4820296096 0.54764585635 13.1208737343 50.2007299301 50.5848939323 67.6686736764 0.445665469513 1.47417911674 5.01677157747 0.490525024352 11.7178668998 5.95704792264 3.71604265823 3.13038452603 0.647017437445 2.02131007054 2.00951296955 1.33311028784 0.654407103239 2.21397721162 0.657477831965 0.637745299304 -9999.0 -9999.0 -9999.0 -9999.0 -9999.0 -9999.0 -9999.0 -9999.0 -9999.0 -9999.0 -9999.0 -9999.0 -9999.0 -9999.0 -9999.0 -9999.0 -9999.0 -9999.0 -9999.0 -9999.0
-9999.0 -9999.0 -9999.0 -9999.0 -9999.0 0.83575157107 2.39787105974 4.73385228803 5.44358616949 10.8792680275 11.5365995196 13.6583144517 22.4688693247 34.3236136802 35.5773200768 36.1743066274 0.998773258369 69.4849709974 70.3841700017 72.8844621698 91.6861641305 13.2919018926 12.2953669064 4.27802727466 0.558283553525 3.76731810837 2.60387871659 0.548878335005 2.60361481946 0.576362496602 1.21187922618 3.45761976111 4.09295172896 1.25409114175 0.638642947515 0.60221612129 -9999.0 -9999.0 -9999.0 -9999.0 0.560529244132 0.48333860345 -9999.0 -9999.0 -9999.0 -9999.0 -9999.0 -9999.0 -9999.0 -9999.0 -9999.0 -9999.0 -9999.0 -9999.0
-9999.0 -9999.0 -9999.0 -9999.0 -9999.0 0.785497901605 0.740134538974 3.25262745865 3.98937174291 4.76372188905 0.729815520139 1.43331388369 8.34002603748 1.50284091718 0.697103149793 0.606915406674 0.534491949381 0.622566910379 0.565986743694 0.609274331414 92.2329751407 93.7539181473 0.500426861107 1.59336871158 1.10771474912 4.30168084067 1.11219377587 0.525147131692 3.22264071581 1.1246911629 2.73167039156 7.11086573387 6.59206874322 1.87332028149 1.85746290984 0.637441139876 0.63759151669 -9999.0 -9999.0 0.637843381553 1.24695541547 2.75040200034 0.516783434703 -9999.0 -9999.0 -9999.0 -9999.0 -9999.0 -9999.0 -9999.0 -9999.0 -9999.0 -9999.0 -9999.0
-9999.0 -9999.0 -9999.0 -9999.0 -9999.0 -9999.0 0.867194692624 0.898838026084 1.62964442784 2.40000191542 5.41939529473 6.91328660291 7.69604095222 0.79926136769 0.596009134415 8.2505350417 10.0939107182 10.6519231745 13.044166447 13.5624218522 0.529720369524 94.295162747 96.8772334433 2.04762693582 0.326052784214 4.73973093439 10.6025884708 4.26879194676 1.04309017011 0.515635289097 10.9148783028 7.67426595924 0.557582316427 0.547838048409 2.43569512511 1.86925320416 0.60522407894 0.572198418852 0.623947421889 1.24109692996 0.596140128699 3.3565873881 3.94595369865 0.536084561425 -9999.0 -9999.0 -9999.0 -9999.0 0.657461075215 0.60583154979 0.181027675567 -9999.0 -9999.0 -9999.0
-9999.0 -9999.0 -9999.0 -9999.0 -9999.0 -9999.0 -9999.0 0.83250743792 0.699980517909 1.5193982367 2.32455449668 0.751265403937 0.66589986877 4.33465561751 5.69498044926 7.09726597351 0.666354651261 1.24029427861 0.63303657963 14.1188406934 31.8675086448 32.3981677229 130.364682372 0.506441706655 0.928536162902 0.276237575836 11.0953850276 0.516294419437 1.57147289068 0.509248372824 11.4524359396 11.9924996385 1.12106800459 1.08647194271 6.11571595276 3.07656022165 1.18649043354 0.616837773944 1.23890614244 1.84450229178 3.0103450625 0.560120439524 5.02005628997 5.55115975866 0.481417472365 0.522242279814 0.54322529772 0.48489784394 0.461429857797 1.76668271203 0.669127780613 0.412884645239 -9999.0 -9999.0
-9999.0 -9999.0 -9999.0 -9999.0 -9999.0 -9999.0 -9999.0 -9999.0 1.53311673239 2.1616191185 0.745484558925 1.54481513288 2.28253606808 3.7350732412 0.748197738289 0.70224147639 0.585189296533 0.591417953175 0.524436078431 16.5748142856 0.671096456102 1.28754509591 132.256331041 133.589907476 0.560698591394 2.04772652781 13.6085637417 0.985943341898 2.0219825403 0.936037536132 1.38644774024 14.0707786215 1.60995945888 8.73627182479 7.17677859788 0.535158241571 2.93797464531 1.19452428871 1.79208792611 0.54257634667 3.56064497013 4.65048524675 5.1228898229 5.56731906554 7.38780216257 0.929335550188 0.979331308308 0.883297668279 0.831059130815 2.19114148142 0.429194306229 1.52604705014 1.91913766399 -9999.0
-9999.0 -9999.0 -9999.0 -9999.0 -9999.0 -9999.0 -9999.0 -9999.0 0.827192812074 3.80056324727 4.51230428622 0.709714664962 1.39387307591 0.680825926193 0.618771280373 0.605794778137 7.90456616281 10.6377187581 13.2431981805 16.001896056 0.687287816724 0.638900326311 0.660632034209 136.602301085 138.144875142 138.731654713 18.243395543 4.0165762933 3.49035919791 0.441657976329 1.82760860689 16.3516150138 0.46526435565 9.20501771456 0.521134470629 3.78782628802 3.53532943721 0.562737601759 2.34446681644 1.08757182253 1.624996338 0.514203273267 0.43331629562 6.00528125402 6.40866607381 7.78996937674 1.41165594097 1.29151213097 1.22604009205 2.64401484369 3.51711016107 0.435546098447 2.33589373891 0.438307791988
-9999.0 -9999.0 -9999.0 -9999.0 -9999.0 -9999.0 -9999.0 -9999.0 -9999.0 0.885247912441 5.30884238274 6.00138403302 2.08697978505 3.47123843027 4.75235531075 5.42126255284 0.719286941136 2.12947726941 1.4485911885 0.765959228382 0.739504595354 0.632584143991 1.28212468519 2.23412513917 0.832926957814 158.454253455 159.057673642 0.538402558781 0.405534333632 0.864151328104 1.29245218764 17.6815599966 0.899451846975 9.61386729185 5.7234462319 4.75362295143 0.526853033341 1.06771865444 2.83386814272 0.489380161902 2.10192945992 0.998259818335 0.724174738516 0.317409863113 7.45639691599 15.5842662301 1.72025501324 1.60735114984 1.5953571587 0.368181810941 3.88800689632 0.358766180274 3.13120976156 0.37851830072
-9999.0 -9999.0 -9999.0 -9999.0 -9999.0 -9999.0 -9999.0 -9999.0 -9999.0 -9999.0 0.72611392644 7.4603973593 0.682480722088 1.37443057971 1.99963979712 3.23989799729 0.649012726618 1.38427698291 0.68759912768 0.626632911343 0.598422531404 1.18219987231 0.538224341812 0.625416357063 1.27163211973 0.739021892957 159.746053184 160.893807849 162.494939453 1.74460381198 0.430976803646 0.858699744816 18.1466492154 17.6090290461 6.71565455747 0.484530843186 2.088466846 1.57258039904 3.32516542712 0.976015044416 4.08513594121 1.48786206248 1.13104987413 0.232096390915 0.354904021553 16.0416068072 16.4474989946 20.1139657045 2.75645809618 0.760779599805 4.29619092553 5.05305174072 8.54025067468 0.759577861317
-9999.0 -9999.0 -9999.0 -9999.0 -9999.0 -9999.0 -9999.0 -9999.0 -9999.0 -9999.0 -9999.0 0.407244550895 8.27657994074 0.653577858601 1.2678267875 5.74015944891 0.648326686112 0.635536261151 0.551478067894 1.20572040659 0.604885952957 2.38699515383 3.45656236456 3.93996968498 1.74890026534 2.23450167567 0.580011518043 0.698263584021 0.665092236771 165.304837922 166.593399576 18.5538926558 18.4465878306 18.0321789355 0.861493863016 0.417623372097 2.53632327826 6.77143997619 3.78833458295 1.43045499589 5.98300721821 2.28856181813 1.85084079773 0.43407408691 0.186316559516 0.177046446899 0.228530570565 21.3505611921 25.3040785273 0.367858130322 0.347757053587 0.367252301607 8.8945620875 9.98195833276
-9999.0 -9999.0 -9999.0 -9999.0 -9999.0 -9999.0 -9999.0 -9999.0 -9999.0 -9999.0 -9999.0 0.357789541236 9.13321639251 11.2466574486 0.625156854697 6.96794854814 0.579089367734 0.542035883697 1.10765242038 2.88848553555 0.571018994234 0.619567676218 0.514835039576 4.96914205012 5.46994629143 8.23126403272 9.28891750164 9.8074256723 10.3650422363 10.914147886 178.128799634 197.692869569 217.110358309 217.577380798 0.432309405882 0.407953536932 7.67335967385 7.22666824817 0.451771068336 0.449236487024 6.45750263283 9.23013789994 0.378587296623 4.74447164591 4.448287206 1.05336591342 0.520632573503 0.883883092024 0.469711339599 26.0793006655 0.39735301821 1.07987989489 1.38170229219 12.342000707
-9999.0 -9999.0 -9999.0 -9999.0 -9999.0 -9999.0 -9999.0 -9999.0 -9999.0 -9999.0 -9999.0 0.79054012953 1.51046124572 11.9333910352 13.073563028 0.580914333972 8.17248363113 0.482386509516 1.4995939668 3.3908375369 1.08592408044 0.510609875279 1.09338155975 0.453046944332 0.862296189039 0.408620212479 0.371593489238 0.277980567574 0.262399213086 0.250066040821 0.272746298813 0.410395945143 0.547296325119 0.642233032378 219.100063749 9.26691132079 8.46900039768 0.370870358686 1.29103040425 0.309664459624 0.286881258649 9.65742173283 15.7600724756 5.2569603668 4.05014859754 0.647292803689 0.274738848607 0.237779264205 0.592317951877 27.0733408665 27.8254472632 0.394849304027 0.405907335159 0.360229300002
-9999.0 -9999.0 -9999.0 -9999.0 -9999.0 -9999.0 -9999.0 -9999.0 -9999.0 -9999.0 -9999.0 -9999.0 0.608964429577 9.4285007879 23.1273467088 25.0908864985 33.8319589607 34.4409784847 7.59659143766 5.51466767216 1.61019933493 0.498245035647 2.08385722126 2.56357232307 3.84845422395 0.848448248362 0.781566072914 0.699923622996 1.37965735448 0.656246059408 0.662394024947 0.308766330114 0.1848020425 0.23899707516 219.569064653 229.094381977 229.580037571 0.379936324561 3.54586181525 1.47606969514 0.456251543108 17.3243414555 1.14000271928 0.597859560851 2.54227107834 0.502438183151 0.407851199083 0.759713041997 1.07269917209 1.43244424965 28.4519588408 0.293808258142 0.252279058048 0.252373050557
-9999.0 -9999.0 -9999.0 -9999.0 -9999.0 -9999.0 -9999.0 -9999.0 -9999.0 -9999.0 -9999.0 0.709396955208 7.23370407138 8.77110069523 1.37756253259 0.431635193813 0.91505129298 35.8932283489 36.4322504628 44.6013595951 0.433809790939 0.924840585816 0.402099111428 0.411432139248 4.26979047209 5.53774047712 6.70332257927 0.379576721438 1.77216485081 2.81014840353 1.71764797273 0.687805621471 0.478389156565 0.425737525138 0.47361418822 0.282061534407 229.976435793 230.287070846 234.467089965 0.784000957073 0.411300860626 17.7400509219 1.17716863726 0.622653632449 0.712260561361 0.706781372646 0.603041011267 1.06148105993 2.9835743507 4.82409651537 33.5859309993 0.221524709295 0.664590430209 0.450987150909
-9999.0 -9999.0 -9999.0 -9999.0 -9999.0 -9999.0 -9999.0 -9999.0 -9999.0 -9999.0 -9999.0 0.737896834166 5.21762866723 0.80324684524 0.650883377384 3.64488066642 4.218778968 4.79239822084 5.28450036229 61.1237665152 61.5635542675 62.4402122747 69.3570901893 70.6332642916 71.3678659372 71.8139692077 79.3880298619 80.3612270218 80.7829027387 84.0508366325 86.2321558586 86.6151595616 87.7716042969 0.783697297217 0.702850250954 0.15883901574 0.195384573685 230.640279497 235.945945808 1.17471714225 20.732066383 20.3464898788 2.20212062983 0.513012467083 0.530219635982 0.505376894362 0.518995353461 1.05120459297 1.51676983204 0.459564705979 33.8801542825 34.1972536205 35.5840195461 35.8422179192
-9999.0 -9999.0 -9999.0 -9999.0 -9999.0 -9999.0 -9999.0 -9999.0 -9999.0 -9999.0 -9999.0 2.77034280258 3.64518486297 1.63012915348 2.39804308299 0.751414298799 8.42886954633 9.05363579162 10.2907100622 10.7405361547 3.94906331941 67.1549928886 67.6097977946 0.429665698131 0.295263009669 0.251124038652 0.58460457166 0.268564866386 0.186957481799 0.159260107208 0.196779320691 86.938269347 88.1352609561 89.3438489665 90.4101289577 91.1079077922 0.314945875363 0.105372028948 257.682093054 21.4412935839 21.1532137413 0.432746740355 0.41802042091 0.392059964564 0.930368927688 0.906779372995 0.410261836284 0.410113539325 0.376418721596 0.82068710385 1.0925897524 0.200392260287 0.35418798847 0.14881927425
-9999.0 -9999.0 -9999.0 -9999.0 -9999.0 -9999.0 -9999.0 -9999.0 -9999.0 -9999.0 -9999.0 -9999.0 1.8934888264 0.853352340862 0.741823204955 7.18053518368 7.84532917454 0.661388237687 2.51397290365 3.08222165465 3.55423549174 0.547232166899 0.41501219555 10.2565594544 10.6117963882 10.9391096447 28.6790734867 28.9164922814 29.2908226256 31.5308128841 32.6518767678 32.8029087885 0.145500407068 0.159874914432 0.180038161038 91.556939143 0.182175613726 261.238209833 260.943871522 2.99361676875 2.62849857885 1.6337148436 0.407152922833 0.770867723288 1.33267618137 1.31162595565 0.800211565903 0.387407561125 0.757482819912 0.730954094143 1.4081769948 0.1689041739 0.519507653632 0.917202227781
