data/baseflow/History/mHMbfrc526
ncols                  80
nrows                 72
xllcorner      4374000.0
yllcorner      5656000.0
cellsize            500
NODATA_value       -9999
[rows 24 to 47 of 72, columns 0 to 54 of 80]
-9999.0 -9999.0 -9999.0 -9999.0 -9999.0 -9999.0 -9999.0 -9999.0 -9999.0 -9999.0 -9999.0 -9999.0 1.55939238964 4.41420643331 5.77342978741 9.92214205705 1.29833538572 2.61278827617 3.84778399184 14.4166654134 15.573328821 16.7815215468 17.8473742479 18.9313657347 28.7117038044 31.9678067695 34.0755794229 1.04138098121 5.52723867889 6.58424390376 69.8992397219 74.1791603985 76.1002642338 78.0474793626 79.645655818 271.776330265 0.352538473819 509.168273596 1.26659679864 0.663877620177 4.85999428537 4.03658250642 0.738063560686 2.21975719343 3.25638608905 3.22147489939 2.26644242418 3.7435452514 5.93095445117 2.17877381978 5.50764861268 0.58466588388 1.06328091988 0.234931032272 0.16959961176
-9999.0 -9999.0 -9999.0 -9999.0 -9999.0 -9999.0 -9999.0 -9999.0 -9999.0 -9999.0 -9999.0 -9999.0 1.50502688955 2.96935691824 1.35571121057 2.73377855107 1.27462677392 9.47713190705 11.9667301681 13.226458892 1.18067833497 2.32018183131 21.3094380756 26.6790853782 27.7534862138 2.12345117994 2.36014969133 3.63117014842 0.96038710725 0.881644169629 1.65640177287 0.619926327792 31.5439667972 32.1911279656 32.7161281475 272.253011707 513.938669915 509.837481131 1.01796354325 0.494275848548 0.449124206162 1.93057539227 1.48234887593 3.0201576099 3.98134662515 7.91554502483 0.711384341829 0.710112367644 6.62773903346 7.35373415355 14.0935457826 14.5127191487 15.8054745228 16.231735695 0.389387516853
-9999.0 -9999.0 -9999.0 -9999.0 -9999.0 -9999.0 -9999.0 -9999.0 -9999.0 -9999.0 -9999.0 -9999.0 -9999.0 1.43113565921 2.83274824948 4.22747825326 6.84717880619 1.37651063035 1.27952697924 8.03000499339 9.21085675993 19.0437430637 20.198778845 3.28725899074 1.14604584841 1.04754839337 1.04577837499 26.8586703387 27.7071122477 28.6702035391 29.5079671002 30.8846704705 6.91542208389 7.34632908458 40.7665197189 827.182717612 3.38414921641 2.7300746067 1.45181978464 0.367154446054 0.35987382289 2.79222202636 3.07475415012 3.83105052633 0.433253775435 8.48052475426 1.36728920373 1.35950008869 0.411586815579 0.252393799143 0.196003860696 0.137588163462 0.190013409848 16.4201205717 217.593900909
-9999.0 -9999.0 -9999.0 -9999.0 -9999.0 -9999.0 -9999.0 -9999.0 -9999.0 -9999.0 -9999.0 -9999.0 -9999.0 -9999.0 1.39655394344 2.42213969103 3.30176320351 4.20476821742 5.48004335452 6.78412806725 3.82715135496 6.31748781881 1.16090294097 1.13959598301 21.6439492402 23.8745790478 24.9118876272 25.9972368686 0.87263819545 1.66014003393 4.26260247151 5.43416910509 6.29892063459 0.552704797829 0.278497820785 828.384587912 0.595372710833 0.839262713657 0.534624578361 1.59525333334 0.715287710263 0.409748640871 7.20166105505 7.37501538466 0.169524258622 8.65288147631 10.3913740747 1.95782861501 226.180710354 225.535599982 225.068199138 224.335310244 224.09498584 219.129326283 218.891020994
-9999.0 -9999.0 -9999.0 -9999.0 -9999.0 -9999.0 -9999.0 -9999.0 -9999.0 -9999.0 -9999.0 -9999.0 -9999.0 -9999.0 0.223945460068 0.508849100937 0.880965301375 7.6963743539 9.02514790805 1.33110835014 1.29092025258 1.25644266168 17.0236806303 19.4188245568 1.165485055 1.19166199841 1.02384117481 4.16781186655 5.18540115537 2.69073720797 3.51496596053 23.7564393378 24.6246261439 25.7862058635 41.8106820383 870.454838985 0.596955915646 0.39323137197 2.48822840351 2.06194324314 0.208526016403 0.848096009716 1.06513715502 7.60213763094 7.777085199 18.5965787506 10.4880427392 2.20959373128 231.100427713 1.64664068775 224.691377425 224.523103534 4.70609781449 0.106526103484 1.06528416572
-9999.0 -9999.0 -9999.0 -9999.0 -9999.0 -9999.0 -9999.0 -9999.0 -9999.0 -9999.0 -9999.0 -9999.0 -9999.0 -9999.0 1.08847910251 1.79365612359 3.80705783158 6.57408293976 9.79740123556 12.0986729642 13.3654240319 14.6439776389 15.8715658883 1.18917110097 1.12803304381 2.22501463508 2.08874951953 1.06861903524 20.437409783 21.4321037969 22.3482333853 23.2222714061 14.1671903812 15.092585003 15.7457149465 870.681757801 0.961958187847 1.39117933784 4.19580796887 0.447866072779 0.383769244535 0.187400860954 0.201960197305 1.23927402391 0.143400364183 0.153039595161 250.521922668 231.826290472 231.686716742 0.678066411569 1.36126016483 0.907806113637 0.227854953765 4.47805141297 1.28618547798
-9999.0 -9999.0 -9999.0 -9999.0 -9999.0 -9999.0 -9999.0 -9999.0 -9999.0 -9999.0 -9999.0 -9999.0 -9999.0 -9999.0 0.760254216784 0.7007823413 1.36951874338 2.09063170844 1.20522184831 1.38198693316 2.67390468723 3.96931068945 6.41362092312 7.62490567466 8.75847463803 12.144098137 13.1908394286 14.2968452123 1.04201283378 10.3551301586 11.2996941015 12.3184528481 0.991866838339 0.717587784524 1.20787215542 887.968676697 888.189994822 889.700325297 5.39949712694 0.895489607764 0.984134344713 0.275902004971 0.354133005814 1.3911771103 1.66599003193 0.275398684906 251.161085379 0.188840752436 0.354154171902 0.415093970955 0.249028980182 0.518182598985 0.200372525861 2.91637762361 2.40112730907
-9999.0 -9999.0 -9999.0 -9999.0 -9999.0 -9999.0 -9999.0 -9999.0 -9999.0 -9999.0 -9999.0 -9999.0 -9999.0 -9999.0 -9999.0 0.660974581852 1.30373634858 0.65654893028 1.40337675598 8.66269941807 9.7478405563 11.0347830105 1.22152383662 1.22219252879 2.35940621991 3.50540792187 5.56548614905 6.62073765995 7.29039059762 8.31841957933 0.862952209771 0.89350365374 14.4115626164 15.119811265 15.5058940777 15.836100604 12.7318796841 903.751434415 911.225643354 911.524768574 912.774055771 914.14834801 914.595061864 0.128138208331 1.79089424969 251.261475159 0.285129039377 0.146569435077 0.131275090134 0.126175197042 0.231088445883 0.270893487957 0.157466872397 0.260421587324 0.265448067713
-9999.0 -9999.0 -9999.0 -9999.0 -9999.0 -9999.0 -9999.0 -9999.0 -9999.0 -9999.0 -9999.0 -9999.0 -9999.0 -9999.0 -9999.0 -9999.0 1.93457693786 2.63081030256 4.71186351595 6.43397270537 0.959500302696 13.3245208524 14.5335102112 15.7354084347 1.17366825524 2.30817801358 1.02039368527 7.66949423871 8.28239023945 9.2699339197 10.4104588809 12.9394268876 13.502042417 0.336013424598 11.5226322723 12.1606083466 12.4281757426 13.8135638739 1.83242095534 1.17454133914 0.767043225214 0.651287600849 915.318727653 915.506357361 918.417140882 251.347230865 0.771923632499 0.392894236577 0.250215560191 0.0957487455264 0.806382477366 0.455675577277 0.13936118317 0.804122162182 0.687575001991
-9999.0 -9999.0 -9999.0 -9999.0 -9999.0 -9999.0 -9999.0 -9999.0 -9999.0 -9999.0 -9999.0 -9999.0 -9999.0 -9999.0 -9999.0 -9999.0 0.706780683832 3.3217350182 4.0586616211 1.03331678709 1.30221065147 2.59256909495 3.79566490116 20.7331618448 1.15696748924 4.65209853438 5.7010858759 6.72895169473 0.682169376807 1.59977917521 2.23320453737 9.01545545369 10.3336952521 10.5703949923 0.308372488173 0.34623585542 0.452344209743 0.807291386374 0.39137428506 0.424291690449 0.64115065149 0.484744029653 0.529870578076 1.03810473269 918.58217503 1170.33715356 1.0547791632 0.390178212638 0.104376425426 2.63067124794 2.42099151472 1.47387239861 1.33363109004 1.01482138399 0.249948193366
-9999.0 -9999.0 -9999.0 -9999.0 -9999.0 -9999.0 -9999.0 -9999.0 -9999.0 -9999.0 -9999.0 -9999.0 -9999.0 -9999.0 -9999.0 0.576526585208 1.92426945278 0.638265279302 1.26337127492 1.409809766 2.72676305785 4.00107213918 5.02975270094 26.4659181458 27.5789773172 1.14433112688 2.18940242597 3.24222894879 4.02273828358 4.94966944901 8.18622291619 8.70426412325 0.993226930228 0.563077029789 0.461869157404 0.243090705408 0.612735956504 0.596156803949 0.737330385451 0.816546025866 1.91973237252 0.705427385142 0.144646907506 0.136766541836 0.161258901737 0.304023202976 1180.33968358 8.75779054471 3.13060223856 0.179257479496 0.0759077180104 0.0716530513548 0.296256453461 0.220105475757 0.120214015716
-9999.0 -9999.0 -9999.0 -9999.0 -9999.0 -9999.0 -9999.0 -9999.0 -9999.0 -9999.0 -9999.0 -9999.0 -9999.0 -9999.0 0.60361842469 1.1720796695 4.29562587798 0.6085054935 2.24187077025 3.63506884019 4.96314332586 1.33592170612 2.53741703219 3.42988798453 31.6741475675 1.0914267431 2.07877589851 3.08727061258 0.948287469572 1.90005300194 2.86644460175 3.42063641234 65.3488400096 66.4642113998 67.732880079 72.1307154724 73.3599012465 76.1002987195 1.61427793752 3.37536913939 2.69421894214 85.9099766229 86.2009482503 0.126064471669 0.247723337757 0.362968237897 1180.3756918 8.06493181614 4.71463275873 4.62125686323 2.89378221402 2.20136348104 0.39243550988 0.0855176069376 0.18980439538
-9999.0 -9999.0 -9999.0 -9999.0 -9999.0 -9999.0 -9999.0 -9999.0 -9999.0 -9999.0 -9999.0 -9999.0 -9999.0 -9999.0 0.613458225306 1.86696144461 6.77821054247 9.98582135589 0.525464909465 13.1496243114 18.7911408573 1.27028007636 2.45503611663 3.42826614038 41.3293672169 42.0575514003 0.862087586454 4.82958946027 5.65304193884 6.49999593652 57.8595392378 60.2287591418 61.2309544808 0.478547413334 2.86382183635 3.53121629172 1.16527980695 1.65905825134 78.3442998387 82.3788714149 82.7260282293 83.0440528306 86.5323030452 0.163142349649 0.141752119662 0.612526545167 1180.43473244 0.129023405329 0.547878181287 1.65095633135 0.624572392956 2.0625833713 1.22955271152 0.720180850111 0.537684474247
-9999.0 -9999.0 -9999.0 -9999.0 -9999.0 -9999.0 -9999.0 -9999.0 -9999.0 -9999.0 -9999.0 -9999.0 -9999.0 -9999.0 -9999.0 -9999.0 1.31676716851 2.64742699394 11.8344018805 12.5189852145 19.3756665045 20.0578864469 1.24128355731 2.47724061076 5.67703878382 42.6320000687 44.3447408887 45.055508346 0.55767862953 47.8451122761 50.4493988576 1.50361471606 0.451242542962 0.87314887845 1.67262443806 0.396107518604 0.765275420018 1.59909468372 1.97108809398 0.374606727148 0.23471495255 0.45276792669 88.5504900116 89.530920847 89.6481087901 90.5978418061 1180.48278917 0.0771003019202 0.391312524886 0.466289339767 0.44876632824 0.460525541503 0.39372124567 0.739235032622 0.0575339367255
-9999.0 -9999.0 -9999.0 -9999.0 -9999.0 -9999.0 -9999.0 -9999.0 -9999.0 -9999.0 -9999.0 -9999.0 -9999.0 -9999.0 -9999.0 -9999.0 0.690319289274 0.672110825972 0.666753861239 1.38203547702 0.594835929342 21.2377527409 21.8528963954 1.07114096675 2.20378026507 1.09038207042 0.879636228189 0.848901387722 46.6802443702 0.913872112967 1.87936700439 0.72512250289 0.482944493377 0.405437068509 0.299146379303 0.313273833613 0.956257193805 1.31685950659 0.24361813223 0.208957981324 0.455551736016 0.77095021358 1.10115986559 0.523434719528 89.8607310051 90.7156570044 1180.49751026 1.10192396979 0.951941242796 0.297147314688 0.695082604333 0.25083656658 0.199066326542 0.952732353586 0.323054705344
-9999.0 -9999.0 -9999.0 -9999.0 -9999.0 -9999.0 -9999.0 -9999.0 -9999.0 -9999.0 -9999.0 -9999.0 -9999.0 -9999.0 -9999.0 -9999.0 -9999.0 -9999.0 0.663229936362 1.98146553922 2.50033393042 3.07243012292 22.4104319643 22.9779597996 23.5618158004 24.3192600499 25.14134532 26.8530709034 27.6715106719 28.5560082649 29.1693410807 0.42893411781 0.394876177134 0.407360901785 1.35348384935 0.35573582049 0.333172708935 0.254178220762 0.731599696958 0.285905832422 0.215585593785 0.199011427771 0.166530259747 0.332324873576 0.482390045455 91.6930423873 1273.31567036 0.0682067692697 0.1466551443 0.256562359709 0.958526459635 0.531707732622 0.399867737727 1.54720437971 0.547417797529
-9999.0 -9999.0 -9999.0 -9999.0 -9999.0 -9999.0 -9999.0 -9999.0 -9999.0 -9999.0 -9999.0 -9999.0 -9999.0 -9999.0 -9999.0 -9999.0 -9999.0 -9999.0 -9999.0 0.52836561278 4.32424382068 8.57181749023 9.1717013369 0.941058189976 2.00488970584 3.1347648999 4.07046926178 10.27367152 10.7600838023 0.460176037926 0.448752289845 30.3267790953 31.1924209108 31.5400398972 1.59563923572 0.199974974629 0.52738693724 0.769321567644 2.33901258842 2.87118340031 3.28040170483 0.37370193016 0.52179492834 0.176339585444 0.350788535584 0.18138422189 1273.57241277 0.058609120742 0.261778577015 0.32882814801 1.36306815491 2.32637349463 2.76422514808 4.35007242092 0.760578888734
-9999.0 -9999.0 -9999.0 -9999.0 -9999.0 -9999.0 -9999.0 -9999.0 -9999.0 -9999.0 -9999.0 -9999.0 -9999.0 -9999.0 -9999.0 -9999.0 -9999.0 -9999.0 0.607851935542 1.95340763675 3.80647740918 4.95423803443 12.7082398344 13.4703919969 2.32398902397 3.45845018047 4.45913863569 5.40275384766 11.4354381253 12.4396163438 23.1922007056 24.0998778476 24.8171532014 31.8615786906 34.1954614858 0.497837177181 0.351660836497 0.327262208739 0.617157637876 0.27375484411 3.81245242192 4.00552488102 0.698881022416 1.05141050549 0.510729412061 242.386281971 242.834920116 1516.50759477 1516.79058303 0.0649450492886 1.49889230523 0.226310168345 0.21131457937 4.83481589654 5.6853588441
-9999.0 -9999.0 -9999.0 -9999.0 -9999.0 -9999.0 -9999.0 -9999.0 -9999.0 -9999.0 -9999.0 -9999.0 -9999.0 -9999.0 -9999.0 -9999.0 -9999.0 -9999.0 -9999.0 0.704031560158 0.683177388084 1.27719637542 3.0033053025 14.0354241473 1.18307561684 1.16804852804 2.1382659475 3.1488747975 8.18448955894 9.08285089688 0.683024696758 0.545103101583 25.3390225582 25.6552456588 60.3354621968 60.8389574191 0.163799517676 0.14381841354 0.121014496892 0.122103785013 0.143424149908 237.908222581 239.132774256 240.431689572 241.249312937 242.035797005 0.211825888581 0.780504783554 0.91967791276 1517.91296868 1517.89344006 1517.87300811 1518.02954091 1518.27442069 6.18036025807
-9999.0 -9999.0 -9999.0 -9999.0 -9999.0 -9999.0 -9999.0 -9999.0 -9999.0 -9999.0 -9999.0 -9999.0 -9999.0 -9999.0 -9999.0 -9999.0 -9999.0 -9999.0 -9999.0 -9999.0 0.615060687275 0.650311154241 1.19058732985 16.3449684133 16.9764580177 1.15242653782 2.12177592077 3.14707964712 4.1868074145 0.981535731989 1.68236427949 44.6756480108 45.0422290375 45.6266620267 49.0074375418 110.293388793 230.340273192 230.753851064 231.123409176 231.477578498 233.167531129 233.721704739 1.05918904337 0.463861009806 0.285803065131 0.532879002948 0.390994089151 0.619681480923 0.187966598306 4.55571464956 5.04821868799 5.37864737161 5.44364039211 1518.27519796 1524.73812152
-9999.0 -9999.0 -9999.0 -9999.0 -9999.0 -9999.0 -9999.0 -9999.0 -9999.0 -9999.0 -9999.0 -9999.0 -9999.0 -9999.0 -9999.0 -9999.0 -9999.0 -9999.0 -9999.0 -9999.0 -9999.0 0.626455591033 1.19207997447 1.76216289348 17.4489458575 0.739020281634 24.2845682791 25.3331648309 26.3405903831 27.1045098949 41.5938328581 42.3569218136 0.383276585261 2.31469845766 2.9042028577 0.388889188958 119.649954043 118.957852093 0.208560756927 0.481746946353 1.35759659699 0.311749351197 0.341231340332 0.238629080212 0.204961852573 0.159131283155 0.187573587906 3.96340429232 4.15804405747 4.39682083049 0.389468335838 0.261772232529 5.53521722163 5.61120286204 5.66109658856
-9999.0 -9999.0 -9999.0 -9999.0 -9999.0 -9999.0 -9999.0 -9999.0 -9999.0 -9999.0 -9999.0 -9999.0 -9999.0 -9999.0 -9999.0 -9999.0 -9999.0 -9999.0 -9999.0 -9999.0 -9999.0 0.559225308031 0.518066988666 2.70610770375 21.2842738866 22.5935884162 23.3266260678 0.996396154981 12.0464129714 13.0739034695 13.5420339016 0.687425022503 1.15482293352 1.52370846063 28.5457356161 28.833955817 29.0792691281 118.513675638 69.4916051062 0.264715914507 0.29781459925 0.285294524845 0.226262399251 2.42583760878 2.89615249772 3.3069425175 3.53820161425 3.75993653646 32.3633254743 32.530735313 32.9380106925 33.6906263786 36.1873342199 36.2531091669 41.9773619932
-9999.0 -9999.0 -9999.0 -9999.0 -9999.0 -9999.0 -9999.0 -9999.0 -9999.0 -9999.0 -9999.0 -9999.0 -9999.0 -9999.0 -9999.0 -9999.0 -9999.0 -9999.0 -9999.0 -9999.0 -9999.0 -9999.0 1.08731185355 1.67011735703 0.626359786274 1.16609706202 8.34358158745 9.36301495137 10.1427293552 5.62899592179 6.58405607597 7.48141495182 7.9373661418 27.8898525001 28.3126559318 19.0762277011 48.4806711867 48.7807339794 69.2740122051 0.606942419522 0.315543535059 0.215768026683 1.68749765609 1.98408245449 0.175711422598 0.162835812919 31.6131586329 32.021496478 32.2162292849 0.255222894584 0.47496281336 35.7109069612 0.158550853431 0.519009885189 0.572846953655
-9999.0 -9999.0 -9999.0 -9999.0 -9999.0 -9999.0 -9999.0 -9999.0 -9999.0 -9999.0 -9999.0 -9999.0 -9999.0 -9999.0 -9999.0 -9999.0 -9999.0 -9999.0 -9999.0 -9999.0 -9999.0 -9999.0 0.544667019021 1.07583946637 4.62530524662 5.28713392048 6.15417987746 3.856988967 4.67400086532 0.994721204792 17.9231272441 18.7995497412 19.5570283278 0.501890062573 18.3000065635 18.743217989 0.315884542518 67.6896267386 0.687676560693 0.341311865138 0.921257614085 1.23792760585 0.239796039523 0.194251436715 29.4539521893 31.2474022026 31.486569635 0.254001998064 0.557315471272 0.696567712038 0.900473265257 1.71187406934 0.192335916514 0.429202706524 0.0793718040847
