data/baseflow/History/mHMbfrc432
ncols                  80
nrows                 72
xllcorner      4374000.0
yllcorner      5656000.0
cellsize            500
NODATA_value       -9999
[rows 0 to 23 of 72, columns 0 to 53 of 80]
-9999.0 -9999.0 -9999.0 -9999.0 -9999.0 -9999.0 -9999.0 -9999.0 -9999.0 -9999.0 -9999.0 -9999.0 0.982163224855 0.749086808399 -9999.0 -9999.0 -9999.0 -9999.0 -9999.0 -9999.0 -9999.0 -9999.0 -9999.0 -9999.0 -9999.0 -9999.0 -9999.0 -9999.0 -9999.0 -9999.0 -9999.0 -9999.0 -9999.0 -9999.0 -9999.0 -9999.0 -9999.0 -9999.0 -9999.0 -9999.0 -9999.0 -9999.0 -9999.0 -9999.0 -9999.0 -9999.0 -9999.0 -9999.0 -9999.0 -9999.0 -9999.0 -9999.0 -9999.0 -9999.0
-9999.0 -9999.0 -9999.0 -9999.0 -9999.0 -9999.0 -9999.0 -9999.0 -9999.0 -9999.0 -9999.0 -9999.0 2.01380069791 4.16235748561 0.615395421178 -9999.0 0.553576893963 -9999.0 -9999.0 -9999.0 -9999.0 -9999.0 -9999.0 -9999.0 -9999.0 -9999.0 -9999.0 -9999.0 -9999.0 -9999.0 -9999.0 -9999.0 -9999.0 -9999.0 -9999.0 -9999.0 -9999.0 -9999.0 -9999.0 -9999.0 -9999.0 -9999.0 -9999.0 -9999.0 -9999.0 -9999.0 -9999.0 -9999.0 -9999.0 -9999.0 -9999.0 -9999.0 -9999.0 -9999.0
-9999.0 -9999.0 -9999.0 -9999.0 -9999.0 -9999.0 -9999.0 -9999.0 -9999.0 -9999.0 0.983150334214 0.947607122159 0.994125950521 0.976549950511 6.01788653897 6.63777819921 1.53599238027 0.495236234294 -9999.0 -9999.0 -9999.0 -9999.0 -9999.0 -9999.0 -9999.0 -9999.0 -9999.0 -9999.0 -9999.0 -9999.0 -9999.0 -9999.0 -9999.0 -9999.0 -9999.0 -9999.0 -9999.0 -9999.0 -9999.0 -9999.0 -9999.0 -9999.0 -9999.0 -9999.0 -9999.0 -9999.0 -9999.0 -9999.0 -9999.0 -9999.0 -9999.0 -9999.0 -9999.0 -9999.0
-9999.0 -9999.0 -9999.0 -9999.0 -9999.0 -9999.0 -9999.0 -9999.0 -9999.0 0.941375919816 1.92809539909 3.83326271516 1.92186048761 0.936504224449 1.85178581635 7.52154204037 10.1310972875 0.528991803653 -9999.0 0.978664070771 -9999.0 -9999.0 -9999.0 -9999.0 1.0474567312 0.5428130344 -9999.0 -9999.0 -9999.0 -9999.0 -9999.0 -9999.0 -9999.0 -9999.0 -9999.0 -9999.0 -9999.0 -9999.0 -9999.0 -9999.0 -9999.0 -9999.0 -9999.0 -9999.0 -9999.0 -9999.0 -9999.0 -9999.0 -9999.0 -9999.0 -9999.0 -9999.0 -9999.0 -9999.0
-9999.0 -9999.0 -9999.0 -9999.0 -9999.0 -9999.0 -9999.0 -9999.0 1.06471481682 3.00492719701 3.92771688092 4.85408275992 6.66802711013 0.888971235809 3.62661185892 4.50599909093 15.8851928947 0.680139641696 0.771493675929 1.8476409859 2.71325461427 0.900234534292 -9999.0 2.64022647478 2.17137098681 0.57881841244 -9999.0 -9999.0 -9999.0 -9999.0 -9999.0 -9999.0 -9999.0 -9999.0 -9999.0 -9999.0 -9999.0 -9999.0 -9999.0 -9999.0 -9999.0 -9999.0 -9999.0 -9999.0 -9999.0 -9999.0 -9999.0 -9999.0 -9999.0 -9999.0 -9999.0 -9999.0 -9999.0 -9999.0
-9999.0 -9999.0 -9999.0 -9999.0 -9999.0 -9999.0 1.03376342443 0.949272998107 0.94233302653 0.957518350397 0.973401315166 6.81104165486 14.424068989 15.3556789935 16.2426111845 0.908827774303 17.5582459514 18.3609191336 1.62432898165 0.861265833127 3.56398006958 6.21631312951 0.763174045874 4.89867004982 0.846243724531 0.782554885977 0.876647590466 -9999.0 -9999.0 -9999.0 -9999.0 -9999.0 -9999.0 -9999.0 -9999.0 -9999.0 -9999.0 -9999.0 -9999.0 -9999.0 -9999.0 -9999.0 -9999.0 -9999.0 -9999.0 -9999.0 -9999.0 -9999.0 -9999.0 -9999.0 -9999.0 -9999.0 -9999.0 -9999.0
-9999.0 -9999.0 -9999.0 -9999.0 -9999.0 -9999.0 2.07368112767 3.07005101908 6.97949634954 9.77976742152 0.877605240531 0.913903060459 0.896970705201 2.61973341858 19.6833114414 0.80731172491 19.1639948736 22.3413281829 2.42197945533 1.65901802037 7.02619222866 0.869705113083 5.75256431188 1.60213716183 0.780328132493 1.53618687311 1.73545148288 0.908819559557 0.944439555765 0.924278490233 0.977108039969 1.95726902524 -9999.0 -9999.0 -9999.0 -9999.0 -9999.0 -9999.0 -9999.0 -9999.0 -9999.0 -9999.0 -9999.0 -9999.0 -9999.0 -9999.0 -9999.0 -9999.0 -9999.0 -9999.0 -9999.0 -9999.0 -9999.0 -9999.0
-9999.0 -9999.0 -9999.0 -9999.0 -9999.0 1.13443307158 2.19581834341 1.05345370861 2.0489116166 10.7944260287 12.6501902165 14.4995753459 46.9335491738 0.868599686428 20.5463937328 74.3885370817 75.0756715209 98.6291360098 0.741488313795 2.45805400936 7.8400363363 0.807107056637 14.7749238872 8.18996295159 4.89368514953 4.0912107518 0.845016737024 2.6958017904 2.76049548677 1.83972777451 0.900567623752 2.88356310215 0.893612016088 0.879825913246 -9999.0 -9999.0 -9999.0 -9999.0 -9999.0 -9999.0 -9999.0 -9999.0 -9999.0 -9999.0 -9999.0 -9999.0 -9999.0 -9999.0 -9999.0 -9999.0 -9999.0 -9999.0 -9999.0 -9999.0
-9999.0 -9999.0 -9999.0 -9999.0 -9999.0 1.14918331319 3.34373260157 6.62464139131 7.64692731487 15.1814996857 16.1542599669 19.181914568 31.5762375817 49.5835473053 51.3926153115 52.2335315201 1.62169154044 101.546790637 103.056520668 107.197901717 133.081185715 17.2523383023 15.6366943597 5.74443211521 0.834687601524 5.08221108979 3.45821696668 0.729335091625 3.58361929456 0.818420212849 1.6983836076 4.59576883448 5.45402192833 1.72562685707 0.834116300877 0.828721610817 -9999.0 -9999.0 -9999.0 -9999.0 0.490263658948 0.444086356901 -9999.0 -9999.0 -9999.0 -9999.0 -9999.0 -9999.0 -9999.0 -9999.0 -9999.0 -9999.0 -9999.0 -9999.0
-9999.0 -9999.0 -9999.0 -9999.0 -9999.0 1.11554370666 1.06613338626 4.43231257679 5.46958796939 6.5371076096 1.02634546019 2.03509983077 11.5984888732 2.05182928653 0.993838215985 0.91581180791 0.839085316886 0.922491303492 0.882475122941 0.916285213991 133.916032244 136.338446383 0.798795571691 2.45087842405 1.66358975654 5.8659753268 1.48045621771 0.709233953198 4.40157083112 1.62483949279 3.98259171297 9.62692970454 8.84736166759 2.54561991462 2.431969795 0.851327258419 0.84136647879 -9999.0 -9999.0 0.837638023168 1.09689261749 2.46809026017 0.465969435875 -9999.0 -9999.0 -9999.0 -9999.0 -9999.0 -9999.0 -9999.0 -9999.0 -9999.0 -9999.0 -9999.0
-9999.0 -9999.0 -9999.0 -9999.0 -9999.0 -9999.0 1.15835244617 1.16027836019 2.21747959279 3.29132370594 7.51463074709 9.59807134523 10.6364587247 1.05110431821 0.894362728452 11.5986106397 14.3169491198 15.1726493856 18.7561271974 19.5879281767 0.829949686735 137.172191232 141.286642403 3.30076801258 0.851480782403 6.64901285353 14.6130121937 5.80272434023 1.50105221685 0.771697162365 15.1499526449 10.419602917 0.737405259497 0.73189789266 3.17234935746 2.4835285726 0.770369163255 0.695722874526 0.809954081374 1.63101994334 0.780075732129 2.98852759949 3.7085986839 0.647131654614 -9999.0 -9999.0 -9999.0 -9999.0 0.737893648361 0.696052598062 0.297571724741 -9999.0 -9999.0 -9999.0
-9999.0 -9999.0 -9999.0 -9999.0 -9999.0 -9999.0 -9999.0 1.13375980534 1.04343768819 2.13954270327 3.21702620117 1.0496016742 0.958453434359 6.02233336886 7.90030787445 9.8395253894 0.938398790495 1.84481379168 0.92423896765 20.4466434399 44.4382733651 44.9394797906 187.639765645 0.806847842054 2.46414166295 0.795499664836 15.3063270913 0.73638501457 2.27977811703 0.754985069408 15.8882514371 16.6248695385 1.48343673586 1.47205033675 8.0327073113 4.0579562756 1.45350750341 0.765305308861 1.61588124546 2.42612029197 3.93007897515 0.703908530148 4.93863060945 5.45354544767 0.448413381586 0.485775977729 0.520615509467 0.457476161635 0.431718129433 2.00134839462 0.890374988693 0.573229011571 -9999.0 -9999.0
-9999.0 -9999.0 -9999.0 -9999.0 -9999.0 -9999.0 -9999.0 -9999.0 2.14495653457 3.15886518017 1.04549512508 2.12168177482 3.12390287395 5.12481311655 1.00778417794 0.983684789566 0.891101613404 0.900200092234 0.832218533242 22.255047843 0.933072278416 1.82249210541 189.961085377 191.190914263 0.484194766542 3.45793286338 19.3968088077 1.46789760656 2.95810594124 1.35408669929 2.00098167315 19.4384481239 2.1610805648 11.5854347791 9.46461622166 0.733871695043 3.72297488657 1.52571610513 2.35681475665 0.728157668287 4.58888635888 5.86217017666 6.28762655379 6.68446004198 7.11213878983 0.839051673395 0.907354414294 0.807659880542 0.752810592236 2.44513192223 0.516445262653 1.98424933484 2.45121907647 -9999.0
-9999.0 -9999.0 -9999.0 -9999.0 -9999.0 -9999.0 -9999.0 -9999.0 1.11225775895 5.3618351668 6.38435371954 1.02388666669 2.01240282712 0.98745108175 0.930581184383 0.915923051322 11.4305874572 15.1167188403 18.4481259889 21.7160969805 0.791692976491 0.907677455928 0.776792068829 194.5489326 195.759592659 196.18854581 25.7400628202 5.79138919782 5.09198610635 0.600853475395 2.57033595839 22.6459511472 0.583201334278 12.2231708724 0.729244256367 4.9486291391 4.49531282488 0.749678295225 3.09481080529 1.46145257738 2.17960348688 0.583585520463 0.3931887289 7.07473911799 7.42393264475 7.46026948213 1.29035192736 1.16726155488 1.10664594919 2.98755471735 4.03250347836 0.521745621803 2.97697755038 0.600161671069
-9999.0 -9999.0 -9999.0 -9999.0 -9999.0 -9999.0 -9999.0 -9999.0 -9999.0 1.13568818884 7.45218200069 8.46458682756 3.00922552072 4.98401826167 6.85384161086 7.79754383989 0.965754610351 2.79751063554 1.89200912125 0.982597335054 0.958815218486 0.874448456897 1.71544264073 2.80051100567 0.750282926019 223.16753467 223.630928144 0.433636702994 0.427375508516 1.25704550674 1.87748505668 24.4406983769 1.18155784175 12.7624218803 7.67452304585 6.33252013732 0.715807943988 1.44921374319 3.77456554841 0.678879592989 2.83974095109 1.21037674662 0.726764342723 0.403573755075 8.57154352131 16.3046889944 1.53557101237 1.42205931537 1.49967337986 0.422847569055 4.45396317911 0.409566162576 3.92972997468 0.532030262334
-9999.0 -9999.0 -9999.0 -9999.0 -9999.0 -9999.0 -9999.0 -9999.0 -9999.0 -9999.0 1.00829053298 10.4911450106 0.991032667584 1.97140036843 2.88044726962 4.64886881098 0.88746880594 1.82205402411 0.915622728735 0.843767429534 0.806264175228 1.58767417377 0.721809360615 0.696983757958 1.24869363004 0.692588638692 224.13156878 224.978666123 226.337805303 2.35025319347 0.656785635662 1.31067936595 25.1127302438 23.5100809548 9.04731232181 0.683666587216 2.8547057362 2.14823523539 4.45592822478 1.35687072236 5.37055345461 1.85790758423 1.25285752208 0.430298308098 0.437128538561 16.713730884 17.0461828198 20.2825889358 2.84623228181 0.885476609305 4.9117111075 5.76958757448 10.0837962375 1.00725626552
-9999.0 -9999.0 -9999.0 -9999.0 -9999.0 -9999.0 -9999.0 -9999.0 -9999.0 -9999.0 -9999.0 0.66434377567 11.9196451058 0.939916467985 1.83326058326 8.22071907067 0.874616042029 0.865618596687 0.781119697737 1.67811046405 0.865539633639 3.29462943551 4.74334915254 5.4111464292 1.81819081772 2.20288850949 0.42632431694 0.595773561409 0.558853396812 229.795289362 231.518550768 25.6465303936 24.5814372054 24.0650291668 1.11000601712 0.522279936627 3.48779788362 9.21634569166 5.09663905401 1.99140554874 7.96986266716 3.36567116261 2.78510244684 0.91423900424 0.356439583442 0.29598876228 0.282487593766 21.8556776807 25.9112430932 0.438410257047 0.366473020038 0.441754486342 10.5364430526 11.9954158533
-9999.0 -9999.0 -9999.0 -9999.0 -9999.0 -9999.0 -9999.0 -9999.0 -9999.0 -9999.0 -9999.0 0.619045633512 13.3569871253 16.3102918772 0.89987730066 9.98835463279 0.80349354198 0.774878108372 1.61648994176 4.14589418071 0.850288808045 0.889202781196 0.747776314107 6.85743469015 7.53829360724 10.4817412664 11.497884082 12.051029804 12.4651786273 13.1080523972 245.084354217 271.583665419 296.894855673 297.14593765 0.370717819405 0.546402437975 10.4866092011 9.85511583295 0.631515015292 0.626609839115 8.58366138582 12.5657009315 0.553412479812 6.89653848479 6.30643452326 1.87960037464 0.742515258968 1.24261008393 0.42551818528 26.5631216392 0.328056953753 1.1240158649 1.36841494075 14.5167569923
-9999.0 -9999.0 -9999.0 -9999.0 -9999.0 -9999.0 -9999.0 -9999.0 -9999.0 -9999.0 -9999.0 1.07080704211 2.04958709147 17.2683621716 18.9900961162 0.852036041853 11.3715046808 0.702660582655 2.21735385052 4.9260204569 1.64663227484 0.793271370987 1.57519435445 0.629309972992 1.26491012369 0.675064493304 0.657257475977 0.665437256796 0.654068792526 0.553744700693 0.449070661243 0.486568975513 0.514825087897 0.494458553704 298.311853141 11.7217670898 10.9708053235 0.236319092434 1.76337075406 0.528212239549 0.508704687143 13.1221231868 21.7668741603 7.51210006479 5.43917740483 1.17830350458 0.442422633524 0.399795804732 0.738882200676 27.627524683 28.2033867979 0.303181662414 0.312619326059 0.353712947804
-9999.0 -9999.0 -9999.0 -9999.0 -9999.0 -9999.0 -9999.0 -9999.0 -9999.0 -9999.0 -9999.0 -9999.0 0.92991062101 12.6122960124 32.5247512981 35.2640308445 47.3724821178 47.9386256922 10.9325580604 8.18407774829 2.4530942761 0.783741747854 3.11677942903 3.83930179674 5.79114606909 1.37747392372 1.31376320962 1.33260884789 2.62988464795 1.18682049041 1.07016972865 0.647313838856 0.588053705858 0.419425905415 298.698939456 310.827708219 311.081493404 0.217434486047 4.46649214931 2.22666762533 0.608188413952 23.6314099091 1.3157868416 0.678184011196 2.90517119491 0.697783411946 0.456988091395 0.817089402677 1.10227559512 1.41258503459 28.6790634654 0.221617883504 0.192705178668 0.191015312775
-9999.0 -9999.0 -9999.0 -9999.0 -9999.0 -9999.0 -9999.0 -9999.0 -9999.0 -9999.0 -9999.0 1.01968914846 9.62896842811 11.6604947547 1.87500117797 0.687191547171 1.49628714068 50.2428803839 50.842240265 62.3471536623 0.719702736574 1.49713663012 0.671797249014 0.680367321224 6.44833983644 8.48125547673 10.3988467215 0.596009998234 3.21922726267 4.98575440926 2.81491467454 1.20184132028 1.11359155274 0.983426329729 0.86661773851 0.280604010826 311.266016691 311.39802852 316.145345253 0.906432392855 0.515696714304 23.9529350833 1.38515558359 0.705392720799 0.760215345252 0.75490676945 0.674501658441 1.16523435155 3.21109725172 4.95308766214 33.8644568413 0.160776797364 0.491325022105 0.334057956062
-9999.0 -9999.0 -9999.0 -9999.0 -9999.0 -9999.0 -9999.0 -9999.0 -9999.0 -9999.0 -9999.0 1.04277597684 6.68092021079 1.0390668643 0.911885611874 4.88041773419 5.72521861244 6.55826404028 7.3458837072 84.9222841379 85.6484246149 87.0635224925 97.6805782517 99.7074284252 100.86519321 101.531183495 113.523463866 115.274869838 115.890387599 121.554255891 124.995346516 125.549513123 127.80475508 1.50149662768 1.41527860931 0.302177870132 0.179161872512 311.570215501 317.446967794 1.17741799739 27.24649994 26.8156425193 2.55530801097 0.617329341517 0.633117583443 0.605871998276 0.618223034763 1.23849043967 1.7193701553 0.422979774811 34.0791067006 34.3061355163 35.3245499995 35.5063059737
-9999.0 -9999.0 -9999.0 -9999.0 -9999.0 -9999.0 -9999.0 -9999.0 -9999.0 -9999.0 -9999.0 3.44987085633 4.55525686258 2.10707052713 3.10270609126 0.983947643447 11.0455698346 11.8893827955 13.5848013692 14.4412367926 5.70312222621 94.0434404942 94.8281508027 0.648390176346 0.487229264427 0.504410252318 1.03351600684 0.573392210229 0.532439691358 0.54432785913 0.514648553642 126.18034937 128.401441541 130.37169956 132.182279886 132.985797874 0.320434786394 0.0908326077188 345.431773247 27.8686233108 27.6930682776 0.528614611631 0.470651940471 0.409446665637 1.0453768247 1.02260694646 0.484367603978 0.519568770005 0.46819209097 0.883932262428 1.12142883307 0.153006350137 0.285702736528 0.129438152303
-9999.0 -9999.0 -9999.0 -9999.0 -9999.0 -9999.0 -9999.0 -9999.0 -9999.0 -9999.0 -9999.0 -9999.0 2.33305438913 1.08585238707 0.998684810771 9.33356142704 10.2065815988 0.878579417346 3.36916556709 4.20052791838 4.99256471933 0.853744321803 0.561800297353 14.1479445943 14.5915664915 15.0374645499 37.678477724 38.0901526521 39.0154011279 42.2573831276 44.7707201402 45.2039162298 0.532057909819 0.552777565114 0.453151960841 133.214783102 0.109579328379 349.320675131 349.16747797 3.61664705933 3.38074670407 2.00861622136 0.515980325913 0.825369765612 1.47943017482 1.45971074211 0.920457697316 0.499278290666 0.959571228678 0.949316250328 1.54026311767 0.354894645492 0.594948788592 0.940222082241
