data/baseflow/History/mHMbfrc295
ncols                  80
nrows                 72
xllcorner      4374000.0
yllcorner      5656000.0
cellsize            500
NODATA_value       -9999
[rows 24 to 47 of 72, columns 0 to 53 of 80]
-9999.0 -9999.0 -9999.0 -9999.0 -9999.0 -9999.0 -9999.0 -9999.0 -9999.0 -9999.0 -9999.0 -9999.0 0.89610836642 2.4500806381 3.19389170709 5.45916150135 0.665937226574 1.33854824641 1.96131494728 7.53598504153 7.99351721575 8.24998205529 8.68621348862 9.22093738476 14.6106253261 16.0978974654 16.8024964915 0.225691962178 1.62140323061 1.81627814294 30.3554468821 30.9787417752 31.2631752949 31.5514145906 31.8239140219 120.603143842 0.181767581099 252.268236966 0.336711478428 0.125625545018 2.03864117255 1.81774747393 0.231166973684 1.03198651807 1.52288227657 1.5094418019 1.03070740364 1.68551260762 2.66048258991 0.974334013651 2.55822427441 0.182613491398 0.251136128914 0.0400783431896
-9999.0 -9999.0 -9999.0 -9999.0 -9999.0 -9999.0 -9999.0 -9999.0 -9999.0 -9999.0 -9999.0 -9999.0 0.836620711461 1.64698639464 0.745823600314 1.51905273835 0.653061499371 5.06950664811 6.30669272938 6.95603551707 0.57176429184 1.06383695317 11.2708381261 13.7669554189 14.1700205652 1.0088731787 0.947178512381 1.31020805027 0.159083317124 0.137085733434 0.255713636246 0.147718099584 17.6011710427 17.785360817 17.9297039517 120.891646342 253.706880389 252.404792451 0.179385682973 0.0862067472865 0.0756672049372 0.380941901434 0.317802829047 1.17067855935 1.76461775541 3.58896715882 0.3146046657 0.312647467549 2.90308970821 3.15163090825 6.17703846407 6.32786329346 6.62310277665 6.6982548005
-9999.0 -9999.0 -9999.0 -9999.0 -9999.0 -9999.0 -9999.0 -9999.0 -9999.0 -9999.0 -9999.0 -9999.0 -9999.0 0.756519798269 1.52544882813 2.30782557286 3.69427325863 0.73509649161 0.646690050349 4.84684512072 5.42099492572 10.3524374304 10.941915845 1.61934311664 0.547064449728 0.500514638425 0.45495527032 16.5750463742 16.8271091979 17.014490121 17.1513658273 17.4419357106 2.31965229863 2.51613834601 20.6036573181 395.359295315 0.995814900454 0.754558899308 0.316218014257 0.0939385587736 0.0664759094914 0.529341506061 0.576810276431 1.28837365213 0.0578611371978 3.67638393178 0.470665275554 0.456015065315 0.0556499694029 0.0359685833146 0.0330101031674 0.0594525235081 0.036313893286 6.7353713815
-9999.0 -9999.0 -9999.0 -9999.0 -9999.0 -9999.0 -9999.0 -9999.0 -9999.0 -9999.0 -9999.0 -9999.0 -9999.0 -9999.0 0.745632207128 1.50439574748 2.18563136451 2.87963534244 3.54638739801 4.23747813307 1.9630573925 3.2600531708 0.580234432346 0.557258999511 14.0663235964 15.1607773029 15.6520339529 16.1885157459 0.369640385598 0.630681388595 1.68817407431 1.89829101577 2.10186093201 0.245957371471 0.196456575489 396.02921839 0.244730560476 0.292210695067 0.14295905764 0.40592704224 0.187976261075 0.113983821304 1.97016546167 2.08647756602 0.0690480184795 3.76296871194 4.27166766384 0.490264752322 93.4777023559 93.3841536669 93.3040835343 93.083378008 92.9650714286 91.3042724212
-9999.0 -9999.0 -9999.0 -9999.0 -9999.0 -9999.0 -9999.0 -9999.0 -9999.0 -9999.0 -9999.0 -9999.0 -9999.0 -9999.0 0.182146357401 0.40907856515 0.683657538853 6.30913627322 6.99542546929 0.700764770549 0.66107682746 0.650410979823 11.7355019619 12.9756666557 0.596399570067 0.612389443543 0.46688517177 1.91955268569 2.38476281073 1.11652634764 1.37938612263 11.3836372582 11.6928394744 12.3525203509 19.2160603303 415.431808756 0.243334900853 0.114127021417 0.642004002526 0.524762248092 0.102331811465 0.329274840502 0.438253542025 2.20551501167 2.3045282316 6.76902524886 4.31871102143 0.539904914484 95.3550396653 0.884832196352 93.2231270827 93.1580838558 1.56014257655 0.1357812073
-9999.0 -9999.0 -9999.0 -9999.0 -9999.0 -9999.0 -9999.0 -9999.0 -9999.0 -9999.0 -9999.0 -9999.0 -9999.0 -9999.0 0.944928100478 1.53716699258 3.1651805467 5.5578690259 7.63750307372 9.17641174241 9.85271123706 10.5279222981 11.1761404741 0.598753202424 0.530677601164 1.03054303199 0.966742591528 0.497323902571 9.99229232629 10.4419040073 10.8598912077 11.2425720835 5.97690943197 6.21160346771 6.59916202604 415.593144848 0.437509177994 0.334384045505 1.06681905715 0.113180366214 0.243145902629 0.134132553025 0.0994135084302 0.550960088815 0.0773164188264 0.0817316628486 102.637057568 95.8034314277 95.7163466777 0.394106797085 0.838331164561 0.519766859331 0.101117385698 1.30934776667
-9999.0 -9999.0 -9999.0 -9999.0 -9999.0 -9999.0 -9999.0 -9999.0 -9999.0 -9999.0 -9999.0 -9999.0 -9999.0 -9999.0 0.664198267147 0.611574869168 1.19350985807 1.82146814692 0.789358550451 0.780842263963 1.46688637658 2.13075423979 3.36276166358 3.98535161087 4.539757425 6.14473946531 6.64760226121 7.1852624654 0.476130140411 4.85890150238 5.23939824178 5.53654479322 0.182054841839 0.0589357547315 0.138788348674 422.196200737 422.351529606 423.072072182 1.41917917183 0.247837236391 0.35110678209 0.0942565812722 0.177080300535 0.636604573753 0.783563885198 0.148253450261 103.035528825 0.139560669521 0.22255221382 0.248283378045 0.194031544434 0.329004917321 0.133817981395 0.931101721116
-9999.0 -9999.0 -9999.0 -9999.0 -9999.0 -9999.0 -9999.0 -9999.0 -9999.0 -9999.0 -9999.0 -9999.0 -9999.0 -9999.0 -9999.0 0.571781358329 1.12388932597 0.549187010335 1.14324473484 7.21334002622 7.86619030901 8.50447596973 0.618382581135 0.622750216024 1.17616053785 1.73264873274 2.71094913647 3.21064639684 3.48846474937 3.92931181973 0.358445728826 0.297619597319 5.93733675069 6.01474279962 6.14511289241 6.29594269276 5.2449384148 428.94758937 431.283294348 431.404500625 431.862385614 432.363079103 432.635647436 0.0758632674401 0.854236457504 103.111479675 0.185430204425 0.0955660336524 0.116614197821 0.108895956867 0.185384426435 0.159715095452 0.0953895536315 0.15347648932
-9999.0 -9999.0 -9999.0 -9999.0 -9999.0 -9999.0 -9999.0 -9999.0 -9999.0 -9999.0 -9999.0 -9999.0 -9999.0 -9999.0 -9999.0 -9999.0 1.6704625277 2.26501974802 4.05161590284 5.44016492337 0.751330843852 10.0063551992 10.6263860385 11.2151938816 0.585598070192 1.13919656444 0.495598831312 3.77414788792 4.02184601458 4.42476852462 4.84038880351 5.71940661409 5.82541068644 0.0695145639285 4.63145774701 4.94083017287 5.10119930088 5.71361528892 0.763054499014 0.478959956432 0.276047156273 0.260576187515 432.931264913 433.068511031 434.573100187 103.19164039 0.523109440882 0.26868252044 0.18423899452 0.0527763734518 0.523041647165 0.267758567502 0.0843965106153 0.474751083943
-9999.0 -9999.0 -9999.0 -9999.0 -9999.0 -9999.0 -9999.0 -9999.0 -9999.0 -9999.0 -9999.0 -9999.0 -9999.0 -9999.0 -9999.0 -9999.0 0.600317762753 2.85959449659 3.49383560309 0.787974771096 0.680295447977 1.37485501439 2.0124940352 13.8576842341 0.576959144596 2.32009553503 2.83809200399 3.34115837374 0.2642602425 0.628343747782 0.787573604257 3.7741451382 4.11799477494 4.25702221359 0.153876816739 0.146223756551 0.164942932125 0.302734075809 0.123021428403 0.12956828218 0.20092803797 0.173874270976 0.204542383897 0.552650293535 434.728647963 538.287146283 0.637232313712 0.113029374281 0.0562416588165 1.63650292819 1.51906200819 0.905144760282 0.811057611722 0.600579514761
-9999.0 -9999.0 -9999.0 -9999.0 -9999.0 -9999.0 -9999.0 -9999.0 -9999.0 -9999.0 -9999.0 -9999.0 -9999.0 -9999.0 -9999.0 0.492525283772 1.63819355758 0.545096644994 0.821965691823 0.778880117309 1.47978069214 2.15855387364 2.80180345994 17.227646433 17.7883971308 0.579034061706 1.10436136932 1.63784085382 1.98186465421 2.33428568794 3.2784718226 3.62326179638 0.159963636391 0.179896436378 0.170293319518 0.206191828412 0.21290133598 0.240486145079 0.201343924994 0.245518660348 0.737279156706 0.346390211143 0.146710954759 0.141273772052 0.127709237921 0.235635145834 543.162572018 4.10650315664 1.95842842698 0.183316008731 0.0809885259525 0.0667761717693 0.228073384138 0.153189761545
-9999.0 -9999.0 -9999.0 -9999.0 -9999.0 -9999.0 -9999.0 -9999.0 -9999.0 -9999.0 -9999.0 -9999.0 -9999.0 -9999.0 0.524969909668 1.00126329955 3.64937300946 0.506467243229 1.56772054747 2.32112597498 3.02148404501 0.730237235588 1.36716516591 2.02562851258 20.3434858969 0.543414190643 1.03244058863 1.53119387674 0.446556438467 0.874878124381 1.01217904523 1.31706623807 36.4780026299 36.8791713749 37.2663945027 39.0974979951 39.7287244195 41.1371686768 0.323638962917 0.720447527972 0.883142113695 45.0738258994 45.3383894444 0.129239099313 0.217335889152 0.302359591032 543.288510084 3.89587456478 1.70588671604 1.61191573334 1.40726663569 1.28336990637 0.303086711093 0.076655895233
-9999.0 -9999.0 -9999.0 -9999.0 -9999.0 -9999.0 -9999.0 -9999.0 -9999.0 -9999.0 -9999.0 -9999.0 -9999.0 -9999.0 0.542756708635 1.63115619677 5.81380120926 8.53730156584 0.444817063798 11.2105096252 14.804257704 0.69247563085 1.32727204431 2.00038648106 26.023100225 26.5569029825 0.460728947227 2.46615898638 2.8927563305 3.23142605401 33.8841322928 34.5270819626 34.9977452092 0.232227117764 1.31597241029 1.56577794086 0.681795084 0.989361425301 42.4834113443 43.6169987623 43.8524856774 44.0711417001 45.5798266384 0.117086247801 0.102052607873 0.49035038808 543.425330066 0.139048961576 0.0433007564042 0.125601066424 0.0517951071489 1.1445545134 1.03594998593 0.616124192248
-9999.0 -9999.0 -9999.0 -9999.0 -9999.0 -9999.0 -9999.0 -9999.0 -9999.0 -9999.0 -9999.0 -9999.0 -9999.0 -9999.0 -9999.0 -9999.0 1.12870039606 2.25347531068 10.0990783487 10.6752314729 15.2987046239 15.877971812 0.681339602814 1.36240765084 3.21207393304 27.039966458 28.0365168368 28.4342051336 0.319443223523 29.8200781202 30.4567405132 0.430909421966 0.236152553931 0.457172861652 0.888194904402 0.212846749006 0.423596529979 0.924834386151 1.15583575633 0.215248202639 0.137291747883 0.271078675583 46.5849667433 46.8824960239 46.9703052515 47.7055802291 543.547080645 0.0875833461452 0.022070607059 0.029313047622 0.0274926829047 0.0289740051605 0.023401407507 0.0410205483004
-9999.0 -9999.0 -9999.0 -9999.0 -9999.0 -9999.0 -9999.0 -9999.0 -9999.0 -9999.0 -9999.0 -9999.0 -9999.0 -9999.0 -9999.0 -9999.0 0.586776022138 0.569936710591 0.565103592973 1.17355677248 0.509908434977 16.8901107835 17.4203006294 0.649889353911 1.26340582383 0.601594772851 0.500028786217 0.484782841909 29.2253612267 0.19219072616 0.394428069369 0.259461830057 0.252832452267 0.219208647431 0.167286507394 0.175306712627 0.54085156216 0.745032243218 0.139250237068 0.117020465959 0.255703857368 0.432027941258 0.55951346925 0.148595661171 47.1106121207 47.800337784 543.637554235 0.22244965053 0.0560657501083 0.0112034959828 0.0350107517871 0.00789138776424 0.00554836211456 0.0476783866159
-9999.0 -9999.0 -9999.0 -9999.0 -9999.0 -9999.0 -9999.0 -9999.0 -9999.0 -9999.0 -9999.0 -9999.0 -9999.0 -9999.0 -9999.0 -9999.0 -9999.0 -9999.0 0.562913445868 1.68053182931 2.12392916335 2.61384001395 17.9034092443 18.4017179613 18.905545232 19.4951238963 19.9667228084 20.9511071176 21.1510328155 21.3197623564 21.4953824301 0.214268512889 0.201190215048 0.214406859358 0.743160309022 0.198674264002 0.189228114643 0.144007020107 0.416915681845 0.161387583517 0.120790414724 0.110870915342 0.0906738052855 0.180898814587 0.262559545633 48.3495401251 592.307633494 0.0755783541414 0.167061420987 0.0072154534555 0.044642628042 0.0200382653701 0.0111960613528 0.61204461222
-9999.0 -9999.0 -9999.0 -9999.0 -9999.0 -9999.0 -9999.0 -9999.0 -9999.0 -9999.0 -9999.0 -9999.0 -9999.0 -9999.0 -9999.0 -9999.0 -9999.0 -9999.0 -9999.0 0.454573421444 3.72388165868 7.34839892376 7.87411922662 0.750947299027 1.40813420359 2.0237164926 2.52936039478 5.90290916012 6.1312043204 0.222275236085 0.219458483235 21.9544339045 22.3561165618 22.5419552754 0.884956956543 0.124097346901 0.326283345927 0.476077401988 1.41266030571 1.72209518384 1.95550356462 0.211460234994 0.292822098869 0.099220117259 0.196295296445 0.101012114957 592.504292164 0.0712583032595 0.301028686517 0.0929643693303 0.184288426061 0.496523158493 0.54901012569 1.20273053043
-9999.0 -9999.0 -9999.0 -9999.0 -9999.0 -9999.0 -9999.0 -9999.0 -9999.0 -9999.0 -9999.0 -9999.0 -9999.0 -9999.0 -9999.0 -9999.0 -9999.0 -9999.0 0.52096743613 1.68068735264 3.2778428338 4.26504951526 10.9367332189 11.5812078218 1.29641779997 1.90672726727 2.42433958242 2.92522343924 6.33521747165 6.77792392897 11.5819477402 11.9332063777 12.1333891332 22.7291125872 24.0734156967 0.307806804881 0.215308941173 0.202324763963 0.384712917086 0.170314556528 2.2774814699 2.38981574743 0.386145620852 0.492072885808 0.0891811501342 139.879799069 140.091475243 732.739297385 733.16180854 0.0706155835948 0.334214224555 0.0945419988355 0.0860711326671 1.36287639854
-9999.0 -9999.0 -9999.0 -9999.0 -9999.0 -9999.0 -9999.0 -9999.0 -9999.0 -9999.0 -9999.0 -9999.0 -9999.0 -9999.0 -9999.0 -9999.0 -9999.0 -9999.0 -9999.0 0.609094517862 0.591162261699 1.1027973744 2.60218409991 12.0843269499 0.666141090404 0.657582070128 1.18036217804 1.7151925136 3.96213391059 4.23466660134 0.169671822915 0.235622525141 12.408011682 12.6060878719 36.8556286107 37.0068285783 0.111648563428 0.0977012474238 0.0818522063466 0.0827013775972 0.0895399494362 137.808649114 138.51170493 139.125901902 139.331047555 139.782711805 0.115699891538 0.421051791282 0.514974754062 733.887587089 733.959085244 734.097843365 734.220922763 734.328790594
-9999.0 -9999.0 -9999.0 -9999.0 -9999.0 -9999.0 -9999.0 -9999.0 -9999.0 -9999.0 -9999.0 -9999.0 -9999.0 -9999.0 -9999.0 -9999.0 -9999.0 -9999.0 -9999.0 -9999.0 0.530597500088 0.56132739258 1.03233824168 14.1081023818 14.665873661 0.644178767046 1.16987657026 1.71777494317 2.02375157252 0.242787047329 0.522470338004 31.9584483692 32.1743156204 32.3791327078 33.9776050574 71.167633889 133.122058674 133.401087581 133.653962129 133.896134237 134.957600356 135.30166102 0.600539226737 0.261425905827 0.157652311761 0.294270982501 0.208298369796 0.333426365547 0.103820479879 2.48923127258 2.75804663 2.94773462106 2.99322275954 734.391621531
-9999.0 -9999.0 -9999.0 -9999.0 -9999.0 -9999.0 -9999.0 -9999.0 -9999.0 -9999.0 -9999.0 -9999.0 -9999.0 -9999.0 -9999.0 -9999.0 -9999.0 -9999.0 -9999.0 -9999.0 -9999.0 0.543797384686 1.03966028166 1.53972701978 15.0941613192 0.578992528625 20.705944204 21.2685947416 21.5033704102 21.7948527391 30.8089410469 31.1426160721 0.240603611879 1.19061875204 1.43822865346 0.241882044183 61.6809923735 61.2425659415 0.137195821514 0.320164009387 0.848872120322 0.186953227407 0.192801726268 0.132323601467 0.108775601805 0.0823686139798 0.0973417565917 2.15918843289 2.26152009674 2.38817585882 0.177900522611 0.116735992647 3.0687315859 3.13627891652
-9999.0 -9999.0 -9999.0 -9999.0 -9999.0 -9999.0 -9999.0 -9999.0 -9999.0 -9999.0 -9999.0 -9999.0 -9999.0 -9999.0 -9999.0 -9999.0 -9999.0 -9999.0 -9999.0 -9999.0 -9999.0 0.487783886081 0.456575332755 2.38235605134 18.4979159615 19.5946760483 20.1910375469 0.566441745501 8.45836413977 8.65384539224 8.75217854624 0.288909548804 0.564426358655 0.793723862494 14.5218417993 14.7018591624 14.8594907379 60.9461247878 37.5304916708 0.180589410547 0.180753742815 0.171772333459 0.128703076611 1.34733253479 1.59799597844 1.8149394701 1.93640928836 2.0527547377 13.9517980742 14.0348669826 14.141031508 14.3868640319 15.3647050831 15.4082389519
-9999.0 -9999.0 -9999.0 -9999.0 -9999.0 -9999.0 -9999.0 -9999.0 -9999.0 -9999.0 -9999.0 -9999.0 -9999.0 -9999.0 -9999.0 -9999.0 -9999.0 -9999.0 -9999.0 -9999.0 -9999.0 -9999.0 0.955953418283 1.46936219286 0.56970841313 0.653379184411 6.59169436451 7.1664390419 7.57043412333 3.08564226659 3.26241395304 3.48180863465 3.73032918741 14.1153122038 14.3688560283 8.00038659921 23.0641623053 23.2538432355 37.3847910253 0.360165548265 0.179480412284 0.121498998979 0.935894677407 1.09733797342 0.0879928356407 0.080082760914 13.5574362833 13.7673321793 13.8733955352 0.117185821565 0.17487435339 15.227248901 0.0932603884107 0.342990213202
-9999.0 -9999.0 -9999.0 -9999.0 -9999.0 -9999.0 -9999.0 -9999.0 -9999.0 -9999.0 -9999.0 -9999.0 -9999.0 -9999.0 -9999.0 -9999.0 -9999.0 -9999.0 -9999.0 -9999.0 -9999.0 -9999.0 0.48193977733 0.952677911717 4.14753001882 4.74539027702 5.37532369602 2.43376705378 2.90107260899 0.206254069134 9.76715633074 9.94982821116 10.1451823761 0.229144774921 7.53290065051 7.79702934944 0.192989578384 36.4331351133 0.412839359014 0.203037468443 0.507920524311 0.688093200217 0.129662299516 0.102625497137 12.4643404847 13.3639725268 13.492411198 0.127576643689 0.264614739981 0.330257765621 0.383674904481 0.759741943084 0.12367275176 0.282118507635
