data/baseflow/History/mHMbfrc377
ncols                  80
nrows                 72
xllcorner      4374000.0
yllcorner      5656000.0
cellsize            500
NODATA_value       -9999
[rows 24 to 47 of 72, columns 0 to 54 of 80]
-9999.0 -9999.0 -9999.0 -9999.0 -9999.0 -9999.0 -9999.0 -9999.0 -9999.0 -9999.0 -9999.0 -9999.0 1.46591548764 4.17619926962 5.48642128266 9.4858012394 1.24218146015 2.48700479379 3.68105089998 13.90961472 14.9589445363 15.8390362032 16.8991040558 18.0259834108 27.9307550375 31.1837381752 33.0328205946 0.795551730162 4.40335085373 5.147647406 65.1030376202 68.1732092594 69.4452458577 70.7260093546 71.9666213552 253.639517392 0.490471942216 490.154916891 1.37330443982 0.612680846291 4.57575744978 3.90187675375 0.610708633556 2.2060257364 3.11882223473 3.09535515946 2.13324168581 3.50040028923 5.53133241767 2.04622091586 5.34285480334 0.462435336001 0.70279150923 0.213133990275 0.16819763671
-9999.0 -9999.0 -9999.0 -9999.0 -9999.0 -9999.0 -9999.0 -9999.0 -9999.0 -9999.0 -9999.0 -9999.0 1.40855208391 2.79735035848 1.31880923696 2.67023613744 1.23596667932 9.13024572067 11.527177916 12.7579489236 1.15055625648 2.22263723439 20.886257456 26.0074508561 26.9124511282 2.19278359656 2.10321161685 3.04047229217 0.68736973437 0.647028342868 1.23467134183 0.575246058469 31.6337394018 32.2363470063 32.8977212696 254.178039162 494.879393134 490.850214918 1.02190519653 0.431486514145 0.379767018512 1.42300062649 1.05168973377 2.72574173192 3.72657695515 7.49748882151 0.666749693002 0.663682193272 6.11933310637 6.72775524309 13.1471948445 13.5849854111 14.5148558346 14.916900113 0.34948680377
-9999.0 -9999.0 -9999.0 -9999.0 -9999.0 -9999.0 -9999.0 -9999.0 -9999.0 -9999.0 -9999.0 -9999.0 -9999.0 1.36148465444 2.71098382941 4.06065421044 6.60300823627 1.31138444692 1.22685976862 8.13991992747 9.28546366109 18.8221967706 19.9641730578 3.21347181856 1.14764374337 1.11243534311 1.02809850813 27.7672997932 28.5473720026 29.2666098136 29.8847063015 31.0636744657 6.22280514333 6.88436799954 40.4016906511 789.687408078 3.45475888411 2.98548281318 1.50825757188 0.378149405352 0.326823572939 2.19581268183 2.48192704242 3.38239372277 0.318899137914 7.87819241368 1.13201627603 1.10841296677 0.276951041172 0.204201749697 0.18170997211 0.185253506149 0.185101834278 15.1384644377 211.667094776
-9999.0 -9999.0 -9999.0 -9999.0 -9999.0 -9999.0 -9999.0 -9999.0 -9999.0 -9999.0 -9999.0 -9999.0 -9999.0 -9999.0 1.32444339041 2.42708298285 3.41988359457 4.4536240571 5.68913093816 6.94976252574 3.71071913116 6.1376313368 1.14606813782 1.127362395 22.4598307374 24.6591828713 25.6962299595 26.8280346222 0.917048629036 1.69860284685 4.23891665039 4.99064480783 5.64216221448 0.722340632637 0.608252590392 791.13821131 0.488070909278 0.831704292836 0.388656142865 1.37472656838 0.65185594889 0.355271607107 6.24185680903 6.54303005896 0.236440522584 8.13899267299 9.48819997617 1.32934409709 220.259124227 219.788489213 219.361324167 218.504112252 218.154926792 212.530225272 212.3158968
-9999.0 -9999.0 -9999.0 -9999.0 -9999.0 -9999.0 -9999.0 -9999.0 -9999.0 -9999.0 -9999.0 -9999.0 -9999.0 -9999.0 0.224483657939 0.528268714184 0.987432571463 8.51875612749 9.81077705719 1.29867251793 1.23586125252 1.21684226454 17.929687528 20.2700033507 1.1363392349 1.16432381728 1.00504090856 4.08383311753 5.08083432219 2.74239293485 3.42251173947 22.9650313808 23.7502759127 25.2079330526 40.402869518 831.802484762 0.467822317253 0.339328447538 2.02107402374 1.69259557985 0.29851846956 0.971876988707 1.26205265519 6.87943136637 7.15296294982 17.2999078219 9.67308861027 1.4816106953 225.264930554 2.38994096883 218.972393682 218.751804682 5.30156986453 0.29054510625 0.469472980368
-9999.0 -9999.0 -9999.0 -9999.0 -9999.0 -9999.0 -9999.0 -9999.0 -9999.0 -9999.0 -9999.0 -9999.0 -9999.0 -9999.0 1.20056687153 1.94245746569 4.16976563794 7.30984514402 10.7132005083 13.1292618581 14.3707114271 15.6113003103 16.8157396958 1.15472280995 1.0808726169 2.12864545816 2.04705858395 1.04442492072 19.8662277143 20.8424471908 21.7580809601 22.61998929 13.0457077999 13.8409632346 14.5674593071 832.021639686 0.765670539305 0.904844594449 3.1161511099 0.283272642095 0.569841447984 0.290746004058 0.266549762701 1.51966420214 0.216041666064 0.23437651943 243.846625371 226.376473726 226.144609051 0.962975023996 2.19823130168 1.42890721344 0.35581293489 4.7943853923 1.38641553388
-9999.0 -9999.0 -9999.0 -9999.0 -9999.0 -9999.0 -9999.0 -9999.0 -9999.0 -9999.0 -9999.0 -9999.0 -9999.0 -9999.0 0.849914693746 0.784028568694 1.52807853062 2.35052232794 1.22701246692 1.33991275806 2.59292649199 3.83083410704 6.19601542728 7.37947896574 8.4806803566 11.734019051 12.7665723626 13.8464769864 0.996987003867 9.91600634421 10.7988651978 11.6273507602 0.688968004751 0.302923986384 0.537593518747 846.296316732 846.501328585 847.712576812 3.86806773294 0.555105636341 0.917990995994 0.26290532911 0.469828148635 1.73116443082 2.12879659617 0.419537069517 244.900019134 0.341791284231 0.535040701267 0.592921032901 0.438551936034 0.805874556955 0.332412673227 3.06732798178 2.38896674975
-9999.0 -9999.0 -9999.0 -9999.0 -9999.0 -9999.0 -9999.0 -9999.0 -9999.0 -9999.0 -9999.0 -9999.0 -9999.0 -9999.0 -9999.0 0.739417015566 1.47118360966 0.743813655544 1.5513988087 9.77347346122 10.8943577237 12.1142199712 1.18093518811 1.18605898879 2.28936141062 3.39872874823 5.43379119013 6.46798144861 7.00051932048 7.94925480754 0.82504949786 0.776521620269 12.6937621078 13.0060262422 13.2610945107 13.5121547239 10.7446971054 859.486026601 864.947385614 865.153634642 866.251251051 867.345166616 868.051813398 0.218500724262 2.31288277844 245.106569791 0.532342285679 0.274766622471 0.255572476173 0.224165891741 0.387499166899 0.392304027204 0.232470198307 0.351851600801 0.336640405222
-9999.0 -9999.0 -9999.0 -9999.0 -9999.0 -9999.0 -9999.0 -9999.0 -9999.0 -9999.0 -9999.0 -9999.0 -9999.0 -9999.0 -9999.0 -9999.0 2.18987453051 3.00426232993 5.39516743959 7.32077746843 1.06878284198 14.4920931789 15.6633009213 16.8103108483 1.13403656389 2.23527724087 1.02104469511 7.50113045277 7.98835295573 8.81818922522 9.71731414578 11.8501070357 12.1467319166 0.183289530097 9.79041386617 10.2835156612 10.5113425862 11.5554317156 1.38098416083 0.907909608814 0.591705306101 0.560846960944 868.771521488 869.118944494 873.018976111 245.310868288 1.35722776216 0.649173497044 0.424757078337 0.131010685459 1.21341498679 0.657374250029 0.199661982755 1.10964052169 0.94599554541
-9999.0 -9999.0 -9999.0 -9999.0 -9999.0 -9999.0 -9999.0 -9999.0 -9999.0 -9999.0 -9999.0 -9999.0 -9999.0 -9999.0 -9999.0 -9999.0 0.824337748236 3.79423392263 4.63463224946 1.13306004974 1.25245812983 2.50984532125 3.7038983396 21.685872032 1.12767868046 4.51820528145 5.56523784524 6.59231405467 0.518215039271 1.28489278676 1.71411156105 7.97307345181 8.91247410318 9.12176611725 0.247706127661 0.250958363947 0.312761615794 0.574685514369 0.246093008785 0.259068524423 0.502160157131 0.380429060995 0.49567146535 1.36482104743 873.408081405 1119.64040732 1.67291572323 0.248124370257 0.127282915133 3.80647608435 3.51402551469 2.09101493821 1.87895828159 1.40655648621 0.33680856172
-9999.0 -9999.0 -9999.0 -9999.0 -9999.0 -9999.0 -9999.0 -9999.0 -9999.0 -9999.0 -9999.0 -9999.0 -9999.0 -9999.0 -9999.0 0.677083701447 2.27148130163 0.763846131188 1.33219703836 1.4013328984 2.66109754357 3.89287174206 4.97510509671 27.4963368189 28.5948552595 1.12321178654 2.17204656323 3.22865592244 3.91931742725 4.75182759008 7.12463079591 7.71359008643 0.651060594285 0.459465586535 0.380846211523 0.587237389058 0.521149865753 0.517840496251 0.418634684185 0.487174375031 1.75876336261 0.821183457938 0.327233271533 0.310792646797 0.328941546076 0.613674394362 1130.97010947 9.43354183427 4.40642151676 0.293013578994 0.11861413681 0.112939356775 0.43912705506 0.317607402023 0.167233764478
-9999.0 -9999.0 -9999.0 -9999.0 -9999.0 -9999.0 -9999.0 -9999.0 -9999.0 -9999.0 -9999.0 -9999.0 -9999.0 -9999.0 0.717062970486 1.37413087177 5.08060992833 0.74360887789 2.46792428405 3.84996747622 5.14417944265 1.31282550257 2.49108876512 3.49595464614 32.8891508695 1.0795472209 2.08331436888 3.09900581211 0.935374445633 1.85693404289 2.47004196305 3.05586290321 66.6031931426 67.6042231592 68.4956468924 72.8639877237 74.4573100179 77.8029267827 0.78295632493 1.74326006591 2.19665749392 87.7261850968 88.362509411 0.28502503132 0.520230635972 0.743460580753 1131.21597114 8.97190981689 4.18757067541 4.04385784526 3.05175340667 2.62584297304 0.583532126228 0.133928952535 0.272093169906
-9999.0 -9999.0 -9999.0 -9999.0 -9999.0 -9999.0 -9999.0 -9999.0 -9999.0 -9999.0 -9999.0 -9999.0 -9999.0 -9999.0 0.715962954171 2.18109198206 7.97530352685 11.6939589539 0.669906724748 15.492503317 21.4528579724 1.24539187033 2.41489173165 3.47807223728 42.8026069612 43.6725967428 0.970758432014 5.05390613153 5.96071699008 6.75168186082 59.8707679919 61.8646492179 62.9945377515 0.540516246249 3.08658969021 3.66310399204 1.68564674597 2.43143637404 81.1764663831 83.9995684261 84.5984288762 85.1704757293 89.030290804 0.325229868296 0.272020056205 1.22513023691 1131.44147763 0.232611734907 0.297036303698 0.874711593618 0.3240743619 2.41024945886 1.85625347415 1.0828601262 0.793139594413
-9999.0 -9999.0 -9999.0 -9999.0 -9999.0 -9999.0 -9999.0 -9999.0 -9999.0 -9999.0 -9999.0 -9999.0 -9999.0 -9999.0 -9999.0 -9999.0 1.51175212266 3.03840526747 13.8929158836 14.6883903757 22.1558984394 22.9800844118 1.22128887526 2.43974977031 5.75390903581 44.4347465887 46.3937203637 47.2584001516 0.730617991954 50.3955698809 52.4519784278 1.29790001046 0.546401693408 1.06667905629 2.07913705084 0.498275821025 1.01011102906 2.25255288684 2.83318809151 0.524981097732 0.355363033485 0.714225401319 91.4988902939 92.2629379377 92.4907031721 94.3175712477 1131.64024621 0.12941856509 0.195459569791 0.240602700017 0.224170583092 0.231627064495 0.188155901509 0.344139827244 0.0876592346887
-9999.0 -9999.0 -9999.0 -9999.0 -9999.0 -9999.0 -9999.0 -9999.0 -9999.0 -9999.0 -9999.0 -9999.0 -9999.0 -9999.0 -9999.0 -9999.0 0.786540068001 0.772348327114 0.774731449655 1.64263043293 0.72427540073 24.4139454342 25.1679063345 1.11876393867 2.26068813113 1.14640882892 0.98963982025 0.970765195549 49.0169513844 0.695239147282 1.39642290678 0.677268997569 0.567216951165 0.515824887068 0.410775129402 0.425985132208 1.27785641157 1.74054979142 0.335080058157 0.294395426884 0.626119692286 1.032913306 1.3039573637 0.343195930116 92.8363532457 94.5475141598 1131.75876233 0.725420553071 0.485890672683 0.124695747393 0.312425844773 0.0914117672942 0.061620951315 0.414850016451 0.471017453194
-9999.0 -9999.0 -9999.0 -9999.0 -9999.0 -9999.0 -9999.0 -9999.0 -9999.0 -9999.0 -9999.0 -9999.0 -9999.0 -9999.0 -9999.0 -9999.0 -9999.0 -9999.0 0.763691843784 2.35680111425 3.00409844728 3.70101931911 25.852038443 26.5358062145 27.2536455763 28.178905638 29.1328596014 31.0846057822 31.7633581561 32.424312429 32.9952868329 0.514934699417 0.479122195532 0.504413362915 1.78488668392 0.46774353194 0.437684527577 0.351178862969 1.00585719373 0.388522054529 0.293329563588 0.27150796044 0.227369268363 0.453630503449 0.6435075743 95.8533339333 1228.48009174 0.103179845464 0.249699920243 0.0954508802352 0.414335997774 0.206523710572 0.124147821394 1.23719955839 0.756778982837
-9999.0 -9999.0 -9999.0 -9999.0 -9999.0 -9999.0 -9999.0 -9999.0 -9999.0 -9999.0 -9999.0 -9999.0 -9999.0 -9999.0 -9999.0 -9999.0 -9999.0 -9999.0 -9999.0 0.653846331861 5.07862968586 10.1765608879 10.92970377 1.06931959387 2.19287115633 3.33841904923 4.36347569077 10.8525556371 11.4209935597 0.547388656513 0.534691651296 34.0574277116 35.0014354923 35.4422598901 2.13849521365 0.335931106824 0.78717489891 1.15705575576 3.38915313709 4.12244039328 4.68187646003 0.511221861201 0.701575582052 0.230365897889 0.449110824133 0.227340546353 1228.88119908 0.0972806753833 0.425217311757 0.226910669618 0.738006336908 1.35537269886 1.52918852038 2.81511811786 0.941970127508
-9999.0 -9999.0 -9999.0 -9999.0 -9999.0 -9999.0 -9999.0 -9999.0 -9999.0 -9999.0 -9999.0 -9999.0 -9999.0 -9999.0 -9999.0 -9999.0 -9999.0 -9999.0 0.714974413532 2.261720674 4.43896377494 5.80774730631 15.1421980011 16.0460942232 2.36451362362 3.50991083686 4.53380899223 5.56448045574 12.0572509389 13.1948123472 23.5634164396 24.3011223509 24.7817708902 35.908932252 39.2645214275 0.80529356287 0.496472296418 0.479164410117 0.911916836466 0.409943020677 5.44097528644 5.70644440902 0.918400874422 1.1602166531 0.229660582848 265.008517311 265.459083952 1494.60549954 1495.17248969 0.0901872100191 0.935623412854 0.125003350496 0.113257013981 3.07823020482 4.11975741517
-9999.0 -9999.0 -9999.0 -9999.0 -9999.0 -9999.0 -9999.0 -9999.0 -9999.0 -9999.0 -9999.0 -9999.0 -9999.0 -9999.0 -9999.0 -9999.0 -9999.0 -9999.0 -9999.0 0.803953317134 0.78453609844 1.49804166454 3.56239875844 16.729194531 1.20764588178 1.19565885397 2.22829297699 3.27118332693 8.12793422839 8.91542992753 0.501549788399 0.496644196735 25.3943433355 25.8996742642 65.5886173445 65.9763338579 0.29262213173 0.255913156983 0.202945219987 0.20511269915 0.208610451968 260.338232758 261.903664505 263.31923943 263.783785783 264.782909902 0.248817053858 0.909491054147 1.12114733447 1496.64344895 1496.70571363 1496.892104 1497.10539632 1497.26864424 4.32091625199
-9999.0 -9999.0 -9999.0 -9999.0 -9999.0 -9999.0 -9999.0 -9999.0 -9999.0 -9999.0 -9999.0 -9999.0 -9999.0 -9999.0 -9999.0 -9999.0 -9999.0 -9999.0 -9999.0 -9999.0 0.730972097483 0.758998574216 1.41336326721 19.5081546394 20.2870067753 1.18067769101 2.21214029165 3.27132593645 4.13269503285 0.776595807812 1.44107124014 50.2164598076 50.7452707882 51.1905317922 54.8060574316 121.194364266 249.570305245 250.241258515 250.83000519 251.390734024 253.651482428 254.373037724 1.30442505708 0.584204725409 0.340945534069 0.640067631391 0.449990730859 0.71819800846 0.219015689308 5.39393647007 5.78259509719 6.06493097641 6.15086792128 1497.36301112 1501.86552408
-9999.0 -9999.0 -9999.0 -9999.0 -9999.0 -9999.0 -9999.0 -9999.0 -9999.0 -9999.0 -9999.0 -9999.0 -9999.0 -9999.0 -9999.0 -9999.0 -9999.0 -9999.0 -9999.0 -9999.0 -9999.0 0.746845766051 1.42922763726 2.1152773658 20.8738763991 0.897259456504 29.1279724541 30.2272577113 31.0290471183 31.7523914401 47.4297509883 48.1383328822 0.573510788632 2.72865435223 3.27603115974 0.539063297203 127.694448393 126.729802026 0.299164117432 0.678999378414 1.78817926464 0.389431516741 0.398105622256 0.295615098205 0.240793890974 0.183488249708 0.210987717607 4.68926835914 4.90389858987 5.16771465188 0.22366305157 0.172508290472 6.24333846111 6.35359247267 6.41182636512
-9999.0 -9999.0 -9999.0 -9999.0 -9999.0 -9999.0 -9999.0 -9999.0 -9999.0 -9999.0 -9999.0 -9999.0 -9999.0 -9999.0 -9999.0 -9999.0 -9999.0 -9999.0 -9999.0 -9999.0 -9999.0 0.691647967104 0.644744707503 3.3358135783 25.605624257 27.201572494 28.0981638211 1.12352221585 13.9287959795 14.6851536301 14.980048185 0.649737313952 1.27245791439 1.82539752838 30.155441685 30.5760445004 30.9320971967 126.075856649 74.7485678357 0.374200023519 0.376475730253 0.362385048982 0.276336743862 2.91802360102 3.46840136943 3.94661285474 4.20820415766 4.45913010601 32.8452851831 33.0181482333 33.2285398326 33.7460555359 35.9289257038 36.0099588424 42.5058489858
-9999.0 -9999.0 -9999.0 -9999.0 -9999.0 -9999.0 -9999.0 -9999.0 -9999.0 -9999.0 -9999.0 -9999.0 -9999.0 -9999.0 -9999.0 -9999.0 -9999.0 -9999.0 -9999.0 -9999.0 -9999.0 -9999.0 1.34757469947 2.04752539654 0.780729580487 1.2231006394 9.85698414518 11.020749725 11.9328909673 6.14158384292 6.87900753963 7.63846723572 8.226805927 29.2205449599 29.7654724378 19.1676249379 50.5467541448 50.9677967641 74.4357039822 0.770673963748 0.381365685817 0.268764656668 2.03414232142 2.37522884335 0.194190761146 0.178784737439 32.0216313425 32.4676071481 32.68194266 0.26329166875 0.378346226735 35.5760426364 0.239199898403 0.682416031537 0.743300883176
-9999.0 -9999.0 -9999.0 -9999.0 -9999.0 -9999.0 -9999.0 -9999.0 -9999.0 -9999.0 -9999.0 -9999.0 -9999.0 -9999.0 -9999.0 -9999.0 -9999.0 -9999.0 -9999.0 -9999.0 -9999.0 -9999.0 0.670354695587 1.32924535017 5.68879944593 6.49818368842 7.52010698399 4.42223713499 5.39118231487 0.778501116957 19.0607622717 19.7721724664 20.4393816738 0.591873957801 18.1413570273 18.7000022513 0.429956410809 72.408342438 0.872100164308 0.431356815972 1.10999401038 1.49258215937 0.279601863182 0.223772244013 29.6926121112 31.6170007589 31.886393559 0.275158980312 0.569625077869 0.716079592322 0.850839399435 1.66889048791 0.242548784865 0.565068286267 0.102310603517
