data/baseflow/History/mHMbfrc493
ncols                  80
nrows                 72
xllcorner      4374000.0
yllcorner      5656000.0
cellsize            500
NODATA_value       -9999
[rows 0 to 23 of 72, columns 0 to 53 of 80]
-9999.0 -9999.0 -9999.0 -9999.0 -9999.0 -9999.0 -9999.0 -9999.0 -9999.0 -9999.0 -9999.0 -9999.0 0.646264627414 0.728004368996 -9999.0 -9999.0 -9999.0 -9999.0 -9999.0 -9999.0 -9999.0 -9999.0 -9999.0 -9999.0 -9999.0 -9999.0 -9999.0 -9999.0 -9999.0 -9999.0 -9999.0 -9999.0 -9999.0 -9999.0 -9999.0 -9999.0 -9999.0 -9999.0 -9999.0 -9999.0 -9999.0 -9999.0 -9999.0 -9999.0 -9999.0 -9999.0 -9999.0 -9999.0 -9999.0 -9999.0 -9999.0 -9999.0 -9999.0 -9999.0
-9999.0 -9999.0 -9999.0 -9999.0 -9999.0 -9999.0 -9999.0 -9999.0 -9999.0 -9999.0 -9999.0 -9999.0 1.20617437091 3.11167984837 0.598205575149 -9999.0 0.586761472528 -9999.0 -9999.0 -9999.0 -9999.0 -9999.0 -9999.0 -9999.0 -9999.0 -9999.0 -9999.0 -9999.0 -9999.0 -9999.0 -9999.0 -9999.0 -9999.0 -9999.0 -9999.0 -9999.0 -9999.0 -9999.0 -9999.0 -9999.0 -9999.0 -9999.0 -9999.0 -9999.0 -9999.0 -9999.0 -9999.0 -9999.0 -9999.0 -9999.0 -9999.0 -9999.0 -9999.0 -9999.0
-9999.0 -9999.0 -9999.0 -9999.0 -9999.0 -9999.0 -9999.0 -9999.0 -9999.0 -9999.0 0.519258539205 0.489462666904 0.526288057556 0.524956676922 4.07563646111 4.59526174633 1.62772855315 0.520875475451 -9999.0 -9999.0 -9999.0 -9999.0 -9999.0 -9999.0 -9999.0 -9999.0 -9999.0 -9999.0 -9999.0 -9999.0 -9999.0 -9999.0 -9999.0 -9999.0 -9999.0 -9999.0 -9999.0 -9999.0 -9999.0 -9999.0 -9999.0 -9999.0 -9999.0 -9999.0 -9999.0 -9999.0 -9999.0 -9999.0 -9999.0 -9999.0 -9999.0 -9999.0 -9999.0 -9999.0
-9999.0 -9999.0 -9999.0 -9999.0 -9999.0 -9999.0 -9999.0 -9999.0 -9999.0 0.482130061998 1.0097100151 2.00803086258 1.00938410121 0.488782585591 0.961295212362 5.03885877336 7.79070194269 0.568115118737 -9999.0 0.510189994367 -9999.0 -9999.0 -9999.0 -9999.0 1.11828249349 0.573408376541 -9999.0 -9999.0 -9999.0 -9999.0 -9999.0 -9999.0 -9999.0 -9999.0 -9999.0 -9999.0 -9999.0 -9999.0 -9999.0 -9999.0 -9999.0 -9999.0 -9999.0 -9999.0 -9999.0 -9999.0 -9999.0 -9999.0 -9999.0 -9999.0 -9999.0 -9999.0 -9999.0 -9999.0
-9999.0 -9999.0 -9999.0 -9999.0 -9999.0 -9999.0 -9999.0 -9999.0 0.57177656357 1.58217492867 2.05443756876 2.53239395437 3.49038183944 0.452456676445 1.83992913923 2.27223234751 10.9883244088 0.409778993307 0.373485427527 0.942454231184 1.36550133059 0.445485976568 -9999.0 2.82671379321 2.31212558894 0.609996052498 -9999.0 -9999.0 -9999.0 -9999.0 -9999.0 -9999.0 -9999.0 -9999.0 -9999.0 -9999.0 -9999.0 -9999.0 -9999.0 -9999.0 -9999.0 -9999.0 -9999.0 -9999.0 -9999.0 -9999.0 -9999.0 -9999.0 -9999.0 -9999.0 -9999.0 -9999.0 -9999.0 -9999.0
-9999.0 -9999.0 -9999.0 -9999.0 -9999.0 -9999.0 0.55552625983 0.495588999734 0.48381212357 0.496999905781 0.511810445853 3.57146161657 7.56130680348 8.04763232672 8.43208362791 0.370802125048 11.7766164036 12.1661010239 0.8637149042 0.430873784606 1.77962085472 3.08147000131 0.442105245246 4.16929531266 0.422912397626 0.436482721891 0.43985511582 -9999.0 -9999.0 -9999.0 -9999.0 -9999.0 -9999.0 -9999.0 -9999.0 -9999.0 -9999.0 -9999.0 -9999.0 -9999.0 -9999.0 -9999.0 -9999.0 -9999.0 -9999.0 -9999.0 -9999.0 -9999.0 -9999.0 -9999.0 -9999.0 -9999.0 -9999.0 -9999.0
-9999.0 -9999.0 -9999.0 -9999.0 -9999.0 -9999.0 1.12762613352 1.66155547524 3.74182024955 5.17987428667 0.44191199199 0.473752325925 0.451053121522 1.34493487335 10.1596404498 0.348929097649 12.5425173598 14.377594085 1.40929642194 0.798950807503 3.46193902159 0.420037525147 4.58541641829 0.79839464656 0.393393471879 0.801742247764 0.877724395708 0.474779709405 0.50739608215 0.48970947063 0.536077267062 1.07031745118 -9999.0 -9999.0 -9999.0 -9999.0 -9999.0 -9999.0 -9999.0 -9999.0 -9999.0 -9999.0 -9999.0 -9999.0 -9999.0 -9999.0 -9999.0 -9999.0 -9999.0 -9999.0 -9999.0 -9999.0 -9999.0 -9999.0
-9999.0 -9999.0 -9999.0 -9999.0 -9999.0 0.625957148055 1.21174950511 0.583031251797 1.11999513621 5.72845948226 6.69179696149 7.65643524474 25.6370973807 0.476437868027 10.5770174619 39.890507217 40.2617878209 55.3358214229 0.452030547789 1.18650877995 3.84421185964 0.377367223408 9.12118125102 4.13303344135 2.51332571126 2.10154979525 0.43418525826 1.41658858791 1.47295368424 0.978408308664 0.476488925696 1.5629347018 0.472914500945 0.461555345014 -9999.0 -9999.0 -9999.0 -9999.0 -9999.0 -9999.0 -9999.0 -9999.0 -9999.0 -9999.0 -9999.0 -9999.0 -9999.0 -9999.0 -9999.0 -9999.0 -9999.0 -9999.0 -9999.0 -9999.0
-9999.0 -9999.0 -9999.0 -9999.0 -9999.0 0.636669827062 1.85952941281 3.68009447891 4.24848030101 8.44605086483 8.97610334284 10.6454426172 17.5477878256 27.1846084079 28.1353964937 28.5714479655 0.771819623296 56.8366317096 57.7216825322 59.7683567324 74.2663006473 10.293247326 9.54093992229 2.92409673313 0.408037148245 2.60347464244 1.79944379755 0.357973820525 1.89528922557 0.443744448984 0.996847582604 2.5456286566 2.99658096571 0.901657716964 0.431107845885 0.427219035363 -9999.0 -9999.0 -9999.0 -9999.0 0.534057440077 0.492927634523 -9999.0 -9999.0 -9999.0 -9999.0 -9999.0 -9999.0 -9999.0 -9999.0 -9999.0 -9999.0 -9999.0 -9999.0
-9999.0 -9999.0 -9999.0 -9999.0 -9999.0 0.616884474822 0.59357585503 2.46945787042 3.0499919434 3.64804234527 0.568248946177 1.12316642759 6.49147165604 1.22333659258 0.525618261051 0.456061997448 0.397419704691 0.540422719435 0.54080694741 0.446077207452 74.6564918418 75.7901438753 0.376152893493 1.1790013173 0.811079096183 2.98274251511 0.740259185175 0.345165348012 2.31346348547 0.898050302666 2.23930004151 5.1373314815 4.76480013788 1.32247154047 1.2548541302 0.446804995089 0.437285945321 -9999.0 -9999.0 0.432526211903 1.06090316992 2.58356738889 0.518205157075 -9999.0 -9999.0 -9999.0 -9999.0 -9999.0 -9999.0 -9999.0 -9999.0 -9999.0 -9999.0 -9999.0
-9999.0 -9999.0 -9999.0 -9999.0 -9999.0 -9999.0 0.65248761843 0.645324357278 1.24008590403 1.84664188513 4.19532868222 5.36082625006 5.98440003137 0.68618803893 0.46458622089 6.38116015588 7.73296346514 8.14678563597 9.92795389548 10.3224817751 0.390562914953 76.1855015156 78.0882264731 1.51724844427 0.276298756498 3.31184234917 7.35857548323 2.98489868799 0.723485099972 0.372476127153 8.12798599009 5.52973028547 0.368377430417 0.366282756662 1.63501574309 1.29370918814 0.395631895277 0.344803819876 0.418858098888 0.840803317301 0.395444342367 3.14407925092 3.50305148171 0.309360192636 -9999.0 -9999.0 -9999.0 -9999.0 0.349787408779 0.325292475206 0.122790804543 -9999.0 -9999.0 -9999.0
-9999.0 -9999.0 -9999.0 -9999.0 -9999.0 -9999.0 -9999.0 0.624331709733 0.560165848702 1.18415633876 1.7919543009 0.585688519032 0.596975800757 3.45232358543 4.45385421836 5.48475143916 0.474261624186 0.938068517702 0.462284190284 10.7402343715 24.1338704739 24.6421361482 103.555294153 0.370785082395 0.802539282237 0.251456396287 7.6903462121 0.347504857049 1.10137295439 0.362080131815 8.48717405674 8.84671456668 0.742199336767 0.736625558013 4.15755002441 2.10556137901 0.74317724519 0.390642002247 0.833087772742 1.249126433 2.00665246856 0.349161086027 4.10673943601 4.39190155741 0.259932815434 0.281520905783 0.286298346119 0.256350677926 0.24129151405 0.938274248061 0.398449662458 0.235980800709 -9999.0 -9999.0
-9999.0 -9999.0 -9999.0 -9999.0 -9999.0 -9999.0 -9999.0 -9999.0 1.2577307431 1.78445616588 0.585077741819 1.19281828881 1.74198970935 2.91241860576 0.555362481892 0.533974462357 0.450538222357 0.454075469085 0.399865085773 12.5424631906 0.476639748543 0.921857011966 105.026944983 105.898709697 0.311884037451 1.42639775032 9.41467180225 0.684465991385 1.41000844315 0.639352158705 0.944366503281 10.2097748407 1.06085086407 5.92547409437 4.88295740105 0.387169472787 1.89727351828 0.777965530154 1.20714111546 0.368837543354 2.3432296038 2.9866950875 3.24282212248 3.48462867355 5.38289916214 0.501745556719 0.518941298295 0.47100983502 0.439712912753 1.16095581495 0.230640284971 0.872004653787 1.08561169659 -9999.0
-9999.0 -9999.0 -9999.0 -9999.0 -9999.0 -9999.0 -9999.0 -9999.0 0.631136403763 3.02869810785 3.59711014081 0.567870782521 1.10662227894 0.537130143294 0.487496103364 0.479927725694 6.05299254846 7.97291823124 9.91887869488 11.9941958664 0.484354707976 0.458099837906 0.400136016426 108.015124057 109.079891152 109.42250571 12.4926551283 2.73530456837 2.4049992756 0.274836621944 1.21920861742 11.7236279914 0.287088133327 6.22570187972 0.354867717018 2.54776998897 2.30355125925 0.379842872276 1.5807369031 0.738814942288 1.09752138636 0.300331930132 0.234675938905 3.72316948096 3.94155568254 5.60072991655 0.749747693552 0.690296248437 0.647812623686 1.40896066514 1.87690768969 0.233495019249 1.31547435413 0.261865199767
-9999.0 -9999.0 -9999.0 -9999.0 -9999.0 -9999.0 -9999.0 -9999.0 -9999.0 0.642882961629 4.19776677097 4.75245213665 1.64783486963 2.71311570247 3.69025716395 4.18314615114 0.512131525437 1.47480337341 1.00308676413 0.530177597854 0.506311827596 0.451437220952 0.860524144429 1.40638952547 0.467339190913 122.776764726 123.087096653 0.288637252646 0.226436741113 0.573045407998 0.859636440683 12.5743306323 0.567851350803 6.47721853796 3.85096729333 3.20997605757 0.348715867167 0.717843909069 1.90858253014 0.327884984834 1.41430473063 0.602852048028 0.389604074045 0.167319954979 4.4962875482 10.2822199225 0.919142878477 0.862014539373 0.842523912642 0.198268938219 2.07189953884 0.189496655205 1.74503450812 0.228111252247
-9999.0 -9999.0 -9999.0 -9999.0 -9999.0 -9999.0 -9999.0 -9999.0 -9999.0 -9999.0 0.553449634032 5.86299919825 0.535194896404 1.05766866833 1.52624199856 2.43583538294 0.46076106766 0.949103278032 0.476374362895 0.425219832027 0.405396194004 0.792070429577 0.343990837141 0.357721449701 0.69985654861 0.402759780187 123.464281922 124.08043981 124.931053162 1.11224804297 0.298361752428 0.595181498113 12.8882306993 11.7879695149 4.5056713915 0.324314255529 1.39909376383 1.05577548897 2.23735153849 0.654418330714 2.65106333002 0.911119519565 0.628205463086 0.136523438231 0.183089754888 10.5211977515 10.7357025641 12.7012777626 1.47349434212 0.416504208539 2.28410532186 2.68076153305 4.6089918627 0.44007229734
-9999.0 -9999.0 -9999.0 -9999.0 -9999.0 -9999.0 -9999.0 -9999.0 -9999.0 -9999.0 -9999.0 0.345692059053 6.62173591487 0.5739725353 1.0359063686 4.35884867279 0.442038064713 0.434297442162 0.390397535279 0.850684912554 0.441611112465 1.66243375012 2.35982279725 2.66443573474 0.969338766944 1.2133481764 0.284569860944 0.35479583209 0.355118732894 126.73876586 127.679930829 13.1350641328 12.2945623852 12.0454306997 0.53218003601 0.254236286563 1.69753289189 4.53872353566 2.54336115756 0.956265941415 3.89526523015 1.36281586186 1.0909167982 0.271152670172 0.11612924046 0.106983019566 0.11723290862 13.3327227227 15.4450099986 0.208631763137 0.178464212425 0.207147957793 4.8147112867 5.44904519926
-9999.0 -9999.0 -9999.0 -9999.0 -9999.0 -9999.0 -9999.0 -9999.0 -9999.0 -9999.0 -9999.0 0.326808427574 7.39042506469 8.97498354585 0.469354701914 5.286107489 0.400850156311 0.38320935081 0.818416556635 2.10876429258 0.423613936727 0.449417255761 0.353289793271 3.3402532149 3.65618588547 5.22182682397 5.76432073266 6.02990001355 6.30612298823 6.57524713777 134.578002032 148.226860714 161.015889772 161.28114368 0.225872193559 0.259965386669 5.13839209222 4.84056550583 0.300640434382 0.310594652302 4.29525453726 5.9506268369 0.235512471437 2.70030195726 2.50524671503 0.592601148704 0.268597966942 0.450799885986 0.240077267318 15.851018366 0.204566790783 0.568350747917 0.723929963386 6.66277375732
-9999.0 -9999.0 -9999.0 -9999.0 -9999.0 -9999.0 -9999.0 -9999.0 -9999.0 -9999.0 -9999.0 0.58689674316 1.11331096785 9.48618648141 10.3693513455 0.438847539947 6.18368613845 0.331424356136 1.06491352849 2.48434208864 0.810607530564 0.384705038387 0.775549384546 0.286680492191 0.567329896638 0.30011269278 0.266672657659 0.220231635304 0.195879173564 0.15978460273 0.14287446594 0.195275954597 0.2511851616 0.317749611883 162.078936478 6.1011349036 5.56621220537 0.198871080667 0.860409755281 0.210376689987 0.258992270856 6.22128943366 9.73028379321 2.99728043109 2.25022067425 0.352136181743 0.143830013438 0.129933466634 0.313330269238 16.3741089362 16.7618450595 0.201971256825 0.204668115062 0.160536690792
-9999.0 -9999.0 -9999.0 -9999.0 -9999.0 -9999.0 -9999.0 -9999.0 -9999.0 -9999.0 -9999.0 -9999.0 0.48836544574 6.80336043385 17.6524471511 19.1377113224 25.7467633227 26.2354538984 5.60130972243 4.07937078989 1.20247116174 0.37807831818 1.51212235822 1.8557019824 2.73051285709 0.616488035846 0.556195916855 0.515912478335 0.996966942653 0.439454029667 0.410173070872 0.224547805424 0.151978042244 0.136204835634 162.310924309 168.630331974 168.97585338 0.20878918976 2.31430492742 1.03941337295 0.292533331173 10.6351155432 0.64543666829 0.335020470665 1.39955009802 0.275720304157 0.203337968764 0.388861521995 0.561989517024 0.759464197313 17.0935401437 0.157181395151 0.137250840053 0.137379070438
-9999.0 -9999.0 -9999.0 -9999.0 -9999.0 -9999.0 -9999.0 -9999.0 -9999.0 -9999.0 -9999.0 0.542592149666 5.20252206789 6.29204532102 0.994397888275 0.3660710134 0.842341804541 27.4760921911 27.8710995898 33.9514096021 0.335213944357 0.7094343432 0.304008547397 0.30873982293 3.02747946792 3.93995730305 4.77315811882 0.262500436706 1.25682658349 1.95103449901 1.13196813505 0.476029807399 0.355333297622 0.295137839623 0.297183715386 0.13628903644 169.19761442 169.382209674 172.033208665 0.463566221237 0.250876681672 10.9811695763 0.697884319121 0.355730200198 0.392032825859 0.38919936724 0.330222308582 0.550777015631 1.58861557748 2.55832688953 19.8148212779 0.123226405324 0.367155910129 0.247633264375
-9999.0 -9999.0 -9999.0 -9999.0 -9999.0 -9999.0 -9999.0 -9999.0 -9999.0 -9999.0 -9999.0 0.556282363794 3.64090796971 0.560538332031 0.481907238768 2.57869098793 2.99442100364 3.40666268711 3.78265556861 45.6417886763 46.0708310358 46.8574231597 51.9651923113 52.8514416711 53.3321850638 53.6345791131 58.986350551 59.7675456818 60.0673642777 62.3012563691 63.7218289215 63.9727651126 64.7790844884 0.53584756847 0.47166284955 0.0969226581022 0.097351468972 169.557935944 172.862016294 0.657596886885 12.8841982546 12.6392134401 1.2823940431 0.304189009165 0.309732235521 0.29507675173 0.292937920673 0.588177195426 0.82934641321 0.232005005515 19.9700404552 20.1346927896 20.891278123 21.0273447252
-9999.0 -9999.0 -9999.0 -9999.0 -9999.0 -9999.0 -9999.0 -9999.0 -9999.0 -9999.0 -9999.0 1.88603864833 2.49323460737 1.14636376363 1.67983610246 0.525682622161 5.88883503228 6.3187722415 7.17372733634 7.52203343705 2.76107089282 50.2074910607 50.5799634946 0.258113834706 0.17651804209 0.16092665034 0.349315489549 0.194468907526 0.142275837056 0.139925102227 0.150565264763 64.1870562141 65.0062584417 65.8139346739 66.522747478 66.8922992866 0.165554133176 0.0576056115271 186.318245663 13.2945677673 13.1417786666 0.26498223616 0.238071116332 0.21169601759 0.524042845395 0.510027982545 0.23374621164 0.240103682825 0.217543475241 0.445498453219 0.589930842051 0.127645466124 0.237859968972 0.0761882529797
-9999.0 -9999.0 -9999.0 -9999.0 -9999.0 -9999.0 -9999.0 -9999.0 -9999.0 -9999.0 -9999.0 -9999.0 1.27739074467 0.597251034742 0.54037790417 5.0198017948 5.46547675084 0.452385082326 1.72030298114 2.1199601491 2.44988197859 0.378228330887 0.250879932974 7.15318957681 7.35475248843 7.54277535996 19.9751086793 20.1168903429 20.3785952613 22.0363976974 22.8064995855 22.9250350202 0.138785006189 0.145297080413 0.13903316079 67.1681423694 0.0925266274835 188.443630881 188.216288422 1.76643167465 1.58884656208 0.994155577118 0.248802152169 0.425011020352 0.73865076748 0.726309428023 0.449992419131 0.230000790689 0.443612220728 0.438389888321 0.780285303508 0.139723099422 0.381210046166 0.590080309325
