data/baseflow/History/mHMbfrc308
ncols                  80
nrows                 72
xllcorner      4374000.0
yllcorner      5656000.0
cellsize            500
NODATA_value       -9999
[rows 0 to 23 of 72, columns 0 to 53 of 80]
-9999.0 -9999.0 -9999.0 -9999.0 -9999.0 -9999.0 -9999.0 -9999.0 -9999.0 -9999.0 -9999.0 -9999.0 0.957601797549 0.790590236912 -9999.0 -9999.0 -9999.0 -9999.0 -9999.0 -9999.0 -9999.0 -9999.0 -9999.0 -9999.0 -9999.0 -9999.0 -9999.0 -9999.0 -9999.0 -9999.0 -9999.0 -9999.0 -9999.0 -9999.0 -9999.0 -9999.0 -9999.0 -9999.0 -9999.0 -9999.0 -9999.0 -9999.0 -9999.0 -9999.0 -9999.0 -9999.0 -9999.0 -9999.0 -9999.0 -9999.0 -9999.0 -9999.0 -9999.0 -9999.0
-9999.0 -9999.0 -9999.0 -9999.0 -9999.0 -9999.0 -9999.0 -9999.0 -9999.0 -9999.0 -9999.0 -9999.0 1.91806900857 4.24565730892 0.684996333517 -9999.0 0.530598214976 -9999.0 -9999.0 -9999.0 -9999.0 -9999.0 -9999.0 -9999.0 -9999.0 -9999.0 -9999.0 -9999.0 -9999.0 -9999.0 -9999.0 -9999.0 -9999.0 -9999.0 -9999.0 -9999.0 -9999.0 -9999.0 -9999.0 -9999.0 -9999.0 -9999.0 -9999.0 -9999.0 -9999.0 -9999.0 -9999.0 -9999.0 -9999.0 -9999.0 -9999.0 -9999.0 -9999.0 -9999.0
-9999.0 -9999.0 -9999.0 -9999.0 -9999.0 -9999.0 -9999.0 -9999.0 -9999.0 -9999.0 0.890772426924 0.870140447663 0.912417739187 0.894233796663 5.92878112166 6.65270482948 1.46426504952 0.460239284463 -9999.0 -9999.0 -9999.0 -9999.0 -9999.0 -9999.0 -9999.0 -9999.0 -9999.0 -9999.0 -9999.0 -9999.0 -9999.0 -9999.0 -9999.0 -9999.0 -9999.0 -9999.0 -9999.0 -9999.0 -9999.0 -9999.0 -9999.0 -9999.0 -9999.0 -9999.0 -9999.0 -9999.0 -9999.0 -9999.0 -9999.0 -9999.0 -9999.0 -9999.0 -9999.0 -9999.0
-9999.0 -9999.0 -9999.0 -9999.0 -9999.0 -9999.0 -9999.0 -9999.0 -9999.0 0.867467368605 1.75616720355 3.49122656276 1.75608510817 0.852854861159 1.66262277973 7.45382213013 10.1039704832 0.560915705771 -9999.0 0.862307772218 -9999.0 -9999.0 -9999.0 -9999.0 1.01431536879 0.510566219363 -9999.0 -9999.0 -9999.0 -9999.0 -9999.0 -9999.0 -9999.0 -9999.0 -9999.0 -9999.0 -9999.0 -9999.0 -9999.0 -9999.0 -9999.0 -9999.0 -9999.0 -9999.0 -9999.0 -9999.0 -9999.0 -9999.0 -9999.0 -9999.0 -9999.0 -9999.0 -9999.0 -9999.0
-9999.0 -9999.0 -9999.0 -9999.0 -9999.0 -9999.0 -9999.0 -9999.0 0.982742258821 2.76802116096 3.60393708473 4.44062807448 6.05262035086 0.775776398687 3.17216743433 3.91786644219 15.3941031003 0.718050106887 0.703077740521 1.60230765552 2.32015842926 0.752932118025 -9999.0 2.74387307566 2.25137788858 0.644347418391 -9999.0 -9999.0 -9999.0 -9999.0 -9999.0 -9999.0 -9999.0 -9999.0 -9999.0 -9999.0 -9999.0 -9999.0 -9999.0 -9999.0 -9999.0 -9999.0 -9999.0 -9999.0 -9999.0 -9999.0 -9999.0 -9999.0 -9999.0 -9999.0 -9999.0 -9999.0 -9999.0 -9999.0
-9999.0 -9999.0 -9999.0 -9999.0 -9999.0 -9999.0 0.964922328861 0.882654065141 0.857720454921 0.87438680613 0.889094147765 6.22958916426 13.1241013938 13.9507992212 14.6135967671 0.62584601181 16.7510326375 17.4617265213 1.43699380942 0.732858151958 3.02316227958 5.22339254853 0.74858208299 5.01531293548 0.788997850805 0.78634239725 0.813780670061 -9999.0 -9999.0 -9999.0 -9999.0 -9999.0 -9999.0 -9999.0 -9999.0 -9999.0 -9999.0 -9999.0 -9999.0 -9999.0 -9999.0 -9999.0 -9999.0 -9999.0 -9999.0 -9999.0 -9999.0 -9999.0 -9999.0 -9999.0 -9999.0 -9999.0 -9999.0 -9999.0
-9999.0 -9999.0 -9999.0 -9999.0 -9999.0 -9999.0 1.92052877394 2.82796509179 6.38884037047 8.9229639477 0.778434909171 0.796447442922 0.762649021256 2.25785156573 17.5551551743 0.599701655147 18.1087513703 20.7774460578 2.09405224801 1.35998979886 5.87059082265 0.711161056164 5.71147751776 1.42203018529 0.717363742145 1.47775900411 1.60591983079 0.796852773622 0.803365778132 0.77951272166 0.832827981586 1.66665580322 -9999.0 -9999.0 -9999.0 -9999.0 -9999.0 -9999.0 -9999.0 -9999.0 -9999.0 -9999.0 -9999.0 -9999.0 -9999.0 -9999.0 -9999.0 -9999.0 -9999.0 -9999.0 -9999.0 -9999.0 -9999.0 -9999.0
-9999.0 -9999.0 -9999.0 -9999.0 -9999.0 1.03093110946 1.99998855285 0.956397226847 1.86442133349 9.8503130059 11.5160751174 13.1555647001 42.1848745844 0.75470754701 18.2937446215 66.3177480989 66.836052019 88.5415310898 0.585274813623 1.98949103773 6.52111633673 0.641519984764 13.7397865795 7.35330439763 4.55716967278 3.83005426291 0.78146210309 2.35959793006 2.33438205069 1.55339757424 0.750706625765 2.44277734162 0.739459849085 0.724630027181 -9999.0 -9999.0 -9999.0 -9999.0 -9999.0 -9999.0 -9999.0 -9999.0 -9999.0 -9999.0 -9999.0 -9999.0 -9999.0 -9999.0 -9999.0 -9999.0 -9999.0 -9999.0 -9999.0 -9999.0
-9999.0 -9999.0 -9999.0 -9999.0 -9999.0 1.03928726155 3.02077796507 6.00353468275 6.92096182075 13.745520368 14.6076222209 17.3111953482 28.2835781856 44.4585205651 46.0133774441 46.7481597949 1.31241360142 90.8927451306 92.0528641207 95.3518252965 118.221318087 15.7218936764 14.4402114613 5.24448213513 0.674780495763 4.47446078446 3.05530556658 0.661829975878 3.02567495443 0.672749903665 1.40229037151 3.85778167785 4.56675047795 1.41936706159 0.702689645768 0.675367615961 -9999.0 -9999.0 -9999.0 -9999.0 0.541975303066 0.465677447659 -9999.0 -9999.0 -9999.0 -9999.0 -9999.0 -9999.0 -9999.0 -9999.0 -9999.0 -9999.0 -9999.0 -9999.0
-9999.0 -9999.0 -9999.0 -9999.0 -9999.0 1.00477019979 0.960005941753 4.03527128787 4.96954472732 5.93519329718 0.918866238698 1.81901284008 10.3818234393 1.84761417374 0.855282519538 0.787804640793 0.701275214037 0.788516286525 0.722292172153 0.747785972353 118.903701864 120.815493905 0.629463109092 1.95503626687 1.3413049181 5.12919816972 1.34079782736 0.63973066372 3.73587843422 1.31834049706 3.17983465271 7.98185251526 7.38456491556 2.11768757666 2.06638316622 0.702537257861 0.694023230445 -9999.0 -9999.0 0.69478054524 1.21323889224 2.66154078939 0.497890606435 -9999.0 -9999.0 -9999.0 -9999.0 -9999.0 -9999.0 -9999.0 -9999.0 -9999.0 -9999.0 -9999.0
-9999.0 -9999.0 -9999.0 -9999.0 -9999.0 -9999.0 1.05384609088 1.06486947442 2.0217161542 2.99387391292 6.7567527643 8.61801326388 9.55092200662 0.987640076679 0.765038056914 10.2601918739 12.5735054669 13.2870243261 16.2366046932 16.8946655636 0.655822206742 121.485269146 124.651618924 2.51442508535 0.393860175571 5.67350269031 12.552790319 4.97340644545 1.20737627728 0.601180163842 12.3782762185 8.61301369065 0.622820779945 0.61120461255 2.70238392071 2.04588913758 0.664896873869 0.632663587187 0.672971912568 1.35048348211 0.641001342456 3.24233847613 3.87418917622 0.584600201095 -9999.0 -9999.0 -9999.0 -9999.0 0.675000363351 0.632083000531 0.181799768911 -9999.0 -9999.0 -9999.0
-9999.0 -9999.0 -9999.0 -9999.0 -9999.0 -9999.0 -9999.0 1.03634949134 0.903013866033 1.90193172842 2.87181256546 0.93744720987 0.858029794912 5.37856146434 7.05649831747 8.7658868588 0.801302193591 1.52962384517 0.761784194311 17.5900903912 38.6725396422 39.2099407527 165.117560237 0.621188952726 1.16145855718 0.354928999 13.12803281 0.601743321125 1.82058461322 0.594569825194 12.9844658665 13.5906810465 1.24949089549 1.21537805697 6.72949599708 3.36871060394 1.30412375162 0.670411612844 1.33952555348 2.0068064505 3.26865438987 0.614595700513 5.03052569007 5.58566502827 0.50677460193 0.54460922428 0.566149454557 0.513989668671 0.486655609562 1.8388075512 0.691848886238 0.451951645027 -9999.0 -9999.0
-9999.0 -9999.0 -9999.0 -9999.0 -9999.0 -9999.0 -9999.0 -9999.0 1.92121195425 2.76640533851 0.92851390944 1.89328521819 2.78723397339 4.57902035612 0.899386782956 0.859799875128 0.731514758744 0.739001142166 0.658428575547 19.6813364945 0.771874432951 1.50182900268 167.216334338 168.678534441 0.637860019135 2.43658887325 16.1063250348 1.15060443454 2.33457560769 1.07139872363 1.57276386402 15.89461797 1.78592099502 9.60364630399 7.87010481778 0.574786223283 3.19209637367 1.28828297177 1.93660027741 0.589462843944 3.85953216554 5.03249555537 5.52154598347 5.98458323031 7.4996346627 0.966931121746 1.01801468477 0.930749653211 0.870303233113 2.27378967101 0.4346606249 1.59306547213 1.97550600489 -9999.0
-9999.0 -9999.0 -9999.0 -9999.0 -9999.0 -9999.0 -9999.0 -9999.0 1.01102762879 4.75315570782 5.6552474736 0.90217972133 1.7621688435 0.858054600913 0.788317023275 0.774289959227 9.84543696236 13.1006323879 16.0858851192 19.104623683 0.765814376031 0.747282489266 0.765579338958 171.996079642 173.586323148 174.227146808 21.4248039847 4.62986972704 4.02494519064 0.481542483461 2.04879690133 18.4467150795 0.500685126703 10.1158541606 0.564978782176 4.10588106814 3.8238744971 0.604987672359 2.53243102358 1.17890784762 1.75508660658 0.545727253089 0.452621911498 6.4415307788 6.86051987107 7.91737221296 1.46642215775 1.35676942378 1.27773786789 2.74200784946 3.62586620123 0.440908779084 2.38013681652 0.42872183862
-9999.0 -9999.0 -9999.0 -9999.0 -9999.0 -9999.0 -9999.0 -9999.0 -9999.0 1.02757663145 6.60533802725 7.48610321312 2.62403015199 4.35023447416 5.95584847772 6.77815445859 0.841817745502 2.50569394009 1.66699773741 0.855545435689 0.832122619755 0.746489229096 1.49654119931 2.55719034401 0.896847921441 197.233015174 197.89337243 0.584054506883 0.439757233742 0.95149691739 1.41660609922 19.8849257721 0.968534386181 10.5462067637 6.19702991605 5.1463834087 0.559541485978 1.14496494704 3.05565048131 0.522970436793 2.26297092801 1.05967593253 0.759052132119 0.313636917014 7.89212563996 16.1568765021 1.77928321425 1.67645581995 1.64077479547 0.361365888286 3.98151584477 0.343686642975 3.16036768057 0.361977099607
-9999.0 -9999.0 -9999.0 -9999.0 -9999.0 -9999.0 -9999.0 -9999.0 -9999.0 -9999.0 0.897794207802 9.29303169565 0.854866596439 1.7165241545 2.50409980125 4.0589114381 0.795693141931 1.65271000876 0.816044988332 0.759695577392 0.71701016441 1.42010512064 0.632433375945 0.722279523594 1.4475517342 0.816250788726 198.604074978 199.833910103 201.540251872 1.91032743016 0.470712755209 0.938463334957 20.3885125122 19.162165146 7.25416071505 0.518883137871 2.23441509734 1.68479219938 3.58067678706 1.04360195145 4.36480910045 1.57745458724 1.19860610998 0.200282212664 0.335055494134 16.6143145521 17.0170509295 20.81595014 2.78842516633 0.75315423818 4.37375078916 5.09929031011 8.58992136409 0.722432023745
-9999.0 -9999.0 -9999.0 -9999.0 -9999.0 -9999.0 -9999.0 -9999.0 -9999.0 -9999.0 -9999.0 0.462592077682 10.2765799246 0.817427963685 1.58723366312 7.18629544412 0.795284798782 0.784405191207 0.679060405882 1.46968174596 0.718728241362 2.85371476043 4.10965233323 4.67027767575 1.98082457472 2.51092536407 0.614632595577 0.743545330742 0.691108014259 204.586235475 205.993249455 20.8231356959 20.0435313446 19.6070321632 0.908815835128 0.435991613572 2.70916767666 7.25348748376 4.07042277121 1.52515305241 6.37941231928 2.33777939079 1.87250232536 0.379924881163 0.15638824868 0.160974711622 0.210439929756 21.877445404 25.8194925941 0.36361877041 0.320469825758 0.350107122085 8.91608771589 9.94094199564
-9999.0 -9999.0 -9999.0 -9999.0 -9999.0 -9999.0 -9999.0 -9999.0 -9999.0 -9999.0 -9999.0 0.426216482237 11.3112384181 13.8748628229 0.776757923215 8.72876604609 0.728370840875 0.686264273281 1.36499360571 3.53876161708 0.68604074373 0.729206873567 0.613338822727 5.88022809256 6.44362613762 9.56107217476 10.7072349101 11.2883866555 11.8677839308 12.4905222229 219.124754765 240.981713988 262.013022704 262.474796736 0.451039785578 0.434571396772 8.20925983232 7.73526541781 0.479029293634 0.4813458392 6.867259033 9.71158048176 0.410998010961 4.33565013772 4.01939028865 0.821264764637 0.424846078135 0.715469099272 0.434724642063 26.5590075079 0.375786535394 1.01463653386 1.29521153853 12.0688166337
-9999.0 -9999.0 -9999.0 -9999.0 -9999.0 -9999.0 -9999.0 -9999.0 -9999.0 -9999.0 -9999.0 0.932516833384 1.78633249674 14.7061840615 16.1512180257 0.736193353481 10.1130451508 0.606639124827 1.88765330768 4.16523604073 1.31404046775 0.623669719351 1.2859178549 0.513316515067 0.976771669976 0.468159703421 0.417541124414 0.322415207228 0.290764453736 0.279766443485 0.291814310468 0.435861890963 0.56620468172 0.649847286732 264.06580951 9.83474215719 9.03269723962 0.380162978468 1.37184120313 0.351262952623 0.30463295619 10.1603296373 15.9131486583 4.85735601563 3.68126984488 0.473960686477 0.200446149149 0.17830689811 0.50954061205 27.4491365454 28.1576767393 0.369800239213 0.374195712874 0.304788886791
-9999.0 -9999.0 -9999.0 -9999.0 -9999.0 -9999.0 -9999.0 -9999.0 -9999.0 -9999.0 -9999.0 -9999.0 0.778681625189 10.8349642832 27.754358249 30.1032306662 40.9084291539 41.5495537362 9.23767980038 6.75384930491 1.95104471182 0.611009144743 2.48138008862 3.05196434941 4.51408497607 0.972620347349 0.86938767814 0.788273572122 1.52681313515 0.714953710997 0.708949634874 0.33883882193 0.182622373736 0.250376897207 264.571431865 274.699961383 275.183265749 0.395783447684 3.7572521698 1.5690306283 0.472604113936 17.4873423861 1.12672118933 0.584052288851 2.41242191231 0.475057846514 0.390763421811 0.731228813803 1.03288976323 1.37631026993 28.7552238676 0.281176729791 0.240757442092 0.240999056014
-9999.0 -9999.0 -9999.0 -9999.0 -9999.0 -9999.0 -9999.0 -9999.0 -9999.0 -9999.0 -9999.0 0.868117472166 8.25493876688 10.0254278701 1.61908134242 0.481995222753 1.08253786677 43.3066818346 43.9143185724 53.765106675 0.532482142304 1.13509095807 0.47089066236 0.481097938398 4.98216962912 6.4207775546 7.70301190106 0.399938130042 1.92755458646 3.03221692357 1.80005111546 0.721231930306 0.483498424335 0.432543527541 0.461012930577 0.286001348412 275.591035179 275.911579562 280.353789694 0.785610541935 0.41543000449 17.8886295512 1.1612645606 0.606085496152 0.670206493295 0.665578099076 0.569657847043 0.991719414207 2.84511557684 4.60300768781 33.6454838112 0.205467257982 0.617951751734 0.420093333325
-9999.0 -9999.0 -9999.0 -9999.0 -9999.0 -9999.0 -9999.0 -9999.0 -9999.0 -9999.0 -9999.0 0.891260186979 5.7618021554 0.908350700364 0.785558154951 4.12048026541 4.82087655872 5.52006263511 6.13285989081 72.8740933868 73.4159042972 74.4810611998 82.7353227839 84.1902118538 84.9787582692 85.4736739619 94.0709284849 95.0994138802 95.5450929739 99.0530362247 101.325612275 101.714351925 102.879871804 0.792010511724 0.690904912805 0.147838467173 0.198498048421 276.283633067 281.860228196 1.17352888573 20.8661468042 20.4768551886 2.19924763673 0.522021213816 0.538991125165 0.518205999911 0.511852342444 1.0337142239 1.47572275768 0.431737968559 33.9182791647 34.2098823663 35.4934145805 35.7272500848
-9999.0 -9999.0 -9999.0 -9999.0 -9999.0 -9999.0 -9999.0 -9999.0 -9999.0 -9999.0 -9999.0 2.97820776583 3.93388160287 1.82495293013 2.68640763639 0.850072268859 9.59976294413 10.3444881159 11.8075863119 12.3544697604 4.73673743998 80.110676461 80.6330345585 0.462663065534 0.298464849839 0.240268224606 0.565005083115 0.264857476526 0.170457773648 0.150021063251 0.190054198051 102.038013882 103.238873324 104.450026187 105.491007028 106.164931643 0.306138858274 0.107321802706 303.724461817 21.5564499767 21.2783075395 0.422504580226 0.413433484031 0.37876069273 0.926347382665 0.906801055822 0.400293084839 0.403921262254 0.348810285964 0.766670684966 1.00545320415 0.191141969309 0.34198500781 0.123004361769
-9999.0 -9999.0 -9999.0 -9999.0 -9999.0 -9999.0 -9999.0 -9999.0 -9999.0 -9999.0 -9999.0 -9999.0 2.01047633194 0.938051510336 0.850994588498 8.10667222406 8.88698221077 0.775208833995 2.99398205432 3.67052915341 4.23563407075 0.630925993949 0.456418271084 11.7815815296 12.1495568298 12.4894132756 32.2635437665 32.4924488591 32.8229796411 35.0396310173 36.0002965203 36.1349161843 0.124977050343 0.135906585401 0.164442256613 106.601307913 0.183083723589 307.182960926 306.895010038 2.88488984576 2.5312722196 1.61336395678 0.407820735149 0.749021527406 1.31400223326 1.29851184182 0.77645899364 0.382142476982 0.727124425756 0.679105315152 1.28378891165 0.1752514207 0.504157469042 0.837583282552
