data/baseflow/History/mHMbfrc348
ncols                  80
nrows                 72
xllcorner      4374000.0
yllcorner      5656000.0
cellsize            500
NODATA_value       -9999
[rows 0 to 23 of 72, columns 0 to 53 of 80]
-9999.0 -9999.0 -9999.0 -9999.0 -9999.0 -9999.0 -9999.0 -9999.0 -9999.0 -9999.0 -9999.0 -9999.0 0.641722346908 0.674733710779 -9999.0 -9999.0 -9999.0 -9999.0 -9999.0 -9999.0 -9999.0 -9999.0 -9999.0 -9999.0 -9999.0 -9999.0 -9999.0 -9999.0 -9999.0 -9999.0 -9999.0 -9999.0 -9999.0 -9999.0 -9999.0 -9999.0 -9999.0 -9999.0 -9999.0 -9999.0 -9999.0 -9999.0 -9999.0 -9999.0 -9999.0 -9999.0 -9999.0 -9999.0 -9999.0 -9999.0 -9999.0 -9999.0 -9999.0 -9999.0
-9999.0 -9999.0 -9999.0 -9999.0 -9999.0 -9999.0 -9999.0 -9999.0 -9999.0 -9999.0 -9999.0 -9999.0 1.28496321484 3.06177850902 0.541995063789 -9999.0 0.547162406233 -9999.0 -9999.0 -9999.0 -9999.0 -9999.0 -9999.0 -9999.0 -9999.0 -9999.0 -9999.0 -9999.0 -9999.0 -9999.0 -9999.0 -9999.0 -9999.0 -9999.0 -9999.0 -9999.0 -9999.0 -9999.0 -9999.0 -9999.0 -9999.0 -9999.0 -9999.0 -9999.0 -9999.0 -9999.0 -9999.0 -9999.0 -9999.0 -9999.0 -9999.0 -9999.0 -9999.0 -9999.0
-9999.0 -9999.0 -9999.0 -9999.0 -9999.0 -9999.0 -9999.0 -9999.0 -9999.0 -9999.0 0.603595944216 0.562074984499 0.604799998639 0.603344887445 4.15935366154 4.63531010595 1.52724373981 0.494566396331 -9999.0 -9999.0 -9999.0 -9999.0 -9999.0 -9999.0 -9999.0 -9999.0 -9999.0 -9999.0 -9999.0 -9999.0 -9999.0 -9999.0 -9999.0 -9999.0 -9999.0 -9999.0 -9999.0 -9999.0 -9999.0 -9999.0 -9999.0 -9999.0 -9999.0 -9999.0 -9999.0 -9999.0 -9999.0 -9999.0 -9999.0 -9999.0 -9999.0 -9999.0 -9999.0 -9999.0
-9999.0 -9999.0 -9999.0 -9999.0 -9999.0 -9999.0 -9999.0 -9999.0 -9999.0 0.561293228494 1.16897065826 2.32109392846 1.15392313221 0.555884432913 1.09773563485 5.13523379422 7.6702923065 0.513957178871 -9999.0 0.572523541688 -9999.0 -9999.0 -9999.0 -9999.0 1.03502906791 0.535898202604 -9999.0 -9999.0 -9999.0 -9999.0 -9999.0 -9999.0 -9999.0 -9999.0 -9999.0 -9999.0 -9999.0 -9999.0 -9999.0 -9999.0 -9999.0 -9999.0 -9999.0 -9999.0 -9999.0 -9999.0 -9999.0 -9999.0 -9999.0 -9999.0 -9999.0 -9999.0 -9999.0 -9999.0
-9999.0 -9999.0 -9999.0 -9999.0 -9999.0 -9999.0 -9999.0 -9999.0 0.693097470659 1.88062751747 2.42596936973 2.98063299693 4.02943248372 0.529121406831 2.12761725657 2.62516954255 11.1654372592 0.412579971217 0.404947462708 1.06719721398 1.53447834282 0.493032128634 -9999.0 2.54298523768 2.08462914745 0.533268203146 -9999.0 -9999.0 -9999.0 -9999.0 -9999.0 -9999.0 -9999.0 -9999.0 -9999.0 -9999.0 -9999.0 -9999.0 -9999.0 -9999.0 -9999.0 -9999.0 -9999.0 -9999.0 -9999.0 -9999.0 -9999.0 -9999.0 -9999.0 -9999.0 -9999.0 -9999.0 -9999.0 -9999.0
-9999.0 -9999.0 -9999.0 -9999.0 -9999.0 -9999.0 0.673954472739 0.584668158995 0.566385500427 0.58317876505 0.595738248494 4.19404412029 8.81070315258 9.38154196654 9.86456850249 0.495556676294 12.095993482 12.5195388307 0.890360267305 0.492246600597 1.99172657042 3.43663849645 0.433296078825 3.84582501906 0.4352673697 0.427781351468 0.438801413788 -9999.0 -9999.0 -9999.0 -9999.0 -9999.0 -9999.0 -9999.0 -9999.0 -9999.0 -9999.0 -9999.0 -9999.0 -9999.0 -9999.0 -9999.0 -9999.0 -9999.0 -9999.0 -9999.0 -9999.0 -9999.0 -9999.0 -9999.0 -9999.0 -9999.0 -9999.0 -9999.0
-9999.0 -9999.0 -9999.0 -9999.0 -9999.0 -9999.0 1.37284813885 2.01198631128 4.48709085686 6.16760371464 0.513451142566 0.557782660275 0.528171741112 1.51073964079 11.8155181858 0.422267577644 12.9423108749 14.7248481445 1.32980203898 0.91076553883 3.8592933491 0.469401110734 4.29980245598 0.819379005817 0.397405314359 0.806983366147 0.891170524412 0.491742105213 0.516072109562 0.497484969932 0.527720541611 1.05314227459 -9999.0 -9999.0 -9999.0 -9999.0 -9999.0 -9999.0 -9999.0 -9999.0 -9999.0 -9999.0 -9999.0 -9999.0 -9999.0 -9999.0 -9999.0 -9999.0 -9999.0 -9999.0 -9999.0 -9999.0 -9999.0 -9999.0
-9999.0 -9999.0 -9999.0 -9999.0 -9999.0 0.790033854135 1.50628132141 0.712931834802 1.35007353209 6.82209333634 7.95182102674 9.08549495843 30.9013604553 0.502398548846 12.2953897253 47.4955718179 47.919807725 63.4215467251 0.452543934212 1.32927690285 4.28392104618 0.418955581802 8.99264956112 4.25424337669 2.53525569441 2.12268348926 0.432405280283 1.45664750498 1.4954566503 0.993471974702 0.46488109002 1.53431264701 0.442700127911 0.431910493241 -9999.0 -9999.0 -9999.0 -9999.0 -9999.0 -9999.0 -9999.0 -9999.0 -9999.0 -9999.0 -9999.0 -9999.0 -9999.0 -9999.0 -9999.0 -9999.0 -9999.0 -9999.0 -9999.0 -9999.0
-9999.0 -9999.0 -9999.0 -9999.0 -9999.0 0.801635587115 2.31631250201 4.57217329805 5.25026205412 10.3675494054 10.9956695564 12.9913396905 21.3269690307 32.6857043886 33.8108364554 34.3230335457 0.911018198889 65.1225906811 66.0331440195 68.3181173791 83.2969435232 10.2930037514 9.45528417892 2.9872062532 0.43620559247 2.65645077642 1.84000773003 0.365709986336 1.92424021097 0.440799088409 0.890072205939 2.39729393614 2.82724024988 0.851302603244 0.394406576498 0.398734642568 -9999.0 -9999.0 -9999.0 -9999.0 0.450416179845 0.422345556293 -9999.0 -9999.0 -9999.0 -9999.0 -9999.0 -9999.0 -9999.0 -9999.0 -9999.0 -9999.0 -9999.0 -9999.0
-9999.0 -9999.0 -9999.0 -9999.0 -9999.0 0.769079563718 0.723226617261 3.04376674826 3.74157998679 4.46683156211 0.682231018132 1.34491798463 7.78310120195 1.36157884985 0.623777472642 0.531476886758 0.455485554462 0.52731420429 0.490495907117 0.518880272219 83.7353657087 84.9929646876 0.411563536442 1.27000789865 0.868099357934 3.044457402 0.739914700535 0.345054931771 2.34765054937 0.880016437078 2.19023047776 4.93141987499 4.49021579448 1.23832351153 1.15177854743 0.417304635225 0.404445816529 -9999.0 -9999.0 0.405939376686 0.894915043247 2.19490423731 0.439375578814 -9999.0 -9999.0 -9999.0 -9999.0 -9999.0 -9999.0 -9999.0 -9999.0 -9999.0 -9999.0 -9999.0
-9999.0 -9999.0 -9999.0 -9999.0 -9999.0 -9999.0 0.808686264939 0.808262433309 1.51655353989 2.24779566261 5.09738483209 6.4823521338 7.1838089307 0.706465754193 0.528607488318 7.28384567654 8.8587414123 9.33461552559 11.4063156568 11.8605255153 0.439714866741 85.4374379956 87.5474908788 1.68669261187 0.395422286516 3.41673770549 7.4825994052 3.01543399084 0.731384998948 0.381352770451 7.88141455685 5.31924511735 0.340707645043 0.340941753392 1.49261632583 1.21000481483 0.354579678101 0.314057210017 0.391443540639 0.787125830895 0.366523561467 2.65922623708 2.97245187274 0.272924415055 -9999.0 -9999.0 -9999.0 -9999.0 0.328140512781 0.302743898705 0.198514799242 -9999.0 -9999.0 -9999.0
-9999.0 -9999.0 -9999.0 -9999.0 -9999.0 -9999.0 -9999.0 0.768252878579 0.698613042587 1.46156340808 2.19525284725 0.696072966986 0.598752077837 3.87888806888 5.04066828596 6.25311893279 0.557215233878 1.09958901432 0.538645999901 12.3437189899 27.4186806035 27.8631748987 116.240287467 0.411179239916 1.10836428146 0.347102354636 7.80043450946 0.357910333992 1.11662657987 0.365295581385 8.22584699112 8.57501866763 0.688311778548 0.692656818053 3.84396396191 1.95763485359 0.665512264975 0.351508406502 0.778412260385 1.16836872553 1.86029646913 0.304549534748 3.48125500627 3.7018699103 0.195835249167 0.217168577986 0.227665018757 0.198873989409 0.188667412684 0.858829735205 0.467101646359 0.289548726487 -9999.0 -9999.0
-9999.0 -9999.0 -9999.0 -9999.0 -9999.0 -9999.0 -9999.0 -9999.0 1.44053697365 2.08821525006 0.691774565699 1.42041606266 2.06225625938 3.33899089608 0.653810711166 0.628537481512 0.525632005269 0.529796074945 0.459771906562 14.1028158836 0.552452498175 1.06668805581 117.739840187 118.43517971 0.231472663523 1.57865737923 9.6616489979 0.712960224228 1.4256158553 0.640601474448 0.926207998214 9.84599246448 0.986346220338 5.4712975034 4.49940467165 0.341727904261 1.73845400652 0.717625023676 1.1261989565 0.337792202225 2.13938136349 2.67692353879 2.86381045126 3.0380097936 4.43191935584 0.37176079619 0.398044582822 0.352996571237 0.331053107089 1.03923948713 0.207267322706 0.974380507358 1.17437589745 -9999.0
-9999.0 -9999.0 -9999.0 -9999.0 -9999.0 -9999.0 -9999.0 -9999.0 0.76293250452 3.58650654702 4.25397144684 0.666375176543 1.29292612649 0.624289536497 0.572969475415 0.56370193875 7.03440002832 9.2666529858 11.3907853992 13.6123767647 0.505956695663 0.529913378748 0.367329991658 120.446437766 121.2445694 121.485288163 12.675144997 2.7551062549 2.43719640287 0.262022925172 1.19614268101 11.3202539024 0.273923607061 5.74679362932 0.338602015531 2.40618814177 2.11257419378 0.358764607033 1.47354390759 0.681702900175 1.01074360507 0.234792559034 0.169197748401 3.20933320308 3.36207588217 4.5842496944 0.566755094258 0.511285651362 0.485134973126 1.25861952772 1.67966100791 0.210139949721 1.38636935305 0.245669756722
-9999.0 -9999.0 -9999.0 -9999.0 -9999.0 -9999.0 -9999.0 -9999.0 -9999.0 0.785228129581 4.96738768371 5.60998687885 1.91804456831 3.14741611675 4.28576320182 4.85498722867 0.596521285974 1.71597436025 1.16715579529 0.625907794356 0.59248908427 0.518543563961 0.964879267463 1.50082569331 0.390369092634 134.841445772 135.071319617 0.215913187538 0.191022815522 0.565490277779 0.841736706097 12.1186600631 0.530626011549 5.97447096112 3.68999843514 3.07752391849 0.331012290465 0.679340768231 1.77718942826 0.303712683948 1.29781595258 0.492979434172 0.27698538101 0.1282913099 3.76284454925 8.46651527788 0.67403301681 0.621639421501 0.640031698459 0.164607394572 1.84520467267 0.160626450242 1.77313426845 0.21229174334
-9999.0 -9999.0 -9999.0 -9999.0 -9999.0 -9999.0 -9999.0 -9999.0 -9999.0 -9999.0 0.641026770184 6.89612240037 0.617350127468 1.21572531274 1.75417748071 2.79395730742 0.526949726426 1.09848722457 0.545805654693 0.491975269757 0.463073122541 0.905659569105 0.390995882651 0.358170639254 0.634464783468 0.336731762987 135.352775399 135.805642122 136.472850555 1.05890291466 0.30106477731 0.600512591783 12.4259958944 11.0402693747 4.31768563815 0.312150226618 1.32554986668 0.999836127727 2.08169667693 0.606163371631 2.35964041481 0.766632749869 0.469573403178 0.125555582228 0.140189750926 8.63492686033 8.7760354835 10.1895679037 1.15991557063 0.342077529262 2.02634948961 2.36371016712 4.29959942872 0.406604710893
-9999.0 -9999.0 -9999.0 -9999.0 -9999.0 -9999.0 -9999.0 -9999.0 -9999.0 -9999.0 -9999.0 0.455764212788 7.85681438307 0.561292850391 1.08505778816 4.87824739823 0.502229642571 0.492477574517 0.430076193198 0.972705637256 0.506887827398 1.89641028553 2.66364236784 2.99785170635 0.89822620526 1.09100663618 0.221014235635 0.295038150927 0.304452153118 138.15628286 138.969560375 12.6628189476 11.5301267893 11.2860268317 0.495730606643 0.238550229799 1.6082582237 4.254619929 2.36433303526 0.884952651822 3.49526925314 1.15045869437 0.917487997082 0.261486823819 0.104221569225 0.0802091243961 0.0865397494011 10.7163550911 12.3552595255 0.165856412138 0.149988456841 0.16881738513 4.47733182862 5.05755356524
-9999.0 -9999.0 -9999.0 -9999.0 -9999.0 -9999.0 -9999.0 -9999.0 -9999.0 -9999.0 -9999.0 0.424291503251 8.8252101787 10.6403204982 0.535835267164 5.91737841987 0.451855135366 0.431567960487 0.926184375805 2.40812712491 0.491883818184 0.523763532166 0.389471591808 3.74293069963 4.09841509995 5.5725327594 6.05123330693 6.29377465323 6.50339646453 6.80386772772 146.021788332 159.073392583 170.943289103 171.11174611 0.167323665735 0.24124597698 4.82251066161 4.54052864232 0.277636059843 0.277750900588 3.76815616359 5.16985120991 0.199057191192 2.5191262131 2.33892117805 0.596171599205 0.234559432972 0.404387846136 0.178237041032 12.6321184887 0.140163805868 0.44749478054 0.553311716942 6.04556846249
-9999.0 -9999.0 -9999.0 -9999.0 -9999.0 -9999.0 -9999.0 -9999.0 -9999.0 -9999.0 -9999.0 0.680500453825 1.28152923851 11.2200744178 12.1975927347 0.47532695186 6.81236110522 0.367351608143 1.18899044941 2.82846854779 0.936332137888 0.441553929784 0.869496815292 0.306718157145 0.61833235611 0.339345176631 0.313967474556 0.288919175158 0.266318222553 0.203214250627 0.150988556426 0.175159885291 0.196425510156 0.244353846127 171.709754113 5.43493366069 5.07814239325 0.123564382806 0.772821098705 0.259599677118 0.271941736873 5.39645791261 8.5945582059 2.76871100185 2.09139414001 0.393990070271 0.144928484832 0.126262828558 0.259270764614 13.0338993825 13.3020372955 0.141718816996 0.151117296851 0.139199387338
-9999.0 -9999.0 -9999.0 -9999.0 -9999.0 -9999.0 -9999.0 -9999.0 -9999.0 -9999.0 -9999.0 -9999.0 0.551822412676 7.77098888976 20.5137887863 22.1247934018 29.3595624985 29.7913531692 6.25639190815 4.66099771282 1.38660434366 0.433211493683 1.71092831595 2.08955467963 3.05588815911 0.697967156051 0.642648383476 0.624850301337 1.21058416397 0.516335039239 0.445009745561 0.274747271027 0.210471979042 0.138614706924 171.898484341 177.544668988 177.704914872 0.118681117986 2.06489158727 1.04528138618 0.260955233969 9.36348634748 0.548615509695 0.286069005372 1.26317576045 0.253169974449 0.16138766169 0.297158942262 0.416241981804 0.552190730735 13.5210990378 0.103388175987 0.0917599741915 0.0920502098244
-9999.0 -9999.0 -9999.0 -9999.0 -9999.0 -9999.0 -9999.0 -9999.0 -9999.0 -9999.0 -9999.0 0.609194387626 5.96075045484 7.18916028646 1.11932660832 0.479992534005 0.958479156197 31.1789516 31.5499097751 38.241871808 0.372198813609 0.800756024508 0.337661649758 0.343182745319 3.38953157226 4.41992253929 5.36657787514 0.299848501171 1.50835208523 2.31647947396 1.25831572788 0.547136088311 0.434349651327 0.353598351911 0.314017426308 0.0974125071007 177.822358133 177.909132924 180.132810204 0.393829494652 0.216280578161 9.62299488114 0.636791563426 0.322798063415 0.360326352819 0.357232336203 0.297957898974 0.482202255611 1.34386547979 2.04184113296 15.6688732726 0.0767189025827 0.235025446765 0.161221939182
-9999.0 -9999.0 -9999.0 -9999.0 -9999.0 -9999.0 -9999.0 -9999.0 -9999.0 -9999.0 -9999.0 0.62702649798 4.20542628451 0.636486029004 0.540297846828 3.00527305999 3.47550397319 3.93188632107 4.34797135186 51.4082747317 51.8375283499 52.606130207 58.3546190852 59.3560657456 59.9159415314 60.2525393393 66.4241140769 67.3252475994 67.6450979564 70.3003810122 71.8714765397 72.1412004527 73.0908462911 0.60109212829 0.519188521489 0.0942482914994 0.0505024522625 177.998213368 180.730579851 0.525377660498 11.2588973791 11.0578731332 1.15914972346 0.270915265159 0.276467229924 0.2642310771 0.259694006226 0.519521229279 0.716156398338 0.177330578897 15.7696990885 15.8782130568 16.3671677262 16.4554766397
-9999.0 -9999.0 -9999.0 -9999.0 -9999.0 -9999.0 -9999.0 -9999.0 -9999.0 -9999.0 -9999.0 2.19707951734 2.89926518382 1.30468325927 1.89846907143 0.582610236403 6.55389269591 7.02507767737 7.96115251753 8.40202540386 3.0833926913 56.4251017324 56.8711051227 0.30358633669 0.218616167603 0.224534213063 0.466942912608 0.250579680484 0.224589323559 0.225271878355 0.207343049934 72.4153517799 73.348123885 74.2092817008 74.9421235174 75.2005157455 0.0907348572092 0.0260992703799 192.36412532 11.5656145964 11.4741194688 0.232314047507 0.196407945359 0.178913716019 0.466358897667 0.452957167757 0.210688441775 0.21222950078 0.191577036044 0.365990204822 0.466602888838 0.0717942332144 0.130948734048 0.0474011368516
-9999.0 -9999.0 -9999.0 -9999.0 -9999.0 -9999.0 -9999.0 -9999.0 -9999.0 -9999.0 -9999.0 -9999.0 1.49552405371 0.68810554658 0.604294892707 5.60473040012 6.09258703437 0.495746077829 1.8598573314 2.30903297433 2.6915743269 0.450575265067 0.268179445365 7.87468070877 8.08752441576 8.29408272282 21.4422885837 21.6222001907 22.0166245432 23.6485146505 24.7136361307 24.8844592315 0.206349953345 0.216650792847 0.16861756849 75.3523354949 0.0497658063601 194.03601111 193.939481247 1.51846832168 1.40522408321 0.861715878734 0.216831015592 0.353520503546 0.650129031977 0.638368361774 0.406697614833 0.202780122506 0.389735008967 0.39199174803 0.638650620818 0.145108434604 0.248990484011 0.390112427071
