data/baseflow/History/mHMbfrc529
ncols                  80
nrows                 72
xllcorner      4374000.0
yllcorner      5656000.0
cellsize            500
NODATA_value       -9999
[rows 24 to 47 of 72, columns 0 to 54 of 80]
-9999.0 -9999.0 -9999.0 -9999.0 -9999.0 -9999.0 -9999.0 -9999.0 -9999.0 -9999.0 -9999.0 -9999.0 1.48758416275 4.33013235493 5.721797026 9.94374480352 1.37017743435 2.7501806449 4.08383896575 15.1671228906 16.3771519888 17.4634339133 18.6646687584 19.8790757893 30.9550216467 34.5697784637 36.6747392026 0.93830577832 5.31661926779 6.19197714756 73.4486374881 77.645768834 79.4241349339 81.2130185962 82.8948507517 293.258183257 0.554880499314 574.65208218 1.54289114907 0.734840418476 5.89501336188 5.03298822988 0.877037704982 2.88948845103 4.09164086455 4.06910876196 2.91228978606 4.81560649527 7.62214119878 2.78248297641 7.06465608954 0.698472796014 1.09437076877 0.295298910066 0.218086386191
-9999.0 -9999.0 -9999.0 -9999.0 -9999.0 -9999.0 -9999.0 -9999.0 -9999.0 -9999.0 -9999.0 -9999.0 1.46478020322 2.90524806006 1.38848336634 2.79475807116 1.36729957817 9.80296355286 12.5020438302 13.8544558548 1.29899427199 2.52735746657 22.9138961271 28.7664286398 29.8369327623 2.39536445154 2.48596533865 3.65052884797 0.83718048504 0.80857364586 1.54733136784 0.688581697035 33.9484985398 34.7515495992 35.5210542629 293.871484082 580.368853709 575.470293648 1.22047582844 0.523689999801 0.484947906298 2.13759422249 1.6018677964 3.7076816973 4.97011188021 9.95882813526 0.91330967158 0.912768524745 8.45922942692 9.30977093374 17.8776810183 18.4280739637 19.806565148 20.3513297674 0.478020309753
-9999.0 -9999.0 -9999.0 -9999.0 -9999.0 -9999.0 -9999.0 -9999.0 -9999.0 -9999.0 -9999.0 -9999.0 -9999.0 1.43471075213 2.859060522 4.27169094441 7.03812221549 1.41280098696 1.3703609616 8.6274257938 9.93363816079 20.5441122509 21.7961340039 3.61089461957 1.28774730545 1.23621542343 1.19566243752 29.2208630453 30.1299923061 30.999269167 31.7627491232 33.195850451 7.51621449096 8.20813612387 44.6171053065 919.132169008 4.10266025762 3.43066124568 1.74612596583 0.444571948493 0.417954606824 3.08864388266 3.44977018969 4.65092701314 0.493286188232 10.5703214778 1.6323613012 1.61801104909 0.458254880515 0.317533059176 0.252854095692 0.217733344233 0.236103035131 20.5808844435 251.751996285
-9999.0 -9999.0 -9999.0 -9999.0 -9999.0 -9999.0 -9999.0 -9999.0 -9999.0 -9999.0 -9999.0 -9999.0 -9999.0 -9999.0 1.43134180807 2.54668853243 3.53148348709 4.53794772865 5.89672680143 7.27078126193 4.09038908021 6.77626984343 1.27249998093 1.27066486477 23.2250163125 25.7386950671 26.937183891 28.1780060764 1.02354984718 1.92724988868 4.91711256326 5.89865186253 6.7606881488 0.775805794812 0.513196850444 920.73545019 0.675131555794 1.02268262844 0.585367737691 1.80066224406 0.832262665986 0.48872870093 8.49540462682 8.78018483981 0.272603455927 10.8492967266 12.8770244298 2.1090015658 261.642825376 260.896987063 260.305112768 259.315120087 258.912131476 253.05368479 252.752415169
-9999.0 -9999.0 -9999.0 -9999.0 -9999.0 -9999.0 -9999.0 -9999.0 -9999.0 -9999.0 -9999.0 -9999.0 -9999.0 -9999.0 0.222946113996 0.521645766822 0.971474811342 8.0125540926 9.41323173118 1.39570182142 1.37612928755 1.35731959562 18.097144022 20.7153300505 1.28056724492 1.30068676686 1.20232407037 4.82987948644 6.01446041381 3.13088886433 4.01869824748 26.7428372114 27.7282280815 29.2581526099 47.1588933246 968.201860134 0.668811301305 0.485331681187 2.7309015443 2.27209330023 0.306256451487 1.12466941062 1.43907985095 9.11455293309 9.38626257379 22.9501670976 13.0358866947 2.34676909107 267.647654489 2.42256711891 259.803868883 259.569133656 5.48265087992 0.173616416434 0.766177226079
-9999.0 -9999.0 -9999.0 -9999.0 -9999.0 -9999.0 -9999.0 -9999.0 -9999.0 -9999.0 -9999.0 -9999.0 -9999.0 -9999.0 1.10405962759 1.81492717703 3.9455033034 6.7799710474 10.2598452425 12.7584444797 14.1209558782 15.4862401823 16.8103499763 1.30884249853 1.26981149727 2.5251968244 2.42188324927 1.21581018993 22.8911525944 24.0631459543 25.1686622291 26.2167398931 15.6921145775 16.6437407781 17.4258191147 968.461565549 1.07199139272 1.43633824262 4.44841877531 0.437618846484 0.58555422981 0.285907113448 0.298051852195 1.70912337829 0.234270602452 0.246903269962 291.842209555 268.710107031 268.481713086 0.937431446334 2.09425370327 1.38637925265 0.350017128936 5.12086071041 1.52281098383
-9999.0 -9999.0 -9999.0 -9999.0 -9999.0 -9999.0 -9999.0 -9999.0 -9999.0 -9999.0 -9999.0 -9999.0 -9999.0 -9999.0 0.768996476317 0.70456591769 1.37380575364 2.11854176697 1.28694539798 1.41809972622 2.80342307574 4.19713901361 6.87545041335 8.20583995823 9.47697361245 13.2876081063 14.4923665906 15.7245954637 1.18947183614 11.7190408213 12.7980394258 13.8216703211 0.911869503115 0.528554263132 0.888830446887 986.358201133 986.609216703 988.282851762 5.59175373576 0.849049727956 1.22218161392 0.372381992298 0.531904658145 1.94370397902 2.38609514383 0.45038092826 292.880539255 0.312269202726 0.519642300983 0.588794919015 0.400338295042 0.761843143846 0.310552367997 3.21851249783 2.56100267493
-9999.0 -9999.0 -9999.0 -9999.0 -9999.0 -9999.0 -9999.0 -9999.0 -9999.0 -9999.0 -9999.0 -9999.0 -9999.0 -9999.0 -9999.0 0.663134729871 1.31942666178 0.684102739031 1.45316317755 9.09679142039 10.331253439 11.7225909057 1.34015917702 1.33942689601 2.61811260353 3.90032028958 6.30374055087 7.5150891578 8.19730815702 9.36133142822 1.05436516676 1.02268238405 15.558763628 16.0569169249 16.4076240797 16.7376061674 13.4417431499 1003.02497424 1010.70352975 1010.99207136 1012.48085269 1013.99923544 1014.76493484 0.242927739254 2.59795070551 293.092394899 0.582502587545 0.297879539161 0.256218896062 0.22176574952 0.40146123667 0.424083438852 0.234707949965 0.332965050399 0.324288049939
-9999.0 -9999.0 -9999.0 -9999.0 -9999.0 -9999.0 -9999.0 -9999.0 -9999.0 -9999.0 -9999.0 -9999.0 -9999.0 -9999.0 -9999.0 -9999.0 1.96208439821 2.70750010817 4.89844219927 6.74839744235 1.05723404153 14.1739742398 15.5010736849 16.83317567 1.30002588424 2.58054569716 1.19771588043 8.66378910996 9.31911271236 10.3602472797 11.5049066609 14.3027686886 14.7188428508 0.265572225624 12.2032413019 12.8459944606 13.1320536003 14.479140704 1.82320105972 1.2024443176 0.789553234334 0.70989073566 1015.69859474 1016.07285446 1020.34707855 293.306754564 1.4675554067 0.677148356124 0.446768321262 0.161863402156 1.27843216218 0.68576557625 0.215430251505 1.16729704055 0.978159634886
-9999.0 -9999.0 -9999.0 -9999.0 -9999.0 -9999.0 -9999.0 -9999.0 -9999.0 -9999.0 -9999.0 -9999.0 -9999.0 -9999.0 -9999.0 -9999.0 0.733192664638 3.42264636976 4.19724704855 1.13097970117 1.39162858543 2.76437146422 4.07882665636 22.234061302 1.2936842757 5.18020880821 6.39098550703 7.57689518704 0.703757801435 1.69563977947 2.33331199475 9.82803315611 11.0539525233 11.3126118056 0.308405203194 0.336134980131 0.414867945786 0.746624230182 0.337899332616 0.371285184167 0.705565714626 0.518975650935 0.622909789072 1.45843157387 1020.67673297 1314.83922958 1.89888974201 0.417531588395 0.174297969749 3.9894413058 3.64283124656 2.14795058986 1.93172018534 1.45595914208 0.322655832519
-9999.0 -9999.0 -9999.0 -9999.0 -9999.0 -9999.0 -9999.0 -9999.0 -9999.0 -9999.0 -9999.0 -9999.0 -9999.0 -9999.0 -9999.0 0.591006525417 2.00679231483 0.67521548056 1.3409437419 1.43826715744 2.82598951818 4.19285121562 5.37500609868 28.4272864649 29.6919795428 1.28399287987 2.49171308332 3.70162044346 4.57906096567 5.60114426877 8.82283025533 9.48180648001 0.860637071616 0.633898754477 0.527141080585 0.444749717616 0.688186882036 0.647061859796 0.659282205788 0.721724119049 2.28576080613 0.911382348926 0.291440208238 0.278876091005 0.309589051323 0.594825058226 1327.84333072 10.8534761325 4.72218865565 0.270259899068 0.112696893976 0.124417936087 0.486862614752 0.355774618599 0.189628019694
-9999.0 -9999.0 -9999.0 -9999.0 -9999.0 -9999.0 -9999.0 -9999.0 -9999.0 -9999.0 -9999.0 -9999.0 -9999.0 -9999.0 0.615782980718 1.19945871885 4.46258602889 0.651390055483 2.43797342658 3.87392983336 5.27922594155 1.39722613294 2.71596880026 3.75339098728 34.2397971757 1.25648280331 2.43626800043 3.62259414988 1.13002243204 2.25102021027 3.1253546459 3.82922449949 71.7428351844 73.021068246 74.2991419429 79.1796435232 80.8163774129 84.2494036226 1.57504640829 3.21793882146 3.08330233214 95.9768352904 96.5783169776 0.265058929698 0.520378287308 0.766240641593 1327.9802498 10.1277794281 5.08959029047 4.9627791493 3.50566824152 2.92475329126 0.648305952612 0.146127482515 0.317866532726
-9999.0 -9999.0 -9999.0 -9999.0 -9999.0 -9999.0 -9999.0 -9999.0 -9999.0 -9999.0 -9999.0 -9999.0 -9999.0 -9999.0 0.623345352478 1.89477110992 6.9824659075 10.2388704899 0.578727136885 13.609707795 19.6645824512 1.36492100887 2.67330933974 3.79835951984 44.9778624024 45.8945643828 1.07759822773 5.78239987532 6.80927881066 7.76940129574 63.8460106915 66.056538875 67.1712874278 0.550915120963 3.26395410446 3.94958882428 1.55536686267 2.24541362283 87.3435112146 91.5096559004 92.0417627616 92.5462293179 97.2173598578 0.315094538295 0.27600878802 1.27024216953 1328.15353247 0.189487033465 0.451020844149 1.34805214315 0.481756477443 2.69967928601 1.9536727328 1.13052571757 0.839322334087
-9999.0 -9999.0 -9999.0 -9999.0 -9999.0 -9999.0 -9999.0 -9999.0 -9999.0 -9999.0 -9999.0 -9999.0 -9999.0 -9999.0 -9999.0 -9999.0 1.32871163966 2.6717997446 12.1681775228 12.8811380958 20.2850458776 21.0579209089 1.33775625285 2.67036824158 6.29858491726 46.5942137577 48.663338723 49.5850349579 0.760205816144 52.900951709 55.2126214451 1.39903410851 0.531382371345 1.06424255687 2.03923882359 0.475995243587 0.948296123361 2.11039387116 2.62468185129 0.466316912848 0.328083044146 0.657564245258 99.7007820288 100.749833807 100.994550254 102.83393487 1328.31412723 0.117847147244 0.361089271192 0.404683985537 0.390728905658 0.397460744125 0.345636880711 0.660871134875 0.0962404089752
-9999.0 -9999.0 -9999.0 -9999.0 -9999.0 -9999.0 -9999.0 -9999.0 -9999.0 -9999.0 -9999.0 -9999.0 -9999.0 -9999.0 -9999.0 -9999.0 0.693214193763 0.678147064334 0.682793391784 1.47642751857 0.646940678607 22.3348876238 23.0452781769 1.21956162502 2.47214640612 1.22403066387 1.03049023755 1.01082070755 51.4315444517 0.791177661815 1.5607018738 0.720754961808 0.577351756975 0.50058888096 0.39713330521 0.409086869714 1.21970461903 1.65549468747 0.324189433029 0.284928874392 0.598032198519 0.970257101533 1.28757417152 0.480921403698 101.308192144 103.076731116 1328.41420021 1.11431811347 0.889973776055 0.285062580617 0.631881272119 0.244629891277 0.190955209915 0.862977650902 0.517856016113
-9999.0 -9999.0 -9999.0 -9999.0 -9999.0 -9999.0 -9999.0 -9999.0 -9999.0 -9999.0 -9999.0 -9999.0 -9999.0 -9999.0 -9999.0 -9999.0 -9999.0 -9999.0 0.670243658426 2.09547672345 2.65292925696 3.27155936671 23.6491902356 24.2653655393 24.9347616369 25.8567496674 26.8525336058 28.8792348486 29.6445700799 30.4113824756 31.0613031753 0.55756616767 0.517400896702 0.517701449069 1.74796186426 0.442933915005 0.414723723619 0.347540117925 0.98987745441 0.35596959686 0.284420522997 0.268437085843 0.228193903216 0.455639722467 0.659341263878 104.416372843 1434.06696444 0.103452482774 0.254435168931 0.260422866883 0.886446290512 0.51296339379 0.383304696212 1.81609207185 0.869884996347
-9999.0 -9999.0 -9999.0 -9999.0 -9999.0 -9999.0 -9999.0 -9999.0 -9999.0 -9999.0 -9999.0 -9999.0 -9999.0 -9999.0 -9999.0 -9999.0 -9999.0 -9999.0 -9999.0 0.552693402844 4.40541397181 8.89055801859 9.56113721069 1.05245578419 2.25400544301 3.51041152795 4.6498419913 11.7218241397 12.3297770754 0.586092344061 0.557765445561 32.346634469 33.4203739875 33.8849063913 2.09518117978 0.303468638651 0.707648946234 1.04144972407 3.11962562517 3.79030729008 4.33012459029 0.505246215715 0.711069251804 0.234848424711 0.461187524847 0.233291171942 1434.45720424 0.104086961671 0.446395040025 0.401661092877 1.4189736092 2.52933025012 2.97355772345 4.84758601584 1.16139675062
-9999.0 -9999.0 -9999.0 -9999.0 -9999.0 -9999.0 -9999.0 -9999.0 -9999.0 -9999.0 -9999.0 -9999.0 -9999.0 -9999.0 -9999.0 -9999.0 -9999.0 -9999.0 0.620428606772 1.97489587618 3.86290999694 5.04473623816 13.1873779533 14.0570088068 2.54565101609 3.80327690946 4.9691274286 6.09641921486 13.0273001996 14.2494492028 25.7586095564 26.6576030288 27.3222086276 34.3267145374 37.4754923892 0.704302112694 0.435749663343 0.416695723454 0.789245873553 0.352263780205 4.99830784365 5.25324225685 0.947196422851 1.29247420689 0.46039732975 259.982444295 260.522671878 1695.19274665 1695.73239715 0.096742317428 1.61684172547 0.284385243117 0.269989971154 5.42761450624 6.72535807325
-9999.0 -9999.0 -9999.0 -9999.0 -9999.0 -9999.0 -9999.0 -9999.0 -9999.0 -9999.0 -9999.0 -9999.0 -9999.0 -9999.0 -9999.0 -9999.0 -9999.0 -9999.0 -9999.0 0.704953373647 0.685977662278 1.29659098257 3.06826661019 14.6556336291 1.28561491868 1.27482328961 2.41891589287 3.58643939277 8.95004297431 9.79803832907 0.622146514738 0.5800988826 27.9234252101 28.3509049496 66.3267887807 66.8373670801 0.256654222636 0.234177487109 0.19908317135 0.200493256805 0.213483096678 254.933671983 256.413538669 257.969799844 258.718268025 259.636032479 0.256803639906 0.971708098066 1.20652576743 1697.28027615 1697.32226945 1697.35985078 1697.58400098 1697.79950564 7.1974320126
-9999.0 -9999.0 -9999.0 -9999.0 -9999.0 -9999.0 -9999.0 -9999.0 -9999.0 -9999.0 -9999.0 -9999.0 -9999.0 -9999.0 -9999.0 -9999.0 -9999.0 -9999.0 -9999.0 -9999.0 0.628677367327 0.658609220421 1.21713174883 17.0313923865 17.7627004698 1.26730455355 2.40935750255 3.58483332921 4.54818304606 0.900573756303 1.68140937349 47.4141530742 47.9063663911 48.4438367723 52.1320499667 119.431730019 245.003332988 245.590665985 246.116170177 246.625834003 248.764828503 249.436879193 1.26128208294 0.57189555058 0.327518907001 0.622115113128 0.487858875137 0.759661942233 0.232975018668 5.68778212873 6.29703452351 6.72119621995 6.8544130576 1697.88147905 1705.42321721
-9999.0 -9999.0 -9999.0 -9999.0 -9999.0 -9999.0 -9999.0 -9999.0 -9999.0 -9999.0 -9999.0 -9999.0 -9999.0 -9999.0 -9999.0 -9999.0 -9999.0 -9999.0 -9999.0 -9999.0 -9999.0 0.638032913728 1.22030552675 1.80654032277 18.2720359259 0.914830810016 25.8399427789 27.0303705086 27.9752247203 28.8156696462 44.173385918 44.9848850913 0.494009453922 2.66910954621 3.25594577475 0.466347649554 124.989865185 124.150772143 0.27697982198 0.615284439365 1.6670253013 0.366199403393 0.385376431402 0.294379418936 0.259996846474 0.215090576808 0.238807593181 4.92962497607 5.16852129666 5.44653495026 0.423018947344 0.291165027046 6.97046506894 7.11925260493 7.22567730161
-9999.0 -9999.0 -9999.0 -9999.0 -9999.0 -9999.0 -9999.0 -9999.0 -9999.0 -9999.0 -9999.0 -9999.0 -9999.0 -9999.0 -9999.0 -9999.0 -9999.0 -9999.0 -9999.0 -9999.0 -9999.0 0.579327515856 0.540945139074 2.80825452949 22.2951137164 23.8245102776 24.7052951668 1.15236181496 13.2424019184 14.1269572172 14.5263131994 0.745195582979 1.31471368101 1.78857446144 29.8610605472 30.2367185603 30.5596477049 123.56121101 73.1927930024 0.328097188206 0.355512166759 0.345030394299 0.292755853251 3.03551272206 3.60929808579 4.12634498658 4.40523752876 4.67569781879 34.6037040803 34.8176565168 35.1641417526 35.8520949092 38.8328331096 38.9617098475 46.3174247051
-9999.0 -9999.0 -9999.0 -9999.0 -9999.0 -9999.0 -9999.0 -9999.0 -9999.0 -9999.0 -9999.0 -9999.0 -9999.0 -9999.0 -9999.0 -9999.0 -9999.0 -9999.0 -9999.0 -9999.0 -9999.0 -9999.0 1.12872730984 1.72693996011 0.69065388001 1.27912436907 9.07988975942 10.2625533578 11.1553040487 6.14325763585 6.93938062384 7.73651984451 8.28659346435 29.0413481115 29.5258684366 18.725893122 49.6791348935 50.0521787396 72.9084051836 0.736467898427 0.377883630079 0.292049631806 2.10646198596 2.46428305996 0.234844682121 0.219521775809 33.6662245672 34.1721813097 34.4129861375 0.275032513517 0.454186187753 38.2373043587 0.257070998803 0.95991010428 1.0728225849
-9999.0 -9999.0 -9999.0 -9999.0 -9999.0 -9999.0 -9999.0 -9999.0 -9999.0 -9999.0 -9999.0 -9999.0 -9999.0 -9999.0 -9999.0 -9999.0 -9999.0 -9999.0 -9999.0 -9999.0 -9999.0 -9999.0 0.56433718744 1.11713784753 4.87358675951 5.60694968146 6.62967150702 4.40284433628 5.34251454187 0.802669285911 18.8838360264 19.6076478334 20.2684106034 0.540267861135 17.8102960865 18.3085290399 0.389018743693 71.0154457314 0.801025974401 0.400246544386 1.13107236795 1.50992418649 0.309722941412 0.267187712777 31.0071062779 33.2034263726 33.4894132366 0.300289178025 0.70845914777 0.895123689215 1.13221470909 2.12423343373 0.357646909209 0.786694791029 0.152486943728
