data/baseflow/History/mHMbfrc426
ncols                  80
nrows                 72
xllcorner      4374000.0
yllcorner      5656000.0
cellsize            500
NODATA_value       -9999
[rows 0 to 23 of 72, columns 0 to 53 of 80]
-9999.0 -9999.0 -9999.0 -9999.0 -9999.0 -9999.0 -9999.0 -9999.0 -9999.0 -9999.0 -9999.0 -9999.0 0.729516421173 0.726257784329 -9999.0 -9999.0 -9999.0 -9999.0 -9999.0 -9999.0 -9999.0 -9999.0 -9999.0 -9999.0 -9999.0 -9999.0 -9999.0 -9999.0 -9999.0 -9999.0 -9999.0 -9999.0 -9999.0 -9999.0 -9999.0 -9999.0 -9999.0 -9999.0 -9999.0 -9999.0 -9999.0 -9999.0 -9999.0 -9999.0 -9999.0 -9999.0 -9999.0 -9999.0 -9999.0 -9999.0 -9999.0 -9999.0 -9999.0 -9999.0
-9999.0 -9999.0 -9999.0 -9999.0 -9999.0 -9999.0 -9999.0 -9999.0 -9999.0 -9999.0 -9999.0 -9999.0 1.41312946807 3.42395774987 0.607763927465 -9999.0 0.577874100193 -9999.0 -9999.0 -9999.0 -9999.0 -9999.0 -9999.0 -9999.0 -9999.0 -9999.0 -9999.0 -9999.0 -9999.0 -9999.0 -9999.0 -9999.0 -9999.0 -9999.0 -9999.0 -9999.0 -9999.0 -9999.0 -9999.0 -9999.0 -9999.0 -9999.0 -9999.0 -9999.0 -9999.0 -9999.0 -9999.0 -9999.0 -9999.0 -9999.0 -9999.0 -9999.0 -9999.0 -9999.0
-9999.0 -9999.0 -9999.0 -9999.0 -9999.0 -9999.0 -9999.0 -9999.0 -9999.0 -9999.0 0.634829907567 0.610074482875 0.643484038792 0.633904935797 4.59728960753 5.18935061202 1.6195222276 0.524360713816 -9999.0 -9999.0 -9999.0 -9999.0 -9999.0 -9999.0 -9999.0 -9999.0 -9999.0 -9999.0 -9999.0 -9999.0 -9999.0 -9999.0 -9999.0 -9999.0 -9999.0 -9999.0 -9999.0 -9999.0 -9999.0 -9999.0 -9999.0 -9999.0 -9999.0 -9999.0 -9999.0 -9999.0 -9999.0 -9999.0 -9999.0 -9999.0 -9999.0 -9999.0 -9999.0 -9999.0
-9999.0 -9999.0 -9999.0 -9999.0 -9999.0 -9999.0 -9999.0 -9999.0 -9999.0 0.614182150221 1.24889154915 2.47552195485 1.23381678075 0.596698365403 1.16222545351 5.74684367941 8.48310799365 0.55112446058 -9999.0 0.59924591869 -9999.0 -9999.0 -9999.0 -9999.0 1.09263164424 0.565730110444 -9999.0 -9999.0 -9999.0 -9999.0 -9999.0 -9999.0 -9999.0 -9999.0 -9999.0 -9999.0 -9999.0 -9999.0 -9999.0 -9999.0 -9999.0 -9999.0 -9999.0 -9999.0 -9999.0 -9999.0 -9999.0 -9999.0 -9999.0 -9999.0 -9999.0 -9999.0 -9999.0 -9999.0
-9999.0 -9999.0 -9999.0 -9999.0 -9999.0 -9999.0 -9999.0 -9999.0 0.712435874278 1.98331997488 2.56968653112 3.16564955384 4.27908891632 0.550136216622 2.22201061475 2.75146595986 12.3500751202 0.554669903237 0.510819219684 1.11923827673 1.61896552483 0.522393725066 -9999.0 2.72685110976 2.23485125404 0.586037017229 -9999.0 -9999.0 -9999.0 -9999.0 -9999.0 -9999.0 -9999.0 -9999.0 -9999.0 -9999.0 -9999.0 -9999.0 -9999.0 -9999.0 -9999.0 -9999.0 -9999.0 -9999.0 -9999.0 -9999.0 -9999.0 -9999.0 -9999.0 -9999.0 -9999.0 -9999.0 -9999.0 -9999.0
-9999.0 -9999.0 -9999.0 -9999.0 -9999.0 -9999.0 0.71075832714 0.640879943914 0.608100052969 0.621153459561 0.628537429514 4.43999433702 9.3160195977 9.90145230144 10.3398833525 0.396280934838 13.2950929549 13.8077234176 1.02795748841 0.512152306693 2.10830831691 3.64048182148 0.557576928463 4.41150741328 0.549771203363 0.571192431237 0.563798133518 -9999.0 -9999.0 -9999.0 -9999.0 -9999.0 -9999.0 -9999.0 -9999.0 -9999.0 -9999.0 -9999.0 -9999.0 -9999.0 -9999.0 -9999.0 -9999.0 -9999.0 -9999.0 -9999.0 -9999.0 -9999.0 -9999.0 -9999.0 -9999.0 -9999.0 -9999.0 -9999.0
-9999.0 -9999.0 -9999.0 -9999.0 -9999.0 -9999.0 1.41596000918 2.08106936808 4.66669609599 6.46575753416 0.55132992928 0.574345156817 0.545360094664 1.59324413908 12.4159854301 0.423427260484 14.2993905976 16.2175289509 1.51045944234 0.971804878985 4.10214495159 0.500586177307 4.89821071434 1.00945495998 0.509307569393 1.06342488948 1.11182733685 0.540805768421 0.545581808905 0.530716023797 0.563078142632 1.12688620425 -9999.0 -9999.0 -9999.0 -9999.0 -9999.0 -9999.0 -9999.0 -9999.0 -9999.0 -9999.0 -9999.0 -9999.0 -9999.0 -9999.0 -9999.0 -9999.0 -9999.0 -9999.0 -9999.0 -9999.0 -9999.0 -9999.0
-9999.0 -9999.0 -9999.0 -9999.0 -9999.0 0.774023045627 1.49049627093 0.707035424855 1.36595790788 7.13612474365 8.31936600518 9.49158006356 30.7600115146 0.527305979051 12.9403719024 47.8920619943 48.2601802062 65.1246963463 0.404839452891 1.43583325452 4.56718907376 0.460829064636 10.5567828002 5.18588331709 3.21303361376 2.70180270965 0.54284970183 1.60228042895 1.58663162686 1.05652011391 0.507788240543 1.65175297112 0.49902292578 0.490846740021 -9999.0 -9999.0 -9999.0 -9999.0 -9999.0 -9999.0 -9999.0 -9999.0 -9999.0 -9999.0 -9999.0 -9999.0 -9999.0 -9999.0 -9999.0 -9999.0 -9999.0 -9999.0 -9999.0 -9999.0
-9999.0 -9999.0 -9999.0 -9999.0 -9999.0 0.777584225568 2.25218158316 4.47332970518 5.14366748942 10.1814744505 10.8039096089 12.7638873344 20.7376068043 32.4186663384 33.5269351536 34.0440683144 0.894702745981 66.7495135444 67.5874776157 69.9485795044 86.9629366308 11.9732459041 11.0470812229 3.69727980943 0.472552624317 3.0815353634 2.09316714511 0.467368997869 2.05559807421 0.453183287362 0.943567552315 2.60674876664 3.08488351998 0.961577888117 0.467305494388 0.458877315814 -9999.0 -9999.0 -9999.0 -9999.0 0.489801178442 0.448880159952 -9999.0 -9999.0 -9999.0 -9999.0 -9999.0 -9999.0 -9999.0 -9999.0 -9999.0 -9999.0 -9999.0 -9999.0
-9999.0 -9999.0 -9999.0 -9999.0 -9999.0 0.748224224885 0.71003476854 2.99471759317 3.67959671304 4.38952124248 0.667619212109 1.31978751891 7.56072187985 1.35643109219 0.610179983947 0.551979478136 0.486708946958 0.555113206128 0.526519506314 0.532028164317 87.463088111 88.845492806 0.451143682703 1.38409381549 0.939435919251 3.54730124305 0.945976602343 0.457828041525 2.53721570345 0.879300337896 2.12072008995 5.36222276394 4.97771023761 1.42130450701 1.37622559387 0.472336580632 0.465297107853 -9999.0 -9999.0 0.465296740587 1.01041306702 2.393466301 0.469297438725 -9999.0 -9999.0 -9999.0 -9999.0 -9999.0 -9999.0 -9999.0 -9999.0 -9999.0 -9999.0 -9999.0
-9999.0 -9999.0 -9999.0 -9999.0 -9999.0 -9999.0 0.783083096706 0.795092953275 1.48532062003 2.19699973694 4.93255269741 6.28591282944 6.96724376273 0.740982556555 0.542666475587 7.34349270756 8.96584929247 9.47158805492 11.5814850189 12.0648719751 0.476047774706 89.3251876825 91.5399508452 1.75160577785 0.22169723077 3.92683091128 8.72869736669 3.43652205494 0.852543515049 0.425724032453 8.30817433134 5.79666427143 0.416393682812 0.425647874789 1.81066001083 1.37437387237 0.437589969661 0.431598791722 0.446937244885 0.901861858104 0.427241592705 2.8976758044 3.31332475664 0.396549916554 -9999.0 -9999.0 -9999.0 -9999.0 0.455100905073 0.427679955663 0.121470421878 -9999.0 -9999.0 -9999.0
-9999.0 -9999.0 -9999.0 -9999.0 -9999.0 -9999.0 -9999.0 0.761268762818 0.643818057723 1.38011173233 2.08955978222 0.68159890866 0.612267132783 3.8744266709 5.06374100381 6.27613935244 0.560436321114 1.0926408789 0.537441465137 12.5610684636 28.0035078699 28.4970462837 120.999172094 0.449176062981 0.679683644558 0.208909407342 9.16185633745 0.427740065333 1.28754509101 0.420021438367 8.72273582426 9.13625703166 0.83807082272 0.837374114369 4.50771261316 2.25518446074 0.886929144507 0.451905580756 0.891560026814 1.33962668817 2.17081298671 0.403439517979 4.07914042936 4.425764189 0.306540851972 0.331358558804 0.346187794267 0.308875942693 0.291289880138 1.23135651602 0.462461491691 0.289471032691 -9999.0 -9999.0
-9999.0 -9999.0 -9999.0 -9999.0 -9999.0 -9999.0 -9999.0 -9999.0 1.39825808785 1.99185505791 0.675621612201 1.38014135511 2.02326885483 3.31040226995 0.650713739454 0.617967221241 0.525998927983 0.533180705822 0.484848840721 14.4423291861 0.540371641233 1.05316614107 122.576582219 123.634026796 0.439009861822 1.56343890232 11.1258430665 0.835779097484 1.66789107736 0.782871294856 1.16297701484 10.7308573987 1.21717818323 6.5133756805 5.3007423852 0.403842407952 2.16215902794 0.868523187316 1.29520284939 0.405393135813 2.57616571973 3.34491586507 3.64150730499 3.92064969078 5.57508763038 0.581329443198 0.613596502791 0.553570811709 0.515532679005 1.5179626333 0.307987323939 1.06732749161 1.34705866937 -9999.0
-9999.0 -9999.0 -9999.0 -9999.0 -9999.0 -9999.0 -9999.0 -9999.0 0.740499485778 3.45111750545 4.10724090059 0.656146419984 1.27688204765 0.619522324998 0.569224521836 0.558742681472 7.0491757165 9.38813473318 11.6185301823 13.9082432498 0.572486950438 0.524478193134 0.528522067862 126.060817676 127.248521775 127.704338255 14.9329538925 3.33607489761 2.90672064367 0.378439736879 1.52056034875 12.6211109248 0.361572125753 6.88367782524 0.393903752441 2.77763940125 2.58641579136 0.409743593533 1.69657236488 0.803966837712 1.19265724236 0.356736602062 0.271564200303 4.195792677 4.44362481419 5.82215676787 0.878715559845 0.804142522878 0.758756247135 1.84338944536 2.46661559813 0.310744223261 1.64381638071 0.318186492756
-9999.0 -9999.0 -9999.0 -9999.0 -9999.0 -9999.0 -9999.0 -9999.0 -9999.0 0.759558467729 4.79980396603 5.4400437865 1.90002532252 3.13963255639 4.28427479324 4.86202584221 0.589704215938 1.8065829077 1.18254805397 0.600746351063 0.581601307629 0.522983403986 1.0339162031 1.78453953366 0.64266969425 143.802259413 144.254397194 0.405480463855 0.333585686377 0.755828092312 1.12493843573 13.7065636064 0.71969411154 7.21995195608 4.21394378533 3.48214137787 0.387528026018 0.788251863735 2.06204800975 0.364099538358 1.5450625334 0.710371314528 0.443076434788 0.171651096583 5.02384329773 11.0480136288 1.05964279236 0.990726299032 1.01197214253 0.261171488742 2.72561599199 0.252608547876 2.21081150086 0.277375188361
-9999.0 -9999.0 -9999.0 -9999.0 -9999.0 -9999.0 -9999.0 -9999.0 -9999.0 -9999.0 0.649233231297 6.74752868042 0.619018739715 1.23798874399 1.79269394655 2.90398883636 0.575772708714 1.2061607771 0.585884810791 0.55673077886 0.520120904772 1.03688946078 0.464428334944 0.501266658345 1.00541309808 0.59103594872 144.77469237 145.632066536 146.851343436 1.48330060342 0.364988146387 0.7270376732 14.0759801647 13.210576491 4.97149160715 0.372335242378 1.54766971191 1.16616625842 2.42863152423 0.728678637372 2.96573530403 1.06134191585 0.714218982367 0.089509380513 0.183791504979 11.3190759998 11.5566685874 13.8098909317 1.82750805671 0.538208577544 3.00588162109 3.53198398061 5.99038704489 0.546862131481
-9999.0 -9999.0 -9999.0 -9999.0 -9999.0 -9999.0 -9999.0 -9999.0 -9999.0 -9999.0 -9999.0 0.325961639707 7.42104270247 0.589172068684 1.13605965019 5.16487596815 0.590846024489 0.58581170936 0.517541598278 1.08526129299 0.518457896608 2.07518885277 3.01663144681 3.45846523332 1.41741750668 1.80704905894 0.431511499539 0.528246318617 0.500770120033 149.228686605 150.306445652 14.3992412101 13.8494923175 13.535719974 0.672559267461 0.329008967055 1.89292740333 5.01320139629 2.77580365157 1.07318290389 4.36979449617 1.36155097225 1.04951718347 0.17386209622 0.0718682551359 0.0790817972163 0.105620330117 14.3835846277 16.9472515151 0.258767176625 0.240959347621 0.264404271295 6.24709084633 7.03328612044
-9999.0 -9999.0 -9999.0 -9999.0 -9999.0 -9999.0 -9999.0 -9999.0 -9999.0 -9999.0 -9999.0 0.302271690632 8.14671941532 10.0044755515 0.554875187544 6.28137434851 0.547041569807 0.519928162138 1.01754271412 2.61206499617 0.4964392788 0.520896013037 0.455029493464 4.37554815707 4.80249238396 7.06990407488 7.88731065033 8.27875355859 8.66899025162 9.11995309888 159.85902748 174.89464745 189.345675546 189.649691049 0.30775604384 0.330599297428 5.70564954394 5.36246317946 0.340491395691 0.334705751803 4.68391679217 6.37379151006 0.262638831793 2.51440642924 2.33300281844 0.415683744925 0.219823800383 0.377418405384 0.259347704029 17.3824591999 0.218923438979 0.702426252906 0.87036123837 8.40005371764
-9999.0 -9999.0 -9999.0 -9999.0 -9999.0 -9999.0 -9999.0 -9999.0 -9999.0 -9999.0 -9999.0 0.679463241058 1.29513793308 10.6035628376 11.6649263753 0.541599892373 7.398639624 0.469251834604 1.43226191067 3.07716781044 0.960819493954 0.462540163147 0.964517656708 0.420172670893 0.80272686949 0.38466882486 0.335945703028 0.238265242533 0.191408359687 0.167393839115 0.155328928497 0.246437357494 0.337476587291 0.421368144798 190.701926304 6.74764394831 6.18749976347 0.230257020977 0.974230908069 0.24387405838 0.208791005492 6.68009318046 10.096698332 2.84472474766 2.172727037 0.245108835316 0.100697055149 0.0866402411711 0.279869373586 17.8878973543 18.3028712687 0.217559925321 0.221177926008 0.176700950852
-9999.0 -9999.0 -9999.0 -9999.0 -9999.0 -9999.0 -9999.0 -9999.0 -9999.0 -9999.0 -9999.0 -9999.0 0.569301051769 7.93116379153 20.1504252705 21.8359707997 29.7701705125 30.3320799546 6.93972345387 4.98278882159 1.43264220879 0.456676978285 1.86229108302 2.30160511923 3.49487107385 0.785311629973 0.711036947417 0.618956727855 1.17659734356 0.528357531195 0.489527792008 0.242619091731 0.0963027592575 0.136473752612 191.031542054 198.054043959 198.343428564 0.227381611579 2.5467053974 1.10525845461 0.331603763586 11.1028252382 0.708749640866 0.367023031828 1.48911134598 0.279896290226 0.23103321617 0.425015550189 0.605415292541 0.811631540889 18.651187473 0.162919317521 0.140017911877 0.140051316989
-9999.0 -9999.0 -9999.0 -9999.0 -9999.0 -9999.0 -9999.0 -9999.0 -9999.0 -9999.0 -9999.0 0.632249030483 6.06184202207 7.34548985316 1.1584130338 0.336938732388 0.760888190814 31.5917169291 32.0998718212 39.5660805158 0.418626106038 0.871350701542 0.386897783243 0.393625038599 3.87711834144 5.04391711381 6.1146248782 0.351478171755 1.52437443302 2.39376978303 1.38251009535 0.570349623652 0.340450195153 0.257542969825 0.258040333054 0.152402935154 198.578699951 198.765433382 201.679290358 0.562536863 0.296253644289 11.4164018297 0.760388033816 0.391271922649 0.420064500459 0.415447471669 0.374279726301 0.618638796947 1.78041593331 2.81377445511 21.6336276452 0.122873859559 0.367026375436 0.247871220771
-9999.0 -9999.0 -9999.0 -9999.0 -9999.0 -9999.0 -9999.0 -9999.0 -9999.0 -9999.0 -9999.0 0.649278420656 4.24482822471 0.66057495268 0.564490578922 2.97532447328 3.46693798255 3.97053708376 4.43328979665 53.4377572532 53.8241164196 54.6367235222 60.6805044177 61.7963050052 62.3823725547 62.7771104789 69.4990127667 70.2882704226 70.6324547187 73.3821604349 75.1307360592 75.4622506986 76.3294430957 0.564810065757 0.417147447858 0.0714537882273 0.0876339704446 198.970672426 202.657202908 0.807960672721 13.4453382001 13.1589111946 1.42514149583 0.340471437177 0.341703908393 0.33000615372 0.328857821356 0.661481292054 0.94064916091 0.26567659218 21.7942209073 21.9649948111 22.7236944249 22.8605745018
-9999.0 -9999.0 -9999.0 -9999.0 -9999.0 -9999.0 -9999.0 -9999.0 -9999.0 -9999.0 -9999.0 2.20815776853 2.91127706079 1.33503605564 1.95763637276 0.612596322499 7.02056958478 7.55805875786 8.61041390092 8.96956087051 3.40874365613 58.6688951959 59.0181001078 0.316612246799 0.194047285414 0.141375934429 0.353748816457 0.160604495767 0.0961648703607 0.0882891294958 0.124083515446 75.6810478713 76.581588464 77.4824642225 78.194520739 78.5456821381 0.133189769413 0.0529479016891 216.746179385 13.9221815868 13.7459594834 0.313600494114 0.292882771062 0.267208450041 0.613003464724 0.602950702752 0.2750923688 0.276900993675 0.260721359747 0.523209451751 0.688240838409 0.1190762983 0.217355459095 0.0805209716184
-9999.0 -9999.0 -9999.0 -9999.0 -9999.0 -9999.0 -9999.0 -9999.0 -9999.0 -9999.0 -9999.0 -9999.0 1.49687109608 0.689396156345 0.617830821137 5.94948910319 6.51331931963 0.561457122958 2.18634880219 2.66392420453 3.05611744437 0.443327671055 0.336254865985 8.59677505472 8.86841069028 9.11171575479 23.6490857579 23.7950150937 23.9813461079 25.4772562007 26.0335366646 26.1123841923 0.0775891999313 0.0826153098709 0.113181148945 78.8206053769 0.10472280489 219.121868434 218.947997184 2.05219572996 1.8417133704 1.18232313642 0.293537490851 0.536421716339 0.887702637013 0.877148018098 0.538700749308 0.265718545915 0.521246589454 0.520666680914 0.919018194514 0.155797333875 0.351701382553 0.569287801092
