data/baseflow/History/mHMbfrc251
ncols                  80
nrows                 72
xllcorner      4374000.0
yllcorner      5656000.0
cellsize            500
NODATA_value       -9999
[rows 0 to 23 of 72, columns 0 to 53 of 80]
-9999.0 -9999.0 -9999.0 -9999.0 -9999.0 -9999.0 -9999.0 -9999.0 -9999.0 -9999.0 -9999.0 -9999.0 0.515750564457 0.661079457324 -9999.0 -9999.0 -9999.0 -9999.0 -9999.0 -9999.0 -9999.0 -9999.0 -9999.0 -9999.0 -9999.0 -9999.0 -9999.0 -9999.0 -9999.0 -9999.0 -9999.0 -9999.0 -9999.0 -9999.0 -9999.0 -9999.0 -9999.0 -9999.0 -9999.0 -9999.0 -9999.0 -9999.0 -9999.0 -9999.0 -9999.0 -9999.0 -9999.0 -9999.0 -9999.0 -9999.0 -9999.0 -9999.0 -9999.0 -9999.0
-9999.0 -9999.0 -9999.0 -9999.0 -9999.0 -9999.0 -9999.0 -9999.0 -9999.0 -9999.0 -9999.0 -9999.0 0.977472191398 2.7255727126 0.563051699748 -9999.0 0.526911720287 -9999.0 -9999.0 -9999.0 -9999.0 -9999.0 -9999.0 -9999.0 -9999.0 -9999.0 -9999.0 -9999.0 -9999.0 -9999.0 -9999.0 -9999.0 -9999.0 -9999.0 -9999.0 -9999.0 -9999.0 -9999.0 -9999.0 -9999.0 -9999.0 -9999.0 -9999.0 -9999.0 -9999.0 -9999.0 -9999.0 -9999.0 -9999.0 -9999.0 -9999.0 -9999.0 -9999.0 -9999.0
-9999.0 -9999.0 -9999.0 -9999.0 -9999.0 -9999.0 -9999.0 -9999.0 -9999.0 -9999.0 0.426958991627 0.391305874704 0.422430775478 0.421967671354 3.48194564737 3.97476961045 1.46702232715 0.468844612959 -9999.0 -9999.0 -9999.0 -9999.0 -9999.0 -9999.0 -9999.0 -9999.0 -9999.0 -9999.0 -9999.0 -9999.0 -9999.0 -9999.0 -9999.0 -9999.0 -9999.0 -9999.0 -9999.0 -9999.0 -9999.0 -9999.0 -9999.0 -9999.0 -9999.0 -9999.0 -9999.0 -9999.0 -9999.0 -9999.0 -9999.0 -9999.0 -9999.0 -9999.0 -9999.0 -9999.0
-9999.0 -9999.0 -9999.0 -9999.0 -9999.0 -9999.0 -9999.0 -9999.0 -9999.0 0.391322969994 0.823764797408 1.63154248822 0.80137495111 0.383845301409 0.757418480265 4.31893211577 6.83341758443 0.517475085467 -9999.0 0.394799831377 -9999.0 -9999.0 -9999.0 -9999.0 1.02156836776 0.523210226875 -9999.0 -9999.0 -9999.0 -9999.0 -9999.0 -9999.0 -9999.0 -9999.0 -9999.0 -9999.0 -9999.0 -9999.0 -9999.0 -9999.0 -9999.0 -9999.0 -9999.0 -9999.0 -9999.0 -9999.0 -9999.0 -9999.0 -9999.0 -9999.0 -9999.0 -9999.0 -9999.0 -9999.0
-9999.0 -9999.0 -9999.0 -9999.0 -9999.0 -9999.0 -9999.0 -9999.0 0.485569009864 1.31038950128 1.68375180969 2.06756009421 2.81051435228 0.358545662478 1.44268702893 1.77921548917 9.46523258583 0.358028351695 0.273801495956 0.721680665716 1.03563455936 0.332473583828 -9999.0 2.59974009481 2.12840158812 0.566723644826 -9999.0 -9999.0 -9999.0 -9999.0 -9999.0 -9999.0 -9999.0 -9999.0 -9999.0 -9999.0 -9999.0 -9999.0 -9999.0 -9999.0 -9999.0 -9999.0 -9999.0 -9999.0 -9999.0 -9999.0 -9999.0 -9999.0 -9999.0 -9999.0 -9999.0 -9999.0 -9999.0 -9999.0
-9999.0 -9999.0 -9999.0 -9999.0 -9999.0 -9999.0 0.477723099156 0.403104923641 0.387001421916 0.399846913366 0.412070000047 2.91321361861 6.12671952507 6.51715525071 6.79833333523 0.267741038666 10.0707187829 10.3601000704 0.595693523727 0.324242888977 1.34217475458 2.31160366571 0.348399314206 3.69019026361 0.307213480488 0.346038179386 0.317272518927 -9999.0 -9999.0 -9999.0 -9999.0 -9999.0 -9999.0 -9999.0 -9999.0 -9999.0 -9999.0 -9999.0 -9999.0 -9999.0 -9999.0 -9999.0 -9999.0 -9999.0 -9999.0 -9999.0 -9999.0 -9999.0 -9999.0 -9999.0 -9999.0 -9999.0 -9999.0 -9999.0
-9999.0 -9999.0 -9999.0 -9999.0 -9999.0 -9999.0 0.973925801414 1.42024692227 3.14796198231 4.29595868315 0.345385745091 0.380510825718 0.356278652939 1.0151316553 8.10350743139 0.257132305734 10.6505073269 11.8380973836 0.890312988362 0.601511642967 2.59314899531 0.312669979929 3.99146406123 0.560009650202 0.275889692821 0.610194116311 0.626166975919 0.329942532736 0.352870189637 0.33871273364 0.374733430963 0.748019162682 -9999.0 -9999.0 -9999.0 -9999.0 -9999.0 -9999.0 -9999.0 -9999.0 -9999.0 -9999.0 -9999.0 -9999.0 -9999.0 -9999.0 -9999.0 -9999.0 -9999.0 -9999.0 -9999.0 -9999.0 -9999.0 -9999.0
-9999.0 -9999.0 -9999.0 -9999.0 -9999.0 0.572210452304 1.08339850098 0.508232856425 0.956283757558 4.75549672841 5.52435265117 6.29781497806 21.9004539581 0.338777725952 8.42734766443 33.2623273084 33.5405266289 45.9010206113 0.297693093077 0.88014369705 2.87634148435 0.279486460701 7.2479529514 2.96563011145 1.81051395307 1.52848266794 0.302515819449 0.980448760039 1.01746063887 0.675816567537 0.325626331202 1.08667528014 0.320798583864 0.313282668329 -9999.0 -9999.0 -9999.0 -9999.0 -9999.0 -9999.0 -9999.0 -9999.0 -9999.0 -9999.0 -9999.0 -9999.0 -9999.0 -9999.0 -9999.0 -9999.0 -9999.0 -9999.0 -9999.0 -9999.0
-9999.0 -9999.0 -9999.0 -9999.0 -9999.0 0.586075548848 1.68009682889 3.30713632952 3.79136873534 7.50215041555 7.93808725204 9.33657517518 15.2731051253 23.1702350835 23.9267312133 24.267995409 0.574878166628 46.9979997332 47.5915367842 49.0842860166 60.3512756129 8.11456481102 7.55314676104 2.10901106281 0.288674558947 1.80197935705 1.24662841687 0.251397350977 1.30162868963 0.288842271611 0.608805784336 1.69457194182 2.0001082724 0.611891581812 0.291138726044 0.293631688072 -9999.0 -9999.0 -9999.0 -9999.0 0.509318514685 0.456264010211 -9999.0 -9999.0 -9999.0 -9999.0 -9999.0 -9999.0 -9999.0 -9999.0 -9999.0 -9999.0 -9999.0 -9999.0
-9999.0 -9999.0 -9999.0 -9999.0 -9999.0 0.553731552772 0.517068329674 2.2229365559 2.72423806672 3.24964977932 0.480073616229 0.943875552719 5.5537883931 0.957415312666 0.419941667166 0.347712179225 0.29319350584 0.347153356579 0.325557231618 0.341421562852 60.6506848361 61.4872763871 0.272084229587 0.840261202503 0.574069006821 2.06242713787 0.510587716636 0.243768346844 1.58494026485 0.57041713798 1.43592930784 3.46833960531 3.18843218734 0.887205070039 0.853494710619 0.305904536497 0.307719859661 -9999.0 -9999.0 0.31372418321 1.01028322472 2.41945807379 0.480236551722 -9999.0 -9999.0 -9999.0 -9999.0 -9999.0 -9999.0 -9999.0 -9999.0 -9999.0 -9999.0 -9999.0
-9999.0 -9999.0 -9999.0 -9999.0 -9999.0 -9999.0 0.604571394923 0.60193273539 1.10283499645 1.63252187196 3.6695232214 4.6562581222 5.14583809547 0.505665149713 0.343921663915 4.94739410486 5.96824866182 6.27321677515 7.62055567776 7.91525652289 0.290088943584 61.7819073417 63.1245035338 1.06114781008 0.161439795119 2.27749813033 5.07244143826 2.06313725973 0.495388982306 0.256512862458 5.42143299312 3.73726301956 0.243589214996 0.249378621237 1.11230637094 0.894633020891 0.267763264805 0.255371146106 0.301530423356 0.607029468535 0.294393934181 2.94074113521 3.21283700791 0.255189207398 -9999.0 -9999.0 -9999.0 -9999.0 0.314263217011 0.294798743344 0.138020993918 -9999.0 -9999.0 -9999.0
-9999.0 -9999.0 -9999.0 -9999.0 -9999.0 -9999.0 -9999.0 0.5549247195 0.481098086493 1.04434001762 1.57579453271 0.495844176129 0.402839770883 2.70427803515 3.47460005568 4.27803410629 0.361629801184 0.714951589541 0.351243408362 8.2278632427 18.7364848808 19.2056279344 83.0098318613 0.267142341398 0.458321581089 0.139438091883 5.3024063561 0.240523784698 0.755951384773 0.24561813715 5.66141541821 5.90393310597 0.492247250338 0.496764055891 2.84498098075 1.44764828797 0.531469524441 0.27410191836 0.600394116698 0.90087555389 1.45788280549 0.25631193939 3.72184469675 3.97652310903 0.241206707341 0.255767762655 0.272305519256 0.24854447779 0.24352517673 0.862331140127 0.384480136587 0.229275726876 -9999.0 -9999.0
-9999.0 -9999.0 -9999.0 -9999.0 -9999.0 -9999.0 -9999.0 -9999.0 1.05117477074 1.48846079704 0.493840243867 1.0223818727 1.46947670758 2.34877431361 0.4436829539 0.420688432379 0.338431406183 0.34178244787 0.295966357685 9.87792987062 0.35297381696 0.678096488221 84.1972069596 84.9476849305 0.24289000713 0.941769006349 6.46726046052 0.480210566477 0.968764641719 0.439853563337 0.651700236655 6.82611759056 0.712210509774 4.03918478991 3.33055500207 0.252091864489 1.34327090839 0.5469598672 0.869403446158 0.265319113732 1.71187467728 2.21002279067 2.43919824687 2.6576472559 4.89737248239 0.464050008444 0.496531305688 0.458229680337 0.445964097313 1.08206876034 0.224649076508 0.842043815196 1.0518991037 -9999.0
-9999.0 -9999.0 -9999.0 -9999.0 -9999.0 -9999.0 -9999.0 -9999.0 0.569171248701 2.61273116731 3.08592607093 0.471898161817 0.905770199893 0.4319130324 0.376216026732 0.369089157419 4.72706023813 6.17664944295 7.70792561252 9.37590014232 0.395639189986 0.336610001433 0.297615556449 86.5976079989 87.5406553414 87.8459692324 8.64058159198 1.90836888351 1.66493926287 0.199483729175 0.848796975181 7.87915151567 0.204265240041 4.24776404826 0.248500465672 1.79587159851 1.62210765371 0.267456159523 1.13728500112 0.530789887097 0.796881911251 0.23503082482 0.208926847743 2.87362325804 3.08059936902 5.10387346368 0.719282716386 0.671644992187 0.658361010628 1.31194156592 1.76545525571 0.225965051811 1.27290188456 0.245222017759
-9999.0 -9999.0 -9999.0 -9999.0 -9999.0 -9999.0 -9999.0 -9999.0 -9999.0 0.603920756511 3.60903313533 4.06785379973 1.34339483267 2.19533426846 2.94408039215 3.31916933243 0.385070816275 1.11793568001 0.734827468253 0.396940283544 0.370319555026 0.315051317575 0.604063503135 1.00600152002 0.383535973357 97.2221896032 97.4709879474 0.233755711786 0.185812915891 0.411365739105 0.616175660404 8.48495603186 0.405470920459 4.43384225596 2.71804247168 2.26736946503 0.250581840478 0.510628697772 1.37785205188 0.240010166309 1.03549651719 0.460824242568 0.314615771674 0.100842654445 3.49069273804 8.77251767781 0.889257600591 0.844803960472 0.852440360257 0.193271278273 1.96239104145 0.192750624017 1.69408813233 0.219717980197
-9999.0 -9999.0 -9999.0 -9999.0 -9999.0 -9999.0 -9999.0 -9999.0 -9999.0 -9999.0 0.459032007056 4.99004541853 0.431248099622 0.847014331683 1.19904989596 1.86712714245 0.335114257487 0.7163268163 0.340750640625 0.307532667049 0.283504279901 0.559000776421 0.243587500404 0.262768449627 0.528330525348 0.311670727711 97.810183712 98.3342864092 99.0367140196 0.822256382611 0.213537061464 0.425629003924 8.70966869956 8.20497644724 3.18871692691 0.23255335698 0.999841345859 0.753553918333 1.61919975696 0.479757148824 1.9731571151 0.693004529169 0.494793083872 0.0642709259811 0.117096035961 8.9811384282 9.1869596896 11.1039056073 1.45364585579 0.397258129131 2.17433228566 2.57338183906 4.45870344298 0.426366518071
-9999.0 -9999.0 -9999.0 -9999.0 -9999.0 -9999.0 -9999.0 -9999.0 -9999.0 -9999.0 -9999.0 0.37099506104 5.69100049389 0.388877962533 0.735552838372 3.26037252813 0.332119715753 0.325703704727 0.276609169761 0.611560337746 0.315533110475 1.17497792789 1.66501053778 1.88696585422 0.734779411096 0.94449309498 0.240593814432 0.278843900375 0.310127186049 100.402649217 101.03773989 8.88989296875 8.57250010091 8.39103124356 0.386374782281 0.188080744155 1.21905686767 3.28465504766 1.84691078599 0.704934317375 2.89681679612 0.926633301687 0.721824329319 0.127325390647 0.0624673020783 0.0510926757069 0.0673308621368 11.5507095511 13.6049747212 0.191493644794 0.183935526 0.197152968656 4.66315725637 5.27892010017
-9999.0 -9999.0 -9999.0 -9999.0 -9999.0 -9999.0 -9999.0 -9999.0 -9999.0 -9999.0 -9999.0 0.338717606037 6.4034193927 7.71235493342 0.356899492308 3.95355459151 0.29744891348 0.279969102675 0.586584169273 1.51710533468 0.302948939132 0.32450056598 0.240942077526 2.36220643496 2.58649319169 3.77689842568 4.2007717414 4.38938571886 4.61581855932 4.83650930363 106.166916103 115.444675315 124.418162388 124.684256371 0.195447921463 0.198063536791 3.7248202798 3.50663915491 0.223060313459 0.220469464222 3.114645711 4.25889435328 0.168177811785 1.83441679516 1.72753675648 0.359750976941 0.167074203994 0.292761210871 0.22195086348 14.0012540123 0.199714073411 0.550344579921 0.719739244723 6.42348079785
-9999.0 -9999.0 -9999.0 -9999.0 -9999.0 -9999.0 -9999.0 -9999.0 -9999.0 -9999.0 -9999.0 0.511513915982 0.942349701514 8.12513609735 8.79033095795 0.325321188291 4.71784783101 0.246826303201 0.77442493648 1.78582496853 0.579694621149 0.274987148148 0.552095746309 0.208487275691 0.407091459037 0.213010525516 0.176603354682 0.121549956566 0.0953182479262 0.0710318702314 0.0588233378869 0.0942743249782 0.154306626225 0.252029703625 125.390636535 4.48717130474 4.11177496491 0.18340618354 0.639704024953 0.177858628944 0.174574130129 4.46065701565 6.90316144899 2.06257336474 1.5935546493 0.232136515923 0.0925420476894 0.0792861762381 0.240096258562 14.4426434007 14.8368434912 0.204345760775 0.211891678281 0.128581550028
-9999.0 -9999.0 -9999.0 -9999.0 -9999.0 -9999.0 -9999.0 -9999.0 -9999.0 -9999.0 -9999.0 -9999.0 0.386924030031 5.85708691608 15.0214327242 16.1276272048 21.1692354028 21.6290704614 4.13841824818 2.93430269339 0.860675768044 0.269878374255 1.07672794807 1.3152021715 1.94036602406 0.437653170526 0.382035099449 0.331235764086 0.629366930144 0.27001822307 0.243480809589 0.12696344817 0.0693649901627 0.0596592166714 125.603290707 130.242111608 130.504435808 0.188653245336 1.81216690496 0.788956297708 0.225871966778 7.59415847927 0.495084595913 0.257533128335 1.05946012831 0.184960101959 0.157842098935 0.307862398763 0.471700667806 0.662848340671 15.1818574062 0.16509666964 0.152360159005 0.151632442813
-9999.0 -9999.0 -9999.0 -9999.0 -9999.0 -9999.0 -9999.0 -9999.0 -9999.0 -9999.0 -9999.0 0.461622631723 4.53259639271 5.44381096915 0.773280788044 0.340356951616 0.651813588532 22.5732407388 22.9200891949 27.4992547573 0.241656402303 0.508561000973 0.216758508848 0.220524052715 2.15279095289 2.80219765744 3.37644412878 0.188176579143 0.816390116582 1.26963620518 0.732216469233 0.309740812222 0.197053254644 0.135531244108 0.14923373002 0.0702617725288 130.720207382 130.899958824 133.030278823 0.371387099925 0.197098300884 7.92999751541 0.536809257818 0.273499489119 0.303993502893 0.300719536609 0.271636261863 0.437864989854 1.32691323049 2.18732373506 17.5348628168 0.13322599821 0.407586191432 0.27698446616
-9999.0 -9999.0 -9999.0 -9999.0 -9999.0 -9999.0 -9999.0 -9999.0 -9999.0 -9999.0 -9999.0 0.477762676846 3.24873674781 0.475640956283 0.371768913014 2.17739867622 2.48955152503 2.79382567738 3.07211440896 36.7615448856 37.0241505556 37.5149256452 41.1111411193 41.72998167 42.0479736412 42.2671184707 46.0096639189 46.472841192 46.6659707569 48.1286595695 49.0714933401 49.2552303858 49.7494453517 0.312886058384 0.239504435207 0.0373480701636 0.0378862513967 131.061084042 133.750325488 0.552779127898 9.48269917203 9.27150324121 0.986476673049 0.230596442008 0.238655413907 0.229652575159 0.235868768128 0.475082264486 0.690769037065 0.214950115979 17.6973509817 17.8677903114 18.7077052522 18.8576957573
-9999.0 -9999.0 -9999.0 -9999.0 -9999.0 -9999.0 -9999.0 -9999.0 -9999.0 -9999.0 -9999.0 1.72062921881 2.25804971367 0.983856546034 1.41142443445 0.417304707395 4.73885670807 5.05443283734 5.67760165152 5.90893428972 1.97077689887 39.9189021251 40.160642557 0.169083683761 0.0992436127944 0.0872957741755 0.195095207418 0.0914164868983 0.0670480877173 0.0635877743251 0.0707029256512 49.3763628147 49.889817875 50.4273744179 50.8697061308 51.0473014335 0.060579414773 0.0236291858433 143.76345527 9.85465253996 9.70459000744 0.211369006348 0.194983254698 0.181018419245 0.424477864167 0.417067051715 0.195094714908 0.196488661299 0.192394492389 0.404444071514 0.557568320949 0.127622062664 0.23912527558 0.0773176586856
-9999.0 -9999.0 -9999.0 -9999.0 -9999.0 -9999.0 -9999.0 -9999.0 -9999.0 -9999.0 -9999.0 -9999.0 1.16190280884 0.524440051238 0.436450113384 4.10364973079 4.43618561485 0.335315329296 1.25327279092 1.5381160344 1.74571323131 0.266091675851 0.172745255221 5.25858746681 5.39151688515 5.50764954294 14.5330765455 14.6047730263 14.7278649603 15.6329447049 15.9997017308 16.0512905925 0.0651314503109 0.0699065869073 0.0692537534952 51.2966937697 0.0709256595449 145.45065824 145.265616034 1.3836926265 1.2216838217 0.794117298937 0.196218184582 0.362316915815 0.613819981461 0.606686118777 0.379813270195 0.188149409112 0.3763067272 0.386570847426 0.736630976235 0.109533708495 0.334161917783 0.553478276626
