data/baseflow/History/mHMbfrc593
ncols                  80
nrows                 72
xllcorner      4374000.0
yllcorner      5656000.0
cellsize            500
NODATA_value       -9999
[rows 24 to 47 of 72, columns 0 to 53 of 80]
-9999.0 -9999.0 -9999.0 -9999.0 -9999.0 -9999.0 -9999.0 -9999.0 -9999.0 -9999.0 -9999.0 -9999.0 0.982841548535 2.77640275718 3.64030944618 6.22933527328 0.763508384211 1.54456530576 2.26977550374 8.88496340922 9.49127730177 9.94782338132 10.4933339154 11.0271792589 17.119948599 18.6662428377 19.5289565894 0.330437615481 2.06521714788 2.35963603431 36.3502947047 37.5553312309 38.1445686526 38.7474731563 39.2321737952 147.684070489 0.300117370412 293.505914307 0.375560615241 0.18168641323 2.36950627826 2.06830677584 0.310876986597 1.08484951541 1.62248038996 1.59078543854 1.11394000238 1.82514614448 2.88722511713 1.08650815641 2.66594740717 0.236905815764 0.33853435712 0.0688625389156
-9999.0 -9999.0 -9999.0 -9999.0 -9999.0 -9999.0 -9999.0 -9999.0 -9999.0 -9999.0 -9999.0 -9999.0 0.932518351158 1.85584372535 0.865641770561 1.73453794229 0.77384509795 5.94512013363 7.42833063378 8.17712497027 0.6835467931 1.31824717687 13.091000267 16.1529119841 16.6434192446 1.04902949042 1.11268487182 1.55659501542 0.257919501969 0.234402016597 0.440139413279 0.20572415931 19.9905090236 20.2501178403 20.4993930701 148.009926051 295.284369135 293.682064297 0.27890589229 0.138450219129 0.124558385441 0.603924463142 0.490307003324 1.34347406928 1.93381464817 3.87682374573 0.350114325121 0.347493162491 3.18708782562 3.49871971849 6.69695613436 6.85103920699 7.26191744771 7.39124205431
-9999.0 -9999.0 -9999.0 -9999.0 -9999.0 -9999.0 -9999.0 -9999.0 -9999.0 -9999.0 -9999.0 -9999.0 -9999.0 0.912044330877 1.81287539301 2.71408706275 4.32877959231 0.843538831102 0.767254386515 5.33486516713 6.03506514331 11.8928408274 12.5851303501 1.94869865086 0.633143018123 0.54706340365 0.466129602475 18.4964666144 18.8113500771 19.0979051297 19.3266088394 19.7577059781 2.9915323244 3.17060549127 23.853931198 467.297188645 1.2182037197 0.93694809195 0.436470741354 0.125166877115 0.106766083014 0.844800186696 0.926344861684 1.55010277038 0.106029926174 4.02698197373 0.578335809266 0.565919899285 0.104077972113 0.0669381092746 0.0587341278325 0.0605341006966 0.0608808947646 7.4526076722
-9999.0 -9999.0 -9999.0 -9999.0 -9999.0 -9999.0 -9999.0 -9999.0 -9999.0 -9999.0 -9999.0 -9999.0 -9999.0 -9999.0 0.871659006287 1.64310341099 2.33858503556 3.04057009088 3.80534519408 4.58883973457 2.29923756614 3.81699910292 0.691353008199 0.668784796606 15.668115824 16.9364412901 17.5098293326 18.1000129814 0.391665573938 0.701808615455 1.99676395451 2.37178475019 2.70295853694 0.228362901964 0.14630524373 467.931031957 0.248578079514 0.347782120303 0.207467165092 0.55874224964 0.246970899252 0.156199454298 2.5901199356 2.68522627891 0.0713424314882 4.10685283013 4.7887169217 0.702740132762 100.766322915 100.554841913 100.39937674 100.106924386 99.9882307499 98.1272719811
-9999.0 -9999.0 -9999.0 -9999.0 -9999.0 -9999.0 -9999.0 -9999.0 -9999.0 -9999.0 -9999.0 -9999.0 -9999.0 -9999.0 0.202417230021 0.451617274961 0.710915973442 6.91908530269 7.72426110857 0.812361537517 0.776228117669 0.77098080678 12.9503435571 14.4020549259 0.687178394223 0.692117505262 0.570351976083 2.38974719373 2.96951241111 1.27740863882 1.66613053075 13.9181107906 14.3426389201 14.9626015776 23.6204199675 491.753583479 0.292428102071 0.173419239259 0.886168247157 0.701750888824 0.0965074909713 0.358934865806 0.459452093123 2.79127686647 2.87807216107 7.85387777425 4.82990033424 0.763652155327 102.590871164 0.685966725804 100.270137949 100.192882754 1.746895099 0.0610920435448
-9999.0 -9999.0 -9999.0 -9999.0 -9999.0 -9999.0 -9999.0 -9999.0 -9999.0 -9999.0 -9999.0 -9999.0 -9999.0 -9999.0 1.01921346884 1.67831138938 3.46156412639 6.1269714126 8.38522605636 9.98276337358 10.7508736369 11.5281579201 12.2677702583 0.716148398322 0.643512507623 1.26693385311 1.18301003218 0.622204851338 12.1236485999 12.6917196397 13.209089299 13.6971432677 7.66751666224 8.04112901824 8.4694299358 491.92770957 0.503286740682 0.594429333148 1.60266999397 0.149297251469 0.208220458573 0.110482347955 0.0935101336174 0.553848769683 0.0699630577982 0.0742443548496 110.852304228 102.937186303 102.856897701 0.28206310709 0.622536349116 0.402020036413 0.0910425377785 1.59654896562
-9999.0 -9999.0 -9999.0 -9999.0 -9999.0 -9999.0 -9999.0 -9999.0 -9999.0 -9999.0 -9999.0 -9999.0 -9999.0 -9999.0 0.710710704846 0.687620286992 1.3573945522 2.02954397325 0.831563549643 0.879634973724 1.69809594934 2.50510047351 4.01531954358 4.76003384879 5.41152632516 7.3510927973 7.95331007122 8.6072175054 0.595347353837 5.98382962064 6.4823548764 6.92990991734 0.349530199276 0.185859109987 0.333016472798 500.6025357 500.767048685 501.606425502 2.04923981673 0.322382384649 0.425401673117 0.152096565717 0.168231100401 0.632116277582 0.766915571598 0.134631039384 111.184315947 0.100922937731 0.147156202525 0.1617493001 0.121464348936 0.23671395958 0.0993239033506 1.07707241089
-9999.0 -9999.0 -9999.0 -9999.0 -9999.0 -9999.0 -9999.0 -9999.0 -9999.0 -9999.0 -9999.0 -9999.0 -9999.0 -9999.0 -9999.0 0.668260080094 1.31113254589 0.623607318753 1.28688227701 7.94695713302 8.68141285509 9.46388800185 0.753991512951 0.751161723133 1.40279732154 2.07552434824 3.26794592925 3.88466961005 4.25328728598 4.81510743949 0.473108312734 0.432059474609 7.61924746731 7.8195871479 7.98900220935 8.1611579894 6.652448196 508.95371544 512.015169865 512.158556259 512.698043594 513.284254063 513.531798747 0.0635650568003 0.829754985174 111.247440676 0.130489207235 0.0669317918008 0.0797299072359 0.0824192624229 0.142782219081 0.136391735434 0.0800290796953 0.122443804334
-9999.0 -9999.0 -9999.0 -9999.0 -9999.0 -9999.0 -9999.0 -9999.0 -9999.0 -9999.0 -9999.0 -9999.0 -9999.0 -9999.0 -9999.0 -9999.0 1.94635528198 2.596086876 4.5389170513 5.98175272117 0.75344672645 11.0676995618 11.8162068914 12.5328039489 0.687750197586 1.35633621547 0.592203565845 4.50460708769 4.83121021518 5.36294460275 5.92225707624 7.17187784139 7.34419899858 0.117956657663 5.99572054528 6.32965698874 6.49470178316 7.17460437057 0.848447505704 0.522503926279 0.303652191354 0.273898236331 513.909773796 514.010972073 515.241861572 111.304238075 0.389093546447 0.21141354825 0.139572486119 0.0481062528741 0.43160312507 0.228043095328 0.0716120376128 0.401229374497
-9999.0 -9999.0 -9999.0 -9999.0 -9999.0 -9999.0 -9999.0 -9999.0 -9999.0 -9999.0 -9999.0 -9999.0 -9999.0 -9999.0 -9999.0 -9999.0 0.666788085734 3.24954838279 3.92755716153 0.793200300499 0.819148325571 1.65198520207 2.41244348869 15.6755879135 0.686195634544 2.74966780403 3.3617317193 3.96038665306 0.366166201171 0.848841189566 1.11371119014 4.85043361987 5.3768913031 5.53258070326 0.179178761217 0.159671765371 0.187171948505 0.350564124918 0.162327256532 0.168914232344 0.161515397287 0.188071861334 0.0949612533519 0.32664368676 515.354204357 626.910908237 0.611788738703 0.142675335857 0.0642074112034 1.36140059952 1.25584476245 0.749548468286 0.673609402283 0.504991421031
-9999.0 -9999.0 -9999.0 -9999.0 -9999.0 -9999.0 -9999.0 -9999.0 -9999.0 -9999.0 -9999.0 -9999.0 -9999.0 -9999.0 -9999.0 0.59377498975 1.86647813465 0.60872519068 0.881785398469 0.908708805894 1.7487200326 2.57673966786 3.292013079 19.5602261742 20.233592838 0.68953179878 1.31087456297 1.93890810921 2.36658700531 2.86195201768 4.31450187773 4.67259952593 0.326853053559 0.2659408013 0.131437045998 0.119053070762 0.252974533225 0.246115375518 0.27456003222 0.315165733721 0.711507869038 0.285701404599 0.0956808541699 0.0934078060818 0.0826072555393 0.154035819036 631.573494988 3.93311264087 1.67997749346 0.177488037453 0.0875876584849 0.053962165391 0.18361132492 0.124428986014
-9999.0 -9999.0 -9999.0 -9999.0 -9999.0 -9999.0 -9999.0 -9999.0 -9999.0 -9999.0 -9999.0 -9999.0 -9999.0 -9999.0 0.622675194497 1.20552596284 4.25040053406 0.573977616161 1.6162999952 2.50904342876 3.3416638064 0.84776699909 1.59377232296 2.26131161692 23.0434703451 0.659297661779 1.24907277853 1.85773323148 0.564537935642 1.11817168658 1.44048205107 1.78877345791 41.8160882043 42.3749348835 42.8623648495 44.7832779886 45.2540482522 46.4589937245 0.572606414238 1.18461967956 0.891070163944 50.3525734619 50.5261719528 0.0851608575569 0.144703262818 0.20181168708 631.661238396 3.70832035576 1.61611153584 1.49543898265 1.26239979354 1.13176265318 0.241839262402 0.0585765621598
-9999.0 -9999.0 -9999.0 -9999.0 -9999.0 -9999.0 -9999.0 -9999.0 -9999.0 -9999.0 -9999.0 -9999.0 -9999.0 -9999.0 0.634059702062 1.91642676239 6.79500203751 10.0327591978 0.520522824823 13.0476974981 16.9919448907 0.813890361636 1.56229667355 2.26414806092 29.4704803436 30.0212823837 0.482534245645 2.83508574204 3.30115415255 3.76249694124 38.382001854 39.2937551381 39.7587872705 0.218255411648 1.32966647382 1.56357444636 0.556839525727 0.772032845161 47.5683801055 49.0726468429 49.2295919856 49.3762157893 50.6904142827 0.0793001359247 0.0692782650264 0.327150990337 631.765233988 0.275147053124 0.059620533436 0.139835756023 0.0464491172733 0.996934978099 0.845119770642 0.509031625174
-9999.0 -9999.0 -9999.0 -9999.0 -9999.0 -9999.0 -9999.0 -9999.0 -9999.0 -9999.0 -9999.0 -9999.0 -9999.0 -9999.0 -9999.0 -9999.0 1.32756749615 2.66072639655 11.8505604567 12.4863207505 17.5561693264 18.1628550756 0.78592920075 1.56990564379 3.66024844882 30.4995902119 31.4906555418 31.8736565793 0.300994190792 33.3035378524 34.2558896997 0.571444331696 0.221476824084 0.43705691004 0.837053005687 0.194560748006 0.374307298604 0.802197414594 0.976589363304 0.182069733724 0.119862876675 0.231230890757 51.727618576 52.0688825137 52.1295514146 52.637312854 631.856804335 0.22691211008 0.0461966126576 0.0331837432546 0.0321626338519 0.0331367873175 0.028844818843 0.0535158417926
-9999.0 -9999.0 -9999.0 -9999.0 -9999.0 -9999.0 -9999.0 -9999.0 -9999.0 -9999.0 -9999.0 -9999.0 -9999.0 -9999.0 -9999.0 -9999.0 0.68864632506 0.673888899798 0.652214091753 1.27638712823 0.552541054257 19.2676265408 19.8256626782 0.725335619596 1.43782618441 0.633292510001 0.482863995696 0.466630767393 32.7015063682 0.319703208651 0.639380340766 0.313786620574 0.242214194759 0.206284545796 0.153840419159 0.16060535215 0.482927203535 0.661818027534 0.123450971048 0.108720751527 0.234838033799 0.39285856356 0.539977707381 0.175042047384 52.2416230126 52.700526107 631.933044036 0.478898803401 0.144741263575 0.020118251813 0.0487889607231 0.0169925835616 0.0139831970197 0.068825645786
-9999.0 -9999.0 -9999.0 -9999.0 -9999.0 -9999.0 -9999.0 -9999.0 -9999.0 -9999.0 -9999.0 -9999.0 -9999.0 -9999.0 -9999.0 -9999.0 -9999.0 -9999.0 0.664844471658 1.8819950755 2.40969365913 2.9504783434 20.3577291198 20.9014228475 21.4338802923 22.0073721879 22.4629351709 23.4128513334 23.7220513945 24.0205499925 24.2684795362 0.222343775487 0.199853236639 0.206324931 0.690575684985 0.180348824472 0.166522908456 0.129116876905 0.370063372274 0.146194060915 0.110922526359 0.10269883198 0.0863138598262 0.172271132048 0.251242428449 53.2224881137 685.710998437 0.103551629976 0.174074887882 0.0171171306705 0.0797678475745 0.0604867716728 0.0281684839942 0.596033375745
-9999.0 -9999.0 -9999.0 -9999.0 -9999.0 -9999.0 -9999.0 -9999.0 -9999.0 -9999.0 -9999.0 -9999.0 -9999.0 -9999.0 -9999.0 -9999.0 -9999.0 -9999.0 -9999.0 0.560371389118 4.40812541419 8.55208140417 9.10292462604 0.739737751649 1.46041900973 2.18398443874 2.76963416805 6.65435161921 6.91083503197 0.245990056034 0.231899615378 24.8531119399 25.2988258197 25.4819515804 0.818724291442 0.110516136809 0.267269054812 0.394778751341 1.18640024776 1.46127091628 1.67432728133 0.195291182852 0.273131984063 0.0924939250728 0.190881799408 0.0952771698171 685.89862621 0.0818414162585 0.34268619943 0.0832459455039 0.212079091235 0.793532298926 0.866050980076 1.51148751636
-9999.0 -9999.0 -9999.0 -9999.0 -9999.0 -9999.0 -9999.0 -9999.0 -9999.0 -9999.0 -9999.0 -9999.0 -9999.0 -9999.0 -9999.0 -9999.0 -9999.0 -9999.0 0.619875428198 1.97206485223 3.86055700183 5.04370296394 12.7168414209 13.3696815718 1.5010611853 2.22890542528 2.85561842229 3.42807324478 7.20210157597 7.71624202012 13.7568764011 14.2212852871 14.5171206739 25.6543362864 26.8720752143 0.267031797603 0.17251444704 0.163154608199 0.307542414577 0.140107657837 1.94872475801 2.05063809192 0.373854521308 0.533842478665 0.190539737646 159.212265974 159.433822393 845.450482413 845.925550755 0.0984112800293 0.416093180476 0.272500823637 0.167574713798 1.83105292236
-9999.0 -9999.0 -9999.0 -9999.0 -9999.0 -9999.0 -9999.0 -9999.0 -9999.0 -9999.0 -9999.0 -9999.0 -9999.0 -9999.0 -9999.0 -9999.0 -9999.0 -9999.0 -9999.0 0.70429656062 0.682688980257 1.29262250459 3.06725496212 13.9403830531 0.769814380297 0.761102681858 1.37732543304 2.01160310312 4.86154518964 5.27699565796 0.292103084251 0.294476081716 14.7757852835 14.9672043161 42.1098189721 42.3242670918 0.0917871882583 0.0806302356319 0.0655911559126 0.0662223432196 0.0753735227172 157.068089416 157.696159442 158.329590952 158.651275584 159.061052599 0.110852560797 0.409438104286 0.482396286413 846.59951146 846.675899219 846.73632706 846.864783477 847.018925656
-9999.0 -9999.0 -9999.0 -9999.0 -9999.0 -9999.0 -9999.0 -9999.0 -9999.0 -9999.0 -9999.0 -9999.0 -9999.0 -9999.0 -9999.0 -9999.0 -9999.0 -9999.0 -9999.0 -9999.0 0.628040379788 0.656170968261 1.21704749306 16.3199034912 16.8964534173 0.750677213835 1.36698294157 2.01133507682 2.48138533489 0.417826948425 0.800743772167 37.3119286451 37.5315406752 37.8239283455 39.4035386677 81.8823928234 153.113371809 153.346057373 153.54973379 153.746271944 154.623977135 154.912540384 0.537770056783 0.240134601319 0.145024955758 0.2719148003 0.204486978297 0.323594511898 0.100948390235 2.32452865227 2.71764799419 3.01211803936 3.04866844822 847.082892284
-9999.0 -9999.0 -9999.0 -9999.0 -9999.0 -9999.0 -9999.0 -9999.0 -9999.0 -9999.0 -9999.0 -9999.0 -9999.0 -9999.0 -9999.0 -9999.0 -9999.0 -9999.0 -9999.0 -9999.0 -9999.0 0.639995017166 1.22473776287 1.81282992577 17.3930756659 0.591823822462 23.7025160032 24.3661496379 24.799617854 25.2189859285 35.7235897436 36.1367233362 0.208304519146 1.21134117756 1.42062192439 0.204216096862 71.0044447741 70.6330212673 0.110628271733 0.255370733602 0.696515927922 0.155981901886 0.166712266615 0.12273107343 0.105438477412 0.0828709733461 0.0977671645132 1.99944637712 2.1030260718 2.23955795907 0.320765789965 0.228694679293 3.1553503446 3.2052123092
-9999.0 -9999.0 -9999.0 -9999.0 -9999.0 -9999.0 -9999.0 -9999.0 -9999.0 -9999.0 -9999.0 -9999.0 -9999.0 -9999.0 -9999.0 -9999.0 -9999.0 -9999.0 -9999.0 -9999.0 -9999.0 0.585789931688 0.547968748144 2.83854405732 21.3558244233 22.5049569053 23.085522657 0.618959594361 9.51742756674 9.91238648249 10.0966565903 0.378528084185 0.626662872758 0.827786713099 16.5860660881 16.7477016927 16.8821370303 70.3889665167 43.0804411275 0.141158014136 0.150165317144 0.143708741994 0.112841606149 1.20981801293 1.44968648443 1.66054272693 1.77945441105 1.8938117862 15.8501873244 15.9678768437 16.1432128377 16.4900058102 17.5986587299 17.6380643751
-9999.0 -9999.0 -9999.0 -9999.0 -9999.0 -9999.0 -9999.0 -9999.0 -9999.0 -9999.0 -9999.0 -9999.0 -9999.0 -9999.0 -9999.0 -9999.0 -9999.0 -9999.0 -9999.0 -9999.0 -9999.0 -9999.0 1.14481470884 1.74368916788 0.596271500502 0.772953618763 7.37365484839 8.00672277023 8.44390046607 3.41344654125 3.77014130188 4.14800512548 4.39567196431 16.2216810765 16.4513611086 9.95131152533 27.0104133129 27.1743997415 42.9652078505 0.309594174773 0.156781063901 0.109210911254 0.843133808039 0.987480596642 0.0894907652748 0.0838105437488 15.4490431009 15.6617299281 15.768179693 0.149702781139 0.238210449559 17.4365595173 0.0652519254418 0.28943904856
-9999.0 -9999.0 -9999.0 -9999.0 -9999.0 -9999.0 -9999.0 -9999.0 -9999.0 -9999.0 -9999.0 -9999.0 -9999.0 -9999.0 -9999.0 -9999.0 -9999.0 -9999.0 -9999.0 -9999.0 -9999.0 -9999.0 0.57298891965 1.13325005215 4.67380632782 5.28240290695 5.92870438653 2.578169006 3.05848823936 0.369037795766 10.9792708733 11.3028281644 11.6017340953 0.250275802907 9.52612214964 9.76452878846 0.170008915838 42.1528775184 0.352409093491 0.174786702105 0.461426128663 0.61878421137 0.117871170892 0.0964405807405 14.3762831257 15.2537313642 15.3798714023 0.128474779886 0.288991650788 0.3632971772 0.45885627648 0.833893485229 0.108347888973 0.239134645387
