data/baseflow/History/mHMbfrc428
ncols                  80
nrows                 72
xllcorner      4374000.0
yllcorner      5656000.0
cellsize            500
NODATA_value       -9999
[rows 0 to 23 of 72, columns 0 to 53 of 80]
-9999.0 -9999.0 -9999.0 -9999.0 -9999.0 -9999.0 -9999.0 -9999.0 -9999.0 -9999.0 -9999.0 -9999.0 0.465894042965 0.592882729438 -9999.0 -9999.0 -9999.0 -9999.0 -9999.0 -9999.0 -9999.0 -9999.0 -9999.0 -9999.0 -9999.0 -9999.0 -9999.0 -9999.0 -9999.0 -9999.0 -9999.0 -9999.0 -9999.0 -9999.0 -9999.0 -9999.0 -9999.0 -9999.0 -9999.0 -9999.0 -9999.0 -9999.0 -9999.0 -9999.0 -9999.0 -9999.0 -9999.0 -9999.0 -9999.0 -9999.0 -9999.0 -9999.0 -9999.0 -9999.0
-9999.0 -9999.0 -9999.0 -9999.0 -9999.0 -9999.0 -9999.0 -9999.0 -9999.0 -9999.0 -9999.0 -9999.0 0.874339190716 2.43519585674 0.494749256781 -9999.0 0.522097097263 -9999.0 -9999.0 -9999.0 -9999.0 -9999.0 -9999.0 -9999.0 -9999.0 -9999.0 -9999.0 -9999.0 -9999.0 -9999.0 -9999.0 -9999.0 -9999.0 -9999.0 -9999.0 -9999.0 -9999.0 -9999.0 -9999.0 -9999.0 -9999.0 -9999.0 -9999.0 -9999.0 -9999.0 -9999.0 -9999.0 -9999.0 -9999.0 -9999.0 -9999.0 -9999.0 -9999.0 -9999.0
-9999.0 -9999.0 -9999.0 -9999.0 -9999.0 -9999.0 -9999.0 -9999.0 -9999.0 -9999.0 0.361965889635 0.346783541142 0.375225207991 0.372096075453 3.11145367878 3.54890526345 1.45536620091 0.47296650658 -9999.0 -9999.0 -9999.0 -9999.0 -9999.0 -9999.0 -9999.0 -9999.0 -9999.0 -9999.0 -9999.0 -9999.0 -9999.0 -9999.0 -9999.0 -9999.0 -9999.0 -9999.0 -9999.0 -9999.0 -9999.0 -9999.0 -9999.0 -9999.0 -9999.0 -9999.0 -9999.0 -9999.0 -9999.0 -9999.0 -9999.0 -9999.0 -9999.0 -9999.0 -9999.0 -9999.0
-9999.0 -9999.0 -9999.0 -9999.0 -9999.0 -9999.0 -9999.0 -9999.0 -9999.0 0.345817676463 0.710852023057 1.40885798813 0.712426766476 0.341711277553 0.663967099726 3.86396973362 6.26111315694 0.477965059979 -9999.0 0.351768359159 -9999.0 -9999.0 -9999.0 -9999.0 0.980520801044 0.512168476533 -9999.0 -9999.0 -9999.0 -9999.0 -9999.0 -9999.0 -9999.0 -9999.0 -9999.0 -9999.0 -9999.0 -9999.0 -9999.0 -9999.0 -9999.0 -9999.0 -9999.0 -9999.0 -9999.0 -9999.0 -9999.0 -9999.0 -9999.0 -9999.0 -9999.0 -9999.0 -9999.0 -9999.0
-9999.0 -9999.0 -9999.0 -9999.0 -9999.0 -9999.0 -9999.0 -9999.0 0.423278586779 1.14860281967 1.47960323465 1.81645757157 2.44341024641 0.307180837996 1.25074142981 1.54509506925 8.58602139359 0.349124226086 0.282301858726 0.644697802933 0.928070533605 0.300091093749 -9999.0 2.37873676565 1.95232196019 0.493770497437 -9999.0 -9999.0 -9999.0 -9999.0 -9999.0 -9999.0 -9999.0 -9999.0 -9999.0 -9999.0 -9999.0 -9999.0 -9999.0 -9999.0 -9999.0 -9999.0 -9999.0 -9999.0 -9999.0 -9999.0 -9999.0 -9999.0 -9999.0 -9999.0 -9999.0 -9999.0 -9999.0 -9999.0
-9999.0 -9999.0 -9999.0 -9999.0 -9999.0 -9999.0 0.412328029506 0.362553031419 0.342356875826 0.352383503931 0.362734552015 2.55568911386 5.34187870048 5.67503005656 5.89846660352 0.194108065137 9.10824912102 9.3935845557 0.574157448985 0.289114565895 1.20441695797 2.08114004067 0.343508295408 3.44279119377 0.319629899315 0.351194497205 0.331984513934 -9999.0 -9999.0 -9999.0 -9999.0 -9999.0 -9999.0 -9999.0 -9999.0 -9999.0 -9999.0 -9999.0 -9999.0 -9999.0 -9999.0 -9999.0 -9999.0 -9999.0 -9999.0 -9999.0 -9999.0 -9999.0 -9999.0 -9999.0 -9999.0 -9999.0 -9999.0 -9999.0
-9999.0 -9999.0 -9999.0 -9999.0 -9999.0 -9999.0 0.824993544451 1.20812641452 2.69487377316 3.7068944991 0.306218543847 0.321164862363 0.304741123269 0.888386376617 7.05042173392 0.216501418803 9.66252604886 10.7358453708 0.841516690813 0.54114470332 2.33793249207 0.284903389892 3.71954057053 0.574805743309 0.290310564162 0.629105244825 0.65458298579 0.323201740064 0.33196410087 0.318320106754 0.355775497827 0.710250226385 -9999.0 -9999.0 -9999.0 -9999.0 -9999.0 -9999.0 -9999.0 -9999.0 -9999.0 -9999.0 -9999.0 -9999.0 -9999.0 -9999.0 -9999.0 -9999.0 -9999.0 -9999.0 -9999.0 -9999.0 -9999.0 -9999.0
-9999.0 -9999.0 -9999.0 -9999.0 -9999.0 0.469149489487 0.891944549077 0.416878164823 0.80087175265 4.10141320994 4.77594257645 5.43964205721 18.1210457752 0.295519810587 7.34403345973 27.9152404633 28.1265857841 39.2663994316 0.242286282174 0.795759274496 2.59662494128 0.255526394543 6.99139208759 3.00495762225 1.88231714134 1.58860642894 0.31806904711 0.954812315517 0.955286140152 0.63464091346 0.30632138847 1.02978028085 0.303198824744 0.295454492866 -9999.0 -9999.0 -9999.0 -9999.0 -9999.0 -9999.0 -9999.0 -9999.0 -9999.0 -9999.0 -9999.0 -9999.0 -9999.0 -9999.0 -9999.0 -9999.0 -9999.0 -9999.0 -9999.0 -9999.0
-9999.0 -9999.0 -9999.0 -9999.0 -9999.0 0.473706239474 1.35797145676 2.6888755442 3.08290064384 6.11234381919 6.47243064323 7.62536898235 12.3857519401 19.1279031001 19.7780492926 20.0833161442 0.5029450554 40.2034435325 40.6915324511 42.0125751144 52.6594301567 7.78808779662 7.27283974398 2.15819692232 0.269803660408 1.80246762127 1.2354756284 0.263189028144 1.22962533266 0.264446212642 0.563447304783 1.60043604611 1.88742060529 0.575316824445 0.281365242176 0.271448585138 -9999.0 -9999.0 -9999.0 -9999.0 0.414052409587 0.390219863703 -9999.0 -9999.0 -9999.0 -9999.0 -9999.0 -9999.0 -9999.0 -9999.0 -9999.0 -9999.0 -9999.0 -9999.0
-9999.0 -9999.0 -9999.0 -9999.0 -9999.0 0.448293658502 0.419567171968 1.81975400771 2.22659091248 2.65323280268 0.395606179242 0.778388554893 4.51363644943 0.817424326622 0.360198588849 0.314726413682 0.272679440645 0.322003700705 0.299987190216 0.307284443745 52.9421220736 53.7125491433 0.2515312379 0.781918936805 0.535445035686 2.06513074827 0.535744417462 0.256643086846 1.51175475671 0.512722560621 1.26954044703 3.24986592237 3.0169917785 0.847046255132 0.817215372552 0.28429981412 0.279892775959 -9999.0 -9999.0 0.278984969759 0.810253371787 2.01468935717 0.409481810284 -9999.0 -9999.0 -9999.0 -9999.0 -9999.0 -9999.0 -9999.0 -9999.0 -9999.0 -9999.0 -9999.0
-9999.0 -9999.0 -9999.0 -9999.0 -9999.0 -9999.0 0.482803161143 0.497838408949 0.900103379712 1.32512200881 2.95319151215 3.75841420246 4.17042236379 0.451798533811 0.308752084945 4.30828866118 5.23966594097 5.5232746731 6.73055832109 6.99863368704 0.266688568437 53.9828758435 55.2135860479 0.969448066562 0.102237635611 2.26261892908 5.04466881736 2.01538580236 0.480388700605 0.240537513159 4.99378614325 3.50161784584 0.239670779117 0.245518362418 1.07141787895 0.821605892289 0.254828837263 0.247866231144 0.265863129465 0.536888398426 0.251533415942 2.43638183351 2.67722522089 0.226543397432 -9999.0 -9999.0 -9999.0 -9999.0 0.269996448395 0.249739928539 0.0845484627673 -9999.0 -9999.0 -9999.0
-9999.0 -9999.0 -9999.0 -9999.0 -9999.0 -9999.0 -9999.0 0.462309536416 0.369394789601 0.818648846228 1.25063054561 0.405421954167 0.355399217254 2.29693374021 2.9919292556 3.70576268468 0.328735653137 0.627774612472 0.313193938147 7.27923568741 16.6865694729 17.0904951748 72.9143890577 0.248236671784 0.306092187114 0.0907224449821 5.28635993422 0.239701122527 0.727071006591 0.236592915031 5.22900009263 5.46496755175 0.483959359051 0.482301744267 2.67101596506 1.33808667166 0.517455327999 0.266107966162 0.52897538704 0.795217004977 1.27947048788 0.229597978377 3.11215384781 3.30997434065 0.173054592667 0.188247626745 0.200085452613 0.174804308595 0.164233745651 0.715523896127 0.274930274962 0.161729260991 -9999.0 -9999.0
-9999.0 -9999.0 -9999.0 -9999.0 -9999.0 -9999.0 -9999.0 -9999.0 0.832084346506 1.16054265085 0.401290557193 0.828826442354 1.21245098317 1.97669547191 0.388849213551 0.362989915672 0.297755794029 0.301768315731 0.268948885487 8.83218796558 0.319810131249 0.615824294265 73.9485650774 74.5836848712 0.221438865963 0.752679958521 6.2520380103 0.465523222384 0.935692479633 0.431416322824 0.642560457751 6.37113291357 0.69704561847 3.81323828812 3.12273566021 0.231252471287 1.26109024262 0.508529929266 0.76151323508 0.232339452803 1.5123643774 1.94727863766 2.11394332741 2.2693096362 3.95494950844 0.326473251276 0.349495548416 0.309826091819 0.28742934116 0.872891147269 0.171445623176 0.612065010942 0.764452806404 -9999.0
-9999.0 -9999.0 -9999.0 -9999.0 -9999.0 -9999.0 -9999.0 -9999.0 0.451821116751 2.05289162901 2.43812581298 0.384655457845 0.746310801092 0.360350191793 0.323895518132 0.317118939446 4.08347806563 5.44718497214 6.84996033687 8.39041994462 0.373654789999 0.305927495262 0.28568237657 76.094463899 76.8763971541 77.130696958 8.35221716977 1.85564264467 1.62302685126 0.205953307875 0.835855603575 7.40919135812 0.197676543528 4.01736164135 0.224455372694 1.63598109645 1.50940563116 0.237117023414 0.993066034808 0.46155599268 0.684791383426 0.197535059148 0.149218661266 2.42211379436 2.55891677273 4.09130877111 0.497438167038 0.448543722383 0.421350476568 1.05488369324 1.40279060144 0.17348164318 0.929410360814 0.179215601693
-9999.0 -9999.0 -9999.0 -9999.0 -9999.0 -9999.0 -9999.0 -9999.0 -9999.0 0.477107284997 2.85959988612 3.2334255498 1.11061581701 1.83515577897 2.49271884382 2.82852660466 0.350701849267 1.06016869094 0.699882129517 0.365695531698 0.34949637214 0.299835227859 0.586551286869 1.00457878325 0.373471608938 86.1708757608 86.4029929194 0.206840139317 0.173278345834 0.411517468858 0.613820064798 8.0042727781 0.394914148387 4.19883144114 2.44473709678 2.03559700562 0.219517855133 0.449726272942 1.19750899866 0.203904820053 0.881585511774 0.395542229472 0.22750699536 0.0758452869608 2.84123756492 7.04172196951 0.594985907393 0.54913699763 0.558786452489 0.142335455999 1.54459497301 0.13776227349 1.24232084936 0.15256055742
-9999.0 -9999.0 -9999.0 -9999.0 -9999.0 -9999.0 -9999.0 -9999.0 -9999.0 -9999.0 0.38532575116 4.00954390672 0.360328766748 0.72228904709 1.03950500828 1.66778957985 0.326062222805 0.697400089952 0.33667591953 0.31294985895 0.290960210234 0.579747497625 0.254612583742 0.266439089977 0.526585126108 0.320081731803 86.7088067527 87.16686661 87.8064174288 0.799586448911 0.199019903573 0.396419448227 8.20930339863 7.62023241284 2.86992016563 0.207873406804 0.877536080238 0.662084087967 1.40266348696 0.407602552889 1.67673499838 0.592979494141 0.369186896915 0.0325165404284 0.0828984112575 7.19040144196 7.32284207147 8.57754089281 1.00685902668 0.294783183186 1.69977783708 1.98870665703 3.3653800804 0.300775957508
-9999.0 -9999.0 -9999.0 -9999.0 -9999.0 -9999.0 -9999.0 -9999.0 -9999.0 -9999.0 -9999.0 0.217651139406 4.43094167048 0.340746148734 0.653607639973 2.95852083322 0.337329042348 0.332619919224 0.287497196884 0.610184300654 0.295867011646 1.17166920828 1.69129611193 1.93106338337 0.74447100068 0.944352242354 0.223981282544 0.277352331851 0.280205186341 89.1282325999 89.7122839472 8.38130172996 7.96594453956 7.79691304022 0.361757474135 0.17626566072 1.06692416599 2.85009526154 1.59425063158 0.59699088698 2.4575591104 0.673568527283 0.502149834382 0.0624303802823 0.0237258156513 0.0268989768099 0.0394315050597 8.82877430928 10.2342958691 0.140993047759 0.130725029373 0.145953364285 3.50691400405 3.9361232061
-9999.0 -9999.0 -9999.0 -9999.0 -9999.0 -9999.0 -9999.0 -9999.0 -9999.0 -9999.0 -9999.0 0.197718186918 4.88241172105 5.98705989678 0.319204350071 3.59586838227 0.306162238964 0.28653895335 0.567691422321 1.46537839762 0.279287093317 0.298100040705 0.24919556408 2.43323312811 2.66548115783 3.86659184692 4.28571745 4.47520449742 4.67532911167 4.9026677525 94.8597655789 103.559805264 111.832498895 112.014344947 0.160290642317 0.17706263338 3.23042597525 3.04202682736 0.187439928386 0.184057989361 2.63425205085 3.49122014223 0.136722359112 1.29229033841 1.21092366741 0.161918144048 0.0850641874212 0.153035673361 0.141128166144 10.4705708501 0.119307322919 0.377619841007 0.466426938502 4.64452276114
-9999.0 -9999.0 -9999.0 -9999.0 -9999.0 -9999.0 -9999.0 -9999.0 -9999.0 -9999.0 -9999.0 0.414591266795 0.783831675863 6.34203574758 6.94417651487 0.308378659588 4.3253189966 0.254038091247 0.779889170973 1.72162300285 0.536357774628 0.255627334208 0.541359959403 0.225994161001 0.430441391401 0.205672790332 0.170446567248 0.10405676929 0.0794473123316 0.060744850893 0.0509065537021 0.0929527590674 0.150364493259 0.216281675789 112.572836257 3.76582280502 3.47357972735 0.115993484043 0.530250471711 0.133142865628 0.121186766615 3.65835790905 5.44343056394 1.47740271037 1.1545209378 0.101759322683 0.0369610844329 0.0300303729475 0.126130640503 10.7199146757 10.9487186766 0.120624794176 0.123407223229 0.080413497701
-9999.0 -9999.0 -9999.0 -9999.0 -9999.0 -9999.0 -9999.0 -9999.0 -9999.0 -9999.0 -9999.0 -9999.0 0.326099127594 4.89429286564 12.1591999293 13.1499450362 17.7976001822 18.2138905141 3.94826736142 2.78177055292 0.797929683578 0.251274117643 1.03546929107 1.2768135594 1.91716766791 0.422046035549 0.370806749165 0.308228368538 0.583903913145 0.253468499198 0.225189909679 0.109480942009 0.0323675143363 0.0421154591707 112.741377792 116.665857347 116.829282012 0.114312588701 1.37721571769 0.610824239694 0.182194757846 6.01101383118 0.405683198327 0.211873442176 0.856407061697 0.144856171813 0.111190078356 0.204332164036 0.29714817198 0.407877409473 11.1377749349 0.087672249421 0.0748760897229 0.0745259280348
-9999.0 -9999.0 -9999.0 -9999.0 -9999.0 -9999.0 -9999.0 -9999.0 -9999.0 -9999.0 -9999.0 0.377435570923 3.76517631638 4.55087629789 0.689915482999 0.222867598077 0.465736140186 18.960294037 19.2935269246 23.630752636 0.22642558509 0.475050702191 0.206554040037 0.210536860836 2.12185328953 2.74803765578 3.30953501342 0.185349063611 0.767799323743 1.20119009674 0.676899421684 0.282247587766 0.145831689475 0.0855780569834 0.0899200975425 0.051693195622 116.957974473 117.057028022 118.617277439 0.29964513723 0.159825766529 6.24448749002 0.432918052559 0.224999077994 0.248576185395 0.245568829595 0.21387912864 0.331998435363 0.971293194072 1.49875033415 12.7266441054 0.0647048362407 0.194320495046 0.131341238914
-9999.0 -9999.0 -9999.0 -9999.0 -9999.0 -9999.0 -9999.0 -9999.0 -9999.0 -9999.0 -9999.0 0.390750559928 2.69638248375 0.409091462284 0.331409870199 1.8374688532 2.11872216756 2.40414748508 2.65971103019 31.9482747662 32.1663436233 32.6137755647 35.9760354479 36.5510385636 36.8358767804 37.0476369301 40.6294902159 41.0261800622 41.2097820699 42.5967503072 43.4715402626 43.6460559896 44.0460751873 0.246773111101 0.152469979842 0.0172418382513 0.0247771444604 117.159708571 119.128664519 0.425796057151 7.45978704319 7.29471817439 0.799077645861 0.187404383896 0.188777626645 0.181025746183 0.183175792963 0.368429963336 0.519900358743 0.143872874962 12.8128722209 12.9051740139 13.3082879579 13.3816225173
-9999.0 -9999.0 -9999.0 -9999.0 -9999.0 -9999.0 -9999.0 -9999.0 -9999.0 -9999.0 -9999.0 1.43105394302 1.87880248531 0.83459320205 1.21720003614 0.374349611564 4.30337002943 4.61280946862 5.21883222224 5.39805197274 1.92541114341 34.8909027622 35.0774174125 0.146039705375 0.0739986140694 0.0480173645655 0.132196345224 0.0570397533483 0.0296287069302 0.0269673406006 0.0415359622071 43.7392946301 44.1615886639 44.6058684792 44.9292729259 45.0398717955 0.034210943817 0.0145397398869 126.934010514 7.72202702131 7.63356439274 0.170017199296 0.159087168517 0.142286923598 0.332822924486 0.326296452809 0.147036231184 0.148341788691 0.139617963283 0.281161023044 0.367941579993 0.06305302744 0.114503101825 0.0376478721047
-9999.0 -9999.0 -9999.0 -9999.0 -9999.0 -9999.0 -9999.0 -9999.0 -9999.0 -9999.0 -9999.0 -9999.0 0.976770950061 0.436430862326 0.375295742444 3.68471049936 4.01467396644 0.328313719231 1.26656227766 1.53451985664 1.73380324247 0.238654767587 0.16188411146 4.93008463839 5.05392964676 5.15828769879 13.6461746951 13.6960998925 13.75204464 14.4347639337 14.6018090081 14.6239260568 0.0251622367527 0.0275129641565 0.0403234270541 45.1844236045 0.0432479593415 128.147213501 128.057149445 1.05432214979 0.950437127487 0.635382409651 0.156857631003 0.286516562963 0.480655134391 0.473695409559 0.286929708572 0.14158406569 0.278139233073 0.277683766053 0.489774939939 0.0796322177275 0.177900095376 0.285776325659
