data/recharge/steady-state/preEffect.asc
ncols         80
nrows         72
xllcorner     4374000.0
yllcorner     5656000.0
cellsize      500
NODATA_value  -9999
[rows 26 to 51 of 72, columns 0 to 56 of 80]
-9999 -9999 -9999 -9999 -9999 -9999 -9999 -9999 -9999 -9999 -9999 -9999 -9999 51.679920908 52.1636783311 52.3135603217 45.7743430063 44.6401343565 44.6319543514 44.3029367972 45.2587274329 47.1776858567 48.7413474704 48.7267925454 39.3124307437 38.7568717496 41.4376304762 39.7474082285 41.440876086 41.6182619252 41.5494326799 41.3910735506 36.0828321937 36.110089582 36.4174457104 38.2818963049 40.0513920217 36.3213691721 36.3616800484 35.9624062949 34.0228195012 34.4425377401 34.1316400252 34.2445099223 34.0945012071 34.0416340217 34.0736835787 33.9769088034 32.22513576 32.1658682415 32.2608644107 32.362434606 32.5754953758 32.6648934827 39.4971394496 32.5919013046 32.1741997301
-9999 -9999 -9999 -9999 -9999 -9999 -9999 -9999 -9999 -9999 -9999 -9999 -9999 -9999 49.2766107183 49.5719881254 45.1124724887 44.198624408 44.5166399799 44.7556807892 45.2525833846 46.738855771 48.4914554946 46.6141251257 36.8471696413 37.0930685312 37.7091792116 39.9533376441 41.5821311434 41.2649484402 41.6389423111 42.8896950597 36.6529439895 36.7847248901 36.3376432644 38.8485248233 37.6386309508 36.2357101533 36.7882052487 37.3228855147 34.7309638536 34.5791618584 34.6011493319 34.2977436056 34.026928565 34.1966055228 34.531295831 35.4962882757 32.8119027089 32.6529547397 32.4290091528 32.140960037 32.19557566 33.1725072364 41.341049967 39.7515735015 33.5430462549
-9999 -9999 -9999 -9999 -9999 -9999 -9999 -9999 -9999 -9999 -9999 -9999 -9999 -9999 64.1799197964 51.4880866596 46.323713632 44.1358288309 44.0520819884 44.2468848044 44.7007723976 46.0279963005 44.6348806412 46.3764849726 38.7236240458 39.0795687074 37.5006319872 39.7084923178 41.4798268906 41.7189319009 42.0179347929 42.2116627174 37.7895601554 47.6769313558 43.4174205724 45.1005187774 39.9286888733 36.5543010926 37.5979462857 36.7503778583 34.0537646983 34.1889115404 34.2441906952 34.5170394254 34.5621005266 34.3202173566 33.9711955211 34.9561693405 33.9465911138 32.5299585805 32.7891262444 32.9430995075 33.0611166054 32.8945749391 33.2314320932 33.9920717643 33.1516733427
-9999 -9999 -9999 -9999 -9999 -9999 -9999 -9999 -9999 -9999 -9999 -9999 -9999 -9999 53.0895226197 52.4001049387 48.1138685473 44.661609834 44.9233949035 44.9997255689 45.2598360662 45.454792395 45.9031588714 45.1713913065 37.7835600315 37.5047689986 39.7510176489 41.3612907456 41.0323122408 41.3335291014 41.4314064612 41.4395054467 36.5632901118 40.974467326 47.6740718037 47.652790501 47.6367119891 47.6387111326 47.6400907892 37.399573807 33.971390872 34.1837490631 34.054950049 34.1107200597 34.1894883918 34.3487402932 34.2213708649 34.5710921582 33.4218969314 33.4568944483 33.1678744482 32.7789452995 33.0676634693 33.0003576606 32.8087425961 32.9086249966 32.5091316802
-9999 -9999 -9999 -9999 -9999 -9999 -9999 -9999 -9999 -9999 -9999 -9999 -9999 -9999 52.8873926788 52.361495568 48.441356136 46.2184842343 46.6186379654 48.9717671571 45.623829387 45.709546608 47.9153538919 45.3215225083 36.8466173065 37.5064590579 38.2573065439 41.6333421 41.9740979659 41.3119233508 41.5420162015 41.8296552742 36.6021047013 38.9478405795 47.6569317396 47.6586564292 47.6491673371 47.6428533903 47.6332271923 47.6354834102 35.9032574136 34.7870296143 33.9063131261 34.0294857863 34.0244693958 34.2365608577 34.6755018637 34.7588701741 33.3102596729 33.4205990816 33.2111063237 33.3694735305 33.0670486639 33.1846598664 33.1197900442 32.9065338077 32.6255713936
-9999 -9999 -9999 -9999 -9999 -9999 -9999 -9999 -9999 -9999 -9999 -9999 -9999 -9999 -9999 51.7920172161 47.9115056766 46.4596359379 50.6335320965 47.8978327225 44.4731376097 44.1955986066 45.5980731968 45.9378196861 36.8170092974 38.485975486 38.638178422 39.9003851984 46.0465703273 41.6347250193 41.0198310136 41.1304972252 36.395631732 45.1220810454 47.6703234725 47.6720089379 47.6699054979 47.66649217 47.664157783 42.0146383992 37.3981048274 36.8746651582 34.0119889963 33.9193903262 33.9739441379 34.1498879229 34.1745749456 34.2387060212 32.4190046024 32.4977796398 32.3590087045 32.2288015504 32.8082567985 33.4386118644 33.352854858 33.3321275998 32.6996716505
-9999 -9999 -9999 -9999 -9999 -9999 -9999 -9999 -9999 -9999 -9999 -9999 -9999 -9999 -9999 -9999 50.1001037891 47.2697109559 48.5209213661 49.2284559437 47.9634438888 48.8279216174 47.0028782598 45.4183462413 37.6793144469 37.66354494 37.8213157032 38.4597359685 42.9838477256 43.4103799236 43.8418728331 45.3573737401 48.2022769649 48.1955847821 48.1978830636 48.2148108472 48.2169771598 48.2317294104 48.2319746763 48.2253809222 35.103441337 34.9031258333 35.4306464339 33.3622854322 33.2369416225 33.082351255 33.0450132507 33.526351908 31.9075059845 31.617006952 31.9317614107 32.4464898538 32.0042665471 31.7774731818 31.9290493363 31.792057698 31.5660162333
-9999 -9999 -9999 -9999 -9999 -9999 -9999 -9999 -9999 -9999 -9999 -9999 -9999 -9999 -9999 -9999 46.8296096757 47.1178334146 48.1073002438 47.0732614344 47.3945773922 50.2811565573 50.3083423718 46.126697934 38.0867234519 38.3997727614 38.2456562184 38.2428343965 41.9484664329 42.6178089064 42.4736990163 43.2180365617 38.2175871232 40.0919084342 48.2338568473 48.2070872401 48.2244331521 48.2372961092 48.2289216936 48.2055736203 33.9061102883 34.8955854987 33.8050822227 34.0142694873 33.8290632806 33.5647354234 34.7489708894 34.651285383 31.8100115159 31.8479765398 32.1703500938 32.2315836319 32.4472650734 32.5290521022 32.7642814017 32.3198667743 31.5764624212
-9999 -9999 -9999 -9999 -9999 -9999 -9999 -9999 -9999 -9999 -9999 -9999 -9999 -9999 -9999 45.2751521643 45.5015195843 46.1058194988 46.378468154 46.2665319297 46.3967167143 47.082390374 47.0533691496 46.291651237 37.8247304128 38.0547320416 38.138879259 38.4354152605 40.730815515 42.082006649 42.0967590103 42.1777221133 37.1427797033 36.5024570153 36.5330094205 37.1528534358 39.6352616666 48.1742983148 48.1728789062 48.1727172089 35.2495679059 33.3889793308 33.2856270536 33.2730597054 33.5910354228 33.396166254 34.6852500499 34.0760953076 32.2517396873 32.4106068619 32.0304587645 31.7475077908 31.7508476785 31.8804641462 31.9081445185 31.9433401725 32.0149985839
-9999 -9999 -9999 -9999 -9999 -9999 -9999 -9999 -9999 -9999 -9999 -9999 -9999 -9999 46.2346709459 45.6699834702 45.6622941289 45.8905561577 45.8281893919 45.9542181647 46.0136386303 46.4405902905 46.3267508401 46.4742359757 37.8436647533 37.6654773356 37.7355789474 38.7558020927 41.8174521201 41.8137191133 41.7618238581 41.8263210733 36.3002473485 37.3960114283 40.5034876047 37.6465271252 36.7183079738 37.6255988964 38.0846341851 38.2256677269 33.9262258728 33.1603177975 33.0738445783 33.1367409213 33.2201971244 33.1293510822 33.389514475 33.7524121808 32.4313313917 32.1118756115 31.8826900635 31.8715176672 31.8351089947 31.8089164815 31.6582303932 31.7317419813 31.6200986385
-9999 -9999 -9999 -9999 -9999 -9999 -9999 -9999 -9999 -9999 -9999 -9999 -9999 -9999 46.8261621786 46.5336134703 46.4752666279 45.8896626565 45.4295713257 45.38231822 45.6081607949 46.1151720839 46.0941930179 46.3111628383 38.0568592993 37.6090120216 37.8406979675 38.6160209675 41.1008235124 41.9531403715 42.0852169015 42.469568884 37.2499351484 37.0404735753 37.6910637595 37.3111527389 37.0498170012 37.302024907 36.8425114275 36.8671700556 34.0182577555 33.9329676914 33.4559254984 33.3910344265 33.4826489137 33.1730765406 33.5564362091 35.62687008 33.2953891937 32.8556403636 32.7948080001 32.7799029583 32.4654271305 32.3031663672 32.4836320195 32.429283847 31.9021933871
-9999 -9999 -9999 -9999 -9999 -9999 -9999 -9999 -9999 -9999 -9999 -9999 -9999 -9999 -9999 -9999 46.5529266894 47.2216082633 47.3261228159 47.2453410395 46.6831836321 45.8897751103 46.5946806605 46.6163794148 38.2542198663 38.2398728054 37.3711858709 37.5269630431 38.3532827627 42.0225287818 42.357946324 42.4590083131 37.0701114207 36.7758060753 37.0777075951 37.0948306146 37.108652602 36.6558390909 37.2194989318 37.2855652762 33.5831216659 33.5000680894 35.0004519667 33.9842094989 33.2838993293 33.3862816636 33.3993895365 34.7407198 32.9561569876 32.3890736424 32.3042972279 32.3419571329 32.2774414879 32.1071523675 31.7069959358 31.7773057943 32.0504017806
-9999 -9999 -9999 -9999 -9999 -9999 -9999 -9999 -9999 -9999 -9999 -9999 -9999 -9999 -9999 -9999 47.2230415535 46.9804054581 46.9772091675 45.8523005646 46.5165799931 46.572564458 45.8925685359 46.1005283933 38.3590907434 38.4239454234 38.4538971667 38.352514932 40.1710172944 42.1864077388 42.6597726093 42.5203685809 36.878860389 36.7609991329 36.4733682872 36.5881152403 36.7839000822 37.0637182003 36.5428022587 36.3217613282 33.592417912 33.9711759112 34.8367673126 34.4295421341 33.9233067436 33.3114936761 33.096957149 33.2858299254 32.3187243944 31.817415468 31.5936584499 31.6141160158 31.56083149 31.7279442259 31.8118032182 31.8221767655 31.4904402461
-9999 -9999 -9999 -9999 -9999 -9999 -9999 -9999 -9999 -9999 -9999 -9999 -9999 -9999 -9999 -9999 -9999 -9999 47.0422836126 46.2883374435 45.994376871 46.4648083284 46.9824532017 46.6930868329 38.1631983342 38.1760209947 38.3047895388 39.2089576498 41.1982967798 42.0392802119 41.7551580465 41.4989088073 36.2773536172 36.550274604 36.4452853924 36.8086025567 36.9144517095 36.4165708613 36.4553542924 36.8097297205 33.3544073745 33.190980215 33.2055380076 33.1958460885 33.342929509 33.4059661978 33.200917549 33.222792 31.9868533484 31.5668173985 32.4293024279 33.6154630367 31.5845259601 31.6169447392 31.9041234285 31.9874634169 31.5826920744
-9999 -9999 -9999 -9999 -9999 -9999 -9999 -9999 -9999 -9999 -9999 -9999 -9999 -9999 -9999 -9999 -9999 -9999 -9999 44.8090238749 45.063254438 45.3556749088 45.4555967129 46.1425485541 39.0353926526 38.9600405717 40.9063898143 41.1701910819 42.3724108038 42.2861978196 42.5757224447 44.5421708479 37.2503777126 36.536351292 36.5052175877 36.4631156317 36.4760882262 36.9049177332 36.905309243 37.050282994 33.7458591774 33.6177906789 33.4549483913 33.7568827233 34.055082228 34.0467761614 33.8243712768 33.5928149048 30.6874326903 31.0083161554 30.8932378259 30.8228712691 30.5955957558 30.5833080853 30.8591243696 30.8065835674 29.1224213462
-9999 -9999 -9999 -9999 -9999 -9999 -9999 -9999 -9999 -9999 -9999 -9999 -9999 -9999 -9999 -9999 -9999 -9999 45.8381575462 46.2413563085 46.5441616209 46.4140181004 45.6922836687 45.2866924542 38.9351345813 39.0389333352 40.8041343927 41.4168514616 42.7128916602 42.5204286937 43.7512460416 52.1549051954 38.6286357961 36.7828291364 36.899612583 37.1489068938 37.5058034341 37.42343997 37.4943835122 37.3867393673 34.2524936871 33.7432515252 33.8076929865 36.3146052699 37.5135545011 35.3499318887 34.2460210916 34.30302655 31.2002038114 30.8385632814 31.126549579 32.5308525658 31.9929526945 32.0989561088 31.4180507675 31.0634233804 29.4946145514
-9999 -9999 -9999 -9999 -9999 -9999 -9999 -9999 -9999 -9999 -9999 -9999 -9999 -9999 -9999 -9999 -9999 -9999 -9999 46.6407976682 46.5426397331 46.2763222783 45.7817242679 45.4042180523 39.0929168279 39.0370208747 39.1575768264 40.8546577869 42.8714408047 43.3362997458 43.7339228457 43.6280658413 37.4510506493 37.1209046323 38.7360923691 37.6250610713 36.4838185019 36.3013160582 36.3104256369 36.3096765689 33.5309606538 33.8666485526 33.8387341071 34.3783598797 35.167538659 34.6064235356 34.37913036 33.9902703697 31.2636351243 31.0025115996 30.5779589434 30.784576469 32.0780501993 42.185600453 34.1429957964 30.683810631 29.1116992554
-9999 -9999 -9999 -9999 -9999 -9999 -9999 -9999 -9999 -9999 -9999 -9999 -9999 -9999 -9999 -9999 -9999 -9999 -9999 -9999 45.637340176 46.0810927266 45.8421770118 45.6202323557 38.4424763886 38.8928056268 39.3160848881 41.0568151044 43.4975506393 43.1602517128 42.8360444071 42.6970690444 37.0700879332 40.1900714108 37.7029133726 37.315296325 37.0214653626 37.2071113507 37.3323231574 37.1886077817 33.872943425 34.291168014 34.3649174836 34.1663541814 34.6117159056 34.4019427385 34.3267560532 34.4951189226 31.4930358442 31.3768356749 31.3490439864 31.1319931248 30.7939049955 30.829386494 31.7103660283 31.0362953452 29.635926964
-9999 -9999 -9999 -9999 -9999 -9999 -9999 -9999 -9999 -9999 -9999 -9999 -9999 -9999 -9999 -9999 -9999 -9999 -9999 -9999 -9999 45.6405913609 45.7872347325 45.8110132688 38.5802639505 38.2574518808 39.0730219762 41.2014145165 42.776529056 42.704456415 45.6325335453 43.2620474824 37.1685290753 37.8028308508 37.6139325429 37.5121255454 37.2890649617 35.3792355917 35.8425237781 36.885612206 34.3952201706 34.4917160341 34.6957911362 34.0722087679 33.9243780506 33.5384595718 33.9889379504 34.124572833 31.3927532887 31.7334029499 39.8077902589 33.8616024741 31.2026983993 31.0311339315 30.5883075626 30.767821282 29.4973446344
-9999 -9999 -9999 -9999 -9999 -9999 -9999 -9999 -9999 -9999 -9999 -9999 -9999 -9999 -9999 -9999 -9999 -9999 -9999 -9999 -9999 44.9103632031 45.2497534645 45.2679944341 39.3977113826 39.6480143569 39.8477890105 41.178572755 42.9518566526 43.1579399351 44.1467639101 43.1293930846 37.3810520954 37.1919085068 36.6506220305 36.8825809682 36.8768132634 34.4047272362 34.2902932353 36.1723328266 34.4179624177 34.3403278621 34.0022869761 33.9361784053 34.3419574998 34.262405513 34.2883120277 34.2490709155 30.1548529 31.3838558303 42.167941855 42.1560751829 31.4874366937 30.6844915023 30.9470775669 30.6494960216 29.3367526915
-9999 -9999 -9999 -9999 -9999 -9999 -9999 -9999 -9999 -9999 -9999 -9999 -9999 -9999 -9999 -9999 -9999 -9999 -9999 -9999 -9999 -9999 45.4760363018 46.1015773821 39.1448823661 38.8064524674 39.0315916091 40.3665355908 41.6713214237 42.8494358248 43.0381301501 43.1862523421 37.095485787 37.1395682413 37.5142879124 37.0420311789 35.9785535885 35.4996341215 34.629124706 36.0621922298 34.2751476763 33.6159518054 33.8856832679 34.2973319206 33.67277728 33.5249053968 32.0992275017 31.9935471211 29.6106207403 32.0109327716 39.7228123706 34.3786701095 31.4369049711 31.0888164651 30.6753450497 30.5755569843 29.2891597976
-9999 -9999 -9999 -9999 -9999 -9999 -9999 -9999 -9999 -9999 -9999 -9999 -9999 -9999 -9999 -9999 -9999 -9999 -9999 -9999 -9999 -9999 45.6390966297 45.5136962037 38.9674094897 39.2502867317 39.2872895235 38.9373913344 43.0369976806 43.1183075337 43.0860934644 43.1591424165 37.4208282841 37.3091929416 37.0818216337 37.6090631875 37.2032717711 35.9539889815 36.3425502229 37.4734787063 33.8187386614 34.310515829 33.9165582237 33.5617328235 33.6142379189 33.8972578996 33.2738401413 34.3668911762 30.8636061142 30.798199686 31.3311541608 31.2307533123 30.9446869929 31.3731544179 31.1620829658 31.0971440159 29.5393931284
-9999 -9999 -9999 -9999 -9999 -9999 -9999 -9999 -9999 -9999 -9999 -9999 -9999 -9999 -9999 -9999 -9999 -9999 -9999 -9999 -9999 -9999 42.0075911272 42.4013721393 43.207250937 42.7818248473 43.0097199528 43.1957741454 45.3007213847 47.2138061977 47.032753464 46.7104430581 39.9500488007 40.1516424773 40.5229213804 39.822060668 40.0111300765 40.5587973993 40.3772065834 40.1900309162 35.8908528029 35.4929393318 35.1676555271 35.5313154472 35.9660734769 35.8155811721 35.8599143179 35.6455101763 32.2439618548 32.2458687178 32.7346089323 32.4792744618 32.314674207 32.3851878709 32.5704604939 32.6218492843 30.2346564826
-9999 -9999 -9999 -9999 -9999 -9999 -9999 -9999 -9999 -9999 -9999 -9999 -9999 -9999 -9999 -9999 -9999 -9999 -9999 -9999 -9999 -9999 -9999 42.6619764382 43.5229659165 42.9096275592 42.3056152035 42.8223024051 44.4790020912 47.0720060261 47.0623059079 47.2866063426 40.4510428201 40.7172209305 40.2478149106 40.4634964502 40.7379802862 40.4456221227 39.7655105352 40.0532939935 34.9239838945 35.3924935951 36.0252932804 36.0439214713 35.8548242482 35.6584242083 34.9763391205 34.8465252331 31.7705736363 31.8769514279 31.7605982932 32.0643737471 32.3132990917 32.6302268658 32.3289499541 31.9740615193 30.3093074768
-9999 -9999 -9999 -9999 -9999 -9999 -9999 -9999 -9999 -9999 -9999 -9999 -9999 -9999 -9999 -9999 -9999 -9999 -9999 -9999 -9999 -9999 -9999 41.3098362409 42.1126394926 41.5030224886 41.4925651033 41.6887489025 43.2095968849 45.5257819852 47.161324804 47.4347930457 40.6342997054 40.2385041697 40.2891921993 40.2542993814 40.2314057538 39.9513286004 40.5373237321 42.3708071947 36.0354039707 35.9913577197 35.9288440291 35.5151386903 35.2302607233 35.3570036795 35.7984720519 35.8860568847 32.4390718127 32.4054740294 32.7057970469 32.7662146975 32.3414206999 33.0818752327 32.0794274455 32.6675018343 30.1249276933
-9999 -9999 -9999 -9999 -9999 -9999 -9999 -9999 -9999 -9999 -9999 -9999 -9999 -9999 -9999 -9999 -9999 -9999 -9999 -9999 -9999 -9999 -9999 -9999 43.04116247 41.8531383018 41.6432346312 42.1679296605 43.2006043214 43.9123815653 45.4502269151 46.1667308166 40.7540598182 40.2859310394 40.4809741325 39.7440815982 39.7502320674 40.3772069053 40.396688306 40.4812636904 36.1032422435 35.366143404 35.7667196565 35.7171904366 35.8496800453 35.6963017972 35.366151606 35.7135577993 32.797704744 32.5372674222 32.2381584448 32.1282015317 33.4726843944 39.2374608636 33.0367445431 32.2212983505 30.2522943764
