data/recharge/transience/oldversion/mHM_recahrge_578.ASC
ncols   80
nrows    72
xllcorner    4374000.0
yllcorner    5656000.0
cellsize      500
NODATA_value  -9999
[rows 0 to 25 of 72, columns 0 to 56 of 80]
-9999 -9999 -9999 -9999 -9999 -9999 -9999 -9999 -9999 -9999 -9999 -9999 24.0715015316 24.3663995513 -9999 -9999 -9999 -9999 -9999 -9999 -9999 -9999 -9999 -9999 -9999 -9999 -9999 -9999 -9999 -9999 -9999 -9999 -9999 -9999 -9999 -9999 -9999 -9999 -9999 -9999 -9999 -9999 -9999 -9999 -9999 -9999 -9999 -9999 -9999 -9999 -9999 -9999 -9999 -9999 -9999 -9999 -9999
-9999 -9999 -9999 -9999 -9999 -9999 -9999 -9999 -9999 -9999 -9999 -9999 22.8305231471 22.2293994294 21.5780589227 -9999 18.2470692377 -9999 -9999 -9999 -9999 -9999 -9999 -9999 -9999 -9999 -9999 -9999 -9999 -9999 -9999 -9999 -9999 -9999 -9999 -9999 -9999 -9999 -9999 -9999 -9999 -9999 -9999 -9999 -9999 -9999 -9999 -9999 -9999 -9999 -9999 -9999 -9999 -9999 -9999 -9999 -9999
-9999 -9999 -9999 -9999 -9999 -9999 -9999 -9999 -9999 -9999 22.3774740223 21.6647327336 22.1435576407 22.0674621737 17.1796626995 17.2408696863 16.5711268761 16.6564895309 -9999 -9999 -9999 -9999 -9999 -9999 -9999 -9999 -9999 -9999 -9999 -9999 -9999 -9999 -9999 -9999 -9999 -9999 -9999 -9999 -9999 -9999 -9999 -9999 -9999 -9999 -9999 -9999 -9999 -9999 -9999 -9999 -9999 -9999 -9999 -9999 -9999 -9999 -9999
-9999 -9999 -9999 -9999 -9999 -9999 -9999 -9999 -9999 22.1951317989 22.2229421183 22.2271550932 21.5692662148 21.6817250242 18.0471325371 17.7376521619 16.7119665794 17.294027082 -9999 18.1267545763 -9999 -9999 -9999 -9999 18.9922235685 19.5907182435 -9999 -9999 -9999 -9999 -9999 -9999 -9999 -9999 -9999 -9999 -9999 -9999 -9999 -9999 -9999 -9999 -9999 -9999 -9999 -9999 -9999 -9999 -9999 -9999 -9999 -9999 -9999 -9999 -9999 -9999 -9999
-9999 -9999 -9999 -9999 -9999 -9999 -9999 -9999 22.867870874 22.4329229471 19.0193946402 19.5313149674 18.1618706932 17.9617781352 16.5625348124 16.462555872 15.4324597956 15.6900159627 16.0336232326 16.3010417871 15.4549046626 15.6198704386 -9999 15.8832208744 19.3426867554 19.5693618955 -9999 -9999 -9999 -9999 -9999 -9999 -9999 -9999 -9999 -9999 -9999 -9999 -9999 -9999 -9999 -9999 -9999 -9999 -9999 -9999 -9999 -9999 -9999 -9999 -9999 -9999 -9999 -9999 -9999 -9999 -9999
-9999 -9999 -9999 -9999 -9999 -9999 23.6867284976 22.8563242149 22.0314597709 22.1449554658 19.4144896417 20.0380837023 18.4473111124 18.3103979552 16.5335044001 16.7316266529 15.0994854437 15.159923929 15.8679363436 16.2339652274 15.3638909117 15.5150911359 15.9865857092 16.054763019 19.4693069681 19.4085552904 19.9171219237 -9999 -9999 -9999 -9999 -9999 -9999 -9999 -9999 -9999 -9999 -9999 -9999 -9999 -9999 -9999 -9999 -9999 -9999 -9999 -9999 -9999 -9999 -9999 -9999 -9999 -9999 -9999 -9999 -9999 -9999
-9999 -9999 -9999 -9999 -9999 -9999 23.9617011359 23.6878950759 21.8143131054 21.6696499472 18.3636485227 19.0280051329 17.0302442781 16.2652864505 14.7200161628 14.8201713821 13.0716415243 10.4540278444 12.335133983 13.7024826512 13.8336573806 14.2180259621 14.7687506596 14.7562307669 15.8730419691 15.7957560646 19.53626139 19.812626352 20.2931836749 20.1570136526 20.1038667375 20.1014239632 -9999 -9999 -9999 -9999 -9999 -9999 -9999 -9999 -9999 -9999 -9999 -9999 -9999 -9999 -9999 -9999 -9999 -9999 -9999 -9999 -9999 -9999 -9999 -9999 -9999
-9999 -9999 -9999 -9999 -9999 24.7616372381 24.0168468572 23.9702411037 22.9228812618 22.6629687553 19.1354308996 18.9464391002 16.167625552 15.6075854303 15.1990067369 15.2615802704 10.3207799017 5.62143076092 10.1300403991 13.4647537 13.8569253491 13.7657780557 14.6122151735 14.6948939037 15.8791462105 15.9879358166 19.4470616599 19.3712617115 20.1438744593 20.0936124192 19.4961991498 19.6682506704 18.9860276678 18.8967679928 -9999 -9999 -9999 -9999 -9999 -9999 -9999 -9999 -9999 -9999 -9999 -9999 -9999 -9999 -9999 -9999 -9999 -9999 -9999 -9999 -9999 -9999 -9999
-9999 -9999 -9999 -9999 -9999 25.1097046019 24.3934220018 24.4425172535 23.4769445298 23.3210999614 19.7131799934 19.8735139485 12.8086715024 10.3978022865 16.6855004458 16.1727155432 11.4991685884 4.51100058859 8.20569541813 11.1918671109 12.1913547025 12.6588488706 13.9849771826 13.898298842 14.2188822385 13.9437938283 15.5247066591 15.240525788 15.9243975787 14.7031431915 14.1617753971 15.111224162 16.4741988528 16.3753602032 18.1474526615 18.1921363898 -9999 -9999 -9999 -9999 18.4558472433 18.3221855231 -9999 -9999 -9999 -9999 -9999 -9999 -9999 -9999 -9999 -9999 -9999 -9999 -9999 -9999 -9999
-9999 -9999 -9999 -9999 -9999 24.9916939879 24.4423616228 24.198896383 23.533694422 23.7090870319 20.0831017001 19.9613200613 17.6361625688 17.56834566 16.9173116025 15.966989742 13.5959357192 13.8476468028 13.2360275389 14.0554199535 12.5229489951 12.9357455288 13.5260816272 13.4255297096 14.1667879453 14.0490637216 15.3065549893 15.1808844987 16.0579326107 14.6239900576 10.2892978109 13.6025336608 16.4203802462 15.8990647574 17.3826028949 18.2619684639 18.1894550449 -9999 -9999 18.8791090204 18.6139560097 18.5395471896 18.5129169695 -9999 -9999 -9999 -9999 -9999 -9999 -9999 -9999 -9999 -9999 -9999 -9999 -9999 -9999
-9999 -9999 -9999 -9999 -9999 -9999 25.2266662976 24.8964888405 24.4157022733 24.4611953502 21.0722894012 21.2887786003 19.4695260466 19.3887204424 16.6605082412 16.700664967 14.7972650831 14.7035565545 13.8517777387 13.9664279534 13.2579894808 13.332294402 13.1333928201 13.3543176958 13.378480314 13.1369868391 13.1270855406 13.2636116283 13.5388796862 13.5584554882 12.7528492939 13.5161717919 13.8239180977 14.0755420487 14.6847761133 14.9385707024 15.6916792071 15.4496891745 17.9267922205 17.8401927863 16.0471816235 16.4469398951 15.5726587609 15.3362429143 -9999 -9999 -9999 -9999 17.4166231601 17.1870080278 4.25933751701 -9999 -9999 -9999 -9999 -9999 -9999
-9999 -9999 -9999 -9999 -9999 -9999 -9999 25.015621999 24.3384832134 24.4319177546 21.5753459531 21.3498419537 18.365779357 18.199121371 16.2216477051 16.8834576405 15.46509481 15.6889967646 14.6245156822 14.2352383486 13.0930299679 13.0852354697 13.0080725518 13.0766487546 13.2039761315 12.9374162401 12.9597224321 13.0745714932 13.595217182 13.4554659899 13.4028830453 13.3428521983 13.9978400404 14.0849632595 14.9980811173 14.9980062295 15.7601590285 15.7582712134 17.8955880636 17.8687056918 15.7700708214 15.6021178208 14.6910528326 13.767395859 13.153711704 13.3534040042 15.0441526017 14.800157167 14.4596338614 16.1406673599 13.9162475803 11.9848731257 -9999 -9999 -9999 -9999 -9999
-9999 -9999 -9999 -9999 -9999 -9999 -9999 -9999 24.3436798755 24.4117234538 23.8731341734 23.9811294361 20.1743210346 20.376473411 18.9771628751 18.7793847307 16.1622871754 16.2004028071 14.3997293964 14.6140772 15.0321755039 14.943760992 15.2686770383 17.0729912373 16.6014325463 16.539724811 13.3673175293 11.9560711063 11.8359871404 11.7190106241 11.5878899618 11.6585985777 11.9814172628 12.1202139883 12.8468255531 12.3860869097 13.8708355862 14.0807580679 14.5037172507 14.4874802643 14.3551923688 13.812901562 12.3123405555 12.1689491495 11.7999350877 11.6522316753 12.1944038458 12.0229597879 11.6459802096 12.9745772593 12.9449608601 13.0662781138 11.5086083461 -9999 -9999 -9999 -9999
-9999 -9999 -9999 -9999 -9999 -9999 -9999 -9999 24.7431696388 24.611493269 23.7272140624 23.7754921431 20.0850668995 20.0714942035 18.3686865116 18.2843304348 15.8634846925 16.0893308335 14.6235679514 14.7849433014 14.8630030369 14.896759098 16.5565851736 18.060390182 16.778978653 16.4073141474 16.4963415783 13.7198703682 12.1018288129 11.757920959 11.5484463934 11.693277983 12.0036912669 12.0884779042 12.7487163138 5.44170702212 14.1686512532 13.9983407241 14.4797973778 14.441715598 14.2772565776 13.69362628 12.2373617052 12.1891096619 11.6808907248 11.6575253219 12.1748796687 12.0543443781 12.0313471647 13.4937625177 12.9855165902 12.9965568307 11.5424378613 11.7321682418 10.5869566334 10.7165329493 -9999
-9999 -9999 -9999 -9999 -9999 -9999 -9999 -9999 -9999 24.527864444 23.7818472203 23.5430860824 20.2744445046 19.8904687158 17.7820325854 17.7274626931 16.9990233155 17.1833188736 16.9427422927 17.0007434041 16.5958388311 16.3024598907 15.9259961065 20.856319334 17.251478238 17.652428094 16.2451570385 15.6088383356 12.690023331 10.953430857 10.7214703633 10.8024534286 10.8693861741 10.7747486873 11.2981471408 10.102282124 12.6893752956 12.5661154935 12.6732678503 12.6843716836 12.6494549174 12.5888700886 10.8151488865 11.1087502876 10.5965048762 10.531073461 9.98086898512 10.0980319756 11.2378569561 11.3260090337 11.0625551551 11.0025395388 10.2976754955 10.4365680896 10.1727528791 9.16394494237 7.93419162202
-9999 -9999 -9999 -9999 -9999 -9999 -9999 -9999 -9999 -9999 23.3840123362 23.3870236238 20.132643311 19.74584825 17.5533688947 17.2572062563 17.4568929299 17.7892110319 17.2945503293 16.9987391482 16.2204587054 16.1983523571 14.5287613221 17.3261228675 17.3061157486 18.1171395571 17.0449558706 16.1683733303 14.7678284175 13.0760214164 10.7894016914 10.7897628265 11.0909313958 10.6193679213 11.8360910386 11.7239912223 12.6228340516 12.5633762157 12.6932824924 12.7066778848 12.7460506054 12.5567124197 11.2051332343 10.5974879072 11.138996724 11.2578235939 10.4331956935 10.2172875486 10.9426202792 11.077343289 11.2690044925 11.1686434544 10.3755286989 10.3710667957 9.8590611267 8.97787709103 7.91201662425
-9999 -9999 -9999 -9999 -9999 -9999 -9999 -9999 -9999 -9999 -9999 12.133581603 12.4915081094 18.9884896275 17.2456204323 17.2419267517 17.8668058556 17.8479078411 16.2267803873 16.3536672357 15.6121012098 15.535264638 13.8053657365 13.9273278289 14.1054644826 16.8978936022 16.6973718799 16.982454857 15.1928247965 8.58750731032 11.2770850137 9.77646709929 9.12825607802 9.32051397474 10.9955286443 10.7504663446 11.3311289625 11.3122186591 11.7946586524 11.8043415836 11.5131471312 10.9205612411 11.2602950847 11.0118170658 10.2820560113 10.1762560692 10.0055369468 10.14888858 9.44145192374 10.1667516341 10.1486401017 10.2083857758 9.28160057901 9.1256308393 8.36484484475 8.40013170315 7.523221514
-9999 -9999 -9999 -9999 -9999 -9999 -9999 -9999 -9999 -9999 -9999 11.4208951603 14.3558965914 19.056177702 17.5845156351 17.7405921267 17.4659063952 17.1513249741 16.3201443104 16.345059295 15.4126013039 15.7013156013 13.7858857842 14.1612215534 12.6478697713 12.8296950239 13.8877258319 15.6258291437 14.4900721477 12.7281765572 12.9705598844 12.8348406079 11.4563076324 12.3915157848 13.0574930919 11.1818643505 11.3079191953 11.3654081621 11.7203281324 11.0617682423 9.65451293081 11.0642937244 10.8031615152 11.0720373757 11.262459672 10.6269248665 10.5877790771 10.8067299678 10.1698256905 9.71403140464 9.64396704091 9.65445780927 8.5407274715 9.33807541812 8.80216061221 8.45265710317 7.95267219603
-9999 -9999 -9999 -9999 -9999 -9999 -9999 -9999 -9999 -9999 -9999 23.4298760891 19.6095136032 19.4397414664 16.715192635 16.595497201 15.8084501162 15.5809591563 14.3375012452 14.4432086535 14.2956923241 14.3518962167 12.9730838901 12.9450492399 11.4679996632 11.5119381827 10.9600981631 10.9048054232 10.3841737053 11.5878620256 12.60627862 13.824284932 14.2169063038 15.377794933 12.4162898479 12.3824928088 13.2543491134 12.7843870198 10.9433960437 7.85399589598 6.36046621511 10.5984488408 10.6799057448 10.9294099675 11.9770223558 12.4445052301 10.6285012659 10.4508893755 9.86879064864 9.82257141519 9.65255601714 9.85724047094 9.76102029645 10.0236723689 9.28711047255 7.03864452283 5.35472481528
-9999 -9999 -9999 -9999 -9999 -9999 -9999 -9999 -9999 -9999 -9999 -9999 19.1342177307 19.3660795376 17.1368018651 16.2157493636 15.033566624 15.494773578 14.7935361962 14.5741690257 14.3927359896 14.2340902844 13.0695716142 13.0269001036 11.6259216775 11.6865474549 11.0108037587 11.0846710775 10.6236806907 10.519138035 10.4859594038 10.5784423744 11.3684743656 13.1979143282 12.6685933993 5.94882067793 13.1259458302 12.9560575931 13.4001085279 10.6108174705 11.2577808116 10.2050795447 11.1021520778 11.4014041671 11.8012353053 12.1451090942 11.1905199795 10.4700682964 9.49261905374 9.66250357007 9.40149140261 9.26503104211 8.82890006692 8.85479878337 7.68838960551 7.36730242263 3.25168595859
-9999 -9999 -9999 -9999 -9999 -9999 -9999 -9999 -9999 -9999 -9999 20.5866675477 19.8879765913 19.8879022134 17.526814247 9.8742462303 12.5789288052 14.8342134998 13.3942327484 13.6983167724 12.8126552754 12.7711008797 11.6812224171 11.751360776 10.8868982964 10.8501886751 9.58691301082 9.9708826364 9.6713567495 9.58482648928 9.30002854958 9.38153969551 9.27378918336 9.24217818436 9.53711445776 12.9151164366 12.4903564188 11.3626793019 11.0982015309 9.49737958594 10.0733461678 8.89869988901 12.7492354217 12.7478686184 13.1743134297 13.0617782872 12.6104071962 11.3697187836 9.69854024332 9.65915934824 8.82089605857 8.27641959939 7.63398828454 7.6457266192 7.12976025133 7.32086685031 7.35826633957
-9999 -9999 -9999 -9999 -9999 -9999 -9999 -9999 -9999 -9999 -9999 20.7387431617 20.4687866868 20.2494701235 17.7544153019 13.4228002024 14.6462412767 15.0307495783 13.7322995431 13.431160683 10.2855764859 10.3619988137 11.3924609825 11.8893996806 10.997337873 11.0062854437 6.39933138545 6.53870923945 9.28688077262 10.3078526847 9.91964446222 9.42674860289 9.22754441573 9.24339689957 9.47844078154 11.7726977318 11.6512094664 12.1957791302 11.3288634234 10.9923271054 9.41085998513 8.83303210775 11.278547364 12.2586998562 12.4066433871 12.1371753463 11.5459894951 11.5789818172 10.0906763758 9.91055666193 8.88371570808 8.97667846424 8.24459883459 8.19469052728 7.69781427076 7.54345328316 6.50844339474
-9999 -9999 -9999 -9999 -9999 -9999 -9999 -9999 -9999 -9999 -9999 23.1178017907 23.0472743676 22.4433560087 19.2159266636 19.0449559621 15.8117102731 16.230096067 14.2332433147 14.5980840975 10.9378766284 4.80121483409 9.93254016767 11.8353360403 10.28115533 10.2963926727 10.1543471438 10.2894156188 9.65888200539 9.55473868662 9.13895918864 9.73379694307 9.41725361777 9.28844196466 8.48011546238 10.2309207204 10.0506982301 9.11712240024 10.4450212501 9.9475457783 9.35005228546 10.0557989892 10.5195643979 10.3405432891 10.9375805885 10.9501455682 10.5447114516 10.5551972941 10.0744337205 10.1234534228 8.6099633086 7.58342265607 6.4692683016 6.58369233557 6.06828075411 6.30080520414 6.45768016498
-9999 -9999 -9999 -9999 -9999 -9999 -9999 -9999 -9999 -9999 -9999 -9999 23.229530242 22.9114111796 19.5179871737 19.0287981015 16.5415336867 16.409048316 14.2943658289 14.4861829257 13.4665643676 13.6818646824 11.5471785174 10.8637247223 10.1697739665 10.1375703807 9.32833837277 9.41337341543 8.93789913954 8.73906617992 8.09047686389 8.80650556564 8.57823389245 8.73653740575 8.31110033329 10.877966796 10.4095764637 9.67797054513 10.8160940382 10.374292351 9.70484517316 9.72183645707 10.7800182109 10.3309974149 10.9110021488 10.957572456 10.4856051012 10.3934848918 9.72861150665 10.2155731746 9.05796886957 4.7350522706 5.10091594402 7.67164656671 6.38057427397 6.37746647668 6.1207389871
-9999 -9999 -9999 -9999 -9999 -9999 -9999 -9999 -9999 -9999 -9999 -9999 23.9330028494 23.395217683 22.0886188407 21.7418148295 17.8313044745 17.9209348832 15.4616181268 15.6428090783 14.117973801 13.9895718609 12.3245806896 11.6808847804 10.6220077008 10.830621899 10.2767933709 10.3100458485 9.41505387471 9.75519031235 8.73494368025 8.86883718463 9.48829621203 9.52925826865 10.3185215111 10.4529078108 10.0335793086 10.3724192525 11.7178008921 10.6522355921 9.31826763263 9.01254185326 8.90246398946 8.87610746409 9.03864328179 8.91113787041 8.47758127228 8.13057047181 7.82153188227 8.60752947894 7.91033446578 7.27702767548 7.23882096937 6.10178362643 5.17155032828 5.66876339393 4.73726055258
-9999 -9999 -9999 -9999 -9999 -9999 -9999 -9999 -9999 -9999 -9999 -9999 23.0135134091 23.3157303918 22.2631314506 22.1484507244 17.9477673855 18.107961614 15.7792621929 15.9059656081 14.2377744753 14.0726681745 12.7323155818 8.15208110706 8.89050925594 10.644452806 10.191782658 10.2416552569 9.46569780722 9.27178971968 8.38669308319 8.25635807057 8.49852119219 9.45988601346 10.3142482468 7.68808034913 8.39608722968 10.4957015862 10.6599807959 7.77585798602 7.41645343929 7.94783382481 8.7430954505 8.93035791537 9.0126067706 9.05182434473 9.15798461193 9.1533519649 8.72388230009 8.88395693441 8.23781588055 7.75150176871 6.04368238448 5.57169592189 5.6352493222 5.39063666496 5.02019312232
