data/recharge/transience/oldversion/mHM_recahrge_244.ASC
ncols   80
nrows    72
xllcorner    4374000.0
yllcorner    5656000.0
cellsize      500
NODATA_value  -9999
[rows 26 to 51 of 72, columns 0 to 56 of 80]
-9999 -9999 -9999 -9999 -9999 -9999 -9999 -9999 -9999 -9999 -9999 -9999 -9999 15.0180741788 15.5902062431 15.6778702179 15.480841225 15.3726054247 15.1221602711 14.7440021498 14.8153621408 15.1535292563 14.9962882318 12.1007381377 16.2143360219 15.8181036126 15.2806884505 14.6626377169 14.698450499 15.0817084002 14.7092063072 14.4585143194 14.6917716845 20.0148890326 17.2008680864 6.35251464266 12.9681697703 19.0673320383 16.21238734 12.2436670025 11.6995333736 13.4873618957 11.6143230809 13.681534242 14.2293681198 14.765354631 14.3054180187 14.0439676149 13.5665303903 11.5066897896 9.91535618875 10.106592434 10.3759038254 10.3613501837 6.23647516632 9.10700872987 8.89278460689
-9999 -9999 -9999 -9999 -9999 -9999 -9999 -9999 -9999 -9999 -9999 -9999 -9999 -9999 15.1566466439 15.1208709838 14.9163859676 14.9868006743 15.1622279202 15.4180895153 15.1353341936 15.4964531293 15.2417188188 15.1843416539 15.0356168861 14.7176159472 15.1551203955 16.8167665931 15.3456184742 14.3559416849 14.9781818841 15.596303687 15.1812749775 21.6776160658 18.8656463166 9.91786896126 14.1809963116 14.9616781709 12.6738386544 9.65248464136 9.52311867428 12.0458444798 13.5081696843 12.2901470221 10.8378585691 11.5353897032 10.6212744963 9.7625616812 10.0140178668 10.7795019024 10.3723666018 9.15579314516 8.7693699466 8.56887383702 5.67987075408 9.60542846628 13.917327504
-9999 -9999 -9999 -9999 -9999 -9999 -9999 -9999 -9999 -9999 -9999 -9999 -9999 -9999 4.04089814474 8.7843545788 14.9012260658 15.0716079409 15.1270728646 15.2440259267 15.4150478982 15.2761770935 14.7181980376 15.4172452716 15.4183449645 15.8806729321 14.6717776786 14.4081304787 15.0001249678 15.9529851446 11.8078325572 6.11344976554 14.8334427801 19.6364427793 21.9423568574 7.3577024279 13.3694533338 11.8853309224 9.16632705771 8.72363457988 10.4164602998 11.1745306389 11.3979011476 12.5847183359 11.8106763447 10.8032093863 7.55831075716 4.99992491827 5.64939076347 8.99807477149 10.5876254288 11.2980129766 11.7095604954 11.9089356481 10.5793755288 10.7488372652 20.6321358937
-9999 -9999 -9999 -9999 -9999 -9999 -9999 -9999 -9999 -9999 -9999 -9999 -9999 -9999 6.15575353428 9.41916864174 14.940689895 15.486845714 15.5361195458 15.4785723485 15.4154119086 15.5377576048 15.6961063228 15.1636212356 14.9223115191 14.5523276878 14.9796115753 14.8561354728 14.3542534938 14.7798933101 14.7690740055 13.8390856321 14.5912474069 21.2416404583 22.7271609818 6.29374363933 8.52104538409 19.0013018136 4.59746846439 7.4472997181 10.7797675944 11.4603593874 10.746814458 10.9193764961 10.2588964588 10.9155627887 9.38090019081 10.8179949411 13.59769115 15.5177507525 15.2979286299 11.6273685671 14.807067925 13.8403334076 12.2304555068 13.7075007759 12.1621267757
-9999 -9999 -9999 -9999 -9999 -9999 -9999 -9999 -9999 -9999 -9999 -9999 -9999 -9999 16.2235271506 15.4894125606 15.6165881315 15.8959918376 15.6394059417 15.8488260462 15.3057853781 15.1247494659 14.9951287358 15.1340412082 14.9673005942 15.1737487716 14.8424844641 15.1079374591 14.8992331462 14.5971931967 14.8432936327 15.1921910343 14.9887154732 8.44370930486 6.29496620108 6.33378336406 6.0458194337 13.4192532383 5.51305725616 7.67812255409 11.747937959 11.0374854293 9.0700328662 9.47257415798 8.90798489752 9.56148625156 12.880123949 15.1416215607 21.2674069002 22.4531869312 19.0353052646 20.0239075421 15.606632929 14.2159820009 12.2909073983 11.3394202388 11.8054210855
-9999 -9999 -9999 -9999 -9999 -9999 -9999 -9999 -9999 -9999 -9999 -9999 -9999 -9999 -9999 14.8254673341 15.1573423292 15.1361584875 15.2244481478 14.5755729348 14.640623174 14.8144064472 15.0643219821 15.1305456532 14.9874934174 14.9929889748 14.6064779208 14.7419405157 7.40482512769 14.1835564415 13.9992922753 13.954748891 13.4176711193 8.48789575733 6.57752808872 6.61137671355 6.50197323516 6.43159606697 6.3801441568 5.88915005352 5.10308702149 7.52372862454 7.91096818879 9.21786845865 9.66793827056 9.64400019416 7.72384597337 8.2572659095 11.1523775764 12.4878522461 9.53537652765 9.02618504675 11.0252534573 13.7669298225 13.261554528 13.1792701516 12.1196108364
-9999 -9999 -9999 -9999 -9999 -9999 -9999 -9999 -9999 -9999 -9999 -9999 -9999 -9999 -9999 -9999 14.5508563249 14.3223385505 14.5302868878 15.4975063903 15.5892677912 15.5939052905 14.7734056467 14.4273109823 14.9732978979 14.5665405392 14.4695020955 12.4243975933 6.77928942617 11.7671542428 14.72660881 8.8029667088 6.39864476153 4.31533026779 6.13043085249 6.48185475134 6.51349982478 6.78955639495 6.78035120988 8.90663267083 18.1991479409 17.1434593346 17.1332632796 11.7811836695 7.09709061319 5.82421516486 4.97788153201 11.2117478116 9.05539479189 7.91223080111 9.34177156218 11.5271052048 10.0324819563 9.11809983268 9.72326057849 9.17929357214 8.76848983794
-9999 -9999 -9999 -9999 -9999 -9999 -9999 -9999 -9999 -9999 -9999 -9999 -9999 -9999 -9999 -9999 15.3569408318 15.2321737453 15.4720759037 15.4100209839 14.90081241 14.9598364259 14.9025526887 14.7015067304 14.783549577 15.1272124972 14.7401853084 14.3013784754 7.35938585886 10.929841897 7.80372025172 5.50317390945 6.58406536477 4.73316096349 6.55650678258 6.32451848299 8.14538440388 6.8866348079 6.72459335525 6.94545781102 15.4728908414 10.6500553646 16.10751111 19.8953260939 15.0287222042 11.2077009912 12.0724712734 9.01269380626 7.84014771998 8.82816511448 10.309201365 10.566407609 11.8880072588 12.2457146688 13.2314454473 11.3684029382 8.8132322651
-9999 -9999 -9999 -9999 -9999 -9999 -9999 -9999 -9999 -9999 -9999 -9999 -9999 -9999 -9999 12.2238191775 13.1354350562 13.9208892592 14.8714163844 14.6623165234 14.6006812528 14.3714263131 14.3518385399 14.2278921128 14.194496995 14.5326616013 14.4896416582 14.5917094551 9.58705690794 12.8096932729 14.1676674524 14.3243243955 14.6346374186 10.3833349481 9.57634214693 16.2658920881 13.882388525 13.7536705376 11.3672931741 5.83764498168 13.578670106 15.3662250322 12.7020989148 12.5175093055 12.7564177902 9.92708750694 6.63016778815 6.84018828218 8.77627207839 10.3058135592 9.00369006655 7.89028243646 8.3326689373 8.86016223766 9.23882974286 9.38474840878 9.79381327628
-9999 -9999 -9999 -9999 -9999 -9999 -9999 -9999 -9999 -9999 -9999 -9999 -9999 -9999 13.119243439 12.7630508149 13.3525605211 13.3607071298 14.2918803642 14.3545632156 14.4627506528 14.8240077785 14.4677698324 14.591839866 14.1024127964 14.0048675437 13.9734900398 14.0838363934 13.8670937696 13.8802149642 13.5942863984 13.7555511507 13.4049503486 13.9159603419 14.7143260827 21.5719103561 12.97012279 10.0364386088 10.2197485637 14.7178194594 14.1274642892 10.7004675404 9.75374882619 10.5768807961 7.79186623245 6.89819834929 10.7717612027 11.4057106659 10.1424577744 9.05915756633 8.43832230312 8.39125176738 8.67700873521 8.55441819677 8.23245493742 8.52690677469 8.38647098973
-9999 -9999 -9999 -9999 -9999 -9999 -9999 -9999 -9999 -9999 -9999 -9999 -9999 -9999 12.8308251059 13.3263313287 13.7104442692 12.8114018116 12.5462483343 12.7916939228 13.3700594258 13.9924053527 13.9935467113 14.2073725477 13.9306571794 13.4426818674 13.6400568357 13.8079717308 13.824729948 13.8672863334 14.0099519695 14.8577669547 13.6878454842 13.2091022079 12.6602940727 16.6420571012 21.0964224976 22.7976100523 18.0773948234 18.3036477455 20.391107675 19.6844227013 12.1390306703 11.2056683228 10.0214455346 6.52238241077 9.90150248482 13.7118594359 11.7826809172 12.5209837477 12.3430054897 12.300130851 10.5860751957 9.90726320516 10.4762377124 10.2631787885 8.83200483954
-9999 -9999 -9999 -9999 -9999 -9999 -9999 -9999 -9999 -9999 -9999 -9999 -9999 -9999 -9999 -9999 13.8535842342 14.1300001566 14.6540986927 14.5321979538 14.4273557725 13.7628637457 14.5791501436 14.5748609624 14.1943092478 14.0991056091 12.3030877676 12.533433624 12.405742191 13.5037590854 14.4247174781 13.6076193132 13.318920545 12.6020738265 13.0287072542 13.076059134 16.4166891205 17.2257428951 19.8262327452 17.7297646591 13.7043350843 13.847833421 15.8908708021 14.5020205331 7.5896186819 8.75332650734 7.8841332348 9.77291614143 9.7189471231 10.5438004895 10.282174797 10.4390886977 9.7844495267 9.068638884 7.38202529851 7.6398952097 9.374129712
-9999 -9999 -9999 -9999 -9999 -9999 -9999 -9999 -9999 -9999 -9999 -9999 -9999 -9999 -9999 -9999 13.9148496751 13.6965801699 14.2082843133 12.9657645655 13.7068631345 13.9459826745 13.3489157097 13.5953602549 14.2466011109 14.1506662692 13.5236431853 13.3609000669 13.5047282821 13.5012162795 14.3774325327 14.1175713557 13.4370403183 12.5964650204 11.450831006 11.748484033 12.0459617618 12.7350072331 11.1390813978 10.4380254116 11.4557652254 12.8365173084 6.76949747075 9.57507668053 14.3113831228 7.85504697349 4.64805889273 6.82329710827 8.8023256267 7.65373920774 6.67433659026 6.73654470857 5.79209892373 6.33081227354 6.11794044406 6.13737181657 6.01400877513
-9999 -9999 -9999 -9999 -9999 -9999 -9999 -9999 -9999 -9999 -9999 -9999 -9999 -9999 -9999 -9999 -9999 -9999 14.2722410981 13.4380043844 13.1968980884 13.6662009541 14.6872727091 14.2491502637 13.9758931795 14.1250724879 13.2392992219 13.5484876662 13.3752338319 13.2210239672 12.5709957121 12.0357095748 12.1859947445 12.5425300764 11.3649527425 12.2804674994 12.3777921711 11.058674134 10.7974061404 12.0844440651 10.5908093784 9.99995162286 9.12396453904 9.0881315378 8.73953423372 9.99397583997 5.41686049145 5.46653265553 7.58961203348 7.15159662523 7.18625190243 7.63820509388 5.88892677249 6.0037812305 6.44366467568 6.71736570794 6.3370111982
-9999 -9999 -9999 -9999 -9999 -9999 -9999 -9999 -9999 -9999 -9999 -9999 -9999 -9999 -9999 -9999 -9999 -9999 -9999 12.3334201626 12.8827077058 13.1500227673 13.5243697242 14.5948043415 14.0308064902 13.7490156304 13.430608781 12.8344487363 11.8898268884 11.7218394151 12.1619160198 12.4171605085 11.852039048 11.5558163865 10.7379764081 10.2752580263 10.207173227 11.3896312483 10.7719608549 11.2932424995 9.85472087788 9.43032571237 8.37211000237 9.4482353427 9.39591158457 9.60116973863 8.44141590817 4.92470537369 4.00648380417 6.68212475556 6.61275201293 6.49123345788 5.4842434003 5.4478429016 6.04899041161 5.86789438241 5.03244152839
-9999 -9999 -9999 -9999 -9999 -9999 -9999 -9999 -9999 -9999 -9999 -9999 -9999 -9999 -9999 -9999 -9999 -9999 13.3352439117 13.7588858034 14.4384617832 14.2943951051 13.6589904273 13.6262180897 13.89017767 13.7358221034 13.3501929853 13.5997115316 12.5507307391 12.2006732996 7.40349270535 3.90962997462 10.3684264846 12.0515854524 11.8293363252 12.5800994882 13.5531458499 13.3405413697 13.0778118024 12.6608580121 11.7193982909 9.85376999732 9.11669348143 6.11313192294 7.27905190938 6.64680512749 9.0789974494 12.0444308938 8.67298168369 4.935707575 7.43222279492 9.45629444565 9.62463936807 8.6726931214 7.3390581518 6.75964405087 6.24597965404
-9999 -9999 -9999 -9999 -9999 -9999 -9999 -9999 -9999 -9999 -9999 -9999 -9999 -9999 -9999 -9999 -9999 -9999 -9999 14.0515935393 14.3641002599 14.0877165484 13.4690113305 13.4411483042 13.9594626842 13.8605305248 13.1338305615 13.2162757876 13.1682291636 14.109407772 8.7067859344 8.67365323736 13.4360005268 12.4082608114 9.81529757469 9.08674199384 9.99211530258 9.41657431727 8.88667504013 8.89787896597 8.94266289044 9.94374892902 8.42369863902 6.41921202661 5.85669135123 11.0788827267 10.0600622691 8.99823448543 9.15745014434 6.16310112118 2.84901397805 6.77451035633 6.8395185539 5.15800847113 8.84867015217 4.8760314818 4.69429285869
-9999 -9999 -9999 -9999 -9999 -9999 -9999 -9999 -9999 -9999 -9999 -9999 -9999 -9999 -9999 -9999 -9999 -9999 -9999 -9999 13.5058893927 13.9396593532 13.5239966485 13.6984467643 13.0529413609 13.6694209869 13.1737506702 13.4450541389 14.2595056825 13.6573817617 13.0054934682 12.717845649 12.3826188779 8.37339611506 6.71444716984 8.95679353756 11.5776399574 11.9120289744 11.9900442573 11.4535369872 9.99381656516 11.2504781552 11.192379752 10.4890800935 11.7652014271 10.9595902918 9.84619779523 10.4959209317 9.89284284794 10.2900807055 7.90147538023 5.36799580188 3.19247937038 4.13925136765 7.23288915685 3.77656844276 3.78591106731
-9999 -9999 -9999 -9999 -9999 -9999 -9999 -9999 -9999 -9999 -9999 -9999 -9999 -9999 -9999 -9999 -9999 -9999 -9999 -9999 -9999 13.2890716741 13.3983096169 13.4911104088 12.6550713417 12.1819154851 12.5361845555 13.3008744884 12.7449909925 12.3338346163 12.0725479016 13.4994724332 12.604310425 5.56877874444 12.1300244907 13.0976043062 11.7170873861 10.7463436927 10.2641848074 10.3836688459 11.5805717209 11.8319690687 12.2642208112 10.4450662403 9.33611446382 7.98780891405 8.88923231916 9.39034260153 9.15508227663 10.2655620142 12.306298068 7.79605659669 7.31425036476 4.71170731822 2.01045593212 2.45363419847 2.71421324369
-9999 -9999 -9999 -9999 -9999 -9999 -9999 -9999 -9999 -9999 -9999 -9999 -9999 -9999 -9999 -9999 -9999 -9999 -9999 -9999 -9999 12.4909134199 12.8255541666 12.8163074783 13.8774356213 14.1351559427 13.8322558132 13.7381762256 13.2302329472 12.36764874 4.8555538546 11.7499230301 13.7104315204 12.7790169885 10.7794303591 11.1038500546 10.6744981862 10.966171932 10.5954804361 11.5472562369 11.6251437464 11.4205191489 10.1791219137 10.011391565 10.8253139231 10.5308211029 9.97114524891 9.83285368031 7.87955962312 8.06476706316 5.9319808743 3.68092769894 5.01382481706 3.37556778999 3.09800885687 2.14736846216 2.21793412916
-9999 -9999 -9999 -9999 -9999 -9999 -9999 -9999 -9999 -9999 -9999 -9999 -9999 -9999 -9999 -9999 -9999 -9999 -9999 -9999 -9999 -9999 12.763531272 13.4108891984 13.7250570456 13.1603519935 12.9320803371 13.3834148418 12.6119652366 12.6823591096 13.223470436 13.501222668 12.5851652412 12.1603367338 12.5542821833 11.4884761602 11.8117283235 11.4951899094 11.3359345789 11.3044833269 11.3243542261 9.52688823531 9.8095948846 10.945153936 8.2352970115 7.63727999198 6.76839847768 7.84809111856 9.02180694708 7.3722939641 2.85303448842 4.52222924952 10.342347363 4.42433308039 2.06842751603 1.85579843024 1.97811853547
-9999 -9999 -9999 -9999 -9999 -9999 -9999 -9999 -9999 -9999 -9999 -9999 -9999 -9999 -9999 -9999 -9999 -9999 -9999 -9999 -9999 -9999 12.9723996486 12.7958475259 13.4552036818 13.7919079561 13.5668567848 12.6623818258 12.8420611039 13.0243941132 12.8539167057 12.9751031706 13.1442787878 12.3447596437 11.5630935473 12.7275750004 11.5037086773 11.3579794038 12.0937269727 11.8774041606 10.0979068171 11.4240503797 9.88879983248 8.86197792412 8.28229465169 8.95497003212 10.0082214105 10.0202088929 7.29814304548 6.80865922615 5.50501365774 8.56300583806 3.53118840761 7.26339658791 4.05496451216 3.65217916212 2.72411750239
-9999 -9999 -9999 -9999 -9999 -9999 -9999 -9999 -9999 -9999 -9999 -9999 -9999 -9999 -9999 -9999 -9999 -9999 -9999 -9999 -9999 -9999 12.6191126753 12.9842253789 13.9666916793 13.286542841 13.3224167982 13.0537463245 12.9313506845 13.3384837362 12.926278189 12.3780695437 12.2286639279 12.124159509 12.5445764475 11.0828937401 11.068785415 12.2635612487 11.6534802124 11.2564645647 11.2726519268 10.2200311472 8.67119979539 9.68525527239 10.5246860606 10.1600744484 9.74220329798 9.02071390598 7.72709436887 7.73729354592 8.79083351943 7.85446547931 5.59446256694 6.12395179687 6.83131925942 7.43875362153 3.94832146878
-9999 -9999 -9999 -9999 -9999 -9999 -9999 -9999 -9999 -9999 -9999 -9999 -9999 -9999 -9999 -9999 -9999 -9999 -9999 -9999 -9999 -9999 -9999 13.3296670401 14.3662992002 13.4749739838 12.9641161041 12.9101530913 12.8492757361 13.0830940224 12.9528960423 13.3588704805 13.1969569685 13.4213951371 11.9822324176 12.4304103727 12.6346769703 12.0111679903 10.2183498963 9.9809645873 8.68349857373 9.93589668419 11.0457344617 11.0677465092 10.2480545501 9.69666570901 7.02820534172 6.41434496641 6.17458092461 6.51278390832 5.52098109049 6.45271502747 6.93554305761 8.60230313884 4.56194758165 3.41439794723 6.20880081395
-9999 -9999 -9999 -9999 -9999 -9999 -9999 -9999 -9999 -9999 -9999 -9999 -9999 -9999 -9999 -9999 -9999 -9999 -9999 -9999 -9999 -9999 -9999 11.9200416371 13.2618008854 13.3192292681 13.196464512 13.2473482514 12.9427166319 13.2161139512 13.2125725033 13.5288610235 13.1661190206 12.8775966555 12.250032335 12.0593037202 11.6154309046 10.9969020723 8.636714671 5.42718072585 11.8976668684 11.9907310417 11.5796774701 10.0510512542 8.38726956518 8.73664154431 9.29911995696 9.561120122 8.26829960691 8.13929062456 8.69773283976 8.90929107712 6.8121727363 5.88060442624 5.5516538014 7.46148455188 5.77372134481
-9999 -9999 -9999 -9999 -9999 -9999 -9999 -9999 -9999 -9999 -9999 -9999 -9999 -9999 -9999 -9999 -9999 -9999 -9999 -9999 -9999 -9999 -9999 -9999 13.9710690578 13.4117145389 13.2850807809 13.0943632226 12.9716285809 12.9980121348 11.7483757119 7.85063970752 10.6359520797 12.9811750717 13.0682559996 11.1369520169 10.5381114323 12.0613660113 11.0959717782 10.2275272665 12.4413661783 10.1838383444 8.41338772582 9.14566480913 10.0875146412 9.66477571833 8.08309506279 9.04959497244 9.58820692892 8.75778566925 7.27804005521 5.92351080777 4.74048604448 6.57434566805 7.55918462258 5.97659157008 6.19278440182
