data/recharge/transience/oldversion/mHM_recahrge_386.ASC
ncols   80
nrows    72
xllcorner    4374000.0
yllcorner    5656000.0
cellsize      500
NODATA_value  -9999
[rows 0 to 25 of 72, columns 0 to 56 of 80]
-9999 -9999 -9999 -9999 -9999 -9999 -9999 -9999 -9999 -9999 -9999 -9999 38.0281151012 39.4577513713 -9999 -9999 -9999 -9999 -9999 -9999 -9999 -9999 -9999 -9999 -9999 -9999 -9999 -9999 -9999 -9999 -9999 -9999 -9999 -9999 -9999 -9999 -9999 -9999 -9999 -9999 -9999 -9999 -9999 -9999 -9999 -9999 -9999 -9999 -9999 -9999 -9999 -9999 -9999 -9999 -9999 -9999 -9999
-9999 -9999 -9999 -9999 -9999 -9999 -9999 -9999 -9999 -9999 -9999 -9999 35.1191024449 32.8488078316 32.7641835123 -9999 33.1517961755 -9999 -9999 -9999 -9999 -9999 -9999 -9999 -9999 -9999 -9999 -9999 -9999 -9999 -9999 -9999 -9999 -9999 -9999 -9999 -9999 -9999 -9999 -9999 -9999 -9999 -9999 -9999 -9999 -9999 -9999 -9999 -9999 -9999 -9999 -9999 -9999 -9999 -9999 -9999 -9999
-9999 -9999 -9999 -9999 -9999 -9999 -9999 -9999 -9999 -9999 35.1323392603 33.8749693538 35.6224214247 32.761839405 30.4795843487 33.0372996091 34.050755449 36.1630867641 -9999 -9999 -9999 -9999 -9999 -9999 -9999 -9999 -9999 -9999 -9999 -9999 -9999 -9999 -9999 -9999 -9999 -9999 -9999 -9999 -9999 -9999 -9999 -9999 -9999 -9999 -9999 -9999 -9999 -9999 -9999 -9999 -9999 -9999 -9999 -9999 -9999 -9999 -9999
-9999 -9999 -9999 -9999 -9999 -9999 -9999 -9999 -9999 35.73420882 33.6416273736 32.8506400707 32.5848555137 33.0963722152 30.7759309235 31.8640366428 33.9516795876 34.7543043158 -9999 33.9318936716 -9999 -9999 -9999 -9999 37.4310203649 38.9936805687 -9999 -9999 -9999 -9999 -9999 -9999 -9999 -9999 -9999 -9999 -9999 -9999 -9999 -9999 -9999 -9999 -9999 -9999 -9999 -9999 -9999 -9999 -9999 -9999 -9999 -9999 -9999 -9999 -9999 -9999 -9999
-9999 -9999 -9999 -9999 -9999 -9999 -9999 -9999 37.2202822399 36.0531297359 32.9266426023 32.8733608755 31.0869398361 31.0185164537 30.1535440834 30.8987368479 32.451332709 32.416437302 33.8626960934 31.1855170303 30.3643958498 30.9738905862 -9999 35.9962389004 36.269043269 38.1125899529 -9999 -9999 -9999 -9999 -9999 -9999 -9999 -9999 -9999 -9999 -9999 -9999 -9999 -9999 -9999 -9999 -9999 -9999 -9999 -9999 -9999 -9999 -9999 -9999 -9999 -9999 -9999 -9999 -9999 -9999 -9999
-9999 -9999 -9999 -9999 -9999 -9999 40.0576866428 37.7409060211 35.6318060134 35.5764450621 33.6984252565 32.9396012928 31.5553812243 31.7413554486 30.550154191 30.694091432 31.7977074367 30.9759716176 30.538341578 30.1068902768 29.8403199656 30.0310823197 35.4116168559 35.3131043464 36.1941852557 37.3400039509 39.7903460736 -9999 -9999 -9999 -9999 -9999 -9999 -9999 -9999 -9999 -9999 -9999 -9999 -9999 -9999 -9999 -9999 -9999 -9999 -9999 -9999 -9999 -9999 -9999 -9999 -9999 -9999 -9999 -9999 -9999 -9999
-9999 -9999 -9999 -9999 -9999 -9999 37.6872953999 36.2939699619 33.3963671645 32.9076013482 32.3686288061 32.4886717699 30.8298333565 30.85024302 30.5028982288 30.3593968723 31.4378504553 24.8152668613 29.7850360945 30.3218319941 30.1605934378 31.1334970621 30.9223865892 32.433588668 35.8529393643 35.2545062528 37.2705576618 35.4894180879 36.1348183379 36.4754036188 36.014743486 37.1894975528 -9999 -9999 -9999 -9999 -9999 -9999 -9999 -9999 -9999 -9999 -9999 -9999 -9999 -9999 -9999 -9999 -9999 -9999 -9999 -9999 -9999 -9999 -9999 -9999 -9999
-9999 -9999 -9999 -9999 -9999 37.9123439509 37.1798715875 35.9389777962 33.6661976001 33.7544948608 32.800057975 31.777633936 30.3152956283 30.4661948621 31.1532087452 31.3580821893 24.5887969135 12.8586930759 23.5220956426 30.6437225316 30.4827099109 30.4746911383 30.3229974295 30.3693275583 34.9875027669 35.7601801002 37.4186495457 35.6844945754 34.378539772 34.7678928673 35.4359994608 36.8027944657 36.6613752041 37.1670945055 -9999 -9999 -9999 -9999 -9999 -9999 -9999 -9999 -9999 -9999 -9999 -9999 -9999 -9999 -9999 -9999 -9999 -9999 -9999 -9999 -9999 -9999 -9999
-9999 -9999 -9999 -9999 -9999 38.4180213101 35.2421335985 35.6741754296 33.4212819482 33.2348446598 32.4070055011 32.4380177835 22.4645539663 18.5322516178 31.3360585363 31.0262629742 26.7808434558 10.9318252386 19.8718326607 26.8288422019 31.7428787073 31.1592101739 31.1524827632 31.4179414177 31.2619058607 30.9320170126 35.2872114645 34.8930888615 31.4442025605 30.365660604 29.3640979205 31.891189712 33.5577964825 34.1984428243 35.5803851068 36.9065620839 -9999 -9999 -9999 -9999 38.4677405892 34.8975789492 -9999 -9999 -9999 -9999 -9999 -9999 -9999 -9999 -9999 -9999 -9999 -9999 -9999 -9999 -9999
-9999 -9999 -9999 -9999 -9999 38.2427745132 36.7682634972 35.5602925008 33.1051596097 34.0004721574 33.4557438687 33.3676254041 31.0566411047 30.403287456 31.8477632738 31.8809082666 30.455964131 32.0948637041 32.1768647725 31.6824138321 31.5869719316 30.6670348859 30.7433681555 30.7740416983 31.1158116013 32.3013259333 34.587721059 34.7661504039 32.7415558935 29.4727318945 20.1855925141 26.4743118337 32.6303079058 34.4014613317 37.4741637013 35.4274236011 36.292028829 -9999 -9999 36.9620069159 35.4896177654 36.3255394563 35.9745570209 -9999 -9999 -9999 -9999 -9999 -9999 -9999 -9999 -9999 -9999 -9999 -9999 -9999 -9999
-9999 -9999 -9999 -9999 -9999 -9999 37.9852714235 36.7949877034 35.4400666244 36.6105604036 34.1766984567 33.7490950306 33.5107547219 35.5658582267 31.0674833538 31.3068814197 31.4570138899 31.9644547626 31.9792508955 31.8903605969 32.0388414477 31.3255560434 30.8825364365 32.2175510513 31.7902718533 31.8495649302 33.5284504063 34.7135816319 32.2545200509 31.2037034728 28.8651326387 30.9074523013 32.5041625458 33.4107853884 34.1819006294 32.1701953222 34.9523258748 38.2595416915 34.1425011352 33.5507058339 34.374654783 35.0640655189 36.1921876028 37.5054161794 -9999 -9999 -9999 -9999 42.4358431772 41.9034380298 9.50649411075 -9999 -9999 -9999 -9999 -9999 -9999
-9999 -9999 -9999 -9999 -9999 -9999 -9999 39.705403376 35.8922317103 35.1084154192 34.1909048744 35.2240048772 34.2442522965 33.0963065509 32.4067346122 32.2794128761 31.4431296997 31.3419317025 31.3167764061 30.8680887341 31.427497279 30.7185862762 30.8522806509 32.1155516153 32.2030175026 31.3558102575 33.9123732203 31.2028910245 31.7942918741 31.2377077158 31.2193170825 30.4664401418 31.9871328538 31.0913020091 32.2404837762 33.0285220265 35.8301844952 36.1697921293 34.9324081374 34.1166217441 33.737825164 35.7358886547 38.9179996125 37.0751022407 36.1602441779 38.1380148848 38.1028259875 37.5913014378 36.9965396741 39.1616375937 34.0595630155 28.3618811093 -9999 -9999 -9999 -9999 -9999
-9999 -9999 -9999 -9999 -9999 -9999 -9999 -9999 37.2105995145 37.4545601799 35.5396393837 34.9890272795 33.5860289343 34.785340029 35.8644821923 34.8136291603 31.8781768461 32.6206833787 32.2859137473 31.2524575081 31.2499017889 31.2181569753 40.5568623691 52.1989243216 50.988057221 52.0226860789 37.4680719754 31.548699638 31.0826276525 31.4782012396 31.3806064461 31.13699693 30.9367558542 31.8830344525 31.6854150495 31.4049012394 31.686045408 32.2123467267 33.3385508118 34.8658651794 38.171594028 38.1263562864 35.0891919458 34.6032547802 34.1288511027 33.5891775762 34.3696159733 33.9911226073 33.449518622 36.2025297011 36.224011026 36.358735122 33.3679661614 -9999 -9999 -9999 -9999
-9999 -9999 -9999 -9999 -9999 -9999 -9999 -9999 37.2183086537 37.6726793469 35.2734598601 35.6982076421 34.6757348615 34.8509181819 34.3987740998 33.4952293056 31.5423309467 32.0641988526 31.4468934787 31.2291608281 31.613980823 31.3731964224 46.5973838595 54.4607065336 52.568495167 50.3846253901 52.4698635575 37.207793854 32.8818430696 33.0474224359 31.7847833735 31.4692799371 31.6781475374 31.9834343504 31.2729646457 13.4859077503 32.3940766908 32.0734614679 32.5167338275 32.676412776 32.750382998 38.3345203546 35.1676572036 34.6309215951 33.9054269055 33.7797203891 34.3059466554 33.9874307471 34.722823061 35.7271263149 35.2647271876 35.3771555163 32.5385062949 32.4437865041 32.0005994388 32.0746142493 -9999
-9999 -9999 -9999 -9999 -9999 -9999 -9999 -9999 -9999 35.7529309179 34.8029379783 36.3797894348 35.8138083325 35.6243085579 34.2608160116 34.1831374712 33.4003711067 32.1803316562 32.1586114075 32.4638480068 33.6851002558 32.6295331295 35.5342280483 61.0378272345 56.2941560723 55.5746802215 51.8218701116 50.9382140151 41.0001916931 32.5040726381 32.5806293288 32.2827574157 31.6970514628 32.0620895564 30.0451948326 26.1683503563 32.1856660187 32.2371665451 32.1868939746 31.746564906 31.9234321534 33.0024399441 34.700811629 34.9035225865 33.4420680782 32.7676452349 31.6829236575 32.1971215052 34.0326626886 33.6898317791 33.6868375054 33.700666088 30.5703162621 30.9396087546 31.2944398348 31.609555089 27.1982849433
-9999 -9999 -9999 -9999 -9999 -9999 -9999 -9999 -9999 -9999 34.6463271708 35.7884118777 36.1023010769 36.0172036086 34.2033600641 34.2628034392 37.6765425387 36.6823639611 38.1314828187 38.6486079332 36.3674445174 36.5651052061 34.5553847633 44.0488819594 54.571436646 55.8794213656 53.1357894743 51.7364216262 48.7975177209 43.119606162 32.3079977889 31.9977324011 31.2117789102 31.6358641061 31.3923750812 31.4149699361 31.7615212716 32.0728730794 32.2944254701 32.3203580149 31.6076584596 31.6368574543 32.9773934313 34.6953766948 35.2476455569 35.1038992624 34.2939203446 33.0806837738 34.4614285178 35.2120078018 35.4667422458 33.7336986098 31.9608257024 30.0138844789 30.1186084963 30.7527059914 27.127269849
-9999 -9999 -9999 -9999 -9999 -9999 -9999 -9999 -9999 -9999 -9999 18.7185821226 24.8572014304 36.1554494718 34.1742728718 34.5196435848 40.7114555671 41.2550986101 37.9816305303 36.6057137068 33.6385170744 34.438819423 36.1636353254 36.1498532867 39.7950540376 56.2497938432 56.2080518511 54.8867684408 52.2035600758 34.1028720778 44.8282721062 33.2919378057 31.1848871577 31.5716718047 32.2207575967 32.1861573103 31.2711460014 31.1413520771 31.4228103349 31.7337237532 31.0014395969 30.8659411451 31.5789093153 33.4143245395 31.1000679796 32.3692236851 31.1762635033 31.2128066278 32.2558862806 32.3016765233 32.7273474671 32.0752374435 31.2777295176 30.579653719 30.1225757787 30.6348719094 29.3790080078
-9999 -9999 -9999 -9999 -9999 -9999 -9999 -9999 -9999 -9999 -9999 17.8354459059 25.8711088948 34.9390492367 33.7215943267 36.2419832816 38.8096420764 38.3025395524 32.8977749389 32.8098523787 33.2125277118 33.5986743758 33.7771268919 36.9531037778 33.3034855721 33.7815323569 40.528469612 49.2720348149 51.3182623538 48.3525249408 49.7914140313 49.6844551396 46.3925677718 47.6399720747 42.5819102264 33.6545919584 30.7662199642 31.4963834933 30.8717588082 30.3543290236 28.2530880286 30.4288839408 30.4820451528 30.909624157 33.3167728976 32.847566389 32.7873561756 32.7216050232 31.4324023299 30.4440532108 31.8297517421 31.0918693821 29.9802461289 31.8651685696 31.2518210004 30.6980193133 30.3178515365
-9999 -9999 -9999 -9999 -9999 -9999 -9999 -9999 -9999 -9999 -9999 37.4063748135 33.837147576 33.8417189566 32.7783019898 35.3143629834 37.0841145357 35.9922079259 32.3436598956 32.6242721177 32.5259345047 32.6057026578 34.2689176597 36.017988989 32.8654663025 32.6609965077 32.6052889135 32.327099539 32.0999005429 37.9063534041 45.3775179755 52.3908188357 52.4499421797 52.6443042759 45.5219475197 42.6916001204 44.7256397254 44.920427782 33.4119517762 23.9963354784 18.3448615787 30.5881441839 29.9673694749 30.8629419818 32.1619476395 34.2207601109 32.8933868381 32.3979617614 30.7999857356 31.35289138 32.3253746155 33.06157655 33.6679311807 34.3165677437 31.867522575 25.5200850323 25.4386329219
-9999 -9999 -9999 -9999 -9999 -9999 -9999 -9999 -9999 -9999 -9999 -9999 36.37176654 33.5133391093 33.1899932667 32.87305709 35.0860990876 37.2872547493 35.3508924159 32.4964180969 33.1923451965 32.5562707047 32.5000943191 32.7655445938 32.5110668805 32.9022529363 32.9316025176 32.9442195746 32.6591396605 32.5869988723 32.3256839621 32.1147895478 35.8008832738 45.0134717521 47.4039386259 24.545204186 45.6879361254 43.4739586724 46.1167966562 31.3246945241 31.3913247327 30.0213893237 30.4386183818 31.0620279835 31.6615014464 32.3338623502 34.6265520207 32.4505816631 29.6353485014 30.4785896051 31.8044815767 31.0237727108 30.1374701303 30.8181864649 26.3437086553 27.1455641282 15.2408390561
-9999 -9999 -9999 -9999 -9999 -9999 -9999 -9999 -9999 -9999 -9999 38.0595183113 37.6247038323 35.2174600496 33.2437281896 19.5483865754 28.3248080979 34.0263498927 33.7341604398 32.2707376486 32.5115782499 32.4081642394 32.4895833849 32.9710847212 32.6279705375 32.6298207672 32.5208954127 32.5795004071 32.635330372 32.2186995561 31.8974982029 31.9038995841 31.621018109 31.3639106908 31.3244143725 47.3920471638 44.6105568502 40.5927086216 39.8116856418 32.5963879755 31.1007784108 30.4710677796 31.5495080792 32.6105125267 32.9080867241 32.3611481381 32.4869830733 36.2302144785 31.5306649552 31.5310687134 29.7683195357 28.3403364304 26.795843488 26.8474215473 25.6671422618 26.2938997756 27.0390639939
-9999 -9999 -9999 -9999 -9999 -9999 -9999 -9999 -9999 -9999 -9999 38.9711891679 37.4700604674 35.802684018 33.697853652 24.9994338706 31.5954567099 33.1590778498 33.452345878 33.2096093519 26.6604479894 27.7073541186 32.9516979946 32.7596951496 32.5987710011 33.1648800813 21.2462815108 22.275411722 30.5064110484 32.1466671633 31.9052481105 31.9285420781 31.3478494359 31.3431432728 31.2244527178 43.6101120807 41.9666144175 44.4922935953 40.0069472179 40.8290410043 30.417706393 30.9077845045 31.8707147919 32.1411027207 33.764089299 33.7794310423 32.4640698033 32.6498353331 32.9388994735 34.2828765187 31.0301912203 31.0571486551 29.4375428514 29.0857338453 28.0166599335 27.3956304559 23.428094998
-9999 -9999 -9999 -9999 -9999 -9999 -9999 -9999 -9999 -9999 -9999 37.6200636544 37.367680109 35.6104540219 34.5392053519 34.2546277507 33.7879022605 35.8579049273 33.1547231775 33.8739078208 28.117209091 12.248219813 28.0830803601 35.9530032095 33.8842615469 34.0018878492 34.6880996477 35.1569870731 34.620494477 34.0663955057 33.4646765451 32.0971073267 31.6385184738 31.7111421771 31.2874024242 42.1413063009 36.56510539 33.8507948578 38.5265979231 40.3753829058 30.5052094523 31.6119193381 32.5784630511 32.1334986814 33.1012284153 33.9669004439 31.3121072981 31.2667638684 30.7717862135 30.7520696347 31.4427600425 26.791587914 23.5264837921 23.2936370064 22.4531320715 23.035258584 24.4096711104
-9999 -9999 -9999 -9999 -9999 -9999 -9999 -9999 -9999 -9999 -9999 -9999 38.7272662782 36.3935244783 35.371846199 34.8761693138 36.9720627146 36.1752123882 33.438303818 32.8168078386 34.2737069939 34.8620381307 35.9019039021 34.2749277218 33.7538813054 33.6783649462 32.6038149217 32.7443161279 32.0658706386 31.6815704951 30.3931816491 33.4967853393 31.0790695009 31.4274150489 30.9676071295 42.4398096626 38.2607423212 35.3272139202 40.5425151184 43.2441659042 30.9312701386 30.7404041749 30.880129941 33.0708028381 33.7359881232 33.2895405662 30.7723235729 30.3227219913 30.075576724 30.5402046162 30.7038254447 19.1140520898 22.1643909911 29.8093667897 23.9840810195 24.164329675 23.5629110885
-9999 -9999 -9999 -9999 -9999 -9999 -9999 -9999 -9999 -9999 -9999 -9999 41.7828930694 38.9681516691 36.8979922103 42.5975106094 40.0805262677 38.7912555882 36.8316452357 34.6884024615 33.3787393212 33.8140597541 36.4950268581 35.6553934072 34.6035058305 34.948261728 34.669864545 34.405042378 33.0434494792 33.7713329468 32.4700329323 32.9247797546 33.7722205494 32.1331291898 43.9838733454 41.3356076487 37.3745419924 40.7862547572 44.2353745462 41.143012439 33.5297369215 31.4692562017 30.602160761 30.6465017313 31.1217772872 31.1760159018 30.8871850069 30.5918783756 30.2056722169 30.661232494 30.4453423619 28.2031054309 31.8117184727 23.1663589896 18.7678132498 20.8546066281 17.9239307999
-9999 -9999 -9999 -9999 -9999 -9999 -9999 -9999 -9999 -9999 -9999 -9999 41.8962636918 40.4380675086 36.9091795824 41.5531830993 38.4598894522 35.7210872232 36.1890023349 38.2455931713 33.8237171333 32.7644876205 33.5345884015 26.1299588325 29.0896742584 33.6844944955 35.2590462309 34.5219485324 33.0992275512 32.7264887197 31.5799726657 31.2234805143 33.5070780501 35.796838481 40.4790360565 36.4274286504 38.8178353811 41.2857138407 39.1261853807 27.4713959464 24.9012927788 29.5694460923 33.1702727797 30.9445400376 30.922030922 30.5361670609 30.5179691039 30.8635287992 30.9985712712 31.3916268002 31.5917127022 31.6452321424 21.992495013 19.8542028423 19.2208618334 19.6634536096 18.8830033616
