data/recharge/transience/oldversion/mHM_recahrge_29.ASC
ncols   80
nrows    72
xllcorner    4374000.0
yllcorner    5656000.0
cellsize      500
NODATA_value  -9999
[rows 25 to 49 of 72, columns 0 to 56 of 80]
-9999 -9999 -9999 -9999 -9999 -9999 -9999 -9999 -9999 -9999 -9999 -9999 4.34538934287 4.07069160626 3.62828983905 3.78817738628 3.0974414037 3.0381724895 2.87941002867 3.18410193399 2.76870355889 2.57006786412 2.29074814674 1.16721185531 1.81811447217 2.69768213969 2.83372304039 2.73269774108 2.33420335026 2.13477770179 1.89561719349 1.7874862117 1.35169800678 1.39703016538 2.14597735356 0.901076964622 1.15625085212 2.4946428419 2.04109464198 1.5406720047 1.26684203947 1.00122217561 0.883105356504 0.914060846825 0.846548054111 0.872051468373 0.845410010947 0.838933545252 0.80610412017 0.888922335947 0.864096527386 0.914879750404 0.800705076124 0.662939499104 0.662225672729 0.696718183764 0.670601485406
-9999 -9999 -9999 -9999 -9999 -9999 -9999 -9999 -9999 -9999 -9999 -9999 -9999 3.55439272313 3.72291999057 3.84187067493 3.59387708866 3.59434567194 3.16126174908 2.94033643564 2.76061314961 2.87580265192 2.77431456959 2.13542980679 2.65410176377 2.52499552651 2.45747698933 2.3975515087 2.23344806207 2.3640072997 2.06549085972 1.94359682772 1.30945111726 2.20609169302 2.14427006538 0.231047593499 0.600731555255 2.30906911502 1.92617602735 1.26174547394 1.08926981748 1.36804871644 0.960013675649 1.00780023245 0.79800814104 0.737720241256 0.690044519447 0.652440951045 0.589474638148 0.580405227924 0.64033966509 0.709337643285 0.759552854194 0.633762237657 0.229996507737 0.594989341467 0.574866472929
-9999 -9999 -9999 -9999 -9999 -9999 -9999 -9999 -9999 -9999 -9999 -9999 -9999 -9999 3.67946348285 3.68374119692 3.34944753871 3.35740827599 3.23127155702 3.37769782609 2.91855115715 3.1351555003 2.71407844656 2.6089607995 2.39891961928 2.26107708595 2.30883834124 2.67884056052 2.28311590582 2.11527278704 2.06181867537 1.8144197825 1.61822606992 2.4721856516 2.39402560939 0.397242630529 0.687658972583 1.77151403664 1.34974903671 0.644999238373 0.573670252592 1.11164657251 1.30088079866 1.07939202285 0.80583985853 0.923595135303 0.768412738358 0.574497298645 0.683847898263 0.809005425807 0.751828678017 0.565998161318 0.519101820791 0.358107451595 0.255659660748 0.483366753074 0.75923772298
-9999 -9999 -9999 -9999 -9999 -9999 -9999 -9999 -9999 -9999 -9999 -9999 -9999 -9999 1.10314954438 2.05041235779 3.22938610984 3.38097115938 3.16914885133 3.27733728325 3.14777531125 3.01216819088 2.58613778933 3.03045538614 2.83910494156 2.90650720375 2.0519762699 1.89929871823 1.96097876713 2.17926320466 1.27651108522 0.673359095854 1.52638454511 2.7301968647 3.11769915418 0.337329498042 0.622075795621 1.26817416196 0.629608526892 0.547928606812 0.887378556706 1.05565523695 1.0795670122 1.2546024614 1.0865741168 0.909195967834 0.337617244907 0.166038041516 0.201491343531 0.579630809609 0.899974089338 1.01538284319 1.09173982368 0.570778885398 0.32557574317 0.310948212732 2.25963644557
-9999 -9999 -9999 -9999 -9999 -9999 -9999 -9999 -9999 -9999 -9999 -9999 -9999 -9999 1.55188509095 2.26490941605 3.34166728792 3.56647014885 3.4682579744 3.42801694074 3.11734678034 3.18875558267 3.06900500399 2.81545611838 2.45111756537 2.25911949024 2.19363684432 2.12518519331 1.67356023715 1.86394534504 1.70169310976 1.54664538575 1.42501302372 2.42204618536 2.58951034225 0.316774139349 0.386900285485 2.6174768683 0.267101999107 0.400139814268 0.987753901081 1.13280457084 0.951816472713 0.986413410612 0.822476913071 0.929385295536 0.683138137777 0.928622686914 1.3798819234 1.63041603904 1.57530151628 1.14848427098 1.50537442101 1.35508008791 1.24173646888 1.40705912042 1.11972209455
-9999 -9999 -9999 -9999 -9999 -9999 -9999 -9999 -9999 -9999 -9999 -9999 -9999 -9999 4.47775178094 3.98484568987 3.82801349172 4.14526483566 3.72859690578 3.66071435396 3.10106637833 2.95476786047 2.64435729153 2.77111014517 2.5662985839 2.62975460207 2.19929627607 2.30344968363 1.95864676973 1.83229288534 1.76958380815 1.95587481461 1.70217916453 0.591133939598 0.342011713592 0.3479769053 0.273975517946 0.790826119207 0.215472529154 0.347811216078 0.733671847218 1.03099815842 0.719367442067 0.798202467851 0.679823521812 0.785628026331 1.31264978687 1.67583664476 2.54196333594 2.76296166723 2.1876082012 2.35652865799 1.74190388648 1.54917622467 1.28758325536 1.13037078681 1.20990104007
-9999 -9999 -9999 -9999 -9999 -9999 -9999 -9999 -9999 -9999 -9999 -9999 -9999 -9999 -9999 3.51914658434 3.39643037668 3.40992553778 3.33793556604 2.88677573575 2.71864703915 2.82053274628 2.74722536103 2.75246633808 2.5531403385 2.44544570275 2.05778644675 2.11738639716 1.01818761193 1.76032870795 1.4490480856 1.42916459978 1.19455711777 0.759049315212 0.389302428549 0.395418349772 0.334791050341 0.324416850565 0.290031727691 0.211916583718 0.132516850122 0.202006032473 0.758017132266 0.789877140853 0.74689946442 0.847520506809 0.779878025538 0.848126968406 1.19604456317 1.23134928389 0.796299535674 0.708102480585 1.06601166542 1.53266180689 1.45586510301 1.44119429367 1.2626698031
-9999 -9999 -9999 -9999 -9999 -9999 -9999 -9999 -9999 -9999 -9999 -9999 -9999 -9999 -9999 -9999 3.25647455789 3.16609398121 3.06656292072 3.67820378485 3.48422227149 3.3773131898 2.6905421275 2.55585456076 2.60258757417 2.41113905102 2.16153400317 1.68043370915 0.853801107629 1.46317319475 1.74210817041 1.0407123205 0.961259568266 0.623226918019 0.337170583712 0.396940258064 0.366993815493 0.417363248995 0.384772162956 0.510414712441 1.38737075576 1.18769751594 1.26867666407 1.33302967786 0.750690362968 0.564530728109 0.464947879299 1.15746764729 0.807050339321 0.602533482485 0.866561250967 1.25399500649 0.993925061264 0.831384213811 0.953048761508 0.857098382781 0.802857333152
-9999 -9999 -9999 -9999 -9999 -9999 -9999 -9999 -9999 -9999 -9999 -9999 -9999 -9999 -9999 -9999 3.72549942466 3.74311772314 3.71101905449 3.53352802842 2.93537888748 3.0075590502 2.70490352967 2.71594752759 2.50467596729 2.67887086996 2.29452594371 2.16929752919 0.942380544243 1.27691669214 0.83208079383 0.634190615258 0.716601030956 0.58942644989 0.485340548212 0.368899408099 0.491512890285 0.43677806345 0.374962239641 0.341268490555 0.905591833116 0.412938158852 0.961449890661 2.49302728718 1.69691732789 1.23862103342 0.982847817393 0.405856237834 0.585339869044 0.765134894987 1.04082954978 1.08647271417 1.31993091021 1.38309967482 1.58107570987 1.24026249751 0.810440313446
-9999 -9999 -9999 -9999 -9999 -9999 -9999 -9999 -9999 -9999 -9999 -9999 -9999 -9999 -9999 2.78889143425 2.83618707585 3.23622697005 3.38339403216 3.30476888077 2.99100299699 2.86138356903 2.57673538129 2.55781924598 2.31510449704 2.44211850308 2.24702065468 2.28100810762 1.16763768621 1.58383761395 1.60222929491 1.65199970216 1.61361044964 0.94915516656 0.585368569565 1.3803651048 0.801269462774 0.880898168287 0.604258141915 0.239585404539 0.749377651327 1.45007486051 1.55159254432 1.53034878071 1.56276604237 1.2355483252 0.160928824624 0.271153780874 0.783558771814 1.14683495219 0.912041118034 0.702745301045 0.794291408409 0.8914391822 0.97218656876 0.999008492603 1.11710650808
-9999 -9999 -9999 -9999 -9999 -9999 -9999 -9999 -9999 -9999 -9999 -9999 -9999 -9999 3.12762012816 2.99969456666 2.92166511351 3.40269669777 3.22626244979 3.12296878855 2.87152849899 3.09461325548 2.67385924566 2.74823683425 2.31605308647 2.23355200489 2.04000260873 1.99999668935 1.67895989727 1.67805362019 1.41161747112 1.45058997755 1.26856103775 1.67222433735 1.98002971066 3.30344655876 0.706832012751 0.408429513258 1.33682783887 1.24658943689 0.913510441908 1.32130426327 1.20585787489 1.3059304042 0.96521876848 0.836466285192 0.72663987531 1.32336973755 1.11834985905 0.911687028276 0.803891742925 0.79523792619 0.857534057796 0.835963083944 0.786903094629 0.840966252797 0.846368321893
-9999 -9999 -9999 -9999 -9999 -9999 -9999 -9999 -9999 -9999 -9999 -9999 -9999 -9999 3.17659391734 3.44254416946 3.20821140961 3.24507287317 2.99826657953 2.84897401307 2.53081533507 2.77556915257 2.54850210168 2.65711143024 2.29243960887 2.08654841103 2.22562232801 2.21887177807 1.82007533256 1.69381296395 1.58585157892 1.96699905487 2.28148735239 2.11972273261 1.8953020011 2.7127793495 3.08998297778 3.50364821132 2.42934850024 2.471294286 2.89742297779 2.74736692723 1.57676292632 1.46600003728 1.35696998766 0.88058900131 1.34650045603 1.88849132372 1.53845538373 1.65816517925 1.64788739414 1.63856313551 1.33767787163 1.2070354085 1.34248531405 1.30129250972 1.04310382799
-9999 -9999 -9999 -9999 -9999 -9999 -9999 -9999 -9999 -9999 -9999 -9999 -9999 -9999 -9999 -9999 3.26306102616 4.06019503401 4.0798263553 4.01605876198 3.45254486076 2.71145515857 2.81293036319 2.82251059192 2.40036034214 2.71311564238 2.15762614364 2.23008102867 1.93522868096 2.09522928159 2.00638813407 2.21710383666 2.15081173381 1.92548339547 1.99755165132 2.01166863991 2.49104445888 2.41015220533 2.93807954639 2.72528305305 1.91262897226 1.92852883174 1.55222769561 1.17937617315 1.04190140346 1.20049161578 1.0934350802 1.19616967042 1.13064567988 1.27782558832 1.24484418672 1.27503335249 1.18395155166 1.04649215387 0.739928097014 0.791195294535 1.14739026917
-9999 -9999 -9999 -9999 -9999 -9999 -9999 -9999 -9999 -9999 -9999 -9999 -9999 -9999 -9999 -9999 4.2535430125 4.10582286388 4.03241346162 3.33350058535 3.4154491506 3.39578560042 2.36583318988 2.45093449762 2.50768676827 2.91184548119 2.68206737829 2.60872430137 2.32871293108 2.25214284074 2.45522117671 2.35076969789 2.04057408136 1.95937303137 1.59525745681 1.67931918051 1.73321206621 1.94208178451 1.47668018821 1.33553337995 1.60641399215 1.94839938892 0.456625505064 0.824991561667 2.1811954074 1.14814903179 0.648131964161 0.99581458355 1.05042422315 0.81388366944 0.639785962557 0.653165370026 0.514032505451 0.622293466082 0.614927208667 0.620225810195 0.600722460047
-9999 -9999 -9999 -9999 -9999 -9999 -9999 -9999 -9999 -9999 -9999 -9999 -9999 -9999 -9999 -9999 -9999 -9999 4.07299169014 3.58997108159 3.15324469643 3.3918856139 3.1714116535 2.75877605472 2.39541835769 2.52172060875 2.51790892545 2.57171821623 2.20542208734 2.1473530657 1.80558160934 1.63777711839 1.59234470648 1.79156385976 1.5726930438 1.83889019701 1.83094103148 1.46111215597 1.38458130288 1.73384529862 1.39952335339 1.26100882101 1.0590749352 1.05168633708 1.06656400005 1.37638089802 0.793958441047 0.810100694581 1.17129680568 0.694374680818 0.743982001188 0.838684991684 0.531133138629 0.552977900718 0.681923081738 0.741504044539 0.666246026178
-9999 -9999 -9999 -9999 -9999 -9999 -9999 -9999 -9999 -9999 -9999 -9999 -9999 -9999 -9999 -9999 -9999 -9999 -9999 3.11950299684 3.13113779392 3.28253574477 3.14611062135 3.11228238166 2.53489238214 2.39773033443 1.98665287855 2.22865680051 1.74832993354 1.69373965862 1.72101236964 1.83256314426 1.54033584203 1.45757861939 1.29949406384 1.25785699423 1.2265816444 1.54819397573 1.44167799434 1.60763077539 1.31253412117 1.20872791355 1.00613270649 1.25848234093 1.30910052239 1.35573379241 1.2588425558 0.781367782043 0.642838333838 1.15961280629 0.830330853363 0.715175409028 0.547241154027 0.539345625856 0.706103337156 0.666056898553 0.512448918783
-9999 -9999 -9999 -9999 -9999 -9999 -9999 -9999 -9999 -9999 -9999 -9999 -9999 -9999 -9999 -9999 -9999 -9999 3.69257651246 3.94771467251 4.03098940445 3.9416116385 3.30409683148 2.60629532594 2.47599027308 2.3720094332 1.88328188564 2.10838190531 1.97322519796 1.84846963718 0.635915485277 0.311643096701 1.15625360984 1.63962071845 1.58167688385 1.77081986234 2.01261472809 1.94979710734 1.88422497702 1.83279346557 1.76215715639 1.31169432107 1.18300141513 0.350110257596 0.558611707132 0.421520197436 1.29150333441 1.96691291928 1.43731856511 0.84805183497 1.0676232889 1.72160882493 1.52897977204 1.25830468533 1.00153538154 0.867713815306 0.784521721495
-9999 -9999 -9999 -9999 -9999 -9999 -9999 -9999 -9999 -9999 -9999 -9999 -9999 -9999 -9999 -9999 -9999 -9999 -9999 4.40656706289 4.3481117387 4.15663197615 3.3796688163 2.70698197473 2.63283832671 2.59466626577 1.94798795827 1.94445117433 1.88343944436 2.17654646959 1.02066882971 1.00672930125 1.80062024977 1.80188311568 0.994633642992 0.83497935882 1.19339726298 1.0617782863 0.975628500486 0.97687139583 1.07703038948 1.39444137861 0.864867276548 0.416336157149 0.392229731736 1.48385766308 1.63334241597 1.36189481057 1.69145171397 1.17653424304 0.429253660689 0.2195351855 0.245449756379 0.286482805887 0.721919519965 0.667958208936 0.527394297918
-9999 -9999 -9999 -9999 -9999 -9999 -9999 -9999 -9999 -9999 -9999 -9999 -9999 -9999 -9999 -9999 -9999 -9999 -9999 -9999 3.74738253829 4.03767551274 3.41417472043 3.03538871186 2.24307775985 2.50456038836 1.9660197443 2.02108924113 2.0643660441 1.83112423719 1.48173163836 1.40298385088 1.42079974912 0.802477764029 0.534859420436 0.815435366773 1.61368418478 1.7606310793 1.76738041016 1.65733613546 1.355769575 1.70522077049 1.774473184 1.60307223598 1.99515781483 1.7865070988 1.58035903895 1.74415343004 1.66136072517 1.89801674821 1.56547987168 1.0841660066 0.630678245671 0.362060923937 0.328143438866 0.87355343526 0.928680615704
-9999 -9999 -9999 -9999 -9999 -9999 -9999 -9999 -9999 -9999 -9999 -9999 -9999 -9999 -9999 -9999 -9999 -9999 -9999 -9999 -9999 3.82576213179 3.56587294382 3.54651494432 2.14692307438 1.97853325788 1.83709019117 2.08040142467 1.63478372743 1.50716457202 1.4469706073 1.68832533266 1.7010130961 0.460108314928 1.64587242735 2.13842264276 1.85165982423 1.55155826218 1.43929957781 1.47110212308 1.89042083311 1.97366899575 2.16914591453 1.67599973526 1.4667021478 1.12012398176 1.43293332498 1.56196515794 1.58831038373 1.88419075651 2.58934701468 0.86703808086 1.34427210279 1.12403467107 0.380541809818 0.55445713386 0.714923865719
-9999 -9999 -9999 -9999 -9999 -9999 -9999 -9999 -9999 -9999 -9999 -9999 -9999 -9999 -9999 -9999 -9999 -9999 -9999 -9999 -9999 3.33743081409 3.22035730903 3.2230745491 2.75550489296 2.81299124396 2.32060103371 2.47349606018 2.0264781388 1.63623473194 0.651855932541 1.37104157723 1.98738320468 1.95687391636 1.44416689291 1.63386171477 1.52344952307 1.67859106156 1.60399012588 1.827240743 1.90691317987 1.84079121831 1.52578334592 1.51230585082 1.85984058414 1.78121260512 1.71427027129 1.67772631576 1.27454555241 1.30987482524 0.492268909967 0.230698242624 0.401559709017 0.666548854848 0.786929755452 0.432980470336 0.514292673737
-9999 -9999 -9999 -9999 -9999 -9999 -9999 -9999 -9999 -9999 -9999 -9999 -9999 -9999 -9999 -9999 -9999 -9999 -9999 -9999 -9999 -9999 3.34620653426 3.765697877 2.90365486118 2.5496467584 2.11389628646 2.55977367434 2.23180085232 2.13989172035 1.93881973584 2.05186759968 1.91005607271 2.0162525588 2.23130977555 1.81754157127 1.96960656594 1.86922390349 1.92599179299 1.83513513867 1.90861379873 1.35505785146 1.51353887752 1.86264810139 1.25511691958 1.12946120381 1.00100304412 1.30951708477 1.71400714025 0.668999026495 0.194558195987 0.226336117892 1.39207813722 1.20347571063 0.488253111767 0.395389391998 0.507368422506
-9999 -9999 -9999 -9999 -9999 -9999 -9999 -9999 -9999 -9999 -9999 -9999 -9999 -9999 -9999 -9999 -9999 -9999 -9999 -9999 -9999 -9999 3.46455394189 3.36841762281 2.77491846772 2.85569760766 2.4057341291 2.55503867557 2.36396566812 2.41923305078 2.17852556547 2.23557566204 2.23743378481 2.1707243702 1.84782704917 2.31204517012 1.85041615404 1.80047328149 2.12362291048 2.03678833531 1.52057461316 1.94160987905 1.5376206987 1.24783980434 1.18212293784 1.46813490577 1.86994130953 1.85364189931 1.19264386552 1.02012151665 0.604942142504 0.650669474281 0.964505382901 1.73238921656 1.18091080855 1.07106961853 0.838609068681
-9999 -9999 -9999 -9999 -9999 -9999 -9999 -9999 -9999 -9999 -9999 -9999 -9999 -9999 -9999 -9999 -9999 -9999 -9999 -9999 -9999 -9999 3.38908788197 3.6476456647 3.26515517376 2.81637767819 2.51189715756 3.05390010161 2.51058648119 2.71097553636 2.30187259411 2.04771234789 1.89213805788 2.09835173605 2.32599684762 1.72966750849 1.77436127288 2.23895394212 2.0658114406 1.91291754995 2.01296597093 1.66098277052 1.29888910767 1.59442449704 1.94382174779 1.84917477524 1.9069200238 1.70163804023 1.43495724466 1.43767627629 1.82340647483 1.55704155224 1.58775385727 1.67750745896 1.87791769773 1.9815592106 1.35593804762
-9999 -9999 -9999 -9999 -9999 -9999 -9999 -9999 -9999 -9999 -9999 -9999 -9999 -9999 -9999 -9999 -9999 -9999 -9999 -9999 -9999 -9999 -9999 3.86179293192 3.49077732602 2.90804213338 2.37740178726 3.06362507396 2.50313483948 2.58342758079 2.32134215976 2.514927092 2.32673789125 2.60088195839 2.08223014048 2.27341389936 2.40053989926 2.13691506636 1.56516239504 1.49323497259 1.20481415658 1.57440980754 2.01399591568 2.03567712474 1.85101000793 1.67919176688 1.08124346025 0.974551936231 0.992993010445 1.08757357682 0.884661355186 1.14928585169 1.39102183446 2.17890877128 1.43975020547 0.944055250746 1.59891293679
