data/recharge/transience/oldversion/mHM_recahrge_66.ASC
ncols   80
nrows    72
xllcorner    4374000.0
yllcorner    5656000.0
cellsize      500
NODATA_value  -9999
[rows 0 to 24 of 72, columns 0 to 54 of 80]
-9999 -9999 -9999 -9999 -9999 -9999 -9999 -9999 -9999 -9999 -9999 -9999 1.43299050219 1.46496962748 -9999 -9999 -9999 -9999 -9999 -9999 -9999 -9999 -9999 -9999 -9999 -9999 -9999 -9999 -9999 -9999 -9999 -9999 -9999 -9999 -9999 -9999 -9999 -9999 -9999 -9999 -9999 -9999 -9999 -9999 -9999 -9999 -9999 -9999 -9999 -9999 -9999 -9999 -9999 -9999 -9999
-9999 -9999 -9999 -9999 -9999 -9999 -9999 -9999 -9999 -9999 -9999 -9999 3.15908384378 2.16360423833 1.59596509587 -9999 1.59399235867 -9999 -9999 -9999 -9999 -9999 -9999 -9999 -9999 -9999 -9999 -9999 -9999 -9999 -9999 -9999 -9999 -9999 -9999 -9999 -9999 -9999 -9999 -9999 -9999 -9999 -9999 -9999 -9999 -9999 -9999 -9999 -9999 -9999 -9999 -9999 -9999 -9999 -9999
-9999 -9999 -9999 -9999 -9999 -9999 -9999 -9999 -9999 -9999 2.25437667602 2.20837184471 2.59215389525 2.73832562708 1.62312988441 1.46176076387 1.10326152857 1.15469017275 -9999 -9999 -9999 -9999 -9999 -9999 -9999 -9999 -9999 -9999 -9999 -9999 -9999 -9999 -9999 -9999 -9999 -9999 -9999 -9999 -9999 -9999 -9999 -9999 -9999 -9999 -9999 -9999 -9999 -9999 -9999 -9999 -9999 -9999 -9999 -9999 -9999
-9999 -9999 -9999 -9999 -9999 -9999 -9999 -9999 -9999 2.29131471927 2.24563647285 2.20399500053 2.02097528844 2.20505544283 1.7957345607 1.66626733451 1.4244357013 1.77647494044 -9999 1.93803502985 -9999 -9999 -9999 -9999 1.50065091534 1.55892539949 -9999 -9999 -9999 -9999 -9999 -9999 -9999 -9999 -9999 -9999 -9999 -9999 -9999 -9999 -9999 -9999 -9999 -9999 -9999 -9999 -9999 -9999 -9999 -9999 -9999 -9999 -9999 -9999 -9999
-9999 -9999 -9999 -9999 -9999 -9999 -9999 -9999 3.96351832112 3.13421566038 2.16262013654 2.04304656069 1.80516353194 1.57720042864 1.50151788492 1.37026631632 1.24857115757 1.12538320603 1.07099507058 1.25636898271 1.20077253029 1.32979497009 -9999 1.20842192728 1.8970085723 1.7742236737 -9999 -9999 -9999 -9999 -9999 -9999 -9999 -9999 -9999 -9999 -9999 -9999 -9999 -9999 -9999 -9999 -9999 -9999 -9999 -9999 -9999 -9999 -9999 -9999 -9999 -9999 -9999 -9999 -9999
-9999 -9999 -9999 -9999 -9999 -9999 3.52534316909 2.73721212431 2.42453118275 2.62920803007 2.71011962906 2.81688374041 2.17523146498 1.96935799101 1.45512547793 1.668311324 1.33637387793 1.22177759322 1.26910395445 1.23138880831 1.1403235052 1.26461699733 1.3597863248 1.23705480429 1.41507457997 1.33233807623 1.50050893891 -9999 -9999 -9999 -9999 -9999 -9999 -9999 -9999 -9999 -9999 -9999 -9999 -9999 -9999 -9999 -9999 -9999 -9999 -9999 -9999 -9999 -9999 -9999 -9999 -9999 -9999 -9999 -9999
-9999 -9999 -9999 -9999 -9999 -9999 3.67319952755 3.13057124494 2.14534412011 2.01709469924 1.7169524338 1.84288811996 1.63193833528 1.46638986721 1.21801676742 1.03409598844 1.05085268911 0.814501059552 0.972893211857 0.846663257898 0.927514303614 1.1945157248 1.07754416727 1.15847618872 1.10173047005 0.983307554139 1.44749738902 1.52497653487 1.56682109206 1.41411534895 1.91204864309 1.86986930545 -9999 -9999 -9999 -9999 -9999 -9999 -9999 -9999 -9999 -9999 -9999 -9999 -9999 -9999 -9999 -9999 -9999 -9999 -9999 -9999 -9999 -9999 -9999
-9999 -9999 -9999 -9999 -9999 5.08554489993 3.90458037756 3.81502891895 3.12715211129 3.43707993982 2.90026502067 2.41203474754 1.5592354666 1.64162411875 1.44823597518 1.48877384938 0.890924190726 1.00405703901 1.09147584407 0.891565148494 0.935871579418 0.877189433891 0.97923011567 1.03681067891 1.20661377797 1.32892741937 1.38509795786 1.23330018278 1.45782215964 1.39712536313 1.2908779353 1.41434012727 1.16737655105 1.0941787277 -9999 -9999 -9999 -9999 -9999 -9999 -9999 -9999 -9999 -9999 -9999 -9999 -9999 -9999 -9999 -9999 -9999 -9999 -9999 -9999 -9999
-9999 -9999 -9999 -9999 -9999 5.26445843226 4.34343595631 4.39098231736 3.3563950134 2.94998608617 2.6159460504 2.91143406551 1.37076695349 1.26803483789 2.15788394053 2.52278421157 1.07663993297 0.564425994017 0.773964946823 0.674898408134 0.953970431951 0.970245911908 1.17919977514 1.09786063133 1.01439219042 0.806006692576 1.02652414529 0.870163132222 1.01885854903 0.988473886596 0.908290932632 0.975941878254 1.07166760126 0.992664933742 0.993758718098 0.950398551005 -9999 -9999 -9999 -9999 1.00126861389 0.840578412568 -9999 -9999 -9999 -9999 -9999 -9999 -9999 -9999 -9999 -9999 -9999 -9999 -9999
-9999 -9999 -9999 -9999 -9999 4.6708698756 3.90795500362 4.03732983361 3.63680616577 4.00927587036 3.27757092194 3.02896066001 2.30450873479 2.79380085588 2.51152057645 1.88477813234 1.36497298081 1.94636282665 1.46845797971 1.58499547328 1.23400726783 0.883554772292 0.853113678782 0.793585286704 0.967192526121 0.937583778747 0.979509547873 0.810771087513 1.09376553552 0.838242115945 0.537646123398 0.702114742668 1.04794811354 0.943076858734 0.874684508977 1.01736082177 0.957491390372 -9999 -9999 0.962934407423 1.01106240896 0.949551167021 1.01278120012 -9999 -9999 -9999 -9999 -9999 -9999 -9999 -9999 -9999 -9999 -9999 -9999
-9999 -9999 -9999 -9999 -9999 -9999 5.34116179988 5.96322592713 4.27367286042 3.94055380978 2.96548812725 3.43864064104 3.63187810278 4.18576194528 1.81678701214 1.53814675867 1.51933981247 1.43950474791 1.07797754537 1.06051768068 1.05999342401 1.14244198569 1.00049226542 1.13965455171 0.956116994622 0.812028245738 0.659478850192 0.783443267766 0.732444631142 0.749564531531 0.640752967748 0.839820209144 0.762662246585 0.801904574001 0.858712362085 0.84581763966 0.79824890524 0.741322794345 0.859107491407 0.81874485485 0.762159606858 0.998633794743 0.701669433669 0.621646884254 -9999 -9999 -9999 -9999 0.972497505916 0.830005431084 0.152264981502 -9999 -9999 -9999 -9999
-9999 -9999 -9999 -9999 -9999 -9999 -9999 4.9840878963 3.69773712511 4.54670517582 4.08791415552 3.47785793812 2.65244523064 2.16790600454 1.81458087303 2.56049995883 2.09515861218 2.01667387289 1.761155167 1.32771112358 0.954025971942 0.964535843624 0.912572941759 0.929128944847 0.832473108082 0.704572226518 0.772843626656 0.755950466484 0.782369788191 0.709653795052 0.7257173986 0.71276924411 0.799240396901 0.720657561868 0.880183931521 0.869558542438 0.965175007806 0.9093639899 0.830234491814 0.826814105876 0.62205173706 0.617270973128 0.59214031491 0.557299079869 0.462369450676 0.514735730349 0.595186314226 0.485191678142 0.465732790185 0.572734457237 0.428279344887 0.259769775789 -9999 -9999 -9999
-9999 -9999 -9999 -9999 -9999 -9999 -9999 -9999 3.36378573723 3.06018305392 3.468040739 4.09252143975 3.23853055497 3.70233466898 3.16754256936 2.67858871759 1.62129553367 1.63562462257 1.14771848617 1.37973496793 1.92863472279 1.79446282209 0.827860300786 0.386026459514 0.371234650737 0.330932686961 0.508225253718 0.678513781915 0.548023247517 0.436401085195 0.59380201761 0.58507619468 0.593554744189 0.554796678417 0.606893778941 0.69797771365 0.697171164374 0.740853392359 0.64289351459 0.66235260946 0.691188965264 0.576356822594 0.422765336154 0.380036319449 0.358085204382 0.322128006269 0.372288242656 0.323999584861 0.298568248931 0.381996001772 0.400245247095 0.41666292054 0.299643336169 -9999 -9999
-9999 -9999 -9999 -9999 -9999 -9999 -9999 -9999 4.60096464458 3.74213885678 3.05955871831 3.09521108831 2.69221578238 2.65838845737 1.97693222911 1.90116008779 1.55795820811 1.73181897484 1.38274310407 1.57152407736 1.74030582452 1.72432466056 0.914844131981 1.08475336461 0.647666276646 0.306198508501 0.374723398623 0.659199149966 0.629424460951 0.514536186258 0.437787490999 0.508805187733 0.454880915672 0.512841678426 0.635355456913 0.298823320296 0.786417289506 0.700504443518 0.640177034844 0.621991235737 0.573301205337 0.505325082119 0.388738128342 0.386823344886 0.323771468839 0.319511783595 0.366772322527 0.333585588973 0.326803541609 0.438285152787 0.418534098983 0.421462360349 0.354750706673 0.42917292615 0.317865657802
-9999 -9999 -9999 -9999 -9999 -9999 -9999 -9999 -9999 5.45791239542 4.16194887434 2.94082555303 2.83198128058 3.00595269847 2.48770798483 2.54888712206 2.84243964557 3.1287673828 3.05096066277 3.06816314647 2.53455697556 1.67976496285 1.43393028384 2.39477309526 1.272348533 0.898763831614 0.383303803373 0.21992639937 0.288755554365 0.576336581478 0.542446299403 0.548951345968 0.516907297888 0.403841023935 0.403003402641 0.367155483229 0.597564980783 0.547386079843 0.480982957014 0.489056684057 0.437572168414 0.467121373645 0.304174516115 0.41688710629 0.288234961626 0.228705335138 0.200005468067 0.203192868741 0.267277830436 0.271530466188 0.284279234877 0.271038435258 0.253842522491 0.289870284365 0.319433303439
-9999 -9999 -9999 -9999 -9999 -9999 -9999 -9999 -9999 -9999 3.43373813057 3.47877148675 2.70724756449 2.88966242671 2.18839841231 1.91937688726 1.82429343061 2.64411802518 2.03201076092 1.58178550709 1.35718187571 1.33346014327 0.939596070414 0.824422644364 0.570616852928 0.962388242683 0.654974307037 0.379594023388 0.153212611768 0.282184345558 0.502685434963 0.506613845539 0.5589562031 0.485933767777 0.634650732882 0.546583793628 0.574609528096 0.548018409657 0.487175219082 0.491811034711 0.472320283966 0.459231043288 0.341630983573 0.331799139463 0.443000131196 0.416127354381 0.342037890119 0.246299141586 0.325893344861 0.313356650774 0.344499228896 0.32639807546 0.256049168162 0.277539736562 0.256567997603
-9999 -9999 -9999 -9999 -9999 -9999 -9999 -9999 -9999 -9999 -9999 2.00299850587 1.57601891111 2.59415424796 2.18755572653 1.84709834703 2.03302055136 1.98483249473 1.47077847537 1.61360191675 1.70914646995 1.69778360233 1.15735093816 0.820445279055 0.573874357438 0.173716186569 0.33898391745 0.680995402466 0.59028334247 0.49955640482 0.122455834055 0.420911678433 0.403090903003 0.453656712463 0.420147809721 0.371437726843 0.439638936539 0.434400882432 0.428863253548 0.428665350487 0.418075611447 0.363541139623 0.346626846847 0.272013109746 0.230885232716 0.205295459764 0.22628267749 0.29749916834 0.247211033444 0.263936545742 0.247302084579 0.310307864569 0.298159465651 0.233726539511 0.188375144005
-9999 -9999 -9999 -9999 -9999 -9999 -9999 -9999 -9999 -9999 -9999 1.45586260374 1.72059360703 2.11972562013 2.22314375558 2.05444525872 1.57035675784 1.40442315268 1.48657010408 1.51596696386 1.40571333398 1.72502047335 1.00560952579 0.964318573493 0.828577391918 1.09986454584 0.603159524293 0.365167667229 0.216964467623 0.47807482297 0.466651584724 0.324833670167 0.0961214197919 0.120906558871 0.208060201843 0.384853246955 0.436355097473 0.449297302864 0.410448806941 0.391379588689 0.356673659753 0.454225997501 0.311564439038 0.321081002639 0.274200792447 0.305721396317 0.425579825543 0.499812155237 0.436495134113 0.273800477766 0.304039946715 0.26931285168 0.191395591248 0.26951810733 0.259689500043
-9999 -9999 -9999 -9999 -9999 -9999 -9999 -9999 -9999 -9999 -9999 4.30691993884 3.41410988235 3.07350321854 1.77155558096 2.0877786051 1.53707755505 1.07215790442 1.00093713335 1.17459708424 1.15798606919 1.20458316915 1.04937207495 0.792702542381 0.655604402185 0.632028142123 0.570617424281 0.549847408993 0.557112505329 0.414273070364 0.220582792165 0.285240781907 0.566997086708 0.487826893524 0.170563881232 0.0527122494078 0.0823076621259 0.058889145419 0.289351647296 0.159536427706 0.16234917798 0.362408491236 0.384687231693 0.457519462997 0.489092921947 0.581042690346 0.354084762207 0.304353892543 0.300787708521 0.312088212439 0.254394225305 0.29805257785 0.329452284355 0.366417484146 0.327412179381
-9999 -9999 -9999 -9999 -9999 -9999 -9999 -9999 -9999 -9999 -9999 -9999 2.32513596704 2.84912793685 2.36391417511 2.00782639384 1.7172508878 1.47679449045 1.10328396548 1.27482497627 1.22439271548 1.10616058747 1.00204040642 1.04336949791 0.693829946225 0.721098077782 0.589163223462 0.624356426937 0.547960607079 0.505661100519 0.473427743651 0.511850171507 0.352841448041 0.181331854024 0.189714683762 0.200310191202 0.129159508172 0.0594444379666 0.0761085786416 0.366472667158 0.391621174546 0.361975218253 0.516670705256 0.634269443307 0.651699469785 0.621215276524 0.38477972357 0.310151994716 0.220215857568 0.265991426647 0.248808590597 0.189234413764 0.164120067906 0.163186257317 0.142539499581
-9999 -9999 -9999 -9999 -9999 -9999 -9999 -9999 -9999 -9999 -9999 3.57699480907 3.3137908927 3.7562119497 3.58936124302 1.87646388719 1.39122548084 1.75675806441 1.26964926965 1.32162608197 0.938806175608 0.911607722694 0.734982921577 0.767925579065 0.723521949154 0.704055796309 0.574931336478 0.517087832315 0.501989358266 0.47301720973 0.392289177569 0.418929407556 0.348299101275 0.341365074784 0.349930986954 0.0876903515672 0.104272695929 0.040244642303 0.0351283568862 0.250278612755 0.324445197744 0.278789898724 0.548983437832 0.70440006383 0.953211130547 0.945393690218 0.628985421561 0.511996324567 0.314090678349 0.309060436743 0.207338817063 0.128186994769 0.114210262373 0.115379806757 0.108617740524
-9999 -9999 -9999 -9999 -9999 -9999 -9999 -9999 -9999 -9999 -9999 3.87233058057 4.77045772813 4.48163990015 2.75007211483 1.72361816732 1.96722252712 1.88311867588 1.31815177161 1.40277439075 1.00053569325 0.986702811982 0.845265592527 0.857490093085 0.786533987313 0.793981954345 0.317653500436 0.413328240255 0.511007606801 0.847158071798 0.653512944422 0.434336483935 0.337460013193 0.34185057579 0.334380649288 0.0961690428628 0.0551730410022 0.113600844302 0.0490325474964 0.139049806617 0.271807120118 0.327831242932 0.414633488844 0.41837600757 0.436167093842 0.407957162087 0.479144769316 0.499922194824 0.37390231451 0.371518727574 0.199403858536 0.213205999818 0.184821170942 0.168745992816 0.159508837797
-9999 -9999 -9999 -9999 -9999 -9999 -9999 -9999 -9999 -9999 -9999 5.77368581115 5.55943051985 4.48128211247 4.24046094012 4.08801276523 2.14468134251 2.41733403321 1.88892289774 2.01911004203 0.799385145288 0.61188610174 1.05030972503 1.29850916403 0.771390948471 0.769103484899 0.829317287107 0.754970287772 0.51960156968 0.444384924971 0.41134985452 0.681081877273 0.625273770241 0.555946560311 0.355264894005 0.0624411510436 0.0253662852104 0.0175745723802 0.0418918447192 0.0622906721043 0.328111686068 0.40790266006 0.365035553869 0.264730837667 0.25298247116 0.261578891308 0.303316403378 0.316716214941 0.265802930621 0.244353570844 0.186154108458 0.154422998376 0.119569073997 0.11077208089 0.107538841623
-9999 -9999 -9999 -9999 -9999 -9999 -9999 -9999 -9999 -9999 -9999 -9999 5.84298957937 5.34109471276 3.85036476808 3.49274970572 2.75553331952 2.79578940037 1.90772141513 2.04297336071 1.67155850676 2.05806866027 0.971075302513 0.751362141154 0.688852811534 0.671705713384 0.49537840386 0.538883514075 0.443440796513 0.367452444356 0.271729756069 0.332819071836 0.30447087182 0.345660370275 0.308461196644 0.0505323242804 0.0326013785265 0.0233423698819 0.0561370398193 0.104224914954 0.313958559013 0.275234985877 0.298793425518 0.291842172448 0.298911502047 0.291213719676 0.251834028919 0.28390024628 0.231282301622 0.235858640167 0.188958267834 0.0571178406734 0.0548306124749 0.150227416169 0.10576411287
-9999 -9999 -9999 -9999 -9999 -9999 -9999 -9999 -9999 -9999 -9999 -9999 7.56428815984 5.80986228391 4.62563203011 4.1249848684 2.85148102484 3.16995069668 2.52839984117 2.04601821933 1.86996300206 1.61743913421 1.20984240735 1.38550936302 0.904765999324 1.04787235266 1.06980772967 0.899730470629 0.61110448254 0.846570130747 0.558481669837 0.612373285054 0.724398294764 0.721112003831 0.155969636362 0.0547747708996 0.0342364510958 0.062825092604 0.124652868964 0.125748397333 0.331131652859 0.249227583841 0.206995658872 0.206212301217 0.231044460403 0.232112261252 0.19582579191 0.186406097201 0.158128404585 0.171918227206 0.157295813522 0.0992383305449 0.115344477952 0.0485333382335 0.0382387312033
