data/recharge/transience/oldversion/mHM_recahrge_176.ASC
ncols   80
nrows    72
xllcorner    4374000.0
yllcorner    5656000.0
cellsize      500
NODATA_value  -9999
[rows 25 to 49 of 72, columns 0 to 56 of 80]
-9999 -9999 -9999 -9999 -9999 -9999 -9999 -9999 -9999 -9999 -9999 -9999 3.65222776277 3.58523239582 3.23355782016 3.11136716908 2.24976178713 2.23824230243 1.76521484767 2.25836211556 1.8491883173 1.79691381225 1.43215078854 0.660254942042 1.09083320778 1.97635157114 1.87082604618 1.77123455379 1.30243257756 1.04180740099 0.887757700488 0.776562696168 0.611256227633 0.585109143174 0.851365386164 0.460153645921 0.718591055789 1.33351256087 1.07149084082 0.917306987824 0.809116280956 0.511363117671 0.723824721164 0.949698630419 0.980431021096 1.01784930972 1.10231927023 1.09136726382 1.17203274277 1.31008985682 1.34958846965 0.994868397896 0.783521946112 0.568997228904 0.644166634306 0.718411921558 0.767961944323
-9999 -9999 -9999 -9999 -9999 -9999 -9999 -9999 -9999 -9999 -9999 -9999 -9999 3.23600194551 3.83999968332 4.05971389007 3.31219470449 2.97882861564 2.31172135615 2.02395630197 1.90583873153 2.43820469753 2.42830318938 2.12667331207 1.73482581171 1.40249720317 1.49524078757 1.34667860477 1.25510048616 1.43961618379 1.13075594183 0.981901545266 0.747880320152 0.688242616687 0.908970982146 0.136278393892 0.465879849947 1.1414400081 1.16806873556 0.671139729255 0.579872164535 0.898550988614 0.520813654181 0.563075497338 0.517306427484 0.597967364147 0.816713750356 0.766155545148 0.518120366497 0.374165281692 0.443742717525 0.522206011037 0.6816855279 0.798228422432 0.843199618409 0.51948331517 0.547583350994
-9999 -9999 -9999 -9999 -9999 -9999 -9999 -9999 -9999 -9999 -9999 -9999 -9999 -9999 3.27221753076 3.34242708968 2.87262112035 2.55970687755 2.32973045143 2.54932311683 2.01286556327 2.69248351126 2.2379146157 1.9407931284 1.18333522757 1.11294648758 1.23204139728 1.77817954791 1.32923365459 1.09088247481 1.1286332111 1.13233141439 1.1100195994 0.998100115993 1.07070950376 0.246577715792 0.383427663485 0.860938521214 0.768782326411 0.370993449375 0.387522985759 0.648311082988 0.954691455823 0.657641032349 0.436569713543 0.564970134235 0.463619074581 0.425939797443 0.438103511627 0.592128072491 0.579228261035 0.368939513342 0.378030077886 0.537616534498 1.04601878018 1.64432248885 1.57405716137
-9999 -9999 -9999 -9999 -9999 -9999 -9999 -9999 -9999 -9999 -9999 -9999 -9999 -9999 1.99884142743 2.91948358528 3.47106260231 3.04638541302 2.56446287678 2.74993699124 2.50073099292 2.81316456001 1.86760797464 2.79067756255 2.19436459444 2.26082592053 1.10672601191 1.26086867611 1.4020652906 1.55417269938 0.963511151785 0.654821840696 1.08869763355 2.12172832228 1.91688182945 0.381810444246 0.414939974504 0.526358123931 0.35314432126 0.323202679589 0.4417206171 0.572654107683 0.635879775248 0.840299432937 0.744320547786 0.532476756271 0.278278401268 0.25156498555 0.356851526713 0.438943581615 0.763825552297 0.93877002775 1.16536415836 0.913483331972 0.820029934913 0.865001173975 3.3386851654
-9999 -9999 -9999 -9999 -9999 -9999 -9999 -9999 -9999 -9999 -9999 -9999 -9999 -9999 2.91665700447 3.7295381043 3.99200507792 3.40331230907 3.1648952337 3.12779168973 2.56474041624 2.81611503149 2.66024226115 2.25000640996 1.58282843599 1.37221764782 1.5848296861 1.5841110132 1.07146815078 1.28475487057 1.15367968944 1.01792931036 0.946214074875 1.26949293566 2.29917490446 0.390662287375 0.55187680662 1.59795565126 0.413388884613 0.255709944897 0.478847488294 0.61761885371 0.514814238444 0.545175625577 0.442202933804 0.555189976164 0.380843589449 0.648564225896 1.46071197761 1.6788657923 1.53461543406 0.996335933801 1.69721280341 1.61425686874 1.44823003078 1.54437928275 1.25859163738
-9999 -9999 -9999 -9999 -9999 -9999 -9999 -9999 -9999 -9999 -9999 -9999 -9999 -9999 6.26858787058 5.2355618427 5.21076019234 5.24139267779 4.32759976021 4.64248155431 3.17748225735 2.99145481912 2.61110865927 2.48312613504 1.5780566596 1.79175002552 1.42200717592 1.96182299674 1.5136041162 1.33139097949 1.29093893133 1.52795655907 1.28038383414 0.563985879911 0.427129519805 0.433871473054 0.384577660905 0.931360999266 0.334948099722 0.513753547918 0.343775380636 0.425713132467 0.329760160864 0.386572160292 0.32542623284 0.392012565057 0.939599285314 1.22723156434 2.49898848856 2.86429212154 2.22122759685 2.47032047613 1.73743281502 1.66267207028 1.5124742175 1.20676892386 1.45198057097
-9999 -9999 -9999 -9999 -9999 -9999 -9999 -9999 -9999 -9999 -9999 -9999 -9999 -9999 -9999 4.27100397698 4.27477698489 4.02235182829 3.96248769673 3.19287695987 2.27053073556 2.31590069997 2.55196124561 2.60631510608 1.55816337275 1.85757951296 1.38832188866 1.61981975263 1.30841288301 1.27233295525 0.93627859605 0.923295290442 0.751112695567 1.06284551497 0.479886169488 0.486689820984 0.462238392197 0.449206705601 0.458286238422 0.23660059766 0.133517247304 0.190742994885 0.384050243853 0.310207388011 0.306074903182 0.408975660383 0.570519601978 0.64448585841 0.814068853814 0.802486306297 0.522864001759 0.425869204078 0.992513626883 1.87651778125 1.86616637674 1.83421584515 1.56412407687
-9999 -9999 -9999 -9999 -9999 -9999 -9999 -9999 -9999 -9999 -9999 -9999 -9999 -9999 -9999 -9999 4.11262150342 3.48216222496 3.63276782176 4.85577646179 3.93868046969 3.85776479935 2.38409311208 1.77835846011 1.7430413094 1.52938772229 1.20077795264 1.03060868391 0.960847993742 1.25182602456 1.37637637229 1.14159338344 1.32746926278 0.901820117928 0.430636525845 0.499787407877 0.509125887257 0.572642416014 0.595783445702 0.799121526358 1.00054512469 0.847446139995 0.824149208194 0.804849950537 0.510812347362 0.373979670491 0.33081899828 0.678459575682 0.463473264663 0.289777941667 0.566648581997 1.12060483335 0.773757799478 0.553055656717 0.773769673498 0.633186885564 0.608267717593
-9999 -9999 -9999 -9999 -9999 -9999 -9999 -9999 -9999 -9999 -9999 -9999 -9999 -9999 -9999 -9999 4.02138951965 4.2681518744 4.63004150341 3.82647965258 2.94208375285 3.56188100895 2.79431905829 2.04979626576 1.64881999682 1.89450557594 1.34980455781 1.2649986085 0.983781408254 1.03824836292 0.773477321177 0.687487285151 0.793374751319 0.79040488476 0.717857043163 0.467483903226 0.689775394975 0.597391170278 0.581978583659 0.545189908574 0.533968820133 0.317206875622 0.673494327147 1.82480813408 1.28079761193 0.888748626639 0.756094162154 0.363933564362 0.274299651618 0.421215429073 0.798895395742 0.865396779928 1.31500932051 1.42845555587 1.91962909324 1.26265901336 0.618401182215
-9999 -9999 -9999 -9999 -9999 -9999 -9999 -9999 -9999 -9999 -9999 -9999 -9999 -9999 -9999 2.29013676473 2.45710530222 3.07576053785 3.53122438757 3.39383389253 2.85514415443 2.99869249533 2.27439567806 1.93111008792 1.47300800686 1.63772651727 1.35980187098 1.44670429048 1.10623877889 1.27131749753 1.2058502111 1.26568319956 1.25701132488 0.677693309 0.392827151047 0.54880585063 0.446537623711 0.96542457983 0.7885248065 0.379826523541 0.395996812562 0.734465956072 0.864273085394 0.848565712525 1.0320710131 0.776100163366 0.1736350408 0.294096699701 0.541141746926 0.827085331879 0.574773151173 0.366626153582 0.467891784334 0.575008806548 0.714062229429 0.75131135798 1.0022266744
-9999 -9999 -9999 -9999 -9999 -9999 -9999 -9999 -9999 -9999 -9999 -9999 -9999 -9999 2.94157955399 2.65609838261 2.60979904225 3.2889600675 2.99366404137 3.04628219689 2.48980084039 2.90719295455 2.04938229063 2.17037826497 1.48311554603 1.36836901714 1.13080761264 1.29981691252 1.27919336592 1.27686118791 0.984196939749 1.02503483052 0.721995042685 0.981503979654 1.24328113623 1.94623469241 0.369898679465 0.225766134873 0.583440642798 0.557692049628 0.437095767374 0.648360860987 0.622946826211 0.690042281372 0.579493362621 0.491429323766 0.522449154335 0.759698022322 0.782974623879 0.542571160076 0.455882734098 0.447616031583 0.535644825227 0.513025644346 0.486273250877 0.546228092101 0.615563828877
-9999 -9999 -9999 -9999 -9999 -9999 -9999 -9999 -9999 -9999 -9999 -9999 -9999 -9999 3.35315597185 3.5916556915 3.21208745631 2.99395026365 2.54607185993 2.21980515612 1.94591219892 2.38490913753 1.94897952813 2.1236731408 1.49894408798 1.21471203581 1.15124455389 1.28385829312 1.16720591918 1.30852298864 1.21468472854 1.44324133409 1.91514161764 1.64034447659 1.2875400588 1.94742408518 1.83524506154 2.31696560881 1.34161401027 1.37870640323 1.92655447169 1.76771701921 0.884921648189 0.805074874257 0.818715773217 0.487711870414 0.897555022128 1.22879643189 1.22869598725 1.47726675336 1.53599226919 1.51754464403 1.1219826166 0.927763387196 1.21059981361 1.14170107297 0.79501231149
-9999 -9999 -9999 -9999 -9999 -9999 -9999 -9999 -9999 -9999 -9999 -9999 -9999 -9999 -9999 -9999 3.30534582628 4.77781702216 4.84519637154 4.72789353029 3.42069490732 2.17845537929 2.37379964782 2.39268246319 1.64056791859 1.82205355036 1.01430010389 1.10974761457 0.895294238515 1.41025685542 1.3844117233 1.72708276043 1.68174709363 1.32115085104 1.48759671012 1.5087922572 1.60610838968 1.16325337646 1.89457681723 1.94571782492 1.13109098049 1.05990046353 0.960497202816 0.635828139478 0.594609689158 0.705123283201 0.700602236603 0.542583352379 0.679934738151 0.91170044102 0.919754766192 0.9621492974 0.897173961401 0.712855442424 0.41202952493 0.459626917365 0.959559658836
-9999 -9999 -9999 -9999 -9999 -9999 -9999 -9999 -9999 -9999 -9999 -9999 -9999 -9999 -9999 -9999 5.32842293286 4.98615393771 4.79772273303 3.31278066777 3.44525129382 3.3858192818 1.68974894181 1.84750968142 1.85918286176 2.2222557338 1.80470172233 1.68955455949 1.60419354559 1.68027214614 2.02941090851 1.85111482695 1.39335645228 1.35268022372 0.880816893726 0.99123107852 1.11197284941 1.42497642729 0.834950796983 0.7034893179 1.07156007254 1.53696116728 0.41096933103 0.637942963301 1.43732567503 0.623845940742 0.359983269611 0.505036254722 0.570935639319 0.361801338448 0.263847473167 0.272569680353 0.214957002463 0.282150428612 0.304453677054 0.309043524672 0.300330373798
-9999 -9999 -9999 -9999 -9999 -9999 -9999 -9999 -9999 -9999 -9999 -9999 -9999 -9999 -9999 -9999 -9999 -9999 4.88805925738 3.8592679815 2.85354072131 3.38613676715 2.80022204441 2.33294083774 1.7026000946 1.72521736862 1.56383443493 1.71923724923 1.56542427355 1.50865901204 1.03298609161 0.828604764615 0.799779502393 1.05486187277 0.854427790126 1.22111079166 1.25391584351 0.760985945756 0.723897554571 1.18201274292 0.821106870823 0.670765906947 0.566639468049 0.559202784407 0.590321764193 0.71849772513 0.44680891567 0.464058166735 0.638527486662 0.245061136225 0.324353625489 0.383659240356 0.223994792868 0.236462877306 0.353626588193 0.403043207675 0.348356017744
-9999 -9999 -9999 -9999 -9999 -9999 -9999 -9999 -9999 -9999 -9999 -9999 -9999 -9999 -9999 -9999 -9999 -9999 -9999 2.87232555639 2.84261424813 3.16680614699 2.80753705106 3.0002963282 1.96047782506 1.80824044546 1.42711049 1.5242884523 0.961081007122 0.893412219297 0.941593818862 1.05574978875 0.756197283294 0.67474811635 0.532177049214 0.503059578533 0.495384673277 0.846268213966 0.767395171676 0.983025537045 0.712521868383 0.607044266579 0.463191542603 0.687310938551 0.788931838719 0.845089446249 0.642956661107 0.418348919478 0.36342088991 0.672824177806 0.323944109347 0.30120409034 0.21947546552 0.215064641517 0.339151320776 0.310999858325 0.227028165241
-9999 -9999 -9999 -9999 -9999 -9999 -9999 -9999 -9999 -9999 -9999 -9999 -9999 -9999 -9999 -9999 -9999 -9999 4.13125251555 4.6826254587 4.68155035517 4.50328290775 3.12944482239 2.17721758863 1.87644597907 1.8425482838 1.54688827577 1.58023649895 1.26366399314 1.08673767325 0.383108225824 0.362683072996 0.590944456738 0.845252365574 0.832478815828 1.07092153447 1.44870845369 1.3533479455 1.30978899027 1.24524050534 1.23444350684 0.710644730334 0.610286121238 0.254144416639 0.409910448362 0.283312852008 0.826074324321 1.25333633466 0.933845167837 0.49958567399 0.743948376815 1.06510054376 0.973567857651 0.840435423449 0.597445366939 0.472398485976 0.42206781247
-9999 -9999 -9999 -9999 -9999 -9999 -9999 -9999 -9999 -9999 -9999 -9999 -9999 -9999 -9999 -9999 -9999 -9999 -9999 5.60444595749 5.21900401125 4.84145073658 3.20621209249 2.24779163638 2.1152329706 2.06425906264 1.25461514121 1.62788874914 1.25332867459 1.69032220619 1.10183856706 1.07698168108 1.21276921225 1.07480827989 0.591402843886 0.428425322072 0.461718287706 0.356699923588 0.317854057364 0.317781622806 0.41830178933 0.751359567244 0.478765559232 0.300714762945 0.343043667266 1.20222600898 1.16014185253 0.77858430005 1.01924982336 0.674076529869 0.241275855181 0.18772730098 0.258477699004 0.622918311283 0.625752183042 0.235442601513 0.200228227825
-9999 -9999 -9999 -9999 -9999 -9999 -9999 -9999 -9999 -9999 -9999 -9999 -9999 -9999 -9999 -9999 -9999 -9999 -9999 -9999 3.99310507476 4.58301751785 3.27377566048 2.56823708203 1.58994527909 1.93971741351 1.30451278674 1.7399640693 1.88660076172 1.56855609079 1.11086101032 1.02285344621 0.743767797264 0.689695530581 0.419971108585 0.541045231797 0.894430868512 1.09167007057 1.13079380238 0.996819645486 0.685274727829 1.09690552391 1.24828662656 1.03900701503 1.57093019812 1.30055989763 1.09810651837 1.29985315182 1.15911513955 1.17777399743 0.990095699775 0.615286903736 0.363898151441 0.269080130171 0.319317822208 0.576432361856 0.649880268907
-9999 -9999 -9999 -9999 -9999 -9999 -9999 -9999 -9999 -9999 -9999 -9999 -9999 -9999 -9999 -9999 -9999 -9999 -9999 -9999 -9999 4.07002205564 3.44376389413 3.40479887443 1.44729120314 1.2489384624 1.18704171977 1.78183902748 1.30940155843 1.16477939248 1.19415536035 1.3339049251 1.06071813897 0.395355225294 1.21527087088 1.52082847833 1.19186817546 0.796472719836 0.713115423538 0.758118707486 1.28165987631 1.39395493367 1.67747985023 1.04269362173 0.842741612174 0.518076192468 0.844576699154 0.986456837034 1.06675658855 1.42374302137 2.20720532551 0.693033082149 0.727735612395 0.630374547905 0.176173753358 0.293784547743 0.422586943477
-9999 -9999 -9999 -9999 -9999 -9999 -9999 -9999 -9999 -9999 -9999 -9999 -9999 -9999 -9999 -9999 -9999 -9999 -9999 -9999 -9999 3.15023676356 2.8344134322 2.85001842966 2.10031019214 2.31219064068 1.66635870541 1.78575130945 1.39310863874 1.39648378537 0.814506637941 1.080117971 1.29784559719 1.25655095789 0.669802872443 0.898545700596 0.794652866464 0.838701303694 0.772511151052 1.16116162726 1.30649468571 1.21860941215 0.849179579881 0.839965065655 1.30512997173 1.20856894363 1.16918173255 1.12415945333 0.728240877541 0.744016410669 0.744411467012 0.403448154331 0.254436288962 0.305241734118 0.454045514608 0.211822879725 0.277118856339
-9999 -9999 -9999 -9999 -9999 -9999 -9999 -9999 -9999 -9999 -9999 -9999 -9999 -9999 -9999 -9999 -9999 -9999 -9999 -9999 -9999 -9999 2.94937172434 3.66642719994 2.26506758716 1.94314121692 1.39106571029 1.84026886722 1.49289952685 1.41293192476 1.23694589965 1.36944214533 1.13005923845 1.30845469018 1.61026231475 1.08371112994 1.2432489332 1.09522532439 1.05036946233 1.10771847667 1.2236205168 0.604848743846 0.781894751348 1.19790458963 0.581053265795 0.491960847061 0.427427682265 0.652118618407 1.07597360302 0.533062292702 0.294060573133 0.22959755143 0.906733307906 0.650941427447 0.214303742804 0.158228427209 0.228097829507
-9999 -9999 -9999 -9999 -9999 -9999 -9999 -9999 -9999 -9999 -9999 -9999 -9999 -9999 -9999 -9999 -9999 -9999 -9999 -9999 -9999 -9999 3.13635097901 2.98957214303 2.09369208963 2.34540771787 1.66045489293 1.62033426442 1.69789744938 1.78714580202 1.44181829879 1.51910140394 1.5204153472 1.52438954129 1.12308431603 1.72439014759 1.13625725561 1.05621466064 1.45836412759 1.38479258675 0.767137281155 1.26420528846 0.809150333438 0.531444324705 0.502421483298 0.785095673061 1.26162326347 1.25210116095 0.58673170109 0.49137019974 0.337853752427 0.426373197517 0.489387073083 1.04461257222 0.676313528407 0.595489941486 0.446752547596
-9999 -9999 -9999 -9999 -9999 -9999 -9999 -9999 -9999 -9999 -9999 -9999 -9999 -9999 -9999 -9999 -9999 -9999 -9999 -9999 -9999 -9999 2.91265943032 3.35082651731 2.69427972417 2.25549144481 1.67350034619 2.24889408733 1.78394221754 2.12616109117 1.53555112147 1.22463933378 1.04682341374 1.34932914187 1.64686511637 0.927556630017 0.986106386328 1.54563667888 1.32850228863 1.13944587009 1.28082259609 0.875264920902 0.54149908889 0.821833904666 1.24903748759 1.12548045634 1.2226550475 0.988061098914 0.753926122007 0.756010019303 1.21573707369 0.914882579587 0.799692320075 0.890062471029 1.09657714366 1.18084316527 0.74090558871
-9999 -9999 -9999 -9999 -9999 -9999 -9999 -9999 -9999 -9999 -9999 -9999 -9999 -9999 -9999 -9999 -9999 -9999 -9999 -9999 -9999 -9999 -9999 3.67533406767 3.02760276254 2.37194898757 1.49566937512 2.21227251058 1.73124642931 1.95008880241 1.56453413445 1.81182422386 1.55342733467 1.95421659737 1.34070748374 1.57868505433 1.75348170435 1.41931508263 0.759794284424 0.674433342543 0.456555934537 0.785640037365 1.31449425199 1.34218295238 1.1297344176 0.929121008125 0.421158852404 0.366494472616 0.401329500685 0.464908223954 0.35509889539 0.538773131374 0.716387005074 1.25424663666 0.746025897515 0.376133235646 0.839421225657
