data/recharge/transience/oldversion/mHM_recahrge_220.ASC
ncols   80
nrows    72
xllcorner    4374000.0
yllcorner    5656000.0
cellsize      500
NODATA_value  -9999
[rows 0 to 24 of 72, columns 0 to 56 of 80]
-9999 -9999 -9999 -9999 -9999 -9999 -9999 -9999 -9999 -9999 -9999 -9999 10.837884804 11.0476076755 -9999 -9999 -9999 -9999 -9999 -9999 -9999 -9999 -9999 -9999 -9999 -9999 -9999 -9999 -9999 -9999 -9999 -9999 -9999 -9999 -9999 -9999 -9999 -9999 -9999 -9999 -9999 -9999 -9999 -9999 -9999 -9999 -9999 -9999 -9999 -9999 -9999 -9999 -9999 -9999 -9999 -9999 -9999
-9999 -9999 -9999 -9999 -9999 -9999 -9999 -9999 -9999 -9999 -9999 -9999 11.9274153978 10.7539246228 10.3069672858 -9999 10.5514774852 -9999 -9999 -9999 -9999 -9999 -9999 -9999 -9999 -9999 -9999 -9999 -9999 -9999 -9999 -9999 -9999 -9999 -9999 -9999 -9999 -9999 -9999 -9999 -9999 -9999 -9999 -9999 -9999 -9999 -9999 -9999 -9999 -9999 -9999 -9999 -9999 -9999 -9999 -9999 -9999
-9999 -9999 -9999 -9999 -9999 -9999 -9999 -9999 -9999 -9999 10.873186471 10.6340043169 11.7103834508 11.8388157735 10.3668187933 9.81694152528 9.30016598574 9.40026791603 -9999 -9999 -9999 -9999 -9999 -9999 -9999 -9999 -9999 -9999 -9999 -9999 -9999 -9999 -9999 -9999 -9999 -9999 -9999 -9999 -9999 -9999 -9999 -9999 -9999 -9999 -9999 -9999 -9999 -9999 -9999 -9999 -9999 -9999 -9999 -9999 -9999 -9999 -9999
-9999 -9999 -9999 -9999 -9999 -9999 -9999 -9999 -9999 10.3438869077 10.8342998651 10.7664204771 10.8528383593 11.122051018 10.8729251897 10.5592173137 9.97648332547 10.9563260018 -9999 11.77596245 -9999 -9999 -9999 -9999 10.5537075592 10.9399658613 -9999 -9999 -9999 -9999 -9999 -9999 -9999 -9999 -9999 -9999 -9999 -9999 -9999 -9999 -9999 -9999 -9999 -9999 -9999 -9999 -9999 -9999 -9999 -9999 -9999 -9999 -9999 -9999 -9999 -9999 -9999
-9999 -9999 -9999 -9999 -9999 -9999 -9999 -9999 12.3355366763 11.5397532205 10.9121506876 10.9050431877 10.9018669241 10.4859940547 10.7142909985 10.4503423299 10.0911672232 9.78721621527 9.95441835994 10.8317238758 10.728233294 11.0622368944 -9999 10.3466412039 11.606250403 11.5883905873 -9999 -9999 -9999 -9999 -9999 -9999 -9999 -9999 -9999 -9999 -9999 -9999 -9999 -9999 -9999 -9999 -9999 -9999 -9999 -9999 -9999 -9999 -9999 -9999 -9999 -9999 -9999 -9999 -9999 -9999 -9999
-9999 -9999 -9999 -9999 -9999 -9999 11.6156194615 10.7486167055 10.721106459 10.9733201706 11.6333519552 11.9206970347 11.4843900593 11.1814187855 10.6269403306 11.0494047397 10.4494267143 10.1163988475 10.7838943513 10.7452388912 10.5541526655 10.8827863925 10.7170550544 10.4612144354 10.9890398032 10.8270934602 11.2707756974 -9999 -9999 -9999 -9999 -9999 -9999 -9999 -9999 -9999 -9999 -9999 -9999 -9999 -9999 -9999 -9999 -9999 -9999 -9999 -9999 -9999 -9999 -9999 -9999 -9999 -9999 -9999 -9999 -9999 -9999
-9999 -9999 -9999 -9999 -9999 -9999 12.1927721578 11.7138835852 10.7267172351 10.5132656548 10.5568701132 10.8890436848 10.8720086359 10.4223213213 10.3066390818 9.81254530346 10.3563845442 8.74729238089 10.8481264796 9.83365501174 10.1171123494 10.957029097 10.6139735134 10.6174043658 10.3870905575 10.032870326 11.3629233696 11.9528967298 12.1197538102 11.7925122166 12.850050482 12.793645048 -9999 -9999 -9999 -9999 -9999 -9999 -9999 -9999 -9999 -9999 -9999 -9999 -9999 -9999 -9999 -9999 -9999 -9999 -9999 -9999 -9999 -9999 -9999 -9999 -9999
-9999 -9999 -9999 -9999 -9999 12.9304576532 12.4128020958 12.3607583364 12.1348391996 12.3254009644 12.1899103501 11.6415403195 10.6556131999 10.7692990161 10.904604037 10.9901936041 8.70710272454 4.6239017836 8.98823457129 9.98973438309 10.1529179241 9.94227278683 10.2911346711 10.4765365031 10.6803224589 10.9432616135 11.1843571417 11.1837332493 11.8642970475 11.7315839402 11.5761528459 11.8893260629 11.3897973768 11.1796680521 -9999 -9999 -9999 -9999 -9999 -9999 -9999 -9999 -9999 -9999 -9999 -9999 -9999 -9999 -9999 -9999 -9999 -9999 -9999 -9999 -9999 -9999 -9999
-9999 -9999 -9999 -9999 -9999 13.478002499 13.2017525107 13.2475789314 12.6780617675 12.2503359331 12.2442927198 12.5882016602 8.53906203386 7.01748431684 12.3861323383 12.8061219206 9.80501035013 3.84158117151 7.19433611904 8.81828862615 10.2983464898 10.2771422233 10.8990513776 10.6767900738 10.3639413147 9.79194506549 10.2077446261 9.79255436658 10.6162437122 10.5739310952 10.3398836292 10.6244129808 11.0076440427 10.7604886357 10.9367630531 10.7194113842 -9999 -9999 -9999 -9999 10.5580005069 10.3016593141 -9999 -9999 -9999 -9999 -9999 -9999 -9999 -9999 -9999 -9999 -9999 -9999 -9999 -9999 -9999
-9999 -9999 -9999 -9999 -9999 13.0196938885 12.8414706542 12.9249344238 12.9523521038 13.312509675 13.0040685543 12.73485495 12.1618194491 12.6573528525 12.8925865817 11.8912038459 11.086019177 12.3952564876 11.8987143614 12.0287869092 11.1975525763 9.9836934512 9.83784629842 9.60061803716 10.2444813879 10.0139198394 10.0640559477 9.47559252559 10.8465012971 9.83221488743 6.41810967936 8.82545215186 10.9219452209 10.716506776 10.4195127069 10.9312225061 10.7751685318 -9999 -9999 10.8119539948 10.9182341108 10.7210610161 11.0083561544 -9999 -9999 -9999 -9999 -9999 -9999 -9999 -9999 -9999 -9999 -9999 -9999 -9999 -9999
-9999 -9999 -9999 -9999 -9999 -9999 14.3967891583 14.6830140773 13.9517259421 13.6678868269 12.9025507699 13.4055054164 14.0548886252 15.4578347436 11.8003889004 11.2505458318 11.4123831828 11.2398299472 10.5028586411 10.4453315497 10.410983042 10.6348441777 10.1630775565 10.6201341724 10.0533502877 9.47231027913 8.68199506482 9.07089499739 9.29040892097 9.36151222712 9.07727215686 9.82099819448 9.65034345945 9.57512192442 9.87034970575 10.1425221139 10.1637271974 9.59345438236 10.4507081175 10.2833012957 10.0969067084 11.0022749177 9.64559576611 8.92200252307 -9999 -9999 -9999 -9999 9.83690843354 9.35726146413 2.13276487034 -9999 -9999 -9999 -9999 -9999 -9999
-9999 -9999 -9999 -9999 -9999 -9999 -9999 14.0057809946 13.4282183217 14.1783759266 14.0372159088 13.4708108965 12.7684018713 11.7643636733 11.3087494293 12.6174246292 12.5581068272 12.3808813642 12.0600696096 11.149406885 10.0512627681 10.0724312537 9.85846734692 9.94630060528 9.60348676087 9.02452886074 8.91215858653 9.27294164523 9.43461962235 9.19196960684 9.496817885 9.43478957895 9.75942387462 9.52609672376 10.2777846761 10.2462482989 10.3221426198 10.2836210096 10.3450663429 10.3221843304 9.63121991959 9.4168866181 8.73933056511 8.24853556942 7.5580329579 7.99850237283 8.15784254358 7.58283035766 7.26768716816 8.22223780536 7.77531474574 6.21316449018 -9999 -9999 -9999 -9999 -9999
-9999 -9999 -9999 -9999 -9999 -9999 -9999 -9999 13.2608072562 12.8708731249 13.4736769592 14.0654721413 13.3721760757 13.8547016153 13.3076009336 12.8741393121 11.3824885905 11.4272627038 10.3338578547 10.9129078243 12.0115114218 11.7890379 12.0548698814 11.3774581997 10.6586584071 11.1725437639 9.44596134487 8.52412728817 8.00353243678 7.44163537959 7.9199660698 8.14446522522 8.40317016631 8.16651402431 8.88432350167 9.30623748505 9.46743686663 9.67685427405 9.39696844054 9.33899010878 9.26641188746 8.74803157806 7.44775752596 7.1129023774 6.88288586609 6.55179170438 6.87855365736 6.4557570332 6.02557637149 7.08468176978 6.8941492906 7.15348986768 6.25786325365 -9999 -9999 -9999 -9999
-9999 -9999 -9999 -9999 -9999 -9999 -9999 -9999 14.3398649017 13.5771652257 13.0370730736 13.0829954615 12.7590469983 12.7200370642 11.9496497208 11.8047651649 11.2250929355 11.5959781042 10.9241562174 11.3236495579 11.734312741 11.6678047912 13.6216243642 14.2385352086 12.2994922927 10.0622453519 11.622914288 10.3678487937 8.34094491179 7.53502283766 7.52170751521 7.9032235143 7.81488688763 8.04757402894 8.91887268453 3.77994428525 9.8796866264 9.48576839522 9.37435130466 9.27743586829 9.13303448906 8.58905191897 7.19909491565 7.1675401239 6.57496192197 6.53177673945 6.8328766726 6.54333042776 6.41182593548 7.43910650915 7.02534421106 7.04723320909 6.58634129149 6.99243937496 5.96367069782 6.26892249566 -9999
-9999 -9999 -9999 -9999 -9999 -9999 -9999 -9999 -9999 14.6761870892 13.850989754 12.6437164474 12.6443422699 12.7477373934 12.0861290632 12.1059083078 12.576738495 12.9240137236 12.9891893519 13.0355869271 12.5817232573 11.3784500966 12.0421743973 17.2555465332 13.8209155959 12.7822785494 10.1510294915 9.33805529848 7.88318579905 7.35785229428 7.18754031247 7.36631754556 7.31466169261 6.77809252384 7.53254550066 6.95949920891 8.7512848408 8.4437335703 8.26629441011 8.32061015068 8.17781553677 8.23635922124 6.50844045944 7.41589895039 6.3350249897 5.73504058521 5.22457704403 5.32900121476 6.08416860656 6.05335417407 5.91352100896 5.77380457091 5.68702885162 5.99724660762 6.01309204634 5.05383797568 4.01230082985
-9999 -9999 -9999 -9999 -9999 -9999 -9999 -9999 -9999 -9999 13.1442880001 13.2407054344 12.5160973909 12.6941209066 11.6449655427 11.1676181225 11.3001648799 12.4659799213 11.664027915 10.8829162792 10.4530940369 10.253193231 9.28476608977 12.2386879235 11.7167160583 12.9522106181 11.5478743637 10.1629628629 8.05656723053 8.91153807871 7.27563139518 7.29778837074 7.85602394988 7.19830988387 8.40442766873 8.10229300827 8.60903700891 8.4459049934 8.31262832932 8.34635269138 8.44313477355 8.35637953415 7.43405641528 6.92954564263 7.8321115816 7.54881529918 6.69544174593 5.80282815949 6.45110559237 6.41395088775 6.47799912052 6.30734779007 5.53303562884 5.95678422726 5.33551965897 4.91375585562 3.97146295962
-9999 -9999 -9999 -9999 -9999 -9999 -9999 -9999 -9999 -9999 -9999 6.79619581217 7.80424462242 11.8520893606 11.2308874393 10.7100874351 10.8818071316 10.8194192798 9.95318349893 10.3505233321 10.6085597268 10.5034950087 9.01557304588 8.07042585147 8.73017976405 8.24639196507 9.16918433275 11.621261275 10.9315829954 6.93564746619 7.2834063093 6.75489081202 6.50100920359 6.71937987516 7.20301943906 6.68431110491 7.40257483355 7.36108240186 7.70735921065 7.70968174587 7.95651219269 7.37526329235 7.59795901898 7.00937842015 6.09992036624 5.65866697454 6.01206966873 6.66843652883 5.98689141879 6.01354573722 5.48705740494 6.00812753492 5.61366643762 5.21598295551 4.39286273009 4.49679069253 3.80408479127
-9999 -9999 -9999 -9999 -9999 -9999 -9999 -9999 -9999 -9999 -9999 5.70916320156 8.54807394792 11.1762083522 11.3873863518 11.0161793136 10.1052998692 9.86621263115 10.2998970518 10.3615266196 10.1284513711 10.7871338915 8.94418685204 8.56216618632 8.27610999271 8.87834024423 9.44501180286 10.6146906312 8.97020151694 9.0772474944 9.70827543238 8.94984217937 6.40695128755 7.63015862617 7.95379775476 7.01618271318 7.37233769932 7.47799483555 7.55070763706 7.68975227788 7.84690415998 8.09490306649 7.15043440572 7.30814108587 7.2179889578 6.80723534555 7.58720317503 8.20840692554 7.50911313459 6.21811009889 6.19906984167 6.13336047643 4.99455163759 5.83617420979 5.33607001163 4.84914701453 4.34200150388
-9999 -9999 -9999 -9999 -9999 -9999 -9999 -9999 -9999 -9999 -9999 13.1126318636 12.314109011 11.9471305031 10.1186487345 10.3983695269 9.33805762502 8.47165185145 8.57589438951 8.93043728909 8.89518769575 9.02304481838 8.07359887067 7.34281374143 6.7653874497 6.72089452433 6.35535559866 6.23913460445 6.37017968426 7.16411840123 7.77405445255 9.39912845543 10.4126352504 10.6621288898 7.57337748701 5.33199723117 6.7136888151 5.82952749899 6.78162400666 4.63106847472 3.85182414643 7.25117746738 7.76900126348 8.35528630587 8.99688460889 9.61230170742 7.22291664888 6.77047980524 6.40471088213 6.43206638718 5.44459033778 5.88391629462 5.9024594734 6.56426161035 6.16336981154 4.29498329124 3.55303882318
-9999 -9999 -9999 -9999 -9999 -9999 -9999 -9999 -9999 -9999 -9999 -9999 11.0390688126 11.6746609772 11.053462333 10.481965889 9.68618099628 9.16007041841 8.46672274691 9.14725159137 9.08472560049 8.74693225406 8.25855774746 8.21665324615 7.00944238626 7.13651856547 6.45742257643 6.63763742361 6.31546799426 6.06628723318 6.15457836534 6.39540242659 6.77541394067 7.59485529987 8.70522893699 4.03247026048 7.68526999795 5.89282855214 7.02973983603 6.91326253807 7.58583931097 7.12835772234 8.75702019149 9.43447212473 9.75738112494 9.72970069228 7.90481235337 6.82582461459 5.51236859894 5.94425994022 5.28579020058 4.67334294287 4.05937810386 4.10591589602 3.73888011748 4.20999620492 1.77486934745
-9999 -9999 -9999 -9999 -9999 -9999 -9999 -9999 -9999 -9999 -9999 11.8991466222 11.7819249234 12.1768437912 11.7863609392 6.5909923091 8.29227467515 9.43018763026 8.24153063112 8.61485030651 7.49042861779 7.39379951231 6.63856942561 6.78103745137 6.50068656717 6.41496147165 5.74716950984 5.39243970581 5.37575843945 5.19813968487 5.04986489659 5.2363237664 5.13364512067 5.07529832934 5.58849847539 6.78196920537 6.91373234753 4.50161530786 4.37408448084 6.09683693224 6.63323861354 6.06162764939 8.78693941658 9.56531283938 10.5151046304 10.4487500262 9.22075209336 8.24464365011 6.36016749575 6.33270055641 4.87938111666 3.61170273944 3.14373203813 3.16643135888 2.85219213482 3.13063003178 4.05873370274
-9999 -9999 -9999 -9999 -9999 -9999 -9999 -9999 -9999 -9999 -9999 12.1859017592 13.0774624999 12.8346770807 11.1200098472 7.91545244361 9.82899564615 9.83146727136 8.6248627062 8.88389338154 7.48457168275 7.69983298462 7.16050152859 7.12896946857 6.76275908531 6.83214948038 3.57974925235 4.34586004874 5.82008709836 6.96316197775 6.56934786557 5.33990476783 5.04286861716 5.07917045103 5.4546895613 5.54507947998 5.22239363323 6.71935969568 4.89825565743 6.87508291748 5.92769665024 6.20641883709 7.79884641379 8.17845757167 8.30002678904 7.97101571451 8.0799961962 8.24258715921 7.05783555965 6.92876638233 4.7154499897 4.86627301503 4.25616211231 4.06193732996 3.71725155282 3.47321992544 2.69047128274
-9999 -9999 -9999 -9999 -9999 -9999 -9999 -9999 -9999 -9999 -9999 13.2380591439 13.3158157023 12.4618508669 12.1306339374 11.9492638406 9.64503627524 9.9637716244 9.30817393038 9.52103280001 6.34962050444 2.95526604754 6.87502331549 7.9840862599 6.32229275825 6.32223544302 6.59405171841 6.37642046842 5.43136042718 4.95106093154 5.03191419421 6.34072175108 6.48017058882 6.13074025671 5.23918766086 4.16166902585 3.14399705337 2.26126351599 4.48012067079 4.59870621931 6.13144563411 6.58084832809 6.40999100416 5.7479827103 5.88664305003 5.91344123573 6.22026544709 6.29752384229 5.85374640985 5.64834004105 4.53702592513 3.6427668249 3.00662531178 2.88035412979 2.6428611444 2.93208268383 3.3551687105
-9999 -9999 -9999 -9999 -9999 -9999 -9999 -9999 -9999 -9999 -9999 -9999 13.5293846837 13.1492773253 11.9041366418 11.4815307455 10.199268378 10.4473294949 9.20716236223 9.57003306427 8.78869417828 9.42700081922 7.18919661998 6.30120105544 6.00333101688 5.92894323504 5.0276644313 5.26172235967 4.83766935758 4.34782228517 3.87624695052 4.55007211057 4.45157836435 4.79200138019 4.84895288647 4.68504890858 3.81888245845 2.83266762215 5.28255668168 6.41401878404 6.14712442845 5.72744196366 6.3630978005 5.75879452471 6.01239608815 6.01259252695 5.78684901834 5.95343140671 5.36328543718 5.51229837343 4.64169738007 2.2094028021 2.5463616134 4.12151660604 3.03687533828 3.0224920135 2.71298235807
-9999 -9999 -9999 -9999 -9999 -9999 -9999 -9999 -9999 -9999 -9999 -9999 14.3277507069 13.1715400939 12.1659024015 11.346741841 9.89893877226 10.3735971824 9.62753348332 9.16613064632 8.77436433357 8.38354867336 7.54015383129 7.69341916425 6.61700501621 7.01821260179 7.14892290032 6.61362472939 5.61894712481 6.51100364829 5.58788144991 5.85612646782 6.7305261601 6.60938528064 6.32194651975 4.55706873085 3.72920270578 5.07112345034 6.78724836188 5.93558958382 6.10671100443 5.0295290544 4.68505545869 4.6341967597 4.75147346851 4.80276174562 4.35059851295 4.27715532664 3.85661644287 4.26724364163 3.88626368704 3.27634274589 3.32389772788 2.35554446445 1.81312317826 2.31883285512 1.62594787881
