data/recharge/transience/oldversion/mHM_recahrge_568.ASC
ncols   80
nrows    72
xllcorner    4374000.0
yllcorner    5656000.0
cellsize      500
NODATA_value  -9999
[rows 0 to 25 of 72, columns 0 to 56 of 80]
-9999 -9999 -9999 -9999 -9999 -9999 -9999 -9999 -9999 -9999 -9999 -9999 28.400649685 29.1621302499 -9999 -9999 -9999 -9999 -9999 -9999 -9999 -9999 -9999 -9999 -9999 -9999 -9999 -9999 -9999 -9999 -9999 -9999 -9999 -9999 -9999 -9999 -9999 -9999 -9999 -9999 -9999 -9999 -9999 -9999 -9999 -9999 -9999 -9999 -9999 -9999 -9999 -9999 -9999 -9999 -9999 -9999 -9999
-9999 -9999 -9999 -9999 -9999 -9999 -9999 -9999 -9999 -9999 -9999 -9999 26.5923833713 25.7749892559 25.390633586 -9999 26.2483302566 -9999 -9999 -9999 -9999 -9999 -9999 -9999 -9999 -9999 -9999 -9999 -9999 -9999 -9999 -9999 -9999 -9999 -9999 -9999 -9999 -9999 -9999 -9999 -9999 -9999 -9999 -9999 -9999 -9999 -9999 -9999 -9999 -9999 -9999 -9999 -9999 -9999 -9999 -9999 -9999
-9999 -9999 -9999 -9999 -9999 -9999 -9999 -9999 -9999 -9999 25.4512027496 25.1269563569 25.7797365704 25.1982869271 23.9374352244 23.7297268525 23.0251170029 23.3671583292 -9999 -9999 -9999 -9999 -9999 -9999 -9999 -9999 -9999 -9999 -9999 -9999 -9999 -9999 -9999 -9999 -9999 -9999 -9999 -9999 -9999 -9999 -9999 -9999 -9999 -9999 -9999 -9999 -9999 -9999 -9999 -9999 -9999 -9999 -9999 -9999 -9999 -9999 -9999
-9999 -9999 -9999 -9999 -9999 -9999 -9999 -9999 -9999 25.2379075598 25.180521596 24.8773891667 24.5076098825 24.8084278027 24.2152494403 24.2470558506 23.6900382226 25.2001437365 -9999 25.1948576327 -9999 -9999 -9999 -9999 23.2688441045 23.9177223907 -9999 -9999 -9999 -9999 -9999 -9999 -9999 -9999 -9999 -9999 -9999 -9999 -9999 -9999 -9999 -9999 -9999 -9999 -9999 -9999 -9999 -9999 -9999 -9999 -9999 -9999 -9999 -9999 -9999 -9999 -9999
-9999 -9999 -9999 -9999 -9999 -9999 -9999 -9999 26.1428731064 25.335867207 24.3250652693 24.2714727425 23.7068366255 23.3521167982 23.2112438322 23.1351551672 22.4715991183 22.1487512452 21.9779498384 22.7394629907 22.3913406665 22.8806791109 -9999 22.2422911483 23.2245997601 23.4421252987 -9999 -9999 -9999 -9999 -9999 -9999 -9999 -9999 -9999 -9999 -9999 -9999 -9999 -9999 -9999 -9999 -9999 -9999 -9999 -9999 -9999 -9999 -9999 -9999 -9999 -9999 -9999 -9999 -9999 -9999 -9999
-9999 -9999 -9999 -9999 -9999 -9999 25.6125712391 24.8295798545 24.6328263221 24.824320556 25.0192909997 25.0298928777 24.2627267442 24.0721727824 23.2291239284 23.6368600477 22.7902494959 22.3285857235 22.3307224302 22.4315304363 22.0926152244 22.4772596179 22.4803154471 22.2330361458 22.4538007471 22.3509503151 22.543692731 -9999 -9999 -9999 -9999 -9999 -9999 -9999 -9999 -9999 -9999 -9999 -9999 -9999 -9999 -9999 -9999 -9999 -9999 -9999 -9999 -9999 -9999 -9999 -9999 -9999 -9999 -9999 -9999 -9999 -9999
-9999 -9999 -9999 -9999 -9999 -9999 25.0457325083 24.677748954 23.5183339185 23.2912762019 23.0278997 23.2238516899 22.8697702029 22.5823476507 21.9431412851 21.1625123382 20.1388391209 16.2505527675 19.0108492981 20.3649360112 20.6903895371 21.7603778668 21.2901101591 21.4455614657 20.9289062604 20.4502555855 21.6934336229 22.4281728965 22.1748601081 21.8221067797 22.6287967198 22.6424860335 -9999 -9999 -9999 -9999 -9999 -9999 -9999 -9999 -9999 -9999 -9999 -9999 -9999 -9999 -9999 -9999 -9999 -9999 -9999 -9999 -9999 -9999 -9999 -9999 -9999
-9999 -9999 -9999 -9999 -9999 26.0281739927 25.2001424377 25.1056081839 24.626910102 24.7927203178 24.4046296158 23.8226506527 22.4598085749 22.1400955133 22.6549279098 22.6241131931 16.277525328 8.99524992635 15.7086421572 20.4517594965 20.7674961247 20.5238306389 20.8552921443 21.0708857581 21.3029044579 21.6573872229 21.4749775626 21.4737201069 21.786004538 21.6626123532 21.1713636579 21.5910391413 20.5317760685 20.2780133157 -9999 -9999 -9999 -9999 -9999 -9999 -9999 -9999 -9999 -9999 -9999 -9999 -9999 -9999 -9999 -9999 -9999 -9999 -9999 -9999 -9999 -9999 -9999
-9999 -9999 -9999 -9999 -9999 25.4661652012 24.6434752102 24.7208404115 24.0232201481 23.6542459683 23.4401674692 23.7262801361 16.9571630277 13.8472657856 23.0815316631 23.2862121988 18.5361577481 7.39063795276 12.8833599708 17.2066450309 18.8902896327 19.9134679514 20.9533880929 20.7000461145 20.2341732495 19.5793913425 19.7325145178 19.1682060167 20.0353053946 18.6556467384 17.5128251077 18.9304771312 19.767164131 19.4391095167 19.6521267557 19.2533889884 -9999 -9999 -9999 -9999 19.7767637648 19.420604916 -9999 -9999 -9999 -9999 -9999 -9999 -9999 -9999 -9999 -9999 -9999 -9999 -9999 -9999 -9999
-9999 -9999 -9999 -9999 -9999 25.0767596096 24.500735158 24.4951748145 24.1976910626 24.5715865823 24.1680210899 23.9465499613 23.1751761612 23.2749518553 23.591955575 22.7511937835 21.3813904478 22.3778244641 21.0328539543 22.0764868706 19.9218417505 19.7729706021 19.6009651705 19.2785786979 20.0792546179 19.9039573243 19.5618697273 18.7133579657 20.3423543721 18.5365745167 12.926089523 16.840941326 19.6460407592 19.3877872244 18.7775094762 19.5394380465 19.4739589853 -9999 -9999 19.754685089 20.2035761009 19.9735845188 20.6014346871 -9999 -9999 -9999 -9999 -9999 -9999 -9999 -9999 -9999 -9999 -9999 -9999 -9999 -9999
-9999 -9999 -9999 -9999 -9999 -9999 24.7358429017 24.9089763837 23.9579011688 23.7971820554 23.1123575624 23.5237885537 23.1888644666 22.8171969359 21.8240749518 21.2171089283 21.1763761508 20.9669827742 19.8785834751 19.5911780071 19.728982323 20.0454984005 19.4587350852 20.1240077122 19.2749160191 18.4352036415 17.2106462939 17.7719837447 17.9429344351 17.9022704574 17.1155463943 18.3403362307 17.8813824227 17.8677937305 18.1623935563 18.3807191321 18.3775340017 17.5400535525 18.948466134 18.7087404431 18.6833802909 19.9193745305 18.2180114153 17.1494896486 -9999 -9999 -9999 -9999 18.9468329479 18.2826239169 5.31565702794 -9999 -9999 -9999 -9999 -9999 -9999
-9999 -9999 -9999 -9999 -9999 -9999 -9999 24.5924565732 23.5393388066 24.1187074413 24.067636464 23.6845034264 22.3920664068 22.0304156482 21.5649231976 22.8299082009 22.4580434818 22.2276753414 21.7553925647 20.5826719266 19.1946683823 19.2205361046 19.0173821368 19.1560577627 18.6276679919 17.7790354329 17.675220628 18.1809734011 18.0125601732 17.780475725 17.9655353532 17.9078771184 18.0921626369 17.7418139573 18.5736733693 18.5319520998 18.7432085424 18.6736307515 18.8021106582 18.7661752313 18.04293622 17.6584241527 16.8207091558 16.0274067062 15.245414881 15.7778525029 16.0777168806 15.3805287586 15.018115444 16.5641023546 16.2128303408 13.795961671 -9999 -9999 -9999 -9999 -9999
-9999 -9999 -9999 -9999 -9999 -9999 -9999 -9999 21.9835426091 21.9653961548 22.7564698611 23.2626446496 22.8551851152 23.3458453613 22.8885574141 22.4343751926 20.4679744928 20.5370050067 19.0056503032 19.8403703171 21.4026784782 21.105517715 22.6581055706 24.6854026003 24.0126911709 24.1959038746 18.7874819703 16.7349008484 16.0467282276 15.1554464778 15.7720490492 16.0441877966 16.2726377075 15.862130304 16.7439540584 16.3753393427 17.3432254583 17.663744202 17.28421019 17.2066870279 17.2579272921 16.4525283127 14.6784065339 14.2735316956 14.0381512318 13.6252033411 14.1010860715 13.5832170939 13.0488177248 14.7088161901 14.6314812766 15.03294502 13.9476928284 -9999 -9999 -9999 -9999
-9999 -9999 -9999 -9999 -9999 -9999 -9999 -9999 23.2986566251 22.6440092838 22.320762197 22.3861365011 22.2546851041 22.218949136 21.2879186615 21.0824468687 20.4288236841 20.9514273517 19.8577678039 20.4422335428 21.1132015128 20.9375250213 25.3997768364 28.2332662337 26.0259153205 23.3599807423 24.505513941 20.0109985021 16.3851718063 15.2757043831 15.1509181382 15.6496631917 15.3209559615 15.6473351363 16.6500754301 7.09278641665 17.9463458985 17.3985093316 17.2484277943 17.1151667483 17.0455772929 16.3200525672 14.396477271 14.3373936502 13.6652679142 13.6090189747 14.0443759428 13.6876745381 13.6333175341 15.2686538458 14.8152541219 14.847722385 14.5518788736 15.0516856922 13.6292803342 14.0953234474 -9999
-9999 -9999 -9999 -9999 -9999 -9999 -9999 -9999 -9999 23.0854111801 22.5125211176 21.4793984415 21.6470594234 21.8171648525 21.248549338 21.3037147226 21.844455017 22.1046576805 22.1875970198 22.2463887774 21.8127089207 20.1594967558 21.7003129446 30.9729124071 27.3823085729 26.1914156237 23.0118373735 21.8449851646 17.3726318151 14.9685792619 14.7339280004 15.0253341609 14.8033741506 13.9650600154 14.8530389103 13.7512041014 16.3570759176 15.9394033504 15.6835537431 15.7522643196 15.6140513495 15.823365011 13.4132529296 14.4208801147 13.0539876029 12.2356866741 11.5044076433 11.6851775206 13.1210142419 13.1010320957 13.0083382057 12.8022253968 12.9825089045 13.3884368883 13.4695551567 11.3654338263 9.24015004633
-9999 -9999 -9999 -9999 -9999 -9999 -9999 -9999 -9999 -9999 21.9277009741 21.8176098989 21.4561362852 21.5700653256 20.7454282047 20.1752046342 20.1056386466 21.6574167645 20.6049351968 19.4942599332 18.9343562092 18.6659352457 17.4881439454 22.8159079404 24.9659857732 26.3322712036 24.5208540143 23.0748449181 20.2585250905 18.3665856858 14.7855697187 14.8117315475 15.4414090874 14.6975877496 16.0259365878 15.6194698299 16.1597860996 15.9408441297 15.7465390721 15.791890835 15.9666582191 16.0218512128 14.9396835539 13.9622326857 14.9340100512 14.5019312259 13.5463893326 12.3875361794 13.7677689519 13.6944092782 13.8466060391 13.5813503824 12.5961671048 13.4363849646 12.4206695144 11.0278150119 9.17327521131
-9999 -9999 -9999 -9999 -9999 -9999 -9999 -9999 -9999 -9999 -9999 11.0787152192 13.4071760991 20.4578634877 19.9918437432 19.3006110273 19.4307169544 19.3432868452 18.1094746406 18.6076591312 18.9707380508 18.9076290329 17.0827460987 15.7790790874 17.6607978624 20.3362114899 21.8950870066 24.5456897078 22.7299845299 12.5005687942 15.9191359373 14.7225704801 13.9250336917 14.1811022662 14.47391265 13.7979636301 14.6085503648 14.5514315927 14.917063628 14.924513283 15.4203000655 14.6943606306 14.9704071844 14.0268103006 12.3771240258 11.8240969222 12.3380661548 13.1983812637 12.8787398099 13.0127827079 12.2493440261 13.1363070095 12.5903693823 12.0468415282 10.7969687168 10.9334817076 9.01935768993
-9999 -9999 -9999 -9999 -9999 -9999 -9999 -9999 -9999 -9999 -9999 10.4582844636 15.6873489367 19.8667898754 20.1445510884 19.6262093043 18.3007489823 17.9395417653 18.4052961508 18.4932768227 18.2719613749 19.2107379361 16.9752024059 16.4662638653 16.2389410767 17.0393090642 18.9172238942 22.0852595183 21.1697714767 19.603604472 21.1504318791 20.8136623922 17.3369409726 18.5974944699 17.312093472 14.5152035357 14.5621389815 14.7122316982 14.7020278767 14.1954103682 13.2538964763 15.6476672261 14.3774986241 14.5832687117 14.2889448247 13.3073603414 14.2992970164 15.0842425359 14.2635757587 12.6540390716 12.621662392 12.5982447999 11.0209593024 12.9081840964 12.3029422096 11.4400771584 10.452377407
-9999 -9999 -9999 -9999 -9999 -9999 -9999 -9999 -9999 -9999 -9999 21.614118707 20.8364004129 20.5118298222 18.2968219873 18.9160796934 17.4104110138 16.1673095363 16.3483277142 16.8028762342 16.6386165642 16.8178155947 15.868462233 14.88188968 14.296114524 14.0783671837 13.7163568627 13.547787058 13.9844186255 16.0311044099 18.0914716983 21.1529846143 22.34970836 22.5628726624 17.023625126 15.3805250956 16.9783477625 15.8012740961 14.0140364759 10.2511813972 8.31466256883 14.4591035362 15.0756532651 15.8527536791 16.6004113084 17.0905599653 13.6405426844 13.0784353428 12.6472725103 12.7228267116 11.5038912829 12.1170814674 12.1262861263 13.1485846163 13.2834573453 9.82032197058 7.49099293226
-9999 -9999 -9999 -9999 -9999 -9999 -9999 -9999 -9999 -9999 -9999 -9999 19.5234740079 20.1769340087 19.5940070739 18.7427727233 17.8848527802 17.1693777803 16.2096350477 16.956420443 16.9082169572 16.4331814135 15.9621876633 16.0142955208 14.4819810156 14.6618854807 13.865183512 14.1192956406 13.7118664926 13.3578218768 13.37225552 13.704420949 14.7110940482 17.3929255796 18.4737014326 7.99729454039 17.6375342019 15.9459883963 16.9275112711 13.9075766839 14.7063773436 14.321107145 16.3613451128 17.2302135499 17.6063304889 17.5346491306 14.9454247805 13.1455710524 11.4659671699 12.0326831782 11.2711608918 10.3761790137 9.40725747529 9.48415337283 8.63766485147 9.48356725744 4.62819708654
-9999 -9999 -9999 -9999 -9999 -9999 -9999 -9999 -9999 -9999 -9999 20.5532322435 20.3415078684 20.6640458973 20.3163913742 11.366436725 14.889925172 17.6726323988 16.0616767841 16.3826162992 14.9328365531 14.7991160189 13.9332578841 14.1364852173 13.9565691819 13.8381433716 12.2498587403 12.5921163382 12.6225561716 12.3583913484 11.9727174496 12.2497385152 11.919660597 11.8296490901 12.4001227546 17.1601169302 16.9427817182 13.6332343826 13.0828145616 13.3083699944 13.6290084838 12.9459134826 16.0432182185 17.1920635755 18.3536303048 18.2848401717 16.8156658088 15.1074628494 12.6433498634 12.6311584934 10.540932011 8.59806557404 7.71995788587 7.75792077253 7.07594269977 7.5775687826 9.00772026884
-9999 -9999 -9999 -9999 -9999 -9999 -9999 -9999 -9999 -9999 -9999 20.8599865647 21.5156300813 21.2414527227 19.6799047225 15.0237775105 18.1283388464 18.1523643011 16.4061861039 16.3149603891 12.4403445452 12.1825885668 13.9083191788 14.6131813568 14.3187880319 14.4168271238 8.41964568708 8.62444289985 12.8897595743 14.8348604171 14.1335076847 12.4028633756 11.7813638461 11.8351133744 12.206190886 14.6717338071 14.6853863154 16.6827361133 13.8081821348 15.3876263588 12.7396970424 13.2104103381 14.9242156117 15.3791335738 15.554239393 15.1746691143 15.5262472524 15.7081127613 14.290843413 13.9229887312 10.324138329 10.5325981267 9.53592668128 9.23910677054 8.58447367837 8.16857314765 6.56387074568
-9999 -9999 -9999 -9999 -9999 -9999 -9999 -9999 -9999 -9999 -9999 21.5975781978 21.5271203773 20.7608344003 20.4580595958 20.2998888034 18.0211106583 18.3903009471 17.5732331699 17.7427992258 13.249157477 6.24665745125 13.5020944362 15.6217043955 13.5027937036 13.514380364 14.0438441426 13.8893024431 12.6866083847 12.0274512234 12.0095843554 13.8647660507 13.9369581635 13.4572669675 12.0327545529 12.6354846857 11.0967376537 9.38352534485 12.9937661169 12.5446647821 13.0987355387 13.4052070592 13.1270076846 12.2474060526 12.4026638103 12.4240078962 13.1231660856 13.2342821605 12.6170983419 12.2355613745 10.3539309235 8.1961137989 6.92843569618 6.98870929723 6.3497116248 6.94328360465 7.62752114796
-9999 -9999 -9999 -9999 -9999 -9999 -9999 -9999 -9999 -9999 -9999 -9999 21.7887082414 21.332151183 20.2785469898 19.9228535785 18.7095541934 18.9556623133 17.4448886557 17.9429559268 16.9541168506 17.7673416295 14.6247894734 13.4253096236 13.1250758908 13.0329413622 12.0019885694 12.2802399908 11.698521745 11.0814703944 10.1990075614 11.3164825933 10.9792361535 11.5004834997 11.4515946675 13.9543944654 12.1824851924 10.5932254651 14.1133660182 15.0911009694 13.0144650198 12.2656845844 13.1780688366 12.1822880753 12.4698527531 12.4917289132 12.4274870056 12.7632662419 11.9835056352 11.9264823897 10.846171764 5.49694510428 6.35579444871 9.43711744848 7.12189645642 7.1314080285 6.53018151653
-9999 -9999 -9999 -9999 -9999 -9999 -9999 -9999 -9999 -9999 -9999 -9999 22.4546788502 21.3185787254 20.4558983322 19.8547609392 18.3042020849 18.8398121435 18.0202795397 17.326423827 16.9197054282 16.2874681699 15.1785613448 15.1182373442 13.3993038581 14.0590071639 13.773966338 13.6996527716 12.5165333677 13.6408939815 12.3440488281 12.7165134648 14.2618431675 14.1852468094 15.1291865573 13.5365334621 12.2760323313 13.7648717098 16.2486252657 14.1848915335 12.8431430424 11.441622216 10.8394351343 10.7530593303 10.7892983605 11.0042357242 10.5546244793 10.5620750418 9.92958729357 10.2416598396 9.75504506897 8.8584206993 8.80003132428 6.15960760277 4.68351495839 5.67390386862 4.07606702752
-9999 -9999 -9999 -9999 -9999 -9999 -9999 -9999 -9999 -9999 -9999 -9999 21.6273514901 21.4538742727 20.4239580381 20.5094833946 18.8605344247 18.8321612155 17.4025485571 18.4437135265 17.1384000858 16.636415296 15.3790269441 9.0062334024 11.4558151819 14.3326796133 12.4641711837 13.6611860468 12.7053459204 12.0679631719 11.2291578048 10.8504648841 11.1312449574 12.3892139391 13.1047035726 9.69250480183 10.9510857153 14.3559606599 12.6408600055 9.61673927833 8.65700889793 9.11767985567 10.4779941409 10.9061954637 10.6834693263 10.8334893118 10.8099919696 10.7748580696 10.5997197757 11.1026086196 10.8512527703 9.61734730165 6.14582089605 5.20869653298 5.34012249824 5.09901592455 4.63616923966
