data/recharge/transience/oldversion/mHM_recahrge_408.ASC
ncols   80
nrows    72
xllcorner    4374000.0
yllcorner    5656000.0
cellsize      500
NODATA_value  -9999
[rows 25 to 49 of 72, columns 0 to 56 of 80]
-9999 -9999 -9999 -9999 -9999 -9999 -9999 -9999 -9999 -9999 -9999 -9999 18.806347016 18.8136487953 17.821827802 17.5774523645 16.1990138379 16.4010917599 15.1505505335 15.3004359831 14.4015705161 14.3166157229 13.5238858249 9.38645616566 9.84706803601 10.7179014477 9.86715501062 9.81243692623 8.56148289515 8.09208749443 7.16070082844 6.89923187129 8.73754844475 10.8400503833 8.50367835256 14.9032569362 13.714908459 9.97574808448 8.38623417356 5.36505484873 4.67834260384 4.87407296651 7.96789093336 9.55643999241 9.47744532303 9.48488124418 9.44684322555 9.46594966291 8.98655679901 9.1675238997 8.11223509522 4.92646772222 2.88917639249 2.53174216889 2.3323603941 2.45458570823 2.24603702738
-9999 -9999 -9999 -9999 -9999 -9999 -9999 -9999 -9999 -9999 -9999 -9999 -9999 18.9409978279 18.3098479896 18.2746447869 16.9995473662 16.8837607549 15.7169002078 15.6451673319 14.7427075164 14.9150936445 13.9580121887 11.8747671267 13.121756456 12.0909423099 10.229631979 8.9824517843 8.31086372102 8.6293314072 7.43635616147 7.30069301737 10.0054972089 7.49837538087 8.2815463766 8.85131782931 13.6162151713 8.70892467374 6.24621803608 4.39176248661 3.98271958878 4.52156423825 3.39738599493 4.02202406144 4.58355364091 6.1691890511 7.83374651386 7.73474424398 4.38454293522 2.87318000538 2.45452426643 2.57722309274 2.53359999859 3.38887332876 4.07934277327 2.00636763005 1.89139007858
-9999 -9999 -9999 -9999 -9999 -9999 -9999 -9999 -9999 -9999 -9999 -9999 -9999 -9999 18.0546328955 17.9181684423 16.7399891502 16.6631329287 15.5342085548 15.6843041286 14.6575892616 15.0857771012 14.2002948706 13.9541638409 12.5222206685 12.5605390368 12.2947115062 12.2230866102 9.1487545976 8.03284516681 7.72934638013 10.2439390388 10.5691180486 9.13225318118 9.09089188414 12.3661573063 13.3916428862 5.658132063 4.50557313326 5.18212884317 5.25244163122 4.29097268334 4.26309640936 3.68421319813 3.03017508245 3.3023091532 2.83395175659 3.31735380812 2.56062971594 2.87355151909 2.66918488094 2.26184743972 2.02350554857 3.71428861181 3.89221231836 5.63889530618 5.76382994053
-9999 -9999 -9999 -9999 -9999 -9999 -9999 -9999 -9999 -9999 -9999 -9999 -9999 -9999 5.38465966299 12.0977462544 17.3767293459 17.15764609 16.3275274273 16.3354660112 15.5358213537 15.6319247997 14.191737873 14.6974664829 13.8548033814 13.889699285 12.3567538586 12.709347732 12.1706603432 12.0165397073 9.3492012672 5.65901973844 10.4360468519 12.7070100515 8.42331923298 9.72048183056 12.3356621212 4.01669272779 4.77549694014 5.08928357788 3.92682603349 3.98155831091 3.65135275316 3.92208602832 3.37146888552 2.97693367167 3.40737816493 4.03233170279 4.25140226535 2.80156730415 2.74092086567 2.99696518031 3.04976872344 6.12717814599 8.67092830103 9.75296509285 7.24565437502
-9999 -9999 -9999 -9999 -9999 -9999 -9999 -9999 -9999 -9999 -9999 -9999 -9999 -9999 8.20125229286 12.4797686996 17.2373579137 17.3737129544 16.2672717977 16.2797191722 15.347104322 15.4352032173 14.5584091541 14.5435927049 13.5145075179 13.4103287798 12.9109106679 13.0514209755 11.8952096563 12.0690481422 11.1631454145 10.5921596431 10.2551839375 10.36395387 14.1900017224 8.23077030482 10.4567639774 6.19421675028 3.84477368388 5.00615108524 3.52026225131 3.81840266777 3.40895595211 3.46510571108 2.81747798334 3.01981717603 2.43544062024 2.94271069316 4.00777511214 4.79235307902 4.75686158787 4.00975792083 5.26892404118 5.28457130722 4.46897699963 4.34211491964 3.0658287458
-9999 -9999 -9999 -9999 -9999 -9999 -9999 -9999 -9999 -9999 -9999 -9999 -9999 -9999 19.0521052481 18.7258987271 18.056842361 17.8870199421 17.1687257783 17.4928821852 16.2929842352 16.2788039387 15.3114998471 14.8929066505 13.1310886919 13.4017378082 12.3114165358 13.1132971124 11.9961294674 11.8782897465 11.0971519978 11.2582454278 10.6012806614 9.37846298969 8.24141517489 8.28689638226 7.80493194218 12.4122304808 6.98710153598 8.6764457667 6.12032221366 3.26086843787 2.63411963295 2.78127611272 2.40414817615 2.47311882133 3.73711314167 5.10842644478 8.39055270188 9.34261098075 7.00803681656 7.20152122254 4.90456758175 4.10725137592 3.34189992504 2.97042163447 3.17362705571
-9999 -9999 -9999 -9999 -9999 -9999 -9999 -9999 -9999 -9999 -9999 -9999 -9999 -9999 -9999 18.5944220386 17.9924276232 17.9210181215 17.2806753572 16.9815398026 15.7898610987 15.9017350037 15.1232835314 15.0726026695 13.1622413228 13.6638144128 12.5108049236 12.7628122615 6.98034873474 11.5815272723 10.7329638938 10.7157651966 9.84837460133 8.46898685989 8.34565986271 8.36461531809 7.99781279485 7.97442790126 7.68437183617 7.44191503168 6.86474853818 9.25347274705 3.29086075678 2.8940991662 2.67098029124 2.91746938984 3.78187877615 4.0950107405 4.24137646487 3.68731873056 2.44908731892 2.27487642707 2.90267013129 4.04254014795 3.75991178773 3.72267171873 3.30249308877
-9999 -9999 -9999 -9999 -9999 -9999 -9999 -9999 -9999 -9999 -9999 -9999 -9999 -9999 -9999 -9999 17.7925916492 17.5910671178 16.9382702931 17.3945881145 16.5139804682 16.3996526531 14.7217419014 14.3226764892 13.4512691907 13.3910866375 12.0423055686 11.2015109075 6.64684559527 10.1164400719 10.8549186093 7.52730658501 5.34581255477 3.73969311031 8.22283342122 8.36466243952 8.1036442811 8.21150303733 7.99069899114 10.1507714849 13.0110526463 12.9227499387 9.38115127556 5.03587293363 3.37016852646 2.72029077663 2.22302893625 3.02605302723 2.25172808967 1.88314760957 2.34959373566 3.15414472729 2.59800833297 2.27656781162 2.46173210638 2.27205952228 2.10324743349
-9999 -9999 -9999 -9999 -9999 -9999 -9999 -9999 -9999 -9999 -9999 -9999 -9999 -9999 -9999 -9999 18.0353713577 17.8384958104 17.3321693176 17.1564646414 16.2495227165 16.4697051548 15.03931376 14.2238306902 13.6015656236 13.7748170282 12.2480979132 12.0284566467 7.10974898906 9.64598725138 6.9449824654 5.16879910558 5.66542870769 4.09040732176 7.42440710135 8.27753189963 9.77851844296 8.23159512178 7.96426099759 8.50227100244 11.0441434776 11.2623080846 11.2248050959 7.90585359385 5.81291966128 4.72322859804 5.34382748626 5.47472945897 1.83430064062 2.1765349778 2.69261599911 2.78784830177 3.32095855648 3.47118217464 3.89770494211 3.08542143794 2.11777101496
-9999 -9999 -9999 -9999 -9999 -9999 -9999 -9999 -9999 -9999 -9999 -9999 -9999 -9999 -9999 16.8465446571 16.7861547024 16.637716231 17.4922848166 17.2808307236 16.1587781249 16.261477138 14.7381754204 14.2641423184 13.1920508744 13.4057416191 12.2109116171 12.2512970689 8.76825138132 10.7054260274 10.4437988992 10.516336966 10.0427595514 8.08898546433 8.98589836326 10.1950753841 10.6542948109 11.4206249613 10.7795149462 7.73683037728 8.55279801109 6.88124324981 5.04312600739 4.99055529755 4.88763514037 4.10307813926 7.78340258469 6.05869839056 2.59634805261 2.61739533061 2.20053733151 1.84324331596 2.00327109917 2.17579606017 2.31572015739 2.36686405164 2.52371115376
-9999 -9999 -9999 -9999 -9999 -9999 -9999 -9999 -9999 -9999 -9999 -9999 -9999 -9999 17.4115612271 17.1574422927 16.8960965057 14.5286980815 16.181451773 17.213537606 16.0478702651 16.0854731865 14.3699840763 14.4104239448 13.0587832706 13.1098546513 11.9357733778 12.2707235869 11.4045144959 11.4234706014 10.2486849747 10.3327244517 8.43160449886 6.431362061 5.3371323508 9.14926986076 12.4431673372 11.206735615 3.93408160184 6.82934670131 7.83689470037 4.44339231271 4.1696896629 4.42848594932 3.38893496642 3.01566840293 5.26275777107 3.02143303717 2.54872659793 2.19192012023 2.0154268291 2.00053346851 2.11507281795 2.07572513508 1.97842676684 2.07442145144 2.11697422632
-9999 -9999 -9999 -9999 -9999 -9999 -9999 -9999 -9999 -9999 -9999 -9999 -9999 -9999 17.3788627585 17.3437555256 16.6379293284 13.8795108722 12.1290190785 13.5943751114 14.9165653835 15.3619179936 14.2878449607 14.3624407007 12.5488209777 12.2222601279 9.12723585134 9.3259629041 9.09371378085 11.0588553133 10.3821389022 8.8342556256 6.01196636008 5.64752239566 4.70478089345 6.81427904356 8.58792784173 9.85332009717 6.66704813801 6.77185874459 7.75936040208 7.37392120885 4.44674980418 4.19264362056 3.81800806433 2.58705962882 3.79413106296 3.52515379521 3.09883795229 3.52648710427 3.52229999478 3.50146731206 2.78466865379 2.53141763902 2.74243660016 2.66129539452 2.18255898792
-9999 -9999 -9999 -9999 -9999 -9999 -9999 -9999 -9999 -9999 -9999 -9999 -9999 -9999 -9999 -9999 16.788279419 14.7807078529 14.3266150606 14.1841304302 13.5048543425 14.8599778136 14.5975237313 14.5728038445 12.7005189711 10.328256067 6.79227594046 7.02893792649 5.90358594509 7.37008657135 7.82608388485 6.31408042167 5.72114651879 5.20985086601 5.08461450898 5.11555859183 6.02959991155 6.16419719973 7.55652391723 6.92048850796 4.7526128644 4.89582500957 7.59926185216 7.02579004799 3.03281442751 3.44046581606 3.16723771959 2.2963599036 2.32450629447 2.72483889122 2.68304899163 2.74220343354 2.48776628084 2.23702503338 1.68323293102 1.76306782644 2.35024786053
-9999 -9999 -9999 -9999 -9999 -9999 -9999 -9999 -9999 -9999 -9999 -9999 -9999 -9999 -9999 -9999 15.1122219197 14.9527071333 14.582801275 13.300733111 12.6325709222 13.2136013842 13.6547291803 13.9001717857 13.0949908471 10.6569219979 8.03607915007 7.82005121634 6.87444954116 7.33617272781 7.31216772085 7.09189990372 5.92831445066 5.26181025977 4.10512211915 4.27610543895 4.20110217725 4.62241003229 3.56153614582 3.40410583318 3.79056737166 4.46344454462 5.04109066791 5.28006615707 4.87819917918 2.90910203315 1.51537824525 2.08401247921 2.04247675473 1.71012512656 1.44086080861 1.45927796659 1.17375432545 1.3209704448 1.25573561515 1.26181923836 1.24617786658
-9999 -9999 -9999 -9999 -9999 -9999 -9999 -9999 -9999 -9999 -9999 -9999 -9999 -9999 -9999 -9999 -9999 -9999 14.6392421955 13.8071656246 12.0759990688 12.5942373541 13.2210786226 14.1616420877 12.9393733978 12.29938224 7.66135430494 7.68848385907 6.94535500193 7.10546606114 5.92296366342 5.56537656415 5.16476703334 5.26107027429 4.05851827222 4.60346187737 4.39753239899 3.66682685294 3.35925439321 4.16462116551 3.40180211679 3.15032022224 3.05531666896 3.04051507987 2.53941240382 3.02104732684 1.85181273887 1.91389088633 2.40170009117 1.52245456984 1.52609302855 1.59909916555 1.19864498072 1.22913154881 1.34551130812 1.424332498 1.33561153001
-9999 -9999 -9999 -9999 -9999 -9999 -9999 -9999 -9999 -9999 -9999 -9999 -9999 -9999 -9999 -9999 -9999 -9999 -9999 12.6019365213 12.1930275153 12.498135643 11.9659711755 15.1755857779 13.473439542 13.3579932495 10.9583567018 7.59917842831 5.96540625295 5.84855455987 5.44855960523 5.51919784927 4.6299572904 4.53344579426 3.34520786269 2.96815361572 2.77021993345 3.44424234 3.11161093931 3.50074772247 2.95443114412 2.784245441 2.38802470772 2.80101727794 2.75499130588 2.84589992886 2.42539232108 1.53684290102 1.15292041146 2.17478663299 1.35139222974 1.32677773073 1.06429205173 1.05479723715 1.21785518497 1.16929069212 0.949724467954
-9999 -9999 -9999 -9999 -9999 -9999 -9999 -9999 -9999 -9999 -9999 -9999 -9999 -9999 -9999 -9999 -9999 -9999 13.669472844 14.0797084377 13.8352279678 13.6940736716 11.9647963684 14.7755913197 13.3921502092 13.5381458294 11.8873823702 10.3869132281 6.44937328347 6.18596602116 6.03865414378 4.25027251558 5.0112207688 4.31785657885 3.56327128685 3.98889270374 4.38446643009 4.2373421355 3.82280343301 3.76857157024 3.73490244359 2.95379291531 2.65042772901 4.21462356795 3.4727301565 3.99092667773 2.61630318067 3.99061871587 3.00674276244 1.57873088127 2.83275458721 2.64385621958 2.20707773849 1.91506399305 1.56283420526 1.41758133755 1.27167368437
-9999 -9999 -9999 -9999 -9999 -9999 -9999 -9999 -9999 -9999 -9999 -9999 -9999 -9999 -9999 -9999 -9999 -9999 -9999 15.096972535 14.7008674218 14.4460621838 12.0133118549 14.541516236 13.7908793796 13.7166618249 11.4279680029 11.8038427136 8.32509797087 9.36830950062 7.67515548529 7.67751620172 6.03375394458 4.22028867199 4.45142793883 3.99546434335 2.45603843124 2.23901928704 1.941899488 1.94433911492 2.12777976708 2.82060915855 3.48669478241 4.63504988384 4.5114241633 4.51220021243 3.06975295786 2.62194242444 3.06137538682 2.04730379086 0.820254990843 6.38027082348 6.66975541756 5.46486838488 4.08620934936 0.902970758339 0.849593266574
-9999 -9999 -9999 -9999 -9999 -9999 -9999 -9999 -9999 -9999 -9999 -9999 -9999 -9999 -9999 -9999 -9999 -9999 -9999 -9999 13.9248535753 14.342517341 12.0740809255 13.7350535938 13.3812572277 13.6270218683 11.3464862135 11.9001371869 11.205898288 11.0050980617 9.96008666361 9.88600222294 4.98663642719 6.09138062416 5.47692176529 5.38033364056 3.28924753966 3.62070997571 3.37462701479 3.21145320279 2.69311248946 3.25384413579 3.44161419295 3.17476696281 3.81683744598 3.45461386592 2.98273309089 3.25213838325 2.98540690623 3.36463258068 2.61928579806 1.56957121241 0.775018581275 1.8999445274 5.06981106022 1.00156448352 0.977941683457
-9999 -9999 -9999 -9999 -9999 -9999 -9999 -9999 -9999 -9999 -9999 -9999 -9999 -9999 -9999 -9999 -9999 -9999 -9999 -9999 -9999 14.150563325 12.6144680221 12.8736424384 12.7584938007 12.539358832 11.4756587869 12.1382898789 11.0837304359 10.9727801651 9.77888197 10.3339173159 5.03116191204 5.56880646624 5.56370829305 4.61982172378 3.76118946424 3.04734206576 2.68052969661 2.88674668629 3.53420971806 3.66951898107 3.99040735899 3.2741233981 2.86250197897 2.32604367353 2.71057597315 2.91499413799 2.80168839501 3.25211870732 3.13140048746 3.57412418464 2.01154333603 1.3389767001 0.354411436658 0.501023523572 0.578455240199
-9999 -9999 -9999 -9999 -9999 -9999 -9999 -9999 -9999 -9999 -9999 -9999 -9999 -9999 -9999 -9999 -9999 -9999 -9999 -9999 -9999 13.2551827477 11.9553902524 11.9449213916 12.8001222783 13.4150623831 11.8700522282 10.3444421102 8.59672159679 10.7269612186 5.12282586767 9.49295641703 5.45490195689 4.63559458579 3.23906969176 3.73901950981 3.21223983572 3.12867893427 2.76298748596 3.27627245389 3.56030234105 3.45277619039 2.92790566594 2.93791095083 3.50992304981 3.37711727672 3.16032339149 3.10102090005 2.19338619915 2.32557028201 3.97504510138 3.4309228548 2.81953555786 0.762786963221 0.725359081993 0.397790520155 0.415405185097
-9999 -9999 -9999 -9999 -9999 -9999 -9999 -9999 -9999 -9999 -9999 -9999 -9999 -9999 -9999 -9999 -9999 -9999 -9999 -9999 -9999 -9999 12.0330549774 12.7638361628 13.7243831641 13.9444814726 12.1942791628 10.3000730777 6.98529023982 7.53236612638 7.74484654875 7.94452958677 5.23335358582 4.86837765693 4.87823006216 4.1532022245 3.83695717353 3.62307819072 3.39930728417 3.42759563866 3.64850443321 2.77222253017 2.92312419881 3.47371940194 2.42849020669 2.26490446204 1.83628103839 2.23404151008 2.71898468371 4.57965714059 2.57263836907 5.2522359727 4.37886780686 1.26084975232 0.37665842426 0.312382659082 0.34441041412
-9999 -9999 -9999 -9999 -9999 -9999 -9999 -9999 -9999 -9999 -9999 -9999 -9999 -9999 -9999 -9999 -9999 -9999 -9999 -9999 -9999 -9999 12.2812001522 12.0716639522 13.5572476711 14.2218012364 12.3567723265 8.66403697806 7.36730111453 7.56628266404 6.42592366938 6.52689008032 5.87375095688 5.1791888636 4.20426968817 5.01506789999 3.85078765368 3.57924293911 3.88682351149 3.94018098513 3.02633294373 3.70234030884 2.95962360014 2.5253968856 2.29549283231 2.76703291381 3.14495385223 3.27970361099 2.16278965329 2.21779449997 2.45169822222 5.61411013232 0.898304925089 2.34675236058 1.06929320318 0.914504981631 0.57646750091
-9999 -9999 -9999 -9999 -9999 -9999 -9999 -9999 -9999 -9999 -9999 -9999 -9999 -9999 -9999 -9999 -9999 -9999 -9999 -9999 -9999 -9999 12.1723165245 12.6002593449 14.6471196256 14.7357647891 12.5317623344 9.67513354822 7.80506899852 8.41386177738 6.88628307816 6.42812677871 5.59240232977 5.30138153923 5.22958599178 4.18501365768 3.91338720817 4.696589714 4.20724897607 3.95544134917 3.84773283203 3.2821668054 2.55406993353 2.9913372386 3.43414130353 3.29984076224 3.31878340029 2.99427594685 2.40274627792 2.40679401385 2.79878853443 2.41499223336 1.75239970836 2.00560027063 2.156176613 2.36563612497 1.00130520705
-9999 -9999 -9999 -9999 -9999 -9999 -9999 -9999 -9999 -9999 -9999 -9999 -9999 -9999 -9999 -9999 -9999 -9999 -9999 -9999 -9999 -9999 -9999 12.9970968322 14.9018160245 14.8326503487 12.1169877944 9.09325945175 7.53423212888 8.17283992694 6.91398651865 7.26334153906 6.33681864098 6.40553075143 4.80393328106 5.1388094982 4.96818791936 4.52314009923 3.37797871215 3.19219728382 2.58382466917 3.14345506198 3.61828125489 3.66911971347 3.29128533657 3.02782914519 2.05621044079 1.92216310155 1.79819297862 1.92503328943 1.53305437636 1.86903979025 2.00149809705 2.86065655866 1.28385812891 0.775588912916 1.6561854878
