data/recharge/transience/oldversion/mHM_recahrge_378.ASC
ncols   80
nrows    72
xllcorner    4374000.0
yllcorner    5656000.0
cellsize      500
NODATA_value  -9999
[rows 25 to 49 of 72, columns 0 to 55 of 80]
-9999 -9999 -9999 -9999 -9999 -9999 -9999 -9999 -9999 -9999 -9999 -9999 3.61192466209 3.423061861 2.95835467846 3.2176887389 2.56031477039 2.46815383498 2.24404348291 2.49825515464 2.04130540113 1.92013858901 1.64105472487 1.12281777995 1.34284966481 1.77486994021 1.79196393244 1.67917980947 1.35861288844 1.25239185863 1.07389144547 1.01806215021 0.788011460057 0.900294541054 1.83042922485 1.36270743474 1.61380112803 1.98932621422 1.63664280226 0.840815310625 0.651233263792 0.563142572804 0.50680452812 0.502844101386 0.468707194456 0.47882792072 0.464948376132 0.463007099526 0.44114129478 0.476884184576 0.460358707943 0.48094840038 0.382296646664 0.318590420836 0.313158369636 0.325366773241
-9999 -9999 -9999 -9999 -9999 -9999 -9999 -9999 -9999 -9999 -9999 -9999 -9999 2.95323063212 2.92936117997 2.98273742887 2.81795416716 2.85314058457 2.46857052604 2.32795263639 2.08994171503 2.16035508043 1.94389387751 1.59066635267 1.79758601852 1.73821540949 1.5652868784 1.51557134897 1.33536147294 1.4066922331 1.17565907479 1.11607436559 0.763188485102 1.70573381937 1.81605740401 0.429599558056 1.05749644468 1.82108273717 1.11126583565 0.642739256313 0.555219274752 0.681132919119 0.484896209797 0.520162563691 0.433764102483 0.412236199433 0.358713943951 0.341319014718 0.32514315959 0.300242767605 0.292881957505 0.31821019225 0.331100226666 0.339063082602 0.179767093527 0.254572869505
-9999 -9999 -9999 -9999 -9999 -9999 -9999 -9999 -9999 -9999 -9999 -9999 -9999 -9999 2.88414953412 2.85792920992 2.60974215908 2.7150584515 2.52382988669 2.6187430169 2.2050115513 2.30209815599 1.91937213133 1.87569414322 1.61537184425 1.54862936988 1.46156884067 1.70411338144 1.36980660525 1.27492346595 1.17826589018 1.11073177855 0.900780805066 1.80998734833 1.97293910635 0.727288481621 1.03988366586 1.05190676691 0.681429111714 0.471016149518 0.42275403434 0.584842529644 0.633504594474 0.537151971485 0.401072096339 0.450431826166 0.368890018133 0.33565894021 0.320428196869 0.366366805597 0.334674069073 0.261974756197 0.236294821554 0.234439601982 0.199561939316 0.395412418077
-9999 -9999 -9999 -9999 -9999 -9999 -9999 -9999 -9999 -9999 -9999 -9999 -9999 -9999 0.974730371433 1.73538674629 2.52963218515 2.7360214653 2.52924863293 2.58042687116 2.38276028922 2.29526623037 1.90670198362 2.1385891784 1.89005612312 1.96464809718 1.38958533479 1.3180445834 1.24571067296 1.36483980599 0.855445943788 0.406701687287 0.882542150886 1.87928335859 2.76424862406 0.717737536496 1.04414428259 0.697038105899 0.448604716992 0.411902947826 0.484459691042 0.5376881603 0.513241663748 0.58908005626 0.488452017939 0.414516048857 0.216709590926 0.123279193441 0.145955764635 0.278036584158 0.364175289917 0.413855902457 0.449795769092 0.43505312362 0.352327879171 0.398536403017
-9999 -9999 -9999 -9999 -9999 -9999 -9999 -9999 -9999 -9999 -9999 -9999 -9999 -9999 1.24485348754 1.81789768689 2.57598525318 2.85985715634 2.69087547828 2.67555366426 2.39146234517 2.41274728894 2.19712850818 2.03516653637 1.71078497594 1.62159083048 1.46033651662 1.42599515014 1.10147220715 1.19917230766 1.02613585925 0.974030801851 0.826931822095 1.8201936713 3.06473038616 0.667032847243 0.763846900023 2.26562463576 0.274015658242 0.334414900759 0.497131118424 0.552398332363 0.464715737722 0.476830834566 0.381019352651 0.42247680742 0.30339770985 0.395464258513 0.573594893967 0.752644569011 0.809944616006 0.584449227115 0.852742411664 0.795065680269 0.678780105439 0.741950445849
-9999 -9999 -9999 -9999 -9999 -9999 -9999 -9999 -9999 -9999 -9999 -9999 -9999 -9999 3.2232869658 2.93274939686 2.74094964867 2.93420255985 2.60913245483 2.63021421071 2.33916403429 2.27703455645 1.98054723573 2.05519167839 1.76458992868 1.81511726626 1.47784714016 1.53212533023 1.26820318582 1.20343276712 1.07402832971 1.16287344896 0.97045301151 0.739958109904 0.717723601486 0.727924139045 0.558223593412 1.42204640101 0.391118703489 0.597400065374 0.731789587759 0.556358780044 0.355437516197 0.384106021102 0.316688519303 0.344540022601 0.602597599035 0.919418974212 1.52029936868 1.66941928508 1.26410404574 1.33785469227 0.898914991619 0.708454513329 0.545848115781 0.464321925733
-9999 -9999 -9999 -9999 -9999 -9999 -9999 -9999 -9999 -9999 -9999 -9999 -9999 -9999 -9999 2.72683311262 2.60921282677 2.60174564819 2.4992439523 2.31062942459 2.17301763837 2.22460602848 2.03233447397 2.039718362 1.76068131223 1.73882737912 1.42009144332 1.44442508693 0.724480737447 1.18429680046 0.913200733012 0.904203426155 0.742982376404 0.897569620515 0.792034836051 0.800938418053 0.669299371798 0.6520461102 0.559342520426 0.387950739468 0.207292078048 0.318027226646 0.446309701215 0.455493651398 0.395739072178 0.442116955327 0.429519938362 0.490819688656 0.624661249184 0.589205249265 0.313034385739 0.280641832093 0.425812983242 0.651447556999 0.629386148026 0.622338957345
-9999 -9999 -9999 -9999 -9999 -9999 -9999 -9999 -9999 -9999 -9999 -9999 -9999 -9999 -9999 -9999 2.48738822654 2.49685954634 2.32801175431 2.57874590834 2.48553530923 2.45731995358 1.99159044827 1.90709640443 1.79434386047 1.69322594964 1.43147545677 1.25191103473 0.608353422726 1.05714968113 1.07248936254 0.701755773976 0.586053685804 0.403579459198 0.723076126042 0.817810442303 0.726627482481 0.796590070509 0.714300688691 0.946355742047 1.50290683195 1.37087551578 1.20904992445 0.897478339984 0.405758270806 0.275720706555 0.188127507226 0.503462008406 0.301585519934 0.231665732573 0.31819976122 0.488301838338 0.373652360208 0.304959702209 0.356266721114 0.314126754343
-9999 -9999 -9999 -9999 -9999 -9999 -9999 -9999 -9999 -9999 -9999 -9999 -9999 -9999 -9999 -9999 2.90318449252 2.82112476437 2.62074830292 2.65164149693 2.26064599633 2.25010742549 1.99166654657 1.984737087 1.74103330196 1.835018824 1.49488505301 1.44409356218 0.667471847031 0.952679908384 0.551889034098 0.396923877773 0.419719072597 0.334662565096 0.806035480328 0.775437923712 0.952936804644 0.821160783669 0.700863238405 0.663062708666 1.08328492549 0.629959332484 1.08220155267 1.61127530903 1.06202742306 0.766596652044 0.718737104316 0.321570686441 0.228263303389 0.287193457876 0.389916547963 0.410166816071 0.529895351298 0.56089175282 0.667019153944 0.497829803503
-9999 -9999 -9999 -9999 -9999 -9999 -9999 -9999 -9999 -9999 -9999 -9999 -9999 -9999 -9999 2.2538603816 2.27990490823 2.54473341757 2.55764748291 2.50003981386 2.22862268545 2.15143478174 1.89198241346 1.86410724842 1.6197173907 1.69181466381 1.4694903102 1.49174451282 0.877268225594 1.13161890584 1.00718693089 1.03251353448 0.938572844445 0.621721262805 0.60733302506 1.59806146289 1.18876836523 1.52091844141 1.04073564212 0.450750572474 0.890891199554 1.17930054513 0.970945867698 0.955912728147 0.885025699989 0.658560577208 0.194647395903 0.231051096844 0.316164024087 0.412327785286 0.312995801473 0.239010724719 0.267199190204 0.303848516974 0.336713093798 0.348456166244
-9999 -9999 -9999 -9999 -9999 -9999 -9999 -9999 -9999 -9999 -9999 -9999 -9999 -9999 2.48296379218 2.3939955697 2.33159028695 2.6417258905 2.50685874795 2.41072107215 2.18715412488 2.29784243623 1.92567901931 1.96424166953 1.61086093374 1.57711574052 1.36398337737 1.38373367721 1.1409297053 1.14130388446 0.911438633734 0.933317295921 0.781449103385 0.945554664807 1.14026774441 2.41812340506 1.07677531978 0.683933078427 0.884721151419 1.18154628194 0.969157188272 0.857484520183 0.714558063991 0.791426016692 0.461515366047 0.371968765808 0.572705046303 0.553927938404 0.399798973064 0.318620858678 0.274113623075 0.271027009799 0.290766504663 0.282306162948 0.262451184777 0.282974825338
-9999 -9999 -9999 -9999 -9999 -9999 -9999 -9999 -9999 -9999 -9999 -9999 -9999 -9999 2.41198192922 2.58370296822 2.41036167015 2.42195883906 2.17718061092 2.13140551781 1.90688034114 2.0511681377 1.82454734539 1.87989422294 1.56839059852 1.47038173005 1.40564381353 1.43953733304 1.19642342203 1.14950803549 1.00652784469 1.17044958685 1.15455878007 1.08722481165 0.922019716752 1.5335319735 2.18341891077 2.45081243411 1.63821203101 1.66443717503 1.81378411995 1.72558715536 0.884474478247 0.806714627653 0.649193551239 0.322430100664 0.606028223876 0.808037126882 0.563593046362 0.624368518395 0.61914482207 0.615652269265 0.466886510365 0.406850463964 0.464002841882 0.444431341244
-9999 -9999 -9999 -9999 -9999 -9999 -9999 -9999 -9999 -9999 -9999 -9999 -9999 -9999 -9999 -9999 2.45021435554 2.99916940965 2.93911592786 2.89004401777 2.43826517813 2.01081268147 1.97141405622 1.97359926691 1.62346357305 1.75299607248 1.31790816464 1.36025688902 1.14552996695 1.28804398568 1.1852426026 1.21932799662 1.10372456963 1.00598278834 0.967313646595 0.973436710953 1.3949207059 1.6480422601 1.82308064514 1.46184224349 0.93753217938 1.01896272881 1.13564742355 0.977262220042 0.427061848681 0.538045606692 0.433013977538 0.434882585144 0.385344960351 0.453313769266 0.436359398775 0.449976107704 0.396383285143 0.337606868987 0.21901757565 0.235497925681
-9999 -9999 -9999 -9999 -9999 -9999 -9999 -9999 -9999 -9999 -9999 -9999 -9999 -9999 -9999 -9999 3.04554087236 2.94139717011 2.83017726769 2.3604595723 2.33512612091 2.33785281064 1.69137216387 1.73379543226 1.66764178924 1.84539611578 1.58090941793 1.54460967869 1.34713723392 1.34223598097 1.34497783183 1.30113229866 1.08166151648 1.01598422832 0.792832859667 0.827803050893 0.793290111606 0.871617155909 0.633126228065 0.561718246725 0.623965329939 0.754043808623 0.33379206031 0.484941421691 1.00217530976 0.447773422961 0.156907976184 0.286816773288 0.329895898722 0.249000375452 0.187775353664 0.191379543691 0.14057566164 0.168099740969 0.157693105658 0.158804865475
-9999 -9999 -9999 -9999 -9999 -9999 -9999 -9999 -9999 -9999 -9999 -9999 -9999 -9999 -9999 -9999 -9999 -9999 2.85757800129 2.52907388461 2.1709759225 2.3212616425 2.12332942949 1.88637382552 1.611415144 1.6838877416 1.49876334897 1.53862904418 1.3132485436 1.29414957858 1.05579266948 0.978448350769 0.896895877632 0.965001599588 0.78250587944 0.890592745892 0.830973278712 0.683699130206 0.605002869535 0.718527785806 0.545589820933 0.494812766579 0.415587533772 0.4127930956 0.362365452073 0.513064952172 0.206724405626 0.212909181275 0.340699209271 0.216678423989 0.217968409382 0.248156225221 0.145191255257 0.150871088788 0.17491853328 0.190408945257
-9999 -9999 -9999 -9999 -9999 -9999 -9999 -9999 -9999 -9999 -9999 -9999 -9999 -9999 -9999 -9999 -9999 -9999 -9999 2.16963723676 2.12625673213 2.21089782883 2.05977897543 2.04812397488 1.66807593582 1.60647357773 1.3503051092 1.39168640172 1.0880530091 1.0627237408 1.00567183074 1.05232484674 0.855384043176 0.819347750606 0.669925006712 0.642426964137 0.576264318156 0.709152380475 0.603328013536 0.64679354044 0.486021945046 0.4514426502 0.356081412135 0.440086422866 0.42762778405 0.443840925053 0.392749735651 0.177072593561 0.117787954588 0.290487622908 0.200907699796 0.187245061052 0.134128037722 0.132364615622 0.161787931973 0.152374822907
-9999 -9999 -9999 -9999 -9999 -9999 -9999 -9999 -9999 -9999 -9999 -9999 -9999 -9999 -9999 -9999 -9999 -9999 2.52364279439 2.69175520583 2.67109594712 2.61528779085 2.13939541398 1.80460587507 1.63906037475 1.60188297326 1.31606287919 1.41213465296 1.19273672622 1.13689596585 0.651956092822 0.407836961279 0.797290039614 0.897710399857 0.806991151446 0.887066163776 0.914430893715 0.892897792921 0.801289624866 0.765611613869 0.653788834204 0.486123849346 0.413480458226 0.258831349623 0.330542042387 0.264235631285 0.398432251606 0.788992068834 0.467187958042 0.170462975705 0.326535495163 0.500706192915 0.421688795338 0.337355477932 0.238412815324 0.201974598557
-9999 -9999 -9999 -9999 -9999 -9999 -9999 -9999 -9999 -9999 -9999 -9999 -9999 -9999 -9999 -9999 -9999 -9999 -9999 2.97412238321 2.81269390149 2.6937583801 2.13629484702 1.8136138061 1.69256715953 1.67235098999 1.31464767077 1.33289817428 1.20388068586 1.33438217185 0.770510501589 0.765525488224 1.0285635312 0.97400220436 0.694745413825 0.609518579222 0.550072001592 0.491285813897 0.40046591422 0.401514586778 0.404591653977 0.500351399183 0.408553546324 0.302232177116 0.281191253166 0.606892984012 0.502066016489 0.420546927647 0.533530459298 0.270789146356 0.0663010503738 0.185293680917 0.1986541437 0.284686159381 0.369494839363 0.117296312479
-9999 -9999 -9999 -9999 -9999 -9999 -9999 -9999 -9999 -9999 -9999 -9999 -9999 -9999 -9999 -9999 -9999 -9999 -9999 -9999 2.45588815975 2.62664680235 2.15415208905 1.98905775799 1.52233830571 1.63364651261 1.32259252048 1.36133302148 1.29160999327 1.20266632702 0.962346457093 0.927046427088 0.878922714923 0.728389879171 0.482900184499 0.639918900181 0.72777393897 0.773073489144 0.718426501091 0.669832978344 0.513242554475 0.633926589438 0.607455294801 0.542414736644 0.660969626344 0.584869993869 0.483060569669 0.541277586846 0.498051216325 0.627921601437 0.401379681223 0.196455518787 0.0777069029309 0.0922474685289 0.204298450627 0.0955606469322
-9999 -9999 -9999 -9999 -9999 -9999 -9999 -9999 -9999 -9999 -9999 -9999 -9999 -9999 -9999 -9999 -9999 -9999 -9999 -9999 -9999 2.486143848 2.21500475944 2.20883585831 1.45407054278 1.37824899888 1.27421886787 1.38445236931 1.13067115342 1.07425822441 0.986338115031 1.06879910063 1.0070758142 0.490323639815 0.940893122963 1.00284925997 0.786802089887 0.680322130876 0.57034321457 0.584533823124 0.702358863638 0.729771434905 0.765368063521 0.568108614556 0.467417374744 0.355667030264 0.429713538309 0.473407862185 0.453178353493 0.555814483255 0.855507122486 0.374736037372 0.313442532602 0.161039298756 0.0376177429088 0.0523599437362
-9999 -9999 -9999 -9999 -9999 -9999 -9999 -9999 -9999 -9999 -9999 -9999 -9999 -9999 -9999 -9999 -9999 -9999 -9999 -9999 -9999 2.19687870206 2.02929302772 2.02694121548 1.72950336012 1.72971124194 1.44826159407 1.52883065671 1.26877039735 1.14951268456 0.44280054847 0.968783424335 1.08552493987 1.05110143653 0.739460831034 0.792438279812 0.669271158635 0.729193596509 0.632675392087 0.706687085363 0.706885547311 0.684865896563 0.552332078223 0.529663674667 0.604146966152 0.575937777342 0.525673628582 0.513072555099 0.346997046581 0.361165602227 0.317629760649 0.17602009915 0.158832100183 0.0901283666684 0.0753149416965 0.0420105209694
-9999 -9999 -9999 -9999 -9999 -9999 -9999 -9999 -9999 -9999 -9999 -9999 -9999 -9999 -9999 -9999 -9999 -9999 -9999 -9999 -9999 -9999 2.07732698377 2.29685111939 1.78811317127 1.61443963227 1.37166009764 1.56676864025 1.31129947348 1.2961656639 1.17288879531 1.21256066872 1.04304053557 1.04518330798 1.01599905211 0.881070626566 0.847941052966 0.816454767319 0.77453246065 0.738281591849 0.723505420587 0.530944737337 0.552737004039 0.673588618862 0.399817867858 0.352485970759 0.286834800449 0.376719340212 0.483045839063 0.37580517121 0.138834695578 0.227143769921 0.61526094051 0.158383876877 0.0440263601602 0.0367457559891
-9999 -9999 -9999 -9999 -9999 -9999 -9999 -9999 -9999 -9999 -9999 -9999 -9999 -9999 -9999 -9999 -9999 -9999 -9999 -9999 -9999 -9999 2.14401838202 2.08785272325 1.73028703835 1.74115789121 1.480261779 1.52833098912 1.3545180042 1.38727259082 1.21633571683 1.23524696394 1.14403971843 1.07904106826 0.88975422276 1.03755942926 0.810321016442 0.791678506649 0.828940506729 0.804737005883 0.589906335323 0.734852137604 0.560788977237 0.458968077403 0.401571969977 0.464420760024 0.566338594075 0.566157033593 0.325412174526 0.297448117528 0.217751460424 0.43720841804 0.107370689763 0.373391385667 0.128283268213 0.10742140988
-9999 -9999 -9999 -9999 -9999 -9999 -9999 -9999 -9999 -9999 -9999 -9999 -9999 -9999 -9999 -9999 -9999 -9999 -9999 -9999 -9999 -9999 2.11652084453 2.24357198586 1.94275481072 1.72316436234 1.54035738217 1.74205582733 1.42909458449 1.51172282356 1.28723754721 1.19994093689 1.06790925652 1.0939373631 1.07507521747 0.883702619606 0.816431615518 0.964258657405 0.846165424743 0.799174072498 0.770839894508 0.65022473799 0.47522646847 0.57877592182 0.66750538991 0.623800547667 0.580671706993 0.510064262869 0.388243270969 0.389187621882 0.486115935231 0.399099688393 0.277174442736 0.32036242008 0.357425374737 0.412681032636
-9999 -9999 -9999 -9999 -9999 -9999 -9999 -9999 -9999 -9999 -9999 -9999 -9999 -9999 -9999 -9999 -9999 -9999 -9999 -9999 -9999 -9999 -9999 2.36786575175 2.02937659352 1.76264554378 1.48874869214 1.71665384771 1.42582122541 1.46185962141 1.29054112622 1.36060611214 1.2122790626 1.27221922081 0.999561017752 1.0596713309 1.01262328897 0.932118232515 0.677273148996 0.649010977505 0.487481688619 0.618486340928 0.724175050342 0.72950095389 0.637211647557 0.577296358374 0.325464636698 0.282239903179 0.26324443292 0.288629843931 0.217401172585 0.283495284234 0.325915277596 0.568082981096 0.182611175632 0.109495082044
