data/recharge/transience/oldversion/mHM_recahrge_69.ASC
ncols   80
nrows    72
xllcorner    4374000.0
yllcorner    5656000.0
cellsize      500
NODATA_value  -9999
[rows 0 to 24 of 72, columns 0 to 56 of 80]
-9999 -9999 -9999 -9999 -9999 -9999 -9999 -9999 -9999 -9999 -9999 -9999 36.9952214656 38.4577317633 -9999 -9999 -9999 -9999 -9999 -9999 -9999 -9999 -9999 -9999 -9999 -9999 -9999 -9999 -9999 -9999 -9999 -9999 -9999 -9999 -9999 -9999 -9999 -9999 -9999 -9999 -9999 -9999 -9999 -9999 -9999 -9999 -9999 -9999 -9999 -9999 -9999 -9999 -9999 -9999 -9999 -9999 -9999
-9999 -9999 -9999 -9999 -9999 -9999 -9999 -9999 -9999 -9999 -9999 -9999 32.8583422264 30.0925713708 28.8680508822 -9999 29.6888404082 -9999 -9999 -9999 -9999 -9999 -9999 -9999 -9999 -9999 -9999 -9999 -9999 -9999 -9999 -9999 -9999 -9999 -9999 -9999 -9999 -9999 -9999 -9999 -9999 -9999 -9999 -9999 -9999 -9999 -9999 -9999 -9999 -9999 -9999 -9999 -9999 -9999 -9999 -9999 -9999
-9999 -9999 -9999 -9999 -9999 -9999 -9999 -9999 -9999 -9999 31.0894974795 30.0926494689 31.9522208802 31.2232873739 27.8092708145 26.9592713145 25.3571140256 25.7378585836 -9999 -9999 -9999 -9999 -9999 -9999 -9999 -9999 -9999 -9999 -9999 -9999 -9999 -9999 -9999 -9999 -9999 -9999 -9999 -9999 -9999 -9999 -9999 -9999 -9999 -9999 -9999 -9999 -9999 -9999 -9999 -9999 -9999 -9999 -9999 -9999 -9999 -9999 -9999
-9999 -9999 -9999 -9999 -9999 -9999 -9999 -9999 -9999 30.1695650435 30.4153875347 30.1566629217 29.4372149947 30.0756264157 28.9372687767 28.4646711129 26.6328741367 29.9108063667 -9999 30.8948401847 -9999 -9999 -9999 -9999 26.5850197236 27.7358757415 -9999 -9999 -9999 -9999 -9999 -9999 -9999 -9999 -9999 -9999 -9999 -9999 -9999 -9999 -9999 -9999 -9999 -9999 -9999 -9999 -9999 -9999 -9999 -9999 -9999 -9999 -9999 -9999 -9999 -9999 -9999
-9999 -9999 -9999 -9999 -9999 -9999 -9999 -9999 33.9701763837 32.0174219068 29.6778517513 29.6731020482 28.8992254316 28.1926836385 28.0137890468 27.8693709428 26.1774655257 25.7181490971 25.8850984711 28.0197043058 27.1189199415 27.8419033728 -9999 25.8274353317 28.5119846923 28.8335714305 -9999 -9999 -9999 -9999 -9999 -9999 -9999 -9999 -9999 -9999 -9999 -9999 -9999 -9999 -9999 -9999 -9999 -9999 -9999 -9999 -9999 -9999 -9999 -9999 -9999 -9999 -9999 -9999 -9999 -9999 -9999
-9999 -9999 -9999 -9999 -9999 -9999 33.5460414637 30.9801738715 30.276543141 30.7555427211 31.3183987757 31.5472174845 30.0917227504 29.6155541294 28.0238088482 28.7744941745 27.0889844657 26.1856973951 27.5031510764 27.5379902185 26.7039096557 27.2560300471 26.769287242 25.8665429009 26.9291905057 26.688157649 27.2223776739 -9999 -9999 -9999 -9999 -9999 -9999 -9999 -9999 -9999 -9999 -9999 -9999 -9999 -9999 -9999 -9999 -9999 -9999 -9999 -9999 -9999 -9999 -9999 -9999 -9999 -9999 -9999 -9999 -9999 -9999
-9999 -9999 -9999 -9999 -9999 -9999 33.3200839323 31.9074304879 29.1328657865 28.6227106261 28.2384518151 29.0429544871 28.3088328219 27.4025710912 26.6323509081 26.0917671156 26.2664653974 22.8798035471 25.7202664178 25.6277201607 25.6610469726 27.2000126601 26.4209609135 26.0611235055 24.775835041 23.8171588039 26.9917043888 28.1316986856 28.2291992389 27.6926490179 28.7095795093 28.7813058578 -9999 -9999 -9999 -9999 -9999 -9999 -9999 -9999 -9999 -9999 -9999 -9999 -9999 -9999 -9999 -9999 -9999 -9999 -9999 -9999 -9999 -9999 -9999 -9999 -9999
-9999 -9999 -9999 -9999 -9999 35.2262193898 33.5748409571 33.1138615602 31.7121165072 32.0972749997 31.2968025282 29.9197536062 27.4863898675 27.859883135 27.8040569457 28.0922236313 23.4983576 13.2806497235 22.2545563799 25.8282447981 25.7809477498 25.4327456594 25.7629426592 26.0788666669 25.4780839806 26.1072589701 26.4847900594 26.5487998197 27.5245871715 27.353901866 26.2202416539 26.9849440265 24.7626920588 24.3161761488 -9999 -9999 -9999 -9999 -9999 -9999 -9999 -9999 -9999 -9999 -9999 -9999 -9999 -9999 -9999 -9999 -9999 -9999 -9999 -9999 -9999 -9999 -9999
-9999 -9999 -9999 -9999 -9999 35.4998876398 33.5228855693 33.7436555374 32.0434178988 31.2662004509 30.7974857881 31.3848270284 23.7783694866 20.1753825022 30.3796842227 30.6411171379 25.3740028793 11.788837815 20.2095282723 23.9488171723 25.2114086864 25.5542715244 26.5974355653 26.2925673429 25.2775602644 23.6595374916 23.4498274024 22.4628192322 24.5189201928 24.1823359238 22.8325352631 23.5524874044 23.9790236644 23.4599343049 22.9694762292 22.7532119261 -9999 -9999 -9999 -9999 21.7151247826 21.568384251 -9999 -9999 -9999 -9999 -9999 -9999 -9999 -9999 -9999 -9999 -9999 -9999 -9999 -9999 -9999
-9999 -9999 -9999 -9999 -9999 34.7120051294 33.4693068654 33.0171668465 32.3607570224 33.2612369558 32.4613452474 31.9801479241 30.1336454284 31.1149598763 31.4796801221 29.5487689162 27.2986895658 29.8074321924 28.5352590073 29.1427048611 26.5802881069 25.1467199341 24.6647940129 24.2168918961 25.0632120917 23.9939451963 22.9993618004 21.3478343082 24.7917705509 23.548558045 18.0110327407 21.8233366011 23.7613198065 22.8915913946 21.2545175212 23.2297565989 22.5497607903 -9999 -9999 22.9432660332 23.1092659539 22.6399668077 23.2281211744 -9999 -9999 -9999 -9999 -9999 -9999 -9999 -9999 -9999 -9999 -9999 -9999 -9999 -9999
-9999 -9999 -9999 -9999 -9999 -9999 35.7186614888 35.5710909591 33.7916700562 33.7534423524 31.9507297117 32.6170786793 33.1300104404 33.708815538 28.954189908 28.2761302992 28.149078957 28.0435356007 26.6535049029 26.6934059063 26.1271054843 26.3428068757 25.1455533012 26.1547834957 24.586238566 23.3355837481 18.5592931002 19.3767824302 20.593455636 21.6430743233 20.2275646086 21.5732146018 19.6151071039 19.4424467681 19.3733168714 21.1721584407 20.2101170909 17.5361983307 21.5411664345 21.0741232509 20.2101210765 22.7305671765 17.9721297885 15.1681013865 -9999 -9999 -9999 -9999 20.4879065692 18.8165360268 8.35980380537 -9999 -9999 -9999 -9999 -9999 -9999
-9999 -9999 -9999 -9999 -9999 -9999 -9999 35.6175364946 33.1356395934 34.0077322938 33.7553264058 33.2662423914 31.2187605895 29.4328136486 28.9238128519 30.9295414583 30.0735583732 29.9394492791 29.0874504446 27.4591534162 25.4080819492 25.3535640743 24.5650180089 24.8418190658 23.669313195 22.362200979 19.2547564799 21.5440012394 21.7065208543 20.9676934445 20.1010923527 20.0873111641 20.0461220189 19.7927383328 21.5623108931 21.447992311 20.1098100632 20.1367763216 21.2142673484 21.1707542384 18.3993459564 17.0151488948 11.6847789339 8.96671716378 7.59845154306 8.57337835755 9.39783423646 8.08594363103 7.96152442509 13.0490182412 16.0977249296 15.1027059547 -9999 -9999 -9999 -9999 -9999
-9999 -9999 -9999 -9999 -9999 -9999 -9999 -9999 32.5609792282 32.1910725137 33.0610200719 33.793006678 32.19541544 33.4041449815 32.9386415768 31.9623776913 28.5513044028 28.8609151074 26.6763047381 27.3044807752 29.0257136991 28.6245535194 19.2061216581 6.49427160991 5.4906934749 5.53561286256 14.370141366 19.8464193467 17.1901268523 14.9167021794 15.3695723165 15.6960344557 16.0610511061 14.9487813229 16.7939575422 17.7867721573 18.4714584459 19.0855517439 17.9613278426 17.5599523187 15.1322381069 11.3400923028 6.73904433663 6.1896091584 5.88280776667 5.39950513978 6.32420332511 5.66115582777 5.39586082326 9.18531725927 11.5387921613 12.4787793142 11.6225390724 -9999 -9999 -9999 -9999
-9999 -9999 -9999 -9999 -9999 -9999 -9999 -9999 34.4956328877 33.4452605486 32.2539248656 32.4619882253 31.7264508281 31.7145204938 30.2732470062 29.7667573933 28.0248091903 28.7988714434 27.3767070224 27.9387249399 28.5285410787 28.4666192345 18.4928295404 14.9334621612 9.08154481975 4.54086677008 5.92447564168 16.7570692719 16.844869245 14.2438383843 14.2510553578 15.0288463182 14.1456267244 14.5647432942 17.404904208 11.6461468398 19.6272745508 18.5862144345 17.9228130713 17.6761363726 16.7593421278 11.3500946072 6.29715743924 6.27889407668 5.41839388292 5.36076900094 6.25032162291 5.79623015445 6.25162685617 12.0782150021 11.8857378762 11.9397366998 12.5837398145 14.1197174772 12.5814531582 13.2334161162 -9999
-9999 -9999 -9999 -9999 -9999 -9999 -9999 -9999 -9999 34.6023606157 33.3640567936 31.9062175094 31.8300104569 31.7835161256 30.4368928888 30.5054345815 31.1724582417 31.2564426233 31.325730828 31.5303594987 31.0044895622 28.5324775606 27.9816103873 28.0699436439 15.5029576581 12.0593094045 5.30381837963 3.18899501322 7.32626714644 15.8956527203 14.0012498793 14.1881334687 13.0614733782 11.1594770269 13.4969974832 14.6505788992 16.4612499876 15.749174117 14.6467992945 14.7724027117 13.7831144034 13.0002785663 5.13223393718 6.1347578192 4.58084819758 3.9168670712 3.52883115562 3.71822070369 7.40923570846 8.0632414213 8.55828201344 8.27818655747 10.0454469013 11.5524587754 12.4132959274 6.24371702716 4.45013610056
-9999 -9999 -9999 -9999 -9999 -9999 -9999 -9999 -9999 -9999 32.0599112143 32.4137560219 31.6137845874 31.6213319386 29.6294319905 28.813464392 29.8218470455 32.3094594545 30.8088454066 28.7538950829 27.2023235444 26.5993935699 23.7855327712 19.4152058964 8.41444031985 12.660641956 8.24882490599 5.21025935421 1.95083338521 7.11412206428 15.0364416877 15.0941828094 15.4271116529 13.0971249742 15.7876686525 15.3612693224 16.1396495317 15.7582031795 14.7433491882 14.8151163088 14.3359558039 13.9082664887 9.86104077968 5.92453506234 6.84260744652 6.37774867494 5.30145061839 4.27683493177 9.03793818364 8.9378284171 9.7118163803 9.36832670645 9.00610079589 11.0098211619 11.0630903598 5.66103761191 4.40058930586
-9999 -9999 -9999 -9999 -9999 -9999 -9999 -9999 -9999 -9999 -9999 18.7683511969 22.8403598631 30.2947285061 28.9658364871 28.0663425949 29.086020232 29.0040615316 26.2014254426 27.3936605234 27.6193207922 27.2224995296 22.7347278638 19.882455784 13.5440723991 3.05698173844 4.12993778766 8.20131456361 8.09159853452 15.2290191125 2.69626609168 11.7189419692 12.3213659692 12.5456975396 12.4926767775 11.3115463583 13.2884787051 13.207026909 13.2016942173 13.1983420473 12.4734894711 11.31025016 11.1106283205 7.49275401153 4.54324799359 3.57233854162 4.39727600867 5.34949006962 6.41249102345 8.2581913363 7.71247113892 9.21003900136 9.6508695338 9.37918201925 8.67995063357 8.53738570135 4.99633328052
-9999 -9999 -9999 -9999 -9999 -9999 -9999 -9999 -9999 -9999 -9999 17.4090249758 24.6008282876 29.0129527041 29.1064821376 28.5680610965 26.7980736524 26.3000384916 27.2840878706 27.36690087 26.9217604434 28.1160148183 23.4103940144 21.5361675248 20.6657490407 22.1469332731 12.9667020365 7.04054160274 2.92313713633 8.90621254377 5.93189472189 3.72509631275 1.43758727305 2.04293668898 4.41304850527 10.762828089 13.2375053426 13.4372541357 12.9039281714 12.7820584023 12.1665318322 12.7082419619 10.3028089576 10.6061965032 8.11556850606 5.34343085844 6.67847612614 7.80370338637 7.21612634582 5.39177244628 5.614384236 5.80318492979 4.92011600659 9.61757069214 10.3412295987 9.45173027875 9.37867666924
-9999 -9999 -9999 -9999 -9999 -9999 -9999 -9999 -9999 -9999 -9999 33.3820331435 30.9250382199 30.3339740056 27.0737254668 27.333798354 24.7949820706 22.9189595848 23.6896548668 24.4980290997 24.6616171657 24.9180848232 20.3663039211 17.8172361972 17.1309266436 17.7338750633 16.3788272545 16.0997893164 15.37626446 10.851241561 4.91336919746 3.8116999191 5.76009260372 5.63909958407 2.41860620409 0.61948756391 0.912958597869 1.06428854821 9.20860983817 8.57800389005 9.39763642712 11.1155201188 11.3494514792 12.4753606994 13.5872313296 13.2088242135 6.37268095254 5.76216724379 5.74983898543 5.57008192477 4.67924949906 5.29306080703 6.03380310739 7.68627558756 10.9349044937 9.6199733117 7.43034885201
-9999 -9999 -9999 -9999 -9999 -9999 -9999 -9999 -9999 -9999 -9999 -9999 29.3902719398 29.9323601116 28.7470424443 27.3078453996 25.607110991 24.190040287 22.3402283388 25.1605654667 25.0686188838 24.3687210025 22.4423119323 21.691718681 18.476321317 18.7943230967 16.6237127295 17.0704785885 15.5188763667 14.9349651876 14.1527846641 14.699864414 10.1976344883 4.28015791956 3.12547663112 8.02528904369 1.550801323 0.697532392269 1.5360561626 11.4332321326 12.0263457001 10.8730632208 13.3171222043 14.7954314457 15.3686397865 15.1985767545 8.74224927768 5.83573689087 4.64694220799 5.13843520613 4.43372099338 3.68637371163 3.42354022694 3.50829842775 3.36316598456 4.97324352495 4.6419789854
-9999 -9999 -9999 -9999 -9999 -9999 -9999 -9999 -9999 -9999 -9999 31.7201290799 31.2845023461 31.258755047 30.1979226627 19.3179985354 24.1091488678 25.5842440261 21.5398174311 23.8156872397 20.6059586193 20.3490549212 17.9464604532 18.302294891 17.1685443088 16.9561156734 14.7129772639 14.2994516306 13.7957341462 13.3984572861 11.8578076633 12.2582398056 10.9667852317 10.8537237909 10.9489437132 1.33896677476 1.08892700915 0.458973409208 0.405482587029 7.78031433202 10.3343673911 9.06178370058 15.4997036756 17.0807980139 20.0458081849 19.9340018883 16.4617843161 9.55530919627 5.93833106062 5.93042546713 4.13645572794 2.657005806 2.46653436338 2.48906955468 2.43488341035 2.7244906232 4.34904842673
-9999 -9999 -9999 -9999 -9999 -9999 -9999 -9999 -9999 -9999 -9999 32.4537210492 33.4769701247 32.4897274072 29.0878188167 23.6838777402 26.3835191684 26.3199922025 23.8277085977 24.1037133185 21.3330152239 20.393487521 18.7758292445 19.2046466792 17.8254563952 17.5303610804 12.7137261924 13.8298821541 14.6845614302 17.6102623385 15.2367977739 12.4831099217 10.789420957 10.8617053056 10.6916262202 2.32116693571 0.582186611216 1.0546627609 0.4599352729 3.167871139 9.10888803374 8.85672864084 12.8243124212 13.7478190613 14.4465626694 13.753934296 14.3728327907 14.3572741738 10.5515814665 8.7894620385 3.88713247934 4.04818504479 3.64124738483 3.42120945574 3.35684767625 3.07837412388 2.59296349734
-9999 -9999 -9999 -9999 -9999 -9999 -9999 -9999 -9999 -9999 -9999 34.0264771783 33.9678744837 32.0139850306 31.1596543685 30.8247574805 26.5386009109 27.1439035113 25.5400849011 26.2087492161 20.0114104613 11.2139407745 22.1202040684 15.4137784979 9.81513530336 9.80057379507 11.4033676118 12.6346182052 10.9780514781 11.1870973478 10.7287344266 15.1422092613 14.1889235364 13.4094253482 10.351912439 1.40464353562 0.342454859355 0.236826167452 0.429778265921 1.48476638797 10.2046196689 10.8083364898 9.62807346117 8.23748294877 9.1142247651 9.03707870739 11.4229816805 11.601930336 10.5983956562 10.2183326641 5.06419786219 2.77910183979 2.50782846146 2.41366797256 2.46512871111 2.570347497 3.39397946426
-9999 -9999 -9999 -9999 -9999 -9999 -9999 -9999 -9999 -9999 -9999 -9999 34.6788429206 33.4480301163 31.1346271367 30.2421017605 27.9049816947 27.9853247086 25.1025897304 26.0236299755 23.7574425234 25.8459843508 13.2416756075 9.88274469591 9.18243118695 9.04569109268 7.36983509421 7.76101555403 6.78013184321 6.0252972645 4.82010214695 8.14918532207 9.88060618411 10.5529743514 9.61216636518 0.739279373756 0.416860296156 0.295353277946 0.600894928052 2.24961469872 10.2113362902 9.68411548675 10.6517152578 8.10399426579 8.84500710702 8.87007334742 10.1188176759 10.935553692 9.73527092562 10.2118755383 8.84262747307 4.49258803648 3.49899602045 4.40222600842 2.68315218363 3.04830798402 3.03206943829
-9999 -9999 -9999 -9999 -9999 -9999 -9999 -9999 -9999 -9999 -9999 -9999 36.4123678773 33.9763860585 31.8008853686 31.5128735168 27.6457592042 28.686667776 26.437495612 25.6677518215 24.6104549464 23.8060075159 16.8331585153 13.5524198111 10.4495736888 11.429905242 11.3452589369 10.4363443029 8.10532898372 9.8746652387 7.471164767 8.08375920188 13.8348831607 15.0531673809 3.32109806501 0.629877926466 0.414384997 0.69469527854 1.29367634313 2.15295823577 8.81976529478 9.04457264037 8.19590426988 8.06446675693 7.88726023 7.66281178569 7.51376264248 7.75517909298 7.21698319323 8.04187473269 7.58828136896 6.26826443082 5.3696167353 1.39296644765 0.980787992546 1.28703094038 1.21263925618
