data/recharge/transience/oldversion/mHM_recahrge_495.ASC
ncols   80
nrows    72
xllcorner    4374000.0
yllcorner    5656000.0
cellsize      500
NODATA_value  -9999
[rows 0 to 24 of 72, columns 0 to 56 of 80]
-9999 -9999 -9999 -9999 -9999 -9999 -9999 -9999 -9999 -9999 -9999 -9999 3.68852929322 3.7392892022 -9999 -9999 -9999 -9999 -9999 -9999 -9999 -9999 -9999 -9999 -9999 -9999 -9999 -9999 -9999 -9999 -9999 -9999 -9999 -9999 -9999 -9999 -9999 -9999 -9999 -9999 -9999 -9999 -9999 -9999 -9999 -9999 -9999 -9999 -9999 -9999 -9999 -9999 -9999 -9999 -9999 -9999 -9999
-9999 -9999 -9999 -9999 -9999 -9999 -9999 -9999 -9999 -9999 -9999 -9999 4.37991699628 3.63454813308 3.27477988358 -9999 3.83771422362 -9999 -9999 -9999 -9999 -9999 -9999 -9999 -9999 -9999 -9999 -9999 -9999 -9999 -9999 -9999 -9999 -9999 -9999 -9999 -9999 -9999 -9999 -9999 -9999 -9999 -9999 -9999 -9999 -9999 -9999 -9999 -9999 -9999 -9999 -9999 -9999 -9999 -9999 -9999 -9999
-9999 -9999 -9999 -9999 -9999 -9999 -9999 -9999 -9999 -9999 3.75812204313 3.15573545775 3.72686581129 3.82224413679 2.66634047388 2.66538356542 2.79382608887 2.83278282767 -9999 -9999 -9999 -9999 -9999 -9999 -9999 -9999 -9999 -9999 -9999 -9999 -9999 -9999 -9999 -9999 -9999 -9999 -9999 -9999 -9999 -9999 -9999 -9999 -9999 -9999 -9999 -9999 -9999 -9999 -9999 -9999 -9999 -9999 -9999 -9999 -9999 -9999 -9999
-9999 -9999 -9999 -9999 -9999 -9999 -9999 -9999 -9999 3.23556118501 3.63784455695 3.71538374829 3.24245584474 3.36632718491 3.44835870816 3.02303213338 2.97592260851 3.66269053596 -9999 3.84985409608 -9999 -9999 -9999 -9999 3.46342727017 3.92891717542 -9999 -9999 -9999 -9999 -9999 -9999 -9999 -9999 -9999 -9999 -9999 -9999 -9999 -9999 -9999 -9999 -9999 -9999 -9999 -9999 -9999 -9999 -9999 -9999 -9999 -9999 -9999 -9999 -9999 -9999 -9999
-9999 -9999 -9999 -9999 -9999 -9999 -9999 -9999 3.81694166748 3.39860034342 2.98673661384 3.41241044416 3.33161621026 3.13004437165 3.05407620115 2.92385567395 2.67049142618 2.73692711542 2.70526969451 3.0546287914 3.02850922309 3.1877155944 -9999 3.16932937524 3.95030435561 4.07229884916 -9999 -9999 -9999 -9999 -9999 -9999 -9999 -9999 -9999 -9999 -9999 -9999 -9999 -9999 -9999 -9999 -9999 -9999 -9999 -9999 -9999 -9999 -9999 -9999 -9999 -9999 -9999 -9999 -9999 -9999 -9999
-9999 -9999 -9999 -9999 -9999 -9999 4.47597348844 3.39218334768 2.98716276853 3.11202931675 3.34882499502 3.94115699325 3.62647093296 3.46813427265 3.00920512111 3.21244343615 2.67123076927 2.56957544171 2.42236920213 2.99895927442 2.94984553153 3.10783573318 3.19865636355 3.20489574454 3.81085335534 3.69998459374 4.16491891474 -9999 -9999 -9999 -9999 -9999 -9999 -9999 -9999 -9999 -9999 -9999 -9999 -9999 -9999 -9999 -9999 -9999 -9999 -9999 -9999 -9999 -9999 -9999 -9999 -9999 -9999 -9999 -9999 -9999 -9999
-9999 -9999 -9999 -9999 -9999 -9999 4.57098705627 3.95714134 2.82068516362 2.71169369013 2.68289955329 3.31205269119 3.07894288876 2.39805063977 2.32531598771 2.45567014121 2.56335877898 1.62599377184 1.47437597445 2.31785258426 2.54506251652 2.90713241929 2.94262360581 2.78490928106 3.16784032613 3.0787321183 4.0688755398 4.10421158205 4.41291854221 4.21668047833 5.00296852492 4.95827344968 -9999 -9999 -9999 -9999 -9999 -9999 -9999 -9999 -9999 -9999 -9999 -9999 -9999 -9999 -9999 -9999 -9999 -9999 -9999 -9999 -9999 -9999 -9999 -9999 -9999
-9999 -9999 -9999 -9999 -9999 5.01757378196 4.56643430368 4.48867516943 3.87678576945 3.7043854466 3.42694645566 3.23663962302 2.5885642409 2.22992056594 2.71972480029 2.95139799951 1.77112355554 0.759552924087 1.24546414836 2.15164994781 2.55753768649 2.47031813605 2.80224614841 2.88526740365 3.12536055249 3.29978935234 3.91143283279 3.77926955387 4.27214598535 4.1920127185 4.21685256869 4.39523223186 4.20832599545 4.07933551384 -9999 -9999 -9999 -9999 -9999 -9999 -9999 -9999 -9999 -9999 -9999 -9999 -9999 -9999 -9999 -9999 -9999 -9999 -9999 -9999 -9999 -9999 -9999
-9999 -9999 -9999 -9999 -9999 5.1647824569 4.78761668331 4.80923316078 4.26310926686 4.04600235884 3.84874745103 4.02430799275 2.20897880799 1.38104793408 3.55655776411 3.24527849245 1.69733064057 0.540926609582 1.15118970549 1.45101433975 2.65478456649 2.54806955134 2.97743657557 2.87028634528 2.92463225818 2.45504042356 3.224695916 3.01833061518 3.40686620438 3.1472725004 2.339393025 2.65170298614 3.88824503475 3.74350358531 3.72859093582 3.84497353675 -9999 -9999 -9999 -9999 4.13132029197 3.97182146047 -9999 -9999 -9999 -9999 -9999 -9999 -9999 -9999 -9999 -9999 -9999 -9999 -9999 -9999 -9999
-9999 -9999 -9999 -9999 -9999 4.93327551714 4.60036716506 4.36706893641 4.40180998877 4.57951725949 4.22927514787 4.09358059755 3.59809015862 3.92110496487 3.80636924847 2.80589539648 2.12297609658 2.08195243252 2.09827479973 3.12569865105 3.05334668094 2.38991719062 2.51501860239 2.41938866096 2.86926130604 2.59484897753 3.05196375774 2.85358266869 3.5408342476 2.57846152074 1.77680225471 3.07813215 3.84517598892 3.33998459155 3.45112816843 3.97642738228 3.99542161104 -9999 -9999 4.18068679342 4.33937947631 4.21366809276 4.28476026805 -9999 -9999 -9999 -9999 -9999 -9999 -9999 -9999 -9999 -9999 -9999 -9999 -9999 -9999
-9999 -9999 -9999 -9999 -9999 -9999 5.31029070328 4.98081263557 4.86434316484 4.71821759131 4.13880728242 4.39191402305 3.81442396947 3.19424705422 2.86874154807 2.86819725288 2.53940089107 2.4439920542 2.4036301527 2.56176029902 2.61003331715 2.71377112837 2.6436693354 2.83171855382 2.73862951583 2.49689673184 2.25794654535 2.57555267049 2.64245909462 2.7178767797 2.77672630361 3.03092774527 2.779900035 3.02895741817 3.19770476746 3.49441860508 3.36726437896 3.39195094936 3.87114359594 3.77962267042 3.745118862 4.27144651075 3.37945059115 3.14705686468 -9999 -9999 -9999 -9999 4.04566439962 3.70744166922 0.949628942416 -9999 -9999 -9999 -9999 -9999 -9999
-9999 -9999 -9999 -9999 -9999 -9999 -9999 4.57470521867 4.60142228218 4.97979672297 4.70702130899 4.41625703309 2.37184858049 2.04539078339 2.25024861992 3.1504206043 3.23988505544 3.46921301914 3.28964415224 2.86937769914 2.46688678575 2.48116047435 2.51637159547 2.54101922001 2.545645566 2.32247445413 2.32527642152 2.49384080469 2.77168268205 2.59323590813 2.71770856652 2.73141993864 2.87741763752 2.91253368659 3.52019165972 3.49854375612 3.61646059404 3.66720763663 3.80644090692 3.79834827023 3.267928957 3.1578611548 2.88940840009 2.77441193345 2.43929869442 2.69470525279 2.89272379121 2.51764343114 2.40259293948 2.84667889225 2.78046439703 2.28703175161 -9999 -9999 -9999 -9999 -9999
-9999 -9999 -9999 -9999 -9999 -9999 -9999 -9999 3.47263818682 4.26357902202 4.47093493723 4.76656042823 4.05471866287 4.26398139786 4.25101357575 3.95914723122 3.15043610137 3.16497624323 2.65966261775 2.91284187269 3.52943966176 3.41577923313 2.52283341993 2.34900921017 2.36165655973 2.30065289351 1.99537848901 2.23684614993 1.93391429168 1.84646658533 2.08491252991 2.12396186815 2.20258622177 2.21622976223 2.61606574158 2.55714165326 3.16626733849 3.27244617458 3.19744798249 3.16622997438 3.09682756509 2.78872187516 2.33453887541 2.15866775588 2.08280197947 1.92102795817 2.13069065941 1.91597200914 1.75602757531 2.14128817326 2.24000144246 2.39372093209 1.96682937837 -9999 -9999 -9999 -9999
-9999 -9999 -9999 -9999 -9999 -9999 -9999 -9999 4.978490837 4.60441415858 4.25666830283 4.27720603972 3.99160980034 3.97161539423 3.49969832583 3.43766381914 2.78440993946 2.98509777905 2.91622166598 3.09808848002 3.27521632266 3.35441303936 2.89773059466 3.16716885019 2.51317186969 2.21991191295 2.50820699246 2.33258156857 2.18407168436 1.96170791731 1.99851276825 2.03589486819 2.2026529009 2.19186794355 2.79052263565 0.89551398434 3.21731442047 3.17667172605 3.19032557875 3.1412755438 3.1207228412 2.53781912377 2.19353537127 2.18728782738 1.9275763447 1.90803322666 2.10704153602 1.96021914399 1.86613524745 2.4770055219 2.31681310034 2.32868211434 2.19215577505 2.5532352041 2.09585114752 2.23528133561 -9999
-9999 -9999 -9999 -9999 -9999 -9999 -9999 -9999 -9999 5.25349960099 4.72508371986 4.12639491367 4.03568079759 3.57429182867 2.9996812612 2.93638515052 3.12518945496 3.36034418614 3.51099777792 3.54915276185 3.70273095369 3.16045590488 3.05273843426 4.31438030874 2.79349319106 2.73458719543 2.27035363188 2.01666322631 1.33524441792 1.91934656474 1.92153923423 1.80988341661 1.87348743736 1.74644185734 2.02432676286 1.88526766824 2.78163125145 2.64248954966 2.61221151805 2.63849085046 2.61849940496 2.43469158761 1.65907060206 2.20586567593 1.79063714091 1.5488727185 1.37468179563 1.38089071513 1.71557909504 1.77386593567 1.7582937275 1.69551394876 1.76699703724 2.07482272851 2.1309576878 1.5000393539 1.17270317658
-9999 -9999 -9999 -9999 -9999 -9999 -9999 -9999 -9999 -9999 4.12081917116 4.22785446246 3.97282835947 3.70119745905 2.77881720461 2.51232605125 3.27802041191 3.83742465268 3.50345654357 3.24919935489 3.06184880937 3.05292644006 2.6059050036 2.61347975563 2.46746432408 2.93978421855 2.76771982405 2.28670687131 1.86284091125 1.57246414754 1.94923718118 1.95916028536 2.22979777168 1.74015866638 2.61703596033 2.40599467284 2.71932790521 2.64441808618 2.63205745842 2.64684855187 2.74242343726 2.5285716172 1.69798361081 1.72436803507 2.43162301897 2.4366635084 1.99313053348 1.52945871946 1.84289726945 1.8020160102 2.02441809064 1.94679012904 1.66498082087 1.92567042945 1.83631965403 1.46062725555 1.15773578015
-9999 -9999 -9999 -9999 -9999 -9999 -9999 -9999 -9999 -9999 -9999 1.48773518646 1.12831979731 2.55382615349 2.84882085248 2.70220300996 3.41709357393 3.38024024731 2.89756198866 3.10706374858 3.1831362442 3.11253534933 2.45337370651 2.19875435044 1.8441023967 1.58220910529 2.16238359214 2.80968735317 2.58211173153 1.19146489832 1.21173859886 1.25825678888 1.38865428342 1.47081751356 1.88850555691 1.77411519962 2.20549505458 2.18963947427 2.36991809353 2.36888917128 2.19032615211 1.80121012966 1.97392930732 1.74663157957 1.76399396994 1.47792587562 1.7136919737 1.9958454387 1.38852617841 1.61717647234 1.6679911855 1.84989398207 1.90477480694 1.73429682573 1.45076859286 1.46285713823 1.06797899661
-9999 -9999 -9999 -9999 -9999 -9999 -9999 -9999 -9999 -9999 -9999 1.14819128908 1.71585141302 3.26647949548 3.14298161333 3.10904590654 3.03019851544 2.90089504287 3.03552157257 3.03866331259 2.95901882607 3.25462184254 2.32406901026 2.41139354756 2.25786156703 2.41442369404 1.97457129927 2.02375784538 1.74342511277 1.63513827591 1.87549082512 1.65265748255 0.915894833264 1.32521833786 1.37595272676 1.87564740629 2.19598579988 2.23446000005 2.30833720194 2.12358086198 1.67318969796 2.04675840068 1.68620694127 1.83408612503 2.0750971861 2.04500910976 2.5384994499 2.91783390494 2.63030430951 1.86725907505 1.93339114239 1.85257568008 1.3305665905 1.93339432189 1.81706215214 1.62363260547 1.46784449029
-9999 -9999 -9999 -9999 -9999 -9999 -9999 -9999 -9999 -9999 -9999 4.65417964253 4.04663852506 3.86183670664 3.03568842931 2.81559372289 2.67296473644 2.38234838573 2.19315831059 2.40853610851 2.55891379977 2.60817339088 2.12643132027 1.98452997982 1.73855684738 1.79588158268 1.7032746664 1.66615248419 1.54322666105 1.29862777203 1.13177331826 1.70847996195 2.22314527512 2.76170690367 1.75786293962 1.56221418075 1.74066843327 1.25581247432 1.80271125618 1.43304859436 0.974757463099 1.7839062704 1.98431782121 2.24905964832 2.83265796781 3.47363749399 2.38564229611 2.16118550352 2.08911836074 2.00935254577 1.67827814087 1.91031471715 1.98520293035 2.28977771625 2.12134149795 1.5534300919 1.02568462938
-9999 -9999 -9999 -9999 -9999 -9999 -9999 -9999 -9999 -9999 -9999 -9999 3.52191754227 3.83318864532 3.45210995011 2.34838033895 2.31722155429 2.48965177256 2.37562162784 2.63738281494 2.62952802874 2.50213055851 2.32296041104 2.26291756283 1.89445362498 1.93647720028 1.73589989504 1.7968023052 1.72020904336 1.63744318121 1.70018648521 1.78384816712 1.59847492145 1.35184337416 1.87616659165 0.882895390656 1.93957835934 1.56027306531 1.32236583145 2.07170290822 2.40755670058 1.70993697545 2.46211091584 2.82354293745 3.03505208059 3.17213275199 2.45276799773 2.1884106412 1.67560928772 1.87542106238 1.56529772376 1.3138702842 1.08668950486 1.10684817873 1.00335204703 1.24774180683 0.605781053341
-9999 -9999 -9999 -9999 -9999 -9999 -9999 -9999 -9999 -9999 -9999 4.16054360172 4.06808309993 4.03176400918 3.35661734024 1.35187406489 1.67707388577 2.51546841188 2.16715655112 2.56029079133 2.12686225255 2.09332753006 1.83542299015 1.88156313488 1.80269238218 1.77389060406 1.3739103732 1.46344507463 1.46950605913 1.41572279603 1.3809549007 1.44000922501 1.42436679035 1.40646679522 1.59646382503 1.53372203746 1.72088334538 1.12689404962 1.1078957109 1.46993006293 1.86518989303 1.31706147267 3.25135274814 3.36387343357 3.79695550106 3.71879300027 3.47404464332 2.71543214891 1.95928604409 1.93315989155 1.45523926377 0.958754010203 0.817947438964 0.825727186946 0.734218037639 0.826021013983 1.20400954573
-9999 -9999 -9999 -9999 -9999 -9999 -9999 -9999 -9999 -9999 -9999 4.30116270612 4.73056016541 4.41790003329 3.56291797377 2.40934895449 2.66772023728 2.74228894047 2.51557742529 2.49718438454 1.53855957268 1.33574101931 1.45600873159 2.00229798113 1.89247206918 1.90521573345 0.83902211668 0.820503107368 1.29747055445 2.02102252742 1.89712976747 1.47340383495 1.39618244787 1.40776507183 1.55087077762 0.941441902087 1.28316421332 1.6052530576 1.23020321977 1.19503379492 1.44551715797 1.27685311432 2.19085107248 2.61018442541 2.5616263563 2.38096153798 2.47884363415 2.54779151379 2.00181457331 1.92405173196 1.38808034079 1.4972384504 1.2397703506 1.16144745533 1.04092740281 0.9457925102 0.692900063475
-9999 -9999 -9999 -9999 -9999 -9999 -9999 -9999 -9999 -9999 -9999 5.04302318627 5.12648156243 4.40845582019 3.9716770454 3.80452616536 2.61275580732 3.06531089751 2.64449082393 3.06096817922 1.74382971002 0.588835843249 1.80291839194 2.45251368568 1.83452970825 1.83125190865 1.90237750269 1.63876508385 1.47959985357 1.35389607529 1.38950083224 1.90236351905 1.98153335067 1.84653946717 1.52761601909 0.743296168252 1.01008206363 0.716197648097 1.23187913596 0.746643517133 1.65958370182 2.20338338739 1.92268152978 1.669143926 1.81107979133 1.81571585437 1.85907529361 1.80654426889 1.9077321256 1.97530263078 1.25464315943 1.00232464123 0.77777762696 0.762391536697 0.74633126522 0.792274735062 0.956220951867
-9999 -9999 -9999 -9999 -9999 -9999 -9999 -9999 -9999 -9999 -9999 -9999 5.23362176426 5.04269648653 4.32741527281 3.72018754193 3.09032923721 3.37769386448 2.74880175109 2.88382734122 2.62096357507 3.17931623569 2.08065612389 1.80228613924 1.70840009664 1.6812177722 1.38392336878 1.46438853964 1.32864637122 1.16745931395 1.01641937358 1.18862243223 1.26413291509 1.37157658485 1.39513438799 1.17738336512 1.14563406509 0.877014632631 1.39098208757 1.0752790051 1.83269839849 1.81871168253 1.94379400807 1.66500227107 1.87257224557 1.84609359913 1.75215761567 1.66092826723 1.62637695701 2.0263125479 1.67184521718 0.769494985444 0.835993529056 1.21164206667 0.882745993606 0.905829776997 0.813430326435
-9999 -9999 -9999 -9999 -9999 -9999 -9999 -9999 -9999 -9999 -9999 -9999 5.92285122726 5.33046216683 4.42584058355 4.03585839022 3.20136423178 3.50812554848 3.18779375167 3.01214176082 2.9449553068 2.76586555004 2.34876366177 2.55740304428 2.0274156074 2.16071441237 2.30907395174 2.08029023282 1.67437125415 2.07071987404 1.67649122505 1.77410284037 2.15369974251 2.1513378652 1.20293865775 1.29722244269 1.34637811086 1.43867004858 1.85701941105 1.43592972134 1.94283646688 1.6562460948 1.5811042367 1.55925658079 1.64842170306 1.54210787774 1.27097414781 1.14796286714 1.1015642842 1.58893595653 1.44041665489 1.29219383311 1.05893789751 0.624093702641 0.545530061923 0.717080049044 0.453318414893
