data/recharge/transience/oldversion/mHM_recahrge_250.ASC
ncols   80
nrows    72
xllcorner    4374000.0
yllcorner    5656000.0
cellsize      500
NODATA_value  -9999
[rows 25 to 49 of 72, columns 0 to 55 of 80]
-9999 -9999 -9999 -9999 -9999 -9999 -9999 -9999 -9999 -9999 -9999 -9999 8.54174574206 8.44990802014 7.51502833372 6.44307943581 4.59762597607 4.86806470879 3.55880200889 4.01626830529 3.41933082518 3.8343842296 3.08855918324 2.20649330999 2.16514477585 2.52751875603 1.99271934423 1.89887323971 1.35662272133 1.12276193041 0.906288916443 0.812383520478 0.892135364054 0.931989887958 0.596135203185 1.02663859052 1.08298998563 0.930794577526 0.667735173141 0.692050786 0.637182250897 0.478621730555 0.855936807548 1.31151606572 1.29488424531 1.32479659861 1.3574685635 1.34884347468 1.3099307414 1.40827329713 1.23233641374 0.676558599978 0.416500234945 0.317158693769 0.328366221074 0.355734064417
-9999 -9999 -9999 -9999 -9999 -9999 -9999 -9999 -9999 -9999 -9999 -9999 -9999 7.5940909298 7.85293005831 8.14320063554 5.71437796066 5.16688510161 3.92044914706 3.65575642564 3.37957373831 4.05349009818 4.24521400745 4.47915975368 2.38038827014 1.70282307822 1.71629427506 1.27290213539 1.2872826817 1.44888774882 1.09540390249 0.985041743251 1.30734066573 0.530703183152 0.629078132282 0.435120512176 0.993321804388 0.758731976608 0.80267285207 0.560156738474 0.473346433481 0.637362671646 0.371769018527 0.451811318552 0.469403386601 0.648501011091 0.999901335214 0.963048738876 0.45176054142 0.285830462011 0.273563535241 0.303279661444 0.352522995349 0.445855697533 0.579943724971 0.263674593026
-9999 -9999 -9999 -9999 -9999 -9999 -9999 -9999 -9999 -9999 -9999 -9999 -9999 -9999 6.46774615254 6.55712928968 5.2193275742 4.4488390821 3.7466777635 4.06339607338 3.26519937491 4.32488082108 3.9681659288 3.1312539322 1.63045790839 1.68425363144 1.77631571672 2.04396145683 1.43723315483 1.14308257365 1.12418426751 1.59083788619 1.78401621886 0.763456119852 0.782134886831 0.75167349462 0.812769399601 0.614585157936 0.626859086775 0.513779997563 0.510809780318 0.511691275706 0.63243208143 0.448267645649 0.312205778699 0.379042403702 0.308607135969 0.324685366377 0.278499474819 0.348366325582 0.328504780675 0.232023285491 0.221838488982 0.399000853469 0.691888345525 1.08209436859
-9999 -9999 -9999 -9999 -9999 -9999 -9999 -9999 -9999 -9999 -9999 -9999 -9999 -9999 4.52550751749 6.86934117663 5.48812350851 4.56823182228 3.77732182264 4.02885645038 3.7296506971 4.24409916019 2.95598972911 4.05631382373 3.24640678831 3.11699080862 1.69828224519 2.18153042818 2.44695920927 2.30260194433 1.90603178717 1.88367724268 1.76858228553 1.8671642595 1.07583726881 0.712914612501 0.869762295 0.444324368727 0.487714980205 0.504041549279 0.392669475847 0.468238400642 0.478901249338 0.568522238854 0.473366620521 0.358175713493 0.25752014453 0.379141175071 0.473769503226 0.280120501126 0.408897267387 0.492977592404 0.57919562819 0.643966906612 0.600593307986 0.615525508551
-9999 -9999 -9999 -9999 -9999 -9999 -9999 -9999 -9999 -9999 -9999 -9999 -9999 -9999 7.44104549979 8.71653053645 6.62219221159 5.02586635718 4.44468390732 4.38105521339 3.5441380369 4.01548777264 3.70312902265 3.47550692822 2.50382827146 2.32149230071 2.46930631191 2.86464670191 2.09920034872 2.32532532321 1.99177478359 1.87502843609 1.62056383144 1.05326140751 1.83167779035 0.602645302596 0.774614304487 0.69876482821 0.547630900356 0.487025343122 0.401821823107 0.494698645289 0.404682739729 0.423025267862 0.315462370514 0.370174171895 0.25641789478 0.388002538734 0.846933464513 0.916707899797 0.683040065148 0.354702001624 0.638397582435 0.579132880304 0.455318453015 0.543261927337
-9999 -9999 -9999 -9999 -9999 -9999 -9999 -9999 -9999 -9999 -9999 -9999 -9999 -9999 9.6925388199 8.5014656978 7.73391285091 7.11632859041 5.95949014554 6.87735409568 4.66763410971 4.46557577573 4.39889732289 3.52311193324 2.06398399652 2.36757102042 1.93869145874 3.2070964607 2.51771673337 2.33735957172 2.12079256607 2.35221268636 1.99422250649 1.66566559488 0.691891580086 0.701351911457 0.528517570572 1.13442600912 0.389403215139 0.624589465954 0.355397787463 0.331311606965 0.278260657832 0.315555449871 0.254437655597 0.281316537998 0.526863997331 0.607104023961 1.33028137877 1.55921823498 1.05590442609 1.22320203421 0.745818882085 0.814517997478 0.753970693506 0.586639003567
-9999 -9999 -9999 -9999 -9999 -9999 -9999 -9999 -9999 -9999 -9999 -9999 -9999 -9999 -9999 7.37295356625 6.69214238974 5.82065054575 6.20229555993 5.34141730238 3.36485691238 3.4515091351 3.8192704581 3.79199587281 2.04049749414 2.63637788646 2.09453297399 2.46947352821 3.02202704271 2.29168603982 1.77125387006 1.75768643719 1.46868071285 1.9619717506 0.765356003256 0.774574050426 0.625903383782 0.609806919396 0.539964347604 0.421233660914 0.271272848979 0.446754054298 0.138464875299 0.160971272842 0.208228388402 0.18899144856 0.170889516226 0.200115357278 0.309620526502 0.391298561886 0.310508319303 0.26525716742 0.504174277782 1.03422933874 0.975134069345 0.954007963688
-9999 -9999 -9999 -9999 -9999 -9999 -9999 -9999 -9999 -9999 -9999 -9999 -9999 -9999 -9999 -9999 6.58010053117 5.1306232146 5.30380358067 6.63293585784 5.47737320211 5.08795497213 3.41680111647 2.54738005564 2.26093447564 2.11717214087 1.59434090724 1.75329834563 2.64033757328 2.45398371365 2.17685755104 2.35101441328 2.15665313503 1.65374970497 0.735838576468 0.833948517679 0.738134669434 0.815698291659 0.747968493753 1.04096043012 1.29952012097 1.19594807943 0.861093260389 0.374775884576 0.151973963198 0.0995585367879 0.0759260104332 0.344049852592 0.292085927853 0.204949873127 0.333561333371 0.620479288516 0.414739784918 0.314667045371 0.399866242593 0.338474884366
-9999 -9999 -9999 -9999 -9999 -9999 -9999 -9999 -9999 -9999 -9999 -9999 -9999 -9999 -9999 -9999 5.66208890087 6.14184847897 6.48116058759 5.34502086108 4.17961378873 5.62558003494 4.37254255803 2.66796445247 2.22915454401 2.52089876046 1.75946405585 1.72175906234 2.29211298542 2.22082692824 1.92382938225 2.01958969018 1.98627325357 2.03470279784 1.18187697219 0.788928732097 1.01416649527 0.844988077152 0.732871914455 0.717259787937 0.813625724836 0.722944994844 0.850453213369 1.13448851271 0.637387777222 0.364907413312 0.396854858459 0.459271149914 0.197480982502 0.271671890316 0.445786344781 0.479911303793 0.700593989502 0.770718355455 1.04532402828 0.636692950289
-9999 -9999 -9999 -9999 -9999 -9999 -9999 -9999 -9999 -9999 -9999 -9999 -9999 -9999 -9999 3.6716424747 3.67615081522 4.06714245159 4.91630131914 4.74581342054 4.20955365977 4.53718117023 3.44506597254 2.67753293493 2.01109240091 2.20058543154 1.78010757266 1.85449268173 2.23636952571 2.36498660026 2.00778546406 2.06403482272 1.99497704927 1.52448661086 1.09400746281 0.877695400362 0.917946099192 1.18605484513 1.00267942631 0.535975605482 0.644015674007 0.612339697126 0.450822220242 0.438276827338 0.482101735187 0.301820487255 0.313291790992 0.457134851031 0.341489862954 0.467459474309 0.333382366069 0.235202500872 0.273747799666 0.32143673629 0.37610164267 0.392679019901
-9999 -9999 -9999 -9999 -9999 -9999 -9999 -9999 -9999 -9999 -9999 -9999 -9999 -9999 4.41259425466 4.14224280494 3.8650025855 3.42351305712 3.52974920939 4.31087047863 3.48193042329 3.99771111731 2.78702009713 2.93274022342 2.0239325771 1.89110672082 1.51534789627 1.82289480925 2.28654240234 2.28428245106 1.79702359718 1.83639530255 1.18032025037 1.0607459758 1.03548650076 1.46630752558 0.907617578789 0.729495329083 0.27695554012 0.591686993264 0.570254013285 0.313135296699 0.269715071554 0.316445075652 0.188615371552 0.146988198857 0.316093059464 0.374135875689 0.443443255019 0.323471463883 0.277909559807 0.274080128056 0.303872946084 0.294042296739 0.276301807065 0.30261193422
-9999 -9999 -9999 -9999 -9999 -9999 -9999 -9999 -9999 -9999 -9999 -9999 -9999 -9999 5.04019309608 5.24831596355 4.5864326897 3.10438347437 2.43647938957 2.33762959314 2.72367657607 3.3333030146 2.70197811326 2.91122743191 2.00536744597 1.61769429919 1.10042007498 1.22202582451 1.33819786269 2.20973039545 2.0457618325 1.67419945906 1.6707094495 1.42233952316 1.10456059608 1.57651541611 1.45408213853 1.86399718144 0.962023183355 0.992658819996 1.35679838476 1.23161096971 0.441325425154 0.379331936391 0.325607665021 0.140507749985 0.336780401803 0.656933880317 0.737884130785 0.929737231724 0.935344285551 0.920749421742 0.609529394641 0.50151377291 0.607861496401 0.56970177531
-9999 -9999 -9999 -9999 -9999 -9999 -9999 -9999 -9999 -9999 -9999 -9999 -9999 -9999 -9999 -9999 4.70242870155 5.31749738363 5.33898397217 5.1759620506 3.49037633082 2.84534348651 3.21129681963 3.23456881757 2.16681702255 1.73461990688 0.831871562686 0.913416314628 0.680464061746 1.37363769552 1.44356114273 1.5087375416 1.45705011489 1.15172988947 1.28646590001 1.30445127316 1.23774171594 0.847856042295 1.39336971049 1.53532861348 0.797472460405 0.694563520795 0.898248243683 0.624999626415 0.191154040264 0.252459258271 0.220420770425 0.255724338904 0.414103031771 0.541120518994 0.529049593162 0.553474362307 0.485886130326 0.394065758125 0.232785787148 0.254155072835
-9999 -9999 -9999 -9999 -9999 -9999 -9999 -9999 -9999 -9999 -9999 -9999 -9999 -9999 -9999 -9999 5.99585757935 5.50434393675 5.19372383485 3.30992788224 3.46806725382 3.45265543904 2.32475845608 2.58469393651 2.49247244226 2.14929913922 1.57517831746 1.44739166075 1.24768260232 1.58941352156 1.84154672005 1.6905480674 1.28197035886 1.22936189564 0.835370855736 0.921660740727 0.990214788259 1.24818607378 0.758474366319 0.678471803798 0.92131719952 1.32478157169 0.749057168645 0.893628206461 0.819020043596 0.216800649094 0.0799075283451 0.153731908109 0.351045796696 0.24438629497 0.183824123294 0.18844588208 0.142841772537 0.175529663625 0.172223395487 0.174381902389
-9999 -9999 -9999 -9999 -9999 -9999 -9999 -9999 -9999 -9999 -9999 -9999 -9999 -9999 -9999 -9999 -9999 -9999 5.32100335422 3.96003456247 2.77029701369 3.3946853808 3.04209710895 3.17171504833 2.30789521975 2.01348541226 1.31908200154 1.35566309622 1.34069679099 1.44877879075 1.02949359327 0.864898786251 0.823081549768 1.00747910215 0.815071907608 1.10792248772 1.10479062372 0.719892926213 0.66101600495 1.07150999302 0.723912463407 0.610280853797 0.499850111881 0.494479093446 0.459480867384 0.400347587701 0.11024106048 0.113494578718 0.20130569643 0.165234644001 0.217589255559 0.257197786191 0.147167400705 0.153209485062 0.193598023585 0.215053129936
-9999 -9999 -9999 -9999 -9999 -9999 -9999 -9999 -9999 -9999 -9999 -9999 -9999 -9999 -9999 -9999 -9999 -9999 -9999 2.8502803112 2.80333405557 3.17813573745 2.80196283956 4.13866900747 2.71018184156 2.5269288913 1.7760548466 1.36858159924 1.01393584432 0.958013392893 0.995135965785 1.08875383032 0.808765847854 0.743057670472 0.557420461291 0.502915940432 0.482740290175 0.76282189346 0.67634195577 0.879373832217 0.640525951383 0.560046891643 0.42074611665 0.582798635026 0.603499034789 0.641533754411 0.299423320631 0.0975154391382 0.0693765284792 0.186711905685 0.146696576707 0.191493536377 0.138593158433 0.136472294074 0.183582894063 0.17146716911
-9999 -9999 -9999 -9999 -9999 -9999 -9999 -9999 -9999 -9999 -9999 -9999 -9999 -9999 -9999 -9999 -9999 -9999 4.35194692397 5.08877406874 5.13331950806 4.88565712959 3.15122304979 3.11743044432 2.60819911925 2.75156891654 2.40632146393 1.83402343735 1.26511482087 1.11768900514 1.00217724069 0.957196595938 0.804234588357 0.812250658887 0.754959089092 0.965190949759 1.29490404132 1.20376420262 1.09911098475 1.05970057811 1.05469227195 0.638933120288 0.528579923465 0.528579678373 0.493615652616 0.462212896702 0.580369009307 0.609490854572 0.317539546952 0.107906139361 0.236236839783 0.366556924391 0.399508791122 0.419546264714 0.291326862515 0.239787381657
-9999 -9999 -9999 -9999 -9999 -9999 -9999 -9999 -9999 -9999 -9999 -9999 -9999 -9999 -9999 -9999 -9999 -9999 -9999 6.38177912736 5.90154204685 5.3745896003 3.30575249402 3.1021122697 2.9845764766 2.9218700868 1.88696708159 2.48590122013 1.59779266075 2.08513421726 2.62367732513 2.58272437806 1.34449217522 1.02934367857 0.974612181431 0.748924952081 0.451686281282 0.372676314722 0.321439502712 0.321292735634 0.385234991588 0.670152201919 0.544763409172 0.606931962404 0.623040993024 1.12778886565 0.829619239826 0.532470214567 0.389045815752 0.180188028023 0.0416394115179 0.273267848559 0.319554513835 0.387546447342 0.430355306328 0.0961609061027
-9999 -9999 -9999 -9999 -9999 -9999 -9999 -9999 -9999 -9999 -9999 -9999 -9999 -9999 -9999 -9999 -9999 -9999 -9999 -9999 4.22161401056 5.00913182085 3.38968547748 2.99056474536 2.33979538189 2.76791697325 1.87558471224 2.61493164127 3.01313427374 2.68991725553 2.13190883688 2.03821379821 0.909913395916 1.57070215372 1.20296475598 1.14372536201 0.80434147947 0.977660334396 0.957417066492 0.852869553773 0.599763183026 0.90757321813 1.01517804722 0.850680915851 1.23857468841 1.01015433206 0.785371786263 0.933773873847 0.72439503398 0.51634026259 0.313387588119 0.145457496048 0.0566825230468 0.0893230598193 0.260115647877 0.0868969091938
-9999 -9999 -9999 -9999 -9999 -9999 -9999 -9999 -9999 -9999 -9999 -9999 -9999 -9999 -9999 -9999 -9999 -9999 -9999 -9999 -9999 4.38613348268 3.68555611036 3.66047008178 2.17070261911 1.92890494378 1.86135224892 2.71356438023 2.53636429057 2.37740789625 2.29897829844 2.39214915871 1.21196984574 1.39282547124 1.64111482121 1.49276969609 1.11952131231 0.639525900823 0.585040455776 0.719646113899 1.09123192425 1.18521900255 1.39524142975 0.900785811765 0.693487701172 0.458720315123 0.644112967513 0.743358628635 0.737091441329 0.993796306766 1.22694786484 0.636916579488 0.344784500057 0.131442767613 0.0266163587969 0.0398810683865
-9999 -9999 -9999 -9999 -9999 -9999 -9999 -9999 -9999 -9999 -9999 -9999 -9999 -9999 -9999 -9999 -9999 -9999 -9999 -9999 -9999 3.26555554225 2.94208983343 2.96272831809 2.67981262471 3.24303404665 2.34393893901 1.98607015924 1.7917504943 2.70819328833 2.61355851685 2.21229705085 1.33581199909 1.28489734083 0.690197077459 0.919926075005 0.789479402085 0.597200186078 0.513248991083 0.892566114739 1.11240140762 1.04002755558 0.717766143072 0.727626827676 1.05596987401 0.97669261196 0.879087218303 0.844768174509 0.430746298111 0.527511562664 0.621891353198 0.34675375603 0.17004706157 0.0648260591704 0.0635006933923 0.0304066821062
-9999 -9999 -9999 -9999 -9999 -9999 -9999 -9999 -9999 -9999 -9999 -9999 -9999 -9999 -9999 -9999 -9999 -9999 -9999 -9999 -9999 -9999 3.15406366438 4.07424174887 3.00935571995 2.92167364591 2.1942087195 2.10384903904 1.48267010308 1.6918751655 1.64802677624 1.7788866216 1.2652442066 1.40456740784 1.64650695929 1.14319630006 1.03864827142 0.887815907959 0.752808086302 0.895390030166 1.09275365357 0.600539022567 0.694081610778 1.01055661006 0.511755622361 0.446919149987 0.283101060484 0.380488800508 0.587165407715 0.706261236661 0.289797113808 0.319305433288 0.493595091591 0.12840201569 0.0312803586979 0.02518364835
-9999 -9999 -9999 -9999 -9999 -9999 -9999 -9999 -9999 -9999 -9999 -9999 -9999 -9999 -9999 -9999 -9999 -9999 -9999 -9999 -9999 -9999 3.37999181871 3.20361703679 2.79724852941 3.4382379826 2.4496346072 1.70330591279 1.86336081919 1.96320647091 1.58704114697 1.65735503167 1.62694299248 1.63038203107 1.17963067316 1.7639572743 1.12160102831 0.902316375351 1.17580811623 1.28660174751 0.726910596525 1.12664691121 0.7143681038 0.507293386853 0.4454728915 0.660934870817 0.816838090175 0.959361464833 0.447210803362 0.380298125417 0.276102031696 0.45566842996 0.0817420116798 0.314394727307 0.117810196125 0.0957078112005
-9999 -9999 -9999 -9999 -9999 -9999 -9999 -9999 -9999 -9999 -9999 -9999 -9999 -9999 -9999 -9999 -9999 -9999 -9999 -9999 -9999 -9999 3.20548145175 3.77388479745 3.67938676354 3.46018207988 2.42035049176 2.50620888012 1.85409174029 2.41664860267 1.77494482878 1.48228919752 1.25808372918 1.51208238877 1.7857446166 1.07429755942 1.04959620903 1.58319947866 1.30642885133 1.13278788184 1.16987452026 0.832314527063 0.518127150432 0.728708311295 1.0108501146 0.927125650604 0.963718755885 0.780058739846 0.561195146462 0.562460270784 0.81753196594 0.619305751712 0.212574589344 0.248302771915 0.319275262429 0.369173573398
-9999 -9999 -9999 -9999 -9999 -9999 -9999 -9999 -9999 -9999 -9999 -9999 -9999 -9999 -9999 -9999 -9999 -9999 -9999 -9999 -9999 -9999 -9999 4.21047911562 4.16263575273 3.61257860294 2.13375871131 2.19891569263 1.6983093686 2.24321593597 1.80286992803 2.0375499631 1.7259992754 2.10386926458 1.47304675537 1.71445056188 1.79778080218 1.45790441204 0.804220711576 0.726267601684 0.493404816873 0.760906618257 1.1096001872 1.13754508378 0.917470353673 0.768570869908 0.374597226771 0.335480866529 0.328586801428 0.371197147122 0.273127040117 0.388039276428 0.43505254787 0.49460707317 0.156606977804 0.0853401624442
