data/recharge/transience/oldversion/mHM_recahrge_603.ASC
ncols   80
nrows    72
xllcorner    4374000.0
yllcorner    5656000.0
cellsize      500
NODATA_value  -9999
[rows 0 to 24 of 72, columns 0 to 56 of 80]
-9999 -9999 -9999 -9999 -9999 -9999 -9999 -9999 -9999 -9999 -9999 -9999 11.1826407726 11.3299761807 -9999 -9999 -9999 -9999 -9999 -9999 -9999 -9999 -9999 -9999 -9999 -9999 -9999 -9999 -9999 -9999 -9999 -9999 -9999 -9999 -9999 -9999 -9999 -9999 -9999 -9999 -9999 -9999 -9999 -9999 -9999 -9999 -9999 -9999 -9999 -9999 -9999 -9999 -9999 -9999 -9999 -9999 -9999
-9999 -9999 -9999 -9999 -9999 -9999 -9999 -9999 -9999 -9999 -9999 -9999 12.6968364244 11.9581676411 11.4276208353 -9999 11.5007008493 -9999 -9999 -9999 -9999 -9999 -9999 -9999 -9999 -9999 -9999 -9999 -9999 -9999 -9999 -9999 -9999 -9999 -9999 -9999 -9999 -9999 -9999 -9999 -9999 -9999 -9999 -9999 -9999 -9999 -9999 -9999 -9999 -9999 -9999 -9999 -9999 -9999 -9999 -9999 -9999
-9999 -9999 -9999 -9999 -9999 -9999 -9999 -9999 -9999 -9999 11.6374283385 11.1177076761 11.7274684872 11.8087779869 9.90250236582 9.94514540259 9.64470099572 9.73622161317 -9999 -9999 -9999 -9999 -9999 -9999 -9999 -9999 -9999 -9999 -9999 -9999 -9999 -9999 -9999 -9999 -9999 -9999 -9999 -9999 -9999 -9999 -9999 -9999 -9999 -9999 -9999 -9999 -9999 -9999 -9999 -9999 -9999 -9999 -9999 -9999 -9999 -9999 -9999
-9999 -9999 -9999 -9999 -9999 -9999 -9999 -9999 -9999 11.4687055794 11.5268887248 11.5130155284 10.8941345187 11.1230036629 10.6060769933 10.2253791218 9.96595249321 10.9519154907 -9999 10.9127854175 -9999 -9999 -9999 -9999 9.87395521032 10.9548307961 -9999 -9999 -9999 -9999 -9999 -9999 -9999 -9999 -9999 -9999 -9999 -9999 -9999 -9999 -9999 -9999 -9999 -9999 -9999 -9999 -9999 -9999 -9999 -9999 -9999 -9999 -9999 -9999 -9999 -9999 -9999
-9999 -9999 -9999 -9999 -9999 -9999 -9999 -9999 12.6603483509 11.9040988898 10.6894482359 10.9666331005 10.4261109932 10.0928769793 9.69330125319 9.49885142296 9.07001541162 9.27170696615 9.04241742487 9.29989774332 9.18987986947 9.44018756242 -9999 9.58809333337 10.3829178037 10.816057875 -9999 -9999 -9999 -9999 -9999 -9999 -9999 -9999 -9999 -9999 -9999 -9999 -9999 -9999 -9999 -9999 -9999 -9999 -9999 -9999 -9999 -9999 -9999 -9999 -9999 -9999 -9999 -9999 -9999 -9999 -9999
-9999 -9999 -9999 -9999 -9999 -9999 12.9600919799 11.9247362497 11.1474510305 11.3762826987 11.3407731001 11.859380273 10.9095052357 10.6604787587 9.62965715285 9.96187142626 8.28505209289 8.61535332707 8.23944007679 9.22558710406 9.05852192335 9.29918666921 9.3941134737 9.75127047351 10.5826211438 10.458161631 10.9958676402 -9999 -9999 -9999 -9999 -9999 -9999 -9999 -9999 -9999 -9999 -9999 -9999 -9999 -9999 -9999 -9999 -9999 -9999 -9999 -9999 -9999 -9999 -9999 -9999 -9999 -9999 -9999 -9999 -9999 -9999
-9999 -9999 -9999 -9999 -9999 -9999 13.0024761345 12.5049422887 10.596771862 10.4001753384 9.88616762423 10.4896614998 9.77441374338 9.05834295075 8.50251578163 8.3807201489 5.91514884474 4.53040075244 5.27634991227 7.78382632467 8.10953429946 8.67186000976 8.75916925212 8.76918625449 9.50576606695 9.29128408842 10.6510949195 10.4699255976 10.8252163928 10.5847677535 11.6427320784 11.6048783881 -9999 -9999 -9999 -9999 -9999 -9999 -9999 -9999 -9999 -9999 -9999 -9999 -9999 -9999 -9999 -9999 -9999 -9999 -9999 -9999 -9999 -9999 -9999 -9999 -9999
-9999 -9999 -9999 -9999 -9999 14.47994709 13.2000518327 13.1435185808 12.0963965306 12.0786223774 11.2430632862 10.8252680587 8.07761497126 7.47852308627 9.05156894019 8.95800386415 4.67694913272 2.40089960877 4.27335861068 7.11383231198 8.13626220397 8.00028066008 8.53761256668 8.66161134149 9.41353047645 9.56308819427 10.5057122312 10.1958539745 10.6119151865 10.5197297306 10.6312551563 10.876504523 10.7315781189 10.5795882574 -9999 -9999 -9999 -9999 -9999 -9999 -9999 -9999 -9999 -9999 -9999 -9999 -9999 -9999 -9999 -9999 -9999 -9999 -9999 -9999 -9999 -9999 -9999
-9999 -9999 -9999 -9999 -9999 14.5006830883 13.3895908924 13.4356421713 12.1736403417 11.8119807033 11.1334572265 11.4157574978 6.85765203943 5.38315114049 9.96703937711 9.44071457707 5.68494748738 1.82041757517 3.77997342366 6.03138421609 5.6367564873 6.83318856246 8.50459923394 8.36248208787 8.47257536675 8.10692315096 9.30162507289 8.92638343012 9.20817787937 6.94598436599 6.61864538498 7.68800639408 10.0618084367 9.89508754417 10.2291325324 10.1638737119 -9999 -9999 -9999 -9999 10.8083304057 10.5925262287 -9999 -9999 -9999 -9999 -9999 -9999 -9999 -9999 -9999 -9999 -9999 -9999 -9999 -9999 -9999
-9999 -9999 -9999 -9999 -9999 14.0780137697 13.0927207563 13.0529393592 12.3999500103 12.7185137942 11.7772210487 11.552422108 10.3824152066 10.8003324524 10.3775440309 9.24835114038 7.9313419821 7.34611252154 6.73748613358 8.79130665135 6.06263918647 7.63825513533 7.821585052 7.67463291761 8.39373242446 8.23988118801 9.03342970317 8.75082482134 9.4488958636 7.8964372902 5.48032714769 8.1575698704 9.98305348517 9.91274570687 10.0943582129 10.2950410373 10.4465954396 -9999 -9999 10.7429799176 11.075405638 10.9316569279 11.4271436547 -9999 -9999 -9999 -9999 -9999 -9999 -9999 -9999 -9999 -9999 -9999 -9999 -9999 -9999
-9999 -9999 -9999 -9999 -9999 -9999 14.0187375322 14.0525936225 12.8430593309 12.6253758529 11.3821578169 11.7753680695 9.84851222431 8.95177810117 8.7478783083 8.8888843783 8.29844780203 8.15554726709 7.68959175696 7.78074234318 7.78567827454 7.91707165186 7.7735022778 8.07905019105 7.93740364523 7.58451809861 7.68537697813 7.93240757541 7.99720091653 8.00367700173 7.93687931007 8.5106699771 8.71415615522 8.59661007708 9.08637868072 9.34407557521 9.89093474509 9.66294501023 10.1400631545 10.0047864198 10.1112204753 10.8056038588 10.3560090191 9.93480222148 -9999 -9999 -9999 -9999 11.4156054344 10.9961770468 3.06839680829 -9999 -9999 -9999 -9999 -9999 -9999
-9999 -9999 -9999 -9999 -9999 -9999 -9999 13.4753677215 12.4183398458 13.0251668397 12.2912069732 11.8492852414 8.44902033144 9.24236104166 9.04051182837 9.97590088722 9.35955655705 9.33195918362 8.85582543432 8.20906212881 7.56071697006 7.566718801 7.58977512996 7.65896853247 7.67018116904 7.3084909031 7.50367853946 7.65734905787 8.05455484237 7.85139513674 8.37996182353 8.25718804736 8.72750742752 8.5853089015 9.44010028314 9.4320982296 9.77068337894 9.78661099266 10.0766075115 10.0443677838 9.91128535282 9.95090446342 9.97382228768 9.44608801283 8.89690737067 9.29461527252 9.69438998782 9.15848672524 8.93533521443 10.0881389805 9.57075451928 8.18765361668 -9999 -9999 -9999 -9999 -9999
-9999 -9999 -9999 -9999 -9999 -9999 -9999 -9999 11.120647897 11.7048301832 11.6760626294 12.132079369 10.9861622577 11.3579391088 10.6308738458 10.271958939 8.74022740509 8.78029047136 7.80344171488 8.14714928831 8.91484404812 8.75210275353 9.41200596756 9.71268088846 9.38751544463 9.66650368754 7.9341632292 6.93909246721 6.77155484912 6.73149704557 6.88358013308 7.09469625809 7.40923015501 7.45117689317 8.12810695933 6.62559234251 8.54223488993 8.98328182591 9.0725448502 9.03948879984 9.37451598943 9.27854709364 8.22027500468 7.92201325441 7.75008057707 7.44730964223 7.9670725411 7.5774479848 7.21424323222 8.62147365041 8.64351272668 8.88375409681 8.02361622087 -9999 -9999 -9999 -9999
-9999 -9999 -9999 -9999 -9999 -9999 -9999 -9999 12.8494710896 12.2483511945 11.3399107743 11.3820060561 10.6388224681 10.6125920918 9.59827350343 9.48513581396 8.46167250445 8.75646522889 8.15724882947 8.41066724144 8.66698515686 8.67018925646 10.741888702 11.606017176 10.2259912224 8.96285775698 10.2044336111 8.48118445837 7.27670450053 6.76427617201 6.84239005582 7.08468374901 7.34458783479 7.457311655 7.86726583149 2.62501444988 9.12972018161 8.84673246625 9.04194451643 8.97650204622 9.10265787986 9.0243984858 8.00535623097 7.96959077235 7.47232801313 7.43221099951 7.92440529008 7.65631719381 7.69253194303 8.96640313369 8.74583758734 8.76592597992 8.1733504818 8.60766999991 7.77033284977 8.02911528446 -9999
-9999 -9999 -9999 -9999 -9999 -9999 -9999 -9999 -9999 13.0911531928 11.9034581746 11.0195312215 10.5532086967 10.3447028893 9.29088795255 9.27195062066 9.29248159249 9.56647732181 9.50189700116 9.5865824311 9.32008040485 8.71159297203 9.31286606157 14.4021648322 11.1669727643 10.9795844332 9.16807679433 8.45972365426 7.0535564588 6.26162261315 6.2512374313 6.35594907308 6.50290794749 6.35056144718 6.89260209162 6.44709796229 8.08242074484 7.88093036142 8.01842066479 8.04600435574 8.16480640455 8.12017322832 6.79999768996 7.57218187704 6.69668771264 6.21162599004 5.71303545901 5.86276456076 7.28490230671 7.33235498081 7.32833045513 7.20340612532 7.01494730097 7.4468672617 7.50934743285 5.9769329253 4.53523315097
-9999 -9999 -9999 -9999 -9999 -9999 -9999 -9999 -9999 -9999 11.2554036427 10.5386490119 10.1984541554 9.59677159353 8.95587962959 8.57158093443 9.4606114011 10.129487707 9.56686750685 9.03324750995 8.55769270049 8.50598252804 7.80178288973 10.2267174755 10.1689052058 11.4538272821 10.5062570007 9.10840566433 7.53814788487 7.21791909191 6.37507894121 6.38436527122 6.90662327847 6.34894813331 7.50960839494 7.32393585445 7.98028431842 7.87960596259 8.05007758651 8.07274482667 8.33643549497 8.12590711147 7.24767169593 6.89881514586 7.96027694483 7.87663136162 7.00485141436 6.28350080118 7.32084271544 7.40311687918 7.82001174437 7.65797062067 6.96883256691 7.27940812714 6.92664370536 5.71804494729 4.49617013995
-9999 -9999 -9999 -9999 -9999 -9999 -9999 -9999 -9999 -9999 -9999 4.1699159319 4.36547657344 9.02401159672 8.78070332755 8.7600752392 9.3840132097 9.34491296636 8.00387751332 8.14337216938 8.16426660023 8.08739277394 7.27353522065 7.00739700937 7.61239025229 8.27246827856 8.86911052468 10.3465344589 9.48988886378 5.01379128385 5.99175778914 5.58065499487 5.53671186524 5.71631844005 6.70682526934 6.30158732457 6.9817131422 6.95409941303 7.43991035984 7.44713344361 7.47401560563 6.8333218722 7.22258118849 6.9872829523 6.30555219722 5.77287063406 6.09371918953 6.67536369581 6.11564691409 6.63614391083 6.51222777421 6.92657713208 6.68296739939 6.38816632378 5.66598156663 5.71619689871 4.31920359463
-9999 -9999 -9999 -9999 -9999 -9999 -9999 -9999 -9999 -9999 -9999 4.24177715417 6.7600957791 9.40880625102 9.06456305549 9.16635471381 8.7976276927 8.43141200924 8.1077537727 8.14372883101 7.87233208974 8.27964920502 7.25539907252 7.33338353399 6.69766369699 6.92625933035 7.89992386864 9.24010180646 7.84179435012 7.10760251229 7.74929997196 7.35521160488 5.27616143281 6.55517397901 7.47611246106 6.66660115312 6.95468140875 7.03226724902 7.32868018815 6.09467136326 5.0380106559 7.249048198 6.71072100617 6.96581003193 7.41475655511 6.90260055128 7.58996593175 8.13577752213 7.57767086998 6.41573781422 6.40307273868 6.3811841179 5.2020224386 6.82420706668 6.48180339423 5.81639482864 5.16746600043
-9999 -9999 -9999 -9999 -9999 -9999 -9999 -9999 -9999 -9999 -9999 11.5212412575 10.3283535119 10.0578492703 8.44292793801 8.46461973101 8.12896255519 7.65612924542 7.10542934604 7.18892556997 7.12592939918 7.19984505222 6.47902352948 6.45711276549 5.65615680271 5.71865737198 5.53231386134 5.46374575354 5.37731927982 6.12568203296 6.72737306907 7.91629023657 8.79137035983 9.64218138951 6.43289537307 6.28474666937 6.0200479525 5.25321087984 6.77361944956 4.50718173133 3.4242296092 6.75117299904 6.96321458649 7.40342673039 8.39100504449 9.24090838442 7.19748171906 6.81571668883 6.50530133775 6.42011074642 5.66777933434 6.10947446458 6.20658222546 6.92289437185 6.94560570673 4.47375455175 3.15942926309
-9999 -9999 -9999 -9999 -9999 -9999 -9999 -9999 -9999 -9999 -9999 -9999 9.52390739972 9.91366500256 9.05385802638 7.43926374173 7.39361127223 7.83047581081 7.43698918907 7.35427447553 7.24585377074 7.04299747635 6.61160340816 6.54588870459 5.87611767564 5.95154265683 5.59378349026 5.69490559822 5.5652317413 5.4232351946 5.61393618189 5.74936771135 6.43011071157 7.22575560113 7.18727015849 3.54666336547 7.3021954372 5.32511476453 6.21273875577 6.74072410007 7.38123747916 6.42756795386 7.70996195168 8.23996185284 8.6436485185 8.85192573488 7.88793861255 6.86154709556 5.73792700723 6.10906017028 5.44774482769 4.88626898247 4.32596780634 4.37469170008 3.69888802494 4.54859632801 1.90829140722
-9999 -9999 -9999 -9999 -9999 -9999 -9999 -9999 -9999 -9999 -9999 10.6890655402 10.1582639115 10.2887682106 9.28036513741 3.8045297742 5.61744137636 7.5341333488 6.69378240079 7.00243542257 6.28692491991 6.23225250605 5.72887096711 5.81348025035 5.58187021809 5.53477670952 4.13583098149 4.94616584941 4.9666314364 4.86347759741 4.85188333984 4.96319404397 5.05488790213 5.01545442757 5.49645630952 5.9466504462 5.71153954971 3.6763441418 3.38940614786 5.88843611643 6.45727605921 5.63967258062 8.5326531069 8.84894201611 9.49209721093 9.38628613536 9.10153775684 8.05085302698 6.22112444751 6.16562068589 4.85050809865 3.66661593464 3.15764431252 3.17775133724 2.81255620342 3.061042385 3.7982355116
-9999 -9999 -9999 -9999 -9999 -9999 -9999 -9999 -9999 -9999 -9999 10.9155465547 11.0986551086 10.8105462572 9.16657102545 6.68192778133 7.68072004982 7.90111041289 7.03325193159 6.21876032853 3.99539860399 3.74675927224 4.91393196246 5.99908526967 5.72533789744 5.79067513407 2.69733972304 2.59803285797 4.71860874375 5.82936535393 5.73952687395 5.02521630006 4.99484836996 5.01768205061 5.41069658176 5.39291537968 4.24571703271 5.47627480734 3.86555652901 5.98314225357 5.6881426424 5.71484980787 7.4970120061 7.99560909263 8.02641926833 7.66513491966 7.74673377411 7.89335167134 6.98188910288 6.78456765572 4.74754639806 4.88285977111 4.18969863793 4.01197055754 3.60130504768 3.36953906275 2.53815876854
-9999 -9999 -9999 -9999 -9999 -9999 -9999 -9999 -9999 -9999 -9999 11.7521089391 11.3611637415 10.5671203374 9.76326967558 9.57243731039 7.91963111056 8.37768151321 7.49305698811 7.6845777231 5.33116806374 1.98334708375 5.43354229974 6.86911145496 5.68838216848 5.69306629345 5.8223231804 5.69489011126 5.13877448 4.84386919624 4.93144924667 5.68131423438 5.90187491195 5.68473152791 5.1716453177 3.76812970697 2.50874725531 1.74274973541 3.28943679913 3.7990316809 5.93337015238 6.64930562753 6.52801947998 6.21793235314 6.59193508131 6.6048628448 6.41391456236 6.44338879546 6.47501957595 6.42064263956 4.82123648975 3.31847200334 2.4827310207 2.69138715001 2.43900497162 2.58333493528 2.92076949406
-9999 -9999 -9999 -9999 -9999 -9999 -9999 -9999 -9999 -9999 -9999 -9999 11.538074285 11.2254528393 9.91292102591 9.68188541287 8.69561674225 8.62587059096 7.40295152781 7.63486631088 7.16570211274 7.49289812829 6.37368523885 5.80537509276 5.49167988771 5.44442255337 4.82874972287 4.96923944376 4.66634728706 4.35756244593 3.9833885916 4.61992889369 4.59735201399 4.82163949963 4.91025761538 3.7452776705 3.02129509151 2.20117737544 3.91201843707 5.03713883432 6.18299706401 6.06362826223 6.64947260286 6.088855952 6.58418909548 6.64634644465 6.25460964793 6.17953222163 5.96087321665 6.47722677507 5.69479184686 2.38567641386 2.62640303848 4.18776596922 2.73558815888 2.87007866508 2.59084716958
-9999 -9999 -9999 -9999 -9999 -9999 -9999 -9999 -9999 -9999 -9999 -9999 12.1378494778 11.2647962569 10.1990122682 9.94410095869 8.66225424466 8.90492280161 7.94886462684 7.84232056296 7.17843996431 6.98832208386 6.647568493 6.82469750527 5.65096946526 6.03867077441 5.73400319868 5.8708395391 5.24544710796 5.86068651583 5.17711313649 5.38110706894 6.20183464697 6.10560131381 5.49374927143 3.99225793658 4.77749380943 3.84200763783 5.27264367897 4.84351148859 6.21983390744 5.58159062557 5.41638332596 5.37188008237 5.52935106275 5.38668791981 4.88649168875 4.70446031994 4.44509703256 5.27817829452 4.84988143493 4.39892195956 3.91182958251 1.90185565828 1.28586289954 1.63139136169 1.1992468634
