data/recharge/transience/oldversion/mHM_recahrge_307.ASC
ncols   80
nrows    72
xllcorner    4374000.0
yllcorner    5656000.0
cellsize      500
NODATA_value  -9999
[rows 0 to 24 of 72, columns 0 to 55 of 80]
-9999 -9999 -9999 -9999 -9999 -9999 -9999 -9999 -9999 -9999 -9999 -9999 4.31745056 4.46158088927 -9999 -9999 -9999 -9999 -9999 -9999 -9999 -9999 -9999 -9999 -9999 -9999 -9999 -9999 -9999 -9999 -9999 -9999 -9999 -9999 -9999 -9999 -9999 -9999 -9999 -9999 -9999 -9999 -9999 -9999 -9999 -9999 -9999 -9999 -9999 -9999 -9999 -9999 -9999 -9999 -9999 -9999
-9999 -9999 -9999 -9999 -9999 -9999 -9999 -9999 -9999 -9999 -9999 -9999 4.34317801998 3.72989079092 3.61820711755 -9999 3.74331827547 -9999 -9999 -9999 -9999 -9999 -9999 -9999 -9999 -9999 -9999 -9999 -9999 -9999 -9999 -9999 -9999 -9999 -9999 -9999 -9999 -9999 -9999 -9999 -9999 -9999 -9999 -9999 -9999 -9999 -9999 -9999 -9999 -9999 -9999 -9999 -9999 -9999 -9999 -9999
-9999 -9999 -9999 -9999 -9999 -9999 -9999 -9999 -9999 -9999 4.08041012575 3.91562529765 4.15832931402 4.02300245739 3.53478899354 3.6089985113 3.44052218986 3.52860580015 -9999 -9999 -9999 -9999 -9999 -9999 -9999 -9999 -9999 -9999 -9999 -9999 -9999 -9999 -9999 -9999 -9999 -9999 -9999 -9999 -9999 -9999 -9999 -9999 -9999 -9999 -9999 -9999 -9999 -9999 -9999 -9999 -9999 -9999 -9999 -9999 -9999 -9999
-9999 -9999 -9999 -9999 -9999 -9999 -9999 -9999 -9999 3.96397320201 3.98040996711 3.91122268814 3.77066653368 3.85811887251 3.71813486315 3.73369833297 3.64673377071 3.91794597863 -9999 4.02681321403 -9999 -9999 -9999 -9999 3.79515348185 3.9101744388 -9999 -9999 -9999 -9999 -9999 -9999 -9999 -9999 -9999 -9999 -9999 -9999 -9999 -9999 -9999 -9999 -9999 -9999 -9999 -9999 -9999 -9999 -9999 -9999 -9999 -9999 -9999 -9999 -9999 -9999
-9999 -9999 -9999 -9999 -9999 -9999 -9999 -9999 4.47304110654 4.16726249102 3.85634670814 3.88682227792 3.71982281471 3.61965267379 3.57362590031 3.56051000015 3.48588151084 3.40529572874 3.41474514898 3.51279835552 3.40611620054 3.51492614821 -9999 3.54382810013 4.00284308424 4.01273782114 -9999 -9999 -9999 -9999 -9999 -9999 -9999 -9999 -9999 -9999 -9999 -9999 -9999 -9999 -9999 -9999 -9999 -9999 -9999 -9999 -9999 -9999 -9999 -9999 -9999 -9999 -9999 -9999 -9999 -9999
-9999 -9999 -9999 -9999 -9999 -9999 4.68422458645 4.19660874848 3.94269105016 3.99705544363 4.08204394889 4.15751809334 3.89807277552 3.8320483243 3.58023542065 3.6910448375 3.53020643485 3.39827879898 3.48258457934 3.44011096723 3.34296707437 3.42619601949 3.57842019246 3.55160645338 3.71617768226 3.69289312471 3.84278650606 -9999 -9999 -9999 -9999 -9999 -9999 -9999 -9999 -9999 -9999 -9999 -9999 -9999 -9999 -9999 -9999 -9999 -9999 -9999 -9999 -9999 -9999 -9999 -9999 -9999 -9999 -9999 -9999 -9999
-9999 -9999 -9999 -9999 -9999 -9999 4.57726090403 4.28216357069 3.82172514283 3.74455588177 3.68274469294 3.78282457855 3.64691805151 3.5332028447 3.37625371059 3.24232862464 3.15498477947 2.62774487936 3.09706360381 2.99839292375 3.09712510876 3.36687895833 3.29146849895 3.36518895708 3.43991868344 3.30838475034 3.7419435951 3.68716587421 3.70234580202 3.63053772608 3.86318988938 3.88231967502 -9999 -9999 -9999 -9999 -9999 -9999 -9999 -9999 -9999 -9999 -9999 -9999 -9999 -9999 -9999 -9999 -9999 -9999 -9999 -9999 -9999 -9999 -9999 -9999
-9999 -9999 -9999 -9999 -9999 4.93265107988 4.61656725238 4.49034908672 4.24508191054 4.27292299101 4.10834353733 3.90608525392 3.58061606754 3.58510220204 3.55363688909 3.57916554693 2.60999816055 1.49556011311 2.63785606267 3.03574327019 3.11271708213 3.03863205186 3.18703596436 3.24016364305 3.49489181752 3.59890470081 3.70345032414 3.55623822979 3.58956501374 3.56991897991 3.51562793126 3.62583539414 3.43690586918 3.38475490901 -9999 -9999 -9999 -9999 -9999 -9999 -9999 -9999 -9999 -9999 -9999 -9999 -9999 -9999 -9999 -9999 -9999 -9999 -9999 -9999 -9999 -9999
-9999 -9999 -9999 -9999 -9999 5.13716138762 4.7293389668 4.77180557537 4.38266341604 4.21942548638 4.0711455564 4.18266165886 2.56169440825 2.10216907871 3.89842178358 3.95187399792 2.90632836339 1.18886541898 2.08504504667 2.69111611585 2.86917948514 2.97793609375 3.30392169989 3.24253834944 3.17192488079 3.00256250186 3.32950551076 3.16076727786 3.24691422412 3.1100108543 2.97627944895 3.14749968726 3.30765750091 3.24141787512 3.27936355658 3.20679744941 -9999 -9999 -9999 -9999 3.25104253259 3.07746358879 -9999 -9999 -9999 -9999 -9999 -9999 -9999 -9999 -9999 -9999 -9999 -9999 -9999 -9999
-9999 -9999 -9999 -9999 -9999 4.91166979965 4.65226131616 4.58875730447 4.46571624422 4.66623852932 4.38745691819 4.2894182501 3.92755572515 3.97342405058 4.08770405727 3.76396643516 3.38187296038 3.80384971601 3.51737285084 3.60378905271 3.23105387602 2.89743200218 2.93193586019 2.83420702463 3.12810490372 3.09707675931 3.25853382675 3.04748750693 3.3436323117 2.97862848919 2.04545000073 2.68641562632 3.27175243207 3.27961445874 3.23916967264 3.26714143018 3.2084679621 -9999 -9999 3.26961915162 3.32937722423 3.25676766776 3.38190152313 -9999 -9999 -9999 -9999 -9999 -9999 -9999 -9999 -9999 -9999 -9999 -9999 -9999
-9999 -9999 -9999 -9999 -9999 -9999 5.48233547317 5.49544158612 4.95235181298 4.8726943826 4.3430900189 4.51286547965 4.63195794693 5.62829084059 3.69815854384 3.57785003813 3.51902913028 3.49834858699 3.21107111799 3.17484616484 3.10696782694 3.18315520518 3.02316967312 3.20454360217 3.02428468799 2.79041653001 2.61076265846 2.77888287449 2.7779632517 2.74110899444 2.6744502304 2.85253002213 2.87320478629 2.78861642411 2.90741256371 2.95205839513 3.07734489366 2.92126410451 3.08647254834 3.01467111332 2.90805224708 3.29206958988 2.8506410128 2.61306133699 -9999 -9999 -9999 -9999 3.14850000888 2.91709502737 0.7862290299 -9999 -9999 -9999 -9999 -9999
-9999 -9999 -9999 -9999 -9999 -9999 -9999 5.25123103236 4.72985017896 5.05047392457 4.80867541559 4.61801061911 4.19755344734 3.84083207294 3.78542883976 4.07620294274 3.80820641379 3.77694301935 3.63081481533 3.36929515194 2.95566169124 2.9613588863 2.89939636002 2.94137319366 2.84394685581 2.60786664367 2.64903524744 2.746878664 2.77474914807 2.69722819619 2.78575297307 2.74013794796 2.88652979474 2.74713064316 3.00841349571 2.99739801092 3.13835633833 3.11858084286 3.04392629225 3.03230231438 2.79919784336 2.77917366263 2.72516923298 2.7388596313 2.49229104536 2.65956526232 2.80306558383 2.55399463702 2.43036713074 2.50720651961 2.17454228471 1.91804614734 -9999 -9999 -9999 -9999
-9999 -9999 -9999 -9999 -9999 -9999 -9999 -9999 4.79160375077 4.62067159234 4.62258014972 4.85839665933 4.33177134792 4.57318641379 4.50376303184 4.20448363158 3.57377651106 3.61795313113 3.23274338097 3.37827807197 3.6524769262 3.59393346762 4.37978003791 5.45665959913 5.22788149413 5.14733347003 3.01010242991 2.39640389888 2.22880858323 2.0913166299 2.13914796 2.25101369612 2.30971641666 2.24400044494 2.45979846492 2.45284541997 2.6300528156 2.72983001034 2.60218997502 2.59496356287 2.67836252944 2.63964916582 2.37580090676 2.24511212304 2.12213948392 1.9969655475 2.15651403901 1.99573653359 1.82582182192 1.92319007898 1.74792786169 1.84547078523 1.4452228774 -9999 -9999 -9999
-9999 -9999 -9999 -9999 -9999 -9999 -9999 -9999 5.33201659297 4.95678028471 4.43155791367 4.46937210758 4.19519296574 4.19073386384 3.85775556078 3.77930537225 3.52336529846 3.63780370284 3.38763689201 3.48443311733 3.59580103455 3.56988117633 5.50249875238 7.16489897292 6.14276705787 4.93825378552 5.29099696138 3.40015211243 2.42631901779 2.11405678978 2.04241421698 2.17596156521 2.13721352192 2.21426189714 2.41589135063 1.23435558444 2.81216883306 2.65333521384 2.59138079996 2.55410737621 2.44840653293 2.51050961323 2.28206877736 2.26571760442 2.00758445034 1.99106396817 2.13877465847 2.02816569951 1.89762425166 1.94087215255 1.79838782491 1.8070936689 1.53579241877 1.65326325545 1.26909249797 1.36306927953
-9999 -9999 -9999 -9999 -9999 -9999 -9999 -9999 -9999 5.45839841227 4.78494578599 4.35468533205 4.23161827895 4.22050819735 3.92115351507 3.93007394014 4.00407001165 4.03168153312 4.01691115851 4.04246491632 3.99230137827 3.58370987831 4.37073030762 9.26232319652 7.45791496033 6.83913948675 5.14284405144 4.45929577136 2.61470198575 1.99032718872 1.89614519674 1.97050362241 1.90538461776 1.7612710226 2.01126628887 2.03042049723 2.35639540612 2.24253128984 2.12626328926 2.14428812571 2.03954276769 2.12130346827 1.92390599742 2.33586654711 1.8555739783 1.63412612865 1.42042353711 1.41902552218 1.36620743359 1.32652023538 1.28432220344 1.23866626143 1.16440684117 1.22996651265 1.24086033265 1.17119730448
-9999 -9999 -9999 -9999 -9999 -9999 -9999 -9999 -9999 -9999 4.4462210076 4.57680431429 4.19693184027 4.24974575811 3.80789946725 3.69928744328 3.89279107928 4.2029304878 4.00625358515 3.7766403188 3.5571282287 3.5297907888 3.11208301171 5.05759467143 6.05720113147 6.98349505347 5.95839495428 5.11866171867 3.8032806041 3.04479141726 1.90340356995 1.90979456112 2.0528937261 1.8695065627 2.24603791572 2.12177206121 2.30195595873 2.24279708658 2.1430259008 2.15511967029 2.13063973793 2.12060439793 1.91565505933 2.07507559185 2.36392448024 2.29929430821 1.95573938881 1.56865533695 1.47746063984 1.45722032735 1.47565849832 1.41453024926 1.13869486114 1.23159559923 1.04679790547 1.17449659119
-9999 -9999 -9999 -9999 -9999 -9999 -9999 -9999 -9999 -9999 -9999 2.08574190507 2.60718638292 4.03408798258 3.74444110622 3.63814705492 3.96935020048 3.95882290092 3.4663037092 3.55403960085 3.54677557191 3.56121212008 3.05539291049 2.6962038482 3.20770324161 4.19081162637 4.9993104234 6.13429040221 5.40950667627 3.86546662085 3.10199896624 1.94453680374 1.76257393349 1.80478813731 1.9086567607 1.71878321463 1.85724202083 1.84290229463 1.91431101069 1.91629317175 1.9502593404 1.80707812137 1.8102426757 1.71665931234 1.63520672152 1.56930938477 1.63147638825 1.83221022839 1.42004855986 1.27314063136 1.09402891553 1.24348154558 1.05883441703 0.93966129253 0.726159306829 0.754121547301
-9999 -9999 -9999 -9999 -9999 -9999 -9999 -9999 -9999 -9999 -9999 1.84843592728 2.7100590053 3.78466902846 3.76191569281 3.80343789964 3.63811986728 3.50632739421 3.40809543091 3.42168815566 3.36635656423 3.56105212106 3.00984466268 2.92453609392 2.65322599201 2.87941099086 3.47231643238 4.64983658172 4.32763561046 4.89544890358 4.84718378791 4.54627777607 3.07490796608 3.20619056476 2.60826774189 1.83426281646 1.84547941271 1.88343184443 1.86004654256 1.86945686932 1.90441789843 2.05595066943 1.70191247481 1.72718789182 1.68355911624 1.89373597308 2.19447145471 2.40665028454 2.11881465246 1.61140947001 1.69379125645 1.60645142352 1.10452688853 1.12343826879 0.955909380188 0.830321476985
-9999 -9999 -9999 -9999 -9999 -9999 -9999 -9999 -9999 -9999 -9999 4.65003934552 4.1221554774 4.00309735352 3.44216352253 3.66348232764 3.39183242631 3.03432142583 2.94052377049 3.04121708343 3.00893525096 3.06171465335 2.67068397165 2.44644345158 2.08701658265 2.0442590028 1.90539080368 1.86083818074 1.89323716605 2.47766980211 3.168273466 4.59088570919 5.4154738504 5.14155267814 3.21771874085 2.07554474634 2.74652093303 2.22368665836 1.61501770123 1.2885180489 1.12797857482 1.72620126202 1.88783345251 2.08038218472 2.21564020887 2.52059036767 2.03685392004 1.87035804621 1.71796948238 1.76023632087 1.48750027651 1.644464464 1.65830029452 1.80540273503 1.25836566057 0.936995454959
-9999 -9999 -9999 -9999 -9999 -9999 -9999 -9999 -9999 -9999 -9999 -9999 3.81986633323 3.90246630535 3.69967204391 3.53723655776 3.41736533801 3.31857917745 2.98903526837 3.099289242 3.08980310417 2.94493715491 2.69554613893 2.70823274274 2.15587932028 2.20709450214 1.94532486796 2.01413932887 1.85104953819 1.75960930239 1.72220170512 1.80700607816 1.98107753394 2.76871442054 3.47861017112 1.99714793417 3.11451805514 2.37492097278 2.48918040528 1.61278781562 1.78289557336 1.73434966262 2.20820026942 2.43980732246 2.53428112391 2.49070479039 2.06147477205 1.89013849382 1.40835038924 1.56641696962 1.42720889347 1.21327682427 1.01309521023 1.02726267857 0.835205227781 0.993642844521
-9999 -9999 -9999 -9999 -9999 -9999 -9999 -9999 -9999 -9999 -9999 4.27767028353 4.12763892422 4.15527544134 3.9312711632 2.08003264125 2.81080162206 3.33898343463 2.8152814082 2.90291115344 2.43962999146 2.39980807303 2.07929334376 2.13680914815 2.01095823824 1.9783412074 1.66133171624 1.6152806963 1.58360359665 1.52015092435 1.36121326734 1.42291875202 1.29732128991 1.27827528997 1.35820117585 2.7869874747 2.78549474972 1.7187044229 1.63399448576 1.37579471179 1.48699931146 1.48231110994 2.28095990511 2.60033261251 3.01203159374 2.99475566008 2.40430866601 2.42142663184 1.76151332903 1.77108409461 1.24102801349 0.83884275174 0.677009780025 0.683679046722 0.579534646849 0.660118712831
-9999 -9999 -9999 -9999 -9999 -9999 -9999 -9999 -9999 -9999 -9999 4.42050661988 4.60210516886 4.41975761553 3.76462362028 2.59677287328 3.33089175672 3.40304039259 2.91341601513 2.9514141763 2.48311220139 2.43935408831 2.19183585256 2.27296499423 2.11138087505 2.15010136698 1.46002117649 1.55945695224 1.82759504851 2.17046787277 1.88508821339 1.45773016945 1.26809175939 1.2794264782 1.31655114515 1.90850197412 2.06828697045 2.82822505892 1.87426031487 1.94929055236 1.33240435149 1.59760195257 2.16109965008 2.12399079389 2.23072090394 2.13160229588 2.09715440745 2.16386268923 1.76676743461 1.83105605727 1.18497704005 1.25432971952 1.02395568264 0.961979881556 0.83799579846 0.762453118394
-9999 -9999 -9999 -9999 -9999 -9999 -9999 -9999 -9999 -9999 -9999 4.8013721 4.64731655035 4.22720370592 4.0616600694 3.9940671342 3.43475927245 3.61859944377 3.29800091261 3.35546526017 2.44966235884 1.17703895369 2.56850447785 3.00927337072 2.40222427813 2.40580114319 2.41546440035 2.20870062387 1.7565483867 1.52267273924 1.43504405004 1.86164659788 1.77705078231 1.65534490115 1.2314748647 1.44736002246 1.03359596084 0.714942387427 1.53794150666 1.32108454499 1.41625809368 1.50735110097 1.59324978261 1.42131066687 1.47373413576 1.48209304711 1.53732819533 1.55992690154 1.22884855677 1.15220435397 0.921589304069 0.820376179058 0.574031035432 0.548059889555 0.462627200288 0.552365959912
-9999 -9999 -9999 -9999 -9999 -9999 -9999 -9999 -9999 -9999 -9999 -9999 4.79529277877 4.53801207379 4.04670645576 3.88789469596 3.78519872408 3.76854617063 3.29237120704 3.35391977668 3.11933686991 3.35148711564 2.65944779249 2.40545412769 2.27619959614 2.24600723868 1.89527345656 1.98274871669 1.77900761227 1.59532218228 1.31460819993 1.33971651889 1.10354347722 1.21015414923 1.11431752906 1.82427701538 1.31040643546 0.911112734229 1.88830352956 1.92720301158 1.36657213051 1.22965368625 1.48660720406 1.38547935652 1.49651127142 1.51125819582 1.40891470027 1.45368589385 1.11949327456 1.10917618797 0.829165061554 0.591941339562 0.589691189016 0.7909980456 0.575092446105 0.555894631195
-9999 -9999 -9999 -9999 -9999 -9999 -9999 -9999 -9999 -9999 -9999 -9999 5.12969633852 4.5236466397 4.15500630287 4.3292193748 3.82724874736 3.89930282411 3.58694442385 3.34687454463 3.19243747933 3.01757564938 2.74645380466 3.07656128212 2.5408243944 2.73418449699 2.73713077171 2.55660600765 2.08150142333 2.45828031673 1.95915595367 2.04926165104 1.97106545396 1.87940732832 2.05000138111 1.73603355445 1.16673825995 1.8322223399 2.6155920737 1.98167607635 1.41896046109 1.04449098759 0.9117911771 0.898522874793 0.905702652991 0.927938081447 0.866047830823 0.892475398138 0.716974650732 0.739644233353 0.614920570343 0.551530486644 0.471738905939 0.411280955876 0.315626018034 0.426749735365
