data/recharge/transience/oldversion/mHM_recahrge_236.ASC
ncols   80
nrows    72
xllcorner    4374000.0
yllcorner    5656000.0
cellsize      500
NODATA_value  -9999
[rows 25 to 49 of 72, columns 0 to 55 of 80]
-9999 -9999 -9999 -9999 -9999 -9999 -9999 -9999 -9999 -9999 -9999 -9999 2.4192225997 2.62451882282 2.06685921154 1.92771010698 1.17114717611 1.12386397836 0.72342609501 1.03469625858 0.730288752091 0.761447876934 0.565992983759 0.292910603915 0.517381462962 0.887781491257 0.860659918466 0.73053710766 0.48492678988 0.383883209978 0.301028220609 0.261897846448 0.192668056472 0.171743350995 0.107062304956 0.120216514372 0.168588743568 0.217517122502 0.126711921396 0.190157889058 0.168372253689 0.0995730626457 0.15877909323 0.217083291816 0.217348293844 0.227046528449 0.247263880624 0.244325448394 0.261873364387 0.299769929364 0.305904322014 0.189248451601 0.0981388731213 0.0688582627263 0.0828965922646 0.0863536154624
-9999 -9999 -9999 -9999 -9999 -9999 -9999 -9999 -9999 -9999 -9999 -9999 -9999 2.11253079508 2.15627322131 2.30633307584 1.46323994616 1.18642054517 0.823536098583 0.696444619019 0.646655274073 0.93103505009 0.916764370667 0.712437597561 0.601441931108 0.502231227127 0.595041218889 0.50085873547 0.460376019524 0.532456647748 0.388862301998 0.336649011242 0.230629452878 0.122562679608 0.116167093241 0.0338362265485 0.11835190817 0.167772082454 0.239840128149 0.151297413725 0.122410392222 0.155710442421 0.0715126954379 0.0995023848564 0.104936873508 0.134684393222 0.190235202444 0.17670379052 0.104923363209 0.0622285077281 0.0596319450013 0.0671065195445 0.0863978006302 0.0823420195693 0.150570213359 0.0680550388286
-9999 -9999 -9999 -9999 -9999 -9999 -9999 -9999 -9999 -9999 -9999 -9999 -9999 -9999 1.58317651732 1.65225809983 1.17675380513 0.998579375438 0.82381440025 0.912055382753 0.716753411363 0.996798590691 0.851660811567 0.693812468553 0.370005828443 0.35331581215 0.388566239094 0.653238065535 0.498833775502 0.397411110302 0.39452567691 0.393600706654 0.344517129745 0.236852273443 0.163755448389 0.0612575610266 0.0917014286908 0.169867722814 0.187320780022 0.0748209562174 0.0710236623465 0.118228991395 0.150499046273 0.0914662267896 0.0589962400042 0.0756391117842 0.0641903492493 0.0470093308876 0.060967652212 0.0770998387899 0.0739647815067 0.0484762729823 0.0496575856551 0.0551740625282 0.22264267736 0.400150997307
-9999 -9999 -9999 -9999 -9999 -9999 -9999 -9999 -9999 -9999 -9999 -9999 -9999 -9999 0.656403569164 0.979198181585 1.36572054594 1.05804366973 0.83695874925 0.907398319829 0.820672388697 0.980030035525 0.592710929464 0.94072772639 0.690453358856 0.751846958351 0.34564880417 0.42465244208 0.476171655014 0.548493125456 0.282427050452 0.173083171933 0.375000821465 1.04240337489 0.43243081503 0.12026247427 0.102514237091 0.122895170956 0.0735700141083 0.06999422275 0.0809977057007 0.114965900586 0.135662708201 0.144065252204 0.106988613477 0.0749225938646 0.0247803050072 0.0421775141777 0.0615416599412 0.046614346289 0.103184602684 0.130241010821 0.169700934777 0.135837554206 0.123691145052 0.136533700501
-9999 -9999 -9999 -9999 -9999 -9999 -9999 -9999 -9999 -9999 -9999 -9999 -9999 -9999 0.914268687148 1.32577632031 1.65759038334 1.2648591974 1.14733355041 1.14117373425 0.923579730285 1.00774504914 0.927987568107 0.711406326091 0.484538133619 0.416894209327 0.522771513343 0.552479207714 0.359354421237 0.434492598471 0.379904877006 0.317577495396 0.3068779328 0.451958802663 0.835787867396 0.125392298297 0.163342843893 0.352542834543 0.126604917682 0.0582927132178 0.105668345173 0.138970074911 0.110886259686 0.116425965099 0.0668267977282 0.0780825447107 0.0532581536992 0.0882306293817 0.256275254547 0.289848684316 0.187983361595 0.0672971552838 0.17148168908 0.147632813417 0.108603318338 0.143260038003
-9999 -9999 -9999 -9999 -9999 -9999 -9999 -9999 -9999 -9999 -9999 -9999 -9999 -9999 3.10894144535 2.50330217119 2.17567626739 1.99867808678 1.56018793587 1.90865903391 1.04626056285 0.975063819887 0.936131025497 0.816687391054 0.503864879005 0.587218670344 0.459864857797 0.687300373023 0.533912585384 0.45114797141 0.433717850256 0.517689995105 0.427504287726 0.170860538715 0.150814095349 0.153945875123 0.123869295638 0.32022758304 0.0963367259179 0.162814575627 0.0470298086144 0.092653472641 0.0738124939083 0.0865070881788 0.0637757824464 0.0603812587567 0.133299568649 0.146403404561 0.518503545947 0.646651528062 0.385024470845 0.497053931225 0.241436311951 0.290022450782 0.278096517633 0.198548679208
-9999 -9999 -9999 -9999 -9999 -9999 -9999 -9999 -9999 -9999 -9999 -9999 -9999 -9999 -9999 1.92854268053 1.67716330196 1.49173795764 1.67283701534 1.1770939518 0.738479767104 0.734519158699 0.807227357973 0.86362571217 0.497457009258 0.597926627502 0.428255242441 0.537743071717 0.406990370834 0.429434787845 0.311499110572 0.309877104115 0.247513140474 0.351667598423 0.175729191377 0.178995535175 0.157929491077 0.152052751822 0.141566737479 0.0642951407455 0.0288534492838 0.0406657287193 0.0179927205087 0.0283797317688 0.0492431104041 0.0308461693973 0.0216584320444 0.0267244994195 0.0523430384335 0.0894256019561 0.0787910401919 0.0653217770563 0.153236693341 0.410501777678 0.399381808703 0.386964571988
-9999 -9999 -9999 -9999 -9999 -9999 -9999 -9999 -9999 -9999 -9999 -9999 -9999 -9999 -9999 -9999 1.61797740848 1.2101023334 1.26605366268 1.81707472349 1.35258133952 1.42618622631 0.758053834637 0.56461648956 0.57217144063 0.495752617806 0.385490127832 0.321982467022 0.280911687131 0.411709774843 0.511656431397 0.350847158315 0.476157248734 0.30401178116 0.167603264691 0.203228776184 0.194247141546 0.22630246975 0.220482355343 0.303901066691 0.327243292011 0.271342331952 0.199007500469 0.0662735041625 0.0203000248467 0.0122278458182 0.00981536841781 0.0818480635394 0.0738991615707 0.0488373914571 0.0901924100588 0.19551220168 0.126259551859 0.0906708152945 0.128946862352 0.105547460958
-9999 -9999 -9999 -9999 -9999 -9999 -9999 -9999 -9999 -9999 -9999 -9999 -9999 -9999 -9999 -9999 1.40836993297 1.49859650672 1.60921003972 1.27689555736 0.979405643343 1.32513959731 1.05215566994 0.681256247287 0.537533890065 0.621921137754 0.436081489871 0.405198559835 0.286145338474 0.324938816094 0.22603967519 0.201218142652 0.233627139964 0.229780949078 0.27564842004 0.186426075073 0.275265470543 0.238988986243 0.213811129457 0.191528443859 0.137724837821 0.0916103281352 0.17100677429 0.372775189468 0.162103958116 0.0702935731736 0.079754648892 0.0673324953465 0.0478853450197 0.0679027026709 0.127771175051 0.139979046206 0.248881342627 0.283261289233 0.462525232356 0.232427475363
-9999 -9999 -9999 -9999 -9999 -9999 -9999 -9999 -9999 -9999 -9999 -9999 -9999 -9999 -9999 0.809656545767 0.829039981463 1.08855213747 1.21973959496 1.16540513806 0.939017589438 0.957607785183 0.730528582315 0.647944203604 0.494857968285 0.552721911802 0.460523590221 0.500058672778 0.34240211557 0.43119076993 0.433333536525 0.455489876546 0.465279154945 0.216136339269 0.125800163078 0.161042212321 0.139633821197 0.379190142048 0.293599434542 0.13505204227 0.0960040151515 0.126938785981 0.0871570577904 0.0834564128936 0.109334116204 0.0547868510309 0.0419241874964 0.0749793335975 0.076520664338 0.139830428658 0.0969170499403 0.0649021718586 0.0826625059409 0.0995144234426 0.126690417997 0.133410490536
-9999 -9999 -9999 -9999 -9999 -9999 -9999 -9999 -9999 -9999 -9999 -9999 -9999 -9999 1.09576694045 0.94968975002 0.884901368658 1.17687501492 1.07254179729 1.03469459051 0.836405152208 0.987783808596 0.68564380061 0.728500766292 0.497577199662 0.458916107833 0.37880806079 0.449020988697 0.458229887234 0.45747128172 0.352791135163 0.367781987595 0.264434359952 0.358434978795 0.4606404228 0.567785800946 0.13232338514 0.0787856325758 0.0409120917602 0.106130382602 0.0928130219535 0.0494829935474 0.0399562255523 0.050892155695 0.0279672688284 0.0201972329942 0.0561946672769 0.0970221313913 0.132058195955 0.0901741617677 0.0785966092894 0.0773492530416 0.0932274331351 0.0896890129498 0.0883381950102 0.0980495718233
-9999 -9999 -9999 -9999 -9999 -9999 -9999 -9999 -9999 -9999 -9999 -9999 -9999 -9999 1.23686900141 1.33359239043 1.13257910036 1.08573534337 0.891373120294 0.798921485065 0.673015251649 0.828257232327 0.684107049747 0.748219074515 0.522154217129 0.421338388745 0.405947080837 0.472414758689 0.450771192851 0.497576079019 0.467670865553 0.563812477032 0.707447803825 0.582292168986 0.448125867498 0.697514337053 0.540263828005 0.77480796988 0.291293510443 0.3062445658 0.510906730709 0.440471112916 0.0953794127389 0.0761704574401 0.0670064007529 0.0211158799545 0.074697880557 0.223809494055 0.271700900678 0.354594005011 0.370918769451 0.362998087217 0.221876952885 0.173607457619 0.244115991432 0.224990874641
-9999 -9999 -9999 -9999 -9999 -9999 -9999 -9999 -9999 -9999 -9999 -9999 -9999 -9999 -9999 -9999 1.1697349779 1.745539025 1.74914915928 1.70349789332 1.24200009561 0.766890254751 0.842004630636 0.848823831894 0.573625605173 0.649968771454 0.328136368792 0.361916399009 0.295289057351 0.551895603203 0.556099416701 0.630602338659 0.600973703481 0.446732010855 0.511790931682 0.520951188374 0.508657584102 0.25550290503 0.550832925802 0.585310413119 0.238745502193 0.18876685214 0.2738883156 0.141664265724 0.0314476763691 0.0463944363469 0.0408720154967 0.0635118826019 0.131037301067 0.171693087657 0.173322855763 0.183600619812 0.166874179877 0.129487667068 0.0795312405411 0.0875637415717
-9999 -9999 -9999 -9999 -9999 -9999 -9999 -9999 -9999 -9999 -9999 -9999 -9999 -9999 -9999 -9999 1.98954459811 1.86427928818 1.79289672061 1.23603792387 1.28633965335 1.27870386669 0.625891916094 0.681937075002 0.70288971472 0.853468104341 0.653944589282 0.609650174346 0.605336317781 0.70124267172 0.87423815764 0.788946476834 0.578718554472 0.510967162881 0.306994980634 0.348062471623 0.387978887369 0.51853247537 0.260265433773 0.199509640227 0.301847191108 0.477023017149 0.169410270635 0.234756997959 0.277114896266 0.039219915452 0.0131392490679 0.0288302204255 0.108501798103 0.0707520914746 0.0547028340834 0.0562108823179 0.0465356153416 0.0581280918287 0.0633439168151 0.0641251887872
-9999 -9999 -9999 -9999 -9999 -9999 -9999 -9999 -9999 -9999 -9999 -9999 -9999 -9999 -9999 -9999 -9999 -9999 1.82620105961 1.44110448211 1.06457396164 1.26476176596 1.09307692503 0.869817564725 0.641398603884 0.667362680109 0.565935663104 0.647484853797 0.645788141297 0.626537425724 0.429307158204 0.344548605465 0.337545106061 0.423134602506 0.297347777009 0.439491682573 0.445350174289 0.259857660031 0.235627895643 0.35648181718 0.224431420479 0.182106888392 0.135360979063 0.133519957806 0.148675679325 0.116039707124 0.0190849511011 0.0193230856433 0.0411409415975 0.0448614882414 0.0695417668778 0.0861509116679 0.0481224712295 0.0502947033845 0.0717420567483 0.0800963963119
-9999 -9999 -9999 -9999 -9999 -9999 -9999 -9999 -9999 -9999 -9999 -9999 -9999 -9999 -9999 -9999 -9999 -9999 -9999 1.11521229629 1.12520485121 1.24986938642 1.14340147067 1.22068703952 0.804270019474 0.745299192203 0.62001062906 0.675764275227 0.42531949452 0.39589523991 0.422739889305 0.509446823322 0.356192273367 0.307065579476 0.202222402565 0.151184117127 0.143158826488 0.276773608326 0.255458818999 0.316751684609 0.204522267091 0.174099467306 0.128443866772 0.190260589952 0.212518393204 0.22687774517 0.0891104763868 0.0174604035795 0.0133544699694 0.0409819807027 0.043899787802 0.0630703251352 0.0491361394097 0.0483523967923 0.0720383233506 0.0670823900424
-9999 -9999 -9999 -9999 -9999 -9999 -9999 -9999 -9999 -9999 -9999 -9999 -9999 -9999 -9999 -9999 -9999 -9999 1.59099944272 1.79775542829 1.83230620727 1.7642635283 1.26123099159 0.87645258801 0.768711410319 0.754072229456 0.62101833238 0.722354470478 0.560055910418 0.480962059917 0.206502050649 0.219808942223 0.28175268482 0.32070790557 0.254021124948 0.359005033696 0.531743145109 0.483039130595 0.429685462222 0.396275641753 0.375953316953 0.203989457443 0.171155245605 0.0875624004261 0.110080630305 0.088740548552 0.217771716226 0.199611914823 0.0847884085799 0.0214724356259 0.0616284741826 0.110666230472 0.151590185169 0.168463528547 0.118594485068 0.0950378279531
-9999 -9999 -9999 -9999 -9999 -9999 -9999 -9999 -9999 -9999 -9999 -9999 -9999 -9999 -9999 -9999 -9999 -9999 -9999 2.24553321207 2.1497787988 2.00415099191 1.3664795963 0.983628812469 0.940858764848 0.917526834888 0.576472679975 0.730819490392 0.659640235151 0.890261926883 0.554965663586 0.542307776713 0.603308169216 0.415250707686 0.280683943402 0.184100583989 0.132076516202 0.102975907895 0.0863905135704 0.0863949054093 0.123541608412 0.236557314269 0.137401881123 0.134484441313 0.156612633239 0.42660480503 0.327049438446 0.197331164443 0.116704616574 0.0413807022871 0.0081043696183 0.0502245652679 0.0773146855994 0.238673568784 0.137355776422 0.035019126228
-9999 -9999 -9999 -9999 -9999 -9999 -9999 -9999 -9999 -9999 -9999 -9999 -9999 -9999 -9999 -9999 -9999 -9999 -9999 -9999 1.6797096361 1.90813917122 1.39353899223 1.16375346015 0.706258859702 0.861688342348 0.601826242804 0.783924051266 0.939226712518 0.77876163115 0.572804540182 0.528929796756 0.337066725014 0.391442126195 0.253365234577 0.292981976759 0.305344189882 0.407012849924 0.389590811708 0.342751967576 0.240429255468 0.383324345598 0.389345698231 0.309663267985 0.498922537761 0.389693470895 0.306886882082 0.374478499864 0.298588501846 0.17326149234 0.0958711888724 0.0384315105038 0.0145349363405 0.0172871338966 0.0640505541248 0.0248808212904
-9999 -9999 -9999 -9999 -9999 -9999 -9999 -9999 -9999 -9999 -9999 -9999 -9999 -9999 -9999 -9999 -9999 -9999 -9999 -9999 -9999 1.80921225212 1.57869376874 1.57374748456 0.696138903202 0.600730020836 0.611259402355 0.915508296468 0.734567665417 0.659534503191 0.705346932422 0.777845121143 0.537228647567 0.289769138301 0.68024515097 0.717521669165 0.51993892987 0.323854536425 0.279924296711 0.303414719131 0.496432252051 0.548913916427 0.642087883938 0.331762497069 0.250736873319 0.155306851047 0.242423604322 0.285721510635 0.302522557905 0.426014397698 0.869183682748 0.220100047627 0.148985742289 0.0370652893222 0.00791522066574 0.0116163330211
-9999 -9999 -9999 -9999 -9999 -9999 -9999 -9999 -9999 -9999 -9999 -9999 -9999 -9999 -9999 -9999 -9999 -9999 -9999 -9999 -9999 1.42799815715 1.31401745424 1.31900290067 1.03404574717 1.11275283465 0.857244595824 0.979206631195 0.83059604546 0.777107922958 0.433020650728 0.619657846551 0.667701733107 0.584945170733 0.264687507583 0.406424350725 0.339678541259 0.329169831729 0.281188721452 0.460163267942 0.507807633875 0.468127564262 0.303221226118 0.281624218434 0.410537280232 0.374079301846 0.346236834574 0.33082980557 0.198763638883 0.212630287158 0.298825950505 0.1591853433 0.0374930938806 0.0188969662024 0.0186554075331 0.00896837208324
-9999 -9999 -9999 -9999 -9999 -9999 -9999 -9999 -9999 -9999 -9999 -9999 -9999 -9999 -9999 -9999 -9999 -9999 -9999 -9999 -9999 -9999 1.45873842476 1.78086836696 1.22438043801 1.02348566777 0.786457991138 1.10153617329 0.903011971059 0.923517048121 0.850057739467 0.935398499932 0.674226375293 0.71907882212 0.867792442651 0.557912947694 0.576646567611 0.49488589694 0.428040649205 0.471715132315 0.501187010723 0.245860205103 0.292687787183 0.453885281976 0.186304309542 0.153705530009 0.124001773792 0.17874881133 0.294781026502 0.217224136864 0.132285134493 0.110326721102 0.187894913277 0.0361569334253 0.00934585527976 0.00762734498504
-9999 -9999 -9999 -9999 -9999 -9999 -9999 -9999 -9999 -9999 -9999 -9999 -9999 -9999 -9999 -9999 -9999 -9999 -9999 -9999 -9999 -9999 1.54667820812 1.47652215719 1.13138494681 1.23377968151 0.921658456374 0.887447286812 1.07144294551 1.13223280757 0.917426910087 0.964980497131 0.933437390631 0.858930101446 0.579158223183 0.938248196002 0.539498480196 0.485787510899 0.647104405253 0.624358913064 0.308636176124 0.520318397084 0.302596046814 0.202552477068 0.178061003468 0.244111021967 0.379189101257 0.386232963943 0.172196624659 0.130242321662 0.0744729957381 0.133947245952 0.0223315498824 0.108950197148 0.0364002843931 0.0292324203254
-9999 -9999 -9999 -9999 -9999 -9999 -9999 -9999 -9999 -9999 -9999 -9999 -9999 -9999 -9999 -9999 -9999 -9999 -9999 -9999 -9999 -9999 1.55062556864 1.75567097674 1.59059272324 1.29688537838 1.04559604741 1.30556950715 1.18488579167 1.50581447288 1.11361704434 0.900672085178 0.75670468874 0.87697410262 0.995318067635 0.538310630993 0.511066251531 0.841241728695 0.642860717614 0.540897107739 0.549777600873 0.366311972855 0.211945396032 0.314510114562 0.459207719798 0.397384221429 0.387841337246 0.305271413722 0.225045842791 0.225656430135 0.362939044836 0.268171949154 0.0656663624158 0.0791273317358 0.11798326472 0.14080645936
-9999 -9999 -9999 -9999 -9999 -9999 -9999 -9999 -9999 -9999 -9999 -9999 -9999 -9999 -9999 -9999 -9999 -9999 -9999 -9999 -9999 -9999 -9999 1.91479387559 1.77636056914 1.36222127211 0.943994517438 1.31868148699 1.14358764304 1.38627106272 1.13277879428 1.30553134832 1.0966703408 1.32430294925 0.792800662567 0.949997733083 0.975193619599 0.761356961809 0.357454760504 0.327334753471 0.19755346498 0.329419846791 0.504066623445 0.524403989061 0.41150590953 0.336644151497 0.140364110221 0.117304637024 0.124339845365 0.142414187028 0.109979223176 0.161416435996 0.195390651741 0.191395461672 0.0498131384814 0.0289240832567
