data/recharge/transience/oldversion/mHM_recahrge_106.ASC
ncols   80
nrows    72
xllcorner    4374000.0
yllcorner    5656000.0
cellsize      500
NODATA_value  -9999
[rows 0 to 25 of 72, columns 0 to 56 of 80]
-9999 -9999 -9999 -9999 -9999 -9999 -9999 -9999 -9999 -9999 -9999 -9999 33.7034523299 34.9055091459 -9999 -9999 -9999 -9999 -9999 -9999 -9999 -9999 -9999 -9999 -9999 -9999 -9999 -9999 -9999 -9999 -9999 -9999 -9999 -9999 -9999 -9999 -9999 -9999 -9999 -9999 -9999 -9999 -9999 -9999 -9999 -9999 -9999 -9999 -9999 -9999 -9999 -9999 -9999 -9999 -9999 -9999 -9999
-9999 -9999 -9999 -9999 -9999 -9999 -9999 -9999 -9999 -9999 -9999 -9999 27.1396649686 25.6574155936 24.6470021455 -9999 25.0309255658 -9999 -9999 -9999 -9999 -9999 -9999 -9999 -9999 -9999 -9999 -9999 -9999 -9999 -9999 -9999 -9999 -9999 -9999 -9999 -9999 -9999 -9999 -9999 -9999 -9999 -9999 -9999 -9999 -9999 -9999 -9999 -9999 -9999 -9999 -9999 -9999 -9999 -9999 -9999 -9999
-9999 -9999 -9999 -9999 -9999 -9999 -9999 -9999 -9999 -9999 26.6986655575 24.7467198355 26.5524026097 26.3685680542 23.0727287296 21.965998983 20.5040719883 20.6154222473 -9999 -9999 -9999 -9999 -9999 -9999 -9999 -9999 -9999 -9999 -9999 -9999 -9999 -9999 -9999 -9999 -9999 -9999 -9999 -9999 -9999 -9999 -9999 -9999 -9999 -9999 -9999 -9999 -9999 -9999 -9999 -9999 -9999 -9999 -9999 -9999 -9999 -9999 -9999
-9999 -9999 -9999 -9999 -9999 -9999 -9999 -9999 -9999 24.654012538 25.319117167 26.2626872895 24.6549954999 25.2252757756 25.1791063889 23.1969342952 21.5659910276 24.7722596194 -9999 26.9769786348 -9999 -9999 -9999 -9999 22.6936209623 24.0636424018 -9999 -9999 -9999 -9999 -9999 -9999 -9999 -9999 -9999 -9999 -9999 -9999 -9999 -9999 -9999 -9999 -9999 -9999 -9999 -9999 -9999 -9999 -9999 -9999 -9999 -9999 -9999 -9999 -9999 -9999 -9999
-9999 -9999 -9999 -9999 -9999 -9999 -9999 -9999 27.810037335 26.6778210398 24.6922593314 24.9261830575 25.2659212832 24.5030441805 24.2816959378 23.9171464721 21.2636277297 21.142504711 21.4587344885 24.4803737272 23.8452944703 24.5322154261 -9999 22.1841993977 25.0950832884 25.474038588 -9999 -9999 -9999 -9999 -9999 -9999 -9999 -9999 -9999 -9999 -9999 -9999 -9999 -9999 -9999 -9999 -9999 -9999 -9999 -9999 -9999 -9999 -9999 -9999 -9999 -9999 -9999 -9999 -9999 -9999 -9999
-9999 -9999 -9999 -9999 -9999 -9999 28.2737375519 25.3371024852 25.2239479074 25.7116122659 26.1429857249 26.6568448808 26.4075045587 25.8669317188 24.1837729414 24.9706343358 21.8866642141 21.2066875834 23.8803923772 24.1613543244 23.4731922817 24.0572064676 22.9532911392 22.2634556692 23.9571614574 23.6591335102 24.5893688316 -9999 -9999 -9999 -9999 -9999 -9999 -9999 -9999 -9999 -9999 -9999 -9999 -9999 -9999 -9999 -9999 -9999 -9999 -9999 -9999 -9999 -9999 -9999 -9999 -9999 -9999 -9999 -9999 -9999 -9999
-9999 -9999 -9999 -9999 -9999 -9999 28.5811830221 26.8143352815 24.4600288421 24.047548494 23.5122621744 25.542271289 24.7320461085 22.6013945805 21.791048341 22.3337171513 21.8713389847 19.3594618547 21.5957988737 22.1102370585 22.5230000793 24.017652509 23.7086452996 22.2855837825 22.3069118895 21.601072373 24.9185372387 25.6048719365 26.9469765847 26.4715546506 27.5508761765 27.638824354 -9999 -9999 -9999 -9999 -9999 -9999 -9999 -9999 -9999 -9999 -9999 -9999 -9999 -9999 -9999 -9999 -9999 -9999 -9999 -9999 -9999 -9999 -9999 -9999 -9999
-9999 -9999 -9999 -9999 -9999 29.8007287416 28.7624999337 28.5666781535 26.7307154217 26.9421049549 26.4718672103 25.4112878043 22.7300323418 22.9958250669 22.9049674604 24.2969556489 20.0029136167 11.5986287656 19.1348183409 22.1678866699 22.6172595128 22.3039887562 23.1044579444 23.4035414778 22.6622014182 23.1284512765 24.4170118851 24.3937088411 26.3389162713 26.1660377119 25.3860385617 26.0992055792 24.5324040821 24.1995879651 -9999 -9999 -9999 -9999 -9999 -9999 -9999 -9999 -9999 -9999 -9999 -9999 -9999 -9999 -9999 -9999 -9999 -9999 -9999 -9999 -9999 -9999 -9999
-9999 -9999 -9999 -9999 -9999 30.1897909371 29.0530401192 29.1688095033 28.1315423106 27.7016506464 27.4080336878 27.7496923238 20.8291796597 17.4960945834 27.0629955056 26.3493337529 21.5732633625 10.1751292591 17.7010395647 20.9386995827 21.8598373576 22.4378496729 24.1931751603 23.8567685101 23.4506344853 21.3283736142 22.201368729 21.4256961695 23.3544908208 22.969488806 21.995749724 23.0680598931 24.290800596 23.9328997596 22.8770715319 23.932734852 -9999 -9999 -9999 -9999 24.6492947502 24.2956053996 -9999 -9999 -9999 -9999 -9999 -9999 -9999 -9999 -9999 -9999 -9999 -9999 -9999 -9999 -9999
-9999 -9999 -9999 -9999 -9999 29.7285957348 28.9864692646 27.7929301176 28.3153665843 28.8002080176 28.3258305046 28.0579007299 26.8939261412 27.2149761481 27.7493238892 25.1132281802 23.1464365779 25.2029110638 24.8073162401 25.8580438531 23.0969047938 22.2341775896 22.4478581084 22.1047528003 23.2797290438 21.491530508 21.7269285375 20.624020764 23.2116894832 22.6583449037 17.7285651419 21.4538893434 24.0565594527 22.6945869731 22.2351224122 24.1788336861 24.1912305168 -9999 -9999 25.0161606702 25.4227112178 25.1458403257 24.8781393238 -9999 -9999 -9999 -9999 -9999 -9999 -9999 -9999 -9999 -9999 -9999 -9999 -9999 -9999
-9999 -9999 -9999 -9999 -9999 -9999 30.5319601094 29.437926963 29.4055022928 29.3796775044 28.3439589821 28.7046784198 28.7724689288 28.7568275035 25.1149391606 24.3513029576 24.3000542656 24.0866350703 22.6729106212 23.8473467407 23.563205655 23.8359112479 23.1278249335 24.0624981743 23.2499425629 22.3313590901 19.219986885 19.7093410057 20.7218424993 22.1643402007 21.181178453 22.5034315525 21.0209494772 20.7614167553 21.1315777192 23.2111212657 22.5510174508 21.1757809359 24.5696916571 24.2357379162 24.2276326338 25.8718886274 22.5783301253 20.8025577688 -9999 -9999 -9999 -9999 24.8257009422 23.6099647174 8.42028168862 -9999 -9999 -9999 -9999 -9999 -9999
-9999 -9999 -9999 -9999 -9999 -9999 -9999 29.381058231 29.0436373973 29.5271160832 29.3316791989 29.0563677216 26.9139365272 25.6462286434 25.1663031417 26.761542554 26.1711149565 27.058264509 26.4160759809 24.839491977 22.9037983816 22.852232838 22.6584998379 22.9355382602 22.6005446236 21.6691882357 19.3086842144 20.6340566534 22.2322416789 21.3047851672 20.9090177868 20.7710056061 21.118241603 21.119354509 23.4306679694 23.4474084435 22.1874448446 22.3227582038 24.4645077986 24.3513832202 22.2806904963 21.7236071401 16.2145532818 12.8786035498 11.3610879786 12.6644198 13.573840665 11.8874708854 11.6220790076 17.9199549027 20.9352765183 19.0383885017 -9999 -9999 -9999 -9999 -9999
-9999 -9999 -9999 -9999 -9999 -9999 -9999 -9999 28.8665422227 28.7566672228 29.2193702178 29.6046536819 27.7915444038 28.4293542603 29.1059353343 28.6070419161 26.3036826587 26.4935688212 24.3584655616 25.1567548105 26.9898407737 26.6890170874 18.5361487907 11.8919055046 11.3558432344 11.3669263254 16.0068898492 21.1387352053 18.8198762822 17.4197201864 17.8872468389 18.3028593812 19.0538261729 18.3987570543 20.3468515647 21.5767025589 22.7147692736 23.1535460499 23.038279073 22.8742502961 20.84827357 16.2651987454 10.7984857405 10.0267475432 9.75192460626 9.05097704824 10.2021878211 9.25950071363 8.73743815257 14.1432749453 17.4133813367 18.4532950827 16.8955028901 -9999 -9999 -9999 -9999
-9999 -9999 -9999 -9999 -9999 -9999 -9999 -9999 30.0079178107 29.4318329675 28.7872741062 28.9031644695 28.4656860931 28.4617891769 27.6275708054 27.3018373893 24.6575278393 25.3577957296 25.2064195413 25.8303259377 25.7868474754 26.561494604 19.2816760139 18.289234174 14.0321871897 10.2104740577 12.57683338 18.1927345986 18.9356041899 16.6373277207 17.307372401 17.962954554 17.9384645359 18.2108973026 21.5963713499 11.9772526199 23.4902586104 22.8546128546 22.9468219459 22.816801144 22.6588911947 16.1478951494 10.1849811196 10.1523693749 9.0819487129 8.99703572875 10.0974167336 9.45219062908 9.89680560244 18.4226330217 17.7754140457 17.8335505885 17.4264614162 20.0272388594 17.9158044255 18.5817371091 -9999
-9999 -9999 -9999 -9999 -9999 -9999 -9999 -9999 -9999 30.2151249206 29.5215831481 28.7940901118 28.7415091529 27.6980658921 26.9510302083 27.0072357302 27.5064219587 27.5048737222 27.7064949077 27.8496999174 27.758566825 26.2913462307 25.0597544411 27.9289523945 20.0124127729 17.5616359661 11.6417359651 9.30274318864 9.28946444569 19.2833054148 17.5568339001 17.1897437619 16.7725544434 15.4481733207 18.1533330953 18.9969730125 22.1022546819 21.6573192751 21.428052573 21.4915862067 21.2782915343 19.4184436033 8.95930882887 10.384094449 8.28193980631 7.42365802647 6.73563741762 7.04894042394 13.0685972597 14.2943336122 14.3665640117 14.0317182435 15.0375428418 17.5644146266 17.8252696746 9.5011624793 6.8020815775
-9999 -9999 -9999 -9999 -9999 -9999 -9999 -9999 -9999 -9999 27.8951192313 28.0991073362 28.6106735378 27.6407874456 26.3892618396 25.7192718576 26.9106993528 28.451438724 27.84708863 26.2804772017 25.2681792159 24.7251422613 22.806881128 18.6840221781 14.1942369311 18.2624332729 15.0236485551 11.4527355206 7.51135722229 9.77671795756 19.1830033845 19.2292777071 20.2040959417 16.684559105 21.0613393397 20.8252650763 21.8719929704 21.6531589191 21.4980924347 21.5475010876 21.648486138 20.0780929878 15.6057808919 9.57473650562 11.1124108215 11.2312710619 9.11142329191 7.76675273013 15.2243150362 15.2012220745 15.699061584 15.2885106908 14.2427011129 15.8538704057 16.3888234464 8.70747589275 6.7341373016
-9999 -9999 -9999 -9999 -9999 -9999 -9999 -9999 -9999 -9999 -9999 16.2826065783 20.0706641386 26.9654076765 26.0131652403 25.51110075 26.5239874726 26.4434986447 23.9356958379 25.5080279843 26.5435673652 25.6774938303 22.111564511 20.5580716195 15.1159629727 6.86519693626 10.6559064173 15.4985323335 16.3936653603 18.8686839908 8.60632156209 15.0963546982 16.6272891235 16.7239918788 17.9895425311 16.6636964335 20.1597392368 20.0760362305 20.7905766284 20.7944157223 19.1955512895 18.0469110713 18.3801264203 12.6912979202 8.82542575013 7.21208270868 8.25917006529 9.36786139269 10.6395760442 14.5408532891 13.3581019433 14.6255167167 15.453764011 15.168955521 13.6861680251 13.4129619251 7.66996184439
-9999 -9999 -9999 -9999 -9999 -9999 -9999 -9999 -9999 -9999 -9999 15.1841768464 21.5038882253 26.0853828013 26.132932309 25.7913132708 24.5951926983 24.0080743512 26.0782539743 26.1632531441 25.9419473055 26.9815928512 22.6329066648 21.6282936997 21.3500900529 22.1338071578 15.0310253375 11.7425143268 9.0857072128 15.7611685567 13.5917785478 10.9281910434 4.9723300325 5.77308620385 7.70831868232 16.5850971791 20.0997451968 20.3122768617 20.4966479022 20.0627501067 18.7447003658 19.6337847417 17.5475674888 17.8140130764 14.201652198 10.0829389288 11.8906789297 13.6354897407 12.4142452473 9.35321554824 9.6053543326 9.7712239597 8.01339907381 15.1230434451 15.56702415 14.5153454127 13.7101298438
-9999 -9999 -9999 -9999 -9999 -9999 -9999 -9999 -9999 -9999 -9999 29.9071033244 27.6358580664 27.3487411486 25.7309674679 24.6314560868 22.9362205487 21.5723607366 22.219583336 22.8101589303 24.1424021741 24.3550132473 20.7406042982 19.2794746746 18.8430146678 20.6856770562 20.2219175831 19.9778429125 18.4880073069 13.7221538061 8.26863319126 11.5923683168 14.4543991708 15.3366896941 9.73824846244 3.73770084513 5.94592145517 3.8597257967 16.4831403431 15.5948650934 14.5492653561 18.0685712367 19.2203885656 20.4892451383 21.5492223163 22.0823062914 11.5949434169 10.66901357 10.279698016 9.49888772073 8.30966477248 9.25444841185 9.85957840618 11.8402376531 15.2936123375 14.424771739 10.7143595517
-9999 -9999 -9999 -9999 -9999 -9999 -9999 -9999 -9999 -9999 -9999 -9999 27.6685255388 27.8872930316 27.0870078565 24.7586109992 23.1713060528 22.3124608986 21.4855126563 24.1605477961 24.5213088906 23.9140428557 23.0180538857 22.0827739169 21.1587667388 21.3616294171 20.4364451303 20.7654731993 20.1058105469 19.5814014997 19.4757241557 19.9793077388 15.6101303372 8.16527585546 11.8646938806 13.9042181194 8.08829247602 4.67890110079 4.60794345443 19.1283103402 20.5168572294 17.940811757 21.1573670586 22.2604787373 22.9335686795 22.8087212053 14.0969947118 10.7804871028 8.59602442668 9.34357802906 7.71971870011 6.75598656687 5.96206263837 6.09766761836 5.69801213448 9.20738996442 7.60899372698
-9999 -9999 -9999 -9999 -9999 -9999 -9999 -9999 -9999 -9999 -9999 29.0974434006 28.9034027372 27.786830683 27.0829519289 17.1316422213 22.5321117597 23.2720617673 20.7274611892 23.2830928658 21.8614315316 21.7104382464 20.3897439451 20.6852348587 20.3586874752 20.1792664331 18.724034509 18.5948058424 18.8106437491 18.4327801081 17.3956123636 17.7867425012 16.9968234719 16.8760334024 17.5389872537 6.22319131698 6.40523281343 3.01403844619 2.98726502969 13.6574777735 17.0730586201 16.1134541877 23.5831515996 23.543369347 25.4548748997 25.3170615617 22.9530981881 14.8635289234 9.75474710948 9.88191197874 7.37504749557 5.16397882422 4.57700577567 4.6127595904 4.25298306671 4.70075169509 6.53908060665
-9999 -9999 -9999 -9999 -9999 -9999 -9999 -9999 -9999 -9999 -9999 29.5242075911 30.0421050111 28.4520172127 26.7335267947 21.1333451882 24.1006811979 24.2491678121 23.3584665929 23.3770766675 20.2473723423 19.6130196114 20.822551414 21.3773418176 20.9003849949 20.4671551436 15.2596678693 15.860022318 19.4021638857 21.7964088936 20.5970519005 18.0057374709 16.8096477036 16.8838567778 17.2652269195 5.31449113482 3.93692192968 6.41764166943 3.56392248869 7.16155809585 15.7161760866 15.9580870499 20.8023276098 21.4295252959 22.0464780226 21.4965643968 21.4345057363 21.5460218452 16.2792474223 13.8657118903 7.13294590265 7.41612635484 6.39504347695 6.09047934719 5.65926072623 5.2384145441 4.13505432291
-9999 -9999 -9999 -9999 -9999 -9999 -9999 -9999 -9999 -9999 -9999 30.5051965109 30.478933672 28.357841555 27.7506907393 27.5690438338 25.0075281582 25.4919420352 23.9736206388 25.5310349736 19.7458767822 10.552282244 21.8244226978 16.7769823219 11.8344196586 11.818796301 14.1151981004 15.577515672 14.8102183532 15.5340119821 15.6890352636 20.6804746497 20.2597242729 19.4968533528 16.7434646091 3.65835790445 1.97373805467 1.19395606582 2.94845084136 3.73842635343 16.780567995 18.7684484739 16.7082912349 15.645574318 16.7280438551 16.6197024831 18.2524603419 18.3980839943 16.4390936218 16.4585769903 8.41793581687 5.1445881941 4.25185030073 4.14479470918 4.12315436561 4.25990307682 5.0093510744
-9999 -9999 -9999 -9999 -9999 -9999 -9999 -9999 -9999 -9999 -9999 -9999 30.9570157677 30.1356661628 28.838620764 27.4263882951 26.0995347918 26.0146517959 23.3824354334 24.2339177104 23.1277570873 25.4696262088 14.5545719564 11.2295754744 11.1072747963 10.9504410119 9.5871154206 10.0516741555 9.3912473484 8.45779314486 7.35883476408 12.1507992027 15.877211075 16.590725823 15.928373584 3.76604439666 2.70246742964 1.49146367093 4.15720538522 5.69197839655 16.7190007403 17.5269524947 17.7044877245 15.1130474192 16.1710035241 16.3366497387 17.0961122333 17.6362900359 15.451639436 17.43701772 15.0370221354 9.03452902492 7.59402663157 7.58218296591 4.70125188414 5.15916850383 4.81109595508
-9999 -9999 -9999 -9999 -9999 -9999 -9999 -9999 -9999 -9999 -9999 -9999 32.3576302811 30.8185312565 28.437833844 28.5711398377 26.2052596679 26.8480865791 25.1253715852 24.623892948 24.2052791223 24.3351545205 18.4551699734 15.4437670205 12.5718565291 13.7895646479 14.3141375747 13.3478449212 11.160433381 13.4708181264 10.9426192446 11.7091754341 19.4513238119 21.094726337 7.57917209529 4.31290605156 2.5317945946 4.96335413925 7.37712000602 6.23473610386 15.3436834239 16.4018864908 15.4469003249 15.2762570679 14.9595050338 13.4971738178 12.9634414313 13.3554269136 12.1009462705 14.350977568 13.1236480846 11.5673384255 9.27877538116 2.96367937623 2.11211412526 2.72864032656 2.23115741669
-9999 -9999 -9999 -9999 -9999 -9999 -9999 -9999 -9999 -9999 -9999 -9999 30.4533476468 29.996569278 29.5258998071 28.8593184541 26.3961831303 26.503319905 24.8422646725 25.6986098626 23.9998147097 24.67992684 23.0656471098 15.193216825 16.6532384878 17.0564966156 13.3886214411 13.7590119318 11.5333487464 10.3696974291 9.1292527562 8.58709442664 12.0307502276 13.2652986553 3.29185405543 12.5844507353 10.7494771302 5.43105444733 3.68494802218 5.60451499841 5.34514313315 5.3460773228 11.3315034917 15.5856880151 15.3457315651 15.5567757548 15.559612367 15.506333922 14.8284757764 15.5213048187 13.6455162578 6.88559720977 2.79395109461 2.23859997717 2.18528783342 2.3384088063 2.26199140089
