data/recharge/transience/oldversion/mHM_recahrge_282.ASC
ncols   80
nrows    72
xllcorner    4374000.0
yllcorner    5656000.0
cellsize      500
NODATA_value  -9999
[rows 0 to 24 of 72, columns 0 to 55 of 80]
-9999 -9999 -9999 -9999 -9999 -9999 -9999 -9999 -9999 -9999 -9999 -9999 6.14819311298 6.35862121322 -9999 -9999 -9999 -9999 -9999 -9999 -9999 -9999 -9999 -9999 -9999 -9999 -9999 -9999 -9999 -9999 -9999 -9999 -9999 -9999 -9999 -9999 -9999 -9999 -9999 -9999 -9999 -9999 -9999 -9999 -9999 -9999 -9999 -9999 -9999 -9999 -9999 -9999 -9999 -9999 -9999 -9999
-9999 -9999 -9999 -9999 -9999 -9999 -9999 -9999 -9999 -9999 -9999 -9999 11.6938154261 9.12238831518 7.35901594943 -9999 7.43855322274 -9999 -9999 -9999 -9999 -9999 -9999 -9999 -9999 -9999 -9999 -9999 -9999 -9999 -9999 -9999 -9999 -9999 -9999 -9999 -9999 -9999 -9999 -9999 -9999 -9999 -9999 -9999 -9999 -9999 -9999 -9999 -9999 -9999 -9999 -9999 -9999 -9999 -9999 -9999
-9999 -9999 -9999 -9999 -9999 -9999 -9999 -9999 -9999 -9999 8.48725714944 8.5910077113 9.9580015531 10.3876435296 6.93803810055 5.79105227663 4.40661745163 4.5272706457 -9999 -9999 -9999 -9999 -9999 -9999 -9999 -9999 -9999 -9999 -9999 -9999 -9999 -9999 -9999 -9999 -9999 -9999 -9999 -9999 -9999 -9999 -9999 -9999 -9999 -9999 -9999 -9999 -9999 -9999 -9999 -9999 -9999 -9999 -9999 -9999 -9999 -9999
-9999 -9999 -9999 -9999 -9999 -9999 -9999 -9999 -9999 8.4474801145 8.55075283034 8.33333318539 8.17386945011 8.78150894498 7.25541419974 6.76050724387 5.35518866956 7.10511465071 -9999 7.41293162654 -9999 -9999 -9999 -9999 4.68169151367 4.95584070216 -9999 -9999 -9999 -9999 -9999 -9999 -9999 -9999 -9999 -9999 -9999 -9999 -9999 -9999 -9999 -9999 -9999 -9999 -9999 -9999 -9999 -9999 -9999 -9999 -9999 -9999 -9999 -9999 -9999 -9999
-9999 -9999 -9999 -9999 -9999 -9999 -9999 -9999 12.9776417804 10.8043841002 8.3294142281 7.78867830372 7.12049605254 6.36231282117 6.14861437152 5.68545440937 4.76043563715 4.49844550076 4.10784408974 5.09136921944 4.61077197606 5.05549594229 -9999 4.13132600529 5.80219368051 5.56204158713 -9999 -9999 -9999 -9999 -9999 -9999 -9999 -9999 -9999 -9999 -9999 -9999 -9999 -9999 -9999 -9999 -9999 -9999 -9999 -9999 -9999 -9999 -9999 -9999 -9999 -9999 -9999 -9999 -9999 -9999
-9999 -9999 -9999 -9999 -9999 -9999 10.2969553892 8.71568512495 8.81734490058 9.40669387569 9.95568933349 10.059233722 8.29377041588 7.64815527782 5.98586676577 6.71550464053 5.15688962694 4.74038242826 4.96737532466 5.00528456401 4.39996672079 4.83467865912 4.33421056338 4.19080584157 4.53844979282 4.28125218981 4.50748589444 -9999 -9999 -9999 -9999 -9999 -9999 -9999 -9999 -9999 -9999 -9999 -9999 -9999 -9999 -9999 -9999 -9999 -9999 -9999 -9999 -9999 -9999 -9999 -9999 -9999 -9999 -9999 -9999 -9999
-9999 -9999 -9999 -9999 -9999 -9999 10.8863323542 9.83753230172 7.8495319799 7.47565025268 6.75877434122 6.96146342857 6.40455030271 6.05526836348 5.14781295834 4.32990855669 4.1895146749 4.33183035176 4.11853677486 3.45850253011 3.53167242382 4.48214729151 3.79352931604 3.87420350319 3.52676908729 3.15103798244 4.38153076931 4.7584961365 4.50894667862 4.08024472407 5.11779119227 5.00685670318 -9999 -9999 -9999 -9999 -9999 -9999 -9999 -9999 -9999 -9999 -9999 -9999 -9999 -9999 -9999 -9999 -9999 -9999 -9999 -9999 -9999 -9999 -9999 -9999
-9999 -9999 -9999 -9999 -9999 13.4055062131 11.4893768397 11.4026222496 10.4000333826 11.3339355028 10.2890807357 8.86623341418 6.20393181027 6.75735262732 5.93595808586 5.9456797243 4.69725388602 4.40256506518 5.13922084281 3.58916616031 3.56088440535 3.34439073899 3.45891568847 3.65726551828 3.76685426524 4.07426363765 4.16675181958 3.87325722318 4.20878409366 4.03660154557 3.48725985551 3.81816606862 2.92683480978 2.72576482906 -9999 -9999 -9999 -9999 -9999 -9999 -9999 -9999 -9999 -9999 -9999 -9999 -9999 -9999 -9999 -9999 -9999 -9999 -9999 -9999 -9999 -9999
-9999 -9999 -9999 -9999 -9999 13.7153397318 12.6218418184 12.73215188 10.780547449 9.73987706822 9.11493044884 9.91657962355 6.84414919515 6.41034272489 7.89925378852 9.15267202824 5.39768905892 3.01606608656 3.94852010508 3.39044674888 3.35131776812 3.49319107512 3.97390539656 3.70689004827 3.17161202563 2.60477619147 3.00137787122 2.53564871075 2.88629616071 2.90152886305 2.53262892211 2.58690163074 2.64730400565 2.43097167842 2.41518134296 2.22174476562 -9999 -9999 -9999 -9999 2.15050659831 1.86650127011 -9999 -9999 -9999 -9999 -9999 -9999 -9999 -9999 -9999 -9999 -9999 -9999 -9999 -9999
-9999 -9999 -9999 -9999 -9999 12.4526799819 11.6005365917 12.0499717962 11.4857955147 12.4034231739 10.8819603369 10.2290851139 8.28538091417 10.1127217349 8.93566997242 7.26310277207 5.62187090897 7.31419027624 5.41800822643 5.96817054155 4.28427831897 3.23486334635 2.88582079737 2.67917495087 3.04732798636 2.88114054864 2.82668068567 2.32914481761 3.09424757593 2.58457065667 1.72441199947 2.14200456494 2.58562257656 2.43265720558 2.12391801548 2.40319019328 2.18984694353 -9999 -9999 2.20466851907 2.30487638682 2.14523000656 2.37287565042 -9999 -9999 -9999 -9999 -9999 -9999 -9999 -9999 -9999 -9999 -9999 -9999 -9999
-9999 -9999 -9999 -9999 -9999 -9999 14.8726112908 16.3562421275 13.140606547 12.3391494283 9.8837458853 11.1001897034 11.2832147491 11.8480512424 6.56942174511 5.69603752621 5.61388936331 5.3607476763 3.92899501587 3.78428489194 3.58487236126 3.86191047462 3.17460730294 3.60920810437 2.83696096594 2.36741509147 1.74210508641 2.08008691115 1.8795503363 1.91602256246 1.64584220566 2.0391384623 1.8124288169 1.8240571862 1.91414329278 1.93993796403 1.84489283466 1.64169877965 1.96461074686 1.86003169577 1.70101850489 2.3130220963 1.50911816556 1.26115286955 -9999 -9999 -9999 -9999 1.94047575575 1.63128406424 0.322981519007 -9999 -9999 -9999 -9999 -9999
-9999 -9999 -9999 -9999 -9999 -9999 -9999 14.369741298 11.7347765779 13.7696041857 12.6971938572 11.2015629433 9.04006641665 7.72782708644 6.7644935571 8.83828910838 7.39644090892 6.96283839442 6.0292598125 4.68460481228 3.23113881463 3.26996408563 2.89092175128 2.93816815404 2.44937210348 2.04263471142 1.97347231499 2.06770333827 1.98259931666 1.82850987864 1.78802514992 1.7552056176 1.89157880011 1.68433042536 2.03248835721 2.00160796752 2.13558979262 2.04323089913 1.88703602147 1.87996912827 1.38852251219 1.3568027808 1.55245747241 1.8820666105 1.53617159146 1.72508358265 1.97087619058 1.5964133548 1.47778345967 1.24772927274 0.780913488192 0.492157888457 -9999 -9999 -9999 -9999
-9999 -9999 -9999 -9999 -9999 -9999 -9999 -9999 10.5069776448 9.85261226032 10.6623737914 12.1417858827 10.0133663561 11.1355782223 9.10723128728 8.1852473259 5.25147511502 5.29101386276 3.66537134252 4.38077919975 5.66299262296 5.31450668167 3.49468146559 2.73058818147 2.23559181904 2.41599695419 1.55951875971 1.62728327052 1.21797746223 0.942622553075 1.2033426021 1.23996478594 1.23877938446 1.13322483482 1.28699189066 1.47512507838 1.50092554387 1.61359296192 1.3833256467 1.3956847037 1.45069040252 1.49242124265 1.47976119622 1.31188533394 1.20822530306 1.07180771987 1.24087539066 1.0570410913 0.924258727785 0.814006315949 0.670206475976 0.70939100025 0.432525326509 -9999 -9999 -9999
-9999 -9999 -9999 -9999 -9999 -9999 -9999 -9999 13.5011684531 11.5184330261 9.66448654358 9.75325101051 8.53360904848 8.44712108956 6.46209486579 6.24846024643 5.18235683321 5.67642997375 4.38901821698 4.93447730863 5.246440513 5.12930290928 4.63616868245 5.28462883302 3.47110267446 1.90116168874 2.52655051331 2.09406564632 1.43157074654 1.12030346112 0.879896641216 1.0605322704 0.905085440526 1.04356039962 1.31750417972 0.708080667188 1.7313583234 1.50900289711 1.37798703254 1.3306173121 1.21213653825 1.25709538031 1.3439404848 1.33900462458 1.07691532421 1.0608910696 1.22012658713 1.09395274061 0.948814987231 0.788434262133 0.710167653564 0.716343479761 0.53415930087 0.677975846683 0.42345027954 0.48314424667
-9999 -9999 -9999 -9999 -9999 -9999 -9999 -9999 -9999 13.9521048492 11.2537763315 8.5118846617 8.09313253573 8.69279623807 7.29507684668 7.46882611325 7.96836570346 8.60376554688 8.22782746114 8.28555466323 6.66583636355 4.71407087653 4.24126297773 8.584662325 5.34984102201 3.94094751725 1.89662341188 1.51270698122 0.98868518882 1.08646373826 0.974600118135 1.0189589739 0.933693677332 0.72270169115 0.778563753254 0.826959827157 1.19911776854 1.07181231467 0.941808198839 0.963037933498 0.867617727739 0.94436861113 1.01643722203 1.53688043928 1.00754247862 0.78387798083 0.647766191558 0.634018845284 0.484608245065 0.45680249765 0.456624290476 0.429739891221 0.353332222367 0.407732414982 0.43026828796 0.437525278175
-9999 -9999 -9999 -9999 -9999 -9999 -9999 -9999 -9999 -9999 9.76802723526 9.81110847974 7.77805712113 8.32846752062 6.56198985831 5.89253402923 5.38052201492 7.48510829991 5.71519089573 4.50277065818 3.76052951069 3.6445303656 2.47977710899 3.43223457697 2.94641807491 4.02266834693 2.8635757295 1.92599874266 0.986422025772 1.2228104542 0.902201070376 0.912449296952 1.03123681685 0.875767826429 1.20678814709 1.02513350432 1.14199054043 1.07382458578 0.957100684546 0.968677116209 0.956715032804 0.952018410803 0.783757829329 1.18436016524 1.57031898647 1.50845182064 1.14590687257 0.762314530776 0.570613247348 0.541676253589 0.577470141802 0.540957349287 0.364654840716 0.391548210016 0.320457040022 0.462214673272
-9999 -9999 -9999 -9999 -9999 -9999 -9999 -9999 -9999 -9999 -9999 6.56024664711 5.3062625781 6.69773762084 5.68129415527 4.91175920386 4.95509811935 4.85032580495 3.43009731112 3.76995739486 3.88507111973 3.83380461847 2.47190257626 1.78846589664 1.61635407639 1.32036515392 1.70866664448 3.12936649744 2.30250979935 0.546067167142 0.527193410317 0.795111413335 0.689813650747 0.787259639286 0.747503370358 0.624264322325 0.772479785114 0.761060685654 0.795223462168 0.793988082512 0.852726422307 0.736633677475 0.736905922467 0.655026837176 0.762513433725 0.750301217522 0.7775734023 1.01693600824 0.575882546901 0.460533638203 0.385951332041 0.485179292625 0.406389775868 0.302691615501 0.210463709812 0.220436985279
-9999 -9999 -9999 -9999 -9999 -9999 -9999 -9999 -9999 -9999 -9999 5.08690200304 5.71376230047 5.63148417589 5.69645706785 5.12745956456 3.92462563547 3.51561640944 3.62906620345 3.69853837587 3.30558640524 4.03092793322 2.23486533488 2.12964367796 1.70072458936 2.23318152905 1.84836204569 2.22719150521 1.45695107918 1.20668057211 1.86674337635 1.68493364633 0.773924232179 0.920631969334 0.880607869276 0.679823613149 0.766188602687 0.79359151953 0.753509872917 0.769749368332 0.900358675382 0.98248428276 0.662234140581 0.675152401416 0.635165260886 1.035965873 1.44995021622 1.72683415543 1.40591246518 0.815819915187 0.940924082726 0.79440294508 0.424004715928 0.394225272527 0.321542961365 0.262306154469
-9999 -9999 -9999 -9999 -9999 -9999 -9999 -9999 -9999 -9999 -9999 9.18606598866 7.38925040302 6.74581589481 3.83559526699 4.4097421063 3.21476629051 2.272465836 2.07743245847 2.42758497541 2.28812070707 2.38493569016 1.87003140605 1.43915265472 1.07054194784 1.02188771333 0.864640256836 0.826200121919 0.856572866494 0.92695637791 1.09740747245 1.8647749173 2.5350697143 2.20948632496 0.6447315852 0.374150166209 0.568555459588 0.443415371551 0.518321930101 0.335660971799 0.36464327074 0.708916858021 0.866931415406 1.0572538474 1.15670227632 1.49788606459 1.23019123538 1.04107814479 0.945706059509 1.01267904839 0.808044151903 0.956047942193 0.989431133115 1.04263593026 0.510160757275 0.254258830714
-9999 -9999 -9999 -9999 -9999 -9999 -9999 -9999 -9999 -9999 -9999 -9999 5.19964324928 6.23967253974 5.03638911836 4.42096026569 3.53194504746 3.05229034498 2.2348890252 2.58558770011 2.42468531772 2.17861964921 1.83022968445 1.89515786598 1.14192861916 1.19398940736 0.898949012605 0.965871068555 0.808432864916 0.730572720097 0.690539763271 0.762162313324 0.642494869471 0.830683495844 0.857553479259 0.13321373442 0.6920910935 0.422038681462 0.577557806142 0.621655955133 0.735700367105 0.730356092824 1.20952192943 1.5049554202 1.62080155175 1.50536901849 1.1184763597 1.06355955311 0.652011580366 0.81600011388 0.773703424944 0.579791800007 0.455232551823 0.449530130601 0.339442742463 0.19460304617
-9999 -9999 -9999 -9999 -9999 -9999 -9999 -9999 -9999 -9999 -9999 6.80640281363 6.23418188486 7.06581174163 6.62379980433 4.22422850632 2.80632159777 3.12170506836 2.08198704086 2.18523337611 1.44320973023 1.39473894962 1.04147951099 1.09602663536 0.977731160365 0.945729210299 0.726554989967 0.624703852547 0.605044991588 0.562590452119 0.465314210419 0.505768486547 0.428708711405 0.418154164179 0.467411212867 0.653266901578 0.645771873161 0.268752998371 0.246469709306 0.429752195393 0.5675896025 0.538758204658 1.16319605075 1.57285617687 2.24674913127 2.24106225154 1.40370717042 1.68034483611 1.02557694432 1.02359188108 0.619767791141 0.366565882048 0.295745441923 0.299505132814 0.25767635124 0.297536047168
-9999 -9999 -9999 -9999 -9999 -9999 -9999 -9999 -9999 -9999 -9999 7.29615259256 8.60446844509 8.24030192346 5.0752152906 3.82734974111 3.65793408824 3.41741303772 2.17635366832 2.33556005085 1.91217685962 1.83919783919 1.24724554818 1.24869451971 1.08122423436 1.11443066244 0.525035574628 0.737475759698 0.717818980912 1.14917991106 0.876654203569 0.529353772658 0.41207276566 0.4189381539 0.44116439926 0.450321313456 0.367976982274 0.697218908661 0.354815000549 0.59263194512 0.471984869631 0.662781924319 0.959417761531 0.926098568478 1.0459411986 0.971442438059 1.08412190561 1.15856855078 0.858112167657 0.992071672117 0.600260777131 0.659145861384 0.517993163614 0.471081780109 0.409633954625 0.361306718938
-9999 -9999 -9999 -9999 -9999 -9999 -9999 -9999 -9999 -9999 -9999 9.2347734727 8.89763259402 7.43747878022 6.78823066673 6.58584345285 3.36215789072 3.70233629881 2.74695047856 2.8676881607 1.21013391045 0.88668606762 1.57911856244 2.55648874318 1.70784736879 1.70171955251 1.63156216752 1.20311213236 0.713818484019 0.526894617952 0.489270319517 0.827225154923 0.792644983458 0.688648483237 0.421151704917 0.309601389958 0.15152164579 0.10272791877 0.288365790775 0.317343619849 0.548008054052 0.647102800431 0.679218837136 0.516046986199 0.5042633018 0.522430700433 0.594047546419 0.623003659484 0.441302327264 0.392458991327 0.372643894854 0.422019005317 0.271879915581 0.248936218444 0.214337718735 0.276423559648
-9999 -9999 -9999 -9999 -9999 -9999 -9999 -9999 -9999 -9999 -9999 -9999 9.29328409962 8.59058252236 6.06123041491 5.70038637046 4.21570861492 4.23299221269 2.73524600698 2.97046290282 2.28785076426 2.82069540441 1.89611507698 1.66532211518 1.51164696812 1.47084509187 1.04679637277 1.15332414005 0.944812598075 0.757251821736 0.544710514953 0.4426307569 0.32613881098 0.381782551463 0.352198482187 0.325488662482 0.200395909319 0.143069146487 0.360271628117 0.555426820321 0.503165681057 0.41326961137 0.527749926038 0.539878764554 0.590546976627 0.587906863984 0.47919155076 0.547305753026 0.377748237016 0.365352170962 0.255861887221 0.0895291528769 0.0867282017402 0.304167711377 0.238150873066 0.23235771434
-9999 -9999 -9999 -9999 -9999 -9999 -9999 -9999 -9999 -9999 -9999 -9999 10.5529205684 8.33991508176 6.45604140063 5.75322058081 3.88424924078 4.26961229029 3.20826190555 2.57920756246 2.26511963125 1.92793782985 1.72764541624 2.69867427645 1.87127950142 2.15443393601 2.26191329314 1.8701152944 1.24657143228 1.75910878772 1.15856934482 1.25448330886 0.957812663679 0.861864298454 0.585426729453 0.292223070484 0.204104881143 0.34686030163 0.672565529374 0.59466639764 0.574226344315 0.332040454627 0.279458239464 0.277285163234 0.32139662574 0.336121949394 0.2913056892 0.286430071944 0.22146508976 0.225106660939 0.191680321993 0.133087169409 0.153623292965 0.145353395526 0.118564357513 0.164584041037
