data/recharge/transience/oldversion/mHM_recahrge_226.ASC
ncols   80
nrows    72
xllcorner    4374000.0
yllcorner    5656000.0
cellsize      500
NODATA_value  -9999
[rows 0 to 24 of 72, columns 0 to 56 of 80]
-9999 -9999 -9999 -9999 -9999 -9999 -9999 -9999 -9999 -9999 -9999 -9999 18.841948365 19.8914631541 -9999 -9999 -9999 -9999 -9999 -9999 -9999 -9999 -9999 -9999 -9999 -9999 -9999 -9999 -9999 -9999 -9999 -9999 -9999 -9999 -9999 -9999 -9999 -9999 -9999 -9999 -9999 -9999 -9999 -9999 -9999 -9999 -9999 -9999 -9999 -9999 -9999 -9999 -9999 -9999 -9999 -9999 -9999
-9999 -9999 -9999 -9999 -9999 -9999 -9999 -9999 -9999 -9999 -9999 -9999 14.084454314 12.2452249754 11.2114176314 -9999 11.2175755628 -9999 -9999 -9999 -9999 -9999 -9999 -9999 -9999 -9999 -9999 -9999 -9999 -9999 -9999 -9999 -9999 -9999 -9999 -9999 -9999 -9999 -9999 -9999 -9999 -9999 -9999 -9999 -9999 -9999 -9999 -9999 -9999 -9999 -9999 -9999 -9999 -9999 -9999 -9999 -9999
-9999 -9999 -9999 -9999 -9999 -9999 -9999 -9999 -9999 -9999 13.1059354188 11.3785256206 12.791555172 13.038036863 10.1622874938 8.89132287343 7.72284122906 7.71629195173 -9999 -9999 -9999 -9999 -9999 -9999 -9999 -9999 -9999 -9999 -9999 -9999 -9999 -9999 -9999 -9999 -9999 -9999 -9999 -9999 -9999 -9999 -9999 -9999 -9999 -9999 -9999 -9999 -9999 -9999 -9999 -9999 -9999 -9999 -9999 -9999 -9999 -9999 -9999
-9999 -9999 -9999 -9999 -9999 -9999 -9999 -9999 -9999 11.4078720766 12.0089553313 12.9714225494 11.4962384979 11.869637673 12.232316654 10.5246645371 8.49514210864 10.4708308993 -9999 13.2164883101 -9999 -9999 -9999 -9999 9.39743980201 9.97828550547 -9999 -9999 -9999 -9999 -9999 -9999 -9999 -9999 -9999 -9999 -9999 -9999 -9999 -9999 -9999 -9999 -9999 -9999 -9999 -9999 -9999 -9999 -9999 -9999 -9999 -9999 -9999 -9999 -9999 -9999 -9999
-9999 -9999 -9999 -9999 -9999 -9999 -9999 -9999 13.9844033435 12.6209602697 11.1083030964 11.4967997481 12.0305872901 11.4853917178 11.3264756086 10.9956389281 8.26310402394 7.88550722518 8.18683232603 11.3435966578 11.0981783339 11.5004434313 -9999 8.58287100562 10.7743544749 10.738297406 -9999 -9999 -9999 -9999 -9999 -9999 -9999 -9999 -9999 -9999 -9999 -9999 -9999 -9999 -9999 -9999 -9999 -9999 -9999 -9999 -9999 -9999 -9999 -9999 -9999 -9999 -9999 -9999 -9999 -9999 -9999
-9999 -9999 -9999 -9999 -9999 -9999 14.195954715 11.5814566509 11.3327203223 11.7172259967 12.1798004485 12.9769225229 12.8608545357 12.4142556371 11.2126870218 11.7559870658 9.18912039627 8.67610143855 11.0492178505 11.2530642656 10.8987770358 11.2897921362 9.85524684027 8.71041342046 9.78111891975 9.50180249211 10.2731545187 -9999 -9999 -9999 -9999 -9999 -9999 -9999 -9999 -9999 -9999 -9999 -9999 -9999 -9999 -9999 -9999 -9999 -9999 -9999 -9999 -9999 -9999 -9999 -9999 -9999 -9999 -9999 -9999 -9999 -9999
-9999 -9999 -9999 -9999 -9999 -9999 14.8362233867 12.9596943158 10.7384545203 10.4565896688 10.2018420398 11.9727165531 11.4403038415 9.57946634816 9.22035988485 9.8417838111 9.63652931374 9.22379967093 9.70761758502 9.61181400118 10.029762777 10.9472415817 10.8719481175 9.42172934698 8.62218931959 8.17176635209 10.4618142061 12.0143639832 13.5615688673 13.083345427 14.3996866939 14.2949950758 -9999 -9999 -9999 -9999 -9999 -9999 -9999 -9999 -9999 -9999 -9999 -9999 -9999 -9999 -9999 -9999 -9999 -9999 -9999 -9999 -9999 -9999 -9999 -9999 -9999
-9999 -9999 -9999 -9999 -9999 16.8333175583 15.2483091174 15.2499519661 13.0382267624 13.173300192 12.4780535289 11.6939601192 10.0012595226 10.138157063 10.0000512312 11.0894240762 9.77221472233 6.98239057557 9.3496606051 9.67094602694 10.064350695 9.84875669987 10.5161198192 10.7223178535 9.20490430569 9.4984354233 10.0660322158 10.6075486245 13.2062731736 13.0141238308 12.4906752975 12.9174345481 11.8808353346 11.6025687676 -9999 -9999 -9999 -9999 -9999 -9999 -9999 -9999 -9999 -9999 -9999 -9999 -9999 -9999 -9999 -9999 -9999 -9999 -9999 -9999 -9999 -9999 -9999
-9999 -9999 -9999 -9999 -9999 17.1875230167 16.210563945 16.282666387 14.7223081432 14.0407155524 13.6355806988 14.1709723063 11.9380566114 11.0861352247 13.0876815394 12.3005851876 9.50431285695 6.4359304719 9.93613898877 9.50037923666 9.61965315743 9.89454681365 11.1260498841 10.8573176113 10.7077247067 8.899321695 8.54786410244 8.17197121352 10.6681843981 10.9414340296 10.5451997489 10.8437958928 11.5007848565 11.1877905457 10.235775938 11.0363467977 -9999 -9999 -9999 -9999 10.7243300652 10.7918754414 -9999 -9999 -9999 -9999 -9999 -9999 -9999 -9999 -9999 -9999 -9999 -9999 -9999 -9999 -9999
-9999 -9999 -9999 -9999 -9999 16.4268754525 15.5945251146 14.4552917229 15.1623641683 15.7372937271 14.8113810812 14.3891386487 13.0446091941 14.1127641031 13.8289208609 11.0308310273 9.5666759037 11.1431429922 11.2420550131 11.9343661815 10.4799044825 9.7330438693 9.95292345957 9.71531835264 10.6132831965 8.95418668967 8.41425457016 7.60462655473 10.3401346021 10.754924865 10.227752868 10.6989585754 11.4002935065 9.75208183745 9.01299276228 11.3083460064 11.0967340923 -9999 -9999 11.3846867632 11.5631224562 11.3007275537 10.7143783458 -9999 -9999 -9999 -9999 -9999 -9999 -9999 -9999 -9999 -9999 -9999 -9999 -9999 -9999
-9999 -9999 -9999 -9999 -9999 -9999 17.7879013486 16.8623389047 16.659914663 16.1845932847 14.634034734 15.4280697897 15.6138566722 15.6837712854 11.324622164 10.7509807725 10.4907854611 10.2625334983 9.62276587775 10.5527926655 10.502615757 10.7656607837 10.4290293658 10.9360999754 10.5023191592 9.84983809318 7.03130954169 7.21917575605 8.42158193031 9.8673986603 9.46835641333 10.1517170819 8.47492324189 8.58611791851 8.63946666155 10.4225779129 9.01685189586 7.68661683937 10.7995639563 10.6078745835 10.3075620423 11.3984716322 8.13184244412 6.76519944794 -9999 -9999 -9999 -9999 8.41925937754 7.72969822381 5.53441948122 -9999 -9999 -9999 -9999 -9999 -9999
-9999 -9999 -9999 -9999 -9999 -9999 -9999 15.7580588926 15.8045566774 17.0256664138 16.4418917651 15.5119641259 12.6242238247 11.1643932064 10.3227222043 12.1248831237 12.0800859872 13.085323658 12.5494656108 11.3629321439 10.1221796593 10.1496106794 10.1039852156 10.1859031067 10.0212981283 9.45392751208 7.39692345848 8.54198056662 9.85935743351 9.08088535198 8.61501885259 8.68421656309 8.72847394425 8.8788896621 10.57847148 10.5364648019 9.01207062401 9.03816781196 10.6710527436 10.6495195641 8.53727074497 7.71454778197 5.20596140326 4.64693397449 4.02045353931 4.59649148803 4.82539887542 4.0915066659 3.91968342785 5.28051986156 6.91532045188 7.06301815506 -9999 -9999 -9999 -9999 -9999
-9999 -9999 -9999 -9999 -9999 -9999 -9999 -9999 15.1806152308 14.8285069222 15.8020966012 16.7572563439 14.2594977756 14.9825824438 14.9885672605 14.498166919 12.3296171029 12.3781585345 10.9735452473 11.6482976839 13.3829066685 13.0596880373 7.05529633829 5.31288682159 5.31803801636 5.05452419328 6.18622727549 9.15235746257 7.62172679133 6.55790001944 7.11003809438 7.07546604923 7.47371531346 6.94821530809 7.96372508837 9.15947044732 9.59794077333 9.86138261033 9.46395028972 9.23741044233 6.99739860741 5.14265024554 3.78156795246 3.44834164296 3.29631649794 3.00176026992 3.36548491107 2.97572009591 2.7404273787 3.9127773514 4.89536298697 5.32082094417 5.15890470592 -9999 -9999 -9999 -9999
-9999 -9999 -9999 -9999 -9999 -9999 -9999 -9999 17.1426217936 15.9238317978 15.1181148878 15.184451866 14.5388797313 14.478279746 13.2759720184 13.0899319815 10.9934699415 11.474876923 11.6598886957 12.1669829286 12.0035908356 12.8863992788 7.23524995793 8.90109974568 6.78880774226 4.72237578439 5.71419500989 7.11197398231 7.09636147721 6.05851993338 6.61704569648 6.83125469456 6.66667156249 6.77233153556 9.080116614 7.29331410013 10.083013228 9.65851624883 9.44410906295 9.34617664098 8.99462626216 5.28549351127 3.51460471725 3.50227409858 3.01376880328 2.97873737636 3.32174644711 3.05462762944 3.00280901994 5.26878550708 5.02160481183 5.04177794767 5.6156422041 6.94413224508 6.23782947593 6.4790610362 -9999
-9999 -9999 -9999 -9999 -9999 -9999 -9999 -9999 -9999 18.1837125967 16.8178717021 14.9048105653 14.8495171998 13.6102502572 12.5529300024 12.5927640956 13.4065885397 13.9611852706 14.3089249382 14.402207398 13.9227941849 12.2053485858 9.95089089338 13.4526042143 9.86826400286 8.36403658086 5.41908069197 4.22354764427 3.40487082187 8.1103195674 7.04755414102 6.81156984299 6.47216683714 5.54126670436 6.86697326935 8.31636359714 8.92031828106 8.63102564714 8.21713270217 8.26448375047 7.88002432236 6.62229316161 2.76429728944 3.5673114065 2.67565936653 2.30481342439 2.03690255487 2.08596608105 3.45573858992 3.87530948285 3.89374862992 3.79022287401 4.71310975386 6.02868982197 6.11557841363 3.07194924421 2.22714164534
-9999 -9999 -9999 -9999 -9999 -9999 -9999 -9999 -9999 -9999 14.4370708609 14.4836571988 14.5834862864 13.5292103904 11.9289807894 11.2727462343 11.3067980572 13.3614513155 12.1047350543 10.6900829944 10.3375246854 9.80950610756 8.86515974028 6.54210919369 6.59994041457 8.60662008795 7.00196291718 5.37532736952 3.47642714356 3.85466277161 8.06011270927 8.07843706446 8.34220189755 6.51201133875 8.5103818186 8.42335058243 8.78584532359 8.63338496349 8.25675982311 8.28588425739 8.10131762595 7.11518423782 4.91189417039 3.32268100855 4.03717513203 3.88302488945 3.06453411879 2.34730589141 4.28990477779 4.25640935286 4.33219173157 4.19895398653 4.08869483909 5.16553205672 5.62116483287 2.85178327392 2.20032532885
-9999 -9999 -9999 -9999 -9999 -9999 -9999 -9999 -9999 -9999 -9999 11.1919084673 11.375096555 12.8705913741 11.9289721682 11.100305203 10.8612982763 10.7494293563 9.88240697195 11.3805861989 12.7181326235 11.6991172112 8.69215715681 7.48180538856 5.12165024281 2.5807060048 4.62160976328 7.37094268773 8.17920766126 11.4180759136 4.42695650924 6.00448880597 6.51621042761 6.59789623016 6.41879748635 5.96906533948 7.73001816974 7.69618933861 7.70129284353 7.70319724442 6.55692366887 6.01257300835 5.94218525553 3.94351464665 2.95712238915 2.15146289768 2.61183581129 3.14060476199 3.14794229287 4.16656047446 3.70539560383 4.42696969509 5.12400000652 5.13958787947 4.73883904024 4.57551792814 2.43443722185
-9999 -9999 -9999 -9999 -9999 -9999 -9999 -9999 -9999 -9999 -9999 10.2579371519 12.1095077639 12.1258988119 12.2812511326 11.2839602543 9.6674389631 9.57480672351 12.4445677607 12.5196499729 12.3408705438 13.1843819859 9.24447608145 8.06296829223 8.63545162597 9.35081472907 5.41860512913 4.61000569315 4.14991778615 8.09889885202 6.92182192595 5.28704052092 2.03442099249 2.57173459714 2.71140289704 6.19278143892 7.70504788049 7.7920027918 7.57631406231 7.43815769496 6.7731863293 6.5239214161 5.55485199983 5.72601287087 4.32986936465 3.41131486449 4.28072486962 5.06032822572 4.56581381478 3.07949720376 3.15712300196 3.16092512582 2.46752965986 4.98448532941 5.34540343013 5.00599438494 4.76515822226
-9999 -9999 -9999 -9999 -9999 -9999 -9999 -9999 -9999 -9999 -9999 16.9992458886 14.5241624889 13.9743062582 12.3323388678 10.997094827 9.07914326632 8.35798272894 9.50037918474 10.1539000215 11.3473449461 11.4884261003 8.49391243662 7.16948139547 7.95561704511 9.12089882096 8.81903540692 8.71526594303 7.92020936431 5.26885125989 3.17270153373 4.91876091364 6.74321412231 7.29950067959 5.0508835021 1.82022514593 2.88673361786 1.69659970482 5.70342783923 6.33787041629 6.72063004303 5.98620640598 5.94404714139 6.40500188054 6.87279215064 7.22391053818 3.98566080942 3.58923294588 3.49038587079 3.10491040285 2.48250085008 2.85239173926 3.09258659635 3.79176753272 4.80596754 5.28814117037 4.39915892898
-9999 -9999 -9999 -9999 -9999 -9999 -9999 -9999 -9999 -9999 -9999 -9999 13.6837145975 14.6145550756 13.5758261849 11.5373473459 9.9419615586 8.7874023551 8.28575333548 11.3635230583 11.5564070698 11.1871860999 10.5647752387 9.62250161183 9.38725233642 9.50787192678 8.9120100962 9.07657940742 8.81966418989 8.59724856371 8.15324207597 8.3581815922 5.78496251129 3.1183766646 5.73443030155 8.76441981535 4.02763136666 2.26451196968 1.80766512122 7.00522599115 7.22678153122 5.79877841574 6.75617519155 7.39321243947 7.4960680108 7.5149850892 4.36510014105 3.63637163986 2.79979852778 3.09215183857 2.29767195085 1.91019157707 1.63142657074 1.67854303184 1.63931158602 3.15704486124 3.71864387642
-9999 -9999 -9999 -9999 -9999 -9999 -9999 -9999 -9999 -9999 -9999 15.6832844668 15.5216701949 14.9171425869 14.1458760463 11.5266496155 11.6589371495 10.6652880183 8.90035915875 11.0757102961 10.0726027402 9.97776714698 9.29714894913 9.431996206 9.51692939941 9.43380090323 8.71185248213 8.5925084314 8.51378233645 8.35302198999 7.68780889686 7.84417254642 7.26819368621 7.22093198754 7.18835813024 2.7298262037 3.11818439183 1.43101504858 1.36822665864 4.74243150796 5.73413058989 4.89897757147 8.43582180622 8.15456679141 9.00580329231 8.93480672197 7.46654196984 4.70667183507 3.14995774518 3.17475698504 2.16117589642 1.35576087031 1.18996265391 1.20156165418 1.11641027218 1.2626277756 2.11473706977
-9999 -9999 -9999 -9999 -9999 -9999 -9999 -9999 -9999 -9999 -9999 16.1360726423 17.6181535932 16.0068845523 13.4248214055 12.2925332181 11.49017507 11.2637460973 11.0855468682 11.1723510486 10.3592253954 9.6768512321 9.56576176779 9.7653435048 9.77719312151 9.47182420341 8.3202373431 8.58208431197 8.73894049893 10.0930535345 9.07731661321 7.93311372244 7.19569823633 7.22380050942 7.0843001607 2.04450837571 1.86906695472 2.97615106431 1.60809931637 2.44697871047 5.1574853258 4.56811794129 6.05303022169 6.78568339336 6.76977220156 6.49164774218 6.5299242716 6.44944412821 4.68169381211 4.00343756462 2.00444063118 2.13741661184 1.81711658628 1.70221227033 1.59331689941 1.44602924468 1.18601709337
-9999 -9999 -9999 -9999 -9999 -9999 -9999 -9999 -9999 -9999 -9999 18.6421631159 18.9386972294 16.2440946163 15.5832930238 15.2864758513 11.6172511378 11.7356020289 11.2685810087 12.8248090343 9.62652351469 7.32303603966 10.7017552906 7.56071076506 5.48045177611 5.47241655131 6.31288421357 6.80245154272 6.25991059273 6.71024647547 6.63753299403 9.1307297251 8.67783096348 8.33174280242 6.93951143208 1.4455357555 0.911700208971 0.508742088451 1.41520552145 1.34085101178 5.7212947398 6.68776617205 4.69254100029 4.06823928462 4.3343657474 4.26575834368 5.28431010096 5.34648015648 4.98681219155 5.01104701778 2.31606364158 1.38565944665 1.2554476707 1.2121077396 1.24423884384 1.26288132356 1.57587913375
-9999 -9999 -9999 -9999 -9999 -9999 -9999 -9999 -9999 -9999 -9999 -9999 19.265356518 18.6834792527 16.5827542973 14.5375675751 11.9576643313 12.3896714635 10.9617162301 11.8025759265 10.5512101429 12.7027731033 6.46995594307 5.06854021986 5.09836819796 5.01610636022 4.23974123037 4.47646367909 4.05003775196 3.5965035448 3.02858499868 4.96666762938 6.86364373411 7.13204369883 6.62848714015 1.68672221585 1.28429399573 0.6735472598 2.02936318623 2.14510450771 5.82328609122 6.34883549293 5.51051366531 4.01617902017 4.08662956633 4.07619736963 4.75553708545 5.11207866486 4.64449988736 5.60321062306 4.93176906444 3.99751092343 3.46164289851 2.42627626224 1.55673218254 1.67883585094 1.55685130356
-9999 -9999 -9999 -9999 -9999 -9999 -9999 -9999 -9999 -9999 -9999 -9999 21.258022108 19.5386644093 16.4185426641 14.4450018011 11.8456836111 12.89110363 11.8394627031 11.5970149779 11.7929875394 12.0969312341 8.26274783164 7.22222426075 5.84996896108 6.46250551802 6.62768075678 6.111431687 4.92029249792 6.08018091231 4.76414028576 5.10852970988 8.0637637979 9.04197146271 2.93078732065 1.98033099886 1.17302462673 2.34261859016 3.29883911524 2.47850753292 5.25027259413 5.96172328943 5.45543588058 5.38680892064 5.01073579249 4.27416841622 4.01343786195 4.13181073131 3.84119047208 4.8919227511 4.54057909561 4.12123247527 3.05743359527 0.989393069595 0.723772609442 0.96193434459 0.737159831571
