data/recharge/transience/oldversion/mHM_recahrge_230.ASC
ncols   80
nrows    72
xllcorner    4374000.0
yllcorner    5656000.0
cellsize      500
NODATA_value  -9999
[rows 25 to 49 of 72, columns 0 to 56 of 80]
-9999 -9999 -9999 -9999 -9999 -9999 -9999 -9999 -9999 -9999 -9999 -9999 16.5815508444 16.9291231787 16.1672954554 15.6152128064 14.1868372751 14.3660991921 13.2718976125 13.6773470858 12.950067417 13.1149733858 12.5053842291 8.15911100953 8.6067890748 9.5348082762 10.012648914 9.1795098791 7.96527478452 7.52470893545 6.69943541535 6.45453803313 8.08755815686 9.50146159641 3.71352622817 8.06852532089 7.87503309951 4.90855540051 3.68625053058 4.19559185228 3.80029661963 4.33817410068 6.92285151358 8.11905143194 7.86634050399 7.92122218884 7.77310392648 7.7632487518 7.32086245737 7.52216822353 6.75257537716 4.40148425641 2.05062977217 1.69694084722 1.643153566 1.6891793916 1.58417481091
-9999 -9999 -9999 -9999 -9999 -9999 -9999 -9999 -9999 -9999 -9999 -9999 -9999 17.0604030582 16.545596403 16.6238883974 14.9579634868 14.8164698027 13.7966818716 13.5789775584 13.1129566202 13.5641166058 13.1393148746 10.7958124355 11.9149111274 10.5726749116 9.45816146313 8.18856978444 7.84760579138 8.13570886369 7.10174292949 6.99010408241 9.32402467132 5.78264733322 3.63727261178 4.08652822995 7.20755785764 4.20477153776 4.59260690957 3.69389291197 3.23823050882 3.6138232491 2.4537333512 3.48910715599 4.1828221329 5.54576583668 6.46780331463 6.35904749149 3.89426039861 2.30710319094 1.66151904971 1.70182586614 1.7304094488 2.16345614819 2.73112852219 1.3824947757 1.31750467875
-9999 -9999 -9999 -9999 -9999 -9999 -9999 -9999 -9999 -9999 -9999 -9999 -9999 -9999 15.4235961931 15.4888381618 14.3557737878 14.493006191 13.7242029376 13.9171917288 13.1467009449 13.7620533138 13.33179343 12.7317069086 11.1492262262 11.2004722875 11.276531566 11.2441156512 8.63843622864 7.58115140427 7.45046472763 9.96881548773 10.2434689722 8.02205429404 4.32418692318 6.12957408976 7.0526887909 4.11345889666 4.00716128246 4.13583579833 3.98070991451 3.4756994114 3.29907412299 2.71600563708 2.08794967477 2.32095626786 1.95765890142 2.16228424573 1.7354853004 1.93211230599 1.77796288833 1.46554302167 1.33548616089 2.20601105294 2.67112386526 4.09605947975 3.86421226591
-9999 -9999 -9999 -9999 -9999 -9999 -9999 -9999 -9999 -9999 -9999 -9999 -9999 -9999 4.55269313302 9.97187665092 15.0821914137 14.7779523699 14.1487951543 14.2732339336 13.865213752 14.0445373349 12.6624091976 13.4708604577 12.5924329103 12.5962679351 11.094130207 11.6386310877 11.7095363931 11.5046092593 8.81694703547 4.81099592718 10.7091920877 12.7093020309 5.28193140279 4.7022266732 6.78289682351 3.42548604405 3.90740714021 4.02780973477 3.0898415957 3.26248855841 2.97612696671 3.11521513065 2.49886172254 2.13872538677 1.7537293208 2.51054039228 2.790554755 1.69622912055 1.90234113996 2.12304151648 2.24517723977 3.67746118321 4.3603253049 4.71344502949 4.23020709151
-9999 -9999 -9999 -9999 -9999 -9999 -9999 -9999 -9999 -9999 -9999 -9999 -9999 -9999 7.18307099606 10.913056417 15.2985923476 14.8427576896 14.2620177911 14.4061463796 13.8209058129 13.9306887942 13.3882909407 12.9882299101 11.9940070637 11.7797127389 11.9430388604 12.4139538574 11.2640788276 11.5617795236 10.808067431 10.1494811434 10.0289469085 10.8574721655 9.33502455421 3.93702312419 5.08909678652 4.22741204233 2.98291663205 3.97853384357 2.93090507693 3.22592355249 2.7641983461 2.81048089399 2.02493102223 2.17738610683 1.62670502861 2.04810479529 3.06690568577 3.34506901828 2.63462552675 1.54003835524 2.31392133981 2.12012841705 1.70231471235 2.01462189387 2.08761967571
-9999 -9999 -9999 -9999 -9999 -9999 -9999 -9999 -9999 -9999 -9999 -9999 -9999 -9999 17.5801736184 17.1278242944 16.4015531709 15.8995720847 15.1616790932 16.3736510501 14.6194024067 14.4961742872 14.1647444517 13.4873442699 11.876183412 12.2255214369 11.433862122 12.6542337875 11.9503148734 11.4686665131 10.889838731 11.1721427354 10.4733342452 6.355967015 4.05935618168 4.07645364503 3.72968381996 6.98057696407 3.33323811786 4.56353693022 3.15525048045 2.61793423799 2.19029143039 2.32094024419 1.86665005602 1.82228084486 2.56336563547 2.68863138144 4.83211930683 5.344122699 3.84246562923 4.35262210712 2.79772603118 2.98837297837 2.66612455431 2.28352716565 2.53430645504
-9999 -9999 -9999 -9999 -9999 -9999 -9999 -9999 -9999 -9999 -9999 -9999 -9999 -9999 -9999 16.7258224933 16.0405650967 15.6337520643 16.9240003839 15.4851242919 13.8930485583 13.9734209499 13.7033723583 13.6979231017 11.8640881513 12.4660499637 11.5053838605 11.9000988898 6.46571680721 11.3230404102 10.3453337601 10.4061071818 9.62618980552 6.03876873306 4.18087157048 4.19528472481 3.92588483964 3.89615922607 3.71990179449 3.57397044275 3.13405280393 4.47122942499 0.962187309497 1.30616232872 1.67015215653 1.2739706643 0.934313754195 1.05212489262 1.51884911042 2.08490743336 1.73197880333 1.58822258646 2.16390156398 3.34613767328 3.11679312004 3.07612247954 2.67077719296
-9999 -9999 -9999 -9999 -9999 -9999 -9999 -9999 -9999 -9999 -9999 -9999 -9999 -9999 -9999 -9999 16.2268823506 15.5464446587 15.2863651686 15.9877705689 15.2448313664 15.1274935666 13.3789416224 12.6681330169 12.3231386011 12.2788279633 11.2933093467 10.1846626587 5.90784678977 9.99167047973 11.5047219338 7.29904353302 4.74167749179 3.08058662289 4.10904951385 4.26261944845 4.08661362488 4.20291251226 4.06571405704 5.3354584433 8.05554740272 7.79499939211 5.80859530667 1.93674979851 0.907177981801 0.660627147066 0.513340417484 1.89338748535 1.67172858465 1.3734540468 1.74619226127 2.51608140149 1.96900032474 1.68490138949 1.86923515303 1.70145214251 1.58055106946
-9999 -9999 -9999 -9999 -9999 -9999 -9999 -9999 -9999 -9999 -9999 -9999 -9999 -9999 -9999 -9999 15.9119345836 16.0061129063 15.8866069172 15.4542742885 14.6198447501 15.283745314 14.2038347916 12.9443890842 12.5781695612 12.8448539368 11.6159720924 11.3204408856 6.08950609642 9.21570642505 6.21925007015 4.47569484488 5.06112847427 3.70000156636 4.25628557463 4.19420870706 5.07710372678 4.24308999882 4.04243903211 4.27814864531 6.33017128806 5.97563657413 6.30777645712 4.66638285432 2.79655518005 1.79610416318 2.3923190403 3.3575081022 1.36240325704 1.60663170811 2.05867238993 2.15009378469 2.69678304308 2.85638108861 3.34475841577 2.47175083309 1.5924537477
-9999 -9999 -9999 -9999 -9999 -9999 -9999 -9999 -9999 -9999 -9999 -9999 -9999 -9999 -9999 14.993678172 14.9086409827 14.9879009564 15.725667229 15.5978276245 14.7639316492 14.852436324 13.6414276534 13.2309498615 12.3122716783 12.5369840424 11.6838958142 11.7772797137 7.87951046236 10.4633837805 10.5317078121 10.6196725337 10.3643727949 7.64332241986 6.2703099746 6.53942071456 6.84632163522 7.11359368002 6.27481175467 3.86226096267 5.16961971093 3.84347378245 2.24611691392 2.19558874776 2.25378954773 1.55944474535 3.73264494675 3.58980424038 1.92349427981 2.14573493084 1.71502405542 1.4078649666 1.53282028222 1.67999967353 1.80455441782 1.85038699259 2.03876076118
-9999 -9999 -9999 -9999 -9999 -9999 -9999 -9999 -9999 -9999 -9999 -9999 -9999 -9999 15.5575620656 15.3290747227 15.0405931075 12.8816162821 14.4231625379 15.3873264372 14.4698634199 14.7395365709 13.3536753193 13.4561241261 12.2828517014 12.1763328368 11.3112426524 11.6237976575 11.25637789 11.260187446 10.2066719071 10.2853676801 8.6404200512 7.46003459962 6.49382029541 6.90458510337 7.00735904628 6.14983027313 1.66878779431 4.15082183132 4.48771348258 1.75685926942 1.49892594185 1.69782442724 1.08235758333 0.897313114061 2.27655015864 1.99510376175 2.08756464594 1.73195877631 1.54922600775 1.53678944147 1.62699960698 1.59505208763 1.51337381603 1.59347942484 1.71282543232
-9999 -9999 -9999 -9999 -9999 -9999 -9999 -9999 -9999 -9999 -9999 -9999 -9999 -9999 15.9897077577 16.0802436468 15.3983037061 12.6965771131 11.2737885803 12.4349799434 13.7273786543 14.2322643631 13.3947705616 13.5505122559 12.0887622522 11.6089004777 9.34905550612 9.43499304635 9.38564285309 11.0886028996 10.5771391008 9.44053741444 6.53786909058 6.13512171441 5.40151223781 6.67447761288 6.36289806185 7.47002943086 4.47279605873 4.58164405778 5.52531024399 5.15209242199 2.20013357282 1.95325756901 1.66770537834 0.878270587071 1.63805644242 3.0328170131 2.98892639467 3.32296827933 3.23863878943 3.21114472037 2.389179062 2.11645921341 2.34037070128 2.24888022669 1.77196268176
-9999 -9999 -9999 -9999 -9999 -9999 -9999 -9999 -9999 -9999 -9999 -9999 -9999 -9999 -9999 -9999 15.490802417 13.5894544843 13.2141970165 13.1134655926 12.5567251511 13.7601283931 13.7969328067 13.8022548424 12.2734370107 10.2236850575 7.1015269325 7.32666441958 6.34331074056 7.97415086427 8.5671738677 6.92170474881 6.20745196812 5.6328641742 5.5641564954 5.59895991819 5.67679291138 4.40566553492 5.82513710452 5.55442269419 3.4984988483 3.19416872132 5.42486147537 4.3741192185 1.10660851999 1.37122966803 1.1794207506 1.54513117922 2.11217306829 2.40397713349 2.29319810758 2.35771690277 2.07355645386 1.82609735746 1.32759040185 1.3938665975 1.92380194816
-9999 -9999 -9999 -9999 -9999 -9999 -9999 -9999 -9999 -9999 -9999 -9999 -9999 -9999 -9999 -9999 14.0419139962 13.8573683119 13.5658554673 12.4392432341 11.9994092185 12.5144877685 12.9614178252 13.2261123894 12.7602982195 10.6430554763 8.5027933395 8.30452084893 7.58554303241 8.08764386084 8.17198856753 7.96256841675 6.86108690217 5.94954423106 4.6260090565 4.83472864346 4.77675454995 5.29438458568 3.74645068205 3.21408609201 3.59781770443 4.38413499588 4.26231677022 4.73695055094 3.24631520679 1.22263920471 0.555031347738 0.919393862223 1.84343681751 1.4871433123 1.21482634775 1.23058435818 0.986585313393 1.10110086995 1.03515310549 1.04079074007 1.02566769229
-9999 -9999 -9999 -9999 -9999 -9999 -9999 -9999 -9999 -9999 -9999 -9999 -9999 -9999 -9999 -9999 -9999 -9999 13.6201515293 12.8847234238 11.5000842456 11.9589416546 12.7223377639 13.6694904141 12.5769416082 11.9739829039 8.19159590929 8.10090985072 7.70828565475 7.86418137408 6.78046783366 6.39667604665 6.05137892806 6.10482641837 4.57161236907 5.23757783468 5.01835152242 4.1182710594 3.68746596281 4.12115271104 3.15656022476 2.88444254213 2.60825670259 2.59314891475 2.19486037895 2.01645218594 0.705648536019 0.721140225697 1.07782470185 1.19620841984 1.36364687525 1.55570023259 1.0042136004 1.02681261555 1.10535936941 1.17012382619 1.09363840761
-9999 -9999 -9999 -9999 -9999 -9999 -9999 -9999 -9999 -9999 -9999 -9999 -9999 -9999 -9999 -9999 -9999 -9999 -9999 12.0617901571 11.7280638737 11.996749167 11.6296107035 14.6861704062 13.1596008369 12.9924902835 10.8443870304 8.21169879377 6.91463208417 6.78937263096 6.50603668166 7.21203069379 5.93604550102 5.60079175288 4.11579766596 3.46910201261 3.23780089443 4.12398669762 3.67153005451 3.8339488508 2.89629172788 2.7027243096 2.21554107418 2.6335278274 2.53967600934 2.62002426518 1.55410451005 0.651861836045 0.481064052486 1.01165831082 0.95854499737 1.18798255094 0.945624966953 0.938248922009 1.05654057003 1.0169362641 0.842857108777
-9999 -9999 -9999 -9999 -9999 -9999 -9999 -9999 -9999 -9999 -9999 -9999 -9999 -9999 -9999 -9999 -9999 -9999 13.0288074599 13.4050050039 13.1650619555 13.0421131558 11.628367582 14.0421573599 13.0665489699 13.1037437105 11.7040561303 10.4190177623 7.41844453389 7.1430922478 5.97129812319 3.69049587761 6.19965380389 5.30411972688 4.28003908867 4.8391692781 5.38591773166 5.19627290215 4.66583093381 4.41387824001 3.83324052883 2.89388167773 2.51411324139 3.69393113522 3.08270589907 3.38250302321 2.36316549869 2.52007193938 1.52664017081 0.673088731552 1.38048163545 1.63210654422 1.77504291869 1.82343352758 1.38605475672 1.22687971815 1.09601846779
-9999 -9999 -9999 -9999 -9999 -9999 -9999 -9999 -9999 -9999 -9999 -9999 -9999 -9999 -9999 -9999 -9999 -9999 -9999 14.2766333053 13.8963305745 13.6675251981 11.773342159 13.9741470998 13.5038324791 13.4415578942 11.3540053425 11.5352852965 9.34058204041 10.2005054184 7.59028993492 7.55325578209 7.59086964671 5.26341596789 5.38489100897 4.57424488692 3.0534149777 2.74448150077 2.35097856035 2.35245082658 2.45793336978 3.04310437854 3.13861180443 4.02495643876 3.89768325407 4.36364702934 2.89571054539 2.27617948701 1.76013394941 1.00634323094 0.370050491755 3.31211831576 3.72646228961 3.17323433452 2.93317169238 0.665801536468 0.772801907441
-9999 -9999 -9999 -9999 -9999 -9999 -9999 -9999 -9999 -9999 -9999 -9999 -9999 -9999 -9999 -9999 -9999 -9999 -9999 -9999 13.158789006 13.5403002183 11.8273221017 13.2405335397 12.9350170744 13.3163740631 11.2546036069 11.6955443176 11.8338849021 11.5237720363 10.5432348572 10.4137424638 6.63400284168 6.40261346869 5.04141681346 5.56010606964 4.19228235618 4.61710630749 4.32889232945 4.08540352383 3.23744404892 3.92567351959 3.60499470066 3.2152541819 3.84531400249 3.41789521887 2.8008359054 3.10470105765 2.6009961017 2.13234187052 1.45220663607 0.815960050837 0.38125985092 0.924217964226 2.7547305345 0.519595858754 0.528462164263
-9999 -9999 -9999 -9999 -9999 -9999 -9999 -9999 -9999 -9999 -9999 -9999 -9999 -9999 -9999 -9999 -9999 -9999 -9999 -9999 -9999 13.3580788647 12.2900971485 12.5232368635 12.4802850692 12.1898454672 11.2366611998 11.92749332 11.4479800824 11.3520743658 11.2791734722 11.1102529363 6.49829405202 4.81473345657 6.59204514173 5.95833838131 4.91975069877 3.8283400022 3.48324432709 3.78574041649 4.43124287041 4.61329310631 4.66603832895 3.36093796646 2.76112793222 2.19522863214 2.52771396428 2.7480047599 2.60375757987 3.12792557023 3.6414923769 3.41901488824 1.54844556413 0.745707070784 0.220200631997 0.287024746366 0.342663078561
-9999 -9999 -9999 -9999 -9999 -9999 -9999 -9999 -9999 -9999 -9999 -9999 -9999 -9999 -9999 -9999 -9999 -9999 -9999 -9999 -9999 12.6171896772 11.7427578679 11.7390716486 12.7391415811 13.4049332449 12.0337137542 10.5280545156 9.64815107066 11.0800232575 4.723615941 9.96159036873 7.27807110974 5.89162044193 4.12338609673 4.73599338808 4.17191228277 3.79274250561 3.36333325514 4.27794421877 4.46953368597 4.32462363843 3.40904619477 3.19858868366 3.52158651759 3.36475067518 3.03174916473 2.96196351413 1.98200389951 2.16459993845 3.4612102654 2.61228682007 1.64364086631 0.441084248129 0.414349081671 0.239646880028 0.254192189573
-9999 -9999 -9999 -9999 -9999 -9999 -9999 -9999 -9999 -9999 -9999 -9999 -9999 -9999 -9999 -9999 -9999 -9999 -9999 -9999 -9999 -9999 11.821194952 12.4298852949 13.4205287416 13.551739465 12.1062182551 10.6252938821 8.14379805555 8.76043651595 9.14572681995 9.3357510554 6.79123726554 6.08707096232 6.18375395168 5.27617416942 4.85039857163 4.52547529205 4.06151487242 4.30862339536 4.47842452199 3.30551726444 3.35851480496 4.08351067631 2.38642638581 2.14356478821 1.64103867273 1.98041958377 2.45780062272 4.13439431898 2.16359784053 3.36152566941 2.95274798042 0.760145389894 0.246118112666 0.214192394491 0.237410918203
-9999 -9999 -9999 -9999 -9999 -9999 -9999 -9999 -9999 -9999 -9999 -9999 -9999 -9999 -9999 -9999 -9999 -9999 -9999 -9999 -9999 -9999 12.0163714609 11.853714621 13.247163648 13.932223496 12.4469976172 9.46529668286 8.60066490688 8.76315758387 7.84632962173 7.95146877861 7.42089657177 6.42586947344 5.34525019318 6.35598595064 4.96230753964 4.52583813904 4.92205145708 5.05321434508 3.64503956101 4.54825005878 3.40806660075 2.85299422791 2.46090301121 2.6977438408 3.01996654482 3.19378749923 1.97347024334 1.9397018361 1.95808060024 3.8382157056 0.537181456828 1.47614693336 0.691025474841 0.589058662912 0.381027854723
-9999 -9999 -9999 -9999 -9999 -9999 -9999 -9999 -9999 -9999 -9999 -9999 -9999 -9999 -9999 -9999 -9999 -9999 -9999 -9999 -9999 -9999 11.8975094279 12.2521700955 14.1269504191 14.1680834346 12.4741119748 10.2183596824 8.86587563552 9.52971512725 8.30656151062 7.84411500054 7.09651773976 6.60781872339 6.5321416031 5.23336562031 4.88413826502 5.89427938508 5.17598317574 4.84091086729 4.60267962099 3.86501576771 2.81919142818 3.3755836099 3.84116821438 3.54404165926 3.21212151727 2.83381776566 2.22797827862 2.23144745672 2.68292777231 2.2685295599 1.09740300635 1.25999111872 1.46649175939 1.62194640878 0.733888358288
-9999 -9999 -9999 -9999 -9999 -9999 -9999 -9999 -9999 -9999 -9999 -9999 -9999 -9999 -9999 -9999 -9999 -9999 -9999 -9999 -9999 -9999 -9999 12.5627569152 14.4449467596 14.278767673 11.9465095609 9.53762839108 8.40518750391 9.31836767954 8.33681551851 8.67206795157 7.90199091081 7.90198168355 6.01655670344 6.4230262605 6.23081680112 5.67758749792 4.08438701078 3.96053135734 2.9530328923 3.68543573628 4.20181664256 4.26377111967 3.65235385349 3.31725719556 1.97338884362 1.75963630832 1.65736987455 1.76996422582 1.44137794885 1.73847930934 1.80315006272 1.98637246432 0.860189484832 0.531243842746 1.3218646461
