data/recharge/transience/oldversion/mHM_recahrge_93.ASC
ncols   80
nrows    72
xllcorner    4374000.0
yllcorner    5656000.0
cellsize      500
NODATA_value  -9999
[rows 24 to 47 of 72, columns 0 to 54 of 80]
-9999 -9999 -9999 -9999 -9999 -9999 -9999 -9999 -9999 -9999 -9999 -9999 0.704972719633 0.533169611541 0.336511010711 0.265027082567 0.18632185637 0.206050748722 0.170001568522 0.1405925778 0.140966117603 0.129115192794 0.12889974857 0.234606158989 0.16575852556 0.191261311008 0.198869375389 0.172755813957 0.123469023267 0.16984849172 0.119062875312 0.12633931668 0.084969742432 0.0758985568618 0.0577535915212 0.0760230661725 0.0508619747544 0.0817476821186 0.129827912977 0.0802493126889 0.0554364729601 0.0347571812839 0.03027428078 0.0300728133038 0.0344749375715 0.0336151834565 0.0259019833312 0.0227069080263 0.0208491562844 0.0277414231533 0.02504932869 0.0161480531714 0.0192594440243 0.019373489905 0.019989600837
-9999 -9999 -9999 -9999 -9999 -9999 -9999 -9999 -9999 -9999 -9999 -9999 0.457979007306 0.490974279445 0.402569484353 0.365080137902 0.214213096594 0.203467339085 0.145694722767 0.191409253978 0.133556590607 0.139512075583 0.105535887516 0.0613161483265 0.115964706204 0.208018061337 0.212434044757 0.185426489238 0.131087555719 0.107478477265 0.0839056317494 0.074027095404 0.0412237501622 0.0336127876385 0.0630991010529 0.0267339029531 0.040145802827 0.0888112970449 0.0658176664637 0.0632948096107 0.0508311588764 0.0243502929244 0.024479032722 0.0302735363093 0.0290593588952 0.0302218623939 0.0312122172261 0.0308917487288 0.0303337210028 0.0343984087927 0.0324145834984 0.0286529260817 0.0275268148197 0.020338938534 0.0223430365711
-9999 -9999 -9999 -9999 -9999 -9999 -9999 -9999 -9999 -9999 -9999 -9999 -9999 0.422574317006 0.426557222836 0.455838539541 0.276011670733 0.244897854949 0.174968231501 0.14889533147 0.12661498419 0.161524706464 0.161417530624 0.121354218463 0.120189443463 0.112760743699 0.146808476098 0.134052368279 0.121893789869 0.13798827112 0.101803792158 0.087977169249 0.0402904206423 0.0520566465246 0.0638765417499 0.00407532622653 0.0216326263631 0.0782852080249 0.0857605005853 0.0473970682736 0.0371397993496 0.0524643082136 0.025937430803 0.0250757040158 0.0181227064449 0.0188231670238 0.0215705403549 0.0201364736601 0.0141730857937 0.0124309961792 0.0168461032241 0.020209416847 0.0244827919176 0.0212862457893 0.0132219495505
-9999 -9999 -9999 -9999 -9999 -9999 -9999 -9999 -9999 -9999 -9999 -9999 -9999 -9999 0.296854886142 0.308191266149 0.218624873359 0.212347239803 0.181755363898 0.199265273059 0.144689067308 0.174263818157 0.154375607141 0.124324538668 0.0836931666175 0.0777146019312 0.082631090936 0.134125418722 0.121384937341 0.107555256458 0.0986980315356 0.0721893060027 0.0567214927471 0.0699335957116 0.0779373748854 0.00997842687895 0.0180986227936 0.0659518886564 0.055432014534 0.0207685752066 0.0177693947968 0.0377986293826 0.0485830468408 0.0327191207627 0.0200248741176 0.0257451841993 0.0199544633402 0.0152555476357 0.0177194171278 0.0232552910028 0.0223323782444 0.0142409057974 0.0135649140135 0.0115865420167 0.0164824837128
-9999 -9999 -9999 -9999 -9999 -9999 -9999 -9999 -9999 -9999 -9999 -9999 -9999 -9999 0.118308560018 0.179454972991 0.257249554406 0.219777859144 0.182477975893 0.196119676133 0.174313710931 0.179751573131 0.112891090542 0.16248590322 0.128583497669 0.13983691509 0.0678087480173 0.0765745246935 0.0835669029791 0.1010829041 0.0437678045111 0.0236489839678 0.0570157248476 0.123864370132 0.153524520108 0.0139512084551 0.0201093756992 0.0401564620816 0.0199393760384 0.0166173121676 0.0257435480493 0.0353747713072 0.0385641726484 0.0466667029845 0.0351233625112 0.0251518326438 0.00771951921158 0.00436907166434 0.00626986626044 0.0145840597433 0.0298760001989 0.0369482969341 0.0452149715001 0.0208314225134 0.0122854985692
-9999 -9999 -9999 -9999 -9999 -9999 -9999 -9999 -9999 -9999 -9999 -9999 -9999 -9999 0.177796828027 0.253250188414 0.325113027701 0.252929331681 0.225415689016 0.225378135029 0.182586674308 0.190212460106 0.168565798021 0.131898411579 0.095150564671 0.0825122487057 0.0930771830803 0.100530150535 0.0640516961059 0.0766212696328 0.0634326595552 0.0513565872599 0.0481918757412 0.0857550646802 0.158656578812 0.0140967493155 0.0191776680644 0.120369901166 0.0154297014881 0.0123118361892 0.0317938715045 0.0410479322316 0.0313029982351 0.0330756969836 0.0215172948564 0.026192217647 0.0161531259308 0.0271491342578 0.061305403457 0.0731756176729 0.0634091603373 0.0357761973338 0.0597402817981 0.0514232544382 0.0490199342263
-9999 -9999 -9999 -9999 -9999 -9999 -9999 -9999 -9999 -9999 -9999 -9999 -9999 -9999 0.651750754998 0.52185669673 0.445606321681 0.398857449669 0.295393734528 0.387257029009 0.197720035936 0.185500654731 0.180664847586 0.146799945799 0.102623219487 0.113853711026 0.0833481473402 0.119531957691 0.0883142199132 0.0761897965616 0.0698426314859 0.0826468761041 0.0665981731185 0.0253921991382 0.017429359975 0.017854806371 0.0126939420217 0.0451623562046 0.00934430915505 0.0189830075878 0.0180726161804 0.0296892299229 0.0201635371277 0.0236176083823 0.0175807677369 0.0197027856394 0.047010815827 0.0616452550106 0.1370802275 0.159553411278 0.109759657244 0.12854969358 0.0817127393558 0.0774563472754 0.066252780111
-9999 -9999 -9999 -9999 -9999 -9999 -9999 -9999 -9999 -9999 -9999 -9999 -9999 -9999 -9999 0.404512867849 0.346597696384 0.289976061818 0.336977264384 0.24373548342 0.143170960717 0.148800445285 0.143898189125 0.157467042769 0.101467916243 0.108009849525 0.0746765011559 0.0915091207612 0.0601111808425 0.0702884518595 0.0509981542038 0.050554613546 0.0385248676729 0.0439765044577 0.0208248896752 0.02127550828 0.0168873436201 0.0161523980449 0.0140809705814 0.00642764538149 0.00267131891623 0.00494467532356 0.016433149343 0.0166556188737 0.017026829469 0.0187259560861 0.0193851736897 0.0219339883882 0.0371847289331 0.0412800427699 0.0249486817718 0.0205338377319 0.0440418965768 0.0857639768823 0.0828249737151
-9999 -9999 -9999 -9999 -9999 -9999 -9999 -9999 -9999 -9999 -9999 -9999 -9999 -9999 -9999 -9999 0.343787817393 0.252784104994 0.254438143051 0.360169701697 0.25938320465 0.288435694846 0.134677324967 0.110120204773 0.110743394801 0.0976384474971 0.074759623914 0.0547110727538 0.0391398676205 0.0616986055548 0.0770465088179 0.0482788061624 0.0480658994499 0.0314023656176 0.0195852359541 0.0244542417556 0.0220519052801 0.0262663657151 0.0241787700691 0.0354507979802 0.0603366113744 0.0490391371908 0.0450693133005 0.0406459047325 0.0186788013456 0.0128081813452 0.01027813644 0.0350637573637 0.0238027063077 0.015226526195 0.0286497523333 0.0553166442385 0.0387935775189 0.0284324268873 0.0382186265375
-9999 -9999 -9999 -9999 -9999 -9999 -9999 -9999 -9999 -9999 -9999 -9999 -9999 -9999 -9999 -9999 0.294205181405 0.309741290102 0.318981425996 0.256221004552 0.191409796402 0.268650663276 0.203453885186 0.130561928784 0.10683271607 0.12204483925 0.0847419561777 0.0772056904586 0.0365778396361 0.0491076474272 0.0297653988869 0.0250135911899 0.0279067719448 0.0280396831494 0.0323694847584 0.0221382613758 0.0331676187417 0.027945706748 0.0233413607458 0.0207844155838 0.0290044059881 0.0135069058854 0.0313699579437 0.115248714463 0.0606766684281 0.0375510736567 0.027856157411 0.0127406572985 0.0147000966243 0.0217952499636 0.039550361271 0.042728920854 0.0649746212032 0.0707245487113 0.0939466129018
-9999 -9999 -9999 -9999 -9999 -9999 -9999 -9999 -9999 -9999 -9999 -9999 -9999 -9999 -9999 0.168551378742 0.168872864906 0.229978456043 0.251504997062 0.240099874955 0.178366953443 0.183788076493 0.128001792997 0.121766124994 0.0935963246798 0.103550703067 0.0849466378754 0.0899283755849 0.0464650286339 0.0650281506401 0.065736278154 0.0689426849443 0.0677879924552 0.0294401827572 0.0181401131337 0.0454108524044 0.032997925473 0.0571541670506 0.0393756725248 0.0136370216961 0.0250268086248 0.0472836792254 0.0552514799711 0.0540506577627 0.0566703689968 0.0397883639999 0.00412536427354 0.00896658226713 0.025065138277 0.0434668997943 0.0309704537037 0.0203834344337 0.0260517435742 0.0314931077968 0.0384513071435
-9999 -9999 -9999 -9999 -9999 -9999 -9999 -9999 -9999 -9999 -9999 -9999 -9999 -9999 0.233580751199 0.197688677232 0.180260648288 0.289221565665 0.239880479468 0.213265986401 0.163250873079 0.189756645898 0.130112213869 0.137454244896 0.0939479653884 0.0874198793435 0.0711824243879 0.0771284556787 0.0730893667743 0.0729954878606 0.0541881326474 0.0563798195887 0.0437168407908 0.0721257274809 0.10955163733 0.189189352578 0.0240942712216 0.0131704190304 0.0433772803669 0.0402511308011 0.0271805828847 0.0407846272073 0.0374918582944 0.0422766088272 0.0279645788145 0.0229893103502 0.0192510148131 0.0446374930558 0.0414245810664 0.0292077204205 0.0250895952676 0.0246649400566 0.0295102860392 0.0283354215979 0.02704212673
-9999 -9999 -9999 -9999 -9999 -9999 -9999 -9999 -9999 -9999 -9999 -9999 -9999 -9999 0.266784179247 0.273822324986 0.218333889066 0.254524321868 0.223835824157 0.184113516425 0.128356307948 0.152817405811 0.124531264809 0.134767769899 0.0926467430865 0.0774711495953 0.0878687180973 0.0975968980354 0.0832124472546 0.0784818952568 0.0695096897194 0.0978682985208 0.170616042574 0.149393454612 0.119374429057 0.188401633335 0.179190445974 0.226555010319 0.115954756934 0.119549789071 0.163409728761 0.148409227852 0.0590610166396 0.0527831219107 0.0482007756341 0.0262755785618 0.0486288633307 0.0871697163219 0.0754003788597 0.0882834064674 0.0885447086184 0.0875661484461 0.0623009748314 0.0520127390198 0.0642904786901
-9999 -9999 -9999 -9999 -9999 -9999 -9999 -9999 -9999 -9999 -9999 -9999 -9999 -9999 -9999 -9999 0.225608672107 0.405378371465 0.398494865334 0.388189779925 0.271390758657 0.147603503537 0.149845791305 0.150902186941 0.100851832821 0.143458178733 0.0926110559182 0.100138967673 0.0771126158106 0.126040141989 0.107214688761 0.151794158839 0.152995562794 0.124333974537 0.132402440024 0.134079377861 0.154742623221 0.11654710849 0.17341240013 0.168091789514 0.0937287382818 0.0886156639619 0.0702744636694 0.0418397089889 0.0330476318535 0.0403611569532 0.0362212098884 0.0387444155002 0.0435336778446 0.0550850919086 0.0538145934837 0.0561577863042 0.0503548038864 0.0407353007294 0.0237715250641
-9999 -9999 -9999 -9999 -9999 -9999 -9999 -9999 -9999 -9999 -9999 -9999 -9999 -9999 -9999 -9999 0.4856412679 0.455935403458 0.423883389843 0.299185518976 0.284499861969 0.27214421995 0.111464567258 0.118787349498 0.117445779924 0.179393325333 0.15231515015 0.144358821181 0.138590276453 0.160043967309 0.186073375823 0.171860800079 0.133637232823 0.134391122126 0.0908436999524 0.100327715107 0.107756819108 0.132644318179 0.078554465152 0.0647571991988 0.088955489552 0.122608076392 0.0246238613512 0.0434689331724 0.111835743825 0.0400373318594 0.0191895006845 0.0318372843566 0.0389024772725 0.0256341531829 0.0182380675877 0.018790845297 0.0137443675748 0.0177670989173 0.0174710373652
-9999 -9999 -9999 -9999 -9999 -9999 -9999 -9999 -9999 -9999 -9999 -9999 -9999 -9999 -9999 -9999 -9999 -9999 0.43150984834 0.34372795422 0.24593344805 0.280916897192 0.208018758917 0.147211860136 0.10830346011 0.121487421695 0.133628554344 0.14553276726 0.148199899692 0.145686577562 0.103209554577 0.085041622132 0.0817045370843 0.105827231941 0.0884648053758 0.119306271125 0.11919836818 0.0780633346771 0.0707843226642 0.101835338787 0.0703520957507 0.0589387412605 0.0452607249673 0.0447218270515 0.0446606012386 0.0564719079031 0.0248432869036 0.0254668950048 0.0403885985333 0.0187761490522 0.0227073305718 0.0279346213978 0.014322433167 0.0150924473748 0.0201735541945
-9999 -9999 -9999 -9999 -9999 -9999 -9999 -9999 -9999 -9999 -9999 -9999 -9999 -9999 -9999 -9999 -9999 -9999 -9999 0.269199040906 0.255882769166 0.280658917036 0.24364019906 0.199861868953 0.129368462852 0.120008680723 0.104137730842 0.153180044159 0.102154841693 0.0959095365696 0.0981873711699 0.11514282516 0.0817309637692 0.0723254898639 0.0580279032848 0.0548439942802 0.053546326659 0.0860737440002 0.0772144149988 0.0926469544256 0.0650529851256 0.0567746498073 0.0426681055827 0.0605786497906 0.0636585103488 0.0673843639964 0.0507049974884 0.025758060924 0.0203342476338 0.0424356299446 0.0242763660747 0.0213433989875 0.014819219352 0.0145406904901 0.0208939548342
-9999 -9999 -9999 -9999 -9999 -9999 -9999 -9999 -9999 -9999 -9999 -9999 -9999 -9999 -9999 -9999 -9999 -9999 0.371590313853 0.41758968388 0.402223662912 0.387668309322 0.269008347747 0.147248838258 0.124351018175 0.11955294864 0.0928739577379 0.130146599843 0.12961001983 0.113798569017 0.0382687674046 0.0288087207134 0.0649434368033 0.087467537464 0.0817111576387 0.101423901952 0.130258570701 0.12297761904 0.113411359005 0.109415454714 0.105037085554 0.0649494873913 0.0550713290595 0.0187859211169 0.0292849311633 0.0192321781245 0.0619237206245 0.0961549923254 0.0585463619314 0.028752815704 0.0386280526562 0.0722534515912 0.0629845401306 0.0518372499394 0.0353882415283
-9999 -9999 -9999 -9999 -9999 -9999 -9999 -9999 -9999 -9999 -9999 -9999 -9999 -9999 -9999 -9999 -9999 -9999 -9999 0.545018746055 0.49946778897 0.466257515649 0.28369852513 0.16479677225 0.147099654941 0.143720506062 0.0821856247246 0.107959031506 0.119706427056 0.151456034376 0.0677269993964 0.0661422628555 0.112598071627 0.113344907292 0.0633429036704 0.0463871853838 0.0525054710439 0.0424091053021 0.036541764997 0.0365769609319 0.0457907568319 0.0747213299986 0.0411029048036 0.0222555784221 0.0224859415451 0.0946443110239 0.0912252221244 0.0661695863562 0.0761356097082 0.045145233848 0.0124058349908 0.00730605628274 0.00891223649144 0.0194824624596 0.0318890882779
-9999 -9999 -9999 -9999 -9999 -9999 -9999 -9999 -9999 -9999 -9999 -9999 -9999 -9999 -9999 -9999 -9999 -9999 -9999 -9999 0.394539844975 0.445219548701 0.288335225974 0.213419264347 0.113337105905 0.135753985114 0.0859751105835 0.116200661058 0.134179564931 0.112652027953 0.08024244107 0.0743341948567 0.0685818895723 0.0721495778941 0.0392224283416 0.054017193792 0.0945771084363 0.114138496248 0.110857212203 0.101224722813 0.0725887443813 0.107039001856 0.108694035078 0.0921588739933 0.127501718983 0.107924165252 0.0867535287512 0.100919261256 0.0882049714592 0.0927335123776 0.0661675919375 0.03982326179 0.0197492312307 0.0108927069396 0.0116379915772
-9999 -9999 -9999 -9999 -9999 -9999 -9999 -9999 -9999 -9999 -9999 -9999 -9999 -9999 -9999 -9999 -9999 -9999 -9999 -9999 -9999 0.432860069549 0.338330698557 0.331420712605 0.10744579379 0.0939412943891 0.0858835387587 0.139006087656 0.108987001018 0.0983642952947 0.101379227053 0.109049929023 0.119267119843 0.0428095899731 0.138212266288 0.168389129631 0.137308303124 0.0919717160151 0.085103435753 0.0914104233344 0.134935664649 0.14446227383 0.159790268168 0.103291235897 0.0813850941705 0.0539182129904 0.0762796118924 0.0871065929187 0.0863134051286 0.111673833984 0.161848653416 0.0467822777722 0.0568726464344 0.0410361791581 0.0101603738711
-9999 -9999 -9999 -9999 -9999 -9999 -9999 -9999 -9999 -9999 -9999 -9999 -9999 -9999 -9999 -9999 -9999 -9999 -9999 -9999 -9999 0.347469864365 0.287007644959 0.287616601523 0.16390071946 0.163757327918 0.118449010402 0.167099859468 0.151879606498 0.109172543405 0.0473524954195 0.0814823973469 0.135526697816 0.145432471259 0.0864786873168 0.114319641415 0.0989097994741 0.0888037532175 0.0805514040376 0.12419142164 0.136895558296 0.129386069632 0.0925130735983 0.0894133050358 0.117324167431 0.109890616471 0.100555022402 0.0972767625293 0.0603474856572 0.0639310359555 0.0345614735266 0.0154267589073 0.0139843304714 0.0210392955222 0.0251733169487
-9999 -9999 -9999 -9999 -9999 -9999 -9999 -9999 -9999 -9999 -9999 -9999 -9999 -9999 -9999 -9999 -9999 -9999 -9999 -9999 -9999 -9999 0.314022710854 0.376268110387 0.194689602863 0.155621691838 0.110856675318 0.19779303459 0.190486815249 0.189348543468 0.15043518567 0.163974594948 0.149738171089 0.176896350484 0.202006991397 0.14830427662 0.146294432711 0.126663921641 0.112107452984 0.132070256787 0.143604597205 0.0818040361093 0.0947342565987 0.132845188464 0.0654441968422 0.0558971792277 0.0437228378696 0.0601604764348 0.0855615762308 0.0388675713084 0.0118872033839 0.0113467420529 0.0618284420649 0.0442372531375 0.0136555714394
-9999 -9999 -9999 -9999 -9999 -9999 -9999 -9999 -9999 -9999 -9999 -9999 -9999 -9999 -9999 -9999 -9999 -9999 -9999 -9999 -9999 -9999 0.331395001728 0.317328381165 0.18147710497 0.18354526838 0.128635865587 0.170991181076 0.225796233795 0.235651738051 0.192761336077 0.200815586124 0.195106182931 0.201150503994 0.152284120058 0.212632503859 0.145987789717 0.132818105475 0.161321697238 0.163643313734 0.0991234269468 0.147436417544 0.0973120211413 0.0690315669628 0.0600099027696 0.0831142296931 0.110583640039 0.113820030413 0.0561880231503 0.0460172229677 0.0243546738241 0.0289779849363 0.0330326942883 0.0740471310045 0.0417056358862
