data/recharge/transience/oldversion/mHM_recahrge_34.ASC
ncols   80
nrows    72
xllcorner    4374000.0
yllcorner    5656000.0
cellsize      500
NODATA_value  -9999
[rows 26 to 51 of 72, columns 0 to 56 of 80]
-9999 -9999 -9999 -9999 -9999 -9999 -9999 -9999 -9999 -9999 -9999 -9999 -9999 14.9720257685 14.9773211531 15.1644006421 12.6445682573 12.6315025155 11.2640425723 10.8929311212 10.1413119916 10.5843868958 10.9337311358 9.68237020864 8.31465552577 6.91070045198 6.44051461029 5.31063507814 5.27812878369 5.62531089712 4.70645301532 4.45557738661 5.12847164225 3.70840762228 3.65953137593 3.15501911953 5.22232803378 4.17015944184 3.77699871488 2.61553940235 2.25262516862 2.84190549161 1.754181267 2.05831091689 2.09895195358 2.71924305961 3.57810730217 3.46006725666 1.90760175574 1.25657160987 1.16505371875 1.27490308547 1.39079079828 2.04290221411 2.07201871699 1.05509193414 1.0389232916
-9999 -9999 -9999 -9999 -9999 -9999 -9999 -9999 -9999 -9999 -9999 -9999 -9999 -9999 12.9721607239 13.0102025625 12.001291223 12.0369232545 11.1783357492 11.5207581176 10.200506595 11.0523340929 10.6952929033 9.3062594496 7.4332002501 7.43133039215 7.57891409832 7.56289251408 5.73602259491 4.9513521231 4.81200766457 6.09453420527 6.30375920508 4.60732179088 4.25813408567 4.43463262245 5.25689809243 3.21053194148 2.72642074479 3.00731581062 3.09784355459 2.51952656454 2.69507304379 2.05601450468 1.43598177366 1.70607432345 1.33639292892 1.54603696317 1.17764957084 1.45474233966 1.36430449829 1.0083762065 0.927523828246 1.88105296743 2.29498316517 3.48848714159 3.62139412453
-9999 -9999 -9999 -9999 -9999 -9999 -9999 -9999 -9999 -9999 -9999 -9999 -9999 -9999 4.05891980859 9.23806836583 12.6637421695 12.5496013861 11.6265265751 11.8909814884 11.2695724268 11.2515712253 9.50704519216 10.7346535445 9.71629147155 9.59317251632 7.23286734181 7.42763171319 8.02069835704 7.89209097041 6.02808153618 3.74894235998 5.913279825 6.52681806021 4.24796895533 3.40232765539 4.71485288622 2.22652527452 2.84538641154 3.09737616227 2.27386264198 2.40761531841 2.17757568864 2.49891512992 2.05000916468 1.61369230802 1.45479179022 1.96411699497 2.214351073 1.36442943738 1.65122753341 1.93799647747 2.18340283798 3.42523844429 3.97997320194 4.40626218958 5.04866873125
-9999 -9999 -9999 -9999 -9999 -9999 -9999 -9999 -9999 -9999 -9999 -9999 -9999 -9999 7.15581278166 10.87083879 14.1378441957 12.6678036056 11.9609960226 12.0410381164 10.9364629556 11.2652181555 10.5547394153 10.1229161678 8.70998941121 8.30931051923 8.14698502978 8.93825198274 7.16237965031 7.7364825546 6.85386255113 6.56733571553 5.71370124238 4.91518025005 6.53775776721 2.89778944796 3.48900587613 3.12111325831 2.13052374104 2.90339135491 1.99219277336 2.30188804342 1.93797857395 1.99639826809 1.44885640408 1.6613634174 1.15817442296 1.66594214961 2.95948724463 3.34016158997 2.93896914887 1.9150577638 2.89551744778 2.63909458781 2.3532061256 2.63445819085 2.15931112326
-9999 -9999 -9999 -9999 -9999 -9999 -9999 -9999 -9999 -9999 -9999 -9999 -9999 -9999 16.6311151376 15.9339985212 15.4386598165 14.1476181265 12.9842732646 14.4197303341 12.0245075235 11.7184992646 11.6014674391 10.3914457035 8.4196369667 8.87285855917 7.67035946947 9.50493631785 7.91813276928 7.66012235606 7.11022259414 7.65443517109 6.76984267248 4.73117628123 3.08724012285 3.10961108068 2.74119181083 4.69319423603 2.34903991276 3.09210846109 2.48398021836 1.70552160868 1.43262661206 1.57796419468 1.25542192845 1.30765918164 2.38028538242 2.98732073344 5.21971530162 5.80885956039 4.41813861097 4.80142915919 3.34704447078 3.18412698395 2.78124421746 2.30704392928 2.62866938407
-9999 -9999 -9999 -9999 -9999 -9999 -9999 -9999 -9999 -9999 -9999 -9999 -9999 -9999 -9999 15.1601031645 14.6617455115 13.2824801092 13.4009080314 12.9927528762 10.7402774898 10.9998887284 10.6704781152 10.5504227454 8.37964277749 8.97914341057 7.67338429136 8.02687126572 5.09250100329 7.46506440331 6.14017878842 6.05382141656 5.21247557119 4.35354495069 3.25049506865 3.26995648324 3.00105386682 2.96092515638 2.82587563577 2.75717673936 2.34693323414 3.19176605915 1.01873017283 1.03132900102 1.15801548691 1.13222662995 1.19306360826 1.34964854079 1.98006028748 2.05824942635 1.39983961551 1.22551473071 2.07585086939 3.48404463311 3.30864636204 3.26184538788 2.79471175127
-9999 -9999 -9999 -9999 -9999 -9999 -9999 -9999 -9999 -9999 -9999 -9999 -9999 -9999 -9999 -9999 14.4733162603 12.8565317046 12.5879500645 13.783388175 12.9610609527 12.4211093504 10.2762975169 9.31228567035 8.85712888361 8.62717620408 7.33564729938 7.13021280552 4.95151806339 6.90624048851 6.76381062691 5.24134961604 3.55249077782 2.45567534793 3.14815576736 3.35654794331 3.23125341875 3.39197167115 3.30272454067 4.17716462951 6.93797480217 6.69827780526 4.78018272377 2.263599339 1.09382300304 0.743309894361 0.577481815557 1.79475017201 1.35278914606 0.993857518889 1.50290765817 2.50374231325 1.83975266208 1.45415847071 1.76621100698 1.5326179905 1.43175714214
-9999 -9999 -9999 -9999 -9999 -9999 -9999 -9999 -9999 -9999 -9999 -9999 -9999 -9999 -9999 -9999 13.7112064294 13.9628056953 13.8978875585 13.2458817769 11.6599043344 13.2606504557 11.6001146855 9.59279434184 8.9602908725 9.47357847985 7.77738482622 7.70820233416 4.88128825443 6.38569921759 4.6572446668 3.68980504252 4.03518794794 3.15653014369 3.42896032187 3.26365328933 3.97864197607 3.44822474066 3.2704359752 3.30014728427 5.35374155479 4.76895517283 5.63607959514 4.83059593155 3.08320562797 2.09331243683 2.26149751336 2.56211925451 0.948481326584 1.27307908417 1.92381048942 2.04192911591 2.76493833862 2.95329677843 3.58542537455 2.56063139464 1.44741116861
-9999 -9999 -9999 -9999 -9999 -9999 -9999 -9999 -9999 -9999 -9999 -9999 -9999 -9999 -9999 11.4516522239 11.5842361431 11.8262678194 13.075535568 12.9018613281 11.9696735132 11.9617202937 10.4250999739 9.69594072562 8.3961832535 8.79257866404 7.75473425828 7.86495327705 5.97509237266 7.35878540979 6.5931055021 6.74537851803 6.40222602066 4.79452236588 4.24393725699 5.25833284127 4.88512237517 4.76340234946 4.2451433298 2.78587964564 3.90574892556 3.69884287789 2.7055226829 2.65877536525 2.73352219504 2.03234901452 2.85164417186 2.93197042505 1.85039256399 2.07021801719 1.54841861552 1.14869736876 1.33562563491 1.52954180414 1.74064968748 1.80453676066 2.12113380653
-9999 -9999 -9999 -9999 -9999 -9999 -9999 -9999 -9999 -9999 -9999 -9999 -9999 -9999 12.253931949 12.0343369178 11.8218422701 9.71691674153 11.0020973011 12.4892417078 11.2558141281 11.8425145824 9.94751517023 10.1626076654 8.40883500402 8.13017242912 7.08634607067 7.45245934196 7.27850964971 7.2747693385 6.00455514671 6.1208429206 4.56657020388 4.1450029508 3.64475993113 6.0047158215 5.92755840802 4.64947241919 1.86800634867 3.41121042889 3.70919489082 2.14089073543 1.95742275364 2.17068874329 1.47414148054 1.21872583333 2.18132086076 2.05417214351 1.97630385076 1.51903316213 1.3266422312 1.31105780463 1.45786197686 1.41667017216 1.3423246518 1.44715526427 1.56799071788
-9999 -9999 -9999 -9999 -9999 -9999 -9999 -9999 -9999 -9999 -9999 -9999 -9999 -9999 12.6637097133 13.0564363509 12.3389442989 9.16163644756 7.9022705459 8.37560852334 9.88269936395 10.8277695335 9.73689078037 10.0602589278 8.15389631585 7.25821197003 5.46989067604 5.67934001564 5.34907278755 7.06702250017 6.59716666618 5.97790505306 5.32856204621 4.86313575306 3.87497848125 5.60854460084 5.95974066439 6.92343529764 4.49240623826 4.58682408463 5.62000859826 5.28242157005 2.68991258902 2.45271833364 2.25134591151 1.27964157841 2.25907192413 2.94013115693 2.88274025966 3.45969686509 3.4423487214 3.41120097007 2.56704040452 2.21245107227 2.6007949517 2.48270555643 1.84350775721
-9999 -9999 -9999 -9999 -9999 -9999 -9999 -9999 -9999 -9999 -9999 -9999 -9999 -9999 -9999 -9999 12.4645374048 10.9595590043 10.7389379986 10.6133853115 9.52609939823 10.0070450023 10.496528799 10.5234923724 8.49214014998 6.74902797045 4.25021560632 4.48929235265 3.76733647524 5.17687182542 5.42915975131 5.16060360594 4.94097165868 4.27517214018 4.43847476868 4.47782281919 4.89969258683 4.26944989363 5.60276546753 5.47817580749 3.63541051639 3.51412754949 4.93530238752 4.05066479776 1.59936515683 1.92360354163 1.73171410139 1.5057180044 1.84019464988 2.38801551762 2.319643639 2.40199180172 2.15633089464 1.82275365889 1.20146070372 1.293094145 2.09848460466
-9999 -9999 -9999 -9999 -9999 -9999 -9999 -9999 -9999 -9999 -9999 -9999 -9999 -9999 -9999 -9999 11.2761918568 10.9903802259 10.773497918 9.11473127482 9.04118873303 9.33986137846 8.87213971046 9.35712678467 9.07483113167 7.312919252 5.83281844031 5.57215145487 4.9052715432 5.50573488756 5.94260904646 5.65752447278 4.70512387116 4.40303065206 3.31494013979 3.54057785809 3.68275448554 4.27382771629 3.02229054218 2.75620402784 3.43089875142 4.33547129462 3.9695164517 4.42983277962 4.0052122547 1.79103802379 0.841181019627 1.39598241169 1.70372135294 1.28020023204 0.991150736517 1.01282330606 0.791021476617 0.952474319908 0.932407624036 0.941774260892 0.923324932375
-9999 -9999 -9999 -9999 -9999 -9999 -9999 -9999 -9999 -9999 -9999 -9999 -9999 -9999 -9999 -9999 -9999 -9999 10.8560184163 9.7846522719 8.25590939694 8.97121480865 9.23545291977 10.2560074405 8.7369414381 7.9537295718 5.31687449947 5.29531372982 4.91883570974 5.21649153298 4.19273260562 3.74266524717 3.58427356664 4.00401431363 3.2584828435 3.98555962666 3.95129702101 2.97049151852 2.76905998173 3.7818595474 2.905359945 2.56755426372 2.47931110658 2.459299544 2.09813147642 2.30491341304 1.10325983623 1.13868905855 1.7413155404 0.975617751617 1.09492597903 1.18227070052 0.814186941522 0.845220469348 1.0343409344 1.1313624369 1.02331116609
-9999 -9999 -9999 -9999 -9999 -9999 -9999 -9999 -9999 -9999 -9999 -9999 -9999 -9999 -9999 -9999 -9999 -9999 -9999 8.42278394647 8.31857308583 8.76108663154 8.34001850079 11.6458165521 9.49241035432 9.12477021472 6.43337659185 5.00591281053 4.07305164675 3.92403463245 3.89723388887 3.83987405738 3.27687421519 3.19752097686 2.49432198849 2.27599903579 2.21526569238 3.09224790571 2.80755294911 3.31196981166 2.65544562805 2.41203710418 1.98380232516 2.51388123825 2.5692399131 2.70051299354 1.97553859948 1.06294734635 0.814930122317 1.73189078576 0.998974549268 1.05537985106 0.806630811477 0.795500820829 1.03313992975 0.973288231116 0.750666310904
-9999 -9999 -9999 -9999 -9999 -9999 -9999 -9999 -9999 -9999 -9999 -9999 -9999 -9999 -9999 -9999 -9999 -9999 9.96303039549 10.5224420926 10.4880557006 10.3106960423 8.61880456585 10.3813757465 9.32018791269 9.40310683687 7.6163785564 6.28288141862 4.68640856823 4.34071464914 4.2580745908 2.76936027131 3.67558349442 3.34915868915 3.13969893543 3.71181496435 4.4575684124 4.26683689796 4.00332413697 3.87047156228 3.76983435751 2.65175172194 2.31784790851 2.92482206716 2.63362403091 2.90868063034 2.48348013636 3.4516322174 2.35316611254 1.185908795 2.06717368549 2.44118345872 2.22387108045 1.94817336739 1.49104690891 1.29346682525 1.15361957382
-9999 -9999 -9999 -9999 -9999 -9999 -9999 -9999 -9999 -9999 -9999 -9999 -9999 -9999 -9999 -9999 -9999 -9999 -9999 11.5335251669 11.2504119061 10.912512109 8.76817176534 10.2437690061 9.96464009959 9.8638469397 7.31014354144 7.5956380305 5.56775831767 6.64999010588 6.15412359804 6.13213034093 4.90297597265 3.82024184566 3.7123545087 3.22096495658 2.07987259498 1.76788201834 1.57045438976 1.57086285369 1.87438836643 2.77161448286 3.23191674973 3.76822925122 3.7071671932 4.72826437457 3.27382215279 2.50960577608 2.78454723655 1.77855533738 0.634021146561 2.92540121627 3.3103978875 2.80492658915 2.97693482281 0.751645754211 0.707915871357
-9999 -9999 -9999 -9999 -9999 -9999 -9999 -9999 -9999 -9999 -9999 -9999 -9999 -9999 -9999 -9999 -9999 -9999 -9999 -9999 10.0856953435 10.6881880889 8.85457613315 9.42944026594 8.84584049752 9.617529635 7.20811415077 7.82579566591 8.42599943865 7.75938213082 6.34935805654 6.11533931836 3.62812438183 4.5724461277 4.23315464178 4.42143537508 3.22466395317 3.64935318468 3.62928365986 3.31574287063 2.59027174333 3.44067557092 3.70869081217 3.29725672726 4.23290726684 3.72666988362 3.15138413875 3.54410797886 3.14365443084 3.21677322441 2.48309353488 1.52734995621 0.760428086546 1.15858561159 2.63680805392 1.18136731905 1.27669363213
-9999 -9999 -9999 -9999 -9999 -9999 -9999 -9999 -9999 -9999 -9999 -9999 -9999 -9999 -9999 -9999 -9999 -9999 -9999 -9999 -9999 10.3203901368 9.31443802114 9.45112389995 8.28273517254 7.72358869944 7.06512201983 7.99226224217 7.36756227548 6.9206959795 6.30150014968 7.0557793634 4.47229000527 4.18566937525 5.41461499144 4.77455455053 3.87669421307 2.79639944714 2.5903098488 2.89906756543 3.90093499409 4.11838107743 4.56716626848 3.46203169454 2.91605890101 2.16766480049 2.7889814665 3.083788969 3.07647957231 3.73678544389 3.3324776234 3.42078288645 2.07517906705 1.57928719269 0.358432229177 0.606495367585 0.855206599768
-9999 -9999 -9999 -9999 -9999 -9999 -9999 -9999 -9999 -9999 -9999 -9999 -9999 -9999 -9999 -9999 -9999 -9999 -9999 -9999 -9999 9.18114677839 8.47586406705 8.49021976855 9.01082533925 10.1165184929 8.26902479991 6.65542268665 5.96099169041 7.70699959031 4.26922825085 6.57744562915 4.67080522351 4.37907890881 2.80691458689 3.3805101078 3.05291869505 2.97059254995 2.77236663993 3.437990118 3.94794620733 3.77741623041 2.95644055686 2.98033385702 3.86935335647 3.67691363492 3.44918525586 3.35953734555 2.20959281002 2.37904145543 2.91919333774 2.14177208475 1.89947092021 0.767421104531 0.982230717243 0.427254999573 0.541248043143
-9999 -9999 -9999 -9999 -9999 -9999 -9999 -9999 -9999 -9999 -9999 -9999 -9999 -9999 -9999 -9999 -9999 -9999 -9999 -9999 -9999 -9999 8.70912103068 9.65511981836 9.81868226071 9.94562864558 8.10819173234 6.93348967936 5.06335031261 5.5326598165 5.54829999334 5.83799027751 4.33855279928 4.50518253424 4.93663351226 3.869396405 3.78194200108 3.50424324688 3.47638589568 3.44411340126 3.92419761146 2.60683860331 2.90930286514 3.74511244393 2.3724683009 2.15729384447 1.69767635834 2.21699186317 2.97539577044 4.16161804882 1.9158601483 3.00744137183 3.92039765142 1.67962203371 0.481498752873 0.359541025559 0.501917434949
-9999 -9999 -9999 -9999 -9999 -9999 -9999 -9999 -9999 -9999 -9999 -9999 -9999 -9999 -9999 -9999 -9999 -9999 -9999 -9999 -9999 -9999 8.98595056223 8.76477611799 9.49954021264 10.7066620552 8.71340095509 6.11832668971 5.76324829037 5.96778947966 5.16492296714 5.30489065639 5.11597563192 4.89244593521 3.94944836266 5.14337114919 3.87245830642 3.41105310503 4.1116080622 4.29793310121 2.97986705802 4.00569929863 2.9665759827 2.34577988362 2.15351694208 2.85231273144 3.43475069291 3.70808324254 2.19386845186 2.18666385983 2.27855543491 4.05508182504 1.25427347325 2.67174210622 1.61200106945 1.41820259966 1.00864194376
-9999 -9999 -9999 -9999 -9999 -9999 -9999 -9999 -9999 -9999 -9999 -9999 -9999 -9999 -9999 -9999 -9999 -9999 -9999 -9999 -9999 -9999 8.77518316413 9.37041232922 10.9116035247 10.9351170839 8.61770743256 7.40191127129 5.82489334119 6.81702091451 5.52759824971 4.92114212952 4.39652764403 4.73363107186 5.20182822578 3.68883094185 3.69517712384 4.86203977062 4.36698379356 3.97317769474 4.1134741765 3.27280098792 2.39626307666 3.02486291486 3.78114782157 3.58962949912 3.77781035698 3.29162494611 2.6185424543 2.62339039486 3.382022629 2.8017557184 2.3058498156 2.4967189049 2.81169822299 3.00550878811 1.8240552843
-9999 -9999 -9999 -9999 -9999 -9999 -9999 -9999 -9999 -9999 -9999 -9999 -9999 -9999 -9999 -9999 -9999 -9999 -9999 -9999 -9999 -9999 -9999 9.80695519082 11.5248842227 11.14477489 8.02021479935 6.77023572127 5.57416469488 6.49734031292 5.57735220094 6.03304889528 5.4100426763 5.99995155913 4.58944782477 5.07156364339 5.25293583525 4.61029122229 3.13920970125 2.85948609013 2.27804551548 3.07245886203 4.02854763142 4.07461512135 3.55684682854 3.16147365492 1.94809045158 1.80071891032 1.77817977404 1.9491108293 1.54114946741 2.00799406824 2.28282478583 3.43185210244 1.99563817472 1.11440867788 2.25795232403
-9999 -9999 -9999 -9999 -9999 -9999 -9999 -9999 -9999 -9999 -9999 -9999 -9999 -9999 -9999 -9999 -9999 -9999 -9999 -9999 -9999 -9999 -9999 8.24910239499 10.6360642102 10.8216186484 8.94801877066 7.69884494463 6.33217219442 6.58809830769 6.27942978166 6.56727482038 5.56470501389 5.40533438105 5.07380368204 5.00919450285 4.49002591331 3.88650278788 3.9926098887 4.02565599398 4.6964463999 4.58210018226 4.31561002445 3.33467060724 2.53952250229 2.7515518792 3.22596271351 3.65406008485 3.14523256174 3.0665515256 3.5248843749 3.66849032074 2.46076082202 1.77753154661 1.81946632209 2.92690987205 1.98898323169
-9999 -9999 -9999 -9999 -9999 -9999 -9999 -9999 -9999 -9999 -9999 -9999 -9999 -9999 -9999 -9999 -9999 -9999 -9999 -9999 -9999 -9999 -9999 -9999 11.8827106626 11.1205560079 9.0978786486 8.80000376961 6.49613843305 6.49131999719 5.92301663088 5.6384500409 6.6645152719 5.51448050611 5.48680904752 3.89343845386 3.48412412594 4.81447018857 4.75806173602 5.31799974539 4.86651634365 3.07873241986 2.38254681534 3.08561485521 3.71550372874 3.39830295793 2.45154885289 3.05768657764 3.54717967309 3.09112735324 2.37467505657 1.7119919404 1.9210779746 3.44143761213 2.89142338963 2.05163568551 2.2215740994
