data/recharge/transience/oldversion/mHM_recahrge_10.ASC
ncols   80
nrows    72
xllcorner    4374000.0
yllcorner    5656000.0
cellsize      500
NODATA_value  -9999
[rows 25 to 49 of 72, columns 0 to 56 of 80]
-9999 -9999 -9999 -9999 -9999 -9999 -9999 -9999 -9999 -9999 -9999 -9999 10.7428721524 10.6018217539 10.2439024036 9.03333176026 7.07688625059 7.29743196217 6.07615199711 6.56323947084 5.32108009557 5.74268736178 4.56148006379 3.26098523959 3.99258152519 5.09740124433 3.8793782248 4.09127762101 3.23046879448 2.81848734219 2.31923774322 2.11236895723 1.77554368039 1.75397399942 0.85293665235 1.49081511294 1.60654117609 1.38325247486 1.08644551169 1.72499222731 1.54965481125 1.20549078582 1.60762415569 2.02138360266 2.02804697748 2.08075415109 2.17522655336 2.1604812841 2.16324964731 2.34651980337 2.24081953426 1.76038065823 0.994386877333 0.726389696304 0.7393527725 0.822161360257 0.823681101496
-9999 -9999 -9999 -9999 -9999 -9999 -9999 -9999 -9999 -9999 -9999 -9999 -9999 10.8105736179 10.9142985357 11.1833806313 8.86918366249 8.97017922096 7.26076331336 6.80069011249 5.78356152681 6.17841419333 6.65110142618 6.4197431915 4.42507333085 3.88078246658 4.08858110098 3.20774551553 3.26126549509 3.53858139922 2.7999719721 2.56879288822 2.02329563125 1.81861216154 0.803253981906 0.518816062703 1.27100203933 1.17799900837 2.06892803963 1.39503879031 1.17972722047 1.55256650465 0.843286391239 1.13299368792 1.10309228255 1.29602322272 1.62801129045 1.55499870205 1.01834394131 0.678080126693 0.632729580944 0.696074815607 0.814712875364 0.906688597811 0.668490331741 0.611833107884 0.635097386893
-9999 -9999 -9999 -9999 -9999 -9999 -9999 -9999 -9999 -9999 -9999 -9999 -9999 -9999 9.25073268137 9.30542055201 8.18759183034 8.23526568717 7.22942742694 7.62598116545 5.91172973432 6.77681940447 6.07439398139 4.83364282978 3.28676075415 3.18793308468 3.20681058426 4.07439136011 3.47315292231 2.99586986295 2.81670375793 3.01810765167 2.61723569898 2.63328145785 1.07305840341 0.815707538577 1.19330576855 1.60976955855 1.48200759736 0.939520634675 0.944994952444 1.25444223608 1.46466756627 1.03550130578 0.687343171918 0.850455842236 0.658946328711 0.552912541708 0.591950544361 0.764342796343 0.757221199785 0.526019457599 0.506574208055 0.560829173715 0.835674523208 1.53488560139 1.75724506046
-9999 -9999 -9999 -9999 -9999 -9999 -9999 -9999 -9999 -9999 -9999 -9999 -9999 -9999 3.54830822206 7.42183378034 8.47119004926 8.60522189645 7.63302518327 7.95750836666 7.15496732649 6.98007840443 5.1376254863 6.42604786731 5.28829030844 5.173483512 3.05132627865 3.18940242224 3.71768229633 4.03080344303 3.0815605707 1.97331077109 2.43254578477 2.73700758336 1.539570785 0.690093889391 0.991063010807 1.07882948454 0.851426955745 0.857122970537 1.00254829613 1.20988438149 1.18128440783 1.37018584055 1.05847148462 0.785357432374 0.328591045005 0.433734095031 0.565443620467 0.531367721028 0.933178201054 1.13046792415 1.37350986947 1.24077008455 1.1888381594 1.26711723773 3.01142872713
-9999 -9999 -9999 -9999 -9999 -9999 -9999 -9999 -9999 -9999 -9999 -9999 -9999 -9999 6.24628459452 9.14037618248 10.2400713995 8.70569781581 7.98627560374 8.04810655318 6.69110444817 7.0568281868 6.2469997644 5.78655821724 4.28846361984 3.94960428474 3.75419180874 4.3616863189 3.10192952505 3.50357898702 2.98762354109 3.00369638104 2.34687177463 2.79421988097 2.75529433671 0.597340945218 0.722304837766 1.36666721506 0.545711393942 0.702108528206 1.02015140369 1.2394349741 1.01185031172 1.05226975181 0.697345891775 0.813792920632 0.542371801604 0.839046102867 1.76614489124 1.93854346092 1.45492508131 0.663316243834 0.961312056638 0.711509719534 0.730199275699 1.1385560169 1.43878889559
-9999 -9999 -9999 -9999 -9999 -9999 -9999 -9999 -9999 -9999 -9999 -9999 -9999 -9999 13.1090188846 12.1672568792 11.502587031 10.6071893808 9.21575359372 10.3699169488 7.86673930101 7.46000858279 6.95278337161 6.08651315454 4.31864984146 4.65059429538 3.57529092647 5.03644763599 3.7657879534 3.60109293853 3.28348561723 3.68931408889 3.12272734298 1.88838445452 0.709569102704 0.721877620124 0.55008529226 1.26334205323 0.414272088785 0.639654099695 0.455934284816 0.808755333191 0.712925048402 0.790731220409 0.614579351101 0.613072980707 1.24532860204 1.22759268587 2.77391055756 3.21751021984 2.05718368173 2.71960699809 1.77501472393 2.07706334121 1.95070776173 1.57789664297 1.94613812996
-9999 -9999 -9999 -9999 -9999 -9999 -9999 -9999 -9999 -9999 -9999 -9999 -9999 -9999 -9999 11.0887908189 10.4432143548 9.19539329238 9.05168645604 8.45301623711 6.40527107157 6.7782771437 6.33372573969 6.21305276221 4.28013407417 4.65999439356 3.53148319267 3.79511458186 3.09887688764 3.56782616298 2.65290989738 2.58779830472 2.17181574725 1.98858582095 0.805592773506 0.817790958623 0.682150233656 0.660168824291 0.601609463562 0.517921599077 0.338788409509 0.462563379109 0.243970486961 0.354661641535 0.519832855376 0.376879468338 0.248814971343 0.271880978583 0.618720637202 1.0133387585 0.796237337016 0.673881528483 1.33427894914 2.44001474302 2.38821089744 2.3486804633 2.08433407832
-9999 -9999 -9999 -9999 -9999 -9999 -9999 -9999 -9999 -9999 -9999 -9999 -9999 -9999 -9999 -9999 10.2786692483 8.86281788063 8.58403746329 10.1078310167 9.14491666418 8.3878347167 6.15140772479 5.2422283618 4.81867883226 4.58329820099 3.54995190524 3.68107060529 2.95649816361 3.91635083474 3.12095176438 2.99257575085 2.03590505398 1.35478708822 0.768735386467 0.899923731522 0.820750055371 0.928140900518 0.876900892152 1.16827734185 2.68250774534 2.39445028201 1.33727580055 0.469264760142 0.215801633082 0.15540208665 0.133581260791 0.829700119847 0.722348525766 0.501058304024 0.869559430886 1.58285200445 1.18349724779 0.891861204753 1.18441715764 1.00088357003 0.963792810661
-9999 -9999 -9999 -9999 -9999 -9999 -9999 -9999 -9999 -9999 -9999 -9999 -9999 -9999 -9999 -9999 10.1228984592 10.4352973864 10.3535734317 9.65083867708 7.50742305557 8.93196006106 7.13404623361 5.53781040422 4.90641410824 5.40352614762 3.92432958924 3.96569060717 2.59972207125 3.58626304294 2.56776995665 2.04250778178 2.17403521864 1.74983196578 1.1737260204 0.839151762554 1.1097007902 0.968602011946 0.855439482773 0.782450300278 1.41771238749 1.04722183517 1.63874253871 1.7563053594 0.737581214582 0.427958959956 0.390114366108 0.545354158931 0.475301951654 0.669761146967 1.16814282893 1.25350472371 1.88824347246 2.03792707179 2.6561058939 1.80785081431 0.97712808865
-9999 -9999 -9999 -9999 -9999 -9999 -9999 -9999 -9999 -9999 -9999 -9999 -9999 -9999 -9999 7.7341105539 7.74025495758 8.64199369756 9.27829735974 9.07760080398 8.19267726368 8.00402435325 6.37643214127 5.75659243869 4.54489069215 4.89979347036 4.01869989421 4.07799091726 3.32605253513 4.06282517371 3.2044866669 3.30927464797 3.08713353652 2.49172006244 1.68922809038 1.52937169424 1.24180280011 1.417182327 1.08621481816 0.53315604845 0.727724998679 0.82111848835 0.640588928831 0.624754323324 0.653493322594 0.440126981133 0.38184079253 0.660489474865 0.815696004642 1.20682218086 0.906032513488 0.628570248176 0.801940758912 0.950190941654 1.17491619089 1.22544436047 1.53152764072
-9999 -9999 -9999 -9999 -9999 -9999 -9999 -9999 -9999 -9999 -9999 -9999 -9999 -9999 8.60669461193 8.42547123918 8.02043213903 7.85262885449 8.12283795451 8.5663252967 7.37083774104 8.06687307977 6.06190656232 6.29322044394 4.56217845252 4.3140614387 3.48926239521 3.61850512339 3.58393406578 3.58048539791 2.81178080619 2.88726240635 2.1965300258 2.53621504088 2.42865927768 3.19962865132 1.63716317242 0.955521546416 0.420938879122 0.668209098997 0.646342668766 0.455840342943 0.420041787992 0.476100714355 0.307843918253 0.254619869184 0.317505588293 0.957902175388 1.1424648797 0.837096031773 0.749412525363 0.738440974958 0.895691503007 0.864410630787 0.854633799293 0.941153222054 1.0646417015
-9999 -9999 -9999 -9999 -9999 -9999 -9999 -9999 -9999 -9999 -9999 -9999 -9999 -9999 9.34863506538 9.9699763042 9.07396592477 7.6183094743 6.53597730264 6.58271122843 6.25259527346 7.11709926168 5.94235798555 6.28560970513 4.5277743701 3.89549220505 3.47994206793 3.66231063001 3.07670389796 3.65627777281 3.29048079806 3.75659436281 3.7617829785 3.41320274237 2.60937751155 3.79848459034 2.98027273047 4.02329917191 1.56826724979 1.63845259746 2.65804574754 2.29446938544 0.653625563713 0.574898068565 0.522340602233 0.279268980897 0.528395859182 1.64168875792 1.87312923915 2.31755355511 2.36220867375 2.33713494745 1.73430253221 1.47134739417 1.8189527047 1.72798577004 1.30520862235
-9999 -9999 -9999 -9999 -9999 -9999 -9999 -9999 -9999 -9999 -9999 -9999 -9999 -9999 -9999 -9999 9.2172975901 9.25432147061 8.94798043316 8.8324577757 7.57255703718 6.70156422701 6.74799059482 6.77919566676 4.82686835945 4.84650458657 2.98324893869 3.17342390577 2.45302228112 3.72960873417 3.60331098932 3.7495575194 3.47174607429 2.97808534201 3.03879867513 3.06763774611 3.14439713621 1.8992621733 2.99736047721 3.1627988711 1.83678836362 1.54362654127 1.82304047922 0.966536717062 0.350664511872 0.430710025783 0.384775683303 0.670044655724 1.12798082051 1.50841970962 1.50306690663 1.56252783041 1.42963535795 1.17887440152 0.737659428141 0.808170053471 1.50237241809
-9999 -9999 -9999 -9999 -9999 -9999 -9999 -9999 -9999 -9999 -9999 -9999 -9999 -9999 -9999 -9999 9.66807639023 9.39790134872 9.04155053046 7.59859430451 7.35737242735 7.51941183187 5.39294566177 5.71860903304 5.40290719443 5.45344661111 4.25937730751 4.06334170389 3.41169922213 4.12608078958 4.39447497746 4.17681155055 3.39940267496 3.14865760122 2.23802019335 2.41672194237 2.51686361025 2.95769985785 1.90581492517 1.56736749886 2.04705952054 2.6987528172 1.35372036344 1.80013010466 1.77072061107 0.407748145697 0.199462009139 0.392817373516 1.04813642269 0.737304778662 0.556942290244 0.570616293937 0.457578051852 0.550406758726 0.549139591286 0.554621138621 0.566893188359
-9999 -9999 -9999 -9999 -9999 -9999 -9999 -9999 -9999 -9999 -9999 -9999 -9999 -9999 -9999 -9999 -9999 -9999 9.11747876756 8.1640066533 6.72490498109 7.30025091188 6.91733331671 6.6515274519 5.08611447661 5.11298070958 3.84402958464 3.77525055265 3.4756849911 3.88599472425 2.9640046087 2.57070001259 2.41919457026 2.84099128288 2.19296749612 2.76259334671 2.72245413074 1.954031507 1.77711563756 2.31630670692 1.67077324114 1.43500289562 1.25312209799 1.2404684139 1.13359357411 1.06259643624 0.262046207727 0.260779481951 0.535002134515 0.512273271534 0.626921801609 0.704931409139 0.47050353789 0.487912609332 0.612234832893 0.677224838073 0.632681108191
-9999 -9999 -9999 -9999 -9999 -9999 -9999 -9999 -9999 -9999 -9999 -9999 -9999 -9999 -9999 -9999 -9999 -9999 -9999 7.08835358456 6.81123415237 7.16235839393 6.60236478869 8.01971749731 5.77142867653 5.38164111599 3.64832228049 3.61963814633 2.94864341144 2.81589844313 2.76500078995 2.66073885935 2.17404354855 2.13142285104 1.6437676913 1.4441003647 1.38940551879 2.06750991854 1.85586349286 2.09589150457 1.50926650285 1.34141238392 1.06716346027 1.42361049041 1.47039306573 1.56242837745 0.860685263361 0.250682454572 0.202948389807 0.462638729051 0.497058114214 0.607547896876 0.473373523578 0.467193105325 0.62425117046 0.585485592778 0.472423137426
-9999 -9999 -9999 -9999 -9999 -9999 -9999 -9999 -9999 -9999 -9999 -9999 -9999 -9999 -9999 -9999 -9999 -9999 8.3653763957 8.85812412138 8.62344470669 8.46694683025 6.85223109382 6.64499325183 5.60301849098 5.60822917102 4.00690429529 3.97067167332 3.48336509799 3.18402683373 1.8880688504 0.986187342495 2.14951533063 2.41175848561 2.05524598925 2.47859982744 3.03991771271 2.89239010996 2.68203611982 2.52627996365 2.29837845002 1.50660234822 1.28614324261 0.725519178585 0.794367876673 0.762971050118 1.4253532012 1.34929627715 0.604746129202 0.283134902016 0.457935827445 0.933586606829 1.31246633046 1.29420020215 0.966505951274 0.812488607903 0.733869309254
-9999 -9999 -9999 -9999 -9999 -9999 -9999 -9999 -9999 -9999 -9999 -9999 -9999 -9999 -9999 -9999 -9999 -9999 -9999 9.70369855945 9.19940522115 8.89104111396 6.93139549764 6.78007603656 6.2053524281 6.10668315956 3.8348160834 4.03251485477 3.72892887705 4.51936001555 3.66110137634 3.642631534 3.52347323696 2.6344055388 1.80226037421 1.41891605175 1.30788758976 1.07696819351 0.928476002721 0.928592983474 1.13311686047 1.66847671413 1.33281396362 1.17709831367 1.20398937485 2.62342587904 2.01475887029 1.44368372089 0.925554497614 0.440895594156 0.14193190328 0.385218093141 0.546905191825 0.633673850768 0.829982482625 0.39213860729 0.449075201483
-9999 -9999 -9999 -9999 -9999 -9999 -9999 -9999 -9999 -9999 -9999 -9999 -9999 -9999 -9999 -9999 -9999 -9999 -9999 -9999 8.1680336471 8.69018132519 6.99976585329 6.97382578079 5.12879096718 5.86182038473 3.73752998938 4.22310620025 4.82495077359 4.27701027788 3.2765746396 3.10937939399 2.566791059 2.18940086329 1.70640169781 2.05320029174 2.16742760377 2.50310806312 2.4633193988 2.25982242833 1.70284711555 2.33574430102 2.32151970454 1.99463796233 2.69035462245 2.32261776933 1.92845349313 2.20412402916 1.89665739545 1.34760056054 0.782934203906 0.448748246115 0.211729041401 0.152883066914 0.358829310294 0.307571955485 0.340943167924
-9999 -9999 -9999 -9999 -9999 -9999 -9999 -9999 -9999 -9999 -9999 -9999 -9999 -9999 -9999 -9999 -9999 -9999 -9999 -9999 -9999 8.13475341576 7.3117241106 7.37925785989 4.6941299655 4.23249009461 3.58512958065 4.43031582857 3.93162779607 3.59225728364 3.26493724375 3.73199132737 3.15705437803 1.73027408629 3.42327509445 3.35530146453 2.7237265163 1.71884343459 1.61506973204 1.97903744425 2.74679325347 2.9013079989 3.19257779661 2.15416233247 1.78006298328 1.24184772751 1.70858967389 1.92084779376 1.9344547694 2.40257167219 2.34926817445 1.43049370398 1.15096072914 0.455310605607 0.12542592629 0.17867788786 0.241346167246
-9999 -9999 -9999 -9999 -9999 -9999 -9999 -9999 -9999 -9999 -9999 -9999 -9999 -9999 -9999 -9999 -9999 -9999 -9999 -9999 -9999 7.21298834348 6.65399770735 6.66378385404 5.95819841311 6.39884437653 4.57111802028 4.37898003122 4.1092028848 4.45605906513 2.46642816795 3.71191231877 3.52442507078 3.08206640942 1.91184628871 2.36329019949 2.09339473389 1.73915885386 1.59679662893 2.20659102899 2.7800417359 2.65642693534 2.0561545994 1.95056515007 2.46270425413 2.32540336593 2.18349573113 2.11969673251 1.20966816877 1.42875871204 0.869358996416 0.468981394171 0.396875661049 0.263857463751 0.264766942604 0.140291050891 0.169253450646
-9999 -9999 -9999 -9999 -9999 -9999 -9999 -9999 -9999 -9999 -9999 -9999 -9999 -9999 -9999 -9999 -9999 -9999 -9999 -9999 -9999 -9999 6.76468428965 7.50840833352 6.54109531755 6.02001088165 4.38384410756 4.8119196027 3.59255389655 4.07141839186 3.72563723326 3.96702336179 3.21350369821 3.22091052257 3.50436858815 2.74371328916 2.42846618835 2.19929528061 2.0909561093 2.23707908928 2.80826080696 1.774152967 2.04983343828 2.69926888072 1.4553810736 1.24967329352 0.874665652601 1.15255971602 1.65017864574 1.63585059521 0.480558465261 0.690262323875 1.23786976873 0.447992805209 0.154586753216 0.127576671042 0.162908926211
-9999 -9999 -9999 -9999 -9999 -9999 -9999 -9999 -9999 -9999 -9999 -9999 -9999 -9999 -9999 -9999 -9999 -9999 -9999 -9999 -9999 -9999 6.97985721549 6.80714472852 6.25125569785 6.77219606897 4.97557443273 4.42243470244 4.33806288838 4.49712877629 3.81063383845 3.91991422806 3.75535803276 3.51230968266 2.80345667561 3.65011584882 2.73765525618 2.20355551959 2.66462190303 3.05369225783 2.08152404169 2.86734915613 2.09596096536 1.56963138981 1.41454830846 1.77688749316 2.02011255777 2.39122687888 1.31479490518 1.19727057133 0.813006323118 1.18345507182 0.331520177318 0.807938973524 0.438353187099 0.38318041778 0.283145661749
-9999 -9999 -9999 -9999 -9999 -9999 -9999 -9999 -9999 -9999 -9999 -9999 -9999 -9999 -9999 -9999 -9999 -9999 -9999 -9999 -9999 -9999 6.73001828284 7.18656514415 7.38457833321 6.78777865927 5.14773258648 5.33640767228 4.0665756097 5.0551197052 4.04736819564 3.57373194105 3.14130714092 3.41522135444 3.69669715859 2.61411837723 2.62421802608 3.45837261457 3.13978669963 2.85969658824 2.96024466992 2.33024467141 1.63060455691 2.15847692565 2.77676689866 2.5514556029 2.46769350079 2.11865489418 1.64694065744 1.65049034141 2.22529310762 1.80382593228 0.759663152476 0.755984966711 0.920707231995 1.02389918381 0.528843146801
-9999 -9999 -9999 -9999 -9999 -9999 -9999 -9999 -9999 -9999 -9999 -9999 -9999 -9999 -9999 -9999 -9999 -9999 -9999 -9999 -9999 -9999 -9999 7.53351859071 7.87549410362 6.99783465884 4.57580939928 4.72497943308 3.83394047975 4.83384582768 4.08464521928 4.42026027923 3.92862935329 4.32168970477 3.26771310653 3.60551623344 3.73262152356 3.28134254224 2.21804383454 1.9821746752 1.50317908522 2.17320434065 2.90699409973 2.9464454279 2.60767946609 2.30140193917 1.20049266769 1.04182335232 1.04594480246 1.15556114377 0.925459060673 1.21629315422 1.42263161942 1.59444359429 0.609547700851 0.410613370417 1.22594339551
