data/recharge/transience/oldversion/mHM_recahrge_457.ASC
ncols   80
nrows    72
xllcorner    4374000.0
yllcorner    5656000.0
cellsize      500
NODATA_value  -9999
[rows 0 to 25 of 72, columns 0 to 56 of 80]
-9999 -9999 -9999 -9999 -9999 -9999 -9999 -9999 -9999 -9999 -9999 -9999 23.6955157334 24.2059250539 -9999 -9999 -9999 -9999 -9999 -9999 -9999 -9999 -9999 -9999 -9999 -9999 -9999 -9999 -9999 -9999 -9999 -9999 -9999 -9999 -9999 -9999 -9999 -9999 -9999 -9999 -9999 -9999 -9999 -9999 -9999 -9999 -9999 -9999 -9999 -9999 -9999 -9999 -9999 -9999 -9999 -9999 -9999
-9999 -9999 -9999 -9999 -9999 -9999 -9999 -9999 -9999 -9999 -9999 -9999 21.3974506138 20.8748879595 20.8482511718 -9999 19.9836318004 -9999 -9999 -9999 -9999 -9999 -9999 -9999 -9999 -9999 -9999 -9999 -9999 -9999 -9999 -9999 -9999 -9999 -9999 -9999 -9999 -9999 -9999 -9999 -9999 -9999 -9999 -9999 -9999 -9999 -9999 -9999 -9999 -9999 -9999 -9999 -9999 -9999 -9999 -9999 -9999
-9999 -9999 -9999 -9999 -9999 -9999 -9999 -9999 -9999 -9999 21.7622511989 21.6417025258 21.7068950698 21.0557901885 21.2083939784 20.9814067293 19.6723686878 20.0641481371 -9999 -9999 -9999 -9999 -9999 -9999 -9999 -9999 -9999 -9999 -9999 -9999 -9999 -9999 -9999 -9999 -9999 -9999 -9999 -9999 -9999 -9999 -9999 -9999 -9999 -9999 -9999 -9999 -9999 -9999 -9999 -9999 -9999 -9999 -9999 -9999 -9999 -9999 -9999
-9999 -9999 -9999 -9999 -9999 -9999 -9999 -9999 -9999 21.6489805977 21.4557283711 21.181347027 20.9586182327 21.1083634629 21.1547515431 21.4529840775 20.9166697025 20.7114305062 -9999 22.1041143533 -9999 -9999 -9999 -9999 19.1263805604 19.3473191878 -9999 -9999 -9999 -9999 -9999 -9999 -9999 -9999 -9999 -9999 -9999 -9999 -9999 -9999 -9999 -9999 -9999 -9999 -9999 -9999 -9999 -9999 -9999 -9999 -9999 -9999 -9999 -9999 -9999 -9999 -9999
-9999 -9999 -9999 -9999 -9999 -9999 -9999 -9999 22.2414478352 21.9252675052 21.6386310745 21.462083224 21.2783713097 21.2341983291 21.5002360548 21.9148386232 21.4460089122 19.9659520301 21.0203047562 21.761704127 21.5525633999 21.9038926509 -9999 19.782433891 19.033801635 19.2932370459 -9999 -9999 -9999 -9999 -9999 -9999 -9999 -9999 -9999 -9999 -9999 -9999 -9999 -9999 -9999 -9999 -9999 -9999 -9999 -9999 -9999 -9999 -9999 -9999 -9999 -9999 -9999 -9999 -9999 -9999 -9999
-9999 -9999 -9999 -9999 -9999 -9999 21.4177855201 21.5672614818 21.7683541089 21.7759845448 21.9075913798 21.5376423855 21.4840763831 21.5441725914 21.722461839 21.8086886236 22.0131042506 21.3826282956 21.0708543765 21.2294303564 21.2488897494 21.3645294543 21.6614993724 20.544170179 18.8452003306 19.0155615557 18.6598696405 -9999 -9999 -9999 -9999 -9999 -9999 -9999 -9999 -9999 -9999 -9999 -9999 -9999 -9999 -9999 -9999 -9999 -9999 -9999 -9999 -9999 -9999 -9999 -9999 -9999 -9999 -9999 -9999 -9999 -9999
-9999 -9999 -9999 -9999 -9999 -9999 21.4388201954 21.5898637582 21.5872030687 21.4491088848 21.5708186015 21.4386155624 21.6976626424 21.9497286109 21.9397812241 21.6459011422 23.2900063513 18.1385401042 20.95879094 22.5703997797 21.6152642328 22.2974603156 21.7773199984 21.8723270947 20.2695076861 19.1926446471 18.5633275903 20.4686722061 20.2095082689 20.2321240068 20.2662890605 20.468013479 -9999 -9999 -9999 -9999 -9999 -9999 -9999 -9999 -9999 -9999 -9999 -9999 -9999 -9999 -9999 -9999 -9999 -9999 -9999 -9999 -9999 -9999 -9999 -9999 -9999
-9999 -9999 -9999 -9999 -9999 21.654297431 21.5654138858 21.5093195333 21.5773055245 21.7183324848 21.803805183 21.3949769932 21.5215790265 21.3840126852 22.2757016808 22.2606110908 18.1557690629 9.38828394526 16.5960870116 22.709152156 21.8372051594 21.8342937569 21.4172664962 21.4490744689 20.8519868817 20.9905174774 18.8942165466 19.6159649746 19.8751738171 19.9289985232 20.0237495831 20.2991791812 20.1046075053 20.1631661661 -9999 -9999 -9999 -9999 -9999 -9999 -9999 -9999 -9999 -9999 -9999 -9999 -9999 -9999 -9999 -9999 -9999 -9999 -9999 -9999 -9999 -9999 -9999
-9999 -9999 -9999 -9999 -9999 21.1961715639 21.2353418425 21.3176189481 21.3305578288 21.2537973157 21.3655627791 21.3926016283 15.9013956279 12.7947998816 21.9492734892 21.9592091933 20.1640716497 8.22228893461 14.8665122748 20.4996211477 24.1076784866 23.7394410617 22.3965039619 22.5867598429 21.5779917218 21.4098099127 19.3481120203 19.1004406698 20.2554931833 19.2835910308 18.0537640633 19.5528896525 20.1013045576 20.2185842519 20.0250459184 20.1427993621 -9999 -9999 -9999 -9999 19.0063351316 18.8999385942 -9999 -9999 -9999 -9999 -9999 -9999 -9999 -9999 -9999 -9999 -9999 -9999 -9999 -9999 -9999
-9999 -9999 -9999 -9999 -9999 21.1268972716 21.4773318611 21.3511162975 21.2659977762 21.518607396 21.7377101276 21.6971828613 21.6808324425 21.2497628149 22.2452403059 22.4670672897 22.8593137401 23.6365419883 24.1203503577 24.1607997557 23.8960456163 23.4011245482 22.1244580695 22.1490868906 21.5812833447 21.6308401317 19.9960884374 18.9349432096 20.1844638201 18.7432041004 13.0002467717 17.0579657543 19.879030404 20.1943613929 19.1584737519 19.9023729994 19.8111013758 -9999 -9999 19.2198284618 19.0679825626 19.1599640456 19.1376218064 -9999 -9999 -9999 -9999 -9999 -9999 -9999 -9999 -9999 -9999 -9999 -9999 -9999 -9999
-9999 -9999 -9999 -9999 -9999 -9999 21.5352173843 21.5220734365 21.2576110432 21.454159242 21.4139989381 21.3347968368 21.4584051316 21.0826738748 21.6197455046 21.7345614078 22.2002067998 22.5253624022 23.5763922687 23.3675248795 24.2162668283 23.6049941377 22.6221146552 23.680271693 22.664708006 22.6449053076 21.0937271668 20.140387503 20.9514586574 21.1083535934 19.6407460681 20.868360707 20.3275298299 20.4409563768 19.8721806013 20.0093865664 19.605658776 18.0293411604 19.4179872653 19.2853213916 19.2805170809 19.5206643435 18.5338891891 17.0478611758 -9999 -9999 -9999 -9999 16.7275638062 16.5679341901 5.14775721592 -9999 -9999 -9999 -9999 -9999 -9999
-9999 -9999 -9999 -9999 -9999 -9999 -9999 21.9399286456 21.3002771401 21.2124752198 21.4879563528 21.7183624512 21.5871510737 21.1774231762 21.4074865046 21.5417760452 22.1396236849 21.9066385161 22.8477746396 22.5569785462 23.7180454409 23.1564766265 22.6109875255 23.6346590096 22.9658876511 22.3729512821 21.4936255328 21.3264443424 21.2264505209 21.1625212915 20.8845926208 20.6215130254 20.272213187 20.2685404382 20.0877537606 20.3071222212 19.4675082066 19.3798006759 19.5530409551 19.3972105599 18.9034716061 18.7054127606 16.7223336487 14.547627249 13.4876694959 13.8864119871 13.5671878342 13.0720485894 12.6087325807 15.5429050445 16.7712171269 14.5769411517 -9999 -9999 -9999 -9999 -9999
-9999 -9999 -9999 -9999 -9999 -9999 -9999 -9999 21.109172158 21.4350497754 21.3681970235 21.2903416153 21.3817800966 21.7524794257 21.7709674959 21.8856069411 21.7709925775 22.1624534192 22.8291439738 22.1263859989 21.5687405523 21.5545406045 30.5874715724 38.4235586519 36.1988819193 38.4704874618 27.8893039323 23.4122972945 22.1418675873 21.6060375357 21.7984775941 21.5662408617 21.3244497614 21.1833934406 20.663367028 20.5295598488 20.0082191339 20.2077026345 19.8588385865 19.964916215 19.2905334594 17.9520677776 14.1499587848 13.8261762087 13.4529190885 13.1155500184 12.9344541237 12.5305721138 11.9486173353 15.6696249878 16.3624280984 16.4751244596 17.5307408152 -9999 -9999 -9999 -9999
-9999 -9999 -9999 -9999 -9999 -9999 -9999 -9999 21.5142437466 21.535299226 21.278173252 21.3732636863 21.5752069884 21.620709857 21.9245140542 21.6172022613 21.7186992683 21.9784557156 22.2551793934 22.1034571586 21.8815482327 21.6516322809 35.7612269936 42.5511682688 39.7379550791 34.9120188032 38.6353062504 27.7638143937 22.3919643452 21.3038407618 21.6257982937 21.7025718686 20.5822430837 21.1304096947 20.5930707292 8.87648062475 20.2584908551 20.1454611142 19.6438088531 19.67487304 19.5245932419 19.717901089 13.9393256326 13.8758434919 13.1556328835 13.1082256592 12.8897453033 12.6099879277 12.9917189321 16.5132571476 16.3190536856 16.3361701401 18.1375927076 18.766008244 19.5612471926 19.6430967667 -9999
-9999 -9999 -9999 -9999 -9999 -9999 -9999 -9999 -9999 21.1254538041 21.1130512204 21.3589100286 21.6077045906 21.7264519737 22.0532808296 22.0394157823 22.0812156098 21.5995045852 21.5178504907 21.6453372556 22.0806965529 21.5831014465 24.4146444783 41.53376893 43.2491834611 40.5726252231 35.3690080841 35.6758628854 30.2876093697 23.7880985983 23.769660534 23.5578590483 22.8977281868 22.4837199222 20.9249638227 18.3349716864 20.9052253306 20.9145584125 20.5600918863 20.3872312534 20.2203167544 20.0939160773 15.6419251937 15.5071216677 14.6182291714 13.1385652153 12.3929802989 12.8796574372 17.1936877144 17.3320658443 17.1506859992 17.0995418361 18.7213867933 19.8030210466 19.9440670166 16.2876966614 12.9675409559
-9999 -9999 -9999 -9999 -9999 -9999 -9999 -9999 -9999 -9999 21.1031518919 21.3325938795 21.6655306697 21.7554153608 22.0278197457 22.0358162208 21.6542862102 21.5853518361 21.7575742808 20.8525219186 20.966805897 20.0416520262 20.4782026933 29.331508192 38.3221784438 39.3382683138 34.5514414119 35.0679475678 31.0663710422 32.4501987512 23.9418157595 23.6603854484 22.9081505754 23.0828234723 21.5261896888 21.838153224 20.7000840926 20.8379872634 20.606713068 20.6196397787 20.1260302247 20.2493092554 20.5885227399 17.4400979191 18.3026735978 15.2635847738 15.5930627262 14.9861314917 18.2179377521 18.96437186 17.5635155471 17.2898502097 17.2269309292 19.180817261 19.3767485396 15.2719537384 12.9052947079
-9999 -9999 -9999 -9999 -9999 -9999 -9999 -9999 -9999 -9999 -9999 11.2409564396 14.7634392287 21.4514340037 21.9680145831 21.6935051932 20.0727864837 20.1679863268 21.4231024952 21.9335937847 21.6067382036 21.5859575507 22.0649220007 20.4561590575 26.3078981247 29.4072457597 30.6532859977 39.1431097101 39.2127038857 29.8224185635 38.0378365375 24.9332312711 23.4091979582 23.5268062242 22.9432730776 22.5849917745 21.6226664002 21.5367595539 21.3343618572 21.5291866047 21.1538338225 21.1614723634 21.151260957 21.3859884377 16.6729025724 14.8000964001 14.5009633662 17.2321412569 20.1719764318 20.0118873042 17.4816158437 19.7694189239 20.8952738544 20.7483135511 20.4870343296 20.7112131384 16.591724398
-9999 -9999 -9999 -9999 -9999 -9999 -9999 -9999 -9999 -9999 -9999 10.6075868132 16.1828122761 21.3844398268 21.7287181796 21.4857292698 19.6445051983 20.378101131 21.4112565006 21.370817833 21.8094476592 21.9966349952 22.2718383457 20.7235289619 22.9588059771 23.4041806795 28.9673016939 38.2392150959 37.1966165433 35.0489056756 37.518578358 37.1243328626 26.7919231049 31.0915449877 30.4402273949 23.9786266384 21.2902571311 21.7746145403 21.001506013 20.5661377754 18.8781064171 20.945774978 20.6555208945 20.8253365502 21.2350068238 17.6874747887 18.2300687641 18.8548123301 18.3011774109 17.307863815 15.6158636933 16.0129521772 16.1146120815 21.3647877039 21.3236369738 20.8970388125 20.390882883
-9999 -9999 -9999 -9999 -9999 -9999 -9999 -9999 -9999 -9999 -9999 21.2564189967 20.9808042291 20.9625995532 21.3122559541 21.5937136139 20.4318650047 19.7492470087 22.0343895384 22.2229040501 21.9911749791 22.0348818649 22.8205006492 21.6962264314 23.8073266683 23.8744101416 24.0069702814 23.7601033359 23.8132603738 28.2166098557 34.7298215183 40.1037813916 38.3636636522 37.3529944144 26.7744997112 25.4322810945 22.3878089628 23.3994195301 23.9685527122 17.4277341602 12.9345987903 21.6522991942 20.6887349848 21.2307380235 21.2083687135 21.8976160543 17.7358052686 17.2556473431 17.0472621224 17.0564168867 13.1077416783 13.2363945487 12.9809347112 14.9573665033 21.095285447 17.2356625461 17.3089555672
-9999 -9999 -9999 -9999 -9999 -9999 -9999 -9999 -9999 -9999 -9999 -9999 21.4874390065 20.8044768458 21.5077527987 21.3111598618 21.5013021569 21.0351926333 20.3845825075 22.1084334187 22.3599055823 22.0083995657 22.646682638 22.5431919195 23.7299557218 24.0572710276 24.3011761833 24.3020772415 24.1916554096 24.1392523562 23.7548522847 23.5488459399 26.181780344 33.7113821169 32.3886367095 20.4037316668 32.4645042678 19.0951206382 25.6825677553 22.4255571902 21.9498607709 21.3812453369 20.9668765229 21.3309308586 21.0899593256 21.3375516718 20.9955169341 17.3106303252 16.0146562157 16.4995617333 13.8344315752 11.681702997 10.5617239241 10.6257772277 10.9659250292 13.8947916923 9.70650755046
-9999 -9999 -9999 -9999 -9999 -9999 -9999 -9999 -9999 -9999 -9999 21.4125534931 21.4596142819 21.0245590668 21.2873760241 12.4547435882 18.6803710832 22.3784980116 23.2874835282 22.9833323145 23.3100864924 23.2381803355 23.7200225531 24.1116411857 24.1437475821 24.1471780396 24.0246346787 24.2363131799 24.358309137 23.948531015 23.6835783339 23.6809010702 23.3845810905 23.1407374015 23.0624601178 27.4939232579 23.2686814038 13.8321251887 10.4410150515 24.0080685587 22.529212287 21.9707249499 20.2874257269 20.8741643343 20.0686689969 19.9176629663 20.3836995766 19.84725818 17.1747956559 17.231196517 14.3745430521 10.8311812959 10.0938653027 10.1278426764 9.49682848372 9.96334947232 12.8920194914
-9999 -9999 -9999 -9999 -9999 -9999 -9999 -9999 -9999 -9999 -9999 21.6180508786 21.5148117865 21.1883889878 21.2584022863 16.2313824648 21.4677276761 22.2263493525 23.7740921249 23.541102515 18.6819162143 19.1210571646 23.8063693807 23.929585569 24.1121664688 24.4516493568 15.9827657424 16.317127527 22.5539629625 23.799755793 23.6300440377 23.700155433 23.1263820799 23.1208112336 22.9709953732 30.0805624998 16.6056173082 22.8384235261 13.3783921337 29.0518281857 22.0674422158 21.8495902283 19.5731891061 20.5522924393 20.0967064866 19.9937474005 20.3817595627 20.4920941615 21.3771194768 21.2154092984 13.339402039 12.68859624 12.2261716434 11.552042195 10.9195142617 10.5247816185 9.77747612037
-9999 -9999 -9999 -9999 -9999 -9999 -9999 -9999 -9999 -9999 -9999 21.0176839994 20.785677086 20.4901628133 20.8135032142 20.758008413 21.0442063264 20.6494229472 22.6411938833 23.0764448175 20.4278656446 8.91379847371 20.2496142619 26.2279492284 25.0593741815 25.160724393 26.4209084753 26.0928393582 25.466378055 24.8060471993 24.3560756169 23.6826423104 23.7257826672 23.8096240167 23.5443747311 25.6437425007 9.48235920836 7.19446270551 11.8468356388 24.9542939653 22.2547517599 22.441186045 20.6438401738 19.1352758957 18.0599021278 18.1410338242 19.9907342579 20.2140841855 20.8402797653 20.750278605 19.0795284727 12.1525929617 12.334445686 12.4105007502 11.6883534198 11.8873914778 12.4320121517
-9999 -9999 -9999 -9999 -9999 -9999 -9999 -9999 -9999 -9999 -9999 -9999 21.0388213441 20.6015171834 20.8542505104 20.6343675356 20.1005769312 20.8184049005 22.4190564768 22.5306555294 24.1413612967 24.7411946452 26.2134860224 24.5612622326 24.8704656487 24.7869501542 24.162972584 24.3535663927 23.7208471894 23.1967614095 21.5885636155 24.8061297087 23.2288724658 23.5734913328 23.2217424978 18.4296071868 11.3092650421 8.47776332313 14.9680909906 29.4830759573 22.5302545576 22.1494512858 21.2155091295 20.159926373 17.9905032895 17.9546212469 18.9945425069 19.8198546811 20.4826217903 20.5170024625 20.8772759101 12.4305126767 14.322729606 17.2838612346 12.0992647056 12.6396262799 11.8285273594
-9999 -9999 -9999 -9999 -9999 -9999 -9999 -9999 -9999 -9999 -9999 -9999 20.5290758925 20.0642183059 20.3859314606 19.2920886746 19.0156878403 19.6031415239 21.1478266232 21.2231563413 22.4884449757 22.9176913618 25.8206830372 25.3517178009 24.9359401266 25.7563650385 25.6844625685 25.0945109987 24.0683839891 24.955573939 24.2771407236 24.8309874724 24.8829780564 24.0333678832 31.8953721147 14.7357594496 15.2305084408 15.7765265024 21.6362554436 23.9498308043 23.5998576394 22.6929731584 21.7622248145 21.7538222741 21.5439252755 21.6814368048 21.5546500314 21.6402558413 21.1488090378 21.2127760701 20.9836694054 19.4969088926 20.1616051618 10.3525515638 7.23564918947 8.38168645276 7.77506154109
-9999 -9999 -9999 -9999 -9999 -9999 -9999 -9999 -9999 -9999 -9999 -9999 20.7271010905 20.3544099443 20.2804629637 20.4431598546 20.7341443226 20.5514062089 21.4374221918 21.4483679188 22.591721462 22.2515455111 23.9129932977 18.4771923463 21.4845248321 24.5825624222 26.1684433715 26.1254616796 24.1906122157 23.6813751332 23.178761523 22.7532501658 24.9957292626 26.4768654753 16.0176121711 26.6234949635 35.9261569 18.9991475214 12.5213939105 16.5723021342 14.3006507502 18.016872951 22.9392675287 22.0797701953 21.7966802606 21.5296223516 21.2690198189 21.4997743842 21.4654422097 21.7652007154 21.6221739098 18.3477127897 9.09167048559 7.86571375831 7.61753375449 7.64097587287 7.45091709077
