data/recharge/transience/oldversion/mHM_recahrge_149.ASC
ncols   80
nrows    72
xllcorner    4374000.0
yllcorner    5656000.0
cellsize      500
NODATA_value  -9999
[rows 0 to 25 of 72, columns 0 to 56 of 80]
-9999 -9999 -9999 -9999 -9999 -9999 -9999 -9999 -9999 -9999 -9999 -9999 16.47690762 16.9500218342 -9999 -9999 -9999 -9999 -9999 -9999 -9999 -9999 -9999 -9999 -9999 -9999 -9999 -9999 -9999 -9999 -9999 -9999 -9999 -9999 -9999 -9999 -9999 -9999 -9999 -9999 -9999 -9999 -9999 -9999 -9999 -9999 -9999 -9999 -9999 -9999 -9999 -9999 -9999 -9999 -9999 -9999 -9999
-9999 -9999 -9999 -9999 -9999 -9999 -9999 -9999 -9999 -9999 -9999 -9999 21.1674071184 18.687419457 16.8574829819 -9999 17.1526749567 -9999 -9999 -9999 -9999 -9999 -9999 -9999 -9999 -9999 -9999 -9999 -9999 -9999 -9999 -9999 -9999 -9999 -9999 -9999 -9999 -9999 -9999 -9999 -9999 -9999 -9999 -9999 -9999 -9999 -9999 -9999 -9999 -9999 -9999 -9999 -9999 -9999 -9999 -9999 -9999
-9999 -9999 -9999 -9999 -9999 -9999 -9999 -9999 -9999 -9999 18.8105768455 18.923117588 20.0043816154 20.2386800663 16.8828891753 15.1714385288 13.1607892577 13.3407765634 -9999 -9999 -9999 -9999 -9999 -9999 -9999 -9999 -9999 -9999 -9999 -9999 -9999 -9999 -9999 -9999 -9999 -9999 -9999 -9999 -9999 -9999 -9999 -9999 -9999 -9999 -9999 -9999 -9999 -9999 -9999 -9999 -9999 -9999 -9999 -9999 -9999 -9999 -9999
-9999 -9999 -9999 -9999 -9999 -9999 -9999 -9999 -9999 19.0925777282 18.820178028 18.5834178659 18.1521482484 18.8116720882 17.2496833812 16.5656118029 14.5693722172 16.9775372334 -9999 17.728712422 -9999 -9999 -9999 -9999 14.3324810664 14.815119788 -9999 -9999 -9999 -9999 -9999 -9999 -9999 -9999 -9999 -9999 -9999 -9999 -9999 -9999 -9999 -9999 -9999 -9999 -9999 -9999 -9999 -9999 -9999 -9999 -9999 -9999 -9999 -9999 -9999 -9999 -9999
-9999 -9999 -9999 -9999 -9999 -9999 -9999 -9999 23.3894049087 21.5677304841 18.8314667578 18.1431087931 17.2533568159 16.2188930905 16.1014146102 15.4481670621 14.123068634 13.7505370567 13.1957117426 14.8016527734 14.3386864731 15.0600367271 -9999 13.5977319755 16.0503622048 15.782019215 -9999 -9999 -9999 -9999 -9999 -9999 -9999 -9999 -9999 -9999 -9999 -9999 -9999 -9999 -9999 -9999 -9999 -9999 -9999 -9999 -9999 -9999 -9999 -9999 -9999 -9999 -9999 -9999 -9999 -9999 -9999
-9999 -9999 -9999 -9999 -9999 -9999 21.6185929217 20.0131925563 19.6561959565 20.255443563 20.4780919432 20.4366975385 18.6558640106 17.9365870329 15.878419838 16.8908385082 14.7977048216 14.1084247371 14.5956457658 14.6451169481 13.9782297729 14.6913983783 13.8010709735 13.6778490867 14.3383313584 13.9554144161 14.5199601376 -9999 -9999 -9999 -9999 -9999 -9999 -9999 -9999 -9999 -9999 -9999 -9999 -9999 -9999 -9999 -9999 -9999 -9999 -9999 -9999 -9999 -9999 -9999 -9999 -9999 -9999 -9999 -9999 -9999 -9999
-9999 -9999 -9999 -9999 -9999 -9999 22.1403461074 21.1419943454 18.624119617 18.1429944366 16.916084499 17.1878277808 16.5122288389 16.061034958 14.9457033064 13.5875587995 13.6352859982 12.0551847401 13.5479290998 12.5453115814 12.8067929774 14.5345601573 13.4068456953 13.4610088406 12.9466720039 12.2681188561 14.5024874841 15.3046342688 15.1070018406 14.390707743 16.4248672983 16.3160061498 -9999 -9999 -9999 -9999 -9999 -9999 -9999 -9999 -9999 -9999 -9999 -9999 -9999 -9999 -9999 -9999 -9999 -9999 -9999 -9999 -9999 -9999 -9999 -9999 -9999
-9999 -9999 -9999 -9999 -9999 25.008257719 22.6306578486 22.5060610876 21.1046213248 21.9532571239 20.8058732699 19.4184416045 16.2523998745 17.0019010949 16.1059857207 16.1507377946 12.3462217105 7.91266091144 12.6429829095 12.7647727966 12.8698915849 12.4462049158 12.7570778977 13.1403493346 13.3640147269 13.8505255122 14.1154825587 13.8993781705 14.587280114 14.2947394873 13.842420221 14.4749995207 13.263122107 12.8264126162 -9999 -9999 -9999 -9999 -9999 -9999 -9999 -9999 -9999 -9999 -9999 -9999 -9999 -9999 -9999 -9999 -9999 -9999 -9999 -9999 -9999 -9999 -9999
-9999 -9999 -9999 -9999 -9999 25.1636251142 23.2416762324 23.3584542611 21.2948150785 20.3838169227 19.5927335139 20.3231461761 14.1310807793 11.9940165882 18.6790460822 19.9732454622 14.5544077964 6.33341061383 10.0807299095 11.5951924314 12.5891348248 12.9879743727 13.9931194363 13.5175740596 12.5768945368 11.5961650065 12.3133940094 11.4349883968 12.3631372533 12.135087153 11.567441652 11.97006646 12.5491666025 12.0499628886 12.4659264941 11.9067063492 -9999 -9999 -9999 -9999 12.1850187944 11.7398487185 -9999 -9999 -9999 -9999 -9999 -9999 -9999 -9999 -9999 -9999 -9999 -9999 -9999 -9999 -9999
-9999 -9999 -9999 -9999 -9999 24.2058747108 22.5785277481 22.8313279933 21.8278805886 22.5921567744 21.2035607569 20.6537258514 18.9062506609 20.2455811547 19.7407265108 18.0198188684 16.1903671804 18.4490461202 16.1051802068 16.9299266105 14.3587328185 12.532011205 11.8538548059 11.3939852491 12.3434308728 11.988145408 11.9476228673 10.9099408197 12.8802133592 11.4119824174 7.50132015705 10.1910245996 12.3966778736 12.3454188153 11.9948798716 12.3410030021 12.1582176962 -9999 -9999 12.3239088099 12.9318766355 12.5284918813 13.6319778102 -9999 -9999 -9999 -9999 -9999 -9999 -9999 -9999 -9999 -9999 -9999 -9999 -9999 -9999
-9999 -9999 -9999 -9999 -9999 -9999 24.8979700391 25.8696030447 22.8577181213 22.3426462976 20.279849767 21.296014416 21.8552471421 23.0983901755 17.0639802383 15.8245979697 16.1398624923 15.7776350923 13.6826940538 13.4300741469 13.2976277749 13.7852889011 12.6310934057 13.5029617171 12.0926893745 10.9911614013 9.74569159512 10.4836391501 10.3385205546 10.2727539187 9.92277517127 10.9780583658 10.6968465624 10.3718564162 10.7920928437 11.1392590849 11.3868215244 10.5662069594 11.5705200155 11.2691270099 11.1466333898 12.8521606711 11.1375833374 10.0936682852 -9999 -9999 -9999 -9999 12.9392031165 12.0045823897 3.01879107855 -9999 -9999 -9999 -9999 -9999 -9999
-9999 -9999 -9999 -9999 -9999 -9999 -9999 24.7183645653 21.8302294026 23.2850436754 22.5548979394 21.4753824744 19.8279544514 18.2396681622 17.3288470996 19.5247628002 18.4584112548 17.9653247303 16.9706972191 14.9545832991 12.5979592064 12.660920617 12.0398227052 12.1685026099 11.2235907257 10.1887922746 10.0679199296 10.5846478765 10.396834298 10.0830333511 10.57870063 10.4488290871 10.8251754183 10.2896288484 11.3881657436 11.3156108371 11.4550923133 11.4187695273 11.3608758921 11.3320238119 10.6303271991 10.4873979205 10.8652708529 11.2475155523 10.6757293473 11.2388889411 11.7504526998 10.9159395713 10.7907695232 10.6071246528 9.60034536746 7.52058003647 -9999 -9999 -9999 -9999 -9999
-9999 -9999 -9999 -9999 -9999 -9999 -9999 -9999 20.9640474553 20.2559171967 21.0536759387 22.1942385553 20.625901738 21.6342795383 19.9877980213 19.1041684081 15.6130458355 15.6891119292 13.2576296514 14.497641448 16.5634917222 16.049248265 15.1871845462 17.4975388637 16.9446886154 16.4700623114 10.5659946494 9.43973484336 8.50445297308 7.69597045961 8.32192598644 8.73090584605 8.90857444995 8.57167626278 9.43034597069 9.62111255032 10.0193045971 10.414635296 9.84274762756 9.7339594266 10.1484434954 10.3688881387 10.2314658986 9.79499799051 9.69204521257 9.26817824292 9.84670276073 9.3008707081 9.02049135307 8.84580138796 8.22187795403 8.60984130867 7.53394907194 -9999 -9999 -9999 -9999
-9999 -9999 -9999 -9999 -9999 -9999 -9999 -9999 23.2697950155 21.7571763561 20.1466760178 20.2463465593 19.2970011941 19.2110528377 16.9993408352 16.6811758127 15.483858516 16.244090255 14.515521193 15.3921463124 15.9423797203 15.7726603415 17.9996823446 21.7138929095 19.1491275889 16.3243621542 16.6013450442 12.0345949555 9.17537715854 8.00404013099 7.69427818342 8.31708565139 8.01317602027 8.39677035286 9.31010391709 4.11220740929 10.7715068736 10.0836393742 9.81612904513 9.64935868073 9.51924120341 9.85170202921 9.90465912664 9.86521785645 9.29784002106 9.24362085751 9.78636767657 9.41194000155 9.16422961527 8.62878725198 8.44831776263 8.48441486343 7.96339019793 8.5284573635 7.40319005151 7.92401115447 -9999
-9999 -9999 -9999 -9999 -9999 -9999 -9999 -9999 -9999 24.0037188317 21.8733393607 19.455805572 19.1509236062 19.7967936849 18.4781254759 18.6961084894 19.3619833807 19.8998605426 19.5328493147 19.6069711041 17.8595798678 15.2026854984 15.5624375343 25.2596426017 21.6260991214 19.5950951297 15.7963421221 14.4779399103 9.13243827412 7.72458964883 7.4766575066 7.79303190491 7.60539016601 6.97688674733 7.60875646535 7.07996995027 9.10371700645 8.60752007106 8.24670115325 8.33757620799 8.10905277443 8.39858171068 8.7622270295 10.1903071511 8.87353247461 8.13419774133 7.71639644679 7.65946191283 6.97747826738 6.65606127126 6.85482509411 6.64325121637 6.62522759795 6.94337115748 7.43945569527 7.48798436672 6.93091942992
-9999 -9999 -9999 -9999 -9999 -9999 -9999 -9999 -9999 -9999 20.5984586592 20.7473874259 18.809187932 19.4102870575 17.5217095838 16.5637028455 16.0881610362 18.7661268656 16.5831626328 14.7180320113 13.5404088136 13.2288202327 11.3342787144 15.4114672646 17.9047849976 19.63034894 17.6546059673 15.9065275381 13.3306324945 10.3730185148 7.46688704109 7.50609219383 8.21088985041 7.42881042586 8.83671481719 8.32828921794 8.88007245143 8.61377095434 8.31676905998 8.36877119022 8.52465861551 8.51081249303 8.22242860475 9.40949307042 10.5225450986 10.4158924358 9.50183242755 8.16278469228 7.32687562928 7.22177962997 7.70953108771 7.45061969326 6.57377125244 6.98926996662 6.35318167204 7.57742119064 6.86717726272
-9999 -9999 -9999 -9999 -9999 -9999 -9999 -9999 -9999 -9999 -9999 12.2135004251 12.8578020776 17.9529594342 16.7235835721 15.6888643112 15.4553136443 15.302362659 12.8096466953 13.4309839164 13.7823525528 13.6188432199 11.0742773807 9.55028750036 10.3432390017 12.8637826716 15.2303434569 17.6593764425 15.4287040923 5.23467206969 7.65993221615 7.45052623483 7.01225348253 7.2881640984 7.5023560818 6.73535465956 7.36874715081 7.30934672366 7.62472659518 7.62234121147 8.1345006459 7.55575212285 7.70104561337 7.51738317111 7.83556592569 7.77726815069 8.28745849344 9.02136248734 7.74975410313 6.60616892183 6.14846897131 6.75713331198 6.56221701589 5.93539786558 5.14387333403 5.32942838203 5.74990291779
-9999 -9999 -9999 -9999 -9999 -9999 -9999 -9999 -9999 -9999 -9999 10.2721119101 14.0302949904 16.3779275536 16.7029831352 15.8369827905 13.7520667979 13.0642308046 13.3154446624 13.4462657685 12.8005959725 14.177145215 10.8621794579 10.4189897733 9.62375319468 10.5551274022 11.1988375915 13.8532299637 13.9049906555 11.2213566646 14.7047643647 14.9206540338 11.3327619438 11.4681010458 9.40375225806 7.01427242051 7.33147748031 7.47712548129 7.40087240853 7.39652360143 7.84398594456 8.78203144342 7.27213628541 7.34288987253 7.5489754595 8.7292435026 10.2213101186 11.0848969584 10.5493539567 8.61687876027 9.3882366106 9.01749273134 7.40437334578 7.06411607894 6.55159983181 5.79272737898 5.35382326044
-9999 -9999 -9999 -9999 -9999 -9999 -9999 -9999 -9999 -9999 -9999 21.2832820344 19.2878195504 18.5547876179 14.2044947279 15.0985122882 12.9244052869 11.0543539308 10.8970460669 11.4274283683 10.9377113377 11.1789682093 9.71582397092 8.76302390224 7.57838756047 7.36722529233 6.76392206663 6.59533347372 6.84439091168 8.14037633115 10.1615788921 14.1035129969 16.7174364595 15.8044315297 10.1556988886 10.2628706399 11.3104874307 9.39598681197 6.58992989133 4.37747686967 3.84881997692 7.43813649279 8.39270278455 9.32190257695 9.78867897679 10.9873731628 9.55879020597 8.94298794837 8.90338109732 9.08729399148 8.48975390582 9.07328083122 9.37828271405 9.91905452096 8.08940413201 5.21998510885 4.36914934744
-9999 -9999 -9999 -9999 -9999 -9999 -9999 -9999 -9999 -9999 -9999 -9999 16.3712155653 17.9275870504 16.333242024 15.2240568394 13.4514579299 12.5465844211 10.9133932293 11.7187234749 11.2855684453 10.6597442081 9.80495257095 9.84048640827 7.82955873742 8.02667344283 6.91211971057 7.18655579979 6.62946032408 6.27187180457 6.27406047884 6.6192817521 7.02866346863 9.29172481297 10.6879148836 2.17565298811 11.1403479938 10.5323438706 9.74190217634 6.84397652059 7.56981478209 7.57023219195 9.97786644151 11.1166171545 11.6338029397 11.1866281117 9.60856311827 9.01803157682 7.67910057471 8.31649201465 8.22914947721 7.44282034092 6.85942783172 6.87515924798 6.5469989664 5.03669641507 1.65471665214
-9999 -9999 -9999 -9999 -9999 -9999 -9999 -9999 -9999 -9999 -9999 19.4480196429 18.5109502714 19.441086145 19.0622100057 11.2938344555 11.7833953848 13.3209313971 10.9350044373 11.3718098491 9.16764870937 9.00131024042 7.76830445397 7.99351792325 7.58068767581 7.44400482516 6.16613274766 5.87699978796 5.75916136236 5.5190564093 5.23007516834 5.48269206032 5.20768068916 5.13349163247 5.66007060284 10.7254630018 11.6738660147 9.44928636362 9.02873587592 6.29978527243 6.74313774286 6.64649004668 9.41984551856 11.0113377535 13.2095012031 13.1991363571 10.8417890325 10.981987418 9.17786722651 9.25192412487 7.67599349415 6.12028682893 5.70478159568 5.73619395085 5.48616045536 5.87612568394 7.18994485809
-9999 -9999 -9999 -9999 -9999 -9999 -9999 -9999 -9999 -9999 -9999 20.064457271 21.1432425984 20.6777179313 16.8942588672 12.6219652232 14.5819522155 14.2080084461 11.3673853764 11.7127035982 9.43789550299 9.51052048371 8.39896704922 8.57642304022 8.00571306274 8.18138198893 4.14427901019 4.92425640716 6.36547860427 8.19009653049 7.44222662149 5.62615991931 5.09133960614 5.13873428328 5.47809463405 7.62442490075 10.2676188326 11.9893434915 10.2007454473 8.4203142164 6.07347899068 7.16113577907 8.67468739543 8.66785376433 9.19811694717 8.78016550608 9.59269254676 9.94645468194 9.13684318733 9.48691425022 7.52633712582 7.82172396457 7.24411498004 6.98022932228 6.73069231253 6.38114914829 5.23020629974
-9999 -9999 -9999 -9999 -9999 -9999 -9999 -9999 -9999 -9999 -9999 22.3044319001 21.6613205607 20.1253201936 19.5253242556 19.3012540223 14.5093917219 14.9430827871 13.4478923009 13.5728166774 8.34336746204 4.42063164212 9.16319500134 11.9869394953 9.86014863375 9.85827268761 9.71524009178 8.71107364398 6.84660603885 5.78223261738 5.74759438645 7.49567662197 7.65302380032 7.0947135896 5.68805758396 7.08904537435 7.72859270402 6.76563144484 9.64875174768 6.96042425534 6.78923361306 7.0748727202 7.03836344836 6.32324292194 6.36144278556 6.42643316033 7.11306679311 7.24922607782 6.39096858808 5.95189753608 6.08038796273 6.36275065388 5.30621319011 5.13197170861 4.79466390344 5.56646739277 6.21667305579
-9999 -9999 -9999 -9999 -9999 -9999 -9999 -9999 -9999 -9999 -9999 -9999 22.1163227631 21.3129100004 18.6706089905 18.1250703786 15.6770475292 15.8288212873 13.0951174242 13.8599229528 12.29898669 13.4099576579 10.5909975324 9.84430127482 9.38894029344 9.28211950706 7.97596930991 8.30044102215 7.61070526951 6.93937463089 6.18709218838 5.56817195047 4.65907139396 5.10892876276 5.14066831763 9.22568382198 8.49194542858 7.6766171506 10.1099769122 8.9560272368 6.46636033412 5.76490468033 6.51474019482 6.21969186492 6.60311694569 6.67140881765 6.40554330018 6.72741419308 5.84018816523 5.70611784647 4.94814150728 1.96776011394 2.26355778006 5.95350742528 5.39010164705 5.16580769449 4.82101475682
-9999 -9999 -9999 -9999 -9999 -9999 -9999 -9999 -9999 -9999 -9999 -9999 23.7245133193 21.4990472106 19.4765915539 18.1244030359 15.198889716 16.1045043975 14.3761136704 13.3220263764 12.4710239044 11.6099197777 10.8986247975 12.4025344664 10.5195797776 11.1846704231 11.283328836 10.5100137482 9.00269038467 10.3723680192 8.9166395398 9.23171540183 8.86823123224 8.38881318723 8.85489096496 9.71066316534 8.87026925831 10.075279209 12.0181052873 9.46329013112 7.41156871564 5.30921751579 4.80977224705 4.7472953073 4.95694374627 5.10620751343 4.93211959054 5.07102214656 4.50746620116 4.54911743929 4.32271535038 3.56968108349 4.05510722942 4.62124161025 4.41390344447 5.20464842504 3.77779134473
-9999 -9999 -9999 -9999 -9999 -9999 -9999 -9999 -9999 -9999 -9999 -9999 22.8542648299 21.7991476522 19.4095809122 19.3250802859 15.6208398209 15.6324914535 13.4636030686 14.8901180695 12.845060227 12.1420377239 10.2811107456 5.71889817753 8.13754699304 11.2506765662 11.6761903812 10.9170777604 9.23724953018 8.47615993971 7.6719247346 7.27385929689 5.81114694255 5.80529212979 9.32202580758 3.66979503987 5.23343678801 10.3630673805 9.12510091188 7.12453135278 6.33274278448 5.22788640493 4.80037963842 4.84709492697 4.68944630216 4.83255248317 4.90359817812 4.86418702168 4.86657005947 5.34001223184 5.42515326669 5.71720744552 5.19738329717 4.54605703133 4.73270988746 4.78264324207 4.70905728242
