data/recharge/transience/oldversion/mHM_recahrge_481.ASC
ncols   80
nrows    72
xllcorner    4374000.0
yllcorner    5656000.0
cellsize      500
NODATA_value  -9999
[rows 0 to 25 of 72, columns 0 to 56 of 80]
-9999 -9999 -9999 -9999 -9999 -9999 -9999 -9999 -9999 -9999 -9999 -9999 42.7264113635 43.7471923761 -9999 -9999 -9999 -9999 -9999 -9999 -9999 -9999 -9999 -9999 -9999 -9999 -9999 -9999 -9999 -9999 -9999 -9999 -9999 -9999 -9999 -9999 -9999 -9999 -9999 -9999 -9999 -9999 -9999 -9999 -9999 -9999 -9999 -9999 -9999 -9999 -9999 -9999 -9999 -9999 -9999 -9999 -9999
-9999 -9999 -9999 -9999 -9999 -9999 -9999 -9999 -9999 -9999 -9999 -9999 37.4243990856 36.5887887251 36.3949921208 -9999 38.2721763624 -9999 -9999 -9999 -9999 -9999 -9999 -9999 -9999 -9999 -9999 -9999 -9999 -9999 -9999 -9999 -9999 -9999 -9999 -9999 -9999 -9999 -9999 -9999 -9999 -9999 -9999 -9999 -9999 -9999 -9999 -9999 -9999 -9999 -9999 -9999 -9999 -9999 -9999 -9999 -9999
-9999 -9999 -9999 -9999 -9999 -9999 -9999 -9999 -9999 -9999 37.3875222466 36.7819123198 37.2658889744 36.3075190303 35.1317244525 35.3748428614 36.0377316815 37.0921909399 -9999 -9999 -9999 -9999 -9999 -9999 -9999 -9999 -9999 -9999 -9999 -9999 -9999 -9999 -9999 -9999 -9999 -9999 -9999 -9999 -9999 -9999 -9999 -9999 -9999 -9999 -9999 -9999 -9999 -9999 -9999 -9999 -9999 -9999 -9999 -9999 -9999 -9999 -9999
-9999 -9999 -9999 -9999 -9999 -9999 -9999 -9999 -9999 37.1441771205 36.8315406289 36.4941981434 36.079075639 36.2779154627 35.4575355909 35.6668084051 35.6468843283 37.4809820308 -9999 36.9584676717 -9999 -9999 -9999 -9999 36.797162522 37.8192217011 -9999 -9999 -9999 -9999 -9999 -9999 -9999 -9999 -9999 -9999 -9999 -9999 -9999 -9999 -9999 -9999 -9999 -9999 -9999 -9999 -9999 -9999 -9999 -9999 -9999 -9999 -9999 -9999 -9999 -9999 -9999
-9999 -9999 -9999 -9999 -9999 -9999 -9999 -9999 37.5824485373 37.0310552007 36.0912865475 36.1872502773 35.3274287996 35.2422785845 34.533452621 35.0298705599 35.039514395 35.272170081 35.9373561689 35.4236724002 34.5911302317 35.0500402155 -9999 36.3704138097 36.3914122045 37.3785134567 -9999 -9999 -9999 -9999 -9999 -9999 -9999 -9999 -9999 -9999 -9999 -9999 -9999 -9999 -9999 -9999 -9999 -9999 -9999 -9999 -9999 -9999 -9999 -9999 -9999 -9999 -9999 -9999 -9999 -9999 -9999
-9999 -9999 -9999 -9999 -9999 -9999 38.3329597679 37.027537088 36.7430439848 36.7696569842 36.5084697434 36.3591978857 35.5981103785 35.6371739848 34.8110430257 34.9548687893 34.8743103683 34.3826454558 34.4820870609 34.6883673943 34.1933996518 34.3628060884 35.5780642685 35.8491469594 36.4376129985 36.9774305851 37.3009098006 -9999 -9999 -9999 -9999 -9999 -9999 -9999 -9999 -9999 -9999 -9999 -9999 -9999 -9999 -9999 -9999 -9999 -9999 -9999 -9999 -9999 -9999 -9999 -9999 -9999 -9999 -9999 -9999 -9999 -9999
-9999 -9999 -9999 -9999 -9999 -9999 37.638593374 36.9069742479 35.8003225665 35.5967211423 35.3779130038 35.5360422069 34.5374796443 34.4540086653 33.8256184343 33.6276459606 34.2106707906 27.2296983672 31.853583388 33.755637222 33.6845411524 34.5314456662 34.6255745789 34.7969444304 35.6952103814 35.5318928976 36.2934136329 36.5340112047 36.318716295 36.3607289215 36.0646458531 36.3778702038 -9999 -9999 -9999 -9999 -9999 -9999 -9999 -9999 -9999 -9999 -9999 -9999 -9999 -9999 -9999 -9999 -9999 -9999 -9999 -9999 -9999 -9999 -9999 -9999 -9999
-9999 -9999 -9999 -9999 -9999 37.86009931 37.204829285 36.9119908319 36.2159083273 36.1925440246 35.7608365491 35.32972735 34.214748284 33.8299641331 34.3811594472 34.4446985623 26.8562258714 14.3909421376 25.7554974151 33.9004061691 33.9302798072 33.9046259208 34.1528588741 34.2071808547 35.2928002927 35.6035488695 36.1363825793 36.2239000682 35.8038112377 35.8829035756 35.6857696634 36.1098830467 35.6264612382 35.7208931297 -9999 -9999 -9999 -9999 -9999 -9999 -9999 -9999 -9999 -9999 -9999 -9999 -9999 -9999 -9999 -9999 -9999 -9999 -9999 -9999 -9999 -9999 -9999
-9999 -9999 -9999 -9999 -9999 37.6659499259 36.4878887524 36.6073892454 35.7892135196 35.6627491406 35.2991713125 35.3617565996 25.2781686334 20.3952109487 34.6257058539 34.3631762005 29.4841778754 12.0507591788 21.3831386134 28.9785435007 34.067764905 33.6773718187 34.208869561 34.3980467007 34.2822613936 34.1705336798 35.2362766527 35.2621162184 34.640975517 32.9321298475 31.1848096434 33.4937048609 34.9096961094 35.0500171303 34.9563575008 35.2289013245 -9999 -9999 -9999 -9999 34.2765031922 34.0873418604 -9999 -9999 -9999 -9999 -9999 -9999 -9999 -9999 -9999 -9999 -9999 -9999 -9999 -9999 -9999
-9999 -9999 -9999 -9999 -9999 37.5422093909 36.8283355908 36.4930905753 35.7344516179 36.0673933031 35.7750254429 35.7052279653 34.3886191276 33.7346960712 35.0279120946 34.8790524587 33.4411834114 34.4884203917 34.2473700839 34.4758646629 33.9950178943 33.3000829139 33.7892751971 33.7892572845 34.2743252795 34.4543114579 34.913694149 34.9249242238 35.1297194715 31.9499632842 22.3272587878 29.1738196182 34.5872076542 34.9968486308 35.0993187985 34.9082269407 34.849429179 -9999 -9999 35.0176964578 34.3828428993 34.5240885249 34.2983221293 -9999 -9999 -9999 -9999 -9999 -9999 -9999 -9999 -9999 -9999 -9999 -9999 -9999 -9999
-9999 -9999 -9999 -9999 -9999 -9999 37.1105244588 36.7744813774 36.130146428 36.3854133108 35.716587889 35.6622890369 35.4204389064 35.7690112479 34.1444375722 34.3734714826 34.1541088476 34.4879474972 34.4748592502 34.3264016896 34.1414720755 33.5928021478 33.3134031476 34.3667894726 34.194550361 34.101695129 34.2175656242 34.5461353733 34.3499250985 33.7376325479 31.5006296646 33.3735241664 33.5500440173 33.7817651464 33.6545389107 33.6476544865 34.4801570543 35.0905782831 34.2769482057 34.0584776925 33.9376622334 34.3343311842 33.5205389838 33.4844732997 -9999 -9999 -9999 -9999 34.3373075096 34.0133123701 9.20025450367 -9999 -9999 -9999 -9999 -9999 -9999
-9999 -9999 -9999 -9999 -9999 -9999 -9999 37.4138801379 36.1587357779 36.0827385272 35.8935369026 36.1356463931 35.2546555505 34.5501347949 34.6280065736 34.6749562607 34.3025628006 34.2174514505 34.0085415678 33.6069819162 33.6132795212 33.0927506343 33.2578327965 34.2233200117 34.4352601368 33.7559400892 34.1878609262 33.8843040655 33.9434582012 33.7819983855 33.7518887357 33.4273968017 33.4130981736 33.3268091009 33.6131041102 33.8926953875 34.2180793525 34.608525659 34.4617086336 34.2403957754 33.8533394862 34.1473000531 33.610557565 31.508896214 30.0674934425 30.6032706633 31.0122927429 30.5315797903 29.8340150182 32.7068808612 31.0716840315 26.8440857472 -9999 -9999 -9999 -9999 -9999
-9999 -9999 -9999 -9999 -9999 -9999 -9999 -9999 35.585486265 35.9859463095 36.0039824374 35.9448114929 35.4273080479 35.8646050984 35.5938157896 35.5537106232 34.370900854 34.8344613729 34.3683685828 33.6899290265 34.0215266539 33.9830047434 42.6556418127 59.1020446581 60.5653180723 57.8555696809 38.9601245583 33.0519595336 32.8673641351 33.2043589127 32.3966857646 32.5311138019 32.4321335009 32.7560901954 33.0216315153 32.6032641322 32.9033212887 33.1545581359 33.1400022647 33.2715382234 33.5067013505 33.3668192469 29.5004424408 29.1397949689 28.2339923568 27.8425964863 28.2998246388 27.8879141488 27.0542542182 30.211962836 30.4701985484 30.6625672292 29.1853378503 -9999 -9999 -9999 -9999
-9999 -9999 -9999 -9999 -9999 -9999 -9999 -9999 36.1781080741 36.1636384518 35.8589951192 35.9859543631 35.6920184621 35.7427014146 35.5186224982 35.157356626 34.1581504408 34.5251657817 33.8255513938 33.7157879312 34.2825031731 34.0712234406 48.9596981993 63.1577186311 61.6534271661 59.7618722589 57.2133516112 38.9895913137 34.0031919021 33.7285024723 33.3425104735 32.8086641201 33.0925426151 32.9112236068 32.6509764684 14.4079269835 33.2294477967 33.0586791515 32.8694125968 32.8967790073 32.5059462548 33.6102199359 29.4007812851 29.1805790898 27.9543226501 27.8845181154 28.2504741634 27.9541838976 28.0734557245 30.9829317114 30.269191464 30.3099799222 29.1460643038 29.2219942233 28.0618732933 28.2521994307 -9999
-9999 -9999 -9999 -9999 -9999 -9999 -9999 -9999 -9999 35.7537009424 35.6003874669 35.8218709374 35.7583405665 35.6495779015 35.043775582 35.0099069289 34.9470673104 34.4039813902 34.6287198604 34.7909732146 35.6106821669 35.0554418462 38.4749568994 64.0028196879 63.2491596417 63.0771433055 60.1833876365 57.4773973658 41.2706174616 32.3780453079 32.3493445792 32.2161045716 31.9736063948 32.2841627949 31.2661527601 27.1887835339 32.5980957572 32.5535010046 32.2427907899 32.0804311966 31.7006398029 31.7456907211 28.4663629993 28.7274515873 26.7709171312 25.9865649974 24.3724714414 24.9683759378 28.320671899 28.5695740828 28.1133040629 28.0308499605 27.3753083685 27.7445193531 27.4973447998 24.530854935 20.0445610706
-9999 -9999 -9999 -9999 -9999 -9999 -9999 -9999 -9999 -9999 35.4368362768 35.7610175802 35.8199940279 35.7984459935 34.9549084498 34.8971764159 36.7767152031 36.8365586082 37.0458482113 37.1937705121 36.2783462329 35.9728968014 35.3911498469 47.0601474544 61.8260808603 63.728282333 61.3712844658 59.9896956481 55.7204650967 43.2383425722 32.3163033911 32.1180694009 31.865450234 31.8218655956 32.1408416616 32.1700621893 32.3780869496 32.4799785822 32.2972383668 32.3157524084 31.6543673956 31.7090371597 31.0266901888 28.801481521 28.7177892121 28.2061982821 26.5705485215 26.0529596127 28.8505408296 29.1817253109 28.9630572946 28.3469314402 27.163078222 27.5078237905 26.716116159 23.3803234614 19.9639025458
-9999 -9999 -9999 -9999 -9999 -9999 -9999 -9999 -9999 -9999 -9999 19.0655487085 24.2936918868 34.9440897636 34.6182416205 34.5829151843 36.5909326981 36.8491722798 35.7909839073 35.5772088726 34.5818703346 34.6732815032 34.7230114887 34.8173023659 40.1911400525 54.7006679962 61.2038706241 62.1536632113 58.1978024378 38.0828657819 46.9631200458 32.9935568498 30.7670428809 30.8600504303 31.9486853675 31.8726281547 31.4416018471 31.3674933262 31.4909711105 31.6540537291 30.9194880567 30.6403054595 30.5746683741 29.8813642846 26.0299214446 25.6166846356 25.0921063673 26.3119652243 26.9292336829 27.9314974343 27.0654051152 27.5068459864 26.0758137366 25.7623364516 24.532330269 24.6192795349 20.540774648
-9999 -9999 -9999 -9999 -9999 -9999 -9999 -9999 -9999 -9999 -9999 17.8232001052 26.4132157255 34.9314146621 34.5422770542 34.6599371456 35.6429804305 35.7039467783 34.5844974924 34.4742580668 34.7618842614 35.0427085814 34.5625967965 35.3032889435 34.5877326901 34.2193137286 41.4325105206 50.9421355347 55.9818648866 52.7447531109 55.5877912622 55.9210530395 47.9714540603 47.8087966251 41.0037936865 33.2241850705 31.1877971914 31.5751056307 31.1889872255 30.5209091293 27.8236520366 30.6104797784 29.9685385787 30.2120671658 29.6275952358 27.2812818422 27.3481827346 27.932814425 26.6867808632 25.5031773725 25.1552275089 25.3758285833 22.6812522887 26.1942988476 25.5534037104 25.024176873 24.315911488
-9999 -9999 -9999 -9999 -9999 -9999 -9999 -9999 -9999 -9999 -9999 35.7756242599 34.6424326309 34.5829271196 33.5197305453 33.7439602631 34.105708235 34.1423974344 33.7254694351 33.6212252844 33.7256172387 33.7890734428 33.7304229714 34.2984760162 32.9224980295 32.6752217338 32.5727284472 32.3705568682 32.1849848067 37.8155458779 44.7909295821 53.7842502139 58.019542362 57.753593604 45.6930419107 50.2434038992 45.9869855683 44.8554865722 31.985925614 23.3400976878 18.0917237303 30.0452045161 29.6679555859 30.2033767539 30.6876451447 31.1858668841 27.2265812828 26.6586471801 25.4344880626 25.5628507795 24.1286838448 24.8085396051 24.650674271 25.9798646588 26.0445453133 21.4492464711 20.410118067
-9999 -9999 -9999 -9999 -9999 -9999 -9999 -9999 -9999 -9999 -9999 -9999 35.0528762104 34.4233566285 33.8447637415 33.3885477737 33.3716032158 33.9649452006 33.9440141564 33.5306745737 34.1308484145 33.7203357629 33.2793081707 33.2383333363 32.6332728577 32.9045411239 32.8099494601 32.8533012052 32.4909066855 32.3904739434 32.05364096 31.9795759969 35.3013651804 43.7702736453 47.8972592929 26.6047725797 52.1623898379 44.4729542133 44.5680907527 30.2570674089 30.535180152 29.7094476898 30.1481153266 30.5847835595 30.6625011684 30.9311890865 29.2545836342 26.7224215418 24.0499641918 24.6849576085 23.6997620183 22.6364498246 21.2421987464 21.3367542636 18.9346123462 19.9162058535 11.6662294046
-9999 -9999 -9999 -9999 -9999 -9999 -9999 -9999 -9999 -9999 -9999 35.3556119215 35.4260535984 34.9268386188 33.831360327 20.0318700872 27.990427615 33.2560384388 32.9395574283 32.5365038916 32.5436503963 32.4682747632 32.0751612893 32.3776394609 32.1841275044 32.1667016057 31.9153888175 32.0292297505 32.0689559956 31.7579614747 31.1422929228 31.1959821959 30.64359752 30.4822814526 30.306844241 48.1611939938 45.3338888303 40.817809689 38.8012499213 30.3026474407 29.4917416109 28.5545895567 31.1231835063 31.6528836704 31.8913038509 31.7292781586 31.044528987 29.6249633761 25.86481099 25.9204779901 22.4328393074 19.8575664888 18.1427577288 18.1862515982 16.9708830547 17.6354326508 18.978420239
-9999 -9999 -9999 -9999 -9999 -9999 -9999 -9999 -9999 -9999 -9999 35.6259569639 35.6297448808 35.1970751411 34.0380109457 25.9696078428 32.1580685079 33.3846599343 33.0984922248 32.9260777264 26.6836394306 27.6355671366 32.0945987844 32.327017598 32.2226226532 32.5921949268 21.1841115226 21.955491145 30.2320654863 32.1089452314 31.5234340893 31.2378799192 30.4635949804 30.4718121808 30.2142542507 41.1439855695 42.2950239837 45.2947693763 40.1590503091 36.6181964307 28.8308286559 28.5920461055 30.4497303247 31.1359853656 31.5849625456 31.5203607195 30.4648990546 30.6443498109 28.7404439289 28.3538151586 22.3746636786 22.3879859847 20.5216090951 20.1407532963 18.9554812696 18.4073337074 15.7723217013
-9999 -9999 -9999 -9999 -9999 -9999 -9999 -9999 -9999 -9999 -9999 35.5105785073 35.8358507653 35.2931561278 34.7919458603 34.6692666132 33.2865986276 33.8513193559 33.0371512772 33.4744264926 27.7854170762 12.3454468878 27.3651416887 33.4965460668 31.3850534042 31.4943772694 32.4323571519 33.065182968 32.4011011195 32.3046639807 31.5613892467 31.4069712695 30.7550879904 30.6984656942 29.6287357784 39.324394268 35.0097949861 32.578849715 36.6721436397 35.8971815301 28.91261609 29.3227563658 29.4258161382 28.9131958939 29.3644749757 29.5054607376 29.4789064909 29.490386405 28.0278994891 27.9306551495 24.3528902725 20.4625505224 18.2759840258 16.4798774911 15.0193391799 15.8138342884 16.3815676576
-9999 -9999 -9999 -9999 -9999 -9999 -9999 -9999 -9999 -9999 -9999 -9999 36.166707317 35.6038688042 35.0330448653 34.718086151 33.8733407981 33.9392814215 32.9326130456 33.0023288927 33.3823654454 33.888991993 33.2524663741 31.4675988125 31.2251233073 31.1446181986 30.2824233616 30.4524603947 29.7612262912 29.2486321056 27.205410438 30.6849309511 29.8410807549 30.1399675748 29.3214153867 41.2891469757 36.7809448304 34.3797758824 38.4873109921 39.0533226459 29.1999390384 28.8650486853 29.7721123255 29.1459120384 29.297708631 29.2005762103 28.8149851552 29.0829614163 27.498844488 27.7115636051 25.8862095902 15.2236832025 17.2660134771 20.8729538184 15.9794189296 15.9502680066 15.0450828815
-9999 -9999 -9999 -9999 -9999 -9999 -9999 -9999 -9999 -9999 -9999 -9999 37.0034256815 36.2454422514 35.5099848288 36.2196877226 34.7868482217 34.7754321089 33.8203771244 33.6953927732 33.1543203572 33.292718467 34.0877495139 32.4238434163 31.6286509437 32.2318679658 31.9144559028 31.4638116506 30.1259503498 30.8934847671 29.1353085304 29.657119422 31.5276250708 30.8994015972 39.8110797316 39.5259009857 41.3217247548 38.5561429752 41.8543428129 36.8853748071 28.60244402 28.4192024464 27.400423769 27.3618742018 27.0718509627 27.1660315525 26.4586913979 26.4582175592 25.2607966547 25.7548606899 24.4693950666 22.617216552 22.6740648082 15.5822769442 13.2586925069 14.7814259257 11.2776486171
-9999 -9999 -9999 -9999 -9999 -9999 -9999 -9999 -9999 -9999 -9999 -9999 36.7422337652 36.498836827 35.4908868421 35.7151521513 34.7002976976 34.4870846853 34.0415984003 34.3044457335 33.6817945466 32.8103378078 32.602150872 24.024372346 26.7227419899 30.8549179792 32.6379526897 32.0406649479 30.2053983005 29.7720119859 27.9193723325 27.4380246037 29.5611786053 33.2380718657 41.778991779 36.6009055311 44.7388099585 40.7850941832 35.981513925 23.1348692645 20.2229963422 23.4244571935 27.2989648887 27.5672636866 27.1381760639 27.0841785632 26.7818903883 26.8647742963 26.0193732939 26.3661570053 25.1239786974 22.1720963498 15.8093796337 14.3177703077 15.2699946737 14.0026831371 13.1287927507
