data/recharge/transience/oldversion/mHM_recahrge_114.ASC
ncols   80
nrows    72
xllcorner    4374000.0
yllcorner    5656000.0
cellsize      500
NODATA_value  -9999
[rows 0 to 24 of 72, columns 0 to 54 of 80]
-9999 -9999 -9999 -9999 -9999 -9999 -9999 -9999 -9999 -9999 -9999 -9999 0.177894306525 0.175178712475 -9999 -9999 -9999 -9999 -9999 -9999 -9999 -9999 -9999 -9999 -9999 -9999 -9999 -9999 -9999 -9999 -9999 -9999 -9999 -9999 -9999 -9999 -9999 -9999 -9999 -9999 -9999 -9999 -9999 -9999 -9999 -9999 -9999 -9999 -9999 -9999 -9999 -9999 -9999 -9999 -9999
-9999 -9999 -9999 -9999 -9999 -9999 -9999 -9999 -9999 -9999 -9999 -9999 0.664747483911 0.429327093715 0.342920205546 -9999 0.409681702588 -9999 -9999 -9999 -9999 -9999 -9999 -9999 -9999 -9999 -9999 -9999 -9999 -9999 -9999 -9999 -9999 -9999 -9999 -9999 -9999 -9999 -9999 -9999 -9999 -9999 -9999 -9999 -9999 -9999 -9999 -9999 -9999 -9999 -9999 -9999 -9999 -9999 -9999
-9999 -9999 -9999 -9999 -9999 -9999 -9999 -9999 -9999 -9999 0.407715884307 0.405972497109 0.527376211653 0.562256512017 0.380047964474 0.377852322615 0.331394646294 0.354376790447 -9999 -9999 -9999 -9999 -9999 -9999 -9999 -9999 -9999 -9999 -9999 -9999 -9999 -9999 -9999 -9999 -9999 -9999 -9999 -9999 -9999 -9999 -9999 -9999 -9999 -9999 -9999 -9999 -9999 -9999 -9999 -9999 -9999 -9999 -9999 -9999 -9999
-9999 -9999 -9999 -9999 -9999 -9999 -9999 -9999 -9999 0.374925906982 0.410404513075 0.398070349725 0.399721318303 0.440443247447 0.407023864678 0.387859885319 0.438303585449 0.512577825204 -9999 0.499969272283 -9999 -9999 -9999 -9999 0.538284893791 0.560888621363 -9999 -9999 -9999 -9999 -9999 -9999 -9999 -9999 -9999 -9999 -9999 -9999 -9999 -9999 -9999 -9999 -9999 -9999 -9999 -9999 -9999 -9999 -9999 -9999 -9999 -9999 -9999 -9999 -9999
-9999 -9999 -9999 -9999 -9999 -9999 -9999 -9999 0.71037483477 0.533529692269 0.401379733725 0.372952444832 0.3681481897 0.318179111504 0.345308202882 0.313014021294 0.379335687176 0.349308204043 0.325854526535 0.317421110691 0.326826874232 0.365078338084 -9999 0.43021946471 0.670527326897 0.626967458276 -9999 -9999 -9999 -9999 -9999 -9999 -9999 -9999 -9999 -9999 -9999 -9999 -9999 -9999 -9999 -9999 -9999 -9999 -9999 -9999 -9999 -9999 -9999 -9999 -9999 -9999 -9999 -9999 -9999
-9999 -9999 -9999 -9999 -9999 -9999 0.578390142825 0.421906888508 0.397286997965 0.435083908669 0.516700957205 0.534657779685 0.452368043972 0.404978217601 0.333809887736 0.386603538058 0.368845801692 0.347255888922 0.327225918646 0.310949527216 0.309050669248 0.345901604068 0.422901319359 0.439837905824 0.489000448001 0.457613624501 0.526027291616 -9999 -9999 -9999 -9999 -9999 -9999 -9999 -9999 -9999 -9999 -9999 -9999 -9999 -9999 -9999 -9999 -9999 -9999 -9999 -9999 -9999 -9999 -9999 -9999 -9999 -9999 -9999 -9999
-9999 -9999 -9999 -9999 -9999 -9999 0.574029351405 0.465284509163 0.352400664902 0.329881765475 0.312810715013 0.330723406764 0.337240519284 0.308514917981 0.290697519348 0.239170998594 0.278334812487 0.262034955581 0.29560976869 0.226201468299 0.254705136538 0.336188529874 0.295452459414 0.350921454802 0.392106186824 0.345123407176 0.490341444039 0.422913873886 0.425902501995 0.380561342549 0.575133103312 0.561500835105 -9999 -9999 -9999 -9999 -9999 -9999 -9999 -9999 -9999 -9999 -9999 -9999 -9999 -9999 -9999 -9999 -9999 -9999 -9999 -9999 -9999 -9999 -9999
-9999 -9999 -9999 -9999 -9999 0.743531363192 0.615293932744 0.586517428092 0.534420597387 0.601817532105 0.558992959231 0.452398482076 0.330177141188 0.338602699526 0.347802533712 0.353724273418 0.278134954779 0.369752403934 0.341704161273 0.23909554019 0.25715873561 0.239343159758 0.265727760691 0.283204821354 0.40463314281 0.451467435235 0.477257983587 0.36331928096 0.393617102329 0.375670690668 0.377554015906 0.416648797815 0.365926965014 0.3407126462 -9999 -9999 -9999 -9999 -9999 -9999 -9999 -9999 -9999 -9999 -9999 -9999 -9999 -9999 -9999 -9999 -9999 -9999 -9999 -9999 -9999
-9999 -9999 -9999 -9999 -9999 0.780934745526 0.680616425683 0.690038978569 0.566845654178 0.487056049438 0.477717689737 0.540020583521 0.294316729199 0.3147962317 0.492073288591 0.60134166467 0.268654272471 0.238578032765 0.262862731369 0.180317114058 0.270790620146 0.275535167888 0.32912276908 0.304038657673 0.281031082199 0.226797470656 0.365191551814 0.29214464762 0.284581412172 0.262635552122 0.254465054029 0.277662877359 0.328451801973 0.301632650462 0.323402969607 0.299729037931 -9999 -9999 -9999 -9999 0.353596932995 0.277602372557 -9999 -9999 -9999 -9999 -9999 -9999 -9999 -9999 -9999 -9999 -9999 -9999 -9999
-9999 -9999 -9999 -9999 -9999 0.66644776831 0.595069804808 0.625601501039 0.624457764696 0.704043873522 0.62037401271 0.565168768364 0.480530270093 0.571457655709 0.583517579213 0.432739808595 0.359538371526 0.52752603651 0.416761602301 0.448599602379 0.362873975534 0.247712043375 0.22945615044 0.211441365818 0.264607290894 0.277707567251 0.338251920721 0.281926596416 0.322128951717 0.218581676948 0.15599493441 0.194445600658 0.320468356009 0.303368184173 0.307119214012 0.323331368774 0.313262933102 -9999 -9999 0.3076270854 0.34186657063 0.318641334903 0.361596762785 -9999 -9999 -9999 -9999 -9999 -9999 -9999 -9999 -9999 -9999 -9999 -9999
-9999 -9999 -9999 -9999 -9999 -9999 0.859153660673 1.00751621962 0.715026684087 0.645329427255 0.520032339095 0.619208124609 0.7522760053 0.967584982496 0.384636134058 0.319519237865 0.357759384929 0.337720540643 0.269763310855 0.260409245647 0.283442886044 0.308251044738 0.272917576546 0.315322889201 0.261921905733 0.219108585046 0.221332839825 0.282146212009 0.218988781245 0.209206218092 0.187827605775 0.255139170478 0.248487992213 0.262099082365 0.295980390684 0.267636838683 0.27065172513 0.28115098335 0.275825966509 0.261290705284 0.251127835125 0.340435240695 0.259042401337 0.243892505533 -9999 -9999 -9999 -9999 0.39983628274 0.336057103549 0.0576921345625 -9999 -9999 -9999 -9999
-9999 -9999 -9999 -9999 -9999 -9999 -9999 0.792019017862 0.596644849662 0.773608672717 0.7651813285 0.627282460279 0.528666846936 0.431706748732 0.422801771602 0.609502580429 0.507343340582 0.477918772033 0.454061488405 0.333547854784 0.252157002772 0.255441491445 0.246120256245 0.250830986502 0.223817936875 0.184704458619 0.255465431722 0.218124464535 0.222526238136 0.198832688617 0.225406052125 0.217514965979 0.259130020441 0.221402956783 0.280110585174 0.276198966639 0.346832938198 0.319443121635 0.265358568722 0.264171037698 0.208062870812 0.21697318081 0.29056904507 0.353173100419 0.298134956833 0.33049515207 0.391222479874 0.307143436775 0.294415855345 0.252475579294 0.153353059341 0.0836954941519 -9999 -9999 -9999
-9999 -9999 -9999 -9999 -9999 -9999 -9999 -9999 0.532900107647 0.472385291953 0.585912383469 0.716249451122 0.608367109389 0.712115737277 0.68767009699 0.543404796414 0.339997503742 0.343135536755 0.258761992282 0.317367324465 0.462931058255 0.428012776056 0.262683493534 0.224791889625 0.229007851089 0.220968948402 0.155884330983 0.180458834448 0.1503935689 0.128713822291 0.187459872838 0.187950285803 0.187887473211 0.184106780722 0.195232688163 0.220867963903 0.221536440086 0.237134534438 0.205496118941 0.216293903342 0.280478379789 0.281075849994 0.286875263044 0.250788068601 0.242536551749 0.211600083585 0.246096298572 0.205534801647 0.188800327329 0.178311524298 0.167009321933 0.171596747794 0.119289072542 -9999 -9999
-9999 -9999 -9999 -9999 -9999 -9999 -9999 -9999 0.772659738794 0.598252603467 0.506196924951 0.512929330401 0.486396877665 0.479495648241 0.375494669761 0.359810256119 0.331395184081 0.371357012724 0.318076981727 0.365049725567 0.419881310955 0.40987163387 0.369697453567 0.529673303258 0.370711333376 0.193847331182 0.273143309068 0.210487398299 0.207133496261 0.175722093391 0.1329498052 0.162242126506 0.146683561446 0.171038751978 0.198106385713 0.107235649483 0.253716876512 0.222472180807 0.204554954211 0.197862536555 0.190694352608 0.218397643164 0.257919243726 0.256524695531 0.212881050147 0.209252075867 0.241434157685 0.213589855637 0.195936435316 0.180231307756 0.176709837566 0.178231439895 0.148859938321 0.182722908131 0.136228259817
-9999 -9999 -9999 -9999 -9999 -9999 -9999 -9999 -9999 0.93627055632 0.709594006715 0.470768496812 0.490425665399 0.534877732162 0.475000950502 0.489134533341 0.585787369292 0.651432675385 0.649407555838 0.653611830677 0.543947734576 0.347072041259 0.336919111529 0.934405194244 0.625522227243 0.472587522324 0.252825977367 0.166436824545 0.110731845174 0.155205057775 0.161312546002 0.165903428984 0.167007438271 0.139959681254 0.125309805053 0.119794635499 0.189866148996 0.171032189892 0.154524761099 0.157703818469 0.147380051859 0.170084818927 0.190763341342 0.306574769768 0.204793378433 0.153118300793 0.135593009314 0.133473704023 0.12590327845 0.1228215095 0.132847151934 0.125505600494 0.112441938355 0.127330857844 0.149150026564
-9999 -9999 -9999 -9999 -9999 -9999 -9999 -9999 -9999 -9999 0.569923812183 0.58385440348 0.467487048581 0.513991248153 0.412527159291 0.358452651721 0.415632813147 0.594710075843 0.482548022175 0.383010678452 0.330434789858 0.347309659569 0.245282491057 0.241159629877 0.306695508747 0.545170808985 0.472014901426 0.248011043233 0.133062261083 0.11961192042 0.136814610845 0.138160660528 0.166901534921 0.151510884567 0.205362573538 0.168425498198 0.181299057605 0.171288938347 0.156911231146 0.158705544378 0.161460633058 0.15986496725 0.12956546481 0.187446114619 0.311447520117 0.324773844117 0.258583301509 0.165249361018 0.15150857616 0.142740037721 0.167045566614 0.156767535155 0.116668611262 0.124336755461 0.114131205889
-9999 -9999 -9999 -9999 -9999 -9999 -9999 -9999 -9999 -9999 -9999 0.417309512699 0.283771818151 0.442835519544 0.394582626827 0.347934362743 0.493533592997 0.48125036862 0.331370726748 0.3249432239 0.348134646503 0.362639614216 0.305761009233 0.220941886404 0.18321673603 0.132779604706 0.271089576304 0.418541843339 0.311265399256 0.0675468555696 0.0631372849432 0.117101372798 0.115524975126 0.135397728537 0.136694931316 0.117635283454 0.137208186214 0.135288713032 0.140599508618 0.140476388092 0.153006907218 0.130619419737 0.131496750258 0.111658164915 0.130739688696 0.13751627163 0.154311001946 0.201233649788 0.13229745998 0.125859711798 0.121972901693 0.154867740724 0.154054215714 0.113300276149 0.0911138296719
-9999 -9999 -9999 -9999 -9999 -9999 -9999 -9999 -9999 -9999 -9999 0.272976969988 0.271082761908 0.351345213334 0.398231418716 0.414875746327 0.377164482978 0.311089429978 0.269660777669 0.275441526627 0.267897917819 0.334571130826 0.229179828466 0.26325660076 0.193188272958 0.272094650449 0.21083068994 0.201653252826 0.182024780012 0.14536852228 0.284413854681 0.282321909228 0.113539454732 0.115712302153 0.120135728825 0.121064187853 0.136054269529 0.14075568407 0.13350279555 0.130501943063 0.14295944077 0.171159473193 0.116353446756 0.120219235701 0.116531449233 0.188334417942 0.311026149584 0.372490346527 0.33917859147 0.185837088098 0.25326587006 0.201672043282 0.126281610353 0.136968238887 0.135450188029
-9999 -9999 -9999 -9999 -9999 -9999 -9999 -9999 -9999 -9999 -9999 0.694019194204 0.574859472651 0.509395344449 0.298131141091 0.405655338941 0.372875212224 0.233035478957 0.182769068645 0.214839579193 0.211863627348 0.221236837548 0.246280800707 0.204106501549 0.135553902781 0.122160999581 0.111965625275 0.107210382795 0.119468879441 0.108339570471 0.108700247649 0.250637129051 0.489761097338 0.389616675867 0.116117327335 0.064311568762 0.106792033013 0.0543446609569 0.101762884135 0.0633266388776 0.0706706510104 0.135322887879 0.156743318128 0.190991646379 0.211008954924 0.274004890231 0.240963316014 0.199449543239 0.212345221197 0.23607285027 0.214277481909 0.260950411633 0.293400813303 0.294169791672 0.18974106272
-9999 -9999 -9999 -9999 -9999 -9999 -9999 -9999 -9999 -9999 -9999 -9999 0.367771792537 0.461793041398 0.408379482045 0.352071682147 0.36267788032 0.356238959424 0.263196479949 0.230590168182 0.225191585347 0.201366056732 0.196540826044 0.219565755036 0.136131676394 0.142281799667 0.11622872197 0.124511049106 0.114192620884 0.103572807941 0.106214646328 0.116758726512 0.0992093369698 0.0927388112732 0.149405901364 0.0265018124783 0.126974039419 0.0769098123264 0.0704077235393 0.125495437773 0.143443260362 0.136250671993 0.218684544874 0.273437566824 0.292130268734 0.274245875819 0.21757615378 0.204259897314 0.141599969266 0.182899565842 0.202557481115 0.145814046573 0.11947251578 0.11683398999 0.107428626171
-9999 -9999 -9999 -9999 -9999 -9999 -9999 -9999 -9999 -9999 -9999 0.559040640518 0.521350428713 0.610680831173 0.628658198479 0.320458386525 0.218047583105 0.328635341237 0.269330860556 0.238230027301 0.167594667705 0.162060296252 0.134261844262 0.141173269342 0.139117089854 0.134720080153 0.108994304426 0.095327170859 0.0966237305608 0.0898822208658 0.0840639147164 0.090992933688 0.0848308113371 0.0828570117238 0.0975752567616 0.101634479498 0.135429731773 0.0527644282674 0.0487106741698 0.0978315956825 0.124518700826 0.113678444518 0.204933595597 0.274760504559 0.385749056337 0.38345768775 0.277470100928 0.322807033817 0.230970761751 0.231723463517 0.167751803482 0.0960368191185 0.0853883951338 0.0866278090639 0.0818870337582
-9999 -9999 -9999 -9999 -9999 -9999 -9999 -9999 -9999 -9999 -9999 0.613010380248 0.798325033347 0.749795917852 0.457030557628 0.251982754119 0.33586777722 0.340791354323 0.237445384707 0.258101944551 0.186926406988 0.203766214409 0.16009661754 0.160347290124 0.153445047359 0.155068840081 0.0708301451998 0.096741325155 0.103798810572 0.180450637603 0.154890101121 0.0950509578759 0.0817337466811 0.0829994036756 0.0923955425501 0.0520140246218 0.0777762068577 0.161792062303 0.0835322599226 0.0978435021943 0.101838512048 0.147368355673 0.167569705101 0.158368344521 0.170514123023 0.158945103492 0.208965819659 0.221686445989 0.198011294863 0.226340721368 0.168888130831 0.188193643716 0.16209939729 0.14517088313 0.138986192175
-9999 -9999 -9999 -9999 -9999 -9999 -9999 -9999 -9999 -9999 -9999 0.943555185505 0.892274776275 0.696047204278 0.692844904329 0.665841930485 0.376746364988 0.465963400688 0.346663365969 0.355064012289 0.135459171348 0.115298743565 0.171229157667 0.348482739806 0.238948206492 0.237978519826 0.242087451601 0.177107042404 0.112991027574 0.0864688808014 0.0912372207639 0.161643708205 0.171640488042 0.150203993151 0.105798874259 0.0365394307853 0.0258556938894 0.0148518767272 0.0683364933214 0.0431745075061 0.130551137409 0.165295541999 0.165561226652 0.12332258519 0.111216910052 0.116931932272 0.129612899634 0.135657078526 0.125105990843 0.112990478597 0.115281785196 0.12398488345 0.0879446137483 0.0803414016164 0.077347214087
-9999 -9999 -9999 -9999 -9999 -9999 -9999 -9999 -9999 -9999 -9999 -9999 0.949099967616 0.849653141079 0.605909325054 0.574853888569 0.580188299098 0.549892893268 0.366735847815 0.366939399641 0.343349559222 0.400076645115 0.242131731524 0.208341503068 0.205505355987 0.198727031738 0.143477793639 0.161005340184 0.137608708415 0.106485479167 0.0837940364708 0.0767596721946 0.0739899952342 0.0859481150694 0.0894756801367 0.0563107594118 0.0392570317531 0.0236018774847 0.0852772375089 0.0903008274207 0.122898812569 0.103028915144 0.117106069072 0.133097851753 0.139211275935 0.137271944527 0.10878251401 0.119712590783 0.106718070334 0.106499759686 0.0920266207747 0.0257894551749 0.0258926225579 0.100396867247 0.0804097979593
-9999 -9999 -9999 -9999 -9999 -9999 -9999 -9999 -9999 -9999 -9999 -9999 1.21000105288 0.860199372622 0.718297335102 0.779195246881 0.58832496058 0.616552840266 0.504014719041 0.370807334433 0.34133772809 0.278808642489 0.252496379606 0.44087704263 0.287303468701 0.348851242726 0.395740999183 0.317459881141 0.219944517692 0.336087610509 0.231222703271 0.253490283307 0.220616231858 0.20688019142 0.105387641473 0.0731991973418 0.0455957737763 0.0933000856527 0.187116196245 0.118052450172 0.153015696479 0.0973981359288 0.0861423928863 0.0859368011718 0.106122157694 0.10996012924 0.0944043561628 0.0881958858171 0.0784721314431 0.0844907063369 0.0830713301229 0.0526871054711 0.0668307845381 0.0407163350334 0.0350728983997
