data/recharge/transience/oldversion/mHM_recahrge_47.ASC
ncols   80
nrows    72
xllcorner    4374000.0
yllcorner    5656000.0
cellsize      500
NODATA_value  -9999
[rows 0 to 25 of 72, columns 0 to 56 of 80]
-9999 -9999 -9999 -9999 -9999 -9999 -9999 -9999 -9999 -9999 -9999 -9999 30.1211959211 31.0698327412 -9999 -9999 -9999 -9999 -9999 -9999 -9999 -9999 -9999 -9999 -9999 -9999 -9999 -9999 -9999 -9999 -9999 -9999 -9999 -9999 -9999 -9999 -9999 -9999 -9999 -9999 -9999 -9999 -9999 -9999 -9999 -9999 -9999 -9999 -9999 -9999 -9999 -9999 -9999 -9999 -9999 -9999 -9999
-9999 -9999 -9999 -9999 -9999 -9999 -9999 -9999 -9999 -9999 -9999 -9999 25.4710095533 24.5024353591 23.8913040809 -9999 24.3985750143 -9999 -9999 -9999 -9999 -9999 -9999 -9999 -9999 -9999 -9999 -9999 -9999 -9999 -9999 -9999 -9999 -9999 -9999 -9999 -9999 -9999 -9999 -9999 -9999 -9999 -9999 -9999 -9999 -9999 -9999 -9999 -9999 -9999 -9999 -9999 -9999 -9999 -9999 -9999 -9999
-9999 -9999 -9999 -9999 -9999 -9999 -9999 -9999 -9999 -9999 25.5387667195 24.3781553694 25.2115730144 24.7430053855 22.8684528398 22.41577654 21.4535540274 21.569738832 -9999 -9999 -9999 -9999 -9999 -9999 -9999 -9999 -9999 -9999 -9999 -9999 -9999 -9999 -9999 -9999 -9999 -9999 -9999 -9999 -9999 -9999 -9999 -9999 -9999 -9999 -9999 -9999 -9999 -9999 -9999 -9999 -9999 -9999 -9999 -9999 -9999 -9999 -9999
-9999 -9999 -9999 -9999 -9999 -9999 -9999 -9999 -9999 24.6047812166 24.5204245434 25.0047064272 23.7945929543 24.169755972 24.1060404354 23.0483196331 22.056040748 24.4364175802 -9999 24.9605611353 -9999 -9999 -9999 -9999 21.0238648979 22.2385116249 -9999 -9999 -9999 -9999 -9999 -9999 -9999 -9999 -9999 -9999 -9999 -9999 -9999 -9999 -9999 -9999 -9999 -9999 -9999 -9999 -9999 -9999 -9999 -9999 -9999 -9999 -9999 -9999 -9999 -9999 -9999
-9999 -9999 -9999 -9999 -9999 -9999 -9999 -9999 26.5618361586 25.7987165111 24.3739191185 24.3355046916 24.3675766281 23.9607557226 24.2151531643 24.0421419618 22.1429345732 22.2957575102 21.5770749069 23.4960190569 22.9859435912 23.4694284475 -9999 21.1842529684 22.4438956756 22.8413996552 -9999 -9999 -9999 -9999 -9999 -9999 -9999 -9999 -9999 -9999 -9999 -9999 -9999 -9999 -9999 -9999 -9999 -9999 -9999 -9999 -9999 -9999 -9999 -9999 -9999 -9999 -9999 -9999 -9999 -9999 -9999
-9999 -9999 -9999 -9999 -9999 -9999 26.8569188913 25.34954436 24.9524826766 25.2011110296 25.2262379611 25.2649918448 25.0063401258 24.7794158522 24.1905187222 24.6851900216 22.5684375109 21.9883600935 22.9842836709 23.2340081257 22.7185157846 23.1452936701 21.4570114153 21.2479895153 21.9152632587 21.7113198161 21.7979769273 -9999 -9999 -9999 -9999 -9999 -9999 -9999 -9999 -9999 -9999 -9999 -9999 -9999 -9999 -9999 -9999 -9999 -9999 -9999 -9999 -9999 -9999 -9999 -9999 -9999 -9999 -9999 -9999 -9999 -9999
-9999 -9999 -9999 -9999 -9999 -9999 26.930631965 25.9162434857 24.3172176816 24.0172213248 23.6104693856 24.7966353255 24.6863874841 23.3994770575 22.589922631 22.8391722467 21.9394300238 19.81263218 21.6659735847 21.9596007027 21.7869518192 22.9976415203 22.1563110843 21.178268976 20.3843520027 19.8660891718 21.7724266142 22.1955256099 22.3818475804 22.0007960755 22.5268523647 22.5361087459 -9999 -9999 -9999 -9999 -9999 -9999 -9999 -9999 -9999 -9999 -9999 -9999 -9999 -9999 -9999 -9999 -9999 -9999 -9999 -9999 -9999 -9999 -9999 -9999 -9999
-9999 -9999 -9999 -9999 -9999 27.6082072994 27.0054940151 26.8284674445 25.5472099291 25.7197870602 25.1932774321 24.4649985501 23.3912292253 23.6870062534 23.3905696235 24.2502108917 19.859840982 10.9372760525 18.9397426423 21.9542405803 21.8494186687 21.5132567835 21.6460010034 21.9376290537 20.5667869424 20.8417942335 21.4002149055 21.4500862504 21.9660308374 21.8378374577 20.8674751485 21.3268194606 19.5984155687 19.197040905 -9999 -9999 -9999 -9999 -9999 -9999 -9999 -9999 -9999 -9999 -9999 -9999 -9999 -9999 -9999 -9999 -9999 -9999 -9999 -9999 -9999 -9999 -9999
-9999 -9999 -9999 -9999 -9999 27.6795851513 26.8899797478 26.9878683832 26.367036854 26.0259573008 25.711268419 25.9629036201 19.9522989643 16.5105958209 25.8267055049 25.2108919827 21.6488467458 9.52771951722 16.642576187 21.2274163164 20.5153776634 21.2925790486 22.2898493356 21.9714509952 20.8855010144 19.2298436074 19.442289601 18.7052334693 19.8005336632 19.8150432455 18.8488800175 18.9740853859 19.1947753536 18.7199173175 17.7574636592 18.1732741057 -9999 -9999 -9999 -9999 18.4837302301 18.4110899326 -9999 -9999 -9999 -9999 -9999 -9999 -9999 -9999 -9999 -9999 -9999 -9999 -9999 -9999 -9999
-9999 -9999 -9999 -9999 -9999 27.4487279453 26.9819136484 26.2847424059 26.4515422525 26.8220224197 26.507617271 26.3087131858 25.7431325016 25.9724598689 26.390199442 24.70561439 23.1100031801 24.4560067789 23.7231760064 24.5331840921 21.7984426312 21.1687520304 20.5770053088 20.1653653223 20.7189464739 19.2865102063 18.9572350712 17.9193449898 19.7693117044 19.8921772467 15.1884353936 18.7965797798 19.0475125436 18.1116628343 17.3103745932 18.5901587797 18.3272224402 -9999 -9999 19.0197437692 19.5457772801 19.1714771782 19.5881724873 -9999 -9999 -9999 -9999 -9999 -9999 -9999 -9999 -9999 -9999 -9999 -9999 -9999 -9999
-9999 -9999 -9999 -9999 -9999 -9999 27.6916109157 27.1260727392 26.9851886325 27.0587779786 26.420949992 26.6414397473 26.4587390162 26.2788314159 24.3080679548 23.9509163965 23.6616883539 23.5667205587 22.1133966278 22.8563262402 21.9615450072 22.2546395987 20.9098549116 21.6732010276 20.161131422 19.0898788856 16.1383702552 16.591015519 16.6484523989 17.564674132 17.3121382184 17.4905896456 15.9501534385 15.3980655795 15.5793677733 17.390609708 17.1550181918 15.7048152955 18.2655045037 17.9689316427 17.8572594476 19.499495499 16.9755238881 15.2752847698 -9999 -9999 -9999 -9999 18.7070796547 17.6291190901 6.88532980527 -9999 -9999 -9999 -9999 -9999 -9999
-9999 -9999 -9999 -9999 -9999 -9999 -9999 27.3529384723 26.8195912998 27.0195575028 27.05718034 26.9846450963 25.2074274835 24.3381842499 24.5767018754 25.4435385098 24.7229018138 25.3916907123 24.5730369162 23.5563524995 21.3758148872 21.3926133012 20.4119229379 20.555956661 19.3629339005 18.3534519379 15.8937552876 17.2098119462 17.5993166826 16.9461342903 16.4104587744 16.2113926097 16.0155439268 16.0181608327 17.6355956226 17.5662622187 16.5614266087 16.6429224226 18.0632718203 18.0323821731 16.6650153663 16.1539056636 14.1466060287 13.4209640447 12.4730817812 13.4593203961 13.9397440857 12.8345644578 12.5609270461 14.4051601407 15.7310390532 16.204085964 -9999 -9999 -9999 -9999 -9999
-9999 -9999 -9999 -9999 -9999 -9999 -9999 -9999 26.6481255743 26.616266748 26.8409763142 27.0307357789 25.6966059039 26.2942582846 26.549649155 26.1698347884 24.680988771 24.8547995579 22.8783771952 23.4724419246 24.354459616 24.1227307276 22.2261617634 20.7369927996 19.2527541496 19.4892965154 15.8216745617 16.6109528707 14.4219003807 13.6569670236 13.2939900594 13.6767479771 13.6781504463 13.3665555641 14.5767956445 15.1730381556 16.2079946548 16.6719925053 16.2986661806 16.0175926587 14.6803794202 13.2439627119 11.688279328 11.0839979965 10.7842163598 10.18125873 11.1625319186 10.3595454318 9.80895399101 11.4166826138 12.2377396255 13.0045557334 11.8057792267 -9999 -9999 -9999 -9999
-9999 -9999 -9999 -9999 -9999 -9999 -9999 -9999 27.3357612542 27.0537966819 26.5455456945 26.6436727889 26.2857153283 26.2934926113 25.3870894629 25.0869533167 23.6453104365 24.1191397569 23.5108432826 23.9031127503 23.3679623322 24.0229381516 24.0415562911 22.9626605924 20.0373456922 18.6129692725 19.1643918988 17.8641842319 14.8343806144 13.0851833474 13.0175843835 13.5398773389 13.1243825134 13.3084793427 15.2569031759 10.0756104626 17.0270324587 16.3421624196 16.2693116535 16.1040767306 15.8385643623 12.9419237947 11.2179714182 11.1845678244 10.2115546816 10.1350676352 11.0770768941 10.5296258884 10.3089873796 12.9796582319 12.5125922829 12.5560159444 12.0669309152 13.500336327 12.0070794233 12.4976708271 -9999
-9999 -9999 -9999 -9999 -9999 -9999 -9999 -9999 -9999 27.24405564 26.8896338918 26.4946513 26.4090845573 25.7072370382 24.7827150921 24.8332397065 25.0409517036 24.9131105293 24.7948410447 24.9390387987 24.8601797209 23.7677042625 23.8268250633 27.2641178547 22.5123044338 21.6752073666 17.9859355918 17.0465681954 11.620593131 14.1282310335 12.7307349273 12.6895278656 11.9093395666 11.1565317528 12.960363409 15.3950706466 15.2301760579 14.741937536 14.3508092487 14.4389985271 14.104450506 13.1142096754 9.13632245905 10.9610347269 9.10332720038 8.390298628 7.57176692349 7.6060484451 9.47862129636 9.8184035679 9.89636513925 9.63907078415 10.2157160952 11.5849021331 11.8091925959 8.21275315457 6.49873657731
-9999 -9999 -9999 -9999 -9999 -9999 -9999 -9999 -9999 -9999 25.8791117559 26.0965564752 26.2968532023 25.6366369022 24.3919117405 23.9913059637 25.0208465393 26.0552260534 25.1983203389 24.0421925245 23.0549598302 22.6450706103 20.4350316383 23.1764872762 20.1974584595 22.0202999111 19.5879614137 17.8368171721 14.9690282163 13.8003429405 13.5933503065 13.6303022345 13.910610668 11.7566773359 14.3769996834 14.1135188245 15.0087935251 14.7472928463 14.4210302375 14.4727574372 14.5132387292 13.4899240465 11.2924432817 10.1068413398 11.4658748365 11.6618568545 9.71592092895 8.04720531583 10.3656688667 10.3831102574 10.8851747598 10.5839973555 9.75523506921 10.817367585 10.7591417537 7.95009206649 6.42520917824
-9999 -9999 -9999 -9999 -9999 -9999 -9999 -9999 -9999 -9999 -9999 14.8270887017 18.8552397592 24.9698876445 24.1480897671 23.9695463721 24.4293204186 24.3880498188 22.1001050088 23.1877426342 23.355303588 22.7796635434 18.9768183416 17.709381757 15.9380689604 15.9309193184 17.0377939416 19.6540001107 19.1426169254 15.6059995889 13.688588609 11.3811655859 11.5797253911 11.645216257 12.6398196363 11.6094047818 13.1700289215 13.1107829479 13.4966282032 13.496675452 12.7157520652 11.9053920489 12.0901663955 9.7409967708 8.79389513574 7.84799940047 8.90673789355 9.44754130248 8.56474510877 9.66192880884 8.91216882033 9.74993523665 10.0893770279 9.84910942206 8.87636549748 8.81887688624 6.22595216629
-9999 -9999 -9999 -9999 -9999 -9999 -9999 -9999 -9999 -9999 -9999 13.8719229482 20.0987787169 24.2836615409 24.1818294783 24.203019899 23.0951165069 22.6810731927 23.5825454409 23.6462001061 22.9051496257 23.7712513399 19.6411219703 18.756487791 17.366344617 17.9692668904 16.113406802 17.7103643372 15.2137315752 17.9229407595 16.4946641784 15.1176533703 11.1300336393 11.8845617995 10.6508404009 11.6173663137 13.1304003817 13.2778001445 13.274541061 13.2683951683 13.5384449225 13.0574762259 11.5138628973 11.6908815513 10.2366060505 9.85271561638 11.5531151798 12.8133861221 11.8953909959 9.22049294204 10.014855839 10.009436788 7.53975337127 10.2847854067 10.2653526449 9.48383598322 8.89363098054
-9999 -9999 -9999 -9999 -9999 -9999 -9999 -9999 -9999 -9999 -9999 27.0791705554 25.1313252732 24.8806464409 23.981408699 23.4376898521 22.0317998384 20.9093924625 20.5041308184 20.9416773264 20.9729410891 21.1834834104 17.1536773476 16.3690970852 14.9239779084 15.6652082461 14.4399102828 14.2542563796 12.9944379255 12.0150700904 12.69710612 15.6427760639 16.311764571 17.5303646653 13.9934162757 9.89399258087 11.8270350339 10.1277014055 11.168147968 12.249162068 11.7148966283 11.8325146609 12.5889600485 13.4868549139 14.3601356601 15.3842160219 11.2757658196 10.4721277154 10.0830301906 9.66736177762 8.76396589746 9.6008390479 10.0756891251 11.3837731553 10.8066889393 11.0613339114 8.20026630051
-9999 -9999 -9999 -9999 -9999 -9999 -9999 -9999 -9999 -9999 -9999 -9999 25.2912042583 25.3490018535 25.003974838 23.4100451468 21.8684831583 21.4066513675 20.111065276 21.7273785084 21.2954436491 20.7307290284 18.9520691623 18.2614973138 16.1549590458 16.3655842499 14.6023663261 14.8932282329 13.7558611909 13.3617794485 12.9905088323 13.3648879932 11.5405163471 12.243681309 15.2181845737 10.3068968569 13.0421156544 10.8738417363 10.2437649079 12.4034154012 13.1539666336 11.7651620868 14.1304935525 15.2403198494 15.8747557854 15.6166498218 11.5649288578 10.5731466566 8.38312319252 9.15496091879 8.04601609759 7.17411667741 6.26252479263 6.43201962161 5.99909875198 9.65493633945 6.34540710017
-9999 -9999 -9999 -9999 -9999 -9999 -9999 -9999 -9999 -9999 -9999 26.6309340512 26.2913583092 25.4399030044 24.7096109126 15.6656151864 21.4178854197 21.7794142084 19.1717138597 20.7523199358 18.56312419 18.4048999568 16.3796471818 16.6198022832 15.4134417882 15.2711328269 13.0791979232 13.0259625088 12.4548395042 12.1744602113 11.3768882053 11.6712054839 11.0420417488 10.953624018 11.3740953688 12.173462536 11.4910282757 8.67757139603 8.54951116407 9.61126774022 11.2477016006 10.6333160166 15.9537693045 16.3784323366 18.4986273071 18.4573090912 15.7657607171 13.0026995076 9.77868483437 9.95056090678 7.66966747859 5.32564974751 4.72389269898 4.76402007507 4.33129786469 4.83285213656 6.74396235566
-9999 -9999 -9999 -9999 -9999 -9999 -9999 -9999 -9999 -9999 -9999 26.972640795 27.1492366469 25.9951474299 24.2523375001 19.6269298864 22.6825934143 22.6694499981 20.8141420907 20.7764497899 18.9381227097 18.2052236173 16.6867556402 17.2193190277 15.8509136927 15.7170572871 13.2818318987 13.7198720582 13.6210572497 15.0076547525 13.753276543 11.8350948964 10.9038369667 10.9596864867 11.1721065191 9.13680182703 9.52858535795 11.2638839392 8.86056653779 9.39854408325 10.2646696493 10.6576520427 13.9053548766 14.3323732494 14.9252669745 14.364101945 14.3669939651 14.4581441477 11.6853523429 11.0370098144 7.33222266659 7.78265440347 6.72716576121 6.42267819476 5.90811039942 5.43548830698 4.09923515201
-9999 -9999 -9999 -9999 -9999 -9999 -9999 -9999 -9999 -9999 -9999 27.2758034221 27.1887240152 25.7973217141 25.1976308645 25.0367688034 23.2618065298 23.6912898052 21.9120479069 22.6681641527 18.9679278326 9.65371366547 19.0708504324 17.2753477595 13.6207502515 13.6141834573 13.7223325451 13.347148622 11.375013192 11.1657030712 10.9588655908 13.9130951629 13.5458641624 12.9943763177 10.9925669357 7.79947376899 7.47167298583 5.70605028129 8.18594329609 6.783423727 11.0555280793 12.1308961434 10.8039116531 10.1703674257 10.9105986547 10.8342134694 11.8647501309 11.9621397999 10.6770366824 10.39779481 6.7833707443 5.14748505913 4.09833986258 4.00542311915 3.80216888448 4.1607077771 4.90546214207
-9999 -9999 -9999 -9999 -9999 -9999 -9999 -9999 -9999 -9999 -9999 -9999 27.5026461306 26.9430735651 25.9241370956 25.0112208553 24.2129614796 24.0278744709 21.2733130028 22.0530659849 20.5665515037 21.9179620729 15.6892424875 13.9418310918 13.0232863421 12.8856963915 10.7883093775 11.249864478 10.0074446924 8.99526428633 7.61655042237 9.31582911426 10.3297934857 10.8654185122 10.3921844351 9.82354085751 8.44395526935 6.39162183589 9.45739773331 9.60788579782 11.0085479259 11.1952248009 11.450573019 9.72086333824 10.489276061 10.6486260018 11.1008391092 11.4176414226 9.96899444169 11.0260254371 9.57993605729 8.06979617394 7.76588807158 6.52441431205 4.71536525761 4.75470113365 4.37460114647
-9999 -9999 -9999 -9999 -9999 -9999 -9999 -9999 -9999 -9999 -9999 -9999 28.0740154427 27.2057229203 25.7828693416 25.952467497 23.8309932862 24.3140204229 22.8903232514 22.6617197027 21.2267352775 20.9803658626 17.3259879175 16.8885505379 14.2415425447 15.0964094278 14.6164678307 14.0993737077 11.9349620563 13.6144942826 11.4239804679 11.9115139297 13.8713197175 14.3588398946 11.1627428991 10.0734558655 7.87933869164 10.3889204327 11.6528456474 10.5310836593 11.0039364141 10.5096892984 9.79250552025 9.67324871464 9.45663185968 8.67992354197 8.36315887685 8.62140643918 7.78128141368 9.08397623325 8.35660429366 7.97425544162 6.40065401306 3.73359525689 3.04081965347 4.07302223421 2.5095063188
-9999 -9999 -9999 -9999 -9999 -9999 -9999 -9999 -9999 -9999 -9999 -9999 27.294346323 26.8934822731 26.2799885795 26.0162355123 23.8751896536 23.9625842615 22.8750808742 23.3465411735 21.334453604 21.3407232746 19.0647440373 14.9882806632 15.6283822247 16.845563752 13.6591975711 14.2964985138 12.2394465083 11.2379070746 9.74402196725 9.16634132313 9.28832771548 9.89115526147 9.04193380511 12.3520255749 12.0311143565 10.739604186 9.19837306133 7.63463816926 6.7293938991 5.87698954149 7.98236636065 9.88505787974 9.68262428758 9.83983351346 9.86857491197 9.8272139196 9.43021555414 9.93060635237 9.02584758265 6.4107252627 4.26413168932 3.3318313476 3.15973402926 3.50670813268 3.30888311167
