data/recharge/transience/oldversion/mHM_recahrge_546.ASC
ncols   80
nrows    72
xllcorner    4374000.0
yllcorner    5656000.0
cellsize      500
NODATA_value  -9999
[rows 25 to 49 of 72, columns 0 to 55 of 80]
-9999 -9999 -9999 -9999 -9999 -9999 -9999 -9999 -9999 -9999 -9999 -9999 6.59044121315 5.92472241674 4.00890101513 4.09881204025 2.18715377165 2.12027964726 1.42542165597 1.93424095297 1.29386854091 1.07540695954 0.74480216564 0.246191656237 0.399240683612 1.41440883473 0.364462532783 0.374240478645 0.829368638711 0.648898863055 0.51289394458 0.442169236829 0.245542176026 0.224380303561 0.259026778931 0.127342443346 0.0737070253705 0.431152530257 0.42480740613 0.442333820826 0.385671745091 0.217659262083 0.269451176991 0.349797129894 0.377580672938 0.395876055259 0.449824112561 0.444013423348 0.468642466206 0.538411476321 0.50854536198 0.39404296458 0.285196759865 0.207300129327 0.17842781208 0.223287993353
-9999 -9999 -9999 -9999 -9999 -9999 -9999 -9999 -9999 -9999 -9999 -9999 -9999 4.35212208358 4.14949951117 4.46942951022 3.07620818567 2.9822768277 1.8608705429 1.52956568101 1.20362316499 1.4486348106 1.38315383671 1.15807387441 1.04200190328 0.883630018167 0.564489777452 0.826943865635 0.726262540502 0.850344120578 0.624781267233 0.523716140725 0.266136322277 0.301044052769 0.130951213098 0.0284312704178 0.0673256961269 0.469742341153 0.572366151506 0.332897848362 0.28116145879 0.440413589896 0.266045310975 0.282685405338 0.250013886212 0.270996189339 0.396741689484 0.369013606624 0.255379690664 0.200503426329 0.213787339121 0.250330143828 0.271604215181 0.28694942245 0.220874897307 0.138823351431
-9999 -9999 -9999 -9999 -9999 -9999 -9999 -9999 -9999 -9999 -9999 -9999 -9999 -9999 3.83800908455 3.80149045241 2.56487063119 2.45245504364 1.93779157835 2.17795972432 1.40977900486 1.75889764848 1.1989686446 1.00489292155 0.642841083837 0.618520420299 0.726192144004 1.07532727668 0.746039726832 0.618689316232 0.614789644989 0.323039051569 0.346729587807 0.458705564105 0.442776952823 0.0535411832667 0.0646483239215 0.414116198005 0.148544552426 0.0793666307241 0.114815001543 0.179088395113 0.486043164622 0.331639331581 0.239506705108 0.302553369365 0.224830611141 0.212356846932 0.233255753934 0.33198027004 0.276021033438 0.177910665004 0.15060806136 0.142385446956 0.314835002133 0.44087645783
-9999 -9999 -9999 -9999 -9999 -9999 -9999 -9999 -9999 -9999 -9999 -9999 -9999 -9999 2.14037612977 2.33023434358 2.11319599174 2.4132879637 1.92794849623 2.12052010677 1.8466112241 1.75998355277 1.02799253433 1.65426369543 1.25874056681 1.3624388204 0.488840812196 0.504346282793 0.56433881447 0.66725707891 0.334638230233 0.172422999492 0.481499864178 1.9138289848 1.37768980445 0.13050554177 0.0688253777255 0.113809507218 0.0966553304901 0.0687524599372 0.250926525654 0.308126222613 0.338285241598 0.449304297788 0.416889000518 0.302515534837 0.138090075126 0.0982144335912 0.160425528804 0.210682228203 0.384719588418 0.476036998259 0.508138082453 0.338526197036 0.181997723521 0.107534705377
-9999 -9999 -9999 -9999 -9999 -9999 -9999 -9999 -9999 -9999 -9999 -9999 -9999 -9999 2.43596731886 2.84950571161 2.80528605554 2.75724728244 2.46437247868 2.42034818129 1.77109678548 1.98190215867 1.67338289715 1.25348331386 0.90017324511 0.680977038429 0.699306653733 0.676307231074 0.39743608584 0.503334173876 0.440298928231 0.42159463595 0.363634356891 0.60020418905 1.10317325148 0.152494916617 0.179984625181 0.438763270568 0.184519435583 0.0568276567138 0.235856191181 0.313157925179 0.266076866584 0.284703711383 0.253840821491 0.314414528898 0.237764438773 0.388894312747 0.925328825351 1.01935644779 0.699744013218 0.379400407052 0.554530127801 0.488857828354 0.366252206495 0.45346210796
-9999 -9999 -9999 -9999 -9999 -9999 -9999 -9999 -9999 -9999 -9999 -9999 -9999 -9999 6.34485131582 4.95278439875 3.94963774108 4.49426411245 3.1134482571 3.21276968048 2.02823820123 1.8538641271 1.3647035083 1.39548234589 0.992671975537 1.13328950499 0.724879283103 0.844915591382 0.524549050885 0.492216225358 0.488095243206 0.608812256685 0.507025811327 0.14184163222 0.160721094257 0.163592835835 0.145486405007 0.300606677802 0.131249004313 0.197462716144 0.0824951146682 0.120688452946 0.166008790159 0.196920211422 0.179433948518 0.229497677074 0.522396517302 0.610180149207 1.28222472383 1.48308177619 0.985042146689 1.1837221464 0.68894679953 0.752807624903 0.628700736687 0.475964059384
-9999 -9999 -9999 -9999 -9999 -9999 -9999 -9999 -9999 -9999 -9999 -9999 -9999 -9999 -9999 3.71399314234 2.9282287533 2.61718714099 2.6531870968 1.66041991652 1.20594654661 1.56698679953 1.40023216946 1.44218257834 0.928862594858 0.9805463631 0.580401652355 0.666957310092 0.512601348492 0.403013363073 0.323987252201 0.292643072879 0.274177769015 0.464841630074 0.183525916886 0.186490854272 0.178681961174 0.172987222127 0.178747080301 0.0545362467311 0.0285896098492 0.0383868196445 0.137846359572 0.135738613474 0.161742256127 0.187177785191 0.200686836244 0.229040948434 0.339258344573 0.406872979779 0.267475942614 0.219508260947 0.438723874886 0.952897117077 0.82832664575 0.809160453382
-9999 -9999 -9999 -9999 -9999 -9999 -9999 -9999 -9999 -9999 -9999 -9999 -9999 -9999 -9999 -9999 3.11116917587 2.74894805499 2.49935150224 3.792825564 3.12073108328 2.82902070439 1.42476934447 1.16279769919 1.13553718556 0.96805773335 0.678503667243 0.51794887355 0.276467036818 0.50203148529 0.561986895357 0.441885942893 1.06155438634 0.616595144463 0.174813518088 0.206344498782 0.213887375711 0.243657146916 0.256941339155 0.327776271176 0.219949088926 0.235221484183 0.206860100404 0.22098361374 0.161108857584 0.110566503611 0.0910509745643 0.336014381208 0.248101102229 0.157518250414 0.276058434999 0.56415959806 0.337278902391 0.241101700445 0.295884884133 0.240951349074
-9999 -9999 -9999 -9999 -9999 -9999 -9999 -9999 -9999 -9999 -9999 -9999 -9999 -9999 -9999 -9999 3.89252206714 4.08145858948 3.86818992144 3.29792663961 2.03234434337 2.28722018251 1.54779906129 1.33536916511 1.0474312283 1.2501134658 0.779438758445 0.759751025642 0.401210334897 0.360797875749 0.19849669286 0.191388680822 0.260252338774 0.274873075732 0.321914733394 0.191542497759 0.321797814068 0.342022233964 0.250416032155 0.226951041245 0.113906896258 0.0963911229694 0.176961926462 0.662592577097 0.52678535124 0.329255270796 0.224135992971 0.147140562044 0.134935484435 0.226778699198 0.388850577779 0.423342134533 0.612573115882 0.677756576303 0.875806261537 0.512652283571
-9999 -9999 -9999 -9999 -9999 -9999 -9999 -9999 -9999 -9999 -9999 -9999 -9999 -9999 -9999 2.35262482396 2.27683267034 3.09089043255 3.38413080412 3.21868175333 2.41679285176 2.22000538328 1.51949122645 1.36394291421 0.95173422659 1.08727377009 0.837912251332 0.877287773655 0.3704027632 0.556090348468 0.455761461219 0.48466542283 0.518395334254 0.233799845296 0.0937715263621 0.341203678513 0.117070524137 0.587316776624 0.308761464196 0.163621754153 0.0973981821332 0.221402870033 0.316511452767 0.309273351378 0.37794329369 0.258414003171 0.0524826541676 0.0936529998699 0.191404290001 0.417263036312 0.268157763819 0.17286215708 0.197631853866 0.24184359112 0.26805868015 0.282623421038
-9999 -9999 -9999 -9999 -9999 -9999 -9999 -9999 -9999 -9999 -9999 -9999 -9999 -9999 2.89574679278 2.82335680418 2.45635898641 3.50495863483 2.87390185318 2.80077045327 2.04172143692 2.49891207543 1.51059963336 1.62805466938 0.960756700842 0.867532193239 0.658676655233 0.722342608063 0.488935555591 0.487661931036 0.35311335781 0.371328056085 0.258018574406 0.305698820555 0.221453603773 0.284482888752 0.146122856071 0.0598761694061 0.0848717858716 0.083850821842 0.076053768883 0.21488415304 0.208895471882 0.237878280019 0.175057896786 0.141444706154 0.177246847771 0.360908281771 0.396985537754 0.272673666114 0.214424376933 0.210683723552 0.22552354817 0.216326296647 0.181570476061 0.204190049736
-9999 -9999 -9999 -9999 -9999 -9999 -9999 -9999 -9999 -9999 -9999 -9999 -9999 -9999 3.66290354437 4.39796542169 3.45718751403 3.35934708768 2.59202086687 2.18804356989 1.63319854343 2.09886224 1.55812621881 1.73733478877 1.04117536089 0.794704960385 0.762940491616 0.83250553577 0.486960961901 0.536297205516 0.491285619926 0.640394815937 1.06555291894 0.723051738605 0.172493938572 0.457032608894 0.776546259904 1.04085137082 0.522356846532 0.540596985047 0.840457712768 0.752119999806 0.304880072008 0.268756889127 0.262614019323 0.129361268423 0.287098194578 0.716486666653 0.691688445138 0.792207431882 0.782926049928 0.770534994044 0.483726614052 0.387830714141 0.466963792973 0.434498278794
-9999 -9999 -9999 -9999 -9999 -9999 -9999 -9999 -9999 -9999 -9999 -9999 -9999 -9999 -9999 -9999 3.57982032098 5.84396904213 5.6112960842 5.45107562406 3.50443588715 1.90067843093 2.00053573719 2.02126958615 1.16909952161 1.44081584662 0.687185637722 0.768767759611 0.567600860365 0.701699740602 0.635127527709 0.895860191162 0.896234107041 0.661869437717 0.783878893251 0.797940620765 0.806461716775 0.480024462746 0.881955898105 0.974590685759 0.51345166627 0.448993355736 0.29390196098 0.144521733917 0.168521614847 0.213182492754 0.202639215753 0.27531726047 0.369134552799 0.450102009708 0.428335932535 0.450482144276 0.373721188381 0.292179214891 0.146224371407 0.163774102504
-9999 -9999 -9999 -9999 -9999 -9999 -9999 -9999 -9999 -9999 -9999 -9999 -9999 -9999 -9999 -9999 7.09321064136 6.57209604252 5.95102409899 3.87826809786 3.84932694852 3.76455285777 1.43121581175 1.59521985972 1.54476374933 2.05948120542 1.50679236316 1.38669598455 1.07065868713 0.975749885226 1.24461483958 1.09950821447 0.768237498023 0.727932038219 0.441642178854 0.504535042288 0.586248486796 0.792214503791 0.418768535926 0.33301287698 0.548957363661 0.858940541319 0.21029318097 0.155359219881 0.626481496258 0.180857313896 0.079784869253 0.147144887316 0.277135552689 0.172173066671 0.11639189929 0.120264579271 0.0824135682375 0.108132070289 0.101907752552 0.103489396835
-9999 -9999 -9999 -9999 -9999 -9999 -9999 -9999 -9999 -9999 -9999 -9999 -9999 -9999 -9999 -9999 -9999 -9999 6.08235575591 4.6257820606 3.07381466251 3.7696832619 2.82503100165 2.14030905972 1.3814795559 1.43978491305 1.26146511792 1.39326316072 0.893150040507 0.847403291924 0.524231108995 0.400823959943 0.389554358083 0.54778591526 0.426987686848 0.644719657582 0.676786674073 0.381551997658 0.363902481264 0.605839344032 0.403623408063 0.323420904048 0.292513255335 0.288542140751 0.280156470795 0.294049373522 0.10741264744 0.110658362051 0.19017493127 0.112667166318 0.157544391177 0.21211109141 0.085837577437 0.0905864671756 0.118624830172 0.135749523109
-9999 -9999 -9999 -9999 -9999 -9999 -9999 -9999 -9999 -9999 -9999 -9999 -9999 -9999 -9999 -9999 -9999 -9999 -9999 3.53034918335 3.34214215108 3.79194151738 3.18779734276 3.29050595762 1.85982399543 1.64782169265 0.94029047757 1.04278654615 0.526616072263 0.480950543776 0.506165889178 0.211025187147 0.194987263911 0.335784519029 0.263185607975 0.246996915154 0.244336177518 0.430092071088 0.387838517345 0.497367136956 0.345982814643 0.290251571308 0.220001698987 0.338894615511 0.398396292486 0.424189397143 0.241063511608 0.0987386390719 0.0727663719978 0.181192601127 0.118186726975 0.12902673661 0.0817961614591 0.080145930651 0.110758212945 0.101396318469
-9999 -9999 -9999 -9999 -9999 -9999 -9999 -9999 -9999 -9999 -9999 -9999 -9999 -9999 -9999 -9999 -9999 -9999 5.33641892946 6.15002397077 5.96562302229 5.70327865646 3.62679600801 2.21526233204 1.76021174916 1.69390187386 0.963436165892 0.987844766461 0.74552066495 0.614412253421 0.132302192706 0.221911508664 0.111738960996 0.442608436568 0.420427886638 0.560446705533 0.805946874235 0.74054716537 0.707811396209 0.661217681817 0.656991131297 0.344906013498 0.252382557933 0.0853063858382 0.10431646403 0.0860758372093 0.221909255425 0.499089712267 0.274426716674 0.110531630744 0.175276109241 0.204927171739 0.210198372144 0.2320814614 0.171084590993 0.155859587453
-9999 -9999 -9999 -9999 -9999 -9999 -9999 -9999 -9999 -9999 -9999 -9999 -9999 -9999 -9999 -9999 -9999 -9999 -9999 8.08571369546 7.34259266343 6.7436717854 4.03678609157 2.54338859923 2.27421748992 2.20713292756 1.10888201311 1.21977032858 0.77701347465 1.157702238 0.578811186877 0.557923185606 0.670628796391 0.634423232926 0.253811146523 0.15412845511 0.234213926339 0.182588359702 0.161202558675 0.161147629391 0.214010928548 0.382434143267 0.270219793221 0.151443051398 0.153877768016 0.862276270358 0.620564227276 0.377656162148 0.351385149323 0.182273556264 0.0399457770497 0.0366432675331 0.0492397262142 0.233454601139 0.121421720075 0.0651218015459
-9999 -9999 -9999 -9999 -9999 -9999 -9999 -9999 -9999 -9999 -9999 -9999 -9999 -9999 -9999 -9999 -9999 -9999 -9999 -9999 5.41550884561 6.33225891436 4.1372829454 3.09324416636 1.59998879995 2.04369462864 1.13972686819 1.31556300183 1.28672638314 0.997654750221 0.60777894114 0.546315745621 0.442960980504 0.312572579961 0.157249025146 0.215755665468 0.471654861835 0.599084395862 0.614627452526 0.531667585905 0.362380578429 0.614459498858 0.706276454286 0.561324818028 0.936517134206 0.739375960883 0.580637915917 0.714213913711 0.563027386403 0.456212850111 0.29561721543 0.152812912755 0.0565134308858 0.033646123155 0.0426713711064 0.0761784161775
-9999 -9999 -9999 -9999 -9999 -9999 -9999 -9999 -9999 -9999 -9999 -9999 -9999 -9999 -9999 -9999 -9999 -9999 -9999 -9999 -9999 5.92980196343 4.79751644495 4.74029778874 1.56546278615 1.30308824344 1.13641125507 1.55170047143 0.918986789682 0.795536135557 1.12635813611 0.778355412978 0.748353996951 0.239599300023 0.556055705062 1.04450027987 0.735817245009 0.471006384753 0.390226519496 0.416047319691 0.809491086231 0.897770059336 1.14157167007 0.614115393523 0.478081839199 0.282794168163 0.462047617238 0.550486684785 0.562321732155 0.809782525857 0.759504724753 0.134082302003 0.189190924435 0.13934355458 0.0227020019783 0.0377020602802
-9999 -9999 -9999 -9999 -9999 -9999 -9999 -9999 -9999 -9999 -9999 -9999 -9999 -9999 -9999 -9999 -9999 -9999 -9999 -9999 -9999 4.45979223625 3.83676856239 3.86296171718 2.51336915979 2.78361017459 1.78672930997 1.7844449232 1.05884251957 1.12180412175 0.452187125615 0.688177014625 0.905216552195 0.864309768177 0.397551202548 0.557651427656 0.457001832502 0.564555953606 0.502940500409 0.693741181536 0.829183306865 0.761471049687 0.512985115092 0.495200582337 0.799232821779 0.727835922128 0.673499909448 0.642226062752 0.364329831131 0.325286264172 0.370169115692 0.188845874629 0.0445636775211 0.0619037211788 0.0642758200662 0.0269128897892
-9999 -9999 -9999 -9999 -9999 -9999 -9999 -9999 -9999 -9999 -9999 -9999 -9999 -9999 -9999 -9999 -9999 -9999 -9999 -9999 -9999 -9999 4.28662251622 5.48874279402 3.02405544666 2.47698497434 1.65953316689 2.11784967966 1.45133895136 1.30037823069 1.01398178189 1.16201246915 0.900988741204 1.06055620619 1.30113777552 0.800070408664 0.92077243771 0.81204831232 0.851416022023 0.773733215156 0.868774676222 0.395872052815 0.526712238384 0.847861020468 0.363465754078 0.29968220019 0.245150528833 0.401810798198 0.65917078631 0.315378030831 0.130899890357 0.0546864165757 0.242047470823 0.154398055942 0.0313161779367 0.0236755054228
-9999 -9999 -9999 -9999 -9999 -9999 -9999 -9999 -9999 -9999 -9999 -9999 -9999 -9999 -9999 -9999 -9999 -9999 -9999 -9999 -9999 -9999 4.59367939723 4.35362989829 2.74978260109 3.10847067388 2.02192926737 2.08289833018 1.73088186784 1.75256801055 1.29754569617 1.38544056935 1.31461458591 1.28558720162 0.835123440254 1.42266130566 0.803647913384 0.746845063367 1.08739563865 0.997444057046 0.512325553476 0.902671967656 0.54674647675 0.34756130157 0.318483254795 0.496296754719 0.817921344157 0.802869911187 0.316429825566 0.280120717463 0.0882004299523 0.122032521513 0.104052170969 0.308007536322 0.129522552445 0.107666871049
-9999 -9999 -9999 -9999 -9999 -9999 -9999 -9999 -9999 -9999 -9999 -9999 -9999 -9999 -9999 -9999 -9999 -9999 -9999 -9999 -9999 -9999 4.51296948367 5.29069834649 4.0267897572 3.21329116915 2.26895374543 3.35809436184 2.09619878101 2.48208283443 1.63438732408 1.24024924438 0.981212020154 1.31001551517 1.56315288322 0.787539291092 0.801630488422 1.36893202449 1.11157338189 0.928137433056 1.04809806645 0.685769503134 0.410322811747 0.635527546414 0.982503233868 0.866806226133 0.874300345181 0.684833593896 0.460737496658 0.462053727201 0.702313971517 0.503784603922 0.252893843231 0.281393350244 0.306200154213 0.341210382567
-9999 -9999 -9999 -9999 -9999 -9999 -9999 -9999 -9999 -9999 -9999 -9999 -9999 -9999 -9999 -9999 -9999 -9999 -9999 -9999 -9999 -9999 -9999 5.863898435 4.61656531722 3.41209791852 1.99650185874 3.112793539 2.0585683145 2.23214601319 1.67312397956 2.00293973395 1.59187920605 2.09818998835 1.21418533026 1.48271610789 1.60399638267 1.23266742251 0.591180103228 0.397464792361 0.34312769309 0.610513973667 1.0663394823 1.09490121508 0.876642986037 0.707595598554 0.280435259251 0.237990659705 0.233921560347 0.274354580657 0.177707254419 0.280723904736 0.32549288388 0.495508456666 0.179024811077 0.0873507412578
