data/recharge/transience/oldversion/mHM_recahrge_549.ASC
ncols   80
nrows    72
xllcorner    4374000.0
yllcorner    5656000.0
cellsize      500
NODATA_value  -9999
[rows 0 to 24 of 72, columns 0 to 56 of 80]
-9999 -9999 -9999 -9999 -9999 -9999 -9999 -9999 -9999 -9999 -9999 -9999 2.14594296567 2.23590870844 -9999 -9999 -9999 -9999 -9999 -9999 -9999 -9999 -9999 -9999 -9999 -9999 -9999 -9999 -9999 -9999 -9999 -9999 -9999 -9999 -9999 -9999 -9999 -9999 -9999 -9999 -9999 -9999 -9999 -9999 -9999 -9999 -9999 -9999 -9999 -9999 -9999 -9999 -9999 -9999 -9999 -9999 -9999
-9999 -9999 -9999 -9999 -9999 -9999 -9999 -9999 -9999 -9999 -9999 -9999 3.80744068441 2.50820670252 1.85698226137 -9999 1.78969987556 -9999 -9999 -9999 -9999 -9999 -9999 -9999 -9999 -9999 -9999 -9999 -9999 -9999 -9999 -9999 -9999 -9999 -9999 -9999 -9999 -9999 -9999 -9999 -9999 -9999 -9999 -9999 -9999 -9999 -9999 -9999 -9999 -9999 -9999 -9999 -9999 -9999 -9999 -9999 -9999
-9999 -9999 -9999 -9999 -9999 -9999 -9999 -9999 -9999 -9999 2.95511829274 2.38909761931 2.9652973554 3.12782043182 1.61697669343 1.25373086984 0.881534106072 0.905089647143 -9999 -9999 -9999 -9999 -9999 -9999 -9999 -9999 -9999 -9999 -9999 -9999 -9999 -9999 -9999 -9999 -9999 -9999 -9999 -9999 -9999 -9999 -9999 -9999 -9999 -9999 -9999 -9999 -9999 -9999 -9999 -9999 -9999 -9999 -9999 -9999 -9999 -9999 -9999
-9999 -9999 -9999 -9999 -9999 -9999 -9999 -9999 -9999 2.55661743684 2.7272734735 2.90085619471 2.28906695842 2.47571155266 2.33308555673 1.89641738337 1.1613120858 1.66641856407 -9999 2.57551057604 -9999 -9999 -9999 -9999 1.52804830061 1.61806314252 -9999 -9999 -9999 -9999 -9999 -9999 -9999 -9999 -9999 -9999 -9999 -9999 -9999 -9999 -9999 -9999 -9999 -9999 -9999 -9999 -9999 -9999 -9999 -9999 -9999 -9999 -9999 -9999 -9999 -9999 -9999
-9999 -9999 -9999 -9999 -9999 -9999 -9999 -9999 4.02385119574 3.1814102788 2.24620577351 2.452924767 2.30212004251 2.03586418204 1.8741544494 1.71874860615 0.994446226241 0.863394540601 0.872473632811 1.62374984251 1.63592642376 1.79604182243 -9999 1.1141700932 2.00243323916 1.8932978839 -9999 -9999 -9999 -9999 -9999 -9999 -9999 -9999 -9999 -9999 -9999 -9999 -9999 -9999 -9999 -9999 -9999 -9999 -9999 -9999 -9999 -9999 -9999 -9999 -9999 -9999 -9999 -9999 -9999 -9999 -9999
-9999 -9999 -9999 -9999 -9999 -9999 4.09636343696 2.93459455978 2.46895352701 2.67477077603 2.80938830913 3.28590708649 2.72181473826 2.48918045527 1.81903520689 2.06573387 1.25153296368 1.08291521397 1.4611748512 1.60057423784 1.56171319134 1.71649309213 1.55076832156 1.15062402818 1.48334524788 1.38266145235 1.7282537628 -9999 -9999 -9999 -9999 -9999 -9999 -9999 -9999 -9999 -9999 -9999 -9999 -9999 -9999 -9999 -9999 -9999 -9999 -9999 -9999 -9999 -9999 -9999 -9999 -9999 -9999 -9999 -9999 -9999 -9999
-9999 -9999 -9999 -9999 -9999 -9999 4.38362437237 3.65582769895 2.23139188266 2.09015906878 1.8302793329 2.40033909284 2.04674392723 1.45640568171 1.24136024097 1.26040865192 1.15991401621 1.35873069714 2.07582352289 1.03607088364 1.24475598979 1.56792713457 1.6073128169 1.35751011644 1.15480569366 1.00829194969 1.75707746785 2.29906332895 3.04119431381 2.79093841968 3.86298881394 3.79004463202 -9999 -9999 -9999 -9999 -9999 -9999 -9999 -9999 -9999 -9999 -9999 -9999 -9999 -9999 -9999 -9999 -9999 -9999 -9999 -9999 -9999 -9999 -9999 -9999 -9999
-9999 -9999 -9999 -9999 -9999 5.9587772866 4.68337019287 4.64272061509 3.57485628135 3.62216480689 3.00156826071 2.60518517306 1.58520226184 1.61117010551 1.56385221943 1.77729868189 1.40362141991 1.07735045117 1.98407837433 0.9795475097 1.2542624669 1.18276476922 1.47661627113 1.55396553396 1.35728585486 1.49812673752 1.65215887121 1.65406925063 2.86612497661 2.76568635652 2.78928049565 3.00688451864 2.73914369537 2.59034536625 -9999 -9999 -9999 -9999 -9999 -9999 -9999 -9999 -9999 -9999 -9999 -9999 -9999 -9999 -9999 -9999 -9999 -9999 -9999 -9999 -9999 -9999 -9999
-9999 -9999 -9999 -9999 -9999 6.23526364079 5.26473858964 5.31326504771 4.14586594553 3.72413202832 3.28390582327 3.59362172165 2.07798994 2.45881851608 2.58155718824 2.48508993776 0.996540683117 0.744013640603 1.6557651976 1.00134010775 1.29261202937 1.29728193247 1.77680604373 1.66430026946 1.73309404608 1.14406059887 1.23031403436 1.05673570862 1.96226119564 2.13999640179 2.89985338008 2.36801907215 2.64294427793 2.47689535784 2.38801751742 2.55383933319 -9999 -9999 -9999 -9999 2.93278549458 2.75293771268 -9999 -9999 -9999 -9999 -9999 -9999 -9999 -9999 -9999 -9999 -9999 -9999 -9999 -9999 -9999
-9999 -9999 -9999 -9999 -9999 5.63298798882 4.81087489961 4.60462874124 4.44005006616 4.82783590172 3.97269034685 3.71476696529 2.83092565256 3.45210841978 2.95941833404 1.87209773157 1.15321314348 1.76762332121 1.78170256934 1.83701555844 1.63552535019 1.19116893367 1.33035607474 1.24845045415 1.67673715141 1.27353917132 1.18761406338 0.94095289739 1.86795987947 1.95655974243 1.62589755821 2.04790624177 2.59560824603 1.88824685562 1.63933786479 2.70585670959 2.74126772204 -9999 -9999 2.92178022785 3.18338014578 3.02782410084 2.98536951152 -9999 -9999 -9999 -9999 -9999 -9999 -9999 -9999 -9999 -9999 -9999 -9999 -9999 -9999
-9999 -9999 -9999 -9999 -9999 -9999 6.43368473538 6.52845398207 5.25666680086 4.9084629685 3.77329684577 4.26417678572 4.78790047856 6.11323132818 1.99788384639 1.80126805977 1.58486416552 1.4840240815 1.27469693164 1.40529897925 1.508046587 1.61724870525 1.60506422862 1.8021395079 1.73462442259 1.48954263796 0.815732848491 0.93913690837 1.2592443884 1.73387567637 1.85564497684 2.07175576495 1.54167853159 1.77970560493 1.93561533013 2.41515027201 1.89221657381 1.4181244169 2.79722033627 2.694971142 2.68003314205 3.30723265694 1.79869308233 1.29548729465 -9999 -9999 -9999 -9999 2.15342899506 1.82351884122 0.817952160861 -9999 -9999 -9999 -9999 -9999 -9999
-9999 -9999 -9999 -9999 -9999 -9999 -9999 5.44517334077 4.65420494079 5.53700979002 4.93713814666 4.30332956165 3.04235129814 2.07829627016 1.62170029231 2.50042378527 2.30845948041 2.49185135072 2.24267352577 1.72914132504 1.37191212514 1.38716476601 1.47835102222 1.49878187279 1.53534964483 1.3301128626 1.0244104022 1.23631572593 1.75885125337 1.47393306767 1.43313420547 1.47695877678 1.70644927353 1.73364165034 2.51567369729 2.48881008109 2.2230127866 2.07221945907 2.72200982426 2.714726114 1.80644514903 1.55151852749 1.21222073639 1.36921613966 1.15709023427 1.39439466172 1.56225601248 1.20022615362 1.12827843236 1.16070734902 1.35247953439 1.09129031704 -9999 -9999 -9999 -9999 -9999
-9999 -9999 -9999 -9999 -9999 -9999 -9999 -9999 4.91671278851 4.09311759698 4.42965502007 5.06752123477 3.81813769963 4.25713872469 3.83320529641 3.42524275721 2.2367964479 2.25260919071 1.67433287365 1.97711668375 2.8143303052 2.64617111401 1.30764746933 1.47008282525 1.60273131411 1.46575599026 0.972991790772 1.47681376843 1.09805865205 0.691159563605 1.2105771589 1.0702265049 1.34701162274 1.10687834039 1.54630847394 1.95760907489 2.32816847924 2.44534973927 2.33071996583 2.29653599652 1.63403470691 1.24281591605 1.13586342601 0.979363591841 0.943217403574 0.812467328793 0.975724982237 0.801796933868 0.711216063485 0.791791080817 0.887604305386 0.98239152991 0.87452644695 -9999 -9999 -9999 -9999
-9999 -9999 -9999 -9999 -9999 -9999 -9999 -9999 5.67601423534 4.79378653688 4.01220820333 4.04861356025 3.53811001876 3.50210461626 2.69143333462 2.6046325107 1.90889452861 2.13209599451 1.98046959383 2.21435781392 2.41834652596 2.55727809321 1.83277750393 2.72251542318 2.01559014761 1.41337143509 1.79954211527 1.27325904323 0.951573526183 0.710302393689 0.790543191864 0.914677151157 0.882591550451 0.996113033283 1.99786352592 1.6342531069 2.49463681163 2.33810372144 2.32446586674 2.2719181481 2.24680852295 1.25534275053 1.00732320812 1.00434386538 0.816483739677 0.801683731384 0.955661257874 0.836261825123 0.742928493271 0.995320852463 0.935040638351 0.942326157616 1.20115616128 1.81457607916 1.46913691896 1.59303982177 -9999
-9999 -9999 -9999 -9999 -9999 -9999 -9999 -9999 -9999 6.59153251318 5.21982355713 3.98092022776 3.81422499245 3.48869585509 2.78360082608 2.79987963284 3.12146344972 3.45331105865 3.5384114313 3.57019093796 3.43280490825 2.36551832091 1.99533184707 4.92366906224 3.10730161934 2.27912709182 1.38488252809 1.46037921482 0.524618776165 1.39575983265 1.19515274686 1.13471906907 1.13940188942 0.732372408695 1.21737631027 1.59724656032 2.1574292333 2.00625778438 1.93388657096 1.96142207601 1.91060485644 1.52099707034 0.726179737913 1.22131896119 0.796108194599 0.590599901393 0.497878527023 0.489610750083 0.603904763479 0.649670260531 0.673562707392 0.638355613098 0.931429871104 1.48541569154 1.57377088189 0.825488882608 0.581736130528
-9999 -9999 -9999 -9999 -9999 -9999 -9999 -9999 -9999 -9999 4.16843085105 4.18632232475 3.68389741751 3.45029228597 2.46048449146 2.1325123284 2.00953251517 2.91504840946 2.3046852057 1.74844060992 1.61375300604 1.50961436654 1.17897338724 1.18630046184 1.83946699287 2.23954922474 1.81314228178 1.45821801441 1.3056600366 0.80257087506 1.43207120226 1.44263650559 1.71156883562 1.14273930357 1.95021960031 1.83934601629 2.08975685969 2.00861835608 1.9539161038 1.96901059633 2.0325406873 1.77353680036 1.08120952285 1.05446673359 1.63421180372 1.34957653125 1.06055349841 0.600234219461 0.824314458 0.799779464957 0.835965593564 0.789262927367 0.689869558048 1.17189798971 1.3168149247 0.793742320931 0.569424073748
-9999 -9999 -9999 -9999 -9999 -9999 -9999 -9999 -9999 -9999 -9999 3.18451547195 2.71015457813 3.38700345544 2.6378709172 2.18211835936 2.16297413454 2.11034959497 1.71333664725 2.17824824777 2.77437189579 2.45215054761 1.44995768737 0.974775872379 0.734001403049 0.651980316762 1.3132403149 2.79733847491 2.91894056794 1.06979962478 0.970932955262 0.915529325149 0.965185186375 1.07672361886 1.0647743969 0.909012935488 1.75921133483 1.74276006408 1.8652567388 1.86355819958 1.65687137953 1.34426061541 1.43165183137 1.03875151611 0.997172475884 0.57558771321 0.816870226378 1.28108212254 0.851331540447 0.862838973903 0.708401847581 1.14193959146 1.40428999205 1.29001672967 1.08149748697 1.06128252039 0.567372373019
-9999 -9999 -9999 -9999 -9999 -9999 -9999 -9999 -9999 -9999 -9999 2.45297296122 2.60566882938 2.82622286225 2.85540811955 2.41856744129 1.66518109479 1.54457881156 2.42885457233 2.4751646555 2.44794750509 2.87920437569 1.42789134985 1.15671164981 1.27489348049 1.83696695131 1.02662225957 1.52586734915 1.56464544784 1.66286785923 2.02732496583 1.63925576743 0.603121850731 0.853431995176 0.650347311072 1.22468903766 1.74999144789 1.78946746314 1.80222326608 1.72094669263 2.06790616147 1.60997799457 1.21965337342 1.3164775054 1.24217719972 1.27796583112 1.9363315075 2.42948155374 2.11827462138 1.10175986734 1.09108972989 1.01009739845 0.648125296899 1.38180594903 1.4071362744 1.234153779 1.12692556362
-9999 -9999 -9999 -9999 -9999 -9999 -9999 -9999 -9999 -9999 -9999 5.53223753487 4.35287582775 3.99766063811 2.72131078961 2.53584872873 1.636668898 1.19882501661 1.42692711679 1.80606384443 2.17698648082 2.24526365709 1.5190588578 0.971125995426 1.22669877909 1.52607636656 1.5291728509 1.48623697807 1.42268844485 0.962180807331 0.835929440901 1.85815201547 2.79148427853 3.38918356737 1.63649815426 1.06892659805 1.44487755919 0.813875940912 1.30395341366 1.19171910842 1.30961782488 1.43676772858 1.58357940419 1.85208439561 2.28494704094 2.82869614269 1.78199904335 1.50955964844 1.48538608766 1.35088858187 0.827506035356 1.02919211787 1.13924062712 1.43992822274 1.55582808457 1.29854877826 1.42386634582
-9999 -9999 -9999 -9999 -9999 -9999 -9999 -9999 -9999 -9999 -9999 -9999 3.42042725311 4.00343002439 3.42271272271 2.51459426798 1.95682184 1.56492147717 1.23964009209 2.19274390038 2.27333037133 2.09965166048 2.02139002317 1.7843583617 1.64307414673 1.6931527358 1.56713539432 1.6402903284 1.60075229613 1.50292297275 1.54641595942 1.64434011389 1.15120272211 0.887940906097 1.7790061767 0.805926187001 1.53995293422 1.19253898506 0.765102267697 1.72511129581 1.96922972303 1.3845524831 2.07676473019 2.4890755206 2.6630298891 2.70460272776 1.75785527699 1.54183087444 1.03073653648 1.24171661779 0.782267710112 0.553890239913 0.427494648177 0.44034097505 0.425803732312 0.64938421063 0.415008207585
-9999 -9999 -9999 -9999 -9999 -9999 -9999 -9999 -9999 -9999 -9999 4.84487152906 4.58231893635 4.68691023034 4.14645215956 3.19884725428 2.99979222778 2.39534661272 1.60942928287 2.27091848069 1.84601154194 1.80309503247 1.62911251583 1.68553639107 1.74213876968 1.70488552321 1.41133003824 1.46198371185 1.55037454627 1.48195960656 1.37699099893 1.44827613477 1.35693545251 1.33668649324 1.48267785186 1.36830419486 1.54120674249 0.717644009868 0.538219446415 0.986852297184 1.54514044935 1.0240175143 2.82487617191 3.01586800501 3.6550122246 3.59374636449 2.9977352347 2.27832088191 1.50560774828 1.46070753164 0.753666202596 0.362843847345 0.301040877911 0.305818922751 0.270795051917 0.327330392502 0.675039723163
-9999 -9999 -9999 -9999 -9999 -9999 -9999 -9999 -9999 -9999 -9999 5.13580691218 5.99554785647 5.43059805054 3.7131620148 2.68121122851 2.76335274502 2.48747941363 2.27820361675 2.33589374501 2.62095625787 2.71259889267 1.60176925453 1.83994042658 1.86084936143 1.84615466315 1.0984313912 1.88306325393 1.62187597829 2.32038084327 2.04388127983 1.48907633494 1.32494986286 1.33819496602 1.43189045382 0.598304598579 0.862930421624 1.21039430052 0.64681130481 0.651829037501 1.19340082875 0.992812552482 1.53269821965 1.95871249654 1.98229488254 1.81036966458 2.12797118154 2.18269764545 1.62080346508 1.50476860344 0.651736506011 0.739719800242 0.588739495957 0.527228513629 0.471856618887 0.406004449895 0.279752684535
-9999 -9999 -9999 -9999 -9999 -9999 -9999 -9999 -9999 -9999 -9999 7.0041691087 6.87550402289 5.46610793552 5.03732416733 4.82202553571 2.68619875554 2.83212578564 2.59019052523 3.27690182641 1.6995874641 1.47083387093 2.99253209295 2.62458431017 1.90203599248 1.89474263633 2.09437697862 1.76944841184 1.46553899591 1.34506060711 1.38475542027 2.19351696369 2.21057022912 2.02412428481 1.5438987566 0.50395951384 0.707651925557 0.353543793666 0.814230120508 0.42656351918 1.49720709518 1.95486549618 1.29351943646 0.841219454172 0.893723831026 0.896790267737 1.44829257995 1.54025354483 1.59765619138 1.59327407272 0.74965273797 0.382250957091 0.305192862928 0.358549762679 0.350076384036 0.386958982049 0.552733449928
-9999 -9999 -9999 -9999 -9999 -9999 -9999 -9999 -9999 -9999 -9999 -9999 7.14666314043 6.67292545318 5.22949861572 4.22561507526 3.05619848 3.26674071884 2.62977579788 2.959991401 2.37991099458 3.36561207978 1.99886033636 1.6716915083 1.68839228061 1.64403176501 1.31178399999 1.43956566391 1.28812981436 1.04395876305 0.815745534786 1.04997546374 1.28885163266 1.4158948879 1.38768163018 1.01816059437 0.882307329239 0.528573305888 1.04315546942 0.787570659933 1.59210162061 1.61456518677 1.54072704703 0.927789286857 0.947818300507 0.918939591892 1.10748186156 1.39971353594 1.36519987826 1.65722256973 1.39401731639 0.633878436881 0.69073988875 0.810906052932 0.521909503298 0.521978307847 0.448965656589
-9999 -9999 -9999 -9999 -9999 -9999 -9999 -9999 -9999 -9999 -9999 -9999 8.91329899721 7.18707448826 5.43092076405 4.40886575687 3.08114978665 3.53001467459 3.09513979225 2.74306420849 3.01568421345 2.98689984926 2.40004502146 3.04720500603 2.24545652981 2.73642884956 3.02087503969 2.46814787426 1.86150229351 2.56050078934 1.87132135825 2.02700151103 2.45733767436 2.5451120425 1.03745100881 1.2646780727 1.08286648346 1.41126981547 1.87810729352 1.22897479261 1.74720842052 1.53454204231 1.40104555845 1.37899693115 1.42191069792 1.2455950903 1.05507855275 1.01431952154 0.978041100222 1.35578313563 1.26470154061 1.12902023073 0.853084264834 0.38338265662 0.305285551208 0.440043102436 0.241214259995
