data/recharge/transience/oldversion/mHM_recahrge_376.ASC
ncols   80
nrows    72
xllcorner    4374000.0
yllcorner    5656000.0
cellsize      500
NODATA_value  -9999
[rows 0 to 24 of 72, columns 0 to 56 of 80]
-9999 -9999 -9999 -9999 -9999 -9999 -9999 -9999 -9999 -9999 -9999 -9999 11.7755402824 11.9915941777 -9999 -9999 -9999 -9999 -9999 -9999 -9999 -9999 -9999 -9999 -9999 -9999 -9999 -9999 -9999 -9999 -9999 -9999 -9999 -9999 -9999 -9999 -9999 -9999 -9999 -9999 -9999 -9999 -9999 -9999 -9999 -9999 -9999 -9999 -9999 -9999 -9999 -9999 -9999 -9999 -9999 -9999 -9999
-9999 -9999 -9999 -9999 -9999 -9999 -9999 -9999 -9999 -9999 -9999 -9999 14.832943513 13.0055279195 11.2481676684 -9999 11.166403397 -9999 -9999 -9999 -9999 -9999 -9999 -9999 -9999 -9999 -9999 -9999 -9999 -9999 -9999 -9999 -9999 -9999 -9999 -9999 -9999 -9999 -9999 -9999 -9999 -9999 -9999 -9999 -9999 -9999 -9999 -9999 -9999 -9999 -9999 -9999 -9999 -9999 -9999 -9999 -9999
-9999 -9999 -9999 -9999 -9999 -9999 -9999 -9999 -9999 -9999 13.9834206122 13.616135244 13.8591628487 14.0997939119 11.0795354983 10.7742139781 9.43603061944 9.6174337331 -9999 -9999 -9999 -9999 -9999 -9999 -9999 -9999 -9999 -9999 -9999 -9999 -9999 -9999 -9999 -9999 -9999 -9999 -9999 -9999 -9999 -9999 -9999 -9999 -9999 -9999 -9999 -9999 -9999 -9999 -9999 -9999 -9999 -9999 -9999 -9999 -9999 -9999 -9999
-9999 -9999 -9999 -9999 -9999 -9999 -9999 -9999 -9999 14.5638886989 13.9726042063 13.8332118576 12.5438779459 12.9477993759 11.8571799648 11.4733204427 10.4069420959 11.4721907615 -9999 11.5799262828 -9999 -9999 -9999 -9999 10.2643923812 10.8009416552 -9999 -9999 -9999 -9999 -9999 -9999 -9999 -9999 -9999 -9999 -9999 -9999 -9999 -9999 -9999 -9999 -9999 -9999 -9999 -9999 -9999 -9999 -9999 -9999 -9999 -9999 -9999 -9999 -9999 -9999 -9999
-9999 -9999 -9999 -9999 -9999 -9999 -9999 -9999 17.3936342546 16.010884153 13.5958337031 13.6243018116 12.4842276242 11.8549593271 11.1236802728 10.7374527133 10.0197891324 9.66860418767 9.15454232039 9.66233724916 9.59187294781 10.0298216478 -9999 9.80655815431 11.5803901951 11.5349640556 -9999 -9999 -9999 -9999 -9999 -9999 -9999 -9999 -9999 -9999 -9999 -9999 -9999 -9999 -9999 -9999 -9999 -9999 -9999 -9999 -9999 -9999 -9999 -9999 -9999 -9999 -9999 -9999 -9999 -9999 -9999
-9999 -9999 -9999 -9999 -9999 -9999 17.5486307045 16.0660519598 14.6182820678 15.0403726309 14.761209538 15.2466331117 13.3850865107 12.9079655797 10.9928640104 11.6021731716 10.2805356328 9.9094946163 9.62640669208 9.56314151971 9.37028559557 9.80303840292 10.1364580372 9.97858126912 10.675710518 10.4344471763 11.1578499768 -9999 -9999 -9999 -9999 -9999 -9999 -9999 -9999 -9999 -9999 -9999 -9999 -9999 -9999 -9999 -9999 -9999 -9999 -9999 -9999 -9999 -9999 -9999 -9999 -9999 -9999 -9999 -9999 -9999 -9999
-9999 -9999 -9999 -9999 -9999 -9999 17.7518037487 16.8924672741 14.1467705006 13.8143584605 12.6786668673 13.1958126095 12.1005969532 11.3978105481 10.3277559532 9.70367422632 9.31357197805 6.82745528401 9.13890731925 8.30612828196 8.79886136296 9.84368512668 9.53339263642 9.89781334307 10.0529318318 9.57847936702 11.3635350753 11.4851540434 11.6543165934 11.1844402401 13.045469114 12.9494046692 -9999 -9999 -9999 -9999 -9999 -9999 -9999 -9999 -9999 -9999 -9999 -9999 -9999 -9999 -9999 -9999 -9999 -9999 -9999 -9999 -9999 -9999 -9999 -9999 -9999
-9999 -9999 -9999 -9999 -9999 20.1764972758 18.1261210062 18.0136849558 16.4256591831 16.764743792 15.2478128633 14.3626602347 11.8567178805 11.8278872309 11.1714783664 11.2692400659 6.6908289334 3.57032474996 7.01405388852 8.45476873323 8.8392782823 8.58146881596 9.12621669122 9.36420245351 10.340496628 10.723887411 11.1670983203 10.68039766 11.3053983006 11.1142483926 11.1773486326 11.6142614288 11.0642259424 10.7571486526 -9999 -9999 -9999 -9999 -9999 -9999 -9999 -9999 -9999 -9999 -9999 -9999 -9999 -9999 -9999 -9999 -9999 -9999 -9999 -9999 -9999 -9999 -9999
-9999 -9999 -9999 -9999 -9999 20.2244612046 18.6122647909 18.6858146985 16.7535175692 16.0407361959 14.9651742831 15.5212225437 8.20098994691 6.51604663244 12.9650070417 13.5002944545 7.95022844964 2.55797834668 4.84636072705 6.31295790268 9.16146212113 9.31408790498 10.341632364 10.0428218625 9.89315565293 9.18472724777 10.3950719821 9.71984539773 10.3997693898 9.61316591132 9.17002966046 10.0711819063 10.9427749255 10.5877991285 10.8365163692 10.4935710374 -9999 -9999 -9999 -9999 10.5083929544 9.85464147405 -9999 -9999 -9999 -9999 -9999 -9999 -9999 -9999 -9999 -9999 -9999 -9999 -9999 -9999 -9999
-9999 -9999 -9999 -9999 -9999 19.4450356979 17.9955063335 18.1612304619 17.2021460086 17.7819869714 16.1734991378 15.7474224457 13.8250270456 14.486767817 13.7015630158 12.14770924 10.1755524646 11.9537744858 10.6913172279 11.0944339315 10.2401533657 9.01086353463 8.98936739662 8.69851605247 9.7028244879 9.69677064232 10.1654476439 9.42513549031 10.8367366897 8.77002008297 4.76674547474 7.47098977912 10.8289570228 10.6166734514 10.3482828321 10.8037205126 10.5869848685 -9999 -9999 10.4293410503 10.7065615278 10.4236448978 10.9610157382 -9999 -9999 -9999 -9999 -9999 -9999 -9999 -9999 -9999 -9999 -9999 -9999 -9999 -9999
-9999 -9999 -9999 -9999 -9999 -9999 19.8308942304 20.4360934673 17.9925250762 17.5266920676 15.6130246244 16.4113052849 16.2908763148 18.4665216431 12.3935131835 11.6453238751 11.2219350912 10.9808967403 9.9817084055 9.87724190332 10.1655762163 10.4679807302 10.1447550057 10.7244371206 10.1821260851 9.47015360055 9.1834033196 9.84821270635 9.61425597957 9.4635763707 8.77979868283 10.1917594967 9.93898236071 9.96389974825 10.2498472883 10.2085021009 10.3527686645 10.0077759286 10.2005512955 9.97713992135 9.66288404139 10.8887089415 9.52538180909 8.91495442973 -9999 -9999 -9999 -9999 10.1442717597 9.50678735797 1.39367618823 -9999 -9999 -9999 -9999 -9999 -9999
-9999 -9999 -9999 -9999 -9999 -9999 -9999 19.273257942 17.1444144814 18.3612584759 17.400172718 16.4992164425 14.5632321599 13.2097489992 11.928613583 13.7419164488 12.8166878866 12.6287254556 12.0274202796 10.7998353378 9.71394450671 9.74710575215 9.75819444145 9.85590492168 9.5981057323 8.87785394233 9.61156258273 9.54675268198 9.62431529024 9.30582264081 9.85687663793 9.72211660067 10.0960297168 9.6299407208 10.3937397588 10.3443555436 10.8291734437 10.6803472137 10.0517395431 10.0261557673 9.16421892966 9.18579576825 9.25603297394 9.24665486955 8.47971824665 8.88074813719 9.04886744961 8.3949420983 8.10013210354 8.40822259248 7.13289772658 4.66813876828 -9999 -9999 -9999 -9999 -9999
-9999 -9999 -9999 -9999 -9999 -9999 -9999 -9999 16.7434216516 16.2435543038 16.543452275 17.4773762846 15.8956210181 16.628224228 15.2834642944 14.4867179111 12.0312806229 12.085181115 10.6544743779 11.4312909391 12.9230145327 12.6018674112 13.3353967774 15.3334686577 15.2574156078 15.1401396517 10.667279903 9.39340542176 8.83283447299 8.23762429385 9.0935623072 9.29501347621 9.23715085536 9.11518438446 9.40685027137 9.58051219645 9.56510552811 9.87000965193 9.12820930508 9.18677897858 9.54937850416 9.39297453534 8.44482386191 8.08083430446 7.7825944686 7.43355491283 7.66134406625 7.21684487218 6.81835549694 7.22620161951 6.83477222256 7.02970432755 6.00858815148 -9999 -9999 -9999 -9999
-9999 -9999 -9999 -9999 -9999 -9999 -9999 -9999 18.5945964079 17.3762859379 15.8543610394 15.9230646972 14.9555406066 14.8940983254 13.0284963933 12.828009213 11.8468267352 12.3483249594 11.4443775705 11.9947223369 12.5176038499 12.4274284906 15.6013065996 18.1975957347 16.5892715199 14.7668332728 15.6668825122 11.7108730592 9.62448460652 8.78878547714 8.30590212921 8.89106221161 8.48421157462 8.90508397338 9.31296177558 2.87338387607 10.1429839211 9.61819627376 9.10334749978 8.9800666193 8.61574453431 8.92703142518 8.17161261777 8.13982795815 7.45752332353 7.41220069058 7.6131052993 7.30861629411 7.0572862701 7.2656800612 6.99019902505 7.0160703905 6.49766833817 6.98450777126 5.99350304581 6.3332513848 -9999
-9999 -9999 -9999 -9999 -9999 -9999 -9999 -9999 -9999 19.9431014605 17.8932844725 15.9585412517 15.5402539465 15.7171595329 14.2639372463 14.3250866008 14.687979575 15.2049406214 15.0303768333 15.1039745749 14.4210389681 12.7348313227 13.8564925106 21.8010713931 18.7589115269 17.8316265866 15.7079976866 14.9098750696 10.8563547754 9.11186296934 9.00244202414 9.24092801815 8.98450831029 8.3624725485 8.13457842126 6.58204164691 9.27490027384 8.88410166528 8.2501578188 8.31733347337 7.80651007446 8.17873173403 7.3867283208 8.56875604784 7.37166541536 6.60837752546 6.07988880467 6.1083023922 6.2038361946 6.04541331844 6.06661965034 5.90882220618 5.70137974168 5.97454946447 6.18273668389 5.87838408976 5.07135223243
-9999 -9999 -9999 -9999 -9999 -9999 -9999 -9999 -9999 -9999 16.7801431845 16.8920126449 15.3053290456 15.6204902171 13.6227003771 12.9390011405 13.2738916276 14.9025514432 13.6239511883 12.5644556195 11.9801012368 11.8929014311 10.8596860517 14.2323756132 16.7383905825 18.1015412089 17.2213190251 15.80231997 13.9893700382 11.926604028 8.76441169589 8.79406304697 9.25675900553 8.69495661111 9.61249698327 9.05978136104 9.09521166539 8.88750756621 8.30584179398 8.34663396587 8.11607802806 8.04587320439 6.9589263743 7.62968412478 8.81896152136 8.54732983054 7.81798182768 6.7085886619 6.46074296594 6.40004408153 6.7218711838 6.52329950558 5.68920077799 5.94922431495 5.43507613432 5.83678230856 5.02409066667
-9999 -9999 -9999 -9999 -9999 -9999 -9999 -9999 -9999 -9999 -9999 7.89743476312 8.61026864853 15.4721458487 14.1260514241 13.5514558859 14.0131100578 13.9170980681 12.3639573797 12.6155112916 12.957799801 12.9636911828 11.817868592 10.5673594312 12.0197014296 14.2564577374 16.1748066947 18.5144925463 16.9901109141 8.15843640588 10.6231788173 9.19123746893 8.3473329862 8.76723187792 8.81975212462 8.19811278894 8.30468953765 8.25314745145 8.08217177189 8.08421956605 7.91667423575 7.19583807879 6.99343439269 6.99299648919 6.70366011958 6.43716826421 6.75504855711 7.46602919727 6.31757929346 6.05488190797 5.81375013866 6.43741864124 6.19249493518 5.5114176445 4.76027269282 4.91558645924 4.68017899684
-9999 -9999 -9999 -9999 -9999 -9999 -9999 -9999 -9999 -9999 -9999 6.45609072754 9.88351552958 14.4706240775 14.3554634576 14.1410452328 12.8793306013 12.3533250306 12.2334149957 12.3201199124 12.1398156612 13.0695660145 11.3364715685 11.2386984381 10.8202151133 11.7336831269 13.1715344351 15.6138554244 15.3938250597 13.1886313639 15.2891047827 15.1380299138 11.2778966352 12.847939018 11.2685155196 8.65904616304 8.26773466177 8.39850382782 7.89414469915 7.59606149631 6.67433293072 8.02877106565 6.44592553854 6.66695010194 6.95732560604 7.50368525099 8.51900277067 9.11027128461 8.57483640967 7.09927012612 7.36083110849 7.06171305629 5.86321874449 6.28161120516 5.80335953094 5.25362032568 4.80721010532
-9999 -9999 -9999 -9999 -9999 -9999 -9999 -9999 -9999 -9999 -9999 18.8520890856 17.2934421748 16.7103290996 13.6517618631 14.3672166099 13.1622751684 11.7230302659 11.3375982214 11.8335560363 11.6680825689 11.8462870459 11.5499930014 10.7198842745 9.91439162065 9.64658712619 9.42750357588 9.26123655118 9.53792455983 11.1107150974 12.8255318679 15.8875339814 17.1636898481 17.3973776472 12.3850240671 11.5292685943 12.0856892183 10.7813704621 7.71466131317 4.04612467716 2.89875158794 7.51525539603 7.40198807156 8.0973795644 8.42312882833 9.54357759577 7.98882621651 7.5034315035 7.36317967329 7.52307599657 6.65482407366 7.16040267578 7.23064681727 7.71634461762 6.90570685579 3.76538822548 3.46945672574
-9999 -9999 -9999 -9999 -9999 -9999 -9999 -9999 -9999 -9999 -9999 -9999 15.229510187 16.2454550864 15.0687210861 14.2496834608 13.2840777142 12.8999242744 11.8149301076 12.0683610601 11.9309046094 11.4625308365 11.2851168771 11.4630257388 10.0532036126 10.2304908891 9.5738189983 9.83153269581 9.42258799149 9.06610874251 8.83367557076 9.17001723069 9.48345323764 12.091154558 13.0394981529 4.52582147151 12.3107924449 11.3035210922 10.6537980858 7.81290710316 7.92599031229 7.34127878071 8.59322293049 9.43796582574 9.28005949456 9.29258007968 8.21841585832 7.56268451903 6.38641474719 6.92097870025 6.55345563295 5.73153154593 5.05595869264 5.07230980367 4.72732446542 4.26468535996 1.48419170726
-9999 -9999 -9999 -9999 -9999 -9999 -9999 -9999 -9999 -9999 -9999 18.2170773361 17.3428307147 18.0355826407 17.1727839623 8.22303232785 10.6356463493 13.7817986543 12.4129953979 12.5916983962 11.0959764402 10.9588012313 10.2569746069 10.4632703183 10.5378652214 10.4125222707 9.61059340949 9.30934263368 9.36871846669 9.09599535123 8.3439071988 8.62566460438 7.86842961661 7.78280498818 7.89607171091 12.9149103451 12.6327839472 10.1224386872 8.86871953839 7.70201536402 7.45072991261 6.73454522966 8.95699570169 9.94348285125 10.6053607758 10.5170707402 9.32519773941 9.02850362001 7.47793984977 7.45630058907 6.16018223843 4.6401564564 4.12478999559 4.15355297668 3.79541769044 4.14586198765 5.28449426304
-9999 -9999 -9999 -9999 -9999 -9999 -9999 -9999 -9999 -9999 -9999 18.6998592354 19.4757980851 19.0926897162 16.0392487028 10.2166914938 14.0199566604 14.2528431111 12.6047814132 12.8303123058 9.23254149591 9.94480594065 10.7887240789 10.9634528117 10.9213366996 11.0730511699 4.79965986823 5.7514218257 9.43979618826 11.7660314405 10.5979402486 8.78244489455 7.7356886063 7.78834722431 7.70962859116 10.2854121192 10.9383269323 12.5421083936 9.72220967319 9.8577913598 6.61027765083 7.09281218048 7.71761499364 8.19311142719 7.82846562287 7.43096047661 7.8440834026 8.09681036731 7.43731654395 7.61094353122 5.983389086 6.20411245685 5.54259513983 5.28662114524 4.91241414223 4.59577898152 3.56761924383
-9999 -9999 -9999 -9999 -9999 -9999 -9999 -9999 -9999 -9999 -9999 21.3399074583 20.4430537914 19.0775162805 18.3698731271 18.0933111452 14.6671090461 15.3302818308 14.4037961619 14.6631774878 9.07396688529 3.73318865533 10.0738590021 13.5596739902 11.7988201239 11.8036277504 12.3062003853 11.7745302958 10.2767343866 9.36948775904 9.03941257794 10.8335256545 10.5424473829 10.0285556966 8.23423897299 9.70970538774 8.58930925781 7.13407500977 9.72351210766 8.38374430008 7.4801694141 8.21997238034 7.58519477989 6.67464655975 6.27778595091 6.36391935789 6.30625687143 6.40250393584 6.21447378862 5.98146231721 5.64304758001 5.01660422639 4.07757091663 3.92873272181 3.61929142061 4.0659273149 4.55241330526
-9999 -9999 -9999 -9999 -9999 -9999 -9999 -9999 -9999 -9999 -9999 -9999 20.7893684837 20.1723480731 17.9328477447 17.4347274612 15.8982116772 16.0576386829 14.3894519119 14.7991691332 14.0815964459 14.9295700021 12.4387664312 11.4679061009 11.3813692679 11.2826562804 10.3471341607 10.6627661243 10.0418452045 9.34609690702 8.21676713968 8.58817097112 7.47122641086 7.99158711025 7.65618284779 11.2999100981 9.48072760321 8.21967258412 10.4273538666 10.3489001333 7.44830092245 6.90456559969 7.02443492557 6.84102522678 6.70575674519 6.63883949909 5.91055327242 6.01072941686 5.66493512945 5.84087850438 5.14343017856 1.86223753286 2.31156327958 5.18889206664 4.08632151394 4.03210112385 3.62849450356
-9999 -9999 -9999 -9999 -9999 -9999 -9999 -9999 -9999 -9999 -9999 -9999 22.4525476756 20.5841445085 18.8414914168 17.9743310603 15.7762250837 16.4066142899 15.5056840196 14.6520756132 14.3759996656 13.651721738 13.157548878 13.7550431099 12.3591121349 12.9440635104 13.1627556526 12.5373123388 11.1799046128 12.4256992553 10.9186419229 11.2704810123 11.5169056691 11.2028892656 11.8374940239 11.3272534248 9.51414704685 11.1514373399 12.4419403139 10.500496595 8.38236763038 6.68509985881 5.91021476965 5.87052247925 5.96925540046 6.05533293938 5.31816439085 5.06971455264 4.63810044696 5.10101072921 4.75897971547 3.61965088719 4.2341627324 3.36555097692 2.67004694317 3.38613755787 2.31174103915
