data/recharge/transience/oldversion/mHM_recahrge_443.ASC
ncols   80
nrows    72
xllcorner    4374000.0
yllcorner    5656000.0
cellsize      500
NODATA_value  -9999
[rows 25 to 49 of 72, columns 0 to 56 of 80]
-9999 -9999 -9999 -9999 -9999 -9999 -9999 -9999 -9999 -9999 -9999 -9999 25.7258405499 25.0920083065 24.1298837693 24.26439842 22.8153183422 22.4119702516 21.7326150772 22.6056498073 21.3465253873 21.3935294892 20.7720079177 16.9697128798 17.7001937305 14.5994704876 20.4380617566 17.9946802002 9.79640152513 8.8368922212 7.39885044194 6.99145201898 10.4961183671 11.9601818679 1.44660265722 9.93275900744 17.3449611783 2.1325534594 1.1754986879 3.2997447736 3.1012710645 3.3732311467 7.91228608875 11.8838307814 11.27463715 11.3785771041 11.0074279414 10.9823948235 10.2443555652 10.5910894721 8.93395018521 3.76418075979 1.24005967781 1.00506057275 0.996193761081 1.00717846563 0.945681409594
-9999 -9999 -9999 -9999 -9999 -9999 -9999 -9999 -9999 -9999 -9999 -9999 -9999 25.2090418895 24.8407301723 24.5160933799 23.5553362362 23.78381941 22.1833271323 21.7277358458 20.8280771436 21.4207019085 20.9482224208 17.9283797845 19.3417282221 14.7030827571 12.8844121128 9.1927513738 8.77159835165 9.37436272962 7.53329613607 7.32764942309 14.2277187152 2.6865691075 2.07011693352 7.69027336538 15.1758591092 1.24875485153 3.05300926335 2.87939063554 2.4546215506 2.31481141876 1.41323942424 2.35756445328 3.37973404863 5.6892336227 8.72737565659 8.58036258016 3.46985826698 1.57160627446 0.983893826687 0.983797664984 1.00549551233 1.07515949123 4.50599879489 0.900628497802 0.793217649604
-9999 -9999 -9999 -9999 -9999 -9999 -9999 -9999 -9999 -9999 -9999 -9999 -9999 -9999 24.4113766546 23.7674139403 22.5102441683 23.1226040846 21.963137144 22.4574933227 20.9922232551 21.7795146456 21.1933664894 20.3480078916 18.4170801732 18.0564534876 17.7622919561 17.0798840655 10.3335527966 8.23193282267 8.06879958984 17.6710015689 16.7481687477 4.73384762413 1.29543386689 9.49907999548 11.5032377995 2.69481556783 4.06331207754 4.96451614563 3.4553517058 2.81685906991 2.01053703324 1.5789654186 1.19189817363 1.33023285456 1.25249390178 1.62818021378 1.00364203209 1.09992822934 1.02741212283 0.855207339262 0.790101742202 1.52607696673 5.45988057872 7.39420844658 3.5073103624
-9999 -9999 -9999 -9999 -9999 -9999 -9999 -9999 -9999 -9999 -9999 -9999 -9999 -9999 7.99482384489 17.748957364 22.8264531763 23.4296684592 22.4866005356 22.5433522191 21.688070393 21.7606866336 19.8142336552 20.7467319069 19.8580156853 20.2834462385 17.5278375712 18.0815206303 18.4574391571 18.1249955016 14.1836001396 9.15316475014 15.7455680489 14.2776021614 1.2067677647 8.66303665494 11.562350004 2.68971128017 3.59932468181 4.76733486899 2.13106861968 2.31892975476 2.10201824346 1.85615296806 1.38156341021 1.17246667688 0.77021494215 2.60204617285 4.29782058738 1.03846509239 1.06943923869 1.19672897239 1.27083679916 1.24649890565 2.65832427306 7.32615818801 1.4061088604
-9999 -9999 -9999 -9999 -9999 -9999 -9999 -9999 -9999 -9999 -9999 -9999 -9999 -9999 11.5816544897 17.3654442838 23.6117069025 24.4762093756 22.8851886966 22.7379232222 21.565205337 21.7960582841 20.9405363698 20.476075628 18.9755636312 18.7576250929 18.556119848 19.3814730497 17.8898621987 18.2492382008 17.1783876689 16.359873695 15.3586993947 8.47146495102 9.56620866913 8.33513927183 10.7545903688 6.59520116773 6.3263201142 5.62696759504 2.10023366325 2.34289856276 1.97815820659 1.9937530147 1.1536194646 1.19445188508 0.906209162926 1.13591173186 1.79230976796 1.73874708862 1.01033015127 0.478446122335 0.486318772341 0.376279373713 0.34700223403 0.578413752865 1.05268234217
-9999 -9999 -9999 -9999 -9999 -9999 -9999 -9999 -9999 -9999 -9999 -9999 -9999 -9999 26.208863984 25.0256056537 24.0516324966 23.9587996094 23.2258571373 23.7690740041 21.9173618938 21.9778979632 21.5295668244 20.5018935434 17.5954309066 18.167165096 16.8408339613 19.2595274497 17.7918399714 17.6691132841 16.8235400223 17.2282748533 16.029045085 9.00333542519 8.81199703778 8.85622820733 7.84774524927 13.3606346378 6.5979578386 8.61595031547 2.21817390468 1.64071544478 1.4950259024 1.58447803722 1.15691258018 0.957521685523 1.19599487399 0.839129082046 1.5380772832 2.0714023855 0.962555334459 1.35888125202 0.91153761809 1.43984421577 1.47084726451 1.24871589848 1.40024332508
-9999 -9999 -9999 -9999 -9999 -9999 -9999 -9999 -9999 -9999 -9999 -9999 -9999 -9999 -9999 24.7972156558 24.2006314714 23.6113661013 24.9590060523 23.5836274263 21.1285225985 21.1447933214 20.6954733368 20.7368278402 17.8809135366 18.8693415019 17.415466825 17.9149337523 11.7216197304 17.3519459684 15.9252367405 15.7251205461 13.8811069409 12.4389345015 9.13662473187 9.17509601511 8.36534897294 8.28578222239 7.68831140741 7.29969663033 6.0409476974 8.7853782947 0.276565634197 0.500097792441 0.857142666657 0.446349367231 0.204592351153 0.211762532126 0.402931108246 0.849350221029 0.932732276585 0.860379261642 1.17186747818 1.9328362613 1.77788969382 1.74725938831 1.48206448237
-9999 -9999 -9999 -9999 -9999 -9999 -9999 -9999 -9999 -9999 -9999 -9999 -9999 -9999 -9999 -9999 23.305505149 22.47818627 21.4820039315 22.4787745299 22.1070659518 22.0558273269 19.7457758443 18.4576299125 17.5314793738 17.0637874522 14.6143286812 13.8849916255 10.1287353342 16.2512848718 18.7819867684 12.7339437505 9.42567758671 6.4186528152 8.60257336027 9.00912737562 8.491943038 8.80210912324 8.33350716329 10.6951293522 9.67263278397 7.9652096043 4.14070465749 0.352691888277 0.174305450569 0.145549194255 0.124717435349 0.765108179434 0.859916751271 0.724056327557 0.901968201756 1.29231674766 1.01765478781 0.878115291857 0.971597188238 0.889261482755 0.834510177112
-9999 -9999 -9999 -9999 -9999 -9999 -9999 -9999 -9999 -9999 -9999 -9999 -9999 -9999 -9999 -9999 24.7133739707 23.9095049821 22.7529770919 23.0025343294 21.3632319012 22.1273792918 20.7829369396 18.9065768581 17.439235667 18.0041124123 15.3366790097 14.9390744392 11.7096053361 14.9989345538 10.0105703284 8.08761876104 9.23181373855 6.95854857841 9.70450034902 8.82864354155 9.7024008954 7.4344943483 8.27204017332 8.56168371889 5.61642608958 6.4687207733 4.92285715903 1.22228522679 0.440589709983 0.27579063089 0.479814431861 3.02525452821 0.721601437714 0.829484861367 1.05689676372 1.10329206376 1.40246193543 1.49531272417 1.82648481871 1.28188824486 0.839978880317
-9999 -9999 -9999 -9999 -9999 -9999 -9999 -9999 -9999 -9999 -9999 -9999 -9999 -9999 -9999 20.1849181237 20.4292451233 20.7421837669 22.6212134797 22.0448200434 20.4107767513 20.47614064 18.7677443923 17.8533716607 16.167926807 16.6793467021 14.6522987841 15.0678431827 12.0558438772 15.6205927577 14.8569863182 15.033987827 14.0789186466 10.6684289623 4.76912500931 1.25097355376 4.94230883422 5.70493571203 10.5129792895 7.17076052899 3.79800961889 0.668299051525 0.30702656601 0.301149052931 0.299493804778 0.222484150144 3.50312625058 3.62645194556 1.05318305225 1.03623048187 0.849864426232 0.716515580708 0.772750829501 0.836893743419 0.891255286427 0.912001833681 1.05201538384
-9999 -9999 -9999 -9999 -9999 -9999 -9999 -9999 -9999 -9999 -9999 -9999 -9999 -9999 22.0626967806 21.0867462256 20.7679056467 15.8816914836 19.7994535572 21.6819696954 20.1369745297 20.5857338278 18.0808413373 18.2797439902 16.1445759985 15.8350556502 13.6211276671 14.9160249249 16.4508505495 16.4555648977 14.199371401 14.3345386043 9.50702262601 6.30875150752 7.83536513279 3.96983875375 4.36855967182 5.96506535871 0.840706196394 3.23517084508 3.54726344997 0.251532413886 0.227434890884 0.247319423979 0.176572249659 0.158463000785 0.255291428951 0.707986034823 1.00423008702 0.850689942639 0.776565370388 0.771268083814 0.813634928475 0.800130730192 0.762958357247 0.797672894776 0.989079901945
-9999 -9999 -9999 -9999 -9999 -9999 -9999 -9999 -9999 -9999 -9999 -9999 -9999 -9999 21.3549951833 21.7438347247 20.6870832425 13.8884701511 10.9486950916 12.7521327113 17.5494987118 18.7247437073 17.3094779307 17.6221228522 14.9845377177 13.217693307 7.4070614276 7.66209583425 9.0325546941 15.0450453711 14.3113500218 9.45200448983 4.73312370842 4.33370917928 5.75078456209 4.74816028597 1.38024224879 2.26606997264 0.629416727966 0.660715462359 1.10153550756 0.919275003845 0.259859186666 0.236450996986 0.206811384634 0.141035262199 0.204047174293 0.911857628729 1.3221178335 1.56453661592 1.54349790086 1.52587808428 1.10576736935 0.98495533921 1.07584618273 1.03444257697 0.847102138931
-9999 -9999 -9999 -9999 -9999 -9999 -9999 -9999 -9999 -9999 -9999 -9999 -9999 -9999 -9999 -9999 21.0470222176 18.3508359188 17.9864228234 17.6337790235 14.7641356265 17.6635843399 18.2228765795 18.2119885863 15.5164936435 9.14223249116 4.43997128805 4.70223209412 3.7109524864 6.5199166035 7.78213704684 5.12794400575 4.27996223058 3.63541964513 3.64552645075 3.68158610107 2.61291463695 0.914086873368 1.54157891832 2.34220766928 1.4239329282 0.99016892566 2.22594191449 1.49757275768 0.160165379783 0.181892787814 0.165366910678 0.452358162416 0.932806503735 1.09818648728 1.0646471642 1.09326366075 0.967040698057 0.862720189581 0.65031285812 0.67672679735 0.882871165824
-9999 -9999 -9999 -9999 -9999 -9999 -9999 -9999 -9999 -9999 -9999 -9999 -9999 -9999 -9999 -9999 18.5224392503 17.5970454793 17.0924111019 12.8076988709 12.8033221172 13.6447907473 15.6411762281 16.4496413615 15.8893807277 9.61673578078 6.27998063383 5.9275232683 5.2197024714 6.4118955679 6.76148236945 6.40003538772 4.92274055358 3.77139167187 2.61752142061 2.77854636212 2.77950731214 3.24596552534 2.08654411379 1.77223218667 2.06553352172 2.65838726263 4.60341835268 4.98875730598 0.77843080027 0.156394408408 0.102941488291 0.18056438779 0.818118539299 0.694003392586 0.594369496114 0.60049477641 0.498229926701 0.542758589391 0.508013393663 0.510449647718 0.490104314294
-9999 -9999 -9999 -9999 -9999 -9999 -9999 -9999 -9999 -9999 -9999 -9999 -9999 -9999 -9999 -9999 -9999 -9999 17.347112984 14.4015096229 11.0424658381 12.6257593543 14.2302926618 17.3977693111 15.4068573797 12.4469224973 5.71644666996 5.92613060185 5.67504080986 6.06880987121 4.80021481417 4.38641346409 4.09181753018 4.0374862196 2.57890584608 3.12507884476 2.98634958888 2.29193548867 2.04550898577 2.36804903972 1.78197788843 1.61856916865 1.44120231168 1.43319541658 1.28122635776 0.777910319801 0.122449859842 0.116023526345 0.210153709626 0.521008859063 0.629636866528 0.672987798674 0.504792233029 0.513458345944 0.534335167148 0.559088987105 0.515132249999
-9999 -9999 -9999 -9999 -9999 -9999 -9999 -9999 -9999 -9999 -9999 -9999 -9999 -9999 -9999 -9999 -9999 -9999 -9999 10.8111163542 10.6755276529 11.6033308081 10.88887859 18.63611909 16.0984055711 15.7454872543 10.8164005421 5.98591822526 4.68283395514 4.54584615703 4.33332695899 6.46584627234 3.97086216658 3.55273189431 2.08129239209 1.41371101813 1.30509410481 1.87456227554 1.85674996184 2.03955763625 1.55149970892 1.44560566475 1.22809772581 1.45169015842 1.42902859269 1.48106431962 0.541423312236 0.105223484747 0.0909399004823 0.150488622607 0.343979845095 0.562734503057 0.466298150774 0.463425878122 0.494484669875 0.480300960004 0.397269736982
-9999 -9999 -9999 -9999 -9999 -9999 -9999 -9999 -9999 -9999 -9999 -9999 -9999 -9999 -9999 -9999 -9999 -9999 14.3272202374 15.8476480635 15.9761382313 15.4672222431 11.3651044725 17.1765394816 15.8766073045 16.0313553331 14.758616616 9.85229485139 5.2841280551 4.93634347426 5.99975918416 7.0576079153 7.26511617339 2.68237784046 1.62439550789 1.92260637294 2.30693214075 2.16964739066 1.88660917849 1.91338682324 2.08501645833 1.5496831985 1.37677043678 2.88987042043 2.60878125167 2.45894034566 1.41877237141 0.469102639407 0.160410182274 0.104537939909 0.13046097899 0.402843798781 0.7683490602 0.890297673661 0.604508210331 0.555099496419 0.488605498219
-9999 -9999 -9999 -9999 -9999 -9999 -9999 -9999 -9999 -9999 -9999 -9999 -9999 -9999 -9999 -9999 -9999 -9999 -9999 18.1524702906 17.4781704071 16.4436671973 11.3359117067 16.5850424918 16.3723569374 16.2368915309 12.0330576907 14.7176609219 7.97128233498 9.67050390399 9.73823914646 9.69314516961 5.20095163628 2.07482278928 2.87693644027 2.64222188401 1.07081066324 0.970841501264 0.852130891952 0.852210715922 1.0875592129 1.56678928053 1.44192311213 2.94137397159 4.24765100887 2.28563117152 1.64209122384 1.19775749881 0.256738469334 0.122098979834 0.0705802243645 0.66927548041 2.05873596571 4.32171628606 1.08247699879 0.238281784138 0.341628141942
-9999 -9999 -9999 -9999 -9999 -9999 -9999 -9999 -9999 -9999 -9999 -9999 -9999 -9999 -9999 -9999 -9999 -9999 -9999 -9999 14.0749898136 15.7290713519 11.5342630822 13.6594444832 14.8215087822 15.9330459875 12.2101723947 15.1354493358 15.7015039418 14.9076997687 12.8635367698 12.6216155529 3.52844269779 6.99522264388 6.50259771542 3.77811185671 1.67596873292 2.09759293356 1.84782442085 1.8382700838 1.685545321 2.08900597263 1.97184928718 1.73201872555 2.20806152487 1.91962339651 1.58888208996 1.76676627888 1.36455888267 0.457253265907 0.204395208441 0.151268945041 0.0795450310238 0.0770161470205 1.1314937698 0.0803376913606 0.0742785142824
-9999 -9999 -9999 -9999 -9999 -9999 -9999 -9999 -9999 -9999 -9999 -9999 -9999 -9999 -9999 -9999 -9999 -9999 -9999 -9999 -9999 14.2255937432 12.1726649919 12.5071698058 13.3856812033 12.6047814799 12.142721569 14.8192031771 14.4586662085 14.0131710358 17.139342047 14.2091984431 3.01362498467 5.4687891647 4.36717700654 2.80423929356 2.57065223789 1.71593961888 1.56856314263 1.85251712219 2.41565616935 2.55459691632 2.75883325897 1.81097175318 1.53739035538 1.2387689868 1.44013890111 1.56002519879 1.48446981942 1.77559461474 3.05521649639 2.50409512416 0.662439976876 0.119774252789 0.0539168556515 0.0617160368882 0.0618594319201
-9999 -9999 -9999 -9999 -9999 -9999 -9999 -9999 -9999 -9999 -9999 -9999 -9999 -9999 -9999 -9999 -9999 -9999 -9999 -9999 -9999 11.6313977492 10.3986798317 10.4431171761 13.2587754524 16.1939773272 13.2731554979 9.47304626275 8.181159337 14.4075474427 7.31735177275 12.5694747235 3.94186449096 2.45464168608 1.65809195005 2.40202626697 2.06425011481 1.73440050639 1.50051599377 1.9833480502 2.4461963932 2.33983857685 1.87395458595 1.73124174133 1.98161951843 1.88330319227 1.72036392211 1.67987084968 1.05506750001 1.21989231929 3.76349147349 3.48885666557 0.684979564837 0.115895889594 0.0714509233073 0.0563959618466 0.0541825669683
-9999 -9999 -9999 -9999 -9999 -9999 -9999 -9999 -9999 -9999 -9999 -9999 -9999 -9999 -9999 -9999 -9999 -9999 -9999 -9999 -9999 -9999 10.6076039193 12.7198090644 14.4563832365 15.8355896889 12.55988829 8.89171692379 5.45096649998 6.51000626439 7.46314691344 7.777270545 4.01054078002 3.23679119782 3.69178344091 2.83295760833 2.41511812983 2.19763304849 1.98999176114 2.09293865306 2.50838279935 1.76925743066 1.89138132578 2.35904517108 1.37319536782 1.23811436558 0.878302558738 1.04248580245 1.27473814144 2.28651292573 3.31611008738 4.84020256071 0.257059811453 0.0963665468667 0.0577681664095 0.0537637393322 0.0529855483593
-9999 -9999 -9999 -9999 -9999 -9999 -9999 -9999 -9999 -9999 -9999 -9999 -9999 -9999 -9999 -9999 -9999 -9999 -9999 -9999 -9999 -9999 11.151803161 10.7243413662 13.8873892328 16.7733021088 13.5504032586 6.3830698651 6.22706486178 6.60731171248 5.50022979499 5.65178548124 5.13140030225 3.85979859614 2.89290652125 3.89528290477 2.64073926623 2.17604533004 2.5457200292 2.80894463543 1.95940513279 2.56009730467 1.92106567242 1.61138477884 1.44624697423 1.53089494979 1.57261229765 1.82641433677 1.15837023646 1.09792370857 1.02188430656 1.24154258913 0.0843573476089 0.132178921404 0.0865091534732 0.0813886997314 0.0648057316003
-9999 -9999 -9999 -9999 -9999 -9999 -9999 -9999 -9999 -9999 -9999 -9999 -9999 -9999 -9999 -9999 -9999 -9999 -9999 -9999 -9999 -9999 10.5306569804 11.8350301154 16.3047161219 16.7941000435 12.5500316946 7.88517838222 6.26636363392 7.7063106304 5.99658753208 5.3522674465 4.66440662998 3.99633000205 4.0587716428 2.80809652341 2.64605300593 3.53271349558 3.01544211009 2.73635694913 2.70752929819 2.18595514447 1.66304484936 1.97994422047 2.35287360418 2.1221030727 1.87376214605 1.65721177517 1.30921040913 1.3108772703 1.51497702346 1.29766500471 0.155037535268 0.122669319266 0.123730385521 0.131927081905 0.0840143804133
-9999 -9999 -9999 -9999 -9999 -9999 -9999 -9999 -9999 -9999 -9999 -9999 -9999 -9999 -9999 -9999 -9999 -9999 -9999 -9999 -9999 -9999 -9999 12.8100908593 17.6447627122 17.0368759482 11.7091299685 7.43330609783 5.97616174359 7.31721451203 6.05536562971 6.57584263857 5.67601352048 5.6908056541 3.50048975518 3.930903658 3.89899868313 3.32037670051 2.21121236392 2.13005504685 1.66181387665 2.07583257574 2.43628224984 2.55141747073 2.21837865751 2.00247924867 1.21659436379 1.0829030562 1.00886279669 1.06791056288 0.869368208252 1.02312618831 0.949205290487 0.369289146932 0.11176174346 0.139542229358 0.44385286785
