data/recharge/transience/oldversion/mHM_recahrge_354.ASC
ncols   80
nrows    72
xllcorner    4374000.0
yllcorner    5656000.0
cellsize      500
NODATA_value  -9999
[rows 0 to 24 of 72, columns 0 to 56 of 80]
-9999 -9999 -9999 -9999 -9999 -9999 -9999 -9999 -9999 -9999 -9999 -9999 20.6705585924 21.4117724751 -9999 -9999 -9999 -9999 -9999 -9999 -9999 -9999 -9999 -9999 -9999 -9999 -9999 -9999 -9999 -9999 -9999 -9999 -9999 -9999 -9999 -9999 -9999 -9999 -9999 -9999 -9999 -9999 -9999 -9999 -9999 -9999 -9999 -9999 -9999 -9999 -9999 -9999 -9999 -9999 -9999 -9999 -9999
-9999 -9999 -9999 -9999 -9999 -9999 -9999 -9999 -9999 -9999 -9999 -9999 22.5841085745 20.6771589461 18.9766876252 -9999 18.9410706677 -9999 -9999 -9999 -9999 -9999 -9999 -9999 -9999 -9999 -9999 -9999 -9999 -9999 -9999 -9999 -9999 -9999 -9999 -9999 -9999 -9999 -9999 -9999 -9999 -9999 -9999 -9999 -9999 -9999 -9999 -9999 -9999 -9999 -9999 -9999 -9999 -9999 -9999 -9999 -9999
-9999 -9999 -9999 -9999 -9999 -9999 -9999 -9999 -9999 -9999 20.0677245021 20.0280679185 20.7890085209 20.9200397825 16.9182192839 15.3630391862 12.9938995834 13.1757631776 -9999 -9999 -9999 -9999 -9999 -9999 -9999 -9999 -9999 -9999 -9999 -9999 -9999 -9999 -9999 -9999 -9999 -9999 -9999 -9999 -9999 -9999 -9999 -9999 -9999 -9999 -9999 -9999 -9999 -9999 -9999 -9999 -9999 -9999 -9999 -9999 -9999 -9999 -9999
-9999 -9999 -9999 -9999 -9999 -9999 -9999 -9999 -9999 20.5385532113 20.0241478323 19.8183657534 19.0154709553 19.6537395708 17.4383381535 16.6025938491 14.4053370752 17.3352018075 -9999 17.4642710931 -9999 -9999 -9999 -9999 13.8840508659 14.6673327701 -9999 -9999 -9999 -9999 -9999 -9999 -9999 -9999 -9999 -9999 -9999 -9999 -9999 -9999 -9999 -9999 -9999 -9999 -9999 -9999 -9999 -9999 -9999 -9999 -9999 -9999 -9999 -9999 -9999 -9999 -9999
-9999 -9999 -9999 -9999 -9999 -9999 -9999 -9999 23.1541589078 21.6822934764 18.8664700088 18.2290097247 16.7169499944 15.5840123154 14.8671104443 14.1470432112 12.5329152575 12.365767002 11.4980870399 12.9567915854 12.4553489264 13.2288550771 -9999 12.1948187453 15.0949355689 14.8969997087 -9999 -9999 -9999 -9999 -9999 -9999 -9999 -9999 -9999 -9999 -9999 -9999 -9999 -9999 -9999 -9999 -9999 -9999 -9999 -9999 -9999 -9999 -9999 -9999 -9999 -9999 -9999 -9999 -9999 -9999 -9999
-9999 -9999 -9999 -9999 -9999 -9999 22.263654561 20.7529673833 20.0793756954 20.5953509001 20.4472582049 20.5287244351 18.317630753 17.4653399292 14.6206540777 15.7233171234 12.9661328665 12.3229920516 12.5932846867 12.7963925189 12.0677011457 12.8419727134 12.1223374765 12.2681108396 13.3495413799 12.9103740416 13.6025345526 -9999 -9999 -9999 -9999 -9999 -9999 -9999 -9999 -9999 -9999 -9999 -9999 -9999 -9999 -9999 -9999 -9999 -9999 -9999 -9999 -9999 -9999 -9999 -9999 -9999 -9999 -9999 -9999 -9999 -9999
-9999 -9999 -9999 -9999 -9999 -9999 21.6449869572 20.7406532432 17.840438701 17.3211121711 15.6542980432 16.0486881767 14.7595245067 14.1546042926 12.400799767 11.0570057741 10.1849507726 9.11053080847 9.94015957553 9.30942059138 9.85924079401 11.6220915235 10.8094837276 10.9041749463 10.9613876419 10.2632996857 12.9805935922 13.4218460318 13.2661324752 12.4939779626 14.6919385116 14.5249557401 -9999 -9999 -9999 -9999 -9999 -9999 -9999 -9999 -9999 -9999 -9999 -9999 -9999 -9999 -9999 -9999 -9999 -9999 -9999 -9999 -9999 -9999 -9999 -9999 -9999
-9999 -9999 -9999 -9999 -9999 23.7416807487 22.0206245045 21.876011515 20.4934289916 21.1253299768 19.824544162 18.4315594621 14.2184657126 14.9716524724 13.6358121996 13.6995213973 9.65146173413 6.20255048557 9.21914962748 9.46891100551 9.91978677921 9.48748731029 10.1411984549 10.537777428 11.2553550559 11.7427252671 12.5649601873 12.1337061898 12.7157488056 12.3993529465 11.7442350489 12.4165217594 10.9305441139 10.4594866583 -9999 -9999 -9999 -9999 -9999 -9999 -9999 -9999 -9999 -9999 -9999 -9999 -9999 -9999 -9999 -9999 -9999 -9999 -9999 -9999 -9999 -9999 -9999
-9999 -9999 -9999 -9999 -9999 23.1254350049 21.6593224093 21.7541259997 19.8512513203 18.9150632349 17.705435288 18.5984284765 11.8867938143 10.1125538808 15.6179764489 16.9232365124 10.997842301 4.76343471347 7.44849268615 8.27228504791 8.78676953716 9.32758080494 10.81305845 10.332612496 9.70392082112 8.70666816347 10.0179494336 9.06809113907 9.84590276181 9.61785082107 9.02248996065 9.40823523261 9.99437445884 9.47509883645 9.82117501593 9.25565357516 -9999 -9999 -9999 -9999 9.60478271157 9.07107960644 -9999 -9999 -9999 -9999 -9999 -9999 -9999 -9999 -9999 -9999 -9999 -9999 -9999 -9999 -9999
-9999 -9999 -9999 -9999 -9999 22.3984012637 21.1261686448 21.2777632305 20.356350602 21.0076661082 19.5091346618 18.9231853249 16.3842832125 18.1608897826 16.8303431965 14.7489405149 12.2299439906 14.3630836122 11.8523999596 12.8553892648 10.4519144537 8.95432162869 8.69434558427 8.2482627632 9.46022976158 9.12324077026 9.55998260945 8.54124148907 10.4141745448 9.13099047018 6.1869108968 8.23287651987 9.84224037302 9.81861226692 9.45661487123 9.71391211322 9.48961380518 -9999 -9999 9.71472708653 10.2768269552 9.86316724261 10.842221268 -9999 -9999 -9999 -9999 -9999 -9999 -9999 -9999 -9999 -9999 -9999 -9999 -9999 -9999
-9999 -9999 -9999 -9999 -9999 -9999 22.2620078988 22.8501520292 20.6074918141 20.0951370095 17.5848770134 18.8293069308 18.8523296722 18.8918614921 13.3944266277 12.220069485 12.0739645102 11.718898248 9.66234338459 9.47130809351 9.51364839864 9.99071435736 9.17285601132 10.0026023979 8.90767447281 7.85816479915 6.98283921781 7.67942982514 7.51714541005 7.45045021446 7.27786065741 8.12586140902 7.91379890147 7.58315893848 8.00969224928 8.30408993774 8.63571790938 7.86446220613 8.76498230313 8.4697464984 8.25791597597 9.92721824527 8.26745260362 7.25118111475 -9999 -9999 -9999 -9999 9.75757004155 8.85444014648 2.13674973129 -9999 -9999 -9999 -9999 -9999 -9999
-9999 -9999 -9999 -9999 -9999 -9999 -9999 21.9657577193 19.6077690439 20.9842449642 20.1192455335 18.9441355568 16.3263291582 14.8744559464 13.9397460027 16.1472965899 14.4088909636 13.9423053654 12.8631522186 10.9360329553 8.85414823946 8.92079308703 8.60632538383 8.71552915576 8.06624563485 7.10093824773 7.16955691084 7.60392106454 7.58389633171 7.24582903015 7.72041668317 7.57237141791 8.0145422906 7.45778622951 8.55123989734 8.47453294358 8.75501367651 8.68766390319 8.55398245199 8.52927107825 7.76924078104 7.65839358349 7.43193423113 7.24668988136 6.36123273229 7.01366620175 7.51232141129 6.55446322206 6.31845431763 7.12613574608 6.39631255144 4.95419399206 -9999 -9999 -9999 -9999 -9999
-9999 -9999 -9999 -9999 -9999 -9999 -9999 -9999 17.5171176209 16.8312542568 17.8088438622 19.1961903436 17.1104081093 18.2319001754 16.2981185692 15.2698455857 11.6378371514 11.703953131 9.36655670781 10.5353845406 12.6743361785 12.194605782 10.2106677202 9.04535651993 8.36539298876 8.55300939553 6.68016588375 6.40810325524 5.61735796788 5.01526040992 5.49390964923 5.8461788114 5.98746561574 5.70909715348 6.44284084329 6.57785952709 7.04535397233 7.42746707213 6.86599366451 6.80423017052 7.13572177096 6.87724559647 5.81333284382 5.34886513044 5.11201115453 4.6816248532 5.27999278995 4.71109720176 4.3613755776 5.1550894192 4.99730152888 5.34137967653 4.27573586168 -9999 -9999 -9999 -9999
-9999 -9999 -9999 -9999 -9999 -9999 -9999 -9999 20.1700921692 18.5458479789 16.7622327713 16.8617777342 15.6117766955 15.5156754876 13.1609543472 12.8692640411 11.4597811338 12.1711947086 10.5505641527 11.3702026073 12.0602489487 11.933671973 12.00118541 13.0575496076 10.5470741121 7.71720142097 8.94211681866 8.05722930719 6.33632658449 5.25893469135 4.93512692701 5.4912876277 5.21360152434 5.55506104312 6.35998296096 2.96409020925 7.7658621874 7.11671972612 6.84496948636 6.69231065547 6.49347023129 6.40155303067 5.44532566806 5.4248751877 4.70078736538 4.64823183023 5.21750066745 4.82841481968 4.69884337681 5.44764801757 5.1947708384 5.22553428435 4.62461801593 5.10946883292 4.06264228427 4.44870144244 -9999
-9999 -9999 -9999 -9999 -9999 -9999 -9999 -9999 -9999 20.5203524842 18.2964782322 15.4704843836 15.071487379 15.6120280902 14.1052479583 14.2985201223 14.9700965001 15.6425516748 15.3941016288 15.4707456815 13.8899916001 11.4083104871 11.3847473509 17.6074580676 13.5112350962 11.5915395381 7.96877479346 6.77836272357 4.79623454275 4.9593309112 4.70748375389 4.93527367627 4.7372469015 4.19829163161 4.73308540498 4.67565566618 6.04171031687 5.60774018601 5.23462427293 5.31264772117 5.0490082946 5.29156448812 4.22844330138 5.47612687899 4.07027557808 3.44310411404 3.00406136983 3.04564382424 3.62204315198 3.57226680143 3.68144041692 3.52224405822 3.47462050453 3.73867748812 4.04185398316 3.23446278455 2.46879081261
-9999 -9999 -9999 -9999 -9999 -9999 -9999 -9999 -9999 -9999 16.7274758449 16.7674283327 14.7011136924 15.2022810482 13.2112868952 12.3398100065 12.327780032 14.7856570394 12.8784933863 11.2065555764 10.1932659697 9.98956387829 8.26954844104 10.4326866348 9.87610453932 11.850142845 9.85989804523 7.94976130759 5.49753435402 5.55139872958 4.67646728798 4.71124555416 5.2765051436 4.58391606034 5.85993126015 5.37438788131 5.84734655476 5.61399919636 5.29284116338 5.33639169743 5.39406752473 5.33254654693 4.70556312593 4.69998839663 5.73257481005 5.68352815153 4.59177976605 3.47646977814 4.08304182686 4.00143514252 4.34189141685 4.14243848168 3.43271880578 3.73459249716 3.27965992022 3.15369954214 2.42710222402
-9999 -9999 -9999 -9999 -9999 -9999 -9999 -9999 -9999 -9999 -9999 8.68047157159 8.80016626791 13.4896909617 12.3025432075 11.4624970272 11.8803406773 11.7397608542 9.2925359542 9.79397393937 10.1848277787 10.074790706 7.94025172836 6.68472515222 6.64981725395 6.08661046987 7.49089837907 10.0151961441 8.76687510977 3.82388943362 3.86472877776 4.32255015167 4.16539353337 4.38626012214 4.55504558015 3.93994323653 4.4255497099 4.37907580201 4.58099737994 4.57758347745 4.83996386826 4.35028052245 4.40338916248 3.84725342292 3.37542490557 3.09599801969 3.55004687136 4.16944561399 3.5742334834 3.44101352826 3.10074005453 3.59096328565 3.39653133001 2.92401329202 2.3695469369 2.45090976247 2.09806064894
-9999 -9999 -9999 -9999 -9999 -9999 -9999 -9999 -9999 -9999 -9999 7.22131947636 9.88480340376 12.1517235753 12.3507490943 11.765322538 10.3453448176 9.58762155525 9.573530745 9.69193120707 9.22581350584 10.4606672452 7.66486479943 7.48122340025 6.59623427672 7.49608097412 7.18248801861 8.0350404687 6.62494032399 6.8563779321 7.83610690463 7.22399395209 4.17387745477 4.55722893199 4.34544351997 3.97107950774 4.3981627133 4.51089501816 4.40726326025 4.36249887758 4.59088075438 5.30427151922 4.06621506211 4.13093239212 3.94025858203 4.13533403359 5.35926051115 6.18729433658 5.56644070588 3.88132863796 4.39629321944 4.18543615315 2.93394392421 3.5513138295 3.26359905953 2.76579930711 2.49724293064
-9999 -9999 -9999 -9999 -9999 -9999 -9999 -9999 -9999 -9999 -9999 16.8164089549 14.7115680827 13.944161132 10.0221174148 10.8703279566 9.37022372536 7.69728183267 7.20443563196 7.69935781766 7.48570284841 7.69608614414 6.63121662219 5.91882259423 4.77533437864 4.6083002593 4.20451525062 4.06872809989 4.24905161547 4.77355307624 5.14438550029 7.40739518802 8.76630794597 8.21783451233 4.35363928951 2.81583359011 3.62045823278 2.60378237054 3.40213600226 2.32296334305 2.13661012823 4.13630804316 4.75867301151 5.46007503237 5.86364487213 6.78997039758 4.75002511498 4.22236105897 4.10001567818 4.18640126904 3.61812971158 4.1346404244 4.4597955891 5.07710346306 4.21847167201 2.51170831793 1.84510904072
-9999 -9999 -9999 -9999 -9999 -9999 -9999 -9999 -9999 -9999 -9999 -9999 11.9785671716 13.3584945982 11.8477718889 10.7760140017 9.51173884154 8.97414283848 7.66214098371 7.99468473298 7.78626440898 7.2437057733 6.63295675249 6.7147164878 4.98933694877 5.15167411964 4.32411587163 4.55003073417 4.11042266373 3.81953452533 3.75352591595 4.03206301638 3.8568888359 4.33696061096 5.14006211336 1.4380243512 4.20054453837 3.04500165651 3.0765992773 3.80147435032 4.31591655335 4.20772038421 5.97185908185 6.87513762608 7.25286886211 6.95166466338 5.18320771312 4.28638507695 3.13055097987 3.62253438699 3.39066627388 2.75214293734 2.34014585075 2.37312867751 2.12333132983 2.40016514474 0.797987664718
-9999 -9999 -9999 -9999 -9999 -9999 -9999 -9999 -9999 -9999 -9999 14.4921539293 13.7136047566 14.63940878 14.0438817003 7.29472040942 7.54391807993 9.13409530021 7.24466979761 7.50048321525 5.79134047494 5.65724600018 4.7282388223 4.90466812498 4.66091973623 4.55273938277 3.64069974866 3.4280838858 3.37603733388 3.19233551198 2.84336422897 3.02831666124 2.72203510016 2.67067447151 2.94745322787 3.71839564512 3.82707955453 2.29104613189 2.08054155572 2.92024702503 3.47564240519 3.42764517922 5.65100774527 6.81932070826 8.47297143145 8.45189642435 6.59545327072 6.08942873838 4.16225090376 4.21464234959 2.93320363736 1.80433372431 1.56306879254 1.58055325903 1.46750613706 1.67818914779 2.62391507421
-9999 -9999 -9999 -9999 -9999 -9999 -9999 -9999 -9999 -9999 -9999 15.0936015928 16.4533513447 15.9755259327 12.164157861 8.2592465946 10.0214210925 9.78836782018 7.49264078894 7.72024506437 5.80353669123 5.36263050552 5.17484648316 5.37015132587 5.00185259014 5.13871812067 2.39443755001 2.85754076 3.8414507275 5.34999836492 4.54393968131 3.13435527715 2.64118110563 2.67441871086 2.82229758 2.59597350726 2.76657001702 3.94591136951 2.53319027607 3.15038083762 3.00005959958 3.83622982894 5.14652026557 5.01491865699 5.4052053044 5.0812797344 5.54050965408 5.78913942558 4.84971664365 4.87121943677 2.80551324714 3.00739218129 2.54752942182 2.36063647879 2.20151857635 1.97330733587 1.41446247688
-9999 -9999 -9999 -9999 -9999 -9999 -9999 -9999 -9999 -9999 -9999 17.4749895979 17.0312625335 15.3266557085 14.5438597491 14.2823751176 9.99594558208 10.6265468524 9.03917132493 9.16750616326 4.89928950092 2.53675770205 5.80103115469 7.76150273128 5.73819350716 5.72959024192 5.87150213942 5.2606596608 3.85598655363 3.14741834743 3.01706016101 4.37905123043 4.3164048408 3.90402137218 2.77025472176 1.82991679092 1.45641373219 1.0705723241 2.14762163379 1.69409832344 3.3103361512 3.66254730029 3.71102524745 3.17838344608 3.24900547001 3.29648154427 3.63026631931 3.71564303307 3.0906774286 2.83952724471 2.32269260444 1.86290146766 1.40092741884 1.33565305707 1.25862869466 1.50271203271 1.9295070196
-9999 -9999 -9999 -9999 -9999 -9999 -9999 -9999 -9999 -9999 -9999 -9999 17.4594796604 16.695598189 13.7901546072 13.3339444176 11.4681089801 11.3354556975 8.84699433586 9.35383149603 8.18797664467 9.11297371639 6.52683202596 5.65802479688 5.31325153239 5.22006464493 4.15135311991 4.42908256335 3.83349152513 3.28303639071 2.55921980619 2.7217419434 2.22100515625 2.5136576962 2.4190760009 2.36664632931 1.8118066985 1.34684932959 2.55872903967 2.84535444592 3.13091690649 2.7340089205 3.27594446349 3.12998171112 3.43708874851 3.47007509558 3.21862256054 3.37826355678 2.7392072862 2.72418225272 2.20256308738 0.845045999674 0.927960384978 2.07229235101 1.4651127704 1.4706505638 1.36184682975
-9999 -9999 -9999 -9999 -9999 -9999 -9999 -9999 -9999 -9999 -9999 -9999 19.0405922925 16.6852924567 14.4804801063 13.7230530734 11.0776838433 11.6695558406 9.9289084235 8.90647220526 8.11940289981 7.37609356046 6.75464939322 7.75230833275 6.05696592662 6.65586210379 6.72092592628 6.08680462199 4.69276508407 5.86506054377 4.44153213882 4.7325345861 4.88133827655 4.56837270555 3.24874839852 2.46057289934 1.72645144579 2.57828560597 3.69883262131 2.83835939928 3.36448549813 2.28842748547 2.00631338715 1.98197650205 2.16737724374 2.21203508271 2.06799297244 2.08447912314 1.77373298396 1.86046836715 1.70833456081 1.28501880271 1.40263854127 0.893631236185 0.718984051031 1.0105216635 0.664953288955
