data/recharge/transience/oldversion/mHM_recahrge_41.ASC
ncols   80
nrows    72
xllcorner    4374000.0
yllcorner    5656000.0
cellsize      500
NODATA_value  -9999
[rows 26 to 51 of 72, columns 0 to 56 of 80]
-9999 -9999 -9999 -9999 -9999 -9999 -9999 -9999 -9999 -9999 -9999 -9999 -9999 24.6046788934 24.3341929164 24.3082805819 23.8597734454 23.7761687544 22.129222977 21.4682941591 20.3349173386 20.7987775955 19.8570732294 16.3638633758 20.2045671586 19.6716069582 17.8484269189 16.8983109298 15.9172916649 16.5020617201 14.9599366396 14.5429189027 14.4714285973 18.7922588516 17.0141017319 6.07740512796 12.257605055 17.8986488236 14.1664816826 9.99466700223 8.98130850377 11.1951582268 8.49090317976 9.92692242203 9.85355886567 10.6194935618 10.8169372954 10.4249439336 8.73780589778 6.80557509443 6.20402547282 6.60128701685 6.95470359909 7.9582765757 4.65889182667 5.59562075626 5.4374556052
-9999 -9999 -9999 -9999 -9999 -9999 -9999 -9999 -9999 -9999 -9999 -9999 -9999 -9999 24.5755165989 24.1237503208 22.9933666994 23.1074310288 22.1564752287 22.6267954843 20.8930409145 21.5889183237 19.9026448105 19.7676915499 18.5178513266 18.0958896416 18.11397699 20.0643601924 16.8128904142 15.374745631 15.2877397755 16.8185195869 15.7027627052 20.9547791118 18.3368855102 9.48579064893 13.1341806839 13.0080456428 10.5360072248 8.52490932637 8.17717890374 9.78823627354 10.8853629199 9.36309789876 7.36536111915 8.2550467015 7.04289814484 7.0853890258 6.36875529163 7.32047901116 6.92988852809 5.51214924195 5.09680485972 6.36338537862 4.85200233899 8.3427219571 11.4235980808
-9999 -9999 -9999 -9999 -9999 -9999 -9999 -9999 -9999 -9999 -9999 -9999 -9999 -9999 6.92888605841 15.3440864249 22.7076681409 23.4857505691 22.5500945026 22.758302712 22.0441089756 21.7154712346 19.6736309375 21.0756633855 20.2499409435 20.897089259 17.5990422728 17.0847850548 17.1809022471 18.3295967222 13.2981618734 6.83922198542 15.3598475525 20.5065327678 21.0790774546 7.30339150327 12.3947876098 9.84374211371 8.30084517113 7.93231152919 8.56917548876 9.20804639059 8.90165751575 10.4203469748 9.34425941407 8.03953487963 5.62879888741 3.77805407566 4.52920222463 6.57071505674 7.97756164554 8.86950866999 9.50322246555 10.0501094663 9.07033001858 9.65840040373 18.9527474151
-9999 -9999 -9999 -9999 -9999 -9999 -9999 -9999 -9999 -9999 -9999 -9999 -9999 -9999 10.7198168455 16.0263093214 23.0277053709 24.4225408927 23.3390246284 23.1326343067 21.8723699233 22.1763398227 21.3715931114 20.5980925701 19.1898240837 18.558362728 18.1237251154 17.8589150754 16.1201118792 16.8217234162 16.0269031124 15.2125669919 14.9302747298 20.8588882979 22.8353791085 6.33595061576 8.11027747054 17.711966956 4.38735972125 6.78024427456 8.31293897022 9.19246325741 8.09371159432 8.3138574867 7.33825777462 8.19000359691 6.27463262482 8.08261696659 11.4558496591 13.2166390322 13.2154002755 10.3175591014 13.3849687691 12.5630631974 11.6650197348 12.5354384904 10.1001298546
-9999 -9999 -9999 -9999 -9999 -9999 -9999 -9999 -9999 -9999 -9999 -9999 -9999 -9999 26.7827172327 25.3903131067 24.34423869 25.2875943069 23.9472823122 23.9105907494 22.2917815463 21.9705941584 20.5044030892 20.8517600973 19.3808246933 19.7700469726 18.0730434415 18.5559577223 17.2457408545 16.7759654239 16.4111277258 17.0148571618 16.1067380748 9.70584308452 6.62944476764 6.68673363833 5.98180882773 13.147469521 5.0266604734 7.12047819904 10.5524353705 8.51408799659 6.50938593216 7.00822547819 6.2329805597 7.05299338587 11.096656607 14.0435857977 20.0364488095 21.3429263258 17.9977150021 18.8277032645 14.8154885128 13.1283206437 11.3312583205 10.1286823497 11.0249560173
-9999 -9999 -9999 -9999 -9999 -9999 -9999 -9999 -9999 -9999 -9999 -9999 -9999 -9999 -9999 24.5003814954 23.71204252 23.6523634387 22.8492609473 21.75863073 21.0669501301 21.4684091333 20.7807238372 20.8354356368 19.3970390881 19.4065383223 17.7173936847 17.921597101 9.04091082452 16.4380378997 15.0843020248 15.0170555461 13.9715819029 9.60737796936 7.0514389989 7.10174816209 6.66317798505 6.55786146408 6.26310144274 5.54833851284 4.35748136888 6.37102971913 7.13546212953 6.87574724622 6.62605195039 7.57807769473 7.88691299176 8.56729841797 11.0559950188 10.783983862 7.34828539166 6.68005688238 9.49748300792 12.8795266302 12.5168689254 12.4179613597 11.4301225108
-9999 -9999 -9999 -9999 -9999 -9999 -9999 -9999 -9999 -9999 -9999 -9999 -9999 -9999 -9999 -9999 23.3822576891 23.3122158102 22.1343062516 23.8179381174 23.2390298678 23.0891487526 20.6416182843 20.1186714763 19.8297684765 19.1435088097 17.7628427431 15.694058205 8.45579088734 14.359545454 16.4190507998 10.4706029079 7.35788370537 4.92856401903 6.67569513771 7.21083589483 7.03778863793 7.45320767486 7.29806825303 9.51598384608 18.7437042316 17.6021781396 16.549652104 12.3642495788 7.57014160381 5.76929215732 4.71615304862 9.80991523583 7.29582859327 5.80976622451 7.87036568566 10.8274099959 9.0405346705 7.74527233173 8.81137723185 8.02531063692 7.64728282922
-9999 -9999 -9999 -9999 -9999 -9999 -9999 -9999 -9999 -9999 -9999 -9999 -9999 -9999 -9999 -9999 25.4806573983 25.0151721139 23.9211806246 24.1018757335 22.0769087798 22.0187747694 20.621341133 20.4350133043 19.4489604187 20.0574645304 18.1889873074 17.7807447413 9.17517165265 13.3170557338 9.16479186809 6.51786613242 7.55168307973 5.51116637292 7.50942073593 6.97212392004 8.88808468021 7.59890082391 7.21466402827 7.24175996862 15.1763471238 10.5404341878 15.7090952807 19.356594676 14.7642153352 11.6238766153 11.7336503278 7.98063700186 5.67000207241 6.99091103246 9.22290123542 9.57110093446 11.5415694488 11.9896789513 13.4400673966 11.088683091 7.70826158123
-9999 -9999 -9999 -9999 -9999 -9999 -9999 -9999 -9999 -9999 -9999 -9999 -9999 -9999 -9999 22.4054835562 22.3336739302 23.8264208729 24.1635241462 23.7173094341 22.2165868885 21.6996206448 20.258741859 19.9656940022 18.7761869579 19.3458298228 18.1759182079 18.3148054225 12.0928843676 15.56060976 15.9155263479 16.1466320949 16.0479566726 11.9092334418 10.5054183428 17.0323022615 14.0438717571 14.1618405154 11.4334899889 5.83901884224 13.2747453626 15.5266716004 14.0539968894 13.9089685656 13.9417643606 11.6139479701 5.87053251718 6.45205364599 8.49382430083 9.76436200918 8.18456306716 6.62806628244 7.44744703728 8.19076369155 8.97162088373 9.18480652351 9.95149858994
-9999 -9999 -9999 -9999 -9999 -9999 -9999 -9999 -9999 -9999 -9999 -9999 -9999 -9999 23.8793586615 23.3005550755 22.6727338678 22.8594238886 23.625004121 23.2599879672 22.0207105303 22.552041399 20.4014571668 20.6130233637 18.6050569098 18.4648566461 17.3280533753 17.5487903804 16.2721249233 16.2977790972 15.1090532526 15.331885674 14.1024220994 14.6752194703 14.6427982182 22.633926151 13.7158124234 10.2559665893 11.9222627907 14.8341961921 13.9086099557 12.2108381339 11.5488899194 12.3079861785 9.44868936346 8.32890689997 10.7053791451 11.0016019185 9.52888901283 8.02813506687 7.37239751475 7.30910428507 7.92711699744 7.76249533394 7.50850955747 7.92526559473 7.77136029806
-9999 -9999 -9999 -9999 -9999 -9999 -9999 -9999 -9999 -9999 -9999 -9999 -9999 -9999 24.1265585998 24.8225936586 23.6530111886 22.3351785983 20.2027901572 20.9470852185 20.4927671124 21.4827993732 20.110232085 20.4492651313 18.4655415852 17.7653900055 16.8589731042 17.2750325961 16.4734065593 16.5912427167 16.05173716 17.336956988 15.337746147 14.6279128992 13.3758855887 18.0572877347 22.2397837508 24.2336349032 19.0321999922 19.2545472372 21.5543277517 20.8087162889 14.0731852501 13.3171506203 12.5119659243 8.71188191908 12.5134330756 14.5703596156 12.443869348 13.41108053 13.5039214962 13.4494768912 11.5331090664 10.5787346835 11.6621747364 11.3632155782 9.40593645213
-9999 -9999 -9999 -9999 -9999 -9999 -9999 -9999 -9999 -9999 -9999 -9999 -9999 -9999 -9999 -9999 23.9783622453 24.8104156639 24.179967346 23.966832409 22.3890922603 21.2221681165 21.1240350489 21.1038222155 18.9027949387 18.7706954423 14.6853375571 15.0834774975 13.94739793 15.8583506818 16.527621512 15.4972027147 14.7746252322 13.7056653476 13.9710006498 14.0384517273 17.2418713534 18.1099093006 20.8224065406 18.8588722674 14.5226344732 15.0256308872 17.0576560648 15.3127156541 10.08168232 11.3429512695 10.571069083 9.95232985103 9.62341584721 10.9075045451 10.8244360876 11.0439552835 10.4079140996 9.3723787502 7.07241308723 7.46021649915 10.3068747172
-9999 -9999 -9999 -9999 -9999 -9999 -9999 -9999 -9999 -9999 -9999 -9999 -9999 -9999 -9999 -9999 25.1901590785 24.7455683668 24.1822112656 21.7850869508 21.5744849131 22.111498408 19.46953034 19.7905650415 19.5738236587 19.4885388198 17.1224848285 16.824205728 16.1312861791 16.2966697303 17.0250318292 16.5990059596 15.0310168477 14.0136586406 11.9895404608 12.4377565022 12.7476860646 13.7818834785 11.4336993565 10.7024594377 12.2842403547 14.1241846758 8.12666603187 11.062067508 16.8710592188 11.0850112603 6.62782933044 9.41853199971 9.17319505152 7.51256207965 6.28525064114 6.38375732181 5.24732795381 6.06290149696 5.94735278832 5.98640550829 5.93002785404
-9999 -9999 -9999 -9999 -9999 -9999 -9999 -9999 -9999 -9999 -9999 -9999 -9999 -9999 -9999 -9999 -9999 -9999 24.3074230133 22.7077285707 20.5801176686 21.4904538986 21.9820423017 20.8036144122 19.1210861375 19.6072252027 16.5986032604 17.1919229097 16.0111292303 15.8296057472 14.1066010606 13.2313254561 12.9678394152 13.6815416848 11.8663171813 13.247526782 13.2401514587 11.2833604049 10.8639226472 12.9888040976 11.0806258925 10.2394013879 9.66578868707 9.6150471292 8.90060872505 11.2210282969 7.94493726989 8.16336026303 10.9073608407 6.62940711777 6.92905303677 7.48499229437 5.37843908755 5.5441280664 6.44277092992 6.87813025232 6.42579413352
-9999 -9999 -9999 -9999 -9999 -9999 -9999 -9999 -9999 -9999 -9999 -9999 -9999 -9999 -9999 -9999 -9999 -9999 -9999 20.9552802368 20.6619766738 21.2046374876 20.6058000211 22.2956506453 19.8658943081 19.4119843508 17.993696936 16.4719164639 13.8401545892 13.5556862467 13.5915342662 13.951495914 12.6029631474 12.1646724149 10.7793321652 10.41999765 10.3477048518 12.1011450768 11.2024187407 12.1364745622 10.5318986642 9.90840521871 8.69246869398 10.2335263125 10.4669528141 10.7766418774 10.6389150864 8.00686611029 6.6497672587 11.1040189618 7.44993769896 6.75001195328 5.48680629837 5.42764223936 6.62748096761 6.33389923483 5.17489829733
-9999 -9999 -9999 -9999 -9999 -9999 -9999 -9999 -9999 -9999 -9999 -9999 -9999 -9999 -9999 -9999 -9999 -9999 22.9950946716 23.8215178215 23.6529802974 23.383694659 20.8620206997 20.8256290439 19.6294554145 19.4747424462 17.4566448626 18.2575544328 14.9491798986 14.3503436313 9.37990652083 5.05284144852 11.9006025178 13.0225673988 12.7002449125 13.7784884503 15.1343777649 14.8296855475 14.4727183802 13.9772536382 13.1324148809 10.5272027725 9.74361255368 7.14592803902 8.56726138659 7.95636605275 10.3081946958 16.0642891829 13.4238580765 8.61385273113 11.9637149676 14.269968239 12.4981910439 10.4202888859 8.67814867788 7.79856505769 7.20430866032
-9999 -9999 -9999 -9999 -9999 -9999 -9999 -9999 -9999 -9999 -9999 -9999 -9999 -9999 -9999 -9999 -9999 -9999 -9999 25.3233427562 24.5177941657 23.9857740451 21.0282344466 21.1399488373 20.3443568408 20.1550507339 17.5384861161 17.8133505799 16.45020489 18.1160999689 11.9323805788 11.9117917047 15.8968203208 13.986434036 11.4968045372 10.4373168305 10.3564289369 9.45815314055 8.87494772133 8.88401093514 9.25512656983 10.9880438615 10.4580781763 8.17644680879 7.8220662373 13.9934733994 12.5464424741 11.0507074967 14.8426792543 11.5546841863 5.53135922669 8.51723795998 9.11996164807 6.99788639036 12.7073696953 6.22330665228 5.29665562103
-9999 -9999 -9999 -9999 -9999 -9999 -9999 -9999 -9999 -9999 -9999 -9999 -9999 -9999 -9999 -9999 -9999 -9999 -9999 -9999 22.8059164838 23.6688813195 21.137166742 21.9002048628 18.9970350542 19.8609173915 17.6035722293 18.0640047335 17.916720867 17.1805218423 15.753868825 15.4159021109 14.1769808022 10.546033098 8.52448871778 10.8523034747 12.7095010726 13.2287414649 13.4664568706 12.6686374055 10.6676970772 12.5722023782 13.2248297419 12.3214195932 14.4893182245 13.4196556781 12.2427283954 13.1664848123 12.8264330844 15.6472863091 13.9816481827 10.242399025 6.40925083624 7.62028510487 10.2138322553 8.75344610755 9.1792821933
-9999 -9999 -9999 -9999 -9999 -9999 -9999 -9999 -9999 -9999 -9999 -9999 -9999 -9999 -9999 -9999 -9999 -9999 -9999 -9999 -9999 23.1619066357 21.6847192187 21.920687561 18.5513936374 17.8602941655 17.3236272723 18.529044804 16.5954328335 16.1003934715 15.5191149445 16.7064239963 14.962538361 7.55683835541 14.8311324023 15.3026043156 13.3123775225 11.8711857681 11.2987314835 11.4726466623 13.6474257964 14.0261576486 15.1061702607 12.9520460201 11.7918855414 9.71245532033 11.5827721712 12.3409933447 12.4401659931 14.0521497193 15.1122977903 11.5159985965 11.0669868792 10.8714705511 3.77770256035 5.63211120866 7.18086376409
-9999 -9999 -9999 -9999 -9999 -9999 -9999 -9999 -9999 -9999 -9999 -9999 -9999 -9999 -9999 -9999 -9999 -9999 -9999 -9999 -9999 21.5815147706 20.5783135791 20.5762463772 20.6662499096 20.6649137473 18.8302395961 19.5331452288 17.0389760163 16.5427220285 7.07761559263 15.2371071411 16.254374551 14.8690417419 11.7262126204 12.2922522214 11.6869127303 12.5447954725 12.2449347214 13.2815038663 13.7196619516 13.4118339538 11.922192133 11.9315932996 13.9688240671 13.5526477809 13.2002123172 12.9968326703 10.5787953725 10.6521200891 8.1543902924 5.10036165581 8.61109730069 6.47441484088 7.96360498993 4.33043432988 5.13338718454
-9999 -9999 -9999 -9999 -9999 -9999 -9999 -9999 -9999 -9999 -9999 -9999 -9999 -9999 -9999 -9999 -9999 -9999 -9999 -9999 -9999 -9999 20.9772999217 22.2371928913 21.4469533139 20.2056772853 18.296218949 19.4185996518 16.2048668339 16.349912042 16.5175063712 16.9877277686 14.8266997359 14.3506357814 14.9560142439 13.2330493755 13.9345525827 13.5054716671 13.9237720825 13.4493874203 13.9199988238 11.1077242941 12.0119419772 13.7773212961 10.5862922431 9.85756157082 9.1358342377 11.0537546822 13.40150225 11.220509453 4.36954255482 7.12916855138 18.0634840899 11.8221884591 4.92411183497 3.93766594791 5.02764319416
-9999 -9999 -9999 -9999 -9999 -9999 -9999 -9999 -9999 -9999 -9999 -9999 -9999 -9999 -9999 -9999 -9999 -9999 -9999 -9999 -9999 -9999 21.3631991499 21.0439058411 21.0163505134 21.1218312057 19.0917016156 17.625786664 16.5729377252 16.9068075747 15.7481101194 15.9620642023 15.7707458367 14.7081020714 13.3633703762 15.2450452793 13.3939828923 13.1780533138 14.6914233649 14.3243731351 12.0061059768 14.0710411217 12.1393704431 10.5423911727 10.1113085166 11.8644760985 14.1912378483 14.0716635271 10.2207240812 9.92855954458 9.15382013098 13.5436547704 9.75168066657 15.8112193998 11.5291644053 10.5903876997 8.34491058403
-9999 -9999 -9999 -9999 -9999 -9999 -9999 -9999 -9999 -9999 -9999 -9999 -9999 -9999 -9999 -9999 -9999 -9999 -9999 -9999 -9999 -9999 21.201067348 21.9457055636 22.71732331 21.1673176764 19.6699994848 19.0874683931 17.3361494003 17.9963107978 16.2304059967 15.2746992189 14.5488615404 14.5972084138 15.367022324 12.9397791728 13.2020711493 15.1373142527 14.6424833093 13.9953772864 14.4618588474 12.8160183079 10.880428508 12.4809973151 14.2987579794 13.9340514095 14.4929857679 13.3861220922 11.7467698127 11.7636418269 13.9385632848 12.4091580708 14.6258492161 15.6292589858 16.8441614641 17.5320083955 12.9003892517
-9999 -9999 -9999 -9999 -9999 -9999 -9999 -9999 -9999 -9999 -9999 -9999 -9999 -9999 -9999 -9999 -9999 -9999 -9999 -9999 -9999 -9999 -9999 22.5854594897 23.2213892945 21.4395487817 19.238517606 18.825933006 17.2847933504 17.5572677796 16.2897288486 16.9750997125 16.2148896943 16.7013966961 14.4453215204 15.1785263337 15.7268428434 14.7383539584 12.3333790659 11.8637711605 10.3653170388 12.3670119159 14.6442197842 14.6464820271 13.8708533193 13.0110426046 9.67111599623 9.01263167599 9.02786536745 9.63429544302 8.22425294161 9.94036435193 11.44008568 17.9567232686 13.5080724032 8.85442156533 13.0896733646
-9999 -9999 -9999 -9999 -9999 -9999 -9999 -9999 -9999 -9999 -9999 -9999 -9999 -9999 -9999 -9999 -9999 -9999 -9999 -9999 -9999 -9999 -9999 20.5445222451 22.4203305806 22.302088123 20.5525800569 21.1192793399 18.2386010107 18.6658830094 17.2072754989 17.7140136713 16.598719394 16.1506378357 15.4454075357 15.183123364 14.7531627947 13.726267939 11.8181905988 8.20169008149 16.2234152623 16.4072821988 16.5194532376 14.1717564771 11.6986668623 12.2687467884 13.6088914792 14.5616630843 13.4611114942 13.2470707773 14.5987059156 14.9345646412 11.777770691 9.68161276291 9.69900286375 13.3376446046 10.4441979938
-9999 -9999 -9999 -9999 -9999 -9999 -9999 -9999 -9999 -9999 -9999 -9999 -9999 -9999 -9999 -9999 -9999 -9999 -9999 -9999 -9999 -9999 -9999 -9999 23.2305584034 22.2873654956 20.6333385593 20.2840456992 18.1168303046 18.6156835756 16.1132126047 11.5160889834 14.52568413 16.3279114882 16.6620057416 13.5392540272 12.9615343546 15.4808458389 15.0206353406 14.4587295291 17.0710118081 13.7916928183 12.0674101048 12.9111880134 14.4452951424 13.7783294193 11.6200466321 13.2060364854 14.5327698838 13.4513621886 11.5867380639 9.29694904599 9.21193411975 10.9043122167 13.3886133129 10.5415577242 11.276843833
