data/recharge/transience/oldversion/mHM_recahrge_416.ASC
ncols   80
nrows    72
xllcorner    4374000.0
yllcorner    5656000.0
cellsize      500
NODATA_value  -9999
[rows 0 to 23 of 72, columns 0 to 53 of 80]
-9999 -9999 -9999 -9999 -9999 -9999 -9999 -9999 -9999 -9999 -9999 -9999 2.95937901897 3.05289982344 -9999 -9999 -9999 -9999 -9999 -9999 -9999 -9999 -9999 -9999 -9999 -9999 -9999 -9999 -9999 -9999 -9999 -9999 -9999 -9999 -9999 -9999 -9999 -9999 -9999 -9999 -9999 -9999 -9999 -9999 -9999 -9999 -9999 -9999 -9999 -9999 -9999 -9999 -9999 -9999
-9999 -9999 -9999 -9999 -9999 -9999 -9999 -9999 -9999 -9999 -9999 -9999 5.32449835156 4.08695372455 3.21821461606 -9999 3.14841555448 -9999 -9999 -9999 -9999 -9999 -9999 -9999 -9999 -9999 -9999 -9999 -9999 -9999 -9999 -9999 -9999 -9999 -9999 -9999 -9999 -9999 -9999 -9999 -9999 -9999 -9999 -9999 -9999 -9999 -9999 -9999 -9999 -9999 -9999 -9999 -9999 -9999
-9999 -9999 -9999 -9999 -9999 -9999 -9999 -9999 -9999 -9999 4.33589334607 4.14994723308 4.59393285775 4.7965845775 3.07469373657 2.53805222389 1.90236766393 1.93027075661 -9999 -9999 -9999 -9999 -9999 -9999 -9999 -9999 -9999 -9999 -9999 -9999 -9999 -9999 -9999 -9999 -9999 -9999 -9999 -9999 -9999 -9999 -9999 -9999 -9999 -9999 -9999 -9999 -9999 -9999 -9999 -9999 -9999 -9999 -9999 -9999
-9999 -9999 -9999 -9999 -9999 -9999 -9999 -9999 -9999 4.38547518581 4.3291752129 4.26699583855 3.79050303598 4.03765557317 3.43906360584 3.14426937504 2.2749716767 3.03682467258 -9999 3.26986107855 -9999 -9999 -9999 -9999 1.72541361679 1.84256313977 -9999 -9999 -9999 -9999 -9999 -9999 -9999 -9999 -9999 -9999 -9999 -9999 -9999 -9999 -9999 -9999 -9999 -9999 -9999 -9999 -9999 -9999 -9999 -9999 -9999 -9999 -9999 -9999
-9999 -9999 -9999 -9999 -9999 -9999 -9999 -9999 6.60851606845 5.47459099616 4.13156019012 4.10063151997 3.65305227162 3.3178188961 3.10730360854 2.91078560342 2.18415052356 2.02744879576 1.82697228187 2.44647380789 2.20966633132 2.38066666619 -9999 1.68534280023 2.18493591509 2.11320428068 -9999 -9999 -9999 -9999 -9999 -9999 -9999 -9999 -9999 -9999 -9999 -9999 -9999 -9999 -9999 -9999 -9999 -9999 -9999 -9999 -9999 -9999 -9999 -9999 -9999 -9999 -9999 -9999
-9999 -9999 -9999 -9999 -9999 -9999 5.93774234903 4.88632543777 4.49700365734 4.77968025703 4.89618217377 5.20670218107 4.19168972639 3.89132136652 3.037697565 3.35098384337 2.44574654174 2.25835426506 2.35716756319 2.41413128675 2.12929483876 2.29607509814 1.89372492678 1.72331917699 1.75361029972 1.66241616635 1.68336296126 -9999 -9999 -9999 -9999 -9999 -9999 -9999 -9999 -9999 -9999 -9999 -9999 -9999 -9999 -9999 -9999 -9999 -9999 -9999 -9999 -9999 -9999 -9999 -9999 -9999 -9999 -9999
-9999 -9999 -9999 -9999 -9999 -9999 6.35359818949 5.7115949457 4.16945914836 3.98334392838 3.56743269339 3.83709946469 3.45798091096 3.12956023296 2.73367606919 2.46211395427 2.23685550467 2.11573395812 1.99190065834 1.93793500299 1.90092269689 2.27854255556 1.925069865 1.84697407304 1.49294938604 1.35426031244 1.71988739269 2.05031045862 1.92780848492 1.78125192996 2.07966290954 2.03945149847 -9999 -9999 -9999 -9999 -9999 -9999 -9999 -9999 -9999 -9999 -9999 -9999 -9999 -9999 -9999 -9999 -9999 -9999 -9999 -9999 -9999 -9999
-9999 -9999 -9999 -9999 -9999 8.27215106783 6.70932222284 6.68028951996 5.7020840871 6.00813171688 5.20665707721 4.57182844854 3.25660929867 3.29606268921 3.11289987917 3.15077298031 2.36303562586 2.70130044791 2.15186569118 1.96891205642 1.9122602893 1.82730241773 1.79759512029 1.87317075762 1.62985653649 1.73880815247 1.63306880057 1.64953563358 1.82551384219 1.76691961838 1.51820469089 1.62832200395 1.26981693661 1.20513641508 -9999 -9999 -9999 -9999 -9999 -9999 -9999 -9999 -9999 -9999 -9999 -9999 -9999 -9999 -9999 -9999 -9999 -9999 -9999 -9999
-9999 -9999 -9999 -9999 -9999 8.38455366917 7.2735003445 7.33631099878 5.99666809774 5.43417461483 4.92323286759 5.33531804669 3.99991974163 4.57508627089 4.1259101775 4.49781505355 2.47749890576 2.63456397985 2.58698105852 1.84016494841 1.8601306681 1.96954953083 2.11934841397 2.00972115866 1.71057069417 1.46051084292 1.32522069475 1.18527174692 1.45123132864 1.31127881196 1.1036307084 1.20233477564 1.24829291506 1.17485137779 1.10054785387 1.0511344039 -9999 -9999 -9999 -9999 0.887046545017 0.851892747918 -9999 -9999 -9999 -9999 -9999 -9999 -9999 -9999 -9999 -9999 -9999 -9999
-9999 -9999 -9999 -9999 -9999 7.60658312496 6.68967533325 6.80341676194 6.38254738003 6.89013244307 5.84022758975 5.49685647446 4.44047037029 5.17105224402 4.6277723518 3.64917903417 2.77981113271 3.56058428152 2.7846178179 3.11036485952 2.23493839819 1.89338394133 1.67796627403 1.59535050203 1.67120928081 1.5189568377 1.28361343952 1.08377409399 1.47947473458 1.23084997181 1.14592898539 1.08550532881 1.22757543524 1.10714102808 0.897243879794 1.11126663532 1.0061176161 -9999 -9999 0.977725215574 0.988995316289 0.938872288609 0.961039510423 -9999 -9999 -9999 -9999 -9999 -9999 -9999 -9999 -9999 -9999 -9999
-9999 -9999 -9999 -9999 -9999 -9999 8.45431854494 9.05519244476 7.09467819241 6.65312010761 5.30439790689 5.93964909078 5.91581998667 6.35339602586 3.55689884871 3.18254163889 3.00812407399 2.88937015424 2.32079471574 2.29003658478 2.16081653432 2.2833058672 1.92175612104 2.11082872589 1.70441034123 1.49717631392 0.987609132381 1.09287767406 1.10293454029 1.18852359821 0.96674866655 1.1792873828 0.942434579433 0.96227405747 0.915313744086 1.01357797814 0.845199168372 0.701304260508 0.930989712369 0.896523862589 0.815193879025 1.01341289995 0.607959990891 0.489603392791 -9999 -9999 -9999 -9999 0.626533671719 0.537691872935 0.463902804338 -9999 -9999 -9999
-9999 -9999 -9999 -9999 -9999 -9999 -9999 7.79256259559 6.33189139672 7.45348164683 6.80645135689 5.98970832354 4.55136604674 3.81864360763 3.41454262076 4.44821516087 3.91366324903 3.76928813697 3.2958642636 2.6833635909 2.00646814324 2.02376230255 1.79853571818 1.8184456534 1.54107806093 1.37085865157 1.0910327816 1.27020224044 1.19733692403 1.14864899648 1.03935245799 1.05050586316 0.991858085543 0.968788071276 1.04632246133 1.03528174615 0.920803331102 0.900528424967 0.905280865103 0.903046392347 0.664505654639 0.560240853119 0.346469275203 0.343340089601 0.254036247037 0.288128151505 0.335142161576 0.247930090818 0.218583736027 0.289719519413 0.341090994589 0.290136482603 -9999 -9999
-9999 -9999 -9999 -9999 -9999 -9999 -9999 -9999 5.71255387207 5.39521051542 5.79110253476 6.58810786688 5.40451790914 5.98199933908 4.90356118451 4.48231920539 3.12571000169 3.14338323723 2.37507210304 2.7018544254 3.22450066712 3.05741641361 1.05361055956 0.765233263807 0.682196731429 0.626577951328 0.645832226202 1.22886975033 0.959043666666 0.750185673357 0.818094038084 0.823934684209 0.80967629374 0.715758354839 0.793225238127 0.866702410265 0.848730712726 0.895133666465 0.765224597751 0.744063593997 0.613860684256 0.397477782861 0.273241502106 0.232790993586 0.205251922756 0.174838037343 0.195703425138 0.157844823672 0.129018574487 0.192246925566 0.262564186838 0.280538767814 0.225468971984 -9999
-9999 -9999 -9999 -9999 -9999 -9999 -9999 -9999 7.37439435791 6.27700246827 5.26856506868 5.31363621259 4.72301016375 4.6792427863 3.6818897761 3.58385996862 3.03016566742 3.26852113326 2.70548828211 2.95964724118 3.00151638706 2.96967411391 1.17559109326 1.84904197925 1.09203076338 0.583766654348 0.649361013918 0.821660918602 0.920098568276 0.744533628637 0.694024786401 0.754543265542 0.639084158014 0.679083449505 0.833260501618 0.840900570884 0.939093581306 0.856073737237 0.763408391435 0.74648612014 0.671489273138 0.353812121774 0.239732248836 0.239192917415 0.175677033303 0.172291549628 0.191259967897 0.165253465439 0.14275830909 0.309740626746 0.274207286786 0.275979676811 0.278099761098 0.341050182428
-9999 -9999 -9999 -9999 -9999 -9999 -9999 -9999 -9999 8.12548756483 6.45235480169 4.94880852726 4.73701819452 4.85580807333 4.06075299689 4.10515714036 4.31078245943 4.67508479513 4.43173485396 4.47627053457 3.74755894947 2.85059230099 1.88491309634 3.50640114553 1.96197950086 1.45116960026 0.680426880064 0.452991426241 0.308474896852 0.931994915514 0.782234507405 0.796822833383 0.684388874161 0.543760025836 0.605924817321 0.654198758284 0.780464995684 0.727836354776 0.627767423523 0.636460789172 0.558478466735 0.532125993761 0.178948416281 0.296931475073 0.171784816635 0.123340740477 0.0951141056993 0.096245852351 0.172658693152 0.211061226825 0.200868890407 0.19228346672 0.213284414459 0.265298100203
-9999 -9999 -9999 -9999 -9999 -9999 -9999 -9999 -9999 -9999 5.52622879576 5.53151834497 4.56153700863 4.70451772086 3.69542202564 3.34608063762 3.07993448172 4.17274112935 3.16975702966 2.57171511542 2.21521756007 2.09185230664 1.61715481463 0.999048787148 0.996955430718 1.55500848521 1.11453114725 0.675701780011 0.316044245012 0.311248537083 0.830300033857 0.835820249376 0.831450875128 0.682844041404 0.808574022432 0.763952532285 0.756898091227 0.728703049532 0.633973556422 0.638672549322 0.593348612097 0.580587143943 0.285490238403 0.172759119644 0.282672994739 0.305599213681 0.198329735184 0.124814123526 0.253412460797 0.243801951659 0.240403975142 0.229096082691 0.180404381142 0.249187794131
-9999 -9999 -9999 -9999 -9999 -9999 -9999 -9999 -9999 -9999 -9999 5.49320927887 3.61388450181 4.18740287277 3.60172729549 3.18317842836 2.9399000616 2.88512358749 2.25092655492 2.56636009408 2.64248357754 2.55586185163 1.68123491228 1.30176129865 0.686791780603 0.340467184487 0.687645139792 1.14594579855 0.836926140957 0.486861324389 0.221472280431 0.604278610089 0.669589635369 0.698245015795 0.598734188999 0.532899136752 0.628385774591 0.622921021275 0.590552221309 0.58991295655 0.547692288388 0.47078097014 0.44304555455 0.206626290697 0.114197144314 0.114992182883 0.111955997764 0.157517866519 0.128436350804 0.236407533351 0.194281544197 0.258634653822 0.241180046171 0.216590756884
-9999 -9999 -9999 -9999 -9999 -9999 -9999 -9999 -9999 -9999 -9999 4.73128713808 3.91193332277 3.71086089157 3.71267258972 3.29846261235 2.41604804972 2.3001104535 2.62905036886 2.66329023823 2.42105341914 2.7823569325 1.71035048478 1.47492464081 1.42197187074 1.65423282669 0.679709372603 0.54499361114 0.459725926086 0.527005012102 0.600433974935 0.568034330272 0.181804549281 0.189840467474 0.178435393339 0.462723720403 0.625458889557 0.63846018516 0.571530143346 0.538912580465 0.495957279395 0.553648780981 0.394033442156 0.414461333838 0.222043382882 0.171514404778 0.262433126075 0.329784619138 0.253481703621 0.129487431294 0.149888483791 0.116822228497 0.0638167851223 0.195921899366
-9999 -9999 -9999 -9999 -9999 -9999 -9999 -9999 -9999 -9999 -9999 6.05407972802 5.01095852117 4.62845771907 3.08452189183 3.15625473511 2.28524426336 1.87172346292 2.01860059848 2.22137842641 2.08334306646 2.13708817461 1.56231337356 1.23220567947 1.20948163446 1.23954211943 1.07439491728 1.04957387179 0.979442668165 0.526752156751 0.263225832789 0.521096174854 0.840846555499 0.726852122095 0.207879476108 0.111448151045 0.147406848434 0.0719014161729 0.3614819098 0.371471843035 0.436575701747 0.493548111785 0.476673573876 0.548590437612 0.593276620298 0.541141337 0.205468058132 0.165036777537 0.150103162558 0.16866641204 0.129652501769 0.165584023152 0.166481971485 0.173701312794
-9999 -9999 -9999 -9999 -9999 -9999 -9999 -9999 -9999 -9999 -9999 -9999 3.78284540109 4.37031537898 3.7551582614 3.27784216318 2.55936834557 2.18705364016 1.77712657587 2.32185806999 2.1589675306 2.02238557546 1.75745380995 1.70526141393 1.31815554013 1.35164932388 1.0964731898 1.13960083618 0.965307619987 0.914577713882 0.81338582845 0.859133019218 0.435475979394 0.192619933085 0.266975572162 0.139995445203 0.171634493279 0.112545264982 0.0784219071704 0.530874112189 0.540227894244 0.470699371622 0.609222058677 0.72419164115 0.708466023953 0.709754474316 0.257496169837 0.169663883876 0.0948375381564 0.12637272871 0.121963399912 0.0816342978904 0.0560905566007 0.0540819185735
-9999 -9999 -9999 -9999 -9999 -9999 -9999 -9999 -9999 -9999 -9999 5.01052979169 4.62450213748 5.0682753273 4.68869230857 4.48579185917 2.60162765503 2.72746795815 1.97715848637 2.29661131453 1.75014932679 1.71700500744 1.41474525393 1.45436133978 1.31242741679 1.2884199444 1.01222512269 0.979108137295 0.888652559313 0.854922882755 0.701782935477 0.732856618741 0.605371184488 0.59773354511 0.571850411011 0.157512337801 0.187395677926 0.0869619041936 0.0647399353933 0.327384475556 0.469224380329 0.382949961391 0.706645207301 0.845176032824 0.982022942966 0.966661929147 0.673317399983 0.337870288765 0.165149209543 0.164436599262 0.0932318092575 0.0488874765459 0.0357892392981 0.0363983485123
-9999 -9999 -9999 -9999 -9999 -9999 -9999 -9999 -9999 -9999 -9999 5.32214189626 6.15108675006 5.83839913206 3.97205869071 3.58782993435 3.0457664494 3.00109524606 2.29050121179 2.34376479534 1.88832185266 1.74877919047 1.50623204173 1.56388001679 1.38912774233 1.33614170443 0.960156068248 1.04554361196 0.901632382515 1.28658697867 1.0056769266 0.750776990741 0.593272350573 0.598314626035 0.554063849622 0.0946683288579 0.116066489233 0.210090753499 0.107889847804 0.125473190571 0.391631973904 0.391773777556 0.508378697898 0.576086430423 0.539890272256 0.502038006416 0.52192492395 0.509808283725 0.276871679562 0.224556389037 0.0959478348424 0.107961728207 0.0761896071592 0.0663333780172
-9999 -9999 -9999 -9999 -9999 -9999 -9999 -9999 -9999 -9999 -9999 6.90290713266 6.54398597264 5.44507185988 5.0657127365 4.89163384902 2.99145084994 3.14201730009 2.77919327772 2.91605868944 1.68183301233 2.29172251785 1.80739506233 1.48097858474 0.829336226503 0.824724789689 0.875273330403 0.839425638832 0.605644887942 0.620759167724 0.57215165956 1.02659933844 0.918319029102 0.840210860699 0.568850518282 0.0634089796355 0.0507889815561 0.0340024460453 0.0893289968292 0.0538182786555 0.459140427129 0.507280604618 0.402624913302 0.30561405026 0.292584087039 0.294386116602 0.366480332515 0.377101017216 0.325962679057 0.310048158073 0.0946376086928 0.0605604486234 0.0351902519201 0.0329307901192
-9999 -9999 -9999 -9999 -9999 -9999 -9999 -9999 -9999 -9999 -9999 -9999 6.82382619004 6.33041541377 4.78156068569 4.42901886512 3.36111650708 3.46620878282 2.67173357766 2.96613136426 2.36824592674 2.80834276017 1.07156148257 0.798008863499 0.717951977293 0.696101816922 0.470489588213 0.523090508262 0.398822235623 0.316029897399 0.208936835631 0.366598145834 0.552911625886 0.599919972547 0.515426987919 0.0962493511833 0.0678504753548 0.0493142270113 0.103521454955 0.100891252203 0.461316374985 0.416766011667 0.429413375606 0.318720517428 0.311116205323 0.305535416316 0.305153052147 0.34681475051 0.287568511232 0.300645776513 0.223966295203 0.069400570872 0.035347872971 0.0573356407322
