data/recharge/transience/oldversion/mHM_recahrge_186.ASC
ncols   80
nrows    72
xllcorner    4374000.0
yllcorner    5656000.0
cellsize      500
NODATA_value  -9999
[rows 25 to 49 of 72, columns 0 to 55 of 80]
-9999 -9999 -9999 -9999 -9999 -9999 -9999 -9999 -9999 -9999 -9999 -9999 14.8522828132 13.7770869173 10.8980459617 11.3145480461 7.51432304959 7.33743908543 5.68460024814 6.85547029638 4.65649435499 4.15376007185 2.88624349757 1.10214338302 1.85620821709 3.73656293732 3.57662664483 3.3573390812 2.21266084157 1.83797683686 1.33015329152 1.18213133024 0.600569634162 0.543500093184 0.840924180187 0.265688392341 0.365479286187 0.94724978957 0.697077779133 0.640247675405 0.494573410228 0.293515727535 0.246095123038 0.276649063423 0.253879177787 0.266848964237 0.270817011538 0.267063059874 0.259637775298 0.304105699178 0.294048855481 0.288585313351 0.235522715168 0.176418413475 0.198040417394 0.198969949366
-9999 -9999 -9999 -9999 -9999 -9999 -9999 -9999 -9999 -9999 -9999 -9999 -9999 11.2378272647 11.3163975406 11.8528710687 9.75652910022 9.61443534364 6.93427898322 6.09692698586 4.7546583509 5.29289490937 4.47129585774 3.14475416493 3.45833836202 3.11203458961 2.87493474934 2.71444465975 2.16001743463 2.41713590779 1.67537300334 1.47023629481 0.618843400939 0.86874656897 0.89174769214 0.0685870242849 0.200408658824 0.909972082875 0.863053445566 0.52845961495 0.394956384388 0.560527460527 0.293786934896 0.30575990868 0.212695398933 0.195353252369 0.186122181332 0.171433560386 0.146779621951 0.140441866756 0.167273676797 0.194340912343 0.226463917323 0.157834593931 0.0926048236621 0.166935115538
-9999 -9999 -9999 -9999 -9999 -9999 -9999 -9999 -9999 -9999 -9999 -9999 -9999 -9999 10.9205811418 10.9493344616 8.75889183909 8.60541082148 7.18449299839 7.72913399158 5.32464059209 6.13300399803 4.23535842249 3.87031708861 2.92115008931 2.59755993068 2.42483066967 3.31457994451 2.22504520537 1.92485856844 1.65902229826 1.2617145233 0.926748616116 1.1734439099 0.999924839449 0.126526441947 0.199639077967 0.757228640397 0.644223849643 0.175802783009 0.130602605162 0.388350742612 0.503204103002 0.357421137347 0.223902420869 0.276638762103 0.223626035381 0.152144240516 0.196626121682 0.237073155592 0.212748624083 0.143091561505 0.131530971493 0.0836024104367 0.126030976171 0.224297170821
-9999 -9999 -9999 -9999 -9999 -9999 -9999 -9999 -9999 -9999 -9999 -9999 -9999 -9999 3.86782693836 6.1006583443 8.31549308899 8.88636811738 7.27369621212 7.70742049519 6.458882526 6.12235579363 3.99305287262 5.45465637674 4.23849409891 4.55388431548 2.02542641259 1.80458544066 1.70959741152 2.05002366479 0.748660401177 0.32791184684 0.987139806611 2.79453605414 2.38996649858 0.165792588594 0.222659152715 0.558522016873 0.186312550862 0.140064435976 0.263982104507 0.372450223398 0.408892142764 0.506784255723 0.385313898555 0.287670082341 0.0673537564774 0.0312260845691 0.0429860062604 0.141421933408 0.300155316197 0.367068213816 0.434832933241 0.135396051611 0.0947020978732 0.100939409547
-9999 -9999 -9999 -9999 -9999 -9999 -9999 -9999 -9999 -9999 -9999 -9999 -9999 -9999 5.1805022885 7.13921040051 9.08946056074 9.59055167259 8.49564358863 8.36614149075 6.45251227243 6.72289552759 5.5991290415 4.6764685794 3.18497499631 2.71332436009 2.36338114832 2.26105813777 1.2776584113 1.55664630621 1.18553217592 0.962971626978 0.808732241191 1.63106476705 1.92202580421 0.172746560949 0.222870710575 2.11776113477 0.141564537822 0.100655312765 0.362853226265 0.456928137727 0.335450887546 0.354319644537 0.248427148942 0.297935787859 0.189873751999 0.297267911456 0.616303142771 0.691951729677 0.574180917834 0.373307179206 0.551375368812 0.505721407335 0.453780511394 0.511599065532
-9999 -9999 -9999 -9999 -9999 -9999 -9999 -9999 -9999 -9999 -9999 -9999 -9999 -9999 13.7869339867 11.8648763731 10.8363917101 11.8500548907 9.38042008915 9.34109521545 6.63715539941 6.07953459913 4.52625721329 4.91837832566 3.71660993903 3.91448099646 2.51222401625 2.74247784662 1.85406089583 1.58308487227 1.3302622889 1.60189276339 1.15485880536 0.219481553723 0.204168856172 0.207989964963 0.157590334696 0.546933440771 0.118200915001 0.210460733321 0.254307706009 0.403236328954 0.241147468324 0.278745850063 0.212198331618 0.248583022375 0.49533907786 0.627516540401 1.14955319924 1.29221867305 0.935327842632 1.07845123674 0.716334885896 0.722910861957 0.656417450621 0.51509479664
-9999 -9999 -9999 -9999 -9999 -9999 -9999 -9999 -9999 -9999 -9999 -9999 -9999 -9999 -9999 9.93039609078 9.03404207602 8.87886111971 7.9080267337 6.4419594124 5.26576189747 5.55361242745 4.76677031839 4.8310489915 3.6763683908 3.44477137733 2.13603159574 2.30680922384 0.923343146642 1.48937739857 0.932284560079 0.924360390547 0.628000045669 0.497132178394 0.234294493208 0.238242344348 0.195258103883 0.188799547633 0.162399135773 0.0808844290785 0.045390714804 0.0733322425762 0.293525563416 0.259300664586 0.222849179247 0.271654696431 0.307954056983 0.337588278695 0.413417627115 0.418878098815 0.259684949944 0.21747884 0.436985040847 0.869357150661 0.836080796324 0.818961176515
-9999 -9999 -9999 -9999 -9999 -9999 -9999 -9999 -9999 -9999 -9999 -9999 -9999 -9999 -9999 -9999 8.1361372767 7.78515778698 7.04067681807 9.362321572 8.12667227961 7.62923343568 4.66066576087 4.16192610382 3.94881230692 3.43840020104 2.49854875124 1.64808371787 0.632802881985 1.26566139957 1.49143354124 0.719408650149 0.960087705741 0.532409152186 0.226712271933 0.27066985107 0.236706074892 0.272211737239 0.241410725158 0.347126808696 0.518318190553 0.427353230062 0.471589097729 0.579848409776 0.343417881619 0.268376727998 0.215201196175 0.407585402457 0.272045652158 0.182991822858 0.307801103725 0.583286651944 0.398291929956 0.294410692331 0.383599517931 0.318643569696
-9999 -9999 -9999 -9999 -9999 -9999 -9999 -9999 -9999 -9999 -9999 -9999 -9999 -9999 -9999 -9999 9.87619728506 10.0548051263 9.56839055787 8.82010664969 6.12591484929 6.36491161847 4.79842761896 4.74580798328 3.71282428065 4.18578031577 2.81418263226 2.54661171801 0.743691318484 0.981260685084 0.446637795051 0.346676304704 0.366325551274 0.333144760361 0.328586586362 0.249950103811 0.338739091324 0.286221785211 0.234753973906 0.21756538232 0.291012269094 0.145774059744 0.295808432839 1.1741555664 0.73860983962 0.539871242715 0.399728549257 0.114846241574 0.181184429727 0.251468107979 0.419056116504 0.452091040849 0.673643073045 0.735573279589 0.987593933639 0.623419673236
-9999 -9999 -9999 -9999 -9999 -9999 -9999 -9999 -9999 -9999 -9999 -9999 -9999 -9999 -9999 6.10022422589 6.21765764607 7.66605405344 8.21417449746 7.95148520695 6.28525019738 5.83939263084 4.31347758056 4.29649160299 3.27220051623 3.58837664574 2.81440757269 2.93273955431 0.904580699961 1.3754626768 1.25945561937 1.32736735829 1.21009864799 0.459823518939 0.178612576967 0.590969833529 0.353853740374 0.717661394316 0.463734211832 0.160683020184 0.294665046897 0.563164286878 0.691992453656 0.681714942702 0.682520486424 0.536788592989 0.0606036723979 0.0730475772588 0.260531439415 0.494480253858 0.343263718268 0.233228832785 0.280522408428 0.335949944124 0.397116062585 0.416247039101
-9999 -9999 -9999 -9999 -9999 -9999 -9999 -9999 -9999 -9999 -9999 -9999 -9999 -9999 7.28181173353 6.87104962157 6.53072242358 7.98671631697 7.52374825331 7.27780432131 5.82598277702 6.63962038202 4.61761104989 4.84677182784 3.29061670232 3.06801599276 2.36690395185 2.34776470536 1.51414643804 1.51124240392 1.00997077076 1.05598172298 0.753833241899 1.28116901448 1.61135843773 2.26286829838 0.264267322518 0.163438127651 0.708891385858 0.547135416981 0.3417797215 0.605424743137 0.532136442077 0.577046369028 0.423079981985 0.370988893848 0.273187835173 0.518153927911 0.474145436852 0.340272381234 0.281654013254 0.27727991155 0.315669367353 0.303873038467 0.281029348086 0.311753631797
-9999 -9999 -9999 -9999 -9999 -9999 -9999 -9999 -9999 -9999 -9999 -9999 -9999 -9999 7.11844968114 8.07411710641 7.15463015097 6.96688991381 6.04543358225 5.63131045617 4.53538388183 5.31422130167 4.31071668941 4.63463028649 3.18564503624 2.67633541274 2.67188513657 2.69518757618 1.72474015451 1.58180249665 1.31013789279 1.86342422855 2.47932015098 2.16659344633 1.70945396987 2.35749372235 1.98654710275 2.42254187285 1.33697562081 1.36779631363 1.65483980244 1.53107959922 0.746484271745 0.691474950143 0.617450040267 0.405743363314 0.604307115958 0.972918866329 0.875850089514 0.986356626186 0.995848886486 0.983030047414 0.680164825157 0.565925783867 0.697769151294 0.657753864961
-9999 -9999 -9999 -9999 -9999 -9999 -9999 -9999 -9999 -9999 -9999 -9999 -9999 -9999 -9999 -9999 7.32469929087 9.6131647634 9.54063088262 9.36514169036 7.25877819872 5.08657419939 5.09183368768 5.1257343429 3.44779036703 4.10246144292 2.46240507261 2.61470570205 1.85247340822 2.2870827819 1.95095490582 2.40965805253 2.21438645244 1.80328111576 1.8305599042 1.85360602812 1.83083358304 1.40565883074 1.86210770008 1.87801656656 1.04284238147 0.996203580344 0.669980583909 0.458104740282 0.475050464749 0.545525099571 0.490708504519 0.489335361575 0.514146830544 0.612294263916 0.59927816859 0.625323773038 0.548157740018 0.442860653327 0.256494395906 0.283008819512
-9999 -9999 -9999 -9999 -9999 -9999 -9999 -9999 -9999 -9999 -9999 -9999 -9999 -9999 -9999 -9999 10.0746465897 9.60189234857 9.28198271536 7.13607657673 7.01911126338 6.99316341875 3.73200233192 3.97565008596 3.83829964193 4.72003988531 3.68403310764 3.5150837302 2.8179327442 2.68543288017 2.96773473676 2.75459439723 2.07231295587 1.96251660503 1.26429404898 1.3904493511 1.4236718071 1.76296352373 0.9969914025 0.827603764441 1.08134828855 1.52436777433 0.182719946285 0.370361052643 1.13683296646 0.551388717058 0.311217127185 0.423762353357 0.444900304545 0.296807917285 0.211536854063 0.217530630447 0.155176369264 0.198471910518 0.197403018788 0.199954979695
-9999 -9999 -9999 -9999 -9999 -9999 -9999 -9999 -9999 -9999 -9999 -9999 -9999 -9999 -9999 -9999 -9999 -9999 9.40890937034 7.93794572468 6.14695073233 6.93384085444 5.90020122172 4.85135837146 3.55626520268 3.82893814952 3.34175590424 3.50595152654 2.56840052926 2.46897929243 1.72697756234 1.44385600119 1.32047092969 1.64803732351 1.23355852415 1.65037975995 1.57711657274 1.04029831689 0.902734117043 1.30771677682 0.850015205828 0.713594286838 0.492061859521 0.486631216416 0.500434430708 0.614374979271 0.371580743586 0.382728793722 0.479098451068 0.223997226859 0.272193652274 0.337692736698 0.161384837032 0.16966415828 0.226369393241 0.254430011764
-9999 -9999 -9999 -9999 -9999 -9999 -9999 -9999 -9999 -9999 -9999 -9999 -9999 -9999 -9999 -9999 -9999 -9999 -9999 6.18998768548 6.05543127298 6.52861928379 5.8897705984 6.0577898181 4.05437978263 3.71802643137 2.35465770227 2.80978203277 1.74124961833 1.64416133744 1.63084128432 1.8721224794 1.327663734 1.17211365047 0.901306653919 0.835124161213 0.774022574042 1.17931807501 0.998918588827 1.19035823326 0.802105196562 0.700721849864 0.499636849862 0.705052651135 0.714564241248 0.753566944197 0.546393725109 0.384710393192 0.303290376971 0.515536255837 0.271722336558 0.242807462414 0.164964559328 0.161970995114 0.226359247818 0.209227748385
-9999 -9999 -9999 -9999 -9999 -9999 -9999 -9999 -9999 -9999 -9999 -9999 -9999 -9999 -9999 -9999 -9999 -9999 7.97132872183 8.7282261828 8.67287407257 8.42561844297 6.32832032939 4.60304715908 3.90309655025 3.62666342847 2.1837330211 2.57777205376 2.15760899345 1.91855475704 0.423036607961 0.293890577829 0.85191024056 1.39315244144 1.21777807358 1.49076114607 1.82345236247 1.71866079947 1.52412057883 1.45747807469 1.30958392327 0.800454228973 0.646878812011 0.1348710693 0.246875383203 0.153263451683 0.674271834451 0.983461479527 0.671129281226 0.395031725168 0.450311493872 0.794645547605 0.656306048871 0.577153204344 0.382494853857 0.303575849405
-9999 -9999 -9999 -9999 -9999 -9999 -9999 -9999 -9999 -9999 -9999 -9999 -9999 -9999 -9999 -9999 -9999 -9999 -9999 9.96697693908 9.53256277899 9.01287588882 6.34901394731 4.76798470965 4.34677047935 4.25611903096 2.34305482652 2.37491686381 2.06447768486 2.63791341442 0.881746664543 0.858827729074 1.71856606554 1.69326464049 0.702627349516 0.52893452113 0.778580613326 0.648505214691 0.540932534016 0.541263821589 0.592466481206 0.912572824493 0.401897815216 0.169923596345 0.163148927279 0.898052764049 0.998558766882 0.688893490955 0.797781737295 0.552871546581 0.195311435086 0.0872164729424 0.0974446243206 0.175286318271 0.273323026001 0.183546950845
-9999 -9999 -9999 -9999 -9999 -9999 -9999 -9999 -9999 -9999 -9999 -9999 -9999 -9999 -9999 -9999 -9999 -9999 -9999 -9999 7.83692625205 8.65964265256 6.4444426516 5.56285636975 3.3950566033 4.03370608122 2.43268223037 2.52339258271 2.45775642004 2.03214055017 1.37521325402 1.26131062775 1.15669232596 0.621040059106 0.328348074073 0.530089023289 1.30255440634 1.54139825691 1.4599839085 1.32009785929 0.888523759816 1.30741287482 1.2985344351 1.08908215536 1.4893961128 1.23902823578 0.946177432823 1.11712148341 0.899706818832 0.913211713997 0.706112940065 0.469109132559 0.263852449485 0.163706140371 0.130620068977 0.357047149005
-9999 -9999 -9999 -9999 -9999 -9999 -9999 -9999 -9999 -9999 -9999 -9999 -9999 -9999 -9999 -9999 -9999 -9999 -9999 -9999 -9999 7.91596650777 6.80129448797 6.77483225429 3.05915131116 2.6805994858 2.24830330951 2.70011116114 1.78493103521 1.58583105957 1.47371853035 1.79000231947 1.63680923524 0.33949854398 1.5292911712 2.2905311672 1.77668249774 1.32991953817 1.10658942781 1.15374252701 1.64094771053 1.76462184449 1.92268367345 1.20665993414 0.904882363034 0.592709428779 0.812848862091 0.937209312628 0.902620353668 1.20811015594 2.28931800088 0.378528455668 0.523803782933 0.457411119279 0.132138309469 0.207810403675
-9999 -9999 -9999 -9999 -9999 -9999 -9999 -9999 -9999 -9999 -9999 -9999 -9999 -9999 -9999 -9999 -9999 -9999 -9999 -9999 -9999 6.59279459618 5.90895859281 5.92956182361 4.42540593143 4.59101340496 3.1855772929 3.36115932954 2.42444276133 1.82406605289 0.54366285399 1.32172626009 2.09388641473 2.05417291349 1.20822773188 1.52510318788 1.29157589476 1.51486415367 1.33429749369 1.64390653332 1.668163236 1.5709405676 1.06967779282 1.03205756824 1.35107762438 1.25710873245 1.10180678236 1.06093273696 0.63599336257 0.665025448555 0.328095883772 0.137706228045 0.137610731374 0.243632664187 0.304062492637 0.155652071152
-9999 -9999 -9999 -9999 -9999 -9999 -9999 -9999 -9999 -9999 -9999 -9999 -9999 -9999 -9999 -9999 -9999 -9999 -9999 -9999 -9999 -9999 6.01249264117 7.05090022937 4.87542717104 4.08097909453 2.84524827735 3.61942300207 2.8361739821 2.69386403385 2.26135317973 2.46775938748 2.10536892197 2.30545572497 2.58576889283 1.8958184778 2.01266933261 1.85819249043 1.83428063855 1.70256871643 1.70491009607 0.968236230782 1.07750873064 1.53634459515 0.711023589945 0.604933101514 0.477919972995 0.720201275061 1.03365672622 0.280546715203 0.0964511417172 0.0900398932208 0.50512403168 0.481098857159 0.162314057767 0.124170638737
-9999 -9999 -9999 -9999 -9999 -9999 -9999 -9999 -9999 -9999 -9999 -9999 -9999 -9999 -9999 -9999 -9999 -9999 -9999 -9999 -9999 -9999 6.28829780278 6.07075174451 4.57637321825 4.80008679023 3.46125714465 3.62339506636 3.13191579179 3.22616976157 2.68468728593 2.7912741637 2.68510561146 2.59883300148 1.94763222553 2.73173858491 1.83288640622 1.75049184741 2.14561885779 2.02023177372 1.16718313025 1.75229586102 1.10772083239 0.787713436312 0.658808936049 0.907538807079 1.26424106567 1.24115630073 0.561849798192 0.429843196195 0.201524139167 0.229024365554 0.376550207212 0.726015494366 0.442309469038 0.395809673819
-9999 -9999 -9999 -9999 -9999 -9999 -9999 -9999 -9999 -9999 -9999 -9999 -9999 -9999 -9999 -9999 -9999 -9999 -9999 -9999 -9999 -9999 5.98736924419 6.63291657923 5.75933043795 4.74956208231 3.71514546462 4.67947010131 3.42814453245 3.88871456839 3.00550528788 2.54279819148 2.20065224029 2.57175774949 2.82983035892 1.82804590752 1.76715488802 2.5137635885 2.10267088281 1.85891321412 1.85902574995 1.36484600265 0.835016406035 1.16632288291 1.51816897004 1.36964039344 1.28466157438 1.05432740028 0.727410263902 0.729248674291 1.00653973791 0.768045133891 0.606208800561 0.658868269398 0.698207424198 0.7461948455
-9999 -9999 -9999 -9999 -9999 -9999 -9999 -9999 -9999 -9999 -9999 -9999 -9999 -9999 -9999 -9999 -9999 -9999 -9999 -9999 -9999 -9999 -9999 7.11239486711 6.30609305988 4.96505631506 3.40750478557 4.67726053533 3.40460540004 3.64007763287 3.04614502818 3.40022329749 2.95067069729 3.45917520279 2.41070582922 2.73744525339 2.78511799818 2.34752117989 1.35569855734 1.27431132776 0.819525830981 1.25275660926 1.71999482164 1.75422767345 1.39111599166 1.17816565706 0.515010484305 0.44069432427 0.41287939888 0.4722616783 0.319163011714 0.472151166664 0.545523909615 0.91331962637 0.499206776974 0.276218001832
