data/recharge/transience/oldversion/mHM_recahrge_492.ASC
ncols   80
nrows    72
xllcorner    4374000.0
yllcorner    5656000.0
cellsize      500
NODATA_value  -9999
[rows 0 to 24 of 72, columns 0 to 56 of 80]
-9999 -9999 -9999 -9999 -9999 -9999 -9999 -9999 -9999 -9999 -9999 -9999 6.23035716149 6.41911032605 -9999 -9999 -9999 -9999 -9999 -9999 -9999 -9999 -9999 -9999 -9999 -9999 -9999 -9999 -9999 -9999 -9999 -9999 -9999 -9999 -9999 -9999 -9999 -9999 -9999 -9999 -9999 -9999 -9999 -9999 -9999 -9999 -9999 -9999 -9999 -9999 -9999 -9999 -9999 -9999 -9999 -9999 -9999
-9999 -9999 -9999 -9999 -9999 -9999 -9999 -9999 -9999 -9999 -9999 -9999 4.8449062113 4.62310090987 4.47415509594 -9999 4.10344052443 -9999 -9999 -9999 -9999 -9999 -9999 -9999 -9999 -9999 -9999 -9999 -9999 -9999 -9999 -9999 -9999 -9999 -9999 -9999 -9999 -9999 -9999 -9999 -9999 -9999 -9999 -9999 -9999 -9999 -9999 -9999 -9999 -9999 -9999 -9999 -9999 -9999 -9999 -9999 -9999
-9999 -9999 -9999 -9999 -9999 -9999 -9999 -9999 -9999 -9999 4.99131354851 4.4600499196 4.71332187292 4.67263253792 4.01193594013 3.81400607745 3.3138756807 3.35582354354 -9999 -9999 -9999 -9999 -9999 -9999 -9999 -9999 -9999 -9999 -9999 -9999 -9999 -9999 -9999 -9999 -9999 -9999 -9999 -9999 -9999 -9999 -9999 -9999 -9999 -9999 -9999 -9999 -9999 -9999 -9999 -9999 -9999 -9999 -9999 -9999 -9999 -9999 -9999
-9999 -9999 -9999 -9999 -9999 -9999 -9999 -9999 -9999 4.50864215289 4.57310067748 4.92063133384 4.45449896887 4.52144888226 4.6246560668 4.10163181594 3.61753340821 3.96666601096 -9999 4.86016868589 -9999 -9999 -9999 -9999 3.86266373711 4.13081710658 -9999 -9999 -9999 -9999 -9999 -9999 -9999 -9999 -9999 -9999 -9999 -9999 -9999 -9999 -9999 -9999 -9999 -9999 -9999 -9999 -9999 -9999 -9999 -9999 -9999 -9999 -9999 -9999 -9999 -9999 -9999
-9999 -9999 -9999 -9999 -9999 -9999 -9999 -9999 4.91163741492 4.7152758672 4.38873990353 4.45769699928 4.62560931174 4.4834687385 4.26894468327 4.18473919356 3.42447264408 3.27429943851 3.43357591328 4.25674812475 4.14978867911 4.26601999606 -9999 3.57748811202 4.27702426171 4.33504336372 -9999 -9999 -9999 -9999 -9999 -9999 -9999 -9999 -9999 -9999 -9999 -9999 -9999 -9999 -9999 -9999 -9999 -9999 -9999 -9999 -9999 -9999 -9999 -9999 -9999 -9999 -9999 -9999 -9999 -9999 -9999
-9999 -9999 -9999 -9999 -9999 -9999 5.2334258695 4.62448989449 4.50994401693 4.57376511749 4.58852472994 4.7037878275 4.79488498087 4.71555561747 4.24176623059 4.38875666415 3.65742435027 3.48250991497 4.57979980811 4.23467121657 4.08960232683 4.19911339967 4.09398197736 3.67787704795 4.1402732759 4.06992963673 4.39289339625 -9999 -9999 -9999 -9999 -9999 -9999 -9999 -9999 -9999 -9999 -9999 -9999 -9999 -9999 -9999 -9999 -9999 -9999 -9999 -9999 -9999 -9999 -9999 -9999 -9999 -9999 -9999 -9999 -9999 -9999
-9999 -9999 -9999 -9999 -9999 -9999 5.317548471 4.85956563899 4.39149454716 4.32456654367 4.17387932649 4.73171435986 4.37699154081 3.79647819282 3.52234520148 3.75866776714 3.55123745012 3.66721544858 4.65060329675 3.58456917028 3.7453209174 4.01025261311 4.10676524657 3.77861513432 3.7311658928 3.54317701083 4.39335708071 4.63519329798 5.28569569594 5.21807361877 5.4416878888 5.46215405806 -9999 -9999 -9999 -9999 -9999 -9999 -9999 -9999 -9999 -9999 -9999 -9999 -9999 -9999 -9999 -9999 -9999 -9999 -9999 -9999 -9999 -9999 -9999 -9999 -9999
-9999 -9999 -9999 -9999 -9999 5.55081007499 5.36261663844 5.33897555272 4.7805461238 4.77009880886 4.63130548496 4.50243900607 3.95396312192 4.22274486968 3.737229246 4.1128631676 3.5772798965 2.05598078821 3.75250808722 3.69911604094 3.75809471604 3.69574123191 4.00148906701 4.0594804707 3.90184508492 3.97693805865 4.34674370225 4.31363912484 5.19271476196 5.17211862372 5.14560833964 5.24479229518 5.11754009125 5.06482322962 -9999 -9999 -9999 -9999 -9999 -9999 -9999 -9999 -9999 -9999 -9999 -9999 -9999 -9999 -9999 -9999 -9999 -9999 -9999 -9999 -9999 -9999 -9999
-9999 -9999 -9999 -9999 -9999 5.65448830534 5.45432584176 5.47735895072 5.2483321457 5.17317461145 5.04516558977 5.10900519147 3.69502317615 3.16724285692 4.72720068441 4.42651468293 3.39752193626 1.70409825774 3.16601042314 3.7933107659 3.46366369721 3.59905188864 4.09368468643 4.02387507323 4.09748118231 3.52681234137 3.70579515896 3.50854487795 4.43826817634 4.55575029688 4.86978076761 5.00214885439 4.93038275711 4.85903347329 4.4830194245 4.89920507329 -9999 -9999 -9999 -9999 4.87050394585 4.77120280383 -9999 -9999 -9999 -9999 -9999 -9999 -9999 -9999 -9999 -9999 -9999 -9999 -9999 -9999 -9999
-9999 -9999 -9999 -9999 -9999 5.58845172414 5.46258219103 5.03944528878 5.2759735747 5.3615221316 5.21261455063 5.16378544447 4.79870850048 4.86331405054 4.86845664797 4.14480517356 3.57598048198 4.5225473987 4.75046974052 4.17848004183 3.69899175436 3.58475219602 3.76408842662 3.69473454348 4.05956713617 3.6107171491 3.67116716797 3.39863717059 4.17001687386 4.59791215445 3.37307898284 4.04001524841 4.89676880069 4.25946033279 4.05165976166 4.95570542057 4.90472400361 -9999 -9999 5.02391643962 4.98156828659 4.92436306451 4.56983236076 -9999 -9999 -9999 -9999 -9999 -9999 -9999 -9999 -9999 -9999 -9999 -9999 -9999 -9999
-9999 -9999 -9999 -9999 -9999 -9999 5.78511562248 5.32459335882 5.57197121583 5.58110185005 5.29863502591 5.36100043485 5.39945679125 5.584349525 4.34917775741 4.11737220856 3.91078088851 3.85379112748 3.55188884295 3.89619221199 3.82925680691 3.89221733071 3.83260327405 3.98274824809 3.94015450713 3.76681365455 3.06434203856 3.09394532759 3.40907014393 3.95158667917 3.82280985869 4.09877736449 3.6296193661 3.68603115568 3.86382411022 4.48773614158 4.17337151085 3.73455684316 4.80839750752 4.74554154013 4.62710194787 4.95177130706 3.86798164151 3.42511778034 -9999 -9999 -9999 -9999 3.87702008844 3.64671807979 1.3293898457 -9999 -9999 -9999 -9999 -9999 -9999
-9999 -9999 -9999 -9999 -9999 -9999 -9999 5.34768446276 5.52134287134 5.58536480304 5.46647093578 5.42563005134 5.06773112978 4.74491939455 4.07758350531 4.43734481933 4.27856760865 4.65905097079 4.41577411013 4.10645800486 3.71725734592 3.71863691259 3.74208963842 3.77799203633 3.80907992715 3.63386840394 3.19495464566 3.33415671254 3.9630425297 3.74943546646 3.55327232021 3.52503823209 3.70582614827 3.85181768807 4.56413434814 4.55742712364 4.24192374093 4.11457449914 4.77484441734 4.76230324772 3.94238422132 3.75322228596 2.95193113723 2.72067636822 2.43446003998 2.63259229937 2.75702206373 2.4780162754 2.35299310295 2.8177983362 2.96811965052 2.53169847016 -9999 -9999 -9999 -9999 -9999
-9999 -9999 -9999 -9999 -9999 -9999 -9999 -9999 5.6896956259 5.5152808309 5.51414990581 5.57228402459 4.95905962264 5.07511493224 5.24923023709 5.1804254661 4.56628755244 4.58642200661 4.06802270059 4.23945535387 4.68327164969 4.60732740603 3.74840115185 4.17251912438 4.26674234064 3.99089499971 3.11463000879 3.48114976262 3.0513416576 2.68230513973 3.0931371628 2.93796029199 3.12987829811 3.04332369574 3.40591742351 3.99789407105 4.15601107831 4.25367616621 4.23086753737 4.21448505239 3.52550188038 2.88539389332 2.34120311236 2.20626343449 2.09873670259 1.97431255589 2.12802942425 1.96664163526 1.80997043059 2.20356217956 2.40627861509 2.50943253506 2.17453412393 -9999 -9999 -9999 -9999
-9999 -9999 -9999 -9999 -9999 -9999 -9999 -9999 5.71251394205 5.62907027936 5.43892948615 5.46073233437 5.26568108411 5.26362401549 4.97382056612 4.92550355297 4.10995663232 4.24425490346 4.24443768319 4.37471928782 4.223246925 4.56578901901 4.37101298118 5.22537839923 4.55017788687 4.05181052303 4.24589063038 3.45580504174 2.98808104092 2.63096229327 2.66339962101 2.87702839838 2.79256219448 2.96672589715 3.83089544836 2.31214798429 4.39428215561 4.18982226056 4.21892341471 4.18815565555 4.08071111989 2.91566260131 2.24059596337 2.22746962256 1.98332434126 1.96732134228 2.11013610613 1.99923155235 1.90046944402 2.64562350523 2.45329017458 2.46161705349 2.36586327861 2.98336288335 2.53963514944 2.62463725553 -9999
-9999 -9999 -9999 -9999 -9999 -9999 -9999 -9999 -9999 5.67645079262 5.53940611628 5.42417398245 5.32884812322 4.92868269272 4.65758522252 4.66559431275 4.72381209848 4.75667065921 4.78634298834 4.81026647388 4.76280829166 4.4790216147 4.25838285091 6.69597724462 5.51423956366 5.12903529661 4.05180151598 3.65413248629 2.06935349485 3.17718003067 2.92949415687 2.803461699 2.77534840905 2.44795237155 2.88546138534 3.24063630183 3.80661413456 3.71414367391 3.67281437763 3.68573960155 3.60559705257 3.18063437969 1.87916439134 2.22044558954 1.83400878153 1.66567321683 1.48328077 1.48886490093 1.87596653438 2.00071903438 1.9297245543 1.88608783352 1.97639701294 2.53468655375 2.48416449452 1.59968992781 1.26078366266
-9999 -9999 -9999 -9999 -9999 -9999 -9999 -9999 -9999 -9999 5.05629171934 5.10246608111 5.29298042727 4.9342059494 4.54653757708 4.41424813113 4.33229434711 4.67564150427 4.49629162538 4.12970280163 3.97359797804 3.86739593756 3.38747396907 3.66559086332 4.44513869046 5.27396431017 4.68901002166 3.99535934557 3.41967277977 2.39680424392 3.14812961248 3.15097324873 3.31838718544 2.7165104735 3.51671931149 3.48462826376 3.76029496482 3.71354974971 3.68729047769 3.6974727074 3.68118333509 3.2527706502 2.53750696354 2.03940230165 2.37382797761 2.33864935066 1.93008618075 1.62377199034 2.11334012302 2.17415689631 2.11314327613 2.05313034594 1.78227049863 2.15738580886 2.29831214163 1.54226657651 1.24881131742
-9999 -9999 -9999 -9999 -9999 -9999 -9999 -9999 -9999 -9999 -9999 2.92192263804 3.71399010823 5.06204479576 4.49389095827 4.34536356238 4.31435596894 4.291243014 3.91808611231 4.39928938247 4.65141510271 4.44195995865 3.49521213978 3.04461803276 2.66674163102 2.67996489464 3.84336561366 4.81335086042 4.57622514987 5.16162270562 4.46010461869 2.40295948288 2.38081355979 2.47393641893 2.74317517757 2.50585065541 3.28820727299 3.27586351041 3.40642571869 3.41017995433 3.00362056414 2.81047319398 2.85157548586 2.18785584719 1.939885489 1.64380604932 1.6967561412 1.91490325653 1.7261188587 2.09049462237 1.7568515889 2.1479073847 2.24163083121 2.17131947317 1.89242774034 1.85813915626 1.20538614049
-9999 -9999 -9999 -9999 -9999 -9999 -9999 -9999 -9999 -9999 -9999 2.71120075405 3.83182086868 4.63180084058 4.5512862711 4.47600898043 3.98890763763 3.88032933751 4.5961102064 4.63050892289 4.49674402747 4.71181869471 3.54618545117 3.22817793565 3.11883029627 3.57674272178 2.78178948328 3.17234494391 3.29180239502 3.52130227571 3.95616742365 3.76293118371 2.23262796971 2.33138752275 2.02471335112 2.83567242419 3.27584177521 3.31071872545 3.35848942382 3.36071442273 3.87970407504 3.01406265585 2.71194719224 2.76462057901 2.32257337072 2.16624802992 2.44180069516 2.70105595858 2.42299072882 1.86039590164 1.86119580675 1.80033718247 1.34914597686 2.15804508752 2.12745596921 1.99117333191 1.83049609754
-9999 -9999 -9999 -9999 -9999 -9999 -9999 -9999 -9999 -9999 -9999 5.55339741871 4.88022342841 4.82017467019 4.61982159846 4.29881984529 3.68473469559 3.32824971401 3.54688846136 3.84029818357 4.13416214544 4.17248082262 3.32009296694 2.87225393336 2.88644516276 3.27167928334 3.14331886493 3.11042653717 2.74625611142 2.35648430524 2.1037772137 3.42966039212 4.44294794952 4.72525109612 3.13896301221 3.87342915093 3.1155682097 2.15855135749 2.77243918282 2.28905591835 2.59677889482 2.7915813788 2.87405458559 3.05802166282 3.25997541266 3.53724131087 2.33993797286 2.18078258811 2.04844967657 1.91958186665 1.62476202133 1.7776300515 1.80198836226 1.96317364237 2.07778500739 1.87528278436 2.33754893442
-9999 -9999 -9999 -9999 -9999 -9999 -9999 -9999 -9999 -9999 -9999 -9999 5.06353541018 5.11949538168 4.87528384552 4.55930813282 4.00923856125 3.64916667634 3.29866723162 4.1551916449 4.19589322881 4.09119235685 3.82039897761 3.65249530165 3.34686252674 3.38470597133 3.17331047177 3.22102583646 3.0917787916 3.02626030385 3.02463027399 3.08560927791 2.69117834651 2.18321832509 3.1413226122 3.52615321521 4.92653116073 2.84418238097 2.02093622182 3.04424112042 3.25939559262 2.69818849142 3.18140570835 3.40618135751 3.52279132408 3.49642575566 2.37363361858 2.19963057549 1.75690122266 1.89388239137 1.54113381855 1.34860005902 1.15481613816 1.17045214451 1.03542964584 1.2180011863 1.08046193155
-9999 -9999 -9999 -9999 -9999 -9999 -9999 -9999 -9999 -9999 -9999 5.36014849984 5.33072066685 4.94193457481 4.73098648997 3.04600250546 4.35865348017 3.96173230751 3.36691812573 3.94452801725 3.64158420023 3.61409020741 3.31541984485 3.3571664835 3.18606692671 3.16382594202 2.91607869498 2.86066138144 2.8169760603 2.76811050645 2.6545088206 2.701281305 2.62330017306 2.60634320495 2.71022651451 2.68365628112 2.93276115306 2.22136782431 2.07990528768 2.0724819888 2.56732153937 2.26378690364 3.82738859066 3.66490966264 4.03918378567 4.02323867921 3.42186387577 2.53405892362 1.86917365011 1.88194562382 1.43545009 1.03084036368 0.885244828601 0.891641588917 0.794811881596 0.874919025548 1.14832481906
-9999 -9999 -9999 -9999 -9999 -9999 -9999 -9999 -9999 -9999 -9999 5.43862799479 5.537877771 5.07275283206 4.66294928692 3.57017044154 4.06174043504 4.0204495154 3.98704594528 4.03495922801 3.95888772113 4.14897971799 3.75491885873 3.44976592689 3.25477860429 3.19285236026 2.26182100889 3.08158119801 3.05038712844 3.22958962972 3.04566858593 2.72770832889 2.59811004572 2.60712236502 2.67516526195 1.59530206094 2.41828257265 2.89884048828 2.34702661755 1.65020123849 2.33093690116 2.27064812477 2.87672416367 3.16587989576 3.27339618772 3.14017207178 3.09086043364 3.07911618868 2.32763607827 2.14420296177 1.37562396287 1.43702535126 1.22196887237 1.16372320858 1.05115281469 0.975464021688 0.729210302788
-9999 -9999 -9999 -9999 -9999 -9999 -9999 -9999 -9999 -9999 -9999 5.57704178461 5.64621962367 5.06686598163 4.92722746912 4.88504794906 4.21974917469 4.18223046493 3.92473550598 4.45489442839 3.24260609569 1.85995643409 3.60531554278 3.00472905691 2.32846353784 2.33032977903 2.45736173102 2.6986397104 2.32902772177 2.40616066253 2.40469481001 3.03826960919 2.96629334102 2.8734207455 2.5137676555 1.31477129141 1.92512722942 1.5227977692 2.10605287816 1.16744744358 2.39658870631 2.84539589238 2.38867202269 2.09469426466 2.16472483438 2.17009423783 2.45565203219 2.5517353043 2.27576625029 2.2735833911 1.34166559532 1.14805070166 0.985133866057 0.818654235685 0.795996104196 0.799416546652 0.906655496645
-9999 -9999 -9999 -9999 -9999 -9999 -9999 -9999 -9999 -9999 -9999 -9999 5.73243938956 5.58300287629 5.32860156719 4.81398126854 4.28946151034 4.34053426881 3.88984358998 4.06010021817 3.70505253846 4.24693021531 2.70189367976 2.32316804481 2.22037885622 2.19512507258 1.90737220004 1.97924638552 1.83241141951 1.68621902445 1.5035536236 1.9694383688 2.43419857672 2.52153896741 2.41253061397 2.16585530516 2.1416126398 1.68798294484 2.35953220268 1.65356562938 2.45402575848 2.66133725521 2.5828575816 2.1325012517 2.17074102176 2.18619454323 2.21805249808 2.44846704255 2.12122976563 2.53407853883 2.13141454815 1.43006857684 1.69537308434 1.28208612053 0.945469844873 0.96396823864 0.876658597544
-9999 -9999 -9999 -9999 -9999 -9999 -9999 -9999 -9999 -9999 -9999 -9999 5.98555670218 5.73210754423 5.09705905942 4.94568279867 4.40557841432 4.53963900444 4.17275751864 4.16625345983 4.15720977579 4.23125228936 3.18328227787 2.97948266292 2.58321978016 3.26304559462 2.92034116647 2.4997102982 2.12899331939 2.46255956701 2.07078274728 2.16213395274 2.8506775073 3.06085744405 1.87746983482 2.39810271627 3.13464706673 2.54697168118 2.9075936179 2.12061694001 2.31850311348 2.43041512704 2.29408312394 2.27959149559 2.26865079024 1.98796213392 1.78305945073 1.79189393526 1.60731767755 2.03144502359 1.81538192581 1.65665189157 1.29068199238 0.728347000532 0.639203846956 0.784923461579 0.530824619475
