data/recharge/transience/oldversion/mHM_recahrge_371.ASC
ncols   80
nrows    72
xllcorner    4374000.0
yllcorner    5656000.0
cellsize      500
NODATA_value  -9999
[rows 0 to 24 of 72, columns 0 to 56 of 80]
-9999 -9999 -9999 -9999 -9999 -9999 -9999 -9999 -9999 -9999 -9999 -9999 38.17261078 39.758405675 -9999 -9999 -9999 -9999 -9999 -9999 -9999 -9999 -9999 -9999 -9999 -9999 -9999 -9999 -9999 -9999 -9999 -9999 -9999 -9999 -9999 -9999 -9999 -9999 -9999 -9999 -9999 -9999 -9999 -9999 -9999 -9999 -9999 -9999 -9999 -9999 -9999 -9999 -9999 -9999 -9999 -9999 -9999
-9999 -9999 -9999 -9999 -9999 -9999 -9999 -9999 -9999 -9999 -9999 -9999 33.8482893041 31.7233510209 29.8865683548 -9999 30.4394672351 -9999 -9999 -9999 -9999 -9999 -9999 -9999 -9999 -9999 -9999 -9999 -9999 -9999 -9999 -9999 -9999 -9999 -9999 -9999 -9999 -9999 -9999 -9999 -9999 -9999 -9999 -9999 -9999 -9999 -9999 -9999 -9999 -9999 -9999 -9999 -9999 -9999 -9999 -9999 -9999
-9999 -9999 -9999 -9999 -9999 -9999 -9999 -9999 -9999 -9999 32.1288272634 30.4855438266 31.7654537811 31.5928946596 26.7150372025 25.5185262236 23.1411394021 23.3163318841 -9999 -9999 -9999 -9999 -9999 -9999 -9999 -9999 -9999 -9999 -9999 -9999 -9999 -9999 -9999 -9999 -9999 -9999 -9999 -9999 -9999 -9999 -9999 -9999 -9999 -9999 -9999 -9999 -9999 -9999 -9999 -9999 -9999 -9999 -9999 -9999 -9999 -9999 -9999
-9999 -9999 -9999 -9999 -9999 -9999 -9999 -9999 -9999 31.3535162797 30.7553018905 31.4367525415 29.1592804891 29.9083463946 28.589811554 26.8386738814 24.4924049738 28.7755962563 -9999 29.5378945555 -9999 -9999 -9999 -9999 24.8953529857 26.8747647927 -9999 -9999 -9999 -9999 -9999 -9999 -9999 -9999 -9999 -9999 -9999 -9999 -9999 -9999 -9999 -9999 -9999 -9999 -9999 -9999 -9999 -9999 -9999 -9999 -9999 -9999 -9999 -9999 -9999 -9999 -9999
-9999 -9999 -9999 -9999 -9999 -9999 -9999 -9999 35.9265984587 33.5593571946 29.565242235 29.3788511528 28.5485290015 27.6328434046 26.5968579174 26.1364125344 22.4673568755 22.5685806374 21.8236516576 25.3760300034 24.8386957867 25.6196065379 -9999 23.3561973201 27.0492404792 27.5879502166 -9999 -9999 -9999 -9999 -9999 -9999 -9999 -9999 -9999 -9999 -9999 -9999 -9999 -9999 -9999 -9999 -9999 -9999 -9999 -9999 -9999 -9999 -9999 -9999 -9999 -9999 -9999 -9999 -9999 -9999 -9999
-9999 -9999 -9999 -9999 -9999 -9999 35.8147247655 32.4088082322 31.2268791615 31.8939406734 31.577087127 31.84846912 29.9483235639 29.284210544 26.4709633051 27.41367041 23.2652088947 22.3039990553 24.6297438904 25.0828766166 24.4113036904 25.1273868514 23.701638282 23.4979562483 25.8140193237 25.3505238481 26.7771523546 -9999 -9999 -9999 -9999 -9999 -9999 -9999 -9999 -9999 -9999 -9999 -9999 -9999 -9999 -9999 -9999 -9999 -9999 -9999 -9999 -9999 -9999 -9999 -9999 -9999 -9999 -9999 -9999 -9999 -9999
-9999 -9999 -9999 -9999 -9999 -9999 35.6718025463 33.328706111 29.3505849744 28.7820950989 27.1739557318 28.9745408672 27.1523467056 25.1251206945 22.9784367682 23.038332738 20.9259506519 21.1652284235 21.0824411386 20.8658387632 22.0212474962 24.0359141656 23.9290436718 22.4715472193 22.999023791 22.0299331517 26.710332351 27.2958469382 28.6390169222 27.9556210671 30.2196791062 30.229921584 -9999 -9999 -9999 -9999 -9999 -9999 -9999 -9999 -9999 -9999 -9999 -9999 -9999 -9999 -9999 -9999 -9999 -9999 -9999 -9999 -9999 -9999 -9999 -9999 -9999
-9999 -9999 -9999 -9999 -9999 38.7165362306 36.1877953169 35.9383793988 32.6152709626 33.3891032981 31.3652188526 29.6647902218 25.2320160758 26.0398396404 24.5177448542 25.7063568068 22.0978363843 13.2671097258 20.221301632 20.8827019584 22.1064988579 21.5835276857 23.1466151466 23.5840467851 23.3185422408 23.8605671388 26.0367520496 25.9016491324 27.9095090499 27.6666111521 27.2682667182 28.072338904 26.7314673447 26.2998603509 -9999 -9999 -9999 -9999 -9999 -9999 -9999 -9999 -9999 -9999 -9999 -9999 -9999 -9999 -9999 -9999 -9999 -9999 -9999 -9999 -9999 -9999 -9999
-9999 -9999 -9999 -9999 -9999 38.6201445313 36.4320882293 36.6136298181 33.5867302811 32.470933219 30.9735894704 31.813213306 25.6410399555 22.0267821065 28.317519545 28.2295323791 23.0483930095 11.9442865147 19.4030831298 21.6788941511 19.882662189 21.0987354813 24.0991874348 23.5836557383 23.4805576153 20.9741086405 22.871300526 21.5872479997 24.3510201647 24.4178575896 23.9961127474 24.524602699 25.8733924662 25.388883298 24.7322376448 25.4071444451 -9999 -9999 -9999 -9999 25.3053779401 25.0946574928 -9999 -9999 -9999 -9999 -9999 -9999 -9999 -9999 -9999 -9999 -9999 -9999 -9999 -9999 -9999
-9999 -9999 -9999 -9999 -9999 37.807913993 35.85078326 34.9261679165 34.1906777194 35.2116326986 33.0222081751 32.3432969046 29.1827228627 31.2886966087 29.576215478 26.3043673554 22.711513853 25.2142108889 23.4701367898 25.127599722 22.0081251643 20.8648582767 21.5390365743 20.9163337841 23.2494284649 21.1241845148 22.0565752125 20.4315373641 24.4700396358 24.5715300274 20.9166880858 24.6120337344 25.6241428085 24.473504346 23.9789252671 25.7909776899 25.6435077662 -9999 -9999 26.1278243045 26.4270566617 26.0615713775 26.0800803938 -9999 -9999 -9999 -9999 -9999 -9999 -9999 -9999 -9999 -9999 -9999 -9999 -9999 -9999
-9999 -9999 -9999 -9999 -9999 -9999 38.1668231413 37.8560893032 35.7516663085 35.2776377757 32.0164243252 33.1795347088 32.323328659 30.9789045337 25.7939980695 24.6958472755 23.9204411276 23.5019461205 21.0632882598 22.26217028 22.3513029472 22.9123716648 22.4086257448 23.5128702872 22.8065988491 21.2800811765 18.0034528458 18.8292635321 20.3898137407 21.9371950323 22.4703496411 23.0771294833 21.6736914005 20.9206508545 21.6330586816 24.1269909422 23.7210949295 21.5957237962 25.1171506238 24.7385667848 24.4249789042 26.3738919329 22.7016354805 20.0093009967 -9999 -9999 -9999 -9999 24.1345688467 22.4595092151 9.72051250726 -9999 -9999 -9999 -9999 -9999 -9999
-9999 -9999 -9999 -9999 -9999 -9999 -9999 37.2519479849 34.5786993111 36.1899781277 34.7227123496 33.5776905329 29.0090104587 27.2709032147 26.0806634079 28.5952578974 26.6721559419 27.2330878771 26.0660018285 23.9406286052 21.4525401949 21.5326024704 21.6652746175 21.8480878922 21.6730740172 20.1543617159 17.8460732611 19.938186316 21.9893331434 20.8744580549 21.4344054775 21.1987072975 21.8163019261 21.7693667525 24.4282743822 24.3962030106 23.0311819289 23.1348538611 24.9322786194 24.8468919422 22.6109074614 21.9321276643 18.8116082384 18.407903912 16.5369312414 18.2072466983 18.6064691119 16.655437507 15.9200040056 17.7198865536 19.0038098756 19.5803454245 -9999 -9999 -9999 -9999 -9999
-9999 -9999 -9999 -9999 -9999 -9999 -9999 -9999 32.9433183134 32.5836580063 33.2435068911 34.576929728 31.0258972637 32.3921571485 30.9717638949 30.0385495148 25.8815404991 26.040100896 23.0232620045 24.3647537078 27.1068756229 26.6024189386 23.9896629201 22.9924333364 22.6440045135 22.8249593145 17.9866268698 19.5906509566 17.324578006 15.8268835697 16.7139989256 17.3076596209 18.1385707724 17.4359912784 19.9050624755 21.0120470147 22.5741199974 23.2219182458 22.5726071769 22.1643654122 19.7542617359 17.8832638176 15.860270219 14.8104203715 14.1521273994 13.1202329173 14.2784419202 12.9155979438 11.7809711534 13.5893921464 13.9383541888 15.0976005909 13.0924594684 -9999 -9999 -9999 -9999
-9999 -9999 -9999 -9999 -9999 -9999 -9999 -9999 36.0930093873 34.3478766878 32.1435479338 32.3061547341 30.7100313296 30.63890696 28.025927063 27.6346835528 24.3258886324 25.2534702047 24.4011842005 25.2983078641 25.5294357053 26.3492271669 27.3955782157 27.5548399387 24.4709185864 21.5342066563 24.1699646549 20.9288506795 17.8702096086 15.0774342328 16.02866655 16.9381066714 16.9012634662 17.2662701051 21.0828236088 13.8131555313 23.699556239 22.7664037603 22.5163118713 22.2850481063 21.7875778924 17.3679639274 15.0351758433 14.9853026851 13.1672580083 13.0383487978 14.132348038 13.2028725917 12.391421558 15.3857365147 14.3797731186 14.4484011195 13.6830554714 16.1707450888 13.8116583833 14.5714528618 -9999
-9999 -9999 -9999 -9999 -9999 -9999 -9999 -9999 -9999 36.3836467246 34.0536152776 31.3776713899 30.8208678216 30.1391939736 28.1225389868 28.2979043177 29.1490225852 29.7210390138 29.8493068294 30.1052644848 28.8182970353 26.3850971209 26.9419558976 34.9098187871 29.2648275181 27.5935160878 22.5554460209 20.8861148225 14.9133278488 19.1335728801 17.6220193698 17.6499283423 15.2783918243 13.9087028063 17.1738312984 20.7765515754 20.96348618 20.1390211735 19.4366259418 19.5870202772 18.934927574 17.2137213158 11.6618348762 14.8064317458 11.5375673043 10.3532600029 8.95919197455 9.01374127565 10.6851967775 11.0067187529 10.8390977291 10.4671395642 11.1106287124 13.4531970802 13.5589002718 9.11823789759 6.8163531404
-9999 -9999 -9999 -9999 -9999 -9999 -9999 -9999 -9999 -9999 31.3622647358 31.4067706571 30.3864290786 29.6455753841 27.0556577488 25.9705566136 27.4158329228 30.6955069708 28.6085301814 25.903443872 24.6187642164 23.9271744307 21.8170405778 25.8737016838 24.9487002345 28.1133195427 25.2557495788 22.3651703484 20.4354988191 18.4218518669 19.3189472692 19.3880427487 18.6606843983 15.0687437537 19.6997982259 19.2483107824 20.5904654156 20.1487149552 19.554416382 19.6415953797 19.6251885679 17.9395559421 14.5372941777 13.2589603969 15.4323349159 15.8931892378 12.3705607042 9.69760516269 11.9250873859 11.912066758 12.336357167 11.8769940697 10.4017181838 12.1186142021 12.0137380777 8.78486145892 6.72258642548
-9999 -9999 -9999 -9999 -9999 -9999 -9999 -9999 -9999 -9999 -9999 20.6476800098 23.9385859108 28.0371652403 26.4880716735 25.8330041872 26.7467452416 26.5421958965 22.4269201847 24.2402296021 25.7533410743 24.7653349515 20.3928025054 18.2741091462 17.3277170945 17.9170562817 21.2741596973 25.8249135367 28.580618136 21.6377396351 19.5535649552 16.1596784706 16.7894515874 16.9213454906 18.2965926058 16.4221637274 17.5789258099 17.4777991049 18.0132267542 18.010928709 16.7300065902 15.3645472865 15.4692391328 12.3539092496 10.8965958132 9.49074344335 10.8349516754 11.8389770064 10.1370003562 10.9416066222 9.51144658908 10.7985156663 12.7067713205 12.3667813067 10.6858909169 10.6000040457 6.97278713615
-9999 -9999 -9999 -9999 -9999 -9999 -9999 -9999 -9999 -9999 -9999 19.256213229 25.9408608243 26.6458082544 26.6881591062 26.0596569715 24.0698131098 22.9740281026 25.1431500117 25.2798570926 24.9134715364 26.4668095527 21.2857551757 19.9434795758 19.5282019862 20.6206787329 19.0395495529 22.3261591307 21.9413053317 26.0688285403 25.4490792229 23.0147619204 16.1854681598 17.7239034509 15.2775438115 16.7562711999 17.5137815025 17.763160133 17.6339741251 17.5976713986 18.0695355067 17.3638109376 14.4863172907 14.7937510454 12.9406311855 12.432220296 15.1010347289 17.2289914186 15.5009539896 11.0783506246 12.2877753608 12.1060942999 9.19573579361 13.1976515276 12.7520202573 11.5775157496 10.4841963614
-9999 -9999 -9999 -9999 -9999 -9999 -9999 -9999 -9999 -9999 -9999 33.3964366724 29.7587748699 28.9051676735 25.2713446839 24.3965654503 22.2672835998 19.9614218925 20.6544420245 21.5266032958 22.6768672443 22.9898359329 18.2920858852 16.9550098304 18.2545916869 19.6654359626 19.1403565934 18.8276501861 17.8320960515 16.8762402 18.8131002073 24.0448801094 25.5539443737 27.1532494358 20.8343219645 13.4452449571 16.7063420827 13.8303156347 15.801265935 17.5695233397 16.6115013664 16.8032751728 16.1529740072 17.6996657504 18.7005209166 20.4738895954 14.1653634034 12.8401056064 12.1062310138 11.6008201853 9.99453895003 11.3498406061 11.7798849352 13.6042220681 13.3203129478 13.3485643743 9.39329985591
-9999 -9999 -9999 -9999 -9999 -9999 -9999 -9999 -9999 -9999 -9999 -9999 28.0049910069 29.2077153197 27.494152283 24.6062977308 22.149196438 21.1662575207 19.9467666405 22.9038026926 23.1431363244 22.3086491206 21.127136114 19.9345529474 20.4442993437 20.7760117645 19.4122652437 19.9015693244 19.1408537585 18.4599319148 18.3594488274 19.018447174 16.5562118734 17.8190295994 23.3356242157 14.6116689281 19.0313856005 14.8842478315 14.1951509751 17.8835688574 19.0567012113 16.7104863348 18.8054326616 20.6806535938 21.2636685629 20.8261242451 14.4422382263 13.0057849625 9.6505492856 10.7164767196 8.92415147675 7.66150134245 6.21254701199 6.39768855445 6.42785592451 10.9762928814 7.11745186527
-9999 -9999 -9999 -9999 -9999 -9999 -9999 -9999 -9999 -9999 -9999 30.9225905715 30.4004157442 30.1275045396 29.3121162549 20.9395295903 24.6953482056 22.5580198695 21.1946822926 24.0951823032 21.5480251929 21.2908191422 19.6883746601 20.0584816882 19.8294276687 19.6025345476 17.6096854215 17.4810079463 17.6524983004 17.1704904297 16.0215859848 16.5291754085 15.5176772858 15.3690890925 16.0230658265 17.4524390363 16.2770704564 10.971130877 10.4710951244 13.1861629117 15.3669846937 14.3859095999 20.4737390482 21.2807017102 23.8888374773 23.7997947893 19.6797956759 16.3244929311 11.428811596 11.7219328206 8.98528918461 5.69946353533 4.68937012194 4.74195045439 4.10479122914 4.72885246318 7.19579219345
-9999 -9999 -9999 -9999 -9999 -9999 -9999 -9999 -9999 -9999 -9999 31.7128555961 33.4935246575 31.7688442699 27.371543011 24.9381892723 24.8693665862 24.2434771417 24.1447199196 24.1542468489 23.3055844645 21.4476311592 20.1940303876 20.9850230019 20.5296207003 20.4741460252 18.1747478518 18.7495647905 19.6698757472 21.9729130308 20.1785736739 16.813965255 15.2850116824 15.3794878998 15.6748231544 12.4929652261 12.5440781603 15.8607465431 11.1308552732 12.8360963764 13.7482479173 14.4328038418 17.150519824 17.8289422597 18.1990452618 17.2676861866 17.3272732328 17.578643414 13.7528003853 13.0088646182 8.54230598051 9.22296537095 7.38459840662 6.94904287858 6.12877788438 5.5068159602 3.76484969125
-9999 -9999 -9999 -9999 -9999 -9999 -9999 -9999 -9999 -9999 -9999 34.3098367067 34.4119161567 31.3940321211 30.6637520096 30.288479704 25.2063761032 25.9908570986 26.1336178528 27.1318955245 22.9316614397 13.2265205298 25.6295144941 22.5262755463 18.0852187664 18.0679554804 19.3625287967 18.565774909 16.1084325363 15.3898676628 15.2416630452 19.9900469928 19.6074106919 18.6444747275 15.3249440536 9.90608599836 8.3950512257 5.79205656145 9.56800690043 7.94215530853 14.6698649041 16.3438912151 13.63703853 12.5272637431 11.5795202783 11.4932760144 12.8255740598 12.9925181265 12.6328814602 12.3707957722 7.27460484422 5.24112362432 3.96960228137 3.83874535153 3.61389355107 3.94604750888 4.7782460177
-9999 -9999 -9999 -9999 -9999 -9999 -9999 -9999 -9999 -9999 -9999 -9999 34.9854666525 33.9622923022 31.0209477902 29.9404419248 27.2627555548 26.8286178076 25.0803362438 26.3460314103 25.0929305799 27.2152112365 19.7631115393 17.323736018 17.0753873822 16.8460784074 14.6478582542 15.4142899749 14.1665834005 12.5380265564 10.481055383 12.8499051871 14.0451247209 14.9229928797 14.3008594443 12.7948600238 10.0393460597 6.82466200241 11.8394819835 12.7923356334 14.4969391041 14.8167331528 14.5394205825 11.8611160629 11.1052020154 11.3219289481 11.6093239144 12.1703740507 11.5700127247 13.3168565318 11.1574404177 9.494120098 8.47175260822 7.16888143433 4.73250964838 4.85133170303 4.2490337221
-9999 -9999 -9999 -9999 -9999 -9999 -9999 -9999 -9999 -9999 -9999 -9999 36.7892573039 34.5927666411 31.8068471532 30.9524143593 26.9888361615 28.2288607581 25.4611809857 24.8378684302 25.5922909398 25.3088782237 21.6263981893 22.1217391672 18.6953165286 20.131360032 20.3546558426 19.4436261927 16.5292486652 19.3646884251 16.094613833 16.9027933921 19.7694811385 20.2811625269 15.0065289037 12.5654015732 8.79967600531 12.9339500635 15.1790045793 13.3349711868 14.5403590333 13.335582622 12.0718142653 11.8879882223 11.2301161227 9.95667685358 9.28870055095 9.6749576346 8.48039250448 10.473584142 9.44465375358 8.66258906436 6.68904850559 3.14813881653 2.26167120292 3.19960525697 1.97610271416
