data/recharge/transience/oldversion/mHM_recahrge_304.ASC
ncols   80
nrows    72
xllcorner    4374000.0
yllcorner    5656000.0
cellsize      500
NODATA_value  -9999
[rows 25 to 49 of 72, columns 0 to 56 of 80]
-9999 -9999 -9999 -9999 -9999 -9999 -9999 -9999 -9999 -9999 -9999 -9999 10.4904400555 10.3195455741 9.89512473437 10.1207985208 9.31978074361 9.24554875914 8.85510467664 9.25010760966 8.66834553211 8.41487351655 7.72456479724 4.61823742805 5.50050006611 6.96469514214 6.89627985419 6.68245880245 5.82736630643 5.44598225866 4.87073009081 4.65708786648 4.75999323989 5.45745361504 3.83820386672 4.89479333268 5.34199195308 5.01041065418 4.00360339185 3.62341128009 3.11656757573 3.16622839278 3.88344721032 4.18814392911 4.02606611325 4.08372330783 4.02681001664 4.01442989877 3.86263715513 4.0654424853 3.87289666075 3.23465301898 1.98409098324 1.63952641875 1.60366103526 1.68820625603 1.62733728016
-9999 -9999 -9999 -9999 -9999 -9999 -9999 -9999 -9999 -9999 -9999 -9999 -9999 10.0144241307 10.0768671926 10.1072421268 9.8829932303 9.80553738052 9.22240381334 8.98130348991 8.70238002486 8.94222471129 8.55505735189 6.94795580365 8.04392658465 7.41643585692 6.61385927869 6.20433459092 5.72454139108 5.97460901799 5.23920889972 5.06690576548 5.06504746907 5.57120098032 3.62930647488 1.96491775276 4.00895416023 4.35562543673 4.27028790212 3.02167107013 2.65735738174 3.19511507935 2.24913750873 2.82993436966 2.90730163916 3.26716890514 3.35679337868 3.25179553365 2.53773939576 1.85966965331 1.55990649687 1.63916634106 1.73410595275 1.88414554246 1.27887415123 1.38478413812 1.35771905933
-9999 -9999 -9999 -9999 -9999 -9999 -9999 -9999 -9999 -9999 -9999 -9999 -9999 -9999 9.9616037387 9.87554633604 9.52744256648 9.52167665088 9.22361271587 9.40999780371 8.81839920203 9.22851686143 8.5799136014 8.39911245603 7.44282207033 7.33245625008 7.32539376303 7.66549410517 6.08947944841 5.4951868545 5.36151214708 5.81793155685 5.73430664026 6.77080996063 4.37168517042 3.1263567234 4.09216338429 3.85031482683 3.16768752938 2.54367959857 2.36799427029 2.778526006 3.02198325617 2.50416538157 1.9247843254 2.16144940102 1.7892747447 1.75269256766 1.59547656708 1.84054520291 1.71975099851 1.37872319117 1.28783484643 1.49918546562 1.27331009669 2.30014971456 2.90891995664
-9999 -9999 -9999 -9999 -9999 -9999 -9999 -9999 -9999 -9999 -9999 -9999 -9999 -9999 2.87579925442 6.19785170372 9.57531485299 9.70328988869 9.33577205103 9.44733959508 9.19723747498 9.19610401157 8.42885673297 9.05458979035 8.62123881151 8.63331852158 7.06743073834 6.95248776281 6.83849979646 7.04145537342 4.78452726836 2.37298808247 5.63287333789 7.78006357323 5.8251379753 2.36414068241 3.99492071494 2.86183046692 2.42446859727 2.30030698546 2.38506587825 2.61946405132 2.52420902023 2.82141451591 2.36029490294 2.000218115 1.2632399836 1.00428847764 1.19737495517 1.4989017528 1.89588779821 2.13396484999 2.3019519584 2.49337259868 2.30359076562 2.41058912877 4.6062106594
-9999 -9999 -9999 -9999 -9999 -9999 -9999 -9999 -9999 -9999 -9999 -9999 -9999 -9999 4.33162649144 6.54655821804 9.6136757886 9.99118525768 9.6678375294 9.62979355405 9.1430698932 9.30500248412 9.06052571858 8.78101583951 8.00457692472 7.66844722436 7.46073749614 7.34886333975 6.30122117535 6.65987569167 6.10405923067 5.71556100905 5.39176121147 7.6290247553 7.390952196 2.00869004183 2.47736274315 4.7083993909 1.33924664476 2.05301341864 2.39657333856 2.67036733457 2.29837139108 2.35443171052 1.85466609569 2.03943919298 1.52906125732 1.97347417545 3.02761218858 3.4958792376 3.00718936534 1.80013937769 2.39436670346 1.99596441205 1.78423756537 2.37396970769 2.33178906264
-9999 -9999 -9999 -9999 -9999 -9999 -9999 -9999 -9999 -9999 -9999 -9999 -9999 -9999 10.9833478223 10.4783535863 10.2279765356 10.4726656869 9.96258073504 10.0477595791 9.39168859161 9.25941587763 8.74601111726 8.82527285636 7.96214096688 8.18087084354 7.37732527581 7.72230575434 6.8628051512 6.65652746252 6.31567065062 6.65107687797 6.04085549442 3.3401161267 2.15603895662 2.17475146976 1.83313821097 4.05526025335 1.50571803156 2.17003450722 2.47473775058 2.26695528779 1.78235497207 1.91505709824 1.60937571002 1.6912936535 2.59585797921 2.97472897611 4.97326043642 5.45232356561 3.98346705328 4.59604106481 3.16381783454 3.13824288114 2.69579397144 2.31261979939 2.57591367598
-9999 -9999 -9999 -9999 -9999 -9999 -9999 -9999 -9999 -9999 -9999 -9999 -9999 -9999 -9999 10.1199555637 9.93634005804 9.88949510913 9.59249051785 9.23442301161 8.84247992055 8.95878750418 8.86580587829 8.86246120694 7.94378287833 8.11455024801 7.27257040828 7.41107708794 3.5627972654 6.46627332803 5.69808342024 5.65395108023 4.98156944022 3.22138612999 2.29346315869 2.31001346998 2.04303997816 2.01028757222 1.84737671017 1.71886777239 1.34295436021 2.00402079322 1.09729571736 1.41115089524 1.61229485464 1.4348211909 0.962628378121 1.02969876816 1.69624771232 2.24422217774 1.63708481991 1.48408257271 2.15005429246 3.30236965682 3.13460059383 3.09571792108 2.71103290603
-9999 -9999 -9999 -9999 -9999 -9999 -9999 -9999 -9999 -9999 -9999 -9999 -9999 -9999 -9999 -9999 9.81153962283 9.71445828123 9.43234187043 10.065410216 9.78451067055 9.69938533735 8.75585174503 8.36420396944 8.14521098019 7.88723483831 7.17178935924 6.30734630009 3.20275391602 5.5809197878 6.32039102184 3.87495989395 2.56875031676 1.70015230489 2.19336425695 2.36695354154 2.20887312662 2.34215094375 2.20859927261 2.90684076792 5.44584669444 5.0773632755 4.37482274908 1.75432560074 0.873587451716 0.688165859178 0.552053248529 1.98053891111 1.54760150539 1.22953064277 1.63208240066 2.40693474143 1.86987279906 1.56975390334 1.78711200044 1.60740887894 1.50835982548
-9999 -9999 -9999 -9999 -9999 -9999 -9999 -9999 -9999 -9999 -9999 -9999 -9999 -9999 -9999 -9999 10.3667020466 10.2870289804 10.0774567168 9.98828827867 9.25877470401 9.34797305255 8.78800485519 8.53309421935 8.01333196586 8.29766200067 7.38086090872 7.17120686304 3.4384041308 5.08148961003 3.22493173682 2.31111673262 2.57212014113 1.96692991581 2.42466784671 2.28906713408 2.80586037064 2.38943465205 2.18228602414 2.19158838605 4.19153162208 3.11458305637 4.26107729922 4.63541825674 2.51423948971 1.54530989263 1.69652753296 1.92309313954 1.19822823814 1.47967686624 1.95739188175 2.04930750716 2.58405144557 2.73729753395 3.23354381592 2.3996523423 1.5215944194
-9999 -9999 -9999 -9999 -9999 -9999 -9999 -9999 -9999 -9999 -9999 -9999 -9999 -9999 -9999 9.20996433689 9.24672058271 9.82495942773 9.91859835388 9.78034890021 9.28594039021 9.20007444994 8.65651340965 8.39913877137 7.73388384791 7.95862023132 7.37378746331 7.4481927596 4.68420800352 6.13147728044 6.08046760407 6.1778624016 5.91554647934 4.06350856051 3.33305121444 4.99258462304 4.53192595165 4.4201337549 3.46211181612 1.78364063933 3.56129832948 3.18447948699 1.99417576535 1.94920821095 1.90972400477 1.32051035488 1.49775961037 1.5813401307 1.59894845871 2.00763564933 1.56725432872 1.24650433835 1.36604267548 1.51994900791 1.64891917185 1.69674933723 1.89767869378
-9999 -9999 -9999 -9999 -9999 -9999 -9999 -9999 -9999 -9999 -9999 -9999 -9999 -9999 9.73059944784 9.52128307925 9.36838703719 9.12533874599 9.55681993343 9.59474686112 9.11081197535 9.35847985401 8.53823658724 8.64026379764 7.72349532546 7.59168824241 7.00541077898 7.14737205573 6.45968381329 6.4603012563 5.70683788184 5.79070556409 4.98580557831 4.95647558619 5.02273260305 6.88262790683 4.32701509436 3.30949935651 1.67670375895 3.34298045093 3.2139071338 1.5978770188 1.3667703545 1.52074530147 0.979131197148 0.847515431113 1.41918967582 2.04976986129 1.9433872444 1.59011877476 1.39589757605 1.38276934601 1.4650177886 1.43101021245 1.34409719664 1.42880657774 1.4913129512
-9999 -9999 -9999 -9999 -9999 -9999 -9999 -9999 -9999 -9999 -9999 -9999 -9999 -9999 9.87663498621 10.0841584948 9.72986786033 8.90678427735 8.1010573585 8.42392135481 8.56971783765 8.93678205872 8.42400704541 8.57654406731 7.66934898723 7.2632037974 6.55579251499 6.64469347972 6.1195954361 6.47854983234 6.10458231009 6.21016715632 5.27650080766 4.95747592979 4.25021738033 6.03962544255 6.38617806625 7.4458595332 4.31929924721 4.44132303038 5.42858924967 5.02821930169 1.82839310749 1.61537819881 1.31114274353 0.780149566043 1.23772468489 2.97134730779 2.62131049469 3.02278776792 2.91408850361 2.89008129931 2.14493166062 1.89200360591 2.10923784899 2.02475807207 1.54692447966
-9999 -9999 -9999 -9999 -9999 -9999 -9999 -9999 -9999 -9999 -9999 -9999 -9999 -9999 -9999 -9999 9.82735043454 9.85312279051 9.66678473673 9.57769558575 8.93058013731 8.78612692761 8.80531410801 8.81158131388 7.85467506933 7.38396714107 5.57893491719 5.74667541428 5.07580427988 5.81707028065 5.93189966263 5.470056437 5.02110358824 4.55733214957 4.55416438018 4.58286566064 5.37630883432 4.6239129889 5.82871804067 5.3776347161 3.38143357581 3.1789382217 4.10911301039 3.21278511915 0.930695910779 1.10595562732 0.934355439663 1.56584023916 1.8173312747 2.16989355499 2.04286551206 2.10176399221 1.85074151992 1.61047247528 1.1148846545 1.18297904452 1.71314640703
-9999 -9999 -9999 -9999 -9999 -9999 -9999 -9999 -9999 -9999 -9999 -9999 -9999 -9999 -9999 -9999 10.0530520483 9.89461054452 9.70626239621 8.78653890494 8.62433985148 8.82243907906 8.10146416875 8.28216820857 8.1238536093 7.67323015347 6.62915170047 6.49812922896 5.98182311072 6.00183410839 6.1565841687 5.98240151215 5.19389124023 4.71998152934 3.73580436635 3.90886366875 3.86917174999 4.28638041586 3.10474544412 2.70530824975 3.04781531318 3.71263446451 2.07996836026 2.74785191842 3.0156570667 0.951339627768 0.493196678671 0.848067064552 1.56950044162 1.24155794578 0.965488270952 0.980979333053 0.755579420809 0.870700271137 0.806932069961 0.812310539963 0.773500585568
-9999 -9999 -9999 -9999 -9999 -9999 -9999 -9999 -9999 -9999 -9999 -9999 -9999 -9999 -9999 -9999 -9999 -9999 9.75209240188 9.14114831295 8.24884907587 8.59496633616 8.73791620117 8.70948838314 7.94072047213 7.83402886497 6.38858679945 6.49490964178 5.87763751865 5.81168092622 4.97383004562 4.63929367033 4.41593917202 4.6364524631 3.68905557966 4.23507279021 4.06531466552 3.32088097739 2.99904166875 3.48122842917 2.66428032721 2.41967660805 2.07289922875 2.05979000779 1.82407337231 1.90356634858 0.602169078667 0.596673129885 0.959986260926 1.01914673835 1.06615372398 1.24359217605 0.773832009873 0.796943981746 0.877191856258 0.941927566827 0.840650539478
-9999 -9999 -9999 -9999 -9999 -9999 -9999 -9999 -9999 -9999 -9999 -9999 -9999 -9999 -9999 -9999 -9999 -9999 -9999 8.44353708865 8.26225295381 8.46119048066 8.1612097647 9.19488409714 8.23488826454 8.05378829732 6.96813739265 6.19113536232 5.02461062488 4.9149863515 4.80668840958 5.02862546815 4.22024847747 4.10261519145 3.27700598726 2.95845829853 2.74372858228 3.43887840357 3.01931784211 3.20658600534 2.40902786175 2.23661649605 1.78050445811 2.16384647819 2.07823752393 2.15868944268 1.39169279766 0.511155087931 0.38628868136 0.740223255608 0.81771816539 0.923682487415 0.693288907389 0.685988483211 0.792175125591 0.754431066295 0.576424344215
-9999 -9999 -9999 -9999 -9999 -9999 -9999 -9999 -9999 -9999 -9999 -9999 -9999 -9999 -9999 -9999 -9999 -9999 9.19990830085 9.51023598314 9.38931387419 9.28743977347 8.25576527139 8.61755984171 8.14657840873 8.12632293417 7.22116702874 6.94696201157 5.46205432441 5.22565990646 3.32590347594 1.82359956962 4.00629405313 4.24708174581 3.72038595657 4.19089015297 4.58223884252 4.441256494 4.03803800041 3.79835766157 3.22182074006 2.4075200926 2.03266409666 1.76522328498 1.76811689421 1.6670470332 1.90888860893 2.05650425881 0.933356504689 0.490657589671 0.691854141812 1.28409365889 1.52871408865 1.47220116149 1.08779689187 0.954255550593 0.816341370989
-9999 -9999 -9999 -9999 -9999 -9999 -9999 -9999 -9999 -9999 -9999 -9999 -9999 -9999 -9999 -9999 -9999 -9999 -9999 9.97929935022 9.66431853831 9.47041660259 8.25765332013 8.64620816456 8.36042018167 8.30702176747 7.11561009938 7.27040402139 6.12084146657 6.72903121762 4.28584490449 4.27467998962 5.3853319228 4.48094491895 3.58531254791 3.10113899522 2.61614984884 2.34638061601 1.98708218591 1.98941522964 2.0106522193 2.48994759546 2.04697953007 1.9239140295 1.74413512435 3.031842324 2.30118273289 1.82190175526 1.1779799694 0.608362931131 0.239294631142 1.2326211758 1.32758881266 1.17921134564 1.43897283005 0.491173963187 0.49733296819
-9999 -9999 -9999 -9999 -9999 -9999 -9999 -9999 -9999 -9999 -9999 -9999 -9999 -9999 -9999 -9999 -9999 -9999 -9999 -9999 9.05876925234 9.36761920333 8.29691714064 8.61091558011 7.81320957305 8.18980443699 7.11525505687 7.396728654 7.20927836159 6.83869892189 6.00432669213 5.85956900724 4.66233576133 3.66320960703 2.70601577936 3.40491448039 3.53434296937 3.82297585036 3.61799955184 3.37520653244 2.59316052166 3.1920480396 2.94217181171 2.61686370255 3.10102775371 2.74457589151 2.22081483818 2.47563234688 2.09106291651 1.63644197704 0.91246236234 0.56876953077 0.275479512585 0.270289027689 1.02631841414 0.316148855908 0.304483778717
-9999 -9999 -9999 -9999 -9999 -9999 -9999 -9999 -9999 -9999 -9999 -9999 -9999 -9999 -9999 -9999 -9999 -9999 -9999 -9999 -9999 9.03055865494 8.39579714472 8.4764150328 7.53979182671 7.26036645908 6.94790797513 7.45344381877 6.54777067054 6.31160486781 6.00251465675 6.39757935331 4.95026322938 2.56949071817 4.71176120387 4.88076491815 3.90818906331 3.28285083007 2.8677144084 2.97401018949 3.48414292724 3.62982555408 3.67278527978 2.63394708298 2.10916821666 1.63079857539 1.89869466701 2.08005428301 1.95290554975 2.36859943283 2.93380004464 1.78616957565 1.14032781089 0.441201825469 0.145561331692 0.18855824302 0.208903579898
-9999 -9999 -9999 -9999 -9999 -9999 -9999 -9999 -9999 -9999 -9999 -9999 -9999 -9999 -9999 -9999 -9999 -9999 -9999 -9999 -9999 8.44489752495 7.98531700272 7.97847878436 8.1583634398 8.4363455756 7.63292133107 7.25243766973 6.31919680356 6.46354724944 2.53787443093 5.71214041879 5.4810172674 4.89825400611 3.40411168463 3.76434101308 3.30350348704 3.40602592824 3.00932847364 3.56925102014 3.51325019896 3.39677694346 2.62871340249 2.48917306498 2.72574076306 2.5984650885 2.30808610236 2.25218552056 1.5046580484 1.56389647997 1.44065370651 0.884900006374 0.643867057817 0.309740140377 0.248722605099 0.158711513579 0.162432039844
-9999 -9999 -9999 -9999 -9999 -9999 -9999 -9999 -9999 -9999 -9999 -9999 -9999 -9999 -9999 -9999 -9999 -9999 -9999 -9999 -9999 -9999 7.97125896101 8.43189224573 8.32033244885 8.09662292294 7.33041538663 7.21581725308 5.94445218331 6.01502901569 5.99008501964 6.15757719603 5.0189290724 4.78595635902 4.80983485598 4.10359884142 4.00985812949 3.80904457598 3.50811444161 3.50248848842 3.40913232214 2.46813794485 2.49751356072 3.07712133555 1.73225883329 1.53162629166 1.19814510269 1.51294092114 1.88285890493 1.88040847767 0.737009918066 1.18947358618 1.33911991708 0.371436126988 0.152711729544 0.132501481265 0.142949343809
-9999 -9999 -9999 -9999 -9999 -9999 -9999 -9999 -9999 -9999 -9999 -9999 -9999 -9999 -9999 -9999 -9999 -9999 -9999 -9999 -9999 -9999 8.12189286919 7.99438013249 8.15814517242 8.44388471001 7.64338835958 6.65740521447 6.10055981006 6.22722548292 5.6626965333 5.74639225314 5.46305607294 4.9772607979 4.15567825901 4.93498016941 3.86066562856 3.72749049343 3.99055020934 3.89536589503 2.74568849155 3.46481907105 2.53708381136 2.07925206999 1.76598880784 1.9885596696 2.31901934145 2.35223054285 1.36009931791 1.25294623196 0.9482977105 1.71727948083 0.290739648285 0.635511752535 0.330901056755 0.29552052647 0.211713830954
-9999 -9999 -9999 -9999 -9999 -9999 -9999 -9999 -9999 -9999 -9999 -9999 -9999 -9999 -9999 -9999 -9999 -9999 -9999 -9999 -9999 -9999 7.90767317306 8.16796673447 8.65290790095 8.33098792183 7.59910903391 7.10085972748 6.35547524375 6.61262171823 5.86455040483 5.49544362099 5.00844491897 4.94266337797 4.92468212082 3.94579200019 3.68073653667 4.44768848245 3.85227304608 3.60109314667 3.42636973435 2.84815362604 2.0083290121 2.45805460815 2.79867769459 2.573079502 2.27400942202 1.98625641158 1.5083627094 1.51121246561 1.84856766583 1.53274223278 0.544908207846 0.521394871401 0.579048843753 0.646524024401 0.319341576043
-9999 -9999 -9999 -9999 -9999 -9999 -9999 -9999 -9999 -9999 -9999 -9999 -9999 -9999 -9999 -9999 -9999 -9999 -9999 -9999 -9999 -9999 -9999 8.4135920263 8.91737026058 8.42704695239 7.39761717968 6.94219387469 6.29036111442 6.44027869828 5.88523801212 6.15500618735 5.64948948371 5.81151923698 4.54127121718 4.84493587782 4.69904774498 4.28274527911 3.01253923678 2.83693145828 2.11335850201 2.70462667306 3.12882816803 3.16452752701 2.65195106933 2.38641466781 1.30783618468 1.13911268644 1.05539080736 1.14616064916 0.885478397855 1.11790803464 1.19087050136 1.17056858815 0.400858782223 0.325306729766 0.866594869272
