data/recharge/transience/oldversion/mHM_recahrge_350.ASC
ncols   80
nrows    72
xllcorner    4374000.0
yllcorner    5656000.0
cellsize      500
NODATA_value  -9999
[rows 25 to 49 of 72, columns 0 to 56 of 80]
-9999 -9999 -9999 -9999 -9999 -9999 -9999 -9999 -9999 -9999 -9999 -9999 17.1739102618 17.529811875 15.3571724433 16.3548229143 12.7662163774 11.8879569494 9.24631182654 11.0424923172 6.23002716477 6.25659532916 5.67483340186 3.67451895154 3.97192846968 4.46621734316 4.63173150085 4.19130320085 3.48854889079 3.26855629538 2.8106337978 2.69542166187 3.21044389716 3.73241306052 2.11862213208 4.79765566437 4.46500939477 2.56391460689 1.98006905614 1.77802282057 1.59329672815 1.68530589828 2.77183010637 3.32128857825 3.30812897706 3.32978720377 3.36910074718 3.36757891131 3.18479738994 3.28561232018 2.91635258673 1.80882869519 0.880823908067 0.737632775522 0.725844012718 0.74536868707 0.71518225997
-9999 -9999 -9999 -9999 -9999 -9999 -9999 -9999 -9999 -9999 -9999 -9999 -9999 17.6757246093 16.3235647764 16.4215870336 14.4217242262 15.6949791364 12.5443166791 11.4604422344 6.9805281796 6.88119718191 6.32089656736 4.92633692661 5.34983331207 4.7879134439 4.55122417397 3.88934383281 3.48952447114 3.63976691648 3.0268791591 2.95625544643 3.61465217089 2.54414100565 2.08210079623 2.69477670674 4.46452006648 2.24722723581 2.04257924608 1.53112555336 1.34016627013 1.4752444989 0.9890430357 1.32925696926 1.57213460658 2.11291366142 2.5839783849 2.53415738343 1.4837080533 0.8916871131 0.69532739184 0.719625191591 0.748389252545 0.969539266047 1.38706085876 0.61383679417 0.610632579637
-9999 -9999 -9999 -9999 -9999 -9999 -9999 -9999 -9999 -9999 -9999 -9999 -9999 -9999 15.318539301 15.4046386882 12.7393197756 15.8324985124 13.8241781241 14.0248732949 9.39004429254 7.30331728938 6.44908285097 6.05180159822 6.96163213733 5.07947290533 4.76185333855 5.14100449932 3.82858667168 3.35357178227 3.16078158386 4.08910072782 3.98547229358 3.40207347167 2.38814310137 3.9061840458 4.2671824342 1.8216810916 1.65489243908 1.80336064251 1.73171837803 1.43836792237 1.3187618836 1.09199835715 0.84671342674 0.939301145626 0.787748602637 0.920244716917 0.706112183499 0.789317595269 0.750537265851 0.619729502631 0.57960530353 1.07628485541 1.35516287021 2.13027415495 2.04686601729
-9999 -9999 -9999 -9999 -9999 -9999 -9999 -9999 -9999 -9999 -9999 -9999 -9999 -9999 4.25074799725 9.81109728458 14.6307359981 18.1056664394 15.4950399166 15.6349995046 13.1770334454 10.807619165 6.63123137325 6.74527735663 5.51170124858 5.71514345207 4.72445914767 5.30882634796 4.9743038739 4.96561027079 3.35980959441 1.70186624008 4.2687059747 5.44749890519 2.71406219487 3.11138617978 4.11668078596 1.41946544753 1.68514052018 1.72844134741 1.28822903187 1.34668924576 1.21980893617 1.25974296272 0.994543518858 0.854529165733 0.812412376405 1.13211576485 1.27445270264 0.715912179501 0.79872085576 0.890255304576 0.967691591019 1.92785148933 2.89766835963 3.32640366364 2.44325045629
-9999 -9999 -9999 -9999 -9999 -9999 -9999 -9999 -9999 -9999 -9999 -9999 -9999 -9999 6.94430873988 10.6277968108 14.6160501571 16.3051320476 15.2011965207 15.7636952876 14.1503106517 12.6472362843 8.88224313354 6.21211321128 5.18348237312 5.07615782458 5.41442305243 5.77663948904 4.72938207216 4.89115475141 4.36178796075 3.98549775491 3.90787624664 4.60173978593 5.185269343 2.62548834921 3.36215511115 1.98695454271 1.31172018981 1.72969098113 1.19819885673 1.32101979788 1.13373102482 1.15173286957 0.812044693414 0.869535438184 0.644910430469 0.808359081612 1.21612897267 1.38265665243 1.20648120458 0.770745798726 1.19023531381 1.11594644797 0.955411664275 1.06115006139 1.0595812321
-9999 -9999 -9999 -9999 -9999 -9999 -9999 -9999 -9999 -9999 -9999 -9999 -9999 -9999 18.5926759056 18.0996378284 16.6074738266 16.928895079 14.3522234301 15.4258200472 12.7594406494 12.3182098906 9.31335714975 10.1697492069 9.79522013596 8.8500068311 5.11829414856 5.98541238493 5.13566938886 4.87708761291 4.43189782788 4.57738302449 4.18227564552 3.02755695359 2.70872723256 2.71852147253 2.50702493654 4.30335788102 2.22433201072 2.86478602748 1.75557327712 1.0826888951 0.871545296891 0.923655247651 0.746632294244 0.721652199441 1.08828875177 1.24383057928 2.46549901776 2.80020285972 1.96435888614 2.17722578198 1.37813050833 1.36416624997 1.22545798339 1.05815704723 1.25753970453
-9999 -9999 -9999 -9999 -9999 -9999 -9999 -9999 -9999 -9999 -9999 -9999 -9999 -9999 -9999 17.6265863456 16.1855343526 16.2694326796 15.4661015413 14.4342912305 13.6405007831 13.8599696215 8.89519606511 9.45268589458 9.78535120086 6.50447974897 5.11459197958 5.50374309829 2.55061977606 4.7645956712 4.14922521126 4.17140404464 3.72705829854 2.75344804695 2.77530174381 2.7833603472 2.61153373244 2.59566802626 2.48784584579 2.39056986987 2.14510161439 2.9592904723 0.517163472915 0.626786102546 0.730884263331 0.604332954273 0.511846589533 0.577492418132 0.811702342878 0.986434015173 0.752225633161 0.691116988782 0.962690802333 1.46393320981 1.42639173171 1.40786721804 1.32127865619
-9999 -9999 -9999 -9999 -9999 -9999 -9999 -9999 -9999 -9999 -9999 -9999 -9999 -9999 -9999 -9999 16.5113532406 17.0271754426 15.0091420047 15.8137110436 15.1447214847 15.5746841642 9.93936574741 11.2192016649 11.0143439967 10.3567496632 7.37661267862 4.65811920199 2.26151197563 4.09425629115 4.7563671129 2.76683819142 1.78893703354 1.16257673696 2.75355894182 2.83842524188 2.72824743183 2.79328386941 2.70451561549 3.51140883667 4.62447908171 4.53897787942 3.13215654932 1.04462909743 0.465995400999 0.34105497351 0.259041622824 0.823312988426 0.691751144468 0.568849477856 0.749904857449 1.06370211698 0.890740543245 0.764787388618 0.886650578654 0.807941451428 0.786922929804
-9999 -9999 -9999 -9999 -9999 -9999 -9999 -9999 -9999 -9999 -9999 -9999 -9999 -9999 -9999 -9999 22.3961177354 19.0565647514 16.2003868721 17.2613371787 14.6683095768 13.4023229789 10.8303732451 12.9547910737 11.5232296128 11.7807860182 8.35843137546 7.32777642006 2.33387523775 3.68060667669 2.24677442197 1.61401619324 1.83288040494 1.34518791118 2.48353148051 2.79993228664 3.35698167196 2.8156633882 2.6912380843 2.85956274494 3.66097099216 3.79702775636 3.67467551096 2.30890807231 1.3689906252 0.909922991244 1.23466154222 1.71392726413 0.563566750449 0.665522257791 0.879864635904 0.917089997626 1.20034883636 1.26858887919 1.55401705067 1.15988413521 0.792969052923
-9999 -9999 -9999 -9999 -9999 -9999 -9999 -9999 -9999 -9999 -9999 -9999 -9999 -9999 -9999 20.1850469379 20.0925116479 19.9407340283 22.5502402758 22.3877831584 15.7756770628 14.2763727314 10.2837223122 13.0956875801 11.0908825067 11.2996401738 8.78574518829 8.8657355064 3.10914339322 4.3402330133 4.24887328198 4.29684967593 4.12695847364 2.81852297956 3.02031181996 3.66588912077 3.96948083001 4.28202328233 3.90199252763 2.61026039243 2.93300511815 2.01799685662 1.19719786392 1.17398404862 1.10984062606 0.782967685985 2.53826289134 1.93624747999 0.796661100679 0.85933326221 0.726530182998 0.597938279719 0.683526500327 0.748920924403 0.848376628639 0.869874142736 0.982918951188
-9999 -9999 -9999 -9999 -9999 -9999 -9999 -9999 -9999 -9999 -9999 -9999 -9999 -9999 20.8987915797 20.6404284927 20.2715208591 16.3390225198 20.0009101635 22.0782710584 16.6650487067 16.9695778475 13.7103862022 13.8159327394 11.0615105244 10.9655598505 8.49112075417 6.26821602556 4.80482217528 4.80894567681 4.08594013658 4.13308495663 3.42817401909 2.99474622361 2.6716870481 3.46741256856 4.33748560792 3.90558498244 0.905527297326 2.21027427296 2.49145039063 0.956531213661 0.827863332306 0.932298356958 0.541805206733 0.448584043561 1.22197324652 0.868288418039 0.837230019032 0.698420133183 0.65819029461 0.652864746029 0.725620462793 0.710860871877 0.711132129438 0.74930369768 0.829524650709
-9999 -9999 -9999 -9999 -9999 -9999 -9999 -9999 -9999 -9999 -9999 -9999 -9999 -9999 17.8424182062 21.162672707 17.9394084153 14.1162346791 12.3814422022 13.8207919616 15.4727511155 16.0866026227 14.1526858363 14.3136310733 10.0071870677 9.57013826721 5.82365376569 4.59450960175 4.09754287884 4.70835667154 4.30657958444 3.97815957574 2.82110956504 2.62981772739 2.23182472312 2.97927132117 3.21021918553 3.81761990544 2.19126145202 2.2424048756 2.68514387095 2.49765066008 1.07542628656 0.962664756012 0.787946494142 0.406789923516 0.767821761744 1.26168352121 1.19614877629 1.33094893528 1.3507567487 1.34012145438 1.02821511292 0.917693901282 1.03903855375 1.00180947529 0.836737117965
-9999 -9999 -9999 -9999 -9999 -9999 -9999 -9999 -9999 -9999 -9999 -9999 -9999 -9999 -9999 -9999 18.0480189439 15.3657383002 14.8753316233 14.7481430472 13.6145915611 15.400793512 14.5677047141 14.5733191932 10.1645857502 8.1987606869 4.37666386494 4.32507094139 2.75634163184 3.55966881248 3.66244922511 3.00283823868 2.66569959613 2.39905464131 2.3127753248 2.32858315707 2.50191642597 2.16644876575 2.76793100063 2.52132268851 1.56840935203 1.49202289283 2.699303922 2.27372783308 0.513750388654 0.642693480326 0.542316530375 0.680536320307 0.856353139353 0.972077803519 0.968446560854 0.993895239591 0.899435318391 0.795675307293 0.600139814409 0.629715366681 0.9042981338
-9999 -9999 -9999 -9999 -9999 -9999 -9999 -9999 -9999 -9999 -9999 -9999 -9999 -9999 -9999 -9999 18.2332189144 17.9283174474 16.9316986955 15.283134236 13.2082564856 13.814862934 13.3365259496 13.6577987659 11.5294714295 9.31025703138 5.20352533398 5.05779059749 3.43584296341 3.70094257614 3.67000743532 3.55990817338 2.95137714972 2.56480066203 1.91150504606 2.00053965983 1.93458637788 2.15620144072 1.50472685776 1.32491385153 1.46639609227 1.78006058388 1.81439863696 1.98905785233 1.48691580095 0.549509911642 0.241166431502 0.414395260345 0.733527691708 0.595170526414 0.502864205265 0.508978000767 0.413824245707 0.460071023982 0.442576288467 0.444350192074 0.461177869052
-9999 -9999 -9999 -9999 -9999 -9999 -9999 -9999 -9999 -9999 -9999 -9999 -9999 -9999 -9999 -9999 -9999 -9999 17.0169615798 15.933569063 12.5636938737 13.1536680087 12.7488597973 14.1053074614 11.3614816091 10.6206239234 4.94944294375 3.89556970842 3.48629934916 3.58096971756 2.95016510879 2.75826613342 2.54455024533 2.59560211045 1.88783919828 2.17380136183 2.03701889666 1.66163096989 1.46271560121 1.6838592432 1.29199504497 1.18224446718 1.0785044993 1.07245507171 0.87787339769 0.910913439293 0.305504081149 0.307255005091 0.50237140945 0.505609896108 0.556570773712 0.628819001392 0.421851048935 0.431494557919 0.471798403276 0.497975623245 0.491615364126
-9999 -9999 -9999 -9999 -9999 -9999 -9999 -9999 -9999 -9999 -9999 -9999 -9999 -9999 -9999 -9999 -9999 -9999 -9999 13.8746012686 13.2224150502 13.57578895 12.7518792372 16.8256193571 13.1029686565 12.6567410101 5.17674390134 4.08397589286 3.08041720954 3.01579126856 2.81099177248 3.12041426586 2.4420110451 2.31418102382 1.62158527511 1.38069508405 1.26389174721 1.61625238483 1.39678669665 1.49248774864 1.13953006855 1.06642283273 0.882878273429 1.04881491143 1.01163635983 1.04230157034 0.710506186624 0.26997428381 0.200239688959 0.419982392507 0.420805172183 0.475986698347 0.388265146667 0.385323611072 0.439945528933 0.424083668774 0.360232943545
-9999 -9999 -9999 -9999 -9999 -9999 -9999 -9999 -9999 -9999 -9999 -9999 -9999 -9999 -9999 -9999 -9999 -9999 15.1337904653 15.6189941067 15.0611369217 14.9011909827 12.7645587512 16.1362368163 13.011658016 11.3085529379 5.54353689411 5.07259138844 3.34332154934 3.20020290711 2.659542421 1.65218171633 2.60363892091 2.19675621263 1.68784513315 1.91262203312 2.1042478256 2.0252402784 1.73469160431 1.66338473638 1.49480558644 1.13906336282 0.999298390508 1.58483006243 1.30938010272 1.44329855108 0.944930783102 1.14679341686 0.629699893874 0.268823711423 0.543916455565 0.697327815501 0.757957609697 0.723309340539 0.567933551426 0.507406877248 0.463981960506
-9999 -9999 -9999 -9999 -9999 -9999 -9999 -9999 -9999 -9999 -9999 -9999 -9999 -9999 -9999 -9999 -9999 -9999 -9999 18.996256914 18.1600564819 17.8171463685 13.0955873306 16.1187114573 14.0881762254 14.0258130437 5.33128250806 5.33452502579 4.2409161571 4.63290332843 3.00145557609 2.99075129941 3.16262874197 2.22590028949 2.22189342382 1.89003819891 1.15906058107 1.04728408846 0.861969563482 0.863107696607 0.916421422575 1.16576272257 1.26220349915 1.64334798109 1.59500764188 1.72842124042 1.16125518048 0.952735237658 0.767055903955 0.390143113947 0.151418160935 2.20787883369 2.42861505683 2.08350580038 1.51681498562 0.303343507418 0.334010499096
-9999 -9999 -9999 -9999 -9999 -9999 -9999 -9999 -9999 -9999 -9999 -9999 -9999 -9999 -9999 -9999 -9999 -9999 -9999 -9999 17.0158082115 17.6054246434 13.1629767019 14.9284700938 13.525672881 13.9016807209 5.22751706829 5.43579431487 5.15363280466 4.98982506461 4.37056007261 4.30895559517 2.65830764618 2.85970199796 2.14692654241 2.33041593448 1.59927331301 1.7779991491 1.59367739545 1.51116669552 1.20981512251 1.46875157908 1.39527283505 1.25579253269 1.51403741124 1.35031051114 1.12440127781 1.24000854459 1.08801401398 0.968516765937 0.598114272484 0.338818135366 0.158244834326 0.30591672811 1.67893474445 0.190445503792 0.18975105251
-9999 -9999 -9999 -9999 -9999 -9999 -9999 -9999 -9999 -9999 -9999 -9999 -9999 -9999 -9999 -9999 -9999 -9999 -9999 -9999 -9999 18.0741715076 14.1940682955 14.4684018141 12.1649240285 11.8979939025 5.2914382035 5.70968769592 5.07552095699 5.01065798697 4.73569537293 4.71440583375 2.79474948679 2.18460124063 2.83032052332 2.51495062778 1.93808793016 1.48182845736 1.28924201651 1.40927850194 1.68451099469 1.75552127862 1.84257573696 1.35984132091 1.13304780344 0.908769202423 1.04931800278 1.13623089921 1.07590828054 1.27804417448 1.53668113745 1.42829093019 0.705107486259 0.294756793176 0.0969518119027 0.121660332397 0.135874832931
-9999 -9999 -9999 -9999 -9999 -9999 -9999 -9999 -9999 -9999 -9999 -9999 -9999 -9999 -9999 -9999 -9999 -9999 -9999 -9999 -9999 16.9451285855 13.5238833708 13.5231980715 12.2398197756 13.0261608602 6.21068876408 5.10366688761 4.53785304141 4.83318798297 1.82983589786 4.10106651653 3.10469195857 2.59285752436 1.72987731996 2.0005979162 1.63748338107 1.36283925201 1.14162073996 1.58093410717 1.69849156252 1.64223233765 1.34427723527 1.2815595129 1.42055316504 1.36023850386 1.24307653204 1.21699589319 0.825136111038 0.897897266926 1.56162179658 1.23703810761 0.819960579508 0.201095868516 0.159028510734 0.10441536758 0.108062775573
-9999 -9999 -9999 -9999 -9999 -9999 -9999 -9999 -9999 -9999 -9999 -9999 -9999 -9999 -9999 -9999 -9999 -9999 -9999 -9999 -9999 -9999 13.6187562229 14.3555081608 14.5860027792 14.9372505967 8.92760968057 5.48314382101 4.00477108202 4.29935086189 4.2588600625 4.35256589996 3.063286251 2.8128320135 2.73560994651 2.32842765793 1.99417751457 1.83204045495 1.4794593648 1.7315654009 1.79798698715 1.3405710671 1.37041359729 1.64939449674 1.0022709242 0.908466390261 0.708517642671 0.812393642855 0.987248377563 1.71530586667 0.906794454588 1.99471606641 1.49623687343 0.275425545792 0.109032719039 0.0965970159892 0.104159784811
-9999 -9999 -9999 -9999 -9999 -9999 -9999 -9999 -9999 -9999 -9999 -9999 -9999 -9999 -9999 -9999 -9999 -9999 -9999 -9999 -9999 -9999 13.85134136 13.6589958535 14.4003080481 15.3180027352 10.8202732797 7.33398872237 4.25674306286 4.34224431259 3.73251373888 3.78520732934 3.3952762984 2.97227862733 2.357844895 2.81081595486 2.07400989254 1.88920122314 1.95484218033 2.0368052248 1.47204378401 1.82640956417 1.38858175411 1.17473235386 1.01705068188 1.12984047071 1.25206555505 1.32847338485 0.845568356144 0.834581445742 0.851095812345 2.08580191194 0.204795215547 0.553814899643 0.240735008039 0.210188093978 0.148660016977
-9999 -9999 -9999 -9999 -9999 -9999 -9999 -9999 -9999 -9999 -9999 -9999 -9999 -9999 -9999 -9999 -9999 -9999 -9999 -9999 -9999 -9999 13.7856309122 14.2161492576 16.5213394175 16.7904899512 12.1782473917 8.94069055765 4.72903540576 5.09926463854 4.12255649037 3.8838548173 3.37586020483 3.19045211603 3.00644451095 2.42451887177 2.15148449427 2.58162763699 2.20167126188 2.06666229775 1.91266161963 1.61731385418 1.20115797151 1.41733248132 1.61074794452 1.50337039076 1.38809842649 1.24026642761 0.959243975405 0.960940649472 1.12778361116 0.963118242311 0.457990037474 0.481518957809 0.551398744589 0.635749700292 0.257204783011
-9999 -9999 -9999 -9999 -9999 -9999 -9999 -9999 -9999 -9999 -9999 -9999 -9999 -9999 -9999 -9999 -9999 -9999 -9999 -9999 -9999 -9999 -9999 14.5889304595 16.9011092105 16.9084880039 11.4543624704 8.51624671348 4.23886440977 4.97581283575 4.13567540434 4.31376714004 3.77499997073 3.79661956097 2.77444701546 2.95770416127 2.72593461864 2.48823426306 1.75379879884 1.69689035423 1.25644582577 1.54531667335 1.73364155053 1.75902165102 1.53923054774 1.40866310775 0.878347045751 0.791296728491 0.72483397927 0.772062215526 0.626153032751 0.748505072259 0.795768632938 0.933377505742 0.328255138127 0.251441938959 0.622709075985
