data/recharge/transience/oldversion/mHM_recahrge_256.ASC
ncols   80
nrows    72
xllcorner    4374000.0
yllcorner    5656000.0
cellsize      500
NODATA_value  -9999
[rows 0 to 23 of 72, columns 0 to 54 of 80]
-9999 -9999 -9999 -9999 -9999 -9999 -9999 -9999 -9999 -9999 -9999 -9999 0.520874735911 0.517434311402 -9999 -9999 -9999 -9999 -9999 -9999 -9999 -9999 -9999 -9999 -9999 -9999 -9999 -9999 -9999 -9999 -9999 -9999 -9999 -9999 -9999 -9999 -9999 -9999 -9999 -9999 -9999 -9999 -9999 -9999 -9999 -9999 -9999 -9999 -9999 -9999 -9999 -9999 -9999 -9999 -9999
-9999 -9999 -9999 -9999 -9999 -9999 -9999 -9999 -9999 -9999 -9999 -9999 1.33108696798 0.916157639444 0.652164217592 -9999 0.606037318039 -9999 -9999 -9999 -9999 -9999 -9999 -9999 -9999 -9999 -9999 -9999 -9999 -9999 -9999 -9999 -9999 -9999 -9999 -9999 -9999 -9999 -9999 -9999 -9999 -9999 -9999 -9999 -9999 -9999 -9999 -9999 -9999 -9999 -9999 -9999 -9999 -9999 -9999
-9999 -9999 -9999 -9999 -9999 -9999 -9999 -9999 -9999 -9999 1.02976630431 0.887980926457 1.01976887776 1.07436037311 0.551629285829 0.630359726421 0.526545946587 0.561590104866 -9999 -9999 -9999 -9999 -9999 -9999 -9999 -9999 -9999 -9999 -9999 -9999 -9999 -9999 -9999 -9999 -9999 -9999 -9999 -9999 -9999 -9999 -9999 -9999 -9999 -9999 -9999 -9999 -9999 -9999 -9999 -9999 -9999 -9999 -9999 -9999 -9999
-9999 -9999 -9999 -9999 -9999 -9999 -9999 -9999 -9999 0.978785591521 1.02118032191 1.0099235499 0.791067323521 0.84981879686 0.733030475363 0.684419237264 0.670020564418 0.719475918728 -9999 0.639155951353 -9999 -9999 -9999 -9999 0.425877639011 0.50590885731 -9999 -9999 -9999 -9999 -9999 -9999 -9999 -9999 -9999 -9999 -9999 -9999 -9999 -9999 -9999 -9999 -9999 -9999 -9999 -9999 -9999 -9999 -9999 -9999 -9999 -9999 -9999 -9999 -9999
-9999 -9999 -9999 -9999 -9999 -9999 -9999 -9999 1.46632679028 1.15803368583 0.833602055795 0.921904025204 0.769843131865 0.683089053569 0.596102883447 0.549830923223 0.539180402092 0.493864630258 0.410266708907 0.401238506929 0.359460611527 0.393184704683 -9999 0.401220250646 0.508751663419 0.517496635365 -9999 -9999 -9999 -9999 -9999 -9999 -9999 -9999 -9999 -9999 -9999 -9999 -9999 -9999 -9999 -9999 -9999 -9999 -9999 -9999 -9999 -9999 -9999 -9999 -9999 -9999 -9999 -9999 -9999
-9999 -9999 -9999 -9999 -9999 -9999 1.68401617438 1.19586792574 0.901845846373 0.975047286872 1.03394043075 1.23355111726 0.911914921645 0.832795383922 0.579719109925 0.654339342578 0.531306602392 0.501769102069 0.419136840175 0.394303687111 0.343715551372 0.376142285388 0.461482833787 0.432718239712 0.44407456457 0.419739711909 0.447764838232 -9999 -9999 -9999 -9999 -9999 -9999 -9999 -9999 -9999 -9999 -9999 -9999 -9999 -9999 -9999 -9999 -9999 -9999 -9999 -9999 -9999 -9999 -9999 -9999 -9999 -9999 -9999 -9999
-9999 -9999 -9999 -9999 -9999 -9999 1.70168042571 1.41541259228 0.854015501936 0.798293961811 0.698212555555 0.849436169678 0.69505750676 0.536554391544 0.435857673339 0.413678429285 0.391870748907 0.33430317784 0.377494419406 0.267156764503 0.268238842049 0.331526712847 0.286421726885 0.33938879123 0.339834101268 0.303083425087 0.392079999778 0.347962303993 0.349569194822 0.319981513923 0.420493300661 0.41156516681 -9999 -9999 -9999 -9999 -9999 -9999 -9999 -9999 -9999 -9999 -9999 -9999 -9999 -9999 -9999 -9999 -9999 -9999 -9999 -9999 -9999 -9999 -9999
-9999 -9999 -9999 -9999 -9999 2.15135251734 1.79038147283 1.72350666773 1.41546191193 1.41176985117 1.11913802504 0.978931654151 0.648673323792 0.638152318874 0.541347427709 0.56910308712 0.324440263709 0.329193288231 0.367485452891 0.280156117459 0.270224810043 0.256522147443 0.264682388437 0.27738619088 0.360636182789 0.404405876566 0.387958530682 0.296083124393 0.328077654574 0.316700311107 0.295184875282 0.319315799401 0.271563131456 0.256856747244 -9999 -9999 -9999 -9999 -9999 -9999 -9999 -9999 -9999 -9999 -9999 -9999 -9999 -9999 -9999 -9999 -9999 -9999 -9999 -9999 -9999
-9999 -9999 -9999 -9999 -9999 2.26702913374 1.99860008453 2.01914539189 1.5910422224 1.41508341815 1.17750695786 1.29796814347 0.476271793631 0.432672968672 0.746033313292 0.748677890426 0.221592762435 0.13110748585 0.19682881605 0.170951785543 0.279049904061 0.266664840669 0.292129133155 0.275368785925 0.251159718074 0.192537415948 0.285068794853 0.230012274874 0.22981293112 0.215434491136 0.199753600329 0.217500250231 0.239660295427 0.225203023709 0.209104831458 0.21675646132 -9999 -9999 -9999 -9999 0.256607623133 0.19098651598 -9999 -9999 -9999 -9999 -9999 -9999 -9999 -9999 -9999 -9999 -9999 -9999 -9999
-9999 -9999 -9999 -9999 -9999 2.01648533679 1.80684554635 1.81288250282 1.71342736162 1.8756274295 1.44763223586 1.34554358156 0.938612386593 1.06467749699 0.85953490535 0.561063785725 0.300911647729 0.512567565345 0.409739382962 0.426936827263 0.351782766976 0.244617606797 0.224508341549 0.212147662591 0.237779901625 0.246390363853 0.268260058369 0.22878594208 0.245009835868 0.172088127414 0.090356097702 0.130064475153 0.235219377995 0.173226854257 0.151594567257 0.229247338607 0.216555431263 -9999 -9999 0.215647342159 0.221103221709 0.210340512911 0.204197712621 -9999 -9999 -9999 -9999 -9999 -9999 -9999 -9999 -9999 -9999 -9999 -9999
-9999 -9999 -9999 -9999 -9999 -9999 2.53300050456 2.63214693976 2.0443166827 1.89329535595 1.31311780501 1.50508598719 1.38784864962 2.0348091689 0.590048012403 0.50868182895 0.37387857017 0.349491017208 0.282497142166 0.292378896061 0.271832617058 0.289494546086 0.244153939992 0.272259968301 0.224613002927 0.200347601447 0.167329531958 0.213213054375 0.165746177405 0.174361959274 0.136235651768 0.185833870748 0.141320374395 0.196367696709 0.211987846758 0.185971566252 0.16467748273 0.177850494199 0.191837394686 0.184983274482 0.175210592175 0.216070186517 0.147127319909 0.146003946392 -9999 -9999 -9999 -9999 0.214084447354 0.18451008006 0.0251663516547 -9999 -9999 -9999 -9999
-9999 -9999 -9999 -9999 -9999 -9999 -9999 2.18169226468 1.78427133345 2.16767935669 1.76935716978 1.52020476773 0.942583590679 0.668687946205 0.460713734682 0.711823887034 0.556602345936 0.578557427835 0.455624065798 0.353213493268 0.2490961332 0.251255612409 0.226430173945 0.229928310616 0.20122465641 0.17654520994 0.216961973128 0.176226524013 0.186209921919 0.162708754991 0.147986559517 0.148074736791 0.161979212213 0.157307758172 0.191919813322 0.190163011777 0.25877200359 0.227048760714 0.187094745473 0.186412204047 0.126862284983 0.12926664707 0.168056003751 0.200880082312 0.168871106634 0.177948841129 0.21587087226 0.177327606902 0.168840160326 0.145052754914 0.0880689906552 0.0567587976762 -9999 -9999 -9999
-9999 -9999 -9999 -9999 -9999 -9999 -9999 -9999 1.65515026699 1.51957066207 1.44004980472 1.68179157324 1.12570555582 1.26550670573 1.06839288694 0.858952865603 0.450515093454 0.454058261828 0.300944381692 0.351557271678 0.423043450162 0.3963962221 0.271186390436 0.295261534662 0.280296695486 0.262933878786 0.163597692677 0.154450165526 0.117037699595 0.0915247286961 0.148471324513 0.122659853776 0.120150501421 0.121507321909 0.126561930136 0.158388720417 0.155386996556 0.16220181082 0.14918962281 0.163155759941 0.184703489874 0.171455663247 0.16322368711 0.145869452506 0.138515378159 0.12410092231 0.143291023821 0.12455088876 0.113688287187 0.103652708349 0.0976936523536 0.0969881244523 0.0693930959335 -9999 -9999
-9999 -9999 -9999 -9999 -9999 -9999 -9999 -9999 2.21138460101 1.82138222037 1.28460599631 1.29798371202 0.981474115427 0.970200744766 0.623000171236 0.601255458265 0.403279609393 0.453166369776 0.352208308257 0.393323680813 0.377890842289 0.38256309216 0.338990735641 0.446350776141 0.294338569378 0.26035143395 0.269145510882 0.191897931781 0.139759119977 0.125705821391 0.0885890837039 0.104095713537 0.0910813812866 0.107394327745 0.142020439258 0.0556361391664 0.169752651251 0.155500090522 0.148631701146 0.145771580308 0.138501976362 0.142501772759 0.149420348055 0.148617698007 0.124788970764 0.123123289697 0.14109127048 0.128162281396 0.114315065961 0.104919813252 0.101594872507 0.102236125709 0.0911155411974 0.118385921762 0.0878105752816
-9999 -9999 -9999 -9999 -9999 -9999 -9999 -9999 -9999 2.2412027511 1.53823822414 1.1128976702 0.935100812229 0.858859802088 0.540066919833 0.529379296446 0.493637192957 0.566703226877 0.488723013611 0.49600445229 0.444205697807 0.311357436326 0.290430951494 0.664512564902 0.305305679236 0.300596866053 0.21465497517 0.219027620344 0.119655088042 0.137073274863 0.131239478734 0.121763673274 0.120301902908 0.089377655523 0.0825993205015 0.0753240334863 0.13322403455 0.125328589561 0.117035625275 0.118253577702 0.111666349615 0.117451630862 0.104063675664 0.167362448183 0.128925374766 0.0938097622296 0.0827894287749 0.080604451066 0.0741696352621 0.0729910161743 0.0778727218836 0.0746654466097 0.0690101475146 0.0846433120352 0.0903167241015
-9999 -9999 -9999 -9999 -9999 -9999 -9999 -9999 -9999 -9999 1.24136144379 1.28151618154 0.899583911191 0.897434623032 0.469532656268 0.393469204742 0.468274548882 0.610060224643 0.455073616944 0.389115865207 0.301635792749 0.318888772941 0.200608462839 0.22745956867 0.25204972696 0.354078867869 0.322705539131 0.218825747655 0.188262807913 0.143548448629 0.111151452069 0.111694257733 0.119708792685 0.101418007627 0.145945740763 0.120493137975 0.12951358932 0.125393441082 0.118060865628 0.118815819017 0.117457162462 0.106200240989 0.0594785910306 0.0951039004352 0.202465347976 0.173935273375 0.161444251738 0.103563167141 0.0761436794003 0.0754667995044 0.0932078582825 0.0886577590477 0.0689424228238 0.0770402356031 0.0772895368882
-9999 -9999 -9999 -9999 -9999 -9999 -9999 -9999 -9999 -9999 -9999 0.49928275218 0.347250952761 0.71797531948 0.446931295373 0.401173380153 0.554229141804 0.542456100236 0.367144374855 0.379633522478 0.349791088935 0.365260776265 0.263791722016 0.186849879879 0.162806947047 0.170145769742 0.241484771088 0.360888721231 0.270343982455 0.120852975748 0.107124893543 0.0644864509258 0.0555082081084 0.0647856033179 0.0798378667243 0.0758359879294 0.103962056105 0.103131916609 0.105594049616 0.105651875832 0.0871813983561 0.0627088802903 0.0675297261202 0.0837280170053 0.121740542132 0.094566609305 0.0975978972387 0.143120437331 0.0617117701575 0.0654834977779 0.0738430457163 0.103180092205 0.0992273468584 0.0748805456978 0.0623738001342
-9999 -9999 -9999 -9999 -9999 -9999 -9999 -9999 -9999 -9999 -9999 0.334186239308 0.321962509026 0.610450877858 0.518888289775 0.572472207521 0.441705975216 0.376433197509 0.311883102272 0.316807762924 0.275266301498 0.323764733639 0.188223747494 0.216072792698 0.149952763829 0.237013731839 0.187668340239 0.205295447586 0.16635354255 0.130525431736 0.141516542193 0.141938468361 0.0847364871852 0.0945164013178 0.119547849904 0.109180815303 0.103338867867 0.10548966407 0.102487215773 0.098259931814 0.0846700834473 0.0687529582867 0.0545637984281 0.0616208993171 0.0945942283475 0.155482684376 0.206597142045 0.221937666409 0.198658175938 0.128979126445 0.128563701549 0.10180432175 0.0718604580015 0.0842692028823 0.0785439230372
-9999 -9999 -9999 -9999 -9999 -9999 -9999 -9999 -9999 -9999 -9999 1.15649060424 0.824455652045 0.744882700146 0.407580840245 0.479296948948 0.375946288445 0.248147734237 0.173803917482 0.224372393858 0.217324511338 0.223736702945 0.224986722534 0.162929425687 0.127011177567 0.128152260285 0.115952852375 0.113176193832 0.0952938930213 0.0942767969374 0.0868441976211 0.139011261028 0.213854223263 0.287218224149 0.149702887609 0.126413643776 0.147265352666 0.102692650342 0.0878010045844 0.046685972601 0.0399042121168 0.0709046837303 0.0611020302685 0.0698753548559 0.103769288025 0.167791736879 0.17016494581 0.150660456332 0.148470109316 0.158807633116 0.125529253747 0.146536023302 0.161604333416 0.143871908797 0.102285103911
-9999 -9999 -9999 -9999 -9999 -9999 -9999 -9999 -9999 -9999 -9999 -9999 0.582201156614 0.702732138308 0.526268663242 0.424420165199 0.354493528301 0.359951110058 0.24187705492 0.250870539501 0.226656335192 0.210155027317 0.190881296991 0.210288582036 0.136218281573 0.139901675228 0.11845902234 0.122987038339 0.110671498216 0.105428360416 0.101222286221 0.106051821351 0.103797532126 0.120202916968 0.148101159227 0.075626893858 0.160553620642 0.130545265223 0.0987911550799 0.0921654230204 0.100777971622 0.057456062755 0.0781614224981 0.0939384485118 0.0982901844856 0.114665530277 0.136759226676 0.152876159039 0.115743112179 0.137549598145 0.12304554185 0.0942068230698 0.0836907012849 0.081710725004 0.0708319069358
-9999 -9999 -9999 -9999 -9999 -9999 -9999 -9999 -9999 -9999 -9999 0.81739935319 0.676895387779 0.726629734432 0.479379539876 0.214003040981 0.202303698313 0.293368960335 0.219849721777 0.227847000756 0.1667433434 0.163281704288 0.134884869141 0.139038451259 0.128287632744 0.125951116037 0.110243064855 0.100776512624 0.0979155092651 0.0944452049041 0.0847460724246 0.0880072280047 0.0802457421174 0.079256294774 0.0821186195545 0.135560381622 0.141358161563 0.0829040013147 0.073904392025 0.0650493843585 0.0786146580437 0.0491734720777 0.136214636253 0.139984395369 0.141441531012 0.134528749527 0.150870403696 0.165054717352 0.136855257437 0.125106387014 0.102975072685 0.0698963631483 0.06412791101 0.064744492183 0.0621999925971
-9999 -9999 -9999 -9999 -9999 -9999 -9999 -9999 -9999 -9999 -9999 0.882145619978 0.969026848263 0.884039959038 0.496968818164 0.206400034304 0.257807987031 0.276698760936 0.227653971913 0.244843258776 0.166749736033 0.208774713879 0.153503684264 0.149838966191 0.135762719425 0.138383478293 0.0540793063165 0.0772014833414 0.0934756985383 0.137580107169 0.116267456735 0.0898834810211 0.0787391274852 0.0793133635192 0.0799354770917 0.0850296837968 0.0945043962202 0.123564453103 0.0965364086825 0.0747640275325 0.0531834645481 0.0585397913326 0.0714919475011 0.0916740912225 0.079439961174 0.0713772258943 0.0795506378413 0.0829006894474 0.0750658178587 0.0863612955169 0.104643244142 0.113901892005 0.102584252421 0.0936967115453 0.0909016638832
-9999 -9999 -9999 -9999 -9999 -9999 -9999 -9999 -9999 -9999 -9999 1.0971672725 0.932299134495 0.696554985857 0.519251097321 0.472728833643 0.217323181368 0.297006971508 0.202391436384 0.279259410631 0.103185109081 0.0522270901639 0.116347759937 0.267134438765 0.205706928685 0.205448347949 0.189340007303 0.152542334112 0.113536458835 0.0970493663514 0.0913947438055 0.117315452418 0.113720041662 0.105099520113 0.0807959400547 0.072342674705 0.0772030749857 0.0432537646757 0.0938980533338 0.0599505587198 0.0621607754349 0.113387848741 0.0878981165669 0.0685786553821 0.0650205962935 0.0675861320436 0.0609513296285 0.0620830309551 0.0778918964548 0.0792952823299 0.0852863750683 0.0839929477647 0.0678556729839 0.0648613868357 0.0643026922715
-9999 -9999 -9999 -9999 -9999 -9999 -9999 -9999 -9999 -9999 -9999 -9999 0.983189034122 0.893742709526 0.577032118535 0.431387283115 0.345595958789 0.377655486893 0.261023347013 0.2510294486 0.214840671617 0.286737675813 0.213756310966 0.203907057886 0.188414564462 0.184742450942 0.145812253878 0.155100147637 0.135621177188 0.119478618096 0.0989706462589 0.0888937850403 0.0736316458145 0.0790393708561 0.074362577734 0.105801757289 0.0922264374398 0.0644805479861 0.101964393847 0.0750832964919 0.0781936660408 0.0784515563122 0.0817223638489 0.0757327627529 0.0782381950014 0.0767373196803 0.0584109459645 0.0579703201994 0.0632810869546 0.0813975810979 0.0694826106506 0.0327245740828 0.0384636228337 0.076784294095 0.0679777953144
