data/recharge/transience/oldversion/mHM_recahrge_288.ASC
ncols   80
nrows    72
xllcorner    4374000.0
yllcorner    5656000.0
cellsize      500
NODATA_value  -9999
[rows 25 to 49 of 72, columns 0 to 56 of 80]
-9999 -9999 -9999 -9999 -9999 -9999 -9999 -9999 -9999 -9999 -9999 -9999 9.0456742451 8.89172120658 8.5009829509 8.38717289102 7.25937802859 7.42228473879 6.26752749082 6.50539815629 5.80423422715 5.84677050753 5.13238729876 4.15643065584 4.46285216367 4.6659100069 3.58832409691 3.71785520952 3.02630156892 2.72405961385 2.74154745894 2.57179711456 2.88598864773 3.10511319988 1.11310595136 5.27601817045 4.68159791708 1.94309684808 1.32641592019 1.98793949034 1.80705973555 1.62693520037 2.20142484694 2.86819025078 2.83858901098 2.87875897482 2.92340278964 2.9145804463 2.77169991269 2.91334801754 3.01668294656 1.92418053419 1.0805627577 0.871614233351 0.848637221759 0.909393607444 0.878714133833
-9999 -9999 -9999 -9999 -9999 -9999 -9999 -9999 -9999 -9999 -9999 -9999 -9999 8.85200962353 8.70774869139 8.67518238051 8.1539449428 7.9961963615 6.90423920519 6.69225042415 6.08040315652 6.39648883447 6.25558074895 6.1630488759 5.00490129911 4.20041053308 3.6450584161 3.14467081742 2.92207629417 3.12604757841 3.00015978716 2.85188737507 3.49945585477 1.85665947896 1.02610015564 3.37588222122 5.13532902852 1.48485494122 2.2088238378 1.66979473401 1.47952470684 1.62680836749 1.12454801232 1.52254739913 1.71229893014 2.23497006066 2.94187854483 2.86041985251 1.63782056478 1.0375412085 0.834518043357 0.874834238084 0.941434903468 1.1936549451 1.79043558089 0.744254932258 0.732237956346
-9999 -9999 -9999 -9999 -9999 -9999 -9999 -9999 -9999 -9999 -9999 -9999 -9999 -9999 8.67852690318 8.5821985729 8.02037244569 7.61242300222 6.77691425207 7.01990739914 6.020245537 6.69697197517 5.98818059196 5.50146771839 4.37878845856 4.41820341829 4.52585797707 4.50833524617 3.20137350983 2.74069627831 3.09059615904 4.10756537909 4.21552173377 2.78878972429 1.39065209875 4.39058624002 4.6318774646 1.97674297069 1.73741909692 1.86206162933 1.97195322479 1.55258556609 1.64730764763 1.28097595447 0.974017361255 1.11392958444 0.916916379075 0.961641507801 0.82746297165 0.979092820768 0.922590821069 0.727272204519 0.686855565022 1.11386956244 2.07897168945 3.05138998112 2.44403693187
-9999 -9999 -9999 -9999 -9999 -9999 -9999 -9999 -9999 -9999 -9999 -9999 -9999 -9999 2.57029080268 5.95285214514 8.13537381765 7.92117480752 7.26122043609 7.4427109371 6.83233796857 6.95921031075 5.83889374144 6.63113084981 6.04139275897 5.87573050553 4.3450325315 4.3876616404 4.45478667267 4.34947157841 4.42494400748 3.4334579778 3.99696406411 4.31358671188 1.79319082413 4.38059644289 4.73571954189 1.72839701839 1.83575566835 2.09989109948 1.52065801703 1.63269876745 1.52615970253 1.54551841503 1.45201928861 1.19851160863 0.977478131605 2.11128616293 2.33456894819 1.01144869643 1.21184641857 1.37827835532 1.49768702763 2.70712450314 3.44053539815 3.98420876637 2.38543174205
-9999 -9999 -9999 -9999 -9999 -9999 -9999 -9999 -9999 -9999 -9999 -9999 -9999 -9999 4.04817856777 6.11518853458 8.33269184319 8.16397312327 7.6592264018 7.58403001902 6.53223632733 6.9060526217 6.41850185199 6.30518567069 5.37893182633 5.1268952858 4.82930178818 5.01192462214 4.03492407944 4.31251462874 4.47954481686 4.42382295807 3.8865755319 3.21236473811 6.14653313642 3.84971590122 4.41770849302 1.68861165637 2.01162281691 2.11844288818 1.40431260606 1.59723616521 1.39054042281 1.41924008354 1.13210978172 1.22561043501 0.93378011232 1.23610073955 2.12254183572 2.33070608133 1.64352448522 0.82663000972 1.03403507677 0.811130438867 0.64655613527 0.983034815132 1.21880601799
-9999 -9999 -9999 -9999 -9999 -9999 -9999 -9999 -9999 -9999 -9999 -9999 -9999 -9999 9.11513217278 8.89748630933 8.64677477463 8.68140902746 8.34810562841 8.42595495392 7.48964547013 7.28687559925 6.63426602332 6.37851897959 5.00145859118 5.28456330167 4.48994289218 5.24787871413 4.37041092658 4.23864130026 4.57741124582 4.87729418558 4.43619269691 4.70597933271 3.98931616242 4.0142044923 3.64165975858 5.27565135928 3.06464075528 3.76974912946 1.25732687434 1.36333607082 1.24116878128 1.34279915399 1.07938074427 1.0137838715 1.52688806407 1.45528672406 2.58856694447 3.09685770763 1.8426036872 2.38942351973 1.50359235102 1.78771226294 1.60626666523 1.33473786809 1.43235458713
-9999 -9999 -9999 -9999 -9999 -9999 -9999 -9999 -9999 -9999 -9999 -9999 -9999 -9999 -9999 8.78725836988 8.55445060429 8.3680916234 8.09953499623 7.80715291008 6.53785404465 6.71510300629 6.58903238184 6.48167714222 4.97912783109 5.36729306183 4.54516626759 4.68969458693 3.74263837518 4.19704428367 4.05785666934 4.01262762926 3.6122775256 4.41499043782 4.16746055729 4.18826325737 3.94474631232 3.89919197152 3.70843830732 3.53096422609 2.92345747629 3.66110763254 0.423342123659 0.648423909988 0.943132352464 0.648292955532 0.367003579142 0.386759075644 0.633292535341 1.04970637601 0.898962723259 0.809196830816 1.22360201927 2.10574867152 1.96840788434 1.93463326653 1.52824881148
-9999 -9999 -9999 -9999 -9999 -9999 -9999 -9999 -9999 -9999 -9999 -9999 -9999 -9999 -9999 -9999 8.37102090042 8.02443628463 7.86734239205 8.3453323814 7.96641424652 7.52761437466 6.24651342578 5.66201023858 5.2262452011 5.04619634633 4.17767182989 4.36473238858 3.5627611634 4.19019827129 4.38831654199 4.2207828393 3.52700307179 2.62310404408 3.51788828303 3.71804346239 4.09941609895 4.26434001553 4.14240271036 5.11998090801 6.5334199126 6.4120345109 3.46299571574 0.601751967017 0.327770544314 0.260797040485 0.22197409929 1.0929561814 0.984587537459 0.775134886664 0.920930649019 1.40358493254 1.07846625735 0.897380037002 0.987907037501 0.884715870799 0.837316035859
-9999 -9999 -9999 -9999 -9999 -9999 -9999 -9999 -9999 -9999 -9999 -9999 -9999 -9999 -9999 -9999 8.35576382909 8.44086199207 8.37310918744 8.07952457856 7.11794097425 7.68526389075 6.43175165914 5.68891336365 5.14069899033 5.43194949462 4.36259994642 4.39233621958 3.61288136519 3.95727428793 3.82120636191 3.27893806075 3.83199885162 3.09003322251 3.82077294016 3.62984864177 4.93413811911 4.32049612518 4.10939512664 4.16314307006 4.50468118252 5.05693266801 5.01984458302 2.31437700121 1.00794993239 0.571497626083 0.710363993086 1.9405032227 0.748312676519 0.93855338367 1.11736147431 1.17439178648 1.55175918006 1.66970584323 1.99874961594 1.360640112 0.844745928184
-9999 -9999 -9999 -9999 -9999 -9999 -9999 -9999 -9999 -9999 -9999 -9999 -9999 -9999 -9999 6.82910185478 6.86643528613 7.05546153507 7.92713024147 7.82242918418 7.19225819274 7.2787595528 6.10724801375 5.53906853847 4.77196585301 4.98966512816 4.38810237001 4.43879776142 4.0954483865 4.25279522506 4.32864170502 4.4097241873 4.59959985813 3.93250342914 4.74394067692 3.45611397361 4.19971601374 4.86848918759 4.66933847484 3.56374963565 2.70758694994 1.45682392281 0.59259338495 0.577618651979 0.705470540478 0.479219022733 3.05064811897 2.92768023209 1.13334729561 1.33867964193 1.04667400041 0.829356578153 0.812972174507 0.905475427388 1.00065201633 1.0302223734 1.21246804754
-9999 -9999 -9999 -9999 -9999 -9999 -9999 -9999 -9999 -9999 -9999 -9999 -9999 -9999 7.32541616183 7.19246085111 7.01337473552 5.91363401096 6.76067789595 7.58964179297 6.66953866485 7.02683341512 5.66923798215 5.79316869602 4.77154558163 4.63069931096 4.03528220668 4.30264234052 4.07305108202 4.07285707971 4.02101892788 4.08637914213 3.34385522314 2.90911174545 2.95603739181 3.33630016236 5.89383825021 4.8178069741 0.440392244182 1.38408228017 2.08612158405 0.506172250327 0.398611473139 0.443147621851 0.360424536469 0.313914022888 0.685838393964 1.11361387893 1.28910456765 1.04731985046 0.929050262182 0.920293831155 0.872220799941 0.852125368698 0.814214075277 0.865476592262 1.00837662006
-9999 -9999 -9999 -9999 -9999 -9999 -9999 -9999 -9999 -9999 -9999 -9999 -9999 -9999 7.38337032221 7.54972544287 6.89371527206 5.27974456205 4.58768746536 4.84215748529 5.59383991122 6.13526139764 5.54204126614 5.72178584109 4.51321049497 4.05775709339 3.13960254823 3.29232263159 3.11318441583 3.95392399968 4.38899667064 3.84465206745 3.19657263987 2.8598096722 2.45600539965 3.55125910774 3.1620349748 4.38491684233 1.69833999588 1.78135739404 2.82263065974 2.44719124998 0.634335558608 0.555559839368 0.486433677607 0.297285304122 0.488233332654 1.54813608319 1.77700276833 2.18481252268 1.89250568277 1.87052570122 1.35010981087 1.18220383607 1.36202955173 1.30297699821 1.03262271589
-9999 -9999 -9999 -9999 -9999 -9999 -9999 -9999 -9999 -9999 -9999 -9999 -9999 -9999 -9999 -9999 6.97332276982 6.24467628441 6.17517947588 6.10002939395 5.5767916123 5.67990955776 5.98486575663 5.99944326073 4.68892256981 3.83966820493 2.39069254095 2.52809856738 2.10381726364 2.81807617886 3.49542865812 3.10339196783 2.91528108278 2.48988243292 2.78514795408 2.8122324662 3.39048922464 1.86350082478 3.18973481966 3.4526532907 2.00324568727 1.62259052854 3.08623396183 2.07691911074 0.351598161168 0.413562907543 0.375018173843 0.740874918747 1.18116870778 1.45983791994 1.24031067418 1.27877628744 1.15594317309 1.00376803899 0.719403431644 0.761906141984 1.12227967239
-9999 -9999 -9999 -9999 -9999 -9999 -9999 -9999 -9999 -9999 -9999 -9999 -9999 -9999 -9999 -9999 6.32840092127 6.19492196238 6.18267153234 5.29343173992 5.24520627908 5.41638529793 4.99850646292 5.25284633768 5.13908276703 4.31364532792 3.34323702755 3.19042236847 2.79323595947 3.03715582214 3.78892345607 3.59734178133 3.04500112475 2.66810671145 2.12361013119 2.25743886231 2.35352874072 2.71872769337 2.17830283847 1.87166342429 2.24006635499 2.83264414907 3.59532664292 3.3842345364 1.6090418582 0.365017161832 0.214079807704 0.381541134276 1.06779403622 0.850887440868 0.693927149784 0.704921563337 0.58188342472 0.665683828179 0.652298241426 0.656674569037 0.636068702783
-9999 -9999 -9999 -9999 -9999 -9999 -9999 -9999 -9999 -9999 -9999 -9999 -9999 -9999 -9999 -9999 -9999 -9999 6.22347863049 5.6564733135 4.82041622395 5.21012654348 5.33350451893 5.74711410987 4.9608938978 4.55594826127 3.0473497524 3.08471480269 2.76466885193 2.88160416853 2.70010477532 2.44179285408 2.41405592363 2.58405021022 2.08961922802 2.52620165289 2.5173513604 1.93038205876 2.08342776567 2.51604095066 1.92344344055 1.72871279162 1.58897759737 1.57803452208 1.41707467522 1.177272453 0.263291115412 0.255534369104 0.458721070064 0.65469921355 0.747545259109 0.807189681695 0.594648942799 0.611173344561 0.704680708401 0.753379042297 0.68694129079
-9999 -9999 -9999 -9999 -9999 -9999 -9999 -9999 -9999 -9999 -9999 -9999 -9999 -9999 -9999 -9999 -9999 -9999 -9999 4.79163977405 4.93246294287 5.16627386649 5.1129304205 6.86303451364 5.61416064693 5.41906409726 3.8834780275 2.97085242955 2.63579227584 2.55115512129 2.61505559825 2.59470091057 2.39378325184 2.34064184526 2.04691825807 1.62968488784 1.55834344513 2.2062968623 2.09795295754 2.32240554254 1.7675535389 1.62902548662 1.34052388394 1.64171834798 1.64438558826 1.71410845981 0.886529938713 0.230289208673 0.192691159327 0.360334127796 0.539066351361 0.702681033788 0.568059948122 0.56248886262 0.675373879758 0.64595385311 0.527391376573
-9999 -9999 -9999 -9999 -9999 -9999 -9999 -9999 -9999 -9999 -9999 -9999 -9999 -9999 -9999 -9999 -9999 -9999 5.58265701382 5.8637475062 6.08186998956 5.990285989 5.25244931138 6.13308786966 5.51834196649 5.63330971032 4.59650369997 3.77988277319 2.99036078263 2.79125012094 3.19698547619 2.35847522687 2.66542314319 2.21544226013 2.08294243071 2.537820663 3.20602912605 3.01814630539 2.73102007169 2.56489491362 2.4296865478 1.76581288571 1.53142164702 2.17278088996 1.55621564599 1.89447582107 1.57619672026 1.07550915041 0.42931334319 0.239543534576 0.363843333794 0.656276707097 1.05589599721 1.13251443555 0.898505831436 0.801582676943 0.723187405469
-9999 -9999 -9999 -9999 -9999 -9999 -9999 -9999 -9999 -9999 -9999 -9999 -9999 -9999 -9999 -9999 -9999 -9999 -9999 6.69208156907 6.75029775741 6.58471930506 5.46945152181 6.24227583773 6.15499273126 6.0934347902 4.57235869823 4.82667146252 3.81391664437 4.45876090314 4.97745228577 4.96271783873 4.38907829286 2.72256443732 3.01335160607 2.39842340774 1.42287138452 1.24558307245 1.09996792732 1.10060144897 1.32133108618 1.86292033263 1.85176578936 3.16299598911 3.21846848214 2.96714107682 1.93880746471 1.47364421977 0.623734674817 0.300761085818 0.142104171124 2.03924751484 2.50662042754 2.66404133248 1.18963975286 0.39668396498 0.475580841215
-9999 -9999 -9999 -9999 -9999 -9999 -9999 -9999 -9999 -9999 -9999 -9999 -9999 -9999 -9999 -9999 -9999 -9999 -9999 -9999 6.19321908125 6.49027347383 5.51474810864 5.86139968137 5.53377441042 5.95040072247 4.52314061918 4.94001004018 5.61215595585 5.26518948292 4.64718207351 4.51824206175 3.28440371944 4.57505290422 4.40589521214 4.10136771907 2.23352001325 2.62788361384 2.49396761737 2.35286310515 1.92544657804 2.4522208171 2.33417096132 2.05470406236 2.55563459362 2.23755917515 1.87064456644 2.09008388646 1.76101876398 0.979390566378 0.515730088402 0.336768005885 0.176540397912 0.186676531848 1.2765959087 0.211096640334 0.219610919528
-9999 -9999 -9999 -9999 -9999 -9999 -9999 -9999 -9999 -9999 -9999 -9999 -9999 -9999 -9999 -9999 -9999 -9999 -9999 -9999 -9999 6.70863773426 6.12379986594 6.21662203099 5.3084989962 5.01587436095 4.77667303372 5.31848754161 4.78283910707 4.57046097392 4.89210394059 5.22549603295 3.80088294677 4.48824458968 4.65055614949 3.71500466567 2.98976508581 2.29414006786 2.03254665605 2.20627662661 2.76270615468 2.90834935846 3.04683492724 2.08660377622 1.7244775972 1.33441242871 1.61534932701 1.76833732143 1.73294659965 2.09245810713 2.14003482559 1.84924665473 1.00490108137 0.287682229895 0.111290478306 0.139875650936 0.164851216317
-9999 -9999 -9999 -9999 -9999 -9999 -9999 -9999 -9999 -9999 -9999 -9999 -9999 -9999 -9999 -9999 -9999 -9999 -9999 -9999 -9999 6.08637793897 5.6575541947 5.65752869566 5.73113963015 6.33069359213 5.32873117084 4.49576896678 3.8209330442 5.0351190339 3.83179475321 5.09738205317 4.11044128452 3.36114104379 2.09502217687 2.68991656398 2.40546445419 2.43789956004 2.18279126957 2.65679717649 2.79312368486 2.67937652642 2.05849767966 1.95087109823 2.25181412284 2.14042033485 1.96387405566 1.9155692379 1.29031617095 1.38695314409 2.16454957855 1.77694657798 0.627886041061 0.223597221428 0.178113303672 0.120162372523 0.132572877645
-9999 -9999 -9999 -9999 -9999 -9999 -9999 -9999 -9999 -9999 -9999 -9999 -9999 -9999 -9999 -9999 -9999 -9999 -9999 -9999 -9999 -9999 6.01999819129 6.53751226547 6.77403226831 6.81963634665 5.67049790585 5.05121176445 3.59477170491 3.73273793119 4.25240494453 4.4288796603 3.1977570779 3.02508693956 4.01367616573 3.14285584821 3.07014928943 2.86577585357 2.6982362195 2.6486775197 2.73047967903 1.88408690968 1.98518660566 2.50443402434 1.44235694714 1.2855871105 1.01055881388 1.26861366161 1.63260678664 2.72428694387 1.63824195033 2.72141156835 1.01206199389 0.241529565221 0.1199601202 0.105892917632 0.121430624979
-9999 -9999 -9999 -9999 -9999 -9999 -9999 -9999 -9999 -9999 -9999 -9999 -9999 -9999 -9999 -9999 -9999 -9999 -9999 -9999 -9999 -9999 6.18736680005 6.04900097341 6.57629035467 7.27682910079 5.93596229417 4.36092369582 3.82858781887 3.97811916978 3.8153700213 3.9133919194 3.76262444716 3.33750432805 3.20181523893 4.2040170082 3.01387889502 2.77595795888 3.15779930728 3.15378608732 2.12066171961 2.7840994071 2.01965297523 1.63515701236 1.45168023835 1.65759471631 1.92167624007 2.0375257044 1.24522425453 1.18110518759 1.02268771299 2.11541649089 0.194977878427 0.385660583714 0.234830648859 0.212930367169 0.17038883729
-9999 -9999 -9999 -9999 -9999 -9999 -9999 -9999 -9999 -9999 -9999 -9999 -9999 -9999 -9999 -9999 -9999 -9999 -9999 -9999 -9999 -9999 6.4100384305 6.72380133962 7.95583788085 7.91099657409 6.33930374856 5.50919128609 4.40745562159 4.84409137195 3.99760994531 3.59449775193 3.49218851775 3.46609688061 3.6195721266 2.58558434275 2.522722106 3.29419722115 2.78361733127 2.54999229951 2.81657646641 2.27365278275 1.6246357087 2.00504841012 2.37592998677 2.17657319492 1.99630560631 1.74692077934 1.39933938882 1.40174406331 1.76084504402 1.47682400342 0.370002540472 0.329570847988 0.385732850433 0.424608732259 0.245436444105
-9999 -9999 -9999 -9999 -9999 -9999 -9999 -9999 -9999 -9999 -9999 -9999 -9999 -9999 -9999 -9999 -9999 -9999 -9999 -9999 -9999 -9999 -9999 6.98760683464 8.31672854783 8.01297506188 6.03986832397 5.16636891685 4.31266841952 4.63659820652 4.02759177074 4.34061841437 4.1937742558 4.50247037021 3.16973655878 3.52020657751 3.59614839995 3.11092403861 2.05678548851 1.90149948869 1.64467370484 2.14716801218 2.56585945164 2.63195470561 2.24071772575 2.00597399954 1.16557931322 1.03372540702 1.00780868388 1.08586877418 0.895519782404 1.10571637681 1.18249066271 0.840434295049 0.291430173722 0.273050828642 0.82968860597
