data/recharge/transience/oldversion/mHM_recahrge_330.ASC
ncols   80
nrows    72
xllcorner    4374000.0
yllcorner    5656000.0
cellsize      500
NODATA_value  -9999
[rows 0 to 24 of 72, columns 0 to 55 of 80]
-9999 -9999 -9999 -9999 -9999 -9999 -9999 -9999 -9999 -9999 -9999 -9999 0.577345051042 0.578745827429 -9999 -9999 -9999 -9999 -9999 -9999 -9999 -9999 -9999 -9999 -9999 -9999 -9999 -9999 -9999 -9999 -9999 -9999 -9999 -9999 -9999 -9999 -9999 -9999 -9999 -9999 -9999 -9999 -9999 -9999 -9999 -9999 -9999 -9999 -9999 -9999 -9999 -9999 -9999 -9999 -9999 -9999
-9999 -9999 -9999 -9999 -9999 -9999 -9999 -9999 -9999 -9999 -9999 -9999 1.74506302399 1.17973771786 0.895595517039 -9999 1.00077938445 -9999 -9999 -9999 -9999 -9999 -9999 -9999 -9999 -9999 -9999 -9999 -9999 -9999 -9999 -9999 -9999 -9999 -9999 -9999 -9999 -9999 -9999 -9999 -9999 -9999 -9999 -9999 -9999 -9999 -9999 -9999 -9999 -9999 -9999 -9999 -9999 -9999 -9999 -9999
-9999 -9999 -9999 -9999 -9999 -9999 -9999 -9999 -9999 -9999 1.22169283889 1.21936464847 1.44131404824 1.52427289951 1.00083450481 0.90989333863 0.721517758985 0.76169055325 -9999 -9999 -9999 -9999 -9999 -9999 -9999 -9999 -9999 -9999 -9999 -9999 -9999 -9999 -9999 -9999 -9999 -9999 -9999 -9999 -9999 -9999 -9999 -9999 -9999 -9999 -9999 -9999 -9999 -9999 -9999 -9999 -9999 -9999 -9999 -9999 -9999 -9999
-9999 -9999 -9999 -9999 -9999 -9999 -9999 -9999 -9999 1.22397511363 1.22482164251 1.19415598174 1.11791757923 1.22446257551 1.07293699973 1.00458332626 0.9485905878 1.1606146303 -9999 1.19593436506 -9999 -9999 -9999 -9999 1.04979478823 1.08387667565 -9999 -9999 -9999 -9999 -9999 -9999 -9999 -9999 -9999 -9999 -9999 -9999 -9999 -9999 -9999 -9999 -9999 -9999 -9999 -9999 -9999 -9999 -9999 -9999 -9999 -9999 -9999 -9999 -9999 -9999
-9999 -9999 -9999 -9999 -9999 -9999 -9999 -9999 2.12091187787 1.67370501726 1.21634598445 1.13001948632 1.05084265061 0.91515015205 0.935922122365 0.851773683268 0.860912846415 0.771053261029 0.716553470369 0.797457728007 0.806923163061 0.897432066576 -9999 0.887029184374 1.34790780313 1.26170171037 -9999 -9999 -9999 -9999 -9999 -9999 -9999 -9999 -9999 -9999 -9999 -9999 -9999 -9999 -9999 -9999 -9999 -9999 -9999 -9999 -9999 -9999 -9999 -9999 -9999 -9999 -9999 -9999 -9999 -9999
-9999 -9999 -9999 -9999 -9999 -9999 1.80052962719 1.40506062064 1.2956049712 1.40431840288 1.52134554251 1.55906616886 1.27043188053 1.14819139534 0.90611631922 1.04158818079 0.899053221576 0.830063151503 0.808807953762 0.781608973532 0.764515597667 0.852277560739 0.93562569338 0.907579473546 0.993629727967 0.931447572396 1.04839389273 -9999 -9999 -9999 -9999 -9999 -9999 -9999 -9999 -9999 -9999 -9999 -9999 -9999 -9999 -9999 -9999 -9999 -9999 -9999 -9999 -9999 -9999 -9999 -9999 -9999 -9999 -9999 -9999 -9999
-9999 -9999 -9999 -9999 -9999 -9999 1.80956872463 1.53831300704 1.14719021777 1.08056062216 0.966544557017 1.01600252636 0.983884340321 0.908878585944 0.814709838728 0.674374454034 0.736930817865 0.707694399691 0.762753169722 0.593345790519 0.667454391357 0.871363771235 0.76527717687 0.856194725624 0.858570176203 0.758066577842 1.06547529168 1.03252225932 1.01505267063 0.909415163595 1.30391013451 1.27239953298 -9999 -9999 -9999 -9999 -9999 -9999 -9999 -9999 -9999 -9999 -9999 -9999 -9999 -9999 -9999 -9999 -9999 -9999 -9999 -9999 -9999 -9999 -9999 -9999
-9999 -9999 -9999 -9999 -9999 2.38357512492 1.92556904716 1.8766693072 1.64291865875 1.82131035554 1.62438927425 1.34983281986 0.960430251341 1.02798911382 0.962714690099 0.978684985697 0.756277479658 0.888777975319 0.926125306851 0.625056695579 0.673644738221 0.6281737744 0.690738051696 0.734781306413 0.915139300788 1.01258805885 1.02668753455 0.852921774008 0.940868945792 0.898720073408 0.85726536285 0.945541442173 0.784273847022 0.727334275887 -9999 -9999 -9999 -9999 -9999 -9999 -9999 -9999 -9999 -9999 -9999 -9999 -9999 -9999 -9999 -9999 -9999 -9999 -9999 -9999 -9999 -9999
-9999 -9999 -9999 -9999 -9999 2.36661447621 2.03677582636 2.05997153645 1.69249742867 1.48596800624 1.41559564301 1.57391833108 0.90548052027 0.859413578475 1.36671450618 1.62752151734 0.851857757783 0.485077778946 0.69925450781 0.563895572207 0.752898917978 0.771569997898 0.924142098451 0.85788899293 0.784973313486 0.641592126551 0.878280126132 0.72145649226 0.765929291669 0.763035845339 0.735827346394 0.753104125252 0.827630813707 0.758441496813 0.82308821964 0.761091085233 -9999 -9999 -9999 -9999 1.06268951457 0.890312625959 -9999 -9999 -9999 -9999 -9999 -9999 -9999 -9999 -9999 -9999 -9999 -9999 -9999 -9999
-9999 -9999 -9999 -9999 -9999 2.08421574924 1.82559847502 1.89550827739 1.83566415846 2.02707284897 1.77041564702 1.63695537641 1.37734818507 1.67007652678 1.5857788261 1.2246470653 1.00905202116 1.40034817771 1.11159863398 1.19750383536 0.987942150917 0.704671699658 0.658553798817 0.609282718273 0.745408617285 0.753179980329 0.82380413732 0.682088353549 0.848250924578 0.645986181555 0.486629202676 0.581326572997 0.807853866755 0.755362055185 0.759683407882 0.822921174519 0.846342276055 -9999 -9999 0.905660661326 1.08517797097 1.01382719271 1.24190080565 -9999 -9999 -9999 -9999 -9999 -9999 -9999 -9999 -9999 -9999 -9999 -9999 -9999
-9999 -9999 -9999 -9999 -9999 -9999 2.40930412314 2.72802728792 2.02710179071 1.8643621664 1.53715728435 1.77945547086 2.06797462158 2.47253232596 1.15726885381 0.982086594074 1.08376290221 1.02980969684 0.83439818231 0.808643747152 0.883675818604 0.954162699295 0.861687789373 0.982676290935 0.828038379915 0.696204415226 0.630327877615 0.775238397014 0.667836630906 0.647567544948 0.612812555968 0.775812323872 0.735225457647 0.755829947542 0.858630388754 0.822683967232 0.866644299723 0.844612737029 0.95722975545 0.909970146851 0.945266371573 1.25922476323 1.01769988954 0.91993511932 -9999 -9999 -9999 -9999 1.52299874494 1.30910094551 0.336460128957 -9999 -9999 -9999 -9999 -9999
-9999 -9999 -9999 -9999 -9999 -9999 -9999 2.25566662189 1.74641659171 2.16056383578 2.11816142221 1.79988139366 1.54153747851 1.27409998644 1.2012415751 1.65384491657 1.46672301964 1.39460988516 1.3350820168 1.01393074529 0.793991607541 0.803653990304 0.783263180409 0.796582359381 0.714508428841 0.596466195672 0.729651379836 0.683043026839 0.679288905291 0.618729220186 0.689397130959 0.669962035961 0.768189854286 0.670688832277 0.85991133377 0.84757984707 1.03159383459 0.975671451249 0.922323502093 0.919035274617 0.80892770927 0.817012671429 1.11062644445 1.44262551731 1.33547151616 1.44540850305 1.65205336242 1.38107285797 1.34233129143 1.02658934624 0.706474776642 0.50017642563 -9999 -9999 -9999 -9999
-9999 -9999 -9999 -9999 -9999 -9999 -9999 -9999 1.59007026895 1.43980035793 1.75412351882 2.06788762713 1.82544076325 2.07923185773 1.93643987358 1.64533117921 1.12724731211 1.13668025358 0.894231236086 1.07452292148 1.51409860426 1.41431605348 1.10300758384 1.27813412542 1.29669141401 1.20046371451 0.632047248759 0.66116749354 0.556553542727 0.457801537349 0.636055226111 0.654372667999 0.667660968745 0.637030349773 0.722384879021 0.819271518488 0.85903309949 0.916945998833 0.861938363574 0.877765489346 1.10126396086 1.14492407558 1.4474605557 1.30799491165 1.32982197003 1.20130444619 1.33674169414 1.16888106816 1.07765112583 0.853411946697 0.754475150042 0.789974624664 0.561288981236 -9999 -9999 -9999
-9999 -9999 -9999 -9999 -9999 -9999 -9999 -9999 2.16667601535 1.75918324344 1.55071521916 1.56846690718 1.51884461083 1.50045179684 1.22130377456 1.17535797739 1.10035021893 1.21683141847 1.07666890634 1.21728018558 1.38696318992 1.36184680572 1.49381812519 2.2252548438 1.75152604297 1.18296239933 1.30673437703 0.824277848744 0.695455213886 0.573087249781 0.47498065764 0.569002456576 0.524158432785 0.597206045722 0.731342935295 0.505072389892 0.977864342673 0.862828844999 0.858831328001 0.832087029331 0.869307435937 0.925466735021 1.33530145805 1.33065211032 1.20638963813 1.19101925814 1.31806466437 1.20317247029 1.05538761296 0.842150729795 0.792975127084 0.798909248821 0.642742338066 0.743793202665 0.555491296366 0.621826188375
-9999 -9999 -9999 -9999 -9999 -9999 -9999 -9999 -9999 2.65791820881 2.16913109742 1.53939605622 1.63087009802 1.7522286426 1.62104463112 1.66458906662 1.97469785659 2.15455530776 2.19106869412 2.20596945816 1.90660891039 1.31185803407 1.37645071367 3.37388625484 2.68465996839 2.20034520487 1.46655543511 1.13447852802 0.606429592175 0.627905933831 0.638536983395 0.669060709656 0.669318466855 0.569155092954 0.57926390328 0.636633955157 0.874806632647 0.792810954412 0.78205055806 0.797334740436 0.81585535295 0.882218642296 1.16040431833 1.72301354708 1.32735459684 1.09156171799 0.977248554962 0.936700289033 0.672763376939 0.651018730809 0.651409629586 0.61814653062 0.534435192431 0.57628808839 0.616429798095 0.56968887619
-9999 -9999 -9999 -9999 -9999 -9999 -9999 -9999 -9999 -9999 1.80292621404 1.83325462216 1.56218770613 1.68345217064 1.43819632699 1.27572106211 1.36413012587 1.90677863565 1.57788762505 1.26202372776 1.14522076432 1.15264797976 0.900157600726 1.13726333799 1.65115666927 2.36665087227 2.18096913067 1.46139328756 1.01629836314 0.695395279427 0.581737830265 0.587405169018 0.707306379589 0.623011386948 0.858279477434 0.737133292575 0.838023588746 0.794099232219 0.793123439039 0.801489927326 0.887851620225 0.880299628302 0.798728540767 1.17976283693 1.77863278372 1.88924569875 1.51752004033 1.06097795452 0.762741002683 0.737826021692 0.795223774424 0.75217623197 0.55405926778 0.575318107161 0.480256474454 0.609176172929
-9999 -9999 -9999 -9999 -9999 -9999 -9999 -9999 -9999 -9999 -9999 1.38610347518 1.19129818405 1.59312697343 1.49820603057 1.30919156432 1.60268314609 1.56864515938 1.1927599804 1.23634866851 1.37845242042 1.39026239409 1.14404952234 0.85007930163 0.875833689064 1.1424716086 1.79744169984 2.23964571862 1.61481346004 0.364264989776 0.505912474302 0.617156832158 0.61128152413 0.680891716244 0.700464340618 0.597567841076 0.743304342712 0.733847496505 0.823338632067 0.822278137066 0.98742006153 0.876114436387 0.966378573634 0.802299653048 1.02498460243 1.14391703139 1.15310818435 1.36215421285 0.796813143979 0.714146368824 0.60913905096 0.716873790724 0.650892419777 0.520603741549 0.392894041889 0.399864038925
-9999 -9999 -9999 -9999 -9999 -9999 -9999 -9999 -9999 -9999 -9999 0.92617302045 1.15144521032 1.30501340968 1.5059364199 1.44836199357 1.26861226745 1.10423838626 1.12285024694 1.14426733462 1.14181682991 1.38769595806 0.970085759159 0.998848697511 0.86404601213 1.10873284634 1.05864029129 1.2478311856 1.32081572253 0.827221909773 1.60328806848 1.82676008933 1.202328168 1.05898869337 0.8178205548 0.608293599868 0.738047724341 0.760743844266 0.785842096969 0.811204695657 1.10199487272 1.11812943796 0.886364537609 0.897597980783 0.849213474094 1.35134047394 1.87802601861 2.16299611954 1.84391917873 1.13126912722 1.41798825101 1.16511937845 0.683500762131 0.628224535539 0.566714967645 0.470609259262
-9999 -9999 -9999 -9999 -9999 -9999 -9999 -9999 -9999 -9999 -9999 2.44015494644 2.1562684949 1.94933077609 1.27652383513 1.54527578667 1.3742689497 0.948208783903 0.89141550634 1.02124662631 1.02401854902 1.06439632835 1.05570445791 0.874044140625 0.698600668788 0.653922093267 0.618950580549 0.595126209206 0.668497775791 0.688446984809 0.934643785786 1.71779530742 2.76122166886 2.26216504443 0.91702874929 1.02547487049 1.21297893276 0.836221758513 0.675113366191 0.595060776367 0.761007768048 0.967426272163 1.25179572401 1.47943780825 1.63355418249 1.93827840734 1.60293517339 1.3798285197 1.29245032168 1.41849418795 1.26466970866 1.45822385584 1.45430282197 1.40365811395 0.758183545668 0.49881712031
-9999 -9999 -9999 -9999 -9999 -9999 -9999 -9999 -9999 -9999 -9999 -9999 1.47911417829 1.80135503518 1.68345712423 1.46216749183 1.41351926144 1.31312427965 1.06268144746 1.08471958299 1.0811167963 0.978372507395 0.963713136416 1.01574289386 0.721522197863 0.750748838577 0.640229582387 0.681623180001 0.637654902582 0.583655992853 0.597063648587 0.650995688353 0.588865922718 0.791519620045 1.03537670334 0.181584870238 1.15935416185 1.05652216737 0.933760305912 0.810104148147 1.00058278979 0.99783304113 1.65519105141 1.98398930631 2.1662013283 2.03638889694 1.38678227111 1.40664394582 0.919902501643 1.13955521915 1.1848250803 0.95057854617 0.74063468071 0.726816044164 0.622571737547 0.339771125026
-9999 -9999 -9999 -9999 -9999 -9999 -9999 -9999 -9999 -9999 -9999 2.17600125522 2.14663867085 2.43540394604 2.61023807472 1.68814738507 1.31888006753 1.50859649607 1.24284940223 1.23087263664 0.918273368433 0.890674710818 0.766776276227 0.802248449138 0.810329192412 0.787101173761 0.671175673711 0.596184867524 0.614770921672 0.577086364114 0.53136442862 0.569949088454 0.530456808899 0.51950651585 0.608284841527 1.13348818976 1.43134000053 1.00804985204 1.02535808604 0.678119101104 0.880914650057 0.832012996171 1.42236118465 1.83160714963 2.4089466723 2.40308813966 1.65209444028 1.85131540479 1.34998635253 1.37145462966 1.0053405249 0.659259067773 0.542193494359 0.549261679504 0.476945687328 0.551675086571
-9999 -9999 -9999 -9999 -9999 -9999 -9999 -9999 -9999 -9999 -9999 2.3492242698 3.04735376741 2.88218219484 1.99896292613 1.39859220404 1.69306957589 1.62131273783 1.22683129449 1.30357301003 1.25440424167 1.19476177502 0.890595335327 0.900323331559 0.885113736139 0.897683200366 0.61255704199 0.796901023227 0.716658541247 1.07027630919 0.920491977818 0.592663230042 0.513171531192 0.520324823609 0.579201968409 0.635814072995 1.18729729722 1.6748885437 1.43503120327 0.91111087817 0.756538760894 0.98521557165 1.20688018196 1.17231103679 1.25236987322 1.17383268741 1.33804734291 1.39843509611 1.11394775545 1.24062125862 1.02046159231 1.12412029334 0.918049780815 0.84620069616 0.752119607397 0.668105174792
-9999 -9999 -9999 -9999 -9999 -9999 -9999 -9999 -9999 -9999 -9999 3.55769360027 3.57730097286 2.91353091156 3.05128788172 2.95397479609 1.86480648951 2.10269694686 1.83057359464 1.88056024535 1.00410873643 0.808256429945 1.23004083667 1.99753589003 1.58276627293 1.57765340926 1.51005418737 1.11634733291 0.741832405422 0.577741462 0.590392165886 0.986523216544 1.03356245348 0.915781631937 0.668203478965 0.606122478688 0.745323539664 0.609579588273 1.24418004818 0.629303318936 0.876100720925 0.979671113106 0.935611960663 0.773066838 0.719700196576 0.740744772986 0.803526743752 0.833466037559 0.667938880489 0.603310180461 0.550605674693 0.709274023907 0.442088715688 0.419052016744 0.348216365586 0.507707759597
-9999 -9999 -9999 -9999 -9999 -9999 -9999 -9999 -9999 -9999 -9999 -9999 3.75745422903 3.43890077058 2.74427633403 2.56546899468 2.43795727907 2.37687705411 1.82555685236 1.9374418774 1.77000467901 2.05703701303 1.50022204503 1.43240153766 1.41338941108 1.37768672659 1.0658383363 1.16703439095 1.01417080453 0.823021576941 0.653184429105 0.514915635305 0.486606759423 0.556353864686 0.575717882215 0.9468509416 0.864938390058 0.783443545117 1.22654157827 0.994303541496 0.812350438293 0.688469376761 0.775693555229 0.780465977717 0.814994586126 0.817996502808 0.675276805458 0.748197769518 0.585105376089 0.569578999512 0.438685708851 0.183638062495 0.150732901544 0.463516597992 0.399400800478 0.365248863168
-9999 -9999 -9999 -9999 -9999 -9999 -9999 -9999 -9999 -9999 -9999 -9999 4.87448123635 3.74968143673 3.29848819622 3.1004545715 2.5149625069 2.70183899952 2.38448657598 1.96505349901 1.898782872 1.64535571114 1.53775105947 2.52360506318 1.85048993926 2.11884888169 2.2646177598 1.94471822442 1.45904093787 1.98810003343 1.48889512531 1.58324514398 1.26324612911 1.2051985674 0.958711128433 1.06341135118 0.964506756764 1.16034607412 1.62596129356 1.09755381976 0.897534305511 0.590552174343 0.511677378001 0.505651001908 0.549383452531 0.568636095583 0.495688646518 0.501700588559 0.40151899784 0.408269026164 0.357896119212 0.273410170278 0.270981946145 0.30526058805 0.281882304657 0.384888798992
