data/recharge/transience/oldversion/mHM_recahrge_0.ASC
ncols   80
nrows    72
xllcorner    4374000.0
yllcorner    5656000.0
cellsize      500
NODATA_value  -9999
[rows 26 to 51 of 72, columns 0 to 56 of 80]
-9999 -9999 -9999 -9999 -9999 -9999 -9999 -9999 -9999 -9999 -9999 -9999 -9999 27.2361111571 26.2156336547 25.686181213 27.5712804414 25.898023172 26.1509887086 26.9420746972 26.6597442731 26.4657692093 25.278481062 21.6952012997 27.3417338383 27.6355024616 24.5021076598 21.6881919691 18.8380521199 19.5286218692 16.2236394844 16.0960991522 21.3599492363 9.95854953444 2.71053754831 11.7808694031 16.1920713265 3.66022814594 8.51196261362 7.30320907189 6.42673263751 6.50782779126 4.28366888903 6.73112905177 9.08593133002 13.1608672797 16.5326693482 16.2752593667 9.1351058785 4.76123728366 3.30721231503 3.32246135844 3.42227797142 3.67175256654 6.33013097554 2.86915316758 2.86478773519
-9999 -9999 -9999 -9999 -9999 -9999 -9999 -9999 -9999 -9999 -9999 -9999 -9999 -9999 27.2397892139 26.2238663024 27.184703638 25.303851603 24.3971631358 24.5720445324 26.5215150529 26.7465057018 25.8767912655 26.70343039 24.6315466102 26.1691924076 25.5483179155 26.6860627183 21.2895887692 18.2167153529 17.2020640317 22.6218469773 21.7535850168 15.8439905085 3.35539142751 14.5402457971 13.5069130812 7.55055678408 7.66647280161 6.83631634004 6.82840430499 6.36609365746 5.64821114672 4.69547519426 3.71801575882 4.08972016969 3.47539489296 3.24083801669 3.15826854736 3.51525938638 3.4526976109 2.90762316904 2.71912656592 3.36245720779 7.47116713018 10.5055671795 7.04047933913
-9999 -9999 -9999 -9999 -9999 -9999 -9999 -9999 -9999 -9999 -9999 -9999 -9999 -9999 7.4660816164 17.4963248219 25.5543769856 24.490183805 25.4826621559 25.1728390568 25.948770409 27.2019625303 26.5534667326 26.3752199874 26.268932965 27.5750990225 26.1844628141 25.3022817807 24.4115818843 25.2297151916 19.3507839094 11.178200633 21.7559086992 25.5110805918 4.68172797851 13.4994115422 11.3224550502 6.51111908562 6.29375256988 6.87815155122 5.7541627009 6.27318760478 5.86945916556 5.62930537356 4.38428029689 3.81799360771 2.54475508086 5.70770498947 6.3384188191 2.82961067398 3.65420239803 4.02631532635 4.41780195222 6.46227766244 10.6966586117 12.2065915322 6.65689024256
-9999 -9999 -9999 -9999 -9999 -9999 -9999 -9999 -9999 -9999 -9999 -9999 -9999 -9999 11.7791032654 17.7155178858 25.6195047187 26.1641598636 25.5138211889 24.913375363 24.5458478331 26.323587842 27.1771201658 27.0036584828 26.717017665 26.5932940802 25.5041315823 25.2739561217 24.131642281 24.255308235 22.8573227741 21.8297922145 21.6624420653 23.8538831788 18.2922960282 11.9062661114 13.4332853409 5.92684204326 7.2016748169 7.09046271882 5.85901495087 6.41976616649 5.51799760481 5.58185156666 3.70659650489 3.87922301932 2.96527680565 3.63270415153 5.34272387192 5.56671267602 4.03463226302 2.13908920372 2.25312668254 1.65566922926 1.81767072404 2.92365900324 4.47940852578
-9999 -9999 -9999 -9999 -9999 -9999 -9999 -9999 -9999 -9999 -9999 -9999 -9999 -9999 27.4385226576 26.7185883988 25.649610378 26.4715192019 27.3588148208 27.336159674 27.7327222025 27.9570737861 27.2012224582 27.490322853 24.5171807816 25.9427669602 26.0485811454 25.6354645349 24.3990875554 24.4520549146 23.3736300403 23.4276057316 22.5595216071 18.4906975264 12.658116696 12.7116513973 11.1833207391 15.1090412212 9.58469072355 11.7150165284 3.10249855748 4.94280388981 4.40734069719 4.6640277129 3.66524142106 3.34559821612 4.52543432934 3.67781815741 6.77460027092 7.92949642233 4.67961926773 6.54399268002 4.54555012235 5.87391993194 5.69696203271 4.95967439778 5.79745045057
-9999 -9999 -9999 -9999 -9999 -9999 -9999 -9999 -9999 -9999 -9999 -9999 -9999 -9999 -9999 27.1846370967 26.5415784689 26.5362295253 26.2551345661 26.6084961414 27.2314335658 27.4113335393 27.3071115406 27.4224633697 24.720774732 27.451167677 25.7846702481 25.5770066684 13.5731743618 23.874722112 22.7607984147 22.7369867756 21.3943276649 16.2868559669 13.0272086626 13.0688362146 11.8829895062 11.7822521467 11.0449052884 10.3709866239 8.42741216674 9.53374191932 1.3323055084 2.17405180176 3.14622535322 2.01011205942 1.03662938295 1.04908934325 2.11934403125 3.83820981227 3.66158739711 3.39529174802 4.56186318276 6.84847044701 6.6354083261 6.5469151308 6.08168837839
-9999 -9999 -9999 -9999 -9999 -9999 -9999 -9999 -9999 -9999 -9999 -9999 -9999 -9999 -9999 -9999 26.4325126159 26.9086477804 26.5362247907 27.3336271991 27.2268713147 27.0115240181 27.4459969895 27.0417614676 25.1026531916 25.5873632678 24.7815752797 23.7235713838 13.2031564121 20.9902578982 23.4592746222 15.7166269979 10.5205171939 7.23556779473 13.1378768164 13.5853685545 12.8060671099 13.1374109828 12.590279356 15.7806960075 17.0261666184 16.678371574 6.04439333221 1.52922647256 0.944559959759 0.813580188837 0.723679895389 3.39428516441 3.46488320636 2.91907317154 3.76830483358 5.14034016862 4.42136747258 3.86677952354 4.39764027281 4.05627547471 3.93784687205
-9999 -9999 -9999 -9999 -9999 -9999 -9999 -9999 -9999 -9999 -9999 -9999 -9999 -9999 -9999 -9999 26.1866553223 26.0936933289 27.3891375694 27.2785300415 27.9088558433 27.1008180071 26.887302722 24.6621036213 24.7072632803 24.7097834202 24.0043618026 24.3934336001 14.0875717391 20.1419983423 14.5925833653 10.6499561602 11.9756797089 8.37558389481 13.7894657647 13.3923705369 15.4296391951 13.2450756888 12.5229028262 12.9862201723 9.65039470221 13.8466211847 10.1069695959 4.24685493603 1.89890776631 1.33758109154 1.34747153641 4.47766517931 2.88074901925 3.34855686927 4.33971044221 4.50187279936 5.7826734666 6.09796364074 7.44928494863 5.5811532297 3.96361174856
-9999 -9999 -9999 -9999 -9999 -9999 -9999 -9999 -9999 -9999 -9999 -9999 -9999 -9999 -9999 26.5026640911 26.5250574532 26.9273758531 25.5211502858 24.9236747266 26.950593117 27.1697650811 26.8724281474 24.8326400089 24.6614197313 25.0191901021 24.2638154367 24.1829727558 18.3465610098 22.7908065797 23.2845725401 23.5034043501 23.0690494167 18.7207738467 17.4226793954 8.15851887392 10.2889215167 14.9868998713 14.062919107 11.576022623 4.67342940034 2.67524058422 1.9203358129 1.89077037921 1.78851542223 1.40617802144 7.44505894359 8.39672558693 3.59476156405 4.36985049858 3.79765104192 3.20680217027 3.65055709226 3.94946828102 4.40110704611 4.49611290455 5.05927664096
-9999 -9999 -9999 -9999 -9999 -9999 -9999 -9999 -9999 -9999 -9999 -9999 -9999 -9999 27.7101117564 27.0630740334 26.6842702623 26.7583582691 25.9554709649 25.1463701719 26.2833180961 25.6748976963 24.6431697518 24.5023003274 23.9688738287 24.7078314862 24.069644132 26.4359675683 24.1968395623 24.3489301026 23.120173931 23.4910526613 22.2599833352 18.5558063203 13.6074693755 10.0319439355 16.3059634426 13.553220797 1.70317453207 2.72766541386 3.23393849102 1.61238106405 1.51129383188 1.6143630704 1.16861633812 1.06740954198 1.26003092885 3.60136885785 4.2635636961 3.6498404919 3.48370729012 3.45959411924 3.84308570837 3.77705669641 3.78568599798 3.9581144104 4.49005305958
-9999 -9999 -9999 -9999 -9999 -9999 -9999 -9999 -9999 -9999 -9999 -9999 -9999 -9999 29.1379412974 27.5343430065 26.6074980738 26.6175899515 24.5833260103 26.1858177014 25.1499568189 25.4272300784 24.6787614387 24.5257557322 23.9516058599 24.4491614979 23.0466892087 26.5549934553 25.1657986423 24.6896219379 23.9388474595 24.1340061323 14.989241901 13.9964508269 11.5818532933 14.5047898695 8.51955870833 12.4616197334 4.06051422564 4.22966200274 6.98225045369 5.86633259772 1.8960726389 1.75115921564 1.5579402518 1.12196254391 1.49229451748 5.23232266971 6.12139083979 6.94944004075 6.97628511642 6.91874804515 5.40682244837 4.89752340906 5.45794050182 5.28135180432 4.55225772512
-9999 -9999 -9999 -9999 -9999 -9999 -9999 -9999 -9999 -9999 -9999 -9999 -9999 -9999 -9999 -9999 27.0634680556 26.8845236163 26.4005979221 26.1465216078 25.8027611795 25.4756006762 24.9666580402 24.8106454632 24.1485603852 23.8101997813 16.8380835369 17.6878522531 17.4883157486 21.2969867999 23.0644599565 16.7688036295 14.177985793 12.8527909449 12.3477451695 12.4250377407 11.6065771279 5.99743560081 8.80406786418 10.1861736349 6.65150738615 5.32922394917 7.46253357941 3.8917618259 1.25420613066 1.39628455124 1.24621966455 2.91984592738 4.57844212572 5.19170033115 5.12849661694 5.24555940416 4.81539490354 4.33837887607 3.4040925253 3.54922181852 4.81531778777
-9999 -9999 -9999 -9999 -9999 -9999 -9999 -9999 -9999 -9999 -9999 -9999 -9999 -9999 -9999 -9999 27.4978191531 27.6059177787 27.4591267286 26.3718719421 25.0880389823 25.7295733854 24.8092699034 24.7979148969 24.5920017247 24.1613008198 19.8114279444 19.4312332078 20.6128708395 21.4040244075 21.06905895 20.5486000756 17.1483777395 13.8970449061 10.5888254124 11.0194282565 10.7884786133 11.8551424711 8.49189979955 7.22102362206 8.00222415709 9.56995770212 11.1513836078 10.2211652703 4.96041592917 1.37341725192 0.913821531164 1.5164191837 4.35421978307 3.66415773087 3.10021827109 3.13452353463 2.58772890456 2.85372336165 2.69687126477 2.70874659381 2.81167244102
-9999 -9999 -9999 -9999 -9999 -9999 -9999 -9999 -9999 -9999 -9999 -9999 -9999 -9999 -9999 -9999 -9999 -9999 27.4659467172 26.7780375136 24.818585695 25.1159780258 25.8629828591 24.6183464655 24.3718882281 25.0465106008 19.3850843382 22.8221816465 20.8479104225 20.853665398 17.6399082762 16.7280804856 15.5270590382 15.1192634927 10.4742079025 11.8454809179 11.2822580064 9.44455706633 8.46963615508 9.03848534208 7.12463263815 6.56960665937 5.81774268892 5.78659819405 5.1227363517 4.26238651574 1.06878444319 1.03227438388 1.80244381292 3.0004033709 3.37118916909 3.65101889314 2.63121398205 2.68538197683 2.85633907755 2.9989468976 2.97682951972
-9999 -9999 -9999 -9999 -9999 -9999 -9999 -9999 -9999 -9999 -9999 -9999 -9999 -9999 -9999 -9999 -9999 -9999 -9999 25.8987421759 25.1342806344 25.2467211906 24.9237887437 25.341049038 24.6392920377 24.8123450426 26.5097162319 23.636351125 18.3650004384 18.0605636923 16.7786016588 17.191220096 14.7394790606 14.3625495491 9.78352493039 7.60721478405 7.15836686454 9.08865092615 8.47164786017 8.69280613734 6.68628286641 6.28903931266 5.35297296423 6.25836108056 6.03153393927 6.2158481965 3.40378173554 1.02173930272 0.877864592917 1.44027346791 2.41632334649 3.11136036134 2.58767744669 2.56916568403 2.85420898226 2.76147210435 2.39897365506
-9999 -9999 -9999 -9999 -9999 -9999 -9999 -9999 -9999 -9999 -9999 -9999 -9999 -9999 -9999 -9999 -9999 -9999 26.3500184738 26.6195669586 26.2565266094 26.1503092777 24.6944538242 25.3599308593 24.5129841591 26.2484575948 25.1154907607 26.9882482225 19.6146078567 18.9335485316 15.1931805258 10.1385553278 14.0503795342 12.5422260233 8.81702119696 9.9445206557 11.3527908777 10.8822856556 9.71492301185 9.29402632335 8.54123160008 6.68252318197 5.96103230028 7.07885673796 5.48482914815 6.21801867841 5.66479996125 3.62769653153 1.56572562752 1.02550926788 1.28553492916 2.50588460657 4.05126117753 4.40069875488 3.55809949045 3.23732751961 3.02815902869
-9999 -9999 -9999 -9999 -9999 -9999 -9999 -9999 -9999 -9999 -9999 -9999 -9999 -9999 -9999 -9999 -9999 -9999 -9999 27.6973188403 27.1628826677 27.0333599794 24.8933230799 25.4172095593 24.8242221954 24.5972266081 25.7272928255 25.3340864502 25.2893498281 26.1103525387 17.8164616502 17.9066391921 19.8810203556 10.9863840938 9.91911041585 8.16251716478 6.69623828832 6.14266023884 5.42468776489 5.42924612754 5.94958810572 7.24418475073 6.52864075949 10.1098307 10.4771996962 9.71684569287 7.05661057926 5.70542033739 2.43990450679 1.31200286188 0.706258259133 4.68058418843 6.77994919974 10.1504546983 4.01067169864 1.89915589277 2.30842736207
-9999 -9999 -9999 -9999 -9999 -9999 -9999 -9999 -9999 -9999 -9999 -9999 -9999 -9999 -9999 -9999 -9999 -9999 -9999 -9999 27.1744570674 27.2808053202 24.9061520511 26.2133166659 24.6392907841 24.5552155081 25.6889133081 25.3955033339 24.7803313449 24.7063406395 23.9957222551 24.0028926929 16.7092167943 15.5117022413 13.897725759 13.0279250842 9.09527457182 10.2256341626 9.52453043514 9.22540372667 7.91047358096 9.28571717518 8.42431499918 7.58954854777 9.01302693022 8.12001927009 6.8589093546 7.4854933206 6.4174921212 3.69552954648 2.03747491076 1.47513844728 0.842063181723 0.777721435714 2.61282850861 0.932198547967 0.948228802011
-9999 -9999 -9999 -9999 -9999 -9999 -9999 -9999 -9999 -9999 -9999 -9999 -9999 -9999 -9999 -9999 -9999 -9999 -9999 -9999 -9999 27.4294375059 25.3273153115 25.5587750473 24.4922004553 24.3466941827 25.7601408391 26.1265223069 24.931872085 24.9825162975 23.1218496006 24.6868972028 15.1710639827 14.262351764 15.2974905268 13.1572546198 11.3686908816 9.55825850991 8.76796244639 9.17861624758 10.7000092063 11.0867939848 11.3351187126 8.23574596601 7.08365608707 5.81118643812 6.63326068796 7.11620363766 6.79847667685 7.8943123949 8.55092643028 6.85819836257 4.17096737568 1.35263227965 0.607842356824 0.724062795697 0.79414383637
-9999 -9999 -9999 -9999 -9999 -9999 -9999 -9999 -9999 -9999 -9999 -9999 -9999 -9999 -9999 -9999 -9999 -9999 -9999 -9999 -9999 26.6176075817 24.80475776 24.6890043913 25.3708448669 24.6433887017 25.9776183793 27.5550796787 25.9153230709 24.2042502809 11.1955637101 22.7949538465 18.0443819488 12.6050924853 9.13480202158 10.9360938535 9.82158020315 9.7798509141 8.999248337 10.5334841687 10.7763920324 10.4731355484 8.71239290335 8.09545802697 8.68257124593 8.3513659588 7.7123491149 7.56665356946 5.50313508577 5.76216005942 8.3179941832 7.09992343554 2.88137381543 1.14000476642 0.871516743115 0.644497905833 0.671066066198
-9999 -9999 -9999 -9999 -9999 -9999 -9999 -9999 -9999 -9999 -9999 -9999 -9999 -9999 -9999 -9999 -9999 -9999 -9999 -9999 -9999 -9999 25.004110166 25.5031741732 25.889386984 24.7888938688 25.7393914027 28.2722759188 21.9750359959 23.5086079096 24.6911382309 25.0522246857 16.8187819718 13.7725321514 14.2550900322 12.1765433552 11.8672362663 11.2823535361 10.8039615448 10.859320171 11.1376832997 8.66125909098 8.94104233324 10.4727960162 6.54681909406 5.89493333308 4.95328187749 5.87497376108 7.01492480237 10.0849965507 6.12231115227 10.3178148655 3.37894441138 1.23275448871 0.686335225852 0.623397345024 0.667750608783
-9999 -9999 -9999 -9999 -9999 -9999 -9999 -9999 -9999 -9999 -9999 -9999 -9999 -9999 -9999 -9999 -9999 -9999 -9999 -9999 -9999 -9999 25.3300620393 25.0078740769 25.642176132 24.9279477536 24.4843544441 23.8838502571 22.4717532865 22.9742680551 20.116372727 20.3762149797 18.6635650554 14.7998988872 12.3182136851 14.6811216252 11.6453203185 11.1207056463 12.2151660135 12.0856883725 9.38826608359 11.2888684222 9.04458014928 7.81888810073 6.94516867178 7.20348398291 8.13835140951 8.32144853006 5.58173995042 5.27870491302 4.54038466638 7.53291220202 1.04772805981 1.81167792682 1.15377413705 1.07010634767 0.870193233114
-9999 -9999 -9999 -9999 -9999 -9999 -9999 -9999 -9999 -9999 -9999 -9999 -9999 -9999 -9999 -9999 -9999 -9999 -9999 -9999 -9999 -9999 25.3638730094 25.5143075573 26.4732753829 25.0223057691 24.9961438311 25.1565883685 24.0269442171 24.9205096755 21.2748452206 20.1071608907 18.0374185899 15.4461688559 15.2370633514 12.2468605344 11.6887040603 13.9501492834 12.6831225338 11.9531716905 11.6505655242 10.0726483007 7.96224470117 9.19673601893 10.3689040456 9.6213586719 8.66307958726 7.83899640978 6.38096469883 6.39013823012 7.36900655624 6.4305177568 1.96033866229 1.77443988243 1.9566951854 2.13190768148 1.26461456742
-9999 -9999 -9999 -9999 -9999 -9999 -9999 -9999 -9999 -9999 -9999 -9999 -9999 -9999 -9999 -9999 -9999 -9999 -9999 -9999 -9999 -9999 -9999 26.0318434467 26.3208753259 25.1803530994 25.0448134621 23.3022651068 23.6262390216 24.3824173388 21.3431196154 22.2114796095 20.0130528857 19.2824664997 13.9616873415 14.9622467472 14.7851727632 13.4233981277 10.3487595368 9.92382916179 8.09081773874 9.68682631826 10.8807108244 11.0726321911 9.96734204146 9.24048728454 5.91889827221 5.24057474598 4.9407940861 5.23912532266 4.33382945789 5.12707725398 5.27274098939 3.96317566601 1.53234845793 1.49364233365 3.69184725646
-9999 -9999 -9999 -9999 -9999 -9999 -9999 -9999 -9999 -9999 -9999 -9999 -9999 -9999 -9999 -9999 -9999 -9999 -9999 -9999 -9999 -9999 -9999 25.7750094158 26.8709491956 25.7461472615 24.942856044 27.5530440057 24.9833101569 26.2287132882 23.1352092022 23.722635318 21.0085031401 20.4017604788 15.9938587875 15.2898097827 13.6262342604 12.4526729044 10.9801045989 12.6589949937 12.8452804044 12.3943118624 11.4797653738 9.56567092947 8.30988562235 8.73850483786 9.21554037258 9.22219630031 7.44196481778 7.30610747487 7.85657465261 8.09594045933 5.88195931508 4.91785530913 4.67621672266 6.46616785349 4.85243139589
-9999 -9999 -9999 -9999 -9999 -9999 -9999 -9999 -9999 -9999 -9999 -9999 -9999 -9999 -9999 -9999 -9999 -9999 -9999 -9999 -9999 -9999 -9999 -9999 27.2264542694 25.8763179861 25.0816163699 25.3707743538 23.9997494481 26.0392279663 22.0644138523 19.141025037 21.242316533 20.76188446 19.5148117166 13.5229257634 11.6740408755 14.0920227519 12.8480700354 15.6379370685 13.1154058974 8.84253319594 7.14711567639 9.17878612283 10.5440735814 9.94885212267 7.74927394172 8.90380288251 9.35182125246 8.20974758995 6.45678535384 5.0711187278 4.35981301996 8.8489495754 6.50307632704 5.05568556138 5.22979191215
