data/recharge/transience/oldversion/mHM_recahrge_572.ASC
ncols   80
nrows    72
xllcorner    4374000.0
yllcorner    5656000.0
cellsize      500
NODATA_value  -9999
[rows 0 to 24 of 72, columns 0 to 56 of 80]
-9999 -9999 -9999 -9999 -9999 -9999 -9999 -9999 -9999 -9999 -9999 -9999 9.60866733639 10.1139390533 -9999 -9999 -9999 -9999 -9999 -9999 -9999 -9999 -9999 -9999 -9999 -9999 -9999 -9999 -9999 -9999 -9999 -9999 -9999 -9999 -9999 -9999 -9999 -9999 -9999 -9999 -9999 -9999 -9999 -9999 -9999 -9999 -9999 -9999 -9999 -9999 -9999 -9999 -9999 -9999 -9999 -9999 -9999
-9999 -9999 -9999 -9999 -9999 -9999 -9999 -9999 -9999 -9999 -9999 -9999 12.6103467674 10.30866727 8.98135305409 -9999 9.82968565513 -9999 -9999 -9999 -9999 -9999 -9999 -9999 -9999 -9999 -9999 -9999 -9999 -9999 -9999 -9999 -9999 -9999 -9999 -9999 -9999 -9999 -9999 -9999 -9999 -9999 -9999 -9999 -9999 -9999 -9999 -9999 -9999 -9999 -9999 -9999 -9999 -9999 -9999 -9999 -9999
-9999 -9999 -9999 -9999 -9999 -9999 -9999 -9999 -9999 -9999 10.5733674223 10.1778899238 11.5208334213 11.8992625547 8.84973468986 7.96813261669 6.89759708504 7.02284354788 -9999 -9999 -9999 -9999 -9999 -9999 -9999 -9999 -9999 -9999 -9999 -9999 -9999 -9999 -9999 -9999 -9999 -9999 -9999 -9999 -9999 -9999 -9999 -9999 -9999 -9999 -9999 -9999 -9999 -9999 -9999 -9999 -9999 -9999 -9999 -9999 -9999 -9999 -9999
-9999 -9999 -9999 -9999 -9999 -9999 -9999 -9999 -9999 10.1939707403 10.549991202 10.4008389759 9.70511693936 10.291490922 9.69888406267 9.03499861391 7.98042568052 10.0372694707 -9999 10.4285205344 -9999 -9999 -9999 -9999 8.24631979465 8.83304774207 -9999 -9999 -9999 -9999 -9999 -9999 -9999 -9999 -9999 -9999 -9999 -9999 -9999 -9999 -9999 -9999 -9999 -9999 -9999 -9999 -9999 -9999 -9999 -9999 -9999 -9999 -9999 -9999 -9999 -9999 -9999
-9999 -9999 -9999 -9999 -9999 -9999 -9999 -9999 14.5385547282 12.6779573546 10.4978030955 10.3692634196 9.87139320866 9.01029816774 9.08773649445 8.55747357713 7.69658674531 7.37882564686 6.87639654451 8.10711017489 8.20211914479 8.77506761832 -9999 7.72231908705 9.94242907298 9.71832219718 -9999 -9999 -9999 -9999 -9999 -9999 -9999 -9999 -9999 -9999 -9999 -9999 -9999 -9999 -9999 -9999 -9999 -9999 -9999 -9999 -9999 -9999 -9999 -9999 -9999 -9999 -9999 -9999 -9999 -9999 -9999
-9999 -9999 -9999 -9999 -9999 -9999 13.4126569662 11.3347133182 10.7708509251 11.3542970793 12.1156764088 12.7109302637 11.1750137289 10.4701779199 8.90185959079 9.75278858051 8.60592367307 7.7711405423 8.39020565842 7.99899278304 7.93051683981 8.48323624292 8.06721703917 7.83441533324 8.39448499059 8.03689158531 8.6915301609 -9999 -9999 -9999 -9999 -9999 -9999 -9999 -9999 -9999 -9999 -9999 -9999 -9999 -9999 -9999 -9999 -9999 -9999 -9999 -9999 -9999 -9999 -9999 -9999 -9999 -9999 -9999 -9999 -9999 -9999
-9999 -9999 -9999 -9999 -9999 -9999 14.3716883975 13.1254820386 10.4949274611 10.0576620737 9.43539589846 10.0420648711 9.71656734196 8.90880580349 8.33469168444 7.56500705709 8.3368927254 7.70474877328 8.62692671133 6.87698548438 7.36837824489 8.64118338206 8.00252532004 8.03812892024 7.62480693561 7.05870871329 9.01438236756 9.64424594835 9.59123364761 8.93771021671 11.23893934 11.0904920796 -9999 -9999 -9999 -9999 -9999 -9999 -9999 -9999 -9999 -9999 -9999 -9999 -9999 -9999 -9999 -9999 -9999 -9999 -9999 -9999 -9999 -9999 -9999 -9999 -9999
-9999 -9999 -9999 -9999 -9999 16.6567599699 14.9205803953 14.7925304566 13.6028115877 14.1391770187 13.1023927986 11.7910418225 10.0785066349 10.6609425159 9.39088781873 9.74402997322 7.92462251816 4.63335302605 7.73577313964 7.04721416289 7.41067271742 7.12054300211 7.53064236047 7.80707810401 8.03259250994 8.48541808747 8.64949750636 8.37733927753 9.12365368838 8.86093216009 8.66847170281 9.23566490556 8.21800644752 7.85142074835 -9999 -9999 -9999 -9999 -9999 -9999 -9999 -9999 -9999 -9999 -9999 -9999 -9999 -9999 -9999 -9999 -9999 -9999 -9999 -9999 -9999 -9999 -9999
-9999 -9999 -9999 -9999 -9999 17.0310467472 15.9925554048 16.0817878177 14.485173421 13.4195624702 12.7764803267 13.6206547638 9.83323912275 8.59346890157 11.8648501311 13.3145580195 9.14107621331 4.18513112097 7.03637166501 6.99820192142 8.51907967209 8.4334033029 8.99399664021 8.59613589369 8.15191654495 7.29313082079 7.81687550956 7.10381703758 8.14878891116 8.84707457488 8.52015259469 8.71920924838 8.46303261527 8.04272636789 8.32809256148 7.91078647684 -9999 -9999 -9999 -9999 8.19469591169 7.76908321399 -9999 -9999 -9999 -9999 -9999 -9999 -9999 -9999 -9999 -9999 -9999 -9999 -9999 -9999 -9999
-9999 -9999 -9999 -9999 -9999 16.1037264857 15.1727679757 15.3245319688 15.1338773 15.8723259826 14.5926343015 13.9490675686 12.2651823375 13.8861219918 13.0026503007 10.716157238 8.98527969545 12.3162365603 10.8805865149 10.5482795358 10.0594506021 7.63170093567 7.35016046008 7.03228887546 7.96176302156 7.6410297358 7.5343615464 6.65746703927 8.54694594213 7.95143571293 5.88467079027 7.09209691916 8.3358744859 8.10484868289 7.69551832194 8.2781463518 8.18340556107 -9999 -9999 8.18204798238 8.7851239649 8.42298765781 9.17516338092 -9999 -9999 -9999 -9999 -9999 -9999 -9999 -9999 -9999 -9999 -9999 -9999 -9999 -9999
-9999 -9999 -9999 -9999 -9999 -9999 17.5813018258 18.003779573 16.2237782524 15.6498539064 13.5608242223 14.7850033546 15.778766999 15.4704741761 11.006067425 9.38905925046 9.55615276441 9.22969552111 8.24049651951 8.13393808524 8.65938957585 9.06313913161 8.59533169558 9.33263993318 8.4971861032 7.63954843946 6.64051270207 7.19211510142 7.42951851907 7.50099619323 7.54192873885 8.28892717816 7.79803494485 7.67206730713 7.92474257746 8.25242812988 8.11909968129 7.28498159945 8.4282675969 8.17776614033 8.03585890944 9.54301914368 7.61962893818 6.62916436158 -9999 -9999 -9999 -9999 7.74943333802 6.95611431535 1.9229432788 -9999 -9999 -9999 -9999 -9999 -9999
-9999 -9999 -9999 -9999 -9999 -9999 -9999 16.8509647063 15.140037522 16.6432365001 16.0543277403 14.8926683077 13.5852151941 11.1010129684 10.4747760394 12.8470628359 11.9459612722 11.5902250137 11.1588231707 9.32523065394 8.11824573264 8.1679130706 8.12475791287 8.22226202397 7.81059480529 7.04454742524 7.03259990115 7.54374139679 7.60187965525 7.33372808998 7.82907727408 7.75138750362 7.96495938771 7.58636751354 8.46585254449 8.40165858892 8.37882711501 8.29559798259 8.25156815228 8.2288434091 7.40581187311 7.13420398954 6.78577761779 7.34540167214 6.60042567808 7.22346484736 7.1945380707 6.34008626169 5.83994250777 5.52556892164 5.11269658526 4.26330731319 -9999 -9999 -9999 -9999 -9999
-9999 -9999 -9999 -9999 -9999 -9999 -9999 -9999 15.0690043766 13.4484739545 14.4177200546 15.698385732 14.0458354021 15.0662779108 13.7889877642 12.6788376213 9.80502514188 9.86523668789 8.45632406082 9.45097707074 11.8114968942 11.3121065903 10.7836896753 12.1118522554 12.4327602965 11.9967165428 7.34633449274 7.62292408812 6.9949949828 6.13223849989 7.0179140556 7.26253726256 7.42613979802 7.0345906827 7.72906417349 8.70536110699 8.17668161994 8.48101532353 7.85252310801 7.76830043272 7.7260495907 7.1729611607 7.11976007641 6.62253064336 6.3909520276 5.920555842 6.05612904176 5.46622056136 4.83643468566 4.80587007363 4.52489868216 4.82414625455 3.97498510085 -9999 -9999 -9999 -9999
-9999 -9999 -9999 -9999 -9999 -9999 -9999 -9999 16.6703353667 15.1553677803 13.363511677 13.4620202184 12.6316603581 12.5343843595 10.5548582462 10.2836179166 9.54615855762 10.2293053045 9.46503612469 10.240853843 11.151695273 11.0406316686 13.3677071564 16.5171477565 14.6944235244 11.745883336 12.8955724834 9.02231903171 7.30881676636 6.23149752657 6.37315395289 6.86321301354 6.50951969491 6.82567415879 7.74507967213 4.49261125264 8.79637934688 8.19780282099 7.83081169905 7.69730364464 7.57532039253 6.78899576211 6.73232504119 6.70396164524 5.94464111892 5.88597658065 5.99177100412 5.58836088784 4.91909255348 5.22377393973 4.67230025938 4.69557265503 4.27353174989 4.64980100229 3.65563914422 3.93523728146 -9999
-9999 -9999 -9999 -9999 -9999 -9999 -9999 -9999 -9999 17.0831407403 15.3411672442 12.5344311834 12.5408038082 12.8251509361 11.6634833312 11.7858933646 12.8562575936 13.6013330995 13.7223571613 13.8216638452 13.0153008328 10.4903450441 11.6611129028 20.2577120281 17.8711429305 16.0811914614 13.3698771576 11.6832661949 6.63697605131 7.2376856247 7.12537600689 7.33850188898 7.1357317683 6.28357995429 7.09067867278 7.10596736181 8.15735985722 7.73082236921 7.34954670915 7.42448696299 7.2120706535 7.27700891457 5.82173470078 7.63879270169 6.07607498888 5.2947515452 4.59487428874 4.5278331592 4.40813296119 4.44981302962 4.14406234138 4.00222429074 3.89590937326 4.17320720022 3.97812110433 3.16157682551 2.39465281989
-9999 -9999 -9999 -9999 -9999 -9999 -9999 -9999 -9999 -9999 13.7353944172 14.6543130405 12.5356207055 13.4178303039 10.7457897979 9.83317191479 10.2813883021 12.8497542949 11.1739216815 9.44490566036 8.99134563629 8.6943256355 7.99694801686 10.9661520745 14.3384898435 16.1601457629 15.1317246009 13.4411527496 10.9687919228 9.71276720333 7.22537679511 7.25837257934 7.88616691223 7.03351637369 8.20371388165 7.77545316939 7.96327716207 7.73580922424 7.40815987626 7.45162409844 7.55696878051 7.48916459424 6.24946727871 6.69956111548 8.16085101702 8.05103373746 6.56950312941 4.97476407285 4.94462404191 4.88268158009 4.73234116672 4.5550242681 3.71527825951 4.16695482841 3.37602231309 3.15607495448 2.35799362003
-9999 -9999 -9999 -9999 -9999 -9999 -9999 -9999 -9999 -9999 -9999 7.93524224292 8.48509715527 12.0439496152 10.4182127773 9.54169997201 10.0171485017 9.86214924432 8.34290834496 8.94505738599 9.97346854428 9.82860434829 8.34357044749 6.91148108367 7.43647077663 9.0488300864 12.7412663983 16.0836101441 16.1955978067 10.6299893267 10.3886061687 7.13404914035 7.3227917582 7.54696554531 7.32444266535 6.64008817593 7.32876828064 7.27535391982 7.41512281729 7.41423626958 7.76812808663 7.09214643154 7.23248041203 6.03689463911 5.52993430866 5.24736266261 5.76593702244 6.52174781806 4.89708709925 4.97398153924 4.08583006891 4.66480130146 4.26624271577 3.92562853709 3.02999602624 3.07549034159 2.20763077891
-9999 -9999 -9999 -9999 -9999 -9999 -9999 -9999 -9999 -9999 -9999 6.97596142378 9.36211971732 9.91951422143 10.6436550135 10.0477701078 8.42443536058 7.92098515909 8.81638983148 8.91881144379 9.09034119075 10.2704786017 8.22333561796 7.64233989756 8.08888988999 9.02089745252 9.35052414212 12.1075522386 12.7889341989 13.0926531836 15.0980766528 14.5136037338 9.59468433079 10.2587583105 7.29680890014 6.50788245754 7.29376133548 7.42639915333 7.21638794664 7.37495914504 9.24231832595 8.06433025788 6.74634586245 6.89937296475 6.16130993944 6.5155662245 7.97675137272 9.06105564805 7.89085128655 5.67248362418 6.00307158165 5.71218623842 3.84659976319 4.43591130567 3.86157548584 3.25728907 2.4428043483
-9999 -9999 -9999 -9999 -9999 -9999 -9999 -9999 -9999 -9999 -9999 13.8743956295 12.5928430093 11.7913303571 8.79622065752 9.4287333805 8.13472034716 6.71855816962 7.28773484375 7.80564497895 8.02126642351 8.20550706611 7.76774859534 6.6681127194 6.99405954316 6.9197797528 7.08509043618 6.93124532215 7.52937460716 7.38351026868 9.33521179965 13.8691828994 16.4786242194 16.0290575743 11.329131016 10.4041896286 9.99523070204 7.51498652431 6.29549953599 5.17284435289 5.03183391139 7.41157647532 8.00354874232 8.8152885064 9.20920778189 9.94560805973 7.25276151662 6.52416218906 6.06861069305 6.20166815544 4.93626776979 5.56509407054 5.32660239405 5.94725888618 4.53389884356 3.1480726129 2.60108523258
-9999 -9999 -9999 -9999 -9999 -9999 -9999 -9999 -9999 -9999 -9999 -9999 9.78426187291 11.2005465496 10.6037015813 10.3022393033 8.75176463123 7.80383196233 7.14073465443 8.07167361692 8.28716946325 7.81090864524 8.02808985129 8.02334098696 7.3073539263 7.47590874665 7.2208726335 7.46830974627 7.39775470272 7.05747096098 7.03107768754 7.35844690639 6.44920412437 8.06655578807 11.6198595748 6.44308634499 12.074791744 8.9543160323 7.73636457411 7.18465196605 7.73892152749 7.35027086723 9.41136958895 10.5056901893 10.6088829428 10.4117666116 7.27371168414 6.61330618693 4.72359675501 5.37821747717 4.5983299702 3.84022487751 2.90792295991 2.96361834402 2.6888264116 3.23692657821 1.39914848177
-9999 -9999 -9999 -9999 -9999 -9999 -9999 -9999 -9999 -9999 -9999 11.5821742256 11.2989283675 12.2016559682 12.2962528858 7.75243215241 8.72559862722 8.53074920225 7.46359069366 7.95789956827 6.94585982828 6.820616582 6.62949419708 6.81102039745 7.36001471159 7.24227259461 6.99472977005 6.70383838072 7.14270561451 6.8950818084 6.36542135322 6.62098000956 6.11064533453 6.03488815853 6.34265855196 9.5824008333 10.7013247028 7.6014829266 7.12359750852 6.22772961899 6.96839079677 6.56602322059 8.71770285174 9.97543332174 11.1790067683 11.1084069079 8.83802577653 8.24183432048 6.12749647788 6.19853378549 4.2919881602 2.78396568119 2.23825487891 2.26005527192 1.86394809208 2.10914326155 2.89507351604
-9999 -9999 -9999 -9999 -9999 -9999 -9999 -9999 -9999 -9999 -9999 12.1953862426 14.1343380739 13.5983729335 10.6501305766 8.260116449 9.53451607488 9.27271773282 7.95435428766 8.77618336853 8.43498349418 8.34812769231 7.27301960029 7.27667184966 7.72699866957 7.7567803189 5.67998479816 7.0117031509 7.9558516051 9.55897371555 8.54408249585 6.76488018543 5.99244200012 6.0400516557 6.16761834058 5.86808245237 8.58681053767 10.6943681281 7.95166298313 6.88548139316 6.21627055577 6.79562176903 7.69208504378 7.90963224303 7.70642438788 7.32265385245 7.54830353262 7.70391939921 6.27451139823 6.2219726529 4.04977489858 4.38187685001 3.43110095527 3.21053832279 2.68319168052 2.4273881651 1.60969785231
-9999 -9999 -9999 -9999 -9999 -9999 -9999 -9999 -9999 -9999 -9999 14.0405316732 13.9764232295 12.1664810231 12.2913929346 11.96610668 8.81058548774 9.47514083516 9.15944133792 9.3068830103 6.46470440785 4.27955059472 9.0435570193 9.22761565882 7.80113298903 7.79554398373 8.58692367337 7.61979265359 6.48284377385 5.93323998237 5.98190217129 8.11179757345 8.15908438158 7.64186227362 6.29752793438 5.00859323712 5.53380029607 4.42800246162 7.28051026493 4.60577188663 6.55776183337 6.91486510984 6.03657284067 5.17577562907 4.98000014571 4.99331568189 5.49471100279 5.58949472758 5.01003198874 4.74856520586 3.34189626492 2.60189601584 1.81842115118 2.00228175267 1.67546872932 2.00614947822 2.15062923518
-9999 -9999 -9999 -9999 -9999 -9999 -9999 -9999 -9999 -9999 -9999 -9999 14.3979918643 13.6439154395 11.7146981782 11.1871702056 10.2209279479 10.319330526 8.8899041517 9.54060698226 9.09054984418 10.1878274345 7.76031264599 6.97475744898 7.28089879041 7.16359277974 6.45583642742 6.83631591416 6.46365596297 5.63592427498 4.69319083074 5.17171935774 5.33418549523 5.77334157002 5.77549895501 7.46899350346 6.43119017471 5.23079240344 8.30848560573 7.17090049299 6.42323259671 5.8601400454 6.01366690544 5.16452233757 5.07029383594 5.06564892917 4.92651434794 5.22063184013 4.56456155844 4.59586406123 3.75343919162 1.98317149251 1.99356110637 2.9126930324 2.00556183926 2.01671024365 1.58807733076
-9999 -9999 -9999 -9999 -9999 -9999 -9999 -9999 -9999 -9999 -9999 -9999 15.0813299975 12.8089708031 11.6885926706 10.625488007 8.89153599802 9.70844276045 9.1664792065 8.21388338629 8.42911532812 7.75448135235 7.37524154755 8.89124838651 8.10186140545 8.6863531154 9.64903228174 8.40728563602 7.0111427215 8.51960941919 7.19194204504 7.56736861153 7.98527949005 8.02264671105 6.8903889998 7.68256479836 7.05721273681 7.79729488529 9.75978175478 6.98105178217 6.1175763822 5.15043276747 4.61216522558 4.54726257661 4.44089756114 4.5112181679 4.06796586623 4.14345885179 3.58574366035 3.77815721059 3.32373231017 2.97474623577 2.35704067987 1.54376269594 1.13676805881 1.61472267263 0.847897270091
