data/recharge/transience/oldversion/mHM_recahrge_187.ASC
ncols   80
nrows    72
xllcorner    4374000.0
yllcorner    5656000.0
cellsize      500
NODATA_value  -9999
[rows 25 to 49 of 72, columns 0 to 56 of 80]
-9999 -9999 -9999 -9999 -9999 -9999 -9999 -9999 -9999 -9999 -9999 -9999 15.0707622242 14.2977762038 11.5351064596 11.4595263076 7.81935646459 7.85049294448 6.22167676491 7.2905070242 5.68590802345 5.28179404683 4.00041715819 2.12063527222 3.08646682517 5.33158558701 4.78815663299 4.56230884732 3.182340151 2.58295087151 1.96258584683 1.70792219386 1.16367766078 1.14107745626 1.38863210418 0.716306341966 1.00200907455 1.83634838231 1.35903298898 1.31343216667 1.10810759469 0.730550723124 0.943096229908 1.24868246458 1.25775198759 1.30926452061 1.42651771166 1.41050129638 1.52003668175 1.7188611448 1.80751609536 1.34497214195 1.07342795541 0.775148254531 0.940456509869 1.00516328205 1.10350380649
-9999 -9999 -9999 -9999 -9999 -9999 -9999 -9999 -9999 -9999 -9999 -9999 -9999 12.0838254131 12.2140782289 12.7984966409 10.1970931244 9.73420049462 7.27805328906 6.50536481917 5.67218995838 6.47344088152 6.20251178457 5.48466460298 4.67725031729 4.02964686817 3.84963295955 3.53797420584 3.01779339173 3.42260852044 2.49645386344 2.15504258476 1.40683926971 1.38008281442 1.43342633173 0.166556017084 0.622961625419 1.63040769493 1.70985698715 1.0255834598 0.815008095094 1.31089541599 0.739324179587 0.817298666413 0.702924319919 0.79425801175 1.07596773293 1.00815129671 0.674316409226 0.500087887198 0.601918939543 0.70456928894 0.935961392466 1.00303027725 1.27629970893 0.731643409229 0.791601715719
-9999 -9999 -9999 -9999 -9999 -9999 -9999 -9999 -9999 -9999 -9999 -9999 -9999 -9999 11.4028497744 11.4661701021 9.20878065949 8.51953694725 7.31714407935 7.93570189258 5.95299781633 7.35426245795 5.66779044409 5.03514366527 3.37912869858 3.19333944767 3.29799296796 4.51375417415 3.17741570363 2.64409534275 2.48363356136 2.43858335751 2.1063593609 1.97925803244 1.67040372185 0.341899076168 0.532097775337 1.33099091775 1.22679519845 0.534042340152 0.479235523258 0.915521916325 1.33290553459 0.923350348295 0.604149543116 0.770894686181 0.646597451226 0.590024187036 0.609532417125 0.790801346409 0.780941443634 0.495875508608 0.512336667101 0.712884357114 1.62909902976 2.50465376429 2.02134947971
-9999 -9999 -9999 -9999 -9999 -9999 -9999 -9999 -9999 -9999 -9999 -9999 -9999 -9999 4.80999854495 8.25578239648 8.97331751728 8.82086263198 7.31911089834 7.81074966864 6.99186296056 7.09578311597 4.99408125276 6.93641208342 5.76933148869 5.78391856036 2.875348149 2.87091327477 3.00299834142 3.37276909762 2.04862887403 1.31097574451 2.11324661545 4.43923516853 3.64737566725 0.531435200225 0.600943270574 0.881139939482 0.530428032038 0.449385654934 0.628343551507 0.829836650927 0.910205431237 1.24195525802 1.05636167826 0.7630922739 0.351394299108 0.305066864927 0.45300908967 0.570752877086 1.06991698761 1.32530082692 1.70630627205 1.05904536445 0.92050544607 0.965585925444 4.79285310227
-9999 -9999 -9999 -9999 -9999 -9999 -9999 -9999 -9999 -9999 -9999 -9999 -9999 -9999 7.29723244676 9.85413615044 10.3508554185 9.63790606843 8.64811982127 8.49401026281 6.7744840238 7.37039437148 6.70568122217 5.96105791601 4.29851219816 3.7343201607 3.65767456592 3.5672813376 2.29022834363 2.75163049728 2.33275858576 2.10502463042 1.80281225475 2.52300065252 3.83733184836 0.535171274677 0.791056030502 3.05924789267 0.633260704684 0.355832506958 0.709964112144 0.926056030648 0.722419662792 0.771422234589 0.632217997967 0.794235029315 0.527792382665 0.886486653758 2.11075162831 2.312809635 1.96232504311 1.18514563554 2.0673016669 1.92016551236 1.83227492713 2.03721035611 1.94252608276
-9999 -9999 -9999 -9999 -9999 -9999 -9999 -9999 -9999 -9999 -9999 -9999 -9999 -9999 15.7855950873 13.6023972151 12.3132330686 12.8573492956 10.5378287559 10.7944211942 7.77344724156 7.18715466075 5.95192125741 5.97967959464 4.23250041006 4.63259538133 3.41562472432 4.25981217918 3.17178162268 2.76281218627 2.57265796442 3.05799700431 2.45668628306 0.959914845791 0.619469499147 0.630331628194 0.526810881142 1.62071074569 0.428668498944 0.765005244361 0.514212305339 0.67381357171 0.473462388439 0.558321864727 0.471053181464 0.609470836356 1.37181569502 1.64934961819 3.49383864229 4.02595928022 3.05215342517 3.51146932701 2.48129941829 2.59166834473 2.55028042024 2.00094438815 2.571476004
-9999 -9999 -9999 -9999 -9999 -9999 -9999 -9999 -9999 -9999 -9999 -9999 -9999 -9999 -9999 11.3259811504 10.1836552726 9.74832148741 9.17590841248 7.46783001101 5.79537007619 6.09084318137 6.11853837133 6.09502891705 4.182586042 4.46209212221 3.22442471711 3.57101405214 2.66273577691 2.69413011142 1.85701961613 1.83748887612 1.46325220045 1.87715419589 0.705893573973 0.717073724926 0.645324317235 0.625089301701 0.599622299363 0.268059298687 0.13829876809 0.234043929128 0.500641526899 0.415179212442 0.419901287205 0.549530172403 0.708833164328 0.795396567355 1.07833502045 1.15229337127 0.822762452162 0.672072910367 1.57527624941 3.15621908817 3.22082812371 3.15834438709 2.78472837757
-9999 -9999 -9999 -9999 -9999 -9999 -9999 -9999 -9999 -9999 -9999 -9999 -9999 -9999 -9999 -9999 9.70355934528 8.71716626033 8.36803655187 11.1504064482 9.5538600451 8.74130653354 5.79842657675 4.75920315809 4.54524602261 4.01597732093 3.06956974065 2.65456299473 1.99010575676 2.73866539045 2.76508133741 2.31959493746 2.81494861429 1.792331186 0.663097816005 0.782793643376 0.767019804374 0.872700824914 0.856668243737 1.25938130232 1.52832426762 1.28683324087 1.25467418613 1.14866555371 0.688469419386 0.508557581704 0.437666980668 1.01098648902 0.762091817294 0.48027219049 0.945616605594 1.88955627251 1.33240966546 0.957156459096 1.37004431759 1.12174194118 1.10980581193
-9999 -9999 -9999 -9999 -9999 -9999 -9999 -9999 -9999 -9999 -9999 -9999 -9999 -9999 -9999 -9999 10.649464035 11.1652494465 11.1983943508 9.77676477116 7.03688038144 7.95554735719 6.14682399826 5.24391758797 4.2806346503 4.87427481432 3.43314932266 3.27073704338 2.1428765228 2.26383968041 1.58661763648 1.3823137436 1.5807224053 1.51972959308 1.16550851685 0.726793300747 1.11731678972 0.913959415832 0.835141850332 0.798764509023 0.785452980435 0.4676436441 0.901088327393 2.68880809714 1.74683908053 1.19547723959 1.03616182852 0.560727807004 0.462688225993 0.694991936861 1.32977059802 1.44341321367 2.31520666676 2.52958569953 3.56335979998 2.27238920305 1.12787077049
-9999 -9999 -9999 -9999 -9999 -9999 -9999 -9999 -9999 -9999 -9999 -9999 -9999 -9999 -9999 6.77428691162 6.75059366033 8.41006601572 9.04140289009 8.72108497857 7.34002209902 7.24268567347 5.56564708072 4.92053425958 3.80487425037 4.20171411604 3.44867743886 3.59325958822 2.41670757632 2.70350300223 2.39760373335 2.5186479694 2.4777376241 1.41035128313 0.758076447465 1.04541678482 0.808559038309 1.91019140536 1.49761712199 0.58736487044 0.709080300454 1.14484371538 1.36369188979 1.33896428073 1.52414460228 1.13807438383 0.25286483718 0.443256318306 0.915591625264 1.43536372354 1.02333765812 0.659237551409 0.866206412797 1.05792537595 1.35239623152 1.42315568297 1.91856293595
-9999 -9999 -9999 -9999 -9999 -9999 -9999 -9999 -9999 -9999 -9999 -9999 -9999 -9999 8.19792408653 7.71483602122 7.12299802153 8.53165378209 8.00294566208 7.9002294177 6.40983425021 7.40073744262 5.25516758453 5.54059014606 3.83003576174 3.55008150581 2.87362682905 3.08330347416 2.61462000183 2.60952709686 1.95042912541 2.03189441003 1.42389079154 2.04498284304 2.57831085284 3.72722400432 0.605154284262 0.394142093708 1.06343660757 1.01274410013 0.756880922625 1.04568189763 0.986273125962 1.09037419881 0.84952371214 0.722377473674 0.738108670003 1.23449644648 1.36203530673 0.944107942155 0.817020742701 0.802766292893 0.9874070535 0.94759334408 0.925149207046 1.0374319404 1.13144314131
-9999 -9999 -9999 -9999 -9999 -9999 -9999 -9999 -9999 -9999 -9999 -9999 -9999 -9999 8.86430714856 9.79665077076 8.38615140229 7.79559220784 6.57504173812 6.09816954561 5.07999961584 6.07615011608 4.99800771893 5.40901407943 3.82059777113 3.13114595619 3.06538036212 3.29934990111 2.52135446452 2.7132483148 2.47355813571 3.05633431791 4.07192673116 3.51651626626 2.84633649106 3.99396160467 3.5185140334 4.44225003863 2.42877432295 2.49754040908 3.41833352652 3.12105445571 1.45313619832 1.32157886721 1.29014068721 0.768493536321 1.40716065886 2.28419048993 2.45002710926 2.90505329405 3.0823631425 3.04083855186 2.22475981578 1.82762127215 2.4346349295 2.28853028638 1.60436558399
-9999 -9999 -9999 -9999 -9999 -9999 -9999 -9999 -9999 -9999 -9999 -9999 -9999 -9999 -9999 -9999 8.60651241512 10.9649665166 10.7358939578 10.5322389496 8.22331500557 5.69082809603 5.99202050539 6.0364288641 4.16024535675 4.80106829596 2.78298951998 3.00845847423 2.25850580957 3.19625287301 2.9823608118 3.71788724795 3.59930292153 2.86036383383 3.14131373878 3.18489163672 3.21397281538 2.23891247443 3.52852899711 3.73663795746 2.07642289615 1.90125340349 1.66283949018 1.0818089641 0.934699524886 1.10858748642 1.09176989551 0.986970927281 1.34535771415 1.74706594789 1.80403389411 1.88986951527 1.76680987512 1.40029408848 0.815329206852 0.9118110303 1.95935182198
-9999 -9999 -9999 -9999 -9999 -9999 -9999 -9999 -9999 -9999 -9999 -9999 -9999 -9999 -9999 -9999 11.6756011473 11.1162832939 10.5942548741 8.02556400971 8.10545219758 8.10653413566 4.38881096464 4.74096469703 4.73261341884 5.69268041195 4.59036213016 4.32796109167 3.7271911114 3.85203074698 4.54521463546 4.18423099561 3.22741673826 3.10563451938 2.02168491859 2.26302521478 2.49944558468 3.17858248161 1.83965492282 1.54700293563 2.27611025902 3.30858268382 0.82281879234 1.3134326027 2.60680297 1.08271671938 0.600921561117 0.863837104414 1.1745064815 0.749512026903 0.548307845807 0.566868330711 0.426980407862 0.563392555881 0.603306040392 0.613190951737 0.611001364765
-9999 -9999 -9999 -9999 -9999 -9999 -9999 -9999 -9999 -9999 -9999 -9999 -9999 -9999 -9999 -9999 -9999 -9999 10.7435992151 8.99509976826 7.01989924563 7.99967786561 7.09900084264 5.88681850851 4.35774271222 4.54944854707 4.04801012546 4.26993897001 3.6240359186 3.49699378596 2.43345824419 1.95241224969 1.87369861451 2.4867312523 1.96399347356 2.76217011933 2.80765500012 1.73393497658 1.60394758836 2.58954172736 1.73683509094 1.42370886986 1.1319449946 1.11807292744 1.15349429848 1.30377195547 0.745819154336 0.774759290105 1.10571337192 0.49326776375 0.690362697597 0.829824077208 0.444703095515 0.469629461328 0.702797716891 0.804320855881 0.710110871733
-9999 -9999 -9999 -9999 -9999 -9999 -9999 -9999 -9999 -9999 -9999 -9999 -9999 -9999 -9999 -9999 -9999 -9999 -9999 7.15001141326 7.05642512721 7.6570465678 7.00326482711 7.57397365055 5.08638005747 4.65508022512 3.37175475409 3.80158350786 2.35260529854 2.1907389668 2.30808608549 2.64207418359 1.8976704611 1.64194736551 1.33314767739 1.28113094477 1.26522024621 2.04673096276 1.80259116183 2.28346221006 1.61852134657 1.38293368399 1.0236122728 1.52263469841 1.69874632 1.81458519651 1.21184853642 0.762854633845 0.643053352809 1.21743141758 0.62606042765 0.639000752331 0.4495640279 0.44031742489 0.698978760913 0.639733768161 0.460896555411
-9999 -9999 -9999 -9999 -9999 -9999 -9999 -9999 -9999 -9999 -9999 -9999 -9999 -9999 -9999 -9999 -9999 -9999 9.38040402214 10.3059003827 10.3093195282 10.0084501302 7.55875602456 5.61911524943 4.8800357264 4.78598192926 3.56912495904 3.78417868126 3.05189759876 2.64775466998 0.968947372092 0.884669245975 1.49345802987 2.10156134855 2.03376935734 2.57451482389 3.44058382975 3.22073979338 3.0479011274 2.90032795329 2.8062548582 1.61401926101 1.36890787709 0.555655171593 0.914884107349 0.623796820581 1.74353997823 2.38392511017 1.69537316913 0.888721343431 1.27122920094 2.04145459772 1.93511283919 1.79425346133 1.2537711241 0.981160347266 0.869648770922
-9999 -9999 -9999 -9999 -9999 -9999 -9999 -9999 -9999 -9999 -9999 -9999 -9999 -9999 -9999 -9999 -9999 -9999 -9999 12.0067038095 11.3922452113 10.7616381186 7.80846165137 5.95530035304 5.61499200735 5.48851425405 3.40368058562 3.9563435271 3.1319433442 4.19216073406 2.87761317857 2.80478756462 3.1324630962 2.79282041769 1.61784937698 1.20374967206 1.28835330267 1.03385300571 0.911038596524 0.910695846766 1.07969963765 1.83794332622 1.13503305079 0.706636520164 0.811781362274 2.68149542278 2.68146076798 1.73709268571 2.02420124852 1.31605013528 0.458359938988 0.41249683692 0.57253994911 1.20080790584 1.29396817728 0.454751584816 0.41410200557
-9999 -9999 -9999 -9999 -9999 -9999 -9999 -9999 -9999 -9999 -9999 -9999 -9999 -9999 -9999 -9999 -9999 -9999 -9999 -9999 9.3134415346 10.3300518042 7.93542115166 6.90049296622 4.29442804777 5.1775501873 3.46543996499 4.21269925534 4.44654342367 3.68759014314 2.64607603672 2.4313299367 2.06813639376 1.74484987366 1.08241593436 1.42366048704 2.31826346759 2.788353887 2.83156082038 2.50410207541 1.68848968965 2.66271704159 2.9854706972 2.47348361245 3.74534787199 3.08519627425 2.53222359828 3.02197084413 2.55827102057 2.37554783179 1.91110787033 1.16778151633 0.655541999583 0.538153640508 0.690598549877 1.04316205044 1.18076386847
-9999 -9999 -9999 -9999 -9999 -9999 -9999 -9999 -9999 -9999 -9999 -9999 -9999 -9999 -9999 -9999 -9999 -9999 -9999 -9999 -9999 9.67835044253 8.50799920576 8.49940918651 4.04131128308 3.50537894516 3.31050170403 4.57854427261 3.29934493814 2.93768913018 3.14763602759 3.46970949718 3.00555151555 1.10480940994 3.30300439424 4.13084867748 3.23812516544 2.26756759584 1.98730951575 2.09847407391 3.3649609031 3.64412724258 4.31976445683 2.72564296084 2.16151188862 1.33558046236 2.10203198296 2.45611506741 2.56723893669 3.47579652871 5.56970250835 1.65540765703 1.53581500883 1.25248901677 0.311592573732 0.541232939798 0.77457322113
-9999 -9999 -9999 -9999 -9999 -9999 -9999 -9999 -9999 -9999 -9999 -9999 -9999 -9999 -9999 -9999 -9999 -9999 -9999 -9999 -9999 7.98891501877 7.32967723305 7.35841359957 5.89694281618 6.29127637531 4.56655585597 5.01382563709 3.78382355115 3.69601261609 2.16697047188 2.97638466657 3.67939339715 3.5016689733 1.96727383449 2.54553328707 2.2378276083 2.48758453611 2.29586728402 3.13219167957 3.42783446663 3.20741140832 2.24032592125 2.21589930976 3.34526959813 3.09818359148 2.92347799543 2.80750275378 1.74287394575 1.7968824867 1.9169866132 0.971350206081 0.57027784332 0.585705279929 0.855863070319 0.380816416255 0.492610780084
-9999 -9999 -9999 -9999 -9999 -9999 -9999 -9999 -9999 -9999 -9999 -9999 -9999 -9999 -9999 -9999 -9999 -9999 -9999 -9999 -9999 -9999 7.76532345708 9.17315181422 6.58376834973 5.54820948651 4.10986587091 5.45684061894 4.31480125808 4.17557623502 3.70921645344 4.09237145267 3.50545133206 3.89123583651 4.60693310181 3.27084874545 3.6644781039 3.30456578704 3.30742283727 3.24977176972 3.49380529092 1.82692878439 2.25386567033 3.35844558347 1.62736120981 1.37685380438 1.13924228773 1.79100256117 2.86946523987 1.41547165642 0.714614987865 0.525926296962 1.84958866441 1.35003593018 0.405424484015 0.292251601092 0.415439341572
-9999 -9999 -9999 -9999 -9999 -9999 -9999 -9999 -9999 -9999 -9999 -9999 -9999 -9999 -9999 -9999 -9999 -9999 -9999 -9999 -9999 -9999 8.14205096808 7.84562425034 6.12265476977 6.61856007681 4.8653058038 4.8776869146 4.81200735945 5.03908437616 4.26366327886 4.45534750277 4.46738856587 4.40594263489 3.37405464957 4.88652829792 3.34757866324 3.155973323 4.17231094533 3.94538606153 2.27309056199 3.5995541301 2.32756547268 1.55976401626 1.40615177037 2.17059734727 3.36517476047 3.31703327988 1.50817912189 1.24055813804 0.849757761784 1.00532898744 1.0081698744 2.17945069566 1.34493280003 1.18000266377 0.847897956045
-9999 -9999 -9999 -9999 -9999 -9999 -9999 -9999 -9999 -9999 -9999 -9999 -9999 -9999 -9999 -9999 -9999 -9999 -9999 -9999 -9999 -9999 7.94124226256 8.83633753514 7.98674660634 6.60939563047 5.19643961253 6.54920220437 5.3403786501 6.21303925753 4.85465685307 4.02749362759 3.55276311235 4.3347525739 5.05856627965 3.13020511316 3.21628382645 4.72250810303 4.1206004319 3.60041155147 3.8903301855 2.76534830059 1.70967006452 2.52170068479 3.62853483861 3.2996643809 3.45493735177 2.8018072748 2.04343576328 2.04868856315 3.13023391151 2.34689099267 1.7590191503 1.9557202238 2.28179080758 2.45793299583 1.46142765673
-9999 -9999 -9999 -9999 -9999 -9999 -9999 -9999 -9999 -9999 -9999 -9999 -9999 -9999 -9999 -9999 -9999 -9999 -9999 -9999 -9999 -9999 -9999 9.4894283875 8.83573280747 6.93361180393 4.69887512071 6.31502859691 5.2426069669 5.7957533923 4.9287124818 5.55067726654 4.94141085063 5.90743488194 4.2626844991 4.88417155385 5.25925287645 4.39246202073 2.5268238478 2.31665323807 1.51755556599 2.5083753826 3.88886178475 3.95640352187 3.30204218523 2.75282403763 1.21633817211 1.05484057077 1.07739159531 1.25463219237 0.88488757355 1.36873278683 1.7100252961 2.78626025021 1.54797217923 0.761283977309 1.70842463989
