data/recharge/transience/oldversion/mHM_recahrge_254.ASC
ncols   80
nrows    72
xllcorner    4374000.0
yllcorner    5656000.0
cellsize      500
NODATA_value  -9999
[rows 25 to 49 of 72, columns 0 to 56 of 80]
-9999 -9999 -9999 -9999 -9999 -9999 -9999 -9999 -9999 -9999 -9999 -9999 10.5203574688 10.9887401153 10.2821946265 10.1847978433 7.93230998679 8.05774399156 7.15646543641 7.54783395242 6.79840642602 6.81581585688 6.32722751515 3.9700587013 4.12098965034 4.7299869055 4.9210258481 4.45412132541 3.83748402096 3.59456226528 3.21714609147 3.08512146153 3.56183704588 4.07036957669 2.99946561566 4.38862396074 4.59696304293 3.65876041773 3.15871552124 2.56184350226 2.33638737862 2.34686894891 3.35353411943 3.9089201074 3.8573941256 3.89254384171 3.90419837849 3.89746503119 3.70116604596 3.83173198124 3.46293117278 2.48611301238 1.5655756235 1.33558447313 1.30866023302 1.35539987967 1.29892786568
-9999 -9999 -9999 -9999 -9999 -9999 -9999 -9999 -9999 -9999 -9999 -9999 -9999 11.2546373348 10.7944446174 10.8779742847 9.48108008272 9.76716773253 7.83691791187 7.60647494172 7.08059534297 7.43519263532 7.0597166964 5.587371295 6.10770362249 5.35106150092 4.98647420772 4.39965990573 3.89482831725 4.05980223875 3.52928499066 3.43227865642 4.12955524632 3.26745481439 2.96484996578 2.06675737178 3.9796638354 3.32356607325 2.9400863123 2.21234262623 1.99978888713 2.30917453147 1.68684504524 2.04099053655 2.1878603934 2.67751440227 3.07265342759 3.00783320527 1.98182891295 1.41017625752 1.23109054377 1.29334174912 1.34495042811 1.66469140405 1.54306202136 1.0879022661 1.05386834674
-9999 -9999 -9999 -9999 -9999 -9999 -9999 -9999 -9999 -9999 -9999 -9999 -9999 -9999 9.67061290472 9.78668747408 8.69754777898 9.61577100982 7.93335602201 8.07748390092 7.22037729648 7.58134064184 7.1652948409 6.76881664806 5.61472293272 5.61270848089 5.65403435809 5.82503342342 4.21168928252 3.74175384655 3.64604086883 4.49731534129 4.62699873778 4.0133396198 3.32428820574 3.24862713911 3.93301401622 2.59358326434 2.35028740747 2.33313659516 2.25311220059 2.15623220267 2.19204012359 1.85410180775 1.4859651075 1.64491061559 1.40993614957 1.570456763 1.27363899384 1.4329921977 1.34946826164 1.1102586949 1.03397355176 1.60974209599 1.41850037208 2.31361006005 2.6291870973
-9999 -9999 -9999 -9999 -9999 -9999 -9999 -9999 -9999 -9999 -9999 -9999 -9999 -9999 2.91682526335 6.25869069479 9.91855040231 10.2257346683 9.51257893348 9.62900335255 8.14197452485 8.10497869668 6.83766568625 7.45011813258 6.61508090269 6.71505338821 5.67354426743 6.20805246387 5.70962701458 5.64743376099 3.87750658544 1.87948421997 4.86438659566 6.34353296245 3.99153143971 2.5063762727 3.93179795641 2.03881551508 2.23334407572 2.1824104856 1.92234506696 2.02075663911 1.89593806363 2.06490024216 1.74514810715 1.5081572225 1.32577379868 1.21512340704 1.39418464915 1.29356439887 1.42617941298 1.58119407392 1.67629834284 2.36853670576 2.67956757903 2.87547193885 3.43185523311
-9999 -9999 -9999 -9999 -9999 -9999 -9999 -9999 -9999 -9999 -9999 -9999 -9999 -9999 4.49705463318 6.96379767945 10.0339523202 10.0315539013 9.46252831879 9.70498074881 8.25842406638 8.10432829122 7.4894987809 7.00394920275 6.19968657157 6.05677886411 6.37614632238 6.6676074376 5.39627260003 5.60547663843 5.09183678213 4.66500098063 4.5717410416 5.25801690892 5.52846051601 2.0721196047 2.80567910996 3.19624724415 1.44135862703 2.04733019038 1.80905042077 1.99138940583 1.74869179974 1.78446813721 1.41214174811 1.53423175269 1.18796576497 1.48936068377 2.17579451599 2.46875396319 2.26103053007 1.59717563492 2.22106868804 2.08419086064 1.79896153597 1.99578947002 1.70043912179
-9999 -9999 -9999 -9999 -9999 -9999 -9999 -9999 -9999 -9999 -9999 -9999 -9999 -9999 12.3196532125 11.9451659037 11.408919498 10.9978478447 10.0311957232 11.0802668901 8.87395838121 8.76574861423 8.30485347031 7.84846859172 6.57845655967 6.79539198617 6.22462009359 7.11461442402 5.97747109005 5.74234777248 5.35276800749 5.55448935149 5.0971934733 2.96897376861 2.18576525626 2.19572455802 2.00806162898 4.07229871947 1.79458816275 2.52349911082 2.4756782811 1.70016691065 1.37351039859 1.46411527371 1.24671834918 1.29596232357 1.90857804903 2.33196655375 3.68627171603 3.99083629731 3.12082274593 3.33840720083 2.38642351399 2.22222976489 1.91636174631 1.67109611775 1.83632640661
-9999 -9999 -9999 -9999 -9999 -9999 -9999 -9999 -9999 -9999 -9999 -9999 -9999 -9999 -9999 11.5651776638 11.0387141012 10.9158980245 11.369269573 10.2716487118 8.53238749702 8.60500902661 7.96783788694 8.01031090697 6.56553976957 6.96018682208 6.23505719777 6.64045598413 3.03884035059 5.5753950856 4.98140018494 4.98724565532 4.43650771772 2.84039038298 2.25583576091 2.26428633639 2.11677847318 2.1000914774 2.0163845108 1.91107720593 1.67744941841 2.51949234125 1.03537775831 1.17476077606 1.25871178319 1.20672513939 1.0645565716 1.17722334202 1.59855953909 1.74224157281 1.26554844057 1.1592664178 1.58425393099 2.31312016866 2.19012519553 2.16620492244 1.92323276357
-9999 -9999 -9999 -9999 -9999 -9999 -9999 -9999 -9999 -9999 -9999 -9999 -9999 -9999 -9999 -9999 11.4628854004 11.2370085779 10.789544511 11.4153058258 10.7765521452 10.8728429547 7.95969754809 7.37846900606 7.22086014823 7.22048625991 6.45812099461 5.72586335304 2.70147211244 4.90164500567 5.7627819221 3.43954488341 2.17103008698 1.37156639776 2.25052100399 2.34109124088 2.23776296898 2.30654524926 2.22612315048 2.98270765199 4.73832978672 4.56400104068 3.85321747674 1.92008516466 0.992965220595 0.745774864449 0.584570086807 1.52612768427 1.189477331 0.96802734506 1.24766168633 1.75563200054 1.40575677773 1.20426265098 1.33629465911 1.21640269437 1.12909361322
-9999 -9999 -9999 -9999 -9999 -9999 -9999 -9999 -9999 -9999 -9999 -9999 -9999 -9999 -9999 -9999 11.9767878219 11.8306761265 11.3735342797 11.3376446817 10.2615746163 10.3939929658 8.70825729175 7.86761512945 7.60825058486 7.82660634196 6.78875496753 6.56634027653 2.83145546017 4.42543036421 2.72762948429 1.90494590618 2.15997936396 1.62336883404 2.19135349062 2.30026118267 2.82430561638 2.33052074052 2.21239623591 2.35707748891 3.94006265438 3.36800895094 3.93825192329 3.59817805871 2.46641281968 1.75867779166 2.06392592026 2.08388850577 0.952433082971 1.1424787433 1.46408445893 1.52423312491 1.86891588947 1.96746217875 2.25699896396 1.73240208377 1.13795603893
-9999 -9999 -9999 -9999 -9999 -9999 -9999 -9999 -9999 -9999 -9999 -9999 -9999 -9999 -9999 11.0763235305 11.3499297126 11.3865434093 12.4541202829 12.3520363576 10.9063042748 10.6571805534 8.56355974916 8.5017646879 7.64073759086 7.8178212681 7.0648540248 7.1490705029 3.96857828808 5.45086961908 5.41502203524 5.47718751584 5.23057166883 3.54350915004 3.05506818742 4.27879445473 4.2902516366 4.37083044111 3.78561391599 2.16135015032 3.51564649441 3.06680997636 2.16042216567 2.12386498779 2.09126732263 1.55905846688 2.08686610628 1.86358569378 1.36330904105 1.50760259033 1.19602478215 0.975001094676 1.06148810457 1.16717160593 1.24633521022 1.27800623617 1.37902454943
-9999 -9999 -9999 -9999 -9999 -9999 -9999 -9999 -9999 -9999 -9999 -9999 -9999 -9999 11.5798127274 11.3706278845 11.4686468014 9.56850974229 11.1580401606 12.1476249898 10.912947257 11.1816780825 8.64562353 8.73696034398 7.63297812547 7.52780153619 6.7724010283 6.95487330309 5.97279634969 5.9734913295 5.17684243141 5.23105348445 4.26846925592 3.8432703473 3.74073011424 4.76041460982 4.13537000839 3.53704342995 1.75555350409 3.23525936519 3.22956321958 1.80368526653 1.57197150906 1.73826093738 1.14710807966 0.971335507818 1.91866307095 1.59904926967 1.46865144205 1.22728234117 1.0786533463 1.06962775564 1.12958588894 1.10637036881 1.03946882046 1.09757455816 1.11818980563
-9999 -9999 -9999 -9999 -9999 -9999 -9999 -9999 -9999 -9999 -9999 -9999 -9999 -9999 11.9502105793 12.3706286375 12.0068934219 9.55498418399 8.53212754638 9.33773017555 9.66104007528 10.1154871929 9.01996531427 9.16181160987 7.68013683619 7.27148656714 5.32437534188 5.38186476361 5.11644799323 6.02138572272 5.58940486351 5.1016417093 3.98366458022 3.74146570632 3.25096599348 4.22492809258 4.63304091188 5.18944247817 3.60280042362 3.66183136134 4.10609208611 3.91262380124 2.07621705114 1.89128678575 1.59818945349 0.916970188299 1.53163282515 2.2441679028 1.96833714794 2.19008107546 2.09679443386 2.08162464464 1.58201125931 1.41735838139 1.53528502051 1.4812110895 1.15842927746
-9999 -9999 -9999 -9999 -9999 -9999 -9999 -9999 -9999 -9999 -9999 -9999 -9999 -9999 -9999 -9999 12.0816538273 10.5048113104 10.3487426857 10.2576104963 8.87152794688 9.68124056105 9.36612389339 9.37542433581 7.82961134305 6.49436191017 4.20498418039 4.34765324428 3.71143870683 4.54650812554 4.70055710216 4.1053088644 3.78481807567 3.44481214699 3.40778666939 3.42792003238 3.76369983221 3.55261634596 4.20274002148 3.86991225663 2.63616189038 2.60841586634 3.58020300705 3.14145337691 1.12776695546 1.35535440901 1.15780813748 1.29355931981 1.4281779761 1.63567055182 1.53679575502 1.57561726683 1.39053532974 1.23164772775 0.875103472266 0.922780056052 1.26614220282
-9999 -9999 -9999 -9999 -9999 -9999 -9999 -9999 -9999 -9999 -9999 -9999 -9999 -9999 -9999 -9999 11.5914462515 11.3982727682 11.1818488038 10.0691996795 8.80825014349 9.1524047332 8.79881570536 9.03253765452 8.45124410654 7.05033460909 5.26711170697 5.12684069382 4.61534738739 4.8082316767 4.87050966505 4.7297794655 4.06405384334 3.68544400363 2.91875931542 3.04346382008 3.00515277184 3.30582126 2.44740581686 2.19884225805 2.41670545369 2.87296225739 2.14527040787 2.65024647749 2.5779709237 1.20341257189 0.559856174926 0.899847649702 1.24997771338 1.00652195425 0.797258358205 0.808962669966 0.627291002588 0.714456418778 0.65778343515 0.661864173941 0.620008443814
-9999 -9999 -9999 -9999 -9999 -9999 -9999 -9999 -9999 -9999 -9999 -9999 -9999 -9999 -9999 -9999 -9999 -9999 11.2375521315 10.5049877774 8.36084489716 8.77016924743 8.69428044396 9.42527269979 8.30046523524 7.81321255717 5.01144645082 4.86914508333 4.61377891487 4.65801031491 3.95291079496 3.70081183949 3.49677824346 3.6345841721 2.88596429313 3.28099770748 3.14588804053 2.61472017546 2.36312875842 2.73902094705 2.14979515149 1.97613354101 1.78348341081 1.77364798001 1.49902397824 1.59975865489 0.699440015283 0.714944119484 1.0124753381 0.845372157646 0.888878427835 1.01764440709 0.641037398458 0.658501498249 0.709492243859 0.756634521417 0.668616724515
-9999 -9999 -9999 -9999 -9999 -9999 -9999 -9999 -9999 -9999 -9999 -9999 -9999 -9999 -9999 -9999 -9999 -9999 -9999 9.87756126887 8.81952446981 9.06890368873 8.48894983341 10.9179796144 8.99707482173 8.83027245537 6.38772917817 5.04284127511 4.11299092259 4.02768667103 3.86918037551 4.24853153632 3.43147437391 3.28437376353 2.5815144755 2.3401043036 2.19395278722 2.70831344789 2.39840193256 2.56430414836 2.00191973048 1.87446927689 1.51748022275 1.80286476663 1.71517037011 1.76895128959 1.24765464393 0.620850537005 0.448874216133 0.908456343651 0.725317374001 0.777653938942 0.586825553255 0.581151079484 0.654089801743 0.625739478426 0.482478931395
-9999 -9999 -9999 -9999 -9999 -9999 -9999 -9999 -9999 -9999 -9999 -9999 -9999 -9999 -9999 -9999 -9999 -9999 10.8658420171 11.2494600186 10.1389843212 10.0250462344 8.54571374882 10.3338084626 8.91940521757 8.75327372492 6.98123393768 6.19275736498 4.4571007296 4.26741202834 3.33302348274 2.0325788799 3.61772257778 3.28481416848 2.86207777321 3.1983523639 3.49437969619 3.3896526238 3.07157488977 2.93416356937 2.57527055068 2.00056465044 1.71476382601 2.07467096101 1.96150106581 1.91354639967 1.57565407121 2.03080655712 1.29553518746 0.612460317997 1.09998794144 1.3412870448 1.25573277397 1.18016369517 0.87750457548 0.773941500368 0.662512113977
-9999 -9999 -9999 -9999 -9999 -9999 -9999 -9999 -9999 -9999 -9999 -9999 -9999 -9999 -9999 -9999 -9999 -9999 -9999 12.2745972185 11.8105092794 11.5840230636 8.73880421771 10.3517851859 9.44258289644 9.39425834403 6.81107461375 6.87374399614 5.48375996291 6.05866473761 4.04451124582 4.02740674421 4.45657797877 3.51162909752 3.33367515726 2.88071708329 2.13607103265 1.93723853093 1.66308170224 1.66438119022 1.67853875519 2.07905105816 2.02958198419 2.07036127139 1.88168914324 2.64747466865 1.88154539914 1.5344195191 1.40822571594 0.845611339022 0.302997646489 1.86694110338 1.9150158714 1.50398327795 1.75042887104 0.448711891731 0.429624358905
-9999 -9999 -9999 -9999 -9999 -9999 -9999 -9999 -9999 -9999 -9999 -9999 -9999 -9999 -9999 -9999 -9999 -9999 -9999 -9999 11.0592880645 11.448115722 8.78661790638 9.72392396614 8.95095314737 9.28589048088 6.70793879938 7.00411789163 7.006537759 6.74694167892 5.92156087841 5.81985963829 3.82985553811 3.72754449201 2.70249391903 3.19602814124 2.81057579501 3.03902301933 2.85280770361 2.68853905068 2.11259667496 2.54449609126 2.38214848259 2.16076889402 2.47397420442 2.22461423702 1.825299797 2.00303788929 1.69917560679 1.64423892283 1.13147706597 0.660365280757 0.311430070902 0.628041672068 1.5878895983 0.389045779828 0.378179739092
-9999 -9999 -9999 -9999 -9999 -9999 -9999 -9999 -9999 -9999 -9999 -9999 -9999 -9999 -9999 -9999 -9999 -9999 -9999 -9999 -9999 11.2085028508 9.31794004799 9.47606270969 8.45345106562 8.21213605786 6.72675885416 7.25142240219 6.73285954465 6.60304772286 6.42798302152 6.37794024551 4.05785128117 2.59681860459 4.07198809809 3.92993562526 3.20519431223 2.59607434188 2.33759549234 2.47608690864 2.81119633076 2.91714318299 2.92167560063 2.2294823027 1.81336648563 1.44864594561 1.62235181946 1.75548767723 1.627418583 1.92386472887 2.22633893525 1.88541308966 0.992410514102 0.545711711864 0.158465305497 0.21128481078 0.238241754873
-9999 -9999 -9999 -9999 -9999 -9999 -9999 -9999 -9999 -9999 -9999 -9999 -9999 -9999 -9999 -9999 -9999 -9999 -9999 -9999 -9999 10.4844712453 8.8378891278 8.8379785798 8.67998845301 9.23214858312 7.43533728193 6.33790695822 5.78621542246 6.45849898158 2.38870541268 5.57747506309 4.43204291289 3.92254612088 2.81357214191 3.13353533422 2.75290418739 2.51372564093 2.2192884101 2.83284352607 2.83324568159 2.74874180215 2.16475300053 2.08902259803 2.26130466511 2.17042054425 1.91942638832 1.87958281356 1.27155923874 1.35478843837 1.72629355297 1.16997640344 0.981448971721 0.332034819647 0.295031220122 0.174209451376 0.178101042733
-9999 -9999 -9999 -9999 -9999 -9999 -9999 -9999 -9999 -9999 -9999 -9999 -9999 -9999 -9999 -9999 -9999 -9999 -9999 -9999 -9999 -9999 8.74648318687 9.27726508042 9.46278169217 9.57932236486 7.95369954569 6.90729489036 5.15347813936 5.40183682572 5.4684502827 5.60350949424 4.24407135252 4.02453375635 4.01334612994 3.46885009607 3.22497318372 3.01243993844 2.62576429604 2.85367411132 2.82919742597 2.13103528127 2.11376216442 2.53647732843 1.5390529819 1.39462284314 1.0697161055 1.2875610283 1.52338449675 2.0187843084 0.875091012958 1.44029198591 1.7634036648 0.514271413599 0.16895802015 0.144795331031 0.154837254852
-9999 -9999 -9999 -9999 -9999 -9999 -9999 -9999 -9999 -9999 -9999 -9999 -9999 -9999 -9999 -9999 -9999 -9999 -9999 -9999 -9999 -9999 8.91014576005 8.77532704209 9.3155805506 9.90492498143 8.32298001816 6.35362397741 5.40117305237 5.50028819403 4.9034598375 4.97287752955 4.62935231428 4.21023121338 3.51001543327 4.11649756203 3.24370204355 3.0526545408 3.20098934092 3.23140023838 2.33844934341 2.86983735042 2.14311310886 1.80234559032 1.53034431155 1.74430761992 1.91754208105 1.97960284951 1.20443463421 1.17328157628 1.09167342858 2.01088055343 0.368620024564 0.987625682104 0.443971896588 0.380064713967 0.243874358684
-9999 -9999 -9999 -9999 -9999 -9999 -9999 -9999 -9999 -9999 -9999 -9999 -9999 -9999 -9999 -9999 -9999 -9999 -9999 -9999 -9999 -9999 8.66535884482 8.97495921939 10.2509163584 10.3008267738 8.28697712746 6.88812369466 5.66300163304 6.00332147983 5.22557646385 4.91940304109 4.43328595991 4.31874416848 4.23067941317 3.45596464267 3.17636429164 3.76903808402 3.26828866881 3.07535540251 2.88260253 2.45285244188 1.76986460524 2.10874304418 2.31083493853 2.16368886338 1.94857670266 1.73654770895 1.33386092259 1.33597624411 1.54551817774 1.31409831028 0.713122401955 0.804928785606 0.895253493536 0.994054797242 0.4238875464
-9999 -9999 -9999 -9999 -9999 -9999 -9999 -9999 -9999 -9999 -9999 -9999 -9999 -9999 -9999 -9999 -9999 -9999 -9999 -9999 -9999 -9999 -9999 9.2353457238 10.5287727733 10.392568193 7.70600940273 6.21156980488 5.22501070643 5.85436100232 5.24600304573 5.47104715729 4.95031368534 5.05448189267 3.92280749537 4.16512914397 3.96912045376 3.6421509877 2.63031616348 2.52617468484 1.89378527286 2.34616714942 2.59761661828 2.62551239127 2.20418552891 2.01276970957 1.19107123942 1.07030107938 0.974263052754 1.04774421485 0.806421579227 0.995639724242 1.02053175744 1.26440038773 0.52776701904 0.340623655992 0.758102140012
