data/recharge/transience/oldversion/mHM_recahrge_173.ASC
ncols   80
nrows    72
xllcorner    4374000.0
yllcorner    5656000.0
cellsize      500
NODATA_value  -9999
[rows 0 to 25 of 72, columns 0 to 56 of 80]
-9999 -9999 -9999 -9999 -9999 -9999 -9999 -9999 -9999 -9999 -9999 -9999 22.4816454121 23.2454947071 -9999 -9999 -9999 -9999 -9999 -9999 -9999 -9999 -9999 -9999 -9999 -9999 -9999 -9999 -9999 -9999 -9999 -9999 -9999 -9999 -9999 -9999 -9999 -9999 -9999 -9999 -9999 -9999 -9999 -9999 -9999 -9999 -9999 -9999 -9999 -9999 -9999 -9999 -9999 -9999 -9999 -9999 -9999
-9999 -9999 -9999 -9999 -9999 -9999 -9999 -9999 -9999 -9999 -9999 -9999 24.4293818529 22.028575883 20.5211464695 -9999 21.417025092 -9999 -9999 -9999 -9999 -9999 -9999 -9999 -9999 -9999 -9999 -9999 -9999 -9999 -9999 -9999 -9999 -9999 -9999 -9999 -9999 -9999 -9999 -9999 -9999 -9999 -9999 -9999 -9999 -9999 -9999 -9999 -9999 -9999 -9999 -9999 -9999 -9999 -9999 -9999 -9999
-9999 -9999 -9999 -9999 -9999 -9999 -9999 -9999 -9999 -9999 22.61675631 22.4003900999 23.2503826839 22.6598155421 19.7481590486 19.5025462778 18.3267814137 18.8874848772 -9999 -9999 -9999 -9999 -9999 -9999 -9999 -9999 -9999 -9999 -9999 -9999 -9999 -9999 -9999 -9999 -9999 -9999 -9999 -9999 -9999 -9999 -9999 -9999 -9999 -9999 -9999 -9999 -9999 -9999 -9999 -9999 -9999 -9999 -9999 -9999 -9999 -9999 -9999
-9999 -9999 -9999 -9999 -9999 -9999 -9999 -9999 -9999 22.8827096443 22.2133644414 21.7869591421 20.9563337517 21.6036137483 19.9809260014 19.934415751 19.3531186729 21.7371886441 -9999 21.2435132185 -9999 -9999 -9999 -9999 19.4221940076 20.2457913043 -9999 -9999 -9999 -9999 -9999 -9999 -9999 -9999 -9999 -9999 -9999 -9999 -9999 -9999 -9999 -9999 -9999 -9999 -9999 -9999 -9999 -9999 -9999 -9999 -9999 -9999 -9999 -9999 -9999 -9999 -9999
-9999 -9999 -9999 -9999 -9999 -9999 -9999 -9999 26.536459026 24.6594865629 21.7849288008 21.2008729008 19.9544488536 19.2378812471 18.8986934762 18.7623498062 18.4014044822 18.2613028538 17.7453597995 18.2749936912 17.761536022 18.489616 -9999 18.6557335704 20.5500698017 20.7301225776 -9999 -9999 -9999 -9999 -9999 -9999 -9999 -9999 -9999 -9999 -9999 -9999 -9999 -9999 -9999 -9999 -9999 -9999 -9999 -9999 -9999 -9999 -9999 -9999 -9999 -9999 -9999 -9999 -9999 -9999 -9999
-9999 -9999 -9999 -9999 -9999 -9999 25.6297293586 23.7618787668 22.9579414024 23.435778617 23.3404583621 23.0390613885 21.1170064894 20.6547420403 18.9205858036 19.668741381 18.6488487218 17.8540865981 17.9030468761 17.7982525841 17.3236258487 17.8803776124 18.3629176536 18.5727403124 19.1998824888 19.0434739638 19.5714477254 -9999 -9999 -9999 -9999 -9999 -9999 -9999 -9999 -9999 -9999 -9999 -9999 -9999 -9999 -9999 -9999 -9999 -9999 -9999 -9999 -9999 -9999 -9999 -9999 -9999 -9999 -9999 -9999 -9999 -9999
-9999 -9999 -9999 -9999 -9999 -9999 25.075975884 23.912305767 21.4898198643 21.0286332122 19.9328500204 20.1185074014 19.2609152097 19.0174983206 17.823706526 16.7881169611 17.0198746369 13.7973895276 16.5253328357 16.0061579402 16.2946674653 17.855810566 17.1778914849 17.6275546049 17.8636550931 17.2096105668 19.188668649 19.1333585683 19.0267927668 18.4942703619 20.2286127401 20.2723893126 -9999 -9999 -9999 -9999 -9999 -9999 -9999 -9999 -9999 -9999 -9999 -9999 -9999 -9999 -9999 -9999 -9999 -9999 -9999 -9999 -9999 -9999 -9999 -9999 -9999
-9999 -9999 -9999 -9999 -9999 27.6301726289 25.4071002109 25.0425334068 23.5014361015 24.2605358758 23.0009534244 21.5593393219 18.9244022189 19.4543240395 18.8495106748 18.9272731309 14.107008903 8.16843283177 13.5749767587 16.2777032796 16.4402693851 16.1256882026 16.5315784624 16.8250161276 17.8998928907 18.409779087 18.8940045505 18.2232144978 18.41475952 18.2347517552 18.0025210283 18.6517778293 17.622506903 17.2529799448 -9999 -9999 -9999 -9999 -9999 -9999 -9999 -9999 -9999 -9999 -9999 -9999 -9999 -9999 -9999 -9999 -9999 -9999 -9999 -9999 -9999 -9999 -9999
-9999 -9999 -9999 -9999 -9999 27.2889969278 25.0979291179 25.2723518418 23.222902656 22.4137976552 21.552025994 22.1525283076 14.3293845815 12.0062576506 20.4585940365 21.3103183409 15.991579135 6.60933237108 11.2983369201 14.1046257857 16.3658489055 16.5176183196 17.4708533805 17.2161527848 16.6024709776 15.7948777183 17.3008599808 16.4037632436 16.5010724954 15.8092966727 15.0949445686 16.1167490656 16.9922113054 16.5885473455 17.0244275755 16.5358366347 -9999 -9999 -9999 -9999 16.9787759488 16.44608523 -9999 -9999 -9999 -9999 -9999 -9999 -9999 -9999 -9999 -9999 -9999 -9999 -9999 -9999 -9999
-9999 -9999 -9999 -9999 -9999 26.3969077535 24.7571615031 24.7687688476 23.6093249913 24.4680788389 23.1559009245 22.6706786509 20.6975975575 21.5268661993 21.4814536699 20.2661533961 18.401775116 20.6137088312 19.0102990774 19.277687189 17.60390037 16.032540207 15.7816804068 15.4286895773 16.3852423929 16.3298806457 16.783709904 15.8986273732 17.1040479746 15.0300342778 9.75788217409 13.3761784728 16.7928497059 16.9960321553 16.8821175424 16.8944283727 16.8094299993 -9999 -9999 17.0118318822 17.5828330602 17.2474272885 18.2912719795 -9999 -9999 -9999 -9999 -9999 -9999 -9999 -9999 -9999 -9999 -9999 -9999 -9999 -9999
-9999 -9999 -9999 -9999 -9999 -9999 26.5933949835 27.2711522398 24.4317244877 24.1626065834 22.1241996083 22.8837893804 23.2246246628 24.1769332281 19.197066503 18.4355629833 18.6372859375 18.5695926365 17.1429337293 16.914623388 16.9686425811 17.0831577495 16.3099471935 17.351746535 16.3096283353 15.3967634016 14.688268351 15.4663575738 15.0490400545 14.8516327278 14.1612573942 15.534308194 15.5456951662 15.05524494 15.5421365652 15.8349978541 16.4464943063 15.7017939997 16.4656752086 16.142379851 16.0681681527 17.7414250159 16.4343666963 15.2083670445 -9999 -9999 -9999 -9999 18.3653816118 17.3518708068 4.0743962159 -9999 -9999 -9999 -9999 -9999 -9999
-9999 -9999 -9999 -9999 -9999 -9999 -9999 26.6279919311 23.6122482397 24.7481086765 24.0394699036 23.3288407282 21.8009955501 20.4439780021 19.9368637372 21.4854488351 20.10281963 19.707401159 19.094696829 17.6274006848 16.2641311622 16.1085548799 15.8714068312 16.2793362447 15.6495849116 14.6021719446 14.7400051167 15.07855221 15.0056916846 14.6709334235 15.3197893597 15.0691329625 15.5522358149 14.9327759756 16.069012609 16.0401961155 16.3617845912 16.3590473689 16.2716198998 16.2212944442 15.6891893461 15.6531850566 15.3033665583 14.9243857533 13.8276725353 14.7213904752 15.2577116962 14.0357251457 13.7059278061 14.9918820425 14.2161493671 11.1403650506 -9999 -9999 -9999 -9999 -9999
-9999 -9999 -9999 -9999 -9999 -9999 -9999 -9999 22.6912247651 22.1650684416 22.7391336642 23.6318897544 22.1090302432 23.2042714467 22.24036576 21.2964063833 18.3778274345 18.6329686998 16.9056798784 17.5091881632 18.9563236677 18.6252766537 20.5900183863 19.8477281359 18.9232841409 19.3368246408 15.293941365 14.1093986116 13.1638149455 12.3759394632 12.7168458151 13.5536100612 13.6525956065 13.306423279 14.3314413226 14.3961048594 14.9473061419 15.3977107713 14.7713126385 14.598739585 15.2843240379 14.9180831412 13.5184818071 12.8277361468 12.5989445539 11.921996356 12.7702047355 11.8961738159 11.3686434146 12.7754241702 12.6928720651 13.3125369613 11.7283039839 -9999 -9999 -9999 -9999
-9999 -9999 -9999 -9999 -9999 -9999 -9999 -9999 24.7135339707 23.4621917971 21.93897665 22.0856841563 21.2528022154 21.2185571054 19.6669667649 19.2686813894 18.2152840087 18.8718786685 17.5832871999 18.0882450234 18.7166900991 18.5070898001 23.7480097039 25.0078321313 21.9625435128 18.0242900994 19.932673502 17.3823665804 14.2491947434 12.5603101638 12.2548649586 13.1510190556 12.6846821433 13.1560018756 14.0911349353 5.95294559454 15.7751609076 15.0331391322 14.7351974751 14.5060189073 14.3285142345 14.1635152219 12.9876023433 12.9411739653 11.9607540987 11.8745628688 12.675851886 12.0784730803 11.9313667793 13.3425414114 13.0150234808 13.0661241572 12.1045685326 12.7724146373 11.2171184258 11.9262018895 -9999
-9999 -9999 -9999 -9999 -9999 -9999 -9999 -9999 -9999 25.0557332079 23.2325186824 21.4099334483 21.243686384 21.7441323055 20.7691349291 20.9381377929 21.4686345143 21.5327766598 21.3242595653 21.4734593118 20.5949066038 18.5271449357 19.8666624259 30.30145115 25.8488221681 23.5439776356 18.9225650159 16.9291376152 12.7600369821 12.1597901545 11.7461286597 12.2982668976 11.9530409258 11.2305717399 12.2122280487 11.2779430416 14.0899246037 13.3837386589 12.8358960119 12.9674990479 12.6438914348 13.0676371684 11.3650039655 13.3449867095 11.2546893449 10.2579611455 9.50616143759 9.581663099 10.754306873 10.6196094413 10.9185944666 10.5871898918 10.5768241935 10.9935655836 11.6620470057 9.69902526962 8.1100835754
-9999 -9999 -9999 -9999 -9999 -9999 -9999 -9999 -9999 -9999 22.1204999798 22.3900589184 21.0208493347 21.4902164338 20.0871808074 19.4517299748 20.0225550237 21.979001358 20.6977523505 19.2150901391 18.0863063649 17.8790473353 16.3627521286 21.4368581899 21.2320664772 23.9327245427 21.6337111871 18.8426993695 15.1934786591 14.2831424439 11.8828031371 11.9434212882 12.9853111988 11.7281363252 13.7405758455 13.0705216004 13.7734897969 13.3928975608 12.936979822 13.0118944327 13.2415646579 13.192086048 12.4446625899 12.0768861943 13.6873764851 14.0117750312 12.1085072459 10.2888746462 11.5354103887 11.4354238212 12.2025928807 11.8135203099 10.5588916104 11.0757334894 10.1017577326 9.49552439258 8.01834874495
-9999 -9999 -9999 -9999 -9999 -9999 -9999 -9999 -9999 -9999 -9999 11.7114492319 13.5095030732 20.4037060332 19.5785833092 18.8997045166 19.8438233954 19.767060979 17.2360795805 17.6432915299 17.8105694745 17.7957008465 16.0844214489 14.6649233414 15.446539026 15.957468586 18.1000807848 21.1448490208 19.5286822705 9.95076546932 11.7957502615 11.9952289425 11.8323353808 12.0645115402 12.542453549 11.2266517639 11.9142316903 11.8253794727 12.2557637611 12.2519127198 13.0253949171 12.2098457146 12.406644352 11.0502543739 9.8767622144 9.74726670134 10.7621659556 11.6035405475 10.9939868066 10.7594326846 9.99812780103 10.8346622383 10.6019984604 9.76734495473 8.51719501894 8.75257890496 7.63463267655
-9999 -9999 -9999 -9999 -9999 -9999 -9999 -9999 -9999 -9999 -9999 10.0912404909 14.7488849946 19.0980645232 19.4566339126 19.1812164458 18.1489039074 17.3748770314 17.1606404459 17.2489299622 16.9873977807 18.1068482217 15.8509378814 15.6827839956 14.7827269171 15.5812650682 16.4276309924 18.6705482121 17.0492389543 16.3871829262 19.010029961 18.5398081749 14.4354767981 14.7944040472 12.9278574894 11.1204856159 11.8590617978 12.0764606973 11.9218988513 11.8708992406 12.219983205 14.053723689 11.8032987321 11.8775332291 11.3573082962 11.2386371209 13.4254628325 14.7686016928 13.9397226318 11.1974503668 12.4833736276 12.1925233108 9.88675383001 11.2095547862 10.7194551412 9.54540887223 8.85129253248
-9999 -9999 -9999 -9999 -9999 -9999 -9999 -9999 -9999 -9999 -9999 23.0068153651 21.1887690067 20.6146550471 17.6490877886 18.6065022205 17.46505344 15.6926764279 15.4796077549 15.8554322768 15.5913235074 15.8088545305 14.6629629928 13.8427510312 12.1515278224 11.861414722 11.1424122595 10.8774259002 11.3687218512 12.7314355027 14.5805779534 18.6289121721 20.7623649336 19.7359639201 13.7713405686 11.5779172345 13.4007780164 11.5510608694 10.7852596816 7.64403600421 6.6075346366 12.314050744 13.7914021028 15.1181140763 15.678919375 16.6743239063 12.7586761014 11.8288127092 11.7566728767 11.9382024098 11.2407784677 12.2066976337 12.7088772014 13.8440687079 12.8977347718 8.811627293 7.08718450418
-9999 -9999 -9999 -9999 -9999 -9999 -9999 -9999 -9999 -9999 -9999 -9999 19.2928270112 20.0949739101 19.2284376256 18.4132571156 17.5069116506 17.0137078544 15.8444621908 16.0789481673 15.9559056827 15.3471528 14.7436361034 14.7822192399 12.5546544102 12.8460491413 11.3734683018 11.7975132759 11.064212043 10.4916408192 10.5291635432 11.0819327542 11.2852589131 13.1428186518 15.3268927517 5.05922935949 14.0556345616 12.2696658914 12.6460494939 11.3937300718 12.5062925439 12.5732506633 15.8910596542 17.0376617693 17.6740462987 17.2523377338 13.8821958445 11.9430696812 9.86682802748 10.7995746016 10.5911515143 9.45535572455 8.46589027244 8.57208372242 8.23695572457 9.12707033411 3.74320770214
-9999 -9999 -9999 -9999 -9999 -9999 -9999 -9999 -9999 -9999 -9999 21.5449955292 21.1365958272 21.6607983107 21.450771706 11.8188249312 14.7185454365 17.529748325 15.7379842201 15.9383261477 14.014225485 13.8069288937 12.371905799 12.7046105619 12.3688120335 12.1642274878 10.3331477888 9.9398206665 9.90115896613 9.50207274049 9.00498414425 9.4323210447 8.96277366762 8.83547859187 9.71625402331 13.6782342874 14.2393319023 11.0417494745 11.0785828231 10.5556035042 11.4448702588 11.6026725718 15.3120174417 17.0979112003 19.1608722101 19.113485231 17.0927156735 15.4298715873 12.2829171579 12.4612013841 10.1045726088 7.38966030939 6.68959368539 6.74565579452 6.34625209432 7.03716656034 9.49599871979
-9999 -9999 -9999 -9999 -9999 -9999 -9999 -9999 -9999 -9999 -9999 22.1377029112 23.3501262211 22.768320547 19.8313898048 14.1787619901 18.0235245267 18.1670692842 16.0388591104 16.2500831257 12.8089902326 12.8134557553 13.13337623 13.5489769536 12.996030444 13.1764521898 7.38379743193 8.3256129226 10.9860157171 13.5445479504 12.515618909 9.6725156397 8.76249286111 8.84462964722 9.4116056027 10.2519527941 12.1324747919 14.5539120343 12.1136312784 12.1607559007 10.4176818362 12.3274294512 14.7638845773 14.4897878883 15.2189984526 14.6270162685 15.7079548234 16.0848743623 14.436798035 14.1297560578 9.89567035413 10.3612455251 9.30097679802 8.89863572224 8.47780518096 7.8763844033 6.13578837012
-9999 -9999 -9999 -9999 -9999 -9999 -9999 -9999 -9999 -9999 -9999 24.1964660597 24.0049725951 22.5208480087 22.2012534722 21.9909034002 18.8218629509 19.4633313121 18.2070828572 18.2051090165 12.5779413871 5.95773100953 13.9375249898 16.5861761392 13.1959431211 13.1871823628 13.6962882835 13.0166463924 10.7832824982 9.57169169696 9.63695834373 12.6569987968 12.9196243198 12.090183809 9.86278114954 8.99286354076 8.92908941053 7.84067697488 11.2330732358 8.96201995344 11.6992958059 11.9530248101 11.8902388567 11.0474681801 11.308096861 11.3535001019 12.4463376242 12.6277604791 11.3224989658 10.6479412631 8.87777465049 7.51325306272 6.0585327511 5.82801261502 5.46133829043 6.49011803229 7.71023317011
-9999 -9999 -9999 -9999 -9999 -9999 -9999 -9999 -9999 -9999 -9999 -9999 24.5266870086 23.6125543055 21.5667791212 21.2874582613 20.3079953128 20.0713267351 17.8506443922 18.3087373252 17.6121500729 18.3941262322 14.6548391521 12.9227290099 12.4896651903 12.3296705501 10.5159447282 11.0194781334 10.0839790094 9.00948858091 7.82514391986 8.68236010637 8.10534335529 8.88309243025 8.94253218957 11.2138522156 9.9426486245 8.69179160567 12.3030501768 12.6026416029 11.1547386165 10.0769198342 11.349456775 10.5851137438 11.3711958548 11.5630784911 11.3953760518 11.8380333174 10.4421403242 10.2897351317 9.04999389352 4.06001462803 5.01617402077 8.4101673108 6.57989877257 6.39479226015 5.95716260631
-9999 -9999 -9999 -9999 -9999 -9999 -9999 -9999 -9999 -9999 -9999 -9999 26.399388767 24.1887869441 22.8079907264 22.6270510195 20.4508217443 21.0137196282 19.5684577727 18.5646803527 17.6758213335 16.948286212 15.9705593429 16.6738006599 14.0434290976 15.0335785111 15.2056604977 14.2607499987 12.1555983693 14.1781459301 12.0732825318 12.6385681773 14.2598594436 13.9801220613 12.853890096 11.5470005639 10.0429477835 12.2248067291 14.9380317287 12.4276630415 12.0267239908 9.44136301917 8.61065852161 8.47951766002 8.7327988914 8.91415483157 8.83118694984 9.21771312753 8.26787659423 8.43404632233 8.06413436997 6.84334453558 7.14971653998 5.44884906187 4.833460379 6.14122766829 4.03845154299
-9999 -9999 -9999 -9999 -9999 -9999 -9999 -9999 -9999 -9999 -9999 -9999 25.6763068875 24.5704037376 22.6090259947 23.1024435491 20.2306008033 20.0083072997 18.8843221725 20.0804555613 18.1507883603 17.2861068555 15.7633089177 9.33598612448 12.4432536755 15.7841723814 15.0858052473 14.7250334864 12.5118103852 11.3567246554 10.1512874755 9.52351322778 9.0520696308 9.6173474233 10.736052928 7.80193581073 9.81045344442 12.6357660876 10.8653608703 8.57885302437 7.5398972826 6.79069534696 8.00961869641 8.69777473636 8.50850794742 8.75872668416 8.98904725154 8.91999098353 8.99694206538 9.81282863889 9.81924154018 8.49835100685 6.10665104093 4.97262056582 5.14471635604 5.4400048566 5.40690637106
