data/recharge/transience/oldversion/mHM_recahrge_212.ASC
ncols   80
nrows    72
xllcorner    4374000.0
yllcorner    5656000.0
cellsize      500
NODATA_value  -9999
[rows 25 to 49 of 72, columns 0 to 56 of 80]
-9999 -9999 -9999 -9999 -9999 -9999 -9999 -9999 -9999 -9999 -9999 -9999 8.58609300033 8.91529832142 8.08078953453 7.93843145887 6.52207940721 6.3662580309 5.44358071991 6.21484034027 5.37564458999 5.36761656213 4.80846622944 3.00639219108 3.97267602226 4.98082889925 4.86719027066 4.55270301057 3.83302266688 3.38859383885 3.09209404086 2.8800511206 3.22479997309 3.68162073603 2.82674038238 5.53473166681 6.01978601624 4.37241436096 3.2184093324 2.6578127818 2.36346261586 2.27634934167 3.39901283243 3.75050599 3.69774267274 3.7445372637 3.75354053493 3.7525020746 3.73231919736 3.95050237252 3.89718594791 3.04023092012 1.64124353716 1.33411200901 1.36573741025 1.4306154257 1.40402317528
-9999 -9999 -9999 -9999 -9999 -9999 -9999 -9999 -9999 -9999 -9999 -9999 -9999 8.36422736174 8.21450768345 8.37524214235 7.02492765402 6.75653482656 5.81324633304 5.44051685721 5.08901270841 5.8281565366 5.65738248088 4.16666801874 5.08048654403 4.59432351941 4.4361710503 3.85647350394 3.74978725123 4.04700423479 3.53543989356 3.32745487025 3.60627436317 3.19391192814 3.02576730137 2.90125711313 5.38648660729 3.7262117362 3.28745298549 2.17177922247 1.9941587256 2.3485910856 1.58385570578 2.15210948205 2.47051621047 2.96106358515 3.2907326943 3.17766261062 2.38930259354 1.59444516455 1.28809757407 1.35748357391 1.47074854249 1.68261480192 1.57744012353 1.20737445539 1.16852740053
-9999 -9999 -9999 -9999 -9999 -9999 -9999 -9999 -9999 -9999 -9999 -9999 -9999 -9999 7.22044450585 7.28465980742 6.39299564111 6.38441335026 5.87173616451 6.10056470475 5.37038471969 5.9474801062 5.64053576588 5.2695947495 4.18408111088 4.07108297447 4.20396086158 5.2352952926 4.14153350054 3.47249932281 3.66080443916 4.38144676547 4.14642153885 4.79301460638 3.6724171361 4.13558298998 5.05833050213 2.70020494429 2.32913978251 1.93683894061 1.98502539214 2.07435784137 2.35970630246 1.80386583265 1.41284394412 1.6109382677 1.42400920475 1.33560834916 1.32506878976 1.53211640082 1.42831842738 1.13121590438 1.08275517408 1.3958609435 1.6070015524 2.91874307498 3.66705341745
-9999 -9999 -9999 -9999 -9999 -9999 -9999 -9999 -9999 -9999 -9999 -9999 -9999 -9999 1.8193398928 3.96180313471 6.81204395462 6.48032847635 5.95303374557 6.10686463346 5.78004162424 5.99156580883 4.8587123214 5.75047886637 5.02540074381 5.34458147868 3.95504784442 4.33907798636 4.59716832896 5.01718183188 3.11983759852 1.43985563029 4.06963056181 6.44250402019 5.06540761074 3.6871397284 4.93651095952 2.0121608418 1.88703555529 1.91719564587 1.80740142426 2.0139153669 2.03030312246 2.1875279482 1.89679427085 1.56720877153 1.05675284983 1.21755041694 1.41641494583 1.27380899415 1.65128530218 1.8763549642 2.05493619512 3.1633454158 4.2601355347 5.05038166434 5.92290386418
-9999 -9999 -9999 -9999 -9999 -9999 -9999 -9999 -9999 -9999 -9999 -9999 -9999 -9999 2.98256830727 4.64568700628 7.19675860503 6.8290184335 6.46772767358 6.4759307316 5.95103204285 6.09235903785 5.82722316324 5.16993605711 4.46919801681 4.22742295635 4.74138621362 4.83130387144 4.07604753112 4.4198397485 4.20079305851 3.82356064255 3.86195011423 6.33230243643 8.78486037983 3.23839855642 4.11910404844 4.04155170906 1.33505129825 1.71323251744 1.80639326787 2.04722011892 1.84255243007 1.88404560641 1.46687768459 1.600962202 1.28084425141 1.67601995068 2.87484243595 3.51111607058 3.19058192518 1.92864691408 3.27374343357 3.05397052224 2.43422863654 2.66411643306 1.99992038834
-9999 -9999 -9999 -9999 -9999 -9999 -9999 -9999 -9999 -9999 -9999 -9999 -9999 -9999 9.47327543268 8.73265294798 8.12835010176 7.73258139068 7.01636269792 7.72161660337 6.14358457931 6.03784324553 5.97188854519 5.63425250836 4.66874369024 4.90995329167 4.44528530253 5.28578725767 4.70539010614 4.47499068706 4.42483774755 4.75323237913 4.41064679914 3.48747423057 3.39773628313 3.42214129202 3.21755461685 5.90544884612 2.81462056213 3.61965644853 2.4267004682 1.82785626555 1.49418750397 1.60806313186 1.36870944184 1.34821790835 2.2957984738 3.08689871181 6.12122064471 6.90956415976 5.03699091632 5.6022305867 3.4679769313 3.07344285661 2.43832753491 2.00021724227 2.19043435781
-9999 -9999 -9999 -9999 -9999 -9999 -9999 -9999 -9999 -9999 -9999 -9999 -9999 -9999 -9999 8.01501438221 7.48886851039 7.11773428205 7.3669910836 6.4477341037 5.47315837745 5.51686512215 5.56279171922 5.80369661644 4.65924705182 4.98243271307 4.34421345415 4.79047560083 2.21224755012 4.30653054607 3.8271284647 3.79519778038 3.42844261961 3.14304911137 3.57174865374 3.59255709492 3.49822266024 3.45538356571 3.4054175491 3.05063444186 2.53451172078 3.3648653301 0.927307077811 1.14636361767 1.43095130024 1.1997577179 1.1678229512 1.36581860703 1.71976150024 1.90975135744 1.35480805119 1.22225665611 1.84907515136 3.16827925031 2.94041543984 2.89630995175 2.34563891558
-9999 -9999 -9999 -9999 -9999 -9999 -9999 -9999 -9999 -9999 -9999 -9999 -9999 -9999 -9999 -9999 7.47832418994 6.72219976117 6.7347480194 7.64987900447 6.73553072588 7.1871524291 5.40814935402 4.88953481024 4.8946631273 4.60259837443 4.09236922346 3.45451262379 1.85154908931 3.55773342103 4.60772934762 2.58312445557 1.76822842681 1.17642225489 3.45166459594 3.67313512556 3.6574206549 3.8281498441 3.82105527999 4.93294526848 7.70418583983 7.32091568315 5.62144112911 2.30239874834 1.1813089782 0.796279304377 0.627371105788 1.83984103705 1.35310787117 1.07052564693 1.42411501533 2.21460634271 1.59964470321 1.33668101034 1.51008010767 1.35584086585 1.25588993895
-9999 -9999 -9999 -9999 -9999 -9999 -9999 -9999 -9999 -9999 -9999 -9999 -9999 -9999 -9999 -9999 7.37437156484 7.33900007442 7.14999012933 6.86037911285 6.12574770766 6.83720713216 6.30031658098 5.22911437836 4.77865357819 5.05733204265 4.31512776598 4.16039735776 1.92849067008 3.15072932331 2.00016632335 1.39619381993 1.6636183175 1.26833725029 3.30869064811 3.57389464159 4.54901178077 3.88755505287 3.78652895133 3.86595153177 5.57772936391 4.86861254512 6.21486639817 5.54105999917 3.62284195181 2.38711072331 2.86030411575 2.3129138839 1.05281659118 1.29219976961 1.71904633699 1.81169256137 2.36943818797 2.54841134504 3.08360276241 2.12827373868 1.26747237268
-9999 -9999 -9999 -9999 -9999 -9999 -9999 -9999 -9999 -9999 -9999 -9999 -9999 -9999 -9999 5.98567643318 5.97897818429 6.59017657224 6.88499486219 6.72693724149 5.96913404794 5.96530577633 5.28552412869 5.11562106486 4.59406908144 4.83414303754 4.43076062991 4.58112632977 2.7854968386 4.13262997896 4.35846480805 4.46706105696 4.47534062423 2.74955067171 3.45127835432 5.1138023902 5.2098909602 6.04895538718 5.32955620287 3.29937142258 4.24445891368 3.88154403811 2.60458909948 2.54952388935 2.92527334319 2.08092676676 3.27186567633 2.51756725731 1.53794370489 1.90362915692 1.45058343175 1.15450304645 1.23574220874 1.37701153797 1.46287043033 1.50567874421 1.72465382434
-9999 -9999 -9999 -9999 -9999 -9999 -9999 -9999 -9999 -9999 -9999 -9999 -9999 -9999 6.72485933049 6.40135994474 6.14051295265 6.16325169071 6.4219343055 6.45796203913 5.84615518479 6.17169423363 5.25807193894 5.37239020858 4.55643344722 4.45191752129 4.06263851873 4.40219038883 4.44336340116 4.44846340065 3.9745514058 4.06921808955 3.60262654087 3.71578243448 4.12734587038 6.54474262054 5.77221603004 4.43608780275 1.66370248143 3.64183041381 3.92679191172 1.98202976075 1.74882550321 1.98748486796 1.43116815366 1.15492846047 2.71237240085 2.057069953 1.83540089945 1.48365513023 1.29386016698 1.28143519563 1.32679476047 1.29441416087 1.19065407454 1.26633253124 1.39920852211
-9999 -9999 -9999 -9999 -9999 -9999 -9999 -9999 -9999 -9999 -9999 -9999 -9999 -9999 7.02230503764 7.23465199901 6.699857943 5.98821790448 5.1286771764 5.38671654732 5.32057531452 5.7877828279 5.28343856473 5.45745403642 4.66338550219 4.30126257742 3.95852606375 4.28917895222 4.58535481308 4.70146378594 4.53668648253 5.10972485309 4.397844588 3.99876871003 3.39334849026 5.34302448322 6.6295948643 7.989646681 4.84886958557 4.97542658888 6.44424821097 5.97363669223 2.76125365863 2.47551975803 2.32184831531 1.20024443888 2.39351421013 3.28400670967 2.65434226614 3.09011146705 3.0066400145 2.98125626217 2.16311179498 1.86254553248 2.13251684995 2.03228719621 1.50602125221
-9999 -9999 -9999 -9999 -9999 -9999 -9999 -9999 -9999 -9999 -9999 -9999 -9999 -9999 -9999 -9999 6.81453603087 7.25771352713 7.14111304981 7.03866635577 6.28323314701 5.60942722008 5.74455946635 5.74846278968 4.85897576336 4.77842679007 2.98987592322 3.17611120972 2.9317660394 4.4088487294 4.84398919886 4.37986431128 4.07228184047 3.49483150585 3.75595993443 3.79087271549 4.8243303267 4.28335580253 6.23947537782 5.41483241363 3.23074247921 3.20562978901 5.38994411623 4.43147797016 1.55295505415 1.93168010074 1.76172248083 1.55778406933 1.71141846981 2.08972672844 1.98072940027 2.05142582406 1.81453131584 1.56017584796 1.10471838313 1.16805686354 1.65495007689
-9999 -9999 -9999 -9999 -9999 -9999 -9999 -9999 -9999 -9999 -9999 -9999 -9999 -9999 -9999 -9999 7.68347673966 7.46357759281 7.30462161103 6.10126302157 6.16653285438 6.36920298925 5.13442575606 5.30945562596 5.32740243484 5.34097721971 4.39542146985 4.24168051134 4.54275380531 4.88158431278 5.40601986451 5.16059393997 4.33940417974 3.78558142696 2.8384112743 3.04776299385 3.22096574713 3.74827942947 2.54701739357 2.18644788236 2.73135974086 3.51804899589 2.25475739001 2.93167635181 4.11887089141 1.7700559678 0.790243562941 1.26199556538 1.56292635003 1.23227536669 1.00865580242 1.02314934519 0.86974552773 0.988268300525 0.979261990822 0.983115506296 0.914875466976
-9999 -9999 -9999 -9999 -9999 -9999 -9999 -9999 -9999 -9999 -9999 -9999 -9999 -9999 -9999 -9999 -9999 -9999 7.36683415526 6.56858266229 5.64727124592 6.12165536445 6.22194244674 5.81781423906 5.12012200393 5.23227141386 4.12364644735 4.49946052104 4.66679600558 4.61085590269 3.75635200553 3.31165529031 3.27724611134 3.60518300486 2.78403497974 3.45623572258 3.46648242469 2.56458114534 2.41658338315 3.0359472685 2.30983838251 2.06649256141 1.89909359605 1.88587388619 1.79211444553 2.08561842351 1.03977517928 1.09112712354 1.52604547072 1.07532553488 1.12348497166 1.25899160798 0.89101534155 0.916225616175 1.05496018505 1.12037199031 0.986450560538
-9999 -9999 -9999 -9999 -9999 -9999 -9999 -9999 -9999 -9999 -9999 -9999 -9999 -9999 -9999 -9999 -9999 -9999 -9999 5.88243309562 5.86044533785 6.15261091771 5.96940128579 6.75618556121 5.67799613452 5.51612591349 5.38678442431 4.81774825812 3.74066847172 3.5880783227 3.73546622491 4.02390167154 3.27449405234 3.11828541358 2.42158946874 2.06204646966 2.00225783768 2.8451241628 2.58607506163 2.86012961756 2.19514529961 2.02128141635 1.69748096808 2.07861765316 2.14306608299 2.22699043286 1.83495954685 1.01878306354 0.762539068749 1.68424707348 1.13811169964 1.10084674559 0.906192107803 0.898093014169 1.05648928752 1.01321135911 0.828756747025
-9999 -9999 -9999 -9999 -9999 -9999 -9999 -9999 -9999 -9999 -9999 -9999 -9999 -9999 -9999 -9999 -9999 -9999 6.93968281431 7.34911947929 7.39685272609 7.26581658313 6.13724761936 5.96016471563 5.56694190924 5.47411304697 5.16290437924 5.70230512852 4.36321953288 4.01793537923 2.84568587424 1.6945841108 3.45541098985 3.27378601792 2.94312537462 3.51538158388 4.22172463577 4.04166585492 3.80836007495 3.54902112488 3.12635601953 2.19392079608 1.94900146855 1.91900423462 2.04628176334 1.92399788452 2.09169616106 3.60771474148 2.52909948941 1.14225163897 2.28287866343 2.56117676928 2.21354249797 1.80233293825 1.39735429064 1.23801153613 1.10572346088
-9999 -9999 -9999 -9999 -9999 -9999 -9999 -9999 -9999 -9999 -9999 -9999 -9999 -9999 -9999 -9999 -9999 -9999 -9999 8.22348739592 8.04532757913 7.78975883591 6.45540946298 6.29348960941 6.13055942912 6.05026989243 4.84350540589 5.49119185937 5.3400455554 6.18622425151 3.25687982935 3.25268421201 5.13361240539 3.75337773028 3.30254022159 2.65912542059 1.98204270796 1.68098472276 1.52162475163 1.52379314995 1.7942478321 2.40161388773 2.29626158509 2.20952113751 2.06054215445 3.52779182589 2.64113874548 2.16116779905 2.86284110085 1.80320395783 0.62069540444 3.34353431281 3.82036515603 3.4526092779 3.29347837648 0.897815116236 0.839926994276
-9999 -9999 -9999 -9999 -9999 -9999 -9999 -9999 -9999 -9999 -9999 -9999 -9999 -9999 -9999 -9999 -9999 -9999 -9999 -9999 7.19840101803 7.63538376299 6.51483256506 6.57224027324 5.45049037639 5.89874252798 4.96946158175 5.670473187 6.12012280182 5.65620763387 4.89048830141 4.71378801627 3.99611533516 3.62146916885 2.68410280915 3.29415821259 3.12005626976 3.50317626403 3.49102670136 3.17890542743 2.44605096074 3.18029574395 3.1266718519 2.74457554449 3.47290654408 3.03057985523 2.53996211205 2.85782783818 2.62163573665 3.20189771921 2.52248217462 1.40635318324 0.672656231033 1.4554703474 3.15599223994 1.05123265458 1.09666697425
-9999 -9999 -9999 -9999 -9999 -9999 -9999 -9999 -9999 -9999 -9999 -9999 -9999 -9999 -9999 -9999 -9999 -9999 -9999 -9999 -9999 7.54333793307 7.00573475886 7.09341893358 5.47279585671 5.12831129986 5.00094230422 6.11343243274 5.47074875506 5.1735061486 5.26323399457 5.58461838538 4.6016994603 2.53494594987 4.84236078842 4.74185232805 3.80171022651 2.94633930001 2.6982917421 2.81851690039 3.66544111382 3.85254424906 4.07291602005 2.8752808674 2.37395080615 1.83520285001 2.23487239175 2.45298072415 2.41959747545 2.93935324746 3.78512052673 2.51531832668 1.90774792468 1.42549881424 0.387062320139 0.533448857537 0.69114344867
-9999 -9999 -9999 -9999 -9999 -9999 -9999 -9999 -9999 -9999 -9999 -9999 -9999 -9999 -9999 -9999 -9999 -9999 -9999 -9999 -9999 6.7072284095 6.40622042968 6.40924399992 6.41308125429 6.58177703869 5.83259643564 6.27843698601 5.86727137189 5.42835525885 1.79032818939 4.76661795252 5.24098275471 4.42262503213 2.80905108045 3.3288091161 3.00710494248 2.9305874214 2.67921390418 3.5682658981 3.70290343583 3.55325274045 2.7406794699 2.62064509881 3.14125306939 2.97978478731 2.73579656298 2.66583731974 1.92189074768 1.97554294038 2.07873387146 1.51359933872 1.69611533682 0.719503523893 0.840524889376 0.430113092292 0.481303859281
-9999 -9999 -9999 -9999 -9999 -9999 -9999 -9999 -9999 -9999 -9999 -9999 -9999 -9999 -9999 -9999 -9999 -9999 -9999 -9999 -9999 -9999 6.82096270276 7.50254686552 7.01669461066 6.53500124479 5.71122970621 6.48490775674 5.52877548059 5.71620168073 5.89799896816 6.17668899454 4.81313423927 4.54271399367 4.90535284322 3.92596228572 4.03009387634 3.70597816408 3.37854683353 3.63469669163 3.72406976224 2.50674807742 2.72227284112 3.47163368808 2.05328502555 1.84892914205 1.58543215757 1.90870105711 2.38904788052 2.54705491808 1.07084976641 3.03533760562 4.46581894142 1.5860889243 0.458996938495 0.386892753034 0.454441161925
-9999 -9999 -9999 -9999 -9999 -9999 -9999 -9999 -9999 -9999 -9999 -9999 -9999 -9999 -9999 -9999 -9999 -9999 -9999 -9999 -9999 -9999 7.0308775563 6.85914859341 6.7984514574 7.02724555621 6.16317635047 5.4544221442 5.91626161503 6.0963258039 5.51939234297 5.65409227335 5.52762199964 4.86218685355 4.00131988592 5.08056595523 3.89136451001 3.68752251519 4.25172630271 4.1800683667 2.85173704771 3.79775573383 2.77185666782 2.21966484979 2.03271312217 2.38057355734 2.94218432654 2.97246722979 1.80767790668 1.70661589225 1.52671121665 3.86520921711 1.11059957386 2.80275424898 1.48969819603 1.26939628382 0.802589363148
-9999 -9999 -9999 -9999 -9999 -9999 -9999 -9999 -9999 -9999 -9999 -9999 -9999 -9999 -9999 -9999 -9999 -9999 -9999 -9999 -9999 -9999 7.13096401107 7.55126970293 7.87312697985 7.27835766861 6.57188030831 6.43859849198 6.25528251478 6.9299381667 6.01347420389 5.40417319112 4.95812211418 4.94344604569 5.22500143622 3.81415750839 3.77623650415 4.85075167505 4.26909211486 3.92122880967 3.96804620171 3.18986400898 2.32988470003 2.90312352965 3.46640671989 3.20834608842 3.02490330219 2.64082785116 2.10361956869 2.10784783256 2.61619089485 2.2063300682 2.1236722285 2.46282514657 2.82139659872 3.06417105135 1.59268169469
-9999 -9999 -9999 -9999 -9999 -9999 -9999 -9999 -9999 -9999 -9999 -9999 -9999 -9999 -9999 -9999 -9999 -9999 -9999 -9999 -9999 -9999 -9999 7.88682813475 8.18776783262 7.43119198146 6.29494298666 6.4181353802 6.11444023726 6.6580543958 6.05505291622 6.484903406 5.98051899711 6.25560856563 4.6758267231 5.11049290039 5.19211710985 4.62528144287 3.11280112839 2.89336223747 2.2504854088 2.99658720828 3.80914634082 3.84305387778 3.2783376079 2.92916161241 1.75048902369 1.57388644517 1.55100470747 1.66357780841 1.39241034109 1.69125771262 1.9325810684 3.3389966461 1.7725011333 0.921400581501 1.92547016652
