data/recharge/transience/oldversion/mHM_recahrge_84.ASC
ncols   80
nrows    72
xllcorner    4374000.0
yllcorner    5656000.0
cellsize      500
NODATA_value  -9999
[rows 0 to 25 of 72, columns 0 to 56 of 80]
-9999 -9999 -9999 -9999 -9999 -9999 -9999 -9999 -9999 -9999 -9999 -9999 31.244295137 31.8317447249 -9999 -9999 -9999 -9999 -9999 -9999 -9999 -9999 -9999 -9999 -9999 -9999 -9999 -9999 -9999 -9999 -9999 -9999 -9999 -9999 -9999 -9999 -9999 -9999 -9999 -9999 -9999 -9999 -9999 -9999 -9999 -9999 -9999 -9999 -9999 -9999 -9999 -9999 -9999 -9999 -9999 -9999 -9999
-9999 -9999 -9999 -9999 -9999 -9999 -9999 -9999 -9999 -9999 -9999 -9999 27.6075372964 26.9754930581 26.5741610286 -9999 25.856992096 -9999 -9999 -9999 -9999 -9999 -9999 -9999 -9999 -9999 -9999 -9999 -9999 -9999 -9999 -9999 -9999 -9999 -9999 -9999 -9999 -9999 -9999 -9999 -9999 -9999 -9999 -9999 -9999 -9999 -9999 -9999 -9999 -9999 -9999 -9999 -9999 -9999 -9999 -9999 -9999
-9999 -9999 -9999 -9999 -9999 -9999 -9999 -9999 -9999 -9999 26.8905166402 26.2516331162 27.0990286355 26.7678898332 24.6881912415 24.5455183278 23.9002516605 24.0898581424 -9999 -9999 -9999 -9999 -9999 -9999 -9999 -9999 -9999 -9999 -9999 -9999 -9999 -9999 -9999 -9999 -9999 -9999 -9999 -9999 -9999 -9999 -9999 -9999 -9999 -9999 -9999 -9999 -9999 -9999 -9999 -9999 -9999 -9999 -9999 -9999 -9999 -9999 -9999
-9999 -9999 -9999 -9999 -9999 -9999 -9999 -9999 -9999 26.439706901 26.4060059099 26.5223209689 26.2494395595 26.4459688842 25.3666380801 25.0180819507 24.1691211166 25.2757719051 -9999 26.1967650351 -9999 -9999 -9999 -9999 24.1670452353 24.8576134731 -9999 -9999 -9999 -9999 -9999 -9999 -9999 -9999 -9999 -9999 -9999 -9999 -9999 -9999 -9999 -9999 -9999 -9999 -9999 -9999 -9999 -9999 -9999 -9999 -9999 -9999 -9999 -9999 -9999 -9999 -9999
-9999 -9999 -9999 -9999 -9999 -9999 -9999 -9999 27.3297338125 26.7970380543 25.6930184648 25.7976302939 25.2876864407 25.0782929157 24.4593342205 24.4523060519 23.6083467665 23.5811243309 24.1049723102 24.8386389366 23.8398550973 24.0983267097 -9999 23.5323371622 24.7624752507 25.077084531 -9999 -9999 -9999 -9999 -9999 -9999 -9999 -9999 -9999 -9999 -9999 -9999 -9999 -9999 -9999 -9999 -9999 -9999 -9999 -9999 -9999 -9999 -9999 -9999 -9999 -9999 -9999 -9999 -9999 -9999 -9999
-9999 -9999 -9999 -9999 -9999 -9999 27.5918690675 26.6652776275 26.3201842724 26.4466236894 26.1669475222 26.294050419 25.6324891713 25.5183832417 24.4830744808 24.7101569692 23.8147480507 23.4728937065 24.5472700497 24.6333714457 23.6769939258 23.8762457913 23.7255136803 23.5856217874 24.6838077218 24.6552653016 24.9419009937 -9999 -9999 -9999 -9999 -9999 -9999 -9999 -9999 -9999 -9999 -9999 -9999 -9999 -9999 -9999 -9999 -9999 -9999 -9999 -9999 -9999 -9999 -9999 -9999 -9999 -9999 -9999 -9999 -9999 -9999
-9999 -9999 -9999 -9999 -9999 -9999 27.5452565363 26.9837725255 25.5210167096 25.3411981328 24.9750833238 25.5362021756 24.5165039866 23.9049188009 23.1829459011 23.1983908284 22.6823807551 18.7910172199 22.0805709992 22.7719075878 22.613382266 23.1931483646 23.241188723 22.9418352562 23.0651998477 22.8029478642 24.5641908895 24.9290110727 25.2540014456 25.0931958911 24.6173546038 24.6481930423 -9999 -9999 -9999 -9999 -9999 -9999 -9999 -9999 -9999 -9999 -9999 -9999 -9999 -9999 -9999 -9999 -9999 -9999 -9999 -9999 -9999 -9999 -9999 -9999 -9999
-9999 -9999 -9999 -9999 -9999 28.4903125117 27.6009662156 27.4855493421 26.3540514417 26.3632899006 25.8114630502 25.4399009594 24.0022718524 23.7761650187 23.6503691583 23.9215781042 18.4264858859 10.1537761401 18.5290679479 22.8089770246 22.6693649571 22.5486201044 22.9899740962 23.1014167035 23.1720586108 23.3322813243 24.395290524 24.5007706814 25.0040551708 24.954973108 23.8388208493 24.0981005803 22.7350418205 22.6099378841 -9999 -9999 -9999 -9999 -9999 -9999 -9999 -9999 -9999 -9999 -9999 -9999 -9999 -9999 -9999 -9999 -9999 -9999 -9999 -9999 -9999 -9999 -9999
-9999 -9999 -9999 -9999 -9999 28.7840053235 27.8132654395 27.8844692326 26.7103568489 26.505244118 25.9507150994 26.1022987594 18.6766784406 15.2299892383 25.0882667887 24.8210432764 20.6587436603 8.51726728636 15.0037496377 19.7839975949 21.4519846445 21.6536490637 22.498126573 22.3960457964 22.1686194934 21.5938699672 22.0387424442 21.7458078432 22.3713394632 21.5545994273 20.3800953459 21.3313874782 21.8481741551 21.6960362737 21.1943884722 21.33994187 -9999 -9999 -9999 -9999 20.8055043322 20.7960590989 -9999 -9999 -9999 -9999 -9999 -9999 -9999 -9999 -9999 -9999 -9999 -9999 -9999 -9999 -9999
-9999 -9999 -9999 -9999 -9999 28.5953019762 27.8662592306 27.4719992196 26.7742648322 27.0321576469 26.4125623299 26.29301224 25.0052486014 24.8196382102 25.388589593 24.5858360643 23.0537176503 23.9740394578 23.2738400058 23.5414244863 21.9254794645 21.564189384 21.8333569489 21.6870867449 22.1109081895 21.6181957275 21.8377597888 21.3797599996 22.4287151334 21.1209913312 15.0154768442 19.1505716608 21.7540673022 21.3008660285 20.6029775594 21.4520928582 21.0337336919 -9999 -9999 21.738577799 21.289731214 21.1624944978 21.0210224242 -9999 -9999 -9999 -9999 -9999 -9999 -9999 -9999 -9999 -9999 -9999 -9999 -9999 -9999
-9999 -9999 -9999 -9999 -9999 -9999 28.9098617174 28.5487705341 27.9445153752 27.9832844269 26.8455798826 26.9898227486 26.6399058932 26.9823443881 24.5608572798 24.4291811412 23.7986399486 23.7784233783 22.6850088783 22.8790186508 21.8095804804 21.87831956 21.1448146967 21.5417238041 21.0032064041 20.5653020069 19.0630595614 19.280258083 19.6229622321 19.9447036684 18.4803996031 19.3674480876 18.7335277935 18.6818994845 18.8179146366 19.5920173046 19.8515171171 19.1272226059 20.4323998133 20.2829934785 19.8170434071 20.5479689403 18.9228669757 18.0128728415 -9999 -9999 -9999 -9999 19.8541385906 19.3400413474 5.99184894808 -9999 -9999 -9999 -9999 -9999 -9999
-9999 -9999 -9999 -9999 -9999 -9999 -9999 28.6709531321 27.805638061 27.9838544934 27.2821340875 27.2092591802 26.0229308536 25.27551527 24.2567588318 24.7874621086 24.2909510324 24.5895473779 23.6311854243 23.1251739256 21.5432905485 21.50392197 20.9336994152 21.0855018374 20.7144016094 20.2319667941 19.0518277728 19.6388326113 19.9669312235 19.6887026535 18.9829379882 18.8881291843 18.85203534 18.88938779 19.698816347 19.7022963901 19.5202692719 19.6455073822 20.3741405765 20.3307699043 19.2584179791 18.826521013 16.167088712 14.7526600968 13.7075841057 14.3801655393 15.0822605723 14.3300526008 14.0810920721 16.7790055908 17.4001880271 15.8628305594 -9999 -9999 -9999 -9999 -9999
-9999 -9999 -9999 -9999 -9999 -9999 -9999 -9999 27.6288824027 27.5968382941 27.6180647175 27.7685347538 26.4570836341 26.7973505009 26.3780157335 26.2186613872 24.4295201729 24.55265212 22.8809254182 23.0760300387 23.5924095527 23.4813829483 22.5868314562 23.6268368169 22.036164418 22.3422581649 18.4123842796 18.0175607804 16.946451909 16.4489176186 15.8122019008 16.0266809611 16.1921218288 16.0550889704 16.9730819498 17.2325959826 17.9463190221 18.1759243585 18.1521643165 18.0248246846 16.905514369 15.1042694162 12.4098290912 11.9813534015 11.4662792295 11.0311245509 12.0636598103 11.4918283383 11.060748163 13.4351824064 14.5872837876 15.0463407822 13.7153664032 -9999 -9999 -9999 -9999
-9999 -9999 -9999 -9999 -9999 -9999 -9999 -9999 28.1384392019 27.909404126 27.4091805625 27.4803460856 26.6326644423 26.637469513 25.8366511123 25.6598573686 24.0053883385 24.2733223594 23.1047923524 23.2830950277 23.2585916594 23.4378570907 24.3622631655 25.9120036964 23.1933439133 21.4371673927 21.9198167371 19.3175551993 17.1403743567 16.1841752406 15.7132607043 15.9704185185 15.887944452 15.9991586761 17.2214415388 8.72812508685 18.3419238099 18.0203652027 18.10818475 18.0352243421 17.4659706586 14.9828296396 12.0946268439 12.0513547477 11.0628704654 11.0051140516 12.002778362 11.6116961616 11.6357837137 15.1553892769 14.7288136615 14.7570598172 13.8923945165 14.6387811241 13.4150892261 13.6801845339 -9999
-9999 -9999 -9999 -9999 -9999 -9999 -9999 -9999 -9999 28.1446794056 27.5371458694 27.2428312088 26.6768902376 26.3200146735 25.1942155831 25.1929405217 24.9995599752 24.989939122 24.9689041805 25.0508342432 24.6692843836 24.1217804678 23.8364450788 29.9721769163 25.1277912229 24.6010305384 20.5366590774 19.265750581 14.8284946415 15.5659974474 14.372740927 14.4278299231 13.8941970255 13.3987502957 14.517060716 14.1203493953 16.435294756 16.1890390575 15.8060897844 15.8344945333 15.3025622235 14.7756353125 10.0235493621 11.1285251132 9.45827414874 8.96671184862 8.27039865696 8.38198504337 11.0341517317 11.5316279067 11.6561437199 11.4901837857 11.7786524716 12.5921806211 12.7337981238 9.17546699453 7.67346016999
-9999 -9999 -9999 -9999 -9999 -9999 -9999 -9999 -9999 -9999 26.9493925162 27.1080232073 26.6196631032 26.3578099874 24.9683522419 24.7245632688 25.0081108802 25.5318831569 25.1295277429 24.6403499652 23.7477407093 23.5117069035 21.497563705 24.8087612882 23.3225982813 25.0419903775 22.1774849968 20.3950367377 16.6417383576 16.2273548086 14.8999699706 14.8998179747 14.9178972566 13.7765930391 15.4662474288 15.3529992574 16.3035149057 16.1841649794 15.847668357 15.8760526523 15.5080780174 15.0250653477 12.608171416 10.4320210904 10.9875842774 11.2394607831 9.70923562229 8.73647665459 11.8349371475 11.8813646387 12.3221755506 12.0974602431 11.4521457112 12.1370783484 12.1113925806 8.84625197097 7.62081636145
-9999 -9999 -9999 -9999 -9999 -9999 -9999 -9999 -9999 -9999 -9999 14.8015134146 18.4189855787 25.6308798612 24.4054560386 24.2462072624 24.7283584657 24.729095612 23.2640274301 23.7024994127 23.3066621021 23.0570373141 20.4724322535 19.7829797723 18.7652357259 19.8663613331 19.9168111134 21.9325147137 20.1767442125 15.9419716605 14.8425571296 12.9128555771 12.20177416 12.347450113 13.5425329629 12.9595989938 14.0230922902 13.9846309438 14.2162298373 14.2318068076 13.3571317984 12.7790305795 12.7031849292 10.400219256 8.56430744898 8.14234556211 8.74154502626 9.08817343334 8.95752138758 10.5205372657 10.2660026013 10.8499142752 10.4706169643 10.34876877 9.64396584949 9.53301223672 7.10533550805
-9999 -9999 -9999 -9999 -9999 -9999 -9999 -9999 -9999 -9999 -9999 13.7476656529 19.7742039258 25.2460036914 24.5204804278 24.4908616442 24.0631974714 23.9108872096 23.7842322377 23.8107543001 23.1393860809 23.5488462711 20.783202403 20.3015133744 18.7420041318 18.9967855229 18.1444036269 20.2911557734 17.1505760782 19.1157606843 17.4364603833 16.0697288387 12.2647062409 13.2584963474 12.6269311518 13.1927334995 13.978206945 14.0928439821 14.0683170489 13.8725114256 13.0353994202 13.3944586801 12.2390507824 12.4227528033 10.7468057413 9.29209466249 10.261876352 11.0571226079 10.386497953 8.85832495477 9.6443220273 9.64056877246 7.89180422984 10.3886442594 10.4417803219 10.0013756282 9.88973889363
-9999 -9999 -9999 -9999 -9999 -9999 -9999 -9999 -9999 -9999 -9999 27.55160238 25.642830462 25.4745505975 23.549380693 23.3288846625 22.1611432874 21.7123674316 21.2868413874 21.4541966408 21.4842442841 21.5729497418 18.7439147118 18.2182615799 16.3834663755 16.7862915683 15.6616071073 15.5485398064 14.4168475206 14.3843375491 14.6183434218 17.0760678219 17.4251323913 18.0352166311 13.2011101394 8.7751595696 10.526925017 10.3006603971 11.730764604 10.4845130292 9.18921171733 11.9914780877 12.1887881431 12.7378637989 13.5432771999 13.6043063121 10.0727871882 9.55307029489 9.22887984687 9.10745830491 8.96462885663 9.53620691716 10.1250795366 10.9922393935 10.7767249433 10.0922396574 8.15593610589
-9999 -9999 -9999 -9999 -9999 -9999 -9999 -9999 -9999 -9999 -9999 -9999 25.5734445366 25.6066482996 24.0901228416 23.3816457155 22.1410493192 21.8968469621 20.9297490054 21.7709696401 21.6467496504 21.3824278658 19.4847714075 19.1502964537 17.0151668929 17.1401834721 15.7657536784 15.916735925 14.8148783574 14.6023270604 14.1056870455 14.2939333194 13.2997744326 13.700808883 14.4484752645 10.2404103881 12.069497229 9.48599371744 10.8617314821 12.2643971923 12.8115924392 11.8275805086 13.0840612187 13.7023496182 14.1680605017 14.1830566784 11.0468791105 9.61627867684 8.19493954842 8.65174084902 8.44464682287 7.89206168272 7.53137358039 7.6512434257 6.88860383813 9.07940157274 5.4096825391
-9999 -9999 -9999 -9999 -9999 -9999 -9999 -9999 -9999 -9999 -9999 26.6778948874 26.2817294332 25.941533301 24.4266570145 14.9110917928 19.3992913963 21.6303965031 19.3350726277 20.1037144563 18.6960609081 18.6130821089 16.8118898823 16.9558468574 15.5139506313 15.4432655283 13.8198258883 13.7802096121 12.9261017685 12.7558922161 11.8244534184 11.9827295993 11.3153302035 11.2564093343 11.3269492047 11.7513735243 10.0150578985 6.99509244527 6.42303278062 9.40696482165 10.8454967614 9.92559829002 15.0569304153 15.3451233109 16.5884459625 16.5240983283 14.9449461726 12.0470820391 9.25914921122 9.35778055065 7.78189709543 6.17481897329 5.71503644612 5.74698194942 5.53309359318 5.95413436303 7.34325853037
-9999 -9999 -9999 -9999 -9999 -9999 -9999 -9999 -9999 -9999 -9999 26.8950848014 26.8369570579 26.3091081999 24.2689725229 18.9131044801 21.6187049005 21.9625318711 20.1778983201 20.1755994104 16.7370958062 16.8983207482 17.0041700331 17.2282779871 15.7272948084 15.5869748026 10.7170122812 11.1638388911 13.0562391483 14.1873170577 13.0661966596 12.0712761505 11.2286557264 11.2588376053 11.2133971344 9.87225146184 7.86651838407 9.90894051284 6.70697562189 9.11975841393 10.1647109742 9.81251000722 13.4410433262 14.1222255055 14.6779142072 14.3405815101 14.0053167554 13.9754584249 11.3144396732 10.5392221667 7.64299093485 7.90373975165 7.20275643213 6.99854375472 6.77297840146 6.42659618157 5.38718045922
-9999 -9999 -9999 -9999 -9999 -9999 -9999 -9999 -9999 -9999 -9999 27.7467518868 27.7482640544 26.9211209225 25.5678740556 25.4370385998 22.614595795 22.7927657493 20.8018340382 21.2165053059 16.5037478373 8.04877316002 15.1685880436 15.6002352461 12.5403939977 12.5472933851 12.5059575499 12.8586532236 11.4182272085 11.5458447292 10.9499842719 12.8207511903 12.0017807646 11.7269906453 9.99680718174 7.93995082908 5.47174323305 4.23103343391 5.93604183227 6.83256370354 10.3313147574 11.0219267465 10.9748180615 10.4362426433 11.4144245544 11.3710865682 12.1860659431 12.2515368901 10.9948756754 10.9118860634 7.10697323042 5.68934584946 4.70241536513 4.62686974783 4.44603618663 4.83506892298 5.68734278013
-9999 -9999 -9999 -9999 -9999 -9999 -9999 -9999 -9999 -9999 -9999 -9999 27.964479757 27.5867430735 25.9155611274 25.3008947564 22.9639556966 23.0412963889 20.5540521242 21.0126317757 19.2766588509 19.8761561732 14.7250878829 13.2093196232 12.1715999111 12.0816520242 10.3878062656 10.6682870922 9.49346823571 8.8953826321 7.64653029256 9.47337144048 10.3026077044 10.6016047736 9.67257330141 8.45870945155 6.20282429649 4.81019774581 7.04742319089 8.85359875058 10.4050767229 10.5155959064 11.570870766 10.2430252483 11.1762107246 11.2376528303 11.638935826 11.9038317686 10.5009402318 11.2164800503 9.75335243011 6.90242061204 6.92306292643 6.51158627224 5.14795293026 5.11935088705 5.08346061696
-9999 -9999 -9999 -9999 -9999 -9999 -9999 -9999 -9999 -9999 -9999 -9999 29.4303915476 28.7289589121 26.5932571097 26.3147084021 23.7546061308 24.0942372431 21.9379896889 21.999065708 20.0598359348 19.9729054283 16.2017740076 14.9982335802 13.0215979508 13.5548400451 12.9022243879 12.562480628 10.5381612716 11.5645132374 9.64512462525 9.96886128837 11.7393175552 12.2081807931 10.0390248967 7.79895970712 5.71184234645 7.69618867337 9.64787333087 9.25515103728 9.39054495465 9.51797023967 9.08592932038 9.01477029188 8.97597795355 8.48359694619 8.34965437283 8.44600759476 7.80199394616 8.79978044736 8.05279644872 7.71428491153 6.40811436577 4.15936614941 3.60863661916 4.28801502266 3.32051110378
-9999 -9999 -9999 -9999 -9999 -9999 -9999 -9999 -9999 -9999 -9999 -9999 28.7515656398 28.6033085361 26.8852121248 26.6156235514 24.0598780584 24.2364461345 22.0845370591 22.3563940486 20.2408471853 20.1174338437 17.9622817068 12.3995230283 12.8613759947 14.2809457521 12.454305144 12.697877545 10.7205822107 10.1021079445 8.63164831702 8.29164387098 8.75756525768 10.0351292142 7.15905965931 11.6235021733 10.9801822442 8.03751233141 7.13421500439 6.46148161447 5.78129980807 5.65846016673 7.59282064875 9.14790561879 9.16458457906 9.24431353292 9.44871211824 9.43272041874 9.0026589273 9.28688075003 8.34396854527 6.17737301722 4.35223820148 3.72666225587 3.6977616889 3.91533038937 3.92966980533
