data/recharge/transience/oldversion/mHM_recahrge_177.ASC
ncols   80
nrows    72
xllcorner    4374000.0
yllcorner    5656000.0
cellsize      500
NODATA_value  -9999
[rows 0 to 24 of 72, columns 0 to 55 of 80]
-9999 -9999 -9999 -9999 -9999 -9999 -9999 -9999 -9999 -9999 -9999 -9999 0.626538425241 0.633218103267 -9999 -9999 -9999 -9999 -9999 -9999 -9999 -9999 -9999 -9999 -9999 -9999 -9999 -9999 -9999 -9999 -9999 -9999 -9999 -9999 -9999 -9999 -9999 -9999 -9999 -9999 -9999 -9999 -9999 -9999 -9999 -9999 -9999 -9999 -9999 -9999 -9999 -9999 -9999 -9999 -9999 -9999
-9999 -9999 -9999 -9999 -9999 -9999 -9999 -9999 -9999 -9999 -9999 -9999 1.49328225841 0.926084981906 0.688053802598 -9999 0.74360916196 -9999 -9999 -9999 -9999 -9999 -9999 -9999 -9999 -9999 -9999 -9999 -9999 -9999 -9999 -9999 -9999 -9999 -9999 -9999 -9999 -9999 -9999 -9999 -9999 -9999 -9999 -9999 -9999 -9999 -9999 -9999 -9999 -9999 -9999 -9999 -9999 -9999 -9999 -9999
-9999 -9999 -9999 -9999 -9999 -9999 -9999 -9999 -9999 -9999 1.02703868416 0.829980440005 1.0769789894 1.13814736835 0.607292446186 0.49956519404 0.407062262021 0.424849146703 -9999 -9999 -9999 -9999 -9999 -9999 -9999 -9999 -9999 -9999 -9999 -9999 -9999 -9999 -9999 -9999 -9999 -9999 -9999 -9999 -9999 -9999 -9999 -9999 -9999 -9999 -9999 -9999 -9999 -9999 -9999 -9999 -9999 -9999 -9999 -9999 -9999 -9999
-9999 -9999 -9999 -9999 -9999 -9999 -9999 -9999 -9999 0.868600106266 0.977994658754 1.00622007921 0.822340769471 0.889979987437 0.884221738512 0.74181364254 0.534596387378 0.687659821001 -9999 1.07439582977 -9999 -9999 -9999 -9999 0.832493229788 0.874382976152 -9999 -9999 -9999 -9999 -9999 -9999 -9999 -9999 -9999 -9999 -9999 -9999 -9999 -9999 -9999 -9999 -9999 -9999 -9999 -9999 -9999 -9999 -9999 -9999 -9999 -9999 -9999 -9999 -9999 -9999
-9999 -9999 -9999 -9999 -9999 -9999 -9999 -9999 1.22705399413 0.950576728361 0.706471151821 0.805194937697 0.771679974261 0.677040576779 0.672815193398 0.615650566587 0.439400146187 0.37700003848 0.397366158496 0.651409535764 0.697416035408 0.767822430913 -9999 0.573873061287 0.99434767697 0.939844112786 -9999 -9999 -9999 -9999 -9999 -9999 -9999 -9999 -9999 -9999 -9999 -9999 -9999 -9999 -9999 -9999 -9999 -9999 -9999 -9999 -9999 -9999 -9999 -9999 -9999 -9999 -9999 -9999 -9999 -9999
-9999 -9999 -9999 -9999 -9999 -9999 1.31092842758 0.893466670333 0.71944796778 0.785144558731 0.89633460589 1.10558229829 0.925028848233 0.839561001439 0.652478677678 0.744417510494 0.527714032853 0.467628219053 0.641077481972 0.639842228664 0.66441232669 0.732876172866 0.742011789216 0.591964097293 0.755141879239 0.709151951001 0.90409469799 -9999 -9999 -9999 -9999 -9999 -9999 -9999 -9999 -9999 -9999 -9999 -9999 -9999 -9999 -9999 -9999 -9999 -9999 -9999 -9999 -9999 -9999 -9999 -9999 -9999 -9999 -9999 -9999 -9999
-9999 -9999 -9999 -9999 -9999 -9999 1.28050838256 1.03003245489 0.595441260671 0.552780859596 0.52691485839 0.697062205069 0.63641927417 0.450148214685 0.432961244229 0.424945806757 0.436127388099 0.362923094865 0.44689363741 0.399685390191 0.50163868852 0.641527117905 0.667403376854 0.60756203244 0.579929677497 0.513295362316 0.85349551071 1.05098974808 1.33118112079 1.21734173 1.7529972254 1.72036116009 -9999 -9999 -9999 -9999 -9999 -9999 -9999 -9999 -9999 -9999 -9999 -9999 -9999 -9999 -9999 -9999 -9999 -9999 -9999 -9999 -9999 -9999 -9999 -9999
-9999 -9999 -9999 -9999 -9999 1.72681040525 1.36453952665 1.3426822701 1.05046255974 1.04058281879 0.888463929287 0.770726927471 0.534298492658 0.524877057541 0.546386665848 0.602935025609 0.399057862872 0.286863724226 0.418887618751 0.415520932352 0.505809088498 0.474766404607 0.609015314629 0.643612095141 0.649999868061 0.720622732386 0.811512085857 0.772112027444 1.25151798361 1.20563483521 1.26042081869 1.36252350648 1.27981134675 1.20681655119 -9999 -9999 -9999 -9999 -9999 -9999 -9999 -9999 -9999 -9999 -9999 -9999 -9999 -9999 -9999 -9999 -9999 -9999 -9999 -9999 -9999 -9999
-9999 -9999 -9999 -9999 -9999 1.66551253977 1.41519172521 1.43049865047 1.12799788805 0.991541617933 0.913846092871 1.01633623167 0.553687653855 0.544430592886 0.816634554213 0.777827390392 0.305366019705 0.187209086754 0.380552103804 0.304910652499 0.46985575748 0.490841741247 0.70305059478 0.655730148231 0.694878808645 0.474852246388 0.603528731445 0.513973400695 0.83781404293 0.822414959899 0.840111451772 0.929661552561 1.17134935813 1.09232720271 1.14020082297 1.17293142231 -9999 -9999 -9999 -9999 1.59357761876 1.48209890008 -9999 -9999 -9999 -9999 -9999 -9999 -9999 -9999 -9999 -9999 -9999 -9999 -9999 -9999
-9999 -9999 -9999 -9999 -9999 1.47793115726 1.27302622947 1.20528743954 1.22225549445 1.34640264051 1.14304258398 1.05672273925 0.836935056126 1.00144897857 0.949054591808 0.578079071201 0.383580404583 0.621126541363 0.619053237745 0.686612099709 0.605684406449 0.455713446123 0.513099390274 0.478023622178 0.668520550438 0.54514140593 0.578232550578 0.473621642569 0.84332392775 0.73231054413 0.637640443573 0.743273040444 1.14888766671 0.904725722438 0.880919513346 1.24780868213 1.33289453788 -9999 -9999 1.4806286258 1.72038341338 1.63572953124 1.78572188907 -9999 -9999 -9999 -9999 -9999 -9999 -9999 -9999 -9999 -9999 -9999 -9999 -9999
-9999 -9999 -9999 -9999 -9999 -9999 1.65314043101 1.6260385067 1.37120538685 1.26380064235 0.991305659711 1.14954081669 1.25651389667 1.39951880313 0.605240740454 0.520660835 0.491934561305 0.458908634888 0.436595975114 0.466976430504 0.538158158709 0.579999560831 0.592408698393 0.671241824165 0.654744962354 0.55514676885 0.393040435365 0.46670452083 0.550326750798 0.672446121384 0.659818662417 0.849102740637 0.722206930099 0.795550047773 0.921734296031 1.06489904769 0.955729372037 0.814833936692 1.33439310601 1.28149087897 1.34187816412 1.67131043114 1.13095626302 0.918302427409 -9999 -9999 -9999 -9999 1.63745695444 1.43191427511 0.506944630421 -9999 -9999 -9999 -9999 -9999
-9999 -9999 -9999 -9999 -9999 -9999 -9999 1.32729600836 1.18578843775 1.45832512999 1.36542505498 1.16203456307 0.763602833965 0.543662663052 0.442345159008 0.720066446047 0.744320585939 0.793136184363 0.767734847741 0.583179211286 0.48565273802 0.491456653493 0.54144936752 0.549759110312 0.57212597141 0.486545459196 0.47501184366 0.510618267275 0.68991670388 0.587766690032 0.6395975209 0.643027560582 0.774529835206 0.754667522711 1.10435300021 1.09136970215 1.11500923061 1.06343265577 1.29555365841 1.29175557882 1.0005407454 0.927740546161 0.958685555434 1.12792586164 1.05494687732 1.21171666273 1.39780224562 1.1372722354 1.14767250019 1.06126125838 1.03872733811 0.751361973933 -9999 -9999 -9999 -9999
-9999 -9999 -9999 -9999 -9999 -9999 -9999 -9999 1.03612018702 0.947198579678 1.12398916324 1.3245656873 1.02314036795 1.16230580842 1.12221835136 0.970376460954 0.64709321186 0.652236686517 0.514130953514 0.61590395916 0.949049282233 0.887419527332 0.513421982638 0.542809004251 0.621943569379 0.585523183793 0.386669485654 0.530556648495 0.421760030658 0.310744651163 0.506980467225 0.482541908573 0.579418519898 0.51693856352 0.693133219512 0.860987126978 0.995469525114 1.05707681329 1.03685403901 1.02750331544 0.944642601772 0.854099765232 0.93132862735 0.822538959941 0.850563589349 0.750925077648 0.909963504254 0.773452017077 0.744442337751 0.741740344334 0.773639598635 0.837404262679 0.743471584971 -9999 -9999 -9999
-9999 -9999 -9999 -9999 -9999 -9999 -9999 -9999 1.42224828152 1.15768469402 0.992804697756 1.00409938721 0.92544896064 0.913999777235 0.727989611406 0.700969926054 0.557262045181 0.628812196414 0.617049796641 0.697897431532 0.82820677711 0.855040280364 0.740234062894 1.05929701467 0.809646746824 0.546017169025 0.758377776424 0.513751338525 0.443235303899 0.356403249345 0.366024169668 0.423304155577 0.431585269253 0.480932624102 0.816197894166 0.409376010401 1.11479785976 1.00510958102 1.03373529719 1.00722503846 1.04800735312 0.786589540154 0.842855547374 0.840101971291 0.754405359047 0.742789102412 0.894482115986 0.800892503877 0.760774390111 0.809540868253 0.810181413494 0.815796808854 0.882048364357 1.12540494962 0.944419642804 1.02857360303
-9999 -9999 -9999 -9999 -9999 -9999 -9999 -9999 -9999 1.64591996845 1.32118219807 0.937084451045 0.962784529681 0.867170911144 0.708827948258 0.702867816513 0.858690019467 0.973042653482 1.06344159207 1.07010820239 1.11293459743 0.731978130209 0.687541936871 1.86562385243 1.16618424681 0.898623991213 0.606127602816 0.560041237457 0.242563980995 0.488071791711 0.469504434867 0.459686488556 0.488132222516 0.374778542338 0.470603385415 0.539330627417 0.873629157394 0.802474261067 0.800671348687 0.814090086333 0.826460764819 0.746190034842 0.594318239445 0.935500664324 0.702915236519 0.540310472642 0.500923959127 0.490696538638 0.522943130883 0.525235068191 0.571269779928 0.5433475171 0.660466354513 0.82873000662 0.92482702867 0.726627546383
-9999 -9999 -9999 -9999 -9999 -9999 -9999 -9999 -9999 -9999 1.00329622941 1.01024433147 0.919337508585 0.864572868227 0.614248525049 0.515429936435 0.534750018536 0.789182272089 0.670421754331 0.523455670013 0.519098136847 0.503265833959 0.41142656505 0.436936932539 0.689122463399 0.936440471836 0.874753104311 0.620336282804 0.527999929568 0.331274661083 0.503879759207 0.508272838738 0.642421355827 0.46985900202 0.787943927195 0.711404493488 0.841881494041 0.8036058487 0.810394926711 0.81772274244 0.887873751722 0.809436832952 0.596542836296 0.727588449463 1.16881827468 1.07610682729 0.918775039847 0.597231910318 0.630998178629 0.611016859025 0.695387281407 0.659644412898 0.589020783532 0.748853069577 0.760643970006 0.72824537316
-9999 -9999 -9999 -9999 -9999 -9999 -9999 -9999 -9999 -9999 -9999 0.550339851765 0.417929784104 0.774994220447 0.656108990435 0.50730576718 0.601641129531 0.587123155765 0.539325118767 0.650832449968 0.840048602032 0.763476911162 0.519514185836 0.358514586224 0.308287457847 0.302365178866 0.616534031629 1.08868069192 1.01082657908 0.197160821746 0.266483403004 0.340116176125 0.39273706084 0.439080282318 0.471306889679 0.409001775893 0.656679936435 0.649241934389 0.726134865763 0.725288952543 0.723202850418 0.588993229462 0.65033867064 0.559134712012 0.640105305127 0.497050141593 0.649232851548 0.87136609256 0.598142995908 0.558098400983 0.525258154677 0.68313695199 0.769642855502 0.66709660875 0.568606684282 0.580326066303
-9999 -9999 -9999 -9999 -9999 -9999 -9999 -9999 -9999 -9999 -9999 0.404442092934 0.472930243285 0.659156915374 0.729372273999 0.615895284331 0.465408925809 0.429906269935 0.678891020325 0.691418519894 0.718096470839 0.866421892414 0.460773892405 0.421400059226 0.446681684213 0.621552474783 0.424064004192 0.601975526954 0.613306244713 0.379685215268 0.788750739957 0.776418615795 0.366886343246 0.461431202963 0.348071681677 0.470260314798 0.652581437968 0.670367747723 0.696957926706 0.650249275443 0.623610462781 0.718919390929 0.559365715567 0.596775024934 0.654047903497 0.81481889161 1.25176452291 1.51751440935 1.40523445407 0.81557368803 0.961506935489 0.864974682216 0.604297204982 0.784192134542 0.767719254017 0.658072718368
-9999 -9999 -9999 -9999 -9999 -9999 -9999 -9999 -9999 -9999 -9999 1.33562991287 1.10230251137 0.993125433489 0.663477317851 0.652421722963 0.465878488878 0.321528256723 0.381505051083 0.501543672728 0.613263766189 0.636343595593 0.506316362448 0.35390397328 0.380340563865 0.427384423258 0.431542507842 0.417047408823 0.426265152042 0.315290991026 0.347229759567 0.755304435846 1.26244073225 1.39574682762 0.584375440497 0.475489734173 0.692273575625 0.411061427003 0.492968974733 0.323234006791 0.358857518074 0.617109677302 0.682817358487 0.801785914093 0.990791124886 1.29970233411 1.04817283891 0.895321369926 0.927763197652 0.907959874477 0.695666330098 0.830356658729 0.934644330207 1.07922100001 0.893976977721 0.49458479393
-9999 -9999 -9999 -9999 -9999 -9999 -9999 -9999 -9999 -9999 -9999 -9999 0.787266166028 0.959994578942 0.87381536512 0.658037503107 0.568728324365 0.453091693922 0.377905842767 0.600953930298 0.645784813072 0.587158786759 0.589079598156 0.548711269065 0.466813951772 0.483895810837 0.444431719643 0.469565248196 0.463161070684 0.429150697314 0.460519488448 0.49648256441 0.3880248447 0.375808085656 0.70102933946 0.109135557695 0.718435055327 0.573952400178 0.449471098553 0.633725054472 0.760196492632 0.578841378747 0.898809990228 1.07355205466 1.16196173071 1.18068890932 0.958684567718 0.913367484478 0.665094130251 0.795194343636 0.673526607159 0.495123222455 0.42099531201 0.424591160665 0.428642282889 0.443939418876
-9999 -9999 -9999 -9999 -9999 -9999 -9999 -9999 -9999 -9999 -9999 1.10150092637 1.11845415139 1.17283141233 1.08841454881 0.579603588744 0.564585651426 0.662773255233 0.491913983652 0.64041858265 0.513517163762 0.499115434343 0.450083957551 0.468973839148 0.488638983907 0.475852139426 0.42336059393 0.390567157438 0.417480768839 0.395170254351 0.379671767377 0.403840328518 0.391513444928 0.384431420834 0.454776365005 0.589323604536 0.742278092539 0.4041355699 0.339561166333 0.407767357527 0.584616368375 0.438402881323 1.06144116301 1.18837884641 1.43133366148 1.40024178983 1.23506352558 1.16861867397 0.881870806089 0.874464754618 0.581206359163 0.311544265241 0.281413747577 0.285384588055 0.273095641329 0.321054374454
-9999 -9999 -9999 -9999 -9999 -9999 -9999 -9999 -9999 -9999 -9999 1.18978521637 1.58111352705 1.410468362 0.990620470943 0.586670090643 0.708981001733 0.689269769604 0.638007409021 0.672233669705 0.507638048859 0.459646084022 0.507883837538 0.521882854437 0.529921653027 0.53197644472 0.281820183079 0.336491446264 0.432744553721 0.68974021365 0.621297512388 0.417892119011 0.380324178411 0.384964245321 0.435218828324 0.249049977605 0.490938607662 0.701385860578 0.452163469959 0.369052944046 0.455666650319 0.460246991878 0.668771567101 0.775228180918 0.785543118577 0.718502474287 0.864678808053 0.904098150532 0.78028062255 0.805266043624 0.521267006655 0.574730621611 0.505264984139 0.457072220068 0.441578944726 0.389193808537
-9999 -9999 -9999 -9999 -9999 -9999 -9999 -9999 -9999 -9999 -9999 1.74501465048 1.86116558778 1.4130243956 1.39957699727 1.32052820676 0.720210678874 0.808506102204 0.777886377383 0.996642014497 0.414812093411 0.280371063908 0.694530201287 0.972439125979 0.722665797907 0.719469000817 0.756744286414 0.607604572627 0.435565979008 0.365095711815 0.38876293336 0.651933902986 0.692400944843 0.618777369274 0.462036037127 0.207769237904 0.315321496882 0.198706187675 0.493623378005 0.212195630865 0.544734362696 0.703350763217 0.562821195924 0.388810855582 0.399857734283 0.406802938066 0.547184450214 0.565145420818 0.583273255825 0.558730850522 0.426339705578 0.348393051766 0.285276685314 0.275234300849 0.273313113161 0.332601334202
-9999 -9999 -9999 -9999 -9999 -9999 -9999 -9999 -9999 -9999 -9999 -9999 1.94870377572 1.79390614016 1.45225543826 1.10338536552 0.855604845588 0.973212918938 0.826753776856 0.91476691377 0.767263982032 1.09998625727 0.717807137953 0.624861545954 0.631438407069 0.612791340475 0.471241719682 0.523696059343 0.463729593353 0.363556916015 0.289237930568 0.306965819256 0.347339200492 0.390736084696 0.402841562187 0.425132966204 0.392336835613 0.278514230101 0.572273499476 0.424314811635 0.559969029255 0.524232801095 0.550681912064 0.431571437722 0.45257777575 0.434282032979 0.455573882617 0.508855038286 0.49541428221 0.563920906894 0.4759149658 0.164614994086 0.182923021794 0.438278988649 0.346680808667 0.342428617176
-9999 -9999 -9999 -9999 -9999 -9999 -9999 -9999 -9999 -9999 -9999 -9999 2.50429897483 1.95630639577 1.57136745806 1.21059987792 0.902087483622 1.05537687405 1.02539153624 0.857957108592 0.987392752426 0.930743129871 0.829213105807 1.25132532156 0.875754148375 1.03486182379 1.14529293754 0.975383118976 0.71656745411 1.03085580544 0.747205864444 0.80885564031 0.82219202256 0.799409893005 0.44032277884 0.508218312233 0.408940915339 0.606417052649 0.881524449841 0.585654543977 0.642578169727 0.462995650076 0.416566014569 0.410801118753 0.450567220806 0.428181045248 0.368236183331 0.342472706132 0.324528536091 0.406079637869 0.386321745894 0.249696412867 0.296699104716 0.202004699545 0.193090560472 0.289432098674
