data/recharge/transience/oldversion/mHM_recahrge_160.ASC
ncols   80
nrows    72
xllcorner    4374000.0
yllcorner    5656000.0
cellsize      500
NODATA_value  -9999
[rows 26 to 51 of 72, columns 0 to 56 of 80]
-9999 -9999 -9999 -9999 -9999 -9999 -9999 -9999 -9999 -9999 -9999 -9999 -9999 11.7588969125 12.2313509653 12.572122954 11.3189776396 10.8598445268 9.64792565993 9.06289773044 8.77097012414 9.53634238108 9.27026780203 7.14054720436 8.433849749 7.80233492442 7.68703218254 7.29014709366 7.0246881084 7.36204669314 6.71469449948 6.42858364312 5.35684829306 7.21862933082 7.627052664 1.07397150243 2.91242591237 8.03496231645 6.77799884554 4.9268058345 4.52168610654 5.45525127494 4.33838001466 4.6210691298 4.24762612381 4.25995811496 4.16039170956 3.98724410722 3.69197294887 3.32761134039 3.37227215633 3.61138470759 3.78670095402 3.4099227791 1.50053869346 3.16553707898 3.04382294135
-9999 -9999 -9999 -9999 -9999 -9999 -9999 -9999 -9999 -9999 -9999 -9999 -9999 -9999 11.3565290155 11.5093702685 10.4482018521 10.1396066432 9.73733453616 10.1260911218 9.0937729155 10.1342973934 9.10970299854 8.64020244309 7.31590712569 7.02716064107 7.28954998258 8.5120256176 7.31171170157 6.70995022144 6.79153130763 6.68805664135 6.37373007517 8.15906801016 8.08187364977 1.86805547936 2.98938378378 6.20631596205 5.26136994755 3.01453268088 2.73048744906 4.65852256618 5.40816422499 4.71963932011 3.89789437443 4.29042997851 3.84346383097 3.23166035029 3.57500852229 3.99852011781 3.76318361383 3.10418382774 2.92030166584 2.20610862653 1.61631181704 2.9406707675 3.99439185522
-9999 -9999 -9999 -9999 -9999 -9999 -9999 -9999 -9999 -9999 -9999 -9999 -9999 -9999 4.40954583745 7.25469092562 10.9674830896 10.6002463344 9.83378261765 10.1461306401 9.81201326287 9.99709504675 8.41106332661 9.98581625604 9.10231138805 9.20103361072 6.84179767863 6.88114999929 7.27054518342 7.85354070491 4.76298594899 2.17751593783 6.43374005823 12.1645682937 11.5869097847 1.80845023043 3.15711680239 4.92127522206 3.00508853572 2.55918679712 3.89236196702 4.40950568994 4.55889160352 5.18604009686 4.78956647428 4.22722430697 2.09974650491 0.922143863664 1.16132227745 3.20270821598 4.21749538697 4.59971420113 4.81513552243 3.06095456657 1.97269848279 1.98393903942 8.50428641097
-9999 -9999 -9999 -9999 -9999 -9999 -9999 -9999 -9999 -9999 -9999 -9999 -9999 -9999 5.66978969961 8.10446277027 11.4218398067 11.1730494908 10.7575216525 10.7291488521 9.85807228619 10.1774423234 9.91881914168 9.11347961389 7.90079397755 7.25836885708 7.6780705508 7.62579644285 6.35126081478 6.96403787093 6.5309956635 5.91284274433 5.88078940505 9.68152874119 10.5834282136 1.75725605299 2.18784228776 10.7254028664 1.61194571901 1.98067468312 4.21352312006 4.63686078726 4.17392492495 4.27887082366 3.92056163732 4.29181716448 3.52806639332 4.34152127905 5.78717223349 6.56319783628 6.5126774901 5.52851273059 6.70460390138 6.49696213371 5.91558870384 6.10720564212 4.84897338759
-9999 -9999 -9999 -9999 -9999 -9999 -9999 -9999 -9999 -9999 -9999 -9999 -9999 -9999 14.991281001 13.6268372084 13.2053662294 13.4930941165 12.269794074 12.6506836739 10.4560613369 10.084995342 9.37353447112 9.35421774202 8.21959340215 8.54458306223 7.65464160333 8.45409986256 7.63934022785 7.10351521888 7.03938515048 7.64743073886 6.99493349096 2.48843513068 1.99253464331 2.02080944175 1.65815797229 4.32038348901 1.35542469679 2.06028134593 3.93809365258 4.49982455283 3.4780884543 3.71508645674 3.41020918918 3.80934416509 5.50422098629 6.79402531084 9.14581171703 9.7349186025 8.26577155798 8.59475981713 6.86210583245 6.1620076154 5.30742166081 4.80098812263 5.00287920812
-9999 -9999 -9999 -9999 -9999 -9999 -9999 -9999 -9999 -9999 -9999 -9999 -9999 -9999 -9999 12.2406735682 11.8782048004 11.7688349546 12.1572113751 10.2776420433 9.04334581523 9.21602309558 9.4273035407 9.47857026716 8.1796715223 8.37696932471 7.386143899 7.79820738273 4.16127987117 6.90490883512 5.96490014218 5.93176703917 5.29249571185 3.44812343957 2.20899646223 2.2359146927 1.96988547775 1.91893071615 1.79707319632 1.25958384991 0.845489497875 1.26394376433 4.67942086349 4.31585012816 3.79328732205 4.56876777241 4.93038406858 5.18099007575 5.63793160654 5.30097845886 3.74823948294 3.44927699422 4.62906393092 6.10664949197 5.83229353427 5.78738550656 5.17338913888
-9999 -9999 -9999 -9999 -9999 -9999 -9999 -9999 -9999 -9999 -9999 -9999 -9999 -9999 -9999 -9999 11.6658417653 10.9368919259 10.9353635644 12.7554505833 11.6694038381 11.438362569 9.24562407886 8.394891055 8.56591039501 8.1002803738 7.49076618521 6.09608271765 3.22942431698 6.07121241221 7.56985890108 4.49319485437 4.09483865691 2.54160608236 2.05246117327 2.33387396574 2.23567677587 2.46603560778 2.37941614814 3.0841767471 5.99957337722 5.30160336261 5.90951499022 6.48207097105 5.01236504898 4.38381120555 3.90593352342 5.11081148351 3.79669268058 3.1277862329 3.94334031544 5.18813322728 4.29454269854 3.75606322296 4.10379562514 3.78361714796 3.53922737113
-9999 -9999 -9999 -9999 -9999 -9999 -9999 -9999 -9999 -9999 -9999 -9999 -9999 -9999 -9999 -9999 12.0927905046 12.3200499018 12.5632404222 11.6440827226 10.086945404 10.7742057218 9.73306979591 8.93288194556 8.39425909366 8.89782624555 7.89659597064 7.54159837117 3.54392537989 5.19856372049 3.20498246564 2.35904373348 2.79616486901 2.3686867271 2.66398629203 2.20528693066 2.8903200412 2.55123104154 2.3332100019 2.1902178535 4.33845994962 2.29405993594 4.49896272326 9.06968750816 7.49128256295 6.39520445548 5.63115980484 2.32240649557 3.0878091157 3.6575512415 4.51064273689 4.65772734448 5.34511012174 5.54136814738 6.07536129485 5.04218353196 3.56479884633
-9999 -9999 -9999 -9999 -9999 -9999 -9999 -9999 -9999 -9999 -9999 -9999 -9999 -9999 -9999 9.60387735903 9.70324364869 10.7871845624 11.2647201226 11.0481277751 10.2085491002 10.1737542094 9.24074655424 8.82182500945 8.06155955691 8.43684991243 7.95001662122 8.09049654506 4.7372607606 6.63278313442 6.97321096453 7.14544610864 7.1585993293 4.17947888769 2.56444509765 5.78845967648 4.32035702762 5.1857948251 3.77187228506 1.64982746956 4.24776697946 6.60809128597 7.10184973371 7.05086333691 7.27428575863 6.45740813929 1.1118355398 1.4733452794 3.78924355211 4.84017045931 4.04449711898 3.36629895211 3.57710495586 3.8944218547 4.06710364367 4.15377178713 4.42692792636
-9999 -9999 -9999 -9999 -9999 -9999 -9999 -9999 -9999 -9999 -9999 -9999 -9999 -9999 10.7095718307 10.2763471293 9.97618446842 10.4547230534 10.4457795321 10.5189671234 9.69159195736 10.3825676068 9.10607916697 9.3316374584 8.071196401 7.8143784716 7.32883314707 7.48144217015 7.04557711767 7.04126122172 6.29465311055 6.43255015029 5.80443169337 6.90156434465 8.09087621051 10.7859264744 3.37966562328 2.24171968579 6.92379777387 6.26773244786 4.80999348212 6.56781108604 6.23781992958 6.49630566138 5.70743301916 5.32730159736 4.62840810698 5.55596485435 4.74817341645 4.10974238771 3.69440104786 3.66593172111 3.78432917211 3.71398538338 3.46529767392 3.6420858235 3.54083771456
-9999 -9999 -9999 -9999 -9999 -9999 -9999 -9999 -9999 -9999 -9999 -9999 -9999 -9999 11.2889855622 11.8424333117 11.1122507054 10.2529678202 9.2937943562 9.26333632712 8.87420095037 9.67307684724 8.95472936389 9.29520981509 8.25830553847 7.60018909095 7.66587894274 7.81289886726 7.41291964394 7.35407342465 7.13246831573 8.07980799347 8.0098483078 7.57602331283 7.06293726086 9.1436430752 10.5469937401 11.5377453125 9.1894959371 9.28321522015 10.2792011585 9.9403800156 7.37907592319 7.11164555593 6.83862691756 5.51961797215 6.70741955106 7.41975420835 6.08889042207 6.43039329138 6.19650423157 6.16999172411 5.20146196236 4.80657440052 5.14821234396 5.02446009699 4.11513405398
-9999 -9999 -9999 -9999 -9999 -9999 -9999 -9999 -9999 -9999 -9999 -9999 -9999 -9999 -9999 -9999 11.2664621373 12.1777208474 12.021982898 11.8783390162 10.6584235713 9.37254655189 9.76707832717 9.7975753457 8.58075372491 8.76397757479 6.96283019125 7.17121383586 6.65168186171 7.72498149935 7.90213284207 7.94408829481 7.65888437751 7.02930158276 7.26157606422 7.30027978883 8.6397936557 8.69988361398 10.11736665 9.45133292217 7.38705357588 7.58794774447 6.93820563381 5.89827884862 5.98987228011 6.43004885511 6.03170465682 5.57692450017 4.84737115847 5.28943142396 5.01099547201 5.10308607941 4.73628547534 4.31080819463 3.2758510093 3.43424142083 4.45941018695
-9999 -9999 -9999 -9999 -9999 -9999 -9999 -9999 -9999 -9999 -9999 -9999 -9999 -9999 -9999 -9999 12.6732047679 12.3318207737 12.0481024897 10.3733905872 10.5189889922 10.6583889631 8.61597915398 8.91524809051 9.09430160745 9.36738590187 8.52465336213 8.34292937407 8.15258359153 8.22865466524 8.78030750392 8.50284994099 7.61617234897 7.23647886862 6.1840236323 6.43652640083 6.60901223971 7.19998586953 5.91988156178 5.61014499067 6.37567388492 7.30970429746 2.57774931523 4.19279883881 8.38358641024 6.31923956257 4.74484746057 5.52933189027 4.58676811734 3.82305278231 3.1564362333 3.19866951988 2.69315860961 3.04878875652 2.8682243853 2.88409961363 2.70839592888
-9999 -9999 -9999 -9999 -9999 -9999 -9999 -9999 -9999 -9999 -9999 -9999 -9999 -9999 -9999 -9999 -9999 -9999 12.1411031079 11.0072758593 9.82729487508 10.4563897213 10.4594281952 9.86825397178 8.75548036343 8.9135405372 8.16634404731 8.50821953684 8.06524335213 7.93348140375 6.95917657392 6.4541885492 6.36041300662 6.86517485591 6.11615608171 6.90273682282 6.88903222778 5.80059680122 5.60402138691 6.74106261382 5.78869988492 5.38618579145 4.83680184313 4.81407376567 4.80144395908 6.06088081281 5.18577147515 5.27300428144 5.78771886901 3.54172486821 3.49627109053 3.8663038704 2.75186882495 2.82507824705 3.07654466613 3.25871658516 2.90981354872
-9999 -9999 -9999 -9999 -9999 -9999 -9999 -9999 -9999 -9999 -9999 -9999 -9999 -9999 -9999 -9999 -9999 -9999 -9999 9.98557775048 9.92911698008 10.3094749791 9.97430120081 10.9949399351 9.35093649833 8.98688459227 8.28617338573 8.24844990185 6.94848885744 6.77993611315 6.89327421038 7.49476886117 6.50477384327 6.12856178487 5.5565918724 5.41728514305 5.31759464195 6.27025227642 5.87298599708 6.41530893111 5.61937746446 5.31841493287 4.66344099004 5.40676967328 5.51552683737 5.65255193874 5.85753748712 5.2496451975 4.63192867237 6.06022446919 4.14157629541 3.44631673122 2.81030841207 2.78418337063 3.17675008097 3.05251803471 2.4601339735
-9999 -9999 -9999 -9999 -9999 -9999 -9999 -9999 -9999 -9999 -9999 -9999 -9999 -9999 -9999 -9999 -9999 -9999 11.413224302 12.0083688376 12.0321523099 11.8381447164 10.2643779989 9.55188175616 9.1746788411 9.02635029257 8.22108807022 8.56724040471 7.62156052695 7.25118274903 3.36515352489 2.11182121207 5.54013370808 6.62628976295 6.50389752075 7.08577371876 7.76606875902 7.58714212232 7.38467752808 7.19097519044 6.88437730759 5.61726345812 5.18910099458 2.39953450146 3.65189207341 2.69024674402 5.43247409106 8.01099984432 6.95170196248 5.30192866847 5.86458220788 7.12233865289 5.93478970462 5.02358355675 4.0766968737 3.67842649649 3.30323386976
-9999 -9999 -9999 -9999 -9999 -9999 -9999 -9999 -9999 -9999 -9999 -9999 -9999 -9999 -9999 -9999 -9999 -9999 -9999 13.1270408687 12.6900868221 12.29386113 10.5253360391 9.92758413727 9.79191467925 9.6859493905 8.10561444966 8.48528991133 8.11241322984 9.09438127743 5.15282418513 5.08253824343 7.83966464313 7.33382072233 5.13284718041 4.4103131024 5.37523643359 4.9471148877 4.65559888988 4.66003473349 4.8664890718 5.850011721 4.50541317831 2.55313193974 2.39962553707 6.34613064198 6.30922662806 5.64853021602 7.3148018518 6.23581412414 3.70507032144 1.77411129609 1.83222111266 2.00512113318 4.18564815463 3.33204341422 2.48363536149
-9999 -9999 -9999 -9999 -9999 -9999 -9999 -9999 -9999 -9999 -9999 -9999 -9999 -9999 -9999 -9999 -9999 -9999 -9999 -9999 11.4192682645 12.0473258687 10.6035266214 10.3891041473 8.65892456085 9.43034380332 8.13742958453 8.75738874721 9.30427961824 8.53685791485 7.3671354872 7.07539708155 6.65536042707 4.4815934539 2.96022663831 4.22900280012 6.63143359535 6.9935365299 7.01899870735 6.64817271352 5.60943686343 6.63224732875 6.88177249742 6.43922146592 7.33799278106 6.80184257391 6.1683934601 6.59913626085 6.34657723386 7.5727197338 6.88179921251 5.60341337243 4.16225364059 3.32044762001 2.52637871296 4.76127969728 4.67066732375
-9999 -9999 -9999 -9999 -9999 -9999 -9999 -9999 -9999 -9999 -9999 -9999 -9999 -9999 -9999 -9999 -9999 -9999 -9999 -9999 -9999 11.7013252961 10.9658104525 11.0242174621 8.6383989785 8.1080430022 7.92581368327 9.13444036606 8.02297131465 7.5934529901 7.96166580102 8.27518508722 7.49132584946 2.65084140151 7.22665663292 8.2402543701 7.21845850392 6.27983715253 5.96284195225 6.07141615188 7.14894818331 7.36352988375 7.74521451533 6.58624753424 5.90806558966 4.93030650579 5.70616593214 6.05734915668 6.02406789107 6.78296005614 9.12810925051 4.62694330611 5.29732579356 5.4976367723 2.9140011223 3.63325403326 3.94288276662
-9999 -9999 -9999 -9999 -9999 -9999 -9999 -9999 -9999 -9999 -9999 -9999 -9999 -9999 -9999 -9999 -9999 -9999 -9999 -9999 -9999 10.6128506024 10.208145671 10.2134833855 10.1579643041 10.5231777922 9.38582291297 9.68589324366 8.62940013562 8.07720698233 3.16096069175 7.11233792951 8.4008657529 7.91159960836 6.22713792636 6.66369731592 6.29097528845 6.3587382188 6.10056803849 7.04153854091 7.19119443624 7.01739946646 6.01875398482 6.04724473106 6.95425500552 6.7508355233 6.46149869169 6.36568276737 5.17829833504 5.25479077614 3.22036715411 1.69079444012 2.78704299329 4.01933318429 4.41119773078 3.15281207222 3.25856683539
-9999 -9999 -9999 -9999 -9999 -9999 -9999 -9999 -9999 -9999 -9999 -9999 -9999 -9999 -9999 -9999 -9999 -9999 -9999 -9999 -9999 -9999 10.5929910674 11.4656227479 10.5249369652 9.81001893953 8.80856104909 9.69472269531 8.65701985078 8.65297286639 8.51494949999 8.82656486497 7.90406324795 7.89948402176 8.31225271661 7.26692666884 7.47777719067 7.13364675875 6.93160703307 7.09369178122 7.18519370215 5.64680623173 5.9872347381 6.94757892678 5.2634911578 4.95947655997 4.48010316182 5.26133349866 6.14801340841 3.73389497044 1.47150755423 1.68551266692 6.52272118397 5.77055037832 3.28349937197 2.88933099102 3.0992988106
-9999 -9999 -9999 -9999 -9999 -9999 -9999 -9999 -9999 -9999 -9999 -9999 -9999 -9999 -9999 -9999 -9999 -9999 -9999 -9999 -9999 -9999 10.8482899416 10.6401965927 10.2035470282 10.6221597951 9.51230227793 8.95325063422 8.99960939865 9.18203749002 8.54272709334 8.68541314982 8.61163590424 8.20238950072 7.34653428645 8.49874134971 7.27139167639 7.10005178903 7.78165487787 7.64961278826 6.11778415811 7.27014732214 6.05530086878 5.23783405993 4.96240752233 5.89908981861 6.83263989336 6.8115391932 4.87019963881 4.5381164136 3.40924924084 3.82272169114 5.08211450829 7.12029650395 5.46194316816 5.14847413548 4.17720500417
-9999 -9999 -9999 -9999 -9999 -9999 -9999 -9999 -9999 -9999 -9999 -9999 -9999 -9999 -9999 -9999 -9999 -9999 -9999 -9999 -9999 -9999 10.7937546829 11.3193642416 11.3954441319 10.5526144397 9.74179906744 9.97217352687 9.34911169217 9.92889670312 8.9280617309 8.29922797379 7.85408968239 8.13956978555 8.5490619266 7.06020120982 7.11038007838 8.2737948108 7.71886636402 7.33576678624 7.48518132144 6.55689706832 5.4189829278 6.24864110452 7.0449011536 6.82672347061 6.92091376108 6.38572905339 5.51690328721 5.52458312582 6.3914998064 5.69369191656 6.49460373646 6.86493715126 7.05258099767 7.29070843684 5.46775922787
-9999 -9999 -9999 -9999 -9999 -9999 -9999 -9999 -9999 -9999 -9999 -9999 -9999 -9999 -9999 -9999 -9999 -9999 -9999 -9999 -9999 -9999 -9999 11.7506012492 11.9355889201 10.7829566362 9.288028997 9.73209495317 9.10850695997 9.63190818474 8.97206226885 9.43044519024 8.92922726016 9.40706830408 7.97142307195 8.4282890374 8.64409995146 8.03011689897 6.38711424649 6.22756497835 5.2639154398 6.31055586952 7.40753474511 7.4347628132 6.80492375534 6.33891910672 4.59968603985 4.36468616022 4.28502442485 4.5514636303 3.82737333073 4.57234857441 5.11995717651 7.68717516018 5.90340484789 4.34784067909 5.45394936623
-9999 -9999 -9999 -9999 -9999 -9999 -9999 -9999 -9999 -9999 -9999 -9999 -9999 -9999 -9999 -9999 -9999 -9999 -9999 -9999 -9999 -9999 -9999 10.3038605729 10.9459599265 11.0958168407 10.040001473 10.3481507315 9.5362648843 10.0994295356 9.59521832961 9.95971137323 9.23212032703 8.88976259891 8.49031270452 8.36939637083 7.93266763025 7.31722281388 5.31687305168 3.11289965594 8.26578659836 8.24110243634 7.95883275726 6.81564374606 5.56152812228 5.8507957426 6.43841794316 6.9107396222 6.2201485484 6.12032505194 6.56388435788 6.72170024241 5.11088614718 4.30661609186 4.05003691986 5.63007653534 4.19562304915
-9999 -9999 -9999 -9999 -9999 -9999 -9999 -9999 -9999 -9999 -9999 -9999 -9999 -9999 -9999 -9999 -9999 -9999 -9999 -9999 -9999 -9999 -9999 -9999 11.8508001037 11.167575291 10.1310192638 9.93239862607 9.55354972348 9.59203642045 8.13308867006 5.05044265441 7.18633590912 8.9956430821 9.05573640932 7.31271023505 6.86662746402 8.29874998164 7.30692265201 6.37385285455 8.57435933618 6.7266882859 5.55471907672 6.11810975493 7.02041015586 6.65315788221 5.41379953421 6.22629559795 6.76983902651 6.20292902442 5.13007941092 4.1622528496 3.4998901396 4.04771810411 5.70749604882 4.40721604973 4.5470581002
