data/recharge/transience/oldversion/mHM_recahrge_343.ASC
ncols   80
nrows    72
xllcorner    4374000.0
yllcorner    5656000.0
cellsize      500
NODATA_value  -9999
[rows 25 to 49 of 72, columns 0 to 55 of 80]
-9999 -9999 -9999 -9999 -9999 -9999 -9999 -9999 -9999 -9999 -9999 -9999 1.23877673508 1.18257319307 1.01053406327 1.09729409571 0.742349484453 0.688162305992 0.573239016169 0.813304221481 0.616533114753 0.580044055077 0.506178876941 0.172066749181 0.226353206433 0.480465956652 0.628306199895 0.536182199713 0.374914406835 0.290166609505 0.23703008234 0.205095013579 0.172638208822 0.200195986284 0.131653290098 0.0958349388589 0.127128258928 0.193571450401 0.140524218047 0.165753608697 0.145253320257 0.103913830492 0.187935385884 0.276618851848 0.285799680821 0.29550631115 0.326631346121 0.323600583506 0.359143432064 0.398095011031 0.417614265872 0.245054444493 0.151221425536 0.109949496855 0.135477425677 0.144531314565
-9999 -9999 -9999 -9999 -9999 -9999 -9999 -9999 -9999 -9999 -9999 -9999 -9999 0.900382025468 1.02234079931 1.09600001817 0.928787318804 0.900314670928 0.691539961459 0.563500127132 0.545846282951 0.702994130322 0.738077062602 0.677506198087 0.502528458026 0.350786395209 0.384706637059 0.338649158502 0.328461678272 0.386315287282 0.295901530977 0.252163000368 0.260530233889 0.133850702137 0.138109439424 0.0377341107248 0.0982497021774 0.171964830744 0.217428650552 0.135196509523 0.11241669706 0.171822668514 0.0961286855378 0.121170692937 0.130844867294 0.174130839598 0.279940491909 0.264985290059 0.150720671442 0.0901846572587 0.0942226119967 0.106514477791 0.143967517336 0.14799605748 0.213092242017 0.121090158849
-9999 -9999 -9999 -9999 -9999 -9999 -9999 -9999 -9999 -9999 -9999 -9999 -9999 -9999 0.878281560732 0.904108029279 0.755251615013 0.779851127994 0.758174758505 0.840406866902 0.648769749976 0.790762433708 0.70040028928 0.622000508731 0.494057560395 0.435395464821 0.492833488827 0.549284505551 0.354074639436 0.279228731281 0.297056469059 0.312010322022 0.405930610125 0.215691877341 0.166593980422 0.0644497327109 0.0785750632045 0.160735114322 0.161311152807 0.0628986029205 0.0621250976374 0.112738005582 0.181748224652 0.120628512627 0.0823855505721 0.103830162731 0.0909866001426 0.07600458039 0.0901870421927 0.114775730277 0.116844536787 0.0780290947781 0.0850025279928 0.11183961015 0.269875559831 0.405858951537
-9999 -9999 -9999 -9999 -9999 -9999 -9999 -9999 -9999 -9999 -9999 -9999 -9999 -9999 0.893356642786 0.833466618763 0.764030352984 0.791468773873 0.736763793645 0.799387782885 0.780402665619 0.767346337894 0.548529750258 0.83134410809 0.708917350976 0.797777839675 0.403222890789 0.443274806619 0.499224678764 0.473824188522 0.367029508971 0.368415909652 0.407121185896 0.880980834048 0.391474554733 0.0870066449033 0.0927210235281 0.11232800815 0.0637501169547 0.0603929397076 0.0785034856157 0.108728680177 0.136737250578 0.174149401078 0.15009192424 0.107456540511 0.0557501869334 0.0709824190931 0.0972224015035 0.0829557901743 0.16815387935 0.209222477041 0.280431854351 0.190501767106 0.1682807255 0.155519699001
-9999 -9999 -9999 -9999 -9999 -9999 -9999 -9999 -9999 -9999 -9999 -9999 -9999 -9999 0.904871531796 0.956227890747 0.855924471375 0.890061651573 0.945319343589 0.941761707578 0.844694111117 0.856673871571 0.851593493604 0.650805774198 0.513015880233 0.438266015346 0.544151236424 0.541121309766 0.394294515225 0.461896449224 0.423527181613 0.377158861588 0.357094750215 0.384011057147 0.459724360161 0.0863227634915 0.118802924021 0.327516563601 0.0917577977368 0.0518683288051 0.101915529662 0.132580530464 0.110193028089 0.116772274759 0.0913478578958 0.111778350136 0.0805030497383 0.131350884709 0.353137475141 0.380768865936 0.292038362 0.144930665697 0.286957730008 0.253241708668 0.235451366096 0.284169857338
-9999 -9999 -9999 -9999 -9999 -9999 -9999 -9999 -9999 -9999 -9999 -9999 -9999 -9999 1.63994355127 1.28772358642 1.2135660056 1.3054630769 1.13354855518 1.19200025397 0.832273302237 0.771764917807 0.74477708437 0.739391754086 0.617996936085 0.659917142639 0.516784144073 0.647661942241 0.533142703214 0.468175191506 0.466876328973 0.547696802653 0.468185436313 0.185293918878 0.0937255727744 0.094805324117 0.0832750037285 0.203251385231 0.072263738109 0.112560823949 0.0638115534379 0.094075877026 0.0779377487447 0.0908356189779 0.0783219013746 0.0902752925199 0.201559106463 0.224975107581 0.542770578101 0.631527427003 0.472031752682 0.579096120481 0.385383798983 0.444418372226 0.460506733156 0.347942174066
-9999 -9999 -9999 -9999 -9999 -9999 -9999 -9999 -9999 -9999 -9999 -9999 -9999 -9999 -9999 0.995059359525 0.942989119379 0.904275178715 1.04454153922 0.761346960032 0.637147418341 0.658605582554 0.713543351855 0.753546213572 0.60999697317 0.605187383026 0.470636585971 0.543651870659 0.695150392215 0.449152822415 0.350967616146 0.348399615745 0.29508984931 0.374275806206 0.102035918081 0.103092306631 0.0953334290307 0.0933327777778 0.0906918049446 0.0537494101116 0.0344623587723 0.0483229021478 0.0448091729322 0.0476427648606 0.0646498567096 0.0618149551371 0.0636491310196 0.0746436396351 0.122102048726 0.156923987267 0.133231742637 0.111197744889 0.262239435182 0.587339010179 0.611256977228 0.596608843863
-9999 -9999 -9999 -9999 -9999 -9999 -9999 -9999 -9999 -9999 -9999 -9999 -9999 -9999 -9999 -9999 1.02455826036 0.876703710405 0.933449162309 1.32321485195 1.17580376187 1.20003206822 0.715814779977 0.603867862596 0.682875473654 0.578168431665 0.489390591895 0.367796781273 0.491841270038 0.478985886448 0.508703608243 0.543411907284 0.771854722579 0.522597990463 0.0972713307834 0.108346959135 0.105726519651 0.11531796283 0.114526584256 0.158836257622 0.181529487192 0.15703668064 0.155009301372 0.121971991949 0.0576692576554 0.037058778597 0.0292976227145 0.140187470243 0.122674034571 0.0817029467254 0.155695316978 0.317704967204 0.223781698003 0.163367968365 0.239140296595 0.198096730576
-9999 -9999 -9999 -9999 -9999 -9999 -9999 -9999 -9999 -9999 -9999 -9999 -9999 -9999 -9999 -9999 1.23254722351 1.22086548265 1.25562879693 1.14329118595 0.843938334427 0.984494149251 0.85874928175 0.742492876465 0.639631220339 0.736936630539 0.560673491285 0.487519893516 0.503228117283 0.420554385527 0.385004179117 0.389177513837 0.411472699093 0.44296374165 0.170098747173 0.103212832653 0.143039192795 0.118999442855 0.112527050551 0.111246303456 0.10484605789 0.0757333356926 0.126436840137 0.360988456043 0.220915610082 0.13177423046 0.123413056918 0.102239378383 0.079138417858 0.11286928363 0.217368069443 0.236619847681 0.4062347135 0.450879318047 0.69771230172 0.405822384295
-9999 -9999 -9999 -9999 -9999 -9999 -9999 -9999 -9999 -9999 -9999 -9999 -9999 -9999 -9999 0.759778879963 0.812469831911 0.967510540634 1.20797895493 1.1555464832 0.932756285277 0.871983212139 0.718752808672 0.721360058407 0.597364799425 0.663344643508 0.582854771348 0.619589084514 0.474626762214 0.467004591994 0.459348417701 0.479923623221 0.486126348481 0.303848804805 0.146117571579 0.109890943475 0.103865958403 0.219888108321 0.180469388845 0.0892594735349 0.0894300498485 0.130432989526 0.145522606081 0.14197986177 0.176134541849 0.115485615645 0.0560019369885 0.0983994246913 0.138571401724 0.233126725729 0.170690713651 0.114867060864 0.151981019194 0.182262616834 0.238543778642 0.250512791796
-9999 -9999 -9999 -9999 -9999 -9999 -9999 -9999 -9999 -9999 -9999 -9999 -9999 -9999 0.981692047952 0.88445159282 0.864484442023 1.00458359134 0.905849548425 1.02405048337 0.883570294103 1.04467369348 0.784337045175 0.832313972553 0.601798303986 0.5559831087 0.483587913334 0.507133558676 0.472744382447 0.471930097884 0.384090629584 0.397786297973 0.248531750655 0.2789790974 0.364654978454 0.416955727269 0.0873320767051 0.0645994329186 0.0868976242815 0.104573480836 0.0915331246969 0.0991675801694 0.0930784996002 0.107134571685 0.073792154256 0.0573941762619 0.0916825404263 0.170307997903 0.220220386203 0.152872939862 0.138854239899 0.136664989751 0.171009993711 0.164689490706 0.168324360528 0.186564467194
-9999 -9999 -9999 -9999 -9999 -9999 -9999 -9999 -9999 -9999 -9999 -9999 -9999 -9999 1.16624815923 1.38268104772 1.24920712354 1.0130108367 0.836168149727 0.718250397939 0.753297003373 0.946643997311 0.802961496347 0.875922002217 0.657759491435 0.518728915173 0.441466808067 0.412385193509 0.337973512413 0.48627580661 0.483196651548 0.457751374537 0.598950422586 0.487385494745 0.374100182168 0.554057191549 0.406836795252 0.546328993202 0.274105266741 0.283718231352 0.442672205997 0.395276334183 0.15576443638 0.136085184783 0.13218411761 0.057780524117 0.149934626527 0.340591497056 0.417639368305 0.51895345271 0.567870926754 0.558489135599 0.394268747201 0.316486518803 0.445051879188 0.414327796771
-9999 -9999 -9999 -9999 -9999 -9999 -9999 -9999 -9999 -9999 -9999 -9999 -9999 -9999 -9999 -9999 1.28806939361 2.06373530514 2.1816185556 2.10145462265 1.31323279884 0.811875948408 0.982744724173 0.991147570471 0.719828429857 0.693132990021 0.358405488462 0.392220495323 0.280205872995 0.384471396862 0.408034794402 0.503750563133 0.502831567452 0.370218754322 0.44280668394 0.450792744575 0.431927841179 0.2469649192 0.467265308238 0.530806238033 0.274427682795 0.234502991101 0.217984207761 0.135967397985 0.0789702456936 0.104244179097 0.0996192860816 0.121292274539 0.215943562983 0.285496953652 0.303550965704 0.319533511388 0.305243329034 0.240688254182 0.152823721646 0.168322798033
-9999 -9999 -9999 -9999 -9999 -9999 -9999 -9999 -9999 -9999 -9999 -9999 -9999 -9999 -9999 -9999 2.67444854861 2.40868630166 2.29711527521 1.33367003988 1.50264074363 1.43541344404 0.75454900781 0.84340166979 0.877613253038 0.95325217289 0.791585486433 0.726571431785 0.572894042695 0.513398785711 0.680995203755 0.606312745067 0.44547833217 0.415752279941 0.261211588156 0.296429672689 0.344969252404 0.463029224615 0.252854189414 0.204484404181 0.330829372088 0.511041673835 0.109902676896 0.173302220779 0.373624459309 0.093733007869 0.0362957426853 0.0749226858781 0.190937586584 0.1252108255 0.101053665313 0.103785313473 0.088357477377 0.10970360206 0.122197163117 0.123715657615
-9999 -9999 -9999 -9999 -9999 -9999 -9999 -9999 -9999 -9999 -9999 -9999 -9999 -9999 -9999 -9999 -9999 -9999 2.36411565309 1.66121251016 1.14941379641 1.46479990328 1.19960160667 1.06957991082 0.803441361725 0.746818587666 0.661739680556 0.663113955811 0.478650038097 0.451390051464 0.308797072439 0.243435231749 0.244748665618 0.323728242923 0.253060562046 0.375650532345 0.396577662105 0.229749925858 0.223072353951 0.360165506747 0.24729312702 0.201338149452 0.160084695035 0.158032142111 0.190122531575 0.175003366091 0.0514210438215 0.0527882649981 0.108456024123 0.0824157811963 0.122871564015 0.145705996711 0.0912493218759 0.0952249695219 0.138163733257 0.154441184007
-9999 -9999 -9999 -9999 -9999 -9999 -9999 -9999 -9999 -9999 -9999 -9999 -9999 -9999 -9999 -9999 -9999 -9999 -9999 1.25023139341 1.26310304472 1.46456311502 1.29500988023 1.47674297245 0.990100050513 0.90245062538 0.567660416846 0.508957729763 0.306452948264 0.283506794482 0.314706584121 0.351856199757 0.257870650947 0.229312329642 0.17667727929 0.15829076882 0.157198381699 0.269510278334 0.251911451644 0.318477120557 0.230833107376 0.196918988346 0.158834870783 0.2328860063 0.279866000623 0.299294031937 0.157939531634 0.0483113194089 0.0362435660787 0.104911418994 0.0908959720949 0.118374072292 0.0947349001943 0.0932518572936 0.140524737887 0.130957950942
-9999 -9999 -9999 -9999 -9999 -9999 -9999 -9999 -9999 -9999 -9999 -9999 -9999 -9999 -9999 -9999 -9999 -9999 2.07264261708 2.48200168713 2.5425338157 2.40383808057 1.51169278906 1.05817823773 0.947465098149 0.870320461963 0.682509108621 0.543153374992 0.414440839051 0.350095801567 0.107189150027 0.114366995431 0.16046988251 0.273835789896 0.264018210503 0.349489331042 0.497492424736 0.457866759168 0.442345002722 0.412818902805 0.419995809637 0.230180006653 0.209248413142 0.0795120680931 0.118058262455 0.0941439544258 0.304744837738 0.331742304443 0.173162421033 0.0577410614615 0.122691994576 0.245753078468 0.303008348304 0.313205607588 0.229567621569 0.185671961691
-9999 -9999 -9999 -9999 -9999 -9999 -9999 -9999 -9999 -9999 -9999 -9999 -9999 -9999 -9999 -9999 -9999 -9999 -9999 3.4063012558 3.11385656315 2.79895527073 1.7140639699 1.15250349458 1.14257344937 1.11509246612 0.673180922291 0.792440291957 0.479522969526 0.672610561032 0.520410991115 0.508902543562 0.442792878413 0.39303988609 0.202947129002 0.15039715668 0.160947055784 0.128364952438 0.114727912885 0.114708988149 0.154567137496 0.26954425637 0.153042327107 0.0994200565087 0.115796455075 0.434004732965 0.482006688044 0.297026142929 0.244291502989 0.105062348966 0.0232044177893 0.0842679896898 0.113500522264 0.208077981491 0.226876384427 0.0776551111877
-9999 -9999 -9999 -9999 -9999 -9999 -9999 -9999 -9999 -9999 -9999 -9999 -9999 -9999 -9999 -9999 -9999 -9999 -9999 -9999 2.13617834163 2.58679505178 1.76269707296 1.27836973414 0.863173763005 1.04801004751 0.70560079151 0.842876043786 0.896049703047 0.746136678912 0.544465533409 0.505872872473 0.288223933481 0.254059686412 0.156833280896 0.190054257501 0.311105635346 0.38978986868 0.402922011392 0.352180080504 0.259715963077 0.416613422384 0.488134637455 0.392575094053 0.672233489063 0.532919331282 0.45279003986 0.551329457806 0.470578786814 0.338157023562 0.211901456291 0.0971610524122 0.0378825114306 0.0359828208335 0.119499786484 0.0616335429808
-9999 -9999 -9999 -9999 -9999 -9999 -9999 -9999 -9999 -9999 -9999 -9999 -9999 -9999 -9999 -9999 -9999 -9999 -9999 -9999 -9999 2.34756486064 2.01228111384 1.96398290254 0.869535544469 0.756392356023 0.688497190148 0.899513646459 0.678165064615 0.609955968635 0.622410940492 0.695189242039 0.437022254892 0.165547433203 0.469843666759 0.648942145322 0.492939106647 0.32541132773 0.282347607833 0.302879057577 0.559429651417 0.616219082005 0.798599636745 0.443787559895 0.369453832625 0.231284364793 0.381402492856 0.448347565512 0.4985049198 0.699098965448 1.12193611028 0.277725875635 0.277138846358 0.0988385815473 0.0217663005755 0.0318832300472
-9999 -9999 -9999 -9999 -9999 -9999 -9999 -9999 -9999 -9999 -9999 -9999 -9999 -9999 -9999 -9999 -9999 -9999 -9999 -9999 -9999 1.68564005117 1.57116294939 1.58316705315 1.20444898588 1.37517298666 0.982274550141 0.806185907496 0.597517710114 0.697063055675 0.544830905948 0.555471173601 0.569990582416 0.534469441708 0.272323652889 0.372957342845 0.324018576838 0.362199248235 0.326280257057 0.468366959557 0.572053898102 0.528520210971 0.382142718219 0.366713867872 0.596252325539 0.54561699355 0.541525234343 0.517826185247 0.330008262183 0.344973698602 0.262847615833 0.14600109385 0.0830321613522 0.0492944628363 0.0492298872134 0.0246856939139
-9999 -9999 -9999 -9999 -9999 -9999 -9999 -9999 -9999 -9999 -9999 -9999 -9999 -9999 -9999 -9999 -9999 -9999 -9999 -9999 -9999 -9999 1.79553892053 2.35349047659 1.34487456933 1.1849780471 0.875286619448 0.899129809673 0.734265120311 0.682929690515 0.612321388135 0.680534181011 0.559054106067 0.642365309244 0.812478292882 0.529545061976 0.610432785945 0.539680460391 0.543318386966 0.532696414765 0.610217555984 0.305115465582 0.402577435555 0.618342200633 0.296697560885 0.249726899879 0.220713186545 0.331038360389 0.566953384352 0.236028665431 0.117821233008 0.106096945081 0.312179855574 0.101450680637 0.0281595241489 0.0229892766866
-9999 -9999 -9999 -9999 -9999 -9999 -9999 -9999 -9999 -9999 -9999 -9999 -9999 -9999 -9999 -9999 -9999 -9999 -9999 -9999 -9999 -9999 1.9344529462 1.82580759912 1.23860342335 1.42795785182 1.0789922417 0.979998379878 0.852268214671 0.883258856921 0.726689159412 0.768691174168 0.778180798647 0.765591052726 0.549475702716 0.87953876282 0.549070600897 0.508695367418 0.726030320198 0.680072231836 0.380462026516 0.632130668513 0.415923912332 0.28191121083 0.272867552195 0.389371180642 0.652031755043 0.649554878128 0.305169907938 0.235103275539 0.140969328457 0.187474882289 0.0655359219763 0.240543215948 0.0977789946489 0.0800908719998
-9999 -9999 -9999 -9999 -9999 -9999 -9999 -9999 -9999 -9999 -9999 -9999 -9999 -9999 -9999 -9999 -9999 -9999 -9999 -9999 -9999 -9999 1.89737622393 2.24805363389 1.67925687467 1.41872679158 1.1183002297 1.51462457076 1.00388971076 1.19973760698 0.877322597196 0.69408768715 0.610897361673 0.775757375087 0.955287315068 0.530380133779 0.556203913723 0.887879717515 0.754744692614 0.642622721213 0.736339269388 0.501448637851 0.328982597749 0.481627623556 0.750394614003 0.662913976531 0.703739465815 0.557926511801 0.423297540092 0.42439333849 0.690585967018 0.509462592217 0.192078226098 0.206327860906 0.273075106192 0.318781534771
-9999 -9999 -9999 -9999 -9999 -9999 -9999 -9999 -9999 -9999 -9999 -9999 -9999 -9999 -9999 -9999 -9999 -9999 -9999 -9999 -9999 -9999 -9999 2.51367332092 1.90291820208 1.49206645061 1.00805839781 1.49483347662 0.988848339669 1.08568772078 0.895143284902 1.05001380375 0.910291993548 1.16437034516 0.7662612309 0.912052123803 1.02245214201 0.809312787733 0.432738119101 0.391377870947 0.27703601149 0.452601341367 0.768653090052 0.790611229087 0.674690283762 0.554120016397 0.259018884349 0.222564097492 0.240310555756 0.272942938627 0.216790962555 0.310484821089 0.384256585514 0.469676166015 0.145063205529 0.0841433400897
