data/recharge/transience/oldversion/mHM_recahrge_295.ASC
ncols   80
nrows    72
xllcorner    4374000.0
yllcorner    5656000.0
cellsize      500
NODATA_value  -9999
[rows 0 to 24 of 72, columns 0 to 55 of 80]
-9999 -9999 -9999 -9999 -9999 -9999 -9999 -9999 -9999 -9999 -9999 -9999 1.54668969904 1.5825079601 -9999 -9999 -9999 -9999 -9999 -9999 -9999 -9999 -9999 -9999 -9999 -9999 -9999 -9999 -9999 -9999 -9999 -9999 -9999 -9999 -9999 -9999 -9999 -9999 -9999 -9999 -9999 -9999 -9999 -9999 -9999 -9999 -9999 -9999 -9999 -9999 -9999 -9999 -9999 -9999 -9999 -9999
-9999 -9999 -9999 -9999 -9999 -9999 -9999 -9999 -9999 -9999 -9999 -9999 3.97627077272 2.64760193916 1.997455457 -9999 2.16827804391 -9999 -9999 -9999 -9999 -9999 -9999 -9999 -9999 -9999 -9999 -9999 -9999 -9999 -9999 -9999 -9999 -9999 -9999 -9999 -9999 -9999 -9999 -9999 -9999 -9999 -9999 -9999 -9999 -9999 -9999 -9999 -9999 -9999 -9999 -9999 -9999 -9999 -9999 -9999
-9999 -9999 -9999 -9999 -9999 -9999 -9999 -9999 -9999 -9999 2.82820293786 2.70423139005 3.26959552689 3.45488435615 2.10763729165 1.65335102112 1.24425624025 1.295658997 -9999 -9999 -9999 -9999 -9999 -9999 -9999 -9999 -9999 -9999 -9999 -9999 -9999 -9999 -9999 -9999 -9999 -9999 -9999 -9999 -9999 -9999 -9999 -9999 -9999 -9999 -9999 -9999 -9999 -9999 -9999 -9999 -9999 -9999 -9999 -9999 -9999 -9999
-9999 -9999 -9999 -9999 -9999 -9999 -9999 -9999 -9999 2.71617147013 2.82635440168 2.7649668026 2.52830272457 2.75917070797 2.42940513535 2.19208571869 1.63805996861 2.20940724094 -9999 2.66694284054 -9999 -9999 -9999 -9999 1.79225544023 1.86969041863 -9999 -9999 -9999 -9999 -9999 -9999 -9999 -9999 -9999 -9999 -9999 -9999 -9999 -9999 -9999 -9999 -9999 -9999 -9999 -9999 -9999 -9999 -9999 -9999 -9999 -9999 -9999 -9999 -9999 -9999
-9999 -9999 -9999 -9999 -9999 -9999 -9999 -9999 4.65130582679 3.68631702109 2.71207748678 2.6370417961 2.42704098498 2.1115793485 2.10852708546 1.9185335789 1.51713494928 1.33527340361 1.24636831156 1.75966482859 1.7542809449 1.94848713578 -9999 1.47990175491 2.2814119106 2.15364691166 -9999 -9999 -9999 -9999 -9999 -9999 -9999 -9999 -9999 -9999 -9999 -9999 -9999 -9999 -9999 -9999 -9999 -9999 -9999 -9999 -9999 -9999 -9999 -9999 -9999 -9999 -9999 -9999 -9999 -9999
-9999 -9999 -9999 -9999 -9999 -9999 3.90775154104 3.02407472521 2.83830082554 3.08446807876 3.40392114547 3.6370572279 2.93272015792 2.65136661408 2.04125865744 2.34587098781 1.76306548008 1.57352700957 1.73500407192 1.72479650704 1.66245563917 1.85194145927 1.75442359587 1.52098138358 1.70148640551 1.59256684393 1.81724876344 -9999 -9999 -9999 -9999 -9999 -9999 -9999 -9999 -9999 -9999 -9999 -9999 -9999 -9999 -9999 -9999 -9999 -9999 -9999 -9999 -9999 -9999 -9999 -9999 -9999 -9999 -9999 -9999 -9999
-9999 -9999 -9999 -9999 -9999 -9999 4.29489120933 3.71511482734 2.62784267884 2.46089722708 2.23024455879 2.43544126746 2.28885906147 2.0184808654 1.79252654693 1.50835394271 1.55760855295 1.60258944369 1.57238338847 1.2661554855 1.41361083662 1.84473044015 1.6323965956 1.62824502465 1.40942759466 1.23892703043 1.82724961911 2.17965630334 2.27956002641 2.05577323659 2.91350398201 2.84979801637 -9999 -9999 -9999 -9999 -9999 -9999 -9999 -9999 -9999 -9999 -9999 -9999 -9999 -9999 -9999 -9999 -9999 -9999 -9999 -9999 -9999 -9999 -9999 -9999
-9999 -9999 -9999 -9999 -9999 5.64524366793 4.58772015527 4.53834486732 3.96045909206 4.26615172737 3.75851019803 3.16031728299 2.168248722 2.34308433866 2.14888344923 2.19205631237 1.6975925215 1.79877810804 2.07993385446 1.32662509415 1.42675733914 1.32975720987 1.47530604198 1.56821222323 1.57353019074 1.73145193914 1.73231049319 1.64651436997 2.12212368375 2.03261938562 1.97788238968 2.1649518637 1.86905063303 1.74656800011 -9999 -9999 -9999 -9999 -9999 -9999 -9999 -9999 -9999 -9999 -9999 -9999 -9999 -9999 -9999 -9999 -9999 -9999 -9999 -9999 -9999 -9999
-9999 -9999 -9999 -9999 -9999 5.90239219 5.20832557444 5.26318747832 4.3437444004 3.83018534639 3.53461885207 3.92379638177 2.49336774086 2.38231103062 3.11190216958 3.54256781654 1.87003942743 1.16380956123 1.62220527756 1.27470729863 1.50623909084 1.56630992859 1.8958384232 1.76167508529 1.60938669678 1.25597232862 1.38334360422 1.16902544439 1.63289524989 1.61977777756 1.56865086621 1.62596630531 1.80653127717 1.66823290623 1.75230271572 1.64467713803 -9999 -9999 -9999 -9999 1.79150986748 1.63710768639 -9999 -9999 -9999 -9999 -9999 -9999 -9999 -9999 -9999 -9999 -9999 -9999 -9999 -9999
-9999 -9999 -9999 -9999 -9999 5.24444549245 4.70121439242 4.82683270727 4.69206446175 5.14646908518 4.39682645493 4.07641917438 3.28109018928 4.07891961287 3.60416542699 2.67983359156 2.01513862191 2.88075001723 2.26845722684 2.49769683955 1.96043374357 1.43996510119 1.35146523901 1.24982460795 1.54575951975 1.40569594763 1.32250400576 1.06484718246 1.69645211014 1.44992781026 1.21161735732 1.39808307565 1.76673503073 1.55796160655 1.40662417178 1.7674026916 1.73021340528 -9999 -9999 1.74555064744 1.9760233091 1.85225946545 2.10341479513 -9999 -9999 -9999 -9999 -9999 -9999 -9999 -9999 -9999 -9999 -9999 -9999 -9999
-9999 -9999 -9999 -9999 -9999 -9999 6.43107628977 7.04884335331 5.4410397557 5.03991319146 3.96983778993 4.57373775036 4.79972991778 5.59940050622 2.60219014686 2.2126927914 2.24030120553 2.12053878559 1.69529275833 1.653886517 1.75324231997 1.89314875376 1.68824317397 1.92432246191 1.62286488149 1.35339166558 0.951418149324 1.13532653811 1.20794201965 1.30577230446 1.28122243426 1.5457414645 1.34114687455 1.39800997833 1.49686670061 1.60587966987 1.43878390149 1.20495562632 1.7086749255 1.6281999045 1.59831145855 2.10177348517 1.33408147811 1.06940423293 -9999 -9999 -9999 -9999 1.78960729124 1.51883854547 0.522837034525 -9999 -9999 -9999 -9999 -9999
-9999 -9999 -9999 -9999 -9999 -9999 -9999 5.90505116989 4.74303618495 5.76504966446 5.37694257591 4.62299997205 3.53028677281 2.77834550133 2.41172180244 3.43421484382 3.11450996115 2.98692374073 2.73167755464 2.07522884358 1.57386125481 1.59324410954 1.53464308315 1.56091228002 1.40273881181 1.17404877469 1.14388995243 1.26159903345 1.33895941865 1.24142510012 1.30029956939 1.30552657492 1.42468710196 1.33748612847 1.67307823529 1.65115601468 1.66073669162 1.59109360631 1.64966646367 1.64380483853 1.25682047058 1.14426037799 1.23305993526 1.56571933179 1.38943969469 1.57702769735 1.76839812136 1.42494101125 1.37976671601 1.12271381924 0.953509774674 0.681431040997 -9999 -9999 -9999 -9999
-9999 -9999 -9999 -9999 -9999 -9999 -9999 -9999 4.38424772215 4.042418027 4.51649887213 5.26815982125 4.30941037293 4.86510730601 4.05768514838 3.58673310431 2.36697320552 2.38663362875 1.77572361205 2.13748571942 2.93553472803 2.74486806115 1.95573367173 1.9623842082 1.8603172465 1.87408813619 1.06954043972 1.22908948337 1.00197743269 0.719768056674 1.06018943453 1.05321688263 1.15232207097 1.01054307062 1.2442559657 1.42261975156 1.47577840147 1.57494987576 1.40643892523 1.386953031 1.34503491595 1.28167209977 1.42278741962 1.25733766556 1.23966502187 1.08999729819 1.25863167205 1.06011656386 0.968735346948 0.851814234355 0.809292055438 0.874391137457 0.706830485258 -9999 -9999 -9999
-9999 -9999 -9999 -9999 -9999 -9999 -9999 -9999 5.91781818032 4.88852905431 4.01336823932 4.057532664 3.63094079467 3.58778049406 2.73499785318 2.63245770705 2.28146913254 2.53187591631 2.14176581844 2.42312552685 2.68489863537 2.64424226194 2.76817282309 3.73307331871 2.73439686889 1.61332921632 2.126910911 1.4286989385 1.03224558101 0.809491930866 0.780284142332 0.905719486901 0.828113787076 0.926646223152 1.31639271319 0.851524721383 1.67331936064 1.48688123318 1.40132645832 1.35932762434 1.33803974907 1.14177455107 1.28927406451 1.28404594876 1.09561857978 1.07799308293 1.23640856353 1.10042260578 0.978489915889 0.883895956508 0.855513821023 0.862643334282 0.900720981809 1.12962874464 0.895393275202 1.00972905403
-9999 -9999 -9999 -9999 -9999 -9999 -9999 -9999 -9999 6.6891400587 5.24982260936 3.80464750767 3.73862179707 3.89432699171 3.2923163869 3.34461709365 3.73170104676 4.08884134868 4.00416472706 4.0296970062 3.52642878487 2.41503890953 2.39563036389 5.93218095169 4.17672304665 3.106919643 1.813911825 1.52483623711 0.779969995341 1.04864918291 1.01201015489 1.03369106712 1.00785716034 0.761808319941 0.948097744917 1.09700786016 1.38100205934 1.25562975911 1.16113958534 1.18340718288 1.13153330566 1.132630235 1.02737104808 1.61929891256 1.14918805052 0.873614441407 0.758770693086 0.736508378078 0.645153355564 0.631384995515 0.663244014111 0.624843662325 0.723346404256 0.884717183076 1.01007062042 0.769854109103
-9999 -9999 -9999 -9999 -9999 -9999 -9999 -9999 -9999 -9999 4.38745343402 4.42288391677 3.57609218227 3.77187352816 2.91402194076 2.55391958957 2.295945385 3.36217559759 2.54551579082 1.97222596069 1.76680949241 1.68367326457 1.31181151747 1.87315894941 2.44309878934 3.06946252418 2.53444593643 1.86709375346 1.17894260625 1.01892380162 1.01887031188 1.02833985512 1.21094375291 0.977511362964 1.35751488039 1.2228897412 1.32471073172 1.25754454252 1.17739590528 1.18965487727 1.2304724941 1.2093474215 0.943226227597 1.25689629048 1.88952855553 1.74576035705 1.4423394624 0.904593868162 0.799872208485 0.761262908117 0.834645711301 0.784072327331 0.635920525598 0.843238500885 0.772699184983 0.791185287009
-9999 -9999 -9999 -9999 -9999 -9999 -9999 -9999 -9999 -9999 -9999 3.20521641859 2.55334827162 3.37177471522 2.91606227238 2.37900581048 2.33599676727 2.28277652124 1.81028048884 2.10259243378 2.36229486793 2.29082897866 1.55573385488 1.091387151 1.06002631226 1.09292236623 1.73109137787 3.09620516708 2.58326727941 0.665984826966 0.747322141952 0.93469572488 0.956659433264 1.03453262702 0.963725057394 0.826794961014 1.0924141915 1.07885240959 1.13479061698 1.13345319004 1.2323457175 1.05327622804 1.09687943955 0.883757768597 0.963274436015 0.874170440262 1.05812329396 1.40864143968 0.892850657634 0.777182128846 0.666378359404 0.88808228403 0.930272560546 0.780576216724 0.626184330718 0.641605990565
-9999 -9999 -9999 -9999 -9999 -9999 -9999 -9999 -9999 -9999 -9999 2.35128858212 2.76175481319 2.81298700364 3.00736764717 2.55527285395 1.81971291757 1.67311217462 2.07344639863 2.11347475304 2.03845981254 2.47938987407 1.45322318845 1.28810941859 1.30564854968 1.693673166 1.39396456164 1.9555354488 1.74299583785 1.27558391653 2.28989076025 2.17460605785 1.02418558501 1.21174685884 0.926188682994 0.885119092508 1.08471861185 1.11741832846 1.08325733291 1.08682748465 1.28591620567 1.33654703635 0.977896611868 1.01024368141 0.943162334118 1.29587935522 1.99929744241 2.44032735031 2.18337487489 1.2463471694 1.47975051965 1.30048175526 0.796271638764 0.967824742809 0.934581719273 0.766708940428
-9999 -9999 -9999 -9999 -9999 -9999 -9999 -9999 -9999 -9999 -9999 5.06486845803 4.25443199435 3.86892840597 2.40145035424 2.6003043143 1.82147828916 1.29765959279 1.44431465851 1.71517321809 1.71578052431 1.78309855207 1.45804624173 1.07624206025 1.05903877751 1.05957608163 0.993477863795 0.954869066024 1.04909181168 0.973155008359 1.19060047221 2.28794799035 3.24742974808 3.0483448825 1.07874456194 0.654763479872 1.05812712769 0.732259353726 0.869632384577 0.71170643283 0.801983008896 1.15686814736 1.35283836548 1.60888947083 1.80214634076 2.23931007836 1.75123742514 1.47137234508 1.48194518764 1.54193833144 1.1747386146 1.40773847339 1.52503513595 1.74170637956 1.3112270535 0.853193335204
-9999 -9999 -9999 -9999 -9999 -9999 -9999 -9999 -9999 -9999 -9999 -9999 2.97442859247 3.59709159723 3.16030462149 2.69761230825 2.13289433688 1.7513293192 1.36818620743 1.8498449215 1.8110860782 1.63957585927 1.56006488503 1.55436164953 1.17096308662 1.21904562915 1.02779194562 1.09406593568 1.01655499147 0.930963147712 0.941723572258 1.02418630402 0.85365344412 0.98940264314 1.44188388449 0.239448826824 1.1892661382 0.790358082058 0.912365042272 1.06872639339 1.24104061145 1.15664491413 1.80906909272 2.18867134046 2.33596900289 2.25248133994 1.63873878927 1.50493428087 0.989803825179 1.24384617615 1.12520657661 0.806242051017 0.62457077207 0.624094028629 0.589269755225 0.545278439251
-9999 -9999 -9999 -9999 -9999 -9999 -9999 -9999 -9999 -9999 -9999 4.23077424977 3.95178581414 4.41425069997 4.26313122745 2.98048179263 2.25870128516 2.34182944751 1.68707876243 1.94165810529 1.41325558368 1.37050096697 1.16958594865 1.22411862938 1.23578138516 1.20019680596 0.989958425293 0.906343366836 0.934105855721 0.876124059853 0.804745776841 0.863162501102 0.79126046232 0.774923215217 0.881608426745 1.1788724246 1.33817945999 0.538000995835 0.482291104626 0.879541512114 1.10152409661 0.981086700383 1.78566069927 2.26877166878 2.93447444838 2.90768267447 2.20452613182 2.28263475076 1.60969653405 1.61510259115 1.00768698866 0.513774575761 0.429823096744 0.436988211825 0.393089896591 0.475714189243
-9999 -9999 -9999 -9999 -9999 -9999 -9999 -9999 -9999 -9999 -9999 4.54171081857 5.46486281525 5.16996912521 3.46481834183 2.73927527118 2.76269177739 2.56255128138 1.93541870188 2.04600198554 1.83498602533 1.79683901749 1.33612632778 1.37489624977 1.34938019382 1.3685743567 0.847934189412 1.0633098288 1.08912019028 1.61244500145 1.38362344199 0.897608888209 0.765483435893 0.776136698945 0.84006842432 0.640224971967 0.74788983071 1.34726167153 0.689586681858 0.962083440478 0.91473095923 1.06752614443 1.35785161187 1.43795519744 1.48584497571 1.37445056797 1.65902886953 1.74514034613 1.46833023002 1.54846852433 0.925549498654 1.0346114046 0.851847006775 0.761706299237 0.700935972919 0.602138089169
-9999 -9999 -9999 -9999 -9999 -9999 -9999 -9999 -9999 -9999 -9999 6.18250509043 5.88709269376 4.83501806915 4.66720320399 4.49411037818 2.610372275 2.79631588677 2.57186972627 2.77227276489 1.50012538989 1.16412810395 2.18865230582 2.67609556225 1.92471646535 1.9179630965 1.98090896157 1.54620026789 1.04367616333 0.843623865709 0.869633598299 1.46075801754 1.51595480463 1.34779855248 0.963731063818 0.508032992473 0.296676039387 0.172817148696 0.63727486633 0.544612481403 1.13973515937 1.25088994331 1.07901623624 0.803189850556 0.772378641723 0.786322727648 1.05780937549 1.09634311466 0.99532948845 0.906198720615 0.688648958894 0.641822734259 0.462089608318 0.427287263707 0.399636281738 0.530939929479
-9999 -9999 -9999 -9999 -9999 -9999 -9999 -9999 -9999 -9999 -9999 -9999 6.1607445018 5.68000258767 4.34524051837 3.87759839332 3.03242142053 3.19384416398 2.50621084101 2.80808155447 2.34669972839 2.92092434528 1.98574058482 1.73248351802 1.69769972867 1.64990628986 1.23459379122 1.37148353306 1.17482269759 0.920663240109 0.696702657118 0.704225158893 0.710449268417 0.816031320371 0.828484645665 0.690911147126 0.426858632645 0.263662313289 0.855576568881 1.07359767427 1.08209756355 0.922630224641 1.01648095426 0.838682722891 0.854681197031 0.842591463072 0.851559385779 0.977700597041 0.850052882133 0.858305280203 0.707940803981 0.301050151413 0.304484114594 0.665126151777 0.503449487785 0.481011836584
-9999 -9999 -9999 -9999 -9999 -9999 -9999 -9999 -9999 -9999 -9999 -9999 7.30130064684 5.6944465929 4.62915300662 3.81250667756 2.81330257525 3.19139586586 2.89821746137 2.47178997765 2.55506196442 2.26745745975 2.09233351198 3.07530528953 2.21430625303 2.572877294 2.77272668389 2.39093363507 1.75894327921 2.46621305299 1.79684905353 1.94842566069 1.85690086639 1.77572205481 1.16166998091 0.701479217762 0.437675112493 0.880982434775 1.61113236879 1.20592863721 1.25899463744 0.852561008538 0.731640254629 0.717259667049 0.74878326489 0.767442575186 0.692656366639 0.708854783025 0.611507751508 0.655673471427 0.616591151249 0.456129207341 0.477032802119 0.320997419262 0.265941853964 0.412797193426
