data/recharge/transience/oldversion/mHM_recahrge_109.ASC
ncols   80
nrows    72
xllcorner    4374000.0
yllcorner    5656000.0
cellsize      500
NODATA_value  -9999
[rows 0 to 25 of 72, columns 0 to 56 of 80]
-9999 -9999 -9999 -9999 -9999 -9999 -9999 -9999 -9999 -9999 -9999 -9999 31.3171433238 32.0687646176 -9999 -9999 -9999 -9999 -9999 -9999 -9999 -9999 -9999 -9999 -9999 -9999 -9999 -9999 -9999 -9999 -9999 -9999 -9999 -9999 -9999 -9999 -9999 -9999 -9999 -9999 -9999 -9999 -9999 -9999 -9999 -9999 -9999 -9999 -9999 -9999 -9999 -9999 -9999 -9999 -9999 -9999 -9999
-9999 -9999 -9999 -9999 -9999 -9999 -9999 -9999 -9999 -9999 -9999 -9999 27.5649222442 26.6886828999 26.2263115226 -9999 25.5901566952 -9999 -9999 -9999 -9999 -9999 -9999 -9999 -9999 -9999 -9999 -9999 -9999 -9999 -9999 -9999 -9999 -9999 -9999 -9999 -9999 -9999 -9999 -9999 -9999 -9999 -9999 -9999 -9999 -9999 -9999 -9999 -9999 -9999 -9999 -9999 -9999 -9999 -9999 -9999 -9999
-9999 -9999 -9999 -9999 -9999 -9999 -9999 -9999 -9999 -9999 25.2548244086 25.4198513179 26.8182609181 26.6065005764 23.8399535377 23.2627032939 22.3051752719 22.3892610193 -9999 -9999 -9999 -9999 -9999 -9999 -9999 -9999 -9999 -9999 -9999 -9999 -9999 -9999 -9999 -9999 -9999 -9999 -9999 -9999 -9999 -9999 -9999 -9999 -9999 -9999 -9999 -9999 -9999 -9999 -9999 -9999 -9999 -9999 -9999 -9999 -9999 -9999 -9999
-9999 -9999 -9999 -9999 -9999 -9999 -9999 -9999 -9999 25.6878058554 25.4752832312 24.9542126033 25.6698988557 25.9981929639 23.9118893733 23.9488234071 22.8722341243 24.5838253864 -9999 25.3834498732 -9999 -9999 -9999 -9999 25.0437021731 25.9545792784 -9999 -9999 -9999 -9999 -9999 -9999 -9999 -9999 -9999 -9999 -9999 -9999 -9999 -9999 -9999 -9999 -9999 -9999 -9999 -9999 -9999 -9999 -9999 -9999 -9999 -9999 -9999 -9999 -9999 -9999 -9999
-9999 -9999 -9999 -9999 -9999 -9999 -9999 -9999 27.309774184 26.4828330976 24.6584086424 24.5131809303 23.5297301015 23.1211405234 22.5708022743 22.3553712085 21.8058727777 21.8387574183 22.8086528461 23.35087506 22.8172476733 23.1857419044 -9999 23.7222109075 26.1148828167 26.4029670854 -9999 -9999 -9999 -9999 -9999 -9999 -9999 -9999 -9999 -9999 -9999 -9999 -9999 -9999 -9999 -9999 -9999 -9999 -9999 -9999 -9999 -9999 -9999 -9999 -9999 -9999 -9999 -9999 -9999 -9999 -9999
-9999 -9999 -9999 -9999 -9999 -9999 27.0378842871 26.7384814399 25.6171091547 25.8753830451 25.4348550527 25.4930871954 24.1063463345 23.8407755409 22.511605138 22.9197510573 22.0502407101 21.6596763638 23.0754944683 23.1657412346 22.6097680582 22.9200548867 23.5324150394 23.7879525928 25.6660011293 25.524172754 26.8779371533 -9999 -9999 -9999 -9999 -9999 -9999 -9999 -9999 -9999 -9999 -9999 -9999 -9999 -9999 -9999 -9999 -9999 -9999 -9999 -9999 -9999 -9999 -9999 -9999 -9999 -9999 -9999 -9999 -9999 -9999
-9999 -9999 -9999 -9999 -9999 -9999 27.0963924781 27.1171969813 24.2869522653 24.0441471953 23.5440530108 23.4645669848 22.3059424234 22.2157617666 20.8138924195 19.9212968693 19.6382428735 17.2290106019 20.1622031764 20.152025894 20.7330761821 21.5572367437 22.5215447763 22.6717583364 23.8893567975 23.4845343892 26.4044706965 26.8245713296 27.2208197408 26.9835371651 27.5825239903 27.7167500248 -9999 -9999 -9999 -9999 -9999 -9999 -9999 -9999 -9999 -9999 -9999 -9999 -9999 -9999 -9999 -9999 -9999 -9999 -9999 -9999 -9999 -9999 -9999 -9999 -9999
-9999 -9999 -9999 -9999 -9999 27.9099325631 27.225551842 27.1557100462 25.5701748383 25.8098199012 25.1326296913 24.5467010765 22.327966517 22.2688090171 21.4557653377 21.1936070816 17.0438057888 9.88578131062 17.5116879116 20.2425114672 20.779145189 20.5748041321 22.1898104826 22.3540293461 24.023342986 24.2779037093 26.1013275813 26.2009830661 26.7688946816 26.7098808837 26.4431436721 26.9104727352 26.3205965182 26.1642835429 -9999 -9999 -9999 -9999 -9999 -9999 -9999 -9999 -9999 -9999 -9999 -9999 -9999 -9999 -9999 -9999 -9999 -9999 -9999 -9999 -9999 -9999 -9999
-9999 -9999 -9999 -9999 -9999 27.9718751624 27.2726140051 27.3424364283 25.2898835113 24.9058659187 24.3656623807 24.6621355095 17.9652901735 14.916361081 23.2211531808 23.8009413329 19.1580996813 8.27505347484 14.3187004761 17.7941178276 19.223831781 19.5042883267 21.4528115445 21.2622699475 21.7901142393 21.6525415696 23.6702850294 23.2174897293 24.2145935697 23.2092601459 22.7483335867 23.814289397 25.1103927641 24.9519285622 25.8229660356 25.3485617706 -9999 -9999 -9999 -9999 25.7333920162 25.5033042554 -9999 -9999 -9999 -9999 -9999 -9999 -9999 -9999 -9999 -9999 -9999 -9999 -9999 -9999 -9999
-9999 -9999 -9999 -9999 -9999 27.7614508262 27.2909970241 27.4686015922 25.4892597347 25.8426566274 25.0600950196 24.838330308 23.2141012099 23.4310341158 23.6407825087 23.1607827185 21.2359954919 22.2099277487 21.0473720834 21.4573298136 20.1211116939 19.2985503648 20.4228143722 20.1837696299 21.7131543005 21.6633395597 23.3620933721 22.7212356711 24.7207017735 22.6219642922 16.9511591207 21.2272897332 24.9079304152 25.3646411742 25.3916820492 25.3995559208 25.5059811572 -9999 -9999 26.4509985141 26.1593336711 26.0741327267 26.9499022305 -9999 -9999 -9999 -9999 -9999 -9999 -9999 -9999 -9999 -9999 -9999 -9999 -9999 -9999
-9999 -9999 -9999 -9999 -9999 -9999 27.8569270724 28.1123216823 27.2017952019 27.2072383643 25.1075048404 25.4852379038 25.474587522 26.10127391 23.183787765 22.7612194595 21.8312856469 21.6770299962 20.39737789 19.9946710931 19.5083637108 19.737650234 19.7384895928 20.2511569999 20.5259573869 19.8679368796 19.7490337117 20.1313002568 21.7736879581 21.5332942091 20.8241632327 21.9527525573 22.9272506004 22.70783239 23.5267928168 23.6670392441 25.0972117251 24.2770142376 25.2150081887 24.987242744 24.9406442517 25.8719485187 25.1719991652 24.0241663991 -9999 -9999 -9999 -9999 26.323497143 25.6716142366 7.62399952875 -9999 -9999 -9999 -9999 -9999 -9999
-9999 -9999 -9999 -9999 -9999 -9999 -9999 28.2745972021 27.0210010734 27.2504650807 25.9919543365 25.6316817894 24.9961567324 24.1165289551 22.5830567451 23.6347691239 22.716044023 22.3575011338 21.6224745849 20.7228368942 19.1204807045 19.1331194303 19.4150102868 19.5271554975 20.0582246004 19.4176997354 19.6779592367 20.4597616529 21.5523956615 21.5799288516 22.115987084 21.9868580822 22.9782758327 22.7952217197 23.7988140133 23.8530822782 24.6546679209 24.8572784259 25.2064878718 25.091248889 25.0646478042 24.7219077935 19.8836502992 15.9166187107 14.3606152777 15.5275549013 16.290172009 14.9638700605 14.6385427639 21.4517420581 23.3190279464 20.5937202037 -9999 -9999 -9999 -9999 -9999
-9999 -9999 -9999 -9999 -9999 -9999 -9999 -9999 26.65522477 26.5245899618 26.1059894409 26.4863855624 25.4266209194 25.8773886264 24.5880309742 24.3787583535 22.0845555183 22.1412463806 19.8045680887 20.3913841937 22.1314721293 21.9466631683 17.3670693785 11.2451788511 10.6405044802 11.2741016573 16.1909814236 18.0368216316 18.4476596209 17.791072529 17.9784166069 18.4991644804 19.6817081383 19.3701754479 21.3418275026 21.113524477 22.7872149598 23.0467621533 23.3939108744 23.2850438569 23.4223151996 19.6703071456 13.5776105822 12.9080709424 12.5555638625 11.9167912479 13.1150121005 12.2700120095 11.6894953069 18.0776057412 20.9884429139 21.6339284508 19.6011558469 -9999 -9999 -9999 -9999
-9999 -9999 -9999 -9999 -9999 -9999 -9999 -9999 27.2097287364 26.9036784054 25.7399861671 25.800139511 24.5393627189 24.5139807835 23.6809026861 23.5232292417 22.3387688149 22.702519075 20.4053380981 20.8098257052 22.212768212 21.8479108647 17.6621688886 15.8187083486 13.3874423772 9.79116135494 12.4397954702 17.5340959686 18.6274531561 17.3383347157 18.0303719391 18.3887847803 19.1892850832 19.3119551125 20.9915862426 10.5818339748 23.2469560091 22.8640824898 23.3028209707 23.2301006366 23.1017482031 19.6848678701 13.0624646906 13.0173285032 11.9535071077 11.8728536044 13.0226578159 12.4443193762 13.1425454719 21.8225552317 21.1896728808 21.2268915464 19.8034413241 19.9657082458 18.1305411898 18.548495472 -9999
-9999 -9999 -9999 -9999 -9999 -9999 -9999 -9999 -9999 26.9997964945 26.0051780344 25.1258474828 24.2881721105 24.8954994572 23.8639674678 23.9047285395 24.0753242852 24.2726013224 24.6399550985 24.7202546394 24.4864642914 23.7078028923 22.174753942 22.2869386225 17.0713201077 15.594893293 11.455096205 9.1970350137 11.7160115861 16.2800023089 16.2803226969 16.6448961587 16.9393712844 16.3099809478 18.6204835582 17.4135973986 20.9826954454 20.6743647889 20.8900650068 20.9292760946 20.8851984495 21.02483717 11.601750314 12.4965198391 10.5004038925 9.73181132228 8.91948594014 9.36305237765 16.3383546594 17.5055108715 17.3884288586 17.1471276585 17.3518741878 17.6682363335 17.6234573085 10.5655626349 7.63936852404
-9999 -9999 -9999 -9999 -9999 -9999 -9999 -9999 -9999 -9999 25.9607437466 26.0223237163 24.1609687303 24.7689025717 23.4674416414 23.0235396876 23.3222532678 24.4075406905 24.1031739932 23.2442072796 22.92047125 22.6536783527 20.4164861528 19.2681178695 13.4206831745 16.1169799277 13.9998903865 11.2840087856 7.67541167324 11.385479884 16.6452776988 16.6629967888 17.7298148112 16.8607334242 19.2099993856 19.0844034058 20.8244800929 20.6711874143 20.9414053926 20.9768335358 21.1405636603 21.3164257612 18.2255224957 11.7539958268 12.6642990872 13.0167608703 10.9667484942 10.0927458902 18.0115858109 18.029289715 18.3269730582 18.022748612 16.9010912808 17.7933567597 16.6742887267 9.72062376656 7.57880026671
-9999 -9999 -9999 -9999 -9999 -9999 -9999 -9999 -9999 -9999 -9999 14.2591803676 17.4104559269 23.5436336381 22.1466316038 21.8107741605 22.6573779647 22.586017579 20.9674040696 21.2267215334 21.3067384332 21.3695614427 19.0822585815 18.2801173565 15.6536716011 8.40168293142 10.6354385646 13.4257445571 13.3702995405 13.8263882747 9.37009325447 14.9018947976 15.8298338058 15.8740679346 17.8263151102 17.0205055309 18.4188595756 18.3690511013 19.4030872713 19.4137491518 19.9748679326 19.3385388775 19.7620503483 14.9902932331 9.82450302358 9.28252177504 10.0858910969 10.7469632722 12.8735060708 16.8177648387 15.9232016213 16.6462434922 15.3340352849 15.1478372359 13.8384982917 13.6245119726 8.43757710481
-9999 -9999 -9999 -9999 -9999 -9999 -9999 -9999 -9999 -9999 -9999 13.2401453513 18.853165722 22.9050938641 22.2444244686 21.8413721256 21.669816682 21.2660914705 21.1829171221 21.2466302042 21.0024233407 21.6865191439 19.3139058196 18.9249596184 18.1405423076 18.2931565515 15.6705851256 12.6771709259 9.55116578559 13.6406443957 12.506128627 10.6775296207 6.51433166664 7.440535895 10.814963398 16.1498907859 18.3741736631 18.5092045436 19.2110855285 18.9836708862 18.7749863218 20.2714866702 19.2365241997 19.399456228 15.994426738 10.9053229768 12.0804298543 13.2886557567 12.2602936516 10.5304873786 11.0305161109 11.3029498778 9.64329030443 15.0238962335 15.1401543472 14.4451217968 13.8123768879
-9999 -9999 -9999 -9999 -9999 -9999 -9999 -9999 -9999 -9999 -9999 24.85970832 23.4705001372 23.1168632838 19.3534230217 19.880074433 18.7879843197 17.8906618473 17.6602884091 17.7214956611 18.0832016731 18.2139325013 16.7294043001 16.2877433391 15.4558358254 15.2982370175 15.3386676158 15.2110991187 15.8625943828 14.065347241 10.3048401804 12.0201175596 13.6778058412 13.3122040283 9.18341664019 4.23729897365 6.474050297 5.09503282175 16.3555007922 14.0904556479 12.7323031761 18.6385236546 19.7888474388 20.5249569279 21.5980429373 19.9768935181 11.944504827 11.2531546845 10.7523214885 10.7715993254 10.055613113 10.8622738591 11.3383546136 13.0847797719 15.5033209981 13.956174624 11.0710331388
-9999 -9999 -9999 -9999 -9999 -9999 -9999 -9999 -9999 -9999 -9999 -9999 21.7668890441 22.3775644326 20.2992619928 20.0891028375 18.6455000851 18.3816786049 17.4336198564 17.551021304 18.2843241285 17.9352819564 16.9852202866 16.9697235308 15.587315753 15.7201083342 15.4522528031 15.6399167397 15.6302805717 15.3609780023 15.8840334525 16.1431486277 15.1019577357 9.87703944629 11.3364311526 10.2862731241 8.32822177105 5.31186966724 6.89767449498 17.372773314 18.7356407344 18.5825204624 20.9793166135 21.6981265333 22.418498512 22.3562976469 15.588883071 11.3369372582 9.41331475944 10.0061711115 9.47849316789 8.64180954653 7.86067928558 7.9950307046 7.1558374854 10.3428486103 7.06464361276
-9999 -9999 -9999 -9999 -9999 -9999 -9999 -9999 -9999 -9999 -9999 22.7600473289 22.4393742826 23.3591814793 21.6642117383 13.7426670841 15.3483599056 17.0739845162 15.1494341711 15.3854391231 14.7944572954 14.70211967 14.0514157479 14.195967226 14.0241462587 13.9408765033 13.5645089074 13.4196178944 13.9296609347 13.7295766381 13.6864208293 13.8983956215 14.0498501806 13.9759153252 15.0052034764 6.94449457361 7.10866517364 3.83464959149 3.94653703917 14.5293241795 17.2928888892 16.7158256934 21.9189564564 22.9928617352 24.9853371758 24.8816356299 22.7229201594 16.0264547582 11.1774007789 11.3034199499 8.9189565456 6.84469884222 6.11786494236 6.15399009375 5.6869735413 6.14608020493 7.66618010047
-9999 -9999 -9999 -9999 -9999 -9999 -9999 -9999 -9999 -9999 -9999 23.0377841238 23.6065831405 23.9517984117 20.8542586663 16.8576977589 17.5341776065 17.6655567026 15.4070884213 15.511583631 13.949834397 14.1529456584 14.3551540545 14.5242452616 14.2761351779 14.070817894 10.5653219882 11.142755488 14.1534599238 15.5401367603 15.3243938281 14.0157572994 13.937523831 13.9800062292 14.8460008196 6.83248057952 4.80961251435 7.22910082471 4.53695951083 9.69009331664 16.5176632788 16.6373294664 21.2958266125 21.8451085828 23.215927727 22.8753922824 22.011921858 21.9515649864 17.6248438357 15.4615880069 8.81152607928 9.0044154136 7.9155147482 7.63552422724 7.10525694221 6.69209345007 5.38954491666
-9999 -9999 -9999 -9999 -9999 -9999 -9999 -9999 -9999 -9999 -9999 24.1753366767 24.5209439505 24.4052785822 22.7555367921 22.6167417762 18.5929085562 18.775288973 16.5397005164 16.2380448516 13.1955720934 7.07372874326 13.0472622224 11.5447770299 8.75889794 8.75543003305 10.440086667 11.51413108 11.5434155425 12.0443375661 12.5171061536 15.1542061302 15.2708672253 14.905526567 13.6224192989 4.5708296936 2.35044637152 1.66143769196 3.73933652589 5.46630176268 16.9709925895 16.8497899472 18.0762984071 17.4557114537 18.8459629591 18.7764865537 19.9114699355 19.9984214876 17.8233513739 17.4714622135 10.2929473165 6.63434311202 5.41413375393 5.30024602013 4.8630469254 5.29127664946 5.96567794242
-9999 -9999 -9999 -9999 -9999 -9999 -9999 -9999 -9999 -9999 -9999 -9999 24.7013937083 24.3800609307 21.9299547089 22.3108437838 19.104345344 19.1329229812 16.179729698 16.6956709237 15.988813453 16.0233830984 10.4696157569 8.35831624611 8.35450983827 8.26374744231 7.59383570822 7.87581951429 7.68789932384 7.08405994178 6.52596559446 10.2623452151 12.9635892246 13.3780438316 13.1560318847 4.16974637213 3.0786824776 2.01309535497 4.9659613588 7.68147398112 16.8429077595 16.1541481293 18.6869631748 17.0861480095 18.5599592437 18.6803005702 19.1399774597 19.5061455253 17.2066236151 17.1548035645 14.9711890863 8.79962343084 7.90895723563 8.2259137646 5.16914777145 5.54590918405 5.23120325239
-9999 -9999 -9999 -9999 -9999 -9999 -9999 -9999 -9999 -9999 -9999 -9999 25.5682502688 24.8538829869 23.0760971804 22.1369817342 19.5114792222 20.0362559802 18.0165260105 17.9794456864 16.2538198579 15.7113904231 12.6615009499 10.5245706479 9.39045238495 10.0311278456 10.6236276077 10.0594205618 8.88161626561 10.1871474747 8.82736391933 9.33191733354 14.7927781825 15.7328868238 8.45787376618 4.44031111213 2.91221911216 5.0940939165 8.09177999529 7.13662954404 14.1782134817 15.0132909011 14.6683136885 14.5583967984 14.6738046366 14.7910011627 14.7842830163 15.0970812876 13.813391544 14.1756050008 12.8261214718 11.7719465953 9.71840393113 3.61086378215 2.52381128595 3.14300690618 2.58978427666
-9999 -9999 -9999 -9999 -9999 -9999 -9999 -9999 -9999 -9999 -9999 -9999 25.6773041499 25.3887228215 22.3274783595 22.6224053738 19.7994642077 20.0968993704 18.0695423391 18.4638695942 16.6944266407 15.9435371593 15.1079240381 9.80095580898 10.7067871174 11.3801562515 10.4084258345 10.3180233817 9.09741374553 8.40268711044 7.68632176104 7.32470393634 10.4585650985 12.238550849 3.60274084583 10.3861837432 9.81095918501 5.49164098115 4.25890580006 5.71729082897 5.58332592353 6.27876133134 11.975215513 14.7659212439 14.9252651036 15.0567558421 15.2782898316 15.2501733476 14.5067238924 14.9722412976 13.2476633847 7.89949074815 3.32990675792 2.73404482143 2.61575707964 2.75441909132 2.60895765399
