data/recharge/transience/oldversion/mHM_recahrge_180.ASC
ncols   80
nrows    72
xllcorner    4374000.0
yllcorner    5656000.0
cellsize      500
NODATA_value  -9999
[rows 0 to 25 of 72, columns 0 to 56 of 80]
-9999 -9999 -9999 -9999 -9999 -9999 -9999 -9999 -9999 -9999 -9999 -9999 8.65951173055 9.12591111269 -9999 -9999 -9999 -9999 -9999 -9999 -9999 -9999 -9999 -9999 -9999 -9999 -9999 -9999 -9999 -9999 -9999 -9999 -9999 -9999 -9999 -9999 -9999 -9999 -9999 -9999 -9999 -9999 -9999 -9999 -9999 -9999 -9999 -9999 -9999 -9999 -9999 -9999 -9999 -9999 -9999 -9999 -9999
-9999 -9999 -9999 -9999 -9999 -9999 -9999 -9999 -9999 -9999 -9999 -9999 8.22582231293 7.49694492402 7.01485811782 -9999 7.52605973692 -9999 -9999 -9999 -9999 -9999 -9999 -9999 -9999 -9999 -9999 -9999 -9999 -9999 -9999 -9999 -9999 -9999 -9999 -9999 -9999 -9999 -9999 -9999 -9999 -9999 -9999 -9999 -9999 -9999 -9999 -9999 -9999 -9999 -9999 -9999 -9999 -9999 -9999 -9999 -9999
-9999 -9999 -9999 -9999 -9999 -9999 -9999 -9999 -9999 -9999 6.49295490671 6.99860264284 7.58524416268 7.74230108237 6.55669614961 5.01135246167 4.76877442708 4.61297264743 -9999 -9999 -9999 -9999 -9999 -9999 -9999 -9999 -9999 -9999 -9999 -9999 -9999 -9999 -9999 -9999 -9999 -9999 -9999 -9999 -9999 -9999 -9999 -9999 -9999 -9999 -9999 -9999 -9999 -9999 -9999 -9999 -9999 -9999 -9999 -9999 -9999 -9999 -9999
-9999 -9999 -9999 -9999 -9999 -9999 -9999 -9999 -9999 6.89794782385 6.97908746219 6.43571042602 6.88493363724 7.13248985272 6.34558191415 6.33030842466 5.05839477537 7.21672698029 -9999 6.78312966016 -9999 -9999 -9999 -9999 4.66605577185 4.95425242242 -9999 -9999 -9999 -9999 -9999 -9999 -9999 -9999 -9999 -9999 -9999 -9999 -9999 -9999 -9999 -9999 -9999 -9999 -9999 -9999 -9999 -9999 -9999 -9999 -9999 -9999 -9999 -9999 -9999 -9999 -9999
-9999 -9999 -9999 -9999 -9999 -9999 -9999 -9999 8.37542992596 7.66662951053 6.8389094397 6.63244729565 7.11789891526 6.78402016975 6.95299060977 6.74458956407 5.07536015091 4.87057836211 4.87028035783 6.71852141276 6.83763894581 7.06085195504 -9999 5.00813895642 5.16276885776 5.13984516175 -9999 -9999 -9999 -9999 -9999 -9999 -9999 -9999 -9999 -9999 -9999 -9999 -9999 -9999 -9999 -9999 -9999 -9999 -9999 -9999 -9999 -9999 -9999 -9999 -9999 -9999 -9999 -9999 -9999 -9999 -9999
-9999 -9999 -9999 -9999 -9999 -9999 6.45190558055 6.57887387792 6.90657134876 7.13918119512 7.48199076359 7.50173167742 7.51985055704 7.3143172827 6.88466887368 7.1772598652 6.210609029 5.70628034686 6.52206040627 6.67050359935 6.71812826512 6.94843066795 5.70956086158 5.01912547115 4.6852100629 4.54713676781 4.90814765507 -9999 -9999 -9999 -9999 -9999 -9999 -9999 -9999 -9999 -9999 -9999 -9999 -9999 -9999 -9999 -9999 -9999 -9999 -9999 -9999 -9999 -9999 -9999 -9999 -9999 -9999 -9999 -9999 -9999 -9999
-9999 -9999 -9999 -9999 -9999 -9999 6.90716604699 7.20064128651 6.48499441447 6.32177042141 7.12272631052 6.8708347881 6.91669790568 7.0409800647 6.93916680981 6.26698208797 6.29944922363 6.12143791664 6.30087934424 6.03493873363 6.28155401642 6.82233037567 6.65882760822 6.22489896291 4.87936878303 4.65121942845 5.03214486597 6.82060565641 6.42379039933 6.18286821374 7.11253636258 7.05735992188 -9999 -9999 -9999 -9999 -9999 -9999 -9999 -9999 -9999 -9999 -9999 -9999 -9999 -9999 -9999 -9999 -9999 -9999 -9999 -9999 -9999 -9999 -9999 -9999 -9999
-9999 -9999 -9999 -9999 -9999 7.30615856125 7.14318925924 7.23921739472 7.48072144592 7.83441534198 8.36047662034 7.91752071544 7.02479655666 7.21379675988 7.27871913137 7.04027883077 6.35148046408 3.90192325944 5.86104326515 6.10509477186 6.30163161782 6.15621565418 6.43251298932 6.56757881533 5.41952573897 5.48298825747 4.70946591056 5.90480285993 6.25449701714 6.15543618592 6.17247477228 6.38503426955 6.06346504729 5.90969720424 -9999 -9999 -9999 -9999 -9999 -9999 -9999 -9999 -9999 -9999 -9999 -9999 -9999 -9999 -9999 -9999 -9999 -9999 -9999 -9999 -9999 -9999 -9999
-9999 -9999 -9999 -9999 -9999 7.3069733188 7.39901723071 7.43138826579 7.02791271794 6.68193549595 7.57542563687 7.79466498922 6.57252208464 5.8672773233 7.53244077229 8.13609201931 6.97824505524 3.77509010358 5.88528378728 6.35926509295 6.51586282618 6.684032394 6.87443163163 6.73906546937 6.36418228694 6.22453099305 4.83261499841 4.85730581868 5.88229255695 5.67575135673 5.64364111144 5.65110113666 5.83439638088 5.65972752031 6.26864570909 5.61046002609 -9999 -9999 -9999 -9999 5.05449380169 5.38994370909 -9999 -9999 -9999 -9999 -9999 -9999 -9999 -9999 -9999 -9999 -9999 -9999 -9999 -9999 -9999
-9999 -9999 -9999 -9999 -9999 6.94143680288 7.09334279782 7.78702410077 7.25137670457 7.5301786799 8.06620855116 7.89905954192 7.51316145101 7.90370505212 7.83732599599 7.65897125813 7.1539945365 7.73778287159 7.23195290767 7.44740686984 7.01423293675 6.5482847848 6.18276370376 6.02173809025 6.34591205946 5.93443971528 4.82627306827 4.29630344038 5.97672180594 5.57135201595 5.21830220527 5.6783506327 5.78424923045 6.14971317034 5.61396537158 5.76577195088 5.67013432549 -9999 -9999 5.58477975674 5.78259607829 5.64773354175 6.36560221451 -9999 -9999 -9999 -9999 -9999 -9999 -9999 -9999 -9999 -9999 -9999 -9999 -9999 -9999
-9999 -9999 -9999 -9999 -9999 -9999 7.93678094317 8.97184386142 7.48092310745 7.24516632167 6.76968981262 7.16956897768 8.2482157139 8.27902267172 7.37746327142 7.01171489162 7.30481982655 7.20891936386 6.75116375407 6.45621608082 6.8379485113 6.95885087689 6.76080047275 7.03054234583 6.6204656662 6.15409688954 4.38275226028 4.13577286106 5.85829913808 5.96462227488 6.11157218937 6.36541005281 6.18826128021 5.78184002761 4.8414942005 5.32368210998 5.38334995064 3.91021629317 5.33003648696 5.2320107017 5.17012480571 5.72380594823 4.90332132358 3.52097107024 -9999 -9999 -9999 -9999 4.36566236188 4.06954085457 2.29225780764 -9999 -9999 -9999 -9999 -9999 -9999
-9999 -9999 -9999 -9999 -9999 -9999 -9999 8.44268556584 7.06345121089 7.66378741913 7.65112224053 7.20200919444 7.90055077993 7.3053094998 7.0358392407 7.84090943074 7.97533272426 7.4965420395 7.37088751851 6.87987684872 6.62684476843 6.64296201924 6.58406777385 6.62672910096 6.30739759135 5.92808991147 4.39004899201 6.1126152858 5.8813053371 6.06769840283 6.42470501781 6.46209431287 6.24524827662 6.26031587678 5.40937788925 5.38222842129 4.69266612318 4.96306535806 5.25928336946 5.25156156648 5.34162843324 4.75365132411 3.03549148784 2.88261074235 2.69245895922 3.28796927355 3.03401169465 2.65153168533 2.59551256408 3.09823202951 4.70554266553 4.93228932616 -9999 -9999 -9999 -9999 -9999
-9999 -9999 -9999 -9999 -9999 -9999 -9999 -9999 6.7115983025 6.46530700661 7.00423879118 7.46801844673 8.30904147799 8.6507616456 7.51355550279 7.48546045284 6.88420901313 6.90761755478 6.42053394711 6.78485432107 7.35500913926 7.24144191832 5.4553227839 4.74667585979 4.80406746103 4.78998321883 4.66431141072 6.26772851761 5.96973175597 5.14975052353 5.21936604609 5.58977490756 5.91044375553 5.29712087691 6.09326741283 6.01218673238 5.97062267595 6.12425963656 4.92504126425 4.66796668782 3.66266430426 2.96263661331 3.02559784697 2.79970200091 2.76257764378 2.55303454681 2.35247762106 2.11698773757 2.00433778348 2.52310242877 3.46030368895 3.98334572643 4.52717328567 -9999 -9999 -9999 -9999
-9999 -9999 -9999 -9999 -9999 -9999 -9999 -9999 7.59863145854 7.00395034684 6.67120869265 6.70152250218 7.53826231588 7.51233055627 7.02043826845 6.92586359192 7.11180125559 7.33218468471 6.79184279629 7.00813692052 7.50603274812 7.1860845845 6.14566830276 6.83076559407 6.09077268204 4.50414185592 5.19123656379 5.40947405653 5.03415265553 3.87472458782 5.44036876548 5.51985772792 5.35274608425 5.24926298033 5.89509703389 3.9017571383 6.26597901829 5.99244232833 4.91760201648 4.86058723552 4.80206141741 3.52653233629 2.84249843279 2.83685672059 2.56038747504 2.5353202937 2.32647191334 2.16554769657 2.13243029213 3.03265170105 3.5490869269 3.56257920052 4.69777296042 4.6748527508 4.64709364146 4.84068179892 -9999
-9999 -9999 -9999 -9999 -9999 -9999 -9999 -9999 -9999 7.91868647591 7.36389554367 6.43075163565 7.52314366523 8.10120651241 7.83489047791 7.887617081 8.2221348541 8.33923115362 8.38209874297 8.43457096137 8.15715660373 7.44406598391 6.89457493205 7.99179240719 7.45353029633 6.48889051687 5.40863116284 4.48617620476 3.33598415632 5.63585783381 5.36911297522 5.54722226786 5.20990863814 4.31817928367 5.9683514287 6.08385976969 5.93057783761 5.72725193606 5.45366302463 5.49098752245 5.33221237802 5.18831168606 2.37715136349 2.96566408257 2.40655103652 2.17508588666 2.10732086568 2.13799929801 2.85075059458 3.02792411674 3.10042384372 3.01498746073 4.64917854149 4.83616187238 5.00975371336 3.12570238919 2.53174203495
-9999 -9999 -9999 -9999 -9999 -9999 -9999 -9999 -9999 -9999 7.3440517401 7.30075089642 7.42336559702 7.93381106996 7.55383966492 7.2528901177 6.62464743474 7.95314885405 6.93901031099 5.86347043521 5.84249213829 5.13192589847 5.383615647 5.39806681798 5.91888399799 5.92143367837 4.85967401112 5.43406992921 4.18637200877 3.78588266419 6.07398347002 6.09339723386 6.36439716924 5.51020842096 5.93146077778 6.07076127608 5.84020147521 5.73024084275 5.48146444736 5.50220141329 5.49704587973 5.74118175535 4.77070226692 3.67154252794 4.09630180348 3.37593106577 3.09903186862 2.29594883351 3.51473809477 3.49225580264 3.43346553758 3.33435199889 3.97449560801 5.03018163941 4.56590233707 2.9740448611 2.50350195652
-9999 -9999 -9999 -9999 -9999 -9999 -9999 -9999 -9999 -9999 -9999 5.58910685151 6.59379954771 7.54611467102 7.44516187104 6.97630559962 5.2538079458 5.19522291275 5.07160811132 6.09712039686 6.5840361255 6.4587456492 4.5073922027 3.85897520736 3.37784177306 2.56497777966 3.58704179778 5.70428468466 6.5596914925 7.10437727434 5.35219746748 5.79345890957 6.58253668801 6.3550201714 5.88418945455 5.34868155446 5.80425572631 5.77723124453 5.70794032795 5.70601858341 6.12482725134 5.82827963921 5.79394152555 4.21407658081 2.99322726764 2.27844317743 3.35806145691 3.74063509731 3.97131633814 4.23711660855 3.436467105 4.12031695688 4.48096342629 4.74919328577 4.49709146794 4.43287374925 2.8548179941
-9999 -9999 -9999 -9999 -9999 -9999 -9999 -9999 -9999 -9999 -9999 5.26862815652 7.10406524487 7.10758026039 7.44669269256 6.46776162716 4.65750871208 4.92932857486 6.47622032349 6.52158574094 6.57349932335 6.9956757795 5.89537088366 4.17811864517 6.00110895256 5.92960199972 4.23656920345 5.14769717433 5.16487204681 7.23888904367 7.12110486911 6.0381208778 3.15980323695 4.35938023314 3.135820679 4.77595997329 5.78832209442 5.85352581233 5.61045473948 5.63906192505 6.19040673399 6.4425970081 5.57352381275 5.61679618969 4.47659965169 3.23603436592 4.13075565085 4.97333327669 4.72186567302 3.65051457521 3.95979563876 4.22361830602 3.63790073861 4.91266152501 5.17016145452 4.8085541827 4.51403285226
-9999 -9999 -9999 -9999 -9999 -9999 -9999 -9999 -9999 -9999 -9999 7.10978073973 8.00163323828 7.79293536767 6.55544401282 6.41964385976 4.56758854099 4.64446168119 6.31144815965 6.47010564433 6.24348652436 6.33108993114 4.83276712812 3.83104297876 5.71743471286 5.92631251806 5.90664310693 5.82873319048 6.21652927069 4.77483057936 4.24048289646 5.86140363696 6.08254821782 6.17029265106 5.55799628672 3.53158730582 4.21375308065 3.28873481985 5.04140941004 5.44740062481 4.96727879513 6.10874629706 6.38675018226 6.82748175092 6.78930740536 6.13394438164 3.97881194889 3.62397636545 3.70072311428 3.71831622215 2.6510589252 2.97880298277 3.28040834471 4.51846526556 5.35162881717 5.19975019298 4.70656355372
-9999 -9999 -9999 -9999 -9999 -9999 -9999 -9999 -9999 -9999 -9999 -9999 6.81018341063 7.26880722181 7.15966520065 7.07748275013 5.73176223773 4.37277155184 4.38621961817 6.35126335965 6.36767803519 6.14212299586 6.20639313605 5.91626133767 6.12840532908 6.21390532912 5.9749156503 6.10234643354 6.0134258251 5.83769597547 5.83357724672 6.0066207502 4.71659394076 3.57381500152 6.17080738926 5.33997278313 4.91887552054 3.77457960379 3.62962103271 5.9301586879 5.97892239503 6.17211158109 7.07332252477 7.46967340743 7.45276694943 7.32107244779 4.83423314947 3.66687443989 3.04105001743 3.25410680611 2.45191954848 2.11406011715 1.82472572038 1.9905548039 2.49062138521 4.56291367754 3.96905068345
-9999 -9999 -9999 -9999 -9999 -9999 -9999 -9999 -9999 -9999 -9999 7.49788846476 7.47827160988 8.11607868416 8.18831527572 5.99561387022 6.57827134805 6.76092723173 5.70765879447 6.73033115853 6.25534263386 6.18777985713 6.18032616536 6.27897145183 6.53759344048 6.481628681 6.16467219872 6.02395122065 6.33842546164 6.2072244961 6.08413781828 6.22859561558 6.01307097614 5.9702281366 5.90023877098 4.30926909853 5.22337941812 3.63741721924 3.66954866467 5.8651557967 6.15525835958 5.93989176374 6.0553149686 6.99660036326 7.40706996932 7.391964773 6.56391935004 4.89701723125 4.00471297071 4.12180666743 2.87040790399 1.64361506864 1.50276274524 1.51715566262 1.43388936034 1.64890970019 3.15685787358
-9999 -9999 -9999 -9999 -9999 -9999 -9999 -9999 -9999 -9999 -9999 7.68806707597 8.25431563529 8.49215521607 7.64156038955 6.86208367403 7.35858550594 7.30347484739 6.74220497438 6.82731288268 6.4048987872 6.14313113152 6.42743854127 6.51804677379 6.69983517156 6.62534433868 5.56460191314 5.77017393704 6.629862082 7.27941824795 7.09090700447 6.31020213725 5.94570221334 5.97330772798 5.79892473128 2.84534565263 3.99794100143 4.63236616239 3.07317668078 4.09737793698 5.76675203 5.20337526105 5.78609297336 6.15846410991 6.05601007983 5.83109874241 6.19860781482 6.19654259903 5.55205324142 4.89255748146 2.31894960671 2.46764307601 2.18757801151 2.08440318857 1.99083723369 1.82685975287 1.71884299066
-9999 -9999 -9999 -9999 -9999 -9999 -9999 -9999 -9999 -9999 -9999 8.3779842264 7.65236768429 7.65412127931 8.40041357653 8.32838893848 7.29927378011 7.00047513687 7.62569589276 7.38430193766 6.65423827596 3.95509350647 7.31653215555 5.912505457 4.72256434045 4.71288198556 5.37455798042 5.50486378912 5.27823413491 5.36783757836 5.66044237367 7.2194546534 7.3548075939 7.17106695034 6.71411384291 2.83502042967 3.07475969759 2.68600411586 3.55753350855 2.91196826471 6.3611889272 5.68060362647 4.22304483575 3.76600903306 4.10709598477 3.9304359139 5.40226950413 5.45009433463 5.23983566709 5.06761983251 2.85032554402 1.69724381636 1.76948045761 1.7035536526 1.8008283182 1.89881494995 2.27680330233
-9999 -9999 -9999 -9999 -9999 -9999 -9999 -9999 -9999 -9999 -9999 -9999 7.78285255264 7.54679285421 7.78417944215 8.08430890296 6.58876346092 7.15641518794 7.19135342572 7.70607865141 7.40702167621 7.7005381705 5.12691105526 4.27549273332 4.41423750224 4.34856425689 3.86863272463 4.07405040098 3.96937928972 3.53918592378 3.18890141332 4.50325731876 5.97920417654 6.25301394027 6.41525778041 3.98415647487 3.51625427718 2.81371567528 4.59916087425 4.66249256404 6.18094341867 5.67934648166 5.47844702423 3.43321458537 3.36019794127 3.4134445709 4.81559699461 5.19951279878 4.95506947997 4.77507084546 4.5826406184 3.78911030798 3.97128131131 3.03171255443 2.34245124553 2.40356836412 2.07514757249
-9999 -9999 -9999 -9999 -9999 -9999 -9999 -9999 -9999 -9999 -9999 -9999 8.2864730415 7.55336935652 7.75987046833 5.85146297657 5.7181775926 6.67851128081 6.87916804475 7.12497062704 7.39259850102 7.12486413733 6.08224653952 5.88645657343 4.93573966673 5.39056750565 5.72322769847 5.3067462585 4.85439183849 5.83116038964 5.1258045747 5.41501479966 7.59777674807 7.68313357146 4.78880661971 4.29528353371 3.54662799919 4.7141462713 5.53287265172 4.45461594627 5.89537961257 5.9818474345 5.19729127406 5.08456440176 4.36924460398 4.41733229696 4.5001125638 5.02084356492 4.70384486744 4.72076009511 4.89043143259 4.56411547974 3.83774296086 1.8317409047 1.55794837511 2.07476591008 1.41934913177
-9999 -9999 -9999 -9999 -9999 -9999 -9999 -9999 -9999 -9999 -9999 -9999 8.58310979388 8.28094826059 7.00071067707 6.56501405397 6.9665772607 7.4491223794 6.98417219507 6.62629961405 7.59479414772 7.22821253125 7.13863981336 6.02119125373 6.55145059619 6.63411632649 5.34897581108 5.50053076419 5.02244939472 4.49964962032 4.2534196 3.98647398324 4.82131782941 5.13275850197 3.81215466157 6.82977806149 6.56895203141 4.90236386277 3.77512290705 3.33381648474 2.89052722829 2.58187568541 3.96494441195 5.29595447547 5.00000963109 5.08011340678 4.90466726362 4.88303148945 4.89331633561 5.14680931186 5.16222424164 3.19447331609 2.01688397255 1.5807374199 1.63791604747 1.7837517602 1.79227719907
