data/recharge/transience/oldversion/mHM_recahrge_228.ASC
ncols   80
nrows    72
xllcorner    4374000.0
yllcorner    5656000.0
cellsize      500
NODATA_value  -9999
[rows 0 to 24 of 72, columns 0 to 56 of 80]
-9999 -9999 -9999 -9999 -9999 -9999 -9999 -9999 -9999 -9999 -9999 -9999 38.9392040021 40.0159541395 -9999 -9999 -9999 -9999 -9999 -9999 -9999 -9999 -9999 -9999 -9999 -9999 -9999 -9999 -9999 -9999 -9999 -9999 -9999 -9999 -9999 -9999 -9999 -9999 -9999 -9999 -9999 -9999 -9999 -9999 -9999 -9999 -9999 -9999 -9999 -9999 -9999 -9999 -9999 -9999 -9999 -9999 -9999
-9999 -9999 -9999 -9999 -9999 -9999 -9999 -9999 -9999 -9999 -9999 -9999 32.4031176691 31.422888845 30.6194969582 -9999 26.6927898269 -9999 -9999 -9999 -9999 -9999 -9999 -9999 -9999 -9999 -9999 -9999 -9999 -9999 -9999 -9999 -9999 -9999 -9999 -9999 -9999 -9999 -9999 -9999 -9999 -9999 -9999 -9999 -9999 -9999 -9999 -9999 -9999 -9999 -9999 -9999 -9999 -9999 -9999 -9999 -9999
-9999 -9999 -9999 -9999 -9999 -9999 -9999 -9999 -9999 -9999 31.7362867965 30.4810051473 31.3508062888 30.7675938869 25.5340491804 26.3950940647 24.3247150205 24.7174832462 -9999 -9999 -9999 -9999 -9999 -9999 -9999 -9999 -9999 -9999 -9999 -9999 -9999 -9999 -9999 -9999 -9999 -9999 -9999 -9999 -9999 -9999 -9999 -9999 -9999 -9999 -9999 -9999 -9999 -9999 -9999 -9999 -9999 -9999 -9999 -9999 -9999 -9999 -9999
-9999 -9999 -9999 -9999 -9999 -9999 -9999 -9999 -9999 31.3925449123 30.7322326142 31.1104682185 30.3332428497 30.5392686455 26.5337687315 26.0465466988 24.8544410196 25.8457943964 -9999 27.5924893601 -9999 -9999 -9999 -9999 31.2077586564 32.0843228587 -9999 -9999 -9999 -9999 -9999 -9999 -9999 -9999 -9999 -9999 -9999 -9999 -9999 -9999 -9999 -9999 -9999 -9999 -9999 -9999 -9999 -9999 -9999 -9999 -9999 -9999 -9999 -9999 -9999 -9999 -9999
-9999 -9999 -9999 -9999 -9999 -9999 -9999 -9999 32.1448911475 31.5310709686 28.1414641648 28.3915486803 26.1430425308 25.9356792219 24.9691932757 24.9931623036 23.4085421603 23.2112554688 24.4408952771 25.2113239952 24.1619763777 24.4408267444 -9999 25.0559453038 31.9599525563 32.4199682856 -9999 -9999 -9999 -9999 -9999 -9999 -9999 -9999 -9999 -9999 -9999 -9999 -9999 -9999 -9999 -9999 -9999 -9999 -9999 -9999 -9999 -9999 -9999 -9999 -9999 -9999 -9999 -9999 -9999 -9999 -9999
-9999 -9999 -9999 -9999 -9999 -9999 34.4257862627 32.4341998258 31.0581679118 31.1681927896 28.7189802673 28.9372083245 26.5141612267 26.410256519 25.0105987498 25.2489760672 23.9421216691 23.5230284916 24.9413940529 24.9421524433 23.9789740713 24.1699474873 25.0219237241 25.1561371213 31.6675634191 31.7054209552 33.2278885145 -9999 -9999 -9999 -9999 -9999 -9999 -9999 -9999 -9999 -9999 -9999 -9999 -9999 -9999 -9999 -9999 -9999 -9999 -9999 -9999 -9999 -9999 -9999 -9999 -9999 -9999 -9999 -9999 -9999 -9999
-9999 -9999 -9999 -9999 -9999 -9999 33.5071363333 32.3510053578 28.7395404412 28.5297565363 26.5693928946 27.7858348056 25.3371863605 24.8599126236 23.1641264359 23.0135440007 22.4097668585 18.6013504486 21.7057096933 22.2250343977 22.3763904097 22.9577279828 23.7988335221 23.633524991 25.493004472 25.1254919627 32.1229056847 30.0034012612 32.3356332009 32.293352995 31.5652904371 31.819519338 -9999 -9999 -9999 -9999 -9999 -9999 -9999 -9999 -9999 -9999 -9999 -9999 -9999 -9999 -9999 -9999 -9999 -9999 -9999 -9999 -9999 -9999 -9999 -9999 -9999
-9999 -9999 -9999 -9999 -9999 35.7066792321 33.4096548321 32.9635243906 29.6422750621 29.6207180575 27.5112441488 27.0557765209 25.0326254529 24.7561919717 23.6685740963 23.7703352756 18.3482937153 10.4313046909 18.2724809395 22.3070546391 22.4331541664 22.3176013655 23.5377587594 23.6344803081 24.9981752193 25.2676612082 32.2437548773 30.0156128315 31.831722075 31.8783288255 30.9783915503 31.3950849537 30.5840026495 30.5836791367 -9999 -9999 -9999 -9999 -9999 -9999 -9999 -9999 -9999 -9999 -9999 -9999 -9999 -9999 -9999 -9999 -9999 -9999 -9999 -9999 -9999 -9999 -9999
-9999 -9999 -9999 -9999 -9999 36.5576867736 33.9832422805 34.1202430566 30.4002596604 30.2243841069 28.4154375516 28.5747774225 19.5231090747 16.1402263932 25.4112036148 25.3429873569 20.342364503 8.82948711812 15.1698057226 19.326343793 21.7015107191 21.7606931929 22.8079941776 22.7261912169 23.3467827557 22.922592366 25.0954805632 24.2259018572 25.4042025326 24.5880878464 23.9971321348 25.4400386533 28.3232951252 28.29972687 27.8288340967 29.1043628697 -9999 -9999 -9999 -9999 30.5139522796 29.410001419 -9999 -9999 -9999 -9999 -9999 -9999 -9999 -9999 -9999 -9999 -9999 -9999 -9999 -9999 -9999
-9999 -9999 -9999 -9999 -9999 36.3811693273 34.3254182934 33.2003858792 30.4099920377 30.7123208679 28.9660041446 28.8363118878 25.9309489638 25.7123543788 25.7586410454 25.1039005541 22.6942151313 23.7989219416 22.9490699605 23.1091990002 22.1681713949 21.6020045987 22.1873342125 22.0634769588 23.29851177 23.0033524762 24.4132631046 24.3291606078 25.727167365 24.0494999519 17.4595067986 22.3323411704 28.1356839564 27.2444630093 28.3783361322 29.0087229235 29.0044188496 -9999 -9999 31.0681128465 29.7898355134 29.8168431601 28.3693872111 -9999 -9999 -9999 -9999 -9999 -9999 -9999 -9999 -9999 -9999 -9999 -9999 -9999 -9999
-9999 -9999 -9999 -9999 -9999 -9999 36.3660908379 35.6140730386 33.8190194343 34.1068510617 30.5577573381 30.6129146354 28.8686772358 29.3894751831 25.4361864517 25.3414393073 23.7824062378 23.7653383499 22.8078516518 22.8102622493 22.1625561367 22.2012613249 21.9103419357 22.3204485985 22.2117557912 21.8539094628 20.3986947906 20.5546633228 22.3575639233 22.5638016255 21.2207801746 22.4477363064 22.6950824693 22.9141252812 23.4509736234 23.6336892437 26.4998873052 27.6206636902 28.0163315711 27.8482031179 27.2022730372 27.792375072 26.4115474478 26.8318572447 -9999 -9999 -9999 -9999 28.7630097862 27.9904884288 7.51297528653 -9999 -9999 -9999 -9999 -9999 -9999
-9999 -9999 -9999 -9999 -9999 -9999 -9999 36.2460630227 33.8316828267 33.7666218118 30.8880148016 30.9616323098 27.8176080316 27.191256605 24.9758898524 25.615049325 24.3284711291 24.4096227348 23.554185508 23.0190404957 21.8939519714 21.8317422695 21.7471785937 21.9274053826 22.0081932002 21.5981418448 20.5839624903 21.5149502141 22.6020681409 22.4460882471 22.2158428224 22.1663222596 22.8198741583 22.895557428 23.7056595975 23.7940146987 27.4032290693 27.128822524 28.0581839633 27.9423156221 26.0329062461 26.2805763707 21.622354937 17.5372681707 15.0667045361 15.6096548783 17.6246987015 16.172348235 15.4900201261 22.6202698765 22.3506535778 19.8133443842 -9999 -9999 -9999 -9999 -9999
-9999 -9999 -9999 -9999 -9999 -9999 -9999 -9999 34.0281927171 34.0983340103 32.9469314369 32.9139157516 29.1094880465 29.5433331441 27.8377202712 27.3489218605 24.969072167 25.1506096916 23.2367054397 23.3495921644 23.8631651919 23.7661351802 20.6851615084 14.2512181378 13.3810517127 14.0690061189 18.894739819 20.5343712657 20.0751416354 19.0954953992 19.0585046971 19.1813170889 19.8322277489 19.4205808543 21.2710532382 21.5000635504 22.5040573384 22.6810327334 22.7977650297 22.8809102683 22.1437964804 18.1452047691 12.234312606 11.6376763366 10.8820845006 10.3244356216 11.5076350405 10.7530453571 9.98367425553 15.1533002724 17.7447429451 18.168571803 16.5061801275 -9999 -9999 -9999 -9999
-9999 -9999 -9999 -9999 -9999 -9999 -9999 -9999 34.4074986157 34.3531856779 32.7507428814 32.8924512803 29.690416996 29.7107034243 26.9162184569 26.6733368168 24.7738418302 25.0680448451 23.3893359009 23.5393703762 23.8303963549 23.7435795924 20.4754279065 19.181731615 16.1460454865 12.3750143345 15.0881189895 20.0795719661 19.5752083867 18.4089436168 18.9204770686 19.0840872206 19.2561911122 19.3009934419 21.3987273196 10.2890547271 22.8026540065 22.5708381107 22.709947669 22.6762687156 22.2394055777 17.6407413728 11.7815070313 11.7343500909 10.359175673 10.2883494497 11.424932535 10.9076703828 11.0966455922 19.0480854884 17.9176698462 17.949942457 16.9569112005 17.687467719 15.7110310438 15.9900006539 -9999
-9999 -9999 -9999 -9999 -9999 -9999 -9999 -9999 -9999 34.0478473486 32.5342476964 32.6989450518 30.1446178109 29.4295124762 26.6036960251 26.5841746836 26.165375709 26.0166127228 26.0328911493 26.1425213684 25.9719238088 25.3383412971 25.1120414244 26.5005656137 20.462793526 18.8372239138 13.9891673235 11.775328282 13.7943811706 18.7032208653 17.8708344542 17.9714350302 17.6641577743 16.7324431359 18.4211535524 17.2413832338 20.3393345916 20.1134784635 20.3137607491 20.3390473321 19.7699816691 19.239784857 9.66706929642 10.5844934789 8.45151929423 7.80769671769 7.0248790615 7.31793573963 12.6173775237 13.8207300061 13.6004197403 13.4285420982 14.2491137363 15.1473531385 14.945880175 8.38952951568 6.06306394735
-9999 -9999 -9999 -9999 -9999 -9999 -9999 -9999 -9999 -9999 31.9129190159 32.256627383 30.123842101 29.544518516 26.3926531732 26.1670769623 26.2816615648 26.8414277886 26.7843101019 26.4049131227 25.1397548358 25.0100306302 22.3852694075 22.2908278576 16.462145199 19.4070026177 16.7589385897 13.8262781549 9.68185298701 13.9713400585 18.5303583232 18.5328072105 18.8449118572 17.6533962833 19.3083243413 19.331458998 20.2190971668 20.1088725214 20.3536247224 20.3806989142 19.9703823321 19.7267366831 15.7346930262 10.0937825839 10.4994489699 10.5043977679 8.80305311603 7.89064620625 14.3211201722 14.3297047192 14.3085993783 14.0767871925 13.4132428002 14.7973375631 14.3136683186 7.72053101972 6.01614880016
-9999 -9999 -9999 -9999 -9999 -9999 -9999 -9999 -9999 -9999 -9999 17.3399076524 20.2364983368 28.3180551229 26.0778505988 25.8465823224 28.0016409886 28.0102206764 25.1069051668 25.4569769849 24.6650869988 24.605018925 21.9520971759 21.1830836223 18.5871529739 10.8728721511 13.0740957618 16.6551477171 16.4731302523 17.6782924017 12.2389296106 16.5231226919 16.4123491108 16.4592249831 17.5449560378 16.9909749883 18.1795181975 18.1425790815 18.3144956647 18.3293214529 17.658288519 17.0251504384 16.8595793489 12.3878539046 8.08897611131 7.23290407803 7.87182589283 8.52378727874 9.82691596638 13.2939748394 12.4429047071 13.3925544455 12.7636377879 12.8118811098 11.8514554895 11.5357105466 6.61461651151
-9999 -9999 -9999 -9999 -9999 -9999 -9999 -9999 -9999 -9999 -9999 16.1913549004 21.5309115867 27.8528626265 26.1706260419 26.2259869661 27.1235523857 26.0557900643 25.1407839946 25.1467540842 24.5491895068 24.8955016932 22.3559706282 21.655381757 21.2002936459 21.4486068941 18.3268657773 15.4814748413 11.714658209 16.9161418585 14.5981624856 12.3850938982 7.60187884057 8.79271090384 11.4070282635 16.8286488688 18.1380012454 18.2468405837 18.1728974938 17.8932924249 16.7685834417 17.5880993136 16.3400910339 16.5718830187 12.979567718 8.90824576475 9.77043598065 10.7634223342 9.85781774414 8.27961737196 8.45722788714 8.64731773877 7.27075584318 12.2993079803 12.6866809205 12.2409096929 11.7762142381
-9999 -9999 -9999 -9999 -9999 -9999 -9999 -9999 -9999 -9999 -9999 32.8336535346 28.141678175 27.9838937616 25.1033053009 25.2194203614 23.148333233 22.7513929255 22.916124522 23.145854463 23.0767912271 23.1449595228 21.1654042311 20.2852385034 19.8698675461 20.1634321146 19.42344885 19.3218320804 18.756323782 16.7336384319 12.1346350503 13.5448506944 14.815231134 15.0021351386 10.9807234589 5.19270369792 7.38729510479 5.86008742187 15.4468953081 13.5141224845 11.6953960858 16.3118746759 16.255463746 16.8025391853 17.4793571867 16.1349774313 9.42268372401 8.86303860516 8.39353153157 8.22793184892 7.38116106847 8.02725393836 8.36858593796 9.71008507026 12.071537374 11.6845062785 9.65581618724
-9999 -9999 -9999 -9999 -9999 -9999 -9999 -9999 -9999 -9999 -9999 -9999 28.7063580474 28.4444747006 25.5633353073 25.1878805749 23.4084826584 22.9357532008 22.1158211072 23.2325797746 23.2638996248 23.0170983596 21.9293217278 21.6634520502 20.342324124 20.4459867356 19.5177218615 19.6542567271 18.8491588618 18.6551951411 18.2984983325 18.4732566899 16.5283363371 11.4390007848 12.847804355 12.4107951981 9.45112195816 6.18461371306 7.14026645254 16.4492818713 16.8934113213 16.0503073288 17.1619102013 17.8042966469 18.0415956079 18.1003145821 11.9064056628 8.9301976883 7.34034676455 7.78448693287 6.95502560241 6.28598816773 5.65431409113 5.77073475547 5.20868096922 8.40690949148 6.43700676853
-9999 -9999 -9999 -9999 -9999 -9999 -9999 -9999 -9999 -9999 -9999 30.4909685145 29.8888646888 29.0224238063 25.9203859455 15.8875805035 20.5737305153 23.4903851522 21.7179652113 22.3966134614 21.6157089595 21.5534082315 20.3528423223 20.4727424585 19.4935947234 19.4278765001 18.2940903646 18.1483437538 17.7217667236 17.5596960492 16.6580680913 16.8093730712 16.0957110944 16.0378836053 15.9728628849 7.82794526449 7.79334304187 4.4454671556 4.41723857547 13.3628076723 15.1799532005 13.9160239539 18.6961508801 19.2485948172 20.9302493113 20.8532845727 18.0623337356 11.9744699903 8.31648387118 8.38224962793 6.41825849663 4.80422328466 4.24692985262 4.27286875577 3.93851833006 4.27473796837 5.57379423344
-9999 -9999 -9999 -9999 -9999 -9999 -9999 -9999 -9999 -9999 -9999 30.7499190584 30.2972962893 29.411822336 25.9501641819 19.9887820061 23.1721182206 23.6800472977 22.5606055128 22.5911395234 18.6593962213 19.0768422301 20.5990620259 20.6742121744 19.692270192 19.3367712457 13.3388740612 13.9644452385 17.4661788527 18.9297157358 17.8821251593 16.8945809584 16.0111905936 16.0401198403 15.8621745664 7.68956198319 5.4502549538 7.73261319319 4.97796804974 8.82877889545 14.4339586124 13.4592037323 16.9295256391 17.9710814611 19.050019963 18.7335594814 17.294186148 17.0369728739 13.045329215 11.199661037 6.24049303677 6.42115220478 5.57328578398 5.35938928213 4.97470771375 4.66833884239 3.82076739134
-9999 -9999 -9999 -9999 -9999 -9999 -9999 -9999 -9999 -9999 -9999 31.8975953351 33.0632011812 31.8001123936 28.4129229128 28.2595031127 24.4661843804 24.7053934337 23.1075519147 23.5294401389 18.9719468829 9.12007214644 17.4761348725 15.8806022095 11.7891650701 11.7920036296 13.1770134313 14.7938075787 14.3041811163 15.3763229488 14.9350271387 17.7383623028 16.9109084126 16.6220371721 14.7892473751 5.29105644024 2.76974527456 1.87950531504 4.1321026398 5.22773802518 14.5411243467 14.8166984514 14.1858375162 13.3534817626 14.1585771567 14.0549084036 15.351936874 15.4295550998 13.9167317705 13.792691835 7.2531564442 4.54184876247 3.81780344169 3.7277655241 3.51325333349 3.68961632597 4.24297666574
-9999 -9999 -9999 -9999 -9999 -9999 -9999 -9999 -9999 -9999 -9999 -9999 33.4844264794 32.7551368188 29.1474403467 28.3665971053 24.8082067858 24.9843746158 22.9692091819 23.3476564298 22.348940164 22.9092797137 14.778086022 11.9434824541 11.339813671 11.2356249276 9.85716250464 10.1623454955 9.34575856007 8.72272851073 7.59183572247 12.1534554579 15.1884475433 15.4839263642 14.4519868148 4.89186241937 3.61524604402 2.32510943164 5.37302772229 7.26079037557 14.6576347178 14.5025905394 15.442906446 13.2566173406 13.7634909337 13.7575223258 14.5856426894 15.0979692943 13.4312473542 13.9151815797 12.1451762201 7.7017908177 7.05101733919 6.05062041776 3.87688056663 4.14717782849 3.92084109732
-9999 -9999 -9999 -9999 -9999 -9999 -9999 -9999 -9999 -9999 -9999 -9999 36.7815675424 35.7925769018 31.916691707 34.852761789 28.3761358956 27.4379975066 23.9771885972 24.0323619045 23.1032315864 23.0623305819 18.3475222675 14.6147141313 12.5109927467 13.1839535603 12.9820980002 12.4165894774 10.5525445922 11.8668683033 9.87225807768 10.3989143166 15.8754195394 17.2277740001 8.84966115744 4.97967262315 3.21504712136 5.4827557699 7.71048656793 6.70223819807 11.908100826 13.473486645 12.7507899113 12.6599275743 12.0858281651 11.7720243569 11.3895652683 11.564227952 10.656347124 11.4549769054 10.3830895131 9.61472120108 7.57124540513 2.69999710006 1.88413299178 2.35194474551 1.92575131591
