data/recharge/transience/oldversion/mHM_recahrge_479.ASC
ncols   80
nrows    72
xllcorner    4374000.0
yllcorner    5656000.0
cellsize      500
NODATA_value  -9999
[rows 26 to 51 of 72, columns 0 to 56 of 80]
-9999 -9999 -9999 -9999 -9999 -9999 -9999 -9999 -9999 -9999 -9999 -9999 -9999 32.6786630891 32.0779560492 31.941078554 30.1984069952 29.9838675071 28.4307753244 28.1394005372 27.2936150715 28.3440310907 27.2786293619 23.0923622534 23.7799179439 20.5850669461 20.3003659316 15.9846229806 15.3520108649 16.0103165742 13.8463788282 13.4119137578 16.7345351817 14.461248626 20.6105461498 8.86148928517 18.3201899076 14.5277249414 11.9408055781 8.61707042095 7.66915869353 9.48659277162 7.08488193287 7.68682272394 7.69453941198 9.49916356804 11.310329751 11.070120805 6.91414845978 5.1265771877 5.02598008175 5.44640850208 5.68598397524 5.60241256859 6.3204676409 6.64486528543 4.41434202849
-9999 -9999 -9999 -9999 -9999 -9999 -9999 -9999 -9999 -9999 -9999 -9999 -9999 -9999 31.4397420918 31.1810316471 29.7314713989 29.5601461977 28.2276021797 28.5698735291 27.2313219627 28.37567659 27.5559593226 26.2059873388 23.6726595436 23.3469341764 22.902946196 21.917503159 16.5857232467 14.722471564 14.1929424199 21.1434227679 19.7409068187 16.6004894532 14.988521868 13.1258496739 18.2917645568 10.8723353144 13.2883814472 11.8006443578 9.50850477639 11.0633673012 9.08987566445 7.80893751985 6.15640341963 6.88207900259 8.32993193978 9.54568483774 6.42845902713 6.01973122387 5.70905534854 4.57379702469 4.23635158235 7.56306823019 5.67145973946 8.8167630239 11.6624882307
-9999 -9999 -9999 -9999 -9999 -9999 -9999 -9999 -9999 -9999 -9999 -9999 -9999 -9999 9.23703216706 21.3858238734 30.6283800525 30.4971750378 29.3458598689 29.4543946561 28.4492943899 28.7368557748 26.7519687799 28.1711604596 26.7767493197 26.7474499916 22.9175873685 22.9686574008 22.8511497332 22.1519539892 17.3484068607 11.1300467306 17.9498152171 18.8550606316 13.5736248559 9.86243355725 18.3365533955 11.5605704601 10.2315488742 10.7002779874 6.79423505407 7.45075373561 7.28737190966 8.45203664107 7.41195885687 6.41124734076 3.56168944023 4.95700855925 6.44091535853 7.52434443608 6.24988929353 6.87094804741 7.22579417606 6.1307722725 7.48772015132 11.2900390022 14.4109740141
-9999 -9999 -9999 -9999 -9999 -9999 -9999 -9999 -9999 -9999 -9999 -9999 -9999 -9999 14.7298494688 22.3821790116 30.8063088688 31.0966232596 29.7086703208 29.5974776503 28.3182535513 28.5264740099 27.9149568848 27.7511266106 25.3202330644 25.0103742703 24.0248902565 25.0199734059 21.7277204924 22.4720915257 20.3686959028 19.4009100391 17.755647443 19.5519764931 20.6099633201 8.57092062198 11.9776327795 25.2276705234 6.50838840453 9.91931912091 6.84907699537 7.5984860244 6.63517009213 6.80494486294 5.86700664189 6.52747182831 5.07077379046 6.44933346689 8.79591341562 9.89965903032 9.65672588679 7.89354766541 9.67816373221 9.15334294724 8.46797396226 9.05747477593 7.49478700033
-9999 -9999 -9999 -9999 -9999 -9999 -9999 -9999 -9999 -9999 -9999 -9999 -9999 -9999 33.7026953303 33.0193639247 32.1573562037 31.74235258 31.2319223331 31.7449585127 29.774129771 29.5304886066 28.9429805704 28.0181322734 24.7570334308 25.2138623841 22.5803501751 25.4369180397 22.8545994585 21.9940923624 20.318902832 21.0352118102 19.2711452269 12.8769800392 9.02979873833 9.05824486211 8.29760679414 18.065436862 7.37432388967 10.4025670247 14.9962943007 9.43315140881 5.21080779817 5.54268132284 4.83618441045 5.39500970142 8.21148261651 10.0887778298 14.5109228061 15.6003378299 12.7106237642 13.2900193078 10.3286309528 9.40209283485 8.24670208572 7.41176374623 8.04417407426
-9999 -9999 -9999 -9999 -9999 -9999 -9999 -9999 -9999 -9999 -9999 -9999 -9999 -9999 -9999 32.79677505 32.1215315855 31.7138610201 31.1434207216 31.3045297315 29.0877079787 28.6508930559 28.2659138238 28.1653750404 24.9556368086 25.6169757826 22.9922701976 23.5305499254 14.3145242305 22.5343486326 18.9726981962 19.023173084 16.914802725 13.449860291 9.22945370819 9.25284959967 8.6264729263 8.57736662752 8.14592906326 7.97396812844 7.11985749502 11.4923080133 5.95460417205 5.65513615369 5.12289422408 6.06015610275 6.29420647169 6.70180436594 8.1020252852 7.91456096287 5.52534588425 5.00320993341 7.02627129535 9.44527285992 9.09447576167 9.02257876401 8.33293696617
-9999 -9999 -9999 -9999 -9999 -9999 -9999 -9999 -9999 -9999 -9999 -9999 -9999 -9999 -9999 -9999 31.9893744324 31.0854494686 30.419245726 31.2823602648 30.392019399 30.199666722 27.6798350375 26.3788179886 25.324458927 24.8212631874 21.808371643 20.3506586792 13.2292724086 21.2533315034 23.3596751065 15.570262591 10.5587242127 7.06794886117 9.06949584004 9.3231438161 8.90975667892 9.09794720954 8.76097043903 11.7096021146 19.9699596237 17.7510020097 17.4838133827 10.8550711595 5.77438524488 4.73011073439 4.02744138155 6.94866109602 5.22938672257 4.14307869138 5.61151452432 7.7121862481 6.41670958774 5.47545855665 6.21798684106 5.6509622827 5.32937377201
-9999 -9999 -9999 -9999 -9999 -9999 -9999 -9999 -9999 -9999 -9999 -9999 -9999 -9999 -9999 -9999 32.2406320425 31.9123077034 31.2509378417 31.1493453664 29.5721777804 30.5889834627 28.8047761861 26.7305037304 25.3306556805 25.9778182284 22.4841119216 21.953773521 14.4600641537 19.7737626704 12.6033061509 9.97950737408 11.1365225987 8.15436516211 9.35111110493 9.21100645286 10.6750970029 8.368565735 8.72332116363 9.39260619294 16.8734733924 12.2188605864 15.5003262083 15.0984853883 10.243726056 8.19434638399 11.0290406629 10.3017791347 5.05626398088 4.99780684534 6.58094168324 6.82978361332 8.21403640303 8.53989768901 9.54038568638 7.83326756131 5.3735443926
-9999 -9999 -9999 -9999 -9999 -9999 -9999 -9999 -9999 -9999 -9999 -9999 -9999 -9999 -9999 29.4799503677 29.7354589403 29.8912962737 31.6607871466 31.2748876729 29.5239520937 29.6670247262 27.6770315246 26.733772389 24.2315757135 24.7939012179 22.3182924764 22.5120462046 16.4593057756 19.9622447626 18.7285437498 18.9455304986 17.8711699336 13.9919895001 12.0479262165 10.3793548749 15.4583968277 13.8646493689 16.0445920855 8.51746398923 16.2930464983 11.6490703657 9.05406344572 8.95281515231 8.86786551961 7.37383411562 7.02986917844 7.5933113446 8.31625315254 6.64560655722 5.51697994608 4.40740547966 4.943809666 5.47611164437 5.99082146779 6.14063102439 6.64424910728
-9999 -9999 -9999 -9999 -9999 -9999 -9999 -9999 -9999 -9999 -9999 -9999 -9999 -9999 31.1694473625 30.1879936416 30.006376457 24.7905307332 28.9422916032 31.0058146964 29.2033024449 29.5862411859 27.024156109 27.2597265972 24.1945223972 23.8776048352 21.3687777219 21.8736036084 20.8831197279 20.8844857616 17.883019915 18.0699752926 14.0513474319 13.4390463269 18.3762743764 23.032352051 12.5003199465 12.5872011526 20.347916106 21.8272212574 18.7873799806 7.83733030249 7.37488193522 7.86855335967 6.07909923891 5.44240993273 5.66431468662 7.20499296061 6.44952988588 5.44985218436 4.93621410297 4.89089942388 5.28902030467 5.17413910904 4.94801215159 5.2502593978 5.13569265641
-9999 -9999 -9999 -9999 -9999 -9999 -9999 -9999 -9999 -9999 -9999 -9999 -9999 -9999 31.3779972743 31.204161853 30.1501165273 23.5555282846 20.7502220769 22.8721761111 26.9041097679 28.1339971408 26.7324666818 27.1139083083 23.0394939751 21.6160381417 15.8646517252 15.9640129541 15.5586310185 19.8196980718 18.515426419 15.8505454127 12.8424886427 12.7958292879 16.1184241415 17.472231912 15.5556122575 17.3843665863 12.358024298 12.552100725 14.3880453977 13.7389707327 8.30141744 7.80150806346 7.17521614045 4.99906148055 7.22368963924 8.4014501744 7.87485182411 8.90715874139 8.95460093583 8.90931702123 7.41289716425 6.76609234123 7.4183660441 7.21521078498 5.89642210761
-9999 -9999 -9999 -9999 -9999 -9999 -9999 -9999 -9999 -9999 -9999 -9999 -9999 -9999 -9999 -9999 30.3963967073 25.8921893781 25.3413406077 25.1360701097 23.863453768 26.9219287965 27.7085379926 27.715961985 23.5126660596 18.3830557315 12.2970893986 12.7860976019 10.6249544984 13.6840235958 14.2744759689 12.9378348147 12.2083857986 11.0507462326 11.0916888141 11.1594824446 12.566603255 12.0770879657 14.3285492305 13.5724334876 10.0411637053 10.0251727864 14.3660826462 14.1039258823 5.74695376097 6.47252124316 6.09292604831 5.61217656324 5.87510826679 7.07276004551 7.022608612 7.17555150421 6.65353639695 5.95166987126 4.33053669099 4.59334502206 6.47799575755
-9999 -9999 -9999 -9999 -9999 -9999 -9999 -9999 -9999 -9999 -9999 -9999 -9999 -9999 -9999 -9999 26.4604904224 26.0457239718 25.6499061235 22.9450393601 22.311472112 23.2725899023 24.9600645854 25.7691964478 24.493620593 19.1691640789 15.0668179575 14.5941144657 12.7432944251 13.9552394936 14.4218620781 13.9336298538 11.9112356567 11.1369572744 8.79440988832 9.2333079216 9.37211324481 10.4340308556 8.01043054588 7.54878533698 8.76577768364 10.2955732932 7.93435939213 11.8589122501 10.2154413562 5.79578515797 3.53847240932 5.02426105252 5.38325882599 4.33122639541 3.57911009402 3.63804489532 2.99142524018 3.43026951265 3.38311874878 3.40773178844 3.31460451521
-9999 -9999 -9999 -9999 -9999 -9999 -9999 -9999 -9999 -9999 -9999 -9999 -9999 -9999 -9999 -9999 -9999 -9999 25.7741601448 24.0637714551 21.0145627472 22.2031253975 23.9292970485 26.9104309681 24.0090077668 21.8565185196 14.1807034109 14.0402729416 12.8219612717 13.412856243 11.1810931288 10.3708890157 9.87791474067 10.5130346473 8.68033195139 10.0863634276 9.87677092557 7.98028399111 7.45924910902 9.51389018048 7.76385003993 7.08345493934 6.35216741206 6.31633446444 5.89249879817 6.92799998283 4.19363049373 4.26341944055 5.81049438537 3.6856982157 3.78878437461 3.93885908116 3.05604138762 3.1401309218 3.67200500336 3.9432487205 3.59756777371
-9999 -9999 -9999 -9999 -9999 -9999 -9999 -9999 -9999 -9999 -9999 -9999 -9999 -9999 -9999 -9999 -9999 -9999 -9999 21.377561099 21.0234740268 21.7726965339 21.0111224707 28.6009660909 25.372726394 24.9030126909 18.0181088178 13.4461510757 10.9178101809 10.6554327611 10.3096909515 15.91490854 11.435605752 8.75802399904 6.99783334508 6.58043314049 6.35796311785 8.09057305897 7.23759905595 8.2262883908 6.90407145454 6.42723322405 5.52551216038 6.58712089787 6.64538757775 6.90403663724 5.98276653003 3.81374218214 3.17152560982 5.30184354604 3.80720784208 3.53305156859 2.8642016426 2.83648344847 3.45420648723 3.29357263093 2.66264977906
-9999 -9999 -9999 -9999 -9999 -9999 -9999 -9999 -9999 -9999 -9999 -9999 -9999 -9999 -9999 -9999 -9999 -9999 23.9608300872 24.8551059191 24.5982578663 24.3203707852 21.2578538745 27.1827597741 25.1305438287 25.2028833605 21.2392716707 17.2089323397 12.0545976408 11.4058017488 11.5414183997 7.60402317998 15.3624686218 9.04190657767 8.4890101599 9.56023619054 10.7115913967 10.3882223789 9.69300664564 9.39735665416 8.95510326862 6.89818651035 6.76936377677 8.06693498322 10.4825478908 8.41632848913 8.52979035164 8.7657640124 6.42894547855 4.02049170305 5.04314926297 12.219218552 10.8119065457 8.44810718623 5.64146221802 4.14286992986 3.72400094491
-9999 -9999 -9999 -9999 -9999 -9999 -9999 -9999 -9999 -9999 -9999 -9999 -9999 -9999 -9999 -9999 -9999 -9999 -9999 26.6918096887 26.1867057777 25.6568347138 21.327817667 26.7050728967 26.0656701084 25.9128534691 19.9943465126 21.1373231575 14.5161307182 16.5258628131 13.9836802626 13.9530810923 12.3703476109 9.76172855172 11.155805691 11.2508347053 5.87230100987 5.1847779523 4.63428090665 4.63649007485 5.11672146608 6.80638014201 6.46676322869 7.05306759136 7.27130105466 8.61811193413 7.68861606619 6.46973691691 7.09624170468 5.01994427393 2.13663066937 3.69066421801 6.89776869373 6.00302847217 11.0697114866 2.87851884989 2.48366386562
-9999 -9999 -9999 -9999 -9999 -9999 -9999 -9999 -9999 -9999 -9999 -9999 -9999 -9999 -9999 -9999 -9999 -9999 -9999 -9999 24.353205454 25.3238515797 21.4706334942 24.2871572117 24.5685089917 25.5827480076 19.9274221862 21.5173664356 20.9772892483 20.1013221073 17.4374490362 17.1000178574 9.43580087942 12.159957385 10.1792924648 10.6456756325 8.09601469922 8.77958717045 8.59780667425 8.0043204403 6.40060615684 7.97908454841 8.50780563682 7.82874976242 9.31957149054 8.52451562807 7.48165204771 8.11858550379 7.51376023627 7.98915713282 6.36019930843 4.48822643106 2.69863654445 2.65650590259 8.87459661297 4.35867685157 3.35871634198
-9999 -9999 -9999 -9999 -9999 -9999 -9999 -9999 -9999 -9999 -9999 -9999 -9999 -9999 -9999 -9999 -9999 -9999 -9999 -9999 -9999 24.7242666446 22.3588901113 22.7930916522 22.9269065125 22.1072371396 19.9192887894 21.6781952484 19.7840796078 19.1720043341 21.7166901696 19.9318285119 10.3479371747 8.73672202814 13.4320390037 10.8963320954 8.85090039868 6.8108939168 6.24750336239 6.87996314844 8.66244917377 9.01182572959 9.7399122065 8.02313777375 7.03130415312 5.59586598686 6.75566635425 7.28818627898 7.16605330005 8.20411408367 13.0699976191 10.471256042 6.60568187426 4.23846973903 1.57317665548 2.11583911398 2.44753121115
-9999 -9999 -9999 -9999 -9999 -9999 -9999 -9999 -9999 -9999 -9999 -9999 -9999 -9999 -9999 -9999 -9999 -9999 -9999 -9999 -9999 22.7533008568 20.9125132918 20.927833387 23.1717603642 25.4821370448 21.4317669627 17.4114390476 15.0791070653 19.5780617624 9.59575821336 17.6479181695 11.6555188787 10.655029195 7.3491185825 8.2604616882 7.36401684807 7.17132750117 6.60456717508 7.77617522251 8.73671710491 8.45301983377 7.03409498713 7.11845146524 8.64854551053 8.34086160464 7.90130555373 7.75629510532 5.41569569894 6.4224813939 7.50146398797 5.21639262718 7.53886215257 2.72893606524 2.82116250959 1.74338569508 1.88323377502
-9999 -9999 -9999 -9999 -9999 -9999 -9999 -9999 -9999 -9999 -9999 -9999 -9999 -9999 -9999 -9999 -9999 -9999 -9999 -9999 -9999 -9999 21.0728753731 22.6719435785 25.0984886665 25.9911848376 21.4986203374 17.6791814995 12.8451206932 13.6366585146 13.8112858521 14.2658933963 10.5879347985 10.5572426984 10.8741145661 9.09227028733 8.56931732919 8.09385606331 7.90924812076 7.81448221598 8.69096450983 6.35050183834 6.87959743369 8.35962288413 5.85430597234 5.46266837198 4.38990875576 5.37624032158 6.65234493769 7.24255552291 3.98587272134 6.46180312632 7.59640775563 4.16398858733 1.77493119252 1.50072754264 1.71275722298
-9999 -9999 -9999 -9999 -9999 -9999 -9999 -9999 -9999 -9999 -9999 -9999 -9999 -9999 -9999 -9999 -9999 -9999 -9999 -9999 -9999 -9999 21.5632767822 21.1667826511 24.565145769 27.0133569366 22.5639666234 15.3964889641 13.681785884 14.2006056337 12.3126429271 12.5604720532 11.8065548422 11.115442837 9.23323436444 11.1963193857 8.81464509251 7.90391295394 8.94582436399 9.35332882393 7.02160135961 8.82673605673 6.9834743373 5.83891489717 5.42030078351 6.77706577861 7.50247816649 8.17469074278 5.44549835842 5.09033258827 6.3370146157 8.17031392722 3.34636451126 5.97634428796 3.87056975285 3.50750178564 2.58786492029
-9999 -9999 -9999 -9999 -9999 -9999 -9999 -9999 -9999 -9999 -9999 -9999 -9999 -9999 -9999 -9999 -9999 -9999 -9999 -9999 -9999 -9999 21.109563836 22.1078989568 26.8078720282 27.1869203392 22.2354809885 17.4484001031 14.1327572912 15.7222651941 13.0151980184 11.9310147178 10.6232141659 10.9436125869 11.3319853728 8.80193865491 8.5595462851 10.4903238846 9.55540802666 8.91230161939 8.94415885214 7.50358801395 5.82559255946 6.97014669963 8.24939537224 7.95900032267 8.18850249734 7.41673242112 6.12873142748 6.13818087743 7.30307967565 6.35759415952 5.30367721658 5.51585790224 5.83676628118 6.17391577513 3.89844389088
-9999 -9999 -9999 -9999 -9999 -9999 -9999 -9999 -9999 -9999 -9999 -9999 -9999 -9999 -9999 -9999 -9999 -9999 -9999 -9999 -9999 -9999 -9999 22.8593003426 27.7361029188 27.4616810067 21.2896960695 16.5410863507 13.5735895025 15.2112764469 13.0967847288 13.8711059486 12.3888470226 13.1190864441 10.3490550542 11.1266589349 11.0959992347 10.0913825033 7.42919651 8.10253427407 5.7152960727 7.14558768871 8.69864162625 8.75121716098 7.88228355838 7.19279509111 4.9638558622 4.70823183819 4.5781241457 4.87987561326 4.06818469075 4.89888041902 5.45640971772 7.53485509849 4.46597658003 3.07613164222 5.29204086791
-9999 -9999 -9999 -9999 -9999 -9999 -9999 -9999 -9999 -9999 -9999 -9999 -9999 -9999 -9999 -9999 -9999 -9999 -9999 -9999 -9999 -9999 -9999 20.2612859497 26.8588473645 27.8434715291 24.3483656462 19.4170697474 14.9094677882 15.6603157027 14.4227547334 14.8634909642 14.1143794874 12.5037035352 11.2783309443 11.120717269 9.97109506238 8.94810194284 8.80984910999 9.50453380684 9.98420683669 9.90372159684 9.45429065764 7.76127415659 5.99721213486 6.39175783584 7.1516407964 7.88300569163 6.93595303687 6.8025332609 7.4480020111 7.65854044788 5.53590152145 6.78473269507 4.32466270911 6.25869735093 4.58170604726
-9999 -9999 -9999 -9999 -9999 -9999 -9999 -9999 -9999 -9999 -9999 -9999 -9999 -9999 -9999 -9999 -9999 -9999 -9999 -9999 -9999 -9999 -9999 -9999 28.6687452642 27.9703756497 24.4807537014 22.9806366036 15.5176825851 15.2890921296 14.0556709022 14.0934142561 14.7636824991 12.7036055121 12.2087031799 9.27694960318 8.2370320299 10.5567390679 9.11884313317 10.0624180868 10.3941080418 7.46417409139 7.51017811297 9.60552843335 8.07688395383 7.538944392 5.74288173476 6.85664945002 7.60112081728 6.86318511201 5.51899797124 4.98709683013 7.03945032622 9.18891407171 8.66536395042 4.73145266096 5.00083794238
