data/recharge/transience/oldversion/mHM_recahrge_110.ASC
ncols   80
nrows    72
xllcorner    4374000.0
yllcorner    5656000.0
cellsize      500
NODATA_value  -9999
[rows 0 to 24 of 72, columns 0 to 56 of 80]
-9999 -9999 -9999 -9999 -9999 -9999 -9999 -9999 -9999 -9999 -9999 -9999 9.78029786239 9.93139090435 -9999 -9999 -9999 -9999 -9999 -9999 -9999 -9999 -9999 -9999 -9999 -9999 -9999 -9999 -9999 -9999 -9999 -9999 -9999 -9999 -9999 -9999 -9999 -9999 -9999 -9999 -9999 -9999 -9999 -9999 -9999 -9999 -9999 -9999 -9999 -9999 -9999 -9999 -9999 -9999 -9999 -9999 -9999
-9999 -9999 -9999 -9999 -9999 -9999 -9999 -9999 -9999 -9999 -9999 -9999 9.44096601195 8.80850413583 8.45472668848 -9999 8.44118665465 -9999 -9999 -9999 -9999 -9999 -9999 -9999 -9999 -9999 -9999 -9999 -9999 -9999 -9999 -9999 -9999 -9999 -9999 -9999 -9999 -9999 -9999 -9999 -9999 -9999 -9999 -9999 -9999 -9999 -9999 -9999 -9999 -9999 -9999 -9999 -9999 -9999 -9999 -9999 -9999
-9999 -9999 -9999 -9999 -9999 -9999 -9999 -9999 -9999 -9999 8.84163423972 8.10259437881 8.80125477524 8.8451584882 7.25146706397 7.29046086445 7.19386060013 7.33184756625 -9999 -9999 -9999 -9999 -9999 -9999 -9999 -9999 -9999 -9999 -9999 -9999 -9999 -9999 -9999 -9999 -9999 -9999 -9999 -9999 -9999 -9999 -9999 -9999 -9999 -9999 -9999 -9999 -9999 -9999 -9999 -9999 -9999 -9999 -9999 -9999 -9999 -9999 -9999
-9999 -9999 -9999 -9999 -9999 -9999 -9999 -9999 -9999 8.31018496275 8.71613588782 8.76585975793 8.23018185937 8.3456565158 8.23215020443 7.91450138891 7.64115339553 8.09743896474 -9999 8.69912609224 -9999 -9999 -9999 -9999 8.10414773772 8.71900066756 -9999 -9999 -9999 -9999 -9999 -9999 -9999 -9999 -9999 -9999 -9999 -9999 -9999 -9999 -9999 -9999 -9999 -9999 -9999 -9999 -9999 -9999 -9999 -9999 -9999 -9999 -9999 -9999 -9999 -9999 -9999
-9999 -9999 -9999 -9999 -9999 -9999 -9999 -9999 8.66748530793 8.22532328037 7.79393692392 8.37381553848 8.03626360385 7.82655995583 7.62863233338 7.50284361977 7.15984322386 6.97728480991 7.16405364295 7.60378870209 7.43657352436 7.60037296389 -9999 7.42114802171 8.43043997315 8.66758094646 -9999 -9999 -9999 -9999 -9999 -9999 -9999 -9999 -9999 -9999 -9999 -9999 -9999 -9999 -9999 -9999 -9999 -9999 -9999 -9999 -9999 -9999 -9999 -9999 -9999 -9999 -9999 -9999 -9999 -9999 -9999
-9999 -9999 -9999 -9999 -9999 -9999 9.43183266331 8.5112549349 7.77188649452 7.91085523872 8.19248166751 8.93737990371 8.32903185238 8.18028150366 7.58809264237 7.79665811519 7.31132994003 7.15795953252 7.64740676813 7.55301149557 7.35008879615 7.5060398482 7.62655369694 7.62476518112 8.5150024917 8.4279304891 8.85523252152 -9999 -9999 -9999 -9999 -9999 -9999 -9999 -9999 -9999 -9999 -9999 -9999 -9999 -9999 -9999 -9999 -9999 -9999 -9999 -9999 -9999 -9999 -9999 -9999 -9999 -9999 -9999 -9999 -9999 -9999
-9999 -9999 -9999 -9999 -9999 -9999 9.40240839916 9.02896803382 7.51750731082 7.37671774073 7.26235969372 7.95857862541 7.54326317987 6.73986101569 6.65727410113 6.70296584807 6.99384570735 5.65822917372 7.11589053661 6.51480825577 6.6890470319 7.07316225855 7.09286738556 7.11240101923 7.39083747627 7.19424818379 8.47612887105 8.173969696 8.38044615761 8.23693943599 8.7135663406 8.70325971786 -9999 -9999 -9999 -9999 -9999 -9999 -9999 -9999 -9999 -9999 -9999 -9999 -9999 -9999 -9999 -9999 -9999 -9999 -9999 -9999 -9999 -9999 -9999 -9999 -9999
-9999 -9999 -9999 -9999 -9999 10.0732519062 9.51098459598 9.46939689481 8.87057349286 8.56079748436 8.01056092432 7.90138874625 7.22954458917 7.09494646577 7.12341688548 7.28790924977 5.59392821194 2.78283527184 5.56733097046 6.62337428775 6.7065405299 6.61355839354 6.94463480002 7.02653796445 7.38961971534 7.57886979039 8.43465759992 7.95181088346 8.2455265542 8.19031248227 8.13043354455 8.28939878361 8.09225706179 7.99833909882 -9999 -9999 -9999 -9999 -9999 -9999 -9999 -9999 -9999 -9999 -9999 -9999 -9999 -9999 -9999 -9999 -9999 -9999 -9999 -9999 -9999 -9999 -9999
-9999 -9999 -9999 -9999 -9999 10.0412551012 9.58153264479 9.60651415508 8.98934511707 8.77593532755 8.31546575314 8.48091333229 5.50290116049 4.49417567082 7.78404776816 7.44628421275 5.21472524838 2.02954969879 4.28678062472 5.23743792258 6.49503713005 6.36098638922 6.82483704218 6.73011608616 6.75813076492 6.41502391601 7.08258960865 6.7221421909 7.29025077052 7.19539895486 7.08407342897 7.33918000427 7.64584952039 7.54068438382 7.55821780465 7.61767434917 -9999 -9999 -9999 -9999 8.20114263697 7.74228351831 -9999 -9999 -9999 -9999 -9999 -9999 -9999 -9999 -9999 -9999 -9999 -9999 -9999 -9999 -9999
-9999 -9999 -9999 -9999 -9999 9.82420112413 9.41952309246 9.26039951963 9.12108553972 9.30110536782 8.6858753947 8.55699571021 7.88718736398 8.02684694315 8.02069739669 7.02545177578 6.03607814854 7.02651336638 7.18833455227 7.11963879924 6.921605469 6.18628153239 6.3648099849 6.26284500081 6.69889601178 6.58033288002 6.93922063071 6.70915213885 7.40162277533 6.65712657348 4.439675531 5.98887194808 7.59587335559 7.08774377726 7.05507110006 7.69880784266 7.73088776302 -9999 -9999 7.97852540151 8.02661665135 7.94787479604 8.14917653491 -9999 -9999 -9999 -9999 -9999 -9999 -9999 -9999 -9999 -9999 -9999 -9999 -9999 -9999
-9999 -9999 -9999 -9999 -9999 -9999 9.86409873976 9.5508974779 9.35727456748 9.23570313146 8.62092734317 8.8528390282 8.84487490697 9.7537875362 7.15526403531 6.99114119283 6.44915357601 6.33149001604 6.21106781014 6.30414577535 6.16869033858 6.26423601694 6.13083266382 6.33138652799 6.23982463816 6.00443164485 5.69605017745 5.90216171499 6.14146665958 6.2304187516 5.89637474838 6.45370498559 6.19274061714 6.50981336457 6.78352073116 6.97756422455 7.21750375797 7.39497135147 7.52478547096 7.44460825037 7.47519375522 7.87941632161 7.52078199215 7.46921239599 -9999 -9999 -9999 -9999 8.39659899467 8.13477599504 1.83640573 -9999 -9999 -9999 -9999 -9999 -9999
-9999 -9999 -9999 -9999 -9999 -9999 -9999 9.21361174996 9.11963615503 9.45776502194 9.14644319318 8.8916413408 7.74859572207 6.76146558282 5.73811162193 6.6064628804 7.09114061987 7.35161408064 7.0115042209 6.60655584149 6.01324878656 6.02018546408 6.0019507928 6.04333421686 6.05317370958 5.80589179902 5.86964228158 5.96466081473 6.27874382149 6.11742184768 6.23631158954 6.20470319658 6.38782241054 6.45676315874 7.03665947564 7.03136130305 7.60192977706 7.47799131287 7.48792044779 7.46831936226 7.1640574642 7.16340127368 6.60176704725 5.60726645638 5.10666626102 5.35271129107 5.78426641082 5.33615191 5.23935086067 6.98282291071 6.73689300666 5.47665852385 -9999 -9999 -9999 -9999 -9999
-9999 -9999 -9999 -9999 -9999 -9999 -9999 -9999 8.90714821127 8.6849191247 8.73644968329 8.99735093444 8.33437942926 8.52588664258 8.04633629807 7.8169164895 6.83486300544 6.85613616561 6.11729464695 6.36547762792 6.88274941507 6.78959330998 5.79503328883 4.25205825507 4.04052635217 4.2031940892 5.10166609338 5.28347652588 5.11112362383 4.84540469421 5.20619706203 5.1894256399 5.41263673068 5.4696992255 5.97718395954 6.2642202073 6.54141128066 6.62659380448 6.69977300922 6.70988349301 6.81611249689 6.01478651233 4.46260808183 4.24499037338 4.14137955628 3.93167874092 4.34316606467 4.06881791151 3.89497185733 5.47918164947 6.02140148738 6.10278158038 5.63531837722 -9999 -9999 -9999 -9999
-9999 -9999 -9999 -9999 -9999 -9999 -9999 -9999 9.33577909696 8.99880930708 8.54070928136 8.56298840508 8.17941218135 8.16320157956 7.39792126478 7.33282931665 6.57642639379 6.79004293372 6.3707175597 6.54313972083 6.72579213662 6.74040156587 6.15130316301 5.91064755843 4.83178678756 3.7220459116 4.60309461344 5.53486851193 5.30111750999 4.94177978513 4.93187308673 5.12085254874 5.25438238227 5.38606064944 6.06737061564 2.57081753438 6.71279127198 6.5465150063 6.68227498135 6.64411687219 6.65295216334 5.80523943349 4.29855310262 4.28019011665 3.94556513427 3.91866110123 4.31311693459 4.12503782641 4.3003216308 6.25190754261 6.08981356185 6.10238618562 5.89066251587 6.17825771042 5.61960660127 5.77175071789 -9999
-9999 -9999 -9999 -9999 -9999 -9999 -9999 -9999 -9999 9.39075939668 8.77528637235 8.25299823992 8.0101038524 7.61677532653 6.53360267004 6.4485405931 6.44875548732 6.66489712198 6.69210740955 6.74222980197 6.95437423148 6.62524167141 6.55146633778 7.9911622882 5.57137674491 5.30653907991 4.03613610842 3.34546424656 3.6942482272 4.68041781737 4.6497380401 4.67547980305 4.78453742416 4.49214645442 4.91164444524 4.41544914804 5.93586756223 5.81025475395 5.87299544317 5.89200368552 5.92088358146 5.85204627063 3.58631884586 4.01840551899 3.53504786393 3.21360549854 2.99393178056 3.11475146349 4.82424928842 5.03594407042 5.08162794693 5.00317499422 5.07969988604 5.35152867346 5.44053103606 3.71489113062 2.84144268697
-9999 -9999 -9999 -9999 -9999 -9999 -9999 -9999 -9999 -9999 8.32940143597 8.39565601697 7.97198511198 7.80320406828 6.31692894805 6.00888375395 6.68483849356 7.05424511686 6.80665555494 6.54054116422 6.29359525641 6.22114856355 5.58293981558 5.94904300076 4.63588250113 5.6052040495 5.00360844316 3.99180275342 2.81432207286 3.79307054911 4.66966617746 4.67660824628 5.02577739861 4.55714070224 5.53054653288 5.37066609634 5.87457532648 5.80998132115 5.89286219448 5.90691617391 6.02632616916 5.83846376187 4.65459339711 3.56918845739 4.38430635622 4.29704892334 3.81949492433 3.40746728057 5.02929083318 5.07550145424 5.40103107759 5.29962580716 4.94875835665 5.25780276445 5.09741604637 3.47804906902 2.81871501541
-9999 -9999 -9999 -9999 -9999 -9999 -9999 -9999 -9999 -9999 -9999 3.95266128469 4.3942748954 7.09524687224 6.11400575543 5.99469757949 6.52201497139 6.49182884166 5.96864185079 6.12490273584 6.12200388609 6.08577019592 5.34340576718 4.89857746878 4.57335362387 2.82713752554 3.69508105398 4.76636261954 4.65210336098 3.92677346108 2.87642991494 3.61870237049 3.49627459846 3.69078367354 4.66282206311 4.44996842153 5.05999396394 5.04259387742 5.37926444265 5.38280320705 5.24569319962 4.74055156367 5.02715425258 4.34201966535 3.40926088802 3.07602855939 3.3515645697 3.67732188383 3.74908804762 4.67379973073 4.70419834658 5.06219134938 4.88696511765 4.6649485573 4.27234169413 4.25483705181 2.98805567405
-9999 -9999 -9999 -9999 -9999 -9999 -9999 -9999 -9999 -9999 -9999 3.40927361431 4.73079164051 6.88617139412 6.53101463674 6.62861688487 6.13698024473 6.02520093942 6.06444498387 6.08973937482 5.88848407727 6.15238423211 5.22799262786 5.12095743293 4.85991979549 5.17497356098 4.71331067075 4.10042425491 3.15268668852 3.97144919653 3.83754874547 3.21151846986 1.82053470793 2.27533971707 3.51973769462 4.60153805563 5.04473171958 5.09158821182 5.31222882031 5.2526741631 5.02030942983 4.96659758196 4.70035794457 4.86414145995 4.78802926126 3.81043974788 4.26688972434 4.63292247486 4.33257386561 3.65676672191 3.74650390811 3.75702903111 3.24379720719 4.7633301332 4.75394136694 4.50598634973 4.34853659665
-9999 -9999 -9999 -9999 -9999 -9999 -9999 -9999 -9999 -9999 -9999 8.35859281048 7.34547805142 7.17642208955 5.9618178877 5.89230310167 5.34001512113 4.98239682547 4.80021387998 4.98224694631 5.0654554173 5.11618903672 4.67668971536 4.34212287765 3.99319269102 4.03822801449 3.96394603116 3.92068859339 3.83037503653 3.61126553905 2.87897644778 3.55241197011 4.26263334838 4.63549778184 3.12970674468 1.56277818715 2.33992483368 1.80111121972 4.60003675211 3.24548422151 2.81507071512 4.69285229971 4.83300597573 5.07836090612 5.78183554607 6.09536169039 4.09266059803 3.85677870061 3.72720169647 3.69899013034 3.36963513855 3.63915100369 3.80696841635 4.29474861869 4.89547809234 3.84613895351 3.45623392859
-9999 -9999 -9999 -9999 -9999 -9999 -9999 -9999 -9999 -9999 -9999 -9999 6.82824093175 7.09416629318 6.35637719402 5.89900794626 5.24310143604 5.19340349153 4.86395882544 5.14445353892 5.14223691402 5.00911612761 4.70552041194 4.70514175686 4.14121743212 4.1877836534 4.00246493551 4.06727815435 4.02196133767 3.93053372945 4.0882447698 4.17615098069 4.15783574178 3.13980808203 3.7360041052 2.92741204952 2.97655782623 1.92480813183 2.35177948257 4.78697194862 5.24889238542 4.45830197369 5.25174571751 5.54317475431 5.80356838939 5.99023830379 4.84821961342 3.88522983378 3.26158028023 3.48814871648 3.23229474137 2.89629006295 2.64762730897 2.68054469834 2.44300049079 3.10453896808 1.86738850109
-9999 -9999 -9999 -9999 -9999 -9999 -9999 -9999 -9999 -9999 -9999 7.73729990898 7.10670965 7.17174731202 5.96645151918 3.32767781756 4.38526874023 4.93531827967 4.29454313225 4.56101041438 4.11920924242 4.08369416453 3.79239637537 3.84373796104 3.76956325423 3.7398205001 3.60197353407 3.45920864126 3.5465392643 3.48017159063 3.50713055519 3.57808745526 3.62816874833 3.60386677631 3.9102764671 2.36313803428 2.45988078753 1.28943607517 1.26587216686 3.88134207729 4.49978398636 3.63349424999 6.0852888282 6.11926789293 6.33767143495 6.26225200998 6.30438866158 4.83090383822 3.60043432699 3.57966196101 2.989266276 2.28881132424 2.07262476189 2.08482095839 1.95498220343 2.1114466607 2.67168403571
-9999 -9999 -9999 -9999 -9999 -9999 -9999 -9999 -9999 -9999 -9999 7.86710215158 7.66114686988 7.51088976661 6.30515725824 4.29362180055 4.88328925405 5.00775710025 4.56660615751 4.70935805603 3.92263370167 4.05157344542 4.00725611444 3.96370027376 3.85999757076 3.84543616274 2.14293272696 2.51586695639 3.52566066772 4.09887523668 4.06288201282 3.61744603599 3.59110302199 3.60525575442 3.85745741787 2.19013432061 1.6109416669 2.3911985769 1.50368650418 2.9787091442 4.00379925611 3.57945575924 4.67522631682 5.50556363794 5.50177220843 5.32153231245 5.3929232849 5.42375099232 4.62328630924 4.28124040339 2.94765782124 3.01856664202 2.70264209261 2.59677641897 2.44894083912 2.30467129166 1.88287091012
-9999 -9999 -9999 -9999 -9999 -9999 -9999 -9999 -9999 -9999 -9999 8.35995786653 8.06193209076 7.55409200388 6.43154994752 6.24937518559 4.68521506344 4.95215388436 4.42853570131 4.87838305804 3.21358858165 1.42167408117 3.4186251164 3.64450191831 2.79936538252 2.79849430172 3.18837005317 3.34438977468 3.20552675752 3.19614435569 3.3386298873 4.0016821097 4.13759024549 4.01081502545 3.72092095882 1.5271833792 0.850422254724 0.557715354078 1.3235596482 1.7824437609 4.15495019226 4.71815912253 4.51351487064 4.17309254871 4.42882117321 4.44329677121 4.61126634774 4.64221112068 4.70360421525 4.70800231878 3.28604083571 2.26299670137 1.89600866443 1.85260158511 1.78812902909 1.90972638312 2.18236016925
-9999 -9999 -9999 -9999 -9999 -9999 -9999 -9999 -9999 -9999 -9999 -9999 8.15382305864 7.99019955824 6.7592409972 6.13367476603 4.9961138519 5.28401075282 4.61629455634 4.75142502389 4.50214197648 4.76597647647 3.27361626792 2.69856379748 2.66420550588 2.63375400015 2.37275535362 2.46544539944 2.38112934605 2.18523254982 2.02478356857 2.86580777677 3.35220216024 3.49079253271 3.56080367159 1.46448533945 1.11198167539 0.707489871656 1.73271579236 2.46312105437 4.33750350984 4.30935569035 4.72499679425 4.24517510122 4.51604727503 4.48109266089 4.44316764113 4.49146322223 4.38072716486 4.74559015029 4.24512142804 2.19648217663 2.21045365942 2.80275084072 1.90975562207 2.03129680162 1.92490585777
-9999 -9999 -9999 -9999 -9999 -9999 -9999 -9999 -9999 -9999 -9999 -9999 8.38873497297 7.93334531316 6.88220444926 6.19367739288 4.90849077997 5.15249859957 4.75561790451 4.88986295807 4.57298628496 4.4191542487 3.76318646076 3.43487482605 3.01128135934 3.20870145483 3.39422468068 3.13944432801 2.76672743628 3.19447747201 2.80512665007 2.95610352562 4.18286692976 4.29667496627 2.74467684111 1.57436029393 1.10476872386 1.83186482217 2.81648670316 2.46026803726 4.13086890513 4.05294845422 3.9716336388 3.95163964002 4.10549027116 4.01943262056 3.69308294436 3.52180243046 3.43033766154 3.96657547703 3.7838332623 3.2337604367 3.10507805205 1.32932955067 0.978119847098 1.22257130903 1.01661943585
