data/recharge/transience/oldversion/mHM_recahrge_542.ASC
ncols   80
nrows    72
xllcorner    4374000.0
yllcorner    5656000.0
cellsize      500
NODATA_value  -9999
[rows 0 to 25 of 72, columns 0 to 56 of 80]
-9999 -9999 -9999 -9999 -9999 -9999 -9999 -9999 -9999 -9999 -9999 -9999 52.8680670964 54.5836387925 -9999 -9999 -9999 -9999 -9999 -9999 -9999 -9999 -9999 -9999 -9999 -9999 -9999 -9999 -9999 -9999 -9999 -9999 -9999 -9999 -9999 -9999 -9999 -9999 -9999 -9999 -9999 -9999 -9999 -9999 -9999 -9999 -9999 -9999 -9999 -9999 -9999 -9999 -9999 -9999 -9999 -9999 -9999
-9999 -9999 -9999 -9999 -9999 -9999 -9999 -9999 -9999 -9999 -9999 -9999 47.1722740316 44.9576107004 44.8538048099 -9999 51.2505707901 -9999 -9999 -9999 -9999 -9999 -9999 -9999 -9999 -9999 -9999 -9999 -9999 -9999 -9999 -9999 -9999 -9999 -9999 -9999 -9999 -9999 -9999 -9999 -9999 -9999 -9999 -9999 -9999 -9999 -9999 -9999 -9999 -9999 -9999 -9999 -9999 -9999 -9999 -9999 -9999
-9999 -9999 -9999 -9999 -9999 -9999 -9999 -9999 -9999 -9999 47.9679243733 46.4964966495 47.2642950979 44.6275333306 43.097062109 44.2689730276 47.2636893214 49.2358131103 -9999 -9999 -9999 -9999 -9999 -9999 -9999 -9999 -9999 -9999 -9999 -9999 -9999 -9999 -9999 -9999 -9999 -9999 -9999 -9999 -9999 -9999 -9999 -9999 -9999 -9999 -9999 -9999 -9999 -9999 -9999 -9999 -9999 -9999 -9999 -9999 -9999 -9999 -9999
-9999 -9999 -9999 -9999 -9999 -9999 -9999 -9999 -9999 47.1854458375 46.4046551851 45.6242120454 44.3956300556 44.8674068152 43.7917930932 44.4497361246 45.8732432191 49.6040560379 -9999 47.307628136 -9999 -9999 -9999 -9999 48.873082447 50.5233751805 -9999 -9999 -9999 -9999 -9999 -9999 -9999 -9999 -9999 -9999 -9999 -9999 -9999 -9999 -9999 -9999 -9999 -9999 -9999 -9999 -9999 -9999 -9999 -9999 -9999 -9999 -9999 -9999 -9999 -9999 -9999
-9999 -9999 -9999 -9999 -9999 -9999 -9999 -9999 48.0974845461 47.0162995375 45.3246074921 45.4307797743 43.6046740487 43.5414373921 42.8924475777 44.0377995211 44.5734013132 45.531917554 46.1437832974 44.4902049013 43.161026341 44.0359498873 -9999 47.7826401247 47.3096581112 49.1517269175 -9999 -9999 -9999 -9999 -9999 -9999 -9999 -9999 -9999 -9999 -9999 -9999 -9999 -9999 -9999 -9999 -9999 -9999 -9999 -9999 -9999 -9999 -9999 -9999 -9999 -9999 -9999 -9999 -9999 -9999 -9999
-9999 -9999 -9999 -9999 -9999 -9999 50.491435091 46.9828979413 46.6101480991 46.5671813 46.1329106848 45.500297999 44.1425697973 44.381343013 43.4956405288 43.6741611313 43.7144365365 42.8953810009 42.4691530677 42.7911303405 42.4004876618 42.6569439541 45.4098922279 46.4456228522 47.2830252326 48.4012401514 49.0670875118 -9999 -9999 -9999 -9999 -9999 -9999 -9999 -9999 -9999 -9999 -9999 -9999 -9999 -9999 -9999 -9999 -9999 -9999 -9999 -9999 -9999 -9999 -9999 -9999 -9999 -9999 -9999 -9999 -9999 -9999
-9999 -9999 -9999 -9999 -9999 -9999 49.3023125105 47.0011548223 45.1338358449 44.6496509909 44.4129115031 44.6817715823 43.2516179376 43.254957317 41.9826254148 41.7516963117 42.8777746004 33.4217378686 38.8978703407 41.6536269588 41.5931616792 42.9733059046 43.4125737214 43.6280113321 46.0609726284 46.0162949681 46.8290361633 46.7766378944 46.102562804 46.3379519775 45.901287987 46.7599300126 -9999 -9999 -9999 -9999 -9999 -9999 -9999 -9999 -9999 -9999 -9999 -9999 -9999 -9999 -9999 -9999 -9999 -9999 -9999 -9999 -9999 -9999 -9999 -9999 -9999
-9999 -9999 -9999 -9999 -9999 48.5632836803 47.7532157003 46.790307679 45.5548459242 45.5138290007 44.8016118396 43.7747805199 42.5392289934 42.4344149429 42.852365295 43.0642748615 33.4616044641 17.6083938978 31.0527660975 41.916082055 42.0557820803 42.0632565994 42.5685052698 42.6256766991 44.7781683303 45.501507894 46.4565944695 46.5864459018 44.7743056685 45.0584177603 45.3940201437 46.4179615275 46.1032272756 46.4520215073 -9999 -9999 -9999 -9999 -9999 -9999 -9999 -9999 -9999 -9999 -9999 -9999 -9999 -9999 -9999 -9999 -9999 -9999 -9999 -9999 -9999 -9999 -9999
-9999 -9999 -9999 -9999 -9999 48.5195943175 45.8300061869 46.1710522192 44.9021174514 44.7235452725 44.0541156481 44.0844127632 31.4140323513 25.4770497243 42.917575831 42.3859916633 36.2192988796 14.9111538013 26.2583835414 35.8372729499 42.7029646904 41.7889850692 42.516226112 42.9217507663 42.8489755095 42.5962819449 45.5032763051 45.7436610227 43.0321489174 41.0166795906 38.7500642439 42.0227466775 44.2812812361 44.7929254966 44.8116902249 45.7996217598 -9999 -9999 -9999 -9999 44.2877075036 43.9338888412 -9999 -9999 -9999 -9999 -9999 -9999 -9999 -9999 -9999 -9999 -9999 -9999 -9999 -9999 -9999
-9999 -9999 -9999 -9999 -9999 48.3551065327 47.011464188 45.9653942947 44.6202867615 45.4416341996 45.0871042786 45.0009429119 42.9304938836 42.0666212869 43.5939942052 43.5829018843 41.0188595883 42.6557571422 42.3489535071 42.444492422 42.3510261349 41.1171490332 42.0003204349 42.0680807556 42.8677173227 43.1367422672 44.6732803371 45.0949338076 44.5885341037 39.6506356011 27.6484121617 36.3274657678 43.5090117721 44.8918607623 46.5343322016 44.7645473172 45.2214604023 -9999 -9999 45.6028662232 44.3872240241 44.9467620361 44.5012973775 -9999 -9999 -9999 -9999 -9999 -9999 -9999 -9999 -9999 -9999 -9999 -9999 -9999 -9999
-9999 -9999 -9999 -9999 -9999 -9999 47.7363077537 46.6707655512 45.5312024311 46.3976419588 45.0866601378 44.7322817071 44.23537959 44.7272439009 42.4029268309 42.8222233464 42.2992212952 42.9633779148 42.8682562197 42.7091793896 42.5488501066 41.50263951 41.1525162848 43.0093407388 42.885689249 42.8717890029 43.7362131706 44.6562859055 44.0067275482 42.4652261692 39.4930382899 42.0133901606 42.9754990404 43.321765131 43.190252494 42.9427751105 44.3434172181 47.1132151754 43.9698176502 43.5024843732 43.9609169244 44.5451990456 44.3069299064 45.5352172573 -9999 -9999 -9999 -9999 47.8249662919 47.3726184525 12.4471556823 -9999 -9999 -9999 -9999 -9999 -9999
-9999 -9999 -9999 -9999 -9999 -9999 -9999 48.7743354321 45.8434984683 45.2951340874 45.1433689544 46.0141674047 44.3581935999 42.7505941389 44.0504622686 43.7379035165 42.5293400575 42.1513650697 41.7700173744 41.226796046 41.6871061453 40.7216587874 41.1316852982 42.9221222187 43.5123739009 42.3520176944 43.5503251909 42.7947638487 42.9211857559 42.4790823107 42.9016634475 42.282491215 42.5090649314 42.0346543943 42.6845695955 43.3749272476 43.7210733356 45.2384827258 44.5695196779 43.9416093165 43.9729714419 44.9766761044 49.3261685071 48.2523826684 46.468435175 47.1746784923 47.9312464546 47.1980167459 46.33910031 47.2966722509 42.6987644613 36.8131083838 -9999 -9999 -9999 -9999 -9999
-9999 -9999 -9999 -9999 -9999 -9999 -9999 -9999 45.6668845407 46.4922974897 45.7307095903 45.3238707579 44.1495688975 45.1905869763 44.8212512545 44.7558715786 42.7511847989 43.6617050498 43.0087749633 41.5793119003 41.7060779167 41.6733309794 53.8041284721 78.3417126347 75.840239313 77.7020065036 49.5826761473 41.5501723005 41.2961973599 42.4842161493 40.9564315031 41.4239813382 41.3243050467 42.0251147815 42.4498610718 41.5551399606 41.9160767879 42.4097299924 42.9662877324 43.3309430926 45.2230552972 48.1478184235 44.6831488175 44.0384864946 42.7401254551 42.0482459734 43.3847436138 42.5713381791 41.2135576038 45.1205879598 42.9815010958 43.1967661117 41.4623209132 -9999 -9999 -9999 -9999
-9999 -9999 -9999 -9999 -9999 -9999 -9999 -9999 46.4145938902 46.6942135749 45.4970873406 45.8367879554 45.1245476544 45.272929153 44.9764093443 44.1187960022 42.3183739392 42.9461026748 41.8403329865 41.526910531 42.2080576853 41.8769072609 63.4024491095 83.602060923 79.4648365747 74.5196420781 78.3365272833 49.2596145123 43.7629633621 43.7956386569 43.5249271461 41.9074737124 43.3202377288 42.460060766 41.6266327711 18.0202835648 42.492751211 42.2719352787 42.2764787248 42.4057813852 42.304819956 48.0029501716 44.331340378 44.13158308 42.1684231921 42.0614211288 43.293826799 42.7251952608 43.6555898557 43.0331606395 42.2989169002 42.3849314935 40.6572669458 39.8319861025 39.8274743116 39.9361252807 -9999
-9999 -9999 -9999 -9999 -9999 -9999 -9999 -9999 -9999 45.0876267355 44.7947297489 45.9214107063 45.5917126895 45.2658677684 44.2885817022 44.1859246966 43.7169961291 42.5210588618 42.5291101046 42.84104018 44.2846867145 43.2042145423 47.4849946659 89.1611890624 84.6499289922 82.9627872455 74.8280903469 72.9053343096 53.9874644056 41.0724198054 41.5973287581 41.0437532375 40.9929339083 42.1224353601 40.1441465324 34.6018432549 42.1311198696 42.18864821 42.1840941912 41.7397529799 41.7492035412 41.7108193521 42.7937474333 42.676486385 39.4376220187 38.0432568247 35.9397190275 36.8773151261 41.4124664005 40.553205127 40.1516559545 40.1187341319 38.987291406 39.0971403655 39.1983808528 37.496932492 30.4399195946
-9999 -9999 -9999 -9999 -9999 -9999 -9999 -9999 -9999 -9999 44.5429562693 45.4406557546 45.823839418 45.652041426 44.2202030772 44.2368731216 48.0885373167 48.1509097284 48.037502296 48.5058719581 46.5651234327 46.1273273537 45.4245027656 60.636220265 80.3154837515 83.4444517011 78.0943136531 74.5178820945 68.0271960121 57.3867336178 41.4508934373 41.0236869753 40.5567901784 40.8835749121 41.3597299615 41.3538106809 41.6719818338 42.0102710453 42.2939812164 42.3210155885 41.4478432077 41.484761128 43.3735139563 43.1658513472 43.2020303225 41.83885074 39.5009343997 38.7736566913 41.1724952931 41.5344143293 41.6270607202 40.3008101482 39.2173742 38.6214772557 37.9956798198 35.7156212881 30.3161877805
-9999 -9999 -9999 -9999 -9999 -9999 -9999 -9999 -9999 -9999 -9999 23.8328017229 30.6809499311 44.5888643468 43.9447665753 44.0645381699 48.1170258942 48.5845734786 46.30497716 45.5824034574 42.9919343603 43.1832720673 44.0140027814 44.7354545735 51.508500925 72.283931659 74.612473219 79.316929477 73.2069525026 52.6755451423 65.6007988735 41.6449906576 39.7641606416 39.7461055213 41.4573554394 41.8754483034 40.6788209506 40.5227878923 41.1876305624 41.5896925124 40.6057147755 40.3843569829 41.0189583074 44.2358131235 38.5706753665 37.2898046919 36.7352099707 38.8103035572 41.346429063 39.5286721705 39.2585606129 38.7329660112 37.7838555398 37.2404180273 36.0446986072 36.5776773055 31.1562153791
-9999 -9999 -9999 -9999 -9999 -9999 -9999 -9999 -9999 -9999 -9999 22.4875686918 33.0387957927 44.3130719587 43.645820026 43.9198766942 46.4898365999 46.6906313971 43.2808317696 42.9859811396 43.4916496881 43.8930786169 43.4486795387 45.5185597914 44.2613756158 42.9539275216 53.0011881599 69.0422221014 71.3689527815 64.9496878666 68.5968311883 68.9736980226 62.0465413228 64.2236498769 56.2573844865 43.2636859503 40.0700920852 40.9557743213 40.5102110144 39.726461331 36.3349763978 39.7883608594 39.7302215459 40.258112458 43.8030302649 40.5139932134 40.694246542 41.783287669 39.6477082979 37.7536801544 36.9203931688 37.3712520271 33.9028043876 39.0643247256 37.5196760548 36.7902324285 35.9502433245
-9999 -9999 -9999 -9999 -9999 -9999 -9999 -9999 -9999 -9999 -9999 45.9233244643 43.2416642543 43.2155229698 42.5093358997 42.8858314055 44.278283437 44.6802310927 42.7439632935 42.3942963304 42.2158907954 42.3028571062 42.4339316163 44.1852701575 41.552949016 41.0876303675 40.9484811184 40.5818902042 40.2037442175 47.7366423336 60.5544117293 73.3517785195 73.3519570565 73.2075830469 56.8484467454 63.1314185716 57.9503513076 56.8404836163 42.3451029789 30.7626000727 23.7123299268 39.2937537612 38.7188380394 39.7722083733 41.1441750068 44.5529557404 40.1956885228 39.3054327873 37.4190692103 37.3798183663 34.9269393261 35.903024685 35.7825544052 38.1620006317 38.5814101822 30.9254833978 29.6630367891
-9999 -9999 -9999 -9999 -9999 -9999 -9999 -9999 -9999 -9999 -9999 -9999 45.087311219 43.000757117 42.9212624747 42.1479827701 42.1985197787 43.9378397477 43.7955080114 42.3524969659 42.9749082186 42.2576878831 41.5102909774 41.3491811196 40.8796213138 41.384637238 41.3835480708 41.3952579039 41.0034788428 40.9103226544 40.6438853798 40.3587059143 45.2871628283 60.0819664731 61.3501016384 35.7706483015 67.2250506842 55.5573635738 60.0545267782 39.5911904834 40.35189262 38.5623066825 39.2723481102 40.0117278461 40.4663117461 41.2813769741 44.4733254979 39.4064155634 35.4549577041 36.3534465807 34.4822514665 32.7039569283 30.7188276012 30.8679598218 27.3600115222 29.4147237334 17.2861290293
-9999 -9999 -9999 -9999 -9999 -9999 -9999 -9999 -9999 -9999 -9999 45.9016257567 45.6979329407 43.9610954153 42.3646600229 25.0326601724 35.7084429522 42.3815583585 42.2018940476 41.1685911516 41.0911338466 40.9696108194 40.4110885799 41.0021316706 40.4226460553 40.4219684239 40.0935919129 40.3263885407 40.4251281638 39.8588342277 39.4733871286 39.4855253477 39.1799806085 38.8427769119 38.8934199715 60.3405966369 56.5963080862 49.5285741157 47.3428795885 40.387350594 38.9236531344 37.8818658139 40.166572288 41.1091004989 41.1603917556 40.7003705487 40.8914058 45.2345656225 37.4843237451 37.5547335952 32.2586573008 28.099444491 25.5698498976 25.6444016592 23.7486661469 24.8254932314 27.1558382227
-9999 -9999 -9999 -9999 -9999 -9999 -9999 -9999 -9999 -9999 -9999 46.5422513536 45.6983043535 44.4569577176 42.9615839951 32.5853522022 40.5114621392 42.8057207632 42.2727197564 41.9148045251 33.2518019004 34.1611208745 40.461774638 40.7491225692 40.3950183354 41.1400848124 26.6116579648 27.3197335164 37.5728827746 39.7992319511 39.5219633945 39.5200957906 38.8205493951 38.8157120563 38.7580616726 55.7628327015 51.8421556686 56.5214935097 49.3660226783 51.2824588771 37.9678529981 37.9017792984 40.2874329874 40.8984814384 41.9465069114 42.1662642228 40.2308037929 40.6961883962 41.7171832285 42.7410960228 32.0225132781 31.9863012931 29.3573340432 28.741754556 26.9295005956 26.0752590479 21.9535753436
-9999 -9999 -9999 -9999 -9999 -9999 -9999 -9999 -9999 -9999 -9999 45.3910867486 45.3627472858 44.0274111032 43.1632575987 42.9025916004 42.415963665 44.1416965562 42.1791955499 42.7755533779 35.3413324527 15.4512225237 35.8121019308 48.0787772658 43.3675985903 43.4444162365 45.5989084716 45.5080846689 43.939348401 42.2687656064 41.3041376393 39.5302130803 38.9346409382 39.007818626 38.3231235983 48.3698051078 41.3166736591 37.2268615202 45.1672950281 45.9473432747 37.719010707 38.6627924359 39.4031435946 39.2840175854 40.3140816108 40.6538764923 39.6753974849 39.0105951627 38.1947730992 38.1317141872 35.0640985816 28.3873924743 24.8709639437 22.5907143343 20.6319257527 21.6042535551 22.7701437239
-9999 -9999 -9999 -9999 -9999 -9999 -9999 -9999 -9999 -9999 -9999 -9999 46.2602612182 44.7191202547 43.9518945608 43.549862755 44.2071664991 44.0685294731 41.930111346 41.7732308899 42.7653006682 43.9596609201 47.6292143366 44.1030878492 42.8287386001 42.6714224529 40.4200356238 40.8727595542 39.4203999567 38.3515241153 35.7175023527 42.5843706083 38.1130541554 38.5756695857 37.8830541496 50.3324118655 44.2738642026 39.9893744328 48.0689632382 52.4908573115 38.298255822 37.9648072606 39.0730854196 39.6616036477 40.1730145281 39.7881803557 38.9411540082 38.1693777182 37.4218868653 37.9246476578 36.751835192 23.1823017234 25.5661912773 30.0619608441 22.2636819663 22.3911983967 21.0836899153
-9999 -9999 -9999 -9999 -9999 -9999 -9999 -9999 -9999 -9999 -9999 -9999 47.5545609884 45.764417397 44.4230173034 47.7392322606 45.6850353787 45.3940649917 43.9707113405 43.0714523149 42.0940922578 42.5454022514 46.8938336186 46.796545781 44.9016249934 46.3908341877 45.6335717389 44.2005063747 41.0335531176 42.8160717823 39.3651670824 40.3851017683 41.5375632014 39.3880435562 54.5934218165 48.2489124979 53.1170604444 47.8658008139 53.6718672776 48.3540619183 40.6771511973 38.2725501969 37.0488620467 37.0332472551 36.9478164211 36.900856812 36.659755462 36.5138394711 35.5033066632 36.2620131364 35.1001794038 32.5597134732 33.0871706283 20.3357708835 15.8036384894 18.1270761438 13.855447028
-9999 -9999 -9999 -9999 -9999 -9999 -9999 -9999 -9999 -9999 -9999 -9999 47.141855183 46.4952138067 44.1815112486 45.193077838 44.3353550068 43.3279790575 43.8147210989 44.3942615008 43.3441311852 41.3492920545 41.4602955983 34.4637629767 38.9155640963 44.3399573136 47.3412963057 46.3481427137 41.3063012791 40.266894989 37.3811088049 36.6548941123 41.7477648934 43.4172072233 52.2537532963 48.2433367753 60.0102292094 51.4360769851 44.7720805911 30.7478643054 27.4797119801 32.2963911749 39.5066594607 37.4870931069 37.2904269372 36.9306203009 36.7641709146 37.080216827 36.642848792 37.1056918872 36.2993193299 31.4684466595 19.8772285842 17.5627943799 18.6177263553 16.8245802535 15.3374346278
