data/recharge/transience/oldversion/mHM_recahrge_87.ASC
ncols   80
nrows    72
xllcorner    4374000.0
yllcorner    5656000.0
cellsize      500
NODATA_value  -9999
[rows 0 to 25 of 72, columns 0 to 56 of 80]
-9999 -9999 -9999 -9999 -9999 -9999 -9999 -9999 -9999 -9999 -9999 -9999 36.8992185513 37.8289122195 -9999 -9999 -9999 -9999 -9999 -9999 -9999 -9999 -9999 -9999 -9999 -9999 -9999 -9999 -9999 -9999 -9999 -9999 -9999 -9999 -9999 -9999 -9999 -9999 -9999 -9999 -9999 -9999 -9999 -9999 -9999 -9999 -9999 -9999 -9999 -9999 -9999 -9999 -9999 -9999 -9999 -9999 -9999
-9999 -9999 -9999 -9999 -9999 -9999 -9999 -9999 -9999 -9999 -9999 -9999 32.1894605271 31.2338778133 31.0057186933 -9999 31.332167579 -9999 -9999 -9999 -9999 -9999 -9999 -9999 -9999 -9999 -9999 -9999 -9999 -9999 -9999 -9999 -9999 -9999 -9999 -9999 -9999 -9999 -9999 -9999 -9999 -9999 -9999 -9999 -9999 -9999 -9999 -9999 -9999 -9999 -9999 -9999 -9999 -9999 -9999 -9999 -9999
-9999 -9999 -9999 -9999 -9999 -9999 -9999 -9999 -9999 -9999 31.776255805 31.339265497 31.9045071521 31.2419019671 30.2182987272 30.0631458017 29.6329391531 29.9310361097 -9999 -9999 -9999 -9999 -9999 -9999 -9999 -9999 -9999 -9999 -9999 -9999 -9999 -9999 -9999 -9999 -9999 -9999 -9999 -9999 -9999 -9999 -9999 -9999 -9999 -9999 -9999 -9999 -9999 -9999 -9999 -9999 -9999 -9999 -9999 -9999 -9999 -9999 -9999
-9999 -9999 -9999 -9999 -9999 -9999 -9999 -9999 -9999 31.5084191605 31.4129359151 31.1633749178 30.8944516405 31.0975287728 30.5737687494 30.6503579558 29.9107123827 31.0484733756 -9999 31.7873455491 -9999 -9999 -9999 -9999 31.0074912087 31.6040245419 -9999 -9999 -9999 -9999 -9999 -9999 -9999 -9999 -9999 -9999 -9999 -9999 -9999 -9999 -9999 -9999 -9999 -9999 -9999 -9999 -9999 -9999 -9999 -9999 -9999 -9999 -9999 -9999 -9999 -9999 -9999
-9999 -9999 -9999 -9999 -9999 -9999 -9999 -9999 32.285809117 31.721454479 30.9119460448 30.9911074771 30.4384861001 30.2879310343 30.0664772793 30.1973683523 29.3846229612 29.1688670161 29.7598047404 30.4809356355 30.0912850182 30.39917509 -9999 30.0990873611 31.0318877551 31.4518751353 -9999 -9999 -9999 -9999 -9999 -9999 -9999 -9999 -9999 -9999 -9999 -9999 -9999 -9999 -9999 -9999 -9999 -9999 -9999 -9999 -9999 -9999 -9999 -9999 -9999 -9999 -9999 -9999 -9999 -9999 -9999
-9999 -9999 -9999 -9999 -9999 -9999 32.4693869474 31.7041441585 31.3285555753 31.4069709422 31.3576425603 31.3200758568 30.7504526579 30.7066192007 30.1579051972 30.3461421539 29.8780494202 29.4049858251 30.1558322033 30.1432100917 29.8685429736 30.0449136488 30.6175980087 30.0501107972 30.7693775828 30.9110223197 31.4767478636 -9999 -9999 -9999 -9999 -9999 -9999 -9999 -9999 -9999 -9999 -9999 -9999 -9999 -9999 -9999 -9999 -9999 -9999 -9999 -9999 -9999 -9999 -9999 -9999 -9999 -9999 -9999 -9999 -9999 -9999
-9999 -9999 -9999 -9999 -9999 -9999 32.0790961504 31.6896493267 30.7129451977 30.5277054653 30.3845160229 30.6017631968 30.1031720428 29.8545497307 29.2926374553 29.1384344994 29.1065351437 23.8726351589 28.7422498707 28.8490387059 29.0718991785 29.6856690404 29.9042747767 29.8612799181 29.8269468188 29.5440006166 30.7782611355 31.3312647638 31.676266382 31.6405702201 31.7776198908 32.0135564017 -9999 -9999 -9999 -9999 -9999 -9999 -9999 -9999 -9999 -9999 -9999 -9999 -9999 -9999 -9999 -9999 -9999 -9999 -9999 -9999 -9999 -9999 -9999 -9999 -9999
-9999 -9999 -9999 -9999 -9999 32.5838877287 32.0646086989 31.8247561072 31.2734375245 31.31260898 31.0075403447 30.5800180364 29.8747082276 29.4656982163 29.7570456919 29.8314850594 23.252244332 12.4265187374 23.3241716545 28.9549640936 29.1607937976 29.0548091055 29.607486143 29.697466309 30.0239120864 30.255046752 30.6613672272 30.7864101717 31.235156515 31.2762412778 31.2555649864 31.6297085556 31.338755433 31.3552602352 -9999 -9999 -9999 -9999 -9999 -9999 -9999 -9999 -9999 -9999 -9999 -9999 -9999 -9999 -9999 -9999 -9999 -9999 -9999 -9999 -9999 -9999 -9999
-9999 -9999 -9999 -9999 -9999 32.6858876873 31.739635373 31.8539611165 31.192368883 31.0219413829 30.794974562 30.9018316065 22.2260614569 18.0848543151 30.4310601953 30.3109389739 25.5188870444 10.2152706746 18.6679762434 24.531836487 28.4645517284 28.5012770255 29.4492926263 29.4114750279 29.4762109294 29.039483573 29.3486335816 29.2064719851 29.9593241765 28.5703229096 27.7915993004 29.3856714685 30.4801390508 30.5061686997 30.6050712695 30.7631116658 -9999 -9999 -9999 -9999 30.6910351848 30.3650701581 -9999 -9999 -9999 -9999 -9999 -9999 -9999 -9999 -9999 -9999 -9999 -9999 -9999 -9999 -9999
-9999 -9999 -9999 -9999 -9999 32.5182128694 31.9886605142 31.7031258561 31.1901771306 31.5248025627 31.2899058936 31.1894484026 30.3873660904 29.9010217027 30.7496574355 30.3047698438 29.1066193966 30.0146642917 29.5975856327 29.6911471875 28.9135569259 28.3066837393 28.8430743706 28.7239214264 29.4252058811 29.2046159506 29.2420539828 28.8485683129 30.1017113303 27.8022705979 19.4033218033 25.3291224441 30.2679448299 30.3166223967 30.214116243 30.6137528605 30.6865540548 -9999 -9999 31.0460872125 30.7559580415 30.8013999231 30.7597586316 -9999 -9999 -9999 -9999 -9999 -9999 -9999 -9999 -9999 -9999 -9999 -9999 -9999 -9999
-9999 -9999 -9999 -9999 -9999 -9999 32.5962802546 32.3311778816 31.7890666488 31.9782865109 31.2949319216 31.3333051522 31.3706350628 32.8361384897 30.2129770447 30.1285443542 29.7502906117 29.8087290116 29.2348538433 29.2051649741 28.7619147323 28.7432311256 28.435765411 28.9443737851 28.7833242169 28.4149831806 27.1891501897 27.3733680395 28.4141425362 28.6358344121 27.0548330211 28.6630006596 28.6527292212 28.7513931432 28.9643131381 29.3290187527 29.4468643707 28.8858318486 30.0818833805 29.8990479348 29.7428299017 30.3875799267 28.6925524129 27.8374711245 -9999 -9999 -9999 -9999 29.4053125406 28.9494099211 8.02506245066 -9999 -9999 -9999 -9999 -9999 -9999
-9999 -9999 -9999 -9999 -9999 -9999 -9999 32.8114205693 31.7475186984 31.7713860755 31.6243300183 31.7220488898 31.1725151776 30.4628239912 30.1222315706 30.5193554294 30.1765735882 30.1642755207 29.7195082759 29.2713113583 28.4461637511 28.3352717903 28.2578621203 28.5288143205 28.5914591273 28.0754804716 27.4304077755 28.1396234917 28.6881715023 28.5517723595 28.3619128466 28.3226893428 28.713462892 28.7328154897 29.4057329776 29.515536421 29.4896391278 29.5767138733 30.1471056445 30.0098371054 29.0149656282 28.9184166865 26.4135235544 23.9860452702 22.6828543734 23.4387745712 24.1016885938 23.3675979908 23.0933648628 27.1378291674 26.9752201668 23.2007944107 -9999 -9999 -9999 -9999 -9999
-9999 -9999 -9999 -9999 -9999 -9999 -9999 -9999 31.7693287891 31.7462232351 31.7544219088 31.7872023462 31.2026618174 31.6290303188 31.5044275076 31.3075435665 30.0962623579 30.3087945775 29.3689393536 29.3592312217 29.8001476068 29.725759638 34.2716105685 36.2529356716 34.5680449193 35.1906354116 29.7065991448 26.5504402804 25.9630029763 25.0249984298 25.1584308582 25.3570813542 26.1472727197 25.6629082772 27.0787746507 27.4063855803 28.1179375007 28.3543080718 28.3668696272 28.2961410191 27.077788358 25.0943247596 20.8903806341 20.4336153749 19.8169828752 19.3391157248 20.4840813341 19.8953030661 19.4363909728 23.2129988001 24.4207238307 24.9262066843 23.7732704499 -9999 -9999 -9999 -9999
-9999 -9999 -9999 -9999 -9999 -9999 -9999 -9999 32.1222714166 32.0080899874 31.5612304838 31.6744176884 31.3265412934 31.3565984556 31.0162998663 30.7597857199 29.9197080777 30.1939878048 29.4121527379 29.4998657794 29.8111424801 29.7250042039 37.0858743291 38.754426853 35.9420361347 33.9795797851 35.0256580926 30.7335982611 25.7912782729 24.6772817813 24.8551530968 25.1358848728 25.3668379838 25.520192731 27.2863038655 12.4324503337 28.5212268145 28.2000573532 28.2595964883 28.2076442764 27.8595304593 25.3441802089 20.5880492362 20.5047363075 19.3930298727 19.3253562001 20.4200803854 20.0137222825 20.4354167732 24.9759530307 24.5537519482 24.5859113513 24.3957183187 25.2563267025 23.6905729895 24.0585054526 -9999
-9999 -9999 -9999 -9999 -9999 -9999 -9999 -9999 -9999 31.8782548024 31.6126089117 31.6358328803 31.4994940128 31.4146116009 30.8712959899 30.8533639463 30.8161687043 30.5843480721 30.5984378119 30.6975312531 30.8248375552 30.1834744056 33.4886947094 44.32660675 37.9761914879 37.0364612474 32.4779413755 31.8838936445 26.8254384201 24.0885901281 23.235171973 23.3198253192 22.9923601561 22.0957365965 23.6563934876 21.5415346012 26.4213025517 26.103918291 25.8125522855 25.8566883926 25.3404519267 24.8214403931 18.2198636376 19.1519229697 17.2194997205 16.3962302627 15.5082546283 15.7989051971 19.9886562537 20.4786591264 20.68783616 20.4769476524 21.2845243592 22.3519491011 22.6621730812 18.0094006863 15.5373834552
-9999 -9999 -9999 -9999 -9999 -9999 -9999 -9999 -9999 -9999 31.3582996976 31.6557152975 31.5121113336 31.4998339675 30.7166891924 30.5654528878 30.868428697 31.3144732729 31.0167873025 30.608335539 29.9383702041 29.6502197385 28.4522689884 36.9908499425 36.0036384876 37.1743498854 33.8099960682 32.4965405268 28.9444909841 28.9051083085 23.7704401068 23.7774894639 24.235651992 23.0178491543 25.0657057381 24.9417473368 26.2561690993 26.0987725654 25.8689056691 25.9073904268 25.6371464234 25.3358220335 22.3397129517 18.9519616619 19.6052631036 19.0082761881 17.6938278439 16.560680272 21.1334373709 21.1231528171 21.5505674283 21.2565812562 20.5422662322 21.9406638113 21.7119693939 17.3867461209 15.4647788302
-9999 -9999 -9999 -9999 -9999 -9999 -9999 -9999 -9999 -9999 -9999 16.9083981759 21.8199195447 31.220411124 30.5607966376 30.3303184362 30.7725933182 30.8416793053 29.9301188409 30.341815462 29.8315157345 29.7820664794 27.905172872 27.1169196055 29.2573728835 32.4896187326 31.6537747902 34.3677207259 31.2029183199 20.0867127273 24.4041613014 22.4547983369 21.3769324898 21.5002867795 22.2379672757 21.5497329079 23.1299071915 23.0763747053 23.5315540033 23.5493267094 22.9316686817 22.0035461114 22.03543003 19.5143578998 16.2465409008 15.1763482687 16.0915081613 17.0304374446 17.5511506191 19.2907626689 18.8489863662 19.9523878816 19.5004400346 19.2384046686 18.2566641754 18.2117587962 14.9730794679
-9999 -9999 -9999 -9999 -9999 -9999 -9999 -9999 -9999 -9999 -9999 15.7426394453 23.38430905 30.7930247724 30.5469723841 30.5324292654 30.0500634986 30.0810118902 29.9590264915 29.9624221833 29.7423198709 30.0752286838 28.2124640084 27.593745522 26.7452192967 27.1360029139 29.3658274247 33.1173220719 29.3802308049 27.8816197227 27.8490199319 27.2953585665 23.9084462777 25.4539411372 25.0392537014 22.8822411821 23.0741409005 23.2270006044 23.3256825846 23.0338082773 21.4600807198 22.8243870448 21.3087470727 21.6193522429 20.0002227966 17.2497960116 18.3502788438 19.3091229258 18.5450417205 16.8204585062 17.0873458172 17.3091184885 15.5792891276 19.5869015195 19.6340424003 18.9328166434 18.7550074424
-9999 -9999 -9999 -9999 -9999 -9999 -9999 -9999 -9999 -9999 -9999 32.0155515661 30.8628737673 30.7683752476 29.9130146931 30.1351190512 29.1361875446 28.8369758645 28.7448516 29.0051189964 28.8340237587 28.9089726282 26.9503834128 26.1277468 24.7319190453 24.9924676578 23.5898991302 23.4446695762 22.5106316445 24.9339518892 26.5189643419 28.8311180329 28.7080894851 29.3756135559 22.5640113742 18.7812643266 20.5804651126 21.1823706506 21.1032834113 15.876584736 12.9335139113 20.8435570728 21.0852856113 21.8564695988 23.053775481 23.0591823911 17.8650172553 17.2337903427 16.8589633551 16.6410626675 15.8216814999 16.5001840904 17.1902664572 18.6708045945 19.9416629128 16.7327046883 15.3371980486
-9999 -9999 -9999 -9999 -9999 -9999 -9999 -9999 -9999 -9999 -9999 -9999 31.0599124183 30.60132894 30.2944629309 30.0120876582 29.410209294 29.0629556885 28.2559815516 29.0401660456 29.0510207567 28.7696859818 27.5677384938 27.3784632277 25.2674491572 25.4161585294 23.7219155298 23.9207659145 22.6449264441 22.3650100637 22.0279901408 22.2896994037 23.2409367008 25.7898255079 24.4960459091 12.7765048882 22.0922552496 19.2552485018 22.3771452223 20.9359003524 21.7249331141 20.4999119145 22.3500165122 23.199266201 23.825028798 23.8838840209 19.949814065 17.3089199988 15.5491156667 16.1168230697 15.4268571643 14.528243185 14.1274885468 14.2732606731 13.2193423183 14.6205383429 7.92947331609
-9999 -9999 -9999 -9999 -9999 -9999 -9999 -9999 -9999 -9999 -9999 31.8013873292 31.6856527039 31.2171974234 30.5074609166 18.0047640966 25.121062155 29.4681445272 28.0850798914 28.4178769681 27.4836580359 27.4063830092 25.7468655931 25.9215549054 24.1452073703 24.050273896 21.8606559999 21.6483790425 20.6540898867 20.4308630965 19.5524300747 19.7743808629 19.1652546987 19.0811194236 19.3971265576 22.6075166954 19.5954456895 15.1976115286 13.8905115483 18.2159150008 19.344336327 18.3172933026 24.2158810967 24.8687364906 26.4330808589 26.3253097723 24.6002328423 20.4746868779 16.7059586539 16.699588123 14.3177103697 11.9798089969 11.3343704744 11.3781465606 11.0853661347 11.6884085746 13.8186029866
-9999 -9999 -9999 -9999 -9999 -9999 -9999 -9999 -9999 -9999 -9999 32.0960998693 32.0318915353 31.5447346728 30.5524859419 23.0741343025 28.7317833974 29.5417475939 28.6707304227 28.6418197996 23.5333941013 24.5811471126 26.0780255274 26.2115113063 24.4274575575 24.3520271714 14.5382180564 16.2259120645 20.3981728443 22.3185998833 21.2741581999 19.8985104649 19.0400924965 19.0849769592 19.2292898905 21.0826639266 16.4359610463 19.0387338376 14.3158193082 19.4491530791 18.1775099892 18.374653509 22.6358946054 23.2287856111 24.0293705437 23.5635693422 23.2177030697 23.2340523288 20.0913499769 18.9416200442 14.0255071492 14.2511228373 13.3963178089 13.096883608 12.8175188777 12.3509005465 10.9780289751
-9999 -9999 -9999 -9999 -9999 -9999 -9999 -9999 -9999 -9999 -9999 32.1614759982 32.1890513305 31.5473860356 31.0553936825 30.9320584324 29.8113823748 30.0861106911 29.1713751294 29.5151945951 23.6952035708 10.6379918679 22.1217399311 24.9380930411 20.7052033916 20.7343808289 20.6024710772 21.3415156896 19.6464970374 19.7099818901 18.9979403353 21.127712492 20.4082863296 20.0208212728 17.9151412604 17.9337188377 12.673714787 10.3232701016 13.1390345636 16.0503166641 18.367193447 19.1599884138 19.2343678409 18.3489658976 19.5339419892 19.4999746562 20.5601656786 20.6528661218 19.3242471483 19.1318902749 14.2445004055 11.3387389451 10.0466762684 9.90085933848 9.673527167 10.1209551856 11.545706982
-9999 -9999 -9999 -9999 -9999 -9999 -9999 -9999 -9999 -9999 -9999 -9999 32.5587559242 31.9221552195 31.2854756841 30.9092154066 30.1620244908 30.2766703689 29.0505948136 29.2395461689 28.3636789314 28.9862268832 24.1166951176 21.9936369878 20.3631922168 20.2708722286 17.9821814572 18.2550430583 16.7898759216 16.1736380308 14.5980731835 17.4174083538 17.9451928076 18.4010002607 17.4112715517 17.7779010543 13.8481629608 11.5764774152 14.7919071511 18.6856365859 18.6098738411 18.3538694954 19.9282030357 18.1460754098 19.3215877624 19.3785466635 19.8231412379 20.1558201176 18.5677369885 19.2010653254 17.3340554386 9.72217852688 10.4863448914 13.308247479 10.8306665838 10.7207231181 10.6770454574
-9999 -9999 -9999 -9999 -9999 -9999 -9999 -9999 -9999 -9999 -9999 -9999 33.3586273262 32.458175906 31.7095012012 32.2541099835 30.8610646266 30.962390254 30.0155716558 29.6997500663 28.9698102912 28.9639487098 26.6901368663 24.2265489038 21.7710482053 22.2589223823 21.1420407304 20.6569450821 18.2035618905 19.2778186151 16.9995904401 17.4346056222 20.3401222044 20.8168113999 20.5670196365 16.3355693695 13.3131414955 15.7771374275 18.5727433318 18.2235815614 17.3510102948 17.0406364007 16.3255596565 16.2241342143 16.2246865657 15.9047513694 15.4771898871 15.458070504 14.6514182473 15.8916745767 14.9555069529 13.6945918115 13.1245632308 9.39661986035 8.14300345985 9.25802699323 7.62854569292
-9999 -9999 -9999 -9999 -9999 -9999 -9999 -9999 -9999 -9999 -9999 -9999 33.0506889447 32.7552633593 31.7903736882 32.3765953459 31.1106904458 30.7674879358 29.9026225915 30.3074603311 29.0389972032 28.8163830152 27.5763426635 18.6902963642 18.9233448103 22.0192300854 22.4529267359 20.8977737221 18.3752729987 17.7583278777 15.8754275499 15.4782412236 16.6666045637 19.4835203168 15.8331275605 17.356986491 18.4888866746 16.2395543945 14.9966421358 12.5221364913 11.2120009048 12.1656519925 15.0378942562 16.4185993549 16.3693621586 16.4984258326 16.7499488992 16.7252254803 16.2294748775 16.7026230651 15.7541081395 13.1145578869 9.47050921581 8.38900290792 8.44998168295 8.65590537258 8.69811292292
