data/recharge/transience/oldversion/mHM_recahrge_281.ASC
ncols   80
nrows    72
xllcorner    4374000.0
yllcorner    5656000.0
cellsize      500
NODATA_value  -9999
[rows 25 to 49 of 72, columns 0 to 56 of 80]
-9999 -9999 -9999 -9999 -9999 -9999 -9999 -9999 -9999 -9999 -9999 -9999 5.46112340915 5.15214885645 4.61766537328 4.88249856937 3.9436738962 3.84012702353 3.55927387553 4.01085735116 3.50152350196 3.2594384858 2.95943113554 1.60212173931 2.3828331782 3.36501721324 3.6380340934 3.38696449264 2.91086285908 2.66226434635 2.43945600877 2.30998667182 2.11144411407 2.33777709302 1.35375553418 1.74251253219 2.05948162702 1.99255050946 1.56519893488 1.98979490457 1.72542198121 1.62950232776 1.82082314554 1.88449048508 1.86407803823 1.90367060178 1.96837618329 1.95924285553 2.04692343427 2.1936090523 2.30321944791 2.11988617028 1.39126519708 1.16723828631 1.21348385577 1.25913236733 1.26865951637
-9999 -9999 -9999 -9999 -9999 -9999 -9999 -9999 -9999 -9999 -9999 -9999 -9999 4.73923252237 4.89561762729 5.00878818149 4.7627295769 4.65538680329 4.02234012502 3.72816012326 3.55377411124 3.7651725307 3.68430785878 2.93266348557 3.53795621735 3.28460883516 3.12500721001 2.92029808993 2.79144197182 2.95736429014 2.64030491008 2.51969330961 2.14370048155 2.52370345427 1.27702139095 0.668424754271 1.4857281124 1.67130288996 2.37289560745 1.65434330492 1.5097786134 1.72899677908 1.28191576819 1.62603583126 1.67860374901 1.74688082195 1.79622458931 1.72467700749 1.61335133297 1.27296060454 1.12014484708 1.16804448901 1.28723406514 1.18700133108 0.948833534488 1.11337293018 1.12589896235
-9999 -9999 -9999 -9999 -9999 -9999 -9999 -9999 -9999 -9999 -9999 -9999 -9999 -9999 4.89688338068 4.88886939688 4.44934635072 4.31467941131 4.08958397114 4.28774919925 3.73885175899 4.1064145094 3.59336001609 3.45412203439 3.08646298701 2.96762164082 3.11029563518 3.5793689291 2.96427464057 2.64587857909 2.7004930141 2.75610965177 2.55305476619 3.4255010251 1.58030524835 1.043339012 1.50127159456 2.09820915185 1.77693553171 0.988746140142 0.958217582408 1.50226663192 1.70158831519 1.41777459875 1.16328813626 1.29497483959 1.16540911158 0.920972860886 1.10951758022 1.25330427375 1.21785921285 0.997230021169 0.989749116262 0.833946575834 1.023049297 1.76078121604 2.10517192957
-9999 -9999 -9999 -9999 -9999 -9999 -9999 -9999 -9999 -9999 -9999 -9999 -9999 -9999 1.46076289088 2.85924380589 4.37578890706 4.55228811944 4.19370496566 4.34705362091 4.16765368119 4.10938608761 3.53408634663 4.18030987362 3.95419964654 4.03348271637 2.92011370693 2.76953774646 2.89915676051 3.15646447353 2.21356318181 1.24494824802 2.50344769928 4.60271167661 2.30696409907 1.00848392124 1.45395336109 1.6118398996 0.974760052344 0.9228171942 1.26037770505 1.45745804308 1.5342924934 1.63629084572 1.45495585041 1.25478010406 0.639119278518 0.572526209001 0.720273092909 0.970880935491 1.3805362288 1.52662421089 1.68094818887 1.63402683252 1.80846170329 1.93234586332 3.10525082182
-9999 -9999 -9999 -9999 -9999 -9999 -9999 -9999 -9999 -9999 -9999 -9999 -9999 -9999 2.00089378806 3.02240420163 4.50585097103 4.86400514631 4.70715982265 4.6222611438 4.16040323111 4.31303021858 4.19059802192 3.88049558492 3.41744926107 3.16019388749 3.15162771503 3.0390959472 2.53032217641 2.77398281182 2.63086392624 2.50107480151 2.35328283093 3.96439989308 4.25300739112 0.944265795431 1.19131533077 2.5959791554 0.643593152899 0.771867399006 1.38922728834 1.54767980989 1.40386061879 1.43472615264 1.1826277084 1.27654265859 1.05545645881 1.3213997106 1.98506577062 2.32485001727 2.03018281653 1.24657314251 1.40156867084 1.12899465471 1.12392846259 1.61802046142 1.85480853115
-9999 -9999 -9999 -9999 -9999 -9999 -9999 -9999 -9999 -9999 -9999 -9999 -9999 -9999 6.20982927471 5.65999824441 5.26508467659 5.68903250696 5.10707271021 5.02884381526 4.41590283335 4.22233757932 3.77593482114 3.97629246125 3.52976642972 3.67749116551 3.19992137751 3.37635218542 2.99575956953 2.81231515995 2.78238894937 3.02262574434 2.74827006448 1.54797800727 1.04210328731 1.0551270422 0.925002254228 2.06605450696 0.768903381759 1.11374277319 0.891666828835 1.42613169446 1.13835876478 1.22209966069 1.08818347836 1.10685016597 1.71838342831 1.77300935006 2.9313463572 3.38892562282 2.30596242726 2.87322889575 2.13879088218 2.2672970768 1.99387766148 1.76116488373 1.96828440653
-9999 -9999 -9999 -9999 -9999 -9999 -9999 -9999 -9999 -9999 -9999 -9999 -9999 -9999 -9999 5.16215995993 4.8358244515 4.8601532841 4.67520239472 4.06529386175 3.83079352151 3.952006585 3.95017497751 3.95778390419 3.51292127756 3.52695423561 3.07290231396 3.15815290248 1.81709648572 2.76694911167 2.3640694046 2.34191086601 2.1229745885 1.89401307705 1.14111327159 1.15345108455 1.07293521759 1.04887292821 1.00021957689 0.76856746734 0.551746503197 0.767740689614 0.649770907742 0.903548789965 1.14488822292 0.949843582258 0.596909481585 0.618827950287 1.06770275515 1.55304770791 1.21519656794 1.11610206379 1.60483771877 2.29445014689 2.25491485279 2.23115395537 2.05085929984
-9999 -9999 -9999 -9999 -9999 -9999 -9999 -9999 -9999 -9999 -9999 -9999 -9999 -9999 -9999 -9999 4.97042344595 4.91980947322 4.62937134011 5.27195516358 4.99190295893 4.93301558604 4.0572618058 3.76177364105 3.75049642342 3.49608964506 3.14752733308 2.69145285399 1.61556216277 2.57091097704 2.86849556896 1.99898539934 1.77101333908 1.18913944301 1.08230640791 1.21224353355 1.18120607278 1.28840731769 1.26660362665 1.64804589974 2.96961918343 2.68755391919 2.11414086359 0.820060878383 0.533198501341 0.440913145958 0.39250823468 1.40522025197 1.14336978502 0.931248103164 1.24874477891 1.72016944036 1.45292020765 1.2574414917 1.45854223408 1.3380694345 1.31887184885
-9999 -9999 -9999 -9999 -9999 -9999 -9999 -9999 -9999 -9999 -9999 -9999 -9999 -9999 -9999 -9999 5.67273321242 5.63629886831 5.31348345403 5.21547084738 4.41759127661 4.4883014386 4.03736026071 3.97810366852 3.59323212763 3.83556529693 3.29934479441 3.1766910375 1.7669142139 2.3179039671 1.6653454309 1.25890388853 1.44362307257 1.12497371318 1.41159838937 1.15280302166 1.52219080707 1.32796552097 1.24487121815 1.19757264611 1.91497891788 1.33350450629 2.24210422583 2.24718984835 1.20431040028 0.808506535761 0.813305047025 0.963657141149 0.914105005298 1.10036309491 1.44990915751 1.50549257874 1.88473725137 1.97436028073 2.35641101157 1.85014430568 1.32884748881
-9999 -9999 -9999 -9999 -9999 -9999 -9999 -9999 -9999 -9999 -9999 -9999 -9999 -9999 -9999 4.85022531291 4.71996199128 5.36225304829 5.3194071799 5.2042334315 4.65427289814 4.50281348808 4.07779812437 3.94627187196 3.51106053086 3.69637879971 3.37739891551 3.43571852643 2.26221747422 2.79313363975 2.75296722144 2.82287803363 2.7965622466 1.99370871077 1.63838679394 1.89482310286 1.66774451563 2.22854545901 1.82290578847 0.943420982631 1.32278276188 1.25623886318 0.885150383245 0.870271458466 0.926631532072 0.712802147969 0.814448147765 0.980560906196 1.09400553967 1.4551390537 1.24108657009 1.02248852601 1.1564327198 1.26535013282 1.40962682338 1.44267804935 1.66415228868
-9999 -9999 -9999 -9999 -9999 -9999 -9999 -9999 -9999 -9999 -9999 -9999 -9999 -9999 5.41029373392 5.21842812331 4.86682654601 5.28959769416 5.08582092954 4.97642528411 4.50084599809 4.78414279927 4.10121641472 4.21232992989 3.50996782681 3.39295590599 3.09155340896 3.14678708257 2.81334245689 2.81288303053 2.4876271608 2.54456244951 2.25407615386 2.5595578302 2.79822618945 3.12090403973 1.82592678685 1.2151682804 0.700270868093 1.12486493435 1.251071224 0.721434731056 0.672767284072 0.72852633651 0.571209901726 0.510348405167 0.680975480981 1.44942821816 1.42015389114 1.20212379104 1.12881812133 1.11960694675 1.22718872845 1.20179909921 1.19066748863 1.25343646161 1.39510296274
-9999 -9999 -9999 -9999 -9999 -9999 -9999 -9999 -9999 -9999 -9999 -9999 -9999 -9999 5.71397608536 6.10550086626 5.5233083638 5.28040699023 4.53172135222 4.54518579819 4.19408938704 4.57675365106 4.14121592574 4.29536903289 3.66993581886 3.34933861229 3.25780104625 3.32960368063 2.98721698044 2.96331215911 2.83592465468 3.19585631845 2.83618511891 2.61808924409 2.33338397761 3.32911597824 2.84332011357 3.75633602163 1.71346532948 1.77917584114 2.60433858494 2.31305895971 0.845905739561 0.774972399508 0.716964330705 0.483994583559 0.734090385416 1.97727715031 1.83128952454 2.01100154728 2.0473900043 2.03581375109 1.70183712 1.54529078482 1.75981549948 1.70934141482 1.46536242686
-9999 -9999 -9999 -9999 -9999 -9999 -9999 -9999 -9999 -9999 -9999 -9999 -9999 -9999 -9999 -9999 5.61156717786 6.52245458149 6.26497433007 6.17091457086 5.26094313854 4.46564366322 4.49672224069 4.50498694676 3.83190005802 3.9181610465 2.75945745122 2.86939551908 2.5391613832 3.01884760922 3.11989856933 2.91061640001 2.66039247758 2.36815468881 2.44188510304 2.4595953229 2.93988142401 1.94606658965 2.87216203578 2.88879817863 1.92425410665 1.70678511674 2.11873479125 1.45496846708 0.55608163728 0.633054875537 0.599489500163 1.12712181451 1.36215640912 1.53949938828 1.54989204863 1.58520248292 1.51724908075 1.35919072351 1.07018025765 1.12347868741 1.56936633467
-9999 -9999 -9999 -9999 -9999 -9999 -9999 -9999 -9999 -9999 -9999 -9999 -9999 -9999 -9999 -9999 6.93917829687 6.71952791688 6.39263913678 5.31442074978 5.28334652066 5.36811108682 4.06124885745 4.20434970618 4.17755449143 4.35222050941 3.65382384601 3.55036172346 3.26985549196 3.27286673228 3.49287142224 3.35137729212 2.85373242778 2.5049058043 1.97874288021 2.07981409643 2.12647810648 2.3730886049 1.74551398289 1.49327734768 1.75766136316 2.13108901932 1.08526483669 1.42930691684 1.72740951709 0.565600549578 0.368329393791 0.611851863473 1.20897066907 0.988987457799 0.854515485618 0.866218995285 0.757960194053 0.859328215603 0.881295643147 0.884882631899 0.892987544581
-9999 -9999 -9999 -9999 -9999 -9999 -9999 -9999 -9999 -9999 -9999 -9999 -9999 -9999 -9999 -9999 -9999 -9999 6.45170984223 5.7219892808 4.85362781119 5.24546908658 5.09224858283 4.59278147447 4.02675445523 4.12546561417 3.46630509708 3.64064997358 3.18831140396 3.12486924312 2.62193602567 2.39542345093 2.33014029468 2.47818930413 1.95116175374 2.27279280475 2.24175980582 1.80901809418 1.69777170184 1.92665811174 1.54346373013 1.40601879419 1.22334100353 1.21580450375 1.22173746872 1.29581854242 0.438517857229 0.430341648066 0.734554163199 0.861167033187 0.945066936914 1.04444516118 0.776020191568 0.797549931869 0.946078043306 1.00082153615 0.959567595757
-9999 -9999 -9999 -9999 -9999 -9999 -9999 -9999 -9999 -9999 -9999 -9999 -9999 -9999 -9999 -9999 -9999 -9999 -9999 5.1365584533 5.02196277801 5.25841467934 4.95415487531 5.16654086279 4.3668963843 4.21454157938 3.63759988149 3.43693848932 2.65869842498 2.58062972031 2.59153192277 2.77382356332 2.31580905209 2.19894185612 1.74390016441 1.48554475836 1.42499574006 1.84313731921 1.72434286306 1.81804949803 1.41838081708 1.32138413641 1.12024563984 1.349734031 1.38688519462 1.43114710488 1.0605072332 0.384470059033 0.33896162096 0.587027642038 0.821990177701 0.861862356824 0.736621935953 0.729834026348 0.899771429133 0.863912692441 0.748034390653
-9999 -9999 -9999 -9999 -9999 -9999 -9999 -9999 -9999 -9999 -9999 -9999 -9999 -9999 -9999 -9999 -9999 -9999 6.05889226585 6.44793879725 6.36556988722 6.24008471352 5.12198461661 4.58919960653 4.29421467246 4.21379615929 3.62310523397 3.75375607991 2.98196271818 2.80301839022 1.42524043928 0.875867580842 1.96426185212 2.2253656393 1.84717377239 2.10864746179 2.43228527228 2.33506951566 2.16399997767 2.05391090921 1.87819413924 1.41799185308 1.27878993392 0.732191009511 0.843639637879 0.766640168716 1.37494159732 1.30263930554 0.667271061383 0.411533395079 0.55263191018 1.06471099489 1.50034926203 1.37355094797 1.15982954583 1.0429594051 0.995189511869
-9999 -9999 -9999 -9999 -9999 -9999 -9999 -9999 -9999 -9999 -9999 -9999 -9999 -9999 -9999 -9999 -9999 -9999 -9999 7.27788860979 6.91439885598 6.65849845014 5.38093885868 4.88534890614 4.61512154966 4.56247844538 3.79873689153 3.90113974914 3.40552728941 3.90144518765 2.43859959965 2.4193188578 3.04707525186 2.26592785625 1.61214429154 1.29499728383 1.34124174492 1.19939283492 1.07873191187 1.08042743825 1.20558188674 1.49372379776 1.08369371322 0.954299632047 0.965149201579 1.78318152417 1.61028701475 1.34588714606 0.874256015853 0.490628299341 0.236235925664 0.814622895623 1.08052366792 1.32959872166 1.06562353484 0.66431199379 0.704324057698
-9999 -9999 -9999 -9999 -9999 -9999 -9999 -9999 -9999 -9999 -9999 -9999 -9999 -9999 -9999 -9999 -9999 -9999 -9999 -9999 6.09986464281 6.50404302447 5.42948577581 5.31673507316 4.16701343378 4.46408648639 3.83484730441 3.98974054005 3.9499852437 3.63241714425 3.01681812706 2.89718136152 2.45847115986 1.78691186663 1.32775864819 1.62922032094 1.88615280703 2.1010196137 2.02334297621 1.91705893432 1.58667537101 1.93348750793 1.81941275176 1.62583424177 1.98435378775 1.77556016824 1.56015244685 1.71467792413 1.62072106867 1.23223910067 0.780878029846 0.546661141595 0.327205086273 0.242794493481 0.854532021587 0.402516012342 0.43312374003
-9999 -9999 -9999 -9999 -9999 -9999 -9999 -9999 -9999 -9999 -9999 -9999 -9999 -9999 -9999 -9999 -9999 -9999 -9999 -9999 -9999 6.39519079214 5.80626909085 5.84488466529 4.20078972978 3.97570945406 3.831772722 4.2043422337 3.48771249665 3.28226269974 3.21979671896 3.47008023066 2.69511150643 1.28276229228 2.60351871308 2.72796831029 2.2650928752 1.88924473432 1.69657929615 1.75186817415 2.12214406004 2.20918765532 2.29206917782 1.63887698329 1.40531213747 1.10968345413 1.35609575128 1.46959697823 1.48162632951 1.74541116129 2.61624154146 1.17566791334 1.17972257199 0.487644628272 0.218435704232 0.271624988866 0.327173022512
-9999 -9999 -9999 -9999 -9999 -9999 -9999 -9999 -9999 -9999 -9999 -9999 -9999 -9999 -9999 -9999 -9999 -9999 -9999 -9999 -9999 5.67642424274 5.31610237596 5.31615542285 5.02158662772 4.91753746207 4.34910826381 4.57893257075 3.73329913274 3.58293641001 1.61185585107 3.12700828168 3.16253309706 2.61037770439 1.78663591395 2.10012044137 1.88848974035 2.00009502081 1.82916767481 2.11719094728 2.13836601255 2.06904515322 1.68469605805 1.58074850858 1.76990732128 1.69437768433 1.60625166909 1.57312276754 1.19207511083 1.24156579907 1.07824222824 0.721196671638 0.503551172559 0.3759714359 0.338827505635 0.235272236668 0.267981273838
-9999 -9999 -9999 -9999 -9999 -9999 -9999 -9999 -9999 -9999 -9999 -9999 -9999 -9999 -9999 -9999 -9999 -9999 -9999 -9999 -9999 -9999 5.65664554698 6.23275697071 5.33621707404 4.77174183881 4.21499232238 4.75996906901 3.74781047746 3.77286900022 3.62834503617 3.78456054548 2.98514743416 2.76487242392 2.88181736465 2.38199212799 2.37950613454 2.25393022918 2.16544347141 2.11097395299 2.10244709347 1.53135520481 1.61896469638 1.96617793655 1.19422882377 1.05545095441 0.91378595934 1.13353699181 1.45328365774 1.15634878749 0.570250067212 0.905812447824 1.01104103856 0.41795460925 0.228738987501 0.202509873412 0.239384809683
-9999 -9999 -9999 -9999 -9999 -9999 -9999 -9999 -9999 -9999 -9999 -9999 -9999 -9999 -9999 -9999 -9999 -9999 -9999 -9999 -9999 -9999 5.83074339392 5.68687490593 5.18085492171 5.09175878855 4.48667938571 4.30711251083 3.91371954134 4.02607092334 3.52940223245 3.60419969141 3.39770438045 2.96551016846 2.4169790244 2.97925234117 2.27615871087 2.19342999933 2.41890711059 2.35423745036 1.70029477989 2.13705473978 1.6421784093 1.36121408789 1.24562764495 1.34746190945 1.6262878746 1.64643849593 1.0880537357 0.96807932444 0.695742780524 1.14171108763 0.34570110248 0.617631010933 0.421976623322 0.387305069039 0.327327237544
-9999 -9999 -9999 -9999 -9999 -9999 -9999 -9999 -9999 -9999 -9999 -9999 -9999 -9999 -9999 -9999 -9999 -9999 -9999 -9999 -9999 -9999 5.94390787884 6.28905505918 5.86874992846 5.16000255453 4.81314568201 5.07381336767 4.29856731754 4.59499153003 3.83015193381 3.49300104266 3.11354872946 3.04022700592 3.06193417921 2.34428570985 2.22093143138 2.74743420745 2.37789862194 2.21571772155 2.16068477963 1.80113299646 1.34908723137 1.62788045868 1.89998921379 1.75089714765 1.60630407546 1.43055035107 1.20234327052 1.20462278491 1.51427795781 1.29992233733 0.576973272408 0.533271949539 0.622677365277 0.668615800055 0.438190188041
-9999 -9999 -9999 -9999 -9999 -9999 -9999 -9999 -9999 -9999 -9999 -9999 -9999 -9999 -9999 -9999 -9999 -9999 -9999 -9999 -9999 -9999 -9999 6.59015604239 6.05102444464 5.26656068066 4.68235288759 5.008221258 4.26775596604 4.4165766227 3.85182070588 4.11251859196 3.6542143784 3.81991512763 2.76658163604 2.99783896111 2.93536463056 2.63026801453 1.84022390859 1.75863468492 1.34758368994 1.71192810727 2.01645934478 2.04984332675 1.81425695327 1.65241705009 1.00284291607 0.866824296802 0.878800043242 0.946394751129 0.814848122945 0.998515208026 1.16746897847 1.1050492411 0.490814186133 0.438148235539 1.08398986462
