data/recharge/transience/oldversion/mHM_recahrge_429.ASC
ncols   80
nrows    72
xllcorner    4374000.0
yllcorner    5656000.0
cellsize      500
NODATA_value  -9999
[rows 0 to 24 of 72, columns 0 to 54 of 80]
-9999 -9999 -9999 -9999 -9999 -9999 -9999 -9999 -9999 -9999 -9999 -9999 5.50744872849 5.81506713828 -9999 -9999 -9999 -9999 -9999 -9999 -9999 -9999 -9999 -9999 -9999 -9999 -9999 -9999 -9999 -9999 -9999 -9999 -9999 -9999 -9999 -9999 -9999 -9999 -9999 -9999 -9999 -9999 -9999 -9999 -9999 -9999 -9999 -9999 -9999 -9999 -9999 -9999 -9999 -9999 -9999
-9999 -9999 -9999 -9999 -9999 -9999 -9999 -9999 -9999 -9999 -9999 -9999 6.43217145134 5.0554318742 4.26577758686 -9999 4.29692912663 -9999 -9999 -9999 -9999 -9999 -9999 -9999 -9999 -9999 -9999 -9999 -9999 -9999 -9999 -9999 -9999 -9999 -9999 -9999 -9999 -9999 -9999 -9999 -9999 -9999 -9999 -9999 -9999 -9999 -9999 -9999 -9999 -9999 -9999 -9999 -9999 -9999 -9999
-9999 -9999 -9999 -9999 -9999 -9999 -9999 -9999 -9999 -9999 5.38874313481 4.91474594201 5.60786221882 5.79330848856 3.95392256509 3.12602462807 2.38719160443 2.39643739538 -9999 -9999 -9999 -9999 -9999 -9999 -9999 -9999 -9999 -9999 -9999 -9999 -9999 -9999 -9999 -9999 -9999 -9999 -9999 -9999 -9999 -9999 -9999 -9999 -9999 -9999 -9999 -9999 -9999 -9999 -9999 -9999 -9999 -9999 -9999 -9999 -9999
-9999 -9999 -9999 -9999 -9999 -9999 -9999 -9999 -9999 5.06837691083 5.24959346197 5.31360907842 4.77695828062 5.02355021139 4.65999552981 4.14428894808 2.84766055163 3.8512551808 -9999 4.94800178362 -9999 -9999 -9999 -9999 3.24118535563 3.3918060351 -9999 -9999 -9999 -9999 -9999 -9999 -9999 -9999 -9999 -9999 -9999 -9999 -9999 -9999 -9999 -9999 -9999 -9999 -9999 -9999 -9999 -9999 -9999 -9999 -9999 -9999 -9999 -9999 -9999
-9999 -9999 -9999 -9999 -9999 -9999 -9999 -9999 7.08597181685 6.05726405904 4.84946889197 5.00026529798 4.68047008644 4.33205127382 4.13146157588 3.92107652358 2.68500175976 2.41109740852 2.45317523376 3.76807630083 3.69862062736 3.92264467915 -9999 2.67383344027 3.87911619051 3.74956426968 -9999 -9999 -9999 -9999 -9999 -9999 -9999 -9999 -9999 -9999 -9999 -9999 -9999 -9999 -9999 -9999 -9999 -9999 -9999 -9999 -9999 -9999 -9999 -9999 -9999 -9999 -9999 -9999 -9999
-9999 -9999 -9999 -9999 -9999 -9999 6.68949714101 5.49335435296 5.13732756403 5.40642706522 5.58693984149 6.02946785323 5.21746787827 4.92312873574 4.05805606279 4.39171371429 3.19375831431 2.92464402591 3.66260574223 3.72402972002 3.58997026984 3.80993568837 3.28357666829 2.7308447385 3.17679876968 3.03091417291 3.46208091234 -9999 -9999 -9999 -9999 -9999 -9999 -9999 -9999 -9999 -9999 -9999 -9999 -9999 -9999 -9999 -9999 -9999 -9999 -9999 -9999 -9999 -9999 -9999 -9999 -9999 -9999 -9999 -9999
-9999 -9999 -9999 -9999 -9999 -9999 7.3291718379 6.55214805009 4.89923431473 4.70792096797 4.3281685491 4.87030704174 4.40123151385 3.80453138998 3.40138218206 3.27980630742 3.1110876592 3.21894292194 3.14018871595 2.8605890465 3.10009035589 3.59697008148 3.52291485798 3.13285956133 2.62602341097 2.39893995137 3.47869950175 4.43330946669 4.97309943264 4.70015984758 5.70776537746 5.63910790711 -9999 -9999 -9999 -9999 -9999 -9999 -9999 -9999 -9999 -9999 -9999 -9999 -9999 -9999 -9999 -9999 -9999 -9999 -9999 -9999 -9999 -9999 -9999
-9999 -9999 -9999 -9999 -9999 9.17764087015 7.65214407726 7.64415351958 6.47818726164 6.67171655175 5.91874680733 5.34715694771 4.02074826378 4.15146568092 3.84353321948 4.0365377939 3.56821940925 3.35237568202 3.36751593381 2.92169003882 3.11656748791 3.00030133061 3.33209325278 3.4446205673 2.97430931206 3.15146248894 3.28660548374 3.58439685973 4.77766492315 4.66752601475 4.59515393011 4.83410223362 4.46384077751 4.30106935921 -9999 -9999 -9999 -9999 -9999 -9999 -9999 -9999 -9999 -9999 -9999 -9999 -9999 -9999 -9999 -9999 -9999 -9999 -9999 -9999 -9999
-9999 -9999 -9999 -9999 -9999 9.64188663825 8.52873113148 8.58700792379 7.18229196546 6.66163745301 6.0748021232 6.46441936714 5.65704409177 6.21180863081 5.12697563465 5.2523913332 3.39140516248 3.32654147611 3.83806314862 2.86866672255 2.98085414428 3.0852126504 3.66569675855 3.51573733514 3.44643729328 2.82844697318 2.58135371507 2.38679696683 3.66380934945 3.75447011261 3.71190180899 3.79472082955 4.14669215598 3.9673579786 3.88219190125 3.93415409401 -9999 -9999 -9999 -9999 3.65006393946 3.65158903682 -9999 -9999 -9999 -9999 -9999 -9999 -9999 -9999 -9999 -9999 -9999 -9999 -9999
-9999 -9999 -9999 -9999 -9999 8.94966922585 8.00537731294 7.85429517722 7.53197459757 7.99370053306 6.93711032329 6.61944697932 5.4608177161 6.30869313361 5.61152347921 4.42329550036 3.37816178447 4.26669641086 3.80496757831 4.08513707029 3.46838626067 2.95823874569 3.03088563874 2.90483373375 3.39176059971 2.88200451439 2.53969891883 2.14172694665 3.64464851034 3.61063454483 3.83051918914 3.73757634295 4.09324944501 3.5354327899 3.1208491723 4.09245342846 3.96294976785 -9999 -9999 3.98658258428 4.06522059637 3.92061888386 3.87157901101 -9999 -9999 -9999 -9999 -9999 -9999 -9999 -9999 -9999 -9999 -9999 -9999
-9999 -9999 -9999 -9999 -9999 -9999 10.0558587652 10.3198577261 8.65751767556 8.25150697566 6.74426250871 7.34884627345 7.24292246756 7.69644869891 4.52458924817 4.13819190082 3.86160642776 3.72627565649 3.2060054189 3.30446396344 3.32233342057 3.47313787998 3.29209234496 3.55799771185 3.31568866861 2.97119993193 1.88709250754 2.01516161414 2.6441166148 3.06387859735 3.01852146713 3.34858327359 2.84247414379 2.92567005595 2.99385354987 3.54774410779 3.02241855012 2.34643655943 3.67600254234 3.57434732223 3.42588064541 4.01216976738 2.51579321563 1.89815845047 -9999 -9999 -9999 -9999 2.66132881928 2.34048197695 2.37997543479 -9999 -9999 -9999 -9999
-9999 -9999 -9999 -9999 -9999 -9999 -9999 9.15067948678 7.94590897783 8.98496966001 8.15279063333 7.40294798267 5.63185574284 4.73017586374 3.99247261243 5.15556416287 4.81368689428 4.86837557053 4.44201435877 3.76686758705 3.12016302282 3.14030580524 3.11692836917 3.15072514574 3.05501039259 2.76597499851 2.1513319035 2.68664123797 3.0640308784 2.84639222855 2.84030948633 2.8982239145 2.99989709478 3.0196199113 3.63309755825 3.60686825444 3.13111787476 3.11609659217 3.60366946081 3.59490884878 2.76066708364 2.35471734075 1.5328663486 1.45896415715 1.19331729616 1.41533018907 1.5264861741 1.21162687196 1.14402243791 1.49080290156 1.9944327583 1.89670962817 -9999 -9999 -9999
-9999 -9999 -9999 -9999 -9999 -9999 -9999 -9999 7.63258015334 7.28498760155 7.52208370416 8.28166489928 6.73252301295 7.28136743974 6.26417268777 5.89414377015 4.37252966884 4.39591945294 3.51835448237 3.91230078243 4.75441811394 4.5636611719 2.07133234308 1.76196977567 1.75013281776 1.61792290472 1.61855971067 2.65081997153 2.23011966174 1.63189758288 2.07134208623 2.04415326351 2.32793703823 2.00592491546 2.54974940372 2.92157974282 3.07492588988 3.20184936625 2.99868495266 2.89229948608 2.13758398625 1.53484030803 1.12108433934 0.984903447854 0.92195324651 0.810768384263 0.941935708551 0.794834619089 0.709971973911 1.01243990454 1.25382711523 1.39879484481 1.37565968987 -9999 -9999
-9999 -9999 -9999 -9999 -9999 -9999 -9999 -9999 9.20051221224 8.15564674562 7.00772168523 7.05446474851 6.25533622937 6.21157055112 5.07602566622 4.96354154792 4.08610645773 4.36826546731 3.91742626952 4.21147397778 4.39002232462 4.46196078556 2.3320129374 3.56510611626 2.50457141369 1.51784462822 1.85675334172 1.99222350098 1.92084120972 1.50321788982 1.75982059982 1.87219942738 1.81256537165 1.89036922958 2.82212326275 2.76973673535 3.31875011957 3.09557434839 2.99121075245 2.93989189783 2.81403346062 1.60065338412 1.00983488336 1.0066282295 0.81448633973 0.801664074967 0.925086012412 0.824231455416 0.788486454322 1.37188926254 1.30699433039 1.31519318789 1.68272540957 2.12206155891 1.86820913764
-9999 -9999 -9999 -9999 -9999 -9999 -9999 -9999 -9999 10.0381369239 8.29396080151 6.81275012719 6.42840552719 6.27191082056 5.30188520289 5.33291427894 5.56920179047 5.94790034848 5.83211419262 5.87296105944 5.34962584376 4.24106894209 3.21570931379 5.89495483449 3.88741729209 2.92423506961 1.5964816109 1.26495932707 0.796976382818 2.11885450741 1.86041382433 1.85907384525 1.77443447556 1.30850272256 1.92795754457 2.36131819549 2.67951286473 2.53342815017 2.38971232704 2.41540449082 2.2948677963 1.9815807905 0.746003240304 1.09563574343 0.734778157119 0.560969832055 0.472175016872 0.482498801386 0.804426588625 0.897761306357 0.924992011219 0.88572400184 1.31677034436 1.75611371131 1.86757427293
-9999 -9999 -9999 -9999 -9999 -9999 -9999 -9999 -9999 -9999 7.17762983922 7.19649334862 6.25673151576 6.16999238074 4.8970227713 4.48215886207 3.98982929273 5.28284521407 4.21466895376 3.43685404104 3.15135969824 2.90193745325 2.41941753269 1.92198216085 2.25585066155 2.89225467236 2.13808356101 1.63626045548 0.98433656262 0.95261015789 2.16006912564 2.17117419464 2.37121567016 1.81366608773 2.4839379458 2.42927077051 2.61355393654 2.53540693302 2.40914060015 2.42365513583 2.40908099498 2.25282666408 1.44294430227 1.01158633461 1.35910367146 1.17263141758 0.920725163119 0.602920837657 1.09365530253 1.05913398255 1.09918129185 1.0484728521 0.998558571929 1.55976547813 1.61741188448
-9999 -9999 -9999 -9999 -9999 -9999 -9999 -9999 -9999 -9999 -9999 7.34847674753 5.46632672232 5.70550251132 4.88808266381 4.26821793889 3.74110371931 3.67612644407 3.1191460139 3.7345830493 4.12504864977 3.80797520975 2.41487713978 1.82505282714 1.15546195501 0.622143302361 1.26741815505 2.51652720365 2.53598032677 2.57560246699 0.946388374577 1.44353938437 1.62831861773 1.67526147426 1.58617352632 1.42121922883 2.07095033194 2.0554158821 2.12031046999 2.1193811746 2.00236280743 1.73999286809 1.76702311805 1.13206202677 0.776100983701 0.51501927517 0.665314357001 0.968992655201 0.883634567644 1.05383469215 0.89139512731 1.25018828986 1.4396823987 1.419731652 1.26632647198
-9999 -9999 -9999 -9999 -9999 -9999 -9999 -9999 -9999 -9999 -9999 6.56726673938 5.87897804024 5.1859933372 5.07027470177 4.35706748837 3.09775506793 3.04874124541 4.07433975942 4.11822654348 3.88782442212 4.35804274855 2.59424014422 2.06813344276 2.32169427104 2.72151347367 1.3529985691 1.35318327539 1.23860550992 1.92961125793 1.89217167343 1.4401379118 0.4005522378 0.570385272335 0.618234853933 1.47184269094 2.06154727983 2.09946468065 2.06220752308 2.03389622543 2.06678629546 1.99320277729 1.58234460794 1.66337984597 1.29162767628 0.969580851465 1.367693945 1.72643868314 1.49852350451 0.88344723121 0.866110764887 0.844461195448 0.611748423228 1.45676308144 1.57343597733
-9999 -9999 -9999 -9999 -9999 -9999 -9999 -9999 -9999 -9999 -9999 8.18864759014 6.74172174088 6.34943127618 4.55273229503 4.27913561182 2.8799883321 2.43414499781 2.88892703059 3.26577653002 3.34983997926 3.42526523501 2.2968269003 1.67118801384 1.99140157319 2.22605832015 2.0751001246 2.03004122114 1.94554277375 1.18804560595 0.737320574736 1.36687025942 2.01221403777 2.16979999158 0.962330520946 0.358400284572 0.567012784324 0.293772859391 1.34177025031 1.41539927494 1.76807486138 1.70516546622 1.75300382406 1.97814769085 2.27415031713 2.37562042048 1.18132678348 1.01126519921 0.985146626401 0.923733079848 0.611685076541 0.745041482959 0.835015509468 1.10302279679 1.54569115062
-9999 -9999 -9999 -9999 -9999 -9999 -9999 -9999 -9999 -9999 -9999 -9999 5.55738917408 6.20719826235 5.34010686956 4.59971409521 3.46218711734 2.77026077505 2.29386751896 3.57037840205 3.4576711906 3.26383144699 2.92230156982 2.66278432823 2.35189797955 2.40627501742 2.11502071542 2.19027420303 2.02123040279 1.92471870506 1.87617311026 1.96858001063 1.24647105187 0.662963536634 1.1986854939 1.31201963698 0.79906031231 0.421534825057 0.360724110911 1.7926634902 1.96546975211 1.61504252462 2.15955017952 2.48747672203 2.59573560102 2.61505543684 1.41802985482 1.03119007011 0.708315662858 0.833157259731 0.588266512393 0.419746170256 0.340696949785 0.345321096604 0.32041695962
-9999 -9999 -9999 -9999 -9999 -9999 -9999 -9999 -9999 -9999 -9999 7.16234963338 6.64198869942 6.89530778808 6.19760825591 6.35426979958 4.2353317492 3.82858289248 2.6693108577 3.44523485863 2.75419884077 2.70668654132 2.30848788304 2.36883855253 2.22332041627 2.18644982728 1.87727183434 1.7865557001 1.74582335835 1.6832284014 1.50915375805 1.57198490131 1.43233277295 1.41474878979 1.48932228039 0.494998337552 0.600896021428 0.216759128342 0.156753480315 1.04164269302 1.53449445596 1.14450639695 2.45145643126 2.68921110125 3.17041698505 3.12671444063 2.54492308082 1.57228383546 0.923585967242 0.909507608951 0.490765477963 0.250606107105 0.215429394468 0.218427589502 0.203819863038
-9999 -9999 -9999 -9999 -9999 -9999 -9999 -9999 -9999 -9999 -9999 7.49262934557 8.1958773643 7.69472750644 5.5918083988 5.52912326652 4.34884912151 4.1326618904 3.44144535065 3.54098852672 3.22450789719 2.97570757837 2.4816154964 2.53032751076 2.34012337768 2.27792758586 1.89264463402 2.04871844711 1.87561081294 2.42587084518 2.08123209618 1.60786089628 1.40469012833 1.41601627733 1.44683831976 0.3438810411 0.293875104219 0.517561935062 0.219057324175 0.456651482178 1.27982060276 1.04573111711 1.59212053119 1.9378280177 1.95137093745 1.83114502547 2.00915747056 2.01036552469 1.40731440543 1.17907740756 0.439541718509 0.480848882212 0.396287953542 0.35577485181 0.331943005575
-9999 -9999 -9999 -9999 -9999 -9999 -9999 -9999 -9999 -9999 -9999 9.28758191495 8.87522578612 7.52960435387 6.83979905218 6.63399482709 4.12068757579 4.18510919284 3.78523207974 4.26292067569 2.70552825868 3.3096053307 3.44191978296 2.38709966889 1.47361740201 1.46801692896 1.60663854524 1.57083655696 1.24964997232 1.25371970182 1.23559868718 1.98817191764 1.91580355935 1.77646104437 1.35075665658 0.201756257192 0.116131446234 0.0597583235257 0.186655680089 0.199423271001 1.36495566896 1.51238494891 1.09329728105 0.797672524386 0.865441007201 0.855372284023 1.36711629473 1.40436531424 1.37311938941 1.35550599224 0.531458549171 0.277192435912 0.242897312741 0.230925255274 0.235307505676
-9999 -9999 -9999 -9999 -9999 -9999 -9999 -9999 -9999 -9999 -9999 -9999 9.15358304442 8.66161590851 6.81383333304 6.0273378896 4.30965003813 4.59800838477 3.66728857953 4.11506591366 3.19136873745 4.05347131882 1.84846479506 1.42418708606 1.3085656527 1.27477659235 0.938744037419 1.02574390551 0.85398477147 0.700084016812 0.517680634837 0.862083036713 1.21248363745 1.31158601384 1.23417968607 0.236227694323 0.167417128925 0.0903315463506 0.27736180253 0.361920276929 1.40178092744 1.35354678783 1.38271744012 0.831506025781 0.855526067304 0.838579471423 1.09145620162 1.29991360176 1.21638368414 1.37246748334 1.17180834633 0.682320696272 0.498046988036 0.503505227121 0.286549095157
-9999 -9999 -9999 -9999 -9999 -9999 -9999 -9999 -9999 -9999 -9999 -9999 10.5449616765 8.92524917837 6.99380011127 5.74194471743 4.03913548187 4.6115728844 3.9096791229 3.66278387119 3.58397691913 3.49887580879 2.23425426443 2.37907904084 1.56737465865 1.8321888799 1.862374074 1.59495419462 1.08135283034 1.53893267126 1.01511473504 1.12245045925 1.75491352209 1.95915783228 0.44717465977 0.255779580252 0.136756341862 0.292706027813 0.513445582209 0.360726257367 1.11987480392 1.15079586148 1.03713270725 1.0137003708 0.964088288 0.893022313978 0.826100977459 0.839622778326 0.799909519503 1.00359881124 0.946876212331 0.750834031443 0.611949685421 0.152192371331 0.105773084621
