data/recharge/transience/oldversion/mHM_recahrge_72.ASC
ncols   80
nrows    72
xllcorner    4374000.0
yllcorner    5656000.0
cellsize      500
NODATA_value  -9999
[rows 26 to 51 of 72, columns 0 to 56 of 80]
-9999 -9999 -9999 -9999 -9999 -9999 -9999 -9999 -9999 -9999 -9999 -9999 -9999 23.4869618084 25.4188802928 25.2303843026 27.8652631935 25.8719901094 31.1280051939 31.559845992 32.725476589 32.4607129606 32.3540840436 27.8624835869 33.964061606 34.7293748756 30.3164870243 26.8578931563 24.2484964504 24.8964718003 21.0254941488 21.0013160194 29.2007073003 14.4384643259 4.0694835661 12.8909634261 18.3457438144 4.96658653973 11.0177827352 9.72752576635 8.60559739179 8.73736421049 5.95733998826 9.38196873615 12.6783241864 17.4678105363 20.7308072289 20.4606570367 12.9523676216 7.11955642217 5.02053979213 4.98210402563 5.17960026136 5.25382218026 7.45533211756 4.61198992304 4.83684167318
-9999 -9999 -9999 -9999 -9999 -9999 -9999 -9999 -9999 -9999 -9999 -9999 -9999 -9999 26.9859762035 26.4946852429 28.2114630301 24.730174391 29.2970822682 29.4756492458 33.444532338 32.8584197356 33.0945907173 34.1016433818 34.4416742919 32.9350816552 31.8499365945 33.6883703434 27.0571908549 23.6551585121 22.1885333397 29.5785100555 30.1515730176 21.6942409417 4.79751468334 16.8283338257 16.4042952527 9.95277808669 10.087523203 8.46405256512 8.23782322373 8.40243495166 7.52622348503 6.44306442557 5.24780269485 5.69456276791 4.90807565119 4.41341592062 4.58549877688 5.031343374 5.14310683896 4.45678402845 4.28743412845 4.59784484213 8.08453469656 11.3521587576 8.45965789651
-9999 -9999 -9999 -9999 -9999 -9999 -9999 -9999 -9999 -9999 -9999 -9999 -9999 -9999 7.30117880202 17.6827768808 26.8321504738 24.1105755346 26.7705163691 26.7113575817 30.7673968093 31.8625777332 32.3143146548 32.125118717 32.563987565 34.242338362 32.4822152085 31.5648100003 32.1645339504 33.3439159506 26.0836700257 14.9779494375 30.1044796821 34.0419755622 5.6277633427 14.3182119972 14.5579982534 8.63694100149 7.81849508001 8.2544481417 7.65634630066 8.33140814814 7.87447820731 7.64254751859 6.05057083007 5.38396065376 3.48108760255 6.65295846254 7.30564718734 4.07987746791 5.32220836154 5.7626935123 6.410814312 7.76412661768 13.7103293507 15.3907327127 7.99276264864
-9999 -9999 -9999 -9999 -9999 -9999 -9999 -9999 -9999 -9999 -9999 -9999 -9999 -9999 11.5011875496 17.4721958611 25.8985013996 25.7655431014 27.4322179378 26.6664984901 29.1994811854 31.1257441246 33.2371710243 32.8071087959 33.1337385537 32.9982820788 31.7443728706 31.5904122448 31.9063493653 32.0323153966 31.1473888867 29.6702671475 29.9482839934 29.8966836387 19.1002662059 12.3259792889 14.7613663781 7.6424739527 8.11022405851 8.29659133158 7.9457740658 8.58773821332 7.47266936619 7.54546524575 5.23740632019 5.45706591965 4.25659074245 5.05516199351 7.01272391727 7.19279373891 5.63302479424 3.34295191762 3.4454630827 2.72807314076 3.15314651832 4.69035466054 7.31324412519
-9999 -9999 -9999 -9999 -9999 -9999 -9999 -9999 -9999 -9999 -9999 -9999 -9999 -9999 24.6379484637 24.2196350512 25.5578549653 26.3664064266 27.9279623775 26.9673532621 31.2220695425 31.5079588591 32.0909060421 32.383463073 32.7003494812 33.6338581188 32.5577340714 32.0491408931 32.2993662937 32.3305463018 31.7240926814 31.8194347323 31.0685957153 21.9271999192 13.1910524411 13.2284513145 11.6546604069 17.0596378866 10.3069744911 12.804051605 4.34722428636 6.7050993041 6.11573895971 6.41470228728 5.15390868823 4.80791020302 6.39490323459 5.22768486426 7.26782851046 8.70359295051 5.8984087751 7.58782164031 6.58895797264 8.34044335035 8.45186621209 7.63901289965 9.09793426664
-9999 -9999 -9999 -9999 -9999 -9999 -9999 -9999 -9999 -9999 -9999 -9999 -9999 -9999 -9999 24.1307850991 25.7395185523 26.262767529 26.3620605911 26.2737582863 30.3978869997 30.5412835083 32.4018449057 32.4816094969 32.9545462617 33.5548514053 32.1410033919 31.9259306149 17.6501613948 31.5407641199 31.2147742111 31.1849480696 29.6472341059 20.3298319652 13.4469972323 13.4763039362 12.1049774904 12.0396295487 11.3816692271 11.0192333953 9.92350155111 12.4648057679 2.1249096507 3.26172507314 4.51082201445 3.06809274054 1.77031162539 1.8021655326 3.43332261813 5.79404751387 5.66058999821 5.31843812272 6.90079618801 9.26693082348 9.37338249051 9.29095114356 9.40369971116
-9999 -9999 -9999 -9999 -9999 -9999 -9999 -9999 -9999 -9999 -9999 -9999 -9999 -9999 -9999 -9999 25.6817235387 25.8315942927 26.797011245 27.4223168686 28.8702754848 28.4851696512 32.4064711624 32.227652819 32.8570055267 33.2081067642 34.3841398651 29.638982831 17.4627918461 27.7038078922 31.9389817193 21.1659571574 14.1964017879 9.63719526642 13.7066347149 14.0201999785 13.2053103181 13.432974378 12.8838536223 16.444685109 20.1440641163 19.9702596931 9.16062769497 2.54468461793 1.62069198786 1.38989837013 1.24476965933 4.95406781354 5.23958302896 4.53934173541 5.80914057694 7.45704209972 6.92382047406 6.21576014582 7.1275547669 6.68583685936 6.78061476039
-9999 -9999 -9999 -9999 -9999 -9999 -9999 -9999 -9999 -9999 -9999 -9999 -9999 -9999 -9999 -9999 23.4625235158 25.2226378111 27.2012365957 26.0059157248 28.9454454188 28.6754684761 31.5917119038 29.9640091761 32.3627655772 32.392345025 34.2576458033 33.5566666136 18.5046656999 26.6761525395 19.9408922978 14.3297985746 16.1599957015 11.1914048702 14.1472045122 13.8834039253 15.9782121701 13.5078207779 12.8384217916 13.6464155009 14.1162251929 17.2482401407 14.1465619211 5.64130085616 3.03229193832 2.25436709257 2.38161204002 5.79133000653 4.48025148068 5.09257198149 6.51440697144 6.709565452 8.51871209545 8.84949071159 10.4324806949 8.57054091438 6.81614998861
-9999 -9999 -9999 -9999 -9999 -9999 -9999 -9999 -9999 -9999 -9999 -9999 -9999 -9999 -9999 23.1800316523 23.2621462186 22.9304253028 22.9765752966 22.8271385779 28.2282554258 28.8553688238 31.9202841282 30.2275086678 32.4880864947 32.9323629897 34.5991729573 34.4696422557 24.2532398799 30.2725682531 31.9532818995 32.0994114596 31.5913988671 25.6995969179 20.8454832036 12.6542055565 14.8646586184 18.0338881706 17.1022824646 12.8551999435 8.73920461089 4.88635799936 3.29645854447 3.25308633771 3.06864951721 2.50062079588 11.3113755708 10.1447605224 5.24690369239 6.26770113893 5.86035279904 5.0989767599 5.91358704886 6.30501665128 7.16895939647 7.29138173668 8.12299574781
-9999 -9999 -9999 -9999 -9999 -9999 -9999 -9999 -9999 -9999 -9999 -9999 -9999 -9999 23.6071055388 23.4741881458 23.3712133003 19.3947982505 21.0799608524 22.7348309641 26.3471382703 26.2987490335 29.9707760875 29.8795350808 31.6452914408 32.5255417017 34.3583659882 33.5802722141 32.3661553244 32.4760125465 31.7548159862 31.9813272451 29.6764187422 23.5194799893 17.4363807555 11.5541862006 20.6549487548 17.9564427211 2.86328542035 4.98621658856 6.73758050287 2.81757636463 2.68128332557 2.84465722813 2.10736355917 1.93031664139 2.54737641515 5.26247244756 6.13908455374 5.4098701357 5.46192328884 5.43042386245 6.16702746753 6.07906967415 6.35489659299 6.58701420637 7.33119216623
-9999 -9999 -9999 -9999 -9999 -9999 -9999 -9999 -9999 -9999 -9999 -9999 -9999 -9999 26.5610628169 24.4104971755 26.5608577725 22.2225813512 19.8546465694 22.4507773691 28.3898922831 28.7164464649 29.7203804869 29.6401292448 32.7399191967 33.4815480712 33.4622911185 33.8569999294 32.7133391811 33.1183866841 32.4436236118 31.5122429341 18.6508065567 17.7335293275 14.9794888207 17.7877284437 10.8000128005 14.6657056922 6.25295742561 6.44332174606 9.19398040356 8.08878306902 3.3105783534 3.08534306554 2.80461701052 2.07488437948 2.70916920837 7.4655917561 8.68906808798 9.54559956903 9.5383423217 9.48778158707 8.04878145848 7.45729519097 8.30307332288 8.106742901 7.46491923625
-9999 -9999 -9999 -9999 -9999 -9999 -9999 -9999 -9999 -9999 -9999 -9999 -9999 -9999 -9999 -9999 26.7489756985 23.1027133937 22.8489113259 22.7149460868 25.6783691095 28.5656209624 30.0552085579 29.9330062225 33.0352338104 32.3492961324 25.4529969943 26.0529072922 22.5293525775 26.3648137794 28.4060546914 20.9145066272 17.9100328158 16.5893662316 15.8661826792 15.9444996223 14.8560977581 8.38070729378 10.8695367661 12.5253260956 9.06374614034 7.59440938612 10.2073068053 7.29809818353 2.3081141913 2.54824261303 2.31418218861 4.64076024674 6.92275654949 7.70451968503 7.61517238579 7.75134360845 7.3569040781 6.77056149452 5.73707779623 5.93254252237 7.8198232721
-9999 -9999 -9999 -9999 -9999 -9999 -9999 -9999 -9999 -9999 -9999 -9999 -9999 -9999 -9999 -9999 20.3682081121 20.2134979152 20.3498161567 18.9575658585 24.1133665245 25.3148569712 30.8681275483 30.8553694676 32.6624229669 31.0342283468 28.9952506443 28.5015848455 25.6967143795 26.3508946156 25.8588767982 25.3713270097 21.8408660876 17.9178473841 14.0624172193 14.5526974845 14.2511488407 15.411552633 11.4137163767 9.72945411412 10.5624293499 12.2544947643 12.832459859 12.3602735594 7.01101849548 2.55364323719 1.74689082561 2.74196587314 6.62679102603 5.7743763546 5.16431017026 5.20980688165 4.4167058275 4.77717440135 4.51492408621 4.52863974376 4.93481450205
-9999 -9999 -9999 -9999 -9999 -9999 -9999 -9999 -9999 -9999 -9999 -9999 -9999 -9999 -9999 -9999 -9999 -9999 20.4038254634 19.5640073956 23.2369919388 24.0536104901 31.7189238786 30.7630196034 32.3693911733 33.3128769717 28.5207908751 28.2444843208 25.5831879957 25.8126134752 22.5129057017 21.5116005175 20.2029575734 19.6120513973 13.9315424264 15.4798914207 14.7975510454 12.7333129397 11.5300475018 11.7808230665 9.58210471485 8.94828082797 8.01663553671 7.98046088536 7.01593590328 6.20843490726 2.02007546722 1.97277553896 3.21978081531 4.94394383208 5.48940469904 5.81820822615 4.47952713932 4.55507870161 4.73014190958 4.91716342106 5.16722814013
-9999 -9999 -9999 -9999 -9999 -9999 -9999 -9999 -9999 -9999 -9999 -9999 -9999 -9999 -9999 -9999 -9999 -9999 -9999 20.6050815988 22.5771214531 23.049654511 24.3810590051 29.1776927241 31.7672129842 31.9423873001 34.2414848274 28.6428175452 23.1715064973 22.8395671369 21.4267415824 21.6566104334 19.0847577682 18.7369564125 13.3542994475 10.6681924816 10.218145742 12.4291683553 11.5764593398 11.5434297176 9.11166102155 8.6550624922 7.54758880263 8.60446456486 8.11565103318 8.32737424222 5.2258058198 1.98431140113 1.74335229705 2.7316704582 4.17559785126 5.06315553132 4.41615593382 4.39132781462 4.78807610565 4.66271166513 4.27086194008
-9999 -9999 -9999 -9999 -9999 -9999 -9999 -9999 -9999 -9999 -9999 -9999 -9999 -9999 -9999 -9999 -9999 -9999 22.1023599214 22.5619912236 24.6904351779 24.543077947 24.1857225791 28.9865557741 31.6122744587 32.8373029041 32.4312883848 35.0509453042 24.4676937467 23.7774150377 18.4633574275 12.0738104621 17.8336131727 16.6541528362 12.1781117745 13.3757300627 14.7205081287 14.2724455195 12.9276300235 12.4224954556 11.1944823139 9.10794695562 8.24338678094 9.34589288626 7.29643894945 8.2166305716 7.60741693037 5.56968054932 2.98389411467 2.03140293498 2.64968793262 4.20448593434 6.38740335406 6.67281483008 5.68728093426 5.29558576931 5.13134224181
-9999 -9999 -9999 -9999 -9999 -9999 -9999 -9999 -9999 -9999 -9999 -9999 -9999 -9999 -9999 -9999 -9999 -9999 -9999 20.5480680081 20.4057907804 20.1948950375 24.5002903472 29.1147959913 30.9076769648 30.6735579195 33.1673367864 32.7132762209 32.1878310464 33.932407328 24.1091420349 24.1753291442 24.9747272331 14.6076513854 12.8135764568 11.0520478214 9.77335072146 9.08151622688 8.19673742434 8.20367380255 8.62368349535 9.75926453431 8.83288107149 12.2353012262 11.923833416 11.8415837485 9.24019944612 7.84403512457 4.15569493376 2.54677843811 1.47866385656 10.9412590587 12.5598397191 10.7974216149 6.68169323994 3.50108983365 4.11815164375
-9999 -9999 -9999 -9999 -9999 -9999 -9999 -9999 -9999 -9999 -9999 -9999 -9999 -9999 -9999 -9999 -9999 -9999 -9999 -9999 19.6749712304 20.0874657829 24.5865527785 28.3867477456 30.6369051901 30.6140506131 33.14366157 32.7765082488 33.4151544678 33.3162263677 32.6774680776 32.6450355796 21.9800799248 18.2798679008 16.3465594689 15.9393579794 12.5518321628 13.7527538068 12.91560034 12.5658442289 10.8105471418 12.2456031735 10.9524202176 10.0196686225 11.4445389029 10.5331070182 9.02934709376 9.6864595708 8.51311148513 5.69056015323 3.61645384161 2.74733952899 1.71372417379 1.9056946824 7.75391527804 1.9499053961 2.01177492171
-9999 -9999 -9999 -9999 -9999 -9999 -9999 -9999 -9999 -9999 -9999 -9999 -9999 -9999 -9999 -9999 -9999 -9999 -9999 -9999 -9999 19.5136680396 22.2916663929 22.795864173 32.0717376445 31.8778582093 33.0405992372 33.2984828583 33.3173261784 33.3283569787 31.2574189557 33.2156328675 19.9730715168 16.6872714344 18.7149314417 17.0120879928 15.0776671703 12.8875807979 11.999878672 12.6255635602 14.2306440669 14.6265204828 14.5968359413 11.0423883603 9.65146515758 8.20439484867 9.04780965695 9.57805984597 8.93609422536 10.0540533206 10.5737110643 8.60255469443 6.09718388181 2.60215163958 1.26479824542 1.50490444786 1.67999211265
-9999 -9999 -9999 -9999 -9999 -9999 -9999 -9999 -9999 -9999 -9999 -9999 -9999 -9999 -9999 -9999 -9999 -9999 -9999 -9999 -9999 18.6116329393 21.3771311938 21.3692200735 33.3321521858 32.2871874218 33.955515714 35.7571264353 33.1434470377 32.0875268084 14.9031905967 30.6951463932 23.4843523719 16.6131130511 12.7597406455 14.6913460894 13.361702227 13.1221974711 12.2441936589 13.9290268369 14.3079821942 13.9898828967 12.0116873357 11.1115494353 11.3745445975 11.0242699674 10.2161998286 10.0618262796 7.38442799319 7.78782178091 9.63631686879 8.07975317318 4.82087240707 2.15800762347 1.80815408595 1.33942588072 1.41996946119
-9999 -9999 -9999 -9999 -9999 -9999 -9999 -9999 -9999 -9999 -9999 -9999 -9999 -9999 -9999 -9999 -9999 -9999 -9999 -9999 -9999 -9999 23.5895694342 24.4775152013 30.7790964419 29.8110530512 33.0075281802 35.1641951442 27.8521626087 29.8966153572 31.7024029301 32.1153761804 22.2092597412 18.1984932168 18.4810052706 16.3578422199 15.6435901236 15.0051937211 14.369429242 14.477594536 14.9109648217 12.1873012326 12.3597716526 14.0161926159 9.18113880794 8.33650635394 7.00469612837 8.06750842714 9.24357343922 12.2605962664 6.42360954923 11.1686931445 7.13967928585 2.42705872463 1.40165805725 1.27529811516 1.39054527483
-9999 -9999 -9999 -9999 -9999 -9999 -9999 -9999 -9999 -9999 -9999 -9999 -9999 -9999 -9999 -9999 -9999 -9999 -9999 -9999 -9999 -9999 23.9171150288 23.6384591721 30.5407341062 29.989957156 33.0188530422 32.1111601617 28.5994354925 29.0582252788 25.7548742682 26.0102237617 23.9543112849 19.2431279028 16.513165914 18.8891068436 15.6280566505 14.8622586997 15.837968989 15.9516012899 13.0034581294 15.0691437454 12.4723796679 11.104431971 9.92725228341 9.8544195426 10.5203433851 10.8831932863 7.8270514592 7.46835747791 6.38445497007 11.5305923085 2.09377740852 3.42333326788 2.30414821185 2.1536860477 1.80519101632
-9999 -9999 -9999 -9999 -9999 -9999 -9999 -9999 -9999 -9999 -9999 -9999 -9999 -9999 -9999 -9999 -9999 -9999 -9999 -9999 -9999 -9999 22.2635658504 22.8065079933 29.4243470989 28.6373976335 32.8908018069 31.0924290865 30.378724371 31.4869418497 27.6315119457 26.4422907818 23.965222666 20.5692188264 19.8942243305 16.7822649506 15.9487260471 18.2524803354 16.8629355718 16.1317390702 15.5039464545 13.8287314995 11.2780455962 12.6442824925 13.748996639 12.8361115625 11.32255107 10.4602276675 8.55739957755 8.56788330079 9.41434408716 8.45293815844 3.48252514561 3.31936733225 3.60783206686 3.86670525275 2.45963899919
-9999 -9999 -9999 -9999 -9999 -9999 -9999 -9999 -9999 -9999 -9999 -9999 -9999 -9999 -9999 -9999 -9999 -9999 -9999 -9999 -9999 -9999 -9999 23.2691662886 29.5469876945 28.7616054723 32.9742964168 29.3546904248 29.7987193189 30.9409768325 27.6956414927 28.5686408879 25.9380920235 24.7844238276 18.6235397834 19.6211086814 19.0578509764 17.7455357381 14.3645230324 13.8408661113 11.5992687349 13.3979302535 14.4189363627 14.6100785248 13.3438900046 12.5718278794 8.49440687675 7.54123281241 6.95179177321 7.29272402556 6.14473428544 7.04077325186 7.17483145962 5.91746370169 2.86523776452 2.69755355503 5.50084195106
-9999 -9999 -9999 -9999 -9999 -9999 -9999 -9999 -9999 -9999 -9999 -9999 -9999 -9999 -9999 -9999 -9999 -9999 -9999 -9999 -9999 -9999 -9999 19.0633843632 27.3239253694 27.1941194195 31.1956682823 32.8387049693 31.8304651926 32.6898658223 30.0035615494 30.5701001284 27.655800436 27.0608924762 21.3152717953 20.4254285389 18.318751823 17.0985406841 14.5612897153 14.9607141005 16.7818168013 16.3664728045 15.2774578071 13.3920552854 11.6415816219 12.11225033 12.3732592084 12.0988469923 9.66896890459 9.52685548226 9.92124471966 10.1543969594 7.75243979557 6.64920031122 6.33666615363 8.22708018743 6.4682974086
-9999 -9999 -9999 -9999 -9999 -9999 -9999 -9999 -9999 -9999 -9999 -9999 -9999 -9999 -9999 -9999 -9999 -9999 -9999 -9999 -9999 -9999 -9999 -9999 27.686051378 27.2515323902 31.3427130693 31.8233967941 33.1388721958 32.4292845345 28.0733654252 23.7345346548 26.7708385069 27.4503810875 25.5369560858 18.6963135833 16.2340341909 18.7891135167 16.8013306676 19.1776121711 17.0703693087 12.8313491883 10.6191064362 12.763462064 14.0321691388 13.4172723062 10.8024494935 12.041805519 12.017440242 10.7559762977 8.69261775712 7.0452704275 6.02628231414 10.1387792317 8.22330122316 6.75056209433 6.87537032762
