data/recharge/transience/oldversion/mHM_recahrge_88.ASC
ncols   80
nrows    72
xllcorner    4374000.0
yllcorner    5656000.0
cellsize      500
NODATA_value  -9999
[rows 25 to 49 of 72, columns 0 to 56 of 80]
-9999 -9999 -9999 -9999 -9999 -9999 -9999 -9999 -9999 -9999 -9999 -9999 7.50768630272 7.51691644588 6.66577603881 6.95964391399 5.41958421398 5.22154228203 4.43702095434 5.23604101234 4.23230648771 4.05264255271 3.53653825373 1.89334661135 2.73390730982 3.88022549874 4.6778027891 3.93737178242 3.23274475193 2.98597201044 2.61128057498 2.48288859061 2.09900655734 2.29542308898 3.17697159241 2.86510660872 3.36054873916 3.36785813982 3.04607857351 2.1431529727 1.83282980906 1.65981235152 1.74923617579 1.81148562345 1.79349293035 1.82375632674 1.84724876209 1.84118652976 1.78531109393 1.89487657917 1.80848776534 1.72501389934 1.38728353771 1.21942499562 1.27677082135 1.26077620833 1.25032657949
-9999 -9999 -9999 -9999 -9999 -9999 -9999 -9999 -9999 -9999 -9999 -9999 -9999 6.98203919033 7.07922847548 7.29005439767 6.35325271318 6.26659710123 5.15499029661 4.69511677576 4.1739887104 4.67140585251 4.24094609822 2.71714505171 3.87976564484 3.59665845266 3.69563132918 3.45857727926 3.16428700013 3.33520056333 2.82006685152 2.6831386084 2.01520280903 3.34715423697 2.97422982492 1.12925337336 2.40106028648 3.14674597067 2.60287973296 1.73027313119 1.55151436985 1.87652229625 1.39975073851 1.52556488669 1.4113723436 1.43528029162 1.40975646641 1.36291955968 1.22844864297 1.09559289955 1.11347100165 1.18162363882 1.232787745 1.18553912423 0.806899270802 1.08691611634 1.08924775642
-9999 -9999 -9999 -9999 -9999 -9999 -9999 -9999 -9999 -9999 -9999 -9999 -9999 -9999 6.3331355154 6.43998404916 5.51868663834 5.8680764962 5.32481477718 5.57225142866 4.59719615673 4.96673983901 4.32014895163 4.08779033256 3.34763492099 3.16334794539 3.14399361691 3.97230841407 3.27519504784 3.01289553373 2.85282842265 2.73759418394 2.3615998616 3.69168898555 3.18915388722 1.83861481778 2.36580319389 2.34755201283 1.97215441102 1.2958573562 1.16213410861 1.67824189205 1.77294707551 1.52811383547 1.2432834862 1.37004370046 1.2567296507 1.21116583677 1.17978296293 1.26962789539 1.22553739254 1.02556069117 0.978846934004 0.965914259885 0.757749240136 1.39461488428 1.89821955153
-9999 -9999 -9999 -9999 -9999 -9999 -9999 -9999 -9999 -9999 -9999 -9999 -9999 -9999 1.82278761378 2.99654832659 6.08453216417 6.31647350613 5.6316752254 5.82608952504 5.30235627461 5.21347454946 3.91660591678 4.72708731077 3.97800384171 4.2742351434 2.83891980613 3.02363260171 2.98920161474 3.30831430409 1.64894317086 0.733713146563 2.51769880217 6.32369878228 5.44505728306 1.45305552521 2.44702700828 1.77681869775 1.22652618673 1.05625223753 1.3099470257 1.46337505299 1.46657557433 1.66232876071 1.45518574422 1.27688206898 0.77857630135 0.517591487658 0.608168184587 0.993332761427 1.28423483426 1.40278276204 1.51634693619 1.49556785808 1.67420067609 1.79685405317 3.59739103696
-9999 -9999 -9999 -9999 -9999 -9999 -9999 -9999 -9999 -9999 -9999 -9999 -9999 -9999 2.16591567859 3.38924251596 6.23051183997 6.60304328367 6.19557822554 6.24606530984 5.50523094855 5.50642454172 4.96088824309 4.17291210164 3.41966311316 3.08870225062 3.2986756668 3.38568210502 2.61445411975 2.86028310357 2.52969703702 2.14869786648 2.175582902 4.57501638868 5.84367812412 1.24800567776 1.69548079378 5.33567245817 0.715952594385 0.907180774418 1.3792602723 1.5251772953 1.33859027148 1.37167846662 1.18694349281 1.2966366953 1.02791773287 1.26629668012 1.73784722362 2.08925727554 2.25836364501 1.85560433349 2.29940886018 2.09481576622 2.15929250067 2.37046812835 1.85627818373
-9999 -9999 -9999 -9999 -9999 -9999 -9999 -9999 -9999 -9999 -9999 -9999 -9999 -9999 9.11494164128 8.14854422299 7.6003145853 7.91265769301 6.77807302909 7.2292290553 5.5680020795 5.32653905873 4.70304000051 4.72923594707 3.86513299684 4.03672367675 3.25111114066 3.68459904454 3.11213373644 2.8298118779 2.59789892943 2.8343954479 2.44545131009 1.48827474347 1.31075829629 1.31939405301 1.15672679476 2.82329715258 1.0080825309 1.4665367494 1.88145273245 1.53984480805 1.03701019349 1.10829588713 0.993956802407 1.09326261802 1.75076974285 2.31759638164 3.48148862826 3.74576013168 3.08973859146 3.28234989224 2.59144947295 2.13855306113 1.77809517973 1.6122121982 1.79103686732
-9999 -9999 -9999 -9999 -9999 -9999 -9999 -9999 -9999 -9999 -9999 -9999 -9999 -9999 -9999 7.21941309875 6.76371661512 6.7969541214 7.05660763334 5.68261153153 4.95362821417 5.0225915696 4.57223791031 4.74089526906 3.84472783576 3.88649975903 3.0202149786 3.33468680246 1.252553087 2.68477545333 2.21454731305 2.22610190335 1.88083257345 1.58484851381 1.37367335515 1.3815290093 1.25077147392 1.23570843696 1.17455889368 1.0189204686 0.867458083213 1.30581479133 1.32697635006 1.36251396436 1.20841088648 1.40885950977 1.3522185088 1.41739588097 1.98153620929 1.90480507233 1.213972007 1.12623509642 1.50476912816 2.00061855186 1.95455429563 1.93942333094 1.84727644301
-9999 -9999 -9999 -9999 -9999 -9999 -9999 -9999 -9999 -9999 -9999 -9999 -9999 -9999 -9999 -9999 6.69067090448 6.46484710979 6.00750919248 7.22741069955 6.55256189072 6.64544584439 4.50845957413 4.12961567482 4.07920916322 3.81621552634 3.16754453945 2.30146866954 0.973832096025 2.05259237491 2.90306483347 1.30023465627 1.17638550725 0.704944573374 1.33063910714 1.41244134328 1.33448974001 1.40119158844 1.34893671123 1.84586063159 3.0556159747 2.83671838358 2.81043767166 1.87643162039 1.22873574434 1.03251306363 0.911491186347 1.56590399405 1.12433447409 0.932031857614 1.22690857101 1.60976103695 1.41587540807 1.25628584686 1.41657930565 1.32113457488 1.30383819869
-9999 -9999 -9999 -9999 -9999 -9999 -9999 -9999 -9999 -9999 -9999 -9999 -9999 -9999 -9999 -9999 7.60573807533 7.57089761516 7.19059117628 6.92465073322 5.61497403143 5.77176369667 5.05231207003 4.60776126135 4.0690195653 4.35537774962 3.41402041599 3.15735079947 1.08507847111 1.7291569191 0.978843019067 0.684486188675 0.779230642212 0.585685276112 1.33472830534 1.37474264341 1.72769414561 1.42580155215 1.33542638652 1.38873092474 2.44219985555 1.80951949285 2.36842844148 3.04247406202 2.13340198398 1.69949136308 1.80551504453 1.16731347927 0.94591574783 1.08607497543 1.39396227233 1.43874216543 1.75317300181 1.820335426 2.07114189652 1.71591961951 1.31209932834
-9999 -9999 -9999 -9999 -9999 -9999 -9999 -9999 -9999 -9999 -9999 -9999 -9999 -9999 -9999 5.86226176347 5.89296257258 6.72034777849 7.06339085611 6.89621590976 5.70343734844 5.42024193802 4.45744384775 4.50787763255 3.77235929933 3.98249795539 3.38596032577 3.50154942314 1.43374527618 2.24174908538 2.37262333651 2.43301849405 2.35599235074 1.24733234009 1.41647682532 2.97855234957 2.71548892661 3.13820067305 2.43679778433 1.18080749759 2.34751859641 2.34022549619 2.19223729622 2.17096441159 2.06168239518 1.75245260328 1.06822740849 0.902430247659 1.11006840564 1.37242659564 1.21064294891 1.02008223335 1.16283926168 1.25666113615 1.39261217865 1.41964214759 1.5440243095
-9999 -9999 -9999 -9999 -9999 -9999 -9999 -9999 -9999 -9999 -9999 -9999 -9999 -9999 6.70205308238 6.33762182844 6.07771253998 6.58160642719 6.60124638102 6.520593817 5.57480716455 6.0199863399 4.68399911136 4.81644657332 3.77340232754 3.63947127793 3.08290658495 3.19062344886 2.64410258258 2.64365518254 2.15029665491 2.19700244946 1.91592641234 2.41044646349 3.1859555314 4.37351876507 2.24036315541 1.85959171728 2.35946733616 2.63869385207 2.1992873435 1.93126654304 1.84961571865 1.94910567095 1.4935510314 1.36704739186 1.49060904422 1.72811574944 1.35741804474 1.16340348864 1.11529886119 1.10712629403 1.22433402823 1.20176182964 1.20925674283 1.26310874712 1.26764150649
-9999 -9999 -9999 -9999 -9999 -9999 -9999 -9999 -9999 -9999 -9999 -9999 -9999 -9999 6.90873373583 7.45140019558 6.74494088266 6.28853262493 5.48270332783 5.45970458495 4.89564352431 5.38761734468 4.60371342573 4.80620049431 3.63424527992 3.29874750802 3.04244882049 3.13762931007 2.75445605093 2.65069700021 2.35523311503 2.77064934766 2.83577607533 2.64859154396 2.46047691854 3.26769414626 3.90760117433 4.33484309087 3.08121297277 3.12307783743 3.5066948464 3.35321701288 2.10400621536 1.99967963853 1.84596413263 1.40094605636 1.80687311145 2.62170660163 1.90090341107 1.87646290984 1.9080174573 1.899838241 1.62296410244 1.49833242918 1.66436765594 1.62582888639 1.42967107586
-9999 -9999 -9999 -9999 -9999 -9999 -9999 -9999 -9999 -9999 -9999 -9999 -9999 -9999 -9999 -9999 6.85898047656 7.76985777077 7.54483642356 7.43487421495 6.18025948166 5.23511536771 5.09823457402 5.11619366678 3.81004745265 3.94376941476 2.71604552524 2.81372124111 2.34206240604 3.01523021665 2.80272952337 2.88488144176 2.68455994567 2.42465325671 2.39926784175 2.41480358828 2.96148167103 3.17697816787 3.50503880381 3.05582726448 2.25567151592 2.38156839988 2.65067052752 2.27756128243 1.5539843441 1.70212572578 1.5750002522 1.8950142877 1.50731274819 1.51197524019 1.51728249003 1.54608819183 1.47499931938 1.34415607342 1.0978580987 1.14493797244 1.53135613155
-9999 -9999 -9999 -9999 -9999 -9999 -9999 -9999 -9999 -9999 -9999 -9999 -9999 -9999 -9999 -9999 8.3945612377 8.11756771368 7.71326133789 6.41021438331 6.07864465946 6.16409458186 4.25459769081 4.42490020155 4.11403871804 4.32849982398 3.38577003456 3.29858246541 3.11295571447 3.1862658901 3.26688785549 3.14340131683 2.64307786707 2.47120402838 1.95117078766 2.04024629087 2.04557874168 2.2616048177 1.72083028808 1.56896388955 1.77411687545 2.08998352593 0.824593986594 1.25974059229 2.48141873498 1.64629304293 1.13462339762 1.49423430914 1.29869454344 1.0657686906 0.93118745544 0.941917039041 0.811449586238 0.90780846436 0.900128511843 0.902915901869 0.936956982222
-9999 -9999 -9999 -9999 -9999 -9999 -9999 -9999 -9999 -9999 -9999 -9999 -9999 -9999 -9999 -9999 -9999 -9999 7.78801540834 6.89640929593 5.56843273159 6.03140382936 5.4451103545 4.99385825465 3.91989696854 4.02201335365 3.22424341525 3.56360858324 3.1167176728 3.05473115812 2.48966166915 2.29083570227 2.15092187177 2.33755697672 1.92706540391 2.2103875051 2.14659649814 1.76749692851 1.64630478533 1.935373509 1.58871073344 1.46850243483 1.28942471958 1.28310639761 1.22442394215 1.69838356787 1.2767859639 1.29129120127 1.69394608726 1.0638254138 1.09300022709 1.3689802081 0.829937110595 0.851101201086 0.961070634806 1.01144973858 1.00093555338
-9999 -9999 -9999 -9999 -9999 -9999 -9999 -9999 -9999 -9999 -9999 -9999 -9999 -9999 -9999 -9999 -9999 -9999 -9999 5.99526677302 5.6535006861 5.93118492135 5.34289753169 5.92677914427 4.31903701954 4.12840319217 3.21983206063 3.34148573801 2.47512989223 2.40891351468 2.29140156975 2.84803645623 2.12208844776 1.9038546911 1.61122733965 1.54858410159 1.50134456274 1.80230168024 1.63988638459 1.76276689765 1.45437731837 1.37111173831 1.19274206157 1.39918205975 1.41633430839 1.44450297532 1.5915015137 1.25624925437 1.10759276486 1.59668880235 1.25933055272 0.958353477178 0.815358957944 0.808664598152 0.957613612541 0.921968102105 0.804486694375
-9999 -9999 -9999 -9999 -9999 -9999 -9999 -9999 -9999 -9999 -9999 -9999 -9999 -9999 -9999 -9999 -9999 -9999 7.07642551237 7.54537436587 7.23972983208 7.08785722536 5.55717535089 5.00535809585 4.21621463861 4.03500384493 2.93472136504 3.30394036916 2.74977076048 2.5979781903 1.20895336382 0.760011932351 1.93390714954 2.0667373221 1.87290599685 2.06153139787 2.27784718326 2.2156558 2.08185646174 2.00883685669 1.84689483677 1.45428285978 1.35759559257 0.868790341451 1.20331446419 0.89898661184 1.39730523548 2.25405778711 1.82436221307 1.30190803892 1.57933094129 2.30940757775 1.88705874564 1.51584555009 1.23021176634 1.09620640743 1.04867720243
-9999 -9999 -9999 -9999 -9999 -9999 -9999 -9999 -9999 -9999 -9999 -9999 -9999 -9999 -9999 -9999 -9999 -9999 -9999 8.46719280717 7.90300592673 7.57735792903 5.58442741349 5.09736255886 4.51725581084 4.45416517561 2.72946906434 2.89449986199 2.71957318963 3.09208534908 1.21184425985 1.19872204887 2.24353599462 2.14104641829 1.57390624355 1.29361164269 1.43397156033 1.31837258164 1.21452418634 1.21689926405 1.26020764444 1.49521651287 1.13877623061 0.749384415249 0.705670963049 1.65325156891 1.65443051643 1.47514316138 2.00135141128 1.57609281989 0.909950123668 1.17880200911 1.20731702582 1.00607898394 1.86300430315 1.09144031432 0.838612248928
-9999 -9999 -9999 -9999 -9999 -9999 -9999 -9999 -9999 -9999 -9999 -9999 -9999 -9999 -9999 -9999 -9999 -9999 -9999 -9999 6.86570340692 7.36930240969 5.64145532311 5.42802150864 3.86989629103 4.30583169002 2.78031403075 3.01444688227 2.97876248273 2.6900927891 2.12148207847 2.03542163335 1.85275599086 1.42747068261 0.859677848531 1.18157437923 1.81853807147 1.95099671356 1.9163785705 1.81004745365 1.49064708296 1.79612560226 1.80597500758 1.65679728908 1.98212303241 1.80748156848 1.61019587998 1.74533131357 1.69957923874 2.13885426767 1.88969352048 1.488003221 1.05143268844 1.02954581958 1.36874444197 1.26996320999 1.32292648307
-9999 -9999 -9999 -9999 -9999 -9999 -9999 -9999 -9999 -9999 -9999 -9999 -9999 -9999 -9999 -9999 -9999 -9999 -9999 -9999 -9999 6.95253944549 5.89023295523 5.92222657393 3.48929658744 3.22363316567 2.60556970293 3.13387183706 2.45734575957 2.34368246039 2.36237831924 2.36109262142 2.07201681216 0.760193216727 1.95119389911 2.34873076412 1.99457367761 1.61815999813 1.57182794113 1.6226794813 1.98342837638 2.05835065541 2.20089315259 1.72728956981 1.54535379588 1.26771156297 1.51147768626 1.61999775889 1.63177667884 1.89863487605 4.03117909469 1.49589194303 1.56209508329 1.49500666561 0.748304392381 0.941441262562 1.0838545758
-9999 -9999 -9999 -9999 -9999 -9999 -9999 -9999 -9999 -9999 -9999 -9999 -9999 -9999 -9999 -9999 -9999 -9999 -9999 -9999 -9999 6.09787231892 5.31988051575 5.32687873487 4.34021877959 4.52946701126 3.38806316824 3.64005873995 2.88570148439 2.29512856875 0.634966334658 1.77096354202 2.38387025129 2.27162702513 1.68157563174 1.84957917876 1.68847539056 1.47278296049 1.39661758875 1.90292694527 1.99790810272 1.93813223004 1.64749820888 1.61360969711 1.87475165958 1.80788243197 1.7489285093 1.71772285939 1.34926500684 1.44650213431 1.23800626894 0.654920962536 1.05020146659 1.0833974319 1.16346283884 0.810563953513 0.886816826429
-9999 -9999 -9999 -9999 -9999 -9999 -9999 -9999 -9999 -9999 -9999 -9999 -9999 -9999 -9999 -9999 -9999 -9999 -9999 -9999 -9999 -9999 5.35094148744 6.01395923307 4.73510093259 4.26568999621 3.07417811697 3.60774428128 2.89705631318 2.89922422093 2.54072116036 2.65924035533 2.25153541532 2.27455236736 2.39027255268 2.00835933125 1.99755880208 1.82710613163 1.62011845026 1.89743540087 1.99886196513 1.50762434516 1.63728545604 1.9493020325 1.36542259808 1.25933637595 1.11687418673 1.27288993711 1.58603939827 1.07358862194 0.438599231546 0.787527042746 2.1192944789 1.52434815082 0.848619700545 0.744919466939 0.849359776131
-9999 -9999 -9999 -9999 -9999 -9999 -9999 -9999 -9999 -9999 -9999 -9999 -9999 -9999 -9999 -9999 -9999 -9999 -9999 -9999 -9999 -9999 5.53627212452 5.38709111312 4.5289026901 4.77082530567 3.45820841026 3.24869378492 3.11064874477 3.16638783219 2.67786466423 2.73558887759 2.57184834353 2.4136256865 2.03584485455 2.46367120226 1.97928398496 1.88991289802 2.12661290152 2.12207387274 1.65318001108 2.02827859583 1.65835941945 1.40461535807 1.32720937775 1.53349522275 1.82997162498 1.86661121943 1.3211295263 1.20443638176 0.951385497824 1.43569986206 1.31768809519 1.98888751483 1.48175480255 1.38638462777 1.16162513081
-9999 -9999 -9999 -9999 -9999 -9999 -9999 -9999 -9999 -9999 -9999 -9999 -9999 -9999 -9999 -9999 -9999 -9999 -9999 -9999 -9999 -9999 5.28022832725 5.68226523864 5.35098695667 4.76438326438 3.5886562463 3.80996094172 3.13865621721 3.47947656005 2.78891183606 2.53488111953 2.2360986468 2.34573404859 2.46068423931 1.9191170777 1.90580331218 2.31867996782 2.15243572938 2.01794172159 2.0550645204 1.74820522944 1.41674846144 1.669737186 2.00805772716 1.90212174336 1.91753367521 1.74282977892 1.5070182771 1.50950099518 1.84747560743 1.61451033215 1.86161257122 1.94788199296 2.09611221459 2.19222946656 1.60470267404
-9999 -9999 -9999 -9999 -9999 -9999 -9999 -9999 -9999 -9999 -9999 -9999 -9999 -9999 -9999 -9999 -9999 -9999 -9999 -9999 -9999 -9999 -9999 5.99989465278 5.71416817139 4.91137739675 3.23771143925 3.62205124286 2.91244993309 3.34397659457 2.80718585783 2.99936866352 2.65034219193 2.85387501983 2.24028794465 2.41336411155 2.46411735239 2.22801945327 1.70757615795 1.71798523164 1.35567884296 1.67222482544 2.03660301873 2.05500579997 1.92404911902 1.76943867727 1.23822552487 1.14038676238 1.14513920251 1.22267533748 1.05299379512 1.2725718647 1.51112916679 2.35317324503 1.70000552445 1.27788448542 1.79210152918
