data/recharge/transience/oldversion/mHM_recahrge_1.ASC
ncols   80
nrows    72
xllcorner    4374000.0
yllcorner    5656000.0
cellsize      500
NODATA_value  -9999
[rows 0 to 24 of 72, columns 0 to 56 of 80]
-9999 -9999 -9999 -9999 -9999 -9999 -9999 -9999 -9999 -9999 -9999 -9999 26.9113609383 27.5693833231 -9999 -9999 -9999 -9999 -9999 -9999 -9999 -9999 -9999 -9999 -9999 -9999 -9999 -9999 -9999 -9999 -9999 -9999 -9999 -9999 -9999 -9999 -9999 -9999 -9999 -9999 -9999 -9999 -9999 -9999 -9999 -9999 -9999 -9999 -9999 -9999 -9999 -9999 -9999 -9999 -9999 -9999 -9999
-9999 -9999 -9999 -9999 -9999 -9999 -9999 -9999 -9999 -9999 -9999 -9999 23.979375676 23.2947779767 23.157568292 -9999 23.1667121457 -9999 -9999 -9999 -9999 -9999 -9999 -9999 -9999 -9999 -9999 -9999 -9999 -9999 -9999 -9999 -9999 -9999 -9999 -9999 -9999 -9999 -9999 -9999 -9999 -9999 -9999 -9999 -9999 -9999 -9999 -9999 -9999 -9999 -9999 -9999 -9999 -9999 -9999 -9999 -9999
-9999 -9999 -9999 -9999 -9999 -9999 -9999 -9999 -9999 -9999 23.6924714773 23.2617880604 23.7827483425 22.9768618345 21.7936685926 24.4580361627 25.2433962617 26.3814812438 -9999 -9999 -9999 -9999 -9999 -9999 -9999 -9999 -9999 -9999 -9999 -9999 -9999 -9999 -9999 -9999 -9999 -9999 -9999 -9999 -9999 -9999 -9999 -9999 -9999 -9999 -9999 -9999 -9999 -9999 -9999 -9999 -9999 -9999 -9999 -9999 -9999 -9999 -9999
-9999 -9999 -9999 -9999 -9999 -9999 -9999 -9999 -9999 23.5656966476 23.2926948609 22.9974527214 22.831562041 22.9975544555 21.9826286576 22.4630142447 25.3406920815 23.248320859 -9999 23.4023764709 -9999 -9999 -9999 -9999 27.1810931032 27.8953449994 -9999 -9999 -9999 -9999 -9999 -9999 -9999 -9999 -9999 -9999 -9999 -9999 -9999 -9999 -9999 -9999 -9999 -9999 -9999 -9999 -9999 -9999 -9999 -9999 -9999 -9999 -9999 -9999 -9999 -9999 -9999
-9999 -9999 -9999 -9999 -9999 -9999 -9999 -9999 23.978082 23.5922222735 22.6869496598 22.8000593415 21.8288421735 21.7556056536 19.5387425549 19.8098182562 23.771140413 24.2447161209 24.5979515664 20.4869391067 19.8569520845 20.1378718227 -9999 25.9664218848 26.5739039108 27.372541199 -9999 -9999 -9999 -9999 -9999 -9999 -9999 -9999 -9999 -9999 -9999 -9999 -9999 -9999 -9999 -9999 -9999 -9999 -9999 -9999 -9999 -9999 -9999 -9999 -9999 -9999 -9999 -9999 -9999 -9999 -9999
-9999 -9999 -9999 -9999 -9999 -9999 25.401360705 24.2530955635 23.3929150698 23.4062270937 23.009289942 22.914187868 22.0597553148 22.0934852341 19.6899454249 19.7887977495 20.3606926051 20.7965238308 20.2679850301 20.0596091135 19.6232252839 19.7357530652 23.6055552566 25.7085832617 26.5573260809 27.0448035839 27.3548763929 -9999 -9999 -9999 -9999 -9999 -9999 -9999 -9999 -9999 -9999 -9999 -9999 -9999 -9999 -9999 -9999 -9999 -9999 -9999 -9999 -9999 -9999 -9999 -9999 -9999 -9999 -9999 -9999 -9999 -9999
-9999 -9999 -9999 -9999 -9999 -9999 24.1659348123 23.7748305251 22.6189594619 22.4474030885 22.190099737 22.3084273627 19.5677387603 19.4716641102 18.8476877352 18.6569718038 19.0284578814 15.0379303222 18.1440586253 18.7926601631 18.7671434865 19.2126006532 19.7999867919 20.7416591589 25.5396278812 25.3085744408 26.0677330204 23.7531182416 24.0526232512 24.1017423351 23.8890321792 24.164459379 -9999 -9999 -9999 -9999 -9999 -9999 -9999 -9999 -9999 -9999 -9999 -9999 -9999 -9999 -9999 -9999 -9999 -9999 -9999 -9999 -9999 -9999 -9999 -9999 -9999
-9999 -9999 -9999 -9999 -9999 24.6619449835 24.0537956736 23.7148153749 22.9346026436 22.903094919 22.4755025427 22.1322217531 19.4314668224 19.2556441217 19.1176108666 19.0950408844 14.7580312027 7.86964663394 14.5689964846 18.9110093612 18.8936529647 18.8752674422 19.5305471566 19.5710467127 24.3823847464 24.8638787601 26.29221843 23.9424221992 23.5907733225 23.6752670009 23.6123320031 23.971517431 23.6934678789 23.7750501733 -9999 -9999 -9999 -9999 -9999 -9999 -9999 -9999 -9999 -9999 -9999 -9999 -9999 -9999 -9999 -9999 -9999 -9999 -9999 -9999 -9999 -9999 -9999
-9999 -9999 -9999 -9999 -9999 24.908204518 23.7635808342 23.8751209282 22.8704177815 22.7794483056 22.334080993 22.3768758835 14.212614311 11.5931085236 19.4728008313 19.3180790441 16.5110439168 6.6196058149 11.9346407822 16.2278635801 18.9977054309 18.8579189634 19.0895172025 19.1712699591 19.603147172 19.5798740981 25.0165637828 24.160538074 22.1926660991 21.1650007681 20.50130829 21.9063075703 22.786785267 22.9071335398 23.0481836498 23.2266982219 -9999 -9999 -9999 -9999 23.4690650352 22.6487352833 -9999 -9999 -9999 -9999 -9999 -9999 -9999 -9999 -9999 -9999 -9999 -9999 -9999 -9999 -9999
-9999 -9999 -9999 -9999 -9999 24.8377293368 24.110646138 23.8293091545 22.8027139176 23.0855446825 22.7198415377 22.6695954525 19.6698357667 19.2783229958 19.7121447693 19.5515025336 18.8677183973 19.6010688446 19.4408758579 19.304209972 18.9997468471 18.6778494857 18.8470135599 18.8381001391 19.5064199353 20.2092677087 24.47079002 24.7731596349 22.6787022192 20.5889139368 14.3156959284 18.7008907231 22.5406468565 22.9991754475 23.4648790192 22.9563921222 23.0227346299 -9999 -9999 23.411572847 22.8659530716 22.9989861041 22.9141862616 -9999 -9999 -9999 -9999 -9999 -9999 -9999 -9999 -9999 -9999 -9999 -9999 -9999 -9999
-9999 -9999 -9999 -9999 -9999 -9999 24.7888374149 24.5083746424 23.8066289433 24.0689637136 23.1289411476 23.0524901506 22.8684804828 23.4951435484 19.7619975172 19.8581698633 19.2482482752 19.416154793 19.4048217349 19.2636778965 19.1527230555 18.9087956661 18.7009732708 19.2162062647 19.044458564 18.9901467554 22.2813488868 23.9193665447 19.9152415562 19.3446492471 18.0959937391 19.2474271811 20.2305178139 20.5596390106 21.1673467717 20.4546183032 22.8108362873 25.0248601525 22.4594817716 22.3015837224 22.2528010798 22.5696114706 22.8452593124 24.8623571771 -9999 -9999 -9999 -9999 25.931745527 25.6888157621 5.90386455499 -9999 -9999 -9999 -9999 -9999 -9999
-9999 -9999 -9999 -9999 -9999 -9999 -9999 25.1542799576 23.8746866485 23.7422221616 23.2261953104 23.4641426312 23.0030082645 22.5640299032 19.9450251454 20.1384266608 19.2617564292 19.1992054928 19.1552341106 18.9299974621 18.8955842669 18.645438224 18.6628060324 19.113462154 19.1297334079 18.7832540199 22.3519278369 19.0604504999 19.5717474586 19.375696401 19.4767759625 19.1910953041 20.1735058492 19.8608611199 20.4987645265 20.6598709974 23.2796365655 23.1771594674 22.607146961 22.4305981057 22.2160296719 22.867927935 25.1161650924 21.2913228764 19.1832837602 18.689674925 21.0846818103 20.140730465 19.6227993026 25.172899321 20.8682231908 17.7050635113 -9999 -9999 -9999 -9999 -9999
-9999 -9999 -9999 -9999 -9999 -9999 -9999 -9999 24.094806058 24.1290923759 23.8447880319 23.7479112715 23.0387680746 23.3950577899 22.1533088578 21.6680819653 19.6897180154 19.9420172083 19.3719768798 19.0489149997 19.1440184648 19.1221494752 24.2898959729 21.4651986388 18.8380921428 20.6257824409 21.5564670557 18.3931987529 18.2483328286 18.2158331809 18.0534046534 18.0423570346 18.2649617177 18.6949304402 18.9249009527 18.7101828607 19.488608721 19.6523898415 20.0416115739 20.3641146285 23.3018611682 23.1431646861 16.8977766144 16.3602219296 15.6018719109 15.0634850962 16.2512205261 15.5671068777 14.8256026245 21.0080225088 21.8142878884 20.7785494267 17.2871134185 -9999 -9999 -9999 -9999
-9999 -9999 -9999 -9999 -9999 -9999 -9999 -9999 24.2012503038 24.2435378455 23.7385952321 23.8520578136 23.264235693 23.3074814281 21.3654689114 21.1075712298 19.5891356213 19.8111410131 19.1201855756 19.0689989379 19.326817444 19.1675838189 26.176754876 26.1628540254 22.3476180426 17.5647073787 20.869684245 21.9023499198 19.4917877354 21.5337979173 18.1173977558 18.1013336519 18.5077312127 18.704614755 18.6562324867 8.16947216675 19.7358439035 19.5796677139 19.8894145478 19.8938678377 19.6270899505 19.963624696 16.5166891685 16.44565422 15.1111064942 15.0392211485 16.1768581376 15.706028415 16.3857100908 22.2395657267 21.7504710801 21.7775881393 17.2662997101 17.3198958404 15.6884188573 15.8841420697 -9999
-9999 -9999 -9999 -9999 -9999 -9999 -9999 -9999 -9999 23.9232998306 23.6503675027 23.9478128378 23.5943582254 23.5369758943 21.1341952675 21.1038795554 20.7544091072 20.4448013976 20.5895781681 20.6956251485 20.9816459481 20.6410316896 22.0100503235 31.9587048732 26.1940527322 24.663111741 17.9437326563 15.6702830242 19.3871917012 17.9298046835 17.6612958617 17.7347594556 17.4823615117 17.8283583581 17.2762930364 15.1293220938 18.3613952421 18.2842183303 18.2807645344 18.2288086157 18.0519261658 18.4927245681 14.6675142949 15.1129900404 12.8998528619 12.1996621869 11.1475961286 11.687776127 18.4542044633 19.1605688206 18.9479105621 18.826019294 15.0859065394 15.3413891963 15.1651307444 10.5016816556 7.86861177485
-9999 -9999 -9999 -9999 -9999 -9999 -9999 -9999 -9999 -9999 23.5761655591 23.8865338748 23.6508237719 23.6693152828 21.0618274768 21.0035768253 23.4247395177 22.1303217775 23.8432714163 24.7606750281 23.3088123814 24.8358555909 21.3441223502 26.2106568771 22.3572045863 25.6368932696 24.2031742515 17.7800829562 11.5306821795 19.6660526449 17.7535867318 17.6991923823 17.6495002805 17.4698522503 17.8103783792 17.8114190955 18.2477502647 18.2568402246 18.3115943273 18.3260252153 18.0910640976 18.1259658878 16.7480202953 12.141820483 12.5542686426 14.9898645242 11.7838544159 12.4428576857 18.235005326 18.3113458142 19.5092423266 19.2572858135 15.427498427 15.3033242284 14.6559853419 9.75499195585 7.82402193042
-9999 -9999 -9999 -9999 -9999 -9999 -9999 -9999 -9999 -9999 -9999 12.6144004252 15.1965723461 22.0181156554 20.8301226435 21.0396902877 26.655785016 26.8407114518 24.4509648507 21.6253909758 20.4317928319 20.771842303 24.0461323802 24.3456612163 25.4527534892 20.1351550712 19.2459586517 20.9274886781 19.2714707708 17.126118714 13.9286620755 18.5207052704 17.2410921515 17.3212160796 17.5152070218 17.2475053411 17.3857432562 17.3535548641 17.4627929225 17.5093902538 17.3551104912 17.1142911911 17.0994682819 14.5751028378 10.0616618361 10.6209202028 9.90156859367 10.4952813621 12.3897756063 14.9620532372 15.4374723162 14.8643266794 13.9439298127 13.8616812498 12.9948918754 12.871829669 8.65549215479
-9999 -9999 -9999 -9999 -9999 -9999 -9999 -9999 -9999 -9999 -9999 11.7928255035 16.1416774848 21.6785605177 20.8255407121 22.4327387214 25.9803334003 25.0145882312 20.4225389167 20.4069434965 20.1031608573 20.2959880313 19.7758852737 24.6666495845 19.1265587967 19.2257026284 22.0672703098 21.3858155572 14.5567565422 18.6697729875 16.8886603932 14.4453116438 9.76299995448 11.333659139 15.9870132941 17.7559947867 17.3048395759 17.4437445122 17.332475463 16.9827871893 15.7985917394 17.3157805773 16.7937244936 16.9061805896 14.9324766869 10.8704154201 11.4511647049 12.2553657826 11.4137829437 10.2591751777 10.2234292285 10.5458259893 9.44889776541 13.772935631 13.7528940483 13.3552782795 12.8711932987
-9999 -9999 -9999 -9999 -9999 -9999 -9999 -9999 -9999 -9999 -9999 24.2704227022 21.5833409269 21.5420205604 20.0205093584 21.2734083713 24.9525779077 23.3020625046 19.2693604402 19.3239779028 19.2038800509 19.2397331621 21.288294477 23.8511994067 18.4563591829 18.3553397912 18.0658486931 17.9748425403 17.8245138752 19.7703160571 16.9124384024 16.5589797765 16.9534721928 16.8813118833 10.228850351 3.91767992914 6.21355324129 6.95499128515 16.8425794037 12.8347355347 10.2617268362 16.7929574447 16.8330068714 17.1723147273 17.4754152752 16.9717645691 11.2334134789 10.7387714745 10.2028817986 10.1241018365 11.0721051805 11.7606289642 11.6392436999 11.5484491976 13.712250514 11.732575407 10.3959236095
-9999 -9999 -9999 -9999 -9999 -9999 -9999 -9999 -9999 -9999 -9999 -9999 21.9570597271 21.3893086073 20.2428896318 20.1151786737 21.6491089332 24.9910436215 23.8516880418 19.224771275 19.4120598343 19.1973921124 18.9156044252 18.9843025701 18.3749892062 18.4988964435 18.1642912101 18.2135143524 17.8450950534 17.7536445982 17.5437979391 17.5892908463 18.3756349527 15.6701433907 14.165799757 11.6655921152 8.69834572108 4.72504073728 9.15679653975 16.6849081222 16.9490049205 16.6790979154 17.2626314164 17.5597218007 17.6564567962 17.7393899188 14.0888329078 10.7968585776 9.26648600244 9.64964335763 10.4003395726 9.88159999423 9.21543662983 8.73304468565 6.97162835991 9.04869215255 5.96070341894
-9999 -9999 -9999 -9999 -9999 -9999 -9999 -9999 -9999 -9999 -9999 24.073947679 22.7243824329 22.2674446376 20.7107195601 12.1223529813 16.4661984781 19.7278812766 19.4657313596 18.9168031652 18.801066373 18.7587637943 18.3961568823 18.5462569161 18.5085708927 18.4898997567 18.009373793 17.9905590751 17.7515270348 17.6116774827 17.1846660804 17.2724228092 16.8649246996 16.804478032 16.8038742956 8.17286205004 6.4882771764 2.91868405966 2.84037096575 16.0460479805 16.1603086239 15.4971930701 17.6269402155 18.0421551985 18.2874643919 18.1885734372 17.659871475 14.0237306759 10.3422047054 10.3824998788 8.39037018591 7.75547264792 6.88584656178 6.91838795004 6.35659258803 6.61272050029 7.48028941881
-9999 -9999 -9999 -9999 -9999 -9999 -9999 -9999 -9999 -9999 -9999 24.3058571874 22.8430902688 22.4791397963 20.9306863716 15.588108557 18.8061308092 19.4847572535 19.2667424593 19.1985938304 15.4173420036 16.0430650339 18.5533561422 18.5552521658 18.5572061671 18.7180668034 11.9063969311 12.4642606816 17.0131155777 18.1442423233 17.7721018542 17.3223120578 16.7841027432 16.804499352 16.7142043602 11.1982996615 3.63840228423 6.28391897878 3.17290148045 12.8040960758 15.6654873273 15.2218785894 17.0433760437 17.6074757044 17.7900573607 17.6766225363 17.2761450214 17.3279851855 15.0812670577 13.6672376031 9.54673342514 9.6364101795 8.50519699978 8.25198059286 7.65164280349 7.28476645787 5.56787141835
-9999 -9999 -9999 -9999 -9999 -9999 -9999 -9999 -9999 -9999 -9999 24.3734718858 24.5523345441 24.1106533025 22.1650750861 22.05405275 20.2930872855 21.7253119927 19.4170668886 19.605251083 16.119046275 7.10192519844 15.6134256557 17.5092300731 14.6232483469 14.643424369 15.6898257494 17.0350978923 16.4319959409 16.9539970905 16.5866008293 17.8258063033 17.4852193893 17.3585913442 16.207711945 7.68585442329 2.06214470524 1.54608428598 2.51615456795 7.95841648245 16.297133065 16.332009769 16.419694209 16.8887041228 16.1631392144 16.7203443923 16.3321058747 16.3693100271 15.2236451594 15.0671757074 9.95309751639 7.07634742253 5.66814817714 5.55274582349 5.16460141774 5.40031535236 6.057100185
-9999 -9999 -9999 -9999 -9999 -9999 -9999 -9999 -9999 -9999 -9999 -9999 24.8803420243 24.3134747724 22.4059328403 22.2289930407 24.0856361986 22.2136678727 19.4349890652 19.3709643552 19.5380380136 19.6742287327 17.0279391469 14.7860768455 14.3214914567 14.2437133448 12.7116889646 12.9540953284 11.9116481719 11.3850980318 10.1419846606 14.7240871044 16.3325293456 16.6070649501 15.8996730887 4.38642297246 2.43118039106 1.79714847747 3.38903277175 10.1813473721 16.3040881478 15.9485689458 16.3747463808 17.7205846709 19.0586298532 19.0587736943 15.8853320362 16.1034146669 14.8633015887 14.9240811061 13.5966288854 7.30849924443 7.15982412753 8.47382875723 5.47849910146 5.86144445745 5.5945903823
-9999 -9999 -9999 -9999 -9999 -9999 -9999 -9999 -9999 -9999 -9999 -9999 25.7757447279 25.0954532198 24.5212170783 27.3156845298 26.0610760635 25.1489534046 22.7179083355 20.8089163969 19.4419008946 19.496834863 18.9735579979 16.3864230198 15.3011969818 15.7343634435 15.2304682826 14.8570100409 13.0934521586 14.0994513663 12.2585487732 12.7867529038 17.402811939 17.7455970156 12.6735447778 3.33811658395 2.24968610871 3.56750434844 6.51867077091 8.5531903044 14.6664628581 15.4275167973 14.7290697357 14.6575579153 14.3090617347 14.3153506769 14.0271211389 14.2009461023 13.2663641568 13.617513211 12.7162778867 11.5456613587 10.3296691955 3.99332689089 2.7125194399 3.270116295 2.87674392624
