data/recharge/transience/oldversion/mHM_recahrge_6.ASC
ncols   80
nrows    72
xllcorner    4374000.0
yllcorner    5656000.0
cellsize      500
NODATA_value  -9999
[rows 26 to 51 of 72, columns 0 to 56 of 80]
-9999 -9999 -9999 -9999 -9999 -9999 -9999 -9999 -9999 -9999 -9999 -9999 -9999 23.0264667582 23.7443830134 23.9758090226 23.0365304307 22.5301318815 20.3520944078 19.3891614271 18.4086260899 19.3253245191 18.9502107946 16.1144514279 16.905429084 15.2467271849 13.6952092891 12.8173156217 11.617041716 12.3851655823 10.4740917508 9.87690601781 8.08348946513 7.84259203676 3.1479334297 2.27706268406 5.23221754201 4.32568126116 7.73712422046 5.67054343463 4.92247194977 6.11825567756 3.78728098132 5.30623894906 5.48395516339 6.04233491079 6.85268561482 6.51126401649 5.01970264498 3.37656678145 2.9485405877 3.16689152748 3.58736077321 3.71174642948 3.59014933533 2.80875835923 2.84856536214
-9999 -9999 -9999 -9999 -9999 -9999 -9999 -9999 -9999 -9999 -9999 -9999 -9999 -9999 23.5622787638 23.299690066 21.948067345 21.3564884203 20.3431663933 21.0604184726 18.8828396831 20.5680770159 18.1219898632 17.2251234913 14.3171233416 13.897189486 14.4139725907 16.3105847574 12.4354323769 10.8868826245 10.7141832852 12.1375767742 10.3221819288 11.1940190743 3.94729786713 3.35029078796 4.86574225852 6.35516326507 6.22371569874 3.85163781699 3.76032689644 5.2452954293 5.80460580802 4.4251405263 3.19588679311 3.78892235119 3.14668017629 2.65065431248 2.85836689053 3.47363096677 3.40082667228 2.46669371979 2.34944692786 2.48145387137 4.73604134699 7.85211291967 7.14076887175
-9999 -9999 -9999 -9999 -9999 -9999 -9999 -9999 -9999 -9999 -9999 -9999 -9999 -9999 7.08960489564 15.0217163394 21.5979831167 21.7969246356 20.4071826023 20.9254514618 20.1079562614 20.1599107838 17.199278534 20.0215876484 18.7771964838 18.8364611026 12.8957250017 11.9858283555 12.4379785231 13.7069646028 9.81017616204 5.32805440732 9.61614591899 14.8288579874 6.50468790424 3.40007798142 4.00717141064 4.70666330821 3.4957152895 3.35809413625 4.14712708165 4.88971294966 4.88056649534 5.47349979748 4.43665840631 3.51192179856 1.48750257982 1.81815815481 2.47222842151 2.45155262638 4.01031898121 4.68780761184 5.51281890561 4.9467497559 5.16526385496 5.77233633723 10.3162882177
-9999 -9999 -9999 -9999 -9999 -9999 -9999 -9999 -9999 -9999 -9999 -9999 -9999 -9999 10.8857218737 16.0946854707 22.4711313151 22.9569123016 21.9770738655 21.7065002357 19.8148264487 20.5930940826 19.8837511856 18.8401248657 16.11067999 14.8524065822 14.2512310967 13.6979038418 10.3482972875 11.725641874 10.6076458031 10.5058418069 8.9237452195 12.9235983114 14.3593041009 3.37249259418 3.95293628142 7.57857523855 2.81676374191 2.74340692147 4.27419370371 5.06443026111 4.24019225361 4.40227885146 3.17470852467 3.61250231603 2.54100157777 3.67619954024 6.84614872317 7.30884559945 5.46471635664 2.68096972172 3.42887194133 2.54599668252 2.67944089746 4.1907065116 5.66591855701
-9999 -9999 -9999 -9999 -9999 -9999 -9999 -9999 -9999 -9999 -9999 -9999 -9999 -9999 26.3840078496 24.6014408793 23.978333536 24.9127157482 23.2496285329 23.3054814679 20.7006010227 20.0393510366 18.0038824811 18.5123152616 15.5099833287 16.3357459877 13.723511406 14.9520187114 12.3750242712 11.4459692039 11.1069201703 12.4739952433 11.0251782249 5.59521446276 3.67610088465 3.73343352023 3.10273865457 6.59408330249 2.47002504795 3.53278054276 2.04839343254 3.62679319592 2.99045655561 3.31757439354 2.69963711355 2.82652491665 4.99928181905 4.62567443234 9.45632959655 10.8853452473 7.0444319553 9.44170146255 6.44469414253 7.84757081875 7.60026461065 6.28728796173 7.59816562274
-9999 -9999 -9999 -9999 -9999 -9999 -9999 -9999 -9999 -9999 -9999 -9999 -9999 -9999 -9999 23.0692394695 22.6144316979 22.3949968526 21.7288936108 19.8764908323 18.1299404175 18.6734944726 18.6508473889 18.5981315245 15.4083871308 15.8300134918 13.1336648469 13.5616037662 8.11467020118 11.5261551966 8.87057272809 8.7356784768 7.79477472551 6.66248400829 4.11526075018 4.16963204444 3.77200880456 3.66288916038 3.50959302119 2.43784717797 1.49726917068 1.90682195958 1.17656264442 1.67776723653 2.32183399194 1.79270301989 1.12323194069 1.18821219743 2.51620362973 4.16982328135 3.56232374415 3.09363242395 5.42349306786 9.31923179794 9.18887785303 9.04264625998 8.09154394295
-9999 -9999 -9999 -9999 -9999 -9999 -9999 -9999 -9999 -9999 -9999 -9999 -9999 -9999 -9999 -9999 21.6877490379 21.0492108022 20.5631916482 23.0300238165 21.9450139787 21.5068649912 17.8518750553 16.1951942097 15.7968444381 14.7205910375 12.6587341665 11.8388910001 6.98579592373 11.0358622907 10.8404657341 8.24090893393 6.93361018761 4.57769060872 3.72569376368 4.28522595564 4.19148267364 4.66239231414 4.63983268111 5.91506499102 10.3139488223 9.24613703952 5.24502312941 1.80736712997 0.971447620316 0.753466619454 0.66172848582 3.50296437818 3.2576699078 2.35348938997 3.82403762572 6.27848590975 4.93399849638 3.9237486666 4.96824656047 4.33081109592 4.20421603042
-9999 -9999 -9999 -9999 -9999 -9999 -9999 -9999 -9999 -9999 -9999 -9999 -9999 -9999 -9999 -9999 23.3409124498 23.3320752242 23.0023817994 22.3689880599 19.5269575828 20.2505873213 17.9507152375 16.9132455499 15.1969956406 16.3756121138 13.4802507063 13.3753387253 7.60221958286 9.72648748049 6.619022753 5.13063393571 5.89056308903 4.84460782802 5.07868420875 4.03017861267 5.39986947965 4.8361219965 4.54228840953 4.16787716182 5.35159223848 4.05742374941 6.15097601574 5.76492798299 2.61376125535 1.65736229086 1.61389436999 2.34176589735 2.28639222067 3.05461117341 4.85625639312 5.14879507207 7.36662729366 7.89419735817 10.2167556231 7.13433010292 4.25136549482
-9999 -9999 -9999 -9999 -9999 -9999 -9999 -9999 -9999 -9999 -9999 -9999 -9999 -9999 -9999 18.1248406748 18.4406649966 20.4766246414 21.44795943 20.9990444388 19.5070683158 19.265056196 17.1251862871 15.9534824686 13.8259052104 14.6911887278 13.2045542489 13.4720439333 9.37649658756 11.2564881649 10.051775313 10.4002800584 10.425495201 7.35215497502 4.92510478455 5.14214183518 4.41639113142 6.86244293718 5.46125245257 2.86547749784 2.82999965089 2.83683140219 2.33084946171 2.28328435984 2.35542158884 1.7005273544 1.76474086258 2.79786801629 3.48820262178 4.93695919314 3.949819816 2.9018952653 3.61335129163 4.15058818274 4.96499512232 5.14133127604 6.25039415649
-9999 -9999 -9999 -9999 -9999 -9999 -9999 -9999 -9999 -9999 -9999 -9999 -9999 -9999 19.9840373494 19.3435539619 18.9403081017 19.2706310006 19.9784863134 20.1491202205 18.4127685935 19.6355700258 16.5810974657 17.081291513 13.8657301789 13.2465746449 11.7688931078 12.1687930732 10.4177537621 10.4062443011 8.72000283775 8.97622010767 7.6756574949 9.43856985387 9.50738631569 10.0811057461 5.33831992999 3.2015852677 1.77077416815 2.53830266754 2.47414624537 1.74920770396 1.66056873231 1.83273560628 1.2834871287 1.10928720532 1.26876795788 3.91866237661 4.74887039889 3.65920415428 3.37970231729 3.33786191039 3.95746047586 3.84398484313 3.83021554193 4.14456096473 4.62874435077
-9999 -9999 -9999 -9999 -9999 -9999 -9999 -9999 -9999 -9999 -9999 -9999 -9999 -9999 20.3968380319 21.3234090726 20.1227893691 18.1235035353 16.1803019519 16.2606635595 15.8452034141 17.559931559 15.8403948311 16.588208916 13.5400776839 11.9843496756 11.6289963492 12.1407716471 10.6197770665 10.5171746225 9.97434626223 11.8804090984 11.3448024165 10.359655289 8.88600094214 11.7740312825 8.96786220824 12.1794079085 4.88385729108 5.08797800316 8.3703415911 7.21121867414 2.32210459823 2.08752046166 1.92983698332 1.17374393644 1.95889251919 6.54485238157 7.61763100213 8.84201446672 9.12473297726 9.0307436299 6.93123193062 5.99952310829 7.28760196657 6.95661614421 5.48316872677
-9999 -9999 -9999 -9999 -9999 -9999 -9999 -9999 -9999 -9999 -9999 -9999 -9999 -9999 -9999 -9999 20.4241760136 21.7796739074 21.5062309668 21.2430331813 18.8733405973 16.8196359574 17.5507663189 17.6095973895 14.2711930918 14.2432295404 9.99492274528 10.4613661275 9.06185747969 11.0242145671 11.3787740752 11.1497339528 10.5224072331 9.15732629429 9.65109419659 9.73394296435 10.0719866953 6.02289864221 9.41020557818 10.1190641167 6.35563758187 5.31978036634 6.72441382395 3.55359662658 1.40146888553 1.64984931152 1.51262387694 3.0324276654 4.95274535512 6.00760998198 6.06086037782 6.26758378725 5.85295197174 4.97123635199 3.38815881642 3.660954505 6.1715221223
-9999 -9999 -9999 -9999 -9999 -9999 -9999 -9999 -9999 -9999 -9999 -9999 -9999 -9999 -9999 -9999 22.2768473785 21.6441960072 21.2593101198 18.0577495914 18.1377472512 18.4789328172 14.4502735215 15.139484556 15.2137209242 15.296054792 12.9802687349 12.5691846317 11.6079871047 11.7109473323 12.8744983731 12.2990732469 10.5680357133 9.53114273438 7.29250227635 7.78365596414 8.31610107637 9.60526737814 6.6784887073 5.55692288912 7.19784967575 9.2576323619 5.20075827872 6.76028532339 6.0459398596 1.57147992395 0.902702553533 1.63333236693 4.52860424354 3.33535661583 2.63511069768 2.69447049515 2.16418892955 2.58891350592 2.56488730636 2.58996010881 2.68090082551
-9999 -9999 -9999 -9999 -9999 -9999 -9999 -9999 -9999 -9999 -9999 -9999 -9999 -9999 -9999 -9999 -9999 -9999 21.4347673608 19.2885462873 16.7553459063 18.0107401152 17.9071602779 17.1409480738 14.4811203015 14.6011984004 12.1933398367 12.6504027121 11.3301311693 11.1186836863 9.18306482106 8.19342371225 8.06024731422 9.00228707531 7.16839170019 8.74739825882 8.91397187685 6.69878311366 6.35418934061 7.81334193148 6.02887917794 5.29124323763 4.71884509451 4.67751556268 4.47169983368 4.08155033443 1.12383205685 1.10870800866 2.1440759346 2.40978142957 3.07804791977 3.51742535392 2.22374111466 2.3040575368 2.84119146866 3.11179953286 2.96987829034
-9999 -9999 -9999 -9999 -9999 -9999 -9999 -9999 -9999 -9999 -9999 -9999 -9999 -9999 -9999 -9999 -9999 -9999 -9999 16.8395175583 16.7767618464 17.5364831802 16.8723353537 19.2641917924 15.7465722952 14.9253840838 11.9301605784 11.5958556692 8.73673606999 8.41794710036 8.59348796039 8.97170525601 7.62160635608 7.19670227077 5.78428779136 4.98085454421 4.97387832709 6.94023832089 6.55676286016 7.1902579897 5.50908385694 4.96724104192 4.13367790533 5.38160358468 5.71532069574 5.98384333765 3.42395773282 1.07643681186 0.917703985448 1.81520223139 2.32748899976 2.85824929389 2.24402354668 2.21519703732 2.9209553703 2.75322959282 2.24656709412
-9999 -9999 -9999 -9999 -9999 -9999 -9999 -9999 -9999 -9999 -9999 -9999 -9999 -9999 -9999 -9999 -9999 -9999 19.6046393255 20.7154616498 20.8195409232 20.457822961 17.4244548309 16.7082368819 15.3695143526 15.256157771 12.194923337 12.5733943689 10.0342185891 9.30524431598 4.97961420646 2.9637529234 7.02637437106 7.70768176403 6.6602607812 7.85503894449 9.81362065514 9.35803433029 9.02951580067 8.50788368338 7.99414276364 5.50064168405 4.98509822199 2.79045628972 3.46455503518 3.11683413226 5.74321068889 4.73266034614 2.20848556856 1.18841954388 1.73624253546 3.68852650467 5.45864041161 5.67853578582 4.32919513955 3.67181352291 3.38973172092
-9999 -9999 -9999 -9999 -9999 -9999 -9999 -9999 -9999 -9999 -9999 -9999 -9999 -9999 -9999 -9999 -9999 -9999 -9999 22.6262628225 22.004968213 21.2836304549 17.6113761136 17.038390688 16.5361840834 16.3215242419 12.2879187565 12.6188385794 10.8396371097 12.7714445918 8.88711000724 8.79326204455 10.8781705913 8.01656407158 5.79079689574 4.46976457616 4.6946155264 4.02464832172 3.68111025409 3.68216011583 4.42556212366 6.03813710113 4.83679172248 4.36230592239 4.96497033926 9.50750801936 7.75599798442 5.70458703908 3.35280048682 1.70498923206 0.67629604752 1.82810549592 2.91108216146 4.98886381919 3.97783591432 1.86341097087 2.15650804811
-9999 -9999 -9999 -9999 -9999 -9999 -9999 -9999 -9999 -9999 -9999 -9999 -9999 -9999 -9999 -9999 -9999 -9999 -9999 -9999 19.6293224236 20.8136806675 17.7658672454 17.6226594801 14.1401884873 15.7873284741 12.300702441 13.1259390744 13.2783354079 11.7224079032 9.46100062647 8.92845309028 8.38373119144 6.29344594648 4.81223086446 5.99899474916 7.19233835383 8.19135728746 8.34525882282 7.74106160399 6.27747692947 8.24624088875 8.3619445805 7.26306378228 9.86050283288 8.58823785784 7.45361493087 8.42512856138 7.41994038495 4.8919873779 2.91648842069 1.84159366617 0.959547720494 0.711086919859 1.80075227307 1.27395597766 1.38277207764
-9999 -9999 -9999 -9999 -9999 -9999 -9999 -9999 -9999 -9999 -9999 -9999 -9999 -9999 -9999 -9999 -9999 -9999 -9999 -9999 -9999 20.0009474751 18.4696727033 18.6170584435 13.4688923511 12.3241732323 11.7984930365 13.5812685274 10.5550982616 9.66827324675 9.98177958977 10.918127362 9.44690800429 4.42015060073 10.2764606032 10.350764653 8.89141773746 7.10276488355 6.68994658097 6.9692045619 9.63122621377 10.1329371744 11.4343884157 7.8290200639 6.81423224104 4.95659377776 6.75643131848 7.49991698732 7.72912137069 9.51523671487 12.045080505 6.59102191984 4.86162482289 1.8364645078 0.620829731351 0.837963357885 1.05695852959
-9999 -9999 -9999 -9999 -9999 -9999 -9999 -9999 -9999 -9999 -9999 -9999 -9999 -9999 -9999 -9999 -9999 -9999 -9999 -9999 -9999 17.9372522127 16.9962958336 17.0169149518 16.4391675451 17.317737997 14.4057770222 14.1681953922 11.6768390069 11.7236472179 5.72222180152 10.2711800626 10.8978849774 9.16975927738 6.24420446324 7.53746743663 7.05095619784 7.6902529569 7.47215339863 8.93459478976 9.73954015552 9.34048480257 7.66901854347 7.2458076252 9.14880868635 8.67456220797 8.42876395199 8.20205567122 5.85269484587 6.04911941277 5.87901191632 3.44507533137 1.95479567914 1.21947528124 1.14384948978 0.685656206958 0.796444328738
-9999 -9999 -9999 -9999 -9999 -9999 -9999 -9999 -9999 -9999 -9999 -9999 -9999 -9999 -9999 -9999 -9999 -9999 -9999 -9999 -9999 -9999 17.5266290606 19.1956842364 17.5968566821 16.3523852394 13.5575865458 14.7759701815 11.6222481509 11.5104164822 11.2454537176 11.853035129 9.93892099167 9.55254060609 10.8196482828 8.6318328088 9.54653379008 8.96760597575 9.42173376572 9.07718551889 9.87272750543 6.6194181324 7.72493054526 9.86111426047 5.81858386114 5.04490641952 4.45173674285 5.97457798695 8.34663069266 7.31093829627 3.27295832724 4.05652655917 4.70033482451 1.78664827539 0.758602831583 0.643348620369 0.787894636008
-9999 -9999 -9999 -9999 -9999 -9999 -9999 -9999 -9999 -9999 -9999 -9999 -9999 -9999 -9999 -9999 -9999 -9999 -9999 -9999 -9999 -9999 18.0074232128 17.6206591776 16.9477687862 17.8563040867 14.9466721834 13.476419964 12.1214393708 12.4864771968 11.1834651646 11.4665581745 11.4518836098 10.3667659474 8.7998397803 11.2541062915 8.97888659523 8.63000342094 10.7170734179 10.3083120399 7.57730287882 10.0624004687 7.87470475741 6.16771662547 5.78932804963 6.89352889058 9.27498103388 9.27756858633 5.53703980004 5.02330582273 3.73398201815 5.23523764378 1.39723575434 2.9733311925 1.7550878133 1.57012072223 1.22462417362
-9999 -9999 -9999 -9999 -9999 -9999 -9999 -9999 -9999 -9999 -9999 -9999 -9999 -9999 -9999 -9999 -9999 -9999 -9999 -9999 -9999 -9999 17.7704263294 18.8034319187 19.5150963596 17.9091391589 15.4611994382 15.6572205932 13.1591828446 13.9619537358 11.8495059959 10.6312638323 9.87558538017 10.215499482 11.4040918744 8.30923046584 8.70894800235 11.2168624586 10.6456857957 9.77162354039 10.5066612316 8.47517511312 6.46301449704 8.20478805734 10.6005689559 9.77091967816 9.65773517343 8.38970215975 6.86672493669 6.87963672332 9.23960340166 7.61999060482 2.95602436946 2.85883795085 3.43418378321 3.78924695697 2.10305091045
-9999 -9999 -9999 -9999 -9999 -9999 -9999 -9999 -9999 -9999 -9999 -9999 -9999 -9999 -9999 -9999 -9999 -9999 -9999 -9999 -9999 -9999 -9999 19.602754811 20.4185267119 18.2993601263 14.7013269266 15.297448096 13.1209786789 13.4028717109 11.9460191521 12.823249489 11.9891114071 12.8866329383 10.1523632149 11.1354108481 12.0713871603 10.673186299 7.81642910866 7.32383229661 5.85073921507 7.9760298311 10.7157748821 10.8579201048 10.0034933011 8.93838022101 5.12216038757 4.42885335133 4.54458169339 4.9999947134 4.11672484148 5.35964652452 6.20599296445 6.06000754102 2.41624598385 1.85180530607 5.18687474128
-9999 -9999 -9999 -9999 -9999 -9999 -9999 -9999 -9999 -9999 -9999 -9999 -9999 -9999 -9999 -9999 -9999 -9999 -9999 -9999 -9999 -9999 -9999 16.9721263212 19.1432246511 19.7754570021 17.5222921287 17.8611096363 14.6527120762 14.8932458399 13.2006010071 13.8044258118 12.4386539689 11.9554699085 11.4526401162 11.1632609921 10.6178913448 9.31623508601 7.35548435718 5.43627567718 12.0952573531 11.8162241789 11.6882400308 9.15482966748 7.36947740097 8.00792583325 9.7196621862 10.2036313958 8.51949760276 8.30272536732 9.9233708584 10.3342774333 7.09627204604 5.35861781593 5.37660481208 8.7744743932 6.10360166064
-9999 -9999 -9999 -9999 -9999 -9999 -9999 -9999 -9999 -9999 -9999 -9999 -9999 -9999 -9999 -9999 -9999 -9999 -9999 -9999 -9999 -9999 -9999 -9999 20.3870568738 19.6572047132 17.5738905559 16.4498635215 14.419043886 14.8636076225 12.2666767174 8.46999034053 11.2857554443 12.1726848783 12.7879419514 9.01081652558 8.41441736096 11.2795102861 10.4851722758 10.5259474044 12.5738197818 8.01248865636 6.28473367024 8.16212083271 10.6580932652 9.80182963468 7.39614330314 9.23767520329 10.956828807 9.29761646635 7.15955432844 4.97087054091 3.99845835792 7.65813270116 8.89936941345 6.07197555189 6.83989369367
