data/recharge/transience/oldversion/mHM_recahrge_132.ASC
ncols   80
nrows    72
xllcorner    4374000.0
yllcorner    5656000.0
cellsize      500
NODATA_value  -9999
[rows 0 to 25 of 72, columns 0 to 56 of 80]
-9999 -9999 -9999 -9999 -9999 -9999 -9999 -9999 -9999 -9999 -9999 -9999 25.7778624162 26.5458959583 -9999 -9999 -9999 -9999 -9999 -9999 -9999 -9999 -9999 -9999 -9999 -9999 -9999 -9999 -9999 -9999 -9999 -9999 -9999 -9999 -9999 -9999 -9999 -9999 -9999 -9999 -9999 -9999 -9999 -9999 -9999 -9999 -9999 -9999 -9999 -9999 -9999 -9999 -9999 -9999 -9999 -9999 -9999
-9999 -9999 -9999 -9999 -9999 -9999 -9999 -9999 -9999 -9999 -9999 -9999 22.8401340067 21.9672791822 21.9994289447 -9999 23.231671808 -9999 -9999 -9999 -9999 -9999 -9999 -9999 -9999 -9999 -9999 -9999 -9999 -9999 -9999 -9999 -9999 -9999 -9999 -9999 -9999 -9999 -9999 -9999 -9999 -9999 -9999 -9999 -9999 -9999 -9999 -9999 -9999 -9999 -9999 -9999 -9999 -9999 -9999 -9999 -9999
-9999 -9999 -9999 -9999 -9999 -9999 -9999 -9999 -9999 -9999 22.9183572013 22.5009666874 22.9722933634 21.8619159962 21.6591985006 22.3840238511 22.9811873526 23.8807045357 -9999 -9999 -9999 -9999 -9999 -9999 -9999 -9999 -9999 -9999 -9999 -9999 -9999 -9999 -9999 -9999 -9999 -9999 -9999 -9999 -9999 -9999 -9999 -9999 -9999 -9999 -9999 -9999 -9999 -9999 -9999 -9999 -9999 -9999 -9999 -9999 -9999 -9999 -9999
-9999 -9999 -9999 -9999 -9999 -9999 -9999 -9999 -9999 22.6403468777 22.3934991647 21.9746882406 21.7643757162 21.9728430979 21.7275651927 22.3080611413 22.8896033639 23.8193784659 -9999 23.4837997194 -9999 -9999 -9999 -9999 23.6703827231 24.4367355495 -9999 -9999 -9999 -9999 -9999 -9999 -9999 -9999 -9999 -9999 -9999 -9999 -9999 -9999 -9999 -9999 -9999 -9999 -9999 -9999 -9999 -9999 -9999 -9999 -9999 -9999 -9999 -9999 -9999 -9999 -9999
-9999 -9999 -9999 -9999 -9999 -9999 -9999 -9999 23.5556469486 23.1130378562 22.4851342274 22.4535950436 21.6850072261 21.6309057945 21.4071160422 21.8845111219 22.4969279596 22.4194780205 23.1155915698 22.2335315322 21.6671744754 22.0894940412 -9999 23.6665774513 23.5752740807 24.3990889123 -9999 -9999 -9999 -9999 -9999 -9999 -9999 -9999 -9999 -9999 -9999 -9999 -9999 -9999 -9999 -9999 -9999 -9999 -9999 -9999 -9999 -9999 -9999 -9999 -9999 -9999 -9999 -9999 -9999 -9999 -9999
-9999 -9999 -9999 -9999 -9999 -9999 23.9765021628 23.3148394173 22.920026562 22.9154755779 22.8475957493 22.5197444657 21.9439699594 22.0238870429 21.6630216062 21.7692955558 22.4393211278 21.8004019448 21.7504020211 21.5441830792 21.3056298709 21.4439145345 23.4756872824 23.3569042373 23.5596034054 24.0383333025 23.9324981724 -9999 -9999 -9999 -9999 -9999 -9999 -9999 -9999 -9999 -9999 -9999 -9999 -9999 -9999 -9999 -9999 -9999 -9999 -9999 -9999 -9999 -9999 -9999 -9999 -9999 -9999 -9999 -9999 -9999 -9999
-9999 -9999 -9999 -9999 -9999 -9999 23.216977005 22.8786558849 22.3137749237 22.1183446401 22.0820228572 22.0313248105 21.5306431026 21.6758492096 21.1370411994 20.8544129549 21.3904252718 17.0909974017 20.4761173461 20.9953745233 20.9464281911 21.6656338344 21.8193580611 22.5726181643 23.1943457219 22.9182963191 23.3240467916 23.0606089655 22.7788641528 22.8775510888 22.5997400208 22.9829465392 -9999 -9999 -9999 -9999 -9999 -9999 -9999 -9999 -9999 -9999 -9999 -9999 -9999 -9999 -9999 -9999 -9999 -9999 -9999 -9999 -9999 -9999 -9999 -9999 -9999
-9999 -9999 -9999 -9999 -9999 22.8835969318 23.0880187119 22.745167972 22.4535183308 22.5016238746 22.3415478294 21.8792305959 21.3909652827 21.4087856689 21.5513274995 21.5178050506 16.9931007977 9.09571161531 16.4795625121 21.2029059206 21.1704706388 21.1596481081 21.4095128371 21.4478409039 22.9461072092 23.2738050311 23.3410001456 22.9173302464 22.1737414467 22.2985692069 22.3436541906 22.8078003471 22.5530631257 22.6965333011 -9999 -9999 -9999 -9999 -9999 -9999 -9999 -9999 -9999 -9999 -9999 -9999 -9999 -9999 -9999 -9999 -9999 -9999 -9999 -9999 -9999 -9999 -9999
-9999 -9999 -9999 -9999 -9999 22.9951873473 22.4844172799 22.6182109544 22.1641401497 22.0799170752 21.9195338735 21.949408966 15.7852922266 12.9809447945 21.6584518345 21.6009552836 18.6167483181 7.69518698205 13.9880161706 18.8983226374 21.7946595076 21.4893429881 21.4411300463 21.6184548294 21.5921288092 21.5015140596 22.6961055779 22.6141254535 21.5093584784 20.5973378489 19.8705867658 21.3125855478 22.0951922183 22.2942453985 22.4093298851 22.6785478553 -9999 -9999 -9999 -9999 22.7108486096 21.9369203734 -9999 -9999 -9999 -9999 -9999 -9999 -9999 -9999 -9999 -9999 -9999 -9999 -9999 -9999 -9999
-9999 -9999 -9999 -9999 -9999 22.9320948379 22.9400620522 22.6140227476 22.0616577001 22.3903684341 22.3729840016 22.3272155971 21.5384228755 21.1222339873 21.9850647934 22.1083546506 21.0251483956 22.1330159789 22.3766420865 22.0747808893 21.6913120117 21.1759791193 21.1255271372 21.1391823427 21.5219436517 22.0983549054 22.4533504324 22.4126712996 21.9948173161 20.0715912979 13.9417957143 18.161972286 21.7647986753 22.3861065653 22.641826253 22.2643536244 22.4123276373 -9999 -9999 22.6911057072 22.1647344799 22.3795287852 22.3305450645 -9999 -9999 -9999 -9999 -9999 -9999 -9999 -9999 -9999 -9999 -9999 -9999 -9999 -9999
-9999 -9999 -9999 -9999 -9999 -9999 23.2860720221 22.9869961203 22.5776080791 22.9247305911 22.4548294533 22.324995081 22.4137935141 23.128823642 21.6381802379 21.7641412139 21.6198430102 21.9258537413 21.83308869 21.6080462792 21.470025749 20.9838556853 20.7394346537 21.6313809409 21.5007507692 21.5115681898 21.830093255 22.0339209769 21.6474253232 21.187504135 19.71142026 20.9552157253 21.3903194003 21.6422526566 21.6807780907 21.2686497736 22.1155386963 22.7859656604 21.8900825055 21.6904575593 21.8282439928 22.1345888606 22.036317298 22.1566780429 -9999 -9999 -9999 -9999 23.3123991386 23.0733199679 6.04989649791 -9999 -9999 -9999 -9999 -9999 -9999
-9999 -9999 -9999 -9999 -9999 -9999 -9999 23.8233125703 22.6975633844 22.483125837 22.5031017304 22.848506155 22.7953217893 22.1844599253 22.0763987479 22.0844637589 21.5915559618 21.4219518951 21.2515041694 20.9414063263 21.0328146198 20.5725644886 20.7079108195 21.5392410259 21.7451261291 21.1761995749 21.9547287567 21.1815751229 21.4250671169 21.2350223685 21.1721662703 20.8581665721 21.2471615181 20.9940383044 21.3066965296 21.5784608364 22.1188634035 22.3203038177 22.1211322484 21.8685641225 21.6755680081 22.1668391018 22.9860601014 21.085779277 19.564148676 20.2397726961 20.9429151159 20.2394347805 19.7977060211 22.596777475 20.8518020147 17.9222273449 -9999 -9999 -9999 -9999 -9999
-9999 -9999 -9999 -9999 -9999 -9999 -9999 -9999 22.9314182905 22.9966392951 22.8091015632 22.6487761322 22.3691249102 22.8205230017 22.9973221985 22.7643108557 21.6606296842 22.0660913981 21.7077190258 21.0899399969 21.2191594847 21.1963068613 27.7615228457 33.3232830737 30.4396587475 32.8217020963 24.9694882515 20.6629329393 20.5683409992 20.7542982744 20.4995788616 20.4678001008 20.524483959 20.7789900488 20.8558369797 20.6568112318 20.8512947327 21.0673528432 21.2776883999 21.6107268677 22.071219352 22.2565331293 18.0712088921 17.5633342077 16.8177862736 16.2934393843 17.4341073815 16.7798654283 16.0204716593 20.7297664789 20.5538166395 20.7439556029 19.8644740163 -9999 -9999 -9999 -9999
-9999 -9999 -9999 -9999 -9999 -9999 -9999 -9999 22.9846260282 23.090533214 22.7047843394 22.8449453325 22.6259557316 22.6862889501 22.6494520041 22.2764190489 21.6159879776 21.9060575511 21.2096839394 21.0895957047 21.5473468357 21.2819411241 33.0403760435 39.0375853887 34.5629096958 28.6195445609 33.7887967675 24.9523561362 21.5617364085 21.2570834889 20.7948572338 20.658190475 20.7790670259 20.827658826 20.6149462415 9.10852051859 21.1535523143 20.9970721906 21.0155047557 21.0548884935 20.9452165178 22.4245065382 17.7312620166 17.642912886 16.3495967434 16.276432398 17.3625947974 16.9113842978 17.3673910026 20.7247588104 20.3903779259 20.4219301288 19.7620932324 19.8139102416 19.3545410528 19.458633683 -9999
-9999 -9999 -9999 -9999 -9999 -9999 -9999 -9999 -9999 22.5102184294 22.4621365754 22.9020797108 22.8451134226 22.907503886 22.583620689 22.5599000625 22.4304944424 21.9076796531 21.9501204557 22.0881521232 22.6160216142 22.119866949 24.3714192566 46.8102405831 40.4072937691 38.5878144195 30.2517117421 27.4651783366 25.9748381197 20.4467239183 20.3546881259 20.2970252344 20.1222414391 20.2104596409 19.6371501414 17.2058471788 20.7253243323 20.7093418665 20.6357258065 20.4873978407 20.3889380004 20.5479353367 16.0606072037 16.6459748251 14.4294981527 13.7534923412 12.6729350459 13.1685905057 18.7604253831 18.860929768 18.7615120216 18.6878333541 18.5755092721 18.919687589 18.9999769664 14.5195340998 11.226677215
-9999 -9999 -9999 -9999 -9999 -9999 -9999 -9999 -9999 -9999 22.4702716689 22.8279089881 22.929798321 23.0261080412 22.541596198 22.5454163174 23.6911989073 23.5228442562 23.9085475477 23.9489716099 23.1262094132 23.0300187741 22.3400655088 30.6494917359 35.5927259676 39.3157270311 34.5762863965 29.9660067188 21.8373943352 28.3251774519 20.2533759903 20.0978968931 19.9536879085 20.0779470696 20.2811081846 20.2970436117 20.5431851467 20.6454736514 20.6802669968 20.6941761381 20.3224094231 20.4067016107 20.5997898549 16.55340021 16.5951484999 16.5524931348 14.6373589376 13.8586401583 19.1648004192 19.3074090094 19.3151448225 18.9534542781 18.4192720797 18.6427072051 18.5070434797 13.6417745802 11.1668104421
-9999 -9999 -9999 -9999 -9999 -9999 -9999 -9999 -9999 -9999 -9999 12.1163964358 15.9883037554 22.8283185593 22.3493392737 22.3561875175 23.8388736228 24.0200445667 23.1557702996 22.9495929727 21.9833964128 22.2107443785 22.2860759679 22.1188133293 26.0050915529 29.7863887906 29.4921468472 34.9921724211 33.2116888822 26.5408004917 25.011879989 21.1733843125 19.7361234785 19.877472221 20.1416151413 19.9997308185 19.9165953826 19.8579168493 20.06114684 20.1938646266 19.8478833401 19.6964264944 19.8062137156 18.7874665645 13.947117616 12.9613693489 13.5948556187 14.2715552249 16.1910491514 18.3774721764 17.9264286391 18.2397241723 17.6129822002 17.5758445426 16.8546948237 16.7147261319 11.869591733
-9999 -9999 -9999 -9999 -9999 -9999 -9999 -9999 -9999 -9999 -9999 11.4228969227 16.9430736074 22.3999075313 22.1826994039 22.701645631 23.1363265077 23.1315106581 21.7937208211 21.7621552849 21.9312587515 22.1351717399 21.9555173043 22.4791276356 21.6598052994 21.8483881599 26.8621533043 34.7151027129 26.9344725606 32.0644409131 29.3139460797 26.5471254706 19.37725032 22.2606448705 24.8658910462 21.0074792729 19.7062175066 20.0217065299 19.815015932 19.4440791682 18.1276410746 19.6584081835 19.3688519364 19.5337818571 19.0896603274 14.9000744192 15.6152025286 16.5908447778 15.6793216622 14.0587165147 14.2075622442 14.5957531433 12.7605614006 17.7900056685 17.5254461453 17.1742530023 16.8575966748
-9999 -9999 -9999 -9999 -9999 -9999 -9999 -9999 -9999 -9999 -9999 22.9921582308 22.0021762299 21.9869836016 21.4367922349 22.1654950952 22.1018764807 21.9530915293 21.2613119985 21.3321682126 21.2427883315 21.2870818787 21.5926027168 21.7715477079 21.0777575449 20.8955347301 20.7532141612 20.5999825562 20.5205948357 24.5384763572 28.3096493264 30.2124338526 30.2608272243 30.476655517 21.2582043813 9.90395983366 14.3639017709 14.6884726807 20.3776160447 14.967744324 11.7964409851 19.2542715429 19.1485270886 19.5647121425 19.9993609548 20.8535748516 15.6233357201 15.0179185038 14.363528696 14.0642585891 13.2194798998 13.9678920595 14.4533093718 16.1527558997 17.7984762234 15.0737321866 13.4018807751
-9999 -9999 -9999 -9999 -9999 -9999 -9999 -9999 -9999 -9999 -9999 -9999 22.5798089954 21.7698455217 21.6557793913 21.6276375056 21.848050547 22.1151068973 21.7263716986 21.1820802797 21.5640803066 21.2482522797 20.9439900374 21.0940595874 20.8517922551 21.0624653939 20.9303447419 20.960153928 20.6894486118 20.6170893364 19.9587439493 19.8937212736 22.3239874369 26.7088998928 25.819013275 17.8251870148 18.443445974 11.7287544814 18.188854351 19.1846854707 19.5373172624 19.0317327478 19.4838987856 19.8091454484 19.9814031585 20.1790187652 18.3804300053 15.0889953009 13.1314192241 13.6108364331 12.6496610481 11.9143731668 11.2269823494 11.3892667293 10.0370468957 13.208922919 7.78183504113
-9999 -9999 -9999 -9999 -9999 -9999 -9999 -9999 -9999 -9999 -9999 22.9733518845 22.9073471306 22.3515568285 21.783071047 12.8993263083 18.2551722214 21.6214991256 21.7278125088 21.0317451527 21.0081751227 20.9515925453 20.6043887623 20.8411547048 20.5364111064 20.5241242702 20.2728032942 20.3071296841 20.2947467351 20.0746605384 19.7206516544 19.7669551708 19.4649477527 19.3539788407 19.3472232146 18.7503106234 15.1959588909 7.74065214574 7.46306957246 19.5640980359 18.7341996962 18.3215970617 19.9144780754 20.4270539985 20.6851271333 20.5335492352 20.3040659693 18.9410680738 14.5682305144 14.6666230959 11.9217606604 9.88733381319 9.01674859225 9.049854183 8.47468886914 8.95182102025 10.3717174909
-9999 -9999 -9999 -9999 -9999 -9999 -9999 -9999 -9999 -9999 -9999 23.2369862565 22.9278117315 22.5400629731 21.8793394619 16.5355797823 20.6397336841 21.4174421692 21.5641724889 21.4500153115 17.3583187977 18.0344307493 20.8208860813 20.7909820566 20.5622841433 20.8309643908 13.5888759712 14.1624087872 19.2448192158 20.3368115073 20.0322407617 19.8008505783 19.3397269989 19.3471922083 19.2778607296 19.8039767843 9.82675982946 15.2093482305 8.43155942767 19.9192263711 18.3323540867 18.2791086133 19.7090200798 20.0998889991 20.6105223625 20.5544716805 19.9999524552 20.1859521052 19.5899749892 18.1619684406 11.7890628169 11.9191175609 10.7298465389 10.4682652995 9.85660293291 9.46952743726 8.02403848891
-9999 -9999 -9999 -9999 -9999 -9999 -9999 -9999 -9999 -9999 -9999 22.8632414606 22.883668719 22.4561210723 22.1150628665 22.0313452702 21.4990100394 21.8941237356 21.1895635217 21.3752086447 18.1282377219 8.03416175183 18.0432370258 22.062146583 18.6846613659 18.7179196789 20.0049463561 21.2682945451 20.7715818619 20.6231421306 20.1559717822 20.0324451914 19.6551578615 19.6075801128 18.8639139777 14.4058267573 5.03076438077 3.41222296152 6.88371577909 13.6113554127 18.3850624116 18.5826958439 18.9461234235 18.6839471582 19.1803749824 19.2572442659 19.3471840475 19.3520377572 18.6036927212 18.5214610923 13.2948632338 9.39138863204 7.98344332089 7.8610300611 7.3978318036 7.67525117337 8.46282827147
-9999 -9999 -9999 -9999 -9999 -9999 -9999 -9999 -9999 -9999 -9999 -9999 23.2513691136 22.6194122111 22.2278339674 22.1195832398 22.0298714889 21.9683201852 21.1925355985 21.0698649973 21.8537374297 21.999499577 21.474583582 18.9816271611 18.3271213273 18.2272946281 16.7740196213 17.0878418489 16.1640300434 15.4784902871 13.9686252317 18.7513428004 18.9475586196 19.1628615545 18.6418860491 10.9967828651 6.50485728015 4.06731211074 9.46215051129 18.1466012529 18.4826926075 18.3127978751 19.1561481668 18.6735757605 19.0452837526 19.0003115032 18.9721177567 19.041138325 18.3013977803 18.4604364301 17.4067369766 10.318200544 10.3825709657 11.5046567829 7.9815749703 8.34823105773 8.04817702228
-9999 -9999 -9999 -9999 -9999 -9999 -9999 -9999 -9999 -9999 -9999 -9999 23.8440664156 23.1119115672 22.6366440916 23.6945224003 22.6799274667 22.5591261176 21.8906775994 21.5557107085 21.0853194482 21.1981537466 22.7445629138 20.5502593567 19.2019652018 19.6706514519 19.3718766254 19.0551679272 17.3041125913 18.3801515101 16.4136362476 16.9713416582 20.4539358114 19.859714291 21.908893721 9.97177328399 6.04547174569 10.6875346062 15.9921693679 16.5352856275 18.2537018822 18.4477593755 17.5370019176 17.4858436124 17.2636548381 17.0946869765 17.0365774765 17.2519257137 16.2573631969 16.8571215355 15.6852532743 14.6483780094 13.1456111141 6.32495537697 4.53244617472 5.34989810367 4.71359843225
-9999 -9999 -9999 -9999 -9999 -9999 -9999 -9999 -9999 -9999 -9999 -9999 23.9141122701 23.5190728595 22.555445805 23.4697901137 22.5847532698 22.1132794333 21.9070568168 22.2221682259 21.363931686 20.7913652911 21.1382701712 16.5064041086 17.3431425466 19.6920495372 19.0894386316 19.1895010495 17.4890025373 16.8039577569 15.1445009164 14.7139012613 17.879911849 21.4613114427 8.39149331366 21.1905826068 19.6643587129 11.5896653969 8.99627894484 10.4116657148 9.35884418493 11.3316519648 16.1275844093 17.6353198399 17.5359253237 17.5335305857 17.5240335508 17.5584426027 17.0446997217 17.2884716449 15.9526886603 11.7188850004 5.68121612534 4.85913980969 4.6425295958 4.8262790101 4.56197200009
