data/recharge/transience/oldversion/mHM_recahrge_584.ASC
ncols   80
nrows    72
xllcorner    4374000.0
yllcorner    5656000.0
cellsize      500
NODATA_value  -9999
[rows 0 to 23 of 72, columns 0 to 54 of 80]
-9999 -9999 -9999 -9999 -9999 -9999 -9999 -9999 -9999 -9999 -9999 -9999 0.562847205563 0.557593251555 -9999 -9999 -9999 -9999 -9999 -9999 -9999 -9999 -9999 -9999 -9999 -9999 -9999 -9999 -9999 -9999 -9999 -9999 -9999 -9999 -9999 -9999 -9999 -9999 -9999 -9999 -9999 -9999 -9999 -9999 -9999 -9999 -9999 -9999 -9999 -9999 -9999 -9999 -9999 -9999 -9999
-9999 -9999 -9999 -9999 -9999 -9999 -9999 -9999 -9999 -9999 -9999 -9999 1.29110696993 0.739201750446 0.564429171222 -9999 0.593297114085 -9999 -9999 -9999 -9999 -9999 -9999 -9999 -9999 -9999 -9999 -9999 -9999 -9999 -9999 -9999 -9999 -9999 -9999 -9999 -9999 -9999 -9999 -9999 -9999 -9999 -9999 -9999 -9999 -9999 -9999 -9999 -9999 -9999 -9999 -9999 -9999 -9999 -9999
-9999 -9999 -9999 -9999 -9999 -9999 -9999 -9999 -9999 -9999 0.946579165787 0.815303566287 0.988421631289 1.03260356226 0.601237598981 0.440681610869 0.328602189712 0.334775838987 -9999 -9999 -9999 -9999 -9999 -9999 -9999 -9999 -9999 -9999 -9999 -9999 -9999 -9999 -9999 -9999 -9999 -9999 -9999 -9999 -9999 -9999 -9999 -9999 -9999 -9999 -9999 -9999 -9999 -9999 -9999 -9999 -9999 -9999 -9999 -9999 -9999
-9999 -9999 -9999 -9999 -9999 -9999 -9999 -9999 -9999 0.861086540646 0.937542897909 0.932592504837 0.808467651843 0.852349285573 0.808701191933 0.736284522958 0.416735296068 0.537938087903 -9999 0.86889974311 -9999 -9999 -9999 -9999 0.525541876692 0.488102374617 -9999 -9999 -9999 -9999 -9999 -9999 -9999 -9999 -9999 -9999 -9999 -9999 -9999 -9999 -9999 -9999 -9999 -9999 -9999 -9999 -9999 -9999 -9999 -9999 -9999 -9999 -9999 -9999 -9999
-9999 -9999 -9999 -9999 -9999 -9999 -9999 -9999 1.17510711392 0.954970937441 0.748261601985 0.833585419174 0.758131634057 0.69600771989 0.657475792018 0.621001436474 0.373599752281 0.310452072643 0.319745509219 0.58579345832 0.582900614814 0.62134519787 -9999 0.356236956282 0.570078010195 0.51334023343 -9999 -9999 -9999 -9999 -9999 -9999 -9999 -9999 -9999 -9999 -9999 -9999 -9999 -9999 -9999 -9999 -9999 -9999 -9999 -9999 -9999 -9999 -9999 -9999 -9999 -9999 -9999 -9999 -9999
-9999 -9999 -9999 -9999 -9999 -9999 1.22234359407 0.934136070505 0.78219341682 0.830496464734 0.885451645715 1.04759694053 0.862119988876 0.803381848319 0.644485573722 0.70391233276 0.506498456397 0.433249711157 0.60088992771 0.579175658858 0.56499776915 0.602193983294 0.571142562845 0.367539817662 0.413388901026 0.391375228622 0.455900149601 -9999 -9999 -9999 -9999 -9999 -9999 -9999 -9999 -9999 -9999 -9999 -9999 -9999 -9999 -9999 -9999 -9999 -9999 -9999 -9999 -9999 -9999 -9999 -9999 -9999 -9999 -9999 -9999
-9999 -9999 -9999 -9999 -9999 -9999 1.26539852918 1.11093737243 0.725087383823 0.69203222552 0.646054417583 0.75359944457 0.668514489738 0.551096801135 0.504524934124 0.487442067488 0.767630493104 1.42092545916 1.44951080856 0.415002244596 0.453582001048 0.528767939174 0.519487722111 0.462357116481 0.328198990959 0.294909584029 0.425405666519 0.601361822792 0.749345259222 0.701709944381 0.908676370116 0.892927199606 -9999 -9999 -9999 -9999 -9999 -9999 -9999 -9999 -9999 -9999 -9999 -9999 -9999 -9999 -9999 -9999 -9999 -9999 -9999 -9999 -9999 -9999 -9999
-9999 -9999 -9999 -9999 -9999 1.69649859789 1.33475712593 1.31878210632 1.08538256706 1.07739624904 0.912962198023 0.822619545857 0.680718879374 0.836099741199 0.584848501485 0.588753204697 1.3391837115 1.44073832964 1.96877248363 0.423630377121 0.455834370637 0.439228910398 0.491043428271 0.507843463069 0.39109934314 0.426639371038 0.403921855391 0.424402420118 0.715837252735 0.696932770011 0.695834809689 0.736704738935 0.682511475673 0.65550114063 -9999 -9999 -9999 -9999 -9999 -9999 -9999 -9999 -9999 -9999 -9999 -9999 -9999 -9999 -9999 -9999 -9999 -9999 -9999 -9999 -9999
-9999 -9999 -9999 -9999 -9999 1.71352060532 1.43492285952 1.44805262971 1.14803033986 1.04217705507 0.923922564827 0.999948144932 0.655679881205 0.756873430584 0.744716156986 0.731448356102 0.489479360959 0.728525064014 0.96392176931 0.359427251932 0.656637879025 0.443274424599 0.516511362105 0.493460488074 0.490518732712 0.351418569259 0.309601673919 0.279660087182 0.52553011013 0.837913906399 1.05244802985 0.704186645742 0.608280234577 0.58094642877 0.565849454343 0.585570019505 -9999 -9999 -9999 -9999 0.606505370114 0.578157429121 -9999 -9999 -9999 -9999 -9999 -9999 -9999 -9999 -9999 -9999 -9999 -9999 -9999
-9999 -9999 -9999 -9999 -9999 1.54038121311 1.315313503 1.3097936406 1.22363506295 1.32669663126 1.09677899382 1.0304323627 0.81302937426 0.96713158261 0.836854611277 0.603967514831 0.418346526013 0.718785075802 0.717726557867 0.570597894146 0.835736827986 0.410260290141 0.424712574892 0.40795610308 0.479705906844 0.390438248187 0.309054298322 0.254615058818 0.47684110408 0.524025215431 0.427227921253 0.489179962701 0.600381742837 0.433606211408 0.371847565365 0.609976237055 0.60332309999 -9999 -9999 0.616938237856 0.646519567921 0.621578556877 0.583988811729 -9999 -9999 -9999 -9999 -9999 -9999 -9999 -9999 -9999 -9999 -9999 -9999
-9999 -9999 -9999 -9999 -9999 -9999 1.68820528607 1.75383489343 1.36479471061 1.27614907746 0.987797511006 1.10640040695 1.42511335532 4.32307878303 0.605442362896 0.568714680523 0.497668016684 0.475973661936 0.430802283789 0.433635995067 0.441418171637 0.463293339124 0.443899465555 0.481725432915 0.452264229173 0.408362035718 0.224718760615 0.249603603528 0.333802903488 0.430567294645 0.435648485248 0.4769012489 0.357705858649 0.447655616146 0.457676800003 0.517092048039 0.367252563438 0.296358635251 0.552282883739 0.537218524732 0.523557313262 0.616152160678 0.317190290919 0.251387038042 -9999 -9999 -9999 -9999 0.345749919879 0.302250880678 0.142875691351 -9999 -9999 -9999 -9999
-9999 -9999 -9999 -9999 -9999 -9999 -9999 1.46193177564 1.21367086353 1.43897803363 1.2778103632 1.1159071776 1.04351279346 0.588905110137 0.441929027847 0.645806097245 0.652552945475 0.665322574941 0.603428880354 0.498274965643 0.414112871401 0.417102731784 0.4196133519 0.423632815594 0.416559226626 0.379963393582 0.294832611845 0.352022812035 0.435582066632 0.403022574372 0.348556237088 0.372134479238 0.40326406613 0.424945641744 0.529244630146 0.525245275034 0.480057802232 0.445465455628 0.541186229848 0.540117478989 0.342394654569 0.269699964776 0.137722605486 0.123805222109 0.101146911447 0.123553551344 0.133064532275 0.0998320865938 0.0931788125485 0.1432061651 0.2410008298 0.195837604087 -9999 -9999 -9999
-9999 -9999 -9999 -9999 -9999 -9999 -9999 -9999 1.12629254127 1.03742328329 1.07773457978 1.22975173422 0.961725219614 1.06380539816 0.905562847543 0.811525485752 0.565916751228 0.568814731326 0.45077824341 0.504425707377 0.638154129731 0.606039547455 0.146225615579 0.0732595893144 0.0794263901187 0.0699128490945 0.145509212439 0.360630940315 0.292801794793 0.186713027516 0.315528260241 0.266086021352 0.324776260109 0.262911144031 0.340518919185 0.537451374487 0.447707629777 0.469451410783 0.445420592614 0.440887785906 0.302540969157 0.139450878908 0.0968463570059 0.0830160205249 0.0801750974765 0.0690279298103 0.0791727569296 0.0649542976376 0.0578183086129 0.096587740541 0.171071716506 0.182959275076 0.171356351227 -9999 -9999
-9999 -9999 -9999 -9999 -9999 -9999 -9999 -9999 1.4170286673 1.19845991862 0.983061783139 0.991100707197 0.85736256668 0.849696118439 0.66558947484 0.649534827964 0.534399327387 0.576395040509 0.505040269388 0.547739688369 0.591022322125 0.589426666395 0.130006370526 0.187006781974 0.121649675075 0.0683922762707 0.0861340788824 0.177783493592 0.233103039704 0.192261766933 0.211158833181 0.228428147105 0.218118742403 0.236818446328 0.408071744336 0.622348088538 0.486397986842 0.454387217401 0.444572868681 0.437692026911 0.427070289051 0.134038341929 0.0853825837318 0.0852009774351 0.0693369899213 0.0680924435228 0.0775124839471 0.0677451507282 0.0638593002639 0.18737549486 0.17699290025 0.177912561927 0.234960748717 0.323233807711 0.271114381361
-9999 -9999 -9999 -9999 -9999 -9999 -9999 -9999 -9999 1.56146800409 1.19376318142 0.916080656638 0.855420927073 0.815035701943 0.638451545041 0.632838246636 0.672337433629 0.744424137507 0.72963500226 0.726500287864 0.719770766091 0.480633965672 0.290776731687 0.380103975004 0.193142996986 0.145458835175 0.0827138312955 0.057626898203 0.0624250028248 0.307759875693 0.289883551845 0.268747440769 0.267610703611 0.1769234996 0.26318697378 0.324262499859 0.394599095649 0.375628439312 0.362424300454 0.365701961672 0.35343171199 0.296589088907 0.0525789688898 0.082946568783 0.0563143140141 0.0490777316781 0.0424518892213 0.0429290357573 0.101626676581 0.136661587503 0.138103762068 0.133835146431 0.1838484224 0.264842151246 0.26674044738
-9999 -9999 -9999 -9999 -9999 -9999 -9999 -9999 -9999 -9999 1.00050742691 1.02090310481 0.808262854892 0.830698694457 0.578949427961 0.515373851952 0.401490385707 0.569979876419 0.440778595007 0.351391114985 0.32516629288 0.304989208941 0.249244985362 0.101660582547 0.098372830147 0.168624609818 0.144800344484 0.0811403348916 0.0505238216299 0.0876703853728 0.307538628802 0.308917267483 0.341147553748 0.272830664208 0.374626166315 0.35605945464 0.385984692532 0.375915692231 0.364822253877 0.366630005674 0.368312600788 0.356591211172 0.143970478589 0.0595143919403 0.0981338852597 0.114227930246 0.0674908259131 0.0462612818136 0.166359596434 0.158963632524 0.158482342837 0.152665773823 0.140920277193 0.228470517321 0.237874742791
-9999 -9999 -9999 -9999 -9999 -9999 -9999 -9999 -9999 -9999 -9999 1.8284879099 1.36296179765 0.73429860651 0.584316345695 0.434080805981 0.39572775328 0.38730224649 0.367608648134 0.491219331287 0.533773787086 0.507218042108 0.288018675027 0.200484585676 0.0909910627473 0.0297611351771 0.0742510643318 0.132067490759 0.117838182256 0.13894032481 0.0699230800405 0.171593930109 0.211265629636 0.231785688205 0.200249318969 0.18841808875 0.315862347705 0.313970685858 0.326698275268 0.326517479049 0.312541976143 0.263419113113 0.270138772162 0.0955364023394 0.0468161926757 0.0405590886902 0.049985420508 0.0663684835971 0.0669979985225 0.162933343701 0.141538774456 0.212559235958 0.240338081374 0.22632627014 0.196656781004
-9999 -9999 -9999 -9999 -9999 -9999 -9999 -9999 -9999 -9999 -9999 0.703188652064 0.532477396436 0.660320025233 0.638320777249 0.483392543777 0.318273625398 0.314176676535 0.503496784556 0.509164188207 0.485297730517 0.549761189967 0.278515884766 0.227414447622 0.263224168441 0.373725577152 0.107522894106 0.0656773521054 0.0619639429176 0.073178808129 0.0947637210812 0.0816901427761 0.0349039097335 0.0370371741853 0.0485205635453 0.199878138451 0.314788655805 0.319347806832 0.31960859696 0.361165811235 0.649376859151 0.28894347312 0.239216212491 0.255755931021 0.121399385729 0.0619195998293 0.0995232825996 0.134112671499 0.113811179331 0.0614377719925 0.0779840807617 0.0704848980434 0.0452249459453 0.174268842196 0.231646371126
-9999 -9999 -9999 -9999 -9999 -9999 -9999 -9999 -9999 -9999 -9999 1.09653530997 0.88213696693 0.813913634957 0.549140998065 0.524051418115 0.302700719965 0.238124118591 0.291357194107 0.391036337346 0.415267633374 0.424475784336 0.305599018757 0.188609193526 0.263454185181 0.292232761985 0.279104236336 0.274126659603 0.274978576291 0.109609455214 0.0434943236374 0.068028147555 0.125940701894 0.131438549327 0.052596630802 0.06484257098 0.0437487660786 0.0231564340198 0.187924054647 0.218460933852 0.251913788409 0.269846288318 0.260333023291 0.288985215525 0.34790179741 0.258072757066 0.0816942903648 0.0673536762599 0.0677553259682 0.0677478965201 0.0597478349132 0.074410531977 0.0820706800325 0.0937509149762 0.169783603371
-9999 -9999 -9999 -9999 -9999 -9999 -9999 -9999 -9999 -9999 -9999 -9999 0.675841742774 0.774472697858 0.658758195843 0.584637891402 0.408254992011 0.29950121986 0.238226038172 0.435747626806 0.428275610422 0.404892195344 0.374396518 0.35961809727 0.306459602973 0.312669845863 0.283522535265 0.292042491758 0.278728375953 0.267720047497 0.270767545817 0.281637324126 0.139880350959 0.0420914357807 0.0587807332462 0.0702927736249 0.0643346837499 0.0351498506047 0.0274707403016 0.286851982433 0.313572827356 0.245356177908 0.314196374218 0.362103014007 0.373109427467 0.390207983979 0.114318805207 0.0689985009838 0.0457376935117 0.0557270398767 0.0475393766739 0.0397236117841 0.03102036367 0.0318817168807 0.0318225300602
-9999 -9999 -9999 -9999 -9999 -9999 -9999 -9999 -9999 -9999 -9999 0.887979873942 0.816068882605 0.879875079193 0.746373298958 1.16699558258 0.536372483063 0.472529308363 0.314937089268 0.417718514197 0.343106169173 0.337740420685 0.297899192224 0.304602728676 0.293332680005 0.289011638312 0.271478109086 0.246630461665 0.246655645808 0.239493608006 0.229377976511 0.236792824328 0.228596765896 0.226528971019 0.242960053936 0.0361303886711 0.0519481105953 0.0253220001781 0.0268806107369 0.151310546239 0.267084543001 0.174880014588 0.394398289036 0.429692734686 0.479762750564 0.468917071223 0.389193308888 0.120611509507 0.0689236924567 0.0672873166266 0.0444504670385 0.0258321166153 0.0222132764377 0.0225308381774 0.0203135780223
-9999 -9999 -9999 -9999 -9999 -9999 -9999 -9999 -9999 -9999 -9999 0.944360148528 1.10353558155 1.03060634035 0.693621282094 0.491560561125 0.518341502371 0.457761343132 0.416799356223 0.43703488034 0.917435586899 1.3374714163 0.337056419733 0.323116642666 0.307211598593 0.276914598983 0.235125879215 0.546977281018 0.261952415945 0.332450257208 0.301145829202 0.241068371083 0.225336353795 0.226681646676 0.237760120544 0.025666907663 0.0312872793099 0.0493469045106 0.0342500784834 0.0423039086071 0.218953448222 0.167632171385 0.222305510605 0.279468954873 0.272049803974 0.262273436415 0.303903454474 0.279691036797 0.143265050077 0.0954621327032 0.0450239116216 0.0511617726842 0.0397596896227 0.0372619939895 0.0338826828924
-9999 -9999 -9999 -9999 -9999 -9999 -9999 -9999 -9999 -9999 -9999 1.25069389798 1.19133399447 0.955018677813 0.861531038281 0.817200110558 0.41887841345 0.443884173458 0.414481938962 0.525228958008 0.304945129031 0.291090249843 0.223884866789 0.167459463268 0.0921938209016 0.0916184614993 0.113167029671 0.119653652842 0.105753787341 0.130375174015 0.144322906508 0.300226631525 0.303116012202 0.282314572684 0.231520031574 0.0180010781341 0.0180740115115 0.0123651390683 0.0274049416442 0.0212536010422 0.242378904295 0.286044533767 0.201932704026 0.139023261965 0.143411241626 0.143730996172 0.231931092162 0.240937253607 0.260376552736 0.259444111024 0.0503793406442 0.0234318126189 0.0163713945965 0.0179919861731 0.0172342636263
-9999 -9999 -9999 -9999 -9999 -9999 -9999 -9999 -9999 -9999 -9999 -9999 1.24905609499 1.14811217832 0.858295010715 0.643307439523 0.470288777587 0.5196470006 0.446187027463 0.494604638758 0.369296934425 0.528899040623 0.11588473338 0.0794294524998 0.0786862907991 0.0760642098279 0.056009998024 0.0626402516977 0.0534002362011 0.0420467123546 0.0326633269315 0.0739778197667 0.207324053019 0.219651231084 0.216068334096 0.0252820592299 0.0226861640548 0.0162891839602 0.0349007727216 0.0345624092464 0.26145193323 0.248851649886 0.247309820281 0.154955695024 0.152687312518 0.146040956246 0.179641656411 0.227667801009 0.231152036109 0.257096936659 0.221992268092 0.0740498081825 0.04296369542 0.0412706801334 0.0219927934852
