data/recharge/transience/oldversion/mHM_recahrge_60.ASC
ncols   80
nrows    72
xllcorner    4374000.0
yllcorner    5656000.0
cellsize      500
NODATA_value  -9999
[rows 0 to 24 of 72, columns 0 to 56 of 80]
-9999 -9999 -9999 -9999 -9999 -9999 -9999 -9999 -9999 -9999 -9999 -9999 34.9139741345 36.3672580202 -9999 -9999 -9999 -9999 -9999 -9999 -9999 -9999 -9999 -9999 -9999 -9999 -9999 -9999 -9999 -9999 -9999 -9999 -9999 -9999 -9999 -9999 -9999 -9999 -9999 -9999 -9999 -9999 -9999 -9999 -9999 -9999 -9999 -9999 -9999 -9999 -9999 -9999 -9999 -9999 -9999 -9999 -9999
-9999 -9999 -9999 -9999 -9999 -9999 -9999 -9999 -9999 -9999 -9999 -9999 25.4289226592 23.8637437525 22.4194525241 -9999 21.1590835664 -9999 -9999 -9999 -9999 -9999 -9999 -9999 -9999 -9999 -9999 -9999 -9999 -9999 -9999 -9999 -9999 -9999 -9999 -9999 -9999 -9999 -9999 -9999 -9999 -9999 -9999 -9999 -9999 -9999 -9999 -9999 -9999 -9999 -9999 -9999 -9999 -9999 -9999 -9999 -9999
-9999 -9999 -9999 -9999 -9999 -9999 -9999 -9999 -9999 -9999 24.2859733916 22.7920412802 24.3178934171 24.4888917765 19.9360718137 17.757990699 15.4925007752 15.3609232397 -9999 -9999 -9999 -9999 -9999 -9999 -9999 -9999 -9999 -9999 -9999 -9999 -9999 -9999 -9999 -9999 -9999 -9999 -9999 -9999 -9999 -9999 -9999 -9999 -9999 -9999 -9999 -9999 -9999 -9999 -9999 -9999 -9999 -9999 -9999 -9999 -9999 -9999 -9999
-9999 -9999 -9999 -9999 -9999 -9999 -9999 -9999 -9999 23.2334541422 23.4103382351 24.1143913188 22.8849188209 23.3279015272 21.9500503711 20.1407074365 16.2251041625 19.3419131116 -9999 22.6926277832 -9999 -9999 -9999 -9999 16.1852913149 17.121897619 -9999 -9999 -9999 -9999 -9999 -9999 -9999 -9999 -9999 -9999 -9999 -9999 -9999 -9999 -9999 -9999 -9999 -9999 -9999 -9999 -9999 -9999 -9999 -9999 -9999 -9999 -9999 -9999 -9999 -9999 -9999
-9999 -9999 -9999 -9999 -9999 -9999 -9999 -9999 26.1838951988 24.8528996464 22.3183515298 22.641472122 22.1747209002 21.5866010286 20.5167902154 20.1698951631 15.8364590763 15.500994674 16.196064489 20.4131930492 18.9931534773 19.4154929841 -9999 15.2017693868 17.8345109962 17.9366301881 -9999 -9999 -9999 -9999 -9999 -9999 -9999 -9999 -9999 -9999 -9999 -9999 -9999 -9999 -9999 -9999 -9999 -9999 -9999 -9999 -9999 -9999 -9999 -9999 -9999 -9999 -9999 -9999 -9999 -9999 -9999
-9999 -9999 -9999 -9999 -9999 -9999 25.8096386987 23.7872378811 23.4389867286 23.8860594367 23.6057898236 24.2804182013 23.061310223 22.5929421501 20.3996052094 20.9831245292 17.2685968359 16.4941830835 19.9240764622 20.3036594351 18.7821007861 19.1866429732 16.7044525055 15.3633419433 16.9512903532 16.6415591308 17.2591467187 -9999 -9999 -9999 -9999 -9999 -9999 -9999 -9999 -9999 -9999 -9999 -9999 -9999 -9999 -9999 -9999 -9999 -9999 -9999 -9999 -9999 -9999 -9999 -9999 -9999 -9999 -9999 -9999 -9999 -9999
-9999 -9999 -9999 -9999 -9999 -9999 26.7262425501 25.6009388053 22.3635149346 22.0193231707 20.9737257429 22.7359179642 20.9550536234 19.086222429 17.7151947842 18.2720915639 17.3027241215 16.0448084752 16.8778399162 17.327465177 17.0833448722 18.0276820957 17.8169535507 15.9655539106 14.6465090263 14.1769361934 17.1498946073 19.6387617773 20.789900407 20.352928926 20.6405419701 20.5450167829 -9999 -9999 -9999 -9999 -9999 -9999 -9999 -9999 -9999 -9999 -9999 -9999 -9999 -9999 -9999 -9999 -9999 -9999 -9999 -9999 -9999 -9999 -9999 -9999 -9999
-9999 -9999 -9999 -9999 -9999 28.8409075331 27.0736933712 27.1024657159 24.8229641327 25.0230622361 23.7087526878 22.7573542181 19.5300793679 19.483852435 18.6576973229 19.6179604323 16.6875315862 11.9293767284 16.2357290668 17.3604661281 17.1220765767 16.9048549276 17.4595735096 17.6629921075 15.405388607 15.6273085967 16.596107147 17.9652538612 20.4513193272 20.2778525949 18.8629320342 19.2574272577 17.5133941296 17.268969232 -9999 -9999 -9999 -9999 -9999 -9999 -9999 -9999 -9999 -9999 -9999 -9999 -9999 -9999 -9999 -9999 -9999 -9999 -9999 -9999 -9999 -9999 -9999
-9999 -9999 -9999 -9999 -9999 29.4945217559 28.0820307101 28.1709914251 26.0395498435 25.5050237139 24.426987602 24.8542143209 19.3993532336 17.5783680827 22.4153750716 22.0147566406 17.1013507476 10.8935877001 15.7199947945 15.9103888987 15.5529698842 15.884565672 17.0435487309 16.7873586208 16.2770720722 14.6626652638 13.5081043524 13.3268226326 16.4207265145 16.1485804718 15.1063665168 15.6869892884 16.3587244294 16.0920359945 14.9842856013 15.6686468957 -9999 -9999 -9999 -9999 14.3376474276 14.9046247264 -9999 -9999 -9999 -9999 -9999 -9999 -9999 -9999 -9999 -9999 -9999 -9999 -9999 -9999 -9999
-9999 -9999 -9999 -9999 -9999 28.9519862198 27.7571100805 27.1893251374 26.35239071 26.85833895 25.4164826359 25.0722859967 22.7620490534 23.4734443651 23.1661116773 20.5069959048 17.847591921 19.5732100311 18.5229286967 19.2712343198 16.4188077217 15.7396015248 15.9138939597 15.6896633124 16.2467943462 14.3408668716 13.4104057534 12.5316896859 15.9432308645 15.8827021552 14.5038185763 15.0278497122 16.2664214355 14.7458848508 13.4433369789 15.8920651739 15.3738926971 -9999 -9999 15.8920075751 15.5406226101 15.3277931623 14.7341699976 -9999 -9999 -9999 -9999 -9999 -9999 -9999 -9999 -9999 -9999 -9999 -9999 -9999 -9999
-9999 -9999 -9999 -9999 -9999 -9999 29.5619731151 29.3830849699 28.0258519279 27.7798923646 25.7002200894 26.2729130836 25.7971736666 26.0134263177 20.8510074237 20.2576984056 18.8910884563 18.639884599 16.697345181 17.5673398031 16.0733850434 16.3194500979 15.2635852523 15.7463718767 14.9539651732 14.3207740526 10.6387209283 10.5434531793 12.3269414765 13.7772466128 12.4655281031 13.3544705763 11.9131626576 11.794439836 11.7739403553 13.8549954904 12.8112454368 10.9585278357 14.5666295863 14.4077447444 13.8639914013 14.7570350011 11.4190295042 9.69765529735 -9999 -9999 -9999 -9999 11.2612507852 10.6468281693 7.77842621157 -9999 -9999 -9999 -9999 -9999 -9999
-9999 -9999 -9999 -9999 -9999 -9999 -9999 28.7654288102 27.4466229143 28.2658298119 27.0659989831 26.4400764216 23.5806526639 21.7918729036 19.5307250758 21.6388674778 20.6371708736 21.4235951529 19.5761974166 18.3688154074 15.7015781936 15.720934835 14.9636285376 15.0512473558 14.5317243402 14.0278759486 10.7460542326 12.5757823276 13.6606819562 13.1403575525 12.1311307779 12.2182711136 12.1528953795 12.6135592231 13.9828991516 13.9521928203 12.2295113792 12.4036904837 14.4659410705 14.4443053435 12.4492218006 11.0659730153 6.00641083971 4.3996536079 3.74907762443 4.225910632 4.48788579923 3.91871517515 3.75408956686 6.77418909681 10.0862994234 9.86415212921 -9999 -9999 -9999 -9999 -9999
-9999 -9999 -9999 -9999 -9999 -9999 -9999 -9999 26.9167268431 26.6634115574 26.9472571643 27.5966200859 25.038225613 25.7110996326 24.226931949 24.035630943 20.5100791572 20.5671631347 17.5726437975 18.2141052719 19.3863700047 19.0701166913 7.00895681105 2.93418968949 2.90197758706 2.49588715896 6.53381916806 11.8034372912 10.3063224303 9.25501840727 8.96736899371 9.02840850593 9.5623553855 9.01491066558 10.3929051755 11.3202039335 12.165064652 12.3785332946 12.3087576201 11.9315639491 9.15437369361 5.78313957296 3.31717679008 3.07620392778 2.88657969673 2.68173745046 3.05973263468 2.78214741677 2.58542565471 4.830528153 7.06220834683 7.59696665186 7.43192601173 -9999 -9999 -9999 -9999
-9999 -9999 -9999 -9999 -9999 -9999 -9999 -9999 28.3653288733 27.4912027984 26.4303637931 26.5047796875 24.9969093646 24.9561927435 23.0821291128 22.8887182754 19.2656932288 19.8050807657 18.227320592 18.7179309423 18.1937268297 18.9023615596 5.53459363019 6.21716563341 4.18994958857 2.53971677899 2.62547836726 7.24954309957 9.36858730827 8.20305775586 8.94456303257 8.98176879932 9.01158409561 8.93634161837 11.2884110298 9.73677064771 12.5523643358 12.2211437125 12.2895889632 12.2148932763 11.6783239548 6.1716168679 3.1232815261 3.11497739801 2.68991879176 2.66576025681 3.02838847445 2.83797171479 2.96475207738 7.51540871934 7.16664296504 7.1839007415 7.74356688139 8.78735824307 7.91047714112 8.07945428792 -9999
-9999 -9999 -9999 -9999 -9999 -9999 -9999 -9999 -9999 28.895127973 27.3310763466 26.0316194882 25.0310937308 24.2765464537 21.8760148849 21.9476209059 21.9575306443 22.5692281067 22.2813853072 22.4041767228 20.6938550549 19.0703349184 12.3576215803 10.190342329 6.50800861186 5.33025544274 2.87341565643 1.7848105478 2.80648750245 9.28635600644 7.96095276156 7.80024953295 7.390816997 6.6173195772 8.37248205147 9.06452109802 10.579889379 10.3708745316 10.1122421578 10.1444264882 9.7476907438 8.45979700886 2.49715067564 2.89778845941 2.20960770126 1.98964240517 1.76559344368 1.85908552859 4.46476911742 5.3374508955 5.3306888638 5.24747046823 6.36111804654 7.4865453415 7.46101528703 2.79254206498 1.82472821566
-9999 -9999 -9999 -9999 -9999 -9999 -9999 -9999 -9999 -9999 25.8674317324 25.9497584004 24.825992114 24.1518991738 21.1807612327 20.4732516953 19.3307742497 21.7494749584 19.5227838323 17.8368577436 16.5989271564 15.7273058909 13.3605680704 6.60097917242 3.84020543618 5.57982056591 3.9519858775 2.80881126774 1.38357257008 2.71553685681 9.11695597333 9.12751172284 9.20262648721 7.49743952421 9.48087720948 9.6409308312 10.4801939477 10.3716946481 10.1416294113 10.1629408919 9.90904837418 9.11886943533 6.03341642068 2.84320915961 3.14840915263 3.04600329375 2.40761203429 2.04067963887 5.66799880227 5.67728477422 5.67990866066 5.57018328254 5.59006623511 6.83435416832 7.10766287846 2.4621704237 1.80968467841
-9999 -9999 -9999 -9999 -9999 -9999 -9999 -9999 -9999 -9999 -9999 17.8064383193 19.0255216925 22.5925874232 20.2253611953 19.333717765 17.7299170162 17.6088716267 15.7775582529 17.6617844518 17.8227026552 16.7668118788 11.8226463655 10.7576725975 5.28884233288 1.40302923056 2.26618482252 3.64298558455 3.86949605617 10.8188040986 1.74753522006 5.79961236882 6.72690792009 6.64643190278 7.34134223674 6.94472625449 8.66125306263 8.63777233101 8.88714228666 8.89028418077 7.91446048672 7.48609012725 7.47843122788 4.17374646015 2.33973078891 1.82881156307 2.14286808139 2.41721735337 3.1585610602 5.32275655032 4.87422747035 5.48939975662 5.70296553587 5.96481345819 5.59388775452 5.28544041802 2.23393330894
-9999 -9999 -9999 -9999 -9999 -9999 -9999 -9999 -9999 -9999 -9999 16.659738357 20.0872730598 21.7922219731 20.5686240595 19.1401251395 16.4111837636 16.6034646748 19.1359976554 19.2040512963 17.7776098514 18.527653322 13.0528906543 11.3008873364 11.1720876712 11.4589520507 4.57297959771 2.42077029531 1.55861077107 4.89712154421 3.17530891508 2.10266762342 0.737289532545 0.953768872055 1.70746215837 6.21362341916 8.64198844848 8.70428314776 8.79700355631 8.52411498416 7.67272799673 7.88486077839 7.1625106728 7.30214142799 4.6614284892 2.6304293579 3.08664786997 3.63388755368 3.23350605352 2.43855151822 2.43082814324 2.56427580855 2.12853112011 5.33645629068 6.01075958959 5.77415866586 5.67443553517
-9999 -9999 -9999 -9999 -9999 -9999 -9999 -9999 -9999 -9999 -9999 27.0818090187 23.8107223522 23.205641858 19.4755023958 17.6777417042 14.0943636811 13.8323801457 14.7267860807 15.2454654255 15.6066833462 15.7248802111 10.7132346702 9.50315938761 9.582428824 10.7100214477 9.66955278527 9.59950361219 8.20534740001 4.25294983543 1.70362244547 1.71582240721 2.83963755307 2.85404302388 1.86214198253 0.564126263104 0.855998229849 0.636355731667 5.73392355872 6.4626955242 7.2132163563 7.0032922831 7.15545452469 7.5267697027 8.19580650264 7.11568936409 3.02818244461 2.77606057442 2.6326811096 2.43403892547 2.04983510568 2.29165356316 2.51209827229 3.21222658636 5.2510141705 5.79004043942 4.4676084028
-9999 -9999 -9999 -9999 -9999 -9999 -9999 -9999 -9999 -9999 -9999 -9999 22.7407802228 23.622687252 20.638866079 18.7515820673 15.2343136936 13.7026866342 12.5423619935 16.2224382348 15.7862445867 15.4738791874 13.2148301662 12.1561743785 10.8960298582 10.9836262467 9.73291958804 9.84171079947 8.960153407 8.82108862913 8.49595587679 8.62433372558 5.18521254653 1.67936374191 1.88200135268 7.87639745306 1.32543575773 0.682074805178 0.794604748669 7.45538111442 7.89689644912 6.85200862465 7.80796475904 8.32235444261 8.73647382736 8.73486214703 4.1106575839 2.80590239381 2.20740499455 2.36897663677 1.90887232643 1.67275387889 1.52652174018 1.57323517239 1.40823684071 2.6530115979 3.58109951671
-9999 -9999 -9999 -9999 -9999 -9999 -9999 -9999 -9999 -9999 -9999 25.3532420708 24.3932226746 24.1370911455 21.5413532035 17.2185321253 15.9665629902 15.4699043676 12.0162286617 14.5300179291 12.8607885816 12.7870682311 11.0001834617 11.0989044024 9.90400168252 9.84972144396 8.50163686189 8.46313899552 7.86363996983 7.76935665958 7.22567691021 7.31616604039 6.95759573553 6.92870651303 6.99457291249 0.840713970289 0.95121773739 0.455081252236 0.439383186503 4.35331373385 6.33223205067 5.52063948477 9.86304659893 9.7828764588 11.1968832653 11.1379416759 9.16241370813 4.29915152217 2.55082701139 2.58270896395 1.79257343933 1.25050000076 1.11939089869 1.12669811453 1.05419494775 1.14963651925 1.64886178398
-9999 -9999 -9999 -9999 -9999 -9999 -9999 -9999 -9999 -9999 -9999 25.7387143806 26.1725640852 25.2148206914 20.6625584234 18.7627301698 16.34016068 16.3082816166 14.5457503501 14.5980494259 12.5505500085 11.9159374524 11.1675532594 11.3360958106 10.0746007826 9.56787717191 7.99343284508 8.17863352876 7.76161635757 8.79303781369 8.0357880203 7.36776840251 6.91376059346 6.93031513131 6.93115116588 1.0202145051 0.571835538176 0.9331669481 0.50041495545 1.32629117203 5.90119687692 4.97795203871 7.69453856631 8.68751034835 9.23853393967 8.98572858948 8.63959456082 8.30967463364 5.30944367562 4.02349519722 1.6932347796 1.75652081628 1.5113247437 1.4430072015 1.35161480409 1.25946189059 1.06435377392
-9999 -9999 -9999 -9999 -9999 -9999 -9999 -9999 -9999 -9999 -9999 27.8215807653 27.6834156463 25.9305973736 23.6408711079 23.3265589003 17.0719926501 16.8230184155 14.6938611905 16.060643573 11.5569337591 10.1992112889 10.2106697708 6.2707231264 3.84164116086 3.83557987908 4.31716112424 5.20207014028 4.92903699624 5.79870151324 5.71692979803 8.01907590356 7.49616072847 7.29333990174 6.18636323262 0.634468867239 0.315077945118 0.208390086345 0.415179736535 0.65183515452 6.15694715476 6.57426579167 5.66340701627 5.18458562906 6.073053032 5.94692754034 7.4754539835 7.52395062179 6.6120292911 6.59054506149 2.37500708529 1.2040343327 1.04656563463 1.02232254401 1.01873088979 1.00699074234 1.23079691566
-9999 -9999 -9999 -9999 -9999 -9999 -9999 -9999 -9999 -9999 -9999 -9999 28.0203572903 27.4320490624 24.2102713629 22.4492584578 16.7867383759 17.3642415272 14.1584975481 15.2456089026 12.5695012582 14.3367235679 5.47310650947 4.01131115505 3.60591650344 3.55632509964 2.81177032221 2.94178363643 2.53520946027 2.29906007034 1.92908488559 3.93391966371 6.44348256644 6.59972475735 6.00796691045 0.518982230368 0.397449791199 0.247121599492 0.592435022757 0.939280444423 6.23190699892 6.61985435571 6.92166535018 5.04237849096 5.56780827023 5.5781424388 6.86804754107 7.31818523084 6.32397900658 7.08659430832 6.05601495051 3.77348002802 2.75980475156 1.98964584296 1.1138719999 1.29476341262 1.27302520012
-9999 -9999 -9999 -9999 -9999 -9999 -9999 -9999 -9999 -9999 -9999 -9999 29.6485185583 28.1180918491 24.7500846516 21.8491282895 16.9740258979 18.3288205127 15.4456972328 15.7747125063 14.2961533017 14.5984347796 7.84068691997 5.56972417965 4.21582874194 4.62167367989 4.42708299875 4.0929878104 3.12769846341 3.80772959752 2.84785342777 3.07420631843 6.46544731313 7.85443809552 1.30605003238 0.57549165481 0.362567240726 0.650147553856 1.05010239409 1.05018377946 4.49382423173 6.13745357968 5.84939364703 5.77188530867 5.43737538826 4.8471077742 4.98069335553 5.23675683264 4.864151037 5.67274830868 5.1524444059 4.60556273107 3.1781925372 0.635107573935 0.427614860013 0.546765963519 0.497047482696
