data/recharge/transience/oldversion/mHM_recahrge_241.ASC
ncols   80
nrows    72
xllcorner    4374000.0
yllcorner    5656000.0
cellsize      500
NODATA_value  -9999
[rows 0 to 25 of 72, columns 0 to 56 of 80]
-9999 -9999 -9999 -9999 -9999 -9999 -9999 -9999 -9999 -9999 -9999 -9999 20.2025397686 20.4412547781 -9999 -9999 -9999 -9999 -9999 -9999 -9999 -9999 -9999 -9999 -9999 -9999 -9999 -9999 -9999 -9999 -9999 -9999 -9999 -9999 -9999 -9999 -9999 -9999 -9999 -9999 -9999 -9999 -9999 -9999 -9999 -9999 -9999 -9999 -9999 -9999 -9999 -9999 -9999 -9999 -9999 -9999 -9999
-9999 -9999 -9999 -9999 -9999 -9999 -9999 -9999 -9999 -9999 -9999 -9999 19.3862704514 19.1105563776 18.8085710597 -9999 18.3532654125 -9999 -9999 -9999 -9999 -9999 -9999 -9999 -9999 -9999 -9999 -9999 -9999 -9999 -9999 -9999 -9999 -9999 -9999 -9999 -9999 -9999 -9999 -9999 -9999 -9999 -9999 -9999 -9999 -9999 -9999 -9999 -9999 -9999 -9999 -9999 -9999 -9999 -9999 -9999 -9999
-9999 -9999 -9999 -9999 -9999 -9999 -9999 -9999 -9999 -9999 18.7882611621 18.7501962537 19.0953427863 19.0662101812 17.9684858093 17.6910653497 17.2901059759 17.3235509447 -9999 -9999 -9999 -9999 -9999 -9999 -9999 -9999 -9999 -9999 -9999 -9999 -9999 -9999 -9999 -9999 -9999 -9999 -9999 -9999 -9999 -9999 -9999 -9999 -9999 -9999 -9999 -9999 -9999 -9999 -9999 -9999 -9999 -9999 -9999 -9999 -9999 -9999 -9999
-9999 -9999 -9999 -9999 -9999 -9999 -9999 -9999 -9999 18.9423072207 18.8788623723 18.6919712195 18.7524140821 18.8403720959 18.0675349001 18.0865986191 17.3943127674 17.9841527293 -9999 18.2150234206 -9999 -9999 -9999 -9999 17.0121932976 17.3528854137 -9999 -9999 -9999 -9999 -9999 -9999 -9999 -9999 -9999 -9999 -9999 -9999 -9999 -9999 -9999 -9999 -9999 -9999 -9999 -9999 -9999 -9999 -9999 -9999 -9999 -9999 -9999 -9999 -9999 -9999 -9999
-9999 -9999 -9999 -9999 -9999 -9999 -9999 -9999 19.4170206569 19.1450960403 18.5774211114 18.6452025032 18.124619332 17.9923637058 17.6834811702 17.6321196699 17.2018517755 17.1737708456 17.3868448758 17.6768415643 17.185413244 17.3088015446 -9999 16.9442954745 17.3057593793 17.4556628935 -9999 -9999 -9999 -9999 -9999 -9999 -9999 -9999 -9999 -9999 -9999 -9999 -9999 -9999 -9999 -9999 -9999 -9999 -9999 -9999 -9999 -9999 -9999 -9999 -9999 -9999 -9999 -9999 -9999 -9999 -9999
-9999 -9999 -9999 -9999 -9999 -9999 19.2212002056 19.0850301824 18.879285177 18.957235856 18.8120703201 18.954420273 18.3187957917 18.230903695 17.6720210602 17.8058732318 17.363950955 17.232305092 17.5641153569 17.6110141876 17.1136011097 17.2186078671 16.9822304428 16.983300725 17.3280446346 17.3072358018 17.3739567334 -9999 -9999 -9999 -9999 -9999 -9999 -9999 -9999 -9999 -9999 -9999 -9999 -9999 -9999 -9999 -9999 -9999 -9999 -9999 -9999 -9999 -9999 -9999 -9999 -9999 -9999 -9999 -9999 -9999 -9999
-9999 -9999 -9999 -9999 -9999 -9999 19.3922966652 19.4295342662 18.5698528231 18.4888005833 18.2570387449 18.2479102709 17.7674124997 17.7338719448 17.3496987606 17.0579213194 16.8315794544 13.3918441951 16.2371090805 16.7273560064 16.5869014366 16.8709967594 16.7619128571 16.7714160867 16.706406703 16.6087412257 17.251262908 17.6261274977 17.5098566596 17.4204094656 17.3191571008 17.3268982879 -9999 -9999 -9999 -9999 -9999 -9999 -9999 -9999 -9999 -9999 -9999 -9999 -9999 -9999 -9999 -9999 -9999 -9999 -9999 -9999 -9999 -9999 -9999 -9999 -9999
-9999 -9999 -9999 -9999 -9999 20.1010031166 19.47216195 19.4864802866 19.0833438397 19.0765404203 18.7295603629 18.5679861023 17.8204411879 17.4404636274 17.5700032745 17.4381753055 12.9588599946 6.84775479096 13.0649005629 16.7697969642 16.610097804 16.5478674099 16.6432455627 16.7001947679 16.7993586091 16.853191794 17.1590379308 17.3553493931 17.4015029436 17.3693476156 16.9369548545 17.0564441352 16.5743948219 16.5217891304 -9999 -9999 -9999 -9999 -9999 -9999 -9999 -9999 -9999 -9999 -9999 -9999 -9999 -9999 -9999 -9999 -9999 -9999 -9999 -9999 -9999 -9999 -9999
-9999 -9999 -9999 -9999 -9999 20.1286903384 19.7070183524 19.7281162102 19.0034754279 18.8678457133 18.5522491529 18.656813066 12.9852695028 10.4484254148 17.9967252923 18.1597925538 14.8484646098 5.73973270664 10.3289784614 13.9683571388 16.1475456943 16.1949302896 16.4390210465 16.3867418652 16.1939160981 16.2254761693 16.2388403091 16.1833187496 16.3731205675 15.4393704838 14.7341771207 15.6542835991 16.0920675549 16.0323563887 16.0385264073 15.8476340979 -9999 -9999 -9999 -9999 14.9505472977 14.9795513562 -9999 -9999 -9999 -9999 -9999 -9999 -9999 -9999 -9999 -9999 -9999 -9999 -9999 -9999 -9999
-9999 -9999 -9999 -9999 -9999 19.9914624455 19.627209447 19.7463557239 19.0774677869 19.20132257 18.8025792792 18.722782488 18.0623667989 17.8153839526 18.1576350664 17.9529281936 17.1537406491 17.6353752157 17.0734990722 17.1572780383 16.3799950665 16.1120256128 16.1160276333 16.0475635675 16.174591232 16.1815567424 16.1949305639 16.0223070919 16.5223923363 14.9533789359 10.1004624437 13.3902249214 16.0476466465 16.0771614969 15.6393601296 15.8810457477 15.5684270239 -9999 -9999 15.5699785495 15.1672851151 15.1255227177 15.0743341429 -9999 -9999 -9999 -9999 -9999 -9999 -9999 -9999 -9999 -9999 -9999 -9999 -9999 -9999
-9999 -9999 -9999 -9999 -9999 -9999 20.1159057865 20.2411466088 19.609877134 19.5485461523 18.8583040577 18.9951523121 18.8489000769 19.3639857626 17.9153315858 17.8200286737 17.4219410176 17.3883534118 16.8258622129 16.6395244752 16.1399659419 16.1719576296 15.7998850221 15.9842400013 15.6757287926 15.4945729857 15.1354371617 15.1581183216 15.361299247 15.2150711512 14.1256192903 15.0424265479 15.0669194017 15.08330087 15.0345221771 15.0982019243 15.3093783779 15.028626897 15.0899092163 15.0301086958 14.7040824737 14.9749058601 14.4630243755 14.1473794286 -9999 -9999 -9999 -9999 14.1382040198 14.0037655996 3.5645535779 -9999 -9999 -9999 -9999 -9999 -9999
-9999 -9999 -9999 -9999 -9999 -9999 -9999 20.1011161592 19.4656969879 19.6690882924 19.182151853 19.0455118812 18.6354527979 18.1554550509 17.1569632364 17.6762896811 17.6962503913 17.600074191 17.0695315184 16.7981028816 16.0104709901 15.9890296196 15.7124569951 15.7912961673 15.5665469579 15.3604791874 15.1202655661 15.3779779929 15.2158957878 15.2501967496 15.1724866987 15.1360378425 15.1339077811 15.1119484899 15.1395342535 15.1475618797 15.1177544398 15.2114999549 15.0756208307 15.0523733881 14.788462385 14.630759478 13.3797274722 12.2963398516 11.6646932084 11.9298689043 11.9940388442 11.7741294288 11.5323070384 13.1886047735 13.0480314328 11.0208900661 -9999 -9999 -9999 -9999 -9999
-9999 -9999 -9999 -9999 -9999 -9999 -9999 -9999 19.2075399376 19.1231428602 19.1008723989 19.257585284 18.7923925528 18.9424112824 18.240036463 18.2132754118 17.2820003745 17.3193118773 16.4984518576 16.6230404296 16.7933116017 16.7374246299 18.4088404665 20.2826523982 19.1833783031 19.6759654459 16.2144583261 14.412873762 14.2861826898 14.1521012043 13.8195777413 13.9843631661 14.0322141299 14.0106467357 14.3027345137 14.1542927368 14.3636802341 14.4446872609 14.3137855007 14.2590627295 14.0208975952 13.2782033935 11.3368967421 11.1842952081 10.833649077 10.6692439809 10.9309171065 10.7409635552 10.4175646424 12.2345600543 12.5712587824 12.7284164784 12.1759203642 -9999 -9999 -9999 -9999
-9999 -9999 -9999 -9999 -9999 -9999 -9999 -9999 19.5450958971 19.3364394099 18.9682645373 18.9900218109 18.5066540574 18.4992129102 18.0044411366 17.9393305817 17.3763646308 17.4988082678 16.6330731952 16.7381194245 16.8726791842 16.7085637958 19.9395342078 22.0179641 20.4548885773 18.7341065576 19.5435155903 16.5007825354 14.3535511622 14.0421639635 13.9494287701 14.0063252787 13.9908417586 14.007119355 14.1095335383 5.96537127027 14.5075020198 14.3859787715 14.2894944813 14.2645317979 13.9707123543 13.3721131625 11.2529669283 11.2063852783 10.6973617186 10.672017821 10.9097336858 10.7770090113 10.9486065433 12.8850158289 12.5918932591 12.6006131771 12.2021306704 12.1281843983 11.4809198006 11.5837076603 -9999
-9999 -9999 -9999 -9999 -9999 -9999 -9999 -9999 -9999 19.5148238237 19.0023385421 18.6850977926 18.3513435157 18.4824513849 17.8463680035 17.830296533 17.6747762396 17.7498384229 17.6442548906 17.6789250497 17.3531450959 17.0939643278 17.8179618012 23.6638445886 21.3314300813 21.0901346832 18.646583268 17.6370620221 15.6459398835 13.3168224215 13.0692894115 13.2371655746 13.0794306227 12.9772517301 13.041065551 11.1767254331 13.7232587395 13.6351663181 13.464245239 13.4671784204 13.2417177885 13.3679815454 10.7115409744 10.805185215 10.0399544213 9.79744096032 9.28426935966 9.51926089317 11.5846467572 11.7887105203 11.6428585522 11.5961232631 11.4472077208 11.3908769398 11.3086766851 9.49690634951 8.0293469224
-9999 -9999 -9999 -9999 -9999 -9999 -9999 -9999 -9999 -9999 18.9394891697 18.9703580487 18.311516283 18.486542962 17.720722072 17.5693691067 17.4898550368 17.8048110447 17.4296824127 17.1859540759 16.7551537552 16.6072690876 15.7636323566 19.62720661 20.3942575467 21.3610923789 19.8022902034 18.5619332238 15.7927419785 16.1593895008 13.1304097587 13.1234531792 13.1700872191 13.0298401505 13.3617830847 13.3395345446 13.6691193889 13.6307034439 13.4807607323 13.4912038259 13.3091366442 13.4475762213 12.4824239361 10.7893477721 10.7737764126 10.7084842697 10.0109085546 9.80873816611 11.8461817464 11.8970283668 11.859190693 11.7645735002 11.3807836541 11.5000321408 11.0378430266 9.14371241555 8.00148590137
-9999 -9999 -9999 -9999 -9999 -9999 -9999 -9999 -9999 -9999 -9999 9.73310027433 12.206506072 17.969965118 17.3384553883 17.2167016771 17.0745538143 17.0701130787 16.467644757 16.5489693562 16.1830499336 16.1677751678 15.1991595503 14.9776383826 16.2994746018 18.3345961935 18.1778619006 19.288089837 17.73284076 11.7591451105 14.4109157369 13.0397838367 12.0610120312 12.1543744327 12.9429920875 12.7536072548 12.8192319346 12.8023068758 12.907447503 12.9206730611 12.8978819391 12.6672996598 12.6446905134 11.7686405754 9.70780089226 9.54573797958 9.65940073536 9.88956267299 10.5107722191 11.462672109 11.2337910865 11.3570693496 10.6505522374 10.5688166322 10.0678435109 10.0464058262 8.36103530417
-9999 -9999 -9999 -9999 -9999 -9999 -9999 -9999 -9999 -9999 -9999 8.96521384276 13.3016788322 17.7868125623 17.4179493584 17.2510967516 16.8216926645 16.8159375113 16.5530295737 16.5689068663 16.1341280504 16.3332619391 15.3742705678 15.1372272983 14.6065278317 14.5796741598 16.3254641786 18.3361710924 16.7783369075 16.3318715827 16.4002754146 15.7607472059 13.1300432676 14.5939798291 15.0120927856 13.0956167608 12.7929308316 12.8499105953 12.8414814655 12.5337640676 11.5468382898 12.8219763866 12.418261193 12.5256856139 11.8301544333 10.0995482938 10.1974508294 10.5222434219 10.0526396709 9.62475279871 9.62275207525 9.78692540977 9.08619817284 10.6256525294 10.4670771427 10.2612005379 10.0250586596
-9999 -9999 -9999 -9999 -9999 -9999 -9999 -9999 -9999 -9999 -9999 18.5587135756 17.9011631527 17.799704566 16.5221864631 16.6398724431 15.9355990919 15.8456804602 15.6783477673 15.6361672868 15.3100389198 15.3499749525 14.5022376742 14.3522687283 13.5925945825 13.4590918665 12.9575938971 12.9084203054 12.79622712 14.3570537075 15.4561452047 16.8603950261 16.8765843363 17.0154284695 13.5348788802 10.1618984525 12.2227614039 12.0114638572 12.5962273069 8.99193132771 7.05547141127 12.4088533799 12.3850617144 12.5786265911 12.9222988077 12.630659349 10.2401146063 10.0250352624 9.6436873603 9.66158587867 9.35961831524 9.62928751545 9.66864926853 10.3104524526 10.7711366467 8.66463668107 7.835744097
-9999 -9999 -9999 -9999 -9999 -9999 -9999 -9999 -9999 -9999 -9999 -9999 17.4283362803 17.5625056006 16.8071932882 16.770873686 16.0029196341 15.8339476503 15.4350161989 15.5533698469 15.3868289039 15.2674194572 14.5107304096 14.5057072015 13.5456030938 13.6000325885 13.0043360359 13.062924174 12.6439270801 12.5588500207 12.471468898 12.541930326 13.4598813161 15.0053843136 14.7172012886 7.7833341313 13.2620188988 11.1923685672 13.5708536075 12.1706932979 12.4285406424 12.2746270873 12.6800842926 12.8863145056 13.0005749634 13.0915666237 11.554406876 10.0494967071 9.17910679275 9.36254732341 9.1354234153 8.86068991553 8.4507286208 8.53093526896 7.8177010153 8.1236802962 4.23094856161
-9999 -9999 -9999 -9999 -9999 -9999 -9999 -9999 -9999 -9999 -9999 17.8870152046 17.6111274866 17.8358799949 17.0751357557 9.74122392271 13.1361368936 15.7391118625 14.8476967331 14.8704600769 14.2541972271 14.2207350215 13.471713336 13.5345849762 12.9023501168 12.8748463526 12.1572657097 12.0988768384 11.8146157606 11.736540202 11.5471321472 11.6132079042 11.508933687 11.4780898422 11.6319149729 13.1779197536 12.1832510869 8.95357155883 8.85961829467 11.8905140182 11.9873337748 11.3232748215 13.2217055407 13.5901384511 13.9090049003 13.8643467851 13.2522461198 11.6359193896 9.87443538095 9.87811084124 8.78297293817 7.86774009312 7.34488815838 7.36216897637 7.00096286967 7.26599696555 7.92506840546
-9999 -9999 -9999 -9999 -9999 -9999 -9999 -9999 -9999 -9999 -9999 17.9881073622 17.9757077045 18.0282190843 16.9802274819 12.5722317737 15.5016150497 15.8953482695 14.9113875361 14.9458687154 11.7734502666 12.3456450109 13.5967089477 13.6371736769 12.9844193673 12.9491568422 7.73174437311 8.21438070966 11.3628347864 12.3036729393 12.0551484513 11.6505787998 11.4659617834 11.4786455942 11.5811009791 12.9375432467 10.0717332391 12.0793612496 9.39579137824 12.9564038555 11.6761721692 11.0743051568 12.5300367744 13.2036114693 13.3505046673 13.2370990011 12.8908299574 12.8699375746 11.6859191411 11.1878284994 8.78085673155 8.80323271026 8.22479311202 8.10555009803 7.75984555141 7.55633271069 6.70039857562
-9999 -9999 -9999 -9999 -9999 -9999 -9999 -9999 -9999 -9999 -9999 18.2695724498 18.225267474 18.1052733116 17.4124447006 17.3470097415 15.8807761261 15.8875414365 15.1827198731 15.1613972736 11.8451138135 5.23233431765 10.682295098 12.6212059016 10.9785545759 10.9958239778 11.2221585864 11.6732798536 11.2699074535 11.3819616906 11.2731831104 11.9844127776 11.8140483012 11.7067916483 11.1756977205 10.8451131534 6.32698243162 4.80080096486 8.25363903188 10.9141236674 11.7359611289 11.7110470637 12.0204182762 11.796982434 12.1134996557 12.0964332282 12.3270741592 12.3494376416 11.7570592432 11.6796894679 9.53198056784 7.61340662343 6.70837599338 6.62731090515 6.18708675171 6.52221868314 6.95664116263
-9999 -9999 -9999 -9999 -9999 -9999 -9999 -9999 -9999 -9999 -9999 -9999 18.3049943236 18.1649083656 17.2496178508 17.2088817353 15.8116745684 16.0291684501 15.1118019311 15.3127581656 14.676445429 14.6677056824 12.3634176903 11.3806943312 10.850196449 10.81302758 10.0044455128 10.1138993444 9.62787517422 9.37547358322 8.83556383749 10.6057867824 11.094406743 11.2361874911 11.0210819071 9.83539331894 7.56670342388 5.6446238592 9.61796258153 12.4070470334 11.804228198 11.4941184177 12.3237516952 11.809991685 11.9990270032 11.9808158556 12.109130228 12.2159208681 11.5538131653 11.4762559564 10.6787587298 5.6233189264 6.15187434625 8.40635478832 6.49585563007 6.62521601194 6.4168534446
-9999 -9999 -9999 -9999 -9999 -9999 -9999 -9999 -9999 -9999 -9999 -9999 18.6879177662 18.3380811377 17.6065602962 17.0718412225 15.9139727225 16.168430224 15.4074245885 15.5404794764 14.7201952872 14.56968138 13.1811326585 12.0704339839 11.2719067072 11.46998781 11.1902722567 11.0207409902 10.1983123682 10.6266973029 9.86002208455 10.0818165354 11.8001035432 12.0179783932 12.9326172265 9.2766355638 6.99549037201 9.63037778183 11.9158239083 11.2096185325 11.0748065832 11.1617193422 10.914825833 10.8847355809 10.830066966 11.0144616065 10.8606618579 10.8703430353 10.430677451 10.4883920957 9.97591407533 9.06431587934 9.06635952092 5.73832895218 4.36405299198 4.99175362232 4.33316195005
-9999 -9999 -9999 -9999 -9999 -9999 -9999 -9999 -9999 -9999 -9999 -9999 18.472184607 18.5035141749 17.461711463 17.4092970096 16.3317130488 16.4824606466 15.5545205945 15.6126301697 14.9205783081 14.6150994741 13.8686902606 8.81032427707 9.56128822842 11.202716388 11.3247544997 11.1003010177 10.2645968974 10.014725351 9.38659054235 9.21416341092 10.5055321985 12.1568523501 8.37363134265 10.5455403071 11.1578168152 10.0015954071 8.5623763413 7.6966002153 7.0880878043 8.37886390688 10.4412516643 10.9528528723 10.8870863985 10.9149143666 10.9203996894 10.9215724037 10.5959408767 10.7422775436 10.2011983033 8.70550685046 5.29724835192 4.65874280793 4.4891308569 4.60912481582 4.40664043115
