data/recharge/transience/oldversion/mHM_recahrge_263.ASC
ncols   80
nrows    72
xllcorner    4374000.0
yllcorner    5656000.0
cellsize      500
NODATA_value  -9999
[rows 25 to 49 of 72, columns 0 to 55 of 80]
-9999 -9999 -9999 -9999 -9999 -9999 -9999 -9999 -9999 -9999 -9999 -9999 6.5070588802 6.56718952052 6.35008995432 4.94913984837 3.9509214828 4.2749632228 3.35955074974 3.5447685839 3.65192251913 4.38721006475 4.03519236213 2.10620972177 1.78675741854 1.74033326811 1.44697105941 1.40752046659 1.10525321994 0.972782355369 0.824022186913 0.77067850891 1.38879099584 1.51097986951 0.128974136036 1.51142996671 1.05579159014 0.230349982885 0.16023069974 0.429706351009 0.42611789695 0.433251970355 1.31019196857 2.28662560529 2.23752395231 2.25730503806 2.20869258148 2.20412796141 2.08828130184 2.15563730299 1.7309474844 0.563451646614 0.182823040398 0.146085779173 0.139944324671 0.15015934227
-9999 -9999 -9999 -9999 -9999 -9999 -9999 -9999 -9999 -9999 -9999 -9999 -9999 6.69384747096 6.70316410344 6.87935114942 4.65144826805 3.93007191889 3.38502981322 3.35129593657 3.54976102928 4.23986654256 4.64335041441 4.5123793949 2.62377088445 1.68662873739 1.48089746983 0.966395131861 1.07942343276 1.17114167575 0.941172476329 0.908706188176 2.33444352209 0.241906262329 0.1350028629 1.60259866318 1.86390455926 0.183809949248 0.421683106771 0.400804066814 0.346789376505 0.324251832629 0.198031312758 0.324236887399 0.508990942496 0.974812367287 1.79299501981 1.76389090986 0.570707199785 0.229537646975 0.14352729449 0.145673631665 0.153558675891 0.200069519326 0.640736323105 0.120634243624
-9999 -9999 -9999 -9999 -9999 -9999 -9999 -9999 -9999 -9999 -9999 -9999 -9999 -9999 5.32463953776 5.40376805722 4.49476145669 3.46311363537 3.12304148976 3.30003161751 3.21661091377 4.22782469873 4.60051896608 3.62198935266 2.0117402754 2.25458174095 2.43822407128 2.08804425307 1.31075302469 0.998809471008 1.01508717637 1.9274036595 2.90807775821 0.428907619371 0.179745675037 1.81256702774 1.3592458609 0.352666523162 0.419300435022 0.459489440026 0.497229499768 0.329219322027 0.293819508309 0.224384100339 0.170226330094 0.192713155298 0.157282203196 0.165513244211 0.139839255267 0.163553067776 0.153165540706 0.123859348506 0.115361392928 0.224901078261 0.9629375074 1.11878279366
-9999 -9999 -9999 -9999 -9999 -9999 -9999 -9999 -9999 -9999 -9999 -9999 -9999 -9999 5.01490700033 5.56605335291 4.96016842082 3.6602946065 3.22465487449 3.3640054629 3.3572536077 4.14079869942 3.34465120979 4.23455599766 3.69283932506 3.48202262136 2.5659166626 3.18004076945 3.74830798376 3.11147261958 2.70313868828 2.86948316285 2.83514145396 2.2231040403 0.195724916461 1.84394740576 1.23247806631 0.310690172483 0.427457028173 0.532777452286 0.313860511401 0.344819172915 0.322872841019 0.285486165715 0.215599458105 0.178635784886 0.172532292351 0.745917401531 0.778487731114 0.143050181741 0.170792469058 0.194637238008 0.210943668607 0.448631258431 0.969037875735 1.1959795485
-9999 -9999 -9999 -9999 -9999 -9999 -9999 -9999 -9999 -9999 -9999 -9999 -9999 -9999 7.37742887778 7.02317398879 5.91261645195 4.07826661535 3.72310028478 3.64748261289 3.22036636597 3.67692885573 3.71887344204 3.76826002866 3.13855359309 3.0776651507 3.38925304392 4.04003417434 3.49381452456 3.65887030744 3.24158530327 2.99748935492 2.79065423367 0.862028296293 1.22490011348 1.67271386524 1.71132752219 0.206306239021 0.982290779366 0.620183329471 0.311032710236 0.354279469085 0.299655810562 0.303053425527 0.17363949049 0.182501245087 0.136898533449 0.178040273213 0.30620321633 0.301827341826 0.182679707659 0.0841315019919 0.114019217295 0.0952668182587 0.0781972976095 0.114961791202
-9999 -9999 -9999 -9999 -9999 -9999 -9999 -9999 -9999 -9999 -9999 -9999 -9999 -9999 8.28364473719 7.47325276144 7.00122467764 5.91045669023 5.47399752534 6.45792972866 4.45823452076 4.41832935185 4.96483916403 3.72680138793 2.30514139685 2.65144695249 2.72849615185 4.33359926127 3.78315397342 3.72336995942 3.41280086174 3.58315972855 3.22339899728 2.96977456388 1.87489818849 1.89252639413 1.51727342103 1.55779240528 1.14898307104 1.31486605561 0.183417056652 0.219706154706 0.229349003629 0.246540370508 0.179593046368 0.152183765573 0.202399950683 0.159061748925 0.310482768278 0.407673914579 0.220503546744 0.283739069243 0.181513845456 0.260609788105 0.261058608122 0.215365067374
-9999 -9999 -9999 -9999 -9999 -9999 -9999 -9999 -9999 -9999 -9999 -9999 -9999 -9999 -9999 6.764675937 6.36384229246 5.28146670585 6.04415484619 5.5304155416 3.41619407997 3.39473554164 4.11006294823 4.06126144448 2.29027090089 3.20275277998 3.10262488448 3.42196838255 3.84356867818 3.53304863337 3.14666856825 3.11336840224 2.68192104338 3.12634304549 2.00828217233 2.0246575872 1.70348021482 1.67360297912 1.50061865436 1.39645536876 1.08373785181 1.25214256581 0.0416372277517 0.0724034359671 0.127876422716 0.0692816360156 0.0352294879366 0.038669750657 0.0719011194918 0.139328120817 0.149279587308 0.135652968119 0.198171288264 0.349835217395 0.323443793544 0.317338477924
-9999 -9999 -9999 -9999 -9999 -9999 -9999 -9999 -9999 -9999 -9999 -9999 -9999 -9999 -9999 -9999 6.45215133339 4.72447827819 5.17482847383 5.98173778945 4.89500171292 4.70627122615 3.68855235799 2.78923842205 2.49642553376 2.48177007715 2.1558983583 2.4207151228 3.62762492492 3.35776566677 3.35861011043 3.14733261493 3.03625712142 2.82015106995 1.98413346136 2.16171202058 1.94865465279 2.08497068584 1.91118839986 2.27227175221 1.46837925709 1.50843682447 0.525410396305 0.0720824058161 0.0324364365124 0.0239094583397 0.0189747342758 0.132446206848 0.142150662186 0.115372491922 0.150887258832 0.231103088836 0.174012961651 0.145903429939 0.165617849558 0.148892036392
-9999 -9999 -9999 -9999 -9999 -9999 -9999 -9999 -9999 -9999 -9999 -9999 -9999 -9999 -9999 -9999 4.53240780919 5.00101627121 5.62894799267 4.52212170265 4.11622181763 5.84531907067 4.85588045106 2.75676786682 2.50971898942 2.69922922306 2.2372360509 2.20657397381 3.19354479664 3.19419780047 2.87792298879 3.07709469989 2.95471337102 3.21239145377 2.69649793883 2.08116875763 2.3458554924 2.13486786955 1.88496614336 1.82094503656 0.910636355529 1.59403335962 0.99552131648 0.269261661223 0.124077949988 0.0684128603505 0.0935020790737 0.368731027805 0.111493328392 0.136047407971 0.182378197139 0.19188498323 0.253473650563 0.273030864238 0.344351791654 0.229961161686
-9999 -9999 -9999 -9999 -9999 -9999 -9999 -9999 -9999 -9999 -9999 -9999 -9999 -9999 -9999 3.45384846505 3.47436210727 3.26326380542 4.28960210792 4.18193633172 4.02249455787 4.59261138911 3.81992418338 2.90492494946 2.42180606352 2.55383152812 2.27239543917 2.3440557052 3.07794775198 3.59530183498 3.43462701104 3.47947368305 3.24928453681 2.53978191052 1.29360729655 0.625715371519 0.975779734982 1.36404654312 1.47278028325 1.49781857262 0.496034654932 0.200318620652 0.084591334545 0.0822801696823 0.0886951214042 0.0564829739643 0.894943548598 0.851987663084 0.158472259246 0.18905472482 0.147438232449 0.119297461462 0.131775364877 0.145350548531 0.157910731119 0.162392562724
-9999 -9999 -9999 -9999 -9999 -9999 -9999 -9999 -9999 -9999 -9999 -9999 -9999 -9999 3.96419205469 3.74201078531 3.58960132422 1.96246946899 2.60777604223 3.91737714504 3.38578714698 3.70043708346 2.92034993413 3.01231610629 2.42820435595 2.33760900956 2.07642163234 2.61056176626 3.81025286486 3.80955406338 3.26948828276 3.30328169255 2.01128163272 1.1284825485 0.721006175728 0.421591598627 1.75579108625 1.59127448099 0.0532998082843 0.202859672702 0.338786994931 0.063511257914 0.0530163686663 0.060850731357 0.0380448925977 0.0314472456601 0.100999268923 0.130351122817 0.181482272381 0.14811427643 0.131826200797 0.130715109772 0.140401086137 0.137556462138 0.130529868257 0.137863184046
-9999 -9999 -9999 -9999 -9999 -9999 -9999 -9999 -9999 -9999 -9999 -9999 -9999 -9999 4.75722204663 4.62310061951 4.13599715625 1.89843569039 1.40832638447 1.64726715952 2.85511215483 3.36547271456 2.95533919907 3.091501062 2.48602123502 2.10388419229 1.09558440795 1.24889767511 1.82586649153 3.66137567391 3.55322305846 2.0658471098 1.06560116798 0.931695465429 0.697264312814 0.810128855465 0.411229313811 0.616739951201 0.22241832774 0.232096752572 0.353172297882 0.304508343133 0.0835339293542 0.0721232491695 0.0596713425386 0.0300040046462 0.0580956353527 0.18786466472 0.2577443082 0.321095185541 0.311782823049 0.307703255571 0.215055999272 0.186746698355 0.214962712115 0.204915743058
-9999 -9999 -9999 -9999 -9999 -9999 -9999 -9999 -9999 -9999 -9999 -9999 -9999 -9999 -9999 -9999 4.2115331849 3.03971364783 2.99034611999 2.89266077122 2.13152272754 2.72799876464 3.28853560454 3.30291232993 2.60315540462 1.30716501473 0.640479277155 0.689510877254 0.618727217848 1.32257621503 1.65843548378 1.09911251531 0.950764489462 0.788758801077 0.811034224986 0.820201791805 0.59450879528 0.248903011514 0.439097748774 0.637121914233 0.346993840335 0.252904597392 0.477012597953 0.313112528105 0.0379201398394 0.0476737843821 0.0400922926765 0.081360388948 0.168882488222 0.211023012234 0.200586988855 0.2071561307 0.182606494505 0.158516289971 0.115034885106 0.121000824198
-9999 -9999 -9999 -9999 -9999 -9999 -9999 -9999 -9999 -9999 -9999 -9999 -9999 -9999 -9999 -9999 3.52548884489 3.21785087156 3.02262746922 1.94577118488 2.01985814137 2.14583079287 2.65942244072 2.95100345167 2.91190983463 1.5180884988 1.08008597553 1.01039865556 1.01033823607 1.4242960257 1.54389397427 1.45015260446 1.10733192444 0.879468403452 0.602580970935 0.646157868567 0.646917103989 0.772823720106 0.480768104392 0.424208727508 0.500835104538 0.677210920117 1.3220497164 0.857514536318 0.228575847354 0.0407568972944 0.018786664749 0.0368542241604 0.151142180195 0.123140746114 0.100691705742 0.102031752002 0.0838071878772 0.0934114053195 0.0892184453581 0.0897786559764
-9999 -9999 -9999 -9999 -9999 -9999 -9999 -9999 -9999 -9999 -9999 -9999 -9999 -9999 -9999 -9999 -9999 -9999 3.09921618607 2.30769332825 1.64420172931 1.97973590747 2.30317469967 3.34719908501 2.77990056192 2.04412724934 0.963439647513 1.03634911228 1.12460636441 1.33739416734 1.04370996397 0.94195647466 0.886917585811 0.894332657727 0.592217024746 0.740297841025 0.702655518493 0.515754044434 0.451954559094 0.602403542304 0.416564304364 0.368380392314 0.313526839286 0.311120929252 0.264044526071 0.16936027197 0.0244529630355 0.0237226113513 0.043914449534 0.0877709157429 0.106961081202 0.115752500389 0.085176299082 0.0870101356176 0.0951994344056 0.100972516066
-9999 -9999 -9999 -9999 -9999 -9999 -9999 -9999 -9999 -9999 -9999 -9999 -9999 -9999 -9999 -9999 -9999 -9999 -9999 1.7475391717 1.7216719047 1.92636155943 1.78868791532 4.13323448153 3.1575099643 3.06135332479 2.48242467678 1.20181350042 1.09750334125 1.06156283269 1.03706916293 1.04159588519 0.854615710444 0.836753111321 0.484950259724 0.341140729543 0.308093489277 0.462473438937 0.438817949569 0.523390967507 0.374930725396 0.341294228841 0.261245078352 0.326664734725 0.309915889527 0.325858675933 0.111859848238 0.0205742717285 0.0156204514367 0.0343646656892 0.0582440812913 0.0971952654728 0.079229324597 0.0786060083125 0.0898024245373 0.0864892057953
-9999 -9999 -9999 -9999 -9999 -9999 -9999 -9999 -9999 -9999 -9999 -9999 -9999 -9999 -9999 -9999 -9999 -9999 2.5960825013 3.03311144438 3.0635772807 2.91251535742 1.92031881736 3.44113467256 3.08430582451 3.38750829861 3.77496462726 2.20472254249 1.25715373956 1.1643250349 1.33962872094 1.81356335321 0.833813951397 0.630911684692 0.409632380885 0.49497922388 0.598022289658 0.560768282306 0.482336213045 0.499486199412 0.545783310023 0.374328908153 0.301683059289 0.615802171101 0.34809922659 0.461136627867 0.281825027082 0.140263057238 0.0487832856867 0.0207709345172 0.0416332092548 0.0650055693618 0.116586200546 0.147932314599 0.116130687633 0.104586420831
-9999 -9999 -9999 -9999 -9999 -9999 -9999 -9999 -9999 -9999 -9999 -9999 -9999 -9999 -9999 -9999 -9999 -9999 -9999 3.98284490387 3.69110386094 3.34133727705 2.06084396371 3.27569987593 3.43493503456 3.38861948455 3.0580386801 3.98720630959 2.14504720533 2.66921712126 3.66216096194 3.6363810491 1.31137946806 0.566447324953 0.638960958232 0.515692030773 0.271862951623 0.240874734706 0.200899617388 0.200908922666 0.240037582092 0.385498904196 0.385393308602 0.996793147148 1.07733261651 0.621907919386 0.360488867269 0.243609463843 0.071252050865 0.0287293605763 0.0110498785754 0.456521369914 0.565336904635 0.781070148383 0.165597509844 0.0403235556193
-9999 -9999 -9999 -9999 -9999 -9999 -9999 -9999 -9999 -9999 -9999 -9999 -9999 -9999 -9999 -9999 -9999 -9999 -9999 -9999 2.6318046993 3.11132146327 2.10949336653 2.4736812528 2.96322041089 3.27693936609 3.03975574878 4.09987232945 4.86593746451 4.58593672693 3.9192598403 3.83792170203 0.878190925679 1.68183520905 1.99232879889 1.1396662576 0.449421512918 0.568859646754 0.489406015694 0.476862708682 0.383220317561 0.507654401606 0.487676749565 0.420987781979 0.537744250035 0.451160973367 0.344922742793 0.397104628473 0.292350297216 0.119374486298 0.0542908497346 0.0299978618643 0.0130463834051 0.0238881078912 0.226789330417 0.0157842373818
-9999 -9999 -9999 -9999 -9999 -9999 -9999 -9999 -9999 -9999 -9999 -9999 -9999 -9999 -9999 -9999 -9999 -9999 -9999 -9999 -9999 2.80624845485 2.37457979328 2.43322513725 2.92833419114 2.7298409104 3.16881962397 4.16040500893 4.65738646434 4.48687508973 3.87017594535 4.3695475399 0.852724970896 2.78317170274 1.0525146465 0.821295594602 0.726560258816 0.422186139202 0.359089080944 0.47584224979 0.583253943965 0.622969118352 0.641151994794 0.426827226 0.322565447664 0.240825212678 0.286480549519 0.31934167686 0.301280572383 0.383102608123 0.435727624718 0.337520253879 0.128133484588 0.0238957353238 0.00767359744414 0.00959523827011
-9999 -9999 -9999 -9999 -9999 -9999 -9999 -9999 -9999 -9999 -9999 -9999 -9999 -9999 -9999 -9999 -9999 -9999 -9999 -9999 -9999 2.1272473489 1.93018517237 1.94155594522 2.79769924077 3.75380963063 3.41541402027 2.34912029994 2.3281551505 4.54045270096 4.15952415822 3.89593395629 1.03275912108 0.71051017002 0.460245504246 0.680636866683 0.562983172785 0.400777339265 0.314621844479 0.485255785988 0.592034082588 0.561624076414 0.388288946547 0.374156323508 0.450891462735 0.422347863561 0.364667767957 0.353160448907 0.169831920306 0.230063822839 0.567640332538 0.528190679789 0.101181193281 0.018137476228 0.0125696421698 0.00824954000221
-9999 -9999 -9999 -9999 -9999 -9999 -9999 -9999 -9999 -9999 -9999 -9999 -9999 -9999 -9999 -9999 -9999 -9999 -9999 -9999 -9999 -9999 2.08144578055 2.64380724357 3.10682043025 3.61313722296 3.25705755891 2.15760983844 1.5058712511 1.88923078743 2.26331974641 2.36720258344 1.14911649611 0.991200279521 1.1176073202 0.836089844894 0.620115101065 0.549869869227 0.415436055168 0.48100190219 0.570164025987 0.373093035332 0.36720780461 0.482341678371 0.250507973523 0.224928132224 0.121809809735 0.148087490755 0.198673912178 0.594501606507 0.492467393444 0.703327388342 0.126834168899 0.0192777123919 0.00811172374133 0.00721936880146
-9999 -9999 -9999 -9999 -9999 -9999 -9999 -9999 -9999 -9999 -9999 -9999 -9999 -9999 -9999 -9999 -9999 -9999 -9999 -9999 -9999 -9999 2.2195987353 2.11118309871 2.95421300482 4.0033227296 3.27232560694 1.36706802651 1.8363355878 1.92719733775 1.6372184181 1.68682759331 1.51476699593 1.20277431229 0.855868185186 1.18448136082 0.735818753966 0.553249520176 0.602156724215 0.727750917734 0.423308855427 0.584005719428 0.374470184826 0.299440794568 0.245842124612 0.296836357535 0.275558565629 0.372068120121 0.201561888257 0.186733126283 0.165340290624 0.362654984433 0.0142971136706 0.0394468591368 0.0180155505799 0.0156654775125
-9999 -9999 -9999 -9999 -9999 -9999 -9999 -9999 -9999 -9999 -9999 -9999 -9999 -9999 -9999 -9999 -9999 -9999 -9999 -9999 -9999 -9999 2.13856311132 2.48858336592 3.66756002835 4.12550990615 2.96471392268 1.79884292409 1.76420417533 2.29837930341 1.88406926133 1.66663657585 1.40424892455 1.25822998964 1.22985794053 0.824345601988 0.706964456722 0.97621779401 0.727534983537 0.651017214901 0.575508649826 0.445473835404 0.283318435276 0.35472918403 0.413548294939 0.377363678969 0.353335749378 0.298571581354 0.223454771095 0.223839392126 0.291178662871 0.234567959035 0.0328403231555 0.0306547621912 0.0383178520571 0.0439269883619
-9999 -9999 -9999 -9999 -9999 -9999 -9999 -9999 -9999 -9999 -9999 -9999 -9999 -9999 -9999 -9999 -9999 -9999 -9999 -9999 -9999 -9999 -9999 2.7624303359 4.1108902069 4.24203805741 2.71504372069 1.62257001236 1.64510403098 2.17124177242 1.9039133858 2.08083882817 1.73805488707 1.78427681728 1.04885026598 1.18828812687 1.087554564 0.91189899454 0.507870692442 0.46531236784 0.316124891655 0.418117381551 0.465668271781 0.488015403552 0.383998215327 0.337195499624 0.184304995122 0.165816734711 0.155702118493 0.168374583556 0.134719199056 0.168474033329 0.169386475174 0.0916669619348 0.0236735740229 0.0222590982885
