data/recharge/transience/oldversion/mHM_recahrge_563.ASC
ncols   80
nrows    72
xllcorner    4374000.0
yllcorner    5656000.0
cellsize      500
NODATA_value  -9999
[rows 0 to 25 of 72, columns 0 to 56 of 80]
-9999 -9999 -9999 -9999 -9999 -9999 -9999 -9999 -9999 -9999 -9999 -9999 29.662108153 30.4261135751 -9999 -9999 -9999 -9999 -9999 -9999 -9999 -9999 -9999 -9999 -9999 -9999 -9999 -9999 -9999 -9999 -9999 -9999 -9999 -9999 -9999 -9999 -9999 -9999 -9999 -9999 -9999 -9999 -9999 -9999 -9999 -9999 -9999 -9999 -9999 -9999 -9999 -9999 -9999 -9999 -9999 -9999 -9999
-9999 -9999 -9999 -9999 -9999 -9999 -9999 -9999 -9999 -9999 -9999 -9999 25.0915839043 24.5026788452 24.983963469 -9999 25.2308092396 -9999 -9999 -9999 -9999 -9999 -9999 -9999 -9999 -9999 -9999 -9999 -9999 -9999 -9999 -9999 -9999 -9999 -9999 -9999 -9999 -9999 -9999 -9999 -9999 -9999 -9999 -9999 -9999 -9999 -9999 -9999 -9999 -9999 -9999 -9999 -9999 -9999 -9999 -9999 -9999
-9999 -9999 -9999 -9999 -9999 -9999 -9999 -9999 -9999 -9999 26.1831453661 25.8524136233 26.1466711047 25.7175409271 25.6176679348 24.9290942874 23.1198692888 23.309259914 -9999 -9999 -9999 -9999 -9999 -9999 -9999 -9999 -9999 -9999 -9999 -9999 -9999 -9999 -9999 -9999 -9999 -9999 -9999 -9999 -9999 -9999 -9999 -9999 -9999 -9999 -9999 -9999 -9999 -9999 -9999 -9999 -9999 -9999 -9999 -9999 -9999 -9999 -9999
-9999 -9999 -9999 -9999 -9999 -9999 -9999 -9999 -9999 25.7166045761 25.8030823148 25.7532559978 25.3808494368 25.5583107055 25.9020987336 25.7549204463 24.5915008232 25.5683347717 -9999 26.5061223615 -9999 -9999 -9999 -9999 25.2238863845 24.9056114877 -9999 -9999 -9999 -9999 -9999 -9999 -9999 -9999 -9999 -9999 -9999 -9999 -9999 -9999 -9999 -9999 -9999 -9999 -9999 -9999 -9999 -9999 -9999 -9999 -9999 -9999 -9999 -9999 -9999 -9999 -9999
-9999 -9999 -9999 -9999 -9999 -9999 -9999 -9999 26.6834196502 26.2528629217 26.0835195979 25.9689695208 26.0564004276 25.8535052964 26.0120531136 25.9310454795 24.5480792835 23.1181022639 23.873495693 25.6489882494 25.3846585141 25.7607949344 -9999 24.13478436 25.5699505023 25.4176204021 -9999 -9999 -9999 -9999 -9999 -9999 -9999 -9999 -9999 -9999 -9999 -9999 -9999 -9999 -9999 -9999 -9999 -9999 -9999 -9999 -9999 -9999 -9999 -9999 -9999 -9999 -9999 -9999 -9999 -9999 -9999
-9999 -9999 -9999 -9999 -9999 -9999 25.4436151214 24.9258500523 25.9149570007 25.9928010465 26.4921527275 26.3485750391 26.3824022344 26.2951244703 26.0134200377 26.3164541703 25.996822609 25.0460098843 25.9612883113 25.4474239908 25.1645034676 25.4955313262 25.22114836 24.0258428161 24.0773221668 24.0019949536 24.431979245 -9999 -9999 -9999 -9999 -9999 -9999 -9999 -9999 -9999 -9999 -9999 -9999 -9999 -9999 -9999 -9999 -9999 -9999 -9999 -9999 -9999 -9999 -9999 -9999 -9999 -9999 -9999 -9999 -9999 -9999
-9999 -9999 -9999 -9999 -9999 -9999 25.4683404457 25.2034332861 25.9886387931 25.8320073043 25.9926593403 26.1822571175 26.3384632909 26.0455942404 25.9327083441 25.882609205 27.6026156917 22.3801973925 26.5866383809 24.493391063 25.0068501267 26.1512008556 25.0417002238 24.7699206321 23.4119930623 22.6510244626 24.1222220458 25.29210752 25.1476664528 25.0295692025 25.3594919351 25.481438956 -9999 -9999 -9999 -9999 -9999 -9999 -9999 -9999 -9999 -9999 -9999 -9999 -9999 -9999 -9999 -9999 -9999 -9999 -9999 -9999 -9999 -9999 -9999 -9999 -9999
-9999 -9999 -9999 -9999 -9999 25.4577121034 25.4837161878 25.4030613145 26.4071665325 26.5327125786 26.7264452022 26.3244591659 26.5917612615 26.5298660789 26.5956127224 27.3440762613 21.9430814345 11.8061230227 21.4639853665 25.5986365672 25.0702134641 24.727630358 24.6554293452 24.8612551746 24.4195634246 24.8522255487 23.9583076032 24.4489653525 24.8287230671 24.8115238382 24.6602067758 24.9786842927 24.4032074445 24.28360168 -9999 -9999 -9999 -9999 -9999 -9999 -9999 -9999 -9999 -9999 -9999 -9999 -9999 -9999 -9999 -9999 -9999 -9999 -9999 -9999 -9999 -9999 -9999
-9999 -9999 -9999 -9999 -9999 25.4544114695 25.2457946194 25.3278727565 26.4756315709 26.3341467814 26.6054905323 26.7124867289 20.2143149568 16.6312293053 27.0859905779 27.4361450534 24.2260394802 10.1303691508 17.945725186 22.1769119487 27.5000031198 26.1863223877 26.0494717338 25.795430315 24.7528324688 23.2011126062 22.7335204292 22.3017902243 24.285559318 24.3808232768 23.5622208295 24.6021814047 24.2185803475 24.0352615214 23.5809389575 23.8193718735 -9999 -9999 -9999 -9999 23.3370172432 23.0464258361 -9999 -9999 -9999 -9999 -9999 -9999 -9999 -9999 -9999 -9999 -9999 -9999 -9999 -9999 -9999
-9999 -9999 -9999 -9999 -9999 25.3564319355 25.4486088625 25.1431604259 26.4756227553 26.7263866246 27.0308776172 26.9400128202 26.9433449928 26.6117910407 27.4187891431 26.9780662205 26.1420101684 28.4001360026 28.1591856017 26.9495879599 28.0988713344 24.4327942858 24.5259861271 24.1500699426 24.6081887224 23.7046303767 23.0381716214 21.4733222889 24.3205157199 23.1037299272 16.4080668575 20.6187918656 24.0898191737 23.4406220731 22.5592983016 23.9527098356 23.7116700991 -9999 -9999 23.6455713273 23.6471195871 23.5123404487 23.3610042541 -9999 -9999 -9999 -9999 -9999 -9999 -9999 -9999 -9999 -9999 -9999 -9999 -9999 -9999
-9999 -9999 -9999 -9999 -9999 -9999 25.6705503388 25.386454476 25.531103385 25.6895756542 26.7078264644 26.7485545955 27.3641326561 27.3700597361 26.8464400248 26.362501731 26.9660527894 26.8536218681 25.2512674813 25.8197795333 25.62013232 25.9704228951 24.841348449 25.6010932025 24.8997614561 23.9750746139 21.0588844109 21.8629647669 22.0792706688 22.9694833315 21.7213115854 23.2167369792 21.8845608054 21.9749792613 22.2056532234 23.2346395259 22.3251678137 21.1118838182 23.2600402734 23.0633792678 22.6616519319 23.7121374959 20.7057387362 18.9634043806 -9999 -9999 -9999 -9999 20.6566902703 19.7341205051 5.92766142682 -9999 -9999 -9999 -9999 -9999 -9999
-9999 -9999 -9999 -9999 -9999 -9999 -9999 25.8106297478 25.5219195317 25.5077640182 26.9718375059 27.0500663984 27.4360758894 26.5140166715 26.0476629059 27.0167861138 27.7454734823 28.022354163 27.4577770009 26.5408976768 25.0143129928 25.0382744514 24.3485684489 24.5114824044 24.1867100115 23.283444002 21.962575735 22.7008776644 23.0868163742 22.4689492325 21.9185615883 21.8939685359 22.1896874594 22.0927817873 23.4110445714 23.383653372 22.8724209804 22.7000456924 23.1663248363 23.1201675369 21.0834097788 20.1596845423 15.8432107164 13.879625788 12.3128119868 13.2568505289 13.7635071227 12.4613852128 11.8568022914 15.6317029193 17.0158596398 14.4040486709 -9999 -9999 -9999 -9999 -9999
-9999 -9999 -9999 -9999 -9999 -9999 -9999 -9999 25.7794734151 25.7181676845 26.7277374549 26.7429828117 26.9437496223 27.3077839085 27.4102338102 27.3224713169 26.7325680386 26.8868034852 26.3796206276 26.8897517999 27.7426692096 27.5823709235 25.8800333458 22.0541596603 20.7053007601 21.3658828249 20.6221751237 22.8267358312 20.0998876987 18.4078090026 19.7948345887 19.6029813583 20.1597770261 19.564611438 20.9362393333 24.658999007 22.1659118791 22.2562133624 21.572357701 21.4939447457 20.0102487533 16.3433525875 11.8725050974 11.1528450874 10.6460034922 9.96913355327 10.7150949981 9.8396823799 9.09216278313 12.6870487938 14.3444232554 14.877514545 13.4189824828 -9999 -9999 -9999 -9999
-9999 -9999 -9999 -9999 -9999 -9999 -9999 -9999 25.9463286995 25.8966740308 26.5788656141 26.667810385 27.0231476043 27.0439870024 27.0132540897 26.7956399383 26.4836495351 26.8119601243 26.9225403881 27.2747428166 27.1458913488 27.5120643234 28.4441707883 26.7560307136 23.0735015259 19.543281407 22.1209628697 22.7755146839 20.1372806079 18.6220613741 18.3152821526 18.9672014299 18.705077748 19.1832459061 22.2320965145 12.0584212473 22.5722245962 21.9688091377 21.5303108635 21.3922017037 20.7619542059 16.095849259 11.3162729929 11.2706721034 10.0054245162 9.92233281471 10.6176854388 10.0167622718 9.92310923542 15.495114231 14.5981828094 14.6404117479 14.4249474695 16.3766272106 14.0457855112 14.5190493478 -9999
-9999 -9999 -9999 -9999 -9999 -9999 -9999 -9999 -9999 25.7879988902 26.8034335188 26.8300491157 27.2355575492 27.224093064 27.3696641357 27.3901366479 27.6373866148 27.4821616093 27.4277499025 27.5314013854 27.4808123493 26.517189802 28.1577691038 33.6680185785 27.7299696728 25.4770314698 19.7778262147 18.3714352651 14.5368843307 20.8237170581 19.5071923663 19.1953156536 18.6418404158 17.0058626471 18.0295359799 17.7537845843 21.3602432676 20.8967934404 20.2681175557 20.3432393557 19.6091804113 18.5649202157 10.4075377139 12.1000482086 9.47384693737 8.32816051485 7.31398292629 7.52626824071 11.4009903274 12.2527725772 11.886792502 11.6237316543 12.0196198776 13.9870869923 13.6861775799 8.04150705261 5.78291347447
-9999 -9999 -9999 -9999 -9999 -9999 -9999 -9999 -9999 -9999 26.5487096251 26.8707337481 27.2944051694 27.4032146914 27.1817340417 26.9945582294 26.2903955427 27.407567699 26.425284991 25.7076952429 25.2350828327 24.6363135105 23.6514739288 26.2750850003 22.8465157666 25.9326511846 22.7552012726 19.7890194306 15.7434711578 20.772301084 20.176863536 20.2068702476 20.6574877835 18.432744948 20.7148708995 20.2501732463 21.1391181896 20.8976079312 20.3388081662 20.3895449813 20.0006429476 18.8989094778 15.1888028588 10.9138159703 12.1891032058 12.0788966624 10.0063185546 8.38393978318 13.6579175189 13.371333515 13.0405606509 12.7147256958 11.2236926593 12.8318100514 12.6543039614 7.52788501953 5.72252077092
-9999 -9999 -9999 -9999 -9999 -9999 -9999 -9999 -9999 -9999 -9999 14.7481845263 19.7316493075 27.5160019332 27.3175132685 26.9626055999 26.0272049204 26.0350967589 25.9147311236 26.5822055478 26.6196193863 26.4395733876 24.4058419749 21.9503390906 19.6119356173 15.9807583892 19.1676331413 23.9548750729 23.1357170715 22.025540962 19.6038937166 17.7387662067 17.1728080107 17.5844286957 17.7798539526 16.9493748527 18.7433416699 18.6778824958 18.9204227999 18.9291745276 17.6835372142 16.8684957389 16.6599596372 12.3066966952 9.14693224927 7.88393848826 8.59296479777 9.52650079689 9.87778427809 12.466992183 11.3993644948 12.7787318733 13.0093710757 12.4668454227 10.853892008 10.636635315 6.15752069999
-9999 -9999 -9999 -9999 -9999 -9999 -9999 -9999 -9999 -9999 -9999 13.9603703184 20.963377347 26.8424579334 27.2407174254 27.0359519033 25.1281217412 25.5484055971 26.4147034937 26.4503245138 26.2251636661 26.8696596656 24.2298484303 22.9029490929 22.3218378564 23.8059396599 20.7442071888 21.0813569078 17.3384455386 17.4735795254 19.5573729179 18.6828628019 11.7405247557 13.3817260311 12.479355097 17.6542532418 18.6898615458 18.8623754487 18.6751026641 19.8047597776 21.6325079475 18.1113321495 16.0333281636 16.2214965408 12.7840347527 10.4215986134 11.9834659098 13.3699728994 11.9872229216 9.14364284082 9.27408059373 9.15205965131 7.2135186613 12.3789893606 12.2679169014 11.5317663511 10.57212715
-9999 -9999 -9999 -9999 -9999 -9999 -9999 -9999 -9999 -9999 -9999 27.4007176738 27.1979627197 27.0919552025 26.9724047634 27.1481826179 25.1392240319 23.5824765451 25.0546806355 25.9258067223 26.1480295474 26.2967365933 23.1846306049 21.094764523 21.253950756 22.1565629208 21.1154636954 20.9167006845 19.6085653917 17.0527349153 14.5277230311 19.3676199381 21.2190035062 21.6004059066 14.4065977995 18.380457123 12.1833961907 9.36607101012 16.1157374882 13.8743276906 12.6843369343 17.0230297582 16.9299471102 17.9119939676 18.4264428596 18.2953517711 11.3620862494 10.4959244162 9.89047520941 9.50887291601 7.99728619175 8.90164853362 9.02821631586 10.4605305457 12.1098422519 12.1799640055 13.765985878
-9999 -9999 -9999 -9999 -9999 -9999 -9999 -9999 -9999 -9999 -9999 -9999 27.3113110261 27.0199546022 27.511101765 27.5233894453 26.678238815 25.3570717184 24.2067136625 26.6272654904 26.4087746917 25.98324332 24.4898193144 24.0445316045 22.6145754756 22.8262440267 21.2920014055 21.5875061825 20.4817986382 20.0625137609 19.5614296387 19.9596940836 16.9488857463 13.30917249 15.3867299777 13.8084926299 18.8422150019 10.7356374138 9.70115237436 17.861727051 18.4656871602 16.9726734082 18.5622091373 19.6818638365 19.9746425703 19.6916871537 12.8851582175 10.5983542845 8.30574359958 9.06241564092 7.63534662399 6.52541098241 5.48610492742 5.56949902568 4.97587440243 6.5346537351 5.29381956445
-9999 -9999 -9999 -9999 -9999 -9999 -9999 -9999 -9999 -9999 -9999 27.7618913907 27.8143735849 27.4263530669 27.8155087521 16.912998304 24.7432142875 27.2065629048 25.1477605426 26.492684576 24.8960728424 24.7444403565 22.7921366846 23.0381262612 22.3467640475 22.2122780099 21.5344070931 20.1510083719 19.6367324679 19.329995695 18.1718050897 18.4830471985 17.528274245 17.4246519449 17.6263406324 12.8290237953 12.3104295033 8.22142914547 7.75709169874 14.0338773752 16.0042284045 14.8357377231 20.4202806658 20.8396000886 22.3853184793 22.3438591052 19.3323674985 14.0561692195 9.68916585942 9.78906540438 7.25779513046 5.0369069671 4.22265394716 4.2581228606 3.69595688166 4.10960482068 5.52044265056
-9999 -9999 -9999 -9999 -9999 -9999 -9999 -9999 -9999 -9999 -9999 28.0127385955 28.1432085975 27.7029659738 27.5172244488 21.1740588008 27.1154830421 27.5147966073 26.5708907964 27.6338981778 24.1295471007 24.8753921921 24.7718674402 23.5725092001 22.7535569649 22.4846259593 15.7520249211 19.1355205947 20.1768757798 22.1189276967 20.6075700451 18.655191178 17.3698023615 17.4307310386 17.3987316042 8.96257550179 9.55914135446 12.4775516747 8.72945481229 10.2386274715 14.9473157212 14.7979648838 17.5418025431 18.3457084877 18.535331595 18.1414774568 18.2753469844 18.1751172062 13.9671203061 12.4777419491 6.99249468831 7.29608155688 6.08557739651 5.71378108524 5.03550602501 4.63553820055 3.40242849885
-9999 -9999 -9999 -9999 -9999 -9999 -9999 -9999 -9999 -9999 -9999 27.8704726399 27.6636311824 27.0583873263 27.5950361484 27.5062406547 27.2042052904 27.2157021078 26.8092014543 27.8121032177 21.9352004401 11.3606662079 21.3839021962 20.3704253671 15.677129634 15.668263514 16.8383622804 17.8310261864 16.3001995327 16.8687049516 16.5668389949 20.4993097447 19.8044911197 19.2528096229 16.8272657278 6.64457180561 6.41677077962 4.4998219135 8.09747068031 6.08839177618 16.269338619 17.7927069853 15.7194935666 13.742564163 13.6969980021 13.7228466661 15.5909060112 15.7424215264 14.2234641815 13.9349736174 7.81212785532 6.73100253093 4.60856892109 4.10607619681 3.82616051567 4.01601154735 4.57254874348
-9999 -9999 -9999 -9999 -9999 -9999 -9999 -9999 -9999 -9999 -9999 -9999 27.9709252755 27.4423304185 27.6947594227 27.4290696064 26.6642386999 27.7142497595 26.7144865996 27.1409545573 26.5339575661 28.1799642866 18.3489533927 15.3367115559 14.8524245448 14.6687620011 12.5152380722 13.0297012294 11.7870168432 10.7381811738 9.19090088209 13.4132539671 16.4477495433 17.0356907117 16.1623312298 9.19603127203 7.61441396449 5.47731745229 9.3795562106 9.36070355551 16.140780164 16.4128871157 15.9980557737 14.2490913078 14.2028270956 13.83289903 14.4298006688 15.1514056154 13.4616607664 14.6926878183 12.5658690844 7.73207722778 7.31083051037 7.02203977039 4.44585249724 4.70708477188 4.16520857442
-9999 -9999 -9999 -9999 -9999 -9999 -9999 -9999 -9999 -9999 -9999 -9999 27.1519565071 26.4463902869 27.4980536112 27.4440060979 26.3675567509 27.148664131 27.3949543967 26.7650106528 26.6695702466 26.544467189 21.5886673274 19.4365478472 18.2201616069 18.9992435791 20.8424277566 17.2093795831 13.6291644216 15.9795936429 13.0492866216 13.7700096249 19.286469694 20.3235941859 11.2901424693 10.4923665696 16.0011667355 10.1169948641 12.5241275674 10.230051197 14.7661373255 15.5350520989 14.5568914654 14.4585177619 14.3247171395 13.2861425468 12.0868157782 12.2414988116 11.3226508978 12.9301596626 11.6569338011 10.6176856424 8.11350420821 3.22180603218 2.21816859112 2.89980548275 1.9767652871
-9999 -9999 -9999 -9999 -9999 -9999 -9999 -9999 -9999 -9999 -9999 -9999 26.9507077936 26.5816816648 27.4010616452 27.6170494951 27.5429257964 27.4217715996 26.7357617766 27.8057329125 26.4855303781 26.7489370219 25.4863575317 19.3742383661 18.5559752409 18.1894419046 25.3252026286 20.2729828547 14.0290894405 12.7945796094 11.1013220646 10.4943474783 12.8915488797 14.5026413278 14.4429716995 19.3526927368 24.6216198413 11.1616707562 8.38479898477 7.37677432674 6.65060188797 6.43301772446 11.1288960595 14.6314284797 14.2038786847 14.3749496496 13.7071422513 13.6670322823 13.3210583226 13.8857151872 12.0935735303 6.98472912921 3.24193486195 2.57410484126 3.45497798722 2.48277818552 2.17369048158
