data/recharge/transience/oldversion/mHM_recahrge_111.ASC
ncols   80
nrows    72
xllcorner    4374000.0
yllcorner    5656000.0
cellsize      500
NODATA_value  -9999
[rows 0 to 24 of 72, columns 0 to 56 of 80]
-9999 -9999 -9999 -9999 -9999 -9999 -9999 -9999 -9999 -9999 -9999 -9999 9.14168728713 9.28029770878 -9999 -9999 -9999 -9999 -9999 -9999 -9999 -9999 -9999 -9999 -9999 -9999 -9999 -9999 -9999 -9999 -9999 -9999 -9999 -9999 -9999 -9999 -9999 -9999 -9999 -9999 -9999 -9999 -9999 -9999 -9999 -9999 -9999 -9999 -9999 -9999 -9999 -9999 -9999 -9999 -9999 -9999 -9999
-9999 -9999 -9999 -9999 -9999 -9999 -9999 -9999 -9999 -9999 -9999 -9999 10.0800351522 8.67580356833 8.01945924698 -9999 8.1428350447 -9999 -9999 -9999 -9999 -9999 -9999 -9999 -9999 -9999 -9999 -9999 -9999 -9999 -9999 -9999 -9999 -9999 -9999 -9999 -9999 -9999 -9999 -9999 -9999 -9999 -9999 -9999 -9999 -9999 -9999 -9999 -9999 -9999 -9999 -9999 -9999 -9999 -9999 -9999 -9999
-9999 -9999 -9999 -9999 -9999 -9999 -9999 -9999 -9999 -9999 9.03827581516 8.05346516993 9.17226546068 9.31231088995 7.37228651739 7.22433704923 6.93758578231 7.03854211707 -9999 -9999 -9999 -9999 -9999 -9999 -9999 -9999 -9999 -9999 -9999 -9999 -9999 -9999 -9999 -9999 -9999 -9999 -9999 -9999 -9999 -9999 -9999 -9999 -9999 -9999 -9999 -9999 -9999 -9999 -9999 -9999 -9999 -9999 -9999 -9999 -9999 -9999 -9999
-9999 -9999 -9999 -9999 -9999 -9999 -9999 -9999 -9999 8.14475599905 8.94354330832 8.95569248202 8.30628461922 8.50292536468 8.69352314731 8.24703008223 7.5932890149 8.27232532486 -9999 9.29179937096 -9999 -9999 -9999 -9999 7.54946977148 8.2186123067 -9999 -9999 -9999 -9999 -9999 -9999 -9999 -9999 -9999 -9999 -9999 -9999 -9999 -9999 -9999 -9999 -9999 -9999 -9999 -9999 -9999 -9999 -9999 -9999 -9999 -9999 -9999 -9999 -9999 -9999 -9999
-9999 -9999 -9999 -9999 -9999 -9999 -9999 -9999 9.26139178455 8.48988942851 7.84183592888 8.64872294364 8.52162691285 8.1568203554 8.19682546038 7.96458281288 7.40455353474 7.04558288911 7.19571891568 8.12346522992 8.0314588236 8.30404105539 -9999 7.38057879716 8.24544323776 8.42513119004 -9999 -9999 -9999 -9999 -9999 -9999 -9999 -9999 -9999 -9999 -9999 -9999 -9999 -9999 -9999 -9999 -9999 -9999 -9999 -9999 -9999 -9999 -9999 -9999 -9999 -9999 -9999 -9999 -9999 -9999 -9999
-9999 -9999 -9999 -9999 -9999 -9999 9.89800186563 8.44816743411 7.70852626451 7.94830667877 8.50298772516 9.56523377763 9.03735990295 8.76468574899 8.11822408561 8.48158678479 7.82996151622 7.52427314311 8.14137036649 8.06080940237 7.89267583348 8.16260932031 8.21962602686 7.62818245474 8.07534112422 7.92791208691 8.35373415155 -9999 -9999 -9999 -9999 -9999 -9999 -9999 -9999 -9999 -9999 -9999 -9999 -9999 -9999 -9999 -9999 -9999 -9999 -9999 -9999 -9999 -9999 -9999 -9999 -9999 -9999 -9999 -9999 -9999 -9999
-9999 -9999 -9999 -9999 -9999 -9999 10.0378608617 9.42125885905 7.46045068902 7.25154977566 7.39857969797 8.37390028853 8.19066445855 7.08085017865 7.20392957557 7.18101295634 7.58749863864 5.9531489898 7.76510118308 7.06431129992 7.3080896549 7.96500470889 7.73810846091 7.75258582094 7.37699115012 7.0686571966 8.1627261472 8.67125136687 9.01870958293 8.74612299323 9.56663373887 9.51351833319 -9999 -9999 -9999 -9999 -9999 -9999 -9999 -9999 -9999 -9999 -9999 -9999 -9999 -9999 -9999 -9999 -9999 -9999 -9999 -9999 -9999 -9999 -9999 -9999 -9999
-9999 -9999 -9999 -9999 -9999 11.0248708031 10.2337917047 10.1668466342 9.47614979146 9.1191093215 8.73358397413 8.4407001763 7.7853235735 7.61565521665 7.93698049113 8.12404399759 5.91514050932 2.92138519413 5.93614315042 7.20585226013 7.33356385222 7.17085178577 7.48686703968 7.6336432183 7.6718939457 7.93904750857 8.05521462544 7.86509714493 8.81554531702 8.70435157291 8.50820849163 8.75912768573 8.29306761069 8.11845852613 -9999 -9999 -9999 -9999 -9999 -9999 -9999 -9999 -9999 -9999 -9999 -9999 -9999 -9999 -9999 -9999 -9999 -9999 -9999 -9999 -9999 -9999 -9999
-9999 -9999 -9999 -9999 -9999 11.1930900281 10.6105041482 10.6486619763 9.87324699628 9.4892361893 9.30176916102 9.60761491375 5.87704073729 4.77362708176 9.1413648223 8.76241412948 5.81031059252 2.21726249205 4.66492577767 5.68604894401 7.32729893016 7.30796754663 7.84285548491 7.66249580767 7.47018840012 6.80516265289 7.12561426411 6.74874602457 7.62340443615 7.34683955875 7.10040938793 7.47394637431 7.88408819274 7.68708127203 7.70275782493 7.69314852953 -9999 -9999 -9999 -9999 8.2471398302 7.89865178588 -9999 -9999 -9999 -9999 -9999 -9999 -9999 -9999 -9999 -9999 -9999 -9999 -9999 -9999 -9999
-9999 -9999 -9999 -9999 -9999 10.7853331409 10.2821612123 10.076627027 10.1150997105 10.4247206763 9.96363394227 9.73040784705 9.09333111066 9.46173637377 9.56712855185 8.01482201922 6.99979318683 8.3902302339 8.50101216207 8.62379207643 8.01567092682 7.07356097438 7.01955117798 6.84151583266 7.36183408873 7.13746652499 7.03756687271 6.55070674825 7.66234799629 6.74092888113 4.11484069263 5.84873963715 7.82071926288 7.04625853497 6.72204202969 7.86325642698 7.85508973434 -9999 -9999 8.09378746012 8.38116118079 8.22000294479 8.52702121716 -9999 -9999 -9999 -9999 -9999 -9999 -9999 -9999 -9999 -9999 -9999 -9999 -9999 -9999
-9999 -9999 -9999 -9999 -9999 -9999 11.3800553785 11.0604088432 10.7075571257 10.4568729783 9.6819366663 10.1167131279 10.5427459975 11.8765336303 8.38600939844 8.01593012568 7.59922860264 7.41879764885 7.34065995999 7.39194132331 7.38488925966 7.56744661779 7.2393887218 7.58201730352 7.17253171635 6.75637609464 5.93878773831 6.30919570875 6.44895868688 6.65687640088 6.1737973706 6.96942985423 6.39173069018 6.84683704003 7.02851956621 7.22100032957 6.9631392336 6.68890461084 7.64032925361 7.51696287768 7.52936053344 8.20832533493 7.01898957779 6.59068114352 -9999 -9999 -9999 -9999 8.18929786225 7.78666933813 1.80088364355 -9999 -9999 -9999 -9999 -9999 -9999
-9999 -9999 -9999 -9999 -9999 -9999 -9999 10.3744983564 10.2528890132 10.904684719 10.6505160105 10.1623700009 8.86673435866 7.66426671293 7.35835108513 8.57529716001 8.78466410056 8.98868967021 8.68911695811 7.95608079622 7.11378694129 7.13498632969 7.00957064061 7.06581672784 6.83414348111 6.41880918523 6.3551090389 6.52582788582 6.7405012467 6.52226405914 6.48788203401 6.50554432646 6.6361357015 6.6805826286 7.32266626967 7.29572042571 7.5638249556 7.36756037625 7.55886216198 7.5442963757 6.77696344192 6.59145967421 6.07867505453 5.35961600063 4.90207670982 5.2330770266 5.70309055185 5.16367597136 5.16538392273 6.59075728629 6.53939260907 4.90785520249 -9999 -9999 -9999 -9999 -9999
-9999 -9999 -9999 -9999 -9999 -9999 -9999 -9999 9.94143614557 9.62837003909 10.0959317331 10.5984329808 9.7856840714 10.1226562878 9.98869472821 9.54285466829 8.2402600597 8.27025623393 7.38188444631 7.84327897179 8.73905474589 8.55666143699 7.14810032134 5.00196643312 4.64787625021 4.90424932939 5.84957232877 6.09756441666 5.61039658175 4.99842069686 5.76277200861 5.6406766267 5.7948059363 5.68220915494 6.17584431727 6.5758779094 6.76306502545 6.92319234682 6.7802251761 6.79916172026 6.7042049025 5.93016368044 4.52704362231 4.26550334366 4.22841642535 3.97800376407 4.44832252607 4.11267817522 4.00965917675 5.43482125174 5.97271914858 6.11044583184 5.73134616502 -9999 -9999 -9999 -9999
-9999 -9999 -9999 -9999 -9999 -9999 -9999 -9999 10.879394202 10.2314238441 9.72510154192 9.76143042868 9.46195650093 9.42811338377 8.72542091147 8.61313146454 7.86199471815 8.22527391551 7.85060851478 8.17153190947 8.47203223278 8.45728781322 7.65017478932 7.111959327 5.56738268405 4.25901047927 5.29743733818 6.51513262506 5.75000966545 5.23419530568 5.07780253308 5.38499269678 5.2586204829 5.50159348461 6.35538886121 2.37194746668 7.06901501614 6.78787246381 6.76624418715 6.69906622035 6.69714125413 5.76262525322 4.32335804377 4.30824657541 3.99121258164 3.96019848377 4.41121078454 4.18165241679 4.41162036266 6.06073299859 6.0785099341 6.09596124828 6.27251460404 6.82607403252 6.31125431272 6.55859473841 -9999
-9999 -9999 -9999 -9999 -9999 -9999 -9999 -9999 -9999 11.312928323 10.520415705 9.49587973083 9.47094764975 8.92393747447 8.09494656909 8.04502264248 8.41788031014 8.76525421049 8.84597654537 8.89743530303 8.99411720747 8.09891628113 8.10589773706 9.74756880633 6.48492759762 6.00467357731 4.45931046314 3.91406444201 4.26720840074 5.47362548023 5.36584560942 5.38321719396 5.35722789308 4.74640398555 5.12205075193 4.53825549393 6.29131651043 6.084019133 5.98738154627 6.02385666555 5.97895101963 5.90736125816 3.71556638701 4.33981615918 3.76017350146 3.29857714686 3.11338251968 3.22711427825 4.80589006545 4.93677237385 5.14117088399 5.03202467554 5.45263507637 5.95708035287 6.31036074521 4.49458879366 3.56351841233
-9999 -9999 -9999 -9999 -9999 -9999 -9999 -9999 -9999 -9999 9.72567112706 9.85301917731 9.35259560641 9.14711500946 7.71771316532 7.25167516279 7.91925469903 8.7658357979 8.24518136114 7.69908645627 7.38641702267 7.2924219964 6.45191342127 6.9002893682 5.29291441287 6.24497166542 5.4861630853 4.47751538292 3.20472654388 4.43722105054 5.3131800149 5.32896926171 5.69577279833 5.14614012863 6.1365690154 5.85739239466 6.19611612887 6.08583488127 6.01773059426 6.03992828276 6.1537160743 5.98534462607 4.53664751315 3.82925206673 5.02315010361 4.64715549229 4.29971346536 3.62648599181 5.10028542083 5.10097982855 5.5898146439 5.45647116194 5.1712244156 5.8157156432 5.76653776042 4.23959682739 3.53031727423
-9999 -9999 -9999 -9999 -9999 -9999 -9999 -9999 -9999 -9999 -9999 4.37466358667 4.87369663968 8.70976912781 7.72816707556 7.37536243439 7.99461259354 7.93844381993 7.36453395306 7.82320223599 7.97960467751 7.94961086674 6.69926947061 5.84833246335 5.47417925147 3.17938516479 4.07090663555 5.8151680981 5.5071281654 3.60172922393 3.07450630506 4.32346413563 4.17833120154 4.47211098758 5.03215543311 4.74569507775 5.46870476911 5.44186221805 5.65399603668 5.65509230737 5.47994434702 4.76166295448 4.99722033329 4.51542557817 3.74198831951 3.17905959937 3.64304891406 4.28825064089 4.10625040381 4.78306601585 4.89985706541 5.60140737681 5.72746826185 5.36624303225 5.00166428228 5.02336041655 3.77475640952
-9999 -9999 -9999 -9999 -9999 -9999 -9999 -9999 -9999 -9999 -9999 3.55961473807 5.35765027733 8.3435770608 8.25493593279 8.09187184287 7.35057261647 7.13500129274 7.65989574438 7.70884543166 7.51852601181 8.03449652751 6.44031022612 6.223197889 5.99302075272 6.73671355706 5.84339837134 5.12875350724 3.75608879622 4.03530515511 4.18887637033 3.61080695791 1.91498793239 2.65371253718 3.96388951303 5.08275972208 5.44964235379 5.51756828997 5.55336963748 5.43648370476 5.07609348023 5.0974942121 4.49248000379 4.7535361492 5.06347983196 4.27572116243 5.06797449825 5.56333962026 5.32449451271 4.33157003078 4.36396568831 4.33859314136 3.87028509379 5.66010271557 5.76276786676 5.36697697405 5.24549543795
-9999 -9999 -9999 -9999 -9999 -9999 -9999 -9999 -9999 -9999 -9999 10.4356942948 9.64948568772 9.33960826254 7.75126487086 7.71284561501 6.92888621872 6.17429559359 6.17908523248 6.71547895675 6.75858793397 6.85603659124 6.27200645355 5.52096006302 5.24596776167 5.23406136187 5.01637568129 4.93699937101 4.89262366969 4.53756975182 3.41010288347 4.13763055641 4.84687498743 5.49024158385 3.4304470964 1.77738168072 2.5964804055 2.01280793827 4.94148118576 3.12010173909 2.56661099439 4.96119629253 4.87296392891 5.25061244244 6.1449998295 6.83079393008 4.77287210113 4.44337156819 4.46631068202 4.44801387969 3.82255013055 4.1777075422 4.49477552012 5.13447025054 6.17693609937 4.3556947708 3.96655053859
-9999 -9999 -9999 -9999 -9999 -9999 -9999 -9999 -9999 -9999 -9999 -9999 8.58307387353 9.13123353209 8.52175128137 7.76627548542 7.04928844153 6.7763460615 6.25275275447 6.93921842735 6.90039003026 6.64577553804 6.32852688987 6.39171912986 5.43699739871 5.52409487783 5.08593519564 5.2104761974 4.99757816002 4.82810680298 4.87082732812 5.03340293612 4.80215153997 3.67116910905 4.23266530646 2.34859850491 3.23640802677 2.12117563144 2.57180256685 5.23705065955 5.64067871242 4.56158524331 5.53960278184 6.02283954444 6.25246320792 6.51751616363 5.54641477602 4.48341736434 3.81137371868 4.14284992374 3.72417934611 3.20376774245 2.95948444899 2.98970533524 2.90574933051 3.51801189056 2.10026152581
-9999 -9999 -9999 -9999 -9999 -9999 -9999 -9999 -9999 -9999 -9999 9.70002915734 9.472286387 9.66272084429 8.643332277 4.33053196843 5.96064758712 7.11749322475 6.24078501895 6.69557879514 5.89824364734 5.8283645429 5.3217949964 5.42236064308 5.2715041039 5.21101423787 4.71950889223 4.54877163097 4.55829882624 4.43584628584 4.30099918059 4.43135105242 4.31679714634 4.27650839429 4.58730369335 2.80049488097 2.85587319929 1.41613896323 1.2806569218 4.4277246256 5.02332953866 3.95213680079 6.56648053915 6.80066875372 7.13680744009 7.02432693782 7.08052789609 5.59568755155 4.33950788895 4.26664095773 3.48694849514 2.51497753437 2.34673402125 2.3634537508 2.28820188474 2.50025311345 3.47903384527
-9999 -9999 -9999 -9999 -9999 -9999 -9999 -9999 -9999 -9999 -9999 9.94412880844 10.5792296012 10.3012684322 8.83451433292 5.54190350916 7.13544230384 7.29703980548 6.69670112272 6.87420574452 5.32077926572 5.4386099865 5.63922093473 5.67219782112 5.45934791975 5.47381097532 2.48739611264 3.02271389883 4.55179109395 5.67573808044 5.36266709774 4.50392008979 4.25405351777 4.27920043772 4.49586455994 2.55032599291 1.77979558833 2.65595084294 1.55219802483 3.41724536093 4.21162440621 4.02430110854 5.06192112391 5.74923572783 5.54413036185 5.24829140519 5.64764574237 5.73909185566 5.1471310737 4.86495290293 3.37136431468 3.47438029813 3.20463369539 3.04558375658 2.9675841651 2.76935322768 2.31643341565
-9999 -9999 -9999 -9999 -9999 -9999 -9999 -9999 -9999 -9999 -9999 11.1523106919 11.0960408815 10.1478623936 9.41583437943 9.14592074713 7.18554890734 7.66613434829 7.11062581389 7.67348004291 4.67351779287 2.00086607534 5.10469694232 5.90692230766 4.4016790322 4.39674160953 4.89340472108 4.97659827526 4.43517848081 4.25373721311 4.3278198437 5.42578317607 5.50338502155 5.24999775398 4.55579988542 1.8267952947 0.975302472331 0.599116866502 1.49626107708 2.05325564224 4.65026020145 5.47869102426 4.92397875062 4.27669015949 4.40280428646 4.43738941931 4.65679000494 4.70778809531 5.23184593365 5.22732359079 3.929519607 2.64991574167 2.39326072931 2.32733012757 2.32879337274 2.45370753361 2.96629840707
-9999 -9999 -9999 -9999 -9999 -9999 -9999 -9999 -9999 -9999 -9999 -9999 11.2724074903 10.9581273062 9.78446369254 8.87615092408 7.91675796832 8.16955036386 7.28201696691 7.54016529194 6.98618880497 7.67987675478 5.18093825173 4.25339849577 4.14265689383 4.08578513958 3.51800997262 3.68739682506 3.42724134121 3.08404989201 2.73008427476 3.73164319599 4.02810364823 4.27262491047 4.27510523288 1.76939565785 1.28617807856 0.808890059041 1.95698764424 2.88286864603 4.98297193325 4.80514491698 5.07094903708 4.42500025887 4.60451592354 4.55322191187 4.41733349785 4.48029026445 4.72901419333 5.19350910356 4.81937782841 2.14599968115 2.40111804258 3.57244443666 2.52359286808 2.66312850331 2.56344734898
-9999 -9999 -9999 -9999 -9999 -9999 -9999 -9999 -9999 -9999 -9999 -9999 12.2599128671 11.2880602209 9.94588476705 9.19082593603 7.95965896916 8.33867898601 7.81336225578 7.45142844289 7.42586567983 7.04342020284 6.03384957388 5.75233297824 4.77937401723 5.15874419762 5.3256826398 4.92116823645 4.16465916195 4.94150745058 4.14130826863 4.38774135032 5.8132646911 5.86685428531 3.49185958966 1.91071608 1.29492010552 2.19648869956 3.3347422467 2.98048633535 5.04221066682 4.58539271322 4.39901806763 4.37338583221 4.60995638563 4.56887371548 3.98077514888 3.69543853963 3.70848442113 4.48571972547 4.3953796294 3.59796332304 3.77651026065 1.71293750298 1.30787918492 1.66055007276 1.37816784268
