data/recharge/transience/oldversion/mHM_recahrge_52.ASC
ncols   80
nrows    72
xllcorner    4374000.0
yllcorner    5656000.0
cellsize      500
NODATA_value  -9999
[rows 24 to 47 of 72, columns 0 to 55 of 80]
-9999 -9999 -9999 -9999 -9999 -9999 -9999 -9999 -9999 -9999 -9999 -9999 2.86524842066 2.27009971271 1.73995766221 1.58823537116 1.24432781872 1.30482253464 1.13683547359 0.939997263776 0.904983669775 0.785824237792 0.798030904149 1.21499091912 0.912268971838 1.01156211126 1.03373991328 0.885021631811 0.647815771175 0.833184880487 0.597652073675 0.628367222286 0.437006460303 0.392675543607 0.347158124526 0.392039756059 0.320468336055 0.390669781667 0.496191034045 0.372580497624 0.261755594843 0.171453726589 0.147631582557 0.148178139249 0.17250244874 0.168481924976 0.105136701854 0.0800768656523 0.0732076345821 0.116977605708 0.101614640857 0.0628259142959 0.0810990065349 0.0816547890941 0.072223854593 0.102868884376
-9999 -9999 -9999 -9999 -9999 -9999 -9999 -9999 -9999 -9999 -9999 -9999 1.96554203448 2.18995516525 1.91957530219 2.01544615714 1.36432159933 1.27738912631 0.972684324047 1.35406450334 0.898531131087 0.84028110945 0.652427834245 0.317577263632 0.541464867042 0.945933353994 1.43176645423 0.964886974062 0.678424206864 0.582615768487 0.45752498772 0.416389589336 0.252764623159 0.225031528255 0.361983079108 0.196197361421 0.277106961162 0.409627773559 0.331806937397 0.296506657489 0.240947057242 0.149270525882 0.135257908575 0.146209956595 0.135023240767 0.139794832995 0.136775421449 0.135532749202 0.12683228164 0.141865524508 0.131747847104 0.128955239109 0.106202214433 0.0812197133494 0.0829704979904 0.0855100729484
-9999 -9999 -9999 -9999 -9999 -9999 -9999 -9999 -9999 -9999 -9999 -9999 -9999 1.81194915497 1.89196260756 1.99828430049 1.60616126794 1.60203413508 1.18541170252 0.993799226219 0.807509838756 1.00711819238 0.869622628351 0.473765679736 0.686908571565 0.638969460202 0.765111451052 0.705655442758 0.630111896424 0.690839352776 0.526194985664 0.472990231394 0.23484635712 0.330735382165 0.356368034571 0.0391074016442 0.133872266604 0.378467965306 0.368609017692 0.235757677468 0.189194227754 0.245400615262 0.140267089819 0.140952564142 0.104319140693 0.102129152123 0.0968815918705 0.0909881038007 0.0736356123975 0.0663380945 0.0745718420913 0.086521386553 0.0933723517357 0.0853956670587 0.0389814081399 0.0652915639178
-9999 -9999 -9999 -9999 -9999 -9999 -9999 -9999 -9999 -9999 -9999 -9999 -9999 -9999 1.37932578919 1.45451027694 1.21175994713 1.45502508729 1.2855962546 1.38359391262 0.988474106824 1.1159413014 0.881889221628 0.78551264107 0.613267050853 0.531343172141 0.520946869456 0.770030660625 0.636297412628 0.574926141898 0.520421948381 0.430216340617 0.308864772754 0.422280693214 0.39329798488 0.0785727980572 0.127865818323 0.321982334685 0.279197175638 0.14549832047 0.10990282928 0.201798099301 0.220132758007 0.166173145264 0.108677938112 0.132181646629 0.103709456416 0.0989066428128 0.0869658782786 0.107107910235 0.0942355017092 0.0641338019229 0.055864355521 0.0519960892929 0.0438332775185 0.102767366388
-9999 -9999 -9999 -9999 -9999 -9999 -9999 -9999 -9999 -9999 -9999 -9999 -9999 -9999 0.357129169204 0.529957000446 1.41128452689 1.51646112126 1.28397407857 1.36188052067 1.15531971135 1.1001338333 0.653572159204 0.903410326941 0.654554426659 0.757975849488 0.406813793435 0.439159221978 0.45200707951 0.538027882862 0.194500656891 0.0794400526829 0.365507600973 1.0548977324 0.861823641075 0.0630095508035 0.140063359792 0.228226656847 0.142313411021 0.105224642785 0.149113739741 0.182695781955 0.180037196104 0.209943065539 0.162498921956 0.125994425427 0.0423143053889 0.0192020960257 0.0277846866204 0.0724492973362 0.116840364055 0.139067380212 0.15348182027 0.0734244365341 0.0395420946964 0.0426578257782
-9999 -9999 -9999 -9999 -9999 -9999 -9999 -9999 -9999 -9999 -9999 -9999 -9999 -9999 0.412400910726 0.655914866765 1.48130738347 1.59627374784 1.48877820574 1.54138810494 1.28102360787 1.24098866709 1.02067129761 0.703078439388 0.516506026308 0.427297453412 0.498517852331 0.54326902504 0.363104929134 0.420840259629 0.348076161562 0.271445013352 0.27167191674 0.708998788658 0.673986045869 0.0565410398424 0.0676011125956 0.707376953693 0.0593275931216 0.0868905654239 0.163858241504 0.197438099115 0.153841917632 0.160251118632 0.11089089571 0.130031634042 0.0816877033848 0.125646595419 0.222656886446 0.255846017691 0.216602563891 0.142556504364 0.198853354195 0.180842292435 0.159840769129 0.181375057004
-9999 -9999 -9999 -9999 -9999 -9999 -9999 -9999 -9999 -9999 -9999 -9999 -9999 -9999 2.42200632274 2.01463574178 1.88148082066 1.92679500898 1.45227353826 1.81256445421 1.10338185355 1.02704995772 0.878826228029 0.849637334286 0.71260975559 0.740494854054 0.512260143932 0.614226209235 0.490273662488 0.413782985911 0.37160596065 0.427087473445 0.341775137482 0.0966695969515 0.0645035879389 0.0657638002962 0.048257172469 0.162215807681 0.0375129002958 0.0660580807632 0.157477662407 0.164430763686 0.108228658236 0.121427983371 0.0916596605312 0.10066488246 0.190342721598 0.239148231062 0.391700072199 0.428148319252 0.318468320745 0.357384750798 0.242879892062 0.23449121262 0.198332114717 0.162819941284
-9999 -9999 -9999 -9999 -9999 -9999 -9999 -9999 -9999 -9999 -9999 -9999 -9999 -9999 -9999 1.64322162456 1.54034280467 1.54853408671 1.90197390599 1.22043556787 0.93355704928 0.95683068039 0.785375969466 0.855651359962 0.705750490862 0.637113160063 0.429999048476 0.506059298335 0.1996030121 0.385265480045 0.286339637971 0.286892952548 0.216961076096 0.123800556275 0.0744241079346 0.0757047335466 0.0607724636408 0.0586300064258 0.0509333037055 0.0396421826194 0.0230355492364 0.037918990974 0.100927723139 0.0970178611081 0.0916612582741 0.101244946419 0.10595115185 0.118287324984 0.158130951844 0.164226293739 0.0992712974071 0.0839619453139 0.148792212188 0.257525550259 0.239356449675 0.235631586205
-9999 -9999 -9999 -9999 -9999 -9999 -9999 -9999 -9999 -9999 -9999 -9999 -9999 -9999 -9999 -9999 1.37502301248 1.26180324636 1.17032301222 1.55893118817 1.32596653396 1.45696020678 0.746420556443 0.707883142211 0.75776927001 0.677756525522 0.552502979525 0.311423827344 0.122965901356 0.303929511086 0.490194505368 0.19603312796 0.166273619433 0.0908786615582 0.067914041366 0.0812477297038 0.071208158285 0.0818219169812 0.0741767881641 0.101729269744 0.262172151989 0.218269377931 0.258089195598 0.204251971764 0.106135473033 0.074968791211 0.0551865854549 0.14853121239 0.0996781069594 0.0678858686196 0.1090894156 0.18694123925 0.133136456155 0.102341460185 0.124169389687 0.105847488159
-9999 -9999 -9999 -9999 -9999 -9999 -9999 -9999 -9999 -9999 -9999 -9999 -9999 -9999 -9999 -9999 1.67570823836 1.6306349346 1.47260889768 1.44688855248 1.04846438469 1.13625186813 0.976359059951 0.878407910434 0.761237488426 0.843719879012 0.63109309861 0.548888632377 0.123807673977 0.224671944697 0.107229829341 0.0822763391229 0.094353062052 0.0846846370012 0.0870298022459 0.0750044170436 0.0981086261219 0.0858561368289 0.0721305867765 0.0643193902103 0.150242639425 0.0770679447762 0.144932286319 0.39656174245 0.255424027412 0.184562637838 0.176298276079 0.0674646923306 0.0668147944856 0.0924634488648 0.142492243028 0.151717924079 0.203325944684 0.21800074342 0.264116463037 0.18409116692
-9999 -9999 -9999 -9999 -9999 -9999 -9999 -9999 -9999 -9999 -9999 -9999 -9999 -9999 -9999 1.06265770805 1.0766674302 1.33690438125 1.39020583811 1.34574918778 1.0254290925 0.890783853679 0.717131774319 0.822448687956 0.681651121458 0.737560530786 0.624334073899 0.649494861967 0.168393680333 0.304197367671 0.341081774901 0.354365798737 0.33949854037 0.13028828758 0.0683756987641 0.263475949204 0.207785068071 0.20111630765 0.126167396456 0.0444649146926 0.172943911918 0.232127973841 0.244701309001 0.241145944163 0.235734796696 0.18397259572 0.022923536007 0.0330109279309 0.104259607186 0.160412215053 0.114102716956 0.0795021421693 0.0934154581999 0.109971835545 0.123450356048 0.128456716558
-9999 -9999 -9999 -9999 -9999 -9999 -9999 -9999 -9999 -9999 -9999 -9999 -9999 -9999 1.2924010995 1.18631734445 1.12631971984 1.50496681396 1.33901599562 1.23712882051 1.0441925551 1.17164810933 0.887689847237 0.926344332787 0.684021550893 0.645817393048 0.541982419618 0.514336589372 0.379129158493 0.378751780448 0.291607460441 0.301251494256 0.246028446712 0.391791047384 0.618362422744 0.696180026959 0.120762089741 0.0820058648765 0.289783844665 0.284249095682 0.165229500613 0.210235756507 0.186778543543 0.203627833023 0.140269164552 0.119160816629 0.10849630639 0.177302293519 0.155148884675 0.115627414969 0.0953675365859 0.0939712940398 0.104021716745 0.100462101807 0.0909459791977 0.0999449948292
-9999 -9999 -9999 -9999 -9999 -9999 -9999 -9999 -9999 -9999 -9999 -9999 -9999 -9999 1.21397351062 1.41205961024 1.25449111225 1.34558687944 1.18807677462 1.07774607297 0.852259304527 0.976461037915 0.831905941471 0.88633624716 0.672941941244 0.583535233933 0.615454306813 0.589987326271 0.432961486321 0.391446438334 0.347972935821 0.468641944844 0.636482135726 0.572326476117 0.512539068166 0.658358398907 0.587309210384 0.685841782503 0.428590642049 0.436779649548 0.509402676995 0.478592180298 0.252881543404 0.23432719012 0.207557544935 0.129230388036 0.194726081822 0.368389465831 0.265706878858 0.278700320601 0.267388001553 0.2649331147 0.190776233652 0.164171900618 0.188207345967 0.179445876306
-9999 -9999 -9999 -9999 -9999 -9999 -9999 -9999 -9999 -9999 -9999 -9999 -9999 -9999 -9999 -9999 1.28307585058 1.89051935904 1.87768394079 1.83979409112 1.42197448375 0.950682859833 0.963925195704 0.969406716901 0.719959480814 0.883132601467 0.586256487893 0.617314719626 0.465854145726 0.578311383049 0.506052588505 0.617733874431 0.58301319559 0.497201107332 0.505503284534 0.51047467764 0.548898115272 0.45379651449 0.565938447709 0.551356040056 0.344524262869 0.336062267376 0.315987443715 0.205778874546 0.156068787714 0.182166137035 0.155745174023 0.188628103941 0.174596941843 0.191025540818 0.178438355887 0.184723511035 0.15981714141 0.133878970321 0.0795988012216 0.0874073062895
-9999 -9999 -9999 -9999 -9999 -9999 -9999 -9999 -9999 -9999 -9999 -9999 -9999 -9999 -9999 -9999 1.97326658547 1.87152678578 1.79750290172 1.37667216592 1.40004736189 1.37549803896 0.742556270472 0.781618342683 0.783812972973 1.00554550941 0.852672171826 0.815560296086 0.684379866473 0.662166680336 0.729791345258 0.685736463239 0.546197476034 0.520554134854 0.374999305596 0.403146808086 0.409606332565 0.481106664075 0.307217442776 0.259932245385 0.318265108306 0.412459663358 0.0909227248478 0.164981078798 0.356421911403 0.176262813952 0.0867903471828 0.134019655133 0.145394277593 0.100812060854 0.0693941697724 0.071202793754 0.0502375927122 0.0629127130552 0.0581320296777 0.0588164077967
-9999 -9999 -9999 -9999 -9999 -9999 -9999 -9999 -9999 -9999 -9999 -9999 -9999 -9999 -9999 -9999 -9999 -9999 1.82298128334 1.53117669747 1.2333158969 1.38382315325 1.17318458634 0.930461126469 0.733737157318 0.795980883482 0.773605986962 0.757284046388 0.636760210395 0.618060116313 0.470684609683 0.408560874306 0.384314236739 0.455852723421 0.367818487221 0.458588323923 0.442300633896 0.32280723919 0.287675203716 0.369175563702 0.264904251979 0.230776172903 0.181527277244 0.179940998195 0.168617867942 0.209019653629 0.109895505147 0.113276453702 0.15298078622 0.0768123862458 0.0910530633421 0.129563196127 0.0520795633954 0.0545225130569 0.0661052571401 0.0739585379328
-9999 -9999 -9999 -9999 -9999 -9999 -9999 -9999 -9999 -9999 -9999 -9999 -9999 -9999 -9999 -9999 -9999 -9999 -9999 1.21735995776 1.21598570968 1.30514810983 1.20193825814 1.11859201549 0.817084397876 0.755749381837 0.520717083128 0.653174770793 0.468764929384 0.447686401425 0.447040728221 0.608729246416 0.397838517125 0.347052745724 0.279388043477 0.260486804663 0.243896254354 0.343697182747 0.303375126816 0.340690738559 0.245568758605 0.220484260685 0.167191013016 0.221949456541 0.221502814989 0.231088164776 0.178196981793 0.110000868781 0.0811425308436 0.15578800239 0.0866724460055 0.078731132835 0.0531630011613 0.0522852827624 0.0674919138446 0.0626804839522
-9999 -9999 -9999 -9999 -9999 -9999 -9999 -9999 -9999 -9999 -9999 -9999 -9999 -9999 -9999 -9999 -9999 -9999 1.55922657478 1.71064676237 1.72640888584 1.67671639246 1.29506922018 0.879665763549 0.790606569156 0.696274239009 0.447448177372 0.553123222347 0.556862364326 0.507123541563 0.174756098365 0.0904913367798 0.351837582698 0.393564919842 0.348175790088 0.407432557675 0.472543595507 0.451758811556 0.409409310337 0.394518849557 0.359999536088 0.245261827427 0.206943275507 0.0947997324684 0.143499658905 0.0973469443652 0.207764438611 0.300590338119 0.201308034759 0.112938940277 0.141682028417 0.270031446833 0.198405847734 0.173690310896 0.110804579994 0.0892974109047
-9999 -9999 -9999 -9999 -9999 -9999 -9999 -9999 -9999 -9999 -9999 -9999 -9999 -9999 -9999 -9999 -9999 -9999 -9999 1.9595218587 1.88121581809 1.77304485433 1.31898112617 0.928077788919 0.872817846066 0.856765549036 0.485439743305 0.433059577039 0.512190735423 0.616927040529 0.179879424468 0.176083055671 0.442566253119 0.446117796785 0.280796987673 0.207573360592 0.236185040237 0.201917179228 0.171501029055 0.17167719268 0.191575102081 0.270442022323 0.161405109208 0.081407711674 0.0744374892021 0.274228456321 0.276672982641 0.211188993701 0.236710265916 0.162107086004 0.0514060812152 0.0251138382494 0.0316524404931 0.0363813809508 0.134384479239 0.0556491421839
-9999 -9999 -9999 -9999 -9999 -9999 -9999 -9999 -9999 -9999 -9999 -9999 -9999 -9999 -9999 -9999 -9999 -9999 -9999 -9999 1.54311680468 1.70385952892 1.33783117222 1.10788524909 0.707161197316 0.8179753801 0.490195747477 0.462610408223 0.547643046809 0.472744361431 0.355741568186 0.334595623488 0.319180514224 0.247581522912 0.119927819388 0.186063244066 0.362472685246 0.416808488733 0.394234910718 0.366706545374 0.272409364429 0.367411602788 0.351276578163 0.305498930663 0.383823829047 0.332550429549 0.265184224428 0.301685389706 0.255947565744 0.270131100043 0.205152158598 0.136738666672 0.0676865296025 0.0505977670118 0.0443045576517 0.0946513997018
-9999 -9999 -9999 -9999 -9999 -9999 -9999 -9999 -9999 -9999 -9999 -9999 -9999 -9999 -9999 -9999 -9999 -9999 -9999 -9999 -9999 1.57978385205 1.40910097757 1.39438186119 0.668879218933 0.600278655219 0.451892052241 0.511712081449 0.433003770697 0.402846005434 0.453608239756 0.439564515819 0.424650907603 0.113438275039 0.404079322236 0.562597631579 0.465901032399 0.329678235279 0.306061226156 0.329123042202 0.432492219428 0.457675043497 0.476936654375 0.323803122717 0.256963349466 0.183349776451 0.233843824182 0.261009536703 0.248710183462 0.31164004396 0.656648294584 0.190211206718 0.160349903372 0.131223233851 0.0307170923294 0.0523061909007
-9999 -9999 -9999 -9999 -9999 -9999 -9999 -9999 -9999 -9999 -9999 -9999 -9999 -9999 -9999 -9999 -9999 -9999 -9999 -9999 -9999 1.32405447146 1.23479789526 1.23803861449 0.93181078939 0.944530691288 0.675904119966 0.664765252123 0.588649868313 0.398686605122 0.104233870641 0.302871970011 0.511972216395 0.514813742138 0.340191564263 0.415860873373 0.362137872845 0.296141167068 0.254605463917 0.413211778499 0.437778065799 0.417822530997 0.306779750795 0.292972109095 0.348118936547 0.329382099402 0.29439942159 0.286268510335 0.179232628057 0.197954101602 0.097432833646 0.0377239814388 0.062440858242 0.0679527224855 0.0813731947641 0.0370427430551
-9999 -9999 -9999 -9999 -9999 -9999 -9999 -9999 -9999 -9999 -9999 -9999 -9999 -9999 -9999 -9999 -9999 -9999 -9999 -9999 -9999 -9999 1.28338021276 1.49149369576 1.00988720957 0.849457038078 0.621840825897 0.730742251556 0.687349518432 0.668445311555 0.561031013997 0.601210353979 0.531743632033 0.575979712783 0.631396318836 0.490217131651 0.468359903515 0.413253421214 0.330795076661 0.418515112804 0.438349777291 0.282709196429 0.305297030967 0.399157574588 0.212329041344 0.184640040258 0.13406976526 0.163826035231 0.211506721826 0.115349589695 0.0317178593497 0.0372393149674 0.167130452292 0.139577982048 0.0427149606234 0.0315997208294
-9999 -9999 -9999 -9999 -9999 -9999 -9999 -9999 -9999 -9999 -9999 -9999 -9999 -9999 -9999 -9999 -9999 -9999 -9999 -9999 -9999 -9999 1.3395210482 1.2947343734 0.954869314101 0.976015287553 0.766349236714 0.834689472108 0.773961748739 0.78738486428 0.672151356998 0.694171047448 0.664047465495 0.639853547436 0.500442743043 0.660372054789 0.472790317794 0.433694962268 0.494890741032 0.504355910338 0.327704082717 0.447924624311 0.311721836941 0.238227927325 0.204288886016 0.256224429647 0.30521024386 0.320607252648 0.170057367404 0.145488841382 0.0897238531625 0.0924154495544 0.108870731252 0.205792810006 0.127154907414 0.113930474246
