data/recharge/transience/oldversion/mHM_recahrge_565.ASC
ncols   80
nrows    72
xllcorner    4374000.0
yllcorner    5656000.0
cellsize      500
NODATA_value  -9999
[rows 0 to 25 of 72, columns 0 to 56 of 80]
-9999 -9999 -9999 -9999 -9999 -9999 -9999 -9999 -9999 -9999 -9999 -9999 42.8698317596 44.2380085399 -9999 -9999 -9999 -9999 -9999 -9999 -9999 -9999 -9999 -9999 -9999 -9999 -9999 -9999 -9999 -9999 -9999 -9999 -9999 -9999 -9999 -9999 -9999 -9999 -9999 -9999 -9999 -9999 -9999 -9999 -9999 -9999 -9999 -9999 -9999 -9999 -9999 -9999 -9999 -9999 -9999 -9999 -9999
-9999 -9999 -9999 -9999 -9999 -9999 -9999 -9999 -9999 -9999 -9999 -9999 38.0710126848 38.2032395143 38.9748806563 -9999 41.267178245 -9999 -9999 -9999 -9999 -9999 -9999 -9999 -9999 -9999 -9999 -9999 -9999 -9999 -9999 -9999 -9999 -9999 -9999 -9999 -9999 -9999 -9999 -9999 -9999 -9999 -9999 -9999 -9999 -9999 -9999 -9999 -9999 -9999 -9999 -9999 -9999 -9999 -9999 -9999 -9999
-9999 -9999 -9999 -9999 -9999 -9999 -9999 -9999 -9999 -9999 38.830985053 37.9434269981 38.6033252021 36.4479729845 35.7042950851 37.0524759485 38.6745812763 40.2029410605 -9999 -9999 -9999 -9999 -9999 -9999 -9999 -9999 -9999 -9999 -9999 -9999 -9999 -9999 -9999 -9999 -9999 -9999 -9999 -9999 -9999 -9999 -9999 -9999 -9999 -9999 -9999 -9999 -9999 -9999 -9999 -9999 -9999 -9999 -9999 -9999 -9999 -9999 -9999
-9999 -9999 -9999 -9999 -9999 -9999 -9999 -9999 -9999 38.3740458041 37.7150460806 36.9748248246 36.3281651579 36.71106366 35.6609688976 36.354326699 37.7975706101 40.4475292789 -9999 38.7192410166 -9999 -9999 -9999 -9999 37.6756444205 41.0534531588 -9999 -9999 -9999 -9999 -9999 -9999 -9999 -9999 -9999 -9999 -9999 -9999 -9999 -9999 -9999 -9999 -9999 -9999 -9999 -9999 -9999 -9999 -9999 -9999 -9999 -9999 -9999 -9999 -9999 -9999 -9999
-9999 -9999 -9999 -9999 -9999 -9999 -9999 -9999 39.4437829812 38.6078490016 37.3358568736 37.2605656981 35.828607981 35.7854962323 35.3472211753 36.2885856097 36.9751810754 37.7407102516 38.4022896781 36.6869633315 35.7020144063 36.4398227651 -9999 39.3455324628 37.3100136136 40.1616824158 -9999 -9999 -9999 -9999 -9999 -9999 -9999 -9999 -9999 -9999 -9999 -9999 -9999 -9999 -9999 -9999 -9999 -9999 -9999 -9999 -9999 -9999 -9999 -9999 -9999 -9999 -9999 -9999 -9999 -9999 -9999
-9999 -9999 -9999 -9999 -9999 -9999 39.1216711942 38.3777337687 38.3166721663 38.2707457657 37.9739018606 37.26921314 36.2547497299 36.4576517657 35.8440611034 35.988455267 36.2748391474 35.413941768 35.3881534621 35.4366125953 35.0619036399 35.2812639985 37.2524887692 38.6876382779 39.2023625841 40.1162045642 40.3308110641 -9999 -9999 -9999 -9999 -9999 -9999 -9999 -9999 -9999 -9999 -9999 -9999 -9999 -9999 -9999 -9999 -9999 -9999 -9999 -9999 -9999 -9999 -9999 -9999 -9999 -9999 -9999 -9999 -9999 -9999
-9999 -9999 -9999 -9999 -9999 -9999 38.6260369149 38.5437915595 37.3714951728 36.9821725831 36.8437865857 36.805696786 35.8306707882 36.1062500009 35.0839772142 34.68026781 35.1672525044 27.8451352966 33.2965229943 34.7877302914 34.6850108977 35.9098532881 36.2081754794 36.8409496323 38.9313423784 38.5878313274 39.0905489749 38.5158340859 38.2472527715 38.4541973478 37.9648777062 38.7103155279 -9999 -9999 -9999 -9999 -9999 -9999 -9999 -9999 -9999 -9999 -9999 -9999 -9999 -9999 -9999 -9999 -9999 -9999 -9999 -9999 -9999 -9999 -9999 -9999 -9999
-9999 -9999 -9999 -9999 -9999 39.5228925834 38.5088400442 38.2309300947 37.4967597854 37.5652292 37.1158442642 36.2290886743 35.2544703883 35.2880030237 35.760282777 35.7597002397 27.8149605047 14.8820101522 26.5435331339 35.0669895919 35.0838364243 35.0824131188 35.4719595738 35.5257719659 37.8513805947 38.1607053227 38.9800454146 38.6994057218 37.0871604814 37.3376021923 37.5352930304 38.4176871859 37.9960454388 38.2824198368 -9999 -9999 -9999 -9999 -9999 -9999 -9999 -9999 -9999 -9999 -9999 -9999 -9999 -9999 -9999 -9999 -9999 -9999 -9999 -9999 -9999 -9999 -9999
-9999 -9999 -9999 -9999 -9999 39.7233363514 37.6649109425 37.9546519459 37.0667581329 36.9277010242 36.4900314181 36.5027674894 26.273129659 21.7196288726 35.9582363393 35.5984673314 30.7520149918 12.7925367843 22.6234238178 30.8222894605 35.3699930435 35.0055118771 35.7482232417 36.1101491655 35.9352902379 36.4248099706 38.5182689658 38.4910232183 35.783400442 33.8452003368 32.4557962817 35.2195215487 36.7274712453 37.1678983336 37.4945660058 37.874116577 -9999 -9999 -9999 -9999 36.2838125492 35.982948634 -9999 -9999 -9999 -9999 -9999 -9999 -9999 -9999 -9999 -9999 -9999 -9999 -9999 -9999 -9999
-9999 -9999 -9999 -9999 -9999 39.6050460753 38.6861800059 37.9239925868 36.8127563181 37.5092753916 37.3660161696 37.3011555053 35.7854034851 35.0382155751 36.5379960064 36.8079698196 34.9323447554 36.5081920688 36.190375081 35.9117843824 34.9984979049 34.550548348 35.2560595257 35.3069138255 35.9484005777 36.6517136994 37.7842567709 38.0627216207 36.726508602 33.3051235084 23.2093057247 30.1529382475 36.0482276248 38.4414581517 38.8261613428 37.0002884167 37.2524078257 -9999 -9999 37.5003369992 36.3815886822 36.8251991533 37.0348122661 -9999 -9999 -9999 -9999 -9999 -9999 -9999 -9999 -9999 -9999 -9999 -9999 -9999 -9999
-9999 -9999 -9999 -9999 -9999 -9999 39.4960441133 38.7473234736 37.7808275693 38.5623007249 37.6228255973 37.2826760221 36.8956519859 37.5708766275 35.9920771658 36.2541393623 36.0410883262 36.6702717605 36.6378808115 36.3126817127 36.1234951192 35.1762312481 34.7798469273 36.4965039172 36.2833240276 36.2446951848 37.5815414345 37.6736673515 36.759070938 35.6480528636 32.9632680423 35.1003385921 36.3429245111 35.6389010171 35.5439457601 35.4273302617 37.7745322997 38.7452981293 36.3385455672 35.9357968067 36.1654046461 36.7012784408 37.0752906233 37.2172957561 -9999 -9999 -9999 -9999 38.5655826592 38.1598891623 9.99066860126 -9999 -9999 -9999 -9999 -9999 -9999
-9999 -9999 -9999 -9999 -9999 -9999 -9999 40.637454782 38.0815527949 37.5587106834 37.6215615337 38.4363387908 37.7316733892 36.5681939909 37.9294185307 37.3367534472 36.1199640583 35.6245085183 35.4366765602 34.9531877 35.3249839407 34.4507844191 34.7521972493 36.3847562563 36.8362839675 35.7493477683 36.6766406571 35.7434061177 35.8681594605 35.8809637968 36.2960265853 35.3775635643 35.6753023667 35.2837473665 35.4919202641 36.0906470963 36.0558673374 36.9133389343 36.8397097512 36.3087759601 36.8860911559 37.6412218752 38.6870317294 35.4156830835 32.7451100933 33.7295983232 34.4703127818 33.3015454551 32.2737880293 37.2982994855 34.3873974957 29.7930257581 -9999 -9999 -9999 -9999 -9999
-9999 -9999 -9999 -9999 -9999 -9999 -9999 -9999 38.5510693202 38.8937284868 38.32576063 37.9249129513 37.1808287112 38.1309363479 37.6297317368 37.9142496898 36.3009058887 37.144261203 36.7312987578 35.3772359807 35.4444872051 35.4221980479 44.9365904295 51.3012514476 48.2512090242 50.5261159053 41.1029184297 35.1862402852 35.4319209765 36.3529984275 34.5593888638 34.9927728453 34.7700832747 35.4220738171 35.5350583094 34.5944944477 34.8373276494 35.3108320042 35.6626152217 35.9667414128 37.2455585534 38.3500406375 31.7554433305 30.9790944094 29.516597218 28.7124005905 29.9947500096 29.0057212926 27.4401310041 34.4152167883 34.0299783553 34.2776054004 32.2409616469 -9999 -9999 -9999 -9999
-9999 -9999 -9999 -9999 -9999 -9999 -9999 -9999 38.7521829667 39.0430129998 38.1334501799 38.4403768714 37.9864857276 38.1258145827 38.1601127457 37.376699589 36.0825730909 36.6294031895 35.6201542972 35.3157559273 36.025292447 35.6175815001 51.8024394616 56.6182879616 52.4049626499 46.8150381086 50.9344703587 41.0934083561 37.6320011044 37.0703135571 36.4584357158 35.7749913553 36.1719474175 36.0241514074 34.6582580362 15.2912550342 35.4743121673 35.1823225792 35.0778533658 35.1819335044 34.8862132932 38.3895032855 31.2636237454 31.097455922 28.8013303512 28.6896880083 29.8851539763 29.200867093 29.4335261101 34.5462306753 33.6609076517 33.7225336297 31.8564692697 31.6474439773 30.3842836407 30.6227910945 -9999
-9999 -9999 -9999 -9999 -9999 -9999 -9999 -9999 -9999 37.5793684542 37.5375085815 38.6431600342 38.5103034752 38.4590340643 37.9413436374 37.8739018279 37.5730437539 36.3764553067 36.6995239844 37.2607152082 38.1251831731 38.1582392636 40.971476297 67.7546926297 59.4044471119 57.4913725575 48.5763936886 46.352084394 41.1865289351 34.8611857527 34.8665839932 34.9803544472 34.425351021 35.3929350409 33.9424266304 29.1987502112 35.2015564092 35.2255378914 34.9811656929 34.6165335107 34.3543745671 34.5939322166 29.7165064236 30.6057767809 26.530725902 24.9537838866 22.6337777534 23.4433239176 31.3221486462 31.6061665205 30.9739286494 30.8409140274 29.6877390537 30.1453280986 29.7412359753 22.1189978597 15.972292672
-9999 -9999 -9999 -9999 -9999 -9999 -9999 -9999 -9999 -9999 37.4876758947 38.1387309849 38.6798117045 38.6061242132 37.9171788044 38.0032033723 42.0210548522 41.5648391292 42.1310007145 42.1876469615 40.7244194992 40.0812050342 39.6214989817 51.109956912 54.9221665526 58.1371939182 52.7432280942 48.4938321729 40.7915539844 45.3042942165 34.9806940508 34.6133484757 34.0744493106 34.4781135991 34.2201922017 34.6476335864 34.7954986262 35.0727738146 35.0776285034 35.1036183636 34.1425423689 34.3182936862 34.9074794809 29.7626880258 29.7198069624 29.4860263972 26.3973675719 24.9586524027 32.2200987108 32.5625456118 32.1728971135 31.338210568 29.5216635191 29.7653572357 28.6971550743 20.6960307013 15.8646840669
-9999 -9999 -9999 -9999 -9999 -9999 -9999 -9999 -9999 -9999 -9999 20.0422185429 26.5032457463 38.3412644772 37.6815524418 38.734786692 41.7252222148 42.1570853553 39.290731707 38.4181653918 36.9246213288 37.0190028851 38.4918818885 39.1942195356 44.0791067808 50.9583602505 50.14963122 54.5326930996 49.6803586758 37.1089436104 42.4611698075 35.4106775236 33.9090979148 34.1009469425 35.6022290403 35.2881857252 34.0059326991 33.8684958107 34.2326459184 34.568029103 33.6733762325 33.5527771179 33.7224576694 32.6915302252 25.1048980499 24.0512399207 24.2723938206 25.5644002069 27.657908637 30.813380692 29.602884478 29.9229441462 27.502442057 26.9463812975 24.5258341094 24.4445422973 16.5550943914
-9999 -9999 -9999 -9999 -9999 -9999 -9999 -9999 -9999 -9999 -9999 19.3013272943 28.4306415793 37.5909817907 37.2753675853 38.6176405023 40.2467991443 40.0503157335 36.8784674357 36.7949756078 37.4268438676 37.7898110362 38.6350445924 39.9320953567 38.2997666483 37.2176674481 44.5148151244 51.933301351 46.0574832813 42.5259297631 43.5439608757 43.3709846935 37.1458904047 39.5317564708 38.8844762584 35.4398133697 33.4887625307 34.2505434436 33.6517881742 33.0281028723 30.5834512681 33.2257521664 32.7746414626 33.1236164854 32.6872354064 27.0755424382 27.7554298852 29.1377851715 26.7597224211 24.1527720386 23.6620992559 23.9228309594 19.9660515882 27.1589316406 26.1744737652 25.3488632931 24.0238374066
-9999 -9999 -9999 -9999 -9999 -9999 -9999 -9999 -9999 -9999 -9999 38.6205891037 36.4267771644 36.435556842 36.0821323307 36.7842196799 38.3058218209 38.6213304689 37.523944187 36.6990018165 36.3652681947 36.4464255496 36.8951090216 38.8814920574 35.8800951057 35.6146933843 35.5370183741 35.1756635351 34.9780359959 40.5201402314 43.4462333133 49.2689143657 48.7533769748 47.7913280623 33.0298942426 38.7670210951 31.4281480362 30.0191245694 34.4685209065 25.4440179006 19.9631520662 32.753329539 32.2270237274 33.1341671459 33.9182621299 35.4299875716 27.690221437 26.6505704342 24.7660530207 24.7935707794 22.7766628122 24.0592506574 23.8675818456 26.2685466899 26.9416531744 23.2912744947 21.1299112741
-9999 -9999 -9999 -9999 -9999 -9999 -9999 -9999 -9999 -9999 -9999 -9999 38.1541707976 36.1374600752 36.4184938835 36.0921153183 36.314023253 37.9926719385 38.1501656979 36.1285211527 37.1094451876 36.4103011426 35.9129858853 35.8541806305 35.4268635602 35.9228778048 35.9660736711 35.9908077997 35.5164222585 35.4031845339 34.9515409869 34.7135968998 37.8037344671 40.6414305801 36.4747174678 22.8246833996 40.1192379815 29.0580362253 33.43353044 32.8057626343 33.3059480717 32.2400130512 32.7704717528 33.420012609 33.6515881462 34.1754857909 32.0231962833 26.7736579925 22.5871323694 23.6354531538 22.1014626434 20.4605503777 18.2793190804 18.4345223305 14.9718383621 17.7908112139 10.356482341
-9999 -9999 -9999 -9999 -9999 -9999 -9999 -9999 -9999 -9999 -9999 38.6477714033 38.6279387461 37.1084346495 36.1286929702 21.3241377487 30.9942305147 36.4151292557 36.3376187846 35.0093978095 35.4140549009 35.2997565477 34.933779397 35.5028294038 35.069892556 35.0636962323 34.8463238724 35.0393834874 35.148435346 34.6019165782 33.8078940113 33.8615685961 33.1367740537 32.8496427323 32.7020746356 34.508627295 30.4891578093 23.7255834647 22.8690112428 31.0524116344 32.1882909138 31.7037615989 33.5820986607 34.6340347918 34.7560836505 34.3725496562 34.0115268594 33.437162907 25.7220958834 25.8116572708 20.3219011802 16.6265774578 14.2010319626 14.2729690051 12.4641534581 13.3503130127 14.9764784672
-9999 -9999 -9999 -9999 -9999 -9999 -9999 -9999 -9999 -9999 -9999 39.231752721 38.5470149758 37.4989688444 36.5054354392 27.7378880604 34.716094672 36.8070973513 36.3266334387 35.8970589134 28.6155220844 29.6328965669 35.296338199 35.2729605869 35.0589481008 35.6100287403 23.3674112847 24.2129891042 32.9338314207 34.715144447 34.1051454126 33.9135720794 32.8205911823 32.8296248786 32.5548044091 31.5102955356 26.1849986913 31.0634918745 24.4741134902 31.2719668394 31.4212102441 31.8049020218 34.1217737588 34.6742443592 35.7285471906 35.4988736971 33.6943628888 33.9971752771 32.7229575586 31.2192901119 20.2427804596 20.5454710724 17.6396666992 17.0921249961 15.1858692517 14.4183389312 10.9333070382
-9999 -9999 -9999 -9999 -9999 -9999 -9999 -9999 -9999 -9999 -9999 38.0519282183 38.0993127223 37.0723197667 36.5307828702 36.3330162881 36.9467081073 37.7289078513 36.9050189422 36.7230405064 30.8230304858 13.7768584413 30.9311516998 38.5057829324 33.6534510761 33.7203655633 35.2791749333 36.315772776 35.0651307096 35.1609038204 33.9145732949 34.1820730022 33.3273453743 33.2931601653 31.2922335691 23.8165976439 18.057176839 14.8062904688 21.6089897025 22.6192505418 31.4374905325 31.8661099582 32.9158812589 32.7945673123 33.6669378073 33.9260329749 32.8738054537 32.7866457671 31.1918638194 31.0302424268 22.9304645559 19.2393301167 13.2913477837 12.0602731 10.3371686538 11.1501084122 11.8944138499
-9999 -9999 -9999 -9999 -9999 -9999 -9999 -9999 -9999 -9999 -9999 -9999 38.9276211277 37.5062105305 37.0380926041 37.8498187219 38.2120198044 37.3083293693 35.9786316922 36.1316780645 37.6011241133 37.2118856072 37.6466414553 34.3000836828 33.0316864304 32.8607058694 30.6314193232 31.1307243133 29.5749343683 28.3798818432 25.2230663042 31.8819967958 31.8188197355 32.3634247436 30.6754653887 25.150946226 20.3152812874 16.8771603148 23.8026770514 28.7877218431 31.7079513998 31.1957616934 32.8350799928 32.9778071431 33.4444244228 33.2921606806 32.364414182 32.0760970928 30.4882159981 30.7315502941 27.82950566 16.2166693185 15.6972139894 17.7874919075 11.2178059803 11.6705828383 10.4969591814
-9999 -9999 -9999 -9999 -9999 -9999 -9999 -9999 -9999 -9999 -9999 -9999 39.9345559824 38.3505168394 38.2180212265 40.6720067818 39.3325966348 38.789710934 37.3676822341 37.4084788143 36.0582517366 36.6397067909 39.336260662 37.1435870167 36.0307190635 36.6180945737 36.8151980103 34.8316129896 30.9769749809 33.0282196658 29.1646199141 30.0865731521 34.2632490944 33.7340940222 31.758174135 25.3101596136 32.0964315853 23.7322930433 29.0058342333 26.7386115236 30.2372967626 30.3518955865 29.0484677178 28.9877711374 29.0084315615 29.0087881813 28.8447088867 28.971845601 26.5712767942 27.252195839 24.7897663744 22.8633604045 20.2360490768 9.34628264284 6.19658752669 7.63892942081 5.38469016056
-9999 -9999 -9999 -9999 -9999 -9999 -9999 -9999 -9999 -9999 -9999 -9999 39.976315022 39.20480646 37.0933669755 38.5792277515 37.5150346976 37.060834288 38.3632149546 37.7529165561 36.95828659 35.4805850321 35.8252690795 28.6719645078 31.4885507552 35.0424340019 38.4352228646 36.5090699996 31.3154625954 30.1465208968 26.9542707109 26.1699817818 30.1372815854 33.3934104154 31.4055072151 32.1170635986 37.442548031 25.2785410196 21.6338247527 18.3481345704 16.8404607321 19.5869827056 27.528736413 29.3602674077 29.1551382445 29.0239573704 29.1447843071 29.3148397499 27.6963007784 28.2759853184 25.5213573048 18.9803720151 8.91956396809 7.40173209676 8.89116808598 6.76500463747 5.75451765679
