data/recharge/transience/oldversion/mHM_recahrge_425.ASC
ncols   80
nrows    72
xllcorner    4374000.0
yllcorner    5656000.0
cellsize      500
NODATA_value  -9999
[rows 0 to 24 of 72, columns 0 to 55 of 80]
-9999 -9999 -9999 -9999 -9999 -9999 -9999 -9999 -9999 -9999 -9999 -9999 1.99883973138 1.99350825933 -9999 -9999 -9999 -9999 -9999 -9999 -9999 -9999 -9999 -9999 -9999 -9999 -9999 -9999 -9999 -9999 -9999 -9999 -9999 -9999 -9999 -9999 -9999 -9999 -9999 -9999 -9999 -9999 -9999 -9999 -9999 -9999 -9999 -9999 -9999 -9999 -9999 -9999 -9999 -9999 -9999 -9999
-9999 -9999 -9999 -9999 -9999 -9999 -9999 -9999 -9999 -9999 -9999 -9999 4.83796112544 3.89409785503 3.2770293543 -9999 3.48074397479 -9999 -9999 -9999 -9999 -9999 -9999 -9999 -9999 -9999 -9999 -9999 -9999 -9999 -9999 -9999 -9999 -9999 -9999 -9999 -9999 -9999 -9999 -9999 -9999 -9999 -9999 -9999 -9999 -9999 -9999 -9999 -9999 -9999 -9999 -9999 -9999 -9999 -9999 -9999
-9999 -9999 -9999 -9999 -9999 -9999 -9999 -9999 -9999 -9999 3.53351950802 3.58330034962 3.98928915562 4.15925305345 2.96790841553 2.80858999233 2.43609283384 2.52921202027 -9999 -9999 -9999 -9999 -9999 -9999 -9999 -9999 -9999 -9999 -9999 -9999 -9999 -9999 -9999 -9999 -9999 -9999 -9999 -9999 -9999 -9999 -9999 -9999 -9999 -9999 -9999 -9999 -9999 -9999 -9999 -9999 -9999 -9999 -9999 -9999 -9999 -9999
-9999 -9999 -9999 -9999 -9999 -9999 -9999 -9999 -9999 3.65377583326 3.55124119151 3.47309838638 3.31239232517 3.54809890287 3.02585186138 2.86756212242 2.85071681276 3.41942981402 -9999 3.24083436898 -9999 -9999 -9999 -9999 3.10756285326 3.31256294478 -9999 -9999 -9999 -9999 -9999 -9999 -9999 -9999 -9999 -9999 -9999 -9999 -9999 -9999 -9999 -9999 -9999 -9999 -9999 -9999 -9999 -9999 -9999 -9999 -9999 -9999 -9999 -9999 -9999 -9999
-9999 -9999 -9999 -9999 -9999 -9999 -9999 -9999 5.44306166792 4.50427821251 3.38112596618 3.15625752261 2.85571628354 2.57143824066 2.50169456851 2.32974017817 2.37778350287 2.36470418453 2.15238829549 2.18620028172 2.17054716338 2.34870575869 -9999 2.61202830804 3.58095227923 3.48371591818 -9999 -9999 -9999 -9999 -9999 -9999 -9999 -9999 -9999 -9999 -9999 -9999 -9999 -9999 -9999 -9999 -9999 -9999 -9999 -9999 -9999 -9999 -9999 -9999 -9999 -9999 -9999 -9999 -9999 -9999
-9999 -9999 -9999 -9999 -9999 -9999 4.74307317602 3.95170726074 3.68512320665 3.92308503249 4.0216059719 4.03826039116 3.30060280114 3.05490157674 2.44118421476 2.71342907018 2.3089935319 2.20150212327 2.15684625533 2.15367608032 2.08544877646 2.26019948452 2.38754784307 2.62894501286 2.96928611187 2.83421555718 3.12861001003 -9999 -9999 -9999 -9999 -9999 -9999 -9999 -9999 -9999 -9999 -9999 -9999 -9999 -9999 -9999 -9999 -9999 -9999 -9999 -9999 -9999 -9999 -9999 -9999 -9999 -9999 -9999 -9999 -9999
-9999 -9999 -9999 -9999 -9999 -9999 4.68402361758 4.15798960407 3.1832201248 3.03882902496 2.66713135303 2.75020147638 2.51427547351 2.39748796293 2.06018530878 1.76549009245 1.70038431633 1.64963700267 1.64580219011 1.51352669882 1.67167264673 2.04666697742 1.92238127421 2.07159761748 2.40112199491 2.21201041934 2.9784296955 2.72797849433 2.76204084231 2.54967831167 3.39988780873 3.3396420517 -9999 -9999 -9999 -9999 -9999 -9999 -9999 -9999 -9999 -9999 -9999 -9999 -9999 -9999 -9999 -9999 -9999 -9999 -9999 -9999 -9999 -9999 -9999 -9999
-9999 -9999 -9999 -9999 -9999 6.07312291549 4.93058946239 4.84831741043 4.19328303384 4.57971275085 4.01944208418 3.45614990528 2.44143889648 2.58278892348 2.33668124767 2.34939320185 1.81116197478 1.85144337464 1.95575851488 1.55894722956 1.68339636342 1.59717183562 1.78041688972 1.86455048405 2.3813259084 2.53797672199 2.89467446547 2.46846745359 2.61286801073 2.52740375916 2.50106425437 2.68578182845 2.42200924184 2.2948515206 -9999 -9999 -9999 -9999 -9999 -9999 -9999 -9999 -9999 -9999 -9999 -9999 -9999 -9999 -9999 -9999 -9999 -9999 -9999 -9999 -9999 -9999
-9999 -9999 -9999 -9999 -9999 5.93904755237 5.09925457743 5.14564242276 4.17263646755 3.76232162852 3.42293571402 3.72529289351 2.37101246713 2.2680571269 2.94414802437 3.41640521867 1.93652316956 1.23015095932 1.62264769442 1.39226406548 1.5496721093 1.62538328787 1.98256890835 1.87034284792 1.80177710674 1.58885360663 2.28242819252 1.94847163689 1.96746696495 1.90902927877 1.89562305564 1.94607252691 2.20291751748 2.0650250221 2.24040168845 2.08459201215 -9999 -9999 -9999 -9999 2.41143290069 2.18040813498 -9999 -9999 -9999 -9999 -9999 -9999 -9999 -9999 -9999 -9999 -9999 -9999 -9999 -9999
-9999 -9999 -9999 -9999 -9999 5.36273293355 4.67256158886 4.83517079355 4.45304667224 4.82325792052 4.09452022663 3.84417583242 3.11664797175 3.64729579394 3.31658136726 2.72680438708 2.19364328263 2.76160857105 2.15171370578 2.35099658654 1.91304882407 1.52804151222 1.52004452136 1.43085634861 1.7385251391 1.74596487885 2.11665802169 1.8832066537 2.13778367851 1.78377102988 1.69519226584 1.80790951594 2.1634460327 2.15859229903 2.19983952281 2.2100538504 2.20625243887 -9999 -9999 2.29247792896 2.53914184634 2.41064910691 2.80741419544 -9999 -9999 -9999 -9999 -9999 -9999 -9999 -9999 -9999 -9999 -9999 -9999 -9999
-9999 -9999 -9999 -9999 -9999 -9999 5.77373628688 6.43256471104 4.79779975421 4.48580472188 3.5700947592 4.02278446803 4.15215047769 4.30640317859 2.45134378536 2.14717592862 2.17604800774 2.08908348423 1.65983698698 1.6116633071 1.67819896121 1.78662602287 1.65953066073 1.8470000289 1.65529786919 1.43648988499 1.49256736398 1.74551830854 1.51154937567 1.45917147413 1.44961234036 1.69970161096 1.7401518719 1.69404524611 1.89213320144 1.87380854047 2.03465958756 1.99013778988 2.09873300434 2.01632887376 2.02520777958 2.53715630948 2.17873437724 2.02213235541 -9999 -9999 -9999 -9999 3.22428745784 2.84828925287 1.06705138821 -9999 -9999 -9999 -9999 -9999
-9999 -9999 -9999 -9999 -9999 -9999 -9999 5.53398629183 4.2579842522 5.05070136528 4.6355506097 4.05959541011 3.29766673581 2.89397376799 2.7552054412 3.4500161874 2.7976366447 2.6488262203 2.42601635552 1.93633753382 1.53835091346 1.55354821731 1.53625977633 1.55733346741 1.47148260096 1.27560226075 1.54036598119 1.46559976364 1.50189687145 1.41714685263 1.60138191407 1.55863191635 1.76623707029 1.59889058496 1.93952297067 1.9179777613 2.19255319733 2.12912161282 2.03820467029 2.03228795767 1.86406440692 1.86806008863 2.2054852246 2.45802683195 2.17737605569 2.37891896483 2.75662214372 2.30172604441 2.27385919549 2.23343026887 1.84243682389 1.51308567221 -9999 -9999 -9999 -9999
-9999 -9999 -9999 -9999 -9999 -9999 -9999 -9999 3.76262396044 3.50224973618 3.82581403564 4.38082088392 3.65049284586 4.07477581595 3.55457916301 3.09812103374 2.10243314217 2.11667043781 1.62885877897 1.89580188611 2.50753689431 2.36859853283 1.73341997806 1.48558999705 1.41144439029 1.42669619733 1.11782399497 1.20657144841 1.09386057759 1.00965845564 1.19912749513 1.26328962836 1.31095804656 1.28380243534 1.44737793439 1.51143084736 1.64329338478 1.73917936001 1.64245520628 1.64660853236 1.99325206493 2.00840310408 2.03464306245 1.83155131428 1.80827444081 1.62189958044 1.89546381538 1.64265092703 1.54211241835 1.65256842064 1.68947712965 1.76610884762 1.41372833357 -9999 -9999 -9999
-9999 -9999 -9999 -9999 -9999 -9999 -9999 -9999 4.88375187192 4.1185142294 3.45918028451 3.491247985 3.12086814811 3.08977744794 2.43301701893 2.35903155099 2.07195693148 2.24834965034 1.8988970785 2.10257083146 2.33619518027 2.29516857991 2.15010182315 2.57317732263 1.9523953528 1.26709758658 1.58478080832 1.40432597624 1.37905194561 1.18862148717 1.01846192416 1.16650819038 1.13304958882 1.24113253719 1.42593221228 1.11124919083 1.83184463762 1.65584909213 1.63756206454 1.59644324052 1.61036062447 1.6388397889 1.87043691237 1.8646439841 1.62869156098 1.60660138622 1.86727059841 1.69425307322 1.6288975093 1.76050863782 1.7606146241 1.77156546023 1.54421841788 1.72329054459 1.46409731749 1.60032197093
-9999 -9999 -9999 -9999 -9999 -9999 -9999 -9999 -9999 5.36137546931 4.23286248049 3.18884327097 3.0794672696 3.30282795385 2.8771762036 2.94713661492 3.22946132439 3.47509735218 3.42137436429 3.4490799931 2.91342947788 2.16394518797 2.10992900835 3.98574976696 2.85536362963 2.44214350043 1.51455548591 1.11949593734 0.882318131559 1.00510889469 1.02913770757 1.08052134392 1.09884331261 1.00405465169 1.03150030312 1.11076422654 1.42022794179 1.3101211681 1.27013513333 1.29042997487 1.28088389387 1.38277290519 1.38606780233 1.98923318012 1.45765422994 1.2068501728 1.07536741526 1.07620201997 1.23080124671 1.23692932619 1.33080891327 1.27348713184 1.21982742732 1.32148377591 1.5098215989 1.0438494633
-9999 -9999 -9999 -9999 -9999 -9999 -9999 -9999 -9999 -9999 3.64742342079 3.67608085474 2.96772666424 3.17018457426 2.60320529045 2.36002707584 2.53142046967 3.29461080534 2.76347678856 2.30035022623 2.0344870603 2.08754535158 1.63719447803 1.76018319322 1.75946156014 2.81344896365 2.54350114707 1.47331766159 0.913712310476 0.945209874772 0.956791290214 0.964430712538 1.14206437035 1.03074494721 1.3626996455 1.21019478279 1.37093171634 1.31184094969 1.28489157709 1.29601902961 1.3741748561 1.36274234146 1.14417484635 1.2876623433 1.96202284026 2.2226601286 1.6955781614 1.23111649048 1.38425421061 1.35506870168 1.57161635658 1.49898395368 1.24562278397 1.31617141764 1.23653791841 1.02644665756
-9999 -9999 -9999 -9999 -9999 -9999 -9999 -9999 -9999 -9999 -9999 2.52820063921 2.14390020605 2.7564169421 2.43989547855 2.23498165804 2.71706585721 2.66785329085 1.87407470928 1.8770283675 1.97159636775 2.00031153015 1.71858584779 1.41750742261 1.30825309231 1.27437494923 1.78651772392 2.1213196981 1.49606957132 0.371517861812 0.488886316107 0.840020611012 0.881913097596 0.961410161865 1.05872444168 0.916197098744 1.05476274594 1.04358111028 1.14211359909 1.14090374871 1.28191225775 1.14261438104 1.21691802721 0.944762809988 0.965039187205 1.07193700447 1.15315533749 1.3577724652 1.06679454506 1.17565108016 1.14594428056 1.30287493269 1.29480244606 1.10633841611 0.96421175602 0.965059774084
-9999 -9999 -9999 -9999 -9999 -9999 -9999 -9999 -9999 -9999 -9999 2.04309886597 2.21617702786 2.34416830477 2.43657718199 2.41443867832 2.23336159377 1.91223164624 1.72398255409 1.75164174896 1.67673795058 1.98138340599 1.46844006391 1.62134800401 1.26918638244 1.53492558264 1.4082846566 1.37545395402 1.15033663854 0.759819226918 1.33483598333 1.49483929801 0.992271583359 0.878786184639 0.935069651923 0.869628411715 1.04851992955 1.07534689691 1.09827187156 1.08783301619 1.27063400411 1.41328222642 1.11794436556 1.13862299094 1.03841084979 1.29981856508 1.93345033322 2.25842131004 2.06460774715 1.2770913327 1.71227559207 1.4720211238 0.967338208849 1.25339225849 1.30099864459 1.11695009079
-9999 -9999 -9999 -9999 -9999 -9999 -9999 -9999 -9999 -9999 -9999 3.96016141778 3.25955412287 2.98961466569 1.8826994542 2.26210013465 2.08087685164 1.50605132678 1.25365465545 1.37118486133 1.33635758675 1.38185291333 1.36303457851 1.26237121249 0.886231348504 0.827385432329 0.784427954566 0.758950266631 0.837437745864 0.81139772605 0.88559894492 1.4208686351 2.2391967016 1.82502768268 0.641072795221 0.521897091911 0.706874536966 0.484307222452 0.826241384648 0.758556773221 0.914970337332 1.13022557901 1.37499730234 1.60172007822 1.81765099421 2.08424110944 1.59992930439 1.36776317796 1.39990446056 1.51312868568 1.47533924158 1.73965030802 1.90532062055 2.00117614528 1.59445572259 1.17505524869
-9999 -9999 -9999 -9999 -9999 -9999 -9999 -9999 -9999 -9999 -9999 -9999 2.36184951855 2.78758064331 2.38288288745 2.11579094568 1.9711630509 1.96729262793 1.581545099 1.43359946619 1.40058671589 1.28474464493 1.20937112231 1.2794897897 0.901261704091 0.933045965464 0.807038573223 0.850762879048 0.807434474425 0.751110180625 0.77603864711 0.832750827888 0.742923830441 0.770714900354 0.811819973756 0.175449700931 0.739240285396 0.573857413309 0.613350003789 0.985066300575 1.17960830292 1.14705376339 1.77865449239 2.10910672876 2.34881527325 2.22437842036 1.61052456506 1.39531186952 0.991150245447 1.22212680156 1.34419801501 1.06541775492 0.892302049584 0.885410598389 0.77771870315 0.658366984869
-9999 -9999 -9999 -9999 -9999 -9999 -9999 -9999 -9999 -9999 -9999 3.25344848397 2.97592017272 3.33850776805 3.27109099728 2.03429940139 1.52657129454 1.80430996073 1.44605492885 1.37052506237 1.01907792253 0.992139900282 0.833635348476 0.867556688889 0.848613176987 0.827193649822 0.708428235013 0.650679817585 0.675789770373 0.640526842739 0.604037685176 0.641281377591 0.613712980894 0.603005034516 0.702601053814 0.678605599961 0.780926653422 0.445329591056 0.448205932464 0.744067041317 0.994645914672 0.946818864877 1.67894414274 2.10059841991 2.88369055936 2.87658480203 2.21592172324 2.1144709412 1.46421260365 1.49168133023 1.1118118286 0.703507248709 0.620026526671 0.627534199881 0.586180400625 0.670339530023
-9999 -9999 -9999 -9999 -9999 -9999 -9999 -9999 -9999 -9999 -9999 3.47609104558 4.05057262455 3.86921569593 2.54500856864 1.87551032314 1.96774267207 1.93365803068 1.36621481225 1.43726457541 1.20408268495 1.09989785586 0.941791964708 0.961237233453 0.917767342805 0.921176335215 0.658151508663 0.767352643345 0.748384802445 1.09364843579 0.96386302061 0.662755449791 0.596799098626 0.60380583395 0.674322230974 0.473503491618 0.570172552068 0.945958812214 0.68105910981 0.737754094572 0.856557010512 1.13825933626 1.50298732698 1.44861931825 1.63427100811 1.52831708415 1.83039229559 1.8922823601 1.59314489188 1.63377889092 1.13382580522 1.23989820774 1.04259594114 0.960120748735 0.89927214455 0.800275695975
-9999 -9999 -9999 -9999 -9999 -9999 -9999 -9999 -9999 -9999 -9999 4.64942439139 4.35973829874 3.65011330024 3.47218922456 3.37639908413 2.06865868186 2.37620243527 1.82149102857 1.81912056368 0.942796607431 0.774752441423 0.957683383379 1.70262114597 1.25438812694 1.2495121355 1.2428215248 0.960489396021 0.671329202974 0.551432533213 0.572044380849 0.932415112639 0.986711822738 0.885006061938 0.67543199373 0.325493814112 0.255503026077 0.184560972309 0.506437758103 0.364997729895 0.979318091422 1.11454631312 1.20719032913 1.05275611927 1.07437650178 1.10255621834 1.22191094229 1.25456836224 1.14971234465 1.06261051377 0.844599928379 0.7533089036 0.529113920639 0.502077146623 0.467688712709 0.604231775599
-9999 -9999 -9999 -9999 -9999 -9999 -9999 -9999 -9999 -9999 -9999 -9999 4.55678281065 4.20876761955 3.11825601157 3.04335795199 2.82386732477 2.64185037978 1.82421579711 1.88229578984 1.70465599606 1.89809681014 1.27985303394 1.15965302368 1.11218264895 1.08308440092 0.825815924602 0.906855511623 0.790421281413 0.640151439486 0.500134756633 0.48139561825 0.51103749439 0.572972292479 0.593996183288 0.406242797177 0.32556011901 0.25648832781 0.543444290744 0.623436767571 0.930332325092 0.812839064323 1.00565097418 1.03937510082 1.19054323596 1.20768446556 1.07231270198 1.13989019382 1.02043104981 1.01714462392 0.895337508222 0.361059945696 0.30022618757 0.705891813028 0.495478067292 0.510825093966
-9999 -9999 -9999 -9999 -9999 -9999 -9999 -9999 -9999 -9999 -9999 -9999 5.38673266412 4.22363801651 3.50578652863 3.60004381523 2.7750779328 2.88213227345 2.29423541318 1.85841762666 1.63640434499 1.40687260228 1.23198814356 1.96084346486 1.36190572823 1.58612031948 1.70825102109 1.44721947521 1.04991548536 1.48219102857 1.06687551348 1.15239120904 1.08841009035 1.06708349472 0.630068118788 0.426365781865 0.322718653518 0.49700374609 0.855990743982 0.639720026976 0.963618816327 0.720059268054 0.689495115878 0.682651675477 0.799664275184 0.821876947113 0.796490603368 0.792522977341 0.73970142275 0.781366961565 0.771180606824 0.614367910968 0.61370673222 0.289217222352 0.221673850836 0.314930918818
