data/recharge/transience/oldversion/mHM_recahrge_585.ASC
ncols   80
nrows    72
xllcorner    4374000.0
yllcorner    5656000.0
cellsize      500
NODATA_value  -9999
[rows 0 to 23 of 72, columns 0 to 55 of 80]
-9999 -9999 -9999 -9999 -9999 -9999 -9999 -9999 -9999 -9999 -9999 -9999 2.42210130728 2.49174151744 -9999 -9999 -9999 -9999 -9999 -9999 -9999 -9999 -9999 -9999 -9999 -9999 -9999 -9999 -9999 -9999 -9999 -9999 -9999 -9999 -9999 -9999 -9999 -9999 -9999 -9999 -9999 -9999 -9999 -9999 -9999 -9999 -9999 -9999 -9999 -9999 -9999 -9999 -9999 -9999 -9999 -9999
-9999 -9999 -9999 -9999 -9999 -9999 -9999 -9999 -9999 -9999 -9999 -9999 3.36791037099 2.05591207117 1.54566465335 -9999 1.47234934739 -9999 -9999 -9999 -9999 -9999 -9999 -9999 -9999 -9999 -9999 -9999 -9999 -9999 -9999 -9999 -9999 -9999 -9999 -9999 -9999 -9999 -9999 -9999 -9999 -9999 -9999 -9999 -9999 -9999 -9999 -9999 -9999 -9999 -9999 -9999 -9999 -9999 -9999 -9999
-9999 -9999 -9999 -9999 -9999 -9999 -9999 -9999 -9999 -9999 2.80728119493 2.34669163043 2.78657757091 2.88388141908 1.78232795231 1.29097547774 0.896550609926 0.912059476581 -9999 -9999 -9999 -9999 -9999 -9999 -9999 -9999 -9999 -9999 -9999 -9999 -9999 -9999 -9999 -9999 -9999 -9999 -9999 -9999 -9999 -9999 -9999 -9999 -9999 -9999 -9999 -9999 -9999 -9999 -9999 -9999 -9999 -9999 -9999 -9999 -9999 -9999
-9999 -9999 -9999 -9999 -9999 -9999 -9999 -9999 -9999 2.43609730761 2.6755416894 2.77251982502 2.35577010984 2.46162493972 2.44164031467 2.15145999475 1.17291942336 1.41580026338 -9999 2.55145207153 -9999 -9999 -9999 -9999 1.45612208072 1.22934315495 -9999 -9999 -9999 -9999 -9999 -9999 -9999 -9999 -9999 -9999 -9999 -9999 -9999 -9999 -9999 -9999 -9999 -9999 -9999 -9999 -9999 -9999 -9999 -9999 -9999 -9999 -9999 -9999 -9999 -9999
-9999 -9999 -9999 -9999 -9999 -9999 -9999 -9999 3.22894665276 2.72462397084 2.22766696216 2.48455542878 2.39285773239 2.23325934547 2.12094892291 2.02479205428 1.13544425472 0.874011150003 0.972414995067 1.92214091819 1.83809588755 1.93934976699 -9999 0.96973470894 1.59202135127 1.35654491077 -9999 -9999 -9999 -9999 -9999 -9999 -9999 -9999 -9999 -9999 -9999 -9999 -9999 -9999 -9999 -9999 -9999 -9999 -9999 -9999 -9999 -9999 -9999 -9999 -9999 -9999 -9999 -9999 -9999 -9999
-9999 -9999 -9999 -9999 -9999 -9999 3.43888092717 2.63324100251 2.30100722349 2.4226843796 2.56850844037 2.98544889393 2.64683671945 2.5059476502 2.08714853634 2.24120512791 1.50108015508 1.34754728706 1.80740432008 1.902924988 1.78975030542 1.8886400619 1.67435791335 0.989741828011 1.05441676247 1.00461227803 1.13853082745 -9999 -9999 -9999 -9999 -9999 -9999 -9999 -9999 -9999 -9999 -9999 -9999 -9999 -9999 -9999 -9999 -9999 -9999 -9999 -9999 -9999 -9999 -9999 -9999 -9999 -9999 -9999 -9999 -9999
-9999 -9999 -9999 -9999 -9999 -9999 3.61737601166 3.12441558967 2.1810525959 2.09232689163 1.99912286842 2.43443337857 2.19973679372 1.73604651844 1.62717915609 1.68370436722 1.97308917784 2.98660391512 3.11191941309 1.46526835381 1.5206000311 1.73302436026 1.6533613008 1.40188678747 0.86507077423 0.772921453135 1.0631498247 1.674639907 2.06715067012 1.95551679919 2.29094066072 2.2594775071 -9999 -9999 -9999 -9999 -9999 -9999 -9999 -9999 -9999 -9999 -9999 -9999 -9999 -9999 -9999 -9999 -9999 -9999 -9999 -9999 -9999 -9999 -9999 -9999
-9999 -9999 -9999 -9999 -9999 4.47548033849 3.76629990549 3.73173181364 3.08433589389 3.04709588088 2.6812505747 2.4676016723 1.89003254103 2.14256313 1.86548308566 1.95227024875 2.96916348975 2.41615486143 3.61666313441 1.39302896846 1.52729215419 1.47961068937 1.5739773368 1.62074839929 1.09756426823 1.20560399236 1.01527186508 1.1403921262 1.98795835826 1.94339702018 1.83191403996 1.92483046339 1.70399645063 1.64358362602 -9999 -9999 -9999 -9999 -9999 -9999 -9999 -9999 -9999 -9999 -9999 -9999 -9999 -9999 -9999 -9999 -9999 -9999 -9999 -9999 -9999 -9999
-9999 -9999 -9999 -9999 -9999 4.63367654198 4.09138008148 4.12006157571 3.44419683014 3.19809150967 2.92166269592 3.10393847612 1.99347025912 2.10968433094 2.47600621078 2.29917286279 1.42653623245 1.56388291912 2.33987508943 1.23333510198 1.68674888464 1.39019763404 1.66057541858 1.59770032051 1.52768101543 1.04388622646 0.780055670163 0.723346734897 1.44553468277 1.76304659651 1.92260879827 1.50940944702 1.5815068292 1.51674146205 1.35963281438 1.48660473802 -9999 -9999 -9999 -9999 1.52135377631 1.4557946519 -9999 -9999 -9999 -9999 -9999 -9999 -9999 -9999 -9999 -9999 -9999 -9999 -9999 -9999
-9999 -9999 -9999 -9999 -9999 4.27636685718 3.83191661004 3.65486783445 3.6145571256 3.84292636227 3.33033165935 3.17672476368 2.62617282301 2.97869016334 2.70652075172 1.9619210906 1.41473610873 2.11663006019 2.12375023026 1.95196022222 2.14272212832 1.41137415478 1.40519417843 1.3570090546 1.49837115566 1.16434608673 0.812280388449 0.655001232215 1.29385791209 1.37039027465 0.980785996228 1.32608148514 1.56258629656 1.04365475945 0.829283289956 1.54338898378 1.50858445017 -9999 -9999 1.55896593972 1.61158429415 1.55590341875 1.37273516529 -9999 -9999 -9999 -9999 -9999 -9999 -9999 -9999 -9999 -9999 -9999 -9999 -9999
-9999 -9999 -9999 -9999 -9999 -9999 4.75839373799 4.71444329913 4.08027087232 3.88078004746 3.17733748938 3.46199843333 4.13253548387 9.03900059806 1.96006858732 1.92021053085 1.67765318504 1.61145285721 1.47565573567 1.56802210176 1.51803942096 1.5790914021 1.46281947814 1.56749771297 1.43059813008 1.30958605684 0.587897306019 0.651304946485 0.910593595701 1.26076420364 1.20723841284 1.31687417772 0.879909577114 1.14681662176 1.13318292216 1.35482971984 0.869404581361 0.678732666614 1.43308297006 1.39696761248 1.35260726417 1.56873213986 0.715531759977 0.546732909847 -9999 -9999 -9999 -9999 0.734098197471 0.646674513464 0.358273574287 -9999 -9999 -9999 -9999 -9999
-9999 -9999 -9999 -9999 -9999 -9999 -9999 4.0906263275 3.73548718796 4.24497696405 3.85675538724 3.48616056116 2.87900922347 1.94045640006 1.36206334079 1.96603079824 2.09547309752 2.27976202178 2.05254531793 1.75782296615 1.43904043462 1.44710394641 1.3951555266 1.40751427231 1.33289469742 1.22842456627 0.836640685866 1.0115335937 1.27419649612 1.12531695616 0.895805217122 0.968785661541 1.01041273865 1.08401027137 1.38418359446 1.37481015661 1.17960390659 1.09270591186 1.40685877849 1.4040605121 0.817776919851 0.634204890198 0.331055150255 0.294138428529 0.240918285237 0.287734916608 0.312010048172 0.241879187339 0.225438617132 0.33840806144 0.534857122929 0.429916393273 -9999 -9999 -9999 -9999
-9999 -9999 -9999 -9999 -9999 -9999 -9999 -9999 3.4995507025 3.35469628378 3.46494653712 3.82565434799 3.00755760887 3.25588418165 2.98043096683 2.74376675186 2.01669543073 2.02589847102 1.62016841624 1.77808146971 2.11083062437 2.02650244639 0.556736774403 0.336452296503 0.363491604583 0.293026129715 0.507784558672 1.12135221546 0.814076737402 0.478393810565 0.845621725169 0.686797998599 0.828913452765 0.659552999953 0.858226963558 1.11590934537 1.160149715 1.25200905457 1.1860682083 1.17496341835 0.718634569527 0.358186726519 0.229090773633 0.199794995393 0.189167164007 0.165412005694 0.189915242919 0.159039810279 0.140982439108 0.227005894031 0.354669201254 0.379233810493 0.358032466233 -9999 -9999 -9999
-9999 -9999 -9999 -9999 -9999 -9999 -9999 -9999 4.24929360088 3.74782315965 3.23026756098 3.25091211438 2.87788369794 2.85829356819 2.35102456694 2.30455008169 1.80991923926 1.93840831099 1.78006439024 1.90270917084 1.92390248995 1.98218550227 0.496534142398 0.798257197125 0.505703709961 0.316486119629 0.339042029587 0.605574241229 0.596901156923 0.495221632124 0.531146671327 0.571984988007 0.526732292056 0.578200763695 1.06652207573 0.974589962054 1.29290003944 1.21536512584 1.18375371484 1.16660510712 1.1223867205 0.380877023554 0.204917845353 0.204452671303 0.166108080072 0.1634232729 0.186343933297 0.165151495221 0.155263050579 0.394514785579 0.366890272873 0.36879242031 0.520144398953 0.801773553525 0.660265683709 0.69546724893
-9999 -9999 -9999 -9999 -9999 -9999 -9999 -9999 -9999 4.54803954505 3.7271657627 3.05151917113 2.87589638226 2.62208349602 2.11809654765 2.10478781635 2.20283902489 2.39223837527 2.3265462815 2.31061863335 2.28508718787 1.57434685891 0.973635842492 1.47328709181 0.76086454115 0.514552303229 0.275623596381 0.245352742857 0.203577769315 0.944254542986 0.80262048781 0.72647370069 0.700809040526 0.426730376473 0.673351759614 0.896666416432 1.0841313759 1.03568341275 0.987127661313 0.995555156528 0.950232530458 0.738213083221 0.147687402748 0.218720938202 0.146765952377 0.119332300018 0.101201038992 0.102551658972 0.217016444222 0.274567877775 0.272925892835 0.264235239328 0.392280471712 0.6484022175 0.651079122824 0.176051518618
-9999 -9999 -9999 -9999 -9999 -9999 -9999 -9999 -9999 -9999 3.11691402781 3.11790937395 2.74398497973 2.59928286727 1.94611764436 1.75842844657 1.227991325 1.70515610602 1.31265535737 1.08355191171 1.012326951 0.930456493988 0.713273229213 0.352679505498 0.382483896004 0.524475481671 0.402893089476 0.287263841397 0.213385354502 0.295754038955 0.905159982804 0.908745513352 0.964828837959 0.712801483383 1.03746238495 0.990159967318 1.06219097806 1.03636744067 0.993427540099 0.998148675729 0.987923163639 0.90406354873 0.407297795641 0.198341115625 0.292163066193 0.254759206223 0.183344862475 0.119255448407 0.350496814477 0.330159446147 0.315585011208 0.303895332062 0.278879748544 0.50479726658 0.581523809697 0.156390362425
-9999 -9999 -9999 -9999 -9999 -9999 -9999 -9999 -9999 -9999 -9999 3.93882880174 2.97462032311 2.30261925463 1.94360525386 1.45627674995 1.19373299959 1.17219420155 1.25649184264 1.68517859206 1.86648552587 1.69666951227 0.904901510135 0.591020861672 0.28633204463 0.0890724399225 0.228008764136 0.535739324206 0.53596722254 0.617623600503 0.260071848648 0.488017206482 0.527252404981 0.587566152734 0.487077076022 0.471708078242 0.894089813178 0.889008899187 0.911297477294 0.910951276062 0.791382934983 0.652084954464 0.664607109434 0.320800192272 0.18307018782 0.107955863072 0.135351530073 0.222336760652 0.198583397186 0.345973708873 0.287475626617 0.468574842308 0.574544602624 0.541386952962 0.466842556283 0.431087579584
-9999 -9999 -9999 -9999 -9999 -9999 -9999 -9999 -9999 -9999 -9999 1.81694268499 1.68147680723 2.19495628737 2.11543156003 1.60073233825 0.989333461438 1.0411663571 1.82276426842 1.8399776578 1.72493538078 1.91301098786 0.871871140439 0.660173710736 0.802737324347 1.18204796689 0.356930802452 0.249904730195 0.233248755614 0.279616887111 0.336109693165 0.262056667127 0.0796287305589 0.110793787881 0.152521757734 0.606316061267 0.891049997006 0.903448634125 0.892276282918 0.821523784771 1.07277165132 0.712152185011 0.575472534284 0.624589384413 0.400072655353 0.231596364196 0.324433093488 0.412672287491 0.347243063296 0.194241204926 0.177360683559 0.167479351908 0.116285902081 0.467993464657 0.550069085055 0.47981218222
-9999 -9999 -9999 -9999 -9999 -9999 -9999 -9999 -9999 -9999 -9999 3.4557645321 2.79673081258 2.62447770241 1.95165764461 1.7387993132 0.933748280979 0.74259596633 0.978660860621 1.33904312215 1.50077723035 1.52861271367 1.00269239626 0.565956149138 0.848718610958 1.0210993263 0.944689391014 0.929520795913 0.837726032361 0.368284494819 0.15143829332 0.234765731323 0.430372743881 0.521244133382 0.23230556146 0.301555482871 0.176250070494 0.0868671035305 0.559153981476 0.545939975785 0.515868576916 0.685823825929 0.637865577816 0.709867991012 0.865660104095 0.795575782857 0.282692653157 0.241562637964 0.23046847512 0.206122834742 0.134014189545 0.163590796778 0.177944826114 0.21929854404 0.43643750089 0.483638384606
-9999 -9999 -9999 -9999 -9999 -9999 -9999 -9999 -9999 -9999 -9999 -9999 2.35276109745 2.61680695736 2.26335048772 1.80675089499 1.36275742299 0.966396287562 0.728446481385 1.57704811026 1.54047629705 1.46924557238 1.32206427456 1.20729956734 1.06418213156 1.08314089859 0.958124240394 0.983445826019 0.909563638844 0.877198487103 0.861984502654 0.893172143506 0.471798264655 0.160552766422 0.211806374647 0.312351455701 0.303450972275 0.142401216034 0.0913435708889 0.811311519264 0.869078590644 0.609849947102 0.772230362513 0.886642242715 0.90496437735 0.957678101308 0.371152782362 0.24635856916 0.166530521306 0.196077802516 0.118976512387 0.0924586707307 0.0729787718438 0.0748488300789 0.0706193692593 0.110694981684
-9999 -9999 -9999 -9999 -9999 -9999 -9999 -9999 -9999 -9999 -9999 2.89597218104 2.73204367924 2.76881248935 2.36349278114 2.77592324709 1.66434491041 1.58437178708 1.04758887453 1.49766422262 1.25662827346 1.23992826775 1.08335044039 1.10453909554 1.03299996126 1.0200034984 0.788112475807 0.855157374832 0.823883964908 0.80235755581 0.753025778655 0.774804681698 0.730054359268 0.723871313242 0.750739033535 0.140348552498 0.193757749127 0.0858946244908 0.0675281766432 0.406934625967 0.696343643003 0.405158235291 1.09461245229 1.11287146026 1.19459917123 1.16754329512 0.997214350966 0.377529799665 0.213938045139 0.197386313883 0.108033293388 0.0600043112055 0.0505375918539 0.0512121137349 0.0459245209745 0.053837579616
-9999 -9999 -9999 -9999 -9999 -9999 -9999 -9999 -9999 -9999 -9999 3.03482982774 3.4250216081 3.14155622864 2.28896336471 1.61228676764 1.70310478615 1.48440266275 1.49592144413 1.45597701487 2.25653473306 2.80215325087 1.05977128279 1.16122306828 1.07427083033 1.00610790572 0.626483282977 1.18501457112 0.818558799676 1.0643324049 0.956157542846 0.787376622491 0.720352116098 0.724311810297 0.735709407562 0.101549658319 0.104431068125 0.152704331367 0.086254844515 0.124691830017 0.551120296532 0.368742953846 0.51068709129 0.704202054743 0.676207631102 0.653149591652 0.726093383338 0.693961300203 0.383983671386 0.273309195848 0.101438253997 0.112476146005 0.0884991077787 0.0818280617145 0.073884692376 0.0647600639605
-9999 -9999 -9999 -9999 -9999 -9999 -9999 -9999 -9999 -9999 -9999 3.74949090843 3.69304855487 3.00255495151 2.71371419804 2.59520157187 1.35903072427 1.37376660449 1.3125880089 1.83633659807 1.0446329082 0.769522554477 0.943889235766 0.716298328277 0.415516838636 0.413725514878 0.490549246017 0.540706443115 0.480495083553 0.559404351132 0.581256886649 0.994515278259 0.965822893595 0.910019355756 0.730958298689 0.0745417457053 0.0767659763591 0.0416464567412 0.0917116495137 0.0706390211455 0.619262460443 0.801606282157 0.486195911619 0.303087043068 0.30875947796 0.3094554898 0.535459315648 0.557306650687 0.59309831356 0.612832232303 0.142818186993 0.0615301510187 0.0474742279415 0.0525042110784 0.0545176077805 0.051394824183
-9999 -9999 -9999 -9999 -9999 -9999 -9999 -9999 -9999 -9999 -9999 -9999 3.8259992492 3.59258691543 2.84947140567 2.01003303901 1.33965975652 1.62200959143 1.45923178712 1.61111951313 1.16673037398 1.80738597702 0.546145434642 0.386572979919 0.369053008934 0.359745078407 0.272997297075 0.297168391858 0.253237980938 0.210834610983 0.16727693838 0.350328268328 0.693959095544 0.73135356459 0.686725870801 0.103796721665 0.0964145840447 0.060510770473 0.118881789252 0.11158963289 0.690671791347 0.704663480154 0.622873587351 0.358482092767 0.337021997733 0.314206698061 0.404685260446 0.523790390014 0.511631825661 0.637375233413 0.530047262334 0.170175415174 0.121096418835 0.13587907383 0.0741635968828 0.0771740925345
