data/recharge/transience/oldversion/mHM_recahrge_404.ASC
ncols   80
nrows    72
xllcorner    4374000.0
yllcorner    5656000.0
cellsize      500
NODATA_value  -9999
[rows 24 to 47 of 72, columns 0 to 54 of 80]
-9999 -9999 -9999 -9999 -9999 -9999 -9999 -9999 -9999 -9999 -9999 -9999 3.61705320634 2.6747088292 1.76964525973 1.39801631744 0.822762540808 0.964178718162 0.750649413888 0.583798967668 0.597738664756 0.520230345674 0.325544516631 0.528422738129 0.30090261595 0.381589906148 0.429181531995 0.331161645818 0.194319720056 0.330193961013 0.183070585583 0.205583600782 0.218444840842 0.232327988015 0.0554705621458 0.0662459317702 0.0537620361158 0.0705028276458 0.119314871362 0.0663901482327 0.110639598587 0.0934796150007 0.082110603088 0.0816792615676 0.0964844582814 0.0936311827581 0.0669079749486 0.053132457967 0.0503936864361 0.0730977143567 0.0624172191548 0.0391301434422 0.0346370253116 0.0168288540571 0.0150268298377
-9999 -9999 -9999 -9999 -9999 -9999 -9999 -9999 -9999 -9999 -9999 -9999 2.59710831601 2.62372053257 1.9233527025 1.81894938463 1.01301781221 0.9792631265 0.589541316762 0.862844955121 0.559613418441 0.572698153809 0.401099298993 0.125860683614 0.17685366152 0.389199558337 0.53503491442 0.378331236158 0.214122100401 0.157183124667 0.108023171576 0.0905949060238 0.064928402623 0.0639614467993 0.0587734303588 0.0295827335155 0.0456497944309 0.0767313250672 0.0536523005485 0.0601306533697 0.0499022984397 0.0278583636443 0.0486025710611 0.0817760219411 0.0793724827306 0.082901938044 0.0860297531606 0.0849369407315 0.0804632468483 0.0923259542686 0.0758810161781 0.0368313445838 0.0231092829514 0.0166530078977 0.0181554348694
-9999 -9999 -9999 -9999 -9999 -9999 -9999 -9999 -9999 -9999 -9999 -9999 -9999 2.01333439541 1.98128988599 2.13037372875 1.30850614617 1.12415369471 0.693240543349 0.563566349918 0.467637969482 0.701280747147 0.627510772685 0.420196711989 0.341482297843 0.225849621838 0.253854796376 0.203547153405 0.175010367007 0.213213069331 0.132238649902 0.108381977725 0.0886078719904 0.0377211613119 0.0519881912032 0.0047647173437 0.0234761407784 0.0590281403987 0.0702787653557 0.0414518313083 0.0310417835606 0.0502513503747 0.0242556881411 0.0252517096601 0.0214090475426 0.0294168011271 0.047925278617 0.0445079926943 0.0179247645597 0.0117628179217 0.0137714199038 0.0165177028812 0.0186617873696 0.0142150133458 0.0227456113038
-9999 -9999 -9999 -9999 -9999 -9999 -9999 -9999 -9999 -9999 -9999 -9999 -9999 -9999 1.51153355828 1.56745988838 1.04110246855 0.923508754437 0.718808294884 0.812136114508 0.542947674426 0.769391268504 0.615370489765 0.492787169858 0.240166156774 0.220381639232 0.234781517901 0.342086032496 0.193079198649 0.143646344936 0.133455037601 0.149847338942 0.152532596755 0.0626754791038 0.0606937074244 0.0116259671418 0.0148075617906 0.0524080260782 0.0562850635586 0.0178469204302 0.0122242069748 0.0324982969422 0.047873289604 0.0308976729653 0.018797038699 0.0242478298323 0.0200444332035 0.0153999250325 0.0174721939383 0.0218899112765 0.0183717121175 0.0115139847097 0.0100081842218 0.00894461334946 0.0343475098106
-9999 -9999 -9999 -9999 -9999 -9999 -9999 -9999 -9999 -9999 -9999 -9999 -9999 -9999 1.25067604099 1.02192270951 1.12772352447 0.938281603949 0.71392289737 0.787293069728 0.666536336132 0.759076654595 0.396428843572 0.687172208986 0.450838421443 0.519648378178 0.180288398301 0.248495918745 0.25845670197 0.264656949214 0.0991898144289 0.0745024216117 0.181297647471 0.586127292288 0.254805061394 0.0217398616714 0.0199866965662 0.0332461989513 0.0156721536801 0.0104523795204 0.015780049238 0.0241395787522 0.029222429244 0.0395781017441 0.0300262253963 0.0208440912962 0.00530248584151 0.00474142294722 0.00702232564638 0.0103622052844 0.022860744616 0.0291321875626 0.0334029923973 0.0103649044858 0.00567429011724
-9999 -9999 -9999 -9999 -9999 -9999 -9999 -9999 -9999 -9999 -9999 -9999 -9999 -9999 1.4225209484 1.43515877166 1.29774947418 1.11469014011 0.986190398121 0.976440322825 0.734977576241 0.800668526609 0.690505347242 0.490146359306 0.290377508591 0.238330908269 0.311446697546 0.338011060672 0.186795933633 0.23243462648 0.176998152039 0.129181134801 0.123514650288 0.15497480363 0.284623446173 0.0232845413875 0.0361139844833 0.229676402989 0.0327022040522 0.0094063835831 0.0231517297109 0.0312432100673 0.0226051102909 0.0242819959482 0.0172129749007 0.0217692112848 0.0135670475757 0.0234358138429 0.0616463336924 0.0668052036401 0.042868641974 0.0221723754415 0.0337658982197 0.0294031093733 0.0241689850388
-9999 -9999 -9999 -9999 -9999 -9999 -9999 -9999 -9999 -9999 -9999 -9999 -9999 -9999 2.89113503753 2.24902201314 1.85985778279 1.80493860448 1.34742154187 1.60321961268 0.817489386627 0.75024572056 0.675302971519 0.585721953624 0.318069676631 0.373383886758 0.247077794614 0.407002127419 0.277078759619 0.224074624527 0.190265331018 0.235340136637 0.170312728467 0.0435110630248 0.0265664230586 0.0271407141273 0.0189165992611 0.0841402097842 0.013655722556 0.0313174184729 0.0117657875753 0.0200935438371 0.0118269205522 0.014276623275 0.0108693534192 0.0141915882205 0.0323214463509 0.0377843273599 0.085380860779 0.100168317014 0.0610129576154 0.0778370583961 0.0429628538895 0.0502252855696 0.0443016288587
-9999 -9999 -9999 -9999 -9999 -9999 -9999 -9999 -9999 -9999 -9999 -9999 -9999 -9999 -9999 1.70053931214 1.40016706616 1.25713437459 1.47970076466 0.947431457526 0.553569620527 0.55881456026 0.570219815201 0.626466338029 0.312723146751 0.371752149508 0.219076694539 0.302584089724 0.253339890244 0.200798484192 0.130318285531 0.130846692646 0.0909184835685 0.131036060499 0.0312366710136 0.0318582986943 0.0243203039503 0.0233734124539 0.0196375241077 0.00632841997641 0.0024337817976 0.00431657283051 0.0102498642971 0.00924913226886 0.00932877090562 0.0112845156651 0.0125624895839 0.0142526167814 0.0200017717706 0.0233695105234 0.0154768028384 0.0125137203907 0.0276427996391 0.0709400757465 0.0624141105151
-9999 -9999 -9999 -9999 -9999 -9999 -9999 -9999 -9999 -9999 -9999 -9999 -9999 -9999 -9999 -9999 1.36000472365 1.03455807046 1.04072706619 1.55857266547 1.12310121441 1.17342586347 0.51141164524 0.362516669756 0.353045704421 0.291956339107 0.191990765937 0.111541469528 0.121977508471 0.172891106697 0.248008398915 0.151394917218 0.278352955051 0.163248524495 0.0279359476016 0.0343294369984 0.0295256630575 0.034832083681 0.0305273177786 0.0534219614712 0.0287621282731 0.0220075188088 0.0246629926002 0.0220801924289 0.0107189497932 0.00737140311761 0.00550386729477 0.0186248783672 0.0135671029479 0.00831402746407 0.0156103925559 0.0352334700955 0.0206128086542 0.0142753190133 0.0187795083418
-9999 -9999 -9999 -9999 -9999 -9999 -9999 -9999 -9999 -9999 -9999 -9999 -9999 -9999 -9999 -9999 1.32132736052 1.39890353372 1.41105724546 1.13358558495 0.757445259086 1.02772646967 0.742483216111 0.468384277825 0.329101069396 0.3941729166 0.227976185279 0.186427435435 0.102473219682 0.125284969639 0.0699727269183 0.076335192364 0.0787586430289 0.10592511347 0.0595532421259 0.0312878592503 0.0498661257679 0.0369601855767 0.0295280160778 0.0286571181802 0.0110928846282 0.00702827933804 0.0108569711775 0.0643920485646 0.0331535670284 0.0208646037335 0.0151397329734 0.00743084707706 0.0083620753075 0.0122966422968 0.022911510193 0.0252350370876 0.0410026716906 0.046362533708 0.0671607811534
-9999 -9999 -9999 -9999 -9999 -9999 -9999 -9999 -9999 -9999 -9999 -9999 -9999 -9999 -9999 0.706566775338 0.697804436522 0.856097810891 1.08502622291 1.03014656611 0.727049343491 0.735236327497 0.467347425673 0.418336541787 0.279587440763 0.319171679084 0.230286559133 0.254712794549 0.104928020841 0.164603696043 0.166022963646 0.175407908005 0.164423728934 0.0556267777559 0.0159846675643 0.0209358832844 0.0214453066442 0.0934410507099 0.0632034775602 0.0181010008313 0.0127649541137 0.0175721427141 0.0238809509954 0.0233516494681 0.024422068999 0.0169680065316 0.00175913414982 0.00464524020885 0.0113640412573 0.0243835878035 0.0150418591987 0.00932778947984 0.0113903756528 0.0141531645684 0.0168477821618
-9999 -9999 -9999 -9999 -9999 -9999 -9999 -9999 -9999 -9999 -9999 -9999 -9999 -9999 0.973390274365 0.846016929538 0.751955116843 0.792562466463 0.742172384564 0.893014400759 0.639733834407 0.784737785358 0.453244777783 0.48830404657 0.282391852805 0.255088330241 0.181824544245 0.220147456888 0.206124600447 0.20565510328 0.132673681327 0.138581591156 0.0691318472449 0.0845567894643 0.132759572273 0.119174188662 0.00923855739883 0.00699185896478 0.0271803224274 0.0221138425428 0.0102631363048 0.01836139404 0.0161339396928 0.0182010052455 0.0117893762911 0.00958245830931 0.00633808379469 0.0209959222938 0.0232128947428 0.0150357088806 0.011757501605 0.0115359035031 0.0131240297957 0.0125534542321 0.0111275871235
-9999 -9999 -9999 -9999 -9999 -9999 -9999 -9999 -9999 -9999 -9999 -9999 -9999 -9999 1.09567083372 1.21759738984 0.958735834317 0.66439008058 0.482677049684 0.425020972716 0.45197039064 0.59955592197 0.440214534842 0.49097362775 0.276766997818 0.204032542458 0.130704447919 0.136344925368 0.12339171112 0.202788680997 0.175427346986 0.153649383276 0.185941218266 0.144131460021 0.105689448712 0.146709091789 0.0885809976809 0.1252476149 0.0498374819779 0.0517116886062 0.0746309395087 0.0656526125109 0.0221806743071 0.0196799683912 0.0171773354457 0.00861648555767 0.0173462891452 0.0518929937292 0.0491423059204 0.0577393800366 0.0568373091459 0.0556414849775 0.031520147652 0.0244456492553 0.0315733022728
-9999 -9999 -9999 -9999 -9999 -9999 -9999 -9999 -9999 -9999 -9999 -9999 -9999 -9999 -9999 -9999 0.994278893505 1.53227594663 1.55116903408 1.48129271188 0.777815782283 0.494292568673 0.566421311897 0.572501453343 0.310261655413 0.25682750868 0.0969324531807 0.107909277809 0.0649967774858 0.134786712938 0.130017897088 0.159484433518 0.149550967043 0.104420856372 0.11415307998 0.116601342658 0.0949390663282 0.0510557560765 0.0927033871538 0.116252793961 0.0492184768769 0.0413821249387 0.0288894895091 0.0133288633148 0.0112642659394 0.0141149490988 0.0124365348035 0.0169784887733 0.0238623797348 0.0285799653253 0.027020818446 0.0286559513081 0.023451039908 0.0177974866183 0.00877299134862
-9999 -9999 -9999 -9999 -9999 -9999 -9999 -9999 -9999 -9999 -9999 -9999 -9999 -9999 -9999 -9999 1.91355126228 1.68252212308 1.53414912693 0.78925133451 0.81766041615 0.781854084138 0.362636951827 0.418014533508 0.39273491607 0.359156806921 0.228406594331 0.206060660211 0.162266438187 0.173873043849 0.219007953063 0.189076443732 0.117633478606 0.112133333291 0.0587197374578 0.0678243424586 0.0728480585217 0.103149615851 0.0465939257479 0.0391759714055 0.0594405210001 0.100540365584 0.0113956586433 0.0207518935433 0.0461367969197 0.0120120785572 0.00449010561554 0.00839743108113 0.0170884073956 0.00996063470865 0.00650379791156 0.00673950373151 0.00438736417835 0.0059422650353 0.00566764447339
-9999 -9999 -9999 -9999 -9999 -9999 -9999 -9999 -9999 -9999 -9999 -9999 -9999 -9999 -9999 -9999 -9999 -9999 1.59013460543 1.03144256249 0.582949438904 0.791580901737 0.581001706267 0.562058995631 0.351555732434 0.30363441526 0.185715131512 0.205482971776 0.159567008412 0.149567019652 0.0854499734268 0.0653166422905 0.0586224176037 0.0814087651959 0.056652668208 0.0890992244579 0.0857254708409 0.0455706773175 0.0386351865256 0.0753779264495 0.0420552314942 0.0329248764053 0.0203744616048 0.0200672684076 0.0213419571374 0.0204265168845 0.00618286340364 0.00638929563909 0.0107342430492 0.00610073816552 0.0095478222467 0.0143258409614 0.00458813083338 0.00487129274144 0.00670527973121
-9999 -9999 -9999 -9999 -9999 -9999 -9999 -9999 -9999 -9999 -9999 -9999 -9999 -9999 -9999 -9999 -9999 -9999 -9999 0.629284679515 0.610700350451 0.736497443142 0.592421196637 0.873487598251 0.465744385083 0.421342772144 0.232937741695 0.181069221026 0.086092872968 0.0789528036145 0.0776061771718 0.117461958611 0.0604560772501 0.0482137652504 0.0324276225825 0.0304898769487 0.0278700950522 0.0508533997708 0.0404738671142 0.0571397883344 0.0354217692945 0.029263722367 0.0190559186818 0.0305085317813 0.0322991240072 0.0347291681596 0.0147415182731 0.00536496364032 0.00363875452741 0.00996535112774 0.00603368043202 0.00721112081861 0.00432018291679 0.00422166312055 0.00629542873699
-9999 -9999 -9999 -9999 -9999 -9999 -9999 -9999 -9999 -9999 -9999 -9999 -9999 -9999 -9999 -9999 -9999 -9999 1.17875465953 1.47935219939 1.49627367851 1.39064378214 0.719015969326 0.581905732947 0.440809654924 0.415089519846 0.284860535045 0.230582691097 0.121113677179 0.0999490462898 0.0288182092815 0.0527571738576 0.0446239984902 0.0589896343124 0.0535784351764 0.07406979153 0.107326489599 0.0966938012076 0.082271751577 0.0772095984953 0.0724212997229 0.0352930833909 0.0273549330632 0.0106001046011 0.0178635135521 0.00785316480195 0.0304709142941 0.0327130122081 0.0156472890631 0.00576976681128 0.00825859174019 0.0234691059988 0.0218161605499 0.02275805896 0.0126296783039
-9999 -9999 -9999 -9999 -9999 -9999 -9999 -9999 -9999 -9999 -9999 -9999 -9999 -9999 -9999 -9999 -9999 -9999 -9999 2.19870365405 1.97884223884 1.71638205219 0.79346960428 0.613899512697 0.562735921755 0.546100314191 0.23317198234 0.345581606438 0.157569412482 0.240688158117 0.142854712793 0.137971745462 0.100305500528 0.0861000929522 0.053253022254 0.03130647026 0.0267087591338 0.0207576165181 0.0165184439886 0.0165067895393 0.0191130728664 0.0385257834956 0.0152308926728 0.00860149397052 0.00884966752221 0.0485987779362 0.0514706023036 0.0279507703046 0.0210856444783 0.00976492849457 0.00150671013836 0.00147672025213 0.00192627694083 0.0133825581609 0.0096859656208
-9999 -9999 -9999 -9999 -9999 -9999 -9999 -9999 -9999 -9999 -9999 -9999 -9999 -9999 -9999 -9999 -9999 -9999 -9999 -9999 1.2023241251 1.54509146364 0.824420116448 0.618941638736 0.397222022841 0.505642921522 0.250884781043 0.377018673722 0.40175931801 0.325844118367 0.207481969002 0.190784890792 0.0593982783279 0.0913676768745 0.0352627501112 0.0400146301249 0.0559039633246 0.0725206268563 0.0686720963056 0.0579882359576 0.0334789329338 0.0609780016808 0.0696124351248 0.0539095908758 0.0918119845784 0.0687127380949 0.047635724131 0.0608573976151 0.0419486021587 0.029113883683 0.0167728900289 0.00785242997916 0.00252153503899 0.00143313742458 0.00196785781859
-9999 -9999 -9999 -9999 -9999 -9999 -9999 -9999 -9999 -9999 -9999 -9999 -9999 -9999 -9999 -9999 -9999 -9999 -9999 -9999 -9999 1.33429429012 0.987411243546 0.961892994497 0.368776524934 0.310370644332 0.254468696918 0.43512265718 0.310067174179 0.2785585467 0.294893098985 0.289668233781 0.0915059226876 0.0484262657916 0.111885025817 0.139990721676 0.0892078510688 0.0503189878225 0.0423901457053 0.0459865205426 0.0845414072735 0.0955866052743 0.12006568366 0.0616807405655 0.0424630586641 0.0236429413311 0.0381676992024 0.0466913064085 0.0453100742015 0.0697608678974 0.253481193358 0.0213265235458 0.0162035138622 0.00664913602676 0.000838569002455
-9999 -9999 -9999 -9999 -9999 -9999 -9999 -9999 -9999 -9999 -9999 -9999 -9999 -9999 -9999 -9999 -9999 -9999 -9999 -9999 -9999 0.860116839286 0.703465622785 0.711155658082 0.507765913161 0.652479362218 0.389138733511 0.304272642111 0.200053244244 0.293914440561 0.169664211275 0.194289838358 0.124348644244 0.117364624656 0.0479154909762 0.0690036676182 0.0535039659588 0.0467553793371 0.0374677500225 0.077069356601 0.0870076159262 0.0787517899906 0.0456105779033 0.0458103341448 0.077090380599 0.0689762559425 0.0590813127124 0.0558775384886 0.0270881248282 0.0297642612118 0.0432399439641 0.0150772392925 0.00266542385579 0.00267739848671 0.00274555764332
-9999 -9999 -9999 -9999 -9999 -9999 -9999 -9999 -9999 -9999 -9999 -9999 -9999 -9999 -9999 -9999 -9999 -9999 -9999 -9999 -9999 -9999 0.812275213287 1.19482085888 0.645620656803 0.60946345384 0.35871259924 0.313700392993 0.195958316884 0.200682139602 0.176674789943 0.200255699894 0.115985262942 0.137231726573 0.170183275927 0.0979190994523 0.102548324486 0.0826476377262 0.0658118807206 0.0828998636123 0.0907200347636 0.0379998049057 0.0467796457844 0.0808204358025 0.0301919986525 0.025000138815 0.0177154722924 0.0271662885763 0.045953719974 0.0144771138691 0.00873910003761 0.00363568402423 0.0114704772677 0.00681316031491 0.00108949962451
-9999 -9999 -9999 -9999 -9999 -9999 -9999 -9999 -9999 -9999 -9999 -9999 -9999 -9999 -9999 -9999 -9999 -9999 -9999 -9999 -9999 -9999 0.900837185203 0.831590314054 0.583223785502 0.765025045648 0.448185191211 0.26754968727 0.250270008568 0.26168705635 0.177494989936 0.190322178192 0.171931031089 0.171593439006 0.102634166116 0.189523431166 0.0941791279891 0.0841493288796 0.121476405271 0.115318224839 0.0500304313376 0.094892049758 0.048761320715 0.0299443602639 0.0248389090654 0.0432744261232 0.0715168410355 0.0721485454489 0.0240258683306 0.0164552369565 0.00647946358915 0.00619187766249 0.00421347717591 0.0165953241278 0.00560141929326
