data/recharge/transience/oldversion/mHM_recahrge_395.ASC
ncols   80
nrows    72
xllcorner    4374000.0
yllcorner    5656000.0
cellsize      500
NODATA_value  -9999
[rows 0 to 25 of 72, columns 0 to 56 of 80]
-9999 -9999 -9999 -9999 -9999 -9999 -9999 -9999 -9999 -9999 -9999 -9999 26.2288357655 26.9420887612 -9999 -9999 -9999 -9999 -9999 -9999 -9999 -9999 -9999 -9999 -9999 -9999 -9999 -9999 -9999 -9999 -9999 -9999 -9999 -9999 -9999 -9999 -9999 -9999 -9999 -9999 -9999 -9999 -9999 -9999 -9999 -9999 -9999 -9999 -9999 -9999 -9999 -9999 -9999 -9999 -9999 -9999 -9999
-9999 -9999 -9999 -9999 -9999 -9999 -9999 -9999 -9999 -9999 -9999 -9999 21.9176790872 21.3091563972 21.0143837234 -9999 21.0775103729 -9999 -9999 -9999 -9999 -9999 -9999 -9999 -9999 -9999 -9999 -9999 -9999 -9999 -9999 -9999 -9999 -9999 -9999 -9999 -9999 -9999 -9999 -9999 -9999 -9999 -9999 -9999 -9999 -9999 -9999 -9999 -9999 -9999 -9999 -9999 -9999 -9999 -9999 -9999 -9999
-9999 -9999 -9999 -9999 -9999 -9999 -9999 -9999 -9999 -9999 22.4520057953 21.4361644935 21.7419776978 21.1803065559 19.9925784556 19.9651402983 19.4524048758 19.6973071606 -9999 -9999 -9999 -9999 -9999 -9999 -9999 -9999 -9999 -9999 -9999 -9999 -9999 -9999 -9999 -9999 -9999 -9999 -9999 -9999 -9999 -9999 -9999 -9999 -9999 -9999 -9999 -9999 -9999 -9999 -9999 -9999 -9999 -9999 -9999 -9999 -9999 -9999 -9999
-9999 -9999 -9999 -9999 -9999 -9999 -9999 -9999 -9999 21.7753776714 21.4540456841 21.8752856896 20.8658892705 21.0495299924 20.8130695135 20.2299481933 19.6634822848 20.798696107 -9999 21.4861715333 -9999 -9999 -9999 -9999 20.0414587317 20.7497713182 -9999 -9999 -9999 -9999 -9999 -9999 -9999 -9999 -9999 -9999 -9999 -9999 -9999 -9999 -9999 -9999 -9999 -9999 -9999 -9999 -9999 -9999 -9999 -9999 -9999 -9999 -9999 -9999 -9999 -9999 -9999
-9999 -9999 -9999 -9999 -9999 -9999 -9999 -9999 22.6699999391 22.1920904451 21.1464225335 21.1482032903 20.9506323608 20.8036350568 20.3200467311 20.4096780172 19.1060675712 19.1438968249 19.2322263957 20.2563506805 19.8260328154 20.0813714984 -9999 19.4625806253 20.3165376535 20.7196300525 -9999 -9999 -9999 -9999 -9999 -9999 -9999 -9999 -9999 -9999 -9999 -9999 -9999 -9999 -9999 -9999 -9999 -9999 -9999 -9999 -9999 -9999 -9999 -9999 -9999 -9999 -9999 -9999 -9999 -9999 -9999
-9999 -9999 -9999 -9999 -9999 -9999 23.7659279468 22.4013990724 21.851802633 21.9196647188 21.551503339 21.4397976282 21.2272537217 21.1939572677 20.3902584467 20.5701894262 19.3846928342 18.9488271842 19.8854377378 20.0084726234 19.6589742641 19.8248241997 19.7623694238 19.4376280076 20.2127528779 20.2716144301 20.7144941328 -9999 -9999 -9999 -9999 -9999 -9999 -9999 -9999 -9999 -9999 -9999 -9999 -9999 -9999 -9999 -9999 -9999 -9999 -9999 -9999 -9999 -9999 -9999 -9999 -9999 -9999 -9999 -9999 -9999 -9999
-9999 -9999 -9999 -9999 -9999 -9999 23.4822096438 22.5096424328 21.4001093431 21.2199829327 20.7434211266 21.512145363 20.6994185429 19.9426765057 19.152825883 19.5269194576 18.7137963066 15.7049403981 18.1522549668 18.7666340923 18.9810682543 19.5604181755 19.6388040103 19.1259847578 19.3532314105 19.0977471397 20.3552129151 20.5328347258 21.2942255041 21.210551466 21.3007685181 21.4518902835 -9999 -9999 -9999 -9999 -9999 -9999 -9999 -9999 -9999 -9999 -9999 -9999 -9999 -9999 -9999 -9999 -9999 -9999 -9999 -9999 -9999 -9999 -9999 -9999 -9999
-9999 -9999 -9999 -9999 -9999 24.1292335149 23.4240661175 23.1686500833 21.8215930415 21.8858218634 21.3302645745 20.9272284085 19.8543756946 19.8096768318 19.5321176593 20.151974038 15.5148328099 8.30461071985 15.0055987058 18.7362531584 19.0400347676 18.8948143088 19.3905129569 19.4899243105 19.3620591778 19.5241836845 20.2283716871 20.2129170595 20.9601396114 20.9616610941 20.7595238408 21.0584478795 20.5834552586 20.5210484618 -9999 -9999 -9999 -9999 -9999 -9999 -9999 -9999 -9999 -9999 -9999 -9999 -9999 -9999 -9999 -9999 -9999 -9999 -9999 -9999 -9999 -9999 -9999
-9999 -9999 -9999 -9999 -9999 24.3249910645 23.3087690834 23.4209399207 22.4758519637 22.3474700195 21.8184799326 21.894524356 15.6858092197 12.8232629578 20.8194601501 20.2320928384 17.0855227235 7.09846690198 12.6421905951 16.8664892001 18.1359018404 18.6018206562 19.5317057896 19.4800127778 19.4412358 18.553601228 19.1894904358 18.9419174977 19.6269505334 19.0016720779 18.4243173782 19.3986648324 20.1746649995 20.1211080539 19.7022123234 20.2874560857 -9999 -9999 -9999 -9999 20.6512745345 20.417409102 -9999 -9999 -9999 -9999 -9999 -9999 -9999 -9999 -9999 -9999 -9999 -9999 -9999 -9999 -9999
-9999 -9999 -9999 -9999 -9999 24.2172207175 23.6258014328 22.7462915364 22.435491914 22.7300037184 22.2487005109 22.1763818916 21.0886955799 20.8307124801 21.0872242862 20.2522824647 19.0227793336 19.7077779587 19.4584080357 19.7873560328 18.777341911 18.576313156 18.9030003393 18.7288526362 19.38767576 18.6341622869 18.9685299724 18.6029717814 19.4992139572 18.717149688 13.3797542354 17.2832769169 20.0316516469 19.5541128128 19.5413924797 20.2648663058 20.376637339 -9999 -9999 20.8360176237 20.7742836353 20.7843370844 20.5087632591 -9999 -9999 -9999 -9999 -9999 -9999 -9999 -9999 -9999 -9999 -9999 -9999 -9999 -9999
-9999 -9999 -9999 -9999 -9999 -9999 24.2767567812 23.5419390554 23.2784548889 23.5225086253 22.576349829 22.5537193218 22.0679040204 22.1957311634 20.2751322929 20.2133326645 19.7122160112 19.7698107286 19.077753133 19.6472204223 19.3478398491 19.3330022571 19.0727866695 19.4902755704 19.2573682046 18.8375001003 17.4745302005 17.7288038491 18.2310707947 18.8563487357 18.2669819826 19.0066887634 18.5191320775 18.2580845157 18.6198603773 19.5709518855 19.5953326164 19.1936443805 20.3334042814 20.1845308363 20.2608440386 20.7713852472 19.7318757355 19.1149900454 -9999 -9999 -9999 -9999 20.6908674016 20.2625233559 6.02384285035 -9999 -9999 -9999 -9999 -9999 -9999
-9999 -9999 -9999 -9999 -9999 -9999 -9999 24.1968716635 23.308303258 23.2279969792 22.7685350508 22.9616399473 21.6155421564 21.0470511324 20.4141689548 20.678204612 20.0099376445 20.5388363713 20.0881794062 19.7194703301 19.0618601914 18.9825010169 18.8995761148 19.1028944809 19.0015038321 18.4468398206 17.1987910302 18.0542325881 18.8869041685 18.5304857313 18.3657711725 18.2587329426 18.5265772567 18.7037924785 19.645746934 19.7072608681 19.3854011624 19.4367482161 20.370109444 20.2672743977 19.5537079886 19.6692691179 18.2854380598 16.6292983256 15.7704139326 16.4639063917 16.8623392192 16.1684338571 15.8727411176 18.7068446706 18.633042644 16.7616591714 -9999 -9999 -9999 -9999 -9999
-9999 -9999 -9999 -9999 -9999 -9999 -9999 -9999 23.5540872236 23.641430909 23.2491834873 23.194483333 21.8240796441 22.2364900047 22.4443090019 22.2475122559 20.8192038716 21.0473206781 20.1249027676 20.0790838054 20.3222710807 20.2666488341 23.7199801827 24.3507317067 23.5375287542 23.6533797443 19.6406569557 17.833247903 16.6465166289 16.0985568838 16.0715177197 16.3916226807 16.8476993024 16.6698131753 18.0418824702 18.3912107339 19.2348961041 19.4555349888 19.5589744593 19.5008371425 18.7783803591 17.7035004431 15.1829068557 14.7929042588 14.5320011688 14.1262970982 14.8889999457 14.3644733632 13.8607492986 16.2906115458 16.7439553594 17.3552637482 15.7525675271 -9999 -9999 -9999 -9999
-9999 -9999 -9999 -9999 -9999 -9999 -9999 -9999 23.83301908 23.830476631 23.0979193993 23.217834671 22.5444343072 22.5825373165 21.9970452512 21.7233487374 20.1050701907 20.3618570917 20.1333289374 20.1925687222 19.8147603208 20.2771918704 25.7694824193 25.8504977862 23.7922408336 23.0162312821 23.7935216435 20.9019311591 17.0671431617 15.6427551618 15.8957190568 16.3499356806 16.5392121268 16.6768267424 18.5069889896 8.74211342048 19.5814137832 19.3335874126 19.4750085394 19.4284702117 19.3689270008 17.5990385548 14.9166619554 14.8546662979 14.1677468148 14.1111370795 14.8326597949 14.4722122427 14.5410500725 17.5208025571 16.9546459581 16.9900472142 15.8151385602 17.0601846818 15.1572876865 15.6734306869 -9999
-9999 -9999 -9999 -9999 -9999 -9999 -9999 -9999 -9999 23.6087409536 23.1944484041 23.4159413531 22.9919339958 22.3937164547 21.6521846523 21.6513352587 21.3665151952 21.0624713084 20.9370711392 21.0447670348 21.067675562 20.6051293831 22.857644533 30.8316989804 26.7735701866 26.2923123878 23.0957242959 22.5328762822 17.3477217825 16.2993844248 15.45941865 15.4634501786 15.2689829031 14.7391714693 16.7647622174 16.3445622145 18.8044886729 18.5454512785 18.4764556633 18.5162985396 18.4010690737 17.6581608408 13.7656470428 14.5857281752 13.3465099214 12.9372555884 12.2261476052 12.3822893978 14.4174845926 14.6548076905 14.5100098298 14.2359533552 14.1424839418 15.3021657337 15.2549539357 12.3301677647 10.382590388
-9999 -9999 -9999 -9999 -9999 -9999 -9999 -9999 -9999 -9999 22.4985816096 22.7988923704 23.004687125 22.4592854362 21.5224423416 21.4091533356 22.0720459629 22.2669909616 22.0576628721 21.74491615 20.8418777532 20.6560510449 19.6334724859 26.1191490153 24.9852132832 26.7587136687 24.554265996 22.9139700833 21.0123018014 19.4893067649 16.2081004966 16.232907206 16.9639003084 15.0348078776 17.8444370627 17.6595888799 18.6681808392 18.5410273727 18.527671962 18.5627626926 18.643632471 17.8758835384 16.3234791496 14.2487516794 14.9349949151 15.0094335227 13.5588221366 12.7206928668 15.1268689342 15.1930568879 15.5435397758 15.2099992035 13.9363457086 14.7276815453 14.1334791392 12.0517602592 10.3096618038
-9999 -9999 -9999 -9999 -9999 -9999 -9999 -9999 -9999 -9999 -9999 12.4896814432 16.0732857719 22.4207711497 21.6004737235 21.575381059 22.5441081819 22.6499881314 21.1009504711 21.5978110064 21.0892983499 20.9038706201 19.4953670149 19.0398465953 20.8132693124 22.7119524955 23.4399126639 25.3381813702 24.5331573775 17.9059957071 19.2839091253 15.4919452584 14.9150565891 14.9584862206 16.5411803816 15.5487142856 17.2249101804 17.1642929026 17.8748565866 17.8853524537 17.378041834 16.690555825 17.0502042671 15.00640638 13.6410842698 12.7737851521 13.3841309398 13.6805546645 13.6350099384 14.5363925452 13.5434892871 14.1848075147 13.915969687 13.6464365236 12.285996119 12.2651740959 9.89341577866
-9999 -9999 -9999 -9999 -9999 -9999 -9999 -9999 -9999 -9999 -9999 11.7558894274 17.0401336338 21.9457332897 21.5076913773 21.8858878317 21.7312975401 21.5609782819 21.1896131582 21.1869239433 20.9750164913 21.2910208988 19.6427120682 19.5325321031 18.8018576872 19.1331674723 20.8341480194 23.2999138245 21.2910025875 22.7003189296 22.0153939046 21.0674443364 18.0698203497 18.7152899018 18.2133951144 16.3934216411 17.1730962193 17.3348703405 17.6451150271 17.6413966953 16.8949593814 17.6913704813 16.5032853074 16.6542094043 15.5103070154 14.3772700431 15.1453457074 15.9061393747 15.171832554 13.6145526476 13.7412190459 13.9275975854 12.0404847114 14.3869407046 13.7602883298 12.9019482648 12.0211873564
-9999 -9999 -9999 -9999 -9999 -9999 -9999 -9999 -9999 -9999 -9999 24.1039801991 22.0921168889 22.0278467785 21.6137836811 21.5827094405 21.1047401227 20.7261904774 20.0782924509 20.3794318994 20.4792299975 20.5519165707 19.0390994017 18.8272878841 17.7559319204 18.2649705242 17.336333417 17.161097484 16.0533663263 18.0224770827 19.852758173 22.342268753 22.9905196525 24.3003990219 20.8892525322 17.8028446675 19.8817985233 18.6094025559 16.656146743 14.4672336851 11.6777461478 16.6766706169 17.6041859801 18.1529975562 18.7273064583 19.7811989261 15.3734255778 14.8880990233 14.3745307403 13.9084589543 13.2056382227 13.7702569326 13.9012732125 15.0043083785 15.0855335478 14.3517128948 11.6686051751
-9999 -9999 -9999 -9999 -9999 -9999 -9999 -9999 -9999 -9999 -9999 -9999 23.0940392258 22.4038773276 21.9765410592 21.1394705872 20.8113244468 20.9500864958 20.2467261453 20.7134581753 20.7431010392 20.4266905087 19.7454541552 19.4487004519 18.5125785372 18.6513628858 17.4896824042 17.7344900125 16.8018171477 16.4282184397 16.3036741916 16.6547836063 17.4376972297 20.0755172187 21.675178151 12.8447652061 20.6190003422 19.1250722504 18.7453759421 16.6824837418 17.8280882214 16.6584416153 18.3875712555 18.8073943626 19.1435503161 19.1886484312 16.3650129528 14.9466411902 13.2749555901 13.7272084426 12.5902178265 12.0908936138 11.134768803 11.3003847737 10.5602885519 12.8706060877 7.54910076251
-9999 -9999 -9999 -9999 -9999 -9999 -9999 -9999 -9999 -9999 -9999 24.1907129362 23.9106263989 22.7049512308 21.8246744401 13.1828938166 18.7203381481 21.0716750789 20.1432605099 20.4618327939 19.8424819146 19.7679131976 18.9350453782 19.1107287548 18.405472658 18.3309159476 16.3445909481 16.3652773208 15.8010268242 15.5197355145 14.8814481411 15.1590999035 14.7288278019 14.6378442352 15.2489864467 20.2728009649 19.1313459422 16.9690907274 17.1224964857 15.0549333736 15.9158552119 15.5425948097 19.4891246196 19.4452168638 20.0101451159 19.9040445253 19.3885328086 17.0914795557 14.1548108105 14.2805848016 12.4470514545 10.5078039863 9.54731530368 9.59216612609 8.87985002502 9.49735919823 11.0540794126
-9999 -9999 -9999 -9999 -9999 -9999 -9999 -9999 -9999 -9999 -9999 24.5229508189 24.0719188147 23.0012892291 21.8782211567 16.81864382 20.3939523901 21.0438838894 20.8779509912 20.7073130211 16.8848525993 17.2147217764 19.0419206103 19.2930124697 18.6091226726 18.7759940962 12.6180483171 13.0913387231 16.758747329 17.8424348355 17.0787840404 15.3199863014 14.5906788811 14.6429091624 15.0402495637 17.7707296776 17.6748145132 19.1036583054 17.3288412999 17.3380873012 15.0449743413 15.6103086014 18.4427085378 18.7950553277 19.2843725651 19.0316970203 18.7252945031 18.9468322274 17.0778822197 16.2099067535 12.3131308217 12.5559710623 11.4587976965 11.2346667602 10.5783790758 10.1339517599 8.33409593424
-9999 -9999 -9999 -9999 -9999 -9999 -9999 -9999 -9999 -9999 -9999 24.4671545153 24.4015321705 23.2191836578 22.5206535435 22.4044339229 21.4676178984 21.9933256571 20.957000195 21.8086808364 17.8471845595 7.96920033734 17.8426176772 20.0278607478 16.5898340433 16.6120451402 16.8281077366 17.3637732646 15.8114171177 15.3962372947 15.1055950986 17.6013768013 17.2893364665 16.8294672915 14.9191070108 16.5240064257 16.2781467789 14.4053203797 16.4982275706 15.3012888298 15.8861426073 16.7182881258 16.3126118747 15.9768090048 16.8325715073 16.7813297418 17.3406047868 17.3930967823 15.8957515975 15.5560501102 11.9120874869 10.1263894346 8.56216018312 8.45452306494 7.9178922613 8.58337037091 9.32889028656
-9999 -9999 -9999 -9999 -9999 -9999 -9999 -9999 -9999 -9999 -9999 -9999 24.8546849294 24.078359787 23.304048888 22.5263942155 22.2766163002 22.1163933224 20.9008973673 20.8671171939 20.8566209737 21.6712954486 19.2100831972 17.3333831733 16.2656885091 16.1797303692 14.5238240679 14.7907063191 13.795943239 13.1755232586 12.0508058855 13.7120436178 14.2186275981 14.7411568905 14.2855090159 18.1831260337 17.0834977252 14.8872545166 17.5604493152 17.6596138104 15.7008442238 15.7872653998 16.7632701421 15.3646409411 16.4064627227 16.6066122938 16.8048126986 16.9705356765 15.1780048062 16.0771169535 14.1847577665 10.1879106502 10.7651795171 11.6435173563 9.52750908952 9.22847121446 8.55062067335
-9999 -9999 -9999 -9999 -9999 -9999 -9999 -9999 -9999 -9999 -9999 -9999 26.1269077687 25.1421260606 23.6227440075 24.9959389216 23.4596545428 23.3228771882 22.1548106552 21.7399509585 21.2779716455 21.5741023563 21.8747649531 19.7667446381 17.6762932741 18.1834251786 17.3555224047 17.1571013895 15.4384362878 16.3530642985 14.765055135 15.1348072472 17.8595777104 18.1667398519 19.2476818573 18.5003268984 16.3466432045 18.594628079 19.4467969583 18.0644258256 16.0017506668 15.0090271768 14.3883964505 14.2624041832 14.1741830664 13.5005988547 13.4405181168 13.7899650838 12.7282282091 13.836847915 12.8439174164 12.8131819231 10.8127248609 9.34418517661 8.15510924504 9.20971938326 6.8981125598
-9999 -9999 -9999 -9999 -9999 -9999 -9999 -9999 -9999 -9999 -9999 -9999 25.536003388 25.0421114027 24.1392953069 24.7111862322 23.1951642212 22.6506350618 22.1985056086 22.6669931593 21.2844179614 21.2009699809 20.6256350052 16.2750646044 16.5993814146 18.6446395255 16.6465226712 17.2016425368 15.5924689548 15.0333424939 13.7693672033 13.3959892958 14.001528121 16.2878008488 17.5475774033 17.7817056907 18.0790429444 18.8657550882 17.6809108131 12.372603609 11.2204423885 11.7912567129 13.3410816118 14.4980599989 14.4314286265 14.5880711019 14.7377543993 14.7021953045 14.2250622821 14.7924282493 13.8793032046 12.5360734556 9.65523247093 8.673900334 8.23574832408 8.66099976107 8.23478357474
