data/recharge/transience/oldversion/mHM_recahrge_142.ASC
ncols   80
nrows    72
xllcorner    4374000.0
yllcorner    5656000.0
cellsize      500
NODATA_value  -9999
[rows 0 to 25 of 72, columns 0 to 56 of 80]
-9999 -9999 -9999 -9999 -9999 -9999 -9999 -9999 -9999 -9999 -9999 -9999 36.2442744944 37.4518976691 -9999 -9999 -9999 -9999 -9999 -9999 -9999 -9999 -9999 -9999 -9999 -9999 -9999 -9999 -9999 -9999 -9999 -9999 -9999 -9999 -9999 -9999 -9999 -9999 -9999 -9999 -9999 -9999 -9999 -9999 -9999 -9999 -9999 -9999 -9999 -9999 -9999 -9999 -9999 -9999 -9999 -9999 -9999
-9999 -9999 -9999 -9999 -9999 -9999 -9999 -9999 -9999 -9999 -9999 -9999 30.1636823455 29.0906544373 28.5478756493 -9999 29.6623400023 -9999 -9999 -9999 -9999 -9999 -9999 -9999 -9999 -9999 -9999 -9999 -9999 -9999 -9999 -9999 -9999 -9999 -9999 -9999 -9999 -9999 -9999 -9999 -9999 -9999 -9999 -9999 -9999 -9999 -9999 -9999 -9999 -9999 -9999 -9999 -9999 -9999 -9999 -9999 -9999
-9999 -9999 -9999 -9999 -9999 -9999 -9999 -9999 -9999 -9999 29.6376362239 28.4482197081 29.6216440905 29.4167467649 27.7806517217 26.4982491316 24.8901083159 24.9546257796 -9999 -9999 -9999 -9999 -9999 -9999 -9999 -9999 -9999 -9999 -9999 -9999 -9999 -9999 -9999 -9999 -9999 -9999 -9999 -9999 -9999 -9999 -9999 -9999 -9999 -9999 -9999 -9999 -9999 -9999 -9999 -9999 -9999 -9999 -9999 -9999 -9999 -9999 -9999
-9999 -9999 -9999 -9999 -9999 -9999 -9999 -9999 -9999 28.3981188405 28.7313214986 29.2194996985 28.074364259 28.523757482 29.3302787658 27.7474145524 26.1006235947 29.608564513 -9999 29.8769063579 -9999 -9999 -9999 -9999 25.4293215116 27.0743165534 -9999 -9999 -9999 -9999 -9999 -9999 -9999 -9999 -9999 -9999 -9999 -9999 -9999 -9999 -9999 -9999 -9999 -9999 -9999 -9999 -9999 -9999 -9999 -9999 -9999 -9999 -9999 -9999 -9999 -9999 -9999
-9999 -9999 -9999 -9999 -9999 -9999 -9999 -9999 31.1510914029 29.9759567398 28.5736291879 28.5567000267 29.4477536856 28.7797375743 28.9850071304 28.5183535723 25.7273512301 25.9530162314 25.129291433 28.3699069723 28.0490014999 28.7391829907 -9999 26.036009612 27.5928909874 28.0778111246 -9999 -9999 -9999 -9999 -9999 -9999 -9999 -9999 -9999 -9999 -9999 -9999 -9999 -9999 -9999 -9999 -9999 -9999 -9999 -9999 -9999 -9999 -9999 -9999 -9999 -9999 -9999 -9999 -9999 -9999 -9999
-9999 -9999 -9999 -9999 -9999 -9999 30.962269237 28.801386734 28.7334415622 29.1124822139 29.7253731772 29.9850149797 30.3692469459 29.9462260273 28.8503269481 29.5892807367 26.3859661453 25.5744485689 27.7052775312 28.1644424385 27.6732136228 28.3419775771 26.0713852196 26.1631004007 26.9459685492 26.5988484941 27.0826265396 -9999 -9999 -9999 -9999 -9999 -9999 -9999 -9999 -9999 -9999 -9999 -9999 -9999 -9999 -9999 -9999 -9999 -9999 -9999 -9999 -9999 -9999 -9999 -9999 -9999 -9999 -9999 -9999 -9999 -9999
-9999 -9999 -9999 -9999 -9999 -9999 31.3473533519 29.9015271271 28.338056474 27.980317845 27.9969573919 29.3753879236 29.4576405915 27.6866738957 26.8245452225 26.674420639 25.6160892663 24.32302196 25.9335855918 25.7386439635 26.485963646 28.396347454 27.7091773337 26.2974813821 25.921092453 25.1133063243 27.511150578 28.1403965355 28.58643875 28.0907165292 29.3630452338 29.4020103199 -9999 -9999 -9999 -9999 -9999 -9999 -9999 -9999 -9999 -9999 -9999 -9999 -9999 -9999 -9999 -9999 -9999 -9999 -9999 -9999 -9999 -9999 -9999 -9999 -9999
-9999 -9999 -9999 -9999 -9999 32.4637894297 31.5685596633 31.4084967386 30.1588210748 30.478174195 30.5002242242 29.5860433165 27.7648550259 28.3539693172 28.0673098839 29.1854046847 24.4703877132 13.6666633919 23.4042316934 25.779164921 26.5730921871 26.0384029764 26.9707426388 27.4081204709 26.1980317799 26.5716584915 27.0164735063 27.1564177415 28.0541473124 27.8811441049 27.2567906739 27.900879609 26.4248698666 26.0451729479 -9999 -9999 -9999 -9999 -9999 -9999 -9999 -9999 -9999 -9999 -9999 -9999 -9999 -9999 -9999 -9999 -9999 -9999 -9999 -9999 -9999 -9999 -9999
-9999 -9999 -9999 -9999 -9999 32.1250374707 31.7106316578 31.8350964465 31.1555029471 30.6382279383 31.1701215694 31.5897512518 24.8144968263 20.5220148666 31.2798569286 30.801907277 26.7220639188 11.8305550682 20.9154791411 26.230187431 25.5535492841 26.62247369 28.5112258861 28.081520168 27.3420973482 25.2452674014 25.8245315611 24.8172944484 25.9376879064 25.9415081207 25.0679674258 25.6186261465 26.2569624119 25.8098626643 24.9664407044 25.3340402388 -9999 -9999 -9999 -9999 24.361647861 24.3099712039 -9999 -9999 -9999 -9999 -9999 -9999 -9999 -9999 -9999 -9999 -9999 -9999 -9999 -9999 -9999
-9999 -9999 -9999 -9999 -9999 31.6821623893 31.6449205375 30.7646797628 31.3645276135 31.887190395 32.2483949987 31.9356941405 31.2043141162 31.8155423242 32.0219831366 29.8194717333 28.0361640491 29.7665668071 29.1957812871 30.3197358204 27.4494612967 26.3796360717 26.1356604614 25.5385594728 27.1407192773 25.266891944 25.1574858426 23.7377023412 26.1310985374 25.9475057861 20.0150847613 24.745348729 26.0666178628 25.2026741668 24.2742829824 25.7240002625 25.2759182765 -9999 -9999 25.3034797461 25.5113099341 25.1782161297 25.1856612599 -9999 -9999 -9999 -9999 -9999 -9999 -9999 -9999 -9999 -9999 -9999 -9999 -9999 -9999
-9999 -9999 -9999 -9999 -9999 -9999 32.8793452769 32.1458333366 31.9689551121 31.9431650947 31.1622599812 31.5978415262 32.4648738705 31.9237703168 29.5652163895 28.89711157 29.0281181669 28.8045669114 27.191055087 28.1116461929 28.0761551099 28.4888354524 27.4806360459 28.4340693131 27.2761856012 25.805030725 22.7019798506 23.2805760751 24.0268852084 25.09146888 25.1441964068 25.7806643614 23.9028732339 23.1225297953 22.933496703 25.0473728134 24.2050204961 22.2848872523 24.8250141858 24.4649820578 23.9311104669 25.7312664729 22.6921056727 20.4829566896 -9999 -9999 -9999 -9999 24.0054840177 22.7648670032 8.71248103695 -9999 -9999 -9999 -9999 -9999 -9999
-9999 -9999 -9999 -9999 -9999 -9999 -9999 32.1648759269 31.5805184367 32.0862150429 32.2499593161 31.9609170097 30.6607210993 29.4345120546 29.4491680958 30.8355548062 30.5830244616 31.2293043003 30.6768903736 29.315355004 27.293305279 27.3392502987 26.8218780682 27.0279022194 26.1947234807 24.7585061445 22.410858528 24.2366044348 25.1332611701 24.1344026295 24.4863912864 24.2297374594 24.0175133579 23.6797596054 25.3384127241 25.2819825368 23.3207350614 23.5636643297 24.6128968388 24.5555322277 22.6441793924 21.9180668997 18.6516281385 17.8029520158 16.4299738585 17.7845864814 18.0317197356 16.5639570572 16.2118214774 18.4855431004 20.6497031284 20.6632223463 -9999 -9999 -9999 -9999 -9999
-9999 -9999 -9999 -9999 -9999 -9999 -9999 -9999 31.3094763532 31.1656163153 31.7517983098 32.1680347977 30.9428981147 31.6437676593 32.5568203999 32.1457328926 30.3986476728 30.568927021 28.7779607819 29.6525583381 31.1433418105 30.8609821799 31.9253215654 31.6045364989 30.4674639762 30.716160148 23.8147247886 24.323843023 21.9115717694 20.8139762545 20.6166556016 21.4968452649 21.6930297203 21.1275191222 22.6388446981 23.3464142649 23.9492304206 24.5775277354 23.1464237813 22.7556338824 20.8617687738 18.6167948304 16.3994440053 15.5634397178 15.1370376757 14.3015918723 15.1675678428 14.0903740144 13.456393744 15.7369943851 17.3989249809 18.4089637397 17.6729315943 -9999 -9999 -9999 -9999
-9999 -9999 -9999 -9999 -9999 -9999 -9999 -9999 32.5503445103 31.9605616724 31.2486309866 31.3753145596 31.2508632474 31.2371665029 31.0518008173 30.7282759329 29.2559204864 29.8464941377 29.6916211304 30.2453662534 30.0863572636 30.7334855172 35.8066188931 37.002694958 33.0592626261 29.1746451045 31.4311130037 26.999347549 22.5209758125 20.0343965845 20.4884312497 21.2361994398 20.7647731473 21.0264107743 23.3511282437 13.8893105592 25.0649156206 24.1206806867 23.0973845698 22.8801891848 22.2317690619 18.2764944523 15.7640091001 15.7010456331 14.3517133806 14.243945224 15.0522315374 14.3163919729 14.0732331507 18.1064218544 17.7335681292 17.7885140355 17.9686491863 19.6369370842 18.2441837845 18.9495655246 -9999
-9999 -9999 -9999 -9999 -9999 -9999 -9999 -9999 -9999 32.6868080714 32.1458444685 31.2969780427 31.5783151944 30.9594747309 31.0457373911 31.1082327533 31.7170516634 31.7506755138 31.7960646443 31.9598188077 31.7018447186 30.3551873713 32.8380411508 44.1646031089 38.4288266074 36.6771787238 30.7744882676 28.2369505021 19.178835872 21.9702309648 20.2686406938 20.5115648409 19.7149648114 18.6484137594 20.7530207422 23.0062482006 23.3068252037 22.6074970564 21.5640323724 21.6808368118 20.7982948335 19.7015484359 13.3730727258 15.8671826592 13.2962924079 12.3419318374 11.3719130336 11.4452557121 14.5929449852 15.2547470994 15.5977630643 15.2538796743 16.3060644613 17.9395808805 18.6147572226 12.8992759566 10.7461564138
-9999 -9999 -9999 -9999 -9999 -9999 -9999 -9999 -9999 -9999 30.7658193235 30.9427895699 31.4004607344 30.7880952942 30.4833977652 29.8689277756 31.2901376352 32.8296140047 31.9177578803 30.3673992366 29.3910995506 28.8286418469 27.6030093871 33.9255944844 33.751190725 37.3143072385 34.0054356229 30.5181899232 25.0096218072 22.7537544902 21.7061810833 21.7547125652 22.4771274155 19.6281228198 22.7725899038 22.3889547696 22.9808635665 22.6122854525 21.6640230502 21.7369357316 21.3600489183 20.2560548871 16.7550475626 14.8174283409 16.5365993471 16.8779774354 14.279220438 12.0199857596 16.0063397518 16.0499590334 16.9277782759 16.506457326 15.7707567675 16.9989722769 17.0556929471 12.4907632366 10.6404745854
-9999 -9999 -9999 -9999 -9999 -9999 -9999 -9999 -9999 -9999 -9999 18.1484109303 23.5179892201 30.7290208296 30.5651231239 30.2244013472 30.7349887919 30.6728210153 28.109517222 29.2668890687 30.490679743 29.602967677 26.5141753485 24.80649836 24.8859748353 26.440798088 29.836938733 34.344587011 34.4843694421 26.9595344178 24.6158214406 19.764980726 19.831171262 19.957014641 20.8701481321 19.3564033015 21.0315998656 20.9404385537 20.944743627 20.9513990348 19.7389585419 18.6495732318 18.395660624 14.6872728109 12.7477976099 11.7320913212 13.3496017898 14.1855380326 13.6029896327 15.6156645137 14.7990220834 15.8391264741 16.7029564642 16.3370143378 15.1566587789 15.0300354273 10.8834010328
-9999 -9999 -9999 -9999 -9999 -9999 -9999 -9999 -9999 -9999 -9999 16.9944849965 25.1714936913 29.8417841562 30.6283127861 30.3000613037 29.0364174308 28.4387314261 30.005953292 30.0872158359 30.016202348 31.0628585509 27.4079401538 26.2426474223 25.7034288232 26.2400878347 26.3546962703 30.5088530153 27.7134134703 32.5413856451 31.2693490899 28.64480703 20.7315752342 22.4076207687 18.7836131248 19.274529027 20.9628412371 21.1976519895 20.6071171277 20.4817229359 20.2496523472 20.2212669835 17.5626648441 17.8324890034 15.2687543505 14.2019316402 16.8788541405 18.6386447207 17.7642523951 13.8946681039 15.5951425223 15.5672947127 12.5937083154 16.8758985446 17.312159081 16.118281541 15.4912467317
-9999 -9999 -9999 -9999 -9999 -9999 -9999 -9999 -9999 -9999 -9999 32.7382763381 31.5905066932 31.2417285606 30.5018457502 29.7995427894 28.5254901319 27.2061162474 27.7201620427 27.970522121 28.8360119572 29.0774454695 25.1730326098 24.0721251206 22.9572711066 24.0362824798 23.169157302 22.8820283126 21.9097084928 21.5116289683 24.0452894615 30.0109094663 31.7934113095 32.8240058994 25.5948431311 15.9211124602 20.2001629571 17.7274727658 18.3375973884 18.5654915041 16.5374553878 19.003448283 19.3586292182 20.6028463032 21.3118603824 22.2765630362 16.6088493256 15.4715143649 15.4071361687 14.8112450261 14.0776641623 15.2629553418 16.1230940437 17.9709857999 18.0752702511 17.7220572453 14.3851858432
-9999 -9999 -9999 -9999 -9999 -9999 -9999 -9999 -9999 -9999 -9999 -9999 31.2813629064 31.5908332926 31.8067489549 29.9407684234 28.495015163 27.7370389846 27.069606126 29.1767099721 29.229338969 28.5638407386 27.4968626323 26.3811504627 24.7476353576 25.0644913714 23.4232571463 23.8644975308 22.779901803 22.1776061801 21.7523689635 22.3199142344 19.988233518 22.3492185426 28.171685012 18.4719606351 23.2243564332 17.759317923 18.2987919862 20.0024466501 20.5422085687 18.8882611667 21.456221268 22.9532875606 23.1675737745 22.9789220531 17.3737433641 15.6130847882 13.0183591821 14.0733462305 12.9987098598 11.8503647091 10.740297457 10.9867392886 10.8070998314 15.8871571184 10.5094055414
-9999 -9999 -9999 -9999 -9999 -9999 -9999 -9999 -9999 -9999 -9999 32.4006854616 32.3087342861 31.4779605257 32.078583517 20.3010002506 28.130575709 29.2497544499 26.9139487764 29.0021649768 26.9170815202 26.6721841607 24.9057255293 25.2689109261 24.6874835124 24.4755840119 22.2427995571 22.0982976342 21.8893969292 21.4370481666 20.1581109874 20.6270608039 19.465834738 19.3186193447 19.7054107428 22.740335377 21.2159181281 13.7619717858 13.3361523323 17.0667926863 18.6576339157 17.8419764765 23.7688353541 24.4257003462 26.0087498677 25.9026795925 23.6859829065 19.6391771338 15.6320506429 15.892810971 13.0527607803 9.67743545274 8.90544772406 8.96589985315 8.52876837501 9.32719687696 12.5738754013
-9999 -9999 -9999 -9999 -9999 -9999 -9999 -9999 -9999 -9999 -9999 32.8502079724 33.4085127559 32.1293713132 31.4998420837 25.5308210106 30.1977128015 30.3370398373 29.1052866493 29.0698555769 26.0510562726 25.5731675673 25.4099260434 26.1404545077 25.3384973352 25.138525965 19.9593408409 20.6892754186 23.3522425512 25.793478428 23.8650559308 20.8872656687 19.2387373933 19.3278042521 19.3866688176 17.4339601579 16.1877465184 21.1409804424 14.4211610925 17.6550841124 17.3491174364 17.8147499393 21.1875488885 21.9166412459 22.1271289079 21.3750709437 21.8794564502 21.9460933843 18.7626939089 17.7268734638 12.6611795263 13.282710884 11.9112800031 11.4706789317 10.9728191375 10.2475994792 8.38262912638
-9999 -9999 -9999 -9999 -9999 -9999 -9999 -9999 -9999 -9999 -9999 33.4552910088 33.3287068864 31.6199627408 32.0695460695 31.8868311817 30.7810041935 31.1359279475 30.5172797443 31.452068301 26.4962586526 12.8048516988 26.7308098519 26.3784411981 21.7310787276 21.7395825721 22.9431615502 22.7058397309 20.0544529186 19.8120450617 19.6182882531 24.3835863981 23.7780470385 22.9408361395 19.7862476661 15.5586773611 10.397645064 7.30190153219 13.1259119731 13.533296285 19.0949343229 20.2749096234 18.2227322085 17.4034041552 18.0343602877 17.9336292563 19.3272341017 19.4593670524 18.2817216219 17.8862600448 12.2598609996 9.60616251476 8.15221193193 7.99491914037 7.76497995992 8.61778603097 10.0460906473
-9999 -9999 -9999 -9999 -9999 -9999 -9999 -9999 -9999 -9999 -9999 -9999 33.7648421213 33.0044410493 32.8196838221 31.8189775614 31.5839410418 31.4909792447 29.8210976205 30.6177702228 29.8714879267 31.5332827907 24.2170413008 21.4280022483 20.8987396396 20.6984946889 18.3201988186 18.9980985485 17.5478646239 15.9968253063 13.7993398005 16.7359992917 18.717601345 19.5948252526 18.8181623258 17.6858986005 12.7701906387 8.6316984165 16.3942999713 18.9944631018 18.8938800638 18.8840151094 19.0260375983 16.723403269 17.4009621906 17.638472074 18.2887990442 18.7019274169 17.3078765951 18.4116667724 16.8142281702 12.8635356188 13.1506545344 12.0323612887 9.34631915404 9.36853969957 8.91704708738
-9999 -9999 -9999 -9999 -9999 -9999 -9999 -9999 -9999 -9999 -9999 -9999 34.3594142025 33.1166719098 31.8862002111 31.8762090234 31.0945281126 31.7158562432 31.1220761559 30.9461956815 30.2919999827 30.3967137316 27.1483259497 25.6656422164 22.689021634 23.8580109643 23.7219854587 23.0021784046 20.3767534926 22.7404490096 19.8382192604 20.6093541983 24.3486069657 25.2084971647 22.5372796311 17.8319484333 12.4690293903 18.6821916198 22.8464115667 20.2790392405 19.0268079011 18.5773807308 17.3100967869 17.1219286398 16.7003190423 15.8910162173 15.6020579641 16.0418662428 15.0257278405 16.5176029665 15.8167577643 14.7615297321 12.8199348466 7.87314086528 6.58220249365 8.33777211814 5.96403997695
-9999 -9999 -9999 -9999 -9999 -9999 -9999 -9999 -9999 -9999 -9999 -9999 33.0784970936 32.6714083813 32.4598339488 32.02963105 31.2858337398 31.4159791643 31.2176932713 31.5683496942 30.5942302806 30.693844618 28.9811659984 21.8701421927 23.4504391974 25.80646435 22.3222540849 23.2834734152 20.8002905481 19.3618242255 17.3257363334 16.4363446392 16.8671289329 18.7756820723 15.6240283731 23.9474362705 23.400960904 19.6478611461 15.7529318554 13.5592043118 11.7086411155 10.8229004187 14.2639933068 17.4651814533 17.0627638889 17.3010692964 17.3750831863 17.3179208977 17.0762449557 17.8732838577 16.8576506148 12.2596422081 8.49007926843 6.91073725674 6.80955658992 7.35191677025 7.21101864488
