data/recharge/transience/oldversion/mHM_recahrge_503.ASC
ncols   80
nrows    72
xllcorner    4374000.0
yllcorner    5656000.0
cellsize      500
NODATA_value  -9999
[rows 0 to 25 of 72, columns 0 to 56 of 80]
-9999 -9999 -9999 -9999 -9999 -9999 -9999 -9999 -9999 -9999 -9999 -9999 34.212299241 35.2633382991 -9999 -9999 -9999 -9999 -9999 -9999 -9999 -9999 -9999 -9999 -9999 -9999 -9999 -9999 -9999 -9999 -9999 -9999 -9999 -9999 -9999 -9999 -9999 -9999 -9999 -9999 -9999 -9999 -9999 -9999 -9999 -9999 -9999 -9999 -9999 -9999 -9999 -9999 -9999 -9999 -9999 -9999 -9999
-9999 -9999 -9999 -9999 -9999 -9999 -9999 -9999 -9999 -9999 -9999 -9999 29.3996327168 28.2766499862 28.0969246128 -9999 31.3114348017 -9999 -9999 -9999 -9999 -9999 -9999 -9999 -9999 -9999 -9999 -9999 -9999 -9999 -9999 -9999 -9999 -9999 -9999 -9999 -9999 -9999 -9999 -9999 -9999 -9999 -9999 -9999 -9999 -9999 -9999 -9999 -9999 -9999 -9999 -9999 -9999 -9999 -9999 -9999 -9999
-9999 -9999 -9999 -9999 -9999 -9999 -9999 -9999 -9999 -9999 30.5519397144 29.7570060813 29.5740623632 28.3251761561 27.654370058 28.0204964681 28.6173013687 29.3211612539 -9999 -9999 -9999 -9999 -9999 -9999 -9999 -9999 -9999 -9999 -9999 -9999 -9999 -9999 -9999 -9999 -9999 -9999 -9999 -9999 -9999 -9999 -9999 -9999 -9999 -9999 -9999 -9999 -9999 -9999 -9999 -9999 -9999 -9999 -9999 -9999 -9999 -9999 -9999
-9999 -9999 -9999 -9999 -9999 -9999 -9999 -9999 -9999 29.3325771644 29.6067187471 29.3440665415 28.0390748746 28.3338344344 28.076965356 28.254719025 28.4594810724 30.5655138877 -9999 30.03626345 -9999 -9999 -9999 -9999 28.2168986154 29.0224965379 -9999 -9999 -9999 -9999 -9999 -9999 -9999 -9999 -9999 -9999 -9999 -9999 -9999 -9999 -9999 -9999 -9999 -9999 -9999 -9999 -9999 -9999 -9999 -9999 -9999 -9999 -9999 -9999 -9999 -9999 -9999
-9999 -9999 -9999 -9999 -9999 -9999 -9999 -9999 31.2227266245 30.4902994548 29.3161580513 29.2062860021 28.2499484458 28.12642302 27.6588861126 28.1818221753 27.6877686349 27.9485003466 28.236171811 28.3038869661 27.5398593212 28.0916389361 -9999 29.183169284 28.3090235985 28.9087600685 -9999 -9999 -9999 -9999 -9999 -9999 -9999 -9999 -9999 -9999 -9999 -9999 -9999 -9999 -9999 -9999 -9999 -9999 -9999 -9999 -9999 -9999 -9999 -9999 -9999 -9999 -9999 -9999 -9999 -9999 -9999
-9999 -9999 -9999 -9999 -9999 -9999 32.0012053869 30.2330308309 30.0888178207 30.1271378833 29.9190370657 29.4520473915 28.6635939166 28.7332761615 27.9567002139 28.1626873625 27.6567090608 27.0449080873 27.6078934789 27.4415755939 27.0924426421 27.3253389214 28.5202831754 28.7152428299 28.0259971049 28.2253254215 28.8477581218 -9999 -9999 -9999 -9999 -9999 -9999 -9999 -9999 -9999 -9999 -9999 -9999 -9999 -9999 -9999 -9999 -9999 -9999 -9999 -9999 -9999 -9999 -9999 -9999 -9999 -9999 -9999 -9999 -9999 -9999
-9999 -9999 -9999 -9999 -9999 -9999 31.9720077862 30.6820631739 29.5683204494 29.2624181883 28.8788977861 29.1305866276 28.190433476 28.0436079919 27.0730080861 26.893543205 26.9182097107 22.0813138837 26.3625746222 26.4147789295 26.5662522901 27.5330216598 27.6166779628 27.5901221721 28.5446831008 28.3180013994 28.1258590527 28.4573579362 28.7251681324 28.7368230447 28.7302955755 29.1058441759 -9999 -9999 -9999 -9999 -9999 -9999 -9999 -9999 -9999 -9999 -9999 -9999 -9999 -9999 -9999 -9999 -9999 -9999 -9999 -9999 -9999 -9999 -9999 -9999 -9999
-9999 -9999 -9999 -9999 -9999 31.4315320367 31.2603077467 30.7395172953 29.9118726249 30.0508081569 29.4928329634 28.7383171895 27.6772128276 27.8747636975 27.6706892098 27.9018924002 21.9359670045 11.8245870747 21.0762396649 26.6559392862 26.795430856 26.7178951059 27.0854288334 27.1794802152 28.1504760337 28.5547897663 27.9398578608 27.8918528364 28.0683708091 28.1646098804 28.1722650666 28.7007479539 28.3325574959 28.3931319974 -9999 -9999 -9999 -9999 -9999 -9999 -9999 -9999 -9999 -9999 -9999 -9999 -9999 -9999 -9999 -9999 -9999 -9999 -9999 -9999 -9999 -9999 -9999
-9999 -9999 -9999 -9999 -9999 31.8813429252 30.2430981724 30.4447136946 30.0571508536 29.8902972375 29.2953397457 29.3649035062 21.1190264066 17.5157367993 28.3805439115 28.1490059795 23.8510933483 10.2029319181 18.2184305341 24.1092418539 27.0579650342 27.018882455 27.3710520218 27.4831758707 27.291348197 26.7338756915 28.2362305006 27.9462134004 27.4048136826 26.3140506778 25.0016623792 26.6544286296 27.4340448303 27.549730347 27.420197785 27.9480382125 -9999 -9999 -9999 -9999 27.4491287432 27.2064840246 -9999 -9999 -9999 -9999 -9999 -9999 -9999 -9999 -9999 -9999 -9999 -9999 -9999 -9999 -9999
-9999 -9999 -9999 -9999 -9999 31.7512689323 30.8816650719 30.2498661378 29.9087397294 30.466585104 30.058567894 29.9651080516 28.5033443464 28.0527060419 28.8874417109 28.640909767 26.8290819168 28.530762873 28.789873657 28.1221379768 27.3234032897 26.7537751811 26.7148354876 26.6461850181 27.2525922138 27.0794619674 27.7132326462 27.5078324774 28.0553747818 25.7903587967 17.6666936654 22.6380352437 27.0731506848 27.280324109 27.1770609173 27.6390358617 27.7760329913 -9999 -9999 28.0331224474 27.6147626097 27.7586063797 27.6177041133 -9999 -9999 -9999 -9999 -9999 -9999 -9999 -9999 -9999 -9999 -9999 -9999 -9999 -9999
-9999 -9999 -9999 -9999 -9999 -9999 32.0171058626 31.4548916932 30.8897404081 31.432619166 30.4235659399 30.2557868758 30.0124770894 30.6377529136 28.1527498144 28.1996053994 27.8140121269 28.1103450316 27.3813959757 27.4528141729 27.7259867334 27.4092589663 27.0431490433 27.9952313293 27.2912888266 27.0099081526 26.1135164973 26.4413941541 26.7244183021 26.7008236488 24.9966086671 26.6115500941 26.7360781801 26.780035583 26.9347161522 27.2533591823 26.6621539371 26.0969459858 27.1329182791 26.8861078648 26.960554295 27.5735237679 26.1912505799 25.1441840824 -9999 -9999 -9999 -9999 26.8821825071 26.2458112427 7.742242389 -9999 -9999 -9999 -9999 -9999 -9999
-9999 -9999 -9999 -9999 -9999 -9999 -9999 32.6429417618 31.0545198614 30.7452151777 30.5893836909 31.0938835404 30.3748779889 29.1076593658 29.1613020282 29.1782798213 28.1651850078 27.989408654 27.5195382336 26.9893124927 27.2298824657 26.8610623981 26.9080446759 27.6222814681 27.3355517946 26.5763392572 26.3389351723 26.3684406924 26.9043399605 26.5300973999 26.5276835051 26.2086302251 26.5841026645 26.3928632676 27.2259307645 27.550911717 26.4867583083 26.6536915483 27.3098224132 27.0684774793 26.2521409567 26.1356331211 21.4837474411 17.4892039117 15.5347424483 16.6082954355 17.3168735806 15.8170900966 15.2326751411 21.9968173611 23.7307620006 20.4388046334 -9999 -9999 -9999 -9999 -9999
-9999 -9999 -9999 -9999 -9999 -9999 -9999 -9999 31.6577733606 31.7163376288 31.02837343 30.8073958908 29.7870854891 30.5583033656 30.1495291447 30.0570723934 28.3273089146 28.8713264106 27.9894248703 27.423624666 27.6195211268 27.554613849 29.8426159857 21.930894513 20.670976309 21.5644932807 26.3093717028 26.3762071661 25.6160383841 24.5111974981 25.3083523896 25.1938539416 25.2180865463 25.0714079232 25.8570999404 26.1212868281 26.4193370127 26.7710538447 26.928421486 27.0501606808 26.8738955962 23.728611698 16.5413122094 15.6798896718 15.0558357156 14.2573120474 13.5486172426 12.6026646653 11.8077536477 17.9839597801 21.0188984209 21.5363288751 21.7572666045 -9999 -9999 -9999 -9999
-9999 -9999 -9999 -9999 -9999 -9999 -9999 -9999 31.7954443678 31.9221650852 30.8276153031 31.0547672358 30.4270804485 30.5157761292 29.9978626653 29.4521916573 27.9433125784 28.3953572657 27.5729929498 27.5087843251 27.7301937576 27.6470745952 31.2944874693 28.6008858088 24.2452579007 19.2734697452 23.0147891647 28.0749640061 25.9427686795 24.3892543718 24.2292010762 25.01161674 24.4882284658 24.9607800964 25.9442231489 12.1498924229 26.9914524098 26.6242335707 26.623088921 26.6353138008 26.4646011579 23.9950022224 15.8805445463 15.8186658824 14.3050714919 14.2044327156 13.4438026815 12.7962561623 13.1899992081 21.9966586796 21.2300224743 21.2737354814 22.3896833536 23.8362111187 22.2797591273 22.6639604326 -9999
-9999 -9999 -9999 -9999 -9999 -9999 -9999 -9999 -9999 30.9097892172 30.5078446472 31.1619077755 30.8740671676 30.7014651538 29.9019574633 29.8817388573 29.5344096693 28.7860689196 28.6534334166 28.8702328247 29.3590272228 28.4321393125 30.713112355 38.5071895956 30.0853956974 27.5633904239 20.2927085397 17.7160232419 18.3504601182 24.9843269422 24.0278359546 24.0083883112 23.9082084954 22.6258548282 24.0031120305 22.2258682445 26.00988991 25.8456957964 25.6582112495 25.5459776942 25.3316234326 24.8314025348 14.2479233512 15.5271742385 12.8681140707 11.7321552515 10.6319875929 11.0883350373 18.8783970464 20.0342571285 19.8168094501 19.575760717 19.8663758912 21.6556352104 22.0225337063 12.9141572891 9.2875457876
-9999 -9999 -9999 -9999 -9999 -9999 -9999 -9999 -9999 -9999 30.2574237269 30.845568764 30.9763176991 30.8420928188 29.7651778221 29.6839752258 31.3287495 31.9110669358 31.303118608 30.9709823525 29.5725069879 29.320419197 27.8064022817 30.6099899156 23.7164716006 28.3129844143 24.3626794881 19.9578443888 14.9737965656 18.7681378054 24.6720387582 24.6126867384 25.2096513294 23.8242370201 25.7728281923 25.7243920481 25.762266439 25.7862649397 25.7236164679 25.7540990039 25.4045938318 24.9880509879 22.3013671471 14.7423505179 16.2394351207 16.0452115726 13.6292404523 12.238228242 20.8239965455 21.1415771457 20.9229994054 20.4661142113 18.9858878631 20.558946841 20.9779020561 11.8640560605 9.21348436796
-9999 -9999 -9999 -9999 -9999 -9999 -9999 -9999 -9999 -9999 -9999 16.6202539346 21.6896584088 30.7381339502 29.6107507541 29.5483663037 31.552445042 31.7205698761 29.5138802384 29.6406315352 28.3590811919 28.3297465266 27.5167252903 26.7016740932 24.927274781 15.1100813329 18.6483419311 23.8839176859 21.8814258959 25.4829283604 24.4864064162 22.3321061338 22.0501453173 22.4625066559 23.7344942127 22.6353606863 24.6507161697 24.5719589119 24.7336308431 24.8386507396 23.8836190385 23.2497000801 23.3602711055 18.3899281584 12.479907087 11.1805407562 11.730838424 13.1476904101 15.3699764182 20.3292981692 18.4551707375 20.3981173523 19.9291756765 19.5314831646 18.1263750237 17.7807510284 10.2573117313
-9999 -9999 -9999 -9999 -9999 -9999 -9999 -9999 -9999 -9999 -9999 15.7595404738 22.9010152905 29.7841557824 29.3480891235 29.4093229084 30.2995666532 30.049259419 28.5741963891 28.4411284495 28.4835775987 28.9211412415 27.4450161362 27.4537882838 26.7702152798 27.4910599007 24.695613157 21.4287947281 16.7678966454 17.2679507099 19.5719684906 18.6588238088 11.5837861908 12.7293707254 15.9926959808 23.3192115117 24.4801887572 24.7920811304 24.4046626786 24.0501021125 23.6358745851 23.9408076557 22.6229789587 22.8827643054 19.4817513816 14.0414811803 15.5921942992 17.0346623715 15.7500642566 12.9811921596 13.1230514589 13.1869578207 10.952904424 19.1943578582 19.5093201398 18.7597277862 17.9663991721
-9999 -9999 -9999 -9999 -9999 -9999 -9999 -9999 -9999 -9999 -9999 31.3133628576 29.2480367831 29.1925584722 28.5436478168 28.8124047544 28.8060888268 28.3218758984 27.5961184095 27.7565134591 27.6000702264 27.6926366541 27.1308284894 26.2271774863 25.4690842357 26.0559844126 25.0175514098 24.8214505507 23.8123976291 21.5369108503 15.4024017852 19.1879016587 22.2149339364 22.0434630394 12.8488990073 16.1166768717 12.1800336153 8.99500175047 22.2826270752 17.5348884419 15.7483301316 22.9944403482 23.2412466885 24.1563988245 24.5597944183 24.580355806 14.7456321183 13.8215108039 13.2813623862 12.9740984603 11.3806730997 12.362216247 12.5443991133 14.2810294869 18.6499992019 16.383290527 17.3474023086
-9999 -9999 -9999 -9999 -9999 -9999 -9999 -9999 -9999 -9999 -9999 -9999 30.460962967 29.1008406993 29.0044096658 28.6323123768 28.1251582526 28.5377621221 27.6387082818 27.901662263 28.06865456 27.566227683 27.3703993931 27.168199024 26.2029380307 26.41583252 25.2113758792 25.4140914012 24.495258514 24.2010144062 23.9084422143 24.1171543637 22.4718515731 14.9084998536 15.2399283422 16.6561142727 21.8671406577 10.5643040366 10.4355135324 23.0386599776 24.0287058354 22.7230856922 24.4785246397 25.4043070502 25.2429019908 25.3551445908 18.3745046499 13.9331681653 11.5132212506 12.3620697943 10.8810348982 9.5730967586 8.34976510295 8.44855050478 7.60977064946 10.0375940738 7.70370339848
-9999 -9999 -9999 -9999 -9999 -9999 -9999 -9999 -9999 -9999 -9999 31.3266498899 31.0829648232 29.8475266571 28.9436656717 17.5232917183 24.7492083018 28.1840668424 27.8250777473 27.8953054901 27.2958230662 27.2036089337 26.322278076 26.5735473925 25.5323383401 25.4370043618 23.554569255 23.4990621252 22.953199533 22.66315553 21.9361649102 22.1560627297 21.6089377871 21.4922813638 21.8770757259 11.7130334548 12.2723521178 8.05459232338 7.79446479091 19.1782525242 21.6540548132 20.5746656145 25.0489013649 25.5901709525 26.2404475295 26.0358611468 24.8770893183 18.3782530632 12.8996582814 13.0226711637 9.98141280553 7.41918639272 6.5173545781 6.55663261214 5.99419800797 6.48151479005 8.18655379615
-9999 -9999 -9999 -9999 -9999 -9999 -9999 -9999 -9999 -9999 -9999 31.808680023 31.2510141971 30.2555783258 28.9972015842 22.0773057381 27.2141753208 28.4767347138 28.477897859 28.3544489591 23.359573445 24.2136375768 26.9627654184 26.7379652941 25.8170663566 25.6023328723 16.7000965336 18.848624741 22.8891614974 24.6403710153 23.6638334047 22.2816156949 21.4521485117 21.4926541114 21.7061733575 10.0011946934 9.29973822928 12.4064911302 9.12238372505 12.642581113 20.7321961174 20.6329973175 23.4155142722 24.3792383477 24.9989106506 24.6405876835 24.0905504154 24.0430956271 20.4833206958 17.8246473499 9.76789731702 9.97138503255 8.57414582771 8.202309527 7.54787572874 7.09052416947 5.63105235339
-9999 -9999 -9999 -9999 -9999 -9999 -9999 -9999 -9999 -9999 -9999 30.9560369375 30.9309907861 29.8958318075 29.3507444581 29.1821567123 28.5852280224 29.5725445952 28.8365766751 29.3461359928 23.7799016734 11.1740707912 24.0767582403 22.4094143747 16.0989590146 16.0983570229 17.9155102241 20.5271617454 19.0546624741 20.3905848666 20.3909686585 23.7573259388 23.1921872208 22.8143209302 20.9675242308 7.00581732436 5.75976978844 4.40390616383 7.70861285813 7.37432161513 21.0801620921 22.0801748989 21.5323976123 20.0575678249 20.29472331 20.3525865311 21.5336035199 21.8023597274 20.5989221215 20.3897456758 11.6169398163 7.43265032931 6.30622115276 6.01585021656 5.71026019358 5.9112764344 6.54267682317
-9999 -9999 -9999 -9999 -9999 -9999 -9999 -9999 -9999 -9999 -9999 -9999 31.6013546092 30.4422710005 29.8312855876 29.5929351046 29.872640032 29.6193388842 28.5565157334 28.6759108016 28.5979181855 29.5512056872 20.5524756635 16.3960019395 15.3800029645 15.2169220334 12.9601824254 13.4346622489 12.2554938822 11.2997342595 10.028886526 16.3017616085 20.6995757498 21.1707526213 20.4378948011 7.91979320321 6.89602528484 5.15824954186 9.14896905278 10.5404089589 21.1389202818 21.2152557252 22.0750906694 20.2771308943 20.2925998772 20.3470953824 20.4165798946 21.224050116 19.9202426299 20.8036019205 18.7227262512 9.9174582741 11.044908933 9.69990251929 6.14407074629 6.63821710125 6.14567503321
-9999 -9999 -9999 -9999 -9999 -9999 -9999 -9999 -9999 -9999 -9999 -9999 32.7088590403 31.3673478058 30.1701146405 32.5580868319 30.8911931435 30.7569315754 29.2910102161 28.651397443 28.7082272837 28.9144044352 25.5632343475 20.5675221518 17.6387972264 21.1534381449 19.2817080886 17.0719423105 14.3289901844 16.4523973063 13.7749008235 14.5853574148 22.8768270881 23.8690145579 12.3807455077 8.44738221932 12.4767041838 9.37921030079 12.4676515937 10.2036890208 18.6664723195 20.2728545261 19.4425504365 19.3720839075 19.3457293436 18.6780811963 17.9381647786 18.0721080862 16.6952901338 18.1285147955 16.7293978516 15.3300034759 12.3672821069 4.33794107802 3.12288094297 3.90158178227 3.12213548338
-9999 -9999 -9999 -9999 -9999 -9999 -9999 -9999 -9999 -9999 -9999 -9999 32.619554056 31.9119653619 29.9268184339 30.7115159151 29.8400556105 29.1582270805 29.128425744 29.6031203892 29.0897079572 28.407248137 27.9068169009 20.6034111009 21.0489985404 19.8721206672 25.6358373672 24.1710839981 14.6832434001 13.5407667978 11.9411607137 11.3740404183 16.0842668454 19.1131127515 10.350510764 16.7477208403 31.5776150736 11.6861116956 7.71949978615 7.85812825021 7.28539631552 7.93510800505 15.3709327505 19.5409965669 19.2912747758 19.3796175186 19.2955819738 19.2969808496 18.4674148944 18.9412646024 16.899240962 9.34255188086 4.12482514526 3.39700564241 3.83875803402 3.42402996079 3.18834799865
