data/recharge/transience/oldversion/mHM_recahrge_571.ASC
ncols   80
nrows    72
xllcorner    4374000.0
yllcorner    5656000.0
cellsize      500
NODATA_value  -9999
[rows 25 to 49 of 72, columns 0 to 56 of 80]
-9999 -9999 -9999 -9999 -9999 -9999 -9999 -9999 -9999 -9999 -9999 -9999 16.172948055 15.5809170124 14.295494615 14.4006715513 11.3808242945 11.3026556564 10.398604767 12.2337967472 11.0432938355 10.3050900527 9.49355922183 6.79990532178 10.220034843 12.2237851581 11.0665283806 12.0508593866 9.50880725373 8.27104505543 7.08607293519 6.47119872547 5.18095232364 5.05444314841 6.34910397754 4.79840582515 5.1830099362 7.81709329828 5.64964817032 4.6967915125 3.82620862829 2.79441666529 3.16683041192 3.91292937653 3.64856154894 3.76258018404 3.71030067481 3.67932152783 3.6757058112 4.03905639412 3.92824085203 3.12225446837 2.21608685894 1.66756951995 1.88238231154 1.80193541801 1.67896210885
-9999 -9999 -9999 -9999 -9999 -9999 -9999 -9999 -9999 -9999 -9999 -9999 -9999 12.998343133 14.3834836699 15.0359910831 13.5580256009 12.7667718223 11.0019029871 9.88869028609 9.96161915109 11.2091895146 11.8424664407 9.95701202335 10.1981139196 8.86448944914 8.84691734303 8.25484510472 7.81504295662 8.56466574912 7.1186772171 6.4641999035 5.17013689664 5.46978748851 6.07006246117 1.61598690011 3.32108057216 6.08772217812 5.23088760393 3.41252066274 2.74927595969 3.86753142294 2.32231839877 2.61992049548 2.22951524011 2.46430988495 2.95630476026 2.80037621661 1.94136888112 1.4870181732 1.46320270566 1.65250102978 1.84829481701 1.91677342026 1.72750284034 1.50257071724 1.23414696764
-9999 -9999 -9999 -9999 -9999 -9999 -9999 -9999 -9999 -9999 -9999 -9999 -9999 -9999 13.2956738492 13.8117845646 12.1770545923 11.2656611593 11.0526239248 11.9042409008 10.4655838373 12.6044859647 11.0505282129 10.1474479011 7.90154868802 7.6899055765 8.53975541255 10.4692194885 8.25281609062 7.10757194167 7.30781056232 9.12720818166 6.87628799354 7.04093490582 6.53175493622 2.38070826241 3.22629907698 4.58220933104 3.31299581997 2.11071886167 2.1646735777 2.98158909855 3.74808292495 2.78087917843 1.86582183683 2.27663764066 2.08293155906 1.98884214859 1.76655956002 2.08785003805 1.79748881615 1.23077643633 1.11774100282 1.58104015182 2.05095211983 3.43711055208 3.66643673929
-9999 -9999 -9999 -9999 -9999 -9999 -9999 -9999 -9999 -9999 -9999 -9999 -9999 -9999 4.61455512711 8.72688885367 11.621101443 10.9677450822 10.0560381992 10.6981556365 10.6439846437 10.9142588611 8.78633238429 11.629778315 10.6130745689 10.7893101446 6.61335467623 6.63363523737 7.29305969804 7.85007733081 5.78540239153 2.96136283507 5.83967524366 9.07565893198 8.13462108948 2.37569029341 2.43845276661 2.43901329943 1.74698819465 1.91643815163 2.2399215641 2.62133575519 2.54390798748 3.17009824756 2.639937993 2.0076535059 0.865134199627 0.823757381232 1.12813471608 1.5626847009 2.1272804208 2.55202781031 2.84704631151 2.05021082697 2.11560117985 2.43238722802 6.96122527714
-9999 -9999 -9999 -9999 -9999 -9999 -9999 -9999 -9999 -9999 -9999 -9999 -9999 -9999 7.86368272654 10.355986192 12.5753618454 12.0977031105 12.006426465 11.792719303 10.5117150149 11.3542175905 11.4234252499 10.1317208348 8.40086924219 7.58649286531 8.02600832808 7.80769268292 5.93618644509 6.82623128887 6.31791560233 6.03399682177 5.30352929279 8.90621591239 9.91028364834 2.4224793637 2.65993876761 5.76172920203 1.66527912592 1.47958283454 2.1685973504 2.66837411728 2.13013494335 2.23600833453 1.73694386464 2.07604769366 1.41289173648 2.18107604869 4.19209884647 4.72562847832 3.92339374461 2.38742615616 3.7872084042 3.52520907525 2.83618856556 3.19305403851 2.62244651643
-9999 -9999 -9999 -9999 -9999 -9999 -9999 -9999 -9999 -9999 -9999 -9999 -9999 -9999 17.297490882 14.9808158671 14.4672763176 15.8223499488 14.7150567975 15.130069739 10.6508254466 9.92873750812 9.02470565799 9.12120177598 7.16673299259 7.83939392637 6.59858041799 7.86301677101 6.80419523513 5.94850116996 5.91929680679 6.75700489276 5.79836246581 2.96125453944 2.15329610562 2.19576088852 1.73101004054 3.54896339811 1.28213274043 1.8635217084 1.44954646876 1.46821891945 1.35355170899 1.54294626878 1.24067687228 1.43966033478 2.77531591899 3.50883162796 6.38655370671 7.21571068874 5.35432597913 5.95246518421 3.95580310191 3.88471430713 3.37200155592 2.70325774346 3.0997894338
-9999 -9999 -9999 -9999 -9999 -9999 -9999 -9999 -9999 -9999 -9999 -9999 -9999 -9999 -9999 12.4851823761 12.0047370777 12.7931837265 13.2385951577 10.5128549894 8.22031942455 8.52580466806 9.2167806288 9.26704861759 7.09543188441 7.7224691069 6.34231486948 6.86298698042 5.52233795782 5.88826645689 4.60056570308 4.34403197381 3.69741083767 4.46709918287 2.4842793827 2.52578214212 2.18096392492 2.10409376805 1.87359798704 1.14262930382 0.623674538155 0.885380813675 1.11396861306 1.05210413654 1.13147917795 1.23390301514 1.42257567872 1.65307785487 2.08516789465 2.19513016454 1.48233296519 1.24634949687 2.39407289515 4.44102799263 4.18328172877 4.11046420302 3.33558946082
-9999 -9999 -9999 -9999 -9999 -9999 -9999 -9999 -9999 -9999 -9999 -9999 -9999 -9999 -9999 -9999 11.0533412018 9.9726268699 10.0376142034 13.2793101842 11.9437273113 11.271411837 8.13710822065 6.78948298555 6.82086375973 6.16017747432 5.18411916417 4.66711939631 3.23030319093 5.70324213737 6.30154538287 4.78951635582 4.57349263953 2.83522239036 1.77065919925 2.13329378451 1.98079630188 2.28876100259 2.12270353191 2.68989211743 3.53485862238 3.28393659499 2.19195507642 2.70457168629 1.20959867823 0.781529941885 0.562121893237 1.82949939871 1.30235379674 0.869843763392 1.46233062319 2.71931891009 1.83673053463 1.37041633443 1.73923664349 1.45718946958 1.33170674933
-9999 -9999 -9999 -9999 -9999 -9999 -9999 -9999 -9999 -9999 -9999 -9999 -9999 -9999 -9999 -9999 12.0297672507 12.529021963 13.1836566796 11.5658106958 9.03316252606 10.0465547613 8.66068438801 7.40128692499 6.48241607178 7.25187915115 5.67437469471 5.53438809844 4.09090347673 4.35986059485 2.70252283206 2.28998408242 2.79504297723 2.66208160277 2.87893132484 2.15862499453 3.07800745408 2.65744837997 2.06273184264 1.82060238982 2.66037777919 1.40140799513 3.86805727151 5.54693235046 3.58548675523 2.41877347153 1.66402870029 1.19945398047 0.82810388249 1.20071860487 1.98104538457 2.131809857 3.0103382798 3.26883020474 4.17580888967 2.74082310178 1.35077412476
-9999 -9999 -9999 -9999 -9999 -9999 -9999 -9999 -9999 -9999 -9999 -9999 -9999 -9999 -9999 7.3159962818 7.51377702392 9.19041058249 10.0401236913 9.68257908794 8.63296812808 8.56960673523 7.32231095349 6.54412618884 5.42164771559 5.92243150314 5.20401281637 5.41084395126 3.73540184462 4.7917922489 4.43730557109 4.61983187845 4.34909314647 2.7263776577 1.43070691655 3.02625426531 1.66834699845 3.26360834994 1.965817613 1.04145173977 1.18801966514 2.75783950277 2.38647738585 2.33915105373 2.59404467914 1.84843807317 0.540736423934 0.873771132355 1.50529030678 2.02269470224 1.37562750222 0.925959450666 1.09714279937 1.31356566276 1.52536915971 1.59747684334 1.97089158497
-9999 -9999 -9999 -9999 -9999 -9999 -9999 -9999 -9999 -9999 -9999 -9999 -9999 -9999 8.90841273661 8.28937973099 7.90879432459 9.13873892806 8.71624282668 8.78606353233 7.66368892023 8.75760158393 6.90710043408 7.24201398152 5.45217369094 5.09701623854 4.4313557866 4.86135034443 4.54246204929 4.53554509942 3.74827044999 3.87734294043 2.89727614241 3.27382388367 2.92371333543 4.63798481184 2.99854487897 1.06938343573 1.3660412275 1.48312658875 1.52430284881 1.84337375036 1.63817376248 1.84985090965 1.26092417787 1.00039875963 1.19033769828 1.85263387949 1.9263321227 1.37402719176 1.12240111756 1.10466993231 1.23414481811 1.18860926125 1.08653314631 1.20286993945 1.29848649188
-9999 -9999 -9999 -9999 -9999 -9999 -9999 -9999 -9999 -9999 -9999 -9999 -9999 -9999 9.42108257698 10.291230048 9.19973638806 8.31128611102 7.11060159652 6.61055996826 5.9854195338 7.10722037027 6.14752833043 6.60741007491 5.20777921067 4.32986565039 4.10541619543 4.50531756269 3.93017655544 4.30104764717 4.08505372511 4.67359220957 5.63298994017 4.94104737849 2.66187274039 5.62737479443 5.39501398718 6.65249461252 3.82206898898 3.92428470599 5.12036406473 4.71946514177 2.14265554305 1.91522566574 1.7617379542 0.848479074314 1.83787852277 2.07304650154 2.41601722905 3.43565848961 3.4073017687 3.36479243135 2.32212160933 1.92205093624 2.34340688859 2.20608891723 1.47262015746
-9999 -9999 -9999 -9999 -9999 -9999 -9999 -9999 -9999 -9999 -9999 -9999 -9999 -9999 -9999 -9999 9.43857119265 11.7048712051 11.7193123265 11.4921305128 9.22367808205 6.56391769488 7.25607214401 7.30465940984 5.62390365596 6.01182964516 3.66429629209 3.96541904326 3.33257256218 4.48775667887 4.44970297033 5.25303713224 5.03432532989 4.09055584843 4.44296739917 4.49861311049 4.65146679285 3.48709679013 5.23468064164 5.35223973037 2.99544794945 2.78724591709 1.85179427399 1.69292530245 1.1377126206 1.4444453027 1.31402604045 1.0593313014 1.43467086595 2.10525941234 2.03236774041 2.12358237799 1.86047127981 1.49503202478 0.850541137337 0.938383748361 1.7502111943
-9999 -9999 -9999 -9999 -9999 -9999 -9999 -9999 -9999 -9999 -9999 -9999 -9999 -9999 -9999 -9999 11.9228175108 11.3230811478 11.0189125575 8.23964084023 8.69125758654 8.69915297716 5.21182604847 5.63054361266 5.82148256789 6.5870185205 5.5946632993 5.2792552421 4.80218843033 4.88525088221 5.70511310803 5.27471084341 4.07816171758 3.92150622093 2.62944911822 2.911358342 3.10501465305 3.87485141865 2.30256078803 1.94702145634 2.74475358552 3.88357259047 1.40551000569 1.81956631168 3.18301719371 1.14352488475 0.422348939199 0.782505540434 1.17386279269 0.83121964311 0.597541142752 0.614927752817 0.462345212439 0.585273743142 0.586165169175 0.593744804319 0.553420651059
-9999 -9999 -9999 -9999 -9999 -9999 -9999 -9999 -9999 -9999 -9999 -9999 -9999 -9999 -9999 -9999 -9999 -9999 11.1823035884 9.28240517218 7.49485060522 8.57413664512 7.99680951059 6.88050111475 5.39659473852 5.39973642835 4.93422223657 5.23527004235 4.61434876409 4.4589388181 3.18768916314 2.63682213224 2.51805346268 3.20326130356 2.56156020679 3.49109391155 3.4540832802 2.22884408057 2.0344253996 3.13839670933 2.1405276114 1.77860533046 1.54052133253 1.52299215293 1.43722153955 1.50863838816 0.594988097396 0.629691496588 1.02522049046 0.560265801874 0.668959586591 0.833409825593 0.479157011566 0.502177988385 0.667140953102 0.747680835403 0.627756940862
-9999 -9999 -9999 -9999 -9999 -9999 -9999 -9999 -9999 -9999 -9999 -9999 -9999 -9999 -9999 -9999 -9999 -9999 -9999 7.18601360582 7.16227634153 7.80258118219 7.23277426374 7.98779878648 5.70722093116 5.27454573294 4.19248624196 4.39238513105 2.90138382417 2.72383135223 2.83013211343 1.68744705435 1.50219702165 2.06877934929 1.60777211019 1.4914220822 1.38244968272 2.25614344234 1.95233563979 2.4397256852 1.7231776425 1.48268758325 1.11693826829 1.61500924667 1.6627680082 1.9078886252 1.14444904233 0.513659072302 0.352764980639 0.987787791409 0.499473824907 0.581536625354 0.437202145121 0.429496296609 0.602530361096 0.558594638937 0.39516899819
-9999 -9999 -9999 -9999 -9999 -9999 -9999 -9999 -9999 -9999 -9999 -9999 -9999 -9999 -9999 -9999 -9999 -9999 9.54578895698 10.5353886537 10.6715539824 10.3430942856 7.84204558674 6.02491816575 5.49182608592 5.43746610698 4.53774016476 4.52308181087 3.6923906597 3.23067643277 1.31180252763 1.00700774766 1.28208871436 2.52710346069 2.35652584236 2.99173533528 3.77903862127 3.54460628862 3.27277805845 3.09860768546 2.929919133 1.71872487485 1.21653857807 0.506064700237 0.684077349984 0.610177135412 1.6878409814 2.48084122081 1.5681287952 0.585859150115 1.00772097513 1.46751380064 1.75209548661 1.54350719436 1.01489242429 0.807579327706 0.670114245498
-9999 -9999 -9999 -9999 -9999 -9999 -9999 -9999 -9999 -9999 -9999 -9999 -9999 -9999 -9999 -9999 -9999 -9999 -9999 11.7640519246 11.1319757158 10.4692605892 7.79764560724 6.00565549817 5.84486956872 5.72019850117 4.02982865518 4.60299968121 3.61487836043 4.70285919459 3.01915528593 2.96632711019 3.56420948029 2.93904073032 1.39497216671 1.17424586342 1.17971913367 0.929164165832 0.766968067998 0.766720317618 0.982676018908 1.70148416695 1.45312756996 1.23909398985 1.08237597471 3.14916573575 2.4349415437 1.60329126527 1.77024125277 0.985449933029 0.173571427326 0.317103639823 0.482641414573 0.93933587268 1.03423654504 0.332997419408 0.334434502966
-9999 -9999 -9999 -9999 -9999 -9999 -9999 -9999 -9999 -9999 -9999 -9999 -9999 -9999 -9999 -9999 -9999 -9999 -9999 -9999 8.95804395856 10.0151294684 7.93101880732 6.80852646069 4.53397674326 5.41329764256 4.08698425269 4.87003772287 5.20114987997 4.4024694732 3.23701610526 2.99993871868 2.26823532855 1.65847113611 1.51091181044 1.89888676378 2.21767185294 2.67963222712 2.62046931427 2.31099644173 1.59318549483 2.48784006682 2.76047315973 2.29185355127 3.41685530557 2.81435330678 2.3046299857 2.73132585751 2.29225624596 2.13485874295 1.47500422044 0.683922267028 0.263087734437 0.21551678825 0.594908690199 0.649824896347 0.387862204894
-9999 -9999 -9999 -9999 -9999 -9999 -9999 -9999 -9999 -9999 -9999 -9999 -9999 -9999 -9999 -9999 -9999 -9999 -9999 -9999 -9999 8.94690222493 8.01997395898 7.99753365948 4.17413466335 3.64871990111 3.6420393967 4.83558693638 3.62284382118 3.02398620236 4.03699037517 3.54203537 3.09968209061 1.4828575494 3.59149991385 3.85675335568 2.82655724036 1.97651436553 1.60680933189 1.7005486197 2.81801197815 3.05827730696 3.64017856514 2.26915338724 1.81163697262 1.139566586 1.77330375386 2.06136393356 2.1476404959 2.74111210004 2.1900425719 0.884312210933 1.20358101885 0.70295096938 0.105674877226 0.174131229608 0.226176178056
-9999 -9999 -9999 -9999 -9999 -9999 -9999 -9999 -9999 -9999 -9999 -9999 -9999 -9999 -9999 -9999 -9999 -9999 -9999 -9999 -9999 7.27138779759 6.83641801357 6.86575319558 5.81061348233 6.33774689709 4.90018747195 5.04230512589 3.88532583883 3.97338833563 1.84399674715 3.22669998138 3.6122435983 3.43626257966 1.79590528184 2.34854496302 1.93416851139 2.22408563716 1.90414975727 2.58286606525 2.87171124472 2.68333994896 1.89191639452 1.86197095771 2.78560391335 2.57991210014 2.43830392601 2.34489705248 1.46960092807 1.09534034013 0.993035734851 0.582337992572 0.482231910396 0.2762642536 0.309006405344 0.124240902333 0.139957298645
-9999 -9999 -9999 -9999 -9999 -9999 -9999 -9999 -9999 -9999 -9999 -9999 -9999 -9999 -9999 -9999 -9999 -9999 -9999 -9999 -9999 -9999 7.02956980802 8.40268759459 5.88084912666 5.11239800699 4.06858295756 5.17840011881 4.19597866215 3.94097698023 3.48337062667 3.81628499198 3.14373847941 3.5171512689 4.03380083984 2.81316143918 3.05904771546 2.75992263272 2.68010521385 2.57968959122 2.72736797023 1.41752872258 1.76014231769 2.61719170548 1.2947627008 1.09648565128 0.932369546364 1.42682422466 2.26132088521 1.18257276197 0.486190771145 0.43074576465 1.94152124361 0.810668143384 0.140949857325 0.106899365555 0.132269956677
-9999 -9999 -9999 -9999 -9999 -9999 -9999 -9999 -9999 -9999 -9999 -9999 -9999 -9999 -9999 -9999 -9999 -9999 -9999 -9999 -9999 -9999 7.39362221219 7.10737120491 5.47348169306 6.05499860373 4.73508562971 4.61581894578 4.55889934507 4.78785223205 3.96796130779 4.1500636882 4.03949317014 4.00742835399 2.90524849301 4.29266220157 2.75750552526 2.60653281444 3.36884693994 3.15362686713 1.76646476518 2.81239898703 1.81672910768 1.23058835085 1.14032794568 1.71524760505 2.6646288995 2.62700721433 1.22904354894 1.10105242637 0.617765529831 1.33374157495 0.505811894663 1.63350716836 0.705000282767 0.563253052727 0.28726008148
-9999 -9999 -9999 -9999 -9999 -9999 -9999 -9999 -9999 -9999 -9999 -9999 -9999 -9999 -9999 -9999 -9999 -9999 -9999 -9999 -9999 -9999 6.9557703333 7.80200275538 6.72545318838 5.67008132365 4.65915490755 5.93655036802 4.91309021323 5.53280139133 4.22692447026 3.48090660047 2.97615351668 3.69239528951 4.20721474078 2.5409948504 2.52905635967 3.79747184702 3.15452418009 2.73711470853 2.93656729442 2.07298607025 1.29707787703 1.89908152332 2.71946317843 2.47596807103 2.62621357476 2.13741730238 1.6038931455 1.6080088782 2.43866051639 1.85124119864 1.27035042853 1.46516682605 1.71996464938 1.89701534855 0.798350396507
-9999 -9999 -9999 -9999 -9999 -9999 -9999 -9999 -9999 -9999 -9999 -9999 -9999 -9999 -9999 -9999 -9999 -9999 -9999 -9999 -9999 -9999 -9999 8.42311955984 7.50136977807 5.93536136516 4.23493385568 5.69423803858 4.83607361393 5.14647513172 4.29405438465 4.86107965216 4.19294082497 5.08503002224 3.51019534678 4.05386013391 4.25622322313 3.5151000161 1.89930656423 1.1592439081 1.14033506115 1.87968114272 2.92551363357 2.98170487008 2.47737811221 2.07281978601 0.967500070474 0.841142886768 0.884008983513 1.01608209888 0.756577715599 1.11884802679 1.37729143614 2.23750232315 0.989917898504 0.411997445179 1.20205588473
