data/recharge/transience/oldversion/mHM_recahrge_184.ASC
ncols   80
nrows    72
xllcorner    4374000.0
yllcorner    5656000.0
cellsize      500
NODATA_value  -9999
[rows 0 to 25 of 72, columns 0 to 56 of 80]
-9999 -9999 -9999 -9999 -9999 -9999 -9999 -9999 -9999 -9999 -9999 -9999 19.9844431603 20.3365804571 -9999 -9999 -9999 -9999 -9999 -9999 -9999 -9999 -9999 -9999 -9999 -9999 -9999 -9999 -9999 -9999 -9999 -9999 -9999 -9999 -9999 -9999 -9999 -9999 -9999 -9999 -9999 -9999 -9999 -9999 -9999 -9999 -9999 -9999 -9999 -9999 -9999 -9999 -9999 -9999 -9999 -9999 -9999
-9999 -9999 -9999 -9999 -9999 -9999 -9999 -9999 -9999 -9999 -9999 -9999 20.1279393653 18.7420983376 17.900247372 -9999 17.8147680616 -9999 -9999 -9999 -9999 -9999 -9999 -9999 -9999 -9999 -9999 -9999 -9999 -9999 -9999 -9999 -9999 -9999 -9999 -9999 -9999 -9999 -9999 -9999 -9999 -9999 -9999 -9999 -9999 -9999 -9999 -9999 -9999 -9999 -9999 -9999 -9999 -9999 -9999 -9999 -9999
-9999 -9999 -9999 -9999 -9999 -9999 -9999 -9999 -9999 -9999 18.9071520794 18.4980021558 19.2054269903 19.1893639386 17.134307835 16.6270939753 15.7813536876 15.9973279824 -9999 -9999 -9999 -9999 -9999 -9999 -9999 -9999 -9999 -9999 -9999 -9999 -9999 -9999 -9999 -9999 -9999 -9999 -9999 -9999 -9999 -9999 -9999 -9999 -9999 -9999 -9999 -9999 -9999 -9999 -9999 -9999 -9999 -9999 -9999 -9999 -9999 -9999 -9999
-9999 -9999 -9999 -9999 -9999 -9999 -9999 -9999 -9999 18.8186661171 18.8026694158 18.7036260524 18.225679779 18.5016819028 17.6843544422 17.403483154 16.4977512097 17.4594248057 -9999 18.4658469698 -9999 -9999 -9999 -9999 18.445130205 18.8429820311 -9999 -9999 -9999 -9999 -9999 -9999 -9999 -9999 -9999 -9999 -9999 -9999 -9999 -9999 -9999 -9999 -9999 -9999 -9999 -9999 -9999 -9999 -9999 -9999 -9999 -9999 -9999 -9999 -9999 -9999 -9999
-9999 -9999 -9999 -9999 -9999 -9999 -9999 -9999 20.4863230692 19.5841748942 18.160593007 18.2923166922 17.5912664637 17.1696841708 16.77182898 16.5051030196 15.6912543892 15.4372710071 15.9065150952 16.7697316126 16.7502785467 17.1114041749 -9999 17.0567455382 19.2006644475 19.2366987228 -9999 -9999 -9999 -9999 -9999 -9999 -9999 -9999 -9999 -9999 -9999 -9999 -9999 -9999 -9999 -9999 -9999 -9999 -9999 -9999 -9999 -9999 -9999 -9999 -9999 -9999 -9999 -9999 -9999 -9999 -9999
-9999 -9999 -9999 -9999 -9999 -9999 20.610563106 19.4803830149 18.7012571795 18.9665757854 18.9293517663 19.3051346779 18.1888727488 17.89288283 16.688566549 17.1257990638 16.1731761871 15.7666608835 16.6859383796 16.659004435 16.5519614779 16.9053672183 17.4077736067 17.1333357211 18.4825340192 18.3827707288 19.3867577964 -9999 -9999 -9999 -9999 -9999 -9999 -9999 -9999 -9999 -9999 -9999 -9999 -9999 -9999 -9999 -9999 -9999 -9999 -9999 -9999 -9999 -9999 -9999 -9999 -9999 -9999 -9999 -9999 -9999 -9999
-9999 -9999 -9999 -9999 -9999 -9999 20.8354429087 20.2267172557 18.2783970748 18.0415915132 17.4353339618 17.8877409627 17.0599120956 16.3755100676 15.5362453083 15.0771459649 15.0001641973 11.7679107835 15.0313348957 14.6677758122 15.4686556362 16.3770025537 16.7789003123 16.8519137995 17.4857317379 17.1166080052 19.2539045512 19.5689811985 20.191416248 19.862106366 21.2194412613 21.1983559328 -9999 -9999 -9999 -9999 -9999 -9999 -9999 -9999 -9999 -9999 -9999 -9999 -9999 -9999 -9999 -9999 -9999 -9999 -9999 -9999 -9999 -9999 -9999 -9999 -9999
-9999 -9999 -9999 -9999 -9999 22.5578477745 21.0523899436 20.9440096069 19.8178029284 19.9564394942 19.0633765478 18.5126686131 16.9120644373 16.8014675452 16.2414769849 16.3661360773 11.5137720561 6.41369530858 12.37566997 14.8187135861 15.5128644066 15.2913379553 16.4164532495 16.6187800074 17.6668361836 17.9896868738 19.1468718508 18.7590784657 19.8680766696 19.7450454143 19.8243362112 20.1995076936 19.7523228867 19.5195224047 -9999 -9999 -9999 -9999 -9999 -9999 -9999 -9999 -9999 -9999 -9999 -9999 -9999 -9999 -9999 -9999 -9999 -9999 -9999 -9999 -9999 -9999 -9999
-9999 -9999 -9999 -9999 -9999 22.985317223 21.6064354555 21.6779259698 20.20597794 19.7727264911 19.0974099353 19.434740412 12.4405917755 10.043471167 17.9345169302 18.1820379134 13.2925334405 5.02722609416 9.16503256198 11.965227434 15.2228213035 15.3198431338 16.9616250764 16.7212263623 17.0907616863 16.394434603 17.8485535523 17.2710651953 18.5285722338 17.4423818712 16.9142871752 18.162215802 19.3217917275 19.0345701042 19.1791796344 18.9450250291 -9999 -9999 -9999 -9999 17.7991004388 17.379944327 -9999 -9999 -9999 -9999 -9999 -9999 -9999 -9999 -9999 -9999 -9999 -9999 -9999 -9999 -9999
-9999 -9999 -9999 -9999 -9999 22.4889488817 21.3033918113 21.2660077416 20.4537381621 20.8555037613 19.8839870232 19.6216341922 18.28463033 18.4550769929 18.4320755502 17.2827655712 15.6436766194 17.1938155595 16.4062345387 16.6429106572 16.1396502562 15.030379831 15.785347865 15.535324837 16.9498655868 16.731742743 17.5832374258 17.0553999062 18.789713897 16.6298180305 10.7278446735 14.9268939802 19.1993513128 18.9807315003 18.6227080534 19.1754024072 18.6839322221 -9999 -9999 18.5301359849 18.0908319586 17.8777870869 17.7097449551 -9999 -9999 -9999 -9999 -9999 -9999 -9999 -9999 -9999 -9999 -9999 -9999 -9999 -9999
-9999 -9999 -9999 -9999 -9999 -9999 23.0109128673 23.1449526667 21.6164198602 21.3971952856 19.9278126606 20.380455152 20.5581133682 22.5501969883 17.7879702286 17.2481735962 16.7631072062 16.5757613956 15.8204746482 15.7622200748 15.9425085167 16.1705767852 16.2732186554 16.8047442648 16.8526779796 16.2204332689 15.8824116801 16.4009839335 16.9464906411 16.9916909019 16.0610939666 17.5831255089 17.5945368394 17.5932928561 17.9208914244 18.1184595658 18.0730532569 17.7285379831 18.0459656523 17.8453434285 17.1717777355 18.1959546023 16.2847491291 15.8710929197 -9999 -9999 -9999 -9999 16.2507065442 15.7131564836 3.2443517849 -9999 -9999 -9999 -9999 -9999 -9999
-9999 -9999 -9999 -9999 -9999 -9999 -9999 22.58886713 21.1137455445 21.8233018595 21.0009759918 20.5230782277 19.4506981359 18.1348212483 17.1646240625 18.279299591 17.9407901626 17.9178674188 17.5006441276 16.4981090261 15.5426422882 15.5520914018 15.9421860287 16.0655967225 16.3694225761 15.7126556235 16.2048143635 16.4726477203 17.0954469363 16.8497671951 17.2185334214 17.1455887699 17.7401414315 17.455045447 18.2754361358 18.2557486186 18.3622056646 18.2964250558 17.9408809219 17.8997846449 16.6192119 16.4703328929 15.7136135544 14.9751190798 13.5996332634 13.6855284745 14.4231833319 13.8761327739 13.2783561534 14.4052912856 12.8111487174 9.9950153861 -9999 -9999 -9999 -9999 -9999
-9999 -9999 -9999 -9999 -9999 -9999 -9999 -9999 21.1268870712 20.722661835 20.8873209172 21.4328338367 20.2580132943 20.7608626975 20.0938742057 19.6303098722 17.7767124483 17.8388952643 16.4701219913 17.0814528072 18.7882704742 18.5474716563 20.514334166 22.9699670199 23.0583088465 23.199131011 18.1262847638 15.7784419975 15.5527838746 14.8594301283 15.5719461437 15.7290718764 16.122865884 15.8578434948 16.6032502215 16.8452537478 17.1005652812 17.3688600989 16.7624396348 16.7403686494 16.3319075737 15.8164480399 13.3115811178 12.9727252675 12.2783189752 11.9472238979 12.329544858 11.920175194 11.2383475855 12.6638499229 12.2774610645 12.4632440449 10.9678672471 -9999 -9999 -9999 -9999
-9999 -9999 -9999 -9999 -9999 -9999 -9999 -9999 22.2032178867 21.4597245168 20.4537723493 20.5181334078 19.7882119387 19.7577543934 18.7138617443 18.5483413214 17.5621729451 17.9752135584 17.0977087296 17.5394349136 18.4701518764 18.4132196382 23.1684993007 25.9125869235 24.5174561571 22.4717836379 24.2521405542 19.0965587615 15.9419930119 15.1225595916 14.9999451975 15.4265651809 15.4101965408 15.6996067266 16.6033135476 6.30932166218 17.5997620811 17.1500580259 16.7224860663 16.6175445866 15.9186936098 15.32264173 13.087249435 13.0247979566 11.9859218322 11.9393786431 12.2839658028 11.9996649027 11.7245115391 13.0879453973 12.4051070384 12.4299816392 11.4324955097 11.9498609921 10.4460209372 10.7899541449 -9999
-9999 -9999 -9999 -9999 -9999 -9999 -9999 -9999 -9999 22.9826582335 21.7264037822 20.6041779196 20.3048068238 20.2835664096 19.3275365782 19.3366590614 19.7528809881 20.0552168052 20.3193772487 20.3706525629 20.4200104627 19.101969624 20.8975526714 31.0571727939 27.0699925327 26.134982178 23.2403758498 22.4494822795 17.9972261083 15.1308970998 14.9847932007 15.1606940235 15.0058681712 14.3641468129 14.7595361274 12.7980249056 16.3383092077 15.9953721501 15.3501896305 15.4009772129 14.7057359577 14.8398317032 12.2635094568 13.0276932628 11.4677972713 10.8315312016 9.96437316373 10.1058019864 11.1757470718 11.1745790594 10.9146616538 10.7611248591 10.2991104805 10.6817016053 10.645824794 9.47024900431 8.0470012391
-9999 -9999 -9999 -9999 -9999 -9999 -9999 -9999 -9999 -9999 20.9702171536 21.1999320995 20.1961952734 20.3710529601 18.88209748 18.3668028178 18.4316893693 19.6311972005 19.1258615614 18.3267984804 18.1988899399 18.0468079914 17.0175256854 22.4234952463 24.8659158447 26.5439684429 25.3701994331 23.287553816 21.3329204783 19.5043826596 15.0047032091 15.0209469862 15.557738355 14.8582850704 16.1147233574 15.7567449053 16.1694388451 15.9939896948 15.4035320344 15.4412515267 14.9884550152 14.9207136839 13.3354083949 12.5101336431 12.9231646361 12.6133722575 11.4948641158 10.6697445525 11.5838936572 11.549428762 11.5513282401 11.3439429504 10.1736093012 10.6185240548 9.85784288506 9.27700285474 7.9992140282
-9999 -9999 -9999 -9999 -9999 -9999 -9999 -9999 -9999 -9999 -9999 11.0025932455 13.1367213786 20.1229836294 19.0792271637 18.3892500154 18.9172286301 18.8631919587 17.994916257 18.5629743944 19.0630015589 18.9419776783 17.4179701297 16.4506163933 18.8073308436 22.2030578978 24.2995235317 26.428207231 24.401543528 14.6335015455 17.9419656406 15.4005078841 14.3590824242 14.5867136393 14.9344970991 14.3508358745 14.8345002325 14.783711812 14.7408754408 14.7522596152 14.3762620684 13.7583883209 13.4284043326 12.6815491935 11.0331496013 10.6287078875 10.6928638104 11.4201400399 10.7930391678 10.9977289434 10.4292257533 11.0385820375 10.2099508664 9.67783244705 8.6047219158 8.73252014893 7.79837844437
-9999 -9999 -9999 -9999 -9999 -9999 -9999 -9999 -9999 -9999 -9999 9.534890731 14.1804540164 19.3473164546 19.3213019019 18.7978439114 18.0504288164 17.6689083646 18.4307136808 18.5019685197 18.4910933374 19.275038793 17.2540913463 17.0097155576 16.735965842 17.4648767257 20.1197922351 23.6124279833 22.5550841548 20.8149293562 22.3793348268 22.0143250065 19.0854807573 19.8670924155 18.6280758054 15.255536195 14.787421458 14.9267243844 14.5513911247 14.2342019407 12.9418965372 14.5338398161 12.9394591624 13.1110469897 12.4815380745 11.8151753461 12.3650016991 12.9713264437 12.1294150533 10.8284604216 10.708261448 10.6245943361 9.1400813814 10.3598814628 9.71319355459 9.14325281179 8.5653957738
-9999 -9999 -9999 -9999 -9999 -9999 -9999 -9999 -9999 -9999 -9999 22.4241552625 21.1941429912 20.8036697844 18.3364533126 18.6264141956 17.3634250309 16.3032808763 16.5421310605 17.1102862961 17.5557223824 17.7100005541 16.8151317387 16.082587699 15.5035977281 15.4337913751 15.3793760921 15.2236171457 15.5071217309 17.9271104782 20.2938613477 23.4842783783 24.7341871248 24.9306017861 18.9882569646 17.3843970248 18.6031361811 17.4243435846 14.0632655645 9.07351545788 6.86803605598 13.7116931897 13.740690349 14.3820487112 14.6489293008 15.1971203732 12.2589879215 11.7935909567 11.2659694245 11.2870698417 10.3631373773 10.8438954042 10.8545856311 11.580216152 11.1052583864 7.71397854503 6.54874392413
-9999 -9999 -9999 -9999 -9999 -9999 -9999 -9999 -9999 -9999 -9999 -9999 19.8069528596 20.5109249632 19.4748372139 18.8375326323 17.8033883923 17.1801218817 16.552245005 17.3672405654 17.797331964 17.3803056638 17.0267744898 17.0041575442 15.7866992002 15.9515738426 15.51859387 15.7460560378 15.4263709726 15.1069246438 15.0214489394 15.3171683691 16.3481983275 19.5587608675 19.9513792607 8.95718705064 19.1009909188 17.6941568869 17.8505212977 13.7780900901 14.0623943318 13.6093977248 14.7913044708 15.5209630941 15.4686384624 15.4244657028 13.2360260711 11.8486425251 10.3233809647 10.7804306521 10.1640616553 9.4792085126 8.76905260055 8.79607095557 7.83753119433 7.71928777984 3.33863572961
-9999 -9999 -9999 -9999 -9999 -9999 -9999 -9999 -9999 -9999 -9999 21.6523079747 21.4035114022 21.7823496503 21.0179332594 11.6385841878 14.9952694577 17.9804093178 16.4869447588 17.0258243585 16.090726627 15.96911861 15.3348165251 15.5278243507 15.5432549994 15.4333783708 14.994171104 14.6473086411 14.8986758532 14.6456151516 13.8886255475 14.1432044875 13.4666746963 13.3805001154 13.5597418483 19.3802749558 18.5579183385 15.6546625134 14.5270864335 13.2704716536 13.1939591644 12.6968795276 15.7273565262 16.6210606729 17.4511977165 17.3902194279 15.6687040166 14.1289369013 11.6179934885 11.5930494024 9.733789844 8.18700415355 7.4117925276 7.44216083467 6.90864055579 7.31007549694 8.41020695244
-9999 -9999 -9999 -9999 -9999 -9999 -9999 -9999 -9999 -9999 -9999 22.0037103541 22.8717994041 22.5243878106 20.3335661578 14.2826947221 18.1166194828 18.3575467485 17.0627849693 17.3333924073 14.0077185375 14.7070510002 15.9078936238 15.9623427226 15.8786762265 15.9421598755 9.06165177484 10.1432857897 14.8628776783 16.9565636171 15.8771142734 14.2844460352 13.3362465961 13.3851210448 13.3821786203 16.6788352916 16.5355149935 18.2599207784 15.4998644971 15.819475031 12.4509881599 12.9802531601 14.8138502232 15.1080315145 15.1498392249 14.8208989104 14.5705154525 14.7208453124 12.9664723109 12.6845573049 9.61538297181 9.77349016841 8.89549879239 8.6495004755 8.12128718818 7.79307503819 6.50446102094
-9999 -9999 -9999 -9999 -9999 -9999 -9999 -9999 -9999 -9999 -9999 23.8494203461 23.9664533705 22.9113991443 22.3977983479 22.1626344868 18.9599074181 19.3441521644 18.4595514826 18.9027061907 13.5926483192 6.12794949697 13.9823481365 16.7886120694 14.7196194409 14.7359825216 15.7413341883 15.8470821746 14.8748778136 14.3897478447 14.0820316561 15.95591201 15.517878081 15.0773613534 13.2172125235 14.8629309009 13.5774091607 12.0370500439 14.821261298 13.7554599894 13.1570700127 13.5835802983 13.5582437688 12.8521368267 12.9122054353 12.9612805081 13.0753124507 13.1648483084 12.0050672659 11.7305600713 9.80803632957 8.36615426899 7.05528275748 6.87264184242 6.36767944498 6.82588383343 7.48549990348
-9999 -9999 -9999 -9999 -9999 -9999 -9999 -9999 -9999 -9999 -9999 -9999 24.2397266865 23.7571942782 22.2378717735 21.4498064945 19.6482442292 19.9326279695 18.3904015963 18.8876232606 18.0379177946 19.0380918152 15.8401300111 14.3920491347 14.3447044638 14.2512551694 13.4545142594 13.7399426137 13.2677019137 12.639073397 11.566024125 13.198282581 12.7579121237 13.2522864207 12.6737352311 16.4240817947 14.5394806666 13.1238457595 15.7436006467 16.0958624923 13.0875993402 12.5420298771 13.3526012975 12.857740906 13.1289981179 13.124367956 12.5561447635 12.7513560367 11.4534957704 11.5669334216 10.1794161276 4.75026446997 5.42447516326 8.85184341173 7.03348806083 6.96514172356 6.5678142367
-9999 -9999 -9999 -9999 -9999 -9999 -9999 -9999 -9999 -9999 -9999 -9999 25.9949708535 24.6435238056 23.2348080298 22.2286406255 20.2573999519 20.7805658817 19.7357181156 19.1287700902 18.8721041586 18.3682457011 17.0952516683 16.5015748691 15.3835272747 15.9019364112 16.2417356258 15.6057789831 14.2694077 15.4064918225 13.8802101463 14.2741218151 16.0082441962 16.0236858226 17.4037310719 16.2757639177 14.4435653958 16.2365967034 18.2217284072 15.8859194575 13.2358461135 12.0464913707 11.2152891613 11.1488772365 11.0731103151 11.1609423892 10.5965655 10.5514289766 9.6567937457 10.0578514937 9.28250840151 7.91660673057 8.25826304512 6.4343795877 5.37366782188 6.29967532247 4.70206707894
-9999 -9999 -9999 -9999 -9999 -9999 -9999 -9999 -9999 -9999 -9999 -9999 24.7043807152 24.6403736735 23.4751243268 23.2222537037 20.8707757405 20.9069222707 19.2151381869 20.2207179837 18.9550399531 18.6770006708 17.5979732734 10.9167303533 13.0319812666 15.755246229 16.9275347545 15.9419674731 14.4565354412 13.8094932489 12.7636184184 12.3757069137 12.8618316625 14.6480836004 15.6847491843 13.3739054294 15.0147835197 16.5730446089 14.9942804958 10.4495743126 9.13810574728 9.67921430929 10.8296638311 11.269541694 10.8811664427 11.0089312808 10.8784106534 10.8514793328 10.3705110762 10.8105259776 10.2191931402 9.26337564314 6.60419452002 5.75284858207 5.62797644124 5.79890483652 5.51503398552
