data/recharge/transience/oldversion/mHM_recahrge_499.ASC
ncols   80
nrows    72
xllcorner    4374000.0
yllcorner    5656000.0
cellsize      500
NODATA_value  -9999
[rows 25 to 49 of 72, columns 0 to 55 of 80]
-9999 -9999 -9999 -9999 -9999 -9999 -9999 -9999 -9999 -9999 -9999 -9999 2.80595006908 2.59900191651 2.04248654867 2.09340596411 1.36261274083 1.3297170619 1.1189909289 1.42886434631 1.10683115321 0.958103768258 0.766469290418 0.274542099061 0.375018933749 0.88816205497 0.396572617828 0.384598816213 0.479277520679 0.362643581224 0.298740282594 0.255917577426 0.256038165129 0.25889031036 0.146954960778 0.14477956456 0.205494486191 0.266459380325 0.196951494604 0.225966865937 0.20284753566 0.125697092703 0.269212806532 0.430355468248 0.416606703353 0.432084568921 0.43895634342 0.434450305233 0.443286526389 0.496002456054 0.464711085652 0.217772592577 0.114657484923 0.0820840444843 0.0854347512782 0.098748311997
-9999 -9999 -9999 -9999 -9999 -9999 -9999 -9999 -9999 -9999 -9999 -9999 -9999 1.93640280379 2.08489536762 2.23901825666 1.8293355082 1.85321121706 1.36276858758 1.15129075293 1.03550751631 1.17661566078 1.20888767427 1.0134778457 0.868489472078 0.621127493458 0.381105297408 0.444946944799 0.411477514946 0.490212900695 0.368618085297 0.313622140664 0.377422626993 0.10591104426 0.135261350013 0.0562070454329 0.15216205706 0.2172625565 0.265586308368 0.167698701336 0.139705805544 0.186836826378 0.0946755717034 0.122323870065 0.138954714182 0.211809616648 0.353445908506 0.333470770956 0.144269278941 0.0762433018586 0.0711917531329 0.0817762507629 0.102075026173 0.108350651908 0.195568698914 0.0756306049683
-9999 -9999 -9999 -9999 -9999 -9999 -9999 -9999 -9999 -9999 -9999 -9999 -9999 -9999 1.84197177508 1.80652398238 1.50218099756 1.54668286654 1.41241133034 1.56826853407 1.17257031079 1.40368337331 1.07735914852 0.942500265033 0.686581730034 0.660078888334 0.772817450468 0.837198454723 0.463361772955 0.345631250182 0.376097870773 0.448073619526 0.503920442905 0.19610842893 0.204718553381 0.0844013135794 0.119104701908 0.185440634677 0.138604251904 0.0985032821283 0.0903869530665 0.120161007656 0.193924973243 0.120900090865 0.0774604536607 0.0991416775204 0.0854184511872 0.104288785623 0.0697818562373 0.0975220664756 0.0902789835943 0.0591249367548 0.0586277122981 0.0895006065593 0.278577607043 0.398514502599
-9999 -9999 -9999 -9999 -9999 -9999 -9999 -9999 -9999 -9999 -9999 -9999 -9999 -9999 1.2396159503 1.67646717501 1.31163686089 1.50909756517 1.32861142847 1.44436996705 1.37513495667 1.27774559665 0.906836141848 1.30138967529 1.11693195888 1.15243810326 0.586023117721 0.57941424205 0.672090594772 0.674713353677 0.429948772446 0.320528530568 0.588560199696 1.21931796423 0.40157910644 0.159960017478 0.137027971511 0.0894972706422 0.0921738023508 0.0923213953738 0.123269906562 0.149529524852 0.150848514123 0.170919962596 0.137496153224 0.0958942060926 0.041478312596 0.0526923449089 0.0992723771419 0.0773779684785 0.126212609978 0.160607894789 0.200708453723 0.127114172638 0.119018494036 0.131315707578
-9999 -9999 -9999 -9999 -9999 -9999 -9999 -9999 -9999 -9999 -9999 -9999 -9999 -9999 1.20744055383 1.47014583928 1.6539630955 1.65241171637 1.59724236639 1.59989460091 1.30945675135 1.43426609938 1.33594315289 1.06292336343 0.841227958872 0.692034055389 0.73995004273 0.727308096224 0.517070108087 0.616341712306 0.580030820508 0.554465036114 0.503508543024 0.380523240593 0.69660103419 0.182293824737 0.22965563927 0.524669231099 0.190688570981 0.0840458709104 0.117261811865 0.152069784452 0.124354369236 0.130154974259 0.0836149848596 0.0999825503374 0.0687894120766 0.114784396389 0.317049633162 0.352718366761 0.255182522928 0.12922874158 0.257030056696 0.235216029585 0.186894575821 0.211753770668
-9999 -9999 -9999 -9999 -9999 -9999 -9999 -9999 -9999 -9999 -9999 -9999 -9999 -9999 2.98986623918 2.33365632387 2.11875341198 2.35015145797 1.72963045238 1.81269645889 1.33331956151 1.22722944637 1.03341948613 1.05743954363 0.886343991995 0.988633894972 0.745298654605 0.8654023483 0.637193696109 0.615874419533 0.633044569138 0.749333362574 0.658088484376 0.197182396726 0.204686710562 0.207929022205 0.182977893598 0.380186260864 0.151910460913 0.223285250686 0.0978843770745 0.0725046849299 0.0856885585305 0.0994758921073 0.0756086636918 0.0756750752596 0.167918556759 0.209067363026 0.562098847035 0.689277569101 0.444134612369 0.539859778403 0.302195242404 0.325500091947 0.294480547308 0.211514546435
-9999 -9999 -9999 -9999 -9999 -9999 -9999 -9999 -9999 -9999 -9999 -9999 -9999 -9999 -9999 1.77704935032 1.61332840765 1.45960464053 2.40291799931 1.30176934887 0.872152737704 1.10293564527 1.06113471236 1.07475614826 0.846820736064 0.867895352235 0.647438055146 0.711910006627 0.820011745075 0.543489381243 0.470231665916 0.428885753546 0.398729437332 0.573129123144 0.230388794163 0.233709271129 0.220356900097 0.214020781805 0.207508944239 0.101692691287 0.0529931582198 0.0755368879926 0.0451506127935 0.0427200460711 0.0591626358243 0.0530683721013 0.0679120175572 0.0800793327618 0.105221081456 0.117814007846 0.0889192258387 0.0732343852131 0.171987750415 0.447393397395 0.414874971728 0.402739182275
-9999 -9999 -9999 -9999 -9999 -9999 -9999 -9999 -9999 -9999 -9999 -9999 -9999 -9999 -9999 -9999 1.51750597244 1.38960695338 1.34574420729 1.94851025649 1.8013537248 1.61655519321 1.02959962508 0.887087712175 0.939848916485 0.825996221823 0.686086261288 0.528531430851 0.408882199854 0.746716091851 0.97419789887 0.737160133178 1.29830624051 0.785757500039 0.220703815617 0.255917524931 0.25842927374 0.290552003274 0.291348437895 0.37343191836 0.303091079553 0.275983604688 0.210479402743 0.12763808997 0.0649840327701 0.0422317619353 0.034691152311 0.113960547711 0.0888927855616 0.0584161849365 0.104478088438 0.232626683911 0.139237933271 0.0986302782094 0.133870676827 0.108733040867
-9999 -9999 -9999 -9999 -9999 -9999 -9999 -9999 -9999 -9999 -9999 -9999 -9999 -9999 -9999 -9999 1.99760635823 2.0667995363 2.03781970033 1.80858851439 1.2277958894 1.33865288974 1.08249187448 0.988199374541 0.882971805633 1.02199466873 0.767761030831 0.748542761233 0.672966374858 0.545477679258 0.299873278071 0.320864568746 0.439622350849 0.470493382711 0.394735291963 0.239490255827 0.341869066154 0.311489208439 0.284567669743 0.262286356562 0.158557952455 0.121630269425 0.193309300011 0.401189335563 0.245034957862 0.142981766412 0.131967279836 0.129714459931 0.0501517939821 0.0813426661009 0.150451104258 0.165585258686 0.27798773135 0.314840480523 0.476829796735 0.246964340762
-9999 -9999 -9999 -9999 -9999 -9999 -9999 -9999 -9999 -9999 -9999 -9999 -9999 -9999 -9999 1.1276547844 1.14193413687 1.42252652941 1.6600166109 1.58579322616 1.35534820449 1.21952337402 1.01762631051 0.94200220368 0.77779058788 0.867331566733 0.763309305735 0.792857756104 0.450006662007 0.63930113418 0.61497240057 0.643512288128 0.698972945155 0.373020741779 0.129271458903 0.14454073982 0.151477979453 0.368886554655 0.392273832772 0.20789865177 0.148309931456 0.15355563393 0.146272061864 0.142349642901 0.185956205399 0.121063316283 0.0584446372862 0.104649714731 0.136086600144 0.181893827122 0.117432264179 0.0769190135184 0.0926272593992 0.112738389064 0.135948547827 0.143528328351
-9999 -9999 -9999 -9999 -9999 -9999 -9999 -9999 -9999 -9999 -9999 -9999 -9999 -9999 1.26787699744 1.32102507478 1.21933951165 1.43133599832 1.29761364192 1.40177703399 1.17886014557 1.39955836118 1.03010117134 1.09560626676 0.78377206441 0.721452953337 0.629269513971 0.672247141355 0.592969226463 0.591841766783 0.511621258431 0.530171825864 0.344792988843 0.258270626946 0.362028688457 0.349353198215 0.151358205324 0.101021010904 0.166159309264 0.193261811559 0.158355393941 0.0969231135499 0.0902558103111 0.104864458898 0.078622875714 0.0616580097165 0.0864725697717 0.139872642224 0.170255646929 0.114521061558 0.0940182002841 0.0924331337393 0.105223415682 0.101042643542 0.0930538994189 0.10396790779
-9999 -9999 -9999 -9999 -9999 -9999 -9999 -9999 -9999 -9999 -9999 -9999 -9999 -9999 1.38781721884 1.83030784225 1.56038423874 1.27557761113 0.974632023035 0.878298750542 0.911925119692 1.14852989684 0.977345242248 1.07021812754 0.802071449756 0.627495842154 0.50032473359 0.516059139662 0.407762807996 0.604000169382 0.649698355645 0.568878969601 0.658097798749 0.469245671134 0.304625034103 0.480835643075 0.485491168619 0.70081630629 0.306919509395 0.320159376242 0.547471094966 0.477697307319 0.162587309224 0.140802837652 0.141160158466 0.0638323302153 0.161174461017 0.297503879309 0.344622419611 0.454830008782 0.463423852026 0.453917908772 0.277172023252 0.214724714672 0.293885072071 0.270280049497
-9999 -9999 -9999 -9999 -9999 -9999 -9999 -9999 -9999 -9999 -9999 -9999 -9999 -9999 -9999 -9999 1.61057633839 2.48201136732 2.51388745376 2.42761336713 1.55691395843 1.00137407731 1.20532274734 1.2158621899 0.881738439028 0.77361461858 0.356146068099 0.398793438824 0.319243051837 0.409404677777 0.489322557627 0.520485054832 0.534555475178 0.375346047036 0.483937833272 0.494067125769 0.468581245857 0.244697865702 0.555178214852 0.649920640247 0.29740986982 0.247307379017 0.300473366017 0.187463332605 0.0864412669493 0.112184827177 0.110883904637 0.0945466382129 0.160855913229 0.22363224357 0.219753951692 0.233181235825 0.206023315738 0.157411388988 0.0888085962557 0.0983041562758
-9999 -9999 -9999 -9999 -9999 -9999 -9999 -9999 -9999 -9999 -9999 -9999 -9999 -9999 -9999 -9999 2.81856650511 2.5649012633 2.41983201281 1.41706007744 1.56959074265 1.54023503833 0.845467313894 0.945356177033 1.02880530423 1.00508365411 0.769974806567 0.696383452197 0.566518762382 0.523054480182 0.751109924056 0.659848020407 0.489000597322 0.421386799307 0.267024142709 0.30619124067 0.38270370203 0.533713465679 0.28402842429 0.233340002912 0.390015920989 0.641049558771 0.299428125148 0.324035928443 0.41553997516 0.103534659604 0.0438901224896 0.0772324859897 0.143844098151 0.092575200442 0.0694986691137 0.0714224167625 0.0582416570502 0.0728516765505 0.0779030015118 0.0789125136938
-9999 -9999 -9999 -9999 -9999 -9999 -9999 -9999 -9999 -9999 -9999 -9999 -9999 -9999 -9999 -9999 -9999 -9999 2.48568388495 1.76812502211 1.19018893683 1.52889273203 1.34679434528 1.21476496021 0.937146158589 0.861370243442 0.6283270742 0.629403315603 0.475011861656 0.453880357912 0.315426829477 0.245438501141 0.263750542351 0.337990847092 0.258120229024 0.39857330116 0.447185141361 0.247063745611 0.245895258333 0.430774009146 0.284373050321 0.228866726803 0.207072758465 0.204450741918 0.20295754289 0.17591435386 0.0614567896438 0.0642304770039 0.107257273414 0.0592996687699 0.0851698762882 0.10206980867 0.0602025267041 0.0629111005399 0.0884860775221 0.0993234615512
-9999 -9999 -9999 -9999 -9999 -9999 -9999 -9999 -9999 -9999 -9999 -9999 -9999 -9999 -9999 -9999 -9999 -9999 -9999 1.18608096818 1.2062567331 1.40879194219 1.27683548858 1.61095484155 1.11442423913 1.00410618145 0.610408052781 0.459570964249 0.27647347539 0.254363304165 0.303271068318 0.233381299727 0.169162493321 0.238949581888 0.173693866999 0.133832854265 0.144198782937 0.275293390716 0.282544527483 0.381262963744 0.275071520431 0.232990587945 0.179687184282 0.264511008109 0.306125074346 0.329687271347 0.156873475687 0.06025241837 0.0477623040869 0.125745659511 0.0676571790503 0.0860986248721 0.0653474539738 0.0642846555669 0.0934451149379 0.0868130947935
-9999 -9999 -9999 -9999 -9999 -9999 -9999 -9999 -9999 -9999 -9999 -9999 -9999 -9999 -9999 -9999 -9999 -9999 1.98937132039 2.37627070346 2.48475759164 2.35082239264 1.48279030907 1.13647199998 1.06353497794 1.02677653107 0.7533930022 0.583579503787 0.384535288439 0.319248627209 0.160815806395 0.229162780055 0.233904407329 0.241453583067 0.225871448481 0.322760545266 0.557456447539 0.49977456828 0.495301005255 0.469071033164 0.523001687536 0.274210016856 0.209523094219 0.168387043258 0.246572876892 0.171516720059 0.252821884116 0.362498434924 0.205658046476 0.0773194481901 0.146909311617 0.2885904581 0.307167134087 0.27971749692 0.158048431977 0.1257688939
-9999 -9999 -9999 -9999 -9999 -9999 -9999 -9999 -9999 -9999 -9999 -9999 -9999 -9999 -9999 -9999 -9999 -9999 -9999 3.08347692962 2.93222284234 2.64213559731 1.59997548075 1.18760544366 1.24182349666 1.20996547138 0.799091917679 0.829848901945 0.494208024551 0.733044847685 0.599233570234 0.583926033783 0.500566896412 0.319728237588 0.332614342881 0.268301914625 0.139986943765 0.109701975455 0.107619155331 0.107553978247 0.161304245717 0.326967559784 0.250121704646 0.257180333449 0.300831692089 0.741820023184 0.520882841192 0.301435819542 0.279320443569 0.139706696024 0.0291005889293 0.0497055426915 0.100010317744 0.303439378669 0.260992409413 0.0544047548617
-9999 -9999 -9999 -9999 -9999 -9999 -9999 -9999 -9999 -9999 -9999 -9999 -9999 -9999 -9999 -9999 -9999 -9999 -9999 -9999 2.0122632606 2.44403989904 1.65026864321 1.29001319374 0.918550313737 1.13222414465 0.805520859123 0.883966325917 1.06012790279 0.872524789338 0.71578894905 0.663898456324 0.288864698946 0.412686379593 0.363944830471 0.329562567502 0.315716825206 0.428123604862 0.469035972022 0.408610630329 0.302328754222 0.506976133858 0.594682916731 0.469915568371 0.806048259256 0.617741432275 0.485873434873 0.605438020768 0.47801083664 0.366700616216 0.256477620181 0.124198102902 0.0530287525991 0.0413909426573 0.113590151503 0.112565947521
-9999 -9999 -9999 -9999 -9999 -9999 -9999 -9999 -9999 -9999 -9999 -9999 -9999 -9999 -9999 -9999 -9999 -9999 -9999 -9999 -9999 2.14754118867 1.84556425164 1.8206124183 0.880529682982 0.756228774188 0.747458467898 0.92170897868 0.759502628197 0.678884690387 1.37515346628 0.815982721265 0.397086114385 0.297402101717 0.680127946196 0.685952236962 0.572784282577 0.357901742299 0.347149637165 0.37119130404 0.68564653968 0.767227916952 0.982386373985 0.520570662736 0.397151200915 0.240727592958 0.387093519309 0.46247400246 0.495301654882 0.722232853232 0.856720061652 0.298404690043 0.224265792519 0.138506062048 0.0227455156523 0.0422027259733
-9999 -9999 -9999 -9999 -9999 -9999 -9999 -9999 -9999 -9999 -9999 -9999 -9999 -9999 -9999 -9999 -9999 -9999 -9999 -9999 -9999 1.50634667266 1.39858247397 1.41044668334 1.2289542255 1.44634984651 1.0944538604 0.805696753884 0.594030325411 0.872316480605 0.467113677593 0.712441491114 0.522328939937 0.450601342595 0.222230986337 0.356259903743 0.355240595065 0.409119342203 0.409909805509 0.603508581929 0.703817793676 0.642455287527 0.415970288812 0.406692472546 0.680337613839 0.614603062223 0.571972612019 0.543719257601 0.321084486231 0.295428749889 0.399831456301 0.235374272273 0.10724879876 0.0537788745914 0.0770927550663 0.0280399648258
-9999 -9999 -9999 -9999 -9999 -9999 -9999 -9999 -9999 -9999 -9999 -9999 -9999 -9999 -9999 -9999 -9999 -9999 -9999 -9999 -9999 -9999 1.56852081309 2.13688949973 1.35842743618 1.20893587851 0.965013601996 0.884667997105 0.626619981741 0.588902936274 0.620532325764 0.700113821485 0.49003159329 0.543345028634 0.843082456516 0.485848628466 0.653066517499 0.562050657851 0.625684055832 0.598340387569 0.696146039791 0.318442398133 0.414262241222 0.673986825685 0.296582704456 0.251905185393 0.213791510626 0.327684597315 0.559339538918 0.39016162379 0.195596652744 0.165743471291 0.329158750315 0.156045576516 0.0317411253644 0.0225581281128
-9999 -9999 -9999 -9999 -9999 -9999 -9999 -9999 -9999 -9999 -9999 -9999 -9999 -9999 -9999 -9999 -9999 -9999 -9999 -9999 -9999 -9999 1.70993695682 1.59934975687 1.24213948068 1.47988987638 1.14824421418 0.859720295165 0.750625529718 0.769766845499 0.646645595803 0.691474332888 0.761802117761 0.69581623455 0.50908147674 0.935587641512 0.571765142386 0.522999397861 0.871439861328 0.799750147881 0.405718849484 0.725596805392 0.429681511989 0.281319997149 0.261585297668 0.403270860039 0.689509343329 0.678862930885 0.278952748558 0.249591365124 0.143761850639 0.216539770038 0.101558393262 0.315858357644 0.156144184258 0.129165431522
-9999 -9999 -9999 -9999 -9999 -9999 -9999 -9999 -9999 -9999 -9999 -9999 -9999 -9999 -9999 -9999 -9999 -9999 -9999 -9999 -9999 -9999 1.63759573951 1.99589592518 1.71939326071 1.45299600351 1.13735276248 1.37498488908 0.877184808929 1.05347021605 0.750765318124 0.565742082508 0.522145414974 0.637862406502 0.929233134043 0.428290420399 0.507188784334 0.924457320502 0.800457201903 0.653495225002 0.787464519218 0.499597076316 0.310416055031 0.473288125643 0.75422753912 0.662204642031 0.712683426106 0.548113074328 0.390842407622 0.391922155093 0.641694512821 0.459067549277 0.244663313293 0.275710804452 0.345843302688 0.385105711167
-9999 -9999 -9999 -9999 -9999 -9999 -9999 -9999 -9999 -9999 -9999 -9999 -9999 -9999 -9999 -9999 -9999 -9999 -9999 -9999 -9999 -9999 -9999 2.26483816443 1.98482081715 1.53502839867 1.01048126479 1.23583985912 0.853563744463 0.935557354557 0.769633800437 0.934660814083 0.845947275436 1.1086911246 0.692014964705 0.873483041548 1.11127890607 0.819184030943 0.408855157197 0.303051226408 0.258176159527 0.444449236836 0.807869887465 0.838993227289 0.666392769861 0.53344946788 0.23206338348 0.203533986954 0.212508639025 0.243060778867 0.182126035867 0.266770118518 0.320471276535 0.489752742763 0.202014144375 0.0867969271687
