data/recharge/transience/oldversion/mHM_recahrge_447.ASC
ncols   80
nrows    72
xllcorner    4374000.0
yllcorner    5656000.0
cellsize      500
NODATA_value  -9999
[rows 0 to 24 of 72, columns 0 to 56 of 80]
-9999 -9999 -9999 -9999 -9999 -9999 -9999 -9999 -9999 -9999 -9999 -9999 22.3759492377 22.9590107729 -9999 -9999 -9999 -9999 -9999 -9999 -9999 -9999 -9999 -9999 -9999 -9999 -9999 -9999 -9999 -9999 -9999 -9999 -9999 -9999 -9999 -9999 -9999 -9999 -9999 -9999 -9999 -9999 -9999 -9999 -9999 -9999 -9999 -9999 -9999 -9999 -9999 -9999 -9999 -9999 -9999 -9999 -9999
-9999 -9999 -9999 -9999 -9999 -9999 -9999 -9999 -9999 -9999 -9999 -9999 20.6119391736 19.521314423 19.1365504767 -9999 19.9907482133 -9999 -9999 -9999 -9999 -9999 -9999 -9999 -9999 -9999 -9999 -9999 -9999 -9999 -9999 -9999 -9999 -9999 -9999 -9999 -9999 -9999 -9999 -9999 -9999 -9999 -9999 -9999 -9999 -9999 -9999 -9999 -9999 -9999 -9999 -9999 -9999 -9999 -9999 -9999 -9999
-9999 -9999 -9999 -9999 -9999 -9999 -9999 -9999 -9999 -9999 20.2807164286 19.6320597471 20.3792942562 19.9320469736 18.6387722629 18.6029144232 18.5316912569 18.8159275696 -9999 -9999 -9999 -9999 -9999 -9999 -9999 -9999 -9999 -9999 -9999 -9999 -9999 -9999 -9999 -9999 -9999 -9999 -9999 -9999 -9999 -9999 -9999 -9999 -9999 -9999 -9999 -9999 -9999 -9999 -9999 -9999 -9999 -9999 -9999 -9999 -9999 -9999 -9999
-9999 -9999 -9999 -9999 -9999 -9999 -9999 -9999 -9999 19.6324720137 19.9122804657 19.7726297176 19.3668674199 19.5820780162 19.335819266 19.2104067495 18.8825566243 19.8896378421 -9999 20.2291927898 -9999 -9999 -9999 -9999 18.8066358537 19.4669536366 -9999 -9999 -9999 -9999 -9999 -9999 -9999 -9999 -9999 -9999 -9999 -9999 -9999 -9999 -9999 -9999 -9999 -9999 -9999 -9999 -9999 -9999 -9999 -9999 -9999 -9999 -9999 -9999 -9999 -9999 -9999
-9999 -9999 -9999 -9999 -9999 -9999 -9999 -9999 20.8180495521 20.1847317794 19.5825391722 19.8423910678 19.460214252 19.229179468 19.0967546395 19.1622843583 18.6979427535 18.4222986063 18.6550276473 19.1621067263 18.7786191722 19.0935632624 -9999 18.6685431499 19.2048711726 19.5508016357 -9999 -9999 -9999 -9999 -9999 -9999 -9999 -9999 -9999 -9999 -9999 -9999 -9999 -9999 -9999 -9999 -9999 -9999 -9999 -9999 -9999 -9999 -9999 -9999 -9999 -9999 -9999 -9999 -9999 -9999 -9999
-9999 -9999 -9999 -9999 -9999 -9999 21.2313019376 19.8705193789 19.6798628492 19.8000809613 20.1157857362 20.3744290817 19.8763477452 19.7619377449 19.1604547667 19.4178496118 18.8803219778 18.5646811715 18.122404129 18.8406830667 18.5700292535 18.7824680398 19.0722636461 18.7424405893 19.0677189334 19.0945729823 19.4145200029 -9999 -9999 -9999 -9999 -9999 -9999 -9999 -9999 -9999 -9999 -9999 -9999 -9999 -9999 -9999 -9999 -9999 -9999 -9999 -9999 -9999 -9999 -9999 -9999 -9999 -9999 -9999 -9999 -9999 -9999
-9999 -9999 -9999 -9999 -9999 -9999 21.6616785586 20.8274169973 19.6556654588 19.437310586 19.4401641199 19.8997641819 19.4906503324 18.994657285 18.6704099001 18.5098417579 18.8174777068 14.3865277302 15.968604626 18.136199066 18.2304898104 18.888241218 18.6888518617 18.6966308135 18.4997109757 18.2231520202 19.0955664683 19.6793879673 19.5995598148 19.4643654584 19.7704812287 19.881721857 -9999 -9999 -9999 -9999 -9999 -9999 -9999 -9999 -9999 -9999 -9999 -9999 -9999 -9999 -9999 -9999 -9999 -9999 -9999 -9999 -9999 -9999 -9999 -9999 -9999
-9999 -9999 -9999 -9999 -9999 21.9476935097 21.458967185 21.2244678872 20.6979979767 20.6297826393 20.3143973203 19.8838315152 19.0054982903 18.4839875976 19.2312805309 19.3563126304 14.4462340781 7.41494810416 13.0126806468 17.9675065255 18.3157883096 18.2016746407 18.3958094649 18.5039448146 18.7096152584 18.9731154231 18.9544024669 19.0712140896 19.2553145747 19.2326963875 19.035191149 19.3559618857 18.8558855322 18.7969604023 -9999 -9999 -9999 -9999 -9999 -9999 -9999 -9999 -9999 -9999 -9999 -9999 -9999 -9999 -9999 -9999 -9999 -9999 -9999 -9999 -9999 -9999 -9999
-9999 -9999 -9999 -9999 -9999 22.5653955303 21.8465657025 21.946911802 21.2812187895 21.012463817 20.7229705702 20.9138400254 14.5436835876 11.2352345529 20.2154854733 20.0210985841 16.1176526076 6.24118436294 11.1440594401 14.9708188632 18.6298768978 18.3636382563 18.805606527 18.7406219967 18.4564278116 18.0086263473 18.1577874707 17.9383725651 18.3493835392 17.3276451922 15.5531801104 16.8197265486 18.3587028343 18.3022460498 18.1605453231 18.2075494278 -9999 -9999 -9999 -9999 17.3280812197 17.1520790294 -9999 -9999 -9999 -9999 -9999 -9999 -9999 -9999 -9999 -9999 -9999 -9999 -9999 -9999 -9999
-9999 -9999 -9999 -9999 -9999 22.2956320507 21.9232557144 21.5920240815 21.3579915313 21.7313113685 21.3557859981 21.1952318717 20.3074251306 20.2767131966 20.6167383826 19.7883679904 18.4924167541 18.8509814264 18.1861370453 19.5391390926 19.0748152836 18.1703499008 18.1531258667 18.0330417991 18.3922240258 18.2404768471 18.0838639789 17.660200079 18.614774399 16.3939755337 11.269275199 15.4762059309 18.2059373263 18.0760601622 17.6542334732 18.179640927 17.9369028541 -9999 -9999 17.8257656289 17.5069259483 17.4737209938 17.2985420759 -9999 -9999 -9999 -9999 -9999 -9999 -9999 -9999 -9999 -9999 -9999 -9999 -9999 -9999
-9999 -9999 -9999 -9999 -9999 -9999 23.2415497419 22.9019152045 22.3919903399 22.4365020821 21.5641404403 21.752260169 21.0893812767 20.6258315912 19.8341555098 19.7974871403 19.3379652298 19.3354192161 18.9894801855 18.9567175334 18.7923894038 18.7761181659 18.3597732183 18.8604711039 18.3876102555 18.0603250191 17.0261844015 17.2623813179 17.567804136 17.6266418661 16.5767159905 17.6059593766 17.1952787536 17.4021719723 17.3214753043 17.476504839 17.2439174583 16.8871466743 17.2998091194 17.1660036639 16.8711288965 17.3859352944 16.0392167146 15.3279147496 -9999 -9999 -9999 -9999 15.3302874126 14.9375360108 4.22375917096 -9999 -9999 -9999 -9999 -9999 -9999
-9999 -9999 -9999 -9999 -9999 -9999 -9999 23.0021790837 22.188208207 22.454129202 22.1726829894 22.0705477829 19.7638707081 19.1240235796 19.3762703954 20.2930519407 20.1135576202 20.0978571407 19.7040549872 19.1217245397 18.4733702549 18.3557555959 18.1918924695 18.4630730918 18.2048659615 17.7523838885 17.4675631944 17.6837519209 17.7137748229 17.5341774402 17.3800244876 17.3350621032 17.3252307219 17.2479516683 17.5179813303 17.580542415 17.4170293273 17.4875566242 17.3124621059 17.2330171217 16.438612054 16.27714144 13.7137283408 11.5949374399 10.1287378893 10.653648792 10.7986524483 10.0613991134 9.47718937902 12.8286074452 13.2473041995 11.3205392825 -9999 -9999 -9999 -9999 -9999
-9999 -9999 -9999 -9999 -9999 -9999 -9999 -9999 21.4806964154 22.3376781844 22.2661783851 22.4883668122 21.560970476 21.9971509563 21.5879139274 21.3198259596 19.9237047963 20.10187194 19.2109491106 19.3129548657 19.7522424041 19.6327291261 23.2180008417 19.3137932547 17.6877297399 19.0158618817 19.8502530554 17.3188150502 16.6412868307 15.7914169024 16.3208019487 16.2303338431 16.2938804396 16.0557310703 16.4659336099 16.3042123492 16.6639725028 16.8326658199 16.4810769946 16.4781912418 15.8126915008 13.9098223784 9.7935727387 9.37737220959 8.71252160053 8.31304471593 8.63436383612 8.13119523723 7.44268577854 10.7664858763 11.6217292856 11.8862083115 10.9241187203 -9999 -9999 -9999 -9999
-9999 -9999 -9999 -9999 -9999 -9999 -9999 -9999 23.1063925117 22.7659052933 21.9785829494 22.076526343 21.5325084615 21.5416007093 20.8402634317 20.6040396865 19.6771035482 20.008507223 19.3605398016 19.5247361574 19.6766226757 19.6006052337 24.9695905935 24.1802024895 20.5209873208 16.5255925822 19.7578595065 20.7026344004 16.6078054046 15.8227624505 15.6147795508 15.9867321667 15.5246675748 15.85882208 16.5712788458 6.93466971321 16.8256586794 16.7202108782 16.4173342327 16.3756743588 15.9642768871 14.1524725237 9.49180255938 9.44352062358 8.34511029296 8.29276924944 8.57898232036 8.23287497837 8.2812268888 12.4615038362 11.7345910402 11.7574167692 11.6704618221 12.5263421464 11.2901719155 11.5477636434 -9999
-9999 -9999 -9999 -9999 -9999 -9999 -9999 -9999 -9999 23.1153159679 22.4566792992 22.0530226959 21.7921144756 21.4982525397 20.6393019753 20.5777730177 20.515805536 20.5240143138 20.3977589183 20.4827291095 20.5323056803 19.7445861248 22.0071586161 30.3571358278 23.9363322399 22.2679697408 16.761751042 15.54267885 17.0278966945 16.3620342344 15.7867556384 15.7718843238 15.320173417 14.3352890284 14.9581391969 13.4433907726 16.1007497159 15.9028984551 15.4152303867 15.4313290779 14.8978892088 14.6643506532 8.62153750516 9.23682359502 7.65660960603 6.83683166494 6.02775175808 6.30459043906 9.74361566412 10.2752534559 9.95374095961 9.8157071839 10.2622532074 11.2479799525 11.0679939493 7.12640109614 5.09281898055
-9999 -9999 -9999 -9999 -9999 -9999 -9999 -9999 -9999 -9999 21.9468106513 22.2130361242 21.7458718945 21.652645154 20.3794140925 20.0652877803 20.4946057981 21.1703544293 20.4793999244 20.023327332 19.3560998053 19.1241062754 18.0954672072 23.6587327158 19.979929009 22.6370622391 19.6501486493 16.6389282525 12.3711933581 18.1514809494 15.9864477475 15.977212356 15.984353243 15.2240199559 16.0591581409 15.9021445357 15.9810164682 15.8941487463 15.4522913905 15.476417102 15.0754901485 14.8601873703 12.2198609313 8.94464533375 9.73998545249 8.98917840927 7.97393972466 7.15643248085 10.6925671726 10.827514211 10.5571974635 10.3602275197 9.4776919255 10.794718217 10.4604334504 6.58767485206 5.05542992525
-9999 -9999 -9999 -9999 -9999 -9999 -9999 -9999 -9999 -9999 -9999 11.1501332836 13.2550054052 20.3492765028 20.4375248906 20.129237736 20.4716001279 20.4822015064 19.6760276115 20.0384848236 19.6569401518 19.6202289138 18.3264091285 17.3555745229 18.9838160958 14.5454740133 15.6180091296 20.4582677199 18.7779686408 15.8288319274 16.2526903526 15.210941205 13.8232935267 14.1691523713 14.4061918209 13.9241454908 14.8211476593 14.7823249935 14.6318603743 14.6516807022 13.9241252252 13.1749575748 12.9748905552 10.8662792613 7.65771022429 6.5962823018 6.70932042447 7.84779256499 8.33465521092 10.3039633756 9.37363517496 10.6622457016 10.3424905088 10.0473736317 9.11310692649 9.01540878832 5.71043938582
-9999 -9999 -9999 -9999 -9999 -9999 -9999 -9999 -9999 -9999 -9999 10.1919120807 15.1831492813 20.9221591927 20.645052654 20.4684379496 19.7794308666 19.7420519517 19.698931657 19.6918178228 19.44910013 19.8735897856 18.2523179861 17.7679067492 17.5194273691 18.1921455936 19.7900933727 19.943980009 14.6558897142 15.455615554 15.4471937244 14.1163924005 8.41418857495 10.4504636901 14.3122784939 15.254785135 14.7714672429 14.8915977405 14.4855165313 14.1038322531 12.4878969317 13.6219810747 12.3552709694 12.6663727512 11.1789123136 8.53457955263 9.07402459838 9.74776421015 8.86222907524 7.52780406255 6.95081944496 7.03441779375 6.04399295792 10.0535278418 9.96124994389 9.50688483455 8.95390733853
-9999 -9999 -9999 -9999 -9999 -9999 -9999 -9999 -9999 -9999 -9999 22.6277291929 21.5116191724 21.3162701185 20.0815359355 20.1341270178 19.2096933358 18.6546659112 18.6679954428 19.0315995852 18.8353995001 18.9176268446 17.9736980484 16.9068487976 16.6946514142 16.8828543534 16.3251589039 16.2143381322 15.6594442069 17.1738923638 14.9492494899 15.6566318386 16.3931354214 16.7808355551 9.62032911424 7.05444645558 6.68526644416 6.52614809234 13.7019323274 10.2413198317 7.84716941474 12.8302881037 12.4750645904 12.9816674581 13.5947084285 13.6644763939 8.54777960109 8.07518335505 7.58329164491 7.42146145346 5.94112785237 6.4061364459 6.43510911171 7.49689682142 9.88363974341 8.47203985577 7.96856087326
-9999 -9999 -9999 -9999 -9999 -9999 -9999 -9999 -9999 -9999 -9999 -9999 21.1760476051 21.1226256752 20.6711884418 19.5671937904 19.2590683213 19.1386244698 18.321417434 19.1719949483 19.0320091 18.756333233 18.1968136005 18.1396648157 17.0779917762 17.2036872522 16.4286597276 16.56621051 15.9246087274 15.7155637875 15.2923151002 15.4779439194 15.9369242804 14.5461477491 12.0566720816 10.1873346824 11.3051872303 5.37468773338 7.74176055687 13.5780499603 13.6777822653 12.4826226772 13.3078449281 13.8938235532 13.7776036102 14.06545495 10.4699503889 8.13110636097 6.67772520788 7.1180815604 5.95361670636 5.05471709998 4.43369958427 4.46662941532 3.90174413399 5.38206407018 3.70114107195
-9999 -9999 -9999 -9999 -9999 -9999 -9999 -9999 -9999 -9999 -9999 22.0993757905 21.8522196139 21.6528277802 20.7559603181 11.6303398489 15.6949077876 19.5637649786 18.5046739561 18.9164008307 18.0457192145 17.9726438696 17.117900137 17.2639336829 16.7124887084 16.6487783431 15.437756624 15.4760150745 15.0801461641 14.8906955342 14.0879104345 14.257718096 13.5334729022 13.4652559616 13.3549160468 7.91895617679 6.66212160529 3.34814200016 2.46793521369 11.8833457526 12.3437748053 10.8701320837 14.3530081937 14.7192150397 14.8545250295 14.7153676044 13.8395303067 10.2006860843 7.25019356758 7.18331495538 5.36157465505 3.92089746327 3.45582471303 3.47366681857 3.16556681647 3.39026101507 4.3375600279
-9999 -9999 -9999 -9999 -9999 -9999 -9999 -9999 -9999 -9999 -9999 22.3903490762 22.5716734586 22.1350531893 20.8769228789 15.7320960932 19.2432623743 19.7610226641 19.0586870676 18.946756891 14.6049006366 14.5914963962 16.6677614342 17.4956364743 16.9026167004 16.9459523846 10.2326131765 10.6499193535 14.5381314778 16.3752595566 15.3967548233 14.3527726797 13.4349885148 13.4675131724 13.2331790872 9.81998778916 4.14465392592 6.48434745288 3.28900932531 9.72963974642 11.4134103528 10.8198053536 12.2742031555 13.4769840977 13.0840094338 12.7221026033 12.4866863307 12.4772263134 10.2428220616 9.18755612791 5.13245774993 5.1567154756 4.50180667959 4.26645020127 3.90044730451 3.68292056577 3.0523253123
-9999 -9999 -9999 -9999 -9999 -9999 -9999 -9999 -9999 -9999 -9999 22.8191103095 22.7326054267 21.8845889912 21.2927624463 21.1161239374 19.5615917092 19.9224704042 19.3067140049 19.8095061979 15.4410292854 6.67436073824 14.4946255415 15.9391450322 12.5432421874 12.5571908098 13.5713094309 14.4125919361 13.6591909121 13.8731890086 13.3881632277 15.1246839194 14.5371115852 14.2481605534 12.6881424541 6.57065594395 2.09385979191 1.39479662708 2.60654781444 5.82464498652 11.5616084448 12.4222551899 11.3193642535 9.99826524814 9.99235262394 10.0154594475 10.7694340399 10.9511151507 10.6281107563 10.6036471393 6.59717376743 4.00167353168 3.5061651001 3.49538552703 3.38126599826 3.33513640134 3.72581372362
-9999 -9999 -9999 -9999 -9999 -9999 -9999 -9999 -9999 -9999 -9999 -9999 23.0296060306 22.5122235711 21.5834271137 21.0151953497 19.9532298678 20.3072727033 19.3471327749 19.585056291 18.85297276 19.6371466286 15.0489005021 12.7875740481 12.166103604 12.0735300003 10.7430251787 11.0118580231 10.1138809027 9.54443244406 8.27858358394 11.7757332841 12.6833115336 13.0248184379 12.3111547917 4.311802515 2.58929737594 1.77067229483 3.37441589934 7.67762449579 11.8637396613 11.7593961855 11.9085002438 10.4150554124 10.1766436274 10.0661979441 10.0991037734 10.6444659646 10.0673875623 10.6933304906 9.58294453335 5.00727796151 5.11565030654 5.63449853613 3.57266204973 3.84437252572 3.61061859265
-9999 -9999 -9999 -9999 -9999 -9999 -9999 -9999 -9999 -9999 -9999 -9999 23.7568708944 22.7919257456 21.7208901407 21.4786386424 20.0716837684 20.3986189165 19.7392814028 19.4895023367 19.1782837187 19.0128675879 16.8410611255 14.547870857 12.7152142242 13.4616803579 13.0302673597 12.4474654596 10.6952845318 11.8288213252 10.0030877928 10.486234148 14.1073176147 14.5537959595 10.0865715549 3.49039644395 2.99535217269 3.6025489292 5.53329202445 6.43024797972 10.6304193934 10.9323356615 10.2054286765 10.1540128523 9.96126236243 9.70225944659 8.77793375698 8.53145808826 8.04601066932 9.13913700497 8.51501234334 7.79161334689 6.79625235956 2.55114338069 1.73903034379 2.09348749531 1.87805617901
