data/recharge/transience/oldversion/mHM_recahrge_158.ASC
ncols   80
nrows    72
xllcorner    4374000.0
yllcorner    5656000.0
cellsize      500
NODATA_value  -9999
[rows 26 to 51 of 72, columns 0 to 56 of 80]
-9999 -9999 -9999 -9999 -9999 -9999 -9999 -9999 -9999 -9999 -9999 -9999 -9999 35.9585934199 34.412260465 34.2562474069 33.1612716552 33.9533376885 31.9059181071 31.7471367673 31.284559916 31.6842552262 30.7786622893 25.8589190911 31.3240869991 29.6166511871 27.1117417722 25.4367980683 24.4157774023 24.7873618956 23.1925616348 23.1294521513 27.5198393212 32.3969116921 28.8933614454 12.7642507952 23.5198645742 29.3555315088 22.573872956 17.1773976436 16.0382801404 18.6044533502 15.9069611916 17.9415263061 18.9252780932 21.3432207505 22.5418474008 22.3191432831 17.6921388986 13.998948785 12.6074939822 13.0199349469 13.0662001166 14.2422521009 10.3323969019 11.3752570703 11.1595918541
-9999 -9999 -9999 -9999 -9999 -9999 -9999 -9999 -9999 -9999 -9999 -9999 -9999 -9999 34.0553939399 33.7521664921 32.5914043215 33.9057414525 31.8893901946 32.0853178562 31.2284569575 31.814468405 31.4394705751 31.1780237857 29.8373818592 29.8444508382 29.9670764669 30.4050122905 25.8063112885 24.1051110055 23.8175421232 27.5269834837 28.2534833853 34.2553101064 29.9595949441 19.9484985266 25.1993472923 21.5721926146 17.6787564477 16.3447136456 15.4607176343 17.0518394144 17.831070407 16.6732671033 14.519222935 15.3687621913 13.776405935 14.5564750604 12.8140313708 13.7849561086 13.3537352072 11.827997086 11.0683152322 13.2547260109 8.65745240808 13.4403749308 18.3062836184
-9999 -9999 -9999 -9999 -9999 -9999 -9999 -9999 -9999 -9999 -9999 -9999 -9999 -9999 9.76417559085 22.2264885655 32.9356990368 34.0948236418 33.6711184562 33.6261523323 32.1834235515 32.3371310445 31.1882559292 31.7482753885 31.2420096401 31.4153872817 30.2113331202 30.6465973917 30.4022947866 30.6870600413 24.0627645822 13.6286548249 28.8167863485 33.7979622036 31.8032696507 14.3425969694 24.9712384111 17.4479584964 15.8288718422 15.0288054343 15.6110253592 16.0302244215 15.3169024053 17.1996934254 15.9006404101 14.7897051625 12.879400202 9.23792344011 9.93991824094 13.0751617318 13.780440313 14.5437406552 14.9749818733 17.3689200175 17.3376682756 17.4716419774 25.8833336053
-9999 -9999 -9999 -9999 -9999 -9999 -9999 -9999 -9999 -9999 -9999 -9999 -9999 -9999 15.0892942087 23.070539886 32.7452461209 34.191804128 33.4681381731 33.5943721031 32.2664594789 32.1410134663 31.7487917188 31.6193188846 30.9373597601 30.8005561497 30.8451964434 31.1098212878 30.0333347103 30.262353791 29.1432974708 27.66320294 28.0242793352 35.5380248153 32.5685941896 11.8049681862 16.3144699378 26.8054033422 8.51853510759 13.8178347192 15.1335357028 15.8918286102 14.5425236925 14.758936051 13.9752956805 14.9200206091 12.5939806668 14.3347700581 16.6349121839 18.9771767093 20.269721435 18.7607164404 21.534363714 21.0789621208 20.1568370469 20.4301657453 16.4841718661
-9999 -9999 -9999 -9999 -9999 -9999 -9999 -9999 -9999 -9999 -9999 -9999 -9999 -9999 35.17622581 34.735106969 33.9472373455 33.7277807344 33.3205125582 34.1696625628 33.0950781764 33.1507483924 32.8909860082 32.2958586346 30.8463479063 31.1263774728 30.3810867617 31.4337622637 30.6068519385 30.3256210191 29.534834781 29.7450095966 28.9717864986 19.0659031112 12.1361195854 12.1584227573 11.4540267815 23.7366837283 10.6779876344 14.7509006938 21.9012753074 15.9848489395 12.6592232651 13.1302614115 12.2654855705 13.5801023541 17.9209654902 22.241653654 27.7841553047 28.8526538336 25.6028873986 25.8480620385 21.8492624879 18.7965079739 16.3118215157 15.3989344867 16.2023594124
-9999 -9999 -9999 -9999 -9999 -9999 -9999 -9999 -9999 -9999 -9999 -9999 -9999 -9999 -9999 34.7135602198 34.0614367355 33.7041970873 34.4299591706 33.480496243 32.6236747722 32.7512908854 32.5352658864 32.5293678831 30.9075701871 31.4821686145 30.6337358976 30.9504289767 16.6893477314 29.6594175085 28.9403501483 28.9542208153 27.6799042331 17.7136033119 12.2747419943 12.2915708526 11.6819086311 11.6482619803 11.3439731169 11.1426101334 10.4966361315 15.828528003 18.1536254711 16.817067765 14.0986264163 17.2417673917 18.203777209 18.834578366 20.649500409 18.8744136776 13.4403542352 12.7622234371 15.0554496285 17.5495777728 17.1451965097 17.0792758979 16.5078281163
-9999 -9999 -9999 -9999 -9999 -9999 -9999 -9999 -9999 -9999 -9999 -9999 -9999 -9999 -9999 -9999 34.2906642055 34.0963044691 33.362077993 33.9162729952 33.4605069053 33.570394825 32.4076952791 32.0602352554 31.6513205044 31.5069085074 30.4511327237 27.589955796 16.1423527661 26.2139471635 30.3716643932 19.7936142467 13.1866035881 8.82621907146 12.3239669165 12.499023434 12.1560472348 12.2881119786 12.0207691268 16.0110310684 29.1003168228 28.0971323246 27.3101345878 23.174955341 18.2035623637 16.4866651673 14.7144394397 17.2261971613 13.2135842475 11.6830499112 13.5944080904 16.0228859102 14.5458667237 13.3928146333 14.1993967549 13.5025078177 12.9361588491
-9999 -9999 -9999 -9999 -9999 -9999 -9999 -9999 -9999 -9999 -9999 -9999 -9999 -9999 -9999 -9999 36.9652188153 35.0678714441 33.7811955496 34.7458470393 33.4218646734 33.6636858176 32.8600188093 32.0613806881 31.7407662057 31.9054802208 30.6090415163 29.9566852952 16.897412548 24.9377336994 18.0378210052 12.8912573375 14.5975143945 10.2154607883 12.2834013036 12.4185202477 15.0181825549 12.3315395988 11.9931708044 13.1169252091 26.8721482594 21.0536139161 25.9677112982 28.3248653831 24.0614730093 21.665905057 21.891994801 16.6047116884 11.5465458771 12.9100618055 14.7458650275 15.0296641201 16.5059103104 16.8419941804 17.7681266893 16.0553632848 12.9987924827
-9999 -9999 -9999 -9999 -9999 -9999 -9999 -9999 -9999 -9999 -9999 -9999 -9999 -9999 -9999 35.4859704805 35.6815485361 36.7045047606 38.3289409939 37.7801693857 33.5300039882 33.4018116493 32.6519875908 32.2886265055 31.7237599597 31.9865010717 30.9671569044 31.0112731312 22.2995613604 28.309470343 29.5378288287 29.6641571202 29.2703316006 23.3443966014 22.8018951466 30.687169616 28.0664219011 26.2767289231 22.6746073368 12.6868255657 26.3833777929 27.2806860114 25.2540732205 25.1409604981 24.0012716578 22.1765438183 14.4576919042 13.7265577119 14.2285845811 14.984097914 13.5041042055 12.0015881311 12.6877283415 13.4126213794 13.9779775082 14.164445098 14.2797220333
-9999 -9999 -9999 -9999 -9999 -9999 -9999 -9999 -9999 -9999 -9999 -9999 -9999 -9999 36.5731095498 36.0377818816 35.8626294714 34.5439491158 39.0040263258 37.8494371404 34.4478869468 34.3044144764 32.6234011642 32.6255579637 31.4571964044 31.6552507742 30.6658467847 31.02887751 30.4409165126 30.4838939787 29.225983622 29.3882749392 27.4302682453 24.9099097191 24.04501701 33.797093429 25.7985948173 22.5967605852 25.0412152126 28.1440196724 26.4829259323 24.2589656805 23.2266037112 23.8614640254 20.3455419907 19.370770651 21.2114114325 18.3030395272 14.8026954821 13.5558193803 12.7619495797 12.6965212319 13.1671517616 12.9977237941 12.6041291152 13.0224583916 12.1626460628
-9999 -9999 -9999 -9999 -9999 -9999 -9999 -9999 -9999 -9999 -9999 -9999 -9999 -9999 35.674219115 37.3976534861 34.9408163645 32.9814986045 30.8188683075 33.2553903863 33.9254829809 34.0037862432 33.05952052 33.0727085184 31.349823406 31.3205551631 28.3334308694 28.5175596592 28.6881961897 30.7629225907 29.9922657102 28.5332985434 22.6019991246 22.1377269727 20.8658580319 26.6033918704 33.7039309608 35.1827937285 30.4098750298 30.5717146179 31.4048057773 30.881724074 24.9543807273 24.3779246756 22.8574901349 19.6931882722 21.9459509996 21.5703563752 17.2782516233 17.9247702258 17.5370311652 17.5100671612 15.6735506734 14.9582926887 15.4303041438 15.2204471222 13.4026143205
-9999 -9999 -9999 -9999 -9999 -9999 -9999 -9999 -9999 -9999 -9999 -9999 -9999 -9999 -9999 -9999 35.225998882 33.2745144527 32.6044115237 32.4645508867 32.308548248 34.5717460725 33.3906693254 33.3252275714 31.5339077767 28.9317623882 24.3894415199 24.6921513833 23.2501031558 25.5634818531 26.8252870694 23.5170644934 22.2716141838 21.5170211893 21.1919788879 21.2429853409 25.9792457731 29.7414765639 30.5942573547 27.1974771964 23.0573664371 24.569976102 26.6951518694 26.2746191167 20.8662636647 21.9234779218 20.3763020187 18.5423236907 15.1503547797 16.0826907683 15.567876777 15.7343844996 14.8156437002 13.9724875626 11.5946682222 11.95332256 14.1815819249
-9999 -9999 -9999 -9999 -9999 -9999 -9999 -9999 -9999 -9999 -9999 -9999 -9999 -9999 -9999 -9999 38.9722839448 38.8484514768 37.5539592599 36.2397857012 31.717402475 32.8353820749 33.2207474265 33.1041705652 32.4610029968 29.7405626735 26.1995161452 26.0224824165 25.232756525 25.8624377132 25.8385948491 25.5913905873 23.9174290727 22.2867020288 20.0230994106 20.3940081369 20.1532049884 20.9031427203 18.6528460095 18.2853648891 18.9181596516 20.2529466232 13.2787774913 17.3037025413 24.5684638458 21.6037764923 16.7952661066 18.8957996426 14.4261828398 12.9133608997 11.2773053587 11.3685329432 9.69271392774 10.5087147471 9.78976479675 9.81724039759 9.6120819851
-9999 -9999 -9999 -9999 -9999 -9999 -9999 -9999 -9999 -9999 -9999 -9999 -9999 -9999 -9999 -9999 -9999 -9999 37.6065478168 36.7435290993 31.3772153403 31.7067667625 33.2682876332 33.2427277857 32.2756336973 32.4356164841 25.9907116714 26.0440743896 25.5462231703 25.5844944732 23.9816714136 23.3928440186 22.7655121519 22.7234782037 19.9086898202 21.0057447266 20.5257189735 18.9383981716 18.0389763377 20.0736658412 17.9769509052 17.28286393 16.4133971797 16.3724027726 14.7377670604 19.1563314128 17.910258564 18.1643454269 19.3720930096 12.8488279903 11.94169423 12.6310571359 9.84387761257 10.02090822 10.2668224011 10.6579660022 10.0915338508
-9999 -9999 -9999 -9999 -9999 -9999 -9999 -9999 -9999 -9999 -9999 -9999 -9999 -9999 -9999 -9999 -9999 -9999 -9999 34.4122252347 32.5523286527 32.7077038698 32.1109028349 34.8032397671 33.2468613361 33.0489524333 31.7675628476 26.9449100135 24.4550512613 24.2700105042 23.6722734551 24.5957421282 22.5232975703 22.0523822222 19.6787810846 19.3595298614 18.8925694557 20.103626924 18.3427344006 19.2076991205 17.3784277806 16.8717337748 15.1720737661 16.5513631463 15.9585813977 16.2064842799 18.1661412274 17.8893313287 15.760480622 19.2920782406 13.7702139899 11.2571015305 9.5249500094 9.46719064039 10.0864723168 9.81650900989 8.38554191125
-9999 -9999 -9999 -9999 -9999 -9999 -9999 -9999 -9999 -9999 -9999 -9999 -9999 -9999 -9999 -9999 -9999 -9999 35.3359029767 35.7530862863 33.7490179399 33.6315469263 31.7287305999 34.5406143315 33.1430133436 33.03934805 31.9669684804 31.1519753428 25.1646007483 24.8104048814 18.6560582772 10.3870721808 21.8909184098 22.5630679824 21.7010504212 22.5193336504 23.0130980979 22.8178383676 21.7659040233 21.19097386 19.4366081243 17.3815779257 16.0945609247 14.6252109981 15.569824996 14.7087236764 15.1705285655 23.2026527453 21.2338465663 17.4485252489 19.5354932461 20.4183547839 16.6403725916 13.8684753161 11.881901052 11.1419966889 10.2346748889
-9999 -9999 -9999 -9999 -9999 -9999 -9999 -9999 -9999 -9999 -9999 -9999 -9999 -9999 -9999 -9999 -9999 -9999 -9999 41.5204974886 40.7173318611 40.5005603973 32.2915499351 35.3915054951 34.0125279584 33.8694693972 31.8609551226 32.1935840145 29.2093841459 30.4755791399 22.2157142061 22.233344762 26.4471858298 23.6173335928 21.2077374898 20.2287094865 19.3151348936 18.4787594198 17.1702638583 17.1913143993 16.2959766861 17.6331134559 17.0714370866 13.9791541121 12.2994831749 18.7782099346 16.7054296417 16.1295622115 21.3715212424 19.4369788483 13.7250238592 17.299439911 16.4306290373 10.4431174534 18.4082139043 10.8844963749 8.29737884518
-9999 -9999 -9999 -9999 -9999 -9999 -9999 -9999 -9999 -9999 -9999 -9999 -9999 -9999 -9999 -9999 -9999 -9999 -9999 -9999 40.234639592 40.5280610601 32.3218450718 35.8186532084 33.6710151031 33.7942620173 31.7592077001 32.3100133742 32.0651238222 31.8606531604 30.9219256741 30.8254397731 25.7503698653 20.0031836669 16.0844764855 19.6608133382 20.9944932167 21.064936161 20.6576926561 19.8537403533 17.083898473 18.688271969 18.7019253612 18.092516261 18.9620397809 18.2011665215 16.4757541532 17.1376946486 16.6405527884 21.3349281108 19.7547201091 16.9665131883 13.2082014387 15.7927743685 17.7221295834 14.239373838 13.7683578427
-9999 -9999 -9999 -9999 -9999 -9999 -9999 -9999 -9999 -9999 -9999 -9999 -9999 -9999 -9999 -9999 -9999 -9999 -9999 -9999 -9999 41.6164914466 33.6770599466 34.2289236511 33.2236068732 33.0241106762 32.21227641 33.2570968834 32.3462501413 32.2886169856 30.9977036243 31.886218117 25.7831543409 14.836092166 23.7230807438 23.9564458874 20.8631745099 19.351495791 18.3637562113 18.6649099556 19.6313120963 19.9003961569 19.951814701 18.6310946751 16.9086766055 15.1812033557 15.9124785687 16.4906275473 15.6993379356 16.8201015652 16.7034348482 15.2993794356 14.4478901226 16.1312468385 9.40579106864 11.2307568563 11.6385273871
-9999 -9999 -9999 -9999 -9999 -9999 -9999 -9999 -9999 -9999 -9999 -9999 -9999 -9999 -9999 -9999 -9999 -9999 -9999 -9999 -9999 40.7822202889 33.1968140278 33.1429332951 34.4756402719 33.7019527645 32.7706460171 31.9793510533 30.0640950346 31.0079764015 13.9371003479 29.2979503404 27.3935653547 24.835646511 21.1394892554 20.9194217366 19.5475975431 19.4475771098 18.5041841054 19.916655131 19.6713932095 19.4470212939 17.4880902856 17.6545124242 18.5016984115 18.2014224174 17.1000321767 16.9594737272 14.1591399479 14.3478504371 11.968462945 8.536952284 14.7450971712 12.6301694682 13.103600408 10.0233808796 9.98749518103
-9999 -9999 -9999 -9999 -9999 -9999 -9999 -9999 -9999 -9999 -9999 -9999 -9999 -9999 -9999 -9999 -9999 -9999 -9999 -9999 -9999 -9999 33.3999704435 33.908481278 36.4059925032 34.758944795 33.1849833676 32.2501545728 27.5445180618 28.533377606 29.6799366876 29.90388008 25.5938873254 23.9722276608 23.279252984 22.0298282029 21.3154501166 20.8545887768 19.9157166868 20.1623757737 19.9230833649 17.6524046723 17.4713496086 18.8812017633 15.5475022428 15.0255411259 13.3739149272 14.8103535773 15.7111581797 14.9411624422 6.19473879706 10.4639718096 21.3294080139 16.3719873959 10.0700238893 9.08116512637 9.29772605551
-9999 -9999 -9999 -9999 -9999 -9999 -9999 -9999 -9999 -9999 -9999 -9999 -9999 -9999 -9999 -9999 -9999 -9999 -9999 -9999 -9999 -9999 33.6347366451 33.4150128332 36.2151702272 34.9818735884 33.4089209784 29.5213216117 27.8180895014 28.1460905585 26.7106897615 26.8339130421 25.8438949902 23.8715701692 22.1147682875 23.4427431442 21.2349332986 20.819728123 21.0333748686 21.0292889564 18.3851542484 20.0405470641 17.5709853417 16.2663778146 14.9935095013 16.6743064182 17.3337353224 17.4488561413 13.7298380478 13.7882740858 13.0748934037 18.7589514973 14.841521526 19.1228270857 15.0844033708 14.4035506535 11.823320852
-9999 -9999 -9999 -9999 -9999 -9999 -9999 -9999 -9999 -9999 -9999 -9999 -9999 -9999 -9999 -9999 -9999 -9999 -9999 -9999 -9999 -9999 33.7581667447 33.9660893331 37.636671209 35.5947307048 34.7197925851 30.3144207487 28.9325364458 29.5291471014 27.8314771328 27.2257710389 25.8895496964 24.6558589894 24.0036803078 22.2034957324 21.3024040439 22.7385315773 21.4396464637 20.9819552596 20.161344949 18.8526380883 16.2169233572 17.5137775287 18.0776751364 17.8621708047 17.4603273181 16.6905776567 14.5052959888 14.5204880158 15.1833677362 14.1303670148 17.4966818256 18.377744293 17.9808904972 18.4125203265 14.3516264109
-9999 -9999 -9999 -9999 -9999 -9999 -9999 -9999 -9999 -9999 -9999 -9999 -9999 -9999 -9999 -9999 -9999 -9999 -9999 -9999 -9999 -9999 -9999 34.3532136618 37.5827737043 35.7295179851 34.3692650532 29.7024532053 28.4174551721 29.2507048166 27.8393669781 28.3020308536 26.9920504879 26.5811836773 23.3568454312 23.879992246 23.1363760414 22.4491232834 19.5922313276 19.2323198223 16.8218436576 18.4618125434 19.2719279033 19.2167914077 17.7727317703 17.0939182789 13.6513680443 13.2130005472 12.3539534183 12.8428381086 10.9247250058 12.2694549097 12.9874008857 19.2434562524 15.6968723061 12.2853442057 13.5809711623
-9999 -9999 -9999 -9999 -9999 -9999 -9999 -9999 -9999 -9999 -9999 -9999 -9999 -9999 -9999 -9999 -9999 -9999 -9999 -9999 -9999 -9999 -9999 37.8105183306 37.4159241672 35.8127426764 34.4047431941 32.4513911456 29.2790913607 30.2257101098 29.1956142839 29.5535952438 27.9642778831 27.5917301995 24.5532204642 24.1319557435 22.5548374117 21.7525051054 19.1157549702 14.0903768953 21.7956341312 22.2469319604 21.4368325704 19.31405881 15.746472116 16.1927457397 16.2172184754 17.0250781581 15.3531288485 15.1946059939 15.2478762249 15.4633943083 12.4924474559 11.1011969167 10.2914699541 12.8240097438 10.1825205811
-9999 -9999 -9999 -9999 -9999 -9999 -9999 -9999 -9999 -9999 -9999 -9999 -9999 -9999 -9999 -9999 -9999 -9999 -9999 -9999 -9999 -9999 -9999 -9999 37.5566509587 35.9472073467 34.5169222811 35.393845156 30.0195015538 29.7898627417 26.8311794363 20.3503792549 24.7857717439 27.7667641782 26.4127843158 23.0676983402 21.1084561217 23.3461896424 22.1493928059 21.8011263652 22.8928748683 20.4127083901 18.1664497312 18.2158503302 17.906158823 17.3847730365 14.6770462662 15.8959965436 15.9601321742 15.1952309667 13.0017327193 11.3520254158 11.8756115127 13.2140175145 12.8469271632 10.8806946395 10.758261588
