data/recharge/transience/oldversion/mHM_recahrge_534.ASC
ncols   80
nrows    72
xllcorner    4374000.0
yllcorner    5656000.0
cellsize      500
NODATA_value  -9999
[rows 0 to 25 of 72, columns 0 to 56 of 80]
-9999 -9999 -9999 -9999 -9999 -9999 -9999 -9999 -9999 -9999 -9999 -9999 5.22914130244 5.39560108079 -9999 -9999 -9999 -9999 -9999 -9999 -9999 -9999 -9999 -9999 -9999 -9999 -9999 -9999 -9999 -9999 -9999 -9999 -9999 -9999 -9999 -9999 -9999 -9999 -9999 -9999 -9999 -9999 -9999 -9999 -9999 -9999 -9999 -9999 -9999 -9999 -9999 -9999 -9999 -9999 -9999 -9999 -9999
-9999 -9999 -9999 -9999 -9999 -9999 -9999 -9999 -9999 -9999 -9999 -9999 10.2816961351 8.05128281074 6.85238827743 -9999 8.00367345794 -9999 -9999 -9999 -9999 -9999 -9999 -9999 -9999 -9999 -9999 -9999 -9999 -9999 -9999 -9999 -9999 -9999 -9999 -9999 -9999 -9999 -9999 -9999 -9999 -9999 -9999 -9999 -9999 -9999 -9999 -9999 -9999 -9999 -9999 -9999 -9999 -9999 -9999 -9999 -9999
-9999 -9999 -9999 -9999 -9999 -9999 -9999 -9999 -9999 -9999 7.53420034917 7.55495389747 8.63625943751 9.01979475704 6.74285781067 5.80048694018 4.98208995496 5.08951826217 -9999 -9999 -9999 -9999 -9999 -9999 -9999 -9999 -9999 -9999 -9999 -9999 -9999 -9999 -9999 -9999 -9999 -9999 -9999 -9999 -9999 -9999 -9999 -9999 -9999 -9999 -9999 -9999 -9999 -9999 -9999 -9999 -9999 -9999 -9999 -9999 -9999 -9999 -9999
-9999 -9999 -9999 -9999 -9999 -9999 -9999 -9999 -9999 7.48230180431 7.55677440522 7.39790614249 7.06492593683 7.59604031386 7.08519158521 6.58750881665 5.86536368232 7.79628043566 -9999 7.78660497588 -9999 -9999 -9999 -9999 6.03556307478 6.44967880069 -9999 -9999 -9999 -9999 -9999 -9999 -9999 -9999 -9999 -9999 -9999 -9999 -9999 -9999 -9999 -9999 -9999 -9999 -9999 -9999 -9999 -9999 -9999 -9999 -9999 -9999 -9999 -9999 -9999 -9999 -9999
-9999 -9999 -9999 -9999 -9999 -9999 -9999 -9999 11.0926218981 9.19840699887 7.26820416433 6.83726930543 6.59531335483 5.88905766347 6.1869428142 5.72768015723 5.31000149319 5.17647886905 4.56887307527 5.44605184569 5.60787155218 6.11484338063 -9999 5.43346640233 7.20207736925 6.96839059536 -9999 -9999 -9999 -9999 -9999 -9999 -9999 -9999 -9999 -9999 -9999 -9999 -9999 -9999 -9999 -9999 -9999 -9999 -9999 -9999 -9999 -9999 -9999 -9999 -9999 -9999 -9999 -9999 -9999 -9999 -9999
-9999 -9999 -9999 -9999 -9999 -9999 9.19837386953 7.71373354287 7.50112793192 7.99915577326 8.68488529642 8.81849912869 7.68100500525 7.08470512482 6.02597950947 6.74652823826 5.61852872591 5.21965719061 5.11993620197 5.35376798518 5.36466372866 5.86291899802 5.44754290016 5.44542290946 5.80460868168 5.50302194431 5.89069245089 -9999 -9999 -9999 -9999 -9999 -9999 -9999 -9999 -9999 -9999 -9999 -9999 -9999 -9999 -9999 -9999 -9999 -9999 -9999 -9999 -9999 -9999 -9999 -9999 -9999 -9999 -9999 -9999 -9999 -9999
-9999 -9999 -9999 -9999 -9999 -9999 9.12529454749 8.15798055134 6.56524217945 6.24832466728 5.79314737978 6.02144712989 6.05060199843 5.67640835443 5.3679369249 4.5630969875 4.55145261125 4.56961074197 5.35550418123 4.2026697529 4.65926701223 5.81376258387 5.12149556782 5.2179395356 4.9292005957 4.52448107915 5.9007491175 6.19661056332 5.9210613187 5.41257792528 7.30774799055 7.17099456019 -9999 -9999 -9999 -9999 -9999 -9999 -9999 -9999 -9999 -9999 -9999 -9999 -9999 -9999 -9999 -9999 -9999 -9999 -9999 -9999 -9999 -9999 -9999 -9999 -9999
-9999 -9999 -9999 -9999 -9999 11.3647589346 9.65488745011 9.55130352327 8.76603170854 9.55126080124 8.84409130109 7.61305129115 5.7057876228 6.18567988265 6.15971562472 6.20101893781 4.80932645434 3.83670763988 5.75756035899 4.12089142106 4.69576649956 4.42712403038 4.69956963999 4.94950355528 5.16489596906 5.54380210417 5.58508195746 5.30191861693 5.56374132466 5.35859701291 5.22473239511 5.65892557218 4.89524414989 4.60491837527 -9999 -9999 -9999 -9999 -9999 -9999 -9999 -9999 -9999 -9999 -9999 -9999 -9999 -9999 -9999 -9999 -9999 -9999 -9999 -9999 -9999 -9999 -9999
-9999 -9999 -9999 -9999 -9999 10.8555365844 9.74610903531 9.83673859002 8.57551882463 7.71186691583 7.4981511052 8.17689269262 5.62007814143 5.06830187888 7.60708298892 8.72113046048 5.52435781082 2.74023165126 4.21447242021 4.03207593456 4.61347066759 4.95183764405 5.78307238055 5.43680945978 4.93955899731 4.26911820225 4.83918641053 4.25514802741 4.7228049336 4.46281914823 4.39293398899 4.40050860062 4.91199464209 4.57515454557 4.90056314073 4.53230672699 -9999 -9999 -9999 -9999 5.45949808235 5.08058888311 -9999 -9999 -9999 -9999 -9999 -9999 -9999 -9999 -9999 -9999 -9999 -9999 -9999 -9999 -9999
-9999 -9999 -9999 -9999 -9999 9.78959988604 8.91281375301 9.21519885662 9.16285877036 9.93332726098 9.0074789071 8.44452842195 7.5556739714 9.05112999042 8.59379206408 6.96169855189 6.12678946287 7.68634836976 6.31113969052 7.19509799156 5.76612348844 4.68604958232 4.33585860684 4.05328183976 4.77450673403 4.55313700786 4.5264012468 3.89999524564 5.11055929596 4.15958054672 3.01968330568 4.11352882 4.81480226709 4.74326339774 4.63983019913 4.83204536525 4.9261259996 -9999 -9999 5.10315676778 5.97351763366 5.65734322208 6.79409720478 -9999 -9999 -9999 -9999 -9999 -9999 -9999 -9999 -9999 -9999 -9999 -9999 -9999 -9999
-9999 -9999 -9999 -9999 -9999 -9999 10.6524594973 11.7992000466 9.3151422401 8.69163625875 7.50937153426 8.49124156212 9.51885732761 10.3763984191 6.06032556935 5.3177558523 5.96369889688 5.70808850116 4.89450621131 4.75926739971 5.2936122921 5.64790519096 5.21935585971 5.83243527063 5.03539600894 4.29801205763 3.68513605967 4.2362516018 4.14658986117 4.07226960532 4.2274046256 4.73910647365 4.45278792491 4.24338945142 4.50150253097 4.7224764927 4.81630650123 4.32390957257 5.06707841659 4.85447942626 4.98115842239 6.28109109599 5.17445635582 4.4540355259 -9999 -9999 -9999 -9999 6.9283439807 6.12080543403 1.796329861 -9999 -9999 -9999 -9999 -9999 -9999
-9999 -9999 -9999 -9999 -9999 -9999 -9999 10.1322332359 8.23241927677 9.81988398797 9.81234946201 8.57225113437 7.29723815073 6.17938526437 6.44644562104 8.31447005242 7.76876117318 7.36088593238 7.27163121889 5.78189286577 4.82899480388 4.87894410275 4.81126060622 4.88308325504 4.44027114792 3.79725748518 3.88208984483 4.26052615703 4.15926584443 3.94358909402 4.46049371055 4.37578152388 4.54118897454 4.16329005515 4.89222141269 4.83578260302 4.91710087909 4.88647884777 4.91199842767 4.89604457015 4.579424939 4.48095557315 5.2178691104 6.00032720041 5.75233682522 6.30481706535 6.61134134885 5.82249920276 5.76860309569 5.07875618603 4.59212379275 3.78880052611 -9999 -9999 -9999 -9999 -9999
-9999 -9999 -9999 -9999 -9999 -9999 -9999 -9999 7.1853140566 6.62587451255 7.81070621919 8.98216291983 8.18976901279 9.15848682899 8.35750480925 7.44216130438 5.6489706055 5.68992968269 4.78490745797 5.61221503144 7.52434367625 7.11197934053 6.63938718724 7.79427197919 8.10021243306 7.7401881599 4.28671048663 4.13470385363 3.64080770449 3.17809061324 3.66709805043 3.97766540549 4.04985762329 3.78742920946 4.31142734584 4.25849789321 4.60483221998 4.88847098729 4.44629095576 4.37153598504 4.75662848465 5.09382140027 5.79119770277 5.38752516733 5.50413419517 5.11322336203 5.51626732084 5.00575160552 4.83881823844 4.30912316945 3.93598556664 4.27904243452 3.77630643932 -9999 -9999 -9999 -9999
-9999 -9999 -9999 -9999 -9999 -9999 -9999 -9999 9.39007309544 7.86796438524 7.03023606748 7.09910161042 6.98793085027 6.91584918484 5.85644508534 5.66424090404 5.53691405666 6.03753740652 5.62198771281 6.24190664456 7.00241304759 6.89312881991 8.62343955509 11.4253455404 9.99641280308 7.57871818057 8.43314031817 5.4119967744 4.07372226665 3.31063671608 3.37528115985 3.68993301981 3.53864841468 3.69110788502 4.24059155404 2.27561459844 5.1075082161 4.64852988595 4.43162072622 4.3159820864 4.38474172669 4.58952190071 5.47396858653 5.45351708244 5.13236077372 5.08399143691 5.46036926795 5.11120691506 4.87167087849 4.15476396539 4.10683727517 4.13332140825 3.9922832237 4.37174159135 3.81911393073 4.19387922605 -9999
-9999 -9999 -9999 -9999 -9999 -9999 -9999 -9999 -9999 10.4860164003 8.79895492867 6.56234593318 6.92857731996 7.37284306992 6.98082046239 7.13690846315 8.35638437851 8.995840782 9.21861584867 9.30220417872 8.33676822728 6.24466385992 7.13243499963 14.2559879687 12.8149970531 11.0065543564 8.8782960072 7.56275155707 4.05209377565 3.74644819813 3.7228127822 3.93049680154 3.81420594274 3.37434023177 3.86419422181 3.95662895025 4.59480847657 4.23671331926 3.98862396753 4.05358040708 3.9699417477 4.12910862139 4.68313423704 6.13180279856 5.16843905584 4.62517767083 4.41357841316 4.3309673139 3.557442566 3.38267562902 3.57595726609 3.41822621024 3.59808263446 3.79073793144 4.22633475003 4.21857167866 3.92710261052
-9999 -9999 -9999 -9999 -9999 -9999 -9999 -9999 -9999 -9999 7.52150485842 7.53868911391 6.65316591585 7.04642616875 6.30046498043 5.67722016022 6.10063553042 8.25205596318 6.92495475897 5.620287631 5.29422638489 5.13507147935 4.7059014202 6.67542832879 9.59792423122 11.0523433488 10.4262382018 8.98672525567 7.17661910363 4.95260190616 3.76490555218 3.79475166178 4.34923109713 3.71853534753 4.65063652905 4.27430121913 4.43404647933 4.24202724549 4.03657955455 4.07258271507 4.26324633212 4.24411267199 4.0547010788 5.30904365208 6.64650633264 6.82637895122 5.89546050489 4.58864162429 3.83850658456 3.7276637533 4.22713904315 4.02809508876 3.59750175774 3.84271059449 3.4277020512 4.32936044339 3.8703703928
-9999 -9999 -9999 -9999 -9999 -9999 -9999 -9999 -9999 -9999 -9999 4.77913326742 4.52278294082 6.20720631971 6.12165464689 5.46508875984 6.00290118925 5.88792612694 4.6747756013 5.039466569 5.86421231338 5.77656889146 4.7986624962 3.89625447172 4.53779035032 5.87607185715 8.68503264843 11.0503084633 10.8531511236 2.85120424094 3.35878169693 4.18471274376 4.24134787259 4.36942905309 4.30004750993 3.73156230437 4.04242335166 3.9994362887 4.14292806386 4.13947441302 4.58517485056 4.14459009956 4.23594524063 4.00737830387 4.52111456051 4.48856530444 5.3257520632 5.7658243605 4.60666958247 3.75145968648 3.48580343932 3.83427433204 4.0224574669 3.6026795957 3.11905541485 3.22632819719 3.35945923505
-9999 -9999 -9999 -9999 -9999 -9999 -9999 -9999 -9999 -9999 -9999 3.67692408905 4.96172378703 5.36923213394 6.15442129155 5.67705334554 4.85712433277 4.38085614217 4.90244688802 4.97945283532 5.16199116925 6.08882267925 4.66170165978 4.4796846467 4.64021736049 5.22166588408 5.7881314022 7.75184441668 8.67644768956 9.26009175685 11.0318521392 10.4474859847 7.03934041648 7.23905163922 4.96767814302 3.66313541979 4.01739342278 4.12133057215 3.98277382368 3.96518787031 4.78749998479 5.07745775192 3.92974337571 3.97875007656 4.10421131514 5.24631402898 6.92463997906 7.8343431956 7.53845867337 5.57148985608 6.62418493331 6.30633727028 4.97329870739 4.47026725847 4.23962078191 3.61525764038 3.29268118491
-9999 -9999 -9999 -9999 -9999 -9999 -9999 -9999 -9999 -9999 -9999 8.51456781788 7.68405076454 7.0485939168 4.99180069987 5.57147762059 4.8951272137 3.81125755452 4.02392031842 4.38101527712 4.50545209566 4.65813482372 4.40940036661 3.83774793197 3.76315750757 3.62890151815 3.69707995381 3.5787944899 4.1089509396 4.74250651294 6.54074752328 10.1395577997 12.555076801 11.8740714454 8.25421716517 5.16330442786 7.68791330688 5.88448621475 3.85866707473 3.00503068381 2.96601407528 4.58006076969 5.27127122371 6.04057438542 6.28482830555 7.46714894301 6.48344078659 5.89212227706 6.09191341768 6.23949141488 5.8385424886 6.46345557603 6.77064627624 7.3289956749 5.68468258656 3.80318217996 3.8884808937
-9999 -9999 -9999 -9999 -9999 -9999 -9999 -9999 -9999 -9999 -9999 -9999 5.55451765311 6.5855284417 6.33768781491 5.40771446631 5.01623670496 4.56424975927 4.19790397657 4.58333324004 4.72184054619 4.33157094431 4.5388510727 4.55407384916 3.93903352019 4.07170160922 3.80151370208 3.99943264597 3.95589510079 3.68485729896 3.77571354545 4.04472204911 4.01863927597 5.73418887202 8.75686297992 1.75164504407 5.96750280448 6.9220549038 6.07827624232 4.2818102171 4.73258281256 4.73144054339 6.60772654009 7.637634006 7.91245088597 7.52163115427 6.38166836531 5.96439331517 4.89925466979 5.48294626499 5.41978417788 4.78534776998 4.16471200488 4.23152249308 4.47440110883 4.83170319132 1.70685795518
-9999 -9999 -9999 -9999 -9999 -9999 -9999 -9999 -9999 -9999 -9999 7.26365570762 7.04198300161 7.85478116511 8.40075931103 4.88432603081 4.79833357516 5.31864828537 4.54666912223 4.85069775162 3.996224669 3.89237554885 3.75157519181 3.89725548954 4.3391543049 4.23870726467 3.73241623565 3.67793239592 3.99198644179 3.79273147449 3.61834122984 3.83214002195 3.5964496784 3.5348052533 3.92017709823 7.94248425414 9.07697139735 6.64620024551 6.66580961799 4.44528653531 4.69198110356 4.73188383829 6.17103429701 7.56864877217 9.23421566375 9.2188943215 7.45278818106 7.80457568138 6.58208067029 6.68960440163 5.47600654863 3.9020084414 3.57350263537 3.60606767781 3.40581433759 3.817805451 5.40854443239
-9999 -9999 -9999 -9999 -9999 -9999 -9999 -9999 -9999 -9999 -9999 7.76269227033 9.51518769653 9.07831725418 6.6979737015 5.06130670688 6.19982522407 5.90268539324 4.83092345739 4.93971177215 4.63934847576 4.64299681342 3.97549138337 4.2890256803 4.65587212584 4.76797754145 3.00696521685 3.71914706248 4.6482463512 6.11840186001 5.54878992393 3.95411578383 3.49943435732 3.53929833141 3.76887824189 5.06217137089 7.45605657842 9.17566563142 7.31723942948 6.1030012843 4.14151635297 5.12401847121 5.82535481644 5.59813575578 5.76797932883 5.39896506602 6.29034901387 6.59288271458 6.39739672074 6.7610528943 5.31224143857 5.6847460086 5.11782017092 4.88316818629 4.68945906142 4.32038895593 3.34106178781
-9999 -9999 -9999 -9999 -9999 -9999 -9999 -9999 -9999 -9999 -9999 10.2233378721 9.88845517972 8.28883074199 8.62752535815 8.38674689335 5.93420368638 6.44775038495 6.3062995626 6.35529246336 4.12346024683 2.66732405699 5.96136999786 7.55242509548 6.69073029166 6.68202394091 7.3131306678 6.01975256728 4.9601976861 4.03599071805 4.23858487445 5.95390535776 6.30863856864 5.76846566101 4.60977034484 5.31484243306 5.63280967494 4.63836310096 7.33744164231 5.22298927779 5.22911659978 5.37965975946 4.77243996827 4.34197102723 4.253778306 4.26680668333 4.74350108105 4.85592901296 4.47161777272 4.10209805185 4.01515617932 3.66228665339 2.62512486779 3.22672635218 3.01057330329 3.81524247805 4.5150601361
-9999 -9999 -9999 -9999 -9999 -9999 -9999 -9999 -9999 -9999 -9999 -9999 10.307525569 9.56300089562 7.87719163512 7.55260583887 7.19445663283 7.06270533117 6.05866922868 6.57794582746 6.42651261372 7.2690752854 6.22792855532 5.76857693058 6.22609173017 6.12366438605 5.6521742519 5.97855120279 5.80909250417 5.1114569739 4.53978871588 3.96004816088 3.51926561601 3.917220341 4.10122483349 7.31342686492 6.45959980294 5.37860997312 8.25155115529 7.40920930091 4.92503042087 4.30556283753 4.53168459586 4.05415506038 4.24334995089 4.34660665162 4.22159572998 4.43870902177 4.01756036847 3.9001306841 3.50359098366 1.82325848987 1.93346857997 4.31762985474 3.79233712654 3.59603712268 3.22691023557
-9999 -9999 -9999 -9999 -9999 -9999 -9999 -9999 -9999 -9999 -9999 -9999 11.6057518383 9.24867348207 8.31702542721 7.63379057629 6.41904922926 7.01776908961 6.75090238178 5.89513286043 6.30136826344 5.63824343564 6.21096433213 8.18320960164 6.99278994536 7.03880457061 8.47781450312 7.9830462919 7.19153154546 8.66620659251 7.65981584168 8.00611545353 7.83146009332 7.36586992208 7.80686748301 8.18238298625 6.03782678222 8.83957769156 10.7656276455 8.18307832118 6.38273536684 4.4426882928 3.91566392425 3.8445324769 3.81959051263 3.93324574616 3.75814894867 3.98397226621 3.55548743302 3.57115358451 3.49557058303 3.09965198139 3.13565693747 3.31310324469 2.94270429042 3.74858181406 2.4523100038
-9999 -9999 -9999 -9999 -9999 -9999 -9999 -9999 -9999 -9999 -9999 -9999 10.2784559682 9.42527875725 8.19192765018 8.35955830441 6.41201090998 6.34233953029 6.03207146283 7.14412302898 6.58293313981 6.03735980173 5.63500025226 2.87995817205 5.00641064258 8.45528313738 5.57553463855 6.02238275114 7.44524068593 6.63419872378 6.29065895573 5.85540240043 4.53150178291 4.40772989727 7.08889585628 4.32446995775 3.0822184746 9.0495077994 7.3344671143 5.93503594083 5.09031726613 3.98947881159 3.61286994963 3.96246668513 3.72634599962 3.85644948301 3.81538337611 3.77946148114 3.85552918272 4.2886867197 4.43390686411 4.51851055132 3.74041530619 3.05231543894 2.93471403122 3.29781459073 3.21900529012
