data/recharge/transience/oldversion/mHM_recahrge_463.ASC
ncols   80
nrows    72
xllcorner    4374000.0
yllcorner    5656000.0
cellsize      500
NODATA_value  -9999
[rows 0 to 24 of 72, columns 0 to 56 of 80]
-9999 -9999 -9999 -9999 -9999 -9999 -9999 -9999 -9999 -9999 -9999 -9999 4.95622894521 5.23463770401 -9999 -9999 -9999 -9999 -9999 -9999 -9999 -9999 -9999 -9999 -9999 -9999 -9999 -9999 -9999 -9999 -9999 -9999 -9999 -9999 -9999 -9999 -9999 -9999 -9999 -9999 -9999 -9999 -9999 -9999 -9999 -9999 -9999 -9999 -9999 -9999 -9999 -9999 -9999 -9999 -9999 -9999 -9999
-9999 -9999 -9999 -9999 -9999 -9999 -9999 -9999 -9999 -9999 -9999 -9999 7.98256319067 5.89904457275 5.02262367483 -9999 5.50516929448 -9999 -9999 -9999 -9999 -9999 -9999 -9999 -9999 -9999 -9999 -9999 -9999 -9999 -9999 -9999 -9999 -9999 -9999 -9999 -9999 -9999 -9999 -9999 -9999 -9999 -9999 -9999 -9999 -9999 -9999 -9999 -9999 -9999 -9999 -9999 -9999 -9999 -9999 -9999 -9999
-9999 -9999 -9999 -9999 -9999 -9999 -9999 -9999 -9999 -9999 5.4258672936 5.21999225481 6.53241833526 6.83543611788 4.67301536152 3.93231425199 3.27625954766 3.35271698569 -9999 -9999 -9999 -9999 -9999 -9999 -9999 -9999 -9999 -9999 -9999 -9999 -9999 -9999 -9999 -9999 -9999 -9999 -9999 -9999 -9999 -9999 -9999 -9999 -9999 -9999 -9999 -9999 -9999 -9999 -9999 -9999 -9999 -9999 -9999 -9999 -9999 -9999 -9999
-9999 -9999 -9999 -9999 -9999 -9999 -9999 -9999 -9999 5.00704928034 5.42387409781 5.31813263549 5.25223640471 5.65288799061 5.25310617329 4.82490371264 4.04317840041 5.36658325092 -9999 6.3668055492 -9999 -9999 -9999 -9999 5.24743041994 5.62095223915 -9999 -9999 -9999 -9999 -9999 -9999 -9999 -9999 -9999 -9999 -9999 -9999 -9999 -9999 -9999 -9999 -9999 -9999 -9999 -9999 -9999 -9999 -9999 -9999 -9999 -9999 -9999 -9999 -9999 -9999 -9999
-9999 -9999 -9999 -9999 -9999 -9999 -9999 -9999 7.59504839976 6.16133662695 4.93868618468 4.8429975997 4.74325614302 4.21562465948 4.44410649274 4.10423064694 3.68833259175 3.39399832389 3.45266649036 4.3978065484 4.57838064862 4.99136998723 -9999 4.35284218966 6.44117823855 6.24341281908 -9999 -9999 -9999 -9999 -9999 -9999 -9999 -9999 -9999 -9999 -9999 -9999 -9999 -9999 -9999 -9999 -9999 -9999 -9999 -9999 -9999 -9999 -9999 -9999 -9999 -9999 -9999 -9999 -9999 -9999 -9999
-9999 -9999 -9999 -9999 -9999 -9999 6.30743961488 5.05439121806 4.91304719768 5.27645084994 6.00455368674 6.38204463484 5.57313672333 5.1152931236 4.32472694171 4.866163642 4.02887811199 3.70228545424 4.56021944159 4.32382792491 4.38030909147 4.78432252439 4.75036797907 4.44604875664 5.19152726612 4.92437725045 5.68955595765 -9999 -9999 -9999 -9999 -9999 -9999 -9999 -9999 -9999 -9999 -9999 -9999 -9999 -9999 -9999 -9999 -9999 -9999 -9999 -9999 -9999 -9999 -9999 -9999 -9999 -9999 -9999 -9999 -9999 -9999
-9999 -9999 -9999 -9999 -9999 -9999 6.57861445676 5.80102176239 4.3553831485 4.11535741596 3.97795561419 4.31188992547 4.28492696207 3.8262567125 3.67882948378 3.17650083258 3.3252576779 3.72889986076 4.5911478716 3.19259157375 3.71786254601 4.62725564521 4.43159212752 4.46024282328 4.3286139566 3.91774256161 5.67882806096 6.32686658531 6.63402935946 6.11189089489 8.27270308319 8.13042763957 -9999 -9999 -9999 -9999 -9999 -9999 -9999 -9999 -9999 -9999 -9999 -9999 -9999 -9999 -9999 -9999 -9999 -9999 -9999 -9999 -9999 -9999 -9999 -9999 -9999
-9999 -9999 -9999 -9999 -9999 8.44939398212 7.00579723986 6.92382999741 6.25263964488 6.6615202908 6.22561383522 5.36332890551 4.04813703887 4.61317471332 4.30490089078 4.36947252705 3.9169284277 3.16078082209 4.87841117466 3.21417706191 3.74710001864 3.53684396331 4.08048081123 4.28804226406 4.7093602153 5.04644199022 5.40394134648 5.28412931439 6.26133650886 6.05271344334 6.04004760942 6.49987194928 5.87396548489 5.56368243226 -9999 -9999 -9999 -9999 -9999 -9999 -9999 -9999 -9999 -9999 -9999 -9999 -9999 -9999 -9999 -9999 -9999 -9999 -9999 -9999 -9999 -9999 -9999
-9999 -9999 -9999 -9999 -9999 8.5937555314 7.63131192438 7.70737178473 6.53489742428 5.83706983372 5.72194752993 6.27460189412 4.57183689063 4.34672892768 5.87173035191 6.52670289205 4.15733740632 2.26032219715 3.66360841793 3.42063715615 3.61370735254 3.83680021491 4.86705714098 4.58586600181 4.47073232428 3.83166643333 4.38102235312 3.87865225738 4.96426521308 5.08377391871 5.63272295733 5.59514514278 5.63145614998 5.28625620805 5.76043442555 5.40434146661 -9999 -9999 -9999 -9999 6.47119639587 6.06955608643 -9999 -9999 -9999 -9999 -9999 -9999 -9999 -9999 -9999 -9999 -9999 -9999 -9999 -9999 -9999
-9999 -9999 -9999 -9999 -9999 7.71124753256 6.9372165559 7.10280366835 7.01896704552 7.65724700171 6.96321760378 6.49543677024 5.66862349492 6.88560710851 6.6819543498 5.15753270881 4.34280734786 6.27360597966 5.44484396096 5.52313778044 4.5162328169 3.63798165349 3.69069284647 3.45974385735 4.33090219656 4.08822271021 4.20377014833 3.55277136249 5.25227620079 4.99080548173 3.84915849123 4.49092321054 5.52913407826 5.34117548758 5.18597611679 5.71731177195 5.85868013835 -9999 -9999 6.20436853978 7.01847777008 6.68334672585 7.80847066897 -9999 -9999 -9999 -9999 -9999 -9999 -9999 -9999 -9999 -9999 -9999 -9999 -9999 -9999
-9999 -9999 -9999 -9999 -9999 -9999 9.06615405078 9.75971167358 7.92635313658 7.37105239124 6.25231165966 7.11851314621 8.62118639291 9.79526342792 5.00824809502 4.3171308369 4.68732875471 4.47667452451 3.91783751728 3.834347707 4.22364047446 4.49939131664 4.31180744909 4.80470245872 4.3974758535 3.78894869224 3.18006058712 3.5746664642 3.928239736 3.9871374703 4.20223736415 4.68607897837 4.58913925687 4.47654455414 4.92342096828 5.18703958866 5.37595526117 4.60648448541 5.90539414802 5.68526474056 5.78804006994 7.14396896578 5.70454291787 4.70817162325 -9999 -9999 -9999 -9999 7.50908381275 6.63604986209 2.35350116563 -9999 -9999 -9999 -9999 -9999 -9999
-9999 -9999 -9999 -9999 -9999 -9999 -9999 8.34401207958 6.95697313255 8.37057673467 8.28149945434 7.1930049784 6.70738795419 5.39300855415 5.0649250124 6.60695418598 6.2544276816 5.98137890748 5.85714096802 4.64509534377 3.85847043868 3.89598908456 3.9873256517 4.04785377223 3.9083194719 3.37138667071 3.47384316199 3.83588459559 4.06145251863 3.86094089061 4.32879539589 4.28128255578 4.72058423631 4.41210589444 5.36255511386 5.30892463784 5.60060613987 5.5245135135 5.74818338794 5.72947022601 5.23172119121 4.97562415943 5.08987736841 5.44886657406 5.04379994722 5.59834300836 6.07451454882 5.26928759707 5.25218110958 5.19014740448 5.11945973589 4.23886167732 -9999 -9999 -9999 -9999 -9999
-9999 -9999 -9999 -9999 -9999 -9999 -9999 -9999 7.0120255639 5.86463420051 7.05154035978 8.15232239511 7.23587734841 8.09332301783 7.44680860046 6.61942553234 4.87393724352 4.91025320064 4.03528867096 4.71008527809 6.5161235337 6.15542775536 5.35888801994 5.8996757862 6.07792776335 5.94016621918 3.49451020849 3.55834958958 3.25240450749 2.68162478915 3.34834332964 3.51603503831 3.84762768511 3.54792784259 4.31589146184 4.55891438519 4.91468432369 5.19730313281 4.94125933878 4.86856788579 4.98554167727 4.7996149605 4.80991964739 4.42079717605 4.46101824803 4.08646863363 4.65351793594 4.14468716357 3.97371065936 4.03454650138 4.03609010989 4.3783954601 3.87415994652 -9999 -9999 -9999 -9999
-9999 -9999 -9999 -9999 -9999 -9999 -9999 -9999 8.4032426999 6.99162317362 6.33103711713 6.39457897951 6.20618416839 6.14133551605 5.21527637847 5.04555564089 4.72516370585 5.15981622083 4.71854558425 5.22737716524 6.04667032722 5.96687642117 6.97371456878 8.89249270738 7.63394648675 5.61098137954 6.65790626225 4.48378575775 3.4382556416 2.75805118444 2.91684458293 3.22928996765 3.1800978234 3.39492176022 4.30604353761 2.65552517997 5.52374252189 4.9683882789 4.9246666383 4.81079251723 4.86403191642 4.53717328761 4.50438804014 4.48398675622 4.10478800545 4.05871009038 4.59760635469 4.24938479256 4.13397340095 4.24162625151 4.20539428104 4.23192883735 4.25487156197 4.80655414368 4.06817792077 4.44077369917 -9999
-9999 -9999 -9999 -9999 -9999 -9999 -9999 -9999 -9999 9.83264779212 8.29909864613 6.16208315191 6.45059662528 6.68845459972 6.13588329069 6.22827795261 7.30362335796 7.89877128361 8.2465112777 8.32403424699 7.67787063516 5.79484602037 6.30936003926 12.2290130621 9.9791340472 8.45366861324 6.39222657493 5.55298648008 3.0018962475 3.15089744446 3.15785723965 3.29932554445 3.31180536394 2.74345080967 3.5557648688 3.89449681388 4.59864685211 4.26910919041 4.15026819716 4.20988370628 4.18738658564 4.24776478593 3.7040378315 4.99632371419 3.98163256363 3.36976046393 3.11125879999 3.08541061906 3.14500543315 3.10460204062 3.30813181222 3.16332756871 3.54997416554 3.93011282217 4.32635187373 3.52086003213 2.9016300425
-9999 -9999 -9999 -9999 -9999 -9999 -9999 -9999 -9999 -9999 7.00849917126 7.03213816132 6.18883967914 6.45829192965 5.52438066775 4.94363287658 5.26533590169 7.13127406113 6.09202545627 4.92001887843 4.70322985482 4.49389587715 3.87593897453 5.68041094501 7.30796107766 8.38379804085 7.48360720816 6.47977536884 5.0155248223 3.77931913317 3.22028087388 3.24354009114 3.81762961928 3.24437721551 4.31972765275 4.00542127803 4.4498830247 4.27354326296 4.19550093147 4.22927457775 4.46364056992 4.41135753695 3.84465537147 4.48675097259 5.78905748756 5.45619802776 4.76014109407 3.48646627407 3.57153414921 3.51031491527 3.91730740368 3.73143362807 3.34098743755 3.87833286193 3.55012828555 3.51617189135 2.85158627826
-9999 -9999 -9999 -9999 -9999 -9999 -9999 -9999 -9999 -9999 -9999 5.24213989492 4.90566584414 6.61064974142 5.54643899927 4.92390377433 5.31835445089 5.21659608689 4.32329153272 4.74802374317 5.43546384398 5.33783149485 4.11665621873 3.1526491867 3.40726548846 4.0447815455 5.93622938967 8.45100273304 8.12912461589 3.81900522407 3.66187681981 3.11200698694 3.27872058102 3.42603212575 3.5057676625 3.04971492699 3.75501019772 3.71758008444 4.00875891984 4.0067546707 4.37731353926 3.880163472 4.09513640052 3.5810651168 3.67760603792 3.2807183064 4.01474318869 4.7798591329 3.77261350733 3.43630987198 3.13434255328 3.71755373888 3.83735835457 3.46192186966 2.95788608074 3.03089538999 2.5832960393
-9999 -9999 -9999 -9999 -9999 -9999 -9999 -9999 -9999 -9999 -9999 4.06487218239 5.21811978342 5.09744202002 5.67319031505 5.2378270547 4.30083979296 3.99395720417 4.65850715815 4.73337919568 4.81209093433 5.63777025845 4.03261260624 3.62243598503 3.77388968827 4.40556312764 4.46559230769 6.07746153337 6.18410392161 6.57771286259 7.77511649849 7.21594020776 4.35743437021 4.93589867104 3.82289755208 3.08656790066 3.73206500115 3.82366851526 3.86413562054 3.88544215379 5.27613166266 4.63338395275 3.72990692814 3.84192547373 3.80474521475 4.40417992076 5.98180261692 6.8934243232 6.51870374324 4.56384275072 5.24792969356 5.01733186196 3.67816042559 4.10968502534 3.96904170677 3.41053120999 3.10998591946
-9999 -9999 -9999 -9999 -9999 -9999 -9999 -9999 -9999 -9999 -9999 8.69463044918 7.56284309202 6.94009065927 4.71108241013 5.16529958651 4.21012952946 3.25452483413 3.60434106503 3.95989904162 4.11242512751 4.24580263835 3.73407088406 3.00066613511 3.01763412155 2.96985974601 2.95627208788 2.86415407509 3.20009477528 3.33510674484 4.5970745565 7.24541409243 9.1726625494 8.92541683181 5.38404881229 3.74233959113 4.67848561958 3.60746069729 3.25722618538 2.64518695721 3.06420841338 4.08514303768 4.6582358547 5.30803093359 5.95862777572 6.95950407643 5.55074148688 4.95081240299 5.06088211271 5.13791062077 4.36938788741 4.97005328255 5.3767966652 6.15256188321 5.14358920924 3.61344978072 3.55327426846
-9999 -9999 -9999 -9999 -9999 -9999 -9999 -9999 -9999 -9999 -9999 -9999 5.50452481651 6.5021225352 5.95901542565 5.42197132921 4.58379865609 4.0041506117 3.49560077699 4.15453916355 4.30253227075 3.96045857591 3.91252983925 3.90766808949 3.2157593976 3.32180675318 3.03790049483 3.19137257595 3.11488119267 2.90734842074 3.02656019316 3.23315478631 3.04622880333 4.15061139066 6.19053462114 2.31819084345 5.53500726651 3.83098766545 4.20217107957 3.75335239908 4.32565410307 4.0599816894 5.79718562893 6.6963629262 7.20896639144 7.01725871715 5.65821273489 5.02379194008 3.87816301628 4.45383319359 4.0942496413 3.32942783448 2.79917848144 2.86074743656 2.85781278247 3.68909820588 1.83670509721
-9999 -9999 -9999 -9999 -9999 -9999 -9999 -9999 -9999 -9999 -9999 7.55465634234 7.33711443907 8.10392669127 8.07492006161 5.58309439555 5.19367041274 4.86738004813 3.89495950731 4.26228469205 3.43108822337 3.34402357228 3.04632884386 3.16327286416 3.30238060896 3.22648714841 2.74249425431 2.70201116271 2.88435582003 2.74212678852 2.62810888408 2.78000555605 2.67034591647 2.62507001619 3.01033075319 4.90510868373 5.29536608371 2.71251713731 2.3335503719 3.23481089932 3.91948118256 3.65483496405 5.91401852643 7.07668233966 8.89764819775 8.83736876403 7.27690082948 6.98416787624 5.39799951804 5.45197343396 3.9498288666 2.38953077893 2.12472292568 2.14912901013 1.99779515431 2.30146293805 3.77959610605
-9999 -9999 -9999 -9999 -9999 -9999 -9999 -9999 -9999 -9999 -9999 8.06832361114 9.91466410808 9.40575733112 6.65653189806 5.07678335371 5.62615226659 5.38236053972 4.25596353758 4.38193975153 4.52961384065 4.56243019315 3.37572154472 3.47568403909 3.54186825216 3.5967548385 2.3343278667 3.09812617434 3.44097626425 4.39530550066 4.00172560829 2.86669301522 2.59928067689 2.62830108768 2.89637580714 3.14388506545 3.42990764215 5.13408412678 2.99944075467 3.99497987565 3.37062683963 3.88113467291 5.1192968187 5.2078535751 5.54124360334 5.17756864882 5.94700723114 6.1671244955 5.52113354764 5.6705242081 3.69225086916 3.98615116817 3.46028097265 3.21467860469 3.01857123732 2.69726247266 1.98264681653
-9999 -9999 -9999 -9999 -9999 -9999 -9999 -9999 -9999 -9999 -9999 11.2569100509 11.0954056051 9.23362880982 9.06752015799 8.76052909414 5.70475145425 6.14211105718 5.6552445032 5.81855592554 3.59851639088 2.64080580411 5.59973034646 5.77307516198 4.59549684428 4.58826781592 4.921730678 4.33538504975 3.23425718649 2.72327380457 2.84942250944 4.14823319956 4.37667716972 3.99945242536 3.17437995504 2.70462532631 1.6751627565 1.0952193919 2.60066971099 2.76178100085 4.01776071535 4.29150585905 3.99610686366 3.38882851636 3.56708774462 3.57857254897 4.35729119545 4.46193059689 4.18963203449 3.89972216744 3.11488672074 2.51477054818 1.82642118668 2.01732182789 1.91770296902 2.31883390927 2.94223252258
-9999 -9999 -9999 -9999 -9999 -9999 -9999 -9999 -9999 -9999 -9999 -9999 11.5540103206 10.7371398116 8.48612689823 7.99531391066 6.71373563976 6.80870527922 5.45392818612 5.94436141504 5.36968269377 6.21813440812 4.63488113072 4.13113266025 4.21742927126 4.13461373617 3.54562522743 3.79588370701 3.55531849441 3.03398406917 2.57380606372 2.50846704079 2.43655879812 2.71459335332 2.82127678537 3.25927819508 2.17367525294 1.45722228242 3.46554834759 4.451128765 3.89394497623 3.45083302995 3.94230514761 3.2987439953 3.60654008458 3.64622219204 3.8100834914 4.08915955465 3.73337845694 3.73999991786 3.26655616309 1.86713638996 2.08402646233 3.12882065407 2.40183938008 2.36836830396 2.12958164937
-9999 -9999 -9999 -9999 -9999 -9999 -9999 -9999 -9999 -9999 -9999 -9999 13.8728318875 11.1856901845 9.49866664326 8.33917422077 6.43414082405 7.13984806453 6.40154248036 5.64225227294 5.64504653759 5.09063843591 4.82324058419 6.27067328909 5.10987382924 5.76957738256 6.20715549691 5.44690534249 4.55006885542 5.70043209503 4.719336289 4.99805196773 5.12803342789 4.9457108509 4.51274973157 3.0746361288 2.51832236698 3.55115826684 5.65832233657 4.65695479869 4.41973579663 3.27691990922 3.00662553146 2.95130032369 3.09574079103 3.15997109239 3.08164792662 3.18246704796 2.92901154628 3.08889023478 2.99311873263 2.65104086627 2.44112580724 1.73138283345 1.40619849706 1.98190632546 1.24348237525
