data/recharge/transience/oldversion/mHM_recahrge_45.ASC
ncols   80
nrows    72
xllcorner    4374000.0
yllcorner    5656000.0
cellsize      500
NODATA_value  -9999
[rows 25 to 49 of 72, columns 0 to 56 of 80]
-9999 -9999 -9999 -9999 -9999 -9999 -9999 -9999 -9999 -9999 -9999 -9999 21.2034747418 20.9125682427 19.0958230523 18.6945386582 14.56233858 14.7994261921 12.3627523674 13.4162254835 11.0477215154 10.6846467647 8.68959893501 6.71035835384 8.02889669863 9.64898814372 7.93988596581 7.8931541656 6.17142361631 5.42210178725 4.47157405681 4.09613203185 3.39142038464 3.28415611694 4.11029599285 3.28767658044 3.90010427005 5.10921950866 4.12647944924 3.4298025662 2.94080950426 2.11799572432 2.57293926628 3.22314853109 3.12368320879 3.21415106578 3.25806829278 3.23280737532 3.11811753273 3.40736328576 3.11751308602 2.35299525381 1.65095722022 1.22312807802 1.21509198904 1.33448286315 1.26829593837
-9999 -9999 -9999 -9999 -9999 -9999 -9999 -9999 -9999 -9999 -9999 -9999 -9999 19.8271270443 19.7688773702 20.0752023222 17.6155006969 17.4429044611 14.2270180897 13.3095429079 11.590137426 12.3153002944 12.0992810331 11.8644730337 9.27650749275 8.19103662241 7.43880418864 6.8056521489 6.02920415973 6.52442270265 5.19179885815 4.7650800618 3.82557112958 4.06134659869 4.15910744125 1.17086212446 2.70235205017 4.59009223213 4.16770108965 2.7430282715 2.25740197294 3.16988408994 1.85850698282 2.03135728496 1.72975483996 1.97857896739 2.3692974463 2.25473757164 1.43427560782 1.05547183597 1.09622777027 1.26100762785 1.41722036243 1.69963642226 1.14398902212 0.985717985729 0.951015035478
-9999 -9999 -9999 -9999 -9999 -9999 -9999 -9999 -9999 -9999 -9999 -9999 -9999 -9999 18.7223087385 18.6698929568 16.6010876531 16.1286933597 14.1471607408 14.9132696278 11.8553245536 13.5284705657 11.0304538998 10.0485768732 7.54186784277 7.39558952056 7.407928132 8.54094688656 6.35471439062 5.55431633179 5.21568030401 5.84406072096 4.93381846258 5.05232956165 4.71991662495 1.86848697795 2.57330765153 3.50486125182 2.99495249173 2.07017120428 1.93702832784 2.6124661753 2.98575631694 2.23281457485 1.46034137686 1.80610747758 1.37357092946 1.35586869486 1.16400372417 1.51326199314 1.38315452997 0.917669378716 0.821289151362 1.17259907472 1.35267882482 2.33809410304 2.5312502008
-9999 -9999 -9999 -9999 -9999 -9999 -9999 -9999 -9999 -9999 -9999 -9999 -9999 -9999 6.28793243929 13.3193728113 16.8070700782 16.8223218564 14.6718904108 15.2984481576 13.8638911204 13.6718079562 10.556139801 12.8549640422 11.0979121053 10.8568726535 6.88659048216 6.83060727786 6.79889903317 7.16923631766 5.63822879852 3.88598579964 4.81348569465 5.62107563121 5.41644224086 1.69288863899 2.4690924093 2.33937344167 1.92809353459 1.82778610159 2.05278121842 2.37766333787 2.21158858337 2.76396481358 2.23098959315 1.69691633738 0.888868773191 0.796592455349 0.978808099551 1.1846904385 1.74860392266 2.09973263883 2.39125113512 1.93381237839 1.52646195842 1.57930060264 5.46579616943
-9999 -9999 -9999 -9999 -9999 -9999 -9999 -9999 -9999 -9999 -9999 -9999 -9999 -9999 9.98591590922 14.6271127676 18.2484263513 17.4789918481 15.958802428 15.8409270342 13.1700834787 14.0332115695 12.6244773339 11.7905029839 9.24157039568 8.54888532785 7.9225025299 7.93941852704 5.77659065979 6.45146402029 5.54946207113 5.39908484219 4.45146869033 5.24009896365 6.36418451064 1.53732148391 1.73108146978 3.85946811326 1.2455924118 1.5111931487 1.93557955174 2.35406539225 1.86602003488 1.95479080741 1.45582340755 1.75634030101 1.10966478483 1.76100986781 3.27328165895 3.65436430886 3.16552464562 2.07255282519 3.15566792829 2.94494133851 2.58763592156 2.83192213472 2.34846386888
-9999 -9999 -9999 -9999 -9999 -9999 -9999 -9999 -9999 -9999 -9999 -9999 -9999 -9999 22.2967110225 20.9543432395 19.8815179248 19.9870072545 17.8097882339 18.6289798256 15.1232793073 14.2652836738 12.1177501278 11.9959365956 9.05749486895 9.66839549619 7.56067242156 8.8651830952 6.94983005384 6.46691164848 5.89757594406 6.54376131772 5.54610222698 3.65356296544 1.73299657422 1.75938531942 1.36842808625 2.87142069433 1.03043779723 1.48574929306 1.72758799473 1.69570490455 1.27690616643 1.44318853598 1.127305665 1.31830616238 2.59917512352 3.23919451005 5.68748298129 6.33601349133 4.80744366709 5.23501733423 3.64437363128 3.5473028987 3.14282887967 2.57753568186 2.99435245528
-9999 -9999 -9999 -9999 -9999 -9999 -9999 -9999 -9999 -9999 -9999 -9999 -9999 -9999 -9999 19.4934558585 18.4456398501 17.6786516205 17.0541853669 15.1266493072 12.3623355185 12.9590325285 12.3030302979 12.1151617286 8.98699075502 9.46111982954 7.37585154501 7.78356839339 6.13466664346 6.46142107423 4.82780745215 4.76993565966 3.99900263958 3.9922334056 1.93996689864 1.96639179083 1.6486946159 1.60173843913 1.4299326932 1.15703837815 0.729754413086 1.04945247719 1.19005113682 1.07213748045 1.04783061643 1.22714540599 1.43055679671 1.62507754465 2.19405857601 2.2287747442 1.43622114403 1.19779665855 2.29184598142 3.96467360035 3.77341252879 3.71731312168 3.1958690184
-9999 -9999 -9999 -9999 -9999 -9999 -9999 -9999 -9999 -9999 -9999 -9999 -9999 -9999 -9999 -9999 18.0371846609 16.9675524279 16.279786845 18.6955540328 17.3129928797 16.0955374965 11.9830714458 10.5387899498 9.67730147978 9.05999379232 7.17002250907 7.3322399852 5.51408354462 7.01666107644 5.91852484255 5.64972711835 4.1779462467 2.91140197488 1.82388032478 2.09992616913 1.91500055888 2.14248461998 1.98268587087 2.48490243517 4.86973361589 4.31759775607 3.64355299691 2.69045128391 1.36334017622 0.929248286301 0.700329632304 1.94074652911 1.39074279834 0.920895618464 1.58700432134 2.81187358652 2.02145509253 1.52282833375 1.92836889966 1.62464331733 1.48634497689
-9999 -9999 -9999 -9999 -9999 -9999 -9999 -9999 -9999 -9999 -9999 -9999 -9999 -9999 -9999 -9999 18.9859155346 19.3101384604 18.9048997461 17.9406202886 14.2666407599 15.4904530263 12.2678914229 10.9764423675 9.41711928678 10.2841555541 7.69833831969 7.72772558152 5.35141137278 6.30951065402 4.62982405271 3.90755042952 4.09318813686 3.52001130152 2.63132697892 1.97202772361 2.44813260858 2.22892742415 1.93788852831 1.76810569414 3.07260599687 1.95360220507 3.19227182113 5.32305407591 3.52171330538 2.49577284991 2.27712731343 1.32290603552 0.87487445257 1.28155683281 2.11801540326 2.2642984206 3.14826516167 3.37197150289 4.14229851666 2.91448011185 1.50762919588
-9999 -9999 -9999 -9999 -9999 -9999 -9999 -9999 -9999 -9999 -9999 -9999 -9999 -9999 -9999 14.6525922217 14.6151182413 16.3253540848 17.5323124794 17.1771858455 15.1857134121 14.9514439153 11.9174378637 10.7764648821 8.67805167943 9.28162028895 7.76060594279 7.90540084607 6.54372480438 6.79761773995 5.57845663814 5.74759713384 5.42910985229 4.09395819716 3.00801363902 4.14983029216 3.04201535571 3.1746412629 2.40912151041 1.27454421965 2.39616884192 3.55174859526 3.19600560289 3.1462621937 3.19408018056 2.44694520072 0.786672328242 1.16755498073 1.72234345518 2.3053313045 1.66564628863 1.12944727979 1.37821169205 1.64031717246 1.91882153159 2.00143570929 2.3779786457
-9999 -9999 -9999 -9999 -9999 -9999 -9999 -9999 -9999 -9999 -9999 -9999 -9999 -9999 16.385006059 15.9374572341 15.1487732172 14.7993445404 15.4010652727 16.2699653199 13.6797007112 15.0210981056 11.270606681 11.6911857579 8.70976679564 8.28342866542 6.85940555366 7.21104630851 6.25855216019 6.2525248077 4.92313197654 5.05017753418 3.78728742653 4.3707118466 4.53372655901 7.06255601225 2.93631120766 1.97590223886 2.46365555888 3.1949540662 2.64008516926 2.61280056822 2.38225183877 2.61866535325 1.81874991174 1.51887412445 1.84823504643 2.27210489574 2.20032787496 1.62639178047 1.37030836291 1.34905971679 1.54529837227 1.49053099636 1.38534363471 1.53138320293 1.56065171511
-9999 -9999 -9999 -9999 -9999 -9999 -9999 -9999 -9999 -9999 -9999 -9999 -9999 -9999 17.1809518757 18.0820398473 16.5267670721 13.9093493283 12.0075735625 12.0528600124 11.4643489776 13.0427649651 10.9832151625 11.5940380344 8.54311725507 7.42797125931 6.50379813095 6.94082896434 5.58967420299 6.27043925927 5.66911902182 6.13071508853 6.6091250473 6.02772915053 4.86995246724 6.74123034806 6.86837599271 7.96689081691 5.2007352691 5.3005621635 6.32666445105 5.96470759262 3.20266418955 2.94953400141 2.7049091225 1.60555179893 2.71121008649 3.53231480068 3.43110444781 3.99278133913 3.9907352533 3.95357964328 2.96241346696 2.53877708689 2.99541867152 2.85439846148 2.05389836519
-9999 -9999 -9999 -9999 -9999 -9999 -9999 -9999 -9999 -9999 -9999 -9999 -9999 -9999 -9999 -9999 16.7744314333 16.9488496602 16.4776042214 16.266578321 13.968905341 12.2655931549 12.4537342986 12.5145903408 9.04989345778 9.03498171966 5.72241434392 6.07595057642 4.83778851356 6.21116548152 5.88721680589 6.45573851794 6.1227436196 5.29726132808 5.41219632222 5.46019947354 5.75666080539 4.95624470604 6.38895174868 6.34939886306 4.13983170616 3.99717400148 4.19167140919 3.18949157978 1.97921963638 2.34568932778 2.12817709101 1.79244467669 2.15130933954 2.74170114435 2.66689303156 2.76518795299 2.47078655949 2.05201778375 1.21110579487 1.33837931739 2.3968974423
-9999 -9999 -9999 -9999 -9999 -9999 -9999 -9999 -9999 -9999 -9999 -9999 -9999 -9999 -9999 -9999 17.7172966414 17.2032710991 16.635945507 13.9341316745 13.5435924497 13.827058293 9.91002050776 10.5038331485 10.0283199176 10.1741140341 8.08013863248 7.73292950972 6.56235798721 6.90460955177 7.4068445747 7.02220464236 5.71041674042 5.52008448817 4.0192186738 4.32314670901 4.46140922644 5.20856679627 3.55832975312 3.2152855524 4.03801353883 5.1563755621 2.22902343226 3.2193775159 4.5129028433 2.23641735244 1.07837439426 1.68519080858 1.9478671118 1.35223874055 0.963837378461 0.991906549913 0.717501299393 0.915953797306 0.89080721961 0.90327017838 0.868369008316
-9999 -9999 -9999 -9999 -9999 -9999 -9999 -9999 -9999 -9999 -9999 -9999 -9999 -9999 -9999 -9999 -9999 -9999 16.7806037792 14.988654217 12.354171507 13.4340994214 12.7601789022 12.1925922699 9.48032693199 9.42824572501 7.35202055263 7.39669935449 6.52237016532 6.48976867154 4.93655618129 4.27631516243 4.0084359578 4.80699395394 3.94294866031 4.91092193476 4.8090578595 3.50627747393 3.20346633632 4.54544014732 3.36115764092 2.91559771377 2.57710804729 2.55238025444 2.23832482959 2.58903730217 1.39443565661 1.44907120323 2.0477905392 0.957724720167 1.13662835724 1.29568480054 0.744250053234 0.781300732737 1.01998403593 1.14931940273 0.993509284691
-9999 -9999 -9999 -9999 -9999 -9999 -9999 -9999 -9999 -9999 -9999 -9999 -9999 -9999 -9999 -9999 -9999 -9999 -9999 12.9235869052 12.5407982455 13.2064077284 12.2634582487 14.8817711635 10.7282240617 10.0744593253 6.97412065012 6.93231345621 4.91238173486 4.68823201957 4.61084925425 4.72229809212 3.75074177862 3.55273161071 2.90818386436 2.8227178339 2.70483847078 3.82274989235 3.33779837565 3.98531312042 3.07030665631 2.73946475087 2.12204833533 2.8526664954 2.91354551149 3.06930998046 2.23552391157 1.37480278421 1.05513274183 2.12717799531 1.09491129361 1.07634341163 0.75206192419 0.73841082322 1.04254632812 0.964609688168 0.679458715218
-9999 -9999 -9999 -9999 -9999 -9999 -9999 -9999 -9999 -9999 -9999 -9999 -9999 -9999 -9999 -9999 -9999 -9999 15.3119487542 16.241579864 15.9737055369 15.6757471127 12.7588638547 12.2151736477 10.4271226403 10.4684335008 7.72183868568 7.45930315862 5.82001157869 5.30909184837 3.38577872499 2.11938703091 3.93470532242 4.20894101665 3.95585374383 4.64933782318 5.48546868636 5.25646940243 4.87333307022 4.71405674182 4.48743544273 3.06488686703 2.60644151386 1.59091166355 1.916402642 1.60202224891 2.7818305317 3.93232161075 2.85734386885 1.52049582982 2.27588135165 2.96637599354 2.62402912737 2.33553592062 1.69330951961 1.40166708363 1.19767624171
-9999 -9999 -9999 -9999 -9999 -9999 -9999 -9999 -9999 -9999 -9999 -9999 -9999 -9999 -9999 -9999 -9999 -9999 -9999 18.114249903 17.3745357795 16.7711832511 13.0231848704 12.5801896721 11.5847205192 11.3999553339 7.57691590223 7.98333495649 6.13100619791 7.45947135368 6.54562076015 6.47720106521 5.8687648225 4.95137994452 3.73614890659 3.055231397 2.61780994478 2.19013564327 1.88588546534 1.88583636061 2.14606119164 3.25483204938 2.69293025076 1.94959651167 1.93299649411 4.73253683675 3.80537871018 2.84925333135 3.29638089959 2.2550390813 0.728373039473 0.930625464581 1.04099268819 1.15930288471 1.94046435001 0.779034020955 0.647816053295
-9999 -9999 -9999 -9999 -9999 -9999 -9999 -9999 -9999 -9999 -9999 -9999 -9999 -9999 -9999 -9999 -9999 -9999 -9999 -9999 15.3476666064 16.368866942 13.1569320015 13.0156760492 9.65168178035 10.9480083968 7.49802260721 8.30995922078 8.1842682684 7.31390263322 5.68385583244 5.40532753977 4.35542117915 4.29290035366 3.1091664602 3.74612229606 4.05245711709 4.56198805172 4.48438943141 4.09845578229 2.9979769883 4.12773403478 4.40088388 3.89086806788 5.01296239414 4.39943567688 3.65602396587 4.13095909046 3.5971663118 3.70487363323 2.96145303071 1.89254708743 0.976411486314 0.896740857733 1.10822976106 1.49939186415 1.59668700979
-9999 -9999 -9999 -9999 -9999 -9999 -9999 -9999 -9999 -9999 -9999 -9999 -9999 -9999 -9999 -9999 -9999 -9999 -9999 -9999 -9999 15.8164806418 13.9515719519 14.0774587438 8.98147863846 8.16963419873 7.33388007208 8.74210406375 6.87119640829 6.37559779375 6.19971324073 6.58710026962 5.57677773372 3.26822652882 6.14737234342 6.08059519698 4.88007059504 3.72337773311 3.32606977064 3.52022091896 4.77947988814 5.04366727484 5.55974749886 4.17754721856 3.44489359943 2.42867404338 3.25804565981 3.63490966295 3.58577039398 4.40212270641 4.51728773637 2.72999039668 2.35573534998 1.99066543438 0.445756986538 0.791368253183 1.10731971982
-9999 -9999 -9999 -9999 -9999 -9999 -9999 -9999 -9999 -9999 -9999 -9999 -9999 -9999 -9999 -9999 -9999 -9999 -9999 -9999 -9999 13.9954728146 12.6650466538 12.6885158001 11.2852365593 12.1397756697 9.00440342631 8.58972334721 6.84870831248 7.63711608142 4.93407030609 6.33720852843 6.0195530911 5.69357818241 3.63526738664 4.29799201005 3.78210374142 3.93660040881 3.60214969344 4.57344442516 4.83753856347 4.62584311535 3.53835779018 3.56575801911 4.64364989013 4.40827734699 4.09287228676 3.98217502129 2.65957636256 2.74008134567 1.73862469157 0.967579595424 1.06677264195 0.957955377382 1.2804850104 0.544723904846 0.694603172477
-9999 -9999 -9999 -9999 -9999 -9999 -9999 -9999 -9999 -9999 -9999 -9999 -9999 -9999 -9999 -9999 -9999 -9999 -9999 -9999 -9999 -9999 13.0427059885 14.5146406354 12.5974142336 11.5546303701 8.69500817183 9.55844468275 7.05471882536 7.01083016624 6.28132792475 6.70655432939 5.57591347729 5.9011054795 6.33141012692 4.99142772188 5.15115367378 4.76755177595 4.62416448706 4.64651460891 4.89841971059 3.11453528114 3.53014961425 4.63729583396 2.75422506281 2.44860904607 2.00813277367 2.77694557089 3.76689552425 2.62881349401 0.907784443804 1.08563534664 3.39118331842 2.17376800635 0.639743051195 0.462594469367 0.656743516927
-9999 -9999 -9999 -9999 -9999 -9999 -9999 -9999 -9999 -9999 -9999 -9999 -9999 -9999 -9999 -9999 -9999 -9999 -9999 -9999 -9999 -9999 13.460501458 13.1273104305 12.0091730366 13.0473778153 9.65423744409 8.64983067205 7.56029438576 7.84595765081 6.61171923572 6.81240851049 6.51251397797 6.38073987897 5.09819066016 6.58934078913 4.92500055059 4.6495144963 5.52811084917 5.40273992313 3.64550770453 4.99978693029 3.60940448057 2.71286234347 2.42686703769 3.4054146519 4.40679498248 4.44913236486 2.47270126076 2.29191204439 1.63858326894 2.07033714778 1.66051416091 3.28429441039 2.08806313011 1.85595515242 1.32646365603
-9999 -9999 -9999 -9999 -9999 -9999 -9999 -9999 -9999 -9999 -9999 -9999 -9999 -9999 -9999 -9999 -9999 -9999 -9999 -9999 -9999 -9999 13.2168669244 14.1396341914 14.5873967922 13.331191292 10.0977214487 10.658858593 8.26129836798 9.05754297893 7.17433455757 6.29250673566 5.46442983237 6.24050661329 6.73350833552 4.79644120536 4.74909719384 6.22727166397 5.5782461919 5.08471770961 5.18189772103 4.09300747744 2.82961498244 3.73158892273 4.69269968987 4.4390856316 4.58039206478 3.97810937022 3.08343941142 3.08955609146 4.01584173066 3.30102351682 2.89663375192 3.15783682078 3.46347454406 3.66962290526 2.36170215145
-9999 -9999 -9999 -9999 -9999 -9999 -9999 -9999 -9999 -9999 -9999 -9999 -9999 -9999 -9999 -9999 -9999 -9999 -9999 -9999 -9999 -9999 -9999 14.8256034191 15.6190875743 13.7651719064 9.33556811118 10.0283954688 8.09588669663 8.63661595881 7.24724570952 7.87977637383 6.92000227412 7.79665632477 5.96942852388 6.5705331044 6.71108056585 5.91682399386 3.95937097657 3.62818809503 2.65434663833 3.82145691678 5.03440888122 5.08554060613 4.40677925849 3.89185595978 2.16659721849 1.96912738767 1.93304838376 2.16304345549 1.62039765444 2.24315839062 2.63074948407 4.0745035081 2.53856907417 1.40992706689 2.6482073138
