data/recharge/transience/oldversion/mHM_recahrge_265.ASC
ncols   80
nrows    72
xllcorner    4374000.0
yllcorner    5656000.0
cellsize      500
NODATA_value  -9999
[rows 25 to 49 of 72, columns 0 to 56 of 80]
-9999 -9999 -9999 -9999 -9999 -9999 -9999 -9999 -9999 -9999 -9999 -9999 25.0498942816 24.9937674261 23.1515565008 21.5997696029 17.7570795104 18.4175520981 14.4832224587 15.000108417 13.5168308483 14.3202192494 12.3055595177 6.88627499136 5.9351985094 5.43572672241 4.56761602735 4.3344262055 3.48250585752 3.1641595842 2.70731379763 2.57197175858 4.41685955331 4.97360929687 0.474916242511 5.04568059133 3.69222063175 0.749892779095 0.582792915176 1.42401379763 1.42714206475 1.53605094092 4.24407199145 6.71399287203 6.63421210464 6.68932790692 6.71541778204 6.70283261457 6.25390097269 6.44096381642 5.2803559756 1.95583204354 0.661518953396 0.544536805061 0.523636266829 0.55005657753 0.527756010883
-9999 -9999 -9999 -9999 -9999 -9999 -9999 -9999 -9999 -9999 -9999 -9999 -9999 24.9453592112 24.0300447678 24.1092658777 20.0675549535 18.9234641524 15.9296305069 15.7229818647 14.3528713233 15.5584519965 14.8427027447 13.6060995118 9.84382461453 6.7918850627 4.94546876382 3.76248552122 3.50798490177 3.72874497848 3.04374065495 2.98735674028 6.84166756361 0.957585706287 0.479799101533 5.31254592729 6.19559844582 0.632987088212 1.40096099606 1.35068230444 1.20128328477 1.09927621082 0.704994297925 1.13341277206 1.7466415882 3.1404749553 5.1712693007 5.0880571609 1.91309922331 0.827357482115 0.533827670282 0.536377299045 0.556686586641 0.756338672834 2.57595319624 0.453078730135 0.448266392737
-9999 -9999 -9999 -9999 -9999 -9999 -9999 -9999 -9999 -9999 -9999 -9999 -9999 -9999 22.5138902255 22.5106219135 19.5003849063 17.7998371196 15.3269893211 15.8383794589 13.7588324263 15.842629192 14.7805202336 13.2770239146 9.0636459424 9.64672084508 9.57214594649 7.70594978227 4.19919294388 3.3106908213 3.28016702796 6.14955841817 8.26400631466 1.63395980906 0.607720152869 5.99506371767 4.68776625907 1.18598564192 1.41084401585 1.85552628964 2.0045530907 1.18817814824 0.981159854067 0.782358120903 0.617650910322 0.685075567121 0.573204210644 0.654374195987 0.517277917427 0.586052775119 0.55915356176 0.468209336297 0.438325190729 0.911567940104 3.46031884941 3.95784261831 1.54586753596
-9999 -9999 -9999 -9999 -9999 -9999 -9999 -9999 -9999 -9999 -9999 -9999 -9999 -9999 8.52873589629 16.8695511362 20.9605511058 18.9239788852 16.8627409321 17.260189119 15.9923299716 17.4039194572 14.0291775045 16.0771011523 13.9189955325 13.5434608684 10.2764353306 11.4473088865 11.0767447625 9.48146361261 8.01881101383 6.67010455865 8.32658327311 7.87859897616 0.707638925631 6.03983812838 4.39930977293 1.07534571418 1.73831733984 2.12328752976 1.18946220999 1.23726903963 1.11149808748 0.972460690801 0.741027104659 0.633414839732 0.678894492696 2.62972177845 2.78259991295 0.547189397924 0.60263335185 0.672350294869 0.725696101937 1.70621925588 3.89920506334 4.94559923479 0.988758321411
-9999 -9999 -9999 -9999 -9999 -9999 -9999 -9999 -9999 -9999 -9999 -9999 -9999 -9999 12.9879895645 18.1025881711 22.0688876647 19.7819336564 17.9900251295 17.8735788374 15.5633337261 16.5844446373 15.116044259 15.0317884291 12.5824433183 12.3373005246 12.0332088844 12.8435769511 10.4440347244 10.8601429438 9.44796399886 8.91358258297 8.09691573013 3.41007769037 3.96079604692 5.5256599014 5.90585546113 0.823941458139 3.75548907178 2.50268950125 1.09395970337 1.21240781926 1.05356520345 1.05968755409 0.623567290367 0.644828371801 0.494805652654 0.616943571357 0.974917558899 0.965958219879 0.634475169702 0.324789693196 0.41631532423 0.353049324669 0.308488430482 0.436833604817 0.650677562582
-9999 -9999 -9999 -9999 -9999 -9999 -9999 -9999 -9999 -9999 -9999 -9999 -9999 -9999 26.546514747 25.5184399623 24.2048910499 23.4607828488 21.942447453 23.1413231799 19.2913051473 19.1228842519 18.1054069893 16.1396457691 11.247966905 12.2053725964 10.8374708312 13.5577311245 11.3518529932 11.1095022307 10.0214638585 10.4299253141 9.38459153331 7.43989114851 5.93982892473 5.96886628786 5.28797449174 5.46847019453 4.58511378636 5.13074797466 0.812033061433 0.810788776539 0.836040269265 0.885531209109 0.66225526055 0.55421358389 0.717139646018 0.576559587502 1.01503457088 1.27029261987 0.757410540833 0.948335427162 0.658738804023 0.901216680688 0.9068467601 0.772884688187 0.882621739705
-9999 -9999 -9999 -9999 -9999 -9999 -9999 -9999 -9999 -9999 -9999 -9999 -9999 -9999 -9999 24.8358889777 23.6192643024 22.446594802 22.6035490705 21.537367762 16.9971330565 17.0592131113 16.9092498593 16.792882974 11.2033984052 13.38497047 11.4918356736 12.1539610785 9.1810717965 10.7594424494 9.33639801932 9.28118326854 8.12441205319 7.6904771308 6.15153931576 6.17670321284 5.62027212398 5.56922782203 5.29029647011 5.02988124408 4.33258834686 4.83444031474 0.181522640901 0.301636540981 0.50014592792 0.281565598529 0.155671760715 0.167747108847 0.300438005861 0.539872472752 0.566806238324 0.523438785069 0.714962673246 1.14612025955 1.08276592214 1.0658700752 0.93240470964
-9999 -9999 -9999 -9999 -9999 -9999 -9999 -9999 -9999 -9999 -9999 -9999 -9999 -9999 -9999 -9999 24.0119513468 22.1033316881 21.7909959764 23.2325817854 21.0501223984 20.619358183 16.4068626213 14.1927492683 12.401689348 12.3749089483 10.162446068 10.4761155816 8.62136417817 10.2329388452 10.1229732319 8.64880610803 7.23282196196 5.53424965529 6.17565083262 6.44685327377 6.11424684443 6.31980169927 6.08913478559 7.16381919666 4.90038074739 5.09028629292 1.9815577978 0.290084280283 0.143912659426 0.111544353525 0.0915084380838 0.497701902421 0.537465590901 0.451078265659 0.573785010095 0.818197076121 0.660904851925 0.571008104327 0.643334375323 0.589036867709 0.563166264323
-9999 -9999 -9999 -9999 -9999 -9999 -9999 -9999 -9999 -9999 -9999 -9999 -9999 -9999 -9999 -9999 22.3719422037 22.964996567 22.913244394 21.3931596596 19.4237567455 21.8724605453 18.2948365654 14.1968587965 12.571853936 13.1529185133 10.492206868 10.384812176 8.93320839543 9.68996985613 7.64592443419 6.86392510562 7.05197258783 6.21892920551 6.65939052493 6.32619610037 7.10249475038 6.39161305404 6.04827354609 6.10942214588 3.31506943414 5.69864344854 3.56204184734 0.881714423909 0.445460824621 0.26938584445 0.39310250893 1.50814947784 0.440871028168 0.518132502916 0.671734186228 0.700752781144 0.902792033521 0.960242556965 1.17873478299 0.844448601953 0.566915908608
-9999 -9999 -9999 -9999 -9999 -9999 -9999 -9999 -9999 -9999 -9999 -9999 -9999 -9999 -9999 19.8281031315 19.8247691706 18.3766882856 22.2835696814 21.9628564904 20.0163643003 20.848588064 17.1551519287 15.0597642819 12.4401897782 12.8648368925 11.0369261392 11.2180628297 9.74571724739 11.0815627765 10.2221238563 10.335290183 9.68592397857 7.68905524232 4.19238874224 2.24473585112 3.62074521961 4.95107549651 5.45457415451 5.52010188088 2.00934795622 0.77241234628 0.346964877909 0.339042030552 0.350001417452 0.239641303577 4.05330675401 3.30321746337 0.629820915276 0.685209786299 0.566860533624 0.474962911676 0.527594250322 0.572558557697 0.627112129981 0.641860948489 0.751059551684
-9999 -9999 -9999 -9999 -9999 -9999 -9999 -9999 -9999 -9999 -9999 -9999 -9999 -9999 21.2186087357 20.6575078469 20.1559347105 10.7019274925 15.3795657127 21.3360615733 18.5951839796 19.4211726766 15.1768062216 15.4543881771 12.4502531082 12.1668014507 10.4032649995 11.6929875836 11.6037410832 11.6027700058 9.79432804967 9.88467355588 6.43499014345 3.77623287335 2.5241377115 1.38885520088 5.75919230343 5.52189094785 0.243523054848 0.829867394705 1.35882844974 0.270469652721 0.235204866206 0.263732700988 0.172236958656 0.146969805735 0.440991865998 0.503804965124 0.663682463778 0.558798702197 0.516469002926 0.512814509487 0.556278381044 0.546759884788 0.53528837382 0.560234924403 0.694301461264
-9999 -9999 -9999 -9999 -9999 -9999 -9999 -9999 -9999 -9999 -9999 -9999 -9999 -9999 23.049789611 23.0766369156 21.3918140399 10.5309775683 8.00710001415 10.0972421106 16.6402456684 18.4291309095 15.8357997853 16.2523080402 12.3684342713 11.0250979771 5.58218270837 5.86458180265 6.5919785325 11.2624459275 10.674361326 6.62001800473 3.18373200724 2.8712455962 2.27541458602 2.54834849288 1.34544156241 1.88733760331 0.790491541201 0.819286610728 1.16906846162 1.03049356146 0.342968417318 0.303350633034 0.25564738342 0.14399218649 0.24828388468 0.724401972056 0.942934652065 1.11453958178 1.09057588681 1.07891117685 0.799393390595 0.711012646582 0.800845421535 0.769769874021 0.649480422246
-9999 -9999 -9999 -9999 -9999 -9999 -9999 -9999 -9999 -9999 -9999 -9999 -9999 -9999 -9999 -9999 21.6135874051 13.4488742158 12.8448610159 12.5800804837 10.7649960631 15.8279694012 16.8421191499 16.8791360056 12.7302720373 6.55268280776 3.27675613548 3.45597069698 2.90905235325 4.43000033895 5.38905195821 3.41630543341 2.91767517161 2.52537601259 2.53478836022 2.55711700134 1.9601400505 0.91983345526 1.43608831908 1.93657484182 1.18297094412 0.90410136359 1.83284440036 1.26740794286 0.174990382933 0.211846026034 0.181856208231 0.35505647875 0.663449104748 0.786706062845 0.75653655364 0.77705121288 0.697775802727 0.62022607972 0.47588884892 0.496415375703 0.682944915525
-9999 -9999 -9999 -9999 -9999 -9999 -9999 -9999 -9999 -9999 -9999 -9999 -9999 -9999 -9999 -9999 15.13788283 14.3733397792 13.6708724403 10.4488727003 9.99381688982 10.9606042583 14.71737966 15.8169438125 14.3709141213 7.42457469932 4.73390568279 4.512590402 4.0634406239 4.67530743415 4.85911034506 4.6410921887 3.6722711927 2.84997310058 2.057571495 2.17251277315 2.16099592635 2.48056542736 1.65158496219 1.43852812587 1.63697850485 2.08013302858 5.0135430545 3.29436255815 0.829170444125 0.190550803917 0.0986123954782 0.176274688884 0.609232150863 0.510482518094 0.429938833486 0.43469819561 0.361937250253 0.396651951474 0.375416914258 0.377322147633 0.386215046481
-9999 -9999 -9999 -9999 -9999 -9999 -9999 -9999 -9999 -9999 -9999 -9999 -9999 -9999 -9999 -9999 -9999 -9999 13.8718499536 11.611475389 8.78056754326 9.87178461489 11.6580945179 16.9858708223 13.9730666726 10.7705166178 4.40286625047 4.49632470379 4.24459922843 4.46379705963 3.63478582856 3.36520668927 3.16588168176 3.06799349178 2.02962663137 2.4139771302 2.30411734204 1.81109889006 1.60847250564 1.90534115454 1.41391325536 1.28204347086 1.17597541998 1.16873634927 0.964462098755 0.658237644669 0.12300276294 0.119710546695 0.20603850517 0.385130414347 0.457786490081 0.500687279834 0.367057896646 0.373794735047 0.39657478977 0.416617700081 0.407278983172
-9999 -9999 -9999 -9999 -9999 -9999 -9999 -9999 -9999 -9999 -9999 -9999 -9999 -9999 -9999 -9999 -9999 -9999 -9999 9.8314990666 9.39876686118 10.077948356 9.47603439915 20.7828440168 16.2017840333 15.8607829572 10.0729423215 4.94349403158 3.85637898606 3.7615862664 3.5966892591 3.70370848393 3.07716594146 3.00576232335 1.80149363324 1.282942706 1.18272582702 1.65134988481 1.5822008104 1.75508897779 1.31698484055 1.22232772735 0.990057978423 1.18339802518 1.12637073588 1.17042545935 0.469849173044 0.108679572312 0.0855565837214 0.166731391254 0.270125184661 0.418069866061 0.346998644894 0.344697424442 0.382143092319 0.370208223365 0.322721770049
-9999 -9999 -9999 -9999 -9999 -9999 -9999 -9999 -9999 -9999 -9999 -9999 -9999 -9999 -9999 -9999 -9999 -9999 12.5156909017 13.7302440223 13.3984210468 12.9985465622 9.64121687724 19.052379137 15.9807962067 16.6407529295 13.947486344 8.67432536597 4.26700464028 4.03151224977 4.92160440014 5.64748923052 3.32493218969 2.28059590528 1.48430392349 1.73105746608 2.02017476484 1.91783714 1.6711906642 1.6942621669 1.77582714138 1.31541717038 1.11386369699 2.81116741693 1.64095308363 2.16863635092 1.03560440646 0.554751878893 0.22188719106 0.10845962286 0.20187043767 0.291016131847 0.48433753824 0.594279378143 0.47714386995 0.434243560637 0.402786231754
-9999 -9999 -9999 -9999 -9999 -9999 -9999 -9999 -9999 -9999 -9999 -9999 -9999 -9999 -9999 -9999 -9999 -9999 -9999 16.8366997439 15.9041707067 15.0253927945 10.2699741505 18.5718479877 17.7553568025 17.623195457 13.0411240395 14.6559300672 7.19505091964 8.6113168663 10.2504826928 10.2067706227 4.55017554233 1.99286759831 2.37077883587 1.95887850375 1.07540659767 0.973571807574 0.831608956454 0.831748968703 0.970281928006 1.39230602641 1.61461183141 4.18052774374 4.63392187184 2.31213619715 1.29691093895 0.946411483837 0.316627607087 0.145637860173 0.0669000004696 2.43955877075 3.09781899345 4.11845994565 0.862026437086 0.194865306867 0.282400778167
-9999 -9999 -9999 -9999 -9999 -9999 -9999 -9999 -9999 -9999 -9999 -9999 -9999 -9999 -9999 -9999 -9999 -9999 -9999 -9999 13.0903160852 14.4378732202 10.4191031576 14.0014617213 16.3928012765 17.3195817938 12.9435547157 14.9240846378 14.512561871 13.9070069188 12.0436338054 11.8418016343 3.29942286136 5.27542868436 5.75381226631 3.74963889563 1.62689094687 1.97271570744 1.73536905061 1.70778284351 1.45504934436 1.79797158011 1.67117486445 1.47811418299 1.80115512827 1.56601521897 1.25181207708 1.40104281447 1.0818970833 0.496354580129 0.247698624061 0.150462285707 0.072615391834 0.141993680543 1.26533719342 0.0836993927058 0.0854216731727
-9999 -9999 -9999 -9999 -9999 -9999 -9999 -9999 -9999 -9999 -9999 -9999 -9999 -9999 -9999 -9999 -9999 -9999 -9999 -9999 -9999 13.9557632326 11.7225311392 12.2231761587 15.5388214072 14.9006278142 13.8001287731 15.59661459 14.5188770022 14.1398724922 12.7703083992 13.4188540962 3.0656589167 7.05322783079 3.45637716834 2.71264517359 2.45690818819 1.83680763643 1.60234490711 1.77365547462 2.09016663271 2.19957966263 2.22442997417 1.5515792865 1.23991879023 0.982368003587 1.11810101302 1.21939255442 1.14485960549 1.39045274261 1.61581854106 1.64668038361 0.540566929977 0.123064378249 0.0459916865634 0.0554172028336 0.0619060801718
-9999 -9999 -9999 -9999 -9999 -9999 -9999 -9999 -9999 -9999 -9999 -9999 -9999 -9999 -9999 -9999 -9999 -9999 -9999 -9999 -9999 11.8056855322 10.3080037536 10.3383450919 14.2538921839 17.7597850174 14.6726612623 9.48213457118 7.84590509857 14.2325132025 8.53593170956 12.2413737789 3.6947038304 2.45695894138 1.70860315178 2.3448805355 2.01442157511 1.84372168233 1.56759692317 2.03241323509 2.11415640406 2.02952569234 1.52756994999 1.43989677217 1.61695214342 1.53515414683 1.35496442575 1.32089956263 0.850821801702 0.928495356817 3.00188186903 3.129025666 0.586469908125 0.0984998890789 0.0694605850044 0.0488526867266 0.0509927464896
-9999 -9999 -9999 -9999 -9999 -9999 -9999 -9999 -9999 -9999 -9999 -9999 -9999 -9999 -9999 -9999 -9999 -9999 -9999 -9999 -9999 -9999 10.8479113598 12.5644489626 16.793985156 19.1092920126 15.6957706152 9.49627551509 5.59437268572 6.46434682954 7.60273792457 7.85673900628 3.97236131446 3.24178480161 3.52189206335 2.814831502 2.49834348723 2.30421207463 1.97786040843 2.08198595426 2.12769358895 1.53013412184 1.51125052282 1.86805747716 1.0564347093 0.956494796302 0.711611094382 0.850040997629 1.04679148651 2.91053089889 2.94346377629 4.1667359604 0.60361628824 0.102713282502 0.0481615490005 0.0436907336781 0.0466724533915
-9999 -9999 -9999 -9999 -9999 -9999 -9999 -9999 -9999 -9999 -9999 -9999 -9999 -9999 -9999 -9999 -9999 -9999 -9999 -9999 -9999 -9999 11.3001657788 10.9419612902 16.3194730955 20.041998766 15.9295557463 6.87376007305 6.13585498296 6.34375165183 5.39657946419 5.51517397566 4.92804192452 3.75383135277 2.86569254124 3.68136621428 2.54360964971 2.28248500432 2.4684107333 2.54211284374 1.68847099283 2.16779085435 1.53430471728 1.2888133947 1.08532475946 1.19873029469 1.31744935861 1.41571160043 0.851822564712 0.841122961745 0.875648524347 1.92305215202 0.0798856316437 0.188367175763 0.0941518015048 0.0836687854932 0.0629821192625
-9999 -9999 -9999 -9999 -9999 -9999 -9999 -9999 -9999 -9999 -9999 -9999 -9999 -9999 -9999 -9999 -9999 -9999 -9999 -9999 -9999 -9999 11.1913839251 12.2664607027 19.8087583133 21.6846200769 15.4648091977 8.38511814783 6.72293289526 7.61097777459 6.15876232363 5.63002122598 4.85559737121 4.07410141653 3.89898020318 2.86396693867 2.53941095549 3.25928554963 2.63230812236 2.41620739254 2.19956544042 1.8022172674 1.26648467094 1.50891291727 1.6932969462 1.55179534028 1.40025457424 1.22431628273 0.944550146049 0.945895208101 1.13378973325 0.952226439069 0.164697188347 0.154173595885 0.179842020005 0.202111200938 0.0941789800411
-9999 -9999 -9999 -9999 -9999 -9999 -9999 -9999 -9999 -9999 -9999 -9999 -9999 -9999 -9999 -9999 -9999 -9999 -9999 -9999 -9999 -9999 -9999 13.0915232836 21.1310353754 21.9723426024 14.5505315879 7.66588403613 6.38892320254 7.30796489972 6.20418462015 6.62055893081 5.68610068532 5.5066394901 3.44989396014 3.79772681367 3.54162250311 3.09199894946 1.99149896652 1.8729046554 1.37992441551 1.71514645958 1.85379918218 1.93012254049 1.59869168353 1.44443706262 0.851801047379 0.765345603842 0.706812718496 0.752693608539 0.609018113796 0.729140559105 0.705792647701 0.400691608101 0.119753539786 0.115547033899 0.383757487084
