data/recharge/transience/oldversion/mHM_recahrge_344.ASC
ncols   80
nrows    72
xllcorner    4374000.0
yllcorner    5656000.0
cellsize      500
NODATA_value  -9999
[rows 25 to 49 of 72, columns 0 to 54 of 80]
-9999 -9999 -9999 -9999 -9999 -9999 -9999 -9999 -9999 -9999 -9999 -9999 1.82511813445 1.88480955793 1.51818029964 1.3749824319 0.880142593245 0.865890957303 0.57125951992 0.808082468563 0.622462703627 0.67011642229 0.539099024934 0.196596473453 0.233469750915 0.42117481739 0.524090418095 0.402167374021 0.259079513993 0.199456235858 0.152360587169 0.131680164853 0.124756323176 0.13969458019 0.0597347227134 0.0639937987934 0.0885199375171 0.0907868984921 0.0582399721645 0.0802567562425 0.0687066018519 0.0495006434512 0.103488680854 0.169534450585 0.165357996764 0.171160015853 0.179388588089 0.177637634097 0.183930070102 0.204414138715 0.19499340519 0.0944348574882 0.0498727364795 0.0358254837841 0.0438593580855
-9999 -9999 -9999 -9999 -9999 -9999 -9999 -9999 -9999 -9999 -9999 -9999 -9999 1.57200833453 1.64429742576 1.75385112066 1.13188376985 0.973008000002 0.688459627108 0.579165999942 0.547399253927 0.81625731745 0.821851103358 0.707086983597 0.441544954338 0.285131239497 0.314501859559 0.24744900116 0.233416605272 0.275396896143 0.193579283214 0.166721290525 0.204811511898 0.0629224635926 0.0635781269332 0.0262730774975 0.075592424214 0.0774747752161 0.100872562206 0.0663703402976 0.051556069057 0.0754567372385 0.0378838870035 0.0508632524633 0.0562817060345 0.0837592035497 0.141569624685 0.133935532438 0.060071732559 0.0320966171171 0.0309918081816 0.0349518977066 0.046029101792 0.0459174252232 0.110510748199
-9999 -9999 -9999 -9999 -9999 -9999 -9999 -9999 -9999 -9999 -9999 -9999 -9999 -9999 1.25149458772 1.29905108136 0.942941946908 0.817936038155 0.713032270458 0.794230930477 0.601438356618 0.850889341442 0.786753119257 0.636173225486 0.350561425164 0.326404426813 0.360122481107 0.437716388991 0.264319866793 0.19794182622 0.198993657036 0.252024283397 0.32216326633 0.112135480501 0.079942207639 0.0470507534319 0.0439529932811 0.0765400972829 0.0800024179522 0.0341914628337 0.0311310624713 0.05114370255 0.0738536106948 0.0479161155609 0.0305459960453 0.0388049318397 0.0324655594409 0.0275214436745 0.0309637158469 0.0391274232728 0.0384226341988 0.025462808859 0.0268699940957 0.0369482817949 0.151238417297
-9999 -9999 -9999 -9999 -9999 -9999 -9999 -9999 -9999 -9999 -9999 -9999 -9999 -9999 1.43782680292 1.19357175918 1.11600313019 0.874698669471 0.73786479828 0.803174757856 0.746372544329 0.871608073948 0.535007487231 0.873404458626 0.631501286147 0.688069417672 0.310845576859 0.434300708237 0.466588698484 0.438947310238 0.280422256368 0.283496480311 0.336897579952 0.720051438615 0.22487968705 0.0790806929725 0.0667180165605 0.0547895121366 0.0342734596655 0.0326822369654 0.0346296918415 0.0488934522021 0.0576205152117 0.0703327027693 0.0552418438638 0.0391532391494 0.0185636373917 0.0323472051654 0.0437074153945 0.0263914376742 0.0541592954331 0.067837944846 0.0897361995247 0.0644704451092 0.0580689286464
-9999 -9999 -9999 -9999 -9999 -9999 -9999 -9999 -9999 -9999 -9999 -9999 -9999 -9999 1.66289635661 1.59911388894 1.29457386867 1.01661911998 0.969227887756 0.961383001018 0.800307482566 0.870350313437 0.829901334976 0.648584196167 0.442770194773 0.385852688744 0.509370940987 0.550828457861 0.366602612404 0.431033568177 0.364183809435 0.307882512634 0.286352432884 0.271517995874 0.341732764561 0.0776194672587 0.0942667280229 0.160839682676 0.0775085969573 0.0303487230797 0.0456245592737 0.0599254646539 0.0464297693042 0.0491446657862 0.0335542916216 0.0407755653618 0.0274856945702 0.0453059330393 0.122861641064 0.131343376543 0.0907238452568 0.0401741059368 0.0860691246776 0.0747433627882 0.0668306883368
-9999 -9999 -9999 -9999 -9999 -9999 -9999 -9999 -9999 -9999 -9999 -9999 -9999 -9999 2.61568861239 2.09662882615 1.86103015808 1.72275497671 1.44213488033 1.70034702472 0.979073758432 0.92931626263 0.922473444396 0.774360114328 0.478013871964 0.540489091583 0.413657380383 0.666119826889 0.504211404197 0.439614916704 0.40235150319 0.470473932505 0.376730139857 0.177944613838 0.0877487979876 0.0888864559843 0.0716734995867 0.150251476793 0.0573986557483 0.0854816511137 0.0255535257064 0.0384393471897 0.0312471995459 0.0365948079244 0.0287549639603 0.0318539155435 0.0673971974503 0.071714621486 0.198248618812 0.23927356077 0.158647436413 0.201999457497 0.118811441211 0.142927967518 0.147556831592
-9999 -9999 -9999 -9999 -9999 -9999 -9999 -9999 -9999 -9999 -9999 -9999 -9999 -9999 -9999 1.65222552602 1.46686344227 1.29891484594 1.59115604285 1.10969434369 0.678386491944 0.68137864607 0.790037743284 0.838256063715 0.471388153398 0.55981981593 0.403483039613 0.525130506972 0.669139113882 0.412499217214 0.304050238656 0.302897574718 0.234223266361 0.362262986391 0.096645397086 0.0977789867556 0.0834179632318 0.0814503224069 0.0738054858281 0.0446432844517 0.0238937635878 0.0303971957361 0.0124056222187 0.0146250131249 0.0216947150398 0.0181457679118 0.0164156527922 0.019830353542 0.0336128743538 0.0479965669777 0.0421877907219 0.0350737657958 0.0825059130797 0.200402601301 0.203558629361
-9999 -9999 -9999 -9999 -9999 -9999 -9999 -9999 -9999 -9999 -9999 -9999 -9999 -9999 -9999 -9999 1.56557104711 1.16256015197 1.28689809672 1.77631077887 1.3364526815 1.37514669514 0.742310621721 0.547836669603 0.548455754042 0.472252108622 0.352988831116 0.271058797234 0.410501689175 0.403088975889 0.452582580704 0.46027651768 0.648234375473 0.472754577333 0.0935236612668 0.105614136421 0.0963858125077 0.106157924375 0.0984975075253 0.131921457396 0.0930742237344 0.0804444475573 0.0661688105453 0.0389088331964 0.0149478731418 0.00907698911208 0.00680894796309 0.0432578582857 0.0388494790653 0.0257155147501 0.0481066845208 0.101305604605 0.0684798491571 0.0493969516863 0.0717772784173
-9999 -9999 -9999 -9999 -9999 -9999 -9999 -9999 -9999 -9999 -9999 -9999 -9999 -9999 -9999 -9999 1.38742476113 1.46484651027 1.5885364933 1.27809987357 0.961779392822 1.33471486612 1.0240214522 0.657782456911 0.516960368712 0.600630321793 0.404159414956 0.353820766832 0.368699949083 0.342209847467 0.283243245329 0.317120589865 0.317321023285 0.42020460599 0.174837739983 0.100006232388 0.128333225568 0.109934865025 0.0966031364241 0.0930943177048 0.0480056197979 0.0395515834272 0.0541389263925 0.140828369027 0.0725271576554 0.0394606283313 0.0370819680526 0.0394699305009 0.0250768879209 0.0356897905911 0.0679189785801 0.0742100613896 0.128924924847 0.144683482826 0.231466570266
-9999 -9999 -9999 -9999 -9999 -9999 -9999 -9999 -9999 -9999 -9999 -9999 -9999 -9999 -9999 0.860582097399 0.886549654442 1.02723188191 1.31009333787 1.25277718123 0.995857757919 1.04491953101 0.746973409027 0.651195470684 0.48109043991 0.53716437721 0.427455839196 0.459482748911 0.354260128274 0.409363638913 0.391428779425 0.408436745296 0.387557936278 0.213660619666 0.0936277563652 0.0596167012396 0.0708052252468 0.159234818545 0.127953502203 0.0728584335113 0.0416122128924 0.0490527496355 0.0467771440404 0.0454281823647 0.0539980307962 0.0328432561127 0.0214278709247 0.04105687035 0.0416434189643 0.073199708999 0.051362083783 0.0342574680271 0.0445164109531 0.0536864788267 0.0694921009153
-9999 -9999 -9999 -9999 -9999 -9999 -9999 -9999 -9999 -9999 -9999 -9999 -9999 -9999 1.12554202845 1.00249274895 0.944262291058 0.918181449705 0.906975122945 1.10888791031 0.876886455947 1.0412529026 0.695899530491 0.740423557785 0.48492181515 0.445975217968 0.351432431963 0.407666264336 0.442501133748 0.44173413372 0.328937851228 0.340316582243 0.187269426047 0.185858622277 0.236111191906 0.214233850614 0.0500304294784 0.0378805941623 0.0296749532323 0.0445446547782 0.0360047205142 0.0316522579405 0.027478445209 0.0324952467533 0.0193678439554 0.0144339067362 0.0259276582086 0.0511582310267 0.0690684008023 0.0471514043885 0.0415619458403 0.0408937600917 0.0502645594571 0.0483520031491 0.0484081604711
-9999 -9999 -9999 -9999 -9999 -9999 -9999 -9999 -9999 -9999 -9999 -9999 -9999 -9999 1.3977788979 1.51643995254 1.29921932435 0.898526090251 0.690755448541 0.6339878037 0.715857022388 0.909385999055 0.717626603614 0.785090343017 0.515260535361 0.398460319829 0.274177217854 0.27663174401 0.277270982158 0.447215553343 0.412113160133 0.348139191931 0.355957276577 0.283532238168 0.19925591597 0.290369148927 0.190949047765 0.271977274504 0.109974344053 0.114578167176 0.181095831428 0.158121698906 0.0481374911379 0.0410300606444 0.0370174599578 0.014063447746 0.040728879067 0.1115826996 0.136808432455 0.174334514771 0.185456313437 0.181824733295 0.117466261933 0.0928816971105 0.130133249676
-9999 -9999 -9999 -9999 -9999 -9999 -9999 -9999 -9999 -9999 -9999 -9999 -9999 -9999 -9999 -9999 1.33982529155 1.8789196883 1.94308315857 1.86353772794 1.08222429413 0.762116229077 0.883773814362 0.891552077658 0.566468328371 0.466003545525 0.20032681686 0.22092358978 0.148098649349 0.278533844166 0.292362830997 0.319533947964 0.293252457282 0.211427236135 0.23480930581 0.239401341119 0.200236235754 0.102936921979 0.204752980293 0.24443582731 0.106498426854 0.0863428609957 0.0858974255308 0.0491041771758 0.0202017611067 0.0280019075503 0.0252240388583 0.0346151246265 0.0675237154126 0.0895216837111 0.0921194448275 0.0973087957441 0.0893972855891 0.0696213342068 0.0423616219828
-9999 -9999 -9999 -9999 -9999 -9999 -9999 -9999 -9999 -9999 -9999 -9999 -9999 -9999 -9999 -9999 2.47295617044 2.20821237293 2.04562903264 1.13626039593 1.20670158005 1.16930598116 0.649999022082 0.733643596456 0.707811073973 0.648052525219 0.454907338761 0.414315857067 0.335469348131 0.361167775561 0.446697090074 0.394724169711 0.261158404374 0.236558966795 0.132115049456 0.150660140723 0.164225644229 0.22578523322 0.110647514346 0.0896611326365 0.138853917194 0.22481279171 0.0600214328315 0.0814845330076 0.124417678462 0.0239438481785 0.0079909412389 0.0178796628333 0.0571764684089 0.0368526222895 0.0284897800375 0.0292829856753 0.0238993288172 0.0298385984097 0.0324114194657
-9999 -9999 -9999 -9999 -9999 -9999 -9999 -9999 -9999 -9999 -9999 -9999 -9999 -9999 -9999 -9999 -9999 -9999 2.11124326402 1.43739852593 0.903456387805 1.17341066902 0.948631017516 0.936535774396 0.645356314003 0.566054294456 0.376943943888 0.39434282558 0.330651331146 0.316146893568 0.197193917996 0.155667714398 0.142687969247 0.185928393209 0.127867789398 0.193380650851 0.190687682725 0.107237559449 0.0964885775333 0.163245037225 0.101734399111 0.0819081103385 0.0599701864852 0.0591585513255 0.0669068107023 0.0550656834272 0.0116611164427 0.0118984011936 0.0260383859476 0.0231706244363 0.0353017900785 0.045743423438 0.0246972602205 0.0257982304329 0.0368253326578
-9999 -9999 -9999 -9999 -9999 -9999 -9999 -9999 -9999 -9999 -9999 -9999 -9999 -9999 -9999 -9999 -9999 -9999 -9999 1.02356223769 0.988339979629 1.15860913866 0.972569698237 1.34726041464 0.819015534602 0.751715581314 0.477899221881 0.373843423855 0.206660242476 0.191339075879 0.192932820392 0.231660251783 0.146192512172 0.127459609421 0.0837428922232 0.0713713859222 0.0656876573076 0.11786482367 0.103626339419 0.135688273563 0.0907456148927 0.0766499534931 0.0573617067585 0.0861029353437 0.0987726119195 0.106161544291 0.0446086696706 0.0105475730958 0.00767134297533 0.0242414557118 0.023002851458 0.0325493860944 0.0250002218773 0.0245952436244 0.0367239860175
-9999 -9999 -9999 -9999 -9999 -9999 -9999 -9999 -9999 -9999 -9999 -9999 -9999 -9999 -9999 -9999 -9999 -9999 1.75501570936 2.1366308785 2.13573578356 2.00520654129 1.14219464989 0.959341227442 0.782311723087 0.756487548395 0.59820838834 0.482229395711 0.279831977401 0.235969104798 0.0891059157587 0.140664809954 0.101444210122 0.142956537572 0.119759500838 0.163758447442 0.231843895806 0.209727345824 0.1858042052 0.173666006093 0.172898091938 0.0904631510794 0.0768472595185 0.0469376306623 0.0581110277827 0.0392243604933 0.102380995089 0.0982335532476 0.0434450203426 0.0124835418262 0.0283274356725 0.0624526011631 0.0809611535144 0.0881353938784 0.0614665053326
-9999 -9999 -9999 -9999 -9999 -9999 -9999 -9999 -9999 -9999 -9999 -9999 -9999 -9999 -9999 -9999 -9999 -9999 -9999 3.00956534359 2.71186819054 2.40689193813 1.28518990766 1.011808427 0.955970124316 0.931982823307 0.504113309206 0.686574726452 0.367640053995 0.533416804609 0.437616605159 0.426617824918 0.259457094304 0.198009898981 0.121637596924 0.0822114869759 0.0629044796961 0.0496915717289 0.0410678356584 0.0410506133141 0.0543976981743 0.102363662984 0.0562417908642 0.048948291828 0.0555445584327 0.165002981898 0.166823498834 0.0958495852385 0.0636608310346 0.0236595701455 0.00451664709626 0.0224665964258 0.0303711103171 0.0943440989073 0.0711966533349
-9999 -9999 -9999 -9999 -9999 -9999 -9999 -9999 -9999 -9999 -9999 -9999 -9999 -9999 -9999 -9999 -9999 -9999 -9999 -9999 1.77640334675 2.20179667188 1.32707336756 1.03103821625 0.713174954751 0.87343765272 0.526655471125 0.738578032823 0.801280371817 0.668261825802 0.458743896198 0.427389550686 0.16108725613 0.233836775577 0.125066262654 0.126189321446 0.129894522194 0.169176749883 0.161773137611 0.14051244561 0.0971378894728 0.163129622177 0.187122721421 0.14707163267 0.257482634954 0.197160782604 0.155616938043 0.193951937603 0.151864051448 0.0939448882309 0.0519913773042 0.0218117139187 0.00785781200372 0.00712431867303 0.0278074835619
-9999 -9999 -9999 -9999 -9999 -9999 -9999 -9999 -9999 -9999 -9999 -9999 -9999 -9999 -9999 -9999 -9999 -9999 -9999 -9999 -9999 1.94258756938 1.54624819772 1.5126965032 0.681965666008 0.588866484285 0.521281275146 0.806341859852 0.614455163581 0.554614728991 0.580396416185 0.590377576054 0.236015005374 0.160024708312 0.272792298312 0.325484075591 0.218540991307 0.128593664847 0.107759011153 0.117843619331 0.22233938973 0.248666080559 0.323435473131 0.166183030206 0.128741267675 0.0770550615312 0.127095001766 0.152116044952 0.16319644306 0.239285795083 0.495755575873 0.100471830386 0.0756464090049 0.0213157711952 0.00433039377769
-9999 -9999 -9999 -9999 -9999 -9999 -9999 -9999 -9999 -9999 -9999 -9999 -9999 -9999 -9999 -9999 -9999 -9999 -9999 -9999 -9999 1.3381334899 1.16213735606 1.17249064155 0.911338015372 1.10664058889 0.738772203772 0.60648491184 0.452411315238 0.618349632663 0.540449091907 0.458911475902 0.310093877582 0.279512372997 0.118970317215 0.173851119758 0.137230764187 0.123766373621 0.101683786597 0.186105229808 0.228182069088 0.208400223935 0.138379306455 0.133116694216 0.220623709597 0.19930714483 0.188075761259 0.178815174625 0.102360580118 0.10886902473 0.123628303512 0.0740618767265 0.0199354674682 0.0106434001809 0.010105883741
-9999 -9999 -9999 -9999 -9999 -9999 -9999 -9999 -9999 -9999 -9999 -9999 -9999 -9999 -9999 -9999 -9999 -9999 -9999 -9999 -9999 -9999 1.30809428668 1.80483722704 1.06459523416 0.985568757272 0.668432280521 0.642385490673 0.462144848294 0.467486126038 0.422791106858 0.473213817769 0.303050180672 0.343516021977 0.420838580675 0.253869773803 0.261855007063 0.216273444512 0.180676572462 0.2144217726 0.243908069078 0.111814363958 0.144286358171 0.234748334125 0.098822846517 0.0821580098411 0.0660750296196 0.096773309382 0.169215204844 0.0838048200209 0.0632739018722 0.046557630049 0.076299601446 0.0212909345476 0.00556914104012
-9999 -9999 -9999 -9999 -9999 -9999 -9999 -9999 -9999 -9999 -9999 -9999 -9999 -9999 -9999 -9999 -9999 -9999 -9999 -9999 -9999 -9999 1.42798184339 1.33421794911 0.974593563298 1.20084989589 0.810884616252 0.58180328746 0.568143445156 0.596943137365 0.445180939807 0.473864144509 0.441650835496 0.425326930902 0.26496626458 0.464134704873 0.243855758065 0.217642646207 0.304895543226 0.292842841846 0.142711921551 0.254129881914 0.149677360036 0.0973268357266 0.0892076101952 0.13385565228 0.223592760327 0.227736856875 0.0936235296322 0.0685491415096 0.0378224507558 0.0534832598417 0.0133839037513 0.0569820976993 0.0204120371874
-9999 -9999 -9999 -9999 -9999 -9999 -9999 -9999 -9999 -9999 -9999 -9999 -9999 -9999 -9999 -9999 -9999 -9999 -9999 -9999 -9999 -9999 1.36130782715 1.67364739041 1.37280364945 1.21236774834 0.822990822825 0.962477746568 0.630528884965 0.841920790478 0.552246289045 0.424535295404 0.338844096259 0.431869298895 0.512442765151 0.252694940546 0.246909981407 0.432814926808 0.332294741786 0.27402032568 0.300706231631 0.192189721262 0.112951966609 0.173175636893 0.27542173159 0.239195748349 0.247778348426 0.189785357799 0.133209790024 0.133586013074 0.223219782316 0.158315656326 0.0435731656389 0.0472116014644 0.0642649617782
-9999 -9999 -9999 -9999 -9999 -9999 -9999 -9999 -9999 -9999 -9999 -9999 -9999 -9999 -9999 -9999 -9999 -9999 -9999 -9999 -9999 -9999 -9999 1.91617419304 1.58851864674 1.27954355566 0.730256170638 0.927186244014 0.601358651343 0.752612081603 0.565232953218 0.678066087829 0.533735862389 0.70704835914 0.390612433856 0.483675872745 0.516567501884 0.386178050469 0.174159956006 0.156039743459 0.0989842138082 0.171141259699 0.29610656144 0.307296538992 0.243038938616 0.193952853112 0.080019119598 0.0681555716014 0.0708839694924 0.0816285740863 0.0612197376809 0.0911136732424 0.110496943753 0.124469324764 0.0312715381083
