data/recharge/transience/oldversion/mHM_recahrge_128.ASC
ncols   80
nrows    72
xllcorner    4374000.0
yllcorner    5656000.0
cellsize      500
NODATA_value  -9999
[rows 0 to 24 of 72, columns 0 to 56 of 80]
-9999 -9999 -9999 -9999 -9999 -9999 -9999 -9999 -9999 -9999 -9999 -9999 3.23708612283 3.39248330939 -9999 -9999 -9999 -9999 -9999 -9999 -9999 -9999 -9999 -9999 -9999 -9999 -9999 -9999 -9999 -9999 -9999 -9999 -9999 -9999 -9999 -9999 -9999 -9999 -9999 -9999 -9999 -9999 -9999 -9999 -9999 -9999 -9999 -9999 -9999 -9999 -9999 -9999 -9999 -9999 -9999 -9999 -9999
-9999 -9999 -9999 -9999 -9999 -9999 -9999 -9999 -9999 -9999 -9999 -9999 5.26539509864 3.67335506062 3.03355152977 -9999 3.46571603305 -9999 -9999 -9999 -9999 -9999 -9999 -9999 -9999 -9999 -9999 -9999 -9999 -9999 -9999 -9999 -9999 -9999 -9999 -9999 -9999 -9999 -9999 -9999 -9999 -9999 -9999 -9999 -9999 -9999 -9999 -9999 -9999 -9999 -9999 -9999 -9999 -9999 -9999 -9999 -9999
-9999 -9999 -9999 -9999 -9999 -9999 -9999 -9999 -9999 -9999 3.94382382468 3.51897276493 4.49874657224 4.70042901556 3.07008624086 2.67626936547 2.29028355912 2.36459750282 -9999 -9999 -9999 -9999 -9999 -9999 -9999 -9999 -9999 -9999 -9999 -9999 -9999 -9999 -9999 -9999 -9999 -9999 -9999 -9999 -9999 -9999 -9999 -9999 -9999 -9999 -9999 -9999 -9999 -9999 -9999 -9999 -9999 -9999 -9999 -9999 -9999 -9999 -9999
-9999 -9999 -9999 -9999 -9999 -9999 -9999 -9999 -9999 3.42630125395 3.91054521976 3.86585775465 3.57829842392 3.84501057878 3.81979318446 3.46687243921 2.85686010297 3.68397538591 -9999 4.40149741807 -9999 -9999 -9999 -9999 3.07704050813 3.33036117004 -9999 -9999 -9999 -9999 -9999 -9999 -9999 -9999 -9999 -9999 -9999 -9999 -9999 -9999 -9999 -9999 -9999 -9999 -9999 -9999 -9999 -9999 -9999 -9999 -9999 -9999 -9999 -9999 -9999 -9999 -9999
-9999 -9999 -9999 -9999 -9999 -9999 -9999 -9999 5.05099781167 4.15221306425 3.49062875731 3.70717577878 3.6866384348 3.26926883972 3.47446570918 3.2026920223 2.76861131865 2.51375104508 2.40816672585 3.22390098874 3.23103032077 3.53460271984 -9999 2.79211793696 3.8425835391 3.73834219445 -9999 -9999 -9999 -9999 -9999 -9999 -9999 -9999 -9999 -9999 -9999 -9999 -9999 -9999 -9999 -9999 -9999 -9999 -9999 -9999 -9999 -9999 -9999 -9999 -9999 -9999 -9999 -9999 -9999 -9999 -9999
-9999 -9999 -9999 -9999 -9999 -9999 4.86970076325 3.67012900909 3.30640908454 3.55834903788 4.23522177382 4.83226901408 4.31851293395 3.97370906026 3.37945904696 3.80719691492 3.124356979 2.85289864688 3.13559231358 3.16821098978 3.08790555689 3.38220401753 3.24870207308 2.86552713268 3.11846841346 2.95034810031 3.22185167388 -9999 -9999 -9999 -9999 -9999 -9999 -9999 -9999 -9999 -9999 -9999 -9999 -9999 -9999 -9999 -9999 -9999 -9999 -9999 -9999 -9999 -9999 -9999 -9999 -9999 -9999 -9999 -9999 -9999 -9999
-9999 -9999 -9999 -9999 -9999 -9999 5.08757395087 4.42064936269 3.11244608049 2.91970492728 2.98858384246 3.48157963358 3.53200817012 2.91148852664 2.96375864419 2.65240308775 2.80511234327 2.65319839397 3.03894661666 2.55440871161 2.76789732332 3.46103415968 3.03178059553 3.04235866544 2.67270620408 2.40413343988 3.24423938864 3.56187117308 3.61236106149 3.29757331242 4.3598396757 4.28092337713 -9999 -9999 -9999 -9999 -9999 -9999 -9999 -9999 -9999 -9999 -9999 -9999 -9999 -9999 -9999 -9999 -9999 -9999 -9999 -9999 -9999 -9999 -9999 -9999 -9999
-9999 -9999 -9999 -9999 -9999 6.09611042538 5.34395148174 5.26521853891 4.80384729528 4.82274793536 4.58524319006 4.07269078618 3.23428856788 3.39674313131 3.55683331951 3.64772705534 2.80319452989 1.90619464739 3.02003300342 2.61611542561 2.78983535213 2.63121515032 2.78352288809 2.93042768505 2.87458531634 3.12780220245 3.10075637638 2.87177745097 3.39015357291 3.26363718168 3.1073805 3.37038067214 2.85873158238 2.68692826238 -9999 -9999 -9999 -9999 -9999 -9999 -9999 -9999 -9999 -9999 -9999 -9999 -9999 -9999 -9999 -9999 -9999 -9999 -9999 -9999 -9999 -9999 -9999
-9999 -9999 -9999 -9999 -9999 6.18087425207 5.74028233969 5.78767713767 5.16175870545 4.67145428268 4.64217714507 5.03654321567 2.9692185376 2.54597369146 4.83460163449 4.98265616917 2.8555907332 1.27391524974 2.43148795345 2.46428232977 2.80003575976 2.96799155259 3.43796865262 3.22960111865 2.89248103501 2.27320398687 2.56567478865 2.21518505911 2.66537584933 2.60675580531 2.43965351287 2.51720549193 2.71954340793 2.52773381775 2.52247359697 2.40963559224 -9999 -9999 -9999 -9999 2.5066399097 2.20984080477 -9999 -9999 -9999 -9999 -9999 -9999 -9999 -9999 -9999 -9999 -9999 -9999 -9999 -9999 -9999
-9999 -9999 -9999 -9999 -9999 5.65426807196 5.30233000519 5.25570059296 5.48167350454 5.88720346751 5.50038984695 5.1899907903 4.68461637468 5.4772797772 5.40676488756 4.01769249986 3.23776770002 4.57580997724 4.06677229929 4.56993479107 3.48548526241 2.81968372558 2.58021011867 2.41401149694 2.78607078788 2.56351043234 2.44011238541 2.04841044884 2.75912140121 2.39398315569 1.56403189473 2.13693225595 2.66403417395 2.36063039994 2.18201280942 2.5763088149 2.45876976592 -9999 -9999 2.41844545 2.63890660594 2.48538283299 2.7128479033 -9999 -9999 -9999 -9999 -9999 -9999 -9999 -9999 -9999 -9999 -9999 -9999 -9999 -9999
-9999 -9999 -9999 -9999 -9999 -9999 6.55623295095 6.54285300837 5.97050188683 5.63233626239 4.95556582677 5.52902410899 6.0656743032 6.83383358085 3.99591350375 3.50090718814 3.60623655047 3.42414945235 3.09733710691 3.07329804244 3.23218872514 3.44970239274 3.06113047863 3.4283937027 2.86623657491 2.45888251899 1.8469913869 2.13364506062 2.03729467145 2.17465800675 2.04173041913 2.42860961116 2.07033240308 2.17140919134 2.23740849783 2.3096323905 2.10909944709 1.91069349352 2.26704214792 2.16442549614 2.06803841754 2.67765959482 1.89472298629 1.60236513891 -9999 -9999 -9999 -9999 2.49307377409 2.14368011545 0.513605980295 -9999 -9999 -9999 -9999 -9999 -9999
-9999 -9999 -9999 -9999 -9999 -9999 -9999 5.71976779606 5.37094262709 6.23537140097 6.24579787157 5.57824018951 4.53254434363 3.54408206034 3.55288110936 4.82035873621 4.90110994726 4.82499005273 4.64689338476 3.727084117 2.94709552002 2.97611848 2.82206104492 2.86569247219 2.52864303064 2.16291347016 2.07834797207 2.18201857577 2.24349808414 2.05910245955 2.07568561378 2.04932177549 2.16042413176 2.00879820635 2.40046364851 2.37117817197 2.39750873338 2.29095966133 2.19207713606 2.18443921099 1.70018295304 1.68156567823 1.80898346494 1.98059322708 1.70555778962 1.93481539641 2.11957253492 1.74674400316 1.68586006794 1.63879884315 1.32077810941 0.903696658496 -9999 -9999 -9999 -9999 -9999
-9999 -9999 -9999 -9999 -9999 -9999 -9999 -9999 4.8932251578 4.58772974451 5.35053692891 6.01485392785 5.38299442171 5.86403667525 5.6717790991 5.1025776251 3.82320305646 3.85114215298 3.10974084619 3.63391694393 4.6902574548 4.45560124886 3.63500834023 2.6300667618 2.35884450576 2.48892363913 2.08016283393 2.11814304447 1.67797613196 1.35230991843 1.75859231395 1.76609996328 1.77204272427 1.64200709524 1.79545870342 1.94690007548 1.98204823648 2.12104656805 1.82244096531 1.840598222 1.87413330503 1.80991860047 1.63526709066 1.45534297919 1.38829304711 1.226841539 1.42365499435 1.21064848241 1.10702462301 1.19185738644 1.14761966096 1.22787301335 0.981759864658 -9999 -9999 -9999 -9999
-9999 -9999 -9999 -9999 -9999 -9999 -9999 -9999 6.1843168256 5.34099238703 4.87689075233 4.92024341712 4.8229760777 4.77852805343 4.08497988144 3.95897207175 3.61149654493 3.95894009669 3.64045101846 4.02186658701 4.35203938983 4.32888729023 4.45285348147 4.75773551948 3.3611465837 2.02770060088 2.76931110083 2.67767455837 1.87913938495 1.52400317748 1.35691834357 1.56994111563 1.38533439937 1.54052028511 1.86706880258 0.897752016979 2.24623085452 2.00844419435 1.81592075003 1.76391501032 1.6652607791 1.62912302384 1.49044267627 1.48461597704 1.23297245258 1.21381335507 1.39987111059 1.25400374844 1.18239076917 1.23562394716 1.20636701192 1.21548798006 1.1858305989 1.44944584139 1.1729803905 1.29728958521 -9999
-9999 -9999 -9999 -9999 -9999 -9999 -9999 -9999 -9999 6.75571858443 5.92933766019 4.62503670863 4.82659088595 4.64170818047 4.09350100102 4.07960834056 4.63834109366 5.03683894579 5.13258597511 5.16104686179 5.02607596267 3.70371856281 3.93307345572 7.15569862397 4.62545503125 3.77221790967 2.23242971124 1.77820275239 1.45635600049 1.7834248267 1.68163042639 1.71928427431 1.61337463281 1.29436118378 1.36268473988 1.46152400212 1.83109453507 1.67326650274 1.47320631117 1.49990303606 1.36543328906 1.42497719943 1.1030545714 1.65910192389 1.14533458093 0.875663818452 0.76071659475 0.767311190057 0.873712415185 0.856085554863 0.915835617091 0.869529009943 0.93740270942 1.10792206285 1.25732208479 1.01863678452 0.810698011509
-9999 -9999 -9999 -9999 -9999 -9999 -9999 -9999 -9999 -9999 5.04151727279 5.11046714673 4.6590902164 4.66017624616 3.68662862188 3.23648945222 3.55845738238 4.62205905572 3.97309062982 3.30621107237 3.0506652864 2.98412288247 2.44429991998 3.26881314888 3.01432876148 3.88589759147 3.13503832058 2.25644087318 1.24151475467 1.74440622792 1.62421745894 1.63778217539 1.81236032706 1.54112106215 1.95709587155 1.73011804247 1.76015006995 1.67561841348 1.49283191187 1.50761662924 1.47907980548 1.43608928689 1.04164519187 1.33345833506 1.95133017184 1.75231797472 1.44421304944 0.944688366087 1.00113620838 0.97346088698 1.12157718806 1.0607041533 0.885322027334 1.06186344038 1.00514569718 1.00456184935 0.79591313084
-9999 -9999 -9999 -9999 -9999 -9999 -9999 -9999 -9999 -9999 -9999 2.2815628288 2.27721518972 4.21513825895 3.69389609229 3.17878464171 3.6456451944 3.58475171683 2.98257209598 3.39320568416 3.75157440068 3.67137511653 2.73174118463 2.06649249793 2.14226750067 1.412847331 2.0125693969 3.60362618824 3.25749831137 1.56740590145 1.07761628323 1.45274796524 1.39520085297 1.55133147662 1.42991996452 1.23775576872 1.45175252834 1.43457055561 1.41145303983 1.41002435935 1.38538748912 1.13300343831 1.11622007715 1.04542255534 1.01138913403 0.817647882371 1.02038945628 1.39310941271 0.993887028628 0.911275559542 0.875888706236 1.13617585104 1.19722292862 0.990652123234 0.83355650892 0.854348069915 0.733524640414
-9999 -9999 -9999 -9999 -9999 -9999 -9999 -9999 -9999 -9999 -9999 1.69320825538 2.49067491619 3.71576579856 4.00584706439 3.6076443525 3.0091821511 2.74951141384 3.27282379908 3.32494331936 3.25908694546 3.82363186458 2.50003961147 2.38652324869 2.24304369845 2.81984069683 2.5954311096 2.80229945732 1.8504579484 2.22768608046 2.50438147059 2.09108216495 0.863520386568 1.18936094445 1.33450491389 1.3381737713 1.44181598117 1.48344225039 1.35032902963 1.29614558637 1.30700546055 1.39264308873 0.947439346169 1.02017242474 1.08205788132 1.32187576453 1.96322626913 2.35302607126 2.14843618378 1.30122320017 1.45332510637 1.33155961465 0.914308580479 1.18951943764 1.15581484024 0.974635396012 0.89850993123
-9999 -9999 -9999 -9999 -9999 -9999 -9999 -9999 -9999 -9999 -9999 5.72940767823 5.13185846253 4.77323077652 3.42400686965 3.57411170085 2.95128482393 2.24422424691 2.26021631441 2.65347634134 2.73084991693 2.82426983582 2.52136810837 1.99871609273 1.83324637691 1.79621354089 1.67261270607 1.61535686315 1.67627027023 1.70939168352 1.63395512982 2.33716603251 3.13774697347 3.15126739694 1.31746584716 0.432834970254 0.770581534134 0.56990929263 1.11752925547 0.758211116684 0.659432463876 1.25589059247 1.23472345829 1.47360394623 1.70457315157 2.27123924793 1.712337468 1.46228319258 1.49185719562 1.5235933949 1.12759926017 1.35593447214 1.52405486024 1.82071945939 1.55252468222 0.859089529264 0.692089277627
-9999 -9999 -9999 -9999 -9999 -9999 -9999 -9999 -9999 -9999 -9999 -9999 3.92825315242 4.55790002032 4.26029177663 3.59379642709 3.16250159497 2.82449073458 2.42668850203 2.90058296505 2.86397336212 2.62396655436 2.53052029374 2.57289080715 1.95762974118 2.02764188482 1.72349819869 1.82020688681 1.65931704897 1.53529783235 1.48412548553 1.60130473475 1.37391657059 1.4307581693 1.79590686253 0.694202382842 1.10626437644 0.542398368225 0.767997670679 1.33049235526 1.41765243978 1.17170291876 1.67075676283 2.03840618782 2.05980377028 2.08735232903 1.73231896582 1.49234107821 1.05050051923 1.2712039932 1.08022986863 0.796972030614 0.671217018119 0.67658723016 0.649957640704 0.717857047116 0.305898304551
-9999 -9999 -9999 -9999 -9999 -9999 -9999 -9999 -9999 -9999 -9999 4.9698507453 4.86976107199 5.14145971619 4.76858959509 2.26216394769 2.73954853476 3.31960963818 2.70356258075 2.97321951525 2.29651110119 2.23574876998 1.96123871126 2.04109568615 2.05536187875 2.00432573844 1.62815092189 1.54850846384 1.54819120596 1.46261049906 1.29829310272 1.38323237541 1.21541060354 1.19239954809 1.26796244273 0.994685542131 0.993171356832 0.324710763246 0.268598517955 1.10893394203 1.26717355959 1.05067994948 1.90286462021 2.33069734206 2.76008743433 2.70542273829 2.27564778142 2.26502947721 1.57770236667 1.55779200576 0.986345472612 0.560972317713 0.503564737577 0.509372795129 0.481362207331 0.550757690619 0.929268201219
-9999 -9999 -9999 -9999 -9999 -9999 -9999 -9999 -9999 -9999 -9999 5.24570726758 6.18080603956 5.82999617515 4.47404150453 2.61249291353 3.57425290035 3.50409534874 2.9684183351 3.08803097467 2.44517402265 2.39148073529 2.14607382802 2.25555691024 2.21815352523 2.27267403173 1.04072306359 1.32062857893 1.71995567637 2.51562168645 2.10873078335 1.43224201532 1.17922475695 1.19407371231 1.2129590253 0.780902508885 0.473057258232 0.983339958901 0.376976677041 1.04927217818 1.00151382669 1.21918944637 1.46341608919 1.50899431171 1.42788585455 1.28761572636 1.55346849882 1.65393214868 1.48255268923 1.56380558059 0.909087460112 0.987601153585 0.843868685795 0.767343350931 0.726520482739 0.649725972909 0.485648141583
-9999 -9999 -9999 -9999 -9999 -9999 -9999 -9999 -9999 -9999 -9999 6.52636501198 6.46823443557 5.41930155979 5.22278500267 5.02785516832 3.42447524367 3.82418974685 3.57406382228 3.92401670598 2.01545186693 0.991055295158 2.61563969079 3.63681086339 2.65991816295 2.65411885347 2.86156479983 2.51735146856 1.81998370926 1.48915576778 1.45400616964 2.19838481425 2.18511362986 1.96399734704 1.39229873337 0.526032115299 0.182725349117 0.102632766159 0.349075679431 0.508561793221 1.28995802743 1.58924195484 1.3398819452 1.01902619335 0.953126509855 0.976841603064 1.0488142714 1.08371418361 1.13109302864 1.06039861725 0.907661441218 0.67138661753 0.578427281968 0.555868462182 0.547747135389 0.619034955076 0.797938784786
-9999 -9999 -9999 -9999 -9999 -9999 -9999 -9999 -9999 -9999 -9999 -9999 6.67638909338 6.30541676687 5.32859348425 4.62680018417 4.1397008648 4.27915547036 3.64944857137 3.87708675777 3.50223258031 4.17890429761 2.94496178228 2.47261829201 2.41503554073 2.36205769676 1.8561050297 2.01021687021 1.73679461348 1.44113715025 1.11443789417 1.26778112776 1.11100601497 1.25382846235 1.21683710595 0.496947244624 0.267529264544 0.150381592189 0.521396678475 0.988606992208 1.29842988756 1.14158987003 1.18216916796 1.06869889224 1.0741448887 1.05954828025 0.909770466016 0.970776616824 0.962781845486 1.0196421762 0.889813646779 0.335820699844 0.363178285581 0.840552958029 0.597914124724 0.633763437934 0.576894455635
-9999 -9999 -9999 -9999 -9999 -9999 -9999 -9999 -9999 -9999 -9999 -9999 7.43703833983 6.29929258674 5.31253996093 4.79217456089 3.97950223601 4.30394494254 4.0571792669 3.5065776969 3.68589254254 3.32920279732 3.18560047385 3.78995294531 2.91384132726 3.27755428736 3.41112354532 3.06830939684 2.35859893582 3.09358671343 2.3076652314 2.49786827448 2.67963509143 2.52262156905 1.42665995928 0.521822714205 0.274778897389 0.628161642398 1.26982415215 1.10751770724 1.62771764648 1.11560094218 0.952474274349 0.943543394908 1.02070864805 1.03591600709 0.864989350396 0.788960537263 0.745595970663 0.865206648075 0.835433763035 0.58288819563 0.665940633473 0.333663050145 0.255517330144 0.35798683148 0.276211835756
