data/recharge/transience/oldversion/mHM_recahrge_143.ASC
ncols   80
nrows    72
xllcorner    4374000.0
yllcorner    5656000.0
cellsize      500
NODATA_value  -9999
[rows 26 to 51 of 72, columns 0 to 56 of 80]
-9999 -9999 -9999 -9999 -9999 -9999 -9999 -9999 -9999 -9999 -9999 -9999 -9999 53.5659744687 51.9373575197 50.7127077739 53.4748026473 54.8104725356 52.9374327319 52.0165498973 49.3058768939 48.8264456814 47.077769674 40.5705468442 52.4752467637 53.9849273588 52.8724015672 51.0499319419 49.3127113034 50.0587477327 46.3379615119 45.8971207752 44.1853559599 60.0842790218 44.5508799017 27.0890126893 46.3283754231 48.0093723567 41.2292019557 31.2563133338 28.3548643174 34.1841410362 27.1280526863 32.1781624771 33.4558273634 38.122131753 37.7177707305 37.1601521002 31.6538732487 23.5781954523 20.4859889868 21.2663609847 21.6952555059 25.0836116457 20.142168942 18.1965970632 18.0321757363
-9999 -9999 -9999 -9999 -9999 -9999 -9999 -9999 -9999 -9999 -9999 -9999 -9999 -9999 53.4688611233 51.278587967 51.1522924633 54.9113237696 52.9150256155 53.4228070235 51.3394762909 49.4057568287 48.1852474285 49.5795792823 52.8897632524 50.7054042059 49.5369077324 52.5865014649 50.6192728856 48.6012310374 47.3843392758 46.8566904483 44.8403884721 61.5038104157 49.1277849324 40.6370349793 49.7171265797 38.8407323754 31.6582541519 30.9031626263 30.1910804565 30.7930975765 32.3891865748 29.139923818 23.947904102 26.0478552124 22.2057445199 23.2949855681 20.1885300353 22.7729274742 22.057045393 18.5689723171 17.2517381796 23.1888520426 17.3917430026 26.0892633349 34.5522497679
-9999 -9999 -9999 -9999 -9999 -9999 -9999 -9999 -9999 -9999 -9999 -9999 -9999 -9999 15.1838918048 34.7158960708 50.9240136552 56.3029972037 56.3423578877 55.4050367766 53.6746029439 50.8740441208 48.9530486651 48.3249852781 48.4985160069 51.6260604188 50.0710774415 47.8367587334 47.8930865891 50.1047725848 39.2299226437 22.426482293 44.3315660365 48.6197204298 49.6027073438 29.7087436128 47.9967869165 30.9125010278 30.1130946655 30.143221149 29.0837649512 29.8859919964 27.8388874483 31.8717346878 28.5855087974 25.7329519582 22.0031879645 19.7129716918 20.7271886046 21.940144318 24.0834285174 25.928669925 27.2998071639 34.2405931198 35.4239652837 35.4773760409 46.5899840191
-9999 -9999 -9999 -9999 -9999 -9999 -9999 -9999 -9999 -9999 -9999 -9999 -9999 -9999 23.6389985223 35.3417336561 51.7011477385 58.4723128666 54.8328307535 54.5455147735 53.4493062286 52.614899196 50.9743326512 49.5468494562 49.5558764729 49.2569530742 48.2017757578 48.3000658131 47.5134059788 47.6255525586 45.9039898722 43.9375969312 44.4179276891 55.0463787746 59.2398510041 24.5386946815 32.9583370924 41.2394610426 17.4873300634 27.7846299298 27.0127827993 29.0562773907 25.888818559 26.4308588832 24.0001337032 26.0676081982 20.7943537963 24.9333078974 31.1878366659 35.0029956423 34.3180776754 26.1282468019 32.2215374268 29.2730420708 27.7181861569 31.8918849923 29.3995400131
-9999 -9999 -9999 -9999 -9999 -9999 -9999 -9999 -9999 -9999 -9999 -9999 -9999 -9999 54.6988528948 53.1020149687 51.0714724424 53.0776482251 51.3855277088 52.0228334096 51.9878897112 52.2791680821 50.6057650415 51.3543424845 53.1743094051 52.6713660263 49.6893771616 48.6612702952 47.4252156075 47.746469362 46.6459974992 46.5860121652 45.6096581379 33.5867052082 25.2637150708 25.3396919313 23.8568318482 46.0023368767 22.0828861095 29.6561689631 35.2063874362 27.2201591777 22.4348560044 23.480824433 21.3048695485 23.7714212144 32.5494569565 37.9431372795 51.1001709744 53.4026264351 45.9614843937 47.9873934591 39.1817692049 35.8271102936 31.6542944938 29.4058094514 31.5628116126
-9999 -9999 -9999 -9999 -9999 -9999 -9999 -9999 -9999 -9999 -9999 -9999 -9999 -9999 -9999 54.1573441591 53.1440716946 52.9275272468 49.5496845646 50.4204138829 53.859714668 54.8107230404 50.2849878588 50.7972850417 53.8044059409 51.0663251699 48.5865285746 48.0009263205 26.2510899397 46.5705397044 45.6920959056 45.6211903108 43.6282502884 29.6921863229 25.4491286511 25.4801707804 24.2289323143 24.1795442573 23.4212693138 23.355138318 22.2041717678 32.4477747577 21.4413546585 23.4345630513 22.6180899826 24.2419115955 20.0408144924 21.0422152749 29.6784508603 32.2874733495 24.1899754701 22.5894335989 28.3158555466 34.5363530039 33.730632946 33.5677417088 32.305220243
-9999 -9999 -9999 -9999 -9999 -9999 -9999 -9999 -9999 -9999 -9999 -9999 -9999 -9999 -9999 -9999 52.4828775237 54.7726591151 49.5627193507 51.2891479553 52.3973195532 53.7902471016 50.8397370906 54.1896541493 54.7063639611 53.4919233659 52.2025731627 45.1347755083 25.5190937361 40.7700320366 46.3927456945 31.1075217361 20.6720018764 13.9412561048 25.7170450865 25.9364673042 25.2404431987 25.4071060072 24.814565618 32.7212260885 58.9000206113 57.3308118391 50.8266570665 32.9559322719 20.3755894516 17.1221147544 14.6383020218 29.9903889748 24.2922544584 20.6463835709 25.4795742202 31.3496611904 28.0004262051 25.2889348019 27.4310740792 25.8071831184 24.8134098364
-9999 -9999 -9999 -9999 -9999 -9999 -9999 -9999 -9999 -9999 -9999 -9999 -9999 -9999 -9999 -9999 61.0304237357 56.7406141852 51.6954298661 56.4460358356 54.3357893546 50.9213684443 50.2833621792 53.1427005334 53.9064157616 53.789382167 51.9667022162 50.9896350651 26.9790067632 39.290182835 29.1885765375 21.0476662406 24.0296711348 16.5403415478 23.7983258584 25.7648602105 30.8947113444 25.4277375534 24.7669543235 27.1139661128 54.289852789 43.8090384984 52.9094956461 51.8341355109 38.6369172201 29.7941880812 31.4994388177 31.9231249074 20.078347064 23.5805617851 28.250614444 28.9418728562 32.7559799092 33.5641929278 35.8045589496 31.8116534333 24.950040952
-9999 -9999 -9999 -9999 -9999 -9999 -9999 -9999 -9999 -9999 -9999 -9999 -9999 -9999 -9999 56.1423015938 56.6025520161 57.5378766152 58.9940997739 57.2444509838 53.8306647682 50.6811999069 49.3968198888 51.8706404912 53.3805496783 54.3681097441 52.4497028584 52.1540227163 35.1441969497 44.1137298949 46.1910866209 46.6044062918 46.4284956189 38.4592728002 41.939386608 61.1778121359 54.8793646298 51.04115577 44.752451864 26.5486317648 49.401619244 49.8813193175 40.6859166076 40.2652705263 38.48441639 31.8291799254 30.2613054295 29.4261715684 27.5354034919 29.4093333788 26.2011126999 22.7207437346 24.6463002452 26.2781630543 27.8749932891 28.3000467587 28.9682865156
-9999 -9999 -9999 -9999 -9999 -9999 -9999 -9999 -9999 -9999 -9999 -9999 -9999 -9999 59.3845618636 57.6653197117 57.0414147834 60.0219011138 60.1412543904 57.8967074766 57.6770614675 55.8819977027 52.9122956879 52.448076343 51.2580650934 53.5855649447 52.1157965643 50.2860666865 46.7416367522 47.0633670083 46.0827146668 46.8373848702 46.195436149 46.7583556037 44.7977570457 65.3152417122 55.470643144 47.6632110043 34.2188686301 49.1874859997 49.5701450374 35.8543105907 33.2846453524 35.5380689131 26.1208795737 23.6448649883 33.3299707767 32.9300013734 28.8894544727 25.9832350591 24.4688186452 24.3231883821 25.7191653921 25.3505578443 24.780784949 25.7158510665 24.2921540141
-9999 -9999 -9999 -9999 -9999 -9999 -9999 -9999 -9999 -9999 -9999 -9999 -9999 -9999 57.942149723 58.546336873 57.2151782269 59.7419768314 57.4581986512 58.3214660827 53.8646275516 54.6804059945 52.6534552652 52.1407832476 50.4388047422 52.278949764 53.3664249811 53.148615485 50.1100094463 47.8641919636 47.3749692814 49.8652495559 46.3079029753 45.3262945717 41.5164098153 53.7990105921 66.3949456489 69.9559612145 57.7075095245 58.2087409541 61.317882006 59.9119109597 41.6765874645 39.5294078869 35.9564864964 25.7602592193 34.3665592025 40.1010157706 34.7368361894 36.9454113734 36.3981743116 36.3331284485 32.4591905398 30.8044757338 32.1689245982 31.6790817315 27.8537246746
-9999 -9999 -9999 -9999 -9999 -9999 -9999 -9999 -9999 -9999 -9999 -9999 -9999 -9999 -9999 -9999 58.4661303785 60.5966549367 60.3039166863 59.7522018951 59.0422083414 54.7986833337 53.421225387 52.9441275678 50.965259085 54.7146567137 50.311862283 50.8855089751 48.0638350485 51.4870408848 51.174439475 48.3586254449 45.5978930672 43.9715499096 43.2418374242 43.3492099416 52.258788993 57.3030462995 60.3434954362 54.3128666978 44.3881756414 45.9680214309 52.3061764682 50.8361928835 29.0833391284 32.5901063132 28.9580876408 30.8993015773 29.5925614088 32.7096404555 31.9203670259 32.3096735692 30.4860610232 28.5533253808 23.4352559073 24.2946018308 29.5834840443
-9999 -9999 -9999 -9999 -9999 -9999 -9999 -9999 -9999 -9999 -9999 -9999 -9999 -9999 -9999 -9999 60.9684285968 61.1524646904 61.4063229301 59.5871233425 58.2874176732 58.6098614217 52.4757274459 52.3757964376 52.0452587825 55.7616891038 52.8885115417 52.7060231882 50.931711661 52.1215577053 52.0790336645 51.7631078587 49.0623241629 45.6563776524 40.7865562541 41.5946752873 41.1224789685 42.7015550925 37.9373460861 36.6729897497 38.4222851125 41.5511407507 28.9949628655 37.0055286382 47.5766791623 32.9944092368 21.1326601552 28.6485664583 29.3960841165 26.1242589152 22.564487039 22.8040640639 19.201757442 21.1904053864 20.0541011114 20.1363814279 19.9431366358
-9999 -9999 -9999 -9999 -9999 -9999 -9999 -9999 -9999 -9999 -9999 -9999 -9999 -9999 -9999 -9999 -9999 -9999 61.4160275353 60.2203693813 58.4008351568 58.4360750531 56.4959034069 51.707240307 51.4480438405 53.938931696 52.3895711274 52.6428354647 50.956130904 51.7038457105 48.8518029625 47.3762199977 46.1441767406 46.6294853433 40.5417157001 42.9197733129 41.9112055168 38.4844842288 36.6601613327 40.9823326231 36.1742007402 34.5214586489 32.978095018 32.876975984 29.189604103 35.4053598111 23.9497613621 24.2134765334 31.2615143651 24.6325188056 23.4865357507 24.1604039162 19.5377599732 19.9515550094 21.2031473422 22.1486223944 21.1070745932
-9999 -9999 -9999 -9999 -9999 -9999 -9999 -9999 -9999 -9999 -9999 -9999 -9999 -9999 -9999 -9999 -9999 -9999 -9999 59.0107230975 58.9367138674 58.7712310553 58.2973089628 53.7568621446 52.1012902636 51.8093060671 50.3698918591 52.3982927621 49.3300742851 48.9169682972 48.1469526623 47.4132253594 44.6466561106 44.4809788746 40.0535939254 39.4644551174 38.7013045867 41.3940724635 37.6824547878 39.4320915316 35.3099396384 34.101944265 30.5105376972 33.7526641197 32.5447833427 33.1806069175 33.2362330721 24.7512552375 20.8586816354 31.1421233044 25.935974481 23.4232250609 19.7158626842 19.5737094711 21.5627916274 20.9121324312 17.8441217326
-9999 -9999 -9999 -9999 -9999 -9999 -9999 -9999 -9999 -9999 -9999 -9999 -9999 -9999 -9999 -9999 -9999 -9999 59.2845352114 59.7433158127 60.2267394767 60.0395809191 57.9464214914 53.966018913 51.7494175289 50.524615105 46.2245698908 51.9097001519 50.732899051 50.0789922112 37.7704425171 20.5997278378 43.9910213101 46.5953715754 44.7837512108 46.5800037171 47.7307850997 47.3346142949 45.2288550854 43.9587759561 40.1060487761 35.3103394354 32.5793570355 30.3917049792 30.5503338408 30.5593123851 30.9004419094 44.6551563114 36.8481156288 24.7279147034 32.9146685336 36.7749972215 33.7584149399 29.0808171418 25.4228942571 23.9576218776 22.3036226903
-9999 -9999 -9999 -9999 -9999 -9999 -9999 -9999 -9999 -9999 -9999 -9999 -9999 -9999 -9999 -9999 -9999 -9999 -9999 61.4594761403 61.15001917 60.921776378 58.1547092387 53.8052909973 52.4363862628 51.7473314243 48.3692468715 46.6432588824 51.9327830239 52.6168705478 34.8285913465 35.0601041366 51.7365831763 48.662690254 43.4500112916 42.1639890229 39.9812070362 38.055293855 35.4919966507 35.5300247003 33.9588400787 36.5859709486 36.3499992459 31.0178690024 27.0678596637 40.2790988279 35.1531054549 33.3912797763 40.3933381547 32.2075640227 18.0530845003 37.6707375944 35.3647516094 21.715516513 36.8523888165 21.4081176568 18.1880984766
-9999 -9999 -9999 -9999 -9999 -9999 -9999 -9999 -9999 -9999 -9999 -9999 -9999 -9999 -9999 -9999 -9999 -9999 -9999 -9999 61.4042127129 61.4749211675 58.0666290542 57.1210904428 52.1218792648 51.6723535029 48.3902407432 46.7415671218 47.3319600432 47.3578137902 47.2395198323 47.389130312 51.5284506509 41.2598829396 35.1023498355 42.4986220898 43.5585862017 43.5437419091 42.9879866881 41.2464384666 35.6376013682 38.9552249636 39.152935038 37.7374007997 39.935496824 38.2949744181 34.6465129157 36.1203552599 34.8700240741 42.0364368879 36.1882991933 27.4916420063 18.4976053586 23.9551295345 36.3720858099 20.9715905552 20.6233220689
-9999 -9999 -9999 -9999 -9999 -9999 -9999 -9999 -9999 -9999 -9999 -9999 -9999 -9999 -9999 -9999 -9999 -9999 -9999 -9999 -9999 61.4294985581 59.2199293002 59.0892772154 51.1901621874 50.9047239227 48.1838305404 48.0096225076 47.7125592815 47.9406167522 44.9094567715 48.2846447553 53.3682018425 31.9232262347 49.8892102574 49.3846990657 43.0500195504 39.8433363444 37.7464932483 39.0076174958 41.0578773997 41.5455424474 41.9129324735 39.4822131035 36.0069762235 32.180944107 34.1095245875 35.3684120625 33.8477100498 36.1934016563 32.5387024448 31.7339903816 30.1255738209 27.1331829508 13.1742637954 16.1439399074 17.3643764425
-9999 -9999 -9999 -9999 -9999 -9999 -9999 -9999 -9999 -9999 -9999 -9999 -9999 -9999 -9999 -9999 -9999 -9999 -9999 -9999 -9999 60.1385767552 58.6900512017 58.2576421914 53.6224134284 51.1341321445 49.8415172119 53.295724307 53.1783939179 46.2538385179 21.4184306047 44.6789064208 54.9749287661 51.2816682485 43.7782808702 42.9998285284 40.4974491927 41.0216892413 39.4566999083 40.8892676663 41.1268126849 40.7154900393 37.2089092138 37.5499025351 39.4663113086 38.8299935324 36.6977068089 36.3916148238 29.6792241335 30.6417428237 24.8097460856 18.1186115539 28.5924199709 20.072505843 19.7275516698 14.1412408267 14.4674948327
-9999 -9999 -9999 -9999 -9999 -9999 -9999 -9999 -9999 -9999 -9999 -9999 -9999 -9999 -9999 -9999 -9999 -9999 -9999 -9999 -9999 -9999 59.1271091881 59.4750506211 55.5162542106 52.0553186512 49.8777871948 55.0529771759 53.1928365339 54.0870676304 53.2504486969 53.4655844157 51.6377007748 48.9609477135 47.3824762722 45.2630841593 43.7279958759 43.1699615326 42.4241898315 41.6310160416 41.9629242895 37.61773639 37.6192182591 40.1816231496 33.8052579639 32.442218495 28.4086975255 31.963850607 34.2256257754 33.0754083164 13.2552290167 22.4700937168 46.3234588528 28.6159682919 15.1042955257 13.4873765504 14.2440625169
-9999 -9999 -9999 -9999 -9999 -9999 -9999 -9999 -9999 -9999 -9999 -9999 -9999 -9999 -9999 -9999 -9999 -9999 -9999 -9999 -9999 -9999 59.7722254013 59.0494164773 54.8241483064 52.3125265532 51.1051653597 55.2139788579 53.7609968784 54.3956646669 52.7729500033 52.8800512159 51.6048780632 48.311650799 45.4154957056 47.5964280978 43.9751792796 42.6804260571 43.2245780245 43.7245065374 39.1582375849 42.1716407479 37.8080024098 35.0372223942 32.6929617266 36.0943943178 36.9428058619 37.9490335515 30.3057563915 30.3174235853 28.1142162215 41.8079755899 24.2270896577 37.858922545 26.0571594265 24.139946417 18.8843101107
-9999 -9999 -9999 -9999 -9999 -9999 -9999 -9999 -9999 -9999 -9999 -9999 -9999 -9999 -9999 -9999 -9999 -9999 -9999 -9999 -9999 -9999 60.3797111464 59.9981691344 57.2859956556 52.8782295238 52.8415133935 56.4348993305 54.5021367552 55.9019868879 54.1681454415 53.4306873403 51.7567283173 49.7286341311 48.6938964572 45.9053735649 44.4092593824 46.7941117167 44.7832049492 44.0274687169 42.6135173863 40.3382089167 35.4003387882 38.0343281029 39.1131502073 38.92489132 38.4801077375 36.9125906722 32.5281089284 32.5599609483 34.112168259 31.9303560324 34.8411948807 37.0393840013 37.2886468241 38.7239285515 26.6327214342
-9999 -9999 -9999 -9999 -9999 -9999 -9999 -9999 -9999 -9999 -9999 -9999 -9999 -9999 -9999 -9999 -9999 -9999 -9999 -9999 -9999 -9999 -9999 61.0516080791 56.5920955171 53.3376167135 52.9914329763 56.0141502419 54.3992234733 55.4526694677 54.0524955717 54.7223974505 53.1412465868 52.3359139114 47.7650152655 48.5288073756 47.3669747327 46.3446471373 41.5593830291 40.3681120452 36.1740610074 39.628697668 41.2119040529 41.0189439987 38.6164892021 37.4341044029 30.5737156839 29.2846042346 27.7633793961 28.9079112183 24.8453891573 27.9952742637 29.6392717839 41.6820487604 30.0358010289 22.8791521956 29.926171991
-9999 -9999 -9999 -9999 -9999 -9999 -9999 -9999 -9999 -9999 -9999 -9999 -9999 -9999 -9999 -9999 -9999 -9999 -9999 -9999 -9999 -9999 -9999 61.153004541 57.9318308699 54.3533297837 52.2609058162 58.1649465264 55.906130474 56.0200831076 55.5013380594 56.0258204228 54.2510212503 54.0000735609 49.8203075679 49.0680659164 46.8138691536 45.5236386392 40.4910865305 28.9354844142 46.2450709718 47.5069342745 46.5357592993 42.447146103 35.3038448079 36.2118236309 36.3470359726 38.0026378728 34.8550067259 34.5296553479 34.805455969 35.2300192246 29.3903738323 25.3542556242 24.9412604281 30.2482825291 25.0668779601
-9999 -9999 -9999 -9999 -9999 -9999 -9999 -9999 -9999 -9999 -9999 -9999 -9999 -9999 -9999 -9999 -9999 -9999 -9999 -9999 -9999 -9999 -9999 -9999 59.0332486254 54.7943914359 52.7020268442 54.0458861746 56.1383248634 56.0383420057 51.5259085113 39.223904881 47.9208943527 54.1786412142 52.626725367 47.7648386591 44.4207623132 48.4704407298 47.2131682464 46.9074859856 48.7938937476 44.71397124 40.0141500275 39.7734760051 39.2096870817 38.3442588293 33.4653880678 35.7913201142 35.9237919223 34.6766663461 30.5786230016 26.4198338582 25.8337325991 28.1804580065 29.9773843842 26.2667654342 26.2964316622
