data/recharge/transience/oldversion/mHM_recahrge_335.ASC
ncols   80
nrows    72
xllcorner    4374000.0
yllcorner    5656000.0
cellsize      500
NODATA_value  -9999
[rows 0 to 24 of 72, columns 0 to 56 of 80]
-9999 -9999 -9999 -9999 -9999 -9999 -9999 -9999 -9999 -9999 -9999 -9999 25.5010807777 26.9406491963 -9999 -9999 -9999 -9999 -9999 -9999 -9999 -9999 -9999 -9999 -9999 -9999 -9999 -9999 -9999 -9999 -9999 -9999 -9999 -9999 -9999 -9999 -9999 -9999 -9999 -9999 -9999 -9999 -9999 -9999 -9999 -9999 -9999 -9999 -9999 -9999 -9999 -9999 -9999 -9999 -9999 -9999 -9999
-9999 -9999 -9999 -9999 -9999 -9999 -9999 -9999 -9999 -9999 -9999 -9999 18.0168419468 16.0024412287 14.495639292 -9999 13.7277324868 -9999 -9999 -9999 -9999 -9999 -9999 -9999 -9999 -9999 -9999 -9999 -9999 -9999 -9999 -9999 -9999 -9999 -9999 -9999 -9999 -9999 -9999 -9999 -9999 -9999 -9999 -9999 -9999 -9999 -9999 -9999 -9999 -9999 -9999 -9999 -9999 -9999 -9999 -9999 -9999
-9999 -9999 -9999 -9999 -9999 -9999 -9999 -9999 -9999 -9999 17.7003630042 15.8398846802 17.0119008458 17.2967252273 13.373890187 11.3788664 9.35635875613 9.24625204769 -9999 -9999 -9999 -9999 -9999 -9999 -9999 -9999 -9999 -9999 -9999 -9999 -9999 -9999 -9999 -9999 -9999 -9999 -9999 -9999 -9999 -9999 -9999 -9999 -9999 -9999 -9999 -9999 -9999 -9999 -9999 -9999 -9999 -9999 -9999 -9999 -9999 -9999 -9999
-9999 -9999 -9999 -9999 -9999 -9999 -9999 -9999 -9999 16.3734791981 16.5003247964 17.5658334098 15.6247687903 16.0294747511 15.6647991212 13.7061652042 10.1009519824 12.6039995922 -9999 15.8238319807 -9999 -9999 -9999 -9999 9.65281852499 10.195871995 -9999 -9999 -9999 -9999 -9999 -9999 -9999 -9999 -9999 -9999 -9999 -9999 -9999 -9999 -9999 -9999 -9999 -9999 -9999 -9999 -9999 -9999 -9999 -9999 -9999 -9999 -9999 -9999 -9999 -9999 -9999
-9999 -9999 -9999 -9999 -9999 -9999 -9999 -9999 19.7955880105 18.1608806718 15.8730810206 16.2913825084 16.250614045 15.7026719535 14.8387008934 14.5108079386 10.1146810919 9.60649475441 9.9394805053 14.2676184572 13.3422070806 13.7023460083 -9999 9.25206896486 11.2469953912 11.1834105356 -9999 -9999 -9999 -9999 -9999 -9999 -9999 -9999 -9999 -9999 -9999 -9999 -9999 -9999 -9999 -9999 -9999 -9999 -9999 -9999 -9999 -9999 -9999 -9999 -9999 -9999 -9999 -9999 -9999 -9999 -9999
-9999 -9999 -9999 -9999 -9999 -9999 19.9478346196 17.2517826108 16.6653616421 17.1053200062 17.096950649 17.9630843464 17.0917871994 16.6357843509 14.7259263621 15.2607084534 11.6245279135 10.9005509757 13.8987603776 14.1848099077 13.1654970945 13.5142820945 11.1753732416 9.37650282254 10.3103136649 10.0516348416 10.4525797461 -9999 -9999 -9999 -9999 -9999 -9999 -9999 -9999 -9999 -9999 -9999 -9999 -9999 -9999 -9999 -9999 -9999 -9999 -9999 -9999 -9999 -9999 -9999 -9999 -9999 -9999 -9999 -9999 -9999 -9999
-9999 -9999 -9999 -9999 -9999 -9999 21.1151249352 19.2276811996 16.187494047 15.8593813502 15.0052740986 17.0399032951 15.6410971689 13.5083845657 12.4141462043 13.2790955712 12.5066896971 12.3147667031 12.3389246232 12.2509642019 12.2402418759 13.0624101511 12.8523716572 10.8539993387 9.1210604073 8.71275722364 10.9014290585 13.4429189457 14.9536303766 14.5784077347 15.022534681 14.9342860095 -9999 -9999 -9999 -9999 -9999 -9999 -9999 -9999 -9999 -9999 -9999 -9999 -9999 -9999 -9999 -9999 -9999 -9999 -9999 -9999 -9999 -9999 -9999 -9999 -9999
-9999 -9999 -9999 -9999 -9999 23.8867907099 21.6085396702 21.6775912138 18.8688712682 19.0736738742 17.6135645496 16.6996096254 13.9948579396 14.1587588044 13.2663486006 14.5170895839 13.0634659974 10.7117824029 12.0836775984 12.2921676208 12.2706291226 12.0803759719 12.5472161575 12.7240374538 9.92930476104 10.1530915157 10.4398596879 11.7606966763 14.6740600513 14.5240702135 13.5277710153 13.8510027292 12.5840926653 12.381578257 -9999 -9999 -9999 -9999 -9999 -9999 -9999 -9999 -9999 -9999 -9999 -9999 -9999 -9999 -9999 -9999 -9999 -9999 -9999 -9999 -9999 -9999 -9999
-9999 -9999 -9999 -9999 -9999 24.5925275607 23.0867944633 23.1701273889 20.8843121145 20.1211194906 19.0237538058 19.6084524502 17.0205816992 16.7288027605 16.9989741287 16.1971329672 12.6761701512 10.4950278225 13.5571399833 12.1919608542 11.5956786663 11.8552156886 12.8815195861 12.645799618 12.2940186969 10.2773963367 8.8138514016 8.69236794641 12.0768632384 12.4624603576 11.8384850931 12.0364681555 12.3759020926 12.1444410608 10.728744484 11.8160340993 -9999 -9999 -9999 -9999 10.5773674302 11.126673532 -9999 -9999 -9999 -9999 -9999 -9999 -9999 -9999 -9999 -9999 -9999 -9999 -9999 -9999 -9999
-9999 -9999 -9999 -9999 -9999 23.67172313 22.3735517065 21.2975875842 21.3905665715 22.0610732051 20.3231039256 19.848348976 17.4971176342 18.7001281916 17.7832878916 14.7685339036 12.3797682476 14.0995049254 13.744068751 14.4060677281 12.3767608142 11.7218851051 11.8662822253 11.6651194811 12.2620365914 10.099689454 8.8033796838 7.99331358825 11.3127458073 12.3403350307 12.2966284632 12.1297278243 12.3010252152 10.348099216 9.1955415497 12.0119422778 11.6164048523 -9999 -9999 11.8880302637 11.6711686631 11.4842823879 10.4404169639 -9999 -9999 -9999 -9999 -9999 -9999 -9999 -9999 -9999 -9999 -9999 -9999 -9999 -9999
-9999 -9999 -9999 -9999 -9999 -9999 25.3775928541 24.9462408018 23.5612640333 23.0067175229 20.4916970619 21.3758528758 20.8329742987 21.2179366318 15.2333004187 14.6336099763 13.5904468387 13.3419134292 12.038468469 13.2033637971 12.4446140513 12.6846931073 12.0272342741 12.4672774218 11.898786911 11.3115708149 7.31944282972 7.25342011582 9.13900855101 11.0661230299 10.4248531841 10.9230605358 8.88981116129 8.93898162007 8.74615340696 11.1560742428 9.32289690375 7.50752962973 11.4660298036 11.327498679 10.8625787627 11.6560500509 7.9513673065 6.328675618 -9999 -9999 -9999 -9999 7.253345771 6.74377119097 7.57954787247 -9999 -9999 -9999 -9999 -9999 -9999
-9999 -9999 -9999 -9999 -9999 -9999 -9999 23.3377606531 22.5738810703 24.0106321127 22.5456186008 21.4670917103 17.5368574246 15.7307267147 13.7569528287 15.8571630653 15.2929594566 16.3830503206 15.1084323224 13.9667832341 12.1034104549 12.129115571 11.7455132273 11.8141286019 11.4989299822 11.0376528587 7.62428066332 9.44543189552 10.9567569145 10.2665323855 9.18514574551 9.35489990853 9.14315489214 9.75546167696 11.2708016215 11.2397885546 8.93945728608 9.0454054976 11.3734064725 11.357643019 9.01031813842 7.76280914942 4.18306254142 3.56013698617 3.06906029314 3.50046690949 3.63407960095 3.11177701114 2.93219199132 4.2770457954 6.79130344247 7.41076806458 -9999 -9999 -9999 -9999 -9999
-9999 -9999 -9999 -9999 -9999 -9999 -9999 -9999 21.8165537272 21.4212090803 21.7407438981 22.8178745033 19.3226725295 20.1713950409 19.0074495898 18.6605278182 15.6896261615 15.7356208365 13.5937892345 14.2242104971 15.5649282967 15.2546993771 6.41457682995 5.17477792656 5.36523583873 4.50964931651 5.84881919871 10.1273463189 8.3282791516 7.0236423166 7.3367781077 7.15980840833 7.73465773297 7.05602449877 8.38583214115 9.83612208552 10.3583739117 10.5567148351 10.2954041379 9.91501580722 6.71590884057 4.36711265857 3.00616926439 2.76303039008 2.58749742669 2.37932447522 2.65315896086 2.3773251976 2.15105261146 3.24561289273 4.43172541845 4.87662125061 4.91713423322 -9999 -9999 -9999 -9999
-9999 -9999 -9999 -9999 -9999 -9999 -9999 -9999 24.0637164929 22.6374511833 21.0016804283 21.0719693417 19.539239249 19.47543352 17.5254571779 17.3414049269 14.1721405369 14.6812666226 14.2347070104 14.7158313056 14.0964567274 15.0896760031 5.90697498475 8.34291038615 6.36221257796 4.92932305809 4.77817813486 6.55900691684 7.12831114672 6.03346029546 7.00842835032 7.03605988108 7.00412155735 6.93549969954 9.77083560703 9.60915589366 10.7213187963 10.4076642019 10.2807701746 10.2106452127 9.78804611606 4.74874237534 2.80882715555 2.80235357167 2.3867122577 2.3622612433 2.62214083616 2.43322950915 2.33239233451 4.89540504428 4.52045705923 4.53444832631 5.25381824793 6.63309144925 5.96695937762 6.11809530549 -9999
-9999 -9999 -9999 -9999 -9999 -9999 -9999 -9999 -9999 24.605466828 22.2864338201 20.2167215758 19.5055662617 18.2332489391 16.292418823 16.3234358037 16.675441427 17.307234849 17.2725407578 17.3675914986 16.3717202161 14.6012947631 10.1295876025 12.0866099223 8.92658529824 7.58681949899 5.06739614539 4.06441748046 2.77654746696 8.5690103056 7.16433195084 6.7751944598 6.36782450813 5.38445592702 7.332677601 9.11784596126 9.61650907438 9.40455806803 9.08178217031 9.11608978068 8.7196329667 6.91777112977 2.29294126856 2.90108465776 2.16126941324 1.89879910727 1.63663962403 1.6655071184 3.04409516965 3.61805749301 3.49635097982 3.42552441249 4.44981168983 5.9630869112 5.80502968916 2.33837878595 1.59957136904
-9999 -9999 -9999 -9999 -9999 -9999 -9999 -9999 -9999 -9999 19.7860849128 19.8266639322 19.2270706581 18.1058513297 15.6144084577 14.8956488603 13.8426372983 16.2156477743 14.2791825759 12.6832967448 12.0403444456 11.1964816061 9.85022413616 5.91687086598 6.18423212654 7.61477411845 5.96294961357 5.06030641126 3.63799978039 3.19164988208 8.61751062451 8.63116347963 8.7492764638 6.50920549247 8.79368809062 8.97738103069 9.51768679678 9.40623007758 9.11070639434 9.13193784188 8.88292501937 7.69400543227 5.01295730229 2.8037558672 3.22476604744 3.06575907085 2.35514705197 1.83671803149 3.9808459103 3.96284164973 3.79425430709 3.7044605766 3.68868846568 4.97188482586 5.49153322629 2.13289270143 1.58295252997
-9999 -9999 -9999 -9999 -9999 -9999 -9999 -9999 -9999 -9999 -9999 16.6618914566 15.8892822105 16.692128347 15.0966065906 14.0579890946 12.6378018351 12.5167586343 11.5533441252 13.6903171383 14.7201303913 13.5247827542 9.14078145969 7.92509227102 4.49680641399 2.3067756488 4.38760302693 6.72874990822 7.32509755671 11.61923184 3.83073839764 5.57964978163 6.47019424863 6.36128959906 6.53464065471 6.12171743106 8.41130137336 8.3863413118 8.49305591634 8.49449333816 7.07824873341 6.64143404758 6.58158834604 3.77350331882 2.62518297914 1.85787931887 2.1513238906 2.5292328532 2.64299537338 4.02427901071 3.38821476004 4.01650263525 4.69886550747 5.01805796347 4.57451685522 4.3106077539 1.82332210153
-9999 -9999 -9999 -9999 -9999 -9999 -9999 -9999 -9999 -9999 -9999 15.5174833651 16.6820972201 15.9241469567 15.4719360928 13.982771171 11.3877073472 11.6194118545 15.1894366858 15.2585194204 14.5999412511 15.3610005737 10.2870027224 8.44349005424 9.27048599543 9.89559240158 4.47249861614 3.58150139357 3.73795246989 7.47288284852 5.8731346919 4.50301159151 1.68471843281 1.9729208341 2.05651804142 6.16791632088 8.39286839971 8.45703846041 8.39961626564 8.28935669744 7.49094671179 7.08192971581 6.2807462038 6.40601135074 4.17430087616 2.94129778485 3.48678187485 4.14693368059 3.58141017528 2.44855337726 2.31856494011 2.36204206067 1.7819813367 4.54269015988 4.9623411507 4.74258341752 4.4810672311
-9999 -9999 -9999 -9999 -9999 -9999 -9999 -9999 -9999 -9999 -9999 20.9796672197 17.8260929506 17.2342426447 15.0018407288 13.096821525 10.099495168 9.68083474822 11.2647598893 12.0635067352 13.1836167082 13.3068473405 8.84721809365 7.33570983551 8.54976588203 10.1288040881 9.63495756713 9.55523849074 8.06339101045 4.56695649747 2.52065966344 3.94773442664 5.6364157122 6.36045653838 4.71967232125 2.3710861647 3.0849259529 1.67564120054 5.93334963623 7.32907462765 8.2846776811 6.54368343856 6.65182098341 7.05121189199 7.47751809808 7.1242310481 3.4397018301 3.1274540667 2.88176495244 2.51053848951 1.92984893256 2.19137127334 2.28146164597 2.8226288728 4.15805678129 5.30063353334 3.94370208962
-9999 -9999 -9999 -9999 -9999 -9999 -9999 -9999 -9999 -9999 -9999 -9999 17.0286288214 17.9423376818 16.1836531714 14.0167813459 11.4353089053 9.8222423497 9.09440797307 13.3185440585 13.3656512113 13.0441360367 11.8075605063 10.5500043101 10.3403464887 10.436533594 9.70644452823 9.83335259637 9.25055065455 9.08633070535 8.81226618114 8.96515214479 5.6141801478 2.56619743837 4.62257008379 8.93401295 3.91295678051 2.67564700538 1.5653596757 7.62406640811 7.9318300256 6.4161844839 7.35513714504 7.9039997478 8.07894268365 8.04974017387 3.87012353404 3.16469715881 2.36770678935 2.56552519125 1.78530568499 1.52045907953 1.27286539006 1.30998248909 1.17229607188 2.41801423627 3.3065911556
-9999 -9999 -9999 -9999 -9999 -9999 -9999 -9999 -9999 -9999 -9999 18.6114123928 18.3339020922 17.7460834221 16.4201563177 15.9619461407 13.7403767011 12.0019994666 9.50194443248 12.3500945845 11.2863166421 11.2061310658 10.2244474911 10.3340384899 9.78638956895 9.72204511141 8.94415677337 8.86210417548 8.62902060191 8.51278584567 7.88621057789 7.99865189157 7.53872756688 7.50478784347 7.50606746075 2.56836862409 3.08927272023 1.89153981288 1.72055155051 4.45394684394 6.25426509588 5.3958533582 9.49729565621 8.97753580018 9.91417522906 9.86201981798 7.90414540202 4.19556670651 2.58795660328 2.61617873351 1.69377028244 1.11093741915 0.941586426466 0.949836511361 0.835988215428 0.934357831819 1.36149386729
-9999 -9999 -9999 -9999 -9999 -9999 -9999 -9999 -9999 -9999 -9999 19.0609339852 20.4954189492 18.9350752867 15.6394971108 15.5260896096 13.0565533681 12.7164449889 12.3554767784 12.4268627063 11.9999921609 11.1276914249 10.4416781991 10.6089005284 9.98904862889 9.54104425879 9.41191040305 9.60511534212 8.85143946934 9.80974609176 8.90144424658 8.06311220596 7.48669164947 7.50683948297 7.43012601503 1.78369371308 2.17018081969 2.82968790826 1.8537237651 1.8476748247 5.74241398087 4.75365662004 6.83307092039 7.80261498898 7.95708452353 7.71451186135 7.3230345286 7.07237929391 4.50630935675 3.53323293418 1.57480860674 1.67807215565 1.37562990419 1.29881455575 1.15296513188 1.05523465898 0.787211284786
-9999 -9999 -9999 -9999 -9999 -9999 -9999 -9999 -9999 -9999 -9999 21.2015910698 21.6620796914 18.8933523504 17.8697633644 17.5503588893 13.0296894017 12.8647442294 12.1215041525 13.8643451618 10.917140727 10.5208863691 11.4629324187 7.12035692899 4.94645758485 4.93708239733 5.50208223406 6.06296412325 5.71989429667 6.46776492569 6.42353130396 8.96405915853 8.45842578797 8.20020553292 6.96695764113 1.37966481096 1.68427317078 1.1232147938 1.74715242883 1.149343346 6.01703947955 6.83437736222 4.91485921148 4.40730312926 4.92822874535 4.79743388778 6.23600217225 6.2842750285 5.44942101779 5.48494024688 1.91755027204 1.10240135367 0.878693159446 0.856082582781 0.850577011283 0.81644255915 0.976275775787
-9999 -9999 -9999 -9999 -9999 -9999 -9999 -9999 -9999 -9999 -9999 -9999 22.0488529813 21.364367257 18.806135337 16.650233761 12.8470899426 13.4739136108 11.6433639681 12.6993764585 10.8700152186 13.2347192032 6.10768112877 4.83559446893 4.6135191359 4.54329662929 3.77776447473 3.97515360694 3.55674016073 3.18945246297 2.6793174302 4.57201870752 7.12771457925 7.32225114741 6.74032789153 2.06626127941 1.98982150202 1.28750538546 2.24596724109 1.67373351408 6.1350544107 6.92989300022 6.29409033132 4.2662475893 4.4270734789 4.43280267401 5.60313136734 6.08471550136 5.16206240398 6.32206693026 5.38491015712 4.3365075338 3.1812017869 1.88583440085 1.13176735334 1.2060414054 1.10056015469
-9999 -9999 -9999 -9999 -9999 -9999 -9999 -9999 -9999 -9999 -9999 -9999 24.3774279195 22.2260896789 18.6331918775 15.9554031272 12.6985820523 13.9944085063 12.4932128098 12.546753813 12.5666091819 12.99731865 8.00018752398 6.85624915926 5.3311206942 5.88148030204 5.96379180509 5.50302117251 4.35535573023 5.35930688587 4.12664604175 4.40630884346 7.49355367562 8.85045433777 2.35661989783 2.60221014937 1.85741159594 2.74888195762 3.20707393853 2.20259988845 5.04438250131 6.47413376667 6.01078040884 5.91644139135 5.27248820255 4.30693966579 4.22634044389 4.54445753626 4.05616610725 5.25949953865 4.6569868904 4.34121005517 2.80613786342 0.846933653155 0.635305221569 0.80350401983 0.551973193177
