data/recharge/transience/oldversion/mHM_recahrge_527.ASC
ncols   80
nrows    72
xllcorner    4374000.0
yllcorner    5656000.0
cellsize      500
NODATA_value  -9999
[rows 26 to 51 of 72, columns 0 to 56 of 80]
-9999 -9999 -9999 -9999 -9999 -9999 -9999 -9999 -9999 -9999 -9999 -9999 -9999 28.3064569604 27.2670026165 26.7423002073 26.1105169316 27.0439111287 26.1851711027 26.057606287 24.9242773179 24.6680991782 23.7389630581 20.3429836589 25.0832083942 25.3355776618 24.6310727299 21.6412552115 19.5874867979 19.9297837302 17.6175883735 17.6074804662 21.7895981945 20.590740017 23.2191600024 9.70300096636 19.4288824554 14.9048845989 13.8418113135 10.9538658145 10.0778534667 11.3282271833 8.72689456102 11.8797747191 14.2388837151 17.1863551186 18.5484724413 18.4188733247 13.758044764 9.10215893062 6.41644579953 6.41803213323 6.07761087067 5.87942475961 7.14171780073 6.00498890909 4.54265747208
-9999 -9999 -9999 -9999 -9999 -9999 -9999 -9999 -9999 -9999 -9999 -9999 -9999 -9999 27.2998204501 26.2970246394 25.2602825175 26.9584766958 25.9750546978 26.1874999749 25.2226035504 24.8199921911 24.3042576804 24.1948805077 24.4469630691 24.026488205 23.5792652281 24.7573964899 21.0184335316 19.2912558479 18.2178258222 21.6562110803 21.883946918 24.2177650151 15.2748012539 14.6772152929 20.3117004527 12.5919278278 14.3394540141 12.595325129 10.391782402 12.231144256 10.5424162261 9.34235442716 7.82586625718 8.40773863897 9.06402385266 11.1264122817 7.08078180751 7.08050332686 6.60549580919 5.80105105032 5.10665470138 8.19676954838 5.96527125005 9.28585013013 12.7085541837
-9999 -9999 -9999 -9999 -9999 -9999 -9999 -9999 -9999 -9999 -9999 -9999 -9999 -9999 7.68466272178 17.4007002101 25.7167018829 27.600759204 27.3838022789 27.0419896755 26.3219763112 25.4821969581 24.4162194783 24.1527020894 23.8802200563 24.4161302323 23.5826664578 23.3192306894 23.1892050056 23.8960236887 18.6762859963 10.5975875412 21.3751459885 23.9724116188 14.5218570139 10.7424259184 20.2552980488 12.4118992114 10.9658279509 11.2065299449 8.87571601826 9.47755295913 9.22335268828 9.88034316799 8.3796967448 7.53829071825 4.72124232393 5.66501655328 7.26928618027 7.77219969344 6.60135852256 7.13960951579 7.14604504913 5.42968600258 6.94408048209 12.9349553263 13.6832858309
-9999 -9999 -9999 -9999 -9999 -9999 -9999 -9999 -9999 -9999 -9999 -9999 -9999 -9999 12.5634443892 18.6020055603 26.3983378783 28.1519826393 26.4804446819 26.5105158568 25.8642356949 25.7065031722 24.6739782156 24.513819736 24.4439061547 24.2372369436 23.4162065102 23.7503103842 23.0734253887 23.1215173168 22.5424805071 21.4626994807 21.5187538927 25.643898315 23.1561993535 9.05584257742 12.9050864633 26.3469737206 6.24628982718 10.2863507818 9.09544671836 9.67047490602 8.75265173269 8.85971752318 7.19745154244 7.62940821029 6.1736420024 7.21261453458 9.42920301293 10.4981573878 8.83047709582 5.79573778256 7.29051570741 6.65793318774 5.33978269112 6.45903363854 6.79290839657
-9999 -9999 -9999 -9999 -9999 -9999 -9999 -9999 -9999 -9999 -9999 -9999 -9999 -9999 28.5683139794 27.8938067158 26.8719368232 26.783248068 25.7571269933 26.4711963216 25.8631508308 26.4053934395 25.5594821296 24.8541549549 24.6361905726 24.6777081513 23.3512082023 23.652791621 22.736114482 22.8867291257 22.5023047107 22.5483586794 21.9126471174 14.0570744141 9.21018330854 9.23437727032 8.73868190394 19.189499634 8.0470961842 11.169915248 17.6048211238 9.90170390915 7.00829726 7.28496815527 6.36004106588 6.42161530679 8.66448631083 9.28251556792 15.5064044594 16.7027884893 12.3912250884 13.7422566237 9.04480150115 9.26698895426 8.0675479431 7.24151793416 7.82886679235
-9999 -9999 -9999 -9999 -9999 -9999 -9999 -9999 -9999 -9999 -9999 -9999 -9999 -9999 -9999 28.3019740675 27.6925231434 26.807270013 24.5392746627 25.5321000385 25.989833659 27.0270466604 25.0616753288 25.0767088649 24.779893854 24.4736397596 23.291511267 23.1719585504 12.096051247 22.1892267881 22.2691182916 22.1832461435 20.9256930453 13.0391998111 9.29125044265 9.30298791431 8.87083414543 8.85423285042 8.57817337708 8.47929895477 7.97704331777 12.7647864505 4.10338903783 5.24182708721 6.20516246898 5.22492261736 3.87826222519 4.21939997108 6.15653644978 8.0377057475 6.38319715737 6.02936922761 7.15934441805 9.71075426873 9.02271672208 8.93546647354 8.12057393523
-9999 -9999 -9999 -9999 -9999 -9999 -9999 -9999 -9999 -9999 -9999 -9999 -9999 -9999 -9999 -9999 27.3732229086 27.4954483428 25.5655619757 25.7430412158 26.0807405852 26.0529340886 24.931202579 25.9044508182 25.1476673619 24.8902481825 23.6071617872 21.0715604487 12.0068439461 18.9026614958 21.424532099 14.0985483211 9.16234488207 6.27472004693 9.18779501564 9.29079606626 8.97541385177 9.05034050542 8.82586753334 11.8623281351 21.4179282997 19.254953454 19.4590214124 10.2409273529 3.35185014193 2.68835927579 2.24502430955 6.62890432356 5.88404552334 5.16691696882 6.09413463939 7.83218414856 6.6908842322 6.01509262522 6.34207054683 5.94908323465 5.52572775061
-9999 -9999 -9999 -9999 -9999 -9999 -9999 -9999 -9999 -9999 -9999 -9999 -9999 -9999 -9999 -9999 29.9068728 28.3871471881 26.3305315277 27.6578258222 26.6411762927 25.9981855162 24.789114293 25.1949266807 24.9966671894 24.9603017588 23.5374102865 23.105759051 12.4013629039 18.3281033079 13.5904276878 9.6260863262 10.6742774887 7.35198716469 8.89346337016 9.23305425327 10.9186142193 8.68628036309 8.8070778948 9.7015581683 18.6806532073 13.5789773628 16.7967074298 15.4067410697 8.58582745809 5.80307416151 11.5289488032 11.92943875 5.46601010405 5.73416470117 6.82166402791 7.02867001629 8.29998954998 8.63707799138 9.57360458532 7.71558322444 5.55465745776
-9999 -9999 -9999 -9999 -9999 -9999 -9999 -9999 -9999 -9999 -9999 -9999 -9999 -9999 -9999 27.739442461 27.8440263666 28.2213610303 28.9461297087 28.2801318085 26.5944618249 25.7408568272 24.7431498423 24.9062779817 24.6839850615 25.0249552289 23.657619829 23.570629493 16.3822524903 20.8861257851 21.6991763841 21.7667689236 21.0424498529 17.1927058839 15.4695440011 9.59798818746 17.380790886 15.8461040461 17.1959681778 9.12728468991 18.4478487287 11.1080480106 6.9979709518 6.86398752896 6.65259910548 4.83470981459 7.83314986406 8.53371401547 8.19634681244 6.57927682128 5.72016510964 5.01718500093 5.4115836451 5.75879514061 6.055323814 6.16167589174 6.30207123117
-9999 -9999 -9999 -9999 -9999 -9999 -9999 -9999 -9999 -9999 -9999 -9999 -9999 -9999 27.7588868201 28.3011132915 28.0047506942 28.2251343627 29.149713347 28.5142656928 27.5277513105 26.9407118106 25.2837249681 25.1120031982 23.9398962105 24.7574821441 23.5536338759 23.3543828616 22.4046143511 22.4559584758 21.5983160797 21.7020067678 19.9256299582 17.2170526238 17.9467145916 25.1434132662 13.3223751774 14.0452981357 23.9243222563 24.2928666779 21.1489790072 5.46547731268 4.98215433797 5.52902938385 3.58842372419 3.12354395331 3.12463462927 6.46905041283 6.42124070646 5.68504013663 5.35121482937 5.32209166608 5.63560087562 5.55617746056 5.37078290163 5.562304829 5.5546940519
-9999 -9999 -9999 -9999 -9999 -9999 -9999 -9999 -9999 -9999 -9999 -9999 -9999 -9999 26.9426925013 28.4949648738 27.7739511422 27.8306439236 26.4747971516 27.0505854146 26.0809961086 26.4749618096 25.1781517928 24.989324408 23.4357500335 23.9891217649 22.0297514164 21.8568505859 21.1732780767 22.4959457281 21.6817700807 20.3229489772 14.3016750403 14.1227918094 15.4834914676 18.2087427003 16.3619876141 18.7072545973 11.6510520782 11.9160927088 14.2528213915 13.3872251641 5.95538289579 5.36293171507 4.62315648775 2.78056818472 4.62473649837 7.7754974138 7.81952682979 8.84069600039 8.8630407449 8.8122004823 7.02932121296 6.46803965655 6.82615104852 6.64366380022 5.56480330804
-9999 -9999 -9999 -9999 -9999 -9999 -9999 -9999 -9999 -9999 -9999 -9999 -9999 -9999 -9999 -9999 28.2260062935 28.0953422887 27.6896799232 27.4382956969 26.8761044158 26.3025418174 25.487827533 25.3081458548 23.6135655572 24.1252378814 17.9413843325 18.2133947064 15.5429234486 18.478479582 18.8338809203 15.4529520577 13.8766816624 13.0514126496 12.4371050111 12.4891696977 13.6137692188 11.7714127499 14.5108307795 13.1238040842 9.03217197066 8.47740560314 14.7091441132 14.8862597159 3.29282056991 3.9124229643 3.51266235416 4.84401114313 6.14077132431 7.05154957879 6.97220747687 7.10416286177 6.3739529485 5.83467341811 4.63038975512 4.7818863554 5.9054133916
-9999 -9999 -9999 -9999 -9999 -9999 -9999 -9999 -9999 -9999 -9999 -9999 -9999 -9999 -9999 -9999 28.5072815462 28.6232112493 28.4074476192 27.6204890855 26.4658781458 26.6924099085 24.8460442016 24.8820390936 24.0141396156 24.414811961 19.2027875289 18.9956516859 16.9127958637 18.2575692648 17.4692191676 17.2392404963 15.2687241356 13.4428371341 10.8508528834 11.1672126878 10.8140242065 11.5575035406 8.92468676239 7.87253145331 8.47701396431 9.75744789621 7.33975591414 11.011597788 8.18461582191 3.35722364811 1.91565481138 2.98176908038 5.5700976543 4.91709962448 4.30871026328 4.34299803837 3.58344099745 3.84210632717 3.56306453722 3.57150629779 3.55975875724
-9999 -9999 -9999 -9999 -9999 -9999 -9999 -9999 -9999 -9999 -9999 -9999 -9999 -9999 -9999 -9999 -9999 -9999 28.4077369376 27.8924510576 26.4532025707 26.5175714803 25.6307184938 24.6560535463 23.8042064639 24.3639123139 18.9613989281 18.7818523891 16.9892498264 17.9908674513 15.783805645 15.2763138702 14.3541003142 14.126669503 10.7628060614 11.7501936711 11.1664955367 9.81096053681 8.89987554369 9.38234668941 7.73503075797 7.26676881935 6.45813843428 6.43364360907 5.79683624264 5.71014755804 2.25877197838 2.25594045759 3.49009317902 4.36774945197 4.45324631881 4.63310083739 3.63070383142 3.6859253054 3.71714503295 3.85251911388 3.71305336681
-9999 -9999 -9999 -9999 -9999 -9999 -9999 -9999 -9999 -9999 -9999 -9999 -9999 -9999 -9999 -9999 -9999 -9999 -9999 27.2908890983 26.6591483474 26.6258888243 25.9636391858 25.6884240478 24.1708966084 24.077837964 22.6516660708 18.877722031 16.0490725056 15.8850476135 14.771577527 16.9104021466 13.8897518569 12.9116273525 9.77839612478 8.49652347962 8.00544454191 9.34470421694 8.32579878362 8.38535108165 6.81151379247 6.50285122826 5.76585704745 6.49806552655 6.2686134679 6.44293764491 4.58049427156 2.0555472889 1.68327981092 2.92123698167 3.41953438374 3.95137428516 3.33178795606 3.31517480298 3.46512997539 3.38208493207 2.90638423787
-9999 -9999 -9999 -9999 -9999 -9999 -9999 -9999 -9999 -9999 -9999 -9999 -9999 -9999 -9999 -9999 -9999 -9999 27.4150112971 27.6123129983 27.2921588299 27.2101622212 25.805986306 25.7115475035 24.0413701893 23.9468664426 22.0530323801 22.7825491508 16.6936723808 16.3597640297 12.3616434644 6.92352578409 14.849280885 12.3541039564 9.92211045699 10.8408772967 11.5803764319 11.2867008709 10.140712145 9.55576254761 8.32853104176 6.80997107335 6.43988576108 7.76987111777 10.3410094901 8.16108876034 7.29874984596 6.38912887245 3.91700962006 2.06883292291 2.6141895408 13.4390883637 11.0159078105 7.82990982518 4.52805159507 3.81461152278 3.43999034794
-9999 -9999 -9999 -9999 -9999 -9999 -9999 -9999 -9999 -9999 -9999 -9999 -9999 -9999 -9999 -9999 -9999 -9999 -9999 28.3680110537 27.8159727612 27.7217971386 25.7804823398 25.4510942384 24.359534301 24.1143673651 21.7722343991 21.9598002745 20.0689675317 21.0876474252 15.1505121674 15.1854757849 15.9229421882 11.6837622231 11.6929127794 11.8020905936 7.31765682699 6.82752148863 5.99143516274 5.99777455914 6.17545716973 6.82762983069 5.96578749789 6.30570082343 6.67853767593 7.8441173253 6.92149730274 5.97672154342 4.66273926392 2.8060402474 1.21137832964 1.88503278489 6.96135058594 6.87114684769 13.2230048327 2.48039383144 2.70937100789
-9999 -9999 -9999 -9999 -9999 -9999 -9999 -9999 -9999 -9999 -9999 -9999 -9999 -9999 -9999 -9999 -9999 -9999 -9999 -9999 27.9336100202 27.9656452287 25.7684135435 26.0032060713 24.1955602227 24.0747236965 21.7168905867 22.007014845 22.3060703349 22.2364022901 21.023735112 20.9929601556 14.6421370075 12.0677715807 9.71338635974 11.0028410234 9.04037395028 9.59507018266 8.9768023267 8.57411326514 7.3747755211 8.34671302221 7.90792438767 7.26015922813 8.49098424469 7.8022686811 6.75832694365 7.26849237024 6.4773609055 5.63629353175 3.8262790905 2.45162121468 1.36572595072 1.39632606238 10.4858218499 2.50461984279 1.43329540387
-9999 -9999 -9999 -9999 -9999 -9999 -9999 -9999 -9999 -9999 -9999 -9999 -9999 -9999 -9999 -9999 -9999 -9999 -9999 -9999 -9999 28.1222538199 26.2818545477 26.3058482852 23.4969950579 23.3796252608 21.71742018 22.3040054063 22.0479515976 21.9941688956 19.572934811 21.267684184 13.8361609148 8.92048980578 13.8624931276 12.1832487118 9.77114035793 7.81094284206 7.01309853925 7.92244611324 9.26387127004 9.51240052983 9.94158880838 7.77068253945 6.94806859648 5.95488665145 6.54929813069 6.93518619454 6.5321675462 7.37651895176 12.5660370003 10.3842220886 5.05317466142 2.2322988286 0.900217684194 1.07096957354 1.10887758376
-9999 -9999 -9999 -9999 -9999 -9999 -9999 -9999 -9999 -9999 -9999 -9999 -9999 -9999 -9999 -9999 -9999 -9999 -9999 -9999 -9999 27.5575964635 26.0042569189 25.8714503498 24.1700762801 23.5881177957 21.9554893972 22.6726948263 20.8241795294 21.1141380601 9.43431128651 19.7148831036 15.6859202756 12.8367385405 9.35164075913 10.0965043146 8.72796923111 7.93721787876 7.07551567922 8.08536667894 9.31107852241 9.11081121098 8.15521203583 7.68273487451 8.19837585983 7.94120121601 7.40841983907 7.2934243681 4.98568547976 5.85398282754 7.50530296936 5.33927402653 9.21362907092 1.65174409746 1.33649796072 0.950098136582 0.91833677245
-9999 -9999 -9999 -9999 -9999 -9999 -9999 -9999 -9999 -9999 -9999 -9999 -9999 -9999 -9999 -9999 -9999 -9999 -9999 -9999 -9999 -9999 25.9365815908 26.1796634867 25.2415197418 24.2909338165 22.6525780834 23.8520871776 17.5634386296 19.2178194678 19.1945949723 19.3647239016 14.6902254223 12.9858801083 12.3644921979 11.1191704205 9.56785369423 9.17226457417 8.66063340226 8.76764412769 9.91396556967 8.19579389848 8.48668983586 9.56370642871 6.56782085033 6.03495252951 4.66671032342 5.30376691007 6.03876612241 6.65385778668 3.80839300566 7.00191779513 6.608419411 2.25230232736 0.992903238821 0.906871518357 0.899720119686
-9999 -9999 -9999 -9999 -9999 -9999 -9999 -9999 -9999 -9999 -9999 -9999 -9999 -9999 -9999 -9999 -9999 -9999 -9999 -9999 -9999 -9999 26.177511838 25.9222712626 24.9789222993 24.4306375518 22.8492634339 22.2334522741 18.5028202448 18.8472054191 16.5766031754 16.6931712962 15.2601182356 13.2908175725 11.2082289644 12.5774958155 10.2720486604 9.13200162949 9.5604673068 10.3431315598 8.7118642941 10.0138726454 8.55963349534 7.67459482401 6.94590259274 7.05983566639 7.00847134794 7.8659153312 5.61031677811 5.3151394295 5.84692867028 7.92894667357 1.75605734224 3.89608018257 1.9416233921 1.72758741095 1.21220608451
-9999 -9999 -9999 -9999 -9999 -9999 -9999 -9999 -9999 -9999 -9999 -9999 -9999 -9999 -9999 -9999 -9999 -9999 -9999 -9999 -9999 -9999 26.2129594393 26.1991042166 26.1003294846 24.7794064778 23.5396739785 22.9892764715 18.6868798803 20.2595061528 17.7952425657 17.2415828133 15.4211655786 14.0853016707 13.4488673265 11.6774914627 10.8492023766 12.2128651486 11.4353552268 10.9926806504 10.5340599369 9.47764649494 7.87873806311 8.77103359555 9.6094769046 9.10686580133 8.27047352131 7.63089400444 6.21135084258 6.21919890863 6.74699045368 6.0140341318 3.34506131862 3.64684251822 3.83388069684 4.21849053309 1.97374114612
-9999 -9999 -9999 -9999 -9999 -9999 -9999 -9999 -9999 -9999 -9999 -9999 -9999 -9999 -9999 -9999 -9999 -9999 -9999 -9999 -9999 -9999 -9999 26.5995812925 25.9567038111 24.9556444539 23.3697081351 22.6108444721 18.1973367809 20.0145565983 17.8140806451 18.2177521927 16.3634004703 15.978877742 12.7612793678 13.3093076067 12.6424592517 11.9215315169 9.89026103757 9.99894125566 8.06060761041 9.2020581655 10.0300610081 10.0753585802 9.34495880768 8.83009242916 6.16462987648 5.56947739459 5.09380400284 5.32466201292 4.42135765137 5.0113310786 5.01734346605 5.58954306778 2.49575357914 1.91063551663 3.68596292571
-9999 -9999 -9999 -9999 -9999 -9999 -9999 -9999 -9999 -9999 -9999 -9999 -9999 -9999 -9999 -9999 -9999 -9999 -9999 -9999 -9999 -9999 -9999 26.3811498278 26.1980977959 25.0691518798 23.4921089711 24.4836854069 21.066086597 21.903014438 19.2875483162 19.4680918184 17.9533704162 17.4410086206 14.4628991917 14.0723712572 12.6418779615 11.9124859975 10.1818946506 8.7637772005 12.2228251645 12.3444311652 12.073571662 10.3382230657 8.43561655237 8.75257305119 8.75397380254 8.7686275745 7.07041979739 6.96178033652 7.13741983529 7.31943981532 5.3253077615 6.53182421356 4.25203859807 5.55135964467 4.21903038348
-9999 -9999 -9999 -9999 -9999 -9999 -9999 -9999 -9999 -9999 -9999 -9999 -9999 -9999 -9999 -9999 -9999 -9999 -9999 -9999 -9999 -9999 -9999 -9999 26.8259095862 25.2444197186 23.6446356968 23.9634761561 21.96245729 21.4825786105 16.9468345594 13.5682914882 16.2797596579 17.6050275201 16.2330618096 13.0513133517 11.385632268 13.1498367371 11.3982765952 12.0243646519 12.9124653775 10.1759924856 9.76086934493 11.3988318837 10.0309471187 9.6239100924 7.68038464652 8.52722587705 8.50860656461 7.68080584181 6.10686531105 5.28849341459 7.70955873933 9.24946648145 8.0007715214 4.51385076549 4.48152654035
