data/recharge/transience/oldversion/mHM_recahrge_119.ASC
ncols   80
nrows    72
xllcorner    4374000.0
yllcorner    5656000.0
cellsize      500
NODATA_value  -9999
[rows 0 to 24 of 72, columns 0 to 55 of 80]
-9999 -9999 -9999 -9999 -9999 -9999 -9999 -9999 -9999 -9999 -9999 -9999 12.8535644916 13.6057663117 -9999 -9999 -9999 -9999 -9999 -9999 -9999 -9999 -9999 -9999 -9999 -9999 -9999 -9999 -9999 -9999 -9999 -9999 -9999 -9999 -9999 -9999 -9999 -9999 -9999 -9999 -9999 -9999 -9999 -9999 -9999 -9999 -9999 -9999 -9999 -9999 -9999 -9999 -9999 -9999 -9999 -9999
-9999 -9999 -9999 -9999 -9999 -9999 -9999 -9999 -9999 -9999 -9999 -9999 9.444060704 8.26123902784 7.55260430812 -9999 7.20650726028 -9999 -9999 -9999 -9999 -9999 -9999 -9999 -9999 -9999 -9999 -9999 -9999 -9999 -9999 -9999 -9999 -9999 -9999 -9999 -9999 -9999 -9999 -9999 -9999 -9999 -9999 -9999 -9999 -9999 -9999 -9999 -9999 -9999 -9999 -9999 -9999 -9999 -9999 -9999
-9999 -9999 -9999 -9999 -9999 -9999 -9999 -9999 -9999 -9999 8.44569112984 7.30537345671 8.34381142077 8.50823428437 6.1994731691 5.43009984258 4.62251051471 4.6139875712 -9999 -9999 -9999 -9999 -9999 -9999 -9999 -9999 -9999 -9999 -9999 -9999 -9999 -9999 -9999 -9999 -9999 -9999 -9999 -9999 -9999 -9999 -9999 -9999 -9999 -9999 -9999 -9999 -9999 -9999 -9999 -9999 -9999 -9999 -9999 -9999 -9999 -9999
-9999 -9999 -9999 -9999 -9999 -9999 -9999 -9999 -9999 7.38330649419 7.69920207805 8.36079739792 7.49866423509 7.74524945758 7.50577711264 6.42878242549 5.07667876842 6.35734898182 -9999 8.30372652748 -9999 -9999 -9999 -9999 6.19821563518 6.66332583596 -9999 -9999 -9999 -9999 -9999 -9999 -9999 -9999 -9999 -9999 -9999 -9999 -9999 -9999 -9999 -9999 -9999 -9999 -9999 -9999 -9999 -9999 -9999 -9999 -9999 -9999 -9999 -9999 -9999 -9999
-9999 -9999 -9999 -9999 -9999 -9999 -9999 -9999 9.02172165203 8.11376368885 6.91280381877 7.14092972278 7.27050361124 6.94123118088 6.54640386291 6.3487229236 4.62690529717 4.43569863739 4.86488455924 6.74679906515 6.45756857598 6.70120528806 -9999 5.2133323201 7.06752984959 7.07514166584 -9999 -9999 -9999 -9999 -9999 -9999 -9999 -9999 -9999 -9999 -9999 -9999 -9999 -9999 -9999 -9999 -9999 -9999 -9999 -9999 -9999 -9999 -9999 -9999 -9999 -9999 -9999 -9999 -9999 -9999
-9999 -9999 -9999 -9999 -9999 -9999 9.22153014489 7.52095187699 7.26966544934 7.51961236713 7.59988989875 8.08264604175 7.76919483752 7.50036360318 6.47869394267 6.79821471434 5.16619967332 4.85994201311 6.52863925786 6.69191992344 6.33677090418 6.57434426839 6.03337617831 5.30097036749 6.44200953389 6.24959348196 7.02011613846 -9999 -9999 -9999 -9999 -9999 -9999 -9999 -9999 -9999 -9999 -9999 -9999 -9999 -9999 -9999 -9999 -9999 -9999 -9999 -9999 -9999 -9999 -9999 -9999 -9999 -9999 -9999 -9999 -9999
-9999 -9999 -9999 -9999 -9999 -9999 9.67415994457 8.45551935607 6.70078980833 6.52098850387 6.19514413834 7.33746599604 6.57756208269 5.44649894934 4.92882004597 5.29911728922 4.88364940417 4.58094913293 4.99090073056 5.0799218301 5.39983393122 5.9231630447 6.23044758629 5.4024983812 5.25375213679 4.96820591162 6.94571384137 8.00358126971 9.28242642092 8.96155982935 9.77858417365 9.70755354304 -9999 -9999 -9999 -9999 -9999 -9999 -9999 -9999 -9999 -9999 -9999 -9999 -9999 -9999 -9999 -9999 -9999 -9999 -9999 -9999 -9999 -9999 -9999 -9999
-9999 -9999 -9999 -9999 -9999 11.3401766054 9.94256661533 9.94944052481 8.18136092755 8.27385169706 7.61719036337 7.12888542665 5.68866171642 5.72989451299 5.37463128735 5.99462003059 4.92437512665 3.99809572099 4.7814340649 5.0878448228 5.41921857402 5.29655036062 6.01641876276 6.14078707631 5.62355146244 5.80687488904 6.66316245844 7.06653707419 9.04312241808 8.91469295501 8.49294360439 8.7801724993 8.06139895148 7.87165884019 -9999 -9999 -9999 -9999 -9999 -9999 -9999 -9999 -9999 -9999 -9999 -9999 -9999 -9999 -9999 -9999 -9999 -9999 -9999 -9999 -9999 -9999
-9999 -9999 -9999 -9999 -9999 11.9340177517 10.872383923 10.9206482783 9.36898870683 8.93878939116 8.36194545524 8.69088929766 6.86474966062 6.90502824777 7.38456588769 6.96796973398 4.85845443694 4.00315023031 5.1592501756 4.64029583577 4.75005065965 4.95579677713 6.01574357295 5.861998045 6.04999807368 5.00317126184 5.12549622038 4.89435983433 6.78536278274 6.73118731392 6.55135393644 6.81976736912 7.59517414345 7.38489848645 6.94953829368 7.45723314397 -9999 -9999 -9999 -9999 7.7911629773 7.85456985298 -9999 -9999 -9999 -9999 -9999 -9999 -9999 -9999 -9999 -9999 -9999 -9999 -9999 -9999
-9999 -9999 -9999 -9999 -9999 11.3979336557 10.461755112 9.71240062658 9.65168011222 10.0246743428 9.08950863119 8.82555847898 7.52730741769 8.14012849595 7.81851663509 6.20624782991 4.96110998046 5.84904644741 5.67331963408 6.11655418205 5.21359933921 4.89812654132 5.34785477984 5.21414414173 5.99275330016 5.03386379049 5.0428709468 4.527111122 6.53869889928 6.65378981616 6.53422094651 6.71538363762 7.52792266062 6.45342223491 6.05769822436 7.64301547219 7.6498031704 -9999 -9999 8.26640263384 8.40190211845 8.21635724521 7.97126287356 -9999 -9999 -9999 -9999 -9999 -9999 -9999 -9999 -9999 -9999 -9999 -9999 -9999
-9999 -9999 -9999 -9999 -9999 -9999 12.3541848875 11.8509322923 11.1282683348 10.8100594313 9.33649795035 9.84368304484 9.55956396867 9.62472127453 6.52900387123 6.1985101611 5.73422787033 5.59965152296 4.98208098176 5.52056256523 5.30538119578 5.44803861848 5.36300833408 5.63883260668 5.59855402629 5.23233120612 3.73358479317 3.82931184102 4.78113619975 5.62720064341 5.3571258968 5.83736908258 5.15540208886 5.21107748102 5.51258093132 6.67494204402 6.14810769287 5.16950077097 7.6344349667 7.50053171479 7.39899473128 8.1674738425 5.95625837572 4.91001022131 -9999 -9999 -9999 -9999 6.39347016058 5.87516468737 4.22290480815 -9999 -9999 -9999 -9999 -9999
-9999 -9999 -9999 -9999 -9999 -9999 -9999 10.9704771238 10.5578093453 11.3839921192 10.5011614802 9.89724256662 7.77352248558 6.83995127807 5.86391382829 6.96045150863 6.63807556446 7.18985816639 6.6200353951 5.96914073197 5.10168495237 5.1172933513 5.1859892843 5.22869577513 5.32697688961 5.01333979437 3.93138778522 4.62114331149 5.62136221161 5.21263261117 4.95136102915 4.98795751237 5.32162355217 5.47918662541 6.77747689628 6.74948339893 6.10969300095 6.12785447238 7.54491667992 7.52971700767 6.20552215761 5.576929986 3.64933358598 3.03247026723 2.59847488035 3.00181049586 3.27498220397 2.75921468092 2.64145333367 3.95841886649 5.02177450879 4.88227226525 -9999 -9999 -9999 -9999
-9999 -9999 -9999 -9999 -9999 -9999 -9999 -9999 10.1930488257 9.99708326284 10.4093984156 11.037736312 8.96615657325 9.43812676417 9.10018532287 8.80088531847 7.00422294235 7.03180500129 5.86084168126 6.23722307059 7.32109577842 7.1369008005 3.04231494518 1.4484799937 1.45271488694 1.3364547623 2.80115909169 4.5871941087 3.90312348875 3.30257912657 3.68948168573 3.63255520912 4.0970260443 3.79599393171 4.71059767942 5.37736435498 6.12430827207 6.30418680851 6.38326783156 6.22518848752 4.80903675019 3.42840491554 2.28387276364 2.07198521451 1.97148324811 1.78982231089 2.10569786422 1.85680694274 1.68962578469 2.69410110608 3.36353391963 3.66150396611 3.30974180073 -9999 -9999 -9999
-9999 -9999 -9999 -9999 -9999 -9999 -9999 -9999 11.5427051096 10.7160703025 9.96645917241 10.0092166685 9.12870296089 9.09096244434 8.06050777197 7.94950888259 6.22027013484 6.50432475706 6.24348492034 6.52478495782 6.5475212589 7.03823449788 2.81274677682 3.19552650853 2.15669397555 1.20779657212 1.64989589399 3.25221574529 3.58509490547 3.00817700209 3.39239629009 3.50738613149 3.63456963075 3.69531765681 5.36104168492 4.69373304489 6.4487694322 6.17226610565 6.36990154583 6.30373580528 6.18585009982 3.56701283803 2.11311907503 2.10600861201 1.79692848006 1.7755450663 2.07748850051 1.90677195355 1.91052092083 3.71687614058 3.45042402882 3.46430404513 3.60581304406 4.51671244201 3.77388558933 3.92773032899
-9999 -9999 -9999 -9999 -9999 -9999 -9999 -9999 -9999 12.3763010088 11.0807432988 9.83334420634 9.39822605175 8.63130926779 7.57124508946 7.59120032053 7.93109304331 8.28623453093 8.51448916398 8.57384183857 8.18556832401 7.12430600796 5.12546197112 6.09432859012 3.73081226326 2.94594694108 1.48671433476 0.955185420563 1.27958444102 3.89647829461 3.40972992099 3.2429105521 3.21004312471 2.69977815413 3.70380161947 4.4088456221 5.38519020762 5.20612556917 5.19124409845 5.22206493556 5.13797887713 4.31493065845 1.63575974491 2.07587150751 1.51864722966 1.28885139874 1.11353061285 1.15950110361 2.17547444479 2.45643355242 2.40142135633 2.3372570206 2.77030493427 3.61232670596 3.55642473194 1.70543510459
-9999 -9999 -9999 -9999 -9999 -9999 -9999 -9999 -9999 -9999 9.52382940348 9.56999807518 9.22052966228 8.56946946585 7.17943159515 6.76701210757 6.6534652355 7.925419586 7.15417566594 6.27688403067 5.99257173583 5.65843522535 4.75918688317 2.93671514936 2.05265769606 3.08714398195 2.21768777687 1.46209381009 0.704954879122 1.40053972408 3.94165412011 3.95157002756 4.2650306874 3.22731248831 4.69145780201 4.64952168595 5.30220883975 5.20768489712 5.21683024051 5.23564112457 5.28628945336 4.66658541621 3.23153847679 1.97444987794 2.38197656542 2.22800548703 1.73325468779 1.33002263608 2.71020038533 2.6915968581 2.67446624204 2.59179113138 2.38646153967 3.05739420355 3.25028490824 1.55751503562
-9999 -9999 -9999 -9999 -9999 -9999 -9999 -9999 -9999 -9999 -9999 8.27164364707 7.11896672861 8.02854778577 7.06894986558 6.56369800562 6.40535848868 6.33722698352 5.67545701009 6.62905204548 7.18550775262 6.62067380827 4.49617011251 3.85378178305 2.19108625085 0.583909658232 1.16928030624 2.34549497739 2.63030269159 5.03596577636 0.928318025133 2.46342696004 2.8264000789 2.87356870434 3.29775113616 3.05289738814 4.35009591808 4.33036877138 4.61296167015 4.61385998115 4.08792332619 3.71526869852 3.84948311064 2.4947674638 1.75070437607 1.2161687532 1.4586507919 1.79132315267 1.8227636646 2.48872957099 2.16168849293 2.58673990814 2.7672432825 2.77672124794 2.39254043871 2.31521729937
-9999 -9999 -9999 -9999 -9999 -9999 -9999 -9999 -9999 -9999 -9999 7.58866534508 7.55463041415 7.57172309853 7.28171062049 6.6637067783 5.69026626415 5.65666714784 7.24843263216 7.29223262621 6.97491017298 7.4545713224 4.85171479125 4.16343391861 4.28766149451 4.70386602643 2.21180194605 1.40528937746 0.911121784564 2.63022114606 1.96842858741 1.27264670544 0.356775428621 0.529316405007 1.02302670793 3.11836431014 4.33592085896 4.38623210383 4.53577656814 4.36410403751 4.03959659964 4.05932182803 3.58364833839 3.69786148013 2.79846155328 2.03150973401 2.4701731445 2.94276003836 2.54992576462 1.73590191607 1.64575937889 1.68079936477 1.21173113641 2.71611033665 2.73731615476 2.53817360564
-9999 -9999 -9999 -9999 -9999 -9999 -9999 -9999 -9999 -9999 -9999 11.2658599008 9.06582804387 8.71149574941 7.13495989789 6.29373941537 4.92277450984 4.57312841429 5.03130968375 5.44254898277 6.10215606908 6.17776491309 4.18197432871 3.48221237685 3.72525831981 4.36803263191 4.15771871475 4.10979336687 3.55324926835 2.06362446484 0.982918007429 1.24830651388 2.13477181288 2.3639966708 1.20002504584 0.25797968238 0.533115121124 0.372618825787 3.07037621545 3.20270431389 3.77762644269 3.56415067371 3.78056305671 4.09452794859 4.65912019884 4.81025796941 2.35705799519 2.1217322867 1.96541574891 1.7390637877 1.2924280758 1.49487115259 1.60919545388 2.07670305306 2.57724211945 2.52864186745
-9999 -9999 -9999 -9999 -9999 -9999 -9999 -9999 -9999 -9999 -9999 -9999 8.55717613859 9.12277680647 7.84352156607 6.64141733098 5.42151246021 4.75002007661 4.33832984862 6.08455518617 6.21408413705 6.0166174569 5.36550302017 4.86437606221 4.49267753042 4.5492665069 4.20063594053 4.27696423593 4.0448439801 3.94389087461 3.9203228959 4.01998083081 2.659656577 1.05601553329 1.49902544908 3.54733757999 0.915224207896 0.372631008867 0.509970589532 3.89108583089 4.32493114943 3.44050531893 4.33471459093 4.76736011353 5.09763699104 5.10685624585 2.77879908967 2.14969598015 1.57373702234 1.73752274519 1.20873696283 0.986430561738 0.832009330057 0.856439267489 0.717126655957 1.30192111941
-9999 -9999 -9999 -9999 -9999 -9999 -9999 -9999 -9999 -9999 -9999 10.1597515083 9.83727344236 9.48191297227 8.39676885308 7.70672737414 6.12504696809 5.66060529172 4.33978149978 5.57103724292 4.97731105064 4.93174179654 4.37954423609 4.44101899047 4.11469314558 4.07896121027 3.64652741678 3.62536758285 3.57285708783 3.50657232053 3.25095078612 3.31835408046 3.16877374211 3.1476499223 3.29568388062 0.536946859266 0.590848604067 0.181094096607 0.170544834696 2.12503484542 3.18336117507 2.61665730552 5.64105601381 5.53896192038 6.48379794281 6.4321328205 5.15693788875 3.033153214 1.75846136964 1.7610856154 1.0761779195 0.664249762223 0.551505876074 0.556678632888 0.485106934928 0.546583618945
-9999 -9999 -9999 -9999 -9999 -9999 -9999 -9999 -9999 -9999 -9999 10.4509053753 11.1917333287 10.2045606333 7.94116133034 7.37183214344 6.09135247042 5.98319967079 5.57518977164 5.59725917896 4.98861283709 4.60945587312 4.47225233776 4.59494516624 4.22726583935 4.07704153173 3.46905385854 3.57869930586 3.58364357844 4.24451650192 3.8558288355 3.35675853401 3.13626642588 3.1489620008 3.24562276001 0.610215727455 0.259581001179 0.557501447507 0.214055335318 0.829395773386 2.82144467582 2.42329411765 3.96378878138 4.56726091219 4.83264001479 4.6263753991 4.47204346878 4.41580469383 2.87872919303 2.39819638639 0.987561027984 1.04688526501 0.838681561252 0.782667080982 0.687916298792 0.624511547396
-9999 -9999 -9999 -9999 -9999 -9999 -9999 -9999 -9999 -9999 -9999 12.4475604887 12.6258507371 10.832277504 9.76612496442 9.56490542821 6.49084017111 6.54957860561 5.70548022159 6.62432127915 4.58311627719 4.56949117624 5.07388660058 3.33888255512 2.11821528911 2.11425079792 2.46903909265 2.74378357835 2.54140482851 2.77713814607 2.74862173023 3.8553426698 3.66926970707 3.51445899827 2.89377286216 0.353433525436 0.117241787108 0.060097289862 0.174683714611 0.373598553151 2.92045575099 3.46312759532 2.80358287936 2.40154671191 2.76991189848 2.72584274576 3.44305362639 3.48675805122 3.00444341046 3.00886870794 1.19136030136 0.650537649428 0.517800273109 0.499821039747 0.492537357634 0.470371097745
-9999 -9999 -9999 -9999 -9999 -9999 -9999 -9999 -9999 -9999 -9999 -9999 12.8685328962 12.4379700903 10.3487844355 9.03543541082 6.67160968631 6.92341226001 5.56394698973 6.03774586511 5.04587902868 6.20863870051 2.81455064317 2.09132226892 1.96082246532 1.92789676013 1.57672280139 1.66538292943 1.49784256038 1.33228335979 1.11890138697 2.0033792172 2.87406864547 2.99031612667 2.75665817199 0.258115723253 0.164352763503 0.0795621475201 0.291031287714 0.591634241476 2.99776412011 3.2866489447 3.36194106242 2.39599506769 2.615719855 2.59950481175 3.07246385757 3.32530474502 2.7716561138 3.38181464612 2.6886397292 1.73370220848 1.19135220753 1.08360504652 0.600488860752 0.675981050454
-9999 -9999 -9999 -9999 -9999 -9999 -9999 -9999 -9999 -9999 -9999 -9999 14.970496416 13.5918787236 10.7225158573 9.32866088703 6.98895299125 7.65160588926 6.38744350166 6.32523331693 6.04927970328 6.20000512091 3.8247495673 3.14328225662 2.35828926709 2.63797793404 2.66833364998 2.43809599495 1.87047035316 2.36941969179 1.76368988229 1.9136399981 3.3874686436 3.84452300916 0.818671095788 0.27456907996 0.14829662625 0.350324389765 0.71776138869 0.697582130959 2.50968564952 2.88761411051 2.71219729319 2.67494172867 2.56383792605 2.14550230666 2.031379795 2.08386481726 1.84435201528 2.45029466003 2.10303276968 1.775380468 1.27373057112 0.327493989001 0.209049002232 0.276942475132
