data/recharge/transience/oldversion/mHM_recahrge_55.ASC
ncols   80
nrows    72
xllcorner    4374000.0
yllcorner    5656000.0
cellsize      500
NODATA_value  -9999
[rows 25 to 49 of 72, columns 0 to 54 of 80]
-9999 -9999 -9999 -9999 -9999 -9999 -9999 -9999 -9999 -9999 -9999 -9999 2.14864024041 2.03229261793 1.63842680892 1.61507312585 1.07775727957 1.07293511409 0.820667147849 1.036568071 0.830669519185 0.817229443007 0.66348800623 0.23780814889 0.2306871188 0.36798934261 0.422454090272 0.345353890675 0.224325227216 0.172565837353 0.139438949722 0.120840453404 0.168801944663 0.208969221405 0.056432496353 0.132200489033 0.136685205797 0.10122151799 0.0640244695817 0.0960441568623 0.088121482961 0.0743331683129 0.234020542173 0.437146960899 0.434867524965 0.443434482286 0.449521481297 0.447098695607 0.447534163435 0.476233738565 0.412076180178 0.133157031734 0.0505691973448 0.0361091840496 0.0381267845956
-9999 -9999 -9999 -9999 -9999 -9999 -9999 -9999 -9999 -9999 -9999 -9999 -9999 1.57166724985 1.70279129055 1.8152399062 1.39212088903 1.25738517779 0.93001806455 0.808527187254 0.76983092107 0.959243516759 0.92088511924 0.852727625316 0.555569557563 0.34088098145 0.267255881233 0.218245747365 0.197480916566 0.232761150214 0.173940466433 0.151675460579 0.331966807957 0.0539804505065 0.0590357920959 0.10656966678 0.166900953095 0.0772923880348 0.108397524148 0.0758800309064 0.0630750284875 0.0878368495613 0.0477824372813 0.0704759766164 0.100079845799 0.190359828651 0.402317635584 0.390683517883 0.120646923773 0.048352852373 0.0348359306446 0.0380919622089 0.0448294539327 0.0571226887103 0.205900272924
-9999 -9999 -9999 -9999 -9999 -9999 -9999 -9999 -9999 -9999 -9999 -9999 -9999 -9999 1.49645468653 1.52727583921 1.21171498649 1.0685636976 0.951356604478 1.04940050505 0.811194932453 1.06240493023 0.887173534115 0.771356668405 0.520130966069 0.499148600895 0.542397039961 0.482121874447 0.232034288642 0.167834023682 0.182641999175 0.30628048279 0.501599235395 0.101659431763 0.0760724454021 0.128709096726 0.123277322802 0.0797048623107 0.0917365301485 0.0612557899907 0.0663763003836 0.0655546987841 0.0893619615917 0.0595129811575 0.0393966476272 0.0492998256322 0.0402191833476 0.0415084618009 0.0360679055263 0.046020767534 0.0417398370947 0.0286239324043 0.0270719629792 0.0597653208924 0.310517286164
-9999 -9999 -9999 -9999 -9999 -9999 -9999 -9999 -9999 -9999 -9999 -9999 -9999 -9999 1.73285768685 1.43149157191 1.23180745534 1.09458884719 0.926361387555 1.00153123721 0.922371294987 1.00429643108 0.707475157785 1.02896974975 0.8584677616 0.86785690082 0.48742432322 0.539650849873 0.584947298776 0.49198113054 0.444356960765 0.599799118563 0.528466910797 0.893719177574 0.162259906601 0.177318052865 0.132191114589 0.0581075173223 0.060909313502 0.0691226474375 0.0475461394874 0.0600233515433 0.0672073117773 0.0801931370612 0.066501591535 0.0482384150396 0.0396285395205 0.157402998863 0.177871279768 0.0372817831167 0.0573570558296 0.0711899543436 0.0844239032016 0.123021342488 0.169513789291
-9999 -9999 -9999 -9999 -9999 -9999 -9999 -9999 -9999 -9999 -9999 -9999 -9999 -9999 1.94855124703 1.73466303789 1.35901951365 1.25235507495 1.18166691216 1.15990150596 0.94886371772 1.03044889732 0.978663695564 0.84524099648 0.647289312662 0.578222144061 0.633156189788 0.638304702135 0.487570708929 0.550248009164 0.512543775058 0.455081690434 0.461614291162 0.22190688651 0.458740007808 0.190723537726 0.243234129641 0.148759746692 0.176926149463 0.0775879785925 0.053481072732 0.068234518248 0.0557001942 0.0583671107785 0.0417193665083 0.0500993711187 0.0346946957939 0.055197489368 0.134536026766 0.139146662222 0.0865767932507 0.0380471985122 0.0700265185998 0.061245352991 0.0458387476407
-9999 -9999 -9999 -9999 -9999 -9999 -9999 -9999 -9999 -9999 -9999 -9999 -9999 -9999 2.49209439251 1.9786505823 1.82575141508 1.90304480407 1.57303038001 1.66068239984 1.07046397917 1.00154093319 0.920297595916 0.854035788913 0.609911853373 0.670752719595 0.558926553618 0.741225247673 0.631221372842 0.560059163507 0.55381210181 0.623948980326 0.55899440283 0.381395307487 0.218345028719 0.220576912694 0.202805082003 0.337912752686 0.175907569932 0.229784187555 0.0394032768486 0.0434971720967 0.039283332405 0.0446791765081 0.0355328427884 0.0383462608924 0.0721116307006 0.0713044426944 0.184323512608 0.227347543316 0.137881928739 0.17362067764 0.0942967738973 0.120666273842 0.114918529559
-9999 -9999 -9999 -9999 -9999 -9999 -9999 -9999 -9999 -9999 -9999 -9999 -9999 -9999 -9999 1.54843232979 1.43525179766 1.35660277556 1.44451473406 1.09051954837 0.768305056161 0.785979242979 0.881990471128 0.897416342263 0.60285551493 0.672266935592 0.561571115105 0.63360093433 0.876822481812 0.537309899211 0.453190357404 0.452815550672 0.409726559146 0.627807709881 0.235704085886 0.237896224773 0.228436119199 0.224198238529 0.224165433265 0.150367967383 0.119500622684 0.136335735702 0.0125837417236 0.0153688531604 0.0248346108218 0.0196708245064 0.0160303430428 0.0190521471987 0.0313650304745 0.0471557194468 0.0423709963398 0.0356448105153 0.0740464022919 0.171597931755 0.15595842544
-9999 -9999 -9999 -9999 -9999 -9999 -9999 -9999 -9999 -9999 -9999 -9999 -9999 -9999 -9999 -9999 1.37271139508 1.12868935294 1.18545406428 1.65076527724 1.33463564457 1.29358243639 0.803515544017 0.626735831271 0.642725051156 0.570648119064 0.479930997789 0.409693711113 0.732292530467 0.582892086603 0.640104720134 0.715415100194 1.16140155831 0.968244483933 0.241236188485 0.266107850138 0.264826971582 0.285960527033 0.288644412903 0.384684875662 0.215184185555 0.204718191824 0.120612213538 0.0375957194856 0.0151403867636 0.00921511242231 0.00705916732937 0.046936335379 0.0429090412929 0.0295356303018 0.0485082586981 0.0979785796714 0.0610986514176 0.0448447653012 0.0573820536489
-9999 -9999 -9999 -9999 -9999 -9999 -9999 -9999 -9999 -9999 -9999 -9999 -9999 -9999 -9999 -9999 1.40583862021 1.47260510409 1.56788253714 1.29591762147 0.95804497344 1.19088865645 0.950552913458 0.712060988561 0.609116092619 0.691351917492 0.52969079503 0.472082301749 0.728628984754 0.519827845058 0.578717703586 0.70776694585 0.73226981277 0.885071294123 0.42755980996 0.254639458514 0.347307038694 0.294003013546 0.284287960639 0.281285769781 0.12624712177 0.172065693965 0.141915860262 0.14350921461 0.0736605558566 0.0392375193824 0.0467817879316 0.104977771133 0.0286912515474 0.0396456366998 0.0672550168697 0.0731310792703 0.111428476003 0.124237181603 0.175596945079
-9999 -9999 -9999 -9999 -9999 -9999 -9999 -9999 -9999 -9999 -9999 -9999 -9999 -9999 -9999 0.784492301859 0.811976396127 0.904911476708 1.18874063726 1.13743364309 0.938097668675 0.967368949186 0.758134273037 0.659805400256 0.543159986606 0.595052910399 0.525453644027 0.54897009385 0.601857707279 0.538622073476 0.548303120227 0.565254004338 0.585049178246 0.446614636612 0.245112571598 0.0961711248421 0.135123553082 0.363886035781 0.354366578288 0.243238733541 0.0928938620987 0.0657556698795 0.0470122458112 0.0456462631536 0.0575939140189 0.0354865502085 0.146266936491 0.191814651807 0.0566255682218 0.0789314213025 0.0528669287877 0.0362009057605 0.0421565631432 0.0502845094652 0.0578112892697
-9999 -9999 -9999 -9999 -9999 -9999 -9999 -9999 -9999 -9999 -9999 -9999 -9999 -9999 1.00390104714 0.910508052198 0.863163377315 0.755975367267 0.772639322202 1.00915169855 0.827897683225 0.975759728674 0.703488788352 0.743921498161 0.546654743998 0.510541699219 0.44985196356 0.498002370737 0.555690419619 0.55502427975 0.486768862179 0.498021747014 0.275995845889 0.193500627062 0.199160058773 0.190108482613 0.157480567626 0.148136894318 0.0290452847634 0.0647637071286 0.0722905123459 0.0311640585417 0.0275963007351 0.0325469949138 0.0217834001816 0.0166763031013 0.0413819873992 0.0548690568404 0.0747042570947 0.0523543049587 0.0432823139213 0.0426389904217 0.0472603479773 0.0455873075564 0.0411093271825
-9999 -9999 -9999 -9999 -9999 -9999 -9999 -9999 -9999 -9999 -9999 -9999 -9999 -9999 1.1056763428 1.23726518106 1.07167809896 0.654683969002 0.491266957639 0.461887954179 0.619469062592 0.790794208725 0.66730762612 0.723752332574 0.549752157884 0.433660447861 0.264994763374 0.252169214539 0.262238664752 0.532743903364 0.565927719244 0.345150488062 0.28528950622 0.227917415572 0.181778981201 0.243333164842 0.179118891071 0.257816179062 0.110238461444 0.114884101734 0.187560136891 0.163957914281 0.0537541427466 0.046130379465 0.0446918801289 0.0190105480095 0.0469673903541 0.114458131988 0.141209554746 0.176434187895 0.173649291777 0.170447893995 0.109190000771 0.0877667838505 0.11233269831
-9999 -9999 -9999 -9999 -9999 -9999 -9999 -9999 -9999 -9999 -9999 -9999 -9999 -9999 -9999 -9999 1.10534510316 1.42532477323 1.47823869625 1.41300489253 0.822481769725 0.639504166733 0.806830552862 0.813397399217 0.594573009986 0.394220045909 0.175721973157 0.193144382916 0.134615541958 0.207132364825 0.259241619047 0.242843952239 0.235506358359 0.171055410212 0.206813529633 0.210725476454 0.178429958117 0.0891737435338 0.19491219279 0.23955640415 0.11412729827 0.0908212323606 0.146734937448 0.0922648626771 0.0261731549191 0.0346981203427 0.0308228789163 0.0383179903078 0.0734721598437 0.09591544647 0.0911734317533 0.0959096015289 0.0847157035249 0.0670930171824 0.0391042411154
-9999 -9999 -9999 -9999 -9999 -9999 -9999 -9999 -9999 -9999 -9999 -9999 -9999 -9999 -9999 -9999 1.68498898246 1.47995857346 1.39247840776 0.732998039869 0.816005129253 0.801936480355 0.56153061531 0.63991290075 0.667534907192 0.48982090116 0.364704284546 0.331096845017 0.256613797974 0.247510757058 0.330142024229 0.291950967395 0.208387917128 0.183794645426 0.114931043596 0.130584207585 0.152860066179 0.207368600669 0.113867979329 0.097052276093 0.154336910632 0.244409676166 0.214632045395 0.184567588355 0.136516438282 0.032098383306 0.0123827710669 0.0245932802467 0.0667666701844 0.0449224377595 0.0332816862291 0.0341065215701 0.0279188582824 0.033883645297 0.0340689932164
-9999 -9999 -9999 -9999 -9999 -9999 -9999 -9999 -9999 -9999 -9999 -9999 -9999 -9999 -9999 -9999 -9999 -9999 1.44253321583 0.945761775481 0.597382085785 0.791713454754 0.708884736795 0.80011457742 0.615834298619 0.486750187842 0.300827212484 0.297288236478 0.230485281196 0.217429917959 0.148759321046 0.118827609358 0.119144878039 0.149004424884 0.11136401231 0.166441488535 0.176350057967 0.101733712156 0.0981902506064 0.171799452152 0.114609650478 0.0932499029724 0.0794167627731 0.0784483651589 0.0827844366442 0.0665842546592 0.0177461673133 0.0183422591741 0.0328324901098 0.0283139982895 0.0403400248903 0.0491744504775 0.0286950678204 0.0297861231645 0.0382561600026
-9999 -9999 -9999 -9999 -9999 -9999 -9999 -9999 -9999 -9999 -9999 -9999 -9999 -9999 -9999 -9999 -9999 -9999 -9999 0.58956262103 0.600133638772 0.714051616748 0.623743793187 1.05159487833 0.710119783512 0.654329082078 0.42162497395 0.237476886008 0.138020552758 0.128155188899 0.141688471911 0.186625134811 0.127240792 0.107501862147 0.0770544686119 0.0656221124991 0.0660346126072 0.113273577151 0.10882180513 0.14617481464 0.107051760932 0.0912363485161 0.0709979719238 0.103707585982 0.120017791898 0.128428867099 0.0561618477494 0.0176646571718 0.0132658992258 0.0366500837083 0.0282355025738 0.041041665727 0.0315307018163 0.0310888897931 0.0413961721738
-9999 -9999 -9999 -9999 -9999 -9999 -9999 -9999 -9999 -9999 -9999 -9999 -9999 -9999 -9999 -9999 -9999 -9999 1.07284300112 1.34085880501 1.40630296117 1.30965102289 0.735252854313 0.754396565757 0.681644022373 0.667904255775 0.651268567714 0.369878975034 0.185229197527 0.156850282258 0.13162941024 0.226243364662 0.109717581679 0.11254044704 0.106331505808 0.142380258767 0.215968862208 0.196342851364 0.190881845301 0.182004271722 0.197037892101 0.106725490859 0.0932361768948 0.142973510484 0.117217602724 0.125170569021 0.124606124985 0.113248128062 0.0610237990656 0.0216387799756 0.0496265499816 0.0755797882121 0.0909266815029 0.101430537365 0.0674607339464
-9999 -9999 -9999 -9999 -9999 -9999 -9999 -9999 -9999 -9999 -9999 -9999 -9999 -9999 -9999 -9999 -9999 -9999 -9999 1.90853123088 1.73294570036 1.50182128009 0.784835767055 0.733645402655 0.780616422632 0.762876304293 0.540082310651 0.731108858963 0.28249002584 0.415166652042 0.727318912205 0.709791746764 0.238007056084 0.147539200309 0.163300948173 0.116776184083 0.0655867305578 0.0528120630549 0.0489749221261 0.0489464689159 0.0651769595816 0.121309932995 0.106109872186 0.19399409789 0.233868867802 0.242185925405 0.196321245297 0.115229543029 0.0829987434417 0.0402965609973 0.0102901995531 0.147185425001 0.198990329191 0.438001768776 0.153843921219
-9999 -9999 -9999 -9999 -9999 -9999 -9999 -9999 -9999 -9999 -9999 -9999 -9999 -9999 -9999 -9999 -9999 -9999 -9999 -9999 1.05990789932 1.35388146421 0.813139366661 0.671946840514 0.60284934116 0.719733743556 0.553555248075 0.769326912119 0.850450537824 0.740734682519 0.620128175395 0.592343302142 0.160544006202 0.326948493038 0.316914662277 0.225381629242 0.127252328083 0.163130614817 0.171389021041 0.149662323125 0.108985328031 0.179401069138 0.216488342801 0.174396454072 0.292991628324 0.227638888418 0.183868808074 0.226411279818 0.176931407391 0.111583490962 0.0735000533486 0.0355181101806 0.014037446972 0.0288408016528 0.117027714771
-9999 -9999 -9999 -9999 -9999 -9999 -9999 -9999 -9999 -9999 -9999 -9999 -9999 -9999 -9999 -9999 -9999 -9999 -9999 -9999 -9999 1.13076519729 0.914470694804 0.901548504196 0.578615023213 0.511930489891 0.542237213792 0.775944279916 0.694894264487 0.654966224035 0.788566870495 0.749097159039 0.190652626483 0.366691610244 0.289964212821 0.262114377212 0.205791866497 0.132682689919 0.120150665328 0.127534040259 0.231520370797 0.257884268361 0.333583524474 0.188574782855 0.148268219467 0.0916987446102 0.146558070223 0.173309535867 0.188345492252 0.270697117352 0.55313562316 0.19976305594 0.0884833619513 0.0384940712021 0.00623528341608
-9999 -9999 -9999 -9999 -9999 -9999 -9999 -9999 -9999 -9999 -9999 -9999 -9999 -9999 -9999 -9999 -9999 -9999 -9999 -9999 -9999 0.742187234923 0.667131356544 0.673852443114 0.677300574498 0.893501498439 0.696632839436 0.461279632544 0.324429397697 0.718660531193 1.1047115559 0.657333526563 0.247359591174 0.194983182932 0.0994385619255 0.143455889563 0.131258029333 0.147363968418 0.138890363152 0.204520032311 0.237382987254 0.217650855653 0.145617289816 0.145788103466 0.246127049435 0.223613512564 0.212416421093 0.202357587877 0.124456730319 0.128577723369 0.445589493018 0.322947469158 0.0671767372772 0.0161174760581 0.0207356400589
-9999 -9999 -9999 -9999 -9999 -9999 -9999 -9999 -9999 -9999 -9999 -9999 -9999 -9999 -9999 -9999 -9999 -9999 -9999 -9999 -9999 -9999 0.748260860885 1.0741965386 0.758204386519 0.773913412881 0.619443954462 0.41514369067 0.274424693873 0.282807948164 0.331214663044 0.367080115591 0.219314430369 0.229383160566 0.322742975606 0.195485844296 0.240700371891 0.208536147581 0.215265197065 0.210837769999 0.236548575173 0.11288907349 0.145232265705 0.231046321843 0.111304053325 0.0959233274234 0.0834696304176 0.127327859596 0.215747537912 0.249310860311 0.267513975638 0.274323244834 0.145895905983 0.0451806564168 0.00929696497741
-9999 -9999 -9999 -9999 -9999 -9999 -9999 -9999 -9999 -9999 -9999 -9999 -9999 -9999 -9999 -9999 -9999 -9999 -9999 -9999 -9999 -9999 0.824332818897 0.764892040791 0.695183678518 0.930740128204 0.715052407708 0.366037333016 0.327513572654 0.343949860836 0.283503836754 0.301678519973 0.31379916906 0.286254079368 0.203970941623 0.355939395335 0.212382077252 0.196335618435 0.299688117792 0.275541040042 0.141905015641 0.246041777522 0.150352779519 0.100570752106 0.0952551651668 0.150704029069 0.258781855867 0.253692945028 0.109993522552 0.0934242064212 0.0924666517644 0.180850755251 0.0293977206986 0.0947885242409 0.0446904693795
-9999 -9999 -9999 -9999 -9999 -9999 -9999 -9999 -9999 -9999 -9999 -9999 -9999 -9999 -9999 -9999 -9999 -9999 -9999 -9999 -9999 -9999 0.770823797927 0.972003993275 0.955572277909 0.921450709981 0.655014831262 0.582036260819 0.371186112336 0.470844055371 0.338023716425 0.260963203858 0.233582589466 0.276149109759 0.367098874318 0.181923469176 0.198111623626 0.34358407872 0.28453191177 0.235758875424 0.275875399352 0.17877717045 0.11328820164 0.169494462559 0.267985631321 0.239452016287 0.271816543372 0.211923876923 0.157505942233 0.157905717913 0.258740221018 0.188299722466 0.0754538913399 0.086441775464 0.109521897612
-9999 -9999 -9999 -9999 -9999 -9999 -9999 -9999 -9999 -9999 -9999 -9999 -9999 -9999 -9999 -9999 -9999 -9999 -9999 -9999 -9999 -9999 -9999 1.1350516299 1.12033621639 0.969469197325 0.588696094105 0.558400249798 0.359769052422 0.419843738914 0.345926263966 0.414089032453 0.363701664107 0.464533721842 0.280030345935 0.346458677077 0.410115206834 0.307149149164 0.15216085675 0.141050277482 0.0956527568343 0.159922787794 0.283758593485 0.29397009185 0.237560429896 0.191826140383 0.0900428803604 0.0806170117536 0.0865101130995 0.0988591481576 0.0760215883821 0.110891987765 0.131539628814 0.153906312146 0.0626300753988
