data/recharge/transience/oldversion/mHM_recahrge_483.ASC
ncols   80
nrows    72
xllcorner    4374000.0
yllcorner    5656000.0
cellsize      500
NODATA_value  -9999
[rows 26 to 51 of 72, columns 0 to 56 of 80]
-9999 -9999 -9999 -9999 -9999 -9999 -9999 -9999 -9999 -9999 -9999 -9999 -9999 31.9678537774 31.0859410489 30.6590703283 30.1244242937 30.8787904366 29.5630250021 29.2378523289 27.8312831233 28.103105614 26.9212871911 23.011641336 27.51480969 27.3453401401 26.3664015924 25.1420259551 23.6242560481 24.0203026289 22.1014125113 21.9484387773 21.9620261471 29.4768533723 28.162648864 9.51131247089 18.1079445048 26.4219552528 20.7320111704 16.0460646424 14.9980389246 17.2632385645 15.1700818069 16.7397185807 17.1084372845 18.2567911872 18.2270718662 17.984682012 16.0451070507 13.6465548869 12.630096629 13.0201037553 13.1634065732 12.5678210854 8.20593107665 13.0411014766 11.4403630578
-9999 -9999 -9999 -9999 -9999 -9999 -9999 -9999 -9999 -9999 -9999 -9999 -9999 -9999 30.8175772573 29.9439387541 28.928661996 30.5396085643 29.4392330638 29.7741460784 28.1612113839 28.3359365153 27.4150540432 27.265649295 26.097959597 25.7073364512 25.302937377 26.97313106 24.7641713765 23.2829863834 22.5712341413 22.9244881132 22.266275587 30.823970884 27.2991983653 15.2844432205 19.6107278467 20.0582340513 17.154091862 13.9458889779 12.9727328872 16.155241174 16.7747238056 15.8055764264 14.0991689554 14.8055358941 14.7598794639 14.2773113459 13.6892038139 13.7326753782 13.3041493732 11.9178464607 11.3167410719 11.7871474747 7.04794227715 11.3577984401 16.4631833971
-9999 -9999 -9999 -9999 -9999 -9999 -9999 -9999 -9999 -9999 -9999 -9999 -9999 -9999 8.89287580503 19.5838740977 29.6628635909 31.1450336375 30.8738023806 30.6508682612 29.7996639034 29.3282509794 27.2573376576 27.449818544 26.5317624159 27.1235548504 25.0146361291 25.2576859055 24.6628824197 25.5288869103 19.3809387854 10.5944721855 22.7514084261 27.721571624 30.2555678244 10.8402482259 19.2707187785 17.3387948387 13.5723010348 12.4484111929 13.660774439 14.4665176767 14.3817067876 16.0526486581 15.0600809067 14.1129289438 9.57451279325 6.84796064969 7.68833260166 13.052903497 13.5999834104 14.2612891925 14.6159056768 13.2062509703 12.7016196654 13.2503291507 24.3711858717
-9999 -9999 -9999 -9999 -9999 -9999 -9999 -9999 -9999 -9999 -9999 -9999 -9999 -9999 14.5170337677 21.2137449642 30.1601684314 31.7968836303 30.2066832596 30.3265806623 29.4328679778 29.4685140557 28.0270402635 27.4580946282 26.6821055944 26.0670969025 25.5033231211 25.7430431711 24.0899798448 24.4329534342 23.1308552067 22.0434464578 22.0107481933 31.0147616844 28.614257512 8.93179034237 12.0256616822 25.8601825449 6.72362337226 11.164856444 14.0583981627 14.7662987281 13.6464016448 13.8556858424 13.4070919011 14.2238848492 12.4124110585 13.9097861338 16.0621833578 18.129731035 19.2219589816 17.8723202624 19.9091013568 19.3045489356 18.6716590741 19.2101051178 16.0432172354
-9999 -9999 -9999 -9999 -9999 -9999 -9999 -9999 -9999 -9999 -9999 -9999 -9999 -9999 33.0254502266 31.9785731859 30.8382549437 30.8384218477 29.6661184443 30.6567178639 29.7094495767 30.2388109065 28.706881124 28.1193176519 27.0449664862 27.3084713632 25.4086853331 25.9563257507 24.3684781443 24.2291414889 23.223811415 23.4791564737 22.4781266952 15.4133176416 9.11204608104 9.14620312413 8.36683092835 18.1814606297 7.48089886629 10.6432312019 18.9413579274 16.0742672995 11.7414279774 12.1608867089 11.5130226063 12.7858271808 16.6222701696 20.1127926922 24.6844969893 25.5963204362 22.9161015339 23.2658093085 20.0404730285 17.6135634463 15.5610945126 14.7547296784 15.5143037193
-9999 -9999 -9999 -9999 -9999 -9999 -9999 -9999 -9999 -9999 -9999 -9999 -9999 -9999 -9999 32.0612922743 31.3851666342 30.6846622266 28.2013770502 28.7559012769 29.2762438671 30.3282474599 28.376098584 28.5136184093 27.0833856021 27.173028408 25.1750561717 25.4106076728 13.2410243629 23.4704945459 22.4316077872 22.3747946109 21.0949691107 14.002001204 9.35694753298 9.38600463611 8.75785817337 8.69832985872 8.27743663554 7.97108540599 7.12374381147 11.0311785556 15.8632920167 15.0532317132 13.1229721447 15.6708062819 16.1313364878 16.6499106252 18.5493395499 17.380769302 12.8657750203 12.2624321473 14.3727558796 16.5802136408 16.3042781463 16.2448164623 15.7843922198
-9999 -9999 -9999 -9999 -9999 -9999 -9999 -9999 -9999 -9999 -9999 -9999 -9999 -9999 -9999 -9999 30.9522415873 30.9986188361 29.5383877315 30.0957011291 30.0570780111 30.2949942306 28.0439927 28.430416224 27.6103888724 27.1793309468 25.4198657232 22.6820282817 12.6099455681 20.0607802298 22.2225297883 14.9208190927 9.6975421134 6.54537074832 9.07121441591 9.38064200882 8.94364781845 9.17653396946 8.8224297602 11.7676196121 22.5087680322 21.4573250484 22.5616607225 20.5671058587 15.1049057393 13.5272759561 12.1250260183 15.528811768 12.2465582801 10.8474264695 12.6577241333 14.78995573 13.5801084405 12.5605920787 13.3417411368 12.7228869219 12.2951791631
-9999 -9999 -9999 -9999 -9999 -9999 -9999 -9999 -9999 -9999 -9999 -9999 -9999 -9999 -9999 -9999 33.8244103742 32.353008803 30.4047054864 31.5642971213 30.2343204925 29.7314423415 28.0140418486 28.0479430632 27.3487449649 27.5741590525 25.5001445434 25.0147636988 12.9080734351 19.0656948118 13.8195381618 9.829532046 10.9899947979 7.82265948375 9.46688819563 9.24289558826 11.1810949428 9.30529456562 8.77621630666 9.37852722503 20.1788271173 14.9400907025 19.7969039808 24.561650559 20.3120826982 18.1589212489 19.5384665496 12.811410193 11.56565966 11.9815789225 13.6712756128 13.9195068598 15.2975351847 15.5931806511 16.4812706415 14.9672657533 12.3511073844
-9999 -9999 -9999 -9999 -9999 -9999 -9999 -9999 -9999 -9999 -9999 -9999 -9999 -9999 -9999 30.9411493878 31.0741639189 31.9761506349 32.5326060815 31.8029840487 30.0345126287 29.2282794363 27.6903025406 27.5857339607 26.6811614222 27.1633420241 25.4266123396 25.4427295199 17.3454542351 21.912305899 22.2570005212 22.4498742554 22.0280194342 17.46099405 16.5356626271 21.9433892845 20.8784850007 19.3124026818 15.763925881 8.36524034426 19.9466136154 20.803786168 19.6371909548 19.5297521656 18.7771799627 17.083985035 9.18823264969 9.4229614869 12.9570141401 13.4396146984 12.2455739676 10.8950449414 11.5782669568 12.2167290982 12.7656713936 12.9302726272 13.1376804762
-9999 -9999 -9999 -9999 -9999 -9999 -9999 -9999 -9999 -9999 -9999 -9999 -9999 -9999 31.0673429413 31.7524110577 31.3378350824 31.9015703238 32.7320780725 31.845130379 30.8153315962 30.4531801924 27.9974104649 27.9428582621 26.0563418356 26.610946333 25.0144117936 25.0808859642 23.2042537332 23.2954943064 21.9199813079 22.1869442502 21.3742985385 21.4633974778 21.0139861664 29.347139838 18.0959064721 15.6185863311 24.1133542453 23.1925179183 20.5094677608 18.4866481464 17.7413686517 18.3269953252 15.4234407097 14.5229060859 13.9202093547 15.849370724 13.2873431233 12.1825223281 11.5862563786 11.5287659479 11.9999508809 11.8517543264 11.5423802114 11.916708696 11.1784511343
-9999 -9999 -9999 -9999 -9999 -9999 -9999 -9999 -9999 -9999 -9999 -9999 -9999 -9999 30.4727883556 32.488456393 31.4658322015 31.2140959281 29.631512436 30.245408332 29.0051074877 29.5529212482 27.681030639 27.6751001997 25.3172104192 25.4595097501 24.6687852054 24.8786293125 23.7235136766 23.1383953769 22.2802641017 23.201960443 19.7042021159 19.3354767577 18.0345510134 22.7828466669 26.4564612533 27.8725483512 23.1592342039 23.3263980472 24.3832347432 23.8577059227 18.2157894701 17.6497107759 16.4828000954 13.5244397963 16.2884850977 18.2816810361 14.9124049048 15.4017384529 15.3828506071 15.3561749155 13.8580873981 13.2324377709 13.7217156393 13.5348650284 11.9701104047
-9999 -9999 -9999 -9999 -9999 -9999 -9999 -9999 -9999 -9999 -9999 -9999 -9999 -9999 -9999 -9999 31.981423678 32.1990502635 31.6961770788 31.4519810302 30.4136931211 29.5511614118 28.2701842196 28.1316201856 25.6253472656 26.2528137595 22.2035685722 22.500640114 20.3517534333 22.7364184846 23.046112324 20.775711024 19.3294660404 18.5436408277 18.0188131916 18.0694761926 21.2528780861 23.1845636606 24.1102790638 21.9178938618 18.2295174836 19.0320459726 20.4916039048 19.653515325 14.6191523434 15.5995285297 14.8446629015 15.2142583136 13.0648459485 13.7664247105 13.6499369468 13.795479766 13.110025421 12.3742001167 10.2982200735 10.641322382 12.6551349376
-9999 -9999 -9999 -9999 -9999 -9999 -9999 -9999 -9999 -9999 -9999 -9999 -9999 -9999 -9999 -9999 32.5673288636 32.4918665892 32.0924731771 30.788388614 29.6946522783 30.0165726357 26.886130099 27.0623722574 26.0754945067 26.5686537466 23.4860965216 23.2915477338 21.8533541438 22.4454743584 22.1155982018 21.8308201546 19.8717172398 18.5776208841 16.1671296612 16.5149573123 16.1545296376 16.9081216166 14.6500322595 14.098401919 14.925353526 16.2423749549 9.64138511506 12.9490285729 18.5840400974 14.4818932031 10.5603398839 13.1245927331 11.9060961057 10.5103242368 9.2908082552 9.37655344116 8.00428856082 8.73474494157 8.41025037664 8.44047071838 8.19680836755
-9999 -9999 -9999 -9999 -9999 -9999 -9999 -9999 -9999 -9999 -9999 -9999 -9999 -9999 -9999 -9999 -9999 -9999 32.1352620862 31.2637822819 29.3833793124 29.7070710326 28.2763124126 27.3021485563 25.7424897575 26.2837433194 23.2404127225 23.4654659503 22.212731153 22.1132434333 20.044319187 19.4186659458 18.5318257987 18.7418986032 16.0646450715 17.1251784135 16.5233654994 15.0277468339 14.1731878639 15.8702030754 14.0086833901 13.3441259845 12.1970835672 12.1581066639 11.5125404035 14.2904666579 11.6605476489 11.8214157157 14.1128354051 10.1321402363 9.9975437114 10.8796690218 8.1303509863 8.28201494316 8.85895949859 9.23958995199 8.64575478944
-9999 -9999 -9999 -9999 -9999 -9999 -9999 -9999 -9999 -9999 -9999 -9999 -9999 -9999 -9999 -9999 -9999 -9999 -9999 30.032905166 29.3826276267 29.5386942782 28.6680355884 28.8918029964 26.2009265856 25.9809791789 24.1263866043 23.3598520002 20.0723269623 19.8679203817 19.0610923675 19.9591557421 17.9101526739 17.1800809164 14.9288613951 14.561394971 13.9730241898 15.2371190886 13.7674491176 14.4507237297 12.8430891233 12.3596919146 11.160900582 12.380399127 12.2645640031 12.4896729221 12.9862794165 10.9043351037 9.44514364036 12.9976454411 10.2688275411 8.93784205527 7.54966347154 7.50067308797 8.26278069364 8.01249387371 6.70937324578
-9999 -9999 -9999 -9999 -9999 -9999 -9999 -9999 -9999 -9999 -9999 -9999 -9999 -9999 -9999 -9999 -9999 -9999 30.7883882954 31.1868587819 30.7748115094 30.630787639 28.6254485372 28.3983589338 26.0159141111 25.9024457943 23.2002140811 24.6559849202 20.8806891633 20.4564621913 14.1656173017 7.73586466027 16.4275107901 17.7295059427 16.6118830002 17.4222868232 17.7657116442 17.5577431351 16.5795534191 16.113196135 14.8345667802 12.8420535533 12.354681904 9.90049904079 11.5187502878 10.2371838626 12.924263373 16.8943962793 14.4670197383 10.9605707972 12.0866715562 18.1917132382 15.2327804212 12.7627760467 10.6489015173 9.23295085905 8.39611393843
-9999 -9999 -9999 -9999 -9999 -9999 -9999 -9999 -9999 -9999 -9999 -9999 -9999 -9999 -9999 -9999 -9999 -9999 -9999 32.0848745515 31.3705884262 31.127033738 28.432650479 28.2088785316 26.3601249734 26.1169547229 23.0179067245 22.9113120554 22.9376360323 23.668592115 15.7603135647 15.7599796404 20.1752646213 18.0311915634 15.3212091103 14.3464474649 13.461991639 12.7151230216 11.6220574146 11.634082844 11.4393160148 12.5884898393 11.28559252 9.2283818727 8.47254456067 13.6614977687 13.0694417121 12.1937826283 14.8727421937 12.4350467208 6.84913353011 7.58837419197 9.26711013561 6.26925080405 13.2457622392 7.78347362697 6.34282420446
-9999 -9999 -9999 -9999 -9999 -9999 -9999 -9999 -9999 -9999 -9999 -9999 -9999 -9999 -9999 -9999 -9999 -9999 -9999 -9999 30.8418718769 31.1677538155 28.4561201846 28.7634159005 25.7191183391 25.9746624162 22.9444617626 23.026803759 22.7308986648 22.4217618685 21.251626213 21.1422515518 19.0777129906 14.583734701 11.113774623 13.8758987044 15.2018454828 15.4537783517 15.0284223229 14.3682353215 12.3797594368 13.8068559186 14.0974579872 13.4503020124 14.7697633161 14.037363986 12.8555406035 13.4863354774 13.0785861503 15.4819921098 13.6796633033 11.1204032362 7.73172342751 7.16676666654 10.8324525614 9.83240848478 8.25264641656
-9999 -9999 -9999 -9999 -9999 -9999 -9999 -9999 -9999 -9999 -9999 -9999 -9999 -9999 -9999 -9999 -9999 -9999 -9999 -9999 -9999 30.8632823919 28.844219055 28.9521454759 24.6913966673 24.343787198 22.5987869959 23.4007220656 22.176239515 22.1011344277 19.6876083795 21.3994418973 18.8842250083 10.4578060128 17.3413694254 17.7923452422 15.0256269533 13.6529013462 12.6749066149 12.9139054718 14.4393653586 14.7045435422 15.2749115203 13.7493762126 12.6799426398 11.1104083398 12.2120916246 12.7578913911 12.3689361674 13.4433450843 15.2673037996 11.7564468319 11.6808699086 10.291877144 4.94096587212 6.15552563378 6.48031144815
-9999 -9999 -9999 -9999 -9999 -9999 -9999 -9999 -9999 -9999 -9999 -9999 -9999 -9999 -9999 -9999 -9999 -9999 -9999 -9999 -9999 29.9673942795 28.2887836199 28.2105333146 25.9072887189 25.5954889774 23.7631256994 24.6258619617 23.2148467685 21.6151513421 9.6105199016 19.8316308811 20.4373920913 18.6025342483 15.0304189383 15.1948033678 13.7927275676 13.8049869038 12.8532745861 14.1315432816 14.4861338888 14.2666804387 13.0315732218 13.0254090093 14.2149716978 13.9279796917 13.348641398 13.2115627063 10.9089907623 11.5003546084 8.16707202213 5.3709316037 10.0128730427 7.56564015789 7.55485381391 5.33629770855 5.33722185601
-9999 -9999 -9999 -9999 -9999 -9999 -9999 -9999 -9999 -9999 -9999 -9999 -9999 -9999 -9999 -9999 -9999 -9999 -9999 -9999 -9999 -9999 28.0857606346 28.6751902021 26.8796124645 25.8516630326 23.6437003986 24.996653442 21.3030795627 22.028419653 22.0408400247 22.3071683999 18.8223204948 17.8126262195 17.2317209952 15.9547456743 15.3717040352 14.9296859312 14.3470461351 14.5214789791 14.7387693028 12.6819162817 13.0803176667 14.3501725924 11.5941525646 11.0299572722 9.93829503563 11.1891320387 12.4152142367 10.4276970579 4.07659396779 6.40668235951 13.6293271815 10.2194572428 5.37239325791 4.73704940546 4.93719991096
-9999 -9999 -9999 -9999 -9999 -9999 -9999 -9999 -9999 -9999 -9999 -9999 -9999 -9999 -9999 -9999 -9999 -9999 -9999 -9999 -9999 -9999 28.3646781475 28.1020838621 26.5411598053 26.3175910973 24.014133989 23.5735728128 21.6566773397 22.0279010075 20.27995303 20.4252014505 19.3168735628 17.9217685184 16.0476257587 17.4258930588 15.2395779389 14.8881670129 15.3824850452 15.3188876842 13.3400604274 14.8481879724 13.1707681015 12.0061472598 11.3191813021 12.5425984559 13.6156087737 13.6981101852 10.5753672877 10.0395971832 9.45475348439 11.8167947216 8.87048051576 12.7847486495 9.28112081338 8.6944079429 6.69884149694
-9999 -9999 -9999 -9999 -9999 -9999 -9999 -9999 -9999 -9999 -9999 -9999 -9999 -9999 -9999 -9999 -9999 -9999 -9999 -9999 -9999 -9999 28.0387500226 28.3139503531 28.280904414 26.9504712491 24.5416388029 24.2303990397 22.1964073218 22.9788582379 20.822438259 20.1500796829 18.7666034338 18.1646004627 17.7951594384 16.0072037917 15.3920832512 16.801061528 15.9040951059 15.4490448519 15.2146090576 14.0187577203 12.1714955455 13.3344328087 14.2711856276 14.0182248724 13.8570700478 13.1193716344 11.3935408659 11.4062053046 12.2814271401 11.2861743695 11.7841564773 12.2396414345 12.0943422171 12.5179032944 8.89591049048
-9999 -9999 -9999 -9999 -9999 -9999 -9999 -9999 -9999 -9999 -9999 -9999 -9999 -9999 -9999 -9999 -9999 -9999 -9999 -9999 -9999 -9999 -9999 28.7730854386 28.4229519842 27.1824651104 24.2617860777 24.0077690497 21.8879569494 22.6730258762 20.8501989551 21.3350720116 19.9381080329 19.9164600907 17.1303484798 17.6631132326 17.2101507129 16.5150724459 14.2104308517 14.3552998891 12.225775943 13.6847693496 14.8991766104 14.876569359 13.9834245202 13.3722162176 10.5134286307 9.99262292473 9.48141948436 9.89473293503 8.43647567587 9.58182863816 10.189095518 14.1501390102 10.1509010619 7.70759272734 9.97764755784
-9999 -9999 -9999 -9999 -9999 -9999 -9999 -9999 -9999 -9999 -9999 -9999 -9999 -9999 -9999 -9999 -9999 -9999 -9999 -9999 -9999 -9999 -9999 27.729737012 27.9965275086 27.0460929404 24.4112772562 25.2241610336 22.4266321436 23.4076687586 21.80569506 22.1852191406 20.6610038085 20.2018551682 18.192950105 17.8939483528 16.7576759986 16.0033541045 13.5868630198 9.5816892938 16.8254204346 17.0900577735 16.8162863115 15.0618217063 12.466339848 12.8736506553 13.1861097955 13.804183532 12.3711445674 12.2262830573 12.4844836783 12.6897033944 10.0444343068 10.4221607233 8.1974571126 10.4907963195 8.21726244223
-9999 -9999 -9999 -9999 -9999 -9999 -9999 -9999 -9999 -9999 -9999 -9999 -9999 -9999 -9999 -9999 -9999 -9999 -9999 -9999 -9999 -9999 -9999 -9999 28.942112085 27.2892403563 24.5527131096 24.819172225 22.8629420173 22.63911256 19.6032144386 14.3534007805 17.867565194 20.3525673339 19.5384034238 16.7868158223 15.4329554508 17.3887049339 16.0119286826 15.5388886966 17.6097687553 15.3538760681 14.3340805492 14.6127474151 14.4038138152 13.9375879727 11.7911379995 12.9037839859 13.17312711 12.4432654222 10.5858650669 9.57334767216 9.57083540092 9.45525993158 11.6655995366 8.72439066829 8.73513539267
