data/recharge/transience/oldversion/mHM_recahrge_402.ASC
ncols   80
nrows    72
xllcorner    4374000.0
yllcorner    5656000.0
cellsize      500
NODATA_value  -9999
[rows 25 to 49 of 72, columns 0 to 55 of 80]
-9999 -9999 -9999 -9999 -9999 -9999 -9999 -9999 -9999 -9999 -9999 -9999 4.68142803142 4.28298641907 3.54866307152 3.53337544887 2.5045090881 2.47828626856 2.09708895501 2.60673692785 2.22459672408 2.1026289055 1.87559239788 0.901136795937 1.1644910657 2.04509227318 2.5513470254 2.26375891975 1.68136848375 1.37498620971 1.098248509 0.975482188277 0.668469400938 0.734971087275 0.813709098406 0.381175390995 0.426831213296 0.897415658516 0.640230975511 0.65618476852 0.519202948867 0.326016706175 0.345502181228 0.466333303608 0.404540015006 0.421542921379 0.390080858999 0.385401969221 0.341405407399 0.390153564299 0.322913829983 0.254963704044 0.208510906915 0.161821778396 0.159593819543 0.159982829148
-9999 -9999 -9999 -9999 -9999 -9999 -9999 -9999 -9999 -9999 -9999 -9999 -9999 3.44571846397 3.82365023268 4.05993100306 3.34458838553 3.10290824367 2.46909242777 2.1581530735 2.12312688549 2.5188387593 2.63071594468 2.4782271695 1.99101089505 1.52425235799 1.58042391727 1.4843747821 1.36699348174 1.5569067815 1.1819138682 1.02702756355 0.817762341208 0.716189696602 0.744495679054 0.115310120338 0.257100301632 0.748712433796 0.764472927361 0.495657048413 0.381264101724 0.577436293796 0.341250918862 0.33651314546 0.234919962975 0.249386085849 0.287536239481 0.267873856217 0.157936216554 0.148252016827 0.170664257801 0.198163026048 0.198924996993 0.128145023108 0.0985635292425 0.132841292059
-9999 -9999 -9999 -9999 -9999 -9999 -9999 -9999 -9999 -9999 -9999 -9999 -9999 -9999 3.57413677428 3.62626694678 3.01894660943 2.70325467965 2.56511332088 2.79461027928 2.2728331376 2.83337024258 2.47093546722 2.20795907414 1.74477939985 1.62595892538 1.81022463226 2.02701250516 1.4166306646 1.19890981796 1.16876483715 1.23406022964 1.2174421093 0.97712252277 0.821950250949 0.1992522285 0.228386591638 0.669191146392 0.60177923719 0.208643373587 0.152667054737 0.384950629695 0.549036755801 0.406084350238 0.268431862655 0.324305648492 0.265226691872 0.177356028512 0.22465321905 0.269706850927 0.215026957826 0.149031495141 0.121447394988 0.0722548842972 0.140473193416 0.200096898575
-9999 -9999 -9999 -9999 -9999 -9999 -9999 -9999 -9999 -9999 -9999 -9999 -9999 -9999 3.32961662379 3.52206337669 2.9509585249 2.79826425877 2.54167400491 2.72105996541 2.62558147852 2.69998668525 2.0443247098 2.89787453736 2.60109902886 2.66179491792 1.46737362209 1.48881765132 1.56047480401 1.53812225925 1.15344220484 1.07886435761 1.17712268596 2.7907401536 1.77102317697 0.267024598967 0.228293355756 0.450315456557 0.189941671479 0.153500333474 0.225082027256 0.314004119923 0.368688277491 0.482073498832 0.398721493644 0.306876991984 0.0829427850637 0.0544285912806 0.0646335918738 0.151089561191 0.277451051663 0.330704805235 0.331507215824 0.0852369732221 0.0370757066433 0.0321282048619
-9999 -9999 -9999 -9999 -9999 -9999 -9999 -9999 -9999 -9999 -9999 -9999 -9999 -9999 3.6350344978 3.87156840246 3.28484995648 3.17219324458 3.15276791893 3.06981571265 2.65681208289 2.81859470306 2.7709634394 2.45490062617 1.96462123902 1.73714866151 1.82178224099 1.77332983574 1.25427577794 1.45285147214 1.24538586255 1.13771081991 0.980381245385 1.18439096163 1.9012832341 0.299056850525 0.383816789869 1.7709632467 0.27353341647 0.127876780124 0.309577816703 0.390807685247 0.29840707195 0.317435296229 0.262922559019 0.316683142025 0.217869311009 0.327153164005 0.60527355194 0.651625026063 0.448526878859 0.282211125054 0.343797020612 0.309468875035 0.241668480695 0.283145165549
-9999 -9999 -9999 -9999 -9999 -9999 -9999 -9999 -9999 -9999 -9999 -9999 -9999 -9999 5.64989075034 4.58733983469 4.28743005795 4.6230523103 4.12305322968 4.10239609805 2.87046020055 2.68043363055 2.3943899975 2.37168728917 1.86642860781 1.99546266334 1.55729377986 1.88649010585 1.50329549083 1.30907743895 1.20190811472 1.39015606156 1.10999646189 0.531670665111 0.294260475915 0.297980082685 0.228640292018 0.660254044105 0.169030506612 0.291226210732 0.150749560774 0.283839224118 0.182277956198 0.212549336173 0.17816203056 0.233862873008 0.410659277899 0.46309052776 0.757907299895 0.846300264132 0.573138098805 0.67922389473 0.419335123173 0.459640078707 0.383141461108 0.304805685613
-9999 -9999 -9999 -9999 -9999 -9999 -9999 -9999 -9999 -9999 -9999 -9999 -9999 -9999 -9999 3.65579030062 3.43383626836 3.34298630841 3.69701144751 2.73697145966 2.14545520744 2.22753432455 2.42449135201 2.43785738715 1.8463116276 1.89806355082 1.481323286 1.63081730023 1.74638995976 1.28392213206 0.922740836709 0.923162029554 0.746876470922 1.08799990414 0.323453374874 0.327181837598 0.265661376612 0.259444577975 0.21846791713 0.0836107674305 0.037829989167 0.0600312261748 0.192797350643 0.180542675957 0.169992296686 0.209599801436 0.208248362507 0.228036455368 0.2751136318 0.309628455201 0.207063681561 0.175691084043 0.296587175211 0.570455010407 0.484245964997 0.474560987342
-9999 -9999 -9999 -9999 -9999 -9999 -9999 -9999 -9999 -9999 -9999 -9999 -9999 -9999 -9999 -9999 3.34024516531 2.89904889004 2.99671143581 4.07380844621 3.49424979641 3.31761682873 2.17524867012 1.81887949435 1.87397284674 1.65087790139 1.34707107918 1.13146909426 1.2249694443 1.27017930017 1.24571535149 1.25122628024 1.87831432632 1.2539338337 0.271206538598 0.30597851166 0.265129983571 0.292333228438 0.255456016364 0.377075267212 0.257938886653 0.21518092262 0.225221718518 0.307096621063 0.186330162245 0.141419774828 0.113300587971 0.28022800009 0.205434932736 0.14053307855 0.21473236879 0.387066510354 0.246193799879 0.187237308808 0.216718540612 0.183504929384
-9999 -9999 -9999 -9999 -9999 -9999 -9999 -9999 -9999 -9999 -9999 -9999 -9999 -9999 -9999 -9999 3.62645987063 3.74681834606 3.98337066337 3.40537598297 2.5764417 2.97781637723 2.36871911179 2.06884428447 1.77386654301 1.99839214838 1.49976300318 1.36398771478 1.35019039569 1.08497464269 0.909642722635 0.914694636477 0.920331900236 0.935556968209 0.490458805952 0.289829682615 0.374899786702 0.302794009191 0.250393904855 0.250083807862 0.141384408867 0.0903607370268 0.132961843003 0.656243299456 0.420979709859 0.302368117765 0.192001316017 0.0889697378217 0.139467036366 0.190640341306 0.284922642793 0.30547571444 0.400851892839 0.436058202903 0.529416341211 0.337562212574
-9999 -9999 -9999 -9999 -9999 -9999 -9999 -9999 -9999 -9999 -9999 -9999 -9999 -9999 -9999 2.14405039115 2.26635951355 2.65803312838 3.21285373676 3.09289363316 2.58003872673 2.56786970684 1.99905193776 1.85745801107 1.51064800384 1.65056778155 1.39751191715 1.45413391255 1.07050740199 1.02631635176 0.893049569935 0.930330702083 0.886601785374 0.584610856477 0.274592974099 0.233335671483 0.179228793492 0.594394127396 0.421674643375 0.170468953669 0.125503194145 0.205755647579 0.293392741881 0.288722098675 0.311871933264 0.239388994458 0.0268419108585 0.0557671643106 0.159415000249 0.312301076187 0.212218347918 0.147634483983 0.165099189949 0.194731715548 0.213216904552 0.222514875643
-9999 -9999 -9999 -9999 -9999 -9999 -9999 -9999 -9999 -9999 -9999 -9999 -9999 -9999 2.66006237645 2.45110316892 2.39227179591 2.85100523069 2.54663302032 2.79120548567 2.34649821903 2.70611770047 1.98862354751 2.09229359884 1.51984128559 1.42130181861 1.19382063653 1.23117310753 1.01500678375 1.01339915632 0.755386289829 0.780587028677 0.467308563749 0.580424762402 0.773750828476 0.908159482065 0.12372936527 0.0971353157633 0.298559610475 0.214486309926 0.127816183424 0.245687442687 0.221639111634 0.241589229238 0.182962917807 0.156997301833 0.096611817172 0.291070465102 0.300913999897 0.219415811331 0.176476348025 0.173932757103 0.183953879869 0.177805320305 0.155495308124 0.171081051903
-9999 -9999 -9999 -9999 -9999 -9999 -9999 -9999 -9999 -9999 -9999 -9999 -9999 -9999 2.87850456043 3.22810367103 2.87745689924 2.52132942103 2.19746069174 1.84682757491 1.80877490839 2.20050429579 1.83756460456 1.98020995545 1.43262738512 1.17072084317 0.983788134367 0.917821944835 0.633832931128 0.89310950398 0.815034577973 0.765721633416 1.01587232208 0.854670224442 0.688535960062 0.905830531904 0.637545002757 0.808183547419 0.432339466353 0.44374513435 0.590310483429 0.538495935251 0.256525734671 0.235214733415 0.222843061553 0.134127378174 0.232707967614 0.496342017458 0.479872350257 0.536401966298 0.525936640134 0.518668472166 0.356472893327 0.298096403183 0.355321634447 0.335200995786
-9999 -9999 -9999 -9999 -9999 -9999 -9999 -9999 -9999 -9999 -9999 -9999 -9999 -9999 -9999 -9999 2.95623739733 4.5420532194 4.71184164256 4.56996905522 3.00907968349 1.93586841341 2.18566569174 2.20157217393 1.54726396326 1.5495470914 0.917946266993 0.983706435003 0.65121396132 0.732459227843 0.677686850532 0.909288146413 0.877015586888 0.682484122007 0.734317906827 0.745373436667 0.68056807719 0.442597939332 0.678115797735 0.786333122379 0.436374602166 0.387123590798 0.228152193793 0.136930550682 0.163452815704 0.192968212277 0.182127428287 0.230602122031 0.284473611675 0.329463361089 0.315830218406 0.329277012037 0.28932140065 0.23689436829 0.137983384411 0.151812590324
-9999 -9999 -9999 -9999 -9999 -9999 -9999 -9999 -9999 -9999 -9999 -9999 -9999 -9999 -9999 -9999 5.18887179876 4.76084334126 4.53672110857 2.91705328798 3.06213556942 2.91238138574 1.52694911038 1.68297780473 1.64962070776 1.81043586771 1.4864362204 1.38537771829 0.941421829069 0.806425318277 0.966218972909 0.867768959999 0.619946356559 0.624182171267 0.389982908594 0.435382321016 0.463679073367 0.601302511785 0.33695505676 0.293894338615 0.419897503905 0.621429507902 0.0814543491927 0.140127999718 0.416212752863 0.155452899421 0.0795896724258 0.129061099799 0.215734064291 0.143689198512 0.105703706391 0.108888294603 0.0801577821183 0.103772639222 0.103368524875 0.104893944375
-9999 -9999 -9999 -9999 -9999 -9999 -9999 -9999 -9999 -9999 -9999 -9999 -9999 -9999 -9999 -9999 -9999 -9999 4.64572619649 3.48164772023 2.46530283735 2.99946633068 2.28516426814 2.06989043233 1.52792725934 1.42501353775 1.27185314941 1.24442265976 0.770376349959 0.718678721749 0.467746448295 0.376414400128 0.347505491422 0.471567554572 0.379352460369 0.534316470719 0.524164923827 0.322998941519 0.290643370946 0.481434469549 0.322711489092 0.267048257303 0.18462205613 0.182519603614 0.217925633256 0.227832960216 0.100778036993 0.103214025305 0.161494645131 0.100949660665 0.136353478918 0.175289459567 0.0833528655002 0.0877699327362 0.118804667227 0.133931923331
-9999 -9999 -9999 -9999 -9999 -9999 -9999 -9999 -9999 -9999 -9999 -9999 -9999 -9999 -9999 -9999 -9999 -9999 -9999 2.43754573337 2.39070759931 2.70223133174 2.31602083121 2.55404610912 1.66299842445 1.5253784755 0.842093425805 0.766196472701 0.409610303457 0.381547618574 0.37934218526 0.492015186306 0.306379848668 0.25792655009 0.212783952221 0.223559961386 0.208671342162 0.317020018161 0.265513358131 0.342423988905 0.249394216913 0.214967365265 0.164286876334 0.239295953297 0.273428933925 0.28927061339 0.17992694322 0.0849654199568 0.0687834889729 0.146772462387 0.107656458473 0.113007968626 0.0776662956606 0.0760949835045 0.112369516782 0.103440640696
-9999 -9999 -9999 -9999 -9999 -9999 -9999 -9999 -9999 -9999 -9999 -9999 -9999 -9999 -9999 -9999 -9999 -9999 3.69940470877 4.3097342201 4.31213641416 4.10794793335 2.66105542268 1.90201839662 1.59882637536 1.50572566356 1.04068248204 0.789731276516 0.541009354593 0.462848909107 0.15568353501 0.198190922108 0.217575979969 0.347378926937 0.350767484837 0.439668061915 0.562724803347 0.523950468461 0.476173072388 0.446597689173 0.431486871437 0.248714544114 0.219080205727 0.0630929145812 0.100248928705 0.0616521650932 0.286130462505 0.322200588259 0.204157654746 0.0967251021449 0.124007021275 0.287681888858 0.287691853747 0.282542464491 0.191974639003 0.152492062147
-9999 -9999 -9999 -9999 -9999 -9999 -9999 -9999 -9999 -9999 -9999 -9999 -9999 -9999 -9999 -9999 -9999 -9999 -9999 5.25995743508 4.81207450841 4.36880553912 2.63032455177 1.81492760519 1.70436705938 1.66674653588 0.935286985615 1.05543186091 0.497038648626 0.692891905794 0.613942632052 0.596651732514 0.39832837258 0.427679184953 0.226674591484 0.165854150279 0.181317448978 0.150011442246 0.129399153128 0.129349665814 0.142995448187 0.23527466647 0.103470886204 0.0543553061458 0.0555840072057 0.270632048996 0.398144639934 0.2531994553 0.238010211683 0.13428170464 0.0324931891809 0.020578807576 0.0232548926324 0.0917645368168 0.0864888769916 0.0687868413471
-9999 -9999 -9999 -9999 -9999 -9999 -9999 -9999 -9999 -9999 -9999 -9999 -9999 -9999 -9999 -9999 -9999 -9999 -9999 -9999 3.43222855085 4.06991572941 2.69694630266 1.95904526595 1.31882556446 1.57462056075 0.969583497274 1.11296951262 1.01782491282 0.857986465413 0.581039250847 0.541317724777 0.292348626247 0.286060100104 0.155945669786 0.182501872253 0.300574133547 0.356609734998 0.357542921321 0.311024558243 0.211047207169 0.34123102937 0.411357392278 0.337128725225 0.555941718596 0.448168911368 0.375473374368 0.45120300918 0.378125891469 0.301142280137 0.216855788928 0.122359666988 0.0562568024381 0.0271422247446 0.0277660625888 0.0821484060697
-9999 -9999 -9999 -9999 -9999 -9999 -9999 -9999 -9999 -9999 -9999 -9999 -9999 -9999 -9999 -9999 -9999 -9999 -9999 -9999 -9999 3.39078800355 2.76630795947 2.69088223615 1.13918712407 1.00241136244 0.843047994371 1.03566060749 0.693930740583 0.634711688852 0.675040085296 0.649975714547 0.359845922071 0.155639793089 0.350990236911 0.507980876428 0.358150853712 0.248778511233 0.21445297206 0.223630863199 0.401297680678 0.441521193848 0.584679499506 0.343012435018 0.284650355315 0.175827816611 0.288873271377 0.339095700334 0.362400902067 0.501909063374 1.21125440915 0.137486949768 0.201214791407 0.107330126281 0.0233575871933 0.0375563475767
-9999 -9999 -9999 -9999 -9999 -9999 -9999 -9999 -9999 -9999 -9999 -9999 -9999 -9999 -9999 -9999 -9999 -9999 -9999 -9999 -9999 2.50230250811 2.1980288594 2.21364315435 1.50097213403 1.75003771563 1.1694046764 0.888093521539 0.522745454538 0.732633574559 0.617234506388 0.536279437714 0.46275470623 0.4573938153 0.228851510051 0.285093638173 0.238009442175 0.292086105121 0.265369964092 0.350237389473 0.410335915087 0.379577691683 0.274503129365 0.27446305546 0.453806762528 0.416826936036 0.407112697521 0.390013446153 0.246684388827 0.256562368599 0.19849166212 0.0869413891392 0.0322923203753 0.0537348319884 0.0591860400461 0.0275326495312
-9999 -9999 -9999 -9999 -9999 -9999 -9999 -9999 -9999 -9999 -9999 -9999 -9999 -9999 -9999 -9999 -9999 -9999 -9999 -9999 -9999 -9999 2.22566605122 2.90628027188 1.56612010994 1.43674792319 0.95920207718 0.83250013975 0.544550551486 0.498144924734 0.397105156478 0.443894516371 0.349596962377 0.423958256737 0.510409671245 0.329975086569 0.388380315723 0.347630159007 0.377357841576 0.347931825132 0.396959520722 0.195369829286 0.259190603744 0.404627328104 0.199638267241 0.169067037259 0.148008560279 0.236637429838 0.395854772999 0.0843375300788 0.0477556450375 0.0237513245839 0.115243329874 0.0990665285448 0.0257856554002 0.0195966890144
-9999 -9999 -9999 -9999 -9999 -9999 -9999 -9999 -9999 -9999 -9999 -9999 -9999 -9999 -9999 -9999 -9999 -9999 -9999 -9999 -9999 -9999 2.39227684531 2.26210125071 1.44635999224 1.71866970022 1.17008014658 0.98992671194 0.641883827995 0.656782881238 0.474862972419 0.50421261192 0.476110051846 0.497150283103 0.342625206237 0.554599032432 0.340576867658 0.322928040217 0.47536240542 0.435372181912 0.245505870946 0.411385183067 0.268310729867 0.177278071532 0.169719025947 0.268803150324 0.455545434056 0.442770570635 0.197143502081 0.137725294041 0.0594147520082 0.0511559669185 0.0690138129879 0.195723378892 0.0914411985794 0.07749108431
-9999 -9999 -9999 -9999 -9999 -9999 -9999 -9999 -9999 -9999 -9999 -9999 -9999 -9999 -9999 -9999 -9999 -9999 -9999 -9999 -9999 -9999 2.12945148094 2.53620861833 1.84002474696 1.61716588284 1.08204220978 1.39108231147 0.654611706669 0.792141406234 0.48909160681 0.378735722607 0.305669264371 0.420682442697 0.527286524481 0.283327340399 0.307766250403 0.50267402623 0.443669699879 0.374501912979 0.438044074061 0.293381442163 0.186743214535 0.282024132093 0.453153618729 0.405510680069 0.443605378509 0.351745581731 0.25620106289 0.25688565024 0.405036461064 0.297505184148 0.144258598403 0.158540859947 0.187742433486 0.208929838678
-9999 -9999 -9999 -9999 -9999 -9999 -9999 -9999 -9999 -9999 -9999 -9999 -9999 -9999 -9999 -9999 -9999 -9999 -9999 -9999 -9999 -9999 -9999 2.8464955981 2.10172808636 1.69886718583 0.976950043716 1.39240264773 0.6506145976 0.711921107059 0.500259622586 0.595738722586 0.475836949895 0.642690421914 0.415775614668 0.501382430694 0.585108636838 0.455607839927 0.24916997727 0.231919493507 0.156546664944 0.26385722932 0.465832110398 0.477269992455 0.405247050729 0.329313287561 0.146197672574 0.126349893895 0.131330092118 0.153981358025 0.107042426793 0.169433363156 0.208323263237 0.2866834765 0.109544287782 0.0589583988162
