data/recharge/transience/oldversion/mHM_recahrge_381.ASC
ncols   80
nrows    72
xllcorner    4374000.0
yllcorner    5656000.0
cellsize      500
NODATA_value  -9999
[rows 0 to 24 of 72, columns 0 to 56 of 80]
-9999 -9999 -9999 -9999 -9999 -9999 -9999 -9999 -9999 -9999 -9999 -9999 17.8910021312 18.7162717598 -9999 -9999 -9999 -9999 -9999 -9999 -9999 -9999 -9999 -9999 -9999 -9999 -9999 -9999 -9999 -9999 -9999 -9999 -9999 -9999 -9999 -9999 -9999 -9999 -9999 -9999 -9999 -9999 -9999 -9999 -9999 -9999 -9999 -9999 -9999 -9999 -9999 -9999 -9999 -9999 -9999 -9999 -9999
-9999 -9999 -9999 -9999 -9999 -9999 -9999 -9999 -9999 -9999 -9999 -9999 16.528363904 14.7462180227 13.8430652867 -9999 14.2637719452 -9999 -9999 -9999 -9999 -9999 -9999 -9999 -9999 -9999 -9999 -9999 -9999 -9999 -9999 -9999 -9999 -9999 -9999 -9999 -9999 -9999 -9999 -9999 -9999 -9999 -9999 -9999 -9999 -9999 -9999 -9999 -9999 -9999 -9999 -9999 -9999 -9999 -9999 -9999 -9999
-9999 -9999 -9999 -9999 -9999 -9999 -9999 -9999 -9999 -9999 15.5269125123 14.8307806696 15.6041786054 15.297143403 13.1532545622 12.4260680691 11.0440503917 11.1013283907 -9999 -9999 -9999 -9999 -9999 -9999 -9999 -9999 -9999 -9999 -9999 -9999 -9999 -9999 -9999 -9999 -9999 -9999 -9999 -9999 -9999 -9999 -9999 -9999 -9999 -9999 -9999 -9999 -9999 -9999 -9999 -9999 -9999 -9999 -9999 -9999 -9999 -9999 -9999
-9999 -9999 -9999 -9999 -9999 -9999 -9999 -9999 -9999 15.1897629078 15.1512999577 15.060139246 14.1919172995 14.5450905693 13.9596472617 13.5470649139 11.9585214797 13.9211780722 -9999 14.5587746585 -9999 -9999 -9999 -9999 12.0427472133 12.6313237902 -9999 -9999 -9999 -9999 -9999 -9999 -9999 -9999 -9999 -9999 -9999 -9999 -9999 -9999 -9999 -9999 -9999 -9999 -9999 -9999 -9999 -9999 -9999 -9999 -9999 -9999 -9999 -9999 -9999 -9999 -9999
-9999 -9999 -9999 -9999 -9999 -9999 -9999 -9999 17.4161096076 16.1409942742 14.4591551958 14.5881751022 13.9554541408 13.5303460208 13.2263504327 13.0433681708 11.3296957758 11.0315182601 10.6307886465 12.6253161281 12.3853583108 12.7811318221 -9999 11.1925160185 13.0800614465 13.1084821296 -9999 -9999 -9999 -9999 -9999 -9999 -9999 -9999 -9999 -9999 -9999 -9999 -9999 -9999 -9999 -9999 -9999 -9999 -9999 -9999 -9999 -9999 -9999 -9999 -9999 -9999 -9999 -9999 -9999 -9999 -9999
-9999 -9999 -9999 -9999 -9999 -9999 17.5206395738 15.8132718384 15.0372174462 15.3410323532 15.4381958356 15.7492790047 14.6480903257 14.3510424805 13.1895087693 13.6484780153 12.0696565065 11.5659179922 12.4245324999 12.4696360776 12.180751452 12.5211636052 11.905368438 11.2850449327 12.065694344 11.8095845319 12.3982647714 -9999 -9999 -9999 -9999 -9999 -9999 -9999 -9999 -9999 -9999 -9999 -9999 -9999 -9999 -9999 -9999 -9999 -9999 -9999 -9999 -9999 -9999 -9999 -9999 -9999 -9999 -9999 -9999 -9999 -9999
-9999 -9999 -9999 -9999 -9999 -9999 17.3117353642 16.3263749873 14.3143486548 14.0251145041 13.5116647395 14.1341277288 13.5078763153 12.7962531487 12.1479993149 11.8511864675 11.4684299521 10.6947988683 11.346292684 10.7461959506 11.2611951666 12.2544835472 11.9505225827 11.5219234435 10.8092325294 10.1795685675 12.3247894644 13.1242786717 13.4514901948 13.1119324319 14.1874317427 14.2144744327 -9999 -9999 -9999 -9999 -9999 -9999 -9999 -9999 -9999 -9999 -9999 -9999 -9999 -9999 -9999 -9999 -9999 -9999 -9999 -9999 -9999 -9999 -9999 -9999 -9999
-9999 -9999 -9999 -9999 -9999 18.8984909426 17.5219335081 17.2585560331 15.9987283383 16.2102585953 15.3542522024 14.5593125043 12.9619446156 13.1813351827 12.8553610639 13.0871161444 11.1664779879 6.82224278676 10.3159893808 10.897396966 11.3084010196 10.9802746958 11.5843001549 11.7989167107 11.3057922849 11.6357186217 12.008750093 12.1449359368 13.0863373791 12.9722067373 12.7535331778 13.1467395629 12.4168027824 12.1795653484 -9999 -9999 -9999 -9999 -9999 -9999 -9999 -9999 -9999 -9999 -9999 -9999 -9999 -9999 -9999 -9999 -9999 -9999 -9999 -9999 -9999 -9999 -9999
-9999 -9999 -9999 -9999 -9999 18.8723309014 17.3700412759 17.5111152515 16.1664088836 15.6462390745 15.0681706529 15.4461489687 11.9787617616 10.4834251892 14.1783176882 14.2109551142 11.4219191747 6.02041072107 9.85871517525 10.6340002327 10.8451652245 11.1963316471 12.1749587666 11.9447741935 11.6628620871 10.4541898493 10.5205051076 9.84384796771 11.7446188125 11.6567777577 11.3266470635 11.6434334539 12.0255509231 11.7581104225 11.7003670219 11.5753369019 -9999 -9999 -9999 -9999 11.0691932588 10.9649337395 -9999 -9999 -9999 -9999 -9999 -9999 -9999 -9999 -9999 -9999 -9999 -9999 -9999 -9999 -9999
-9999 -9999 -9999 -9999 -9999 18.2779825568 17.2342488938 16.8920739581 16.4036892948 17.0110962524 16.1204884404 15.7961087489 14.4512383999 15.1798428595 14.8193998542 13.4817856782 11.9951112735 13.3646033559 12.6691874077 13.0603385495 11.9989164009 10.8741794189 10.8317633368 10.4781621445 11.5405231084 10.6584116417 10.2211811735 9.17186220234 11.8003408254 11.3464214331 9.2761114922 10.8753907697 11.9256581234 11.4234295149 10.6816626864 11.8406189864 11.6113625705 -9999 -9999 11.648447045 11.8277042117 11.5758399985 11.7784708601 -9999 -9999 -9999 -9999 -9999 -9999 -9999 -9999 -9999 -9999 -9999 -9999 -9999 -9999
-9999 -9999 -9999 -9999 -9999 -9999 18.6025592654 18.5185986456 17.0885805731 16.9778308472 15.5563872086 16.0340529574 16.0816494595 16.479222403 13.2351946128 12.8054756833 12.5172195152 12.3709533434 11.542704966 11.6250372513 11.6832109888 11.9203319251 11.528188732 12.0394568689 11.4550101558 10.5494344227 8.38931784582 8.8148120819 9.76036294666 10.3596478839 10.3646760996 10.9070393787 9.99155299827 9.92851832226 10.0166303486 10.9428020506 10.3159172959 8.91848145059 11.0423112768 10.8011652821 10.4167793305 11.7270973602 9.12627178263 7.65844931451 -9999 -9999 -9999 -9999 9.41235121468 8.59488590967 4.1932222292 -9999 -9999 -9999 -9999 -9999 -9999
-9999 -9999 -9999 -9999 -9999 -9999 -9999 18.2406932187 16.5779159146 17.2737811815 16.8285954643 16.3830132431 14.6196126042 13.5549414904 13.0147321245 14.2335779738 13.6745186565 13.7000368069 13.2518585731 12.3242215999 11.2008570938 11.2535269929 11.092277657 11.1890278573 10.7624258062 9.95388501779 8.74657025697 9.94809044362 10.3957894809 9.99536544608 10.0949588748 10.0955800285 10.2222504605 10.0895490016 11.1493733781 11.0873369917 10.3353081794 10.3308763971 10.8726682442 10.8507350256 9.42465660716 8.71961145625 6.7746296092 6.78141784953 5.99628918655 6.78762082709 6.94615131257 5.93915258738 5.64585165842 6.33431186175 7.33655942798 7.23664876574 -9999 -9999 -9999 -9999 -9999
-9999 -9999 -9999 -9999 -9999 -9999 -9999 -9999 16.087970579 15.8158309077 16.0838500975 16.6474145998 15.2887134889 16.0285271363 15.4828089227 14.9000013605 12.9782032323 13.0940279768 11.8686521694 12.4026146231 13.4130635619 13.1963088113 10.2062156696 11.0346545212 11.0549207456 10.5918031756 7.65609245948 9.68081322374 8.62050450249 7.41738355592 8.11944401291 8.29047904854 8.65788041273 8.03050820425 9.08641116452 9.63274396338 9.87698830468 10.2023945836 9.54373274285 9.3316127471 8.08018074653 6.69872654476 5.79024593341 5.30907717706 5.05442561702 4.63460827139 5.03354818672 4.49154780291 4.12215628584 4.81924764902 5.30913148966 5.75699401386 5.33714387161 -9999 -9999 -9999 -9999
-9999 -9999 -9999 -9999 -9999 -9999 -9999 -9999 17.4604213089 16.6598528894 15.557776247 15.6692301029 15.0120490049 14.9937765031 13.8851248271 13.6508591442 12.6290076235 13.0447670771 12.4285097685 12.7863212582 13.0903254517 13.105129617 12.5986976224 15.2656323071 13.0453172049 10.4035792167 11.2019518443 8.94955317069 8.40461592579 7.0461191169 7.52140594114 7.93168988001 7.60602304561 7.8246599805 9.42063352473 6.31121250031 10.4912317399 9.93664319851 9.52379082471 9.39487316404 9.00468978262 6.66774528985 5.40352713393 5.38627082746 4.65167011449 4.60155714702 4.97288239463 4.60162890635 4.30967868959 5.79141785588 5.47448976829 5.50021509815 5.84931568936 6.64169273436 5.79799810011 6.11048317097 -9999
-9999 -9999 -9999 -9999 -9999 -9999 -9999 -9999 -9999 17.5623995882 16.3670632543 15.2935811583 15.0827074003 14.9124251992 13.9726071596 14.0021227103 14.3088545363 14.4239217924 14.3867997347 14.4960805784 14.3289454785 12.8891084315 12.6804870797 19.585075706 15.9902649019 14.33402925 11.1135428267 9.64700074933 5.28865908571 8.35250023643 7.6755166908 7.78693258151 7.38791153481 6.33115736998 7.7714903212 8.98652186297 9.11668621002 8.72779924196 8.17316875073 8.24140289994 7.78515709836 7.33901812398 4.20627242872 5.5409606302 4.20283802322 3.65549991146 3.22200445168 3.21766229083 4.00354867752 4.24742781059 4.25355541943 4.11543631181 4.8692683721 5.64691778564 5.75822290282 3.60670717911 2.79994730783
-9999 -9999 -9999 -9999 -9999 -9999 -9999 -9999 -9999 -9999 15.3839555392 15.5851025552 14.9339138217 14.8428856356 13.5091186682 13.022940036 13.1884318896 14.7596056992 13.6631908561 12.435052477 11.840822623 11.4609284711 10.3746798815 10.6871767597 12.5798070267 14.4475866292 12.6913206735 11.1102492539 8.73175687632 6.13925176158 8.26921425925 8.30144463204 8.72863456342 7.42976349131 8.90660657147 8.67376147919 8.94101826391 8.73275481856 8.22564152375 8.26464986492 8.08827426509 7.86492619008 5.85324823386 5.04624481888 6.03703977179 5.9728012021 4.70709351167 3.56492122596 4.78717637319 4.72399642936 4.82881182734 4.65791664695 4.30619479167 5.36497240465 5.11759658688 3.48382818612 2.76134290064
-9999 -9999 -9999 -9999 -9999 -9999 -9999 -9999 -9999 -9999 -9999 9.66116940756 11.3110765271 14.1763727738 13.3344188996 12.748354416 12.8233356584 12.7392641342 11.3364055181 12.2412741854 12.7250298465 12.430541653 10.0504484378 8.59518338684 7.07703793063 7.32219881129 10.1659733332 13.2231103998 13.2882738068 10.8880019321 8.07932382103 6.92634498806 7.33547492405 7.43394923083 7.26587389914 6.59700278844 7.70448591097 7.65903969329 7.63501023698 7.63329050798 7.35424248516 6.69210934725 6.57461605235 4.91624819049 3.95438143294 3.3614630263 3.97244787379 4.66135895754 4.10874313773 4.5727475913 3.99507533638 4.77448195751 4.94658663317 4.8219249366 4.23969629482 4.18234454328 2.65174989108
-9999 -9999 -9999 -9999 -9999 -9999 -9999 -9999 -9999 -9999 -9999 9.00175206095 12.0312656274 13.506789018 13.4997559311 13.0026948425 11.5864992239 11.2718472498 12.4163116387 12.4700893334 12.3125379703 12.9980773664 10.4584653979 9.41167138709 9.68772569568 10.5768584635 7.78707640523 9.80468917421 9.7539399465 12.1497055563 12.0015282641 10.7103634216 6.31962382624 6.86824815795 4.70636203863 6.44248555988 7.67590184339 7.78756110157 7.46912890438 7.48956762513 7.5460630605 7.48209363239 6.11972244014 6.28974268918 5.12611319696 4.56112718498 5.77626260408 6.83043432995 6.14833176956 4.32853037831 4.7214299852 4.58636168284 3.40114401402 5.03771614326 5.06075394401 4.61697229813 4.24154611661
-9999 -9999 -9999 -9999 -9999 -9999 -9999 -9999 -9999 -9999 -9999 16.2777185838 14.7002222023 14.3476754672 12.6510297553 12.6292413086 11.0146529865 9.75080503502 10.4861776284 11.1966530192 11.4113848734 11.5493777833 9.41630853812 8.08139605589 8.43537374715 8.81210109218 8.48693820915 8.3412150825 8.29292785435 6.6838529938 6.47369130328 10.2085245433 12.0031592235 12.1601619634 8.65378598869 5.80846608612 6.81923664251 4.86116980266 5.79526776215 6.30572633133 6.71057182549 6.68540156622 6.7779377077 7.41642532425 7.82627490352 7.98191283763 5.26857781948 4.74646149729 4.63230865798 4.56288924508 3.75453800316 4.27515151203 4.50821558516 5.24636487943 5.28886322875 4.96709458662 3.76471288954
-9999 -9999 -9999 -9999 -9999 -9999 -9999 -9999 -9999 -9999 -9999 -9999 13.817434513 14.1564370495 13.5765749134 12.715273689 11.6103294007 10.6069457094 9.6612150424 11.6425903822 11.614418074 11.2048637376 10.6157169408 10.1841405767 9.19682079948 9.36153453835 8.61508863956 8.8509787934 8.37058492499 8.05725736853 7.8232863546 8.12163130456 6.21275773402 5.51564235829 9.27428850038 6.69931163517 7.77958625126 6.06736541842 4.7724277626 6.93204531913 7.20201307533 6.54584879662 7.89210511723 8.72597338904 8.7791560414 8.70316580227 5.7418370815 4.80887115852 3.68639634365 4.11061855569 3.48249924938 2.90958630837 2.42099677304 2.47978500899 2.39386173222 3.91372651562 2.94593988416
-9999 -9999 -9999 -9999 -9999 -9999 -9999 -9999 -9999 -9999 -9999 15.2553216565 14.8611693804 14.784264745 14.119014524 9.72008970725 11.6319132081 11.9271111562 10.017892834 11.386057863 9.88767087706 9.75498974318 8.92818937201 9.11259159088 8.99754462852 8.88280527072 8.05064258005 7.81325146726 7.78227698483 7.56428853179 6.88221868077 7.10519098696 6.50588983926 6.44244122298 6.56423721165 6.60783539571 7.18466434867 4.83484251327 4.35505563757 5.22149656432 6.30247926453 5.63853865484 8.39586254994 9.23002169119 10.2617791579 10.1956644409 8.49209763387 6.4021076846 4.65933740002 4.69160600804 3.25749295098 2.06541525642 1.77830802443 1.79708924803 1.61749717568 1.84406484486 2.86579181661
-9999 -9999 -9999 -9999 -9999 -9999 -9999 -9999 -9999 -9999 -9999 15.6929368471 16.2986071098 15.5769795708 13.6704709768 11.5008013232 12.3767351285 12.2884123669 11.3902573793 11.5503582779 10.469109393 10.0700208619 9.38710180682 9.5879138192 9.35423430441 9.23345222218 8.00937880391 8.41887445074 8.54417340984 9.94513957939 8.79625553446 7.23080456151 6.40645129463 6.44689906022 6.41899536661 3.73828612841 5.46214928596 6.84720101477 4.73452452586 3.99027506777 5.59036471057 5.53762374816 6.95453310726 7.43196999144 7.41242497506 7.06777555434 7.3144091105 7.34792933694 5.73622286481 5.25907984547 3.04632723664 3.28216872345 2.75543831908 2.58791616622 2.36320721 2.13547010963 1.54758803098
-9999 -9999 -9999 -9999 -9999 -9999 -9999 -9999 -9999 -9999 -9999 16.6890625193 16.4212476314 15.0361006193 14.53480683 14.3138821476 12.1788913798 12.4927379753 11.9486728467 12.514339951 9.96670046041 5.85087026253 11.6280642184 9.69722781943 7.53531862447 7.52107468473 7.96856047329 7.70050950169 6.58295056567 6.41110173485 6.28766137003 8.66211565645 8.3472195532 7.89402183828 6.368381822 3.24547198516 3.72378774704 2.82735917671 4.36154561437 2.67136062557 6.06165208751 6.38055447079 5.2861289104 4.62760503712 4.76309599229 4.71894423408 5.70702101658 5.79440582288 5.37566205107 5.20472419832 2.90552332254 2.06323992108 1.68115233109 1.62392007246 1.52177247083 1.71954529656 2.10856947942
-9999 -9999 -9999 -9999 -9999 -9999 -9999 -9999 -9999 -9999 -9999 -9999 16.8632584171 16.0873046009 14.6755905592 13.914206302 12.8670706239 12.9692246536 11.8068493445 12.2819879051 11.4659169885 12.6049899179 8.20026385613 7.11259369251 6.98662183173 6.87165366956 5.83776332447 6.1712862811 5.58399274887 4.92447893621 4.04720297524 5.08723319396 5.89553325405 6.27155375844 5.940027601 5.17763442082 4.35938341025 3.32155098171 5.26619851707 4.29750280085 6.07592390534 5.77834423643 5.88248888362 4.49638685541 4.58279881657 4.61963010692 5.08683332237 5.46990101597 4.93315395406 5.19617189622 4.4669705267 3.58274457667 3.20625085301 2.75048721803 1.90743085544 1.94056390518 1.7229363986
-9999 -9999 -9999 -9999 -9999 -9999 -9999 -9999 -9999 -9999 -9999 -9999 17.8606785901 16.2084226466 14.7154369791 14.3436588416 12.4484447304 13.0418814233 12.2043519624 11.741643587 11.7308618464 11.5072853472 9.06476314691 9.86079285565 7.75476511125 8.61262188307 8.88561897786 8.14405829758 6.54068014059 8.16346248802 6.36442046177 6.72683117787 8.17420372583 8.63611618261 4.81752607497 5.42141506695 4.01784962571 5.56654354107 6.75807540508 4.79770798538 5.5203599755 5.33039471762 4.8039393452 4.72730558507 4.4607063685 4.33751746338 4.079389443 4.22829010847 3.8513801512 4.28511622503 3.94793024436 3.45521749273 2.79286278441 1.34023379677 1.03474112507 1.42663162358 0.892241658882
