data/recharge/transience/oldversion/mHM_recahrge_318.ASC
ncols   80
nrows    72
xllcorner    4374000.0
yllcorner    5656000.0
cellsize      500
NODATA_value  -9999
[rows 25 to 49 of 72, columns 0 to 56 of 80]
-9999 -9999 -9999 -9999 -9999 -9999 -9999 -9999 -9999 -9999 -9999 -9999 15.1165449964 14.4081885441 12.4867280924 12.8046954093 9.97536124125 9.77122007048 8.59420663214 9.83521299743 8.18312732894 7.58790866564 6.55091077828 3.4729211937 5.61762320924 7.77445985105 8.05528664065 7.57939559604 6.37568948981 5.80967961053 5.11558056988 4.82110482949 3.72612492794 3.72491041217 5.99587237412 4.13571959613 4.81899421418 6.76773992019 5.48860948817 3.82558367315 3.15702981618 2.58993316441 2.34269291379 2.35781432424 2.180857286 2.25476854307 2.21137991175 2.19365191617 2.13204854731 2.38752787594 2.36437287043 2.46557986046 1.86007041895 1.4876006844 1.50206892337 1.5593194148 1.48002532598
-9999 -9999 -9999 -9999 -9999 -9999 -9999 -9999 -9999 -9999 -9999 -9999 -9999 13.0122573067 13.3002196266 13.7521719988 12.1719285742 11.9264469379 9.94323058617 9.09558809388 8.29644666819 9.02628987356 8.69698708023 6.3221002368 7.86569259257 7.19053290542 6.98664958214 6.63975664273 6.13936510075 6.52460891172 5.57308043187 5.2410125481 3.48287992307 5.88060186683 5.71086542836 1.31771534119 2.97705297213 6.02117903248 4.64931517086 3.06810505664 2.57616298886 3.34685162115 2.22837593243 2.46295940798 2.0102067173 1.89868435435 1.69207715695 1.58977569615 1.48255585313 1.34190013595 1.34542925414 1.4862286682 1.60528454429 1.57068808266 0.776977861284 1.20584984525 1.14837478229
-9999 -9999 -9999 -9999 -9999 -9999 -9999 -9999 -9999 -9999 -9999 -9999 -9999 -9999 12.8189571132 12.8595136496 11.2048000363 10.9914336412 10.135036504 10.6744424621 8.90697181929 9.91881253741 8.40840796069 7.9168664419 6.78341287816 6.38352364148 6.62993718129 7.93038178202 6.38189886428 5.78279970108 5.61241373861 5.39068966489 4.41880476431 6.53984929851 6.33379980722 2.17910073016 3.14313619601 4.25738302347 3.37510109826 1.94597089409 1.68082815517 2.77222048678 3.15873010343 2.54728752956 1.81990465044 2.11673425377 1.71334294452 1.50396103213 1.48926331573 1.76454658823 1.58770884746 1.16678346848 1.06102213439 0.994948312408 0.935930637337 1.80707006082 2.3859277746
-9999 -9999 -9999 -9999 -9999 -9999 -9999 -9999 -9999 -9999 -9999 -9999 -9999 -9999 3.96673013038 7.35484181016 11.1758814729 11.5162741311 10.4291386424 10.8634181109 10.2214811257 10.0292649582 7.97385315933 9.90666399288 8.91117060207 9.24652863299 5.85708790077 5.50364417123 5.70829850612 6.46446836609 3.33571464663 1.37500145614 4.28044136264 8.61093837741 8.56325640951 1.87391888253 2.89715782375 2.96722762431 1.84218960704 1.57938939383 2.12200448831 2.48079877581 2.42594930833 2.89740418774 2.3784586971 1.92371749288 0.814031036925 0.447526714882 0.566787017666 1.24484199333 1.81940546268 2.11774845352 2.34190500847 1.69595783176 1.401469419 1.5767900344 5.49399462218
-9999 -9999 -9999 -9999 -9999 -9999 -9999 -9999 -9999 -9999 -9999 -9999 -9999 -9999 5.77475661567 8.39204435818 11.8477169382 12.2512449449 11.6733373526 11.534193467 10.1817644605 10.552057574 9.9628744148 8.90995675049 7.3873673974 6.64926985095 6.59947761549 6.39703827307 4.67494803355 5.35527153746 4.72711286486 4.21791730706 3.81976344185 6.81198318805 9.5666139021 1.77120085412 2.21008355153 7.71770831285 1.03461879096 1.21703318489 2.22886175506 2.59272633559 2.11506809541 2.19790339583 1.72026646319 1.97357118215 1.35307475448 1.9130191991 3.15183894932 3.66749163237 3.39806552169 2.2465405656 3.21055128544 2.84452792432 2.47451261211 2.94428964195 2.37390416445
-9999 -9999 -9999 -9999 -9999 -9999 -9999 -9999 -9999 -9999 -9999 -9999 -9999 -9999 17.3915705452 15.5510150055 14.3879116795 15.1898486115 13.3335693677 13.4084967113 10.877542249 10.2831163235 8.93729683449 9.29995678613 7.82857233464 8.20856606586 6.57911975587 7.19318823496 5.79971446135 5.26849923674 4.94809638441 5.61139379104 4.66190027196 1.86785025104 1.8257844347 1.84954281879 1.54489751036 3.93993892034 1.22073155229 1.8186312789 2.29750927012 2.17039558601 1.45951119151 1.62630884216 1.32263847851 1.51245700266 2.65908915576 3.47130924591 5.76080799949 6.32330841142 4.82930581435 5.28684138574 3.66824326024 3.36387827663 2.87931825941 2.39668023385 2.72186419948
-9999 -9999 -9999 -9999 -9999 -9999 -9999 -9999 -9999 -9999 -9999 -9999 -9999 -9999 -9999 13.6384194916 12.5888345301 12.4248227346 12.1351224739 10.2360809193 9.1557647899 9.49387554699 9.20354500956 9.27873001919 7.77696056051 7.73423601305 6.05446807821 6.40689548774 2.63841335402 5.09259234566 3.8565211317 3.81210888582 3.06964675298 2.25567345154 2.00815257538 2.03131728533 1.80030882593 1.75792936208 1.60060391218 1.11953214263 0.758267550397 1.1288622596 1.39186764416 1.49969493566 1.41941005303 1.55086460369 1.32175582853 1.46879516941 2.17744634921 2.35802720413 1.47826430258 1.28389868357 2.16361617967 3.57332422885 3.41251924143 3.36543277311 2.89087761188
-9999 -9999 -9999 -9999 -9999 -9999 -9999 -9999 -9999 -9999 -9999 -9999 -9999 -9999 -9999 -9999 12.7821695312 12.2097786236 11.5862844665 14.1300497967 12.8925192408 12.3743339203 9.19466770001 8.33557467433 8.24733708014 7.56336646103 6.35154905386 4.96940248632 2.08276678863 4.22324956507 5.06929985485 2.64724384049 2.50279671275 1.50395432505 1.78498640365 2.01896255502 1.87766586891 2.07068864868 1.93442128972 2.57481759758 4.6210380109 4.09730637519 4.00696358028 2.55348638719 1.14952430341 0.827840871989 0.610076910205 1.96811145792 1.3580797546 0.968567308241 1.49678801965 2.49796048181 1.83147615423 1.43946513558 1.75675878976 1.51805077473 1.40539550449
-9999 -9999 -9999 -9999 -9999 -9999 -9999 -9999 -9999 -9999 -9999 -9999 -9999 -9999 -9999 -9999 14.2854096656 14.5260701318 14.2414018691 13.3026870838 10.6440076194 11.1145403481 9.46964867514 9.02001409085 7.94386382412 8.63055063537 6.85887167893 6.55871843213 2.3905134332 3.46904290078 1.85834626024 1.3595502411 1.54102045522 1.29096769841 2.05405904237 1.91036138458 2.46728488702 2.14285232724 1.89625581933 1.80275702796 3.10518018745 1.84393056158 3.23689829902 5.5265180872 3.39711574602 2.21451088379 2.21110021491 1.14555764059 0.950749801116 1.27240081476 1.91681772302 2.03648046579 2.76905240024 2.96037947047 3.64491923611 2.57607338839 1.42259580985
-9999 -9999 -9999 -9999 -9999 -9999 -9999 -9999 -9999 -9999 -9999 -9999 -9999 -9999 -9999 11.197177537 11.055851538 12.5565671031 13.2308354542 12.9128921832 11.2353276334 10.8523709298 9.05202412186 8.75272537163 7.38034723186 7.8909351174 6.83918804048 7.01296587351 3.1175383238 4.61099216659 4.40322699639 4.57652213761 4.34915814113 2.19856058635 1.65360088826 4.24848244361 3.03594944469 3.99132634736 2.8932432926 1.29509295176 2.57210293188 3.39505998123 2.71254022347 2.65746569436 2.55659097356 1.77851106253 0.756045552687 0.776786509801 1.35152335589 1.94650862129 1.43689781588 1.03249146869 1.22278596096 1.42305636852 1.65454708828 1.72054900021 2.06342806867
-9999 -9999 -9999 -9999 -9999 -9999 -9999 -9999 -9999 -9999 -9999 -9999 -9999 -9999 12.7327688932 12.2008716276 11.4565381543 11.9453502838 11.8564681811 12.136536537 10.5447218175 11.519836811 9.18064096582 9.4930460966 7.38979137982 7.04839961445 6.05035849232 6.13287595416 4.82499131759 4.82150196278 3.752011359 3.88374126407 3.2063648558 4.41121335192 4.94296658261 7.77106948496 2.67915607128 1.80833567955 2.4125112914 3.4166736462 2.70742854339 2.22625195753 1.8674902617 2.09557589625 1.2429379192 1.02268065921 1.52955697871 2.08851567141 1.87559223467 1.41756682127 1.21718468121 1.20089669274 1.35049839683 1.307463386 1.23875069993 1.35239294575 1.42819409394
-9999 -9999 -9999 -9999 -9999 -9999 -9999 -9999 -9999 -9999 -9999 -9999 -9999 -9999 13.6629713318 14.6619908262 13.1413359813 11.6580455834 10.0943796981 9.99849721486 9.24977096703 10.3962226338 8.99525388557 9.46206571846 7.3995297123 6.5257108856 6.28344647508 6.44950784648 5.2204370733 4.94286734053 4.37804373054 5.56265231264 5.86783908954 5.39170029859 4.56532036846 6.26528408253 6.83620681467 7.85277471429 4.96283306174 5.068630676 5.86528659272 5.51002447681 2.35310893692 2.08818482276 1.67060404558 0.860252000126 1.59473457248 3.2944566713 2.83625588728 3.16198989189 3.21024281409 3.1784427246 2.35724556567 2.00103678639 2.45198637043 2.32655367049 1.70303572353
-9999 -9999 -9999 -9999 -9999 -9999 -9999 -9999 -9999 -9999 -9999 -9999 -9999 -9999 -9999 -9999 13.3676136532 14.4204176206 13.9445417044 13.7470483616 11.659520501 9.91870334676 10.1162507379 10.157744729 7.8328402698 8.12667445447 5.64357245133 5.89162483366 4.89974316332 5.8469424034 5.54324523633 5.90688209248 5.4729473441 4.80623917522 4.82296403015 4.86225634596 5.41424328193 5.0563157334 6.14652438894 5.66341037203 3.4906276234 3.43708264454 3.72271772048 2.80156747953 1.09734176251 1.369324027 1.13437578671 1.56234590647 1.78218692973 2.11202351155 2.07360350892 2.15291668435 1.94463442514 1.61219352451 1.01648128305 1.1100668854 1.97292343422
-9999 -9999 -9999 -9999 -9999 -9999 -9999 -9999 -9999 -9999 -9999 -9999 -9999 -9999 -9999 -9999 15.3209393214 14.8252367306 14.0988626157 11.7180168723 11.4782080972 11.6457117895 8.34081776221 8.75930791775 8.53377469848 8.93712011306 7.40498485317 7.16854988919 6.35128231143 6.31875387202 6.66854704282 6.35617538762 5.19713089081 4.89900577743 3.58125398442 3.82353150245 3.7964394212 4.38514812542 2.871976552 2.48244357133 2.9544734822 3.82214283318 1.15541037246 1.93331099821 3.25655250552 1.06500987447 0.444742755419 0.818975684813 1.37272767429 0.955703188043 0.712127062137 0.730094931231 0.54818057637 0.681305242574 0.688320238368 0.695989722512 0.703746654242
-9999 -9999 -9999 -9999 -9999 -9999 -9999 -9999 -9999 -9999 -9999 -9999 -9999 -9999 -9999 -9999 -9999 -9999 14.2334387934 12.6218480304 10.4983424292 11.3877141447 10.7893591003 10.0596695285 8.08023154704 8.25764201221 6.9340299167 7.24854838961 6.13358595194 5.98529160003 4.69172235359 4.17028965315 3.88239496699 4.44507120658 3.51953473254 4.28916926569 4.07115640714 3.04661241882 2.66938669183 3.49727220871 2.45798852359 2.14652015261 1.70292844564 1.68739828763 1.50431796968 1.72761551251 0.575249544088 0.580482426496 1.00083482825 0.72541150279 0.879492827483 1.08788921473 0.5677616847 0.593528448082 0.778194923426 0.864378357273 0.79594833187
-9999 -9999 -9999 -9999 -9999 -9999 -9999 -9999 -9999 -9999 -9999 -9999 -9999 -9999 -9999 -9999 -9999 -9999 -9999 11.0471007957 10.5979508034 11.1379760765 10.2982557128 11.7947008955 8.88305814662 8.36507521457 6.28344819806 6.52305764887 4.69751933255 4.52124736173 4.39827726475 4.81861479801 3.69664541713 3.41073109473 2.69369564871 2.52534324818 2.27534714387 3.13595005523 2.60569778641 2.95794359476 2.05958944078 1.84483167895 1.34211789926 1.7914210827 1.77174159287 1.85639696047 1.20017816415 0.44538932504 0.323185568169 0.739222604353 0.644567849908 0.677508363351 0.495880432607 0.488125640914 0.693280936002 0.645444084137 0.497776140133
-9999 -9999 -9999 -9999 -9999 -9999 -9999 -9999 -9999 -9999 -9999 -9999 -9999 -9999 -9999 -9999 -9999 -9999 13.0927122445 13.9416172998 13.5628641793 13.2893257136 10.7149713621 9.78905671684 8.64527665949 8.38378217475 6.07593387012 6.64874584919 5.41759285996 5.01421356141 2.09344532866 1.2407987064 3.2704602258 3.88165874484 3.43234682711 3.97995668615 4.43339529216 4.25588548823 3.77730369682 3.59682365439 3.0779725441 2.05661459592 1.659080419 0.767562294138 1.07453694519 0.825686312728 1.66928480957 2.23394484196 1.07104676319 0.450085449961 0.748918149444 1.56573681215 1.68809765419 1.58528955545 1.11856715602 0.908621149973 0.823448491892
-9999 -9999 -9999 -9999 -9999 -9999 -9999 -9999 -9999 -9999 -9999 -9999 -9999 -9999 -9999 -9999 -9999 -9999 -9999 15.406573182 14.5093730353 13.9515926193 10.8496611995 10.0317781252 9.33001952165 9.18760860566 6.21140441574 6.39928792059 5.50287476741 6.51920073758 2.89793362171 2.85215879589 4.75465378502 4.27527312642 2.56427840886 2.03477535614 2.0527915786 1.74394398278 1.37688431897 1.37795611767 1.42131579424 2.02884562062 1.32585937146 0.809617859542 0.797819405915 2.53913574236 2.07734529844 1.48583663387 1.23759346921 0.574803830895 0.171132662079 0.575989315807 0.715334202062 1.06232228283 1.25601401494 0.408092306294 0.428296263783
-9999 -9999 -9999 -9999 -9999 -9999 -9999 -9999 -9999 -9999 -9999 -9999 -9999 -9999 -9999 -9999 -9999 -9999 -9999 -9999 12.689471676 13.5885080432 10.9587369786 10.5918613043 7.82235573573 8.84629278139 6.29722072526 6.69399975406 6.48638614768 5.63732196594 4.09959214532 3.83585898735 3.6053866921 2.4735603218 1.45490294115 2.11691478146 3.13511925554 3.52163600915 3.25009644088 2.96569023356 2.02340948338 2.77895683242 2.62818080584 2.25005632224 2.95190998244 2.50547200157 1.9794019319 2.29624802362 1.93874438477 1.68494804063 0.987003366108 0.530784328193 0.235602003596 0.195785319372 0.70277173543 0.325340495278 0.353007662775
-9999 -9999 -9999 -9999 -9999 -9999 -9999 -9999 -9999 -9999 -9999 -9999 -9999 -9999 -9999 -9999 -9999 -9999 -9999 -9999 -9999 12.8030427671 11.3442428714 11.4074611302 7.34425126217 6.67119477927 5.90159155709 6.94502730722 4.98684534182 4.54883246077 4.33458178664 4.83697797252 4.32562174767 1.42229022314 4.08375542 4.73474774814 3.57415342305 2.82659540932 2.27039090097 2.36246095423 3.02465015152 3.21267290188 3.32847196456 2.17860522925 1.66230217652 1.138779781 1.52401524467 1.73523280848 1.7226253562 2.26834569786 4.25503126924 1.43987493332 1.046314427 0.412976946323 0.113829956725 0.159023671417 0.207865852387
-9999 -9999 -9999 -9999 -9999 -9999 -9999 -9999 -9999 -9999 -9999 -9999 -9999 -9999 -9999 -9999 -9999 -9999 -9999 -9999 -9999 11.2830869498 10.3036078298 10.3182055699 9.27743155974 9.78664303079 7.54240426883 7.66077191195 5.95206175228 5.20086076658 1.64080712022 3.95709028895 4.99241452563 4.69316863457 2.89931966544 3.38867738923 2.77231760074 3.12084951061 2.62324635133 3.15955045993 3.06532617368 2.91582813311 2.02805404833 1.93639701295 2.38666380314 2.2343520878 2.00955861098 1.9416247495 1.21555155792 1.28953152205 1.3172121758 0.616429695524 0.381050841772 0.244361848457 0.228464149858 0.126863955099 0.149992326897
-9999 -9999 -9999 -9999 -9999 -9999 -9999 -9999 -9999 -9999 -9999 -9999 -9999 -9999 -9999 -9999 -9999 -9999 -9999 -9999 -9999 -9999 10.4247255683 11.616697222 9.7423393029 8.83681724465 6.82290314455 7.76211419131 6.15070051083 6.01953185149 5.33391835031 5.65242778471 4.58825430206 4.72264237894 4.77608293161 3.78311294955 3.68416319593 3.44939460144 3.15566520112 2.98686623077 2.82784751562 1.73208116404 1.80559753108 2.4672132927 1.1659816026 0.994097240644 0.790473237785 1.12774327239 1.67080490709 1.02955802305 0.421480692831 0.54905945524 1.26497485824 0.327302395741 0.115549332222 0.0975869428413 0.120088808061
-9999 -9999 -9999 -9999 -9999 -9999 -9999 -9999 -9999 -9999 -9999 -9999 -9999 -9999 -9999 -9999 -9999 -9999 -9999 -9999 -9999 -9999 10.761086739 10.4908315672 9.31781741769 9.90957406664 7.74874979275 7.25418600933 6.49896889334 6.67406015778 5.65020190357 5.80177243806 5.35515597233 5.08607759939 3.85997233429 4.97012899075 3.42301035259 3.2951510154 3.62147805426 3.45038011721 2.04079933657 2.89565792485 1.85000465111 1.36458289116 1.12809895222 1.44835358707 1.98233030749 1.97606167174 0.979833049635 0.841141906993 0.548469045575 0.927781933036 0.236498006326 0.658638083351 0.3132920011 0.270115348383 0.197070409663
-9999 -9999 -9999 -9999 -9999 -9999 -9999 -9999 -9999 -9999 -9999 -9999 -9999 -9999 -9999 -9999 -9999 -9999 -9999 -9999 -9999 -9999 10.317760563 11.0399585434 10.6997999727 9.62451396851 7.86144370677 8.39897726826 6.84274866734 7.38849796914 5.9551520675 5.30704475284 4.49112087987 4.90170124484 4.87650150526 3.50450830334 3.12268052941 4.13635083561 3.30843392277 2.98508504935 2.75466397953 2.0942020481 1.24949029573 1.69922720463 2.14616882707 1.92600609475 1.80033310677 1.48548015963 1.09171620545 1.09443767709 1.62258466139 1.24355985717 0.48297847904 0.48283804401 0.605964139354 0.696551441919 0.309072093474
-9999 -9999 -9999 -9999 -9999 -9999 -9999 -9999 -9999 -9999 -9999 -9999 -9999 -9999 -9999 -9999 -9999 -9999 -9999 -9999 -9999 -9999 -9999 11.6016080232 11.4266388898 9.92782472547 7.37459697805 8.23414697839 6.77748433335 7.06813830791 6.00637626531 6.4808270262 5.55130183915 6.1230587706 4.32519574585 4.7576611665 4.48122176306 3.91865593373 2.28359335815 2.16307179374 1.32387503379 1.93917505308 2.43270124434 2.47125163987 1.979688736 1.69474541623 0.785117731882 0.667353350039 0.657663674092 0.73657537629 0.581031567797 0.794160191206 0.973260559155 1.16050342796 0.368712726629 0.257573527695 0.849861965964
