data/recharge/transience/oldversion/mHM_recahrge_446.ASC
ncols   80
nrows    72
xllcorner    4374000.0
yllcorner    5656000.0
cellsize      500
NODATA_value  -9999
[rows 25 to 49 of 72, columns 0 to 56 of 80]
-9999 -9999 -9999 -9999 -9999 -9999 -9999 -9999 -9999 -9999 -9999 -9999 31.523191972 31.6125878153 30.4670339251 30.475476578 29.0498210964 28.9549252474 28.0319060193 28.5818885151 27.5764666497 27.385711419 26.5599711346 18.558479693 19.152083253 19.8956464137 23.3547384723 21.4901375002 16.1113542064 15.0731964075 13.0999714923 12.5744126497 17.3199515596 20.6803296479 3.83130673245 13.6661927351 18.3855013972 4.84240874294 3.08485943025 6.55469331501 6.0792327633 7.46507151236 14.2958264879 17.8714971151 17.3290082127 17.469083391 17.230861223 17.2000450553 16.3905019065 16.8830419328 15.1336542734 8.3041798334 3.00970576977 2.50177631959 2.51084671646 2.48317194616 2.33934957475
-9999 -9999 -9999 -9999 -9999 -9999 -9999 -9999 -9999 -9999 -9999 -9999 -9999 31.4838844433 30.9685777151 30.8587034639 29.5830485634 29.5770279345 28.483109473 28.2138195111 27.458915621 27.876903289 26.9534387184 22.9024960884 25.9423185633 22.404361002 19.3299608034 15.8314235709 14.8250849712 15.4905310007 13.08244671 12.9082143535 20.3727464001 7.62292442144 4.56860601553 7.68936452761 14.861356921 3.14953436456 6.30520390695 5.65311098757 4.91819756518 5.04614056333 3.32618283992 5.38293511458 7.35800886521 10.8725969435 13.9380577907 13.6880642126 7.34446255812 3.74144898411 2.43574909569 2.42192842697 2.45144020324 2.53551824537 6.00751085178 2.1978605047 2.00614246838
-9999 -9999 -9999 -9999 -9999 -9999 -9999 -9999 -9999 -9999 -9999 -9999 -9999 -9999 30.3410886913 30.0273010835 28.8019490466 29.224326037 28.309628036 28.5968698563 27.5332846012 28.2111284682 27.3637097351 26.8884908737 24.9317056006 24.6573168942 24.4761118981 24.5136901073 16.9106000832 14.2139628857 13.9366514868 22.0922387808 22.0969532602 12.2639191025 3.24390364791 10.8343020738 13.362717732 5.65780281803 7.39523992534 7.80132139123 6.00995117668 5.6025830509 4.45715134333 3.66117204461 2.86006297163 3.14493258846 2.96511473409 3.6063544736 2.50637942887 2.66592130518 2.51168111451 2.14513962854 1.99192732414 3.21836013983 6.24665759095 9.20963415907 6.44004771779
-9999 -9999 -9999 -9999 -9999 -9999 -9999 -9999 -9999 -9999 -9999 -9999 -9999 -9999 8.66329482717 19.4420148093 29.4046843666 29.6900588717 28.7968795354 28.8498962211 28.2321542066 28.4029170665 26.5601646387 27.4789930664 26.3710344469 26.6329864151 23.9930891293 24.4974514105 24.2776407373 24.1304248195 18.971849931 11.0632732596 22.1602684512 24.3994235576 3.48528925943 8.52710801112 12.943481809 5.31664996899 6.20233451851 7.03998644215 4.24379609564 4.5775730404 4.25440395178 4.0642772801 3.15476464989 2.73956622754 1.80325075948 3.86213907227 5.5825320077 2.36400750653 2.52874151487 2.78177862389 2.95090730098 2.76476853367 4.75425909299 9.18385855823 3.32543063099
-9999 -9999 -9999 -9999 -9999 -9999 -9999 -9999 -9999 -9999 -9999 -9999 -9999 -9999 14.156940005 21.0270705977 29.5028828088 30.0687975209 28.9330398703 28.9710501915 28.1941426377 28.2945304125 27.5451166033 27.1007047388 25.5305238716 25.2697269142 25.0681064258 25.4898344428 23.5614365848 24.0279293801 22.6750525669 21.5946106913 21.0942604768 18.9503612825 14.3843118865 7.52758966219 9.96376298506 10.6044196207 6.32936187047 7.52595539104 4.24130050302 4.64071529067 4.0216493648 4.05956661375 2.67330695458 2.78282983623 2.17253901457 2.63290035539 3.90880746793 3.89990532924 2.52002312288 1.31692912376 1.32066935235 1.03679200782 1.00973919046 1.60224782675 2.68496899168
-9999 -9999 -9999 -9999 -9999 -9999 -9999 -9999 -9999 -9999 -9999 -9999 -9999 -9999 31.6926574781 31.0617566375 30.388217752 30.1675002739 29.1638857277 30.1150408499 28.7300500944 28.6839869741 27.8789238829 27.3366894296 24.586279412 25.0999662813 23.5099254775 25.3696334901 23.8489049804 23.3163754397 22.2113481995 22.7123612495 21.4258369471 11.513879571 7.67380994887 7.70920919617 7.02249015838 13.3956655996 6.22843365419 8.59480590362 4.31410922553 3.53704449016 3.06474258633 3.22293286528 2.52744955719 2.2451450533 2.83421806169 2.14269457333 3.54920771481 4.40295643395 2.40237303791 3.26832118808 2.35730844291 3.40508392843 3.42034806634 2.9714636895 3.37493469595
-9999 -9999 -9999 -9999 -9999 -9999 -9999 -9999 -9999 -9999 -9999 -9999 -9999 -9999 -9999 30.7939992309 30.281332584 29.7733174184 28.7113350708 28.6888972434 27.9113244831 27.9671260858 27.5690865093 27.5792839299 24.7526629446 25.6380681552 23.8961461076 24.400099803 13.788158706 22.8926020196 21.20137616 21.1665226325 19.5638108487 12.3926936651 7.9307188066 7.96106536396 7.43999876581 7.37638529935 7.02707098452 6.73342659421 5.84516655488 8.72248878376 0.79151507685 1.31221430464 2.02776003538 1.21853395108 0.614418386745 0.62866341103 1.16325519732 2.21302594986 2.29169335309 2.13778812702 2.78295564771 4.25127274693 4.00609660159 3.94946606613 3.54174805564
-9999 -9999 -9999 -9999 -9999 -9999 -9999 -9999 -9999 -9999 -9999 -9999 -9999 -9999 -9999 -9999 29.7066608736 29.2935194862 28.5952833814 29.3725605328 28.7962457248 28.7920241054 26.5996394573 25.4592280863 24.6180432851 24.3169102577 22.1550149455 20.29571 12.681515101 20.2733629427 22.5721692882 15.279549339 10.3140364588 6.88865915154 7.47089905715 7.79349028487 7.49715127604 7.74285853162 7.50119208675 9.8102504347 12.465644819 10.8643033147 7.04410085638 0.950128047588 0.511160650457 0.439164110482 0.385037760768 1.88287399237 2.04841852727 1.75959657563 2.17401254426 2.95585247444 2.46359763211 2.17223083453 2.39897788431 2.22467420323 2.1299288809
-9999 -9999 -9999 -9999 -9999 -9999 -9999 -9999 -9999 -9999 -9999 -9999 -9999 -9999 -9999 -9999 30.1550926782 29.892708556 29.3350951397 29.1978160591 28.2258786522 28.6397654036 27.3089697427 25.8932118424 24.7684795001 25.266624154 22.7333985868 22.1922519009 13.1772301877 18.9235735454 13.0038123801 9.80024360146 10.9894764749 8.10538067395 8.15892377448 7.65049147025 9.01246851851 7.26800794907 7.45206187444 7.81635316604 8.10577123666 8.32400161681 7.3666827359 2.73449448534 1.12669980927 0.752812246654 1.24613696496 4.97882943214 1.7641412016 1.98550531632 2.48739276617 2.5789103797 3.24018924982 3.423260129 4.09671791833 3.03833826077 2.14220318531
-9999 -9999 -9999 -9999 -9999 -9999 -9999 -9999 -9999 -9999 -9999 -9999 -9999 -9999 -9999 27.3727785593 27.6567681189 28.0543383047 29.1863049379 28.9176610966 27.5255036888 27.7207925105 25.9894186757 25.2180805665 23.4498492465 23.9122173028 22.1211963477 22.3678322085 15.9761597776 20.5178828408 19.7893398763 19.9890013148 19.2995734817 14.6706258876 8.01469069251 2.82216586423 7.64836020137 8.3463782031 10.8392225087 6.63492238884 6.08389411738 1.56967749573 0.85331609731 0.8391821971 0.803572364461 0.622447817023 4.75496059211 5.02307834513 2.27178750526 2.33969964931 2.01393374546 1.73332844745 1.8977032746 2.03531874928 2.18926360639 2.23314796222 2.48780773191
-9999 -9999 -9999 -9999 -9999 -9999 -9999 -9999 -9999 -9999 -9999 -9999 -9999 -9999 28.6053484832 27.8933147309 27.851626393 22.0975333471 26.6703345559 28.6775642286 27.2924745245 27.6068736109 25.4238229647 25.6006057606 23.3982045135 23.1591310063 21.2460361609 22.0159802135 21.5411967712 21.5415266067 19.0282185943 19.1958138639 14.7932921379 11.2505277488 11.7309270084 7.28841780143 6.46611225134 7.68530868231 1.89654510699 5.41032858381 5.570350583 0.708649860615 0.65844484088 0.707610473502 0.513063517204 0.468339256737 0.657827569437 1.75051001102 2.28791200619 1.97369159788 1.86247883122 1.85118348263 1.9858854169 1.95629829364 1.91158336525 1.98797642733 2.30657281421
-9999 -9999 -9999 -9999 -9999 -9999 -9999 -9999 -9999 -9999 -9999 -9999 -9999 -9999 28.1483144394 28.0168612473 27.2497706828 20.291624139 17.3469986922 20.0430603282 25.0516084852 26.0056127677 24.7532503349 25.0524011527 22.1159642582 20.6609875344 14.0966846778 14.1363005362 14.8467982237 20.0370784267 19.1026686906 15.0664735388 7.98083548979 7.43085309173 8.68270054679 8.09932033787 3.03453250246 4.53704323016 1.53297965918 1.59723302878 2.44495336248 2.10071882376 0.699801686962 0.645058731854 0.569010488714 0.412340834976 0.564022729454 2.3653783257 3.0212357316 3.35062141071 3.3618060409 3.32989764177 2.52323143513 2.28636596415 2.47582454736 2.39560748911 2.02591605261
-9999 -9999 -9999 -9999 -9999 -9999 -9999 -9999 -9999 -9999 -9999 -9999 -9999 -9999 -9999 -9999 27.4274554116 22.7359566821 22.3505717823 22.1212137704 20.9996511201 24.9809709084 25.5287196004 25.531822824 22.5395926401 15.8876238138 9.08237122717 9.47545801691 7.63287814542 11.0983963557 12.8139993216 8.76058989807 7.38650041078 6.48140589711 6.39699160841 6.44865619848 5.1143825053 2.18631222064 3.2613949856 4.30873059475 2.79629671063 2.10521261864 4.21699008976 2.88765367923 0.459161881689 0.511085036876 0.473077569372 1.28733115692 2.26941269267 2.46568675028 2.44042196981 2.49614518412 2.24999363715 2.03869449427 1.59980314046 1.65782901882 2.11324969412
-9999 -9999 -9999 -9999 -9999 -9999 -9999 -9999 -9999 -9999 -9999 -9999 -9999 -9999 -9999 -9999 22.6620358473 22.1426502915 21.9397847678 18.9868913347 18.7056455002 19.9039571607 22.8627078626 23.6461442382 22.9870635067 16.1867169058 11.4283462682 10.9883599869 9.67459038875 10.7773620242 11.091364519 10.6525455948 8.58077740688 6.69302630572 4.81366228375 5.06317825119 5.02126338555 5.71354326141 3.80121172064 3.15585374928 3.58175453132 4.4169526396 5.87006174101 6.66943836276 1.68113717089 0.444111079888 0.307904995864 0.508676406467 1.90206717606 1.61807310549 1.41758848733 1.43085044477 1.19260706458 1.29140943012 1.21173055097 1.21662420961 1.19643209819
-9999 -9999 -9999 -9999 -9999 -9999 -9999 -9999 -9999 -9999 -9999 -9999 -9999 -9999 -9999 -9999 -9999 -9999 22.0908937111 20.1600944217 17.3093502793 18.5778314816 21.1627768934 24.6058323398 22.5642177411 20.0764832256 10.7864414874 10.7933891341 10.1009292154 10.3371833032 8.50850150472 7.89841627407 7.40651647744 7.26685250546 4.75241848603 5.58407973836 5.33300555405 4.27267047084 3.82966734345 4.03670370451 3.16405650384 2.91515555507 2.62610362263 2.61350761718 2.35915299546 1.63546109888 0.356463020373 0.341541908193 0.59369049016 1.2795153007 1.58004683156 1.77718161207 1.208001407 1.22770721196 1.26961304744 1.32251840809 1.25317544892
-9999 -9999 -9999 -9999 -9999 -9999 -9999 -9999 -9999 -9999 -9999 -9999 -9999 -9999 -9999 -9999 -9999 -9999 -9999 17.1087308631 17.0673207386 17.8400930221 17.495806731 26.0638135598 23.474489204 23.1023753512 17.4103801857 10.7521151247 8.29608828675 8.09513194623 7.69196770188 10.4013509323 7.15345155413 6.40092892023 4.02376067916 2.92530644203 2.72530106322 3.64125465627 3.48048608977 3.56580218448 2.74283078952 2.58122003098 2.26015037514 2.61602087835 2.59082348586 2.65857537222 1.19389020225 0.310749428179 0.27284374401 0.425883047717 0.885386263826 1.30758862177 1.08936024983 1.08308249628 1.15043122177 1.1198615937 0.941612139075
-9999 -9999 -9999 -9999 -9999 -9999 -9999 -9999 -9999 -9999 -9999 -9999 -9999 -9999 -9999 -9999 -9999 -9999 19.8160861783 20.8396574403 21.0243056164 20.6902819844 17.6141152329 24.9078435361 23.2666865364 23.3493521843 20.7707307104 16.144602344 9.14535410754 8.66382773186 8.51638870591 6.67628892143 10.01166753 5.2646855954 3.40705709256 3.93936629952 4.56301878737 4.33647364085 3.78474214256 3.65898328883 3.54588507668 2.7404363519 2.52166659343 4.27035771633 4.10778013842 3.82413600067 2.58271860538 1.08568521495 0.44355874706 0.308307173096 0.364680457447 1.04381645175 1.7532252301 1.98176905325 1.3966722711 1.27811636482 1.1400098109
-9999 -9999 -9999 -9999 -9999 -9999 -9999 -9999 -9999 -9999 -9999 -9999 -9999 -9999 -9999 -9999 -9999 -9999 -9999 22.7306069671 22.5610303937 21.9239965317 17.6562708783 24.30934004 24.0153678188 23.8942800655 19.0761849752 20.5966954268 13.1431872129 15.2201578021 13.2441187733 13.1596247006 9.32207231918 4.3001231509 5.16414810093 4.53280057642 2.29519952182 2.10273261844 1.84622218359 1.84680376987 2.20814020802 2.78587480409 2.51666201548 4.09420691939 5.37076155673 3.7883175015 2.92475368724 2.25992335601 0.655148311898 0.352975174012 0.214159619043 1.23254226441 3.24744756135 5.02341823923 2.2157205838 0.614928704874 0.812885907504
-9999 -9999 -9999 -9999 -9999 -9999 -9999 -9999 -9999 -9999 -9999 -9999 -9999 -9999 -9999 -9999 -9999 -9999 -9999 -9999 20.3830909077 21.4981220632 17.8175531013 21.4208523827 22.6184493115 23.6059359336 19.0574515053 20.9864111512 20.6996489089 19.8947280224 17.6261080861 17.3248836099 7.14706418022 9.14658584443 7.35952520573 5.73814916064 3.31340996988 3.9272948311 3.52346544139 3.45153279051 3.14614922501 3.74159598959 3.41128181319 3.02518082358 3.77091049401 3.35048892232 2.84204265739 3.11412804471 2.52133830007 1.0571474981 0.536657245561 0.416309589708 0.235409440495 0.22075023137 2.00309975699 0.234012041226 0.217063355179
-9999 -9999 -9999 -9999 -9999 -9999 -9999 -9999 -9999 -9999 -9999 -9999 -9999 -9999 -9999 -9999 -9999 -9999 -9999 -9999 -9999 20.8454446905 18.8228033925 19.3812730459 21.3251338235 20.5809015001 19.1510191615 21.1989263594 19.7179119714 19.3528995007 19.8093652672 18.8498610376 6.16670268062 6.79431919516 7.12743711274 5.33629204618 4.54580585717 3.37658624303 3.07364151737 3.39692049185 4.35258451366 4.56142892725 4.87144571027 3.22355438042 2.83139203477 2.34704128707 2.6786154401 2.86936836457 2.71942549496 3.18206639868 5.38333868191 4.25971299048 1.38644559978 0.336458474235 0.16378594626 0.185152238852 0.182245196672
-9999 -9999 -9999 -9999 -9999 -9999 -9999 -9999 -9999 -9999 -9999 -9999 -9999 -9999 -9999 -9999 -9999 -9999 -9999 -9999 -9999 18.8010056116 17.2982844087 17.3247571956 21.1954159397 23.7416077737 20.7030423166 15.9996607944 13.6736895073 19.5220845007 9.05743498321 17.1852303755 7.88866635457 5.0313509669 3.38649577764 4.428622554 3.78272201231 3.32046325822 2.89719880817 3.76960790815 4.39736872823 4.23785896829 3.5874333692 3.23510629675 3.51510128702 3.36622493323 3.12106384171 3.05804476922 2.11297043844 2.34808853962 5.23749317252 4.36393516729 1.34734556857 0.321078462769 0.211063382504 0.170641147126 0.161836161798
-9999 -9999 -9999 -9999 -9999 -9999 -9999 -9999 -9999 -9999 -9999 -9999 -9999 -9999 -9999 -9999 -9999 -9999 -9999 -9999 -9999 -9999 17.6307519607 19.398540612 23.002957339 24.0763145661 20.7924296257 15.7288771687 10.1450343697 11.5068967853 12.8728296961 13.283539475 7.64589814441 6.10747752981 6.52332387215 5.2414803711 4.65711893217 4.28773280866 3.86366097374 4.14505287696 4.68449825656 3.49463670723 3.73762891285 4.49564132986 2.67185508815 2.39391246187 1.86759131717 2.14523998868 2.5311000363 3.79737540917 3.87246911446 5.50528933355 0.624427781294 0.283154523861 0.174508110018 0.163385957673 0.158424959899
-9999 -9999 -9999 -9999 -9999 -9999 -9999 -9999 -9999 -9999 -9999 -9999 -9999 -9999 -9999 -9999 -9999 -9999 -9999 -9999 -9999 -9999 18.1326745113 17.7321960791 22.5438705001 24.8510848473 21.7375579637 12.5072054633 10.98535741 11.4316898422 9.77491763505 9.98015794256 9.06559519649 6.89176873536 5.33349851894 6.80728874312 4.84094737159 4.28870730361 4.85611277678 5.07931470821 3.81162126569 4.76663897965 3.78649117094 3.25800218497 2.94303260779 2.89934000686 3.08311623312 3.34955156133 2.24428592607 2.13182460404 1.94295681868 2.26429400022 0.251894611462 0.371539584428 0.250273788337 0.237249750229 0.189965815942
-9999 -9999 -9999 -9999 -9999 -9999 -9999 -9999 -9999 -9999 -9999 -9999 -9999 -9999 -9999 -9999 -9999 -9999 -9999 -9999 -9999 -9999 17.9016350392 19.0153460993 25.1195966525 25.4920918528 21.5020421715 14.4363005025 11.738382589 13.2046239682 10.8336756019 9.935038584 8.77409691573 7.45954416198 7.36436572189 5.45740538787 5.11121423285 6.49364390982 5.71915507077 5.27427229147 5.20027950572 4.34525376126 3.44414097556 3.99577720176 4.63554009347 4.16785210988 3.52612101434 3.17398146775 2.53913109577 2.54211440729 2.82526841715 2.46705940833 0.432152288177 0.358156836848 0.348860032723 0.368516857938 0.24201653594
-9999 -9999 -9999 -9999 -9999 -9999 -9999 -9999 -9999 -9999 -9999 -9999 -9999 -9999 -9999 -9999 -9999 -9999 -9999 -9999 -9999 -9999 -9999 19.8424170366 26.0706499896 25.693719594 20.5422844331 13.5909031582 11.1957121832 12.733175462 10.9081048029 11.5937361939 10.233690207 10.0024101914 6.5424453412 7.18092383561 7.02727902072 6.17433172664 4.41182465666 4.37281900221 3.44243066823 4.16089356876 4.80218071415 4.95733294038 4.41667603424 4.0515085088 2.50287604051 2.18847580144 2.01786997401 2.1230726013 1.73066284703 2.00197388346 1.86582663569 0.894079059309 0.317182525873 0.373224934638 0.961610229939
