data/recharge/transience/oldversion/mHM_recahrge_217.ASC
ncols   80
nrows    72
xllcorner    4374000.0
yllcorner    5656000.0
cellsize      500
NODATA_value  -9999
[rows 26 to 51 of 72, columns 0 to 56 of 80]
-9999 -9999 -9999 -9999 -9999 -9999 -9999 -9999 -9999 -9999 -9999 -9999 -9999 26.4633120735 25.8985331547 25.9224190134 24.3160238943 24.1864932869 22.0176229901 21.7730905598 20.1678701183 20.2171007068 19.4169411656 17.5105065892 18.7847572194 16.7106400691 13.8256378471 12.6412275949 11.4977415069 12.0624598086 10.5331984997 10.1855930706 12.3765279031 9.33506369196 7.00123390437 6.54883609719 11.358751757 8.27700508207 8.28157782344 6.37016080102 5.78035135593 6.90423482171 4.79521683646 6.6512132758 7.64465149033 9.12823626882 10.426222541 10.1515888528 7.37262923679 4.87826898406 3.76932265265 3.91845479294 4.13379907386 5.20953647719 5.28646761721 3.28406773513 3.16869108491
-9999 -9999 -9999 -9999 -9999 -9999 -9999 -9999 -9999 -9999 -9999 -9999 -9999 -9999 25.972642542 25.8209780912 24.0354902587 23.6853059956 21.8332545661 22.1514322095 20.0441552009 20.9046157625 19.0902103345 18.8623706776 17.8928965875 17.9010433469 17.9304156595 17.2777516332 12.6239764501 10.9309039337 10.9363092843 14.3236724187 14.1553642187 12.8075523622 8.18139401181 9.36549472628 11.3009837163 7.26011615313 6.65326870747 6.94889296405 7.14804740421 6.26503533455 6.70987002787 5.38495289272 4.21768200598 4.76141267074 4.19381112412 4.38061597786 3.7942880883 4.40004670569 4.11890504639 3.28614947267 3.06639576306 4.78939636998 5.19381626175 7.78437468983 8.32203846135
-9999 -9999 -9999 -9999 -9999 -9999 -9999 -9999 -9999 -9999 -9999 -9999 -9999 -9999 7.79339111566 17.812676209 24.6842853385 24.7159305766 23.2084805828 23.414009466 22.0988193703 22.1202966268 19.8918615896 21.0164341667 20.222169876 19.8757985536 17.9628093594 17.4798962053 16.928964054 16.8325118088 14.5764614491 9.00405004191 13.8199455437 16.1091342067 9.4770644304 7.67622829888 10.7799178571 5.77520721678 6.89909278655 7.34632470332 5.96305722236 6.29411338236 5.92999076266 6.54564022568 5.56618969115 4.69420671759 3.79771267669 4.84891727661 5.34618916677 3.97334922106 4.61711230019 5.16834256723 5.53290084929 7.91340093767 8.29629535512 8.67569054862 9.57190126068
-9999 -9999 -9999 -9999 -9999 -9999 -9999 -9999 -9999 -9999 -9999 -9999 -9999 -9999 12.1476185222 18.3860987467 24.5705467172 24.9355705852 23.5061811238 23.4606699952 21.5570415059 22.0368148041 20.692610466 20.6419584198 19.1492751498 18.6576790704 18.6910928081 18.2736549282 15.6972822352 16.536630339 15.2338312105 15.3793040008 13.5413759562 15.1699087272 15.0616933262 6.53338704233 8.39788468257 7.93743900135 5.34268336265 6.93013864191 5.4677745851 6.12158908244 5.41276947751 5.54040524605 4.36841295369 4.78830723423 3.68523579547 4.75455504183 7.4096304072 8.12293644388 6.80468103722 4.24344664927 6.25308918343 5.80870313714 4.91148133315 5.51935360596 4.93789948134
-9999 -9999 -9999 -9999 -9999 -9999 -9999 -9999 -9999 -9999 -9999 -9999 -9999 -9999 27.3111003591 26.752185631 26.0607565264 26.368284563 25.3516748188 25.2430774233 23.7214532233 23.4316453604 21.1984782356 21.5018595117 18.6481632994 19.1153253081 18.7128631957 19.3346731791 17.2174064521 16.7980218785 15.9576984787 16.6821713712 15.4894338472 10.811491795 6.88871179475 6.91258543914 6.37638694795 11.5757778971 5.75232138615 7.656142306 6.09779109358 4.86168225057 4.34129366844 4.63578265274 3.95020879143 4.06819242559 6.09982701452 6.86701772256 10.6986565538 11.4960031318 9.30917770677 10.2874198895 7.28016130558 7.44265700319 6.35436333014 5.39307075766 5.94470063045
-9999 -9999 -9999 -9999 -9999 -9999 -9999 -9999 -9999 -9999 -9999 -9999 -9999 -9999 -9999 26.3738059355 25.7048845822 25.7408923385 24.592153652 24.0282713374 22.3462172115 22.7095764388 21.8918159661 21.6384363015 18.6099962434 19.1565850173 18.7242943033 18.8490659622 11.5576207719 16.8927095859 14.5092635705 14.3864081757 13.4201314222 10.5598092118 7.05644705728 7.07570269487 6.66329871461 6.62128439561 6.39850067718 6.12803815094 5.40740132752 7.39623510335 2.34073197092 2.82500386375 3.57116628651 3.03012361115 2.80463630725 3.20748575648 4.00139189224 4.80675222412 4.04975926509 3.6602394727 5.25084120451 8.12458732041 7.37642785297 7.28942438038 6.287408476
-9999 -9999 -9999 -9999 -9999 -9999 -9999 -9999 -9999 -9999 -9999 -9999 -9999 -9999 -9999 -9999 25.6714649154 25.6821671519 24.9723351365 25.862247177 24.8938518041 24.2506417714 21.8605664339 20.9365764425 19.6313670135 19.3629932042 18.7861700359 18.5339773476 11.3056757926 16.6141194029 15.7835368906 12.8156477522 9.31642853687 6.28886609391 7.100158487 7.30851468723 7.06971302809 7.22129988687 7.05176317271 9.14431630589 14.4898667928 14.0515700609 11.1129421024 5.31826254819 2.82643804535 1.98574916775 1.54628326132 4.69158534836 4.00361386921 3.18164829142 4.2162367505 6.2318662343 4.57934659401 3.86338940405 4.33985913944 3.91522456025 3.6085806238
-9999 -9999 -9999 -9999 -9999 -9999 -9999 -9999 -9999 -9999 -9999 -9999 -9999 -9999 -9999 -9999 26.7459471012 26.5197026186 25.9979889633 25.5872634369 23.8678785739 23.9520560902 21.3192121017 20.9782174913 19.6098360734 20.1113211011 19.2279994215 19.2700802518 12.1062239816 15.8787739605 11.8073501888 8.76421238888 10.0494589834 7.29054372622 7.51394873534 7.21770423581 8.65238813507 7.27189017568 7.02150097762 7.45723332869 11.9157313554 10.4189402659 12.3153219564 10.5138016151 7.2265674804 5.16133795742 5.95086773993 6.5450357852 3.08914591882 3.82511212665 5.02415531645 5.26357689871 6.42824436958 6.81311127453 7.88782579443 5.87106795236 3.63964091232
-9999 -9999 -9999 -9999 -9999 -9999 -9999 -9999 -9999 -9999 -9999 -9999 -9999 -9999 -9999 24.3483708661 24.7433849182 24.9904471227 26.6976395224 26.445156326 24.6962351585 24.7551024971 22.1286107597 21.1983986724 19.3032868565 19.7297468992 19.6784579405 19.7187407692 15.5027806257 17.6569856655 15.9444664026 16.1680298304 16.2578794993 14.386493157 12.3529532746 12.1066792384 11.7605844824 12.4153519241 11.0041801215 6.90004403646 9.65385531441 8.83702541491 6.13379748981 6.02866545054 6.28182206774 4.74763516949 6.5612870853 6.81459702997 4.8185821081 5.42737814729 4.27012700686 3.42112891823 3.70855736071 4.11172972409 4.24363396221 4.35888604402 4.80155977161
-9999 -9999 -9999 -9999 -9999 -9999 -9999 -9999 -9999 -9999 -9999 -9999 -9999 -9999 25.0562878375 24.8714995952 24.9458672774 21.1696054351 24.9611522185 26.2182333325 24.0941123571 24.5016308036 21.46124097 21.6542958782 19.2926261587 19.0115074826 18.8477352698 19.1935969512 17.062546857 17.0598033364 15.0304682165 15.2254541802 13.2884846875 12.2341748889 10.7012864218 13.2567301574 12.8907989486 10.6669937262 4.15240723145 8.45963097262 9.2123824861 4.94572911405 4.41086176174 4.91094960667 3.45039834219 2.85953347823 5.92552538245 5.09948254828 5.2407800728 4.32763958131 3.81647884171 3.78194962067 3.96845775422 3.8820844276 3.48440457831 3.69832520921 3.85478093311
-9999 -9999 -9999 -9999 -9999 -9999 -9999 -9999 -9999 -9999 -9999 -9999 -9999 -9999 25.408461793 25.7483510316 24.9675701076 20.3640019806 18.446939572 20.1671280846 22.4693237677 23.4147786444 21.8713621736 22.1670523146 20.6820835163 19.6123975845 16.1494081738 16.3601929494 15.2322585502 17.1915057823 16.3775021036 15.5610578597 11.9965818014 11.3008189589 10.0506968382 13.134163362 13.3629734108 15.0955930567 10.3496715834 10.5438510973 12.3385115984 11.7085197117 6.2612322733 5.72982629593 5.17514464981 2.94146291796 5.15751986418 7.37220284766 7.33346668561 8.36268531318 8.16550245676 8.10684159755 6.16025114478 5.4198747408 6.03561706324 5.78785311624 4.26275988966
-9999 -9999 -9999 -9999 -9999 -9999 -9999 -9999 -9999 -9999 -9999 -9999 -9999 -9999 -9999 -9999 25.102517578 21.4791354547 21.1108831685 20.9808954971 20.2538018192 22.479811238 22.5736771087 22.5908418758 21.048695979 17.7646017223 12.5355792746 13.0375833918 11.4102078826 13.2801520959 14.2407075197 12.34794245 11.4287739665 10.3387633469 10.9010133141 10.9676413392 11.8152660802 10.0041872955 12.5724683417 11.8958533012 7.99270329048 7.64595869976 11.1448132595 9.64428997126 3.68247515421 4.43596015299 3.98335041073 3.78666153221 5.04991522673 6.13495356168 5.83673160486 6.01305366982 5.30345539949 4.63539505651 3.27580590418 3.46570494662 4.69551263274
-9999 -9999 -9999 -9999 -9999 -9999 -9999 -9999 -9999 -9999 -9999 -9999 -9999 -9999 -9999 -9999 22.4907997429 22.2704999127 22.0429222602 20.537771867 19.5156376247 20.3190335143 20.951657864 21.4662060491 20.9115239195 17.5961082207 15.4724711296 15.1275712443 13.808742845 13.9196989152 14.3801364165 14.0163630151 12.4096899124 11.1216522323 9.09052876477 9.5754427503 9.7697323268 10.8532808827 7.88200161706 6.82057754065 7.96776049529 9.66403986955 8.32394743711 9.72513059961 8.48985483676 4.17462642089 1.95452155995 3.03856346414 4.7021909762 3.78035154107 3.03863425169 3.08676829189 2.4972951851 2.84460683276 2.71500844552 2.73375010513 2.58237638746
-9999 -9999 -9999 -9999 -9999 -9999 -9999 -9999 -9999 -9999 -9999 -9999 -9999 -9999 -9999 -9999 -9999 -9999 22.1094352942 21.1549051475 18.8364024827 19.4641955539 20.4042946258 22.257417829 20.5875155891 19.5002030831 14.8764219226 14.7714649705 13.6557719769 13.474162048 11.5941109861 10.671445569 10.3950101774 10.9819451796 8.96405124258 10.4676882561 10.287650293 8.25433833623 7.64418323874 8.87938408344 6.95299392761 6.32628044318 5.9562489515 5.92039835606 5.1434872549 5.08134710991 2.50139444251 2.61381377905 3.55931607933 3.00109262254 3.3128834101 3.56591915657 2.54870387995 2.61635619051 2.92942388478 3.12698905169 2.78416192509
-9999 -9999 -9999 -9999 -9999 -9999 -9999 -9999 -9999 -9999 -9999 -9999 -9999 -9999 -9999 -9999 -9999 -9999 -9999 19.8988724633 19.5061669157 19.8813030581 19.3207310034 24.5787450431 21.6970892742 21.3391196024 18.5575769994 14.7214480098 11.7225621259 11.4122012787 11.8324898614 11.8666472925 10.4428006675 10.1807773294 8.0930430755 7.17177813274 6.93185383283 8.98260319066 8.00032951573 8.44845074786 6.59529701704 6.13248700659 5.13730554292 6.14755681458 6.08129897721 6.29870025445 4.29588536375 2.47226352988 1.82498340496 3.73928066816 2.74143164707 3.19046341535 2.52337453854 2.49950950133 2.90797482208 2.78416970484 2.22113788394
-9999 -9999 -9999 -9999 -9999 -9999 -9999 -9999 -9999 -9999 -9999 -9999 -9999 -9999 -9999 -9999 -9999 -9999 21.2205457732 21.6919948223 21.3720847789 21.2232070411 19.259660217 23.628567742 21.5408163389 21.7192836265 20.4480817922 18.0622673591 12.890725296 12.25899922 11.6082700416 7.162749775 11.5198913189 10.5786607616 9.50278902781 10.7488499609 11.9835300625 11.6527376195 10.8901550248 10.2312722539 8.77315232238 6.58895357958 5.79442910317 7.12200595791 6.49929449358 6.85956252679 5.75530369832 7.31517851686 5.21777348 2.63017220093 4.69609739695 5.16302788109 5.09039015533 4.91911352179 3.8409261042 3.43189959425 3.01872937822
-9999 -9999 -9999 -9999 -9999 -9999 -9999 -9999 -9999 -9999 -9999 -9999 -9999 -9999 -9999 -9999 -9999 -9999 -9999 23.5804249195 23.3083879023 23.0271709298 19.6119562583 23.644361087 22.6569898916 22.5636847448 20.6834475091 20.8533097936 15.9119928621 17.4898947341 15.689040089 15.6835127856 15.2452636943 11.4879877169 11.0503812677 9.88008403597 6.91850140774 6.03269172386 5.37220574508 5.37412901998 5.80344709456 7.10963447397 7.61081296217 8.34881018868 7.69407381287 10.0575685488 7.17104709886 5.7905191411 5.84748122519 3.94665986636 1.48145431725 6.61973381763 6.8316538984 5.49690240265 6.51318354543 1.99670617912 2.10389381251
-9999 -9999 -9999 -9999 -9999 -9999 -9999 -9999 -9999 -9999 -9999 -9999 -9999 -9999 -9999 -9999 -9999 -9999 -9999 -9999 22.3917849379 22.881050643 19.6794255736 22.0918667199 21.6555149381 22.3533025895 20.4648069066 21.112715667 20.052154806 19.3184075558 17.9869052252 17.6022483363 13.5734046832 12.1959267829 10.404905765 11.7627109275 9.62540768746 10.3399455447 10.1352689544 9.42343857773 7.40480278942 9.03863417982 8.59138133571 7.72160212998 9.15757901632 8.2579414669 6.95130734853 7.64491705479 6.63354690561 6.52733413646 5.04487306756 3.03585371892 1.49500339037 3.16605740679 5.86325008232 2.1824295237 2.2104832578
-9999 -9999 -9999 -9999 -9999 -9999 -9999 -9999 -9999 -9999 -9999 -9999 -9999 -9999 -9999 -9999 -9999 -9999 -9999 -9999 -9999 23.0055159785 20.8101380661 21.2026600161 20.8235310534 20.2445361531 20.7583710232 21.6644858876 19.2763743774 18.6846859 18.0956757645 18.7175919246 14.1016944763 10.0395687412 14.0691101299 13.0284499675 10.7905559069 9.16850090912 8.29977411033 8.54078286024 10.2240265299 10.5862127169 10.8167681488 8.17573712721 6.8702431242 5.48466189077 6.39125748797 6.9144015469 6.62823180946 7.78522441321 7.97780481497 7.26996745465 4.30715451235 2.99932480305 0.839373322071 1.15722890839 1.43360620712
-9999 -9999 -9999 -9999 -9999 -9999 -9999 -9999 -9999 -9999 -9999 -9999 -9999 -9999 -9999 -9999 -9999 -9999 -9999 -9999 -9999 21.9668679141 20.078484055 20.0689268223 21.1395193822 22.3895119987 21.903434995 19.27918589 16.7796746975 19.8964123379 10.0948476616 18.3837925943 15.2073868369 12.8888487659 9.13012210671 10.0843236322 9.12783950999 9.6576309234 8.92732560222 10.2883027219 10.3011900016 10.0045257982 8.13674553354 7.72498819045 8.62732634535 8.28056408004 7.57655260855 7.41537403058 5.43249344941 5.48648515561 6.61338517953 4.74313843154 4.11820478554 1.58735043113 1.77729686663 0.933936617696 1.00989885002
-9999 -9999 -9999 -9999 -9999 -9999 -9999 -9999 -9999 -9999 -9999 -9999 -9999 -9999 -9999 -9999 -9999 -9999 -9999 -9999 -9999 -9999 20.1910477077 20.9737563138 23.0664560705 23.5689490417 22.399385914 19.7298307554 15.4500188058 15.7438117597 16.4411225256 16.8239970445 13.9132629555 12.8623363772 13.0846185779 11.3459140988 11.5115259871 11.0036843126 10.6934414881 10.5178599376 10.474250983 7.77819503134 8.17058836607 9.819346884 6.11110818041 5.51924678063 4.74691473115 5.80392660306 7.00098630391 8.62406602535 3.90639507066 5.61717103546 8.05594061219 3.27487554784 0.994575886648 0.836671609198 0.951477912976
-9999 -9999 -9999 -9999 -9999 -9999 -9999 -9999 -9999 -9999 -9999 -9999 -9999 -9999 -9999 -9999 -9999 -9999 -9999 -9999 -9999 -9999 20.4578681539 20.2332312344 22.7983941785 24.1760218102 22.8755876395 17.8238057148 15.5835211028 15.9062315472 14.6626473506 14.8583678704 14.7702568951 13.2902469863 11.4928512561 13.3680994466 11.0197802367 10.7531322283 11.7623759194 11.4273683053 8.60885379256 10.6164335478 8.29020419342 6.92119979848 6.19959379351 6.89491352268 8.1427086761 8.10274014249 5.17825839868 5.13322694167 4.92789495628 8.41670668222 2.38477285558 5.32586124579 2.97974881305 2.5836725826 1.64692836171
-9999 -9999 -9999 -9999 -9999 -9999 -9999 -9999 -9999 -9999 -9999 -9999 -9999 -9999 -9999 -9999 -9999 -9999 -9999 -9999 -9999 -9999 20.4712664027 20.9228953562 24.678101643 25.0301210352 21.475046107 17.8068557546 16.9868762628 17.2348435358 15.5685036964 14.6874389907 13.6416996592 13.2179024585 13.7663059075 11.2730778321 10.9295890996 12.8708493976 11.7675988877 11.1137693609 10.9214949322 9.35355521062 7.12344052587 8.50414070618 9.63425701824 9.02024466376 8.27920471933 7.40705992998 5.93461726863 5.94311398029 6.95746444309 5.99124789893 4.28004694458 4.83869981919 5.21621975688 5.58479779291 3.08589975853
-9999 -9999 -9999 -9999 -9999 -9999 -9999 -9999 -9999 -9999 -9999 -9999 -9999 -9999 -9999 -9999 -9999 -9999 -9999 -9999 -9999 -9999 -9999 21.3300929038 25.2045311378 25.1825427645 20.9369559195 17.0308579356 16.701816289 16.8916796077 15.6233030483 16.1979061346 15.1720008029 15.2983706855 12.8662943159 13.5849805505 13.4178406124 12.4938142999 9.44304251594 8.87648873437 7.10379257068 8.93177893516 10.4303239403 10.4690698864 9.23673526191 8.48172345562 5.23764022254 4.69055139572 4.45402982956 4.75879045543 3.87120321989 4.66986657943 4.87648284377 6.37637751913 3.5123416014 1.93549000052 3.91293062816
-9999 -9999 -9999 -9999 -9999 -9999 -9999 -9999 -9999 -9999 -9999 -9999 -9999 -9999 -9999 -9999 -9999 -9999 -9999 -9999 -9999 -9999 -9999 20.6601765997 25.2681303868 25.857238985 23.1118164954 19.7607640953 17.9709986777 18.2740592162 16.8750471303 17.2316051739 15.8221213708 15.5059603483 13.6071778348 13.2924067855 12.0614837468 11.0492010232 10.9852156705 9.4351268021 12.2876042973 12.3568929491 11.6433611187 9.56457489985 7.23653927889 7.69975436526 8.31389036216 8.53312302527 6.84948136404 6.71213140029 7.21227208539 7.45121795165 5.1984789013 4.17576324755 4.00959781853 5.71888869341 4.1497115139
-9999 -9999 -9999 -9999 -9999 -9999 -9999 -9999 -9999 -9999 -9999 -9999 -9999 -9999 -9999 -9999 -9999 -9999 -9999 -9999 -9999 -9999 -9999 -9999 26.2969501943 25.9051460652 23.1883762385 22.3532610873 18.6039709793 18.3744641496 16.8001317982 13.9837720282 15.8055082675 15.6874152914 15.0605809273 11.6690657777 10.2732542788 12.6942665996 12.8064792393 13.5299350075 12.9257055657 9.60835912744 7.59572807609 8.92851880948 9.58810761497 9.00143077297 6.76174443423 7.98927798921 8.47058123798 7.41167071778 5.67159452534 4.3447716839 4.17692141484 7.29488599605 5.72674184232 4.37622043765 4.50404290651
