data/recharge/transience/oldversion/mHM_recahrge_14.ASC
ncols   80
nrows    72
xllcorner    4374000.0
yllcorner    5656000.0
cellsize      500
NODATA_value  -9999
[rows 0 to 25 of 72, columns 0 to 56 of 80]
-9999 -9999 -9999 -9999 -9999 -9999 -9999 -9999 -9999 -9999 -9999 -9999 32.0852972962 33.3185810671 -9999 -9999 -9999 -9999 -9999 -9999 -9999 -9999 -9999 -9999 -9999 -9999 -9999 -9999 -9999 -9999 -9999 -9999 -9999 -9999 -9999 -9999 -9999 -9999 -9999 -9999 -9999 -9999 -9999 -9999 -9999 -9999 -9999 -9999 -9999 -9999 -9999 -9999 -9999 -9999 -9999 -9999 -9999
-9999 -9999 -9999 -9999 -9999 -9999 -9999 -9999 -9999 -9999 -9999 -9999 29.7147084181 27.6681071344 27.5835447196 -9999 29.3541801345 -9999 -9999 -9999 -9999 -9999 -9999 -9999 -9999 -9999 -9999 -9999 -9999 -9999 -9999 -9999 -9999 -9999 -9999 -9999 -9999 -9999 -9999 -9999 -9999 -9999 -9999 -9999 -9999 -9999 -9999 -9999 -9999 -9999 -9999 -9999 -9999 -9999 -9999 -9999 -9999
-9999 -9999 -9999 -9999 -9999 -9999 -9999 -9999 -9999 -9999 29.9804505469 28.8003980671 29.8639361999 27.2441850578 25.9526958791 28.2939038082 30.292072334 32.979129986 -9999 -9999 -9999 -9999 -9999 -9999 -9999 -9999 -9999 -9999 -9999 -9999 -9999 -9999 -9999 -9999 -9999 -9999 -9999 -9999 -9999 -9999 -9999 -9999 -9999 -9999 -9999 -9999 -9999 -9999 -9999 -9999 -9999 -9999 -9999 -9999 -9999 -9999 -9999
-9999 -9999 -9999 -9999 -9999 -9999 -9999 -9999 -9999 29.2706435491 28.5650991388 27.681393842 27.0389665496 27.5066306993 26.1920962737 27.5623986131 30.144555224 31.5746740336 -9999 30.0822327572 -9999 -9999 -9999 -9999 34.3780593142 36.1381085717 -9999 -9999 -9999 -9999 -9999 -9999 -9999 -9999 -9999 -9999 -9999 -9999 -9999 -9999 -9999 -9999 -9999 -9999 -9999 -9999 -9999 -9999 -9999 -9999 -9999 -9999 -9999 -9999 -9999 -9999 -9999
-9999 -9999 -9999 -9999 -9999 -9999 -9999 -9999 30.2629016653 29.2113060397 27.717815918 27.6856918692 26.124509722 26.0569035315 25.6529991003 26.8024460259 28.791612885 28.6003321003 30.2052918183 27.3590728972 26.0640447733 26.9740607982 -9999 31.6283214266 33.0922101847 34.9175652461 -9999 -9999 -9999 -9999 -9999 -9999 -9999 -9999 -9999 -9999 -9999 -9999 -9999 -9999 -9999 -9999 -9999 -9999 -9999 -9999 -9999 -9999 -9999 -9999 -9999 -9999 -9999 -9999 -9999 -9999 -9999
-9999 -9999 -9999 -9999 -9999 -9999 32.2137255044 30.3055760405 28.8098372143 28.771770375 28.5234038471 27.7458844047 26.6547437957 26.8863135839 26.2556288525 26.43843345 28.2689977018 26.8788444931 26.3426452089 25.8140398609 25.2903812535 25.552354232 30.7700790426 30.8254817816 33.0648812144 34.0790092783 35.2649245237 -9999 -9999 -9999 -9999 -9999 -9999 -9999 -9999 -9999 -9999 -9999 -9999 -9999 -9999 -9999 -9999 -9999 -9999 -9999 -9999 -9999 -9999 -9999 -9999 -9999 -9999 -9999 -9999 -9999 -9999
-9999 -9999 -9999 -9999 -9999 -9999 29.8523214624 28.8043301742 27.3355683768 26.8750619203 26.8245920574 26.8563638513 25.877829953 26.0916310899 24.9287577378 24.524708132 25.6790090763 20.5729664749 24.6978696222 24.5318693362 24.51252079 25.9510035182 26.2384831463 28.2676534954 30.0972908444 29.4381756739 30.961460516 28.2016056631 28.422763256 28.6244177774 27.8949924568 28.7302066737 -9999 -9999 -9999 -9999 -9999 -9999 -9999 -9999 -9999 -9999 -9999 -9999 -9999 -9999 -9999 -9999 -9999 -9999 -9999 -9999 -9999 -9999 -9999 -9999 -9999
-9999 -9999 -9999 -9999 -9999 30.269530557 29.4707813042 28.5005184365 27.6199301418 27.6773946471 27.2172066688 26.1903451433 25.4207002372 26.017863244 25.7603214802 25.8278557289 20.9631795516 11.0158753848 19.4983603735 24.963355954 24.9813584209 24.9844791916 25.366672492 25.4305002393 29.1085182048 29.9590341673 32.4100734902 28.2015537364 27.1200584275 27.3785194013 27.2883569457 28.306372564 27.6203706359 27.9162192116 -9999 -9999 -9999 -9999 -9999 -9999 -9999 -9999 -9999 -9999 -9999 -9999 -9999 -9999 -9999 -9999 -9999 -9999 -9999 -9999 -9999 -9999 -9999
-9999 -9999 -9999 -9999 -9999 30.3994095968 27.8064799962 28.1274841302 26.8840350751 26.7012095908 26.2832149689 26.3165126024 18.6067965963 15.6238362378 25.790042886 25.4050110586 21.6370649739 9.32754721523 16.6219509736 22.2872896466 25.3397850849 24.5219006484 25.2013644433 25.6141010955 25.391000794 25.1130960852 28.5292972704 28.1125346467 24.772585928 24.0340920741 23.0347707184 24.8745794907 25.8748479042 26.3083497686 26.445894504 27.1558663408 -9999 -9999 -9999 -9999 27.9586458955 25.7598673478 -9999 -9999 -9999 -9999 -9999 -9999 -9999 -9999 -9999 -9999 -9999 -9999 -9999 -9999 -9999
-9999 -9999 -9999 -9999 -9999 30.2319748223 28.9126658383 28.0631887768 26.6202447688 27.4133287572 27.3225151384 27.2329280966 25.6060471145 25.1291940119 26.4757509076 26.6752632625 24.1954933258 26.5528440571 26.3942031365 25.6239857389 24.9789274347 23.8940946741 24.6556723354 24.7141233837 25.2135728571 26.6649285738 27.8141558244 27.8938204344 25.8339298849 23.3611177742 15.9943961851 20.8695372359 25.1679752032 26.5414326812 27.4005117075 26.2376808986 26.6673271566 -9999 -9999 27.279502261 26.2674745605 26.761448374 26.7087537924 -9999 -9999 -9999 -9999 -9999 -9999 -9999 -9999 -9999 -9999 -9999 -9999 -9999 -9999
-9999 -9999 -9999 -9999 -9999 -9999 29.8896244413 29.0744488437 27.7249400676 28.5637115104 27.3637789274 27.0153666725 27.1537090679 29.1037909769 25.5736757288 25.9018031963 25.4820296882 26.1901078576 25.9426421297 25.6141652196 25.2883660937 24.1849811854 23.5329264202 25.4300756266 24.8746065851 25.0039939748 26.3534162214 27.0449309739 25.2102410376 24.1727119779 22.083297412 23.6149904662 24.6680535347 25.281395536 25.4007669517 24.1780721367 26.1694623047 28.3847720068 25.5710866997 25.1245969766 25.6265753469 26.315261317 26.7434858415 27.8255719407 -9999 -9999 -9999 -9999 32.0361527716 31.412939818 7.31831451206 -9999 -9999 -9999 -9999 -9999 -9999
-9999 -9999 -9999 -9999 -9999 -9999 -9999 31.1210463763 28.018323354 27.4988442869 27.4236968018 28.3113542208 27.9980732533 26.712885004 26.9288753337 26.7050939392 25.3477271773 25.1280793457 24.5666789278 24.019261421 24.3738224266 23.3876847932 23.5040210046 25.3161116463 25.4753505383 24.2734229357 26.7606218407 24.3659568372 24.742024147 24.2480484015 23.9828356583 23.3042215287 24.3019778045 23.626189602 24.2579090744 24.8515966558 26.5649318902 26.9114725889 26.0997160493 25.5241014655 25.1956101258 26.4220031212 29.3242621757 29.0363372682 28.3280355924 29.0199454476 30.3407812102 29.8080904223 29.4155321223 29.155045653 25.2019301404 21.3675655002 -9999 -9999 -9999 -9999 -9999
-9999 -9999 -9999 -9999 -9999 -9999 -9999 -9999 28.3789462986 28.5463727403 28.0257846846 27.6162811755 26.726539177 27.807081056 28.9238151477 28.1292662301 25.5356831726 26.4727339093 25.5617941606 24.0602049484 24.0313548243 24.0002088208 30.9348149086 48.4486279647 44.4359623679 46.3586889265 27.969498241 23.1754808791 22.7599442838 23.3359015388 23.0348084519 22.7833590137 22.5863887358 23.3165863109 23.3584529791 23.0211274751 23.4411264214 23.9109556455 24.4560959321 25.4242521838 27.7386877452 27.868787044 27.1038752546 26.6666228944 26.3355544988 25.7909236917 26.8897815329 26.445575057 26.1080567399 26.2449466808 25.9634451751 26.0651925652 23.7040406195 -9999 -9999 -9999 -9999
-9999 -9999 -9999 -9999 -9999 -9999 -9999 -9999 28.4952617862 28.7644459012 27.7856154831 28.1287873216 27.604941367 27.7591092933 27.818010484 26.9202484627 25.258895345 25.8777824093 24.3264937217 24.003856614 24.6250972916 24.2041319324 36.8471553292 52.6302172866 47.88443335 43.2125650489 45.7113735686 27.7031155367 25.4256931397 25.0524703464 23.3625855038 23.1299212124 23.1808022825 23.4013516061 22.9097119855 10.313599269 24.0952198021 23.7632848338 23.8622126587 23.9561840592 23.9343228376 27.6283584774 26.9928919077 26.714481904 25.9293535127 25.8341461186 26.8347601417 26.5088820532 26.6014945578 25.7269757249 25.2943337727 25.3891486427 23.2424297747 23.1729889092 22.5534944286 22.6906672701 -9999
-9999 -9999 -9999 -9999 -9999 -9999 -9999 -9999 -9999 27.1727765607 27.0159799136 28.1486734694 27.9797703302 27.883187071 27.1921621236 27.1076166732 26.7269501696 25.4597044555 25.4787971366 25.7928246789 27.1062159361 25.9837753542 27.0715003673 53.6670650393 51.3038644554 50.0509362931 41.8612074067 39.5238044907 29.7305925242 22.9642671888 22.9676822194 22.705373383 22.4158327334 22.7825701595 21.3512589941 18.9549373468 23.0033505182 22.9951428142 23.319243473 22.9744191038 23.0389913249 23.6884073946 24.3240918345 25.5048492885 23.0224431274 22.0232403063 20.6820936569 21.2446681358 22.7250364558 22.4505058813 22.5295128002 22.4598072214 21.3447577711 21.7010429408 22.172698095 22.9484110983 19.1323206992
-9999 -9999 -9999 -9999 -9999 -9999 -9999 -9999 -9999 -9999 26.9059246405 27.7892287729 28.2060449046 28.2282157479 27.1347702176 27.1809384512 30.609956302 29.8542187808 31.025040314 31.3758386938 29.084803079 29.1268133721 26.82372735 34.7774052338 48.1200133271 50.5596023874 44.8518550768 41.6607681327 33.1325140616 31.4501551033 22.3661839857 22.0407554853 21.6678608931 22.2055348138 22.3986114882 22.2760539443 22.600759962 22.8486692711 23.4168173688 23.4453489593 22.8437084151 22.965476053 23.7149288316 25.3628460998 25.5149419326 25.3599136577 23.6052670839 22.1898843145 23.1277478713 23.6742653302 24.1222926215 22.7635630424 21.868734913 21.0468117108 20.9847483144 22.4106603708 18.9996304562
-9999 -9999 -9999 -9999 -9999 -9999 -9999 -9999 -9999 -9999 -9999 14.4262002887 19.2536146374 27.7216982924 26.6608645744 26.8555929042 31.6406122018 32.1428525791 29.6461590262 28.8243309291 26.0242198107 26.6848443206 27.1885791106 26.8054795899 30.1703208796 41.4949232403 40.0168093157 44.2001862925 40.3179376327 31.2168695459 32.7205199424 21.9899070496 20.6598726356 21.0450369866 22.2303469788 22.070028428 21.6573302117 21.5319342794 22.1498343157 22.4719987537 21.8964738202 21.6582873762 22.2509293897 23.6295604005 21.4928100708 20.6404063766 22.2043747735 23.0834667686 22.9556705141 22.0151015607 21.7977602111 21.8561617886 21.1944189355 20.3714711845 19.7315856682 20.1426979462 19.0772991108
-9999 -9999 -9999 -9999 -9999 -9999 -9999 -9999 -9999 -9999 -9999 13.7447140341 19.9146600346 26.6984033558 26.2865230264 28.1370376409 29.8210702236 29.5477737488 25.5640060137 25.4811490871 25.7325662376 26.1475299123 25.7316493551 27.6941302478 25.040936756 25.8064019495 30.5035912648 38.9861442622 36.4664742534 38.8721209627 36.2912704784 34.2566011798 28.3858150642 30.9159453089 29.8677422944 22.7974309803 21.2004227517 21.8835417847 21.5945956211 21.33710559 20.3582533798 21.3500833023 21.2163614293 21.6013727645 23.5450150068 23.0604776471 24.4382988672 25.323127096 24.5838842292 22.6733784805 23.5737837385 23.8178601749 21.3806660117 21.6392701346 21.0166247011 20.3360216211 20.029743422
-9999 -9999 -9999 -9999 -9999 -9999 -9999 -9999 -9999 -9999 -9999 28.0651213449 25.424482499 25.412631415 24.8358992849 26.8506345314 27.0192750602 26.362772473 23.904998248 24.2251677457 23.9618906092 24.0528823685 25.4707889351 26.0640706862 22.8753836632 22.4563374527 22.0516829415 21.7494823798 21.3877565185 25.6185879611 32.4017239998 37.901288574 37.2891703808 37.1734181244 27.1814789964 15.1994448013 21.453607669 22.6891039947 22.2247562382 16.6365393938 13.2558031725 20.8815748323 20.6686863365 21.5726556409 22.8052872831 24.6209188484 24.3815393486 23.636850899 22.9709509068 22.8871319245 22.1670586191 23.1700063127 23.9767262209 25.1642122955 21.8032540156 17.7061197002 17.2199231799
-9999 -9999 -9999 -9999 -9999 -9999 -9999 -9999 -9999 -9999 -9999 -9999 27.2366538394 25.0906107884 25.2488323146 25.0048423858 25.8952062233 27.1494725424 25.9325168144 23.9859018083 24.713271892 23.9929961469 23.4835479933 24.0018361248 22.330970593 22.7719059111 22.4105813917 22.4577974528 21.8912415327 21.7656262368 21.4853258845 21.3365794098 23.860350957 31.6938082779 32.4080242147 20.8649346983 25.7343022376 18.0401000649 27.9321102517 20.8241305644 21.5948143992 20.3723637891 21.1881987284 21.8484709155 22.3876914917 23.0470695761 25.0828154666 23.7349028626 20.8004192257 21.7326459154 21.2176822115 19.9655584742 19.0188737221 19.3128743177 17.6271142465 20.5074647185 11.5444257299
-9999 -9999 -9999 -9999 -9999 -9999 -9999 -9999 -9999 -9999 -9999 28.0225515422 27.8307740423 26.1413530449 24.82401671 14.8405703211 21.0973967115 25.0442820153 24.8171487085 22.7706312492 22.7939182842 22.6765654288 21.9910032358 22.5037971975 21.8152355205 21.7999760185 21.1792456069 21.2681868525 21.0414868433 20.6366289991 20.2952912848 20.3526280967 20.1050137583 19.8915709103 20.103939766 25.3711232812 21.353273882 11.900352351 11.8815830269 20.59405681 20.5258382225 20.0003549267 21.766114288 22.7903491318 23.1696968819 22.7417908088 22.6724773113 26.1869071523 23.4908426912 23.6040202276 19.9888592495 15.9937664044 14.7322262954 14.8088467192 14.1304948103 15.1797566225 18.96459369
-9999 -9999 -9999 -9999 -9999 -9999 -9999 -9999 -9999 -9999 -9999 28.7084072798 27.8073648522 26.6126144216 25.2908665984 18.9207802245 22.9277274085 24.2184163368 24.0777564093 23.763904491 19.0778400796 19.9139135554 22.426852481 22.3378422439 21.8365545712 22.22039335 14.7922632472 15.4602438784 19.9074424299 20.9730181998 20.6732783142 20.4001256765 19.8696584456 19.876987395 19.9883390518 25.165039353 14.4023022858 20.8738029811 12.5763601322 26.4529549293 19.7697591207 20.484772438 21.750800047 22.2112055708 23.5004473399 23.4260762053 22.3863287546 22.5739702588 23.2453268935 24.5779561709 19.6523893418 20.0173223448 18.3971051477 17.8825622892 17.2232952527 16.3495169586 13.8120358427
-9999 -9999 -9999 -9999 -9999 -9999 -9999 -9999 -9999 -9999 -9999 27.4718839641 27.4506841024 26.2383742496 25.3196135127 25.083894222 24.10530964 25.5225208799 23.7780297509 24.5080876125 20.0926898751 8.80870248026 19.9536882606 26.633960293 24.6507530702 24.7422732287 24.5174012117 23.903816064 22.2643352982 21.4649135985 20.8881374987 20.6873297023 20.2895760692 20.2680560747 19.4943907932 18.7303247193 7.89722256856 5.62204462758 10.3593648852 19.0566481357 19.7724943725 20.6888449415 21.5641404624 21.1018062123 21.7908946544 22.2080779791 21.2823054229 21.2583860317 20.8004573746 20.7149057617 20.2533316916 15.0489408934 12.6336513393 12.415859431 11.7696760766 12.7819850489 14.9173728506
-9999 -9999 -9999 -9999 -9999 -9999 -9999 -9999 -9999 -9999 -9999 -9999 28.3926939055 26.7850312306 25.929487826 25.475121711 26.2053135556 25.7609034833 24.0985198061 23.4065815544 24.7418979222 25.2143300968 26.545199892 25.4860646586 24.3158946026 24.2006154295 21.5440766157 22.0757766371 20.1657909001 18.8994399165 16.6421003752 20.6077509432 19.2238812687 19.6302757608 19.0661388152 15.5540051269 9.58548446912 6.79446894382 13.4800402026 25.0233985518 20.1585347052 19.7935010585 20.9221490821 21.4269571314 21.9505362693 21.7078817295 20.7120868174 20.5326949731 20.1469926591 20.4307450065 19.857528228 13.7153645581 15.7059013218 18.0532838353 13.2334898305 13.3412326558 13.1118807658
-9999 -9999 -9999 -9999 -9999 -9999 -9999 -9999 -9999 -9999 -9999 -9999 29.7730241909 27.9169049175 26.8015953384 30.5865225701 28.5031827423 27.7123510187 25.875279002 24.5276453068 23.7458696114 24.069934926 25.5634763042 27.0987436415 25.3700983023 25.8848174063 25.2572160967 24.943915982 22.5229630919 23.9751825646 21.1890612543 21.9525437418 21.7838025883 20.743295932 26.6717595096 12.8249539448 8.81383632927 13.6608427289 21.3013770915 22.5351171555 21.373977787 19.8891981946 19.178450307 19.1763182842 19.6105460666 19.7428120409 19.5499801147 19.4634067841 18.8482177689 19.2864072531 18.7523452774 17.6013747514 18.1828753569 10.5746199853 7.98128125836 10.0036652456 7.80072754142
-9999 -9999 -9999 -9999 -9999 -9999 -9999 -9999 -9999 -9999 -9999 -9999 29.6634404306 28.8402794438 26.7934727313 29.7525213545 27.6301543391 25.8841591965 25.6472954418 26.9772713531 24.2696017804 22.9698522699 22.9241805941 19.2411616994 22.4982810321 25.6278999348 25.3855951604 25.0638330061 22.8068603784 21.7348662751 19.1496516198 18.396275929 20.2909072067 21.7353512202 11.5904248919 24.404112457 23.3910994194 14.6644950703 13.060068613 14.5442953858 13.2206167145 14.8921063364 19.8176194714 19.444759803 19.5332171154 19.3130142976 19.436737341 19.6624844399 19.6290369683 20.0589515013 19.7089791317 18.2539743885 10.3452159616 8.40070235831 8.33136720093 8.80601255903 8.65352464156
