data/recharge/transience/oldversion/mHM_recahrge_127.ASC
ncols   80
nrows    72
xllcorner    4374000.0
yllcorner    5656000.0
cellsize      500
NODATA_value  -9999
[rows 0 to 24 of 72, columns 0 to 56 of 80]
-9999 -9999 -9999 -9999 -9999 -9999 -9999 -9999 -9999 -9999 -9999 -9999 10.2337747301 10.7174553929 -9999 -9999 -9999 -9999 -9999 -9999 -9999 -9999 -9999 -9999 -9999 -9999 -9999 -9999 -9999 -9999 -9999 -9999 -9999 -9999 -9999 -9999 -9999 -9999 -9999 -9999 -9999 -9999 -9999 -9999 -9999 -9999 -9999 -9999 -9999 -9999 -9999 -9999 -9999 -9999 -9999 -9999 -9999
-9999 -9999 -9999 -9999 -9999 -9999 -9999 -9999 -9999 -9999 -9999 -9999 11.5624157848 9.67840132386 8.74456361008 -9999 9.18870012853 -9999 -9999 -9999 -9999 -9999 -9999 -9999 -9999 -9999 -9999 -9999 -9999 -9999 -9999 -9999 -9999 -9999 -9999 -9999 -9999 -9999 -9999 -9999 -9999 -9999 -9999 -9999 -9999 -9999 -9999 -9999 -9999 -9999 -9999 -9999 -9999 -9999 -9999 -9999 -9999
-9999 -9999 -9999 -9999 -9999 -9999 -9999 -9999 -9999 -9999 9.98429859157 9.62749197101 10.7845309192 10.9716564378 8.71956373313 7.88499326991 6.8968307493 6.99285127651 -9999 -9999 -9999 -9999 -9999 -9999 -9999 -9999 -9999 -9999 -9999 -9999 -9999 -9999 -9999 -9999 -9999 -9999 -9999 -9999 -9999 -9999 -9999 -9999 -9999 -9999 -9999 -9999 -9999 -9999 -9999 -9999 -9999 -9999 -9999 -9999 -9999 -9999 -9999
-9999 -9999 -9999 -9999 -9999 -9999 -9999 -9999 -9999 9.59789190332 9.93279815122 9.81765720585 9.48689906717 9.8842900499 9.33896358942 8.88608455403 7.73875220507 9.32692033423 -9999 10.002884632 -9999 -9999 -9999 -9999 7.75235517147 8.21092438697 -9999 -9999 -9999 -9999 -9999 -9999 -9999 -9999 -9999 -9999 -9999 -9999 -9999 -9999 -9999 -9999 -9999 -9999 -9999 -9999 -9999 -9999 -9999 -9999 -9999 -9999 -9999 -9999 -9999 -9999 -9999
-9999 -9999 -9999 -9999 -9999 -9999 -9999 -9999 12.3010163281 11.0571852532 9.7178709814 9.72485675998 9.41260978283 8.81590223691 8.88987286614 8.52281991397 7.69818136703 7.44921915943 7.13709859759 8.39643925918 8.21638443107 8.6652721258 -9999 7.56740847764 9.101701461 8.99314167725 -9999 -9999 -9999 -9999 -9999 -9999 -9999 -9999 -9999 -9999 -9999 -9999 -9999 -9999 -9999 -9999 -9999 -9999 -9999 -9999 -9999 -9999 -9999 -9999 -9999 -9999 -9999 -9999 -9999 -9999 -9999
-9999 -9999 -9999 -9999 -9999 -9999 11.6453275182 10.2040301691 9.82957513082 10.1991114808 10.7883907816 11.2619333604 10.2899857197 9.83023433997 8.7681211026 9.36706225001 8.18365832958 7.75390143922 8.22514257069 8.292818487 7.99005561897 8.42859837002 7.93783342098 7.64009103291 8.09488657301 7.84489276524 8.1514336753 -9999 -9999 -9999 -9999 -9999 -9999 -9999 -9999 -9999 -9999 -9999 -9999 -9999 -9999 -9999 -9999 -9999 -9999 -9999 -9999 -9999 -9999 -9999 -9999 -9999 -9999 -9999 -9999 -9999 -9999
-9999 -9999 -9999 -9999 -9999 -9999 12.1791044978 11.3500359523 9.52903501858 9.23803488252 8.99250603892 9.46741551491 9.23731457928 8.65372847832 8.31382582849 7.66456750494 7.66631646067 7.36149736646 7.83614553618 7.19382253276 7.50112795263 8.57175131146 7.95369910235 7.9241148638 7.43265123249 6.98886698632 8.40174783007 8.93586602947 8.88931182647 8.43885001269 9.69179612311 9.60841830329 -9999 -9999 -9999 -9999 -9999 -9999 -9999 -9999 -9999 -9999 -9999 -9999 -9999 -9999 -9999 -9999 -9999 -9999 -9999 -9999 -9999 -9999 -9999 -9999 -9999
-9999 -9999 -9999 -9999 -9999 13.6548574835 12.5234136177 12.4120416696 11.6216650533 11.8709788189 11.3265272934 10.5065341859 8.92668406165 9.35128978479 9.08808396548 9.18052216196 7.6767765767 4.80036507516 7.59206515629 7.31302893796 7.54423402191 7.26239509635 7.54406688509 7.78590480155 7.73001386755 8.06781199333 8.13943372666 8.0073795693 8.55088702595 8.37090123266 7.94223017092 8.34820466846 7.34262529453 7.05278758346 -9999 -9999 -9999 -9999 -9999 -9999 -9999 -9999 -9999 -9999 -9999 -9999 -9999 -9999 -9999 -9999 -9999 -9999 -9999 -9999 -9999 -9999 -9999
-9999 -9999 -9999 -9999 -9999 14.0246887232 13.2742473796 13.3395141312 12.2500534425 11.582987364 11.2927474489 11.8219031398 8.56135440831 7.21365333766 11.0473598031 11.5171530432 8.67360114725 4.00061640003 6.75687320523 7.61052697694 7.58868615584 7.87168062359 8.58440724778 8.3000788592 7.7528861885 7.0114850421 7.30558187915 6.75374961601 7.44685556413 7.54276499479 7.14742612519 7.20695421264 7.30985121455 6.97807154577 6.98015121699 6.70042859027 -9999 -9999 -9999 -9999 6.50043340822 6.2081707679 -9999 -9999 -9999 -9999 -9999 -9999 -9999 -9999 -9999 -9999 -9999 -9999 -9999 -9999 -9999
-9999 -9999 -9999 -9999 -9999 13.4744410336 12.8254962447 12.8597513765 12.6592497842 13.1696739749 12.4784201526 12.065605486 11.0207835168 12.0733610388 11.8172215345 10.2769995826 9.1483138874 10.7573959024 9.67954976026 10.2235752475 8.653296478 7.61583290056 7.28121949801 6.98647539033 7.60443278063 7.28078749335 7.05267475502 6.3546212629 7.6722852723 7.30216928665 5.54192742936 6.84164092878 7.20629617021 7.00485987256 6.52640231239 6.98338618325 6.7145244685 -9999 -9999 6.68095705504 6.95288749797 6.69970177003 7.13583159653 -9999 -9999 -9999 -9999 -9999 -9999 -9999 -9999 -9999 -9999 -9999 -9999 -9999 -9999
-9999 -9999 -9999 -9999 -9999 -9999 14.3824607014 14.4729955326 13.5612387863 13.2572922651 12.1105496462 12.844454541 13.3670032059 13.935845976 10.2746246574 9.56578752698 9.66760436092 9.46267659068 8.52182344653 8.42705842771 8.44926078562 8.7194674633 8.07289082424 8.65252897124 7.80170926086 7.13797900905 6.00675149626 6.435204973 6.44869201376 6.55842128389 6.46980990085 6.87526360469 6.38483961524 6.24187119622 6.30345017886 6.62859889756 6.41502733626 5.73897286043 6.55113281849 6.35910343014 6.11154088224 7.18051466494 5.71591676327 4.93794069634 -9999 -9999 -9999 -9999 6.40098776596 5.81989654274 2.18180946442 -9999 -9999 -9999 -9999 -9999 -9999
-9999 -9999 -9999 -9999 -9999 -9999 -9999 13.8771454597 12.9394210655 13.7956379438 13.6275105642 12.9607061729 11.6590871072 10.3496307056 10.1348617405 11.6905910243 11.216782665 11.0432405022 10.5550295365 9.30878137141 8.00315896099 8.0185499247 7.71837194137 7.83276142435 7.2835178419 6.63486524367 6.22121431136 6.72185170824 6.64154812223 6.3853620599 6.4856445429 6.41417563368 6.48264654307 6.1850708749 6.79367895347 6.74767782603 6.52659023173 6.4720217914 6.42011829549 6.40002541969 5.63148460755 5.43006497268 5.07189085678 5.01018246221 4.41626431622 4.89093412726 5.1173436492 4.49792583835 4.34294412866 4.73526389665 4.70159643346 4.45471972144 -9999 -9999 -9999 -9999 -9999
-9999 -9999 -9999 -9999 -9999 -9999 -9999 -9999 12.582560203 12.1478602663 12.9709531674 13.6523538508 12.7884818375 13.3992016317 12.8589409463 12.1359692401 9.99782322555 10.0774417745 8.71379525046 9.40627083286 10.778883054 10.4695385897 10.4588131518 7.8168478074 6.98840005223 7.42334233793 6.84396615092 6.50625326792 5.73024577315 5.10604368072 5.42230044661 5.6478859212 5.65963774108 5.3493334991 5.80611948581 6.00593821165 6.1094825269 6.37502692385 5.79722419851 5.7237219378 5.44654296905 5.11517571622 4.31877972194 3.98629879672 3.79191919291 3.48133721627 3.87007683105 3.46884149814 3.21332848524 3.7874303203 3.78725395561 4.06431877941 3.60720855474 -9999 -9999 -9999 -9999
-9999 -9999 -9999 -9999 -9999 -9999 -9999 -9999 13.9791935992 13.1337214589 12.3531551119 12.4285544441 11.9905202049 11.9370774288 10.7636342503 10.5457334617 9.78162110051 10.2803650661 9.42679014318 9.93949377443 10.3857021688 10.3098841312 12.3298773801 13.0075211533 9.80205816253 6.11489104149 8.115367254 8.10920871238 6.0181497338 5.1044322182 4.9795289918 5.35823396273 4.99380538804 5.21073230508 5.84253059204 3.29121482648 6.6027678245 6.15896533524 5.77796198361 5.67412708255 5.39382259025 4.94985917908 4.06180712055 4.0403026466 3.49828177036 3.45950153973 3.826005383 3.55103569998 3.46655257069 4.0485184391 3.91013654683 3.93011291874 3.88361374586 4.28813195 3.68985601844 3.95005557433 -9999
-9999 -9999 -9999 -9999 -9999 -9999 -9999 -9999 -9999 14.525688803 13.677642011 12.2021149186 12.2309381754 12.2830775962 11.3795549096 11.422099257 12.0170570196 12.4208621764 12.4035261399 12.4530548165 11.9193748498 10.0914456412 10.7975752913 19.4720277793 14.2370289386 12.0049476709 7.32020932975 5.59152996034 5.20346170031 5.71022868663 5.30225566426 5.45600065259 5.10395496939 4.51357376485 5.15629753362 5.5052663772 5.89173488102 5.56706595693 5.09694863142 5.15166670577 4.80080916292 4.83043551454 3.35421013301 4.28770967989 3.21274530084 2.75541406038 2.42765112663 2.47976478678 3.12224739046 3.15073911322 3.22681685768 3.11686259053 3.39407041492 3.7061218682 3.93556052145 2.87803157781 2.16547183244
-9999 -9999 -9999 -9999 -9999 -9999 -9999 -9999 -9999 -9999 12.813760702 12.9364807641 12.0176250384 12.2188746079 10.8013842668 10.2039943997 10.4321057972 11.9272096297 10.8918632498 9.84581631847 9.18498103548 8.98367411958 7.91570127085 11.1931249451 9.76286022273 12.3014483813 9.75496600528 7.28727331702 3.96117521523 6.06903482514 5.41914079945 5.44291813043 5.73033481444 5.04784708554 5.92649230742 5.60968161253 5.74235718318 5.57017127898 5.14134230253 5.17408430987 5.04983141775 4.99937101655 4.1630455655 3.94381209797 4.69281374023 4.44443567737 3.66250946954 2.78970454528 3.49220259361 3.45473964753 3.68493625362 3.541285184 3.18894806085 3.65270533013 3.38105756226 2.76518982834 2.13422536975
-9999 -9999 -9999 -9999 -9999 -9999 -9999 -9999 -9999 -9999 -9999 7.05664105834 8.32026062298 11.6471386186 10.7973031421 10.0307103971 10.4852242842 10.414814093 9.07946236548 9.71196898824 9.99924269707 9.87740401919 8.08945749469 7.08441665553 7.56505002828 5.25355856208 6.74645850368 10.5851139753 9.9700817958 8.87736589367 4.87588105199 5.49570356051 5.21712087141 5.36129145837 5.23486041173 4.70834356144 5.10470251674 5.06480959797 5.02796642457 5.02910494111 5.01528433683 4.57211364701 4.46487884122 3.78676672865 3.05595948552 2.63603082492 3.11586255806 3.72641331788 3.3926353321 3.43472242413 3.10950603102 3.59211344568 3.61858083002 3.36730099658 2.94549822139 2.9737372452 2.1779172268
-9999 -9999 -9999 -9999 -9999 -9999 -9999 -9999 -9999 -9999 -9999 6.24178947965 8.94339762008 10.7650561373 10.9986322904 10.4247485315 9.40866002588 9.00324884205 9.52443104287 9.59729401654 9.35899301564 10.1898423897 7.979253147 7.67568114361 7.30651518566 8.04785448611 8.32498730428 9.04602721548 5.93810693859 9.06591312699 8.44913689817 6.83930816374 3.12813356815 3.99339955542 4.69038949914 4.83299536929 5.07647698074 5.17771151777 4.88217075408 4.96805466221 5.25822376725 5.25611449779 4.14776745982 4.24246813922 3.84492092038 3.6500498876 4.67018037993 5.39510959834 4.93353374435 3.51934396171 3.77686447993 3.72485957996 2.79061161065 3.77170536341 3.67213633365 3.27514397959 3.02850512101
-9999 -9999 -9999 -9999 -9999 -9999 -9999 -9999 -9999 -9999 -9999 13.8167041219 12.7903407089 12.304432394 9.95587352363 10.3590867488 9.14770264124 8.09371639758 8.0268166988 8.52699625518 8.51146864863 8.65902954525 7.69929792958 6.93576019605 6.42482641457 6.4185618138 6.05046179371 5.93320981909 5.94933084435 6.53325493643 6.18237508834 7.85021673432 9.57916299825 9.28521217564 4.7612124745 1.53932878574 2.63292681815 2.17785385882 4.47038231652 3.9680913188 3.45860102976 4.85008517828 5.02454300613 5.56003239521 5.81889622325 6.43519925233 4.48244413941 4.02335086143 3.94091104142 3.92003223883 3.22632580339 3.66812280291 3.93125185863 4.66587343877 4.50527715295 3.85275462658 2.94643031786
-9999 -9999 -9999 -9999 -9999 -9999 -9999 -9999 -9999 -9999 -9999 -9999 11.1673040008 11.9385639211 11.1724394875 10.3990014013 9.47500142935 8.89572609915 8.11043956846 8.81651268555 8.75607531281 8.34794256615 7.90776091111 7.89930999155 6.69652659827 6.83836696659 6.15776722762 6.33302219557 5.90101214015 5.66628490028 5.48307259832 5.70140594214 5.40533744925 5.3269898098 6.32793296496 5.12027431847 3.88248300151 1.92890872506 2.99918704281 4.83542651915 5.06216917074 4.82186682912 5.89717600098 6.49859228725 6.57584527989 6.51989486977 5.02172716399 4.07896793785 3.07857134846 3.47646017876 3.00602838604 2.51295967393 2.16284132431 2.20580455241 2.04429555642 3.04569759395 1.97033409348
-9999 -9999 -9999 -9999 -9999 -9999 -9999 -9999 -9999 -9999 -9999 13.014984717 12.7219429053 13.0878742077 12.4887852696 7.25312541987 8.79339361326 9.76393486378 8.42289478473 8.76224632013 7.63061549661 7.52545589614 6.83564199784 7.00206466722 6.79545541598 6.71135349473 5.93442970759 5.76803930173 5.66952780477 5.49162733087 5.05591356492 5.2282998788 4.79369582576 4.73414280681 4.86551640877 3.4604166718 3.32827022737 1.23674511399 1.15458999142 4.48088948359 4.81366523707 4.59242766672 6.29502744318 7.07342325758 7.88968457968 7.82168337187 6.80654992726 6.04743901884 4.24922113213 4.26165106964 2.911002899 1.91498119043 1.69316132376 1.7074004042 1.57532289439 1.7531224606 2.57445386929
-9999 -9999 -9999 -9999 -9999 -9999 -9999 -9999 -9999 -9999 -9999 13.3819986977 14.1798192505 13.8176068671 11.7235304044 8.7517854608 10.1618623388 10.0444415949 8.84793408068 9.02478505025 7.59472086689 7.35819064364 7.22222019326 7.34095826463 7.05505648828 7.12776726895 4.48855747271 4.95741162282 6.07273886714 7.1936420848 6.46392328838 5.32414032686 4.70155645934 4.73791305272 4.73294510919 3.25110320342 1.72482740742 3.33991553588 1.45128712508 4.06394513321 4.30486450478 4.75200681115 5.72574537757 5.79353721443 5.86831582959 5.59557121544 5.90493221013 6.05987331143 5.21021872306 5.02153306809 2.76463538445 2.92428984423 2.48708238758 2.33677553558 2.16032443628 1.98154064738 1.52306753239
-9999 -9999 -9999 -9999 -9999 -9999 -9999 -9999 -9999 -9999 -9999 14.7041236987 14.5938669102 13.6656420961 13.2671810607 13.050343704 10.2447932197 10.7551061617 9.94052156148 10.3613427668 7.24781184833 3.56813450232 7.85584405233 8.9060575544 6.7681705098 6.76874078394 7.33354480705 7.1123273877 5.948051385 5.52394304729 5.36078116698 6.70778855803 6.53653097625 6.20655928454 5.11124446198 2.22910484067 0.737903019492 0.460650091156 1.24920132345 2.23346888126 5.08846531516 5.35021646264 4.85611759274 4.32496109382 4.36524149927 4.36465844861 4.86146389468 4.93534893045 4.48508874245 4.25890732923 2.95376098362 2.07054354648 1.72764369046 1.66527771767 1.57513452204 1.74726361836 2.10223856688
-9999 -9999 -9999 -9999 -9999 -9999 -9999 -9999 -9999 -9999 -9999 -9999 14.8533373569 14.3980200547 13.1537208367 12.3375157621 11.2444764316 11.3049699338 9.9216639718 10.2507044944 9.54690861429 10.4970928867 7.91990809334 6.63551437816 6.33314594267 6.23348936709 5.12309544623 5.40973351272 4.79020401012 4.22239112111 3.44859231623 4.56145205251 4.63700805087 4.95862562854 4.74785271828 1.8281196948 1.02974352672 0.602237953314 1.88455517636 3.78956044137 4.98428046001 4.57511543386 4.85778142568 4.19759566687 4.32340858409 4.37669317283 4.40319485726 4.61815155223 4.11670462037 4.14070243477 3.60432973676 2.51761645758 2.41483956085 2.650877007 1.76160181443 1.85963595918 1.69775686007
-9999 -9999 -9999 -9999 -9999 -9999 -9999 -9999 -9999 -9999 -9999 -9999 15.8441248952 14.6718327969 13.499665624 12.8427776459 11.2774692144 11.7049069798 10.8377170584 10.0655969218 9.90609898735 9.47804656013 8.70112848992 8.93340733981 7.45386383866 8.05721470935 8.12827088615 7.54023220501 6.08245002771 7.37056418874 5.81723520444 6.21532664373 7.30014655682 7.17219770744 5.19058369661 1.88998388661 1.04961145969 2.21175574944 4.23069575792 3.83608060801 5.37048136969 4.58476745689 4.07006527346 4.0170772884 3.94427026334 3.97477134889 3.76486467037 3.86298877641 3.48662951615 3.65603412106 3.42004998278 3.07546343785 2.68220592633 1.18519400217 0.8454261686 1.11332293159 0.890627105064
