data/recharge/transience/oldversion/mHM_recahrge_356.ASC
ncols   80
nrows    72
xllcorner    4374000.0
yllcorner    5656000.0
cellsize      500
NODATA_value  -9999
[rows 0 to 24 of 72, columns 0 to 56 of 80]
-9999 -9999 -9999 -9999 -9999 -9999 -9999 -9999 -9999 -9999 -9999 -9999 20.5841289029 21.305947661 -9999 -9999 -9999 -9999 -9999 -9999 -9999 -9999 -9999 -9999 -9999 -9999 -9999 -9999 -9999 -9999 -9999 -9999 -9999 -9999 -9999 -9999 -9999 -9999 -9999 -9999 -9999 -9999 -9999 -9999 -9999 -9999 -9999 -9999 -9999 -9999 -9999 -9999 -9999 -9999 -9999 -9999 -9999
-9999 -9999 -9999 -9999 -9999 -9999 -9999 -9999 -9999 -9999 -9999 -9999 20.5108236994 18.8328731009 17.7913875096 -9999 17.8220291268 -9999 -9999 -9999 -9999 -9999 -9999 -9999 -9999 -9999 -9999 -9999 -9999 -9999 -9999 -9999 -9999 -9999 -9999 -9999 -9999 -9999 -9999 -9999 -9999 -9999 -9999 -9999 -9999 -9999 -9999 -9999 -9999 -9999 -9999 -9999 -9999 -9999 -9999 -9999 -9999
-9999 -9999 -9999 -9999 -9999 -9999 -9999 -9999 -9999 -9999 18.6636869015 18.2520449464 19.3302555735 19.1991181528 16.1147190244 14.724456381 12.5909132829 12.7248499617 -9999 -9999 -9999 -9999 -9999 -9999 -9999 -9999 -9999 -9999 -9999 -9999 -9999 -9999 -9999 -9999 -9999 -9999 -9999 -9999 -9999 -9999 -9999 -9999 -9999 -9999 -9999 -9999 -9999 -9999 -9999 -9999 -9999 -9999 -9999 -9999 -9999 -9999 -9999
-9999 -9999 -9999 -9999 -9999 -9999 -9999 -9999 -9999 18.590004099 18.4934797146 18.3115005981 17.7800442531 18.227420305 16.8811003625 16.1298089458 13.9164355983 16.9769526612 -9999 17.6393259593 -9999 -9999 -9999 -9999 15.0157197313 16.2101044606 -9999 -9999 -9999 -9999 -9999 -9999 -9999 -9999 -9999 -9999 -9999 -9999 -9999 -9999 -9999 -9999 -9999 -9999 -9999 -9999 -9999 -9999 -9999 -9999 -9999 -9999 -9999 -9999 -9999 -9999 -9999
-9999 -9999 -9999 -9999 -9999 -9999 -9999 -9999 21.1559853695 19.7954439768 17.7539836249 17.6793711289 16.7453772742 15.8421532781 15.035558416 14.3341288235 12.4837821409 12.3909231981 12.1198018462 13.9804266278 13.5545271468 14.3368830345 -9999 13.3780231663 17.0941072194 17.1101382371 -9999 -9999 -9999 -9999 -9999 -9999 -9999 -9999 -9999 -9999 -9999 -9999 -9999 -9999 -9999 -9999 -9999 -9999 -9999 -9999 -9999 -9999 -9999 -9999 -9999 -9999 -9999 -9999 -9999 -9999 -9999
-9999 -9999 -9999 -9999 -9999 -9999 20.8786193657 19.2192208726 18.5082051196 18.8892889013 18.9262390794 19.196455017 17.7164918109 17.2350415414 14.7938770146 15.8794964762 12.9250318918 12.3057639746 13.4503020905 13.8218508735 13.1671480725 13.9447958586 13.3403389066 13.4991233778 15.6364830675 15.1207672072 16.4839976487 -9999 -9999 -9999 -9999 -9999 -9999 -9999 -9999 -9999 -9999 -9999 -9999 -9999 -9999 -9999 -9999 -9999 -9999 -9999 -9999 -9999 -9999 -9999 -9999 -9999 -9999 -9999 -9999 -9999 -9999
-9999 -9999 -9999 -9999 -9999 -9999 20.7959782194 19.8758744783 17.5534753993 17.2082399369 16.3190284488 16.8656785881 15.5821186623 14.5834385722 12.874067155 11.762831414 10.5808998971 12.1420298466 11.1119331845 10.415433745 11.2634166101 13.047046456 12.8556530952 12.6528631367 13.2165570269 12.4304909817 16.5125311613 17.1792186683 17.5636072157 16.9369690666 18.7274431229 18.6949911284 -9999 -9999 -9999 -9999 -9999 -9999 -9999 -9999 -9999 -9999 -9999 -9999 -9999 -9999 -9999 -9999 -9999 -9999 -9999 -9999 -9999 -9999 -9999 -9999 -9999
-9999 -9999 -9999 -9999 -9999 22.6650455909 21.059345529 20.8055912557 19.5160693673 19.820251791 18.8736330266 17.9770177102 14.7624105579 15.7074481895 14.2001567415 14.3019006178 12.6760403678 7.78536015234 12.1863170081 10.4897164061 11.3238340071 10.9001343237 12.1584276828 12.5707763448 13.5817473134 14.0924450995 16.0176099404 15.8770724928 17.084388178 16.8308979545 16.3416781071 17.0190885398 15.5545603005 14.9850757707 -9999 -9999 -9999 -9999 -9999 -9999 -9999 -9999 -9999 -9999 -9999 -9999 -9999 -9999 -9999 -9999 -9999 -9999 -9999 -9999 -9999 -9999 -9999
-9999 -9999 -9999 -9999 -9999 22.8528311917 21.1830710582 21.3222580371 19.6905750143 19.092444979 18.4349977724 18.9019468252 14.131867012 12.0835957298 17.2381271008 17.6920797801 13.9743016411 6.83532793048 11.1801990079 11.9841945961 10.2278273316 10.9328713143 13.3105861478 12.7828231895 12.5892576692 11.4962750232 13.112767114 12.0638471374 13.974539641 14.2399463713 14.1155928251 13.8478538423 14.7480060368 14.1052770589 14.6197395238 13.9496821204 -9999 -9999 -9999 -9999 13.886360562 13.5862185723 -9999 -9999 -9999 -9999 -9999 -9999 -9999 -9999 -9999 -9999 -9999 -9999 -9999 -9999 -9999
-9999 -9999 -9999 -9999 -9999 22.2081950572 20.9800000552 20.8140769545 19.9846332522 20.6084192191 19.6040964675 19.2302256144 17.5626402293 18.4911904071 18.0450705071 16.3548684021 13.2864521821 15.5468192327 13.1893559036 14.5830668792 11.8487278124 10.6730873519 11.0322449564 10.5804908699 12.3528191109 11.7151809896 12.549154295 11.3065826891 14.5441345309 14.4361520851 11.7824487962 14.3812587709 14.5577631174 14.4817063917 13.9394984913 14.5205086899 14.1920431518 -9999 -9999 14.6381837786 15.113726066 14.5877772966 15.7023403196 -9999 -9999 -9999 -9999 -9999 -9999 -9999 -9999 -9999 -9999 -9999 -9999 -9999 -9999
-9999 -9999 -9999 -9999 -9999 -9999 22.8347354942 22.8467820661 21.1729575598 21.0077156977 19.3194710015 19.9206340655 19.8870657137 20.033244861 16.4072381307 15.2285919101 14.6685298913 14.2479400742 12.176721872 12.0345841205 12.0552869935 12.5821781921 11.9966926193 12.9384083936 12.1426303536 10.9334723645 9.69036740659 10.3198373278 11.0754390807 11.1785260642 11.8212730194 12.0553376385 11.9874340848 11.4229650107 11.9748987246 12.8482369574 13.3150556027 11.7644327542 13.6644440863 13.2830202286 12.8539509802 15.024955176 12.3617434439 10.5979673479 -9999 -9999 -9999 -9999 14.1668325233 12.8730415429 5.49704744829 -9999 -9999 -9999 -9999 -9999 -9999
-9999 -9999 -9999 -9999 -9999 -9999 -9999 22.586281915 20.5758472196 21.3895154138 20.8045691524 20.2423664129 18.3425012966 17.1904641582 16.6272740847 18.1953957135 17.1281539772 16.8437835503 15.8515643448 13.6461802275 11.3355707962 11.4064430487 11.3668889218 11.4897436813 11.1984719439 10.1618499949 9.7976532073 10.8291201305 11.2514228574 10.9364784298 11.6021987877 11.4352998834 12.0908468068 11.5985548583 13.1616577041 13.0654541797 12.9361905429 13.0211160834 13.3931926541 13.3603217669 12.2015930073 11.6961502664 10.3111725744 10.1471015917 8.85976303217 9.93924657722 10.6311403366 9.19422883015 8.89924653784 10.0432297769 10.5203409501 10.8688166713 -9999 -9999 -9999 -9999 -9999
-9999 -9999 -9999 -9999 -9999 -9999 -9999 -9999 20.1406582706 19.8238946253 20.3404929182 21.0198957306 19.5729240911 20.3904860536 19.519667207 18.8270046887 15.7988361532 15.8765822861 12.9320893851 14.3023057114 16.9275333813 16.558124252 13.2804382698 11.8594238128 11.2506046078 11.4316773097 8.99845432114 9.82802934014 9.13277901961 8.20962903072 8.58327536392 9.10574721486 9.59102471356 9.09841074666 10.4745303876 10.496191933 11.4578770265 11.969516005 11.3190366634 11.0605019033 10.5341778009 9.69602264338 8.20807469879 7.49819261658 7.10941785002 6.46095392819 7.46219882921 6.58737922775 6.10152674334 7.37115647066 7.71334353378 8.31292957053 7.28789913356 -9999 -9999 -9999 -9999
-9999 -9999 -9999 -9999 -9999 -9999 -9999 -9999 21.7716212904 20.8340862042 19.7105485958 19.8282524871 18.9788982277 18.9430973578 17.397402625 17.1330871506 15.4416726289 16.2625281087 14.3202458544 15.3019342638 16.4196970249 16.3336615028 15.6885207341 17.138580406 14.0611876815 10.3665265231 12.251728459 10.9053744706 9.48403075521 7.97822682344 8.23100702585 8.76808674275 8.66963768606 8.94328617803 10.4072018593 7.67997830575 12.407808202 11.5758980253 11.2908843289 11.1004167756 10.6634166482 9.25265064423 7.64245384081 7.61504610349 6.48761312362 6.40991902462 7.36512026728 6.7658743071 6.57649068834 8.2958738312 7.96820381452 8.0080667739 7.69436885315 8.41358967824 7.16787626932 7.65611132693 -9999
-9999 -9999 -9999 -9999 -9999 -9999 -9999 -9999 -9999 22.2403423575 20.9848693274 19.6401134054 19.3757034956 19.4224833453 18.2567371571 18.3239208117 18.7757500271 18.976476104 19.0689604095 19.2024844391 18.7544471395 16.9805430492 16.8218589272 24.8637838163 18.8342204448 16.825661291 11.9042872478 9.80205157158 6.48407333011 8.33358530748 7.8609301962 8.16212765445 7.87560538158 7.05487748258 8.72813727342 10.604483027 10.3323097799 9.79156013669 9.25715164179 9.35224047039 8.88453902963 8.78009372897 5.7494146693 7.64505847863 5.57084866926 4.78389509268 4.16891359365 4.23594387359 5.58989875663 5.75627913851 5.92159744517 5.71198189315 6.23333721352 6.83308520151 7.2367197129 4.81406217406 3.61027845809
-9999 -9999 -9999 -9999 -9999 -9999 -9999 -9999 -9999 -9999 19.994954389 20.1958425917 19.1619721336 19.2632614623 17.6346876422 16.9363252702 17.4459350392 19.4216367135 18.1919422654 16.4551559224 15.4438215286 14.9175436686 12.71892165 15.5077722512 14.4579537616 17.1860148277 14.3636464707 11.8372905221 8.03459884177 7.68085442281 8.25260518349 8.29252833786 9.01241789217 7.83158259524 9.67249677474 9.30429046492 10.0873556193 9.79867280868 9.32957878619 9.38358579897 9.3093785 9.17752505646 7.27685374301 6.56675590859 8.08595671292 8.17992376904 6.28795929229 4.73999199232 6.35246517609 6.302238787 6.77816395591 6.51845250917 5.83895873498 6.7280958087 6.22896779109 4.63063467869 3.55344510715
-9999 -9999 -9999 -9999 -9999 -9999 -9999 -9999 -9999 -9999 -9999 12.3509631813 14.5942408478 18.6938845858 17.6208347097 17.0353070967 17.5436608325 17.4175418961 14.4822065951 15.5507203629 16.2682423661 15.9379089063 12.3932771312 10.7394080636 9.75530462527 9.01848220019 11.4664522523 15.1844092194 14.1095165267 9.38995229315 7.52428607223 7.36499733428 7.85051877901 7.94814300659 8.30421581273 7.40576221789 8.35097963791 8.29058814233 8.52581323653 8.52278961208 8.52664815569 7.77006150226 7.74507727352 6.05891246162 4.85197011266 4.38169197095 5.20298410431 6.02880767173 5.29553785218 5.79768230323 5.2802062822 6.02075207644 5.88554239579 5.58183230185 4.85240961287 4.85219417735 3.36705248432
-9999 -9999 -9999 -9999 -9999 -9999 -9999 -9999 -9999 -9999 -9999 11.379105133 15.5231164396 17.8052294118 17.7699705179 17.2996936305 15.7834801783 14.9474446062 15.7622489849 15.9055703133 15.3083572819 16.7387063736 12.7395652603 11.8399765799 11.226082603 11.9893725931 10.6262968143 12.4100610986 10.1929737928 12.1719841638 12.3041661965 10.961392335 6.1582762422 6.93118580916 6.17553072181 6.95084153786 8.31376877021 8.46155637663 8.29962072571 8.33804209416 9.22371603087 8.89609956656 7.21648085408 7.37767724992 6.32814401664 5.84873666735 7.7904804974 9.23869742089 8.33064837697 5.65651282091 6.65664403227 6.465367073 4.49321783098 6.16468799883 6.10208170754 5.40091852128 5.03226384353
-9999 -9999 -9999 -9999 -9999 -9999 -9999 -9999 -9999 -9999 -9999 21.675805307 19.7440022301 19.3071724743 16.5883465073 16.8733556898 14.8693619432 12.9394408264 13.1462825119 13.6487723052 13.5914069571 13.8753418643 11.2221645618 10.126756938 9.25173237474 9.31542663694 8.7353721988 8.55116047561 8.65703359054 8.00298202653 8.29628534016 11.9087967302 13.7138562806 13.5226628276 7.77151927333 4.25965224259 5.82760528111 4.06730824805 6.45815375986 7.46860344682 8.16279218073 7.74394481061 8.25161648333 9.16857566848 9.91759378986 10.878515948 7.33570255318 6.46908638054 6.31057440109 6.32438089826 5.56410396241 6.42462515307 7.09829858444 8.36444759461 7.31879766065 6.88972775312 4.78644393781
-9999 -9999 -9999 -9999 -9999 -9999 -9999 -9999 -9999 -9999 -9999 -9999 18.4393561523 18.9463824454 17.988243918 16.9651025388 15.0799746953 14.1392012431 12.687791567 14.075451639 13.9994747807 13.2687885378 12.1022948314 11.8483088788 9.81246062907 10.0254740129 8.89727443143 9.19770940238 8.54688642472 8.15024047092 8.01605244925 8.39697000187 6.99229404327 7.05306900104 9.30765953138 4.84515099823 7.01659478735 4.84962929726 4.84211214665 7.53350381216 8.17435034316 7.68748350862 9.86963936389 11.1462798301 11.6403219874 11.3754551475 8.13401020409 6.5731806243 4.77443008154 5.47582249319 5.06299219605 4.19459333907 3.61993751286 3.69906016406 3.38114476765 5.09849457574 2.93439897432
-9999 -9999 -9999 -9999 -9999 -9999 -9999 -9999 -9999 -9999 -9999 20.7861795473 20.3790764888 20.4331670577 19.4755953896 12.8042759123 15.667081171 15.9091184657 12.7247107526 13.9239188096 11.5829961526 11.3986879345 9.95070503481 10.1962686545 9.69259871398 9.54269771043 8.06731390255 7.8966996661 7.76237730808 7.48728912994 6.80414805082 7.08496947536 6.51477447768 6.43445770052 6.77496730142 6.366846791 6.4996865928 3.69170750521 3.37599774214 5.8527352123 7.15203496792 6.79425924194 10.7713419942 12.3383038268 14.753646899 14.6794455615 11.8869769477 10.0109690762 6.70046051553 6.80226195245 4.67426054441 2.92926984551 2.57622369082 2.60300015407 2.42490088508 2.75274361933 4.30046023235
-9999 -9999 -9999 -9999 -9999 -9999 -9999 -9999 -9999 -9999 -9999 21.3525234486 22.1476926471 21.3962382651 18.8094618803 15.4614365151 16.9308012027 16.7984297574 13.9138971788 14.0632609291 13.7582425841 12.926570796 10.4109184841 10.8370665631 10.1612809946 10.1451589066 9.66050356112 10.1134610243 8.93409112538 10.5490705324 9.25149896615 7.24401050209 6.38863294033 6.44018888568 6.5850389318 4.23709519062 4.49469939665 6.45731334064 3.92299635898 4.98076775688 6.32504842695 6.93749069601 9.6633061945 9.82621707989 10.2892626009 9.70960950171 10.0476598239 10.2683256413 8.17607715286 7.82050649818 4.4459668243 4.78855092018 4.03735082859 3.76921291519 3.53152038425 3.18686397362 2.33798275571
-9999 -9999 -9999 -9999 -9999 -9999 -9999 -9999 -9999 -9999 -9999 23.125128079 23.0820613496 21.498646928 20.6957210216 20.4138890952 17.5871063582 18.154711707 16.8254924105 17.0929472823 13.79625198 7.4968817322 15.1576053156 13.7496964704 10.0648869601 10.0476899735 10.4686315598 9.66494837215 7.57921534175 6.99537429253 6.78880869367 9.51758703357 9.18759240555 8.57763308688 6.58442715945 3.03191489746 2.38877510655 1.70638494746 3.38834575183 2.69974033767 7.12485948171 7.4022661098 7.05097400883 6.32847685913 6.74454736623 6.71779599833 7.70912926805 7.81169460567 6.88151028279 6.55636200668 4.05643305792 2.93110462341 2.27982884491 2.21395080712 2.07780291602 2.44999284015 3.11031763359
-9999 -9999 -9999 -9999 -9999 -9999 -9999 -9999 -9999 -9999 -9999 -9999 23.7006933694 22.6304351977 20.7301240185 20.1277969825 18.7869319137 18.698928455 16.3570958289 17.0776847065 15.6725357733 16.888404344 11.5573433361 9.8686299643 9.29654189249 9.12753434232 7.2553727313 7.75635559019 6.72562273486 5.75737463958 4.50392175806 5.62068411299 5.93418191391 6.42182845524 6.02419937309 4.1120045122 3.04686038462 2.10701081386 4.36075360261 4.83619105336 7.00469217078 6.42241507365 7.32194485104 6.07335054448 6.60726417035 6.69973475892 6.97686070541 7.30431694021 6.25726472367 6.38560118663 5.33103133495 3.95982577934 3.32774622591 3.63917577561 2.44411463243 2.52133828541 2.35532082287
-9999 -9999 -9999 -9999 -9999 -9999 -9999 -9999 -9999 -9999 -9999 -9999 25.9538512533 23.7031400738 21.9316426293 22.1272278696 19.3205810796 19.921646132 18.1975430806 17.4567542675 16.6209439089 15.8909562714 13.1770400868 14.35306349 11.1787168538 12.3350433496 12.3185606591 11.3897810752 8.79643425888 11.00686988 8.2720174158 8.84347505074 10.0478377664 10.1256350947 6.1348601191 4.51583313566 2.83571917906 4.71690606575 6.79263224182 5.1309319165 6.87460860771 5.90475726467 5.27995490963 5.18326550001 5.05516899154 5.07879981321 4.92336065424 5.14411292107 4.57740066835 4.90967661135 4.50995956692 4.10659740108 3.33789815717 1.53519652028 1.17121301099 1.66161443672 1.12263110244
