data/recharge/transience/oldversion/mHM_recahrge_450.ASC
ncols   80
nrows    72
xllcorner    4374000.0
yllcorner    5656000.0
cellsize      500
NODATA_value  -9999
[rows 25 to 49 of 72, columns 0 to 56 of 80]
-9999 -9999 -9999 -9999 -9999 -9999 -9999 -9999 -9999 -9999 -9999 -9999 18.5248350688 17.2275578209 15.023976326 15.2420997482 11.4714765165 11.4786951959 9.79613210334 11.1559553734 9.22050890065 8.76790194864 7.15057356702 4.62966071806 5.09908861598 7.80457503216 5.13497275441 5.03705060736 4.66954615208 3.8480912315 3.19016321276 2.85136482786 2.89061965965 2.99764701607 0.861231559067 2.4122503703 2.90123495007 1.54681870894 0.919735069122 2.09094534482 1.94502770249 1.71255199474 3.0932416723 4.09703433747 4.02732556469 4.14428592492 4.18709811007 4.154663397 4.14464363197 4.53093275539 4.26644392656 2.49745623931 0.980405630059 0.744257116632 0.71879039784 0.806529447584 0.7830190837
-9999 -9999 -9999 -9999 -9999 -9999 -9999 -9999 -9999 -9999 -9999 -9999 -9999 15.2107668759 16.3263388613 17.0264102406 14.8864239496 13.8434035099 11.2192187797 10.2976865369 9.38517565414 10.4706565219 9.91894757752 8.34270739614 7.48092305301 6.14699253894 4.95843187441 4.58269241296 4.08138853115 4.61472263391 3.60892986342 3.24987653367 3.54535638061 1.549846703 0.891758752834 1.0422973918 2.40432163439 0.970097885367 2.19511230701 1.65289302909 1.43039876143 1.66238501058 0.943165609057 1.49533539035 1.83051550624 2.51285343147 3.43157617155 3.26917874714 1.81521005427 0.978021130443 0.718992306981 0.754242959599 0.841026566436 0.888093307223 1.94122138904 0.592206778683 0.651961029865
-9999 -9999 -9999 -9999 -9999 -9999 -9999 -9999 -9999 -9999 -9999 -9999 -9999 -9999 15.8084372355 16.330781308 13.9082923308 12.3707652746 11.2188207173 11.9922411836 9.67342534592 11.6327355278 9.30151175508 8.6136070972 6.13988939057 5.92431894718 6.01165379583 6.9399626486 4.56487165598 3.61103225216 3.74126430706 5.53225768556 4.91799972752 2.93089334663 0.933299265023 1.55297519868 2.06659375873 1.66799460861 1.5876549067 1.31061151901 1.26408916495 1.33914600145 1.6012725638 1.12590670027 0.797589639916 0.950453002938 0.75953431 0.87809069011 0.681871260211 0.877347764335 0.805702075722 0.606208339048 0.581596675988 0.802793019475 2.54075638394 3.7951671672 2.18567590351
-9999 -9999 -9999 -9999 -9999 -9999 -9999 -9999 -9999 -9999 -9999 -9999 -9999 -9999 7.33346495644 15.1764218264 15.3462874347 13.5614444187 11.5408901653 12.1585004682 10.9683782563 11.3604287266 8.47637257765 11.0899130189 9.40431217998 9.45965703924 5.37728890968 5.29179010466 5.52330191771 5.74310800217 4.25156194915 3.24409732412 4.72390078145 7.68172623527 1.4519887211 2.03942534229 2.06171037663 0.981663724652 1.15799937139 1.23186302383 1.25961293449 1.45131851441 1.43109481346 1.43864131815 1.12687623637 0.876583905753 0.484865251826 0.86057121796 1.3926501487 0.614099168764 0.968980329916 1.13893943045 1.2856593584 1.02155226182 1.537936033 2.32078454238 1.87767346127
-9999 -9999 -9999 -9999 -9999 -9999 -9999 -9999 -9999 -9999 -9999 -9999 -9999 -9999 9.12090003873 14.3013188055 15.2509503817 14.953274862 13.5966724723 13.1954991135 10.8088951883 11.5908613441 10.661698591 9.89808114926 7.34288035081 6.70592992007 6.37512130248 6.18653671409 4.5294440403 5.17880070001 4.81441485091 4.59742003794 4.25081290708 4.92306048431 6.05162640084 2.08212357256 2.67502495506 3.3089849439 1.84377838288 1.20161641221 1.21834468411 1.47154820004 1.25597429491 1.29262606382 0.820087972116 0.901886912183 0.6778702855 0.954956661729 1.93118057615 1.98395833915 1.13865111891 0.478188183624 0.563609640095 0.419298248008 0.37741651661 0.650434902353 1.05951150235
-9999 -9999 -9999 -9999 -9999 -9999 -9999 -9999 -9999 -9999 -9999 -9999 -9999 -9999 22.2275426865 19.7486474942 18.7439619207 20.0216318981 18.7916735202 17.5954379742 12.4716349418 11.6028978325 9.66202953096 9.85446927303 6.97362087626 7.50668045882 5.73528476796 6.9197306157 5.69210941203 5.06892247388 5.11544268163 5.80060475956 5.23814564317 2.89463610232 2.29914391861 2.32853058122 2.1044275242 4.03992925407 1.77438022687 2.45698673263 0.775000661869 0.74887052061 0.933237029795 1.03376758278 0.798854811126 0.71769585704 1.13347051381 0.880913083619 2.05233472668 2.73413261299 1.28369244288 1.89649520677 1.10796389783 1.67843121298 1.64074676704 1.30307644303 1.49507952128
-9999 -9999 -9999 -9999 -9999 -9999 -9999 -9999 -9999 -9999 -9999 -9999 -9999 -9999 -9999 16.8782117472 16.019791226 17.6093490701 21.0542723584 17.3666645381 10.2553133618 10.0180539048 9.97276355079 9.94753559694 6.94459905705 7.43265879167 5.67258285339 6.11144461135 6.01837587235 5.36624147037 4.05079898314 3.98492294798 3.68670238233 5.03576972805 2.52714431149 2.55593258688 2.45263544266 2.3949669458 2.36766364743 1.45635960823 0.971281137846 1.40286073076 0.198898704291 0.347704520388 0.614944510067 0.351145405666 0.170650962098 0.179760321754 0.368365752581 0.76924291034 0.775792778028 0.684424959115 1.15870060197 2.33419281414 2.13124421984 2.08097701821 1.61930507987
-9999 -9999 -9999 -9999 -9999 -9999 -9999 -9999 -9999 -9999 -9999 -9999 -9999 -9999 -9999 -9999 15.76563908 14.5407046644 13.8856781949 17.69752943 14.8502047193 14.0166155542 9.83911493356 8.3258653265 7.51786163596 6.84647509682 5.29746810488 4.81603153004 4.14728481295 7.23810367651 8.8045101751 6.28528216482 6.5171123678 4.36876794312 2.43099423611 2.72964180893 2.73624114456 2.99784328536 3.01411213494 3.8641366364 3.90955282557 3.55163487616 2.07621229293 0.269536528531 0.151554285539 0.120393844055 0.108133536204 0.742554621332 0.755868407455 0.578115418871 0.829101747573 1.39764960469 0.989724682683 0.792910902417 0.946551130571 0.82890571668 0.775975499032
-9999 -9999 -9999 -9999 -9999 -9999 -9999 -9999 -9999 -9999 -9999 -9999 -9999 -9999 -9999 -9999 16.7613689015 17.4517737317 17.5432380179 15.540070991 11.6586105584 12.8718935904 10.3062423707 8.91609109127 7.15210182875 7.91186925492 5.73968790234 5.59809585079 5.78261469991 5.77290820667 3.20618663341 3.27547448045 4.09506134781 3.64973079927 3.66544632978 2.5922582935 3.50482732984 3.1031540305 2.95946737497 2.82595183563 2.04997377308 1.98883794679 2.33649170854 1.36546639824 0.480276271693 0.267980633678 0.369666252554 1.30559561742 0.504091669205 0.715406991015 1.04851191492 1.11538729509 1.5678847137 1.71397913327 2.30481378191 1.41281334579 0.783749564075
-9999 -9999 -9999 -9999 -9999 -9999 -9999 -9999 -9999 -9999 -9999 -9999 -9999 -9999 -9999 12.1029083737 12.1182663445 13.8481726392 14.782967653 14.357032671 12.2548327217 12.358265338 9.80465347811 8.83041311678 6.92571866203 7.46705240573 6.22604217362 6.40098823252 4.83869360469 5.56305895553 5.23732324689 5.41894674834 5.51682135079 3.60021751399 2.15318464638 0.882135333624 1.81091740601 3.26820413062 3.79303549845 2.23615207422 1.43017333759 0.505671708691 0.289223530208 0.282176112244 0.32116961158 0.222769165789 1.08003322126 1.40550147716 0.780665623811 1.13438273127 0.857639409616 0.66202881405 0.737333126553 0.831771297033 0.919542401233 0.951641893781 1.19171934909
-9999 -9999 -9999 -9999 -9999 -9999 -9999 -9999 -9999 -9999 -9999 -9999 -9999 -9999 14.7929114954 13.3648052112 12.6238110715 13.1107698907 12.5402030209 13.2813423441 11.0599268292 12.3528029286 9.24296717434 9.62332975333 6.95563446003 6.5756273727 5.434421095 5.78287271893 5.38366649046 5.3773833901 4.55775171348 4.68676345411 3.47122326297 3.25425052988 3.37922638462 2.58908122253 1.99079389924 1.60960268555 0.436186251243 1.26267863019 1.29831653998 0.210670400471 0.196292545013 0.218950668261 0.167018606777 0.145462563276 0.220957919933 0.775763605362 1.09190831268 0.850028963708 0.749332760771 0.74158404171 0.797233848378 0.777349458882 0.727018037313 0.778043615466 0.992621603416
-9999 -9999 -9999 -9999 -9999 -9999 -9999 -9999 -9999 -9999 -9999 -9999 -9999 -9999 16.4907889186 16.7739226646 15.1403809374 12.5862059385 10.0320954065 9.95082194021 9.69823969637 11.2306394743 9.30879435405 9.87341331163 7.48615698251 6.38243312174 4.90020347615 5.14130075683 4.63595706346 5.82463818966 5.63271976537 5.44356246275 4.2935981454 3.52361097963 2.66103686185 3.61638795483 1.65231109209 2.82890937926 0.705286542473 0.749540800495 1.47955413796 1.20210301272 0.277876153239 0.247152487613 0.23329208149 0.145334070046 0.245897742915 1.27836719018 1.72262912239 2.06962584637 2.0684976275 2.03738732683 1.39454881414 1.18826253904 1.40017339771 1.32815341469 1.00179826518
-9999 -9999 -9999 -9999 -9999 -9999 -9999 -9999 -9999 -9999 -9999 -9999 -9999 -9999 -9999 -9999 15.4487823676 17.4924352575 16.8231552286 16.4968373222 12.7536799608 10.3010328139 10.6717613754 10.7300059679 7.96892482057 7.10025683719 3.43880821135 3.72613289516 2.90328924458 4.25842279475 4.78402428859 4.18705653655 3.71004518879 2.89763092173 3.24279116528 3.28968242453 2.71217454955 0.906491302732 1.92735301901 2.64483203231 1.43838983605 1.00655165345 1.71118984017 0.964599869873 0.170402948872 0.199556409829 0.191162552775 0.534659867106 1.06359764741 1.27756636225 1.24779516547 1.29528654847 1.15769625296 0.981360337703 0.677287144403 0.720276588768 1.0902640475
-9999 -9999 -9999 -9999 -9999 -9999 -9999 -9999 -9999 -9999 -9999 -9999 -9999 -9999 -9999 -9999 18.774797088 17.9027134606 16.8525819306 12.6975503811 12.5316727309 12.8252935292 8.77828137752 9.41392137045 9.09230377513 8.50947229181 6.07745950613 5.67539452885 4.74938764261 5.0293633393 5.86132558235 5.38385460437 4.02956130863 3.23792952332 2.13813086175 2.35061462471 2.58342871433 3.22663354915 1.91239119497 1.54651344313 2.0923529643 2.89691772503 2.54542451225 2.45037491747 1.05048420809 0.185144445554 0.121143609516 0.222813243666 0.950017694263 0.725079574148 0.597420399875 0.607571853361 0.515633275048 0.593632442455 0.595027549908 0.599518706989 0.561579796866
-9999 -9999 -9999 -9999 -9999 -9999 -9999 -9999 -9999 -9999 -9999 -9999 -9999 -9999 -9999 -9999 -9999 -9999 17.08886725 14.2826083953 10.7565448129 12.3600092919 11.5690955017 11.0417401155 8.55910775426 8.11983015279 5.34507228118 5.59458685553 4.65563884938 4.58421353922 3.30086945662 2.78233364503 2.70888031855 3.06893708472 2.0878693507 2.81192871552 2.86819077741 1.919042631 1.81261657184 2.3203148795 1.71254474569 1.49429532243 1.37996372298 1.3688509538 1.33605600687 0.900770755949 0.148791236811 0.141825089611 0.273654425085 0.520468751877 0.690585085692 0.78816055672 0.527016703481 0.542129645291 0.64415644025 0.690517429104 0.607734950191
-9999 -9999 -9999 -9999 -9999 -9999 -9999 -9999 -9999 -9999 -9999 -9999 -9999 -9999 -9999 -9999 -9999 -9999 -9999 11.5864823643 10.9176194676 11.8939719505 10.5455391298 13.3596208922 9.70847007947 9.12301755362 6.7122987037 5.19423294279 3.36339673464 3.18251008666 3.24176577627 3.24550730702 2.24096000901 2.51422499381 1.64793922842 1.16290542024 1.13496483599 1.84779855596 1.88585419931 2.15710367358 1.61910249147 1.46303513831 1.22787562034 1.5691256929 1.6906841775 1.76210756952 0.718121155083 0.139739656974 0.125109008022 0.225079393504 0.453523997216 0.667148402763 0.543956040555 0.538383003567 0.655532656539 0.626367271076 0.502689679155
-9999 -9999 -9999 -9999 -9999 -9999 -9999 -9999 -9999 -9999 -9999 -9999 -9999 -9999 -9999 -9999 -9999 -9999 15.2457827665 16.7237985558 16.1373674229 15.6644674895 11.2723229607 10.7102741376 9.4222805277 9.37730611556 7.81400648302 6.78902685178 4.16774994872 3.69904552488 2.58268945287 2.45505672027 2.77959586178 2.27252384918 1.57216697097 2.02263624707 2.8337061475 2.59791096245 2.35813891841 2.26225037931 2.40274440787 1.61650409944 1.32352029222 1.24694561893 1.22390974757 1.1757005304 1.29020275641 0.711992725024 0.248873193635 0.150836565159 0.200755325335 0.490905602603 0.902155094646 1.04394434774 0.785506464772 0.780782804459 0.695645167247
-9999 -9999 -9999 -9999 -9999 -9999 -9999 -9999 -9999 -9999 -9999 -9999 -9999 -9999 -9999 -9999 -9999 -9999 -9999 18.9120150165 17.4261105289 16.483898221 11.6391595727 10.9855764863 10.405942865 10.2318897259 7.57278269675 8.45640691886 5.57043731923 7.19620911582 5.93386610406 5.85148003223 4.69705915863 2.21496977417 2.23372321252 1.77197521705 1.02028205375 0.871637161952 0.808688190423 0.808791904073 1.14779817445 1.81706308842 1.45602701743 1.8914348714 2.44486895405 2.91559646321 2.24010168418 1.5829517706 0.432103856475 0.199290385901 0.104946515326 0.420362178682 1.15206985726 2.75805616205 1.01026295336 0.358668279003 0.470670186531
-9999 -9999 -9999 -9999 -9999 -9999 -9999 -9999 -9999 -9999 -9999 -9999 -9999 -9999 -9999 -9999 -9999 -9999 -9999 -9999 14.2872665815 15.8386238514 11.8377752466 11.3707547457 8.59015987359 9.80677450991 7.61745659909 8.83516213994 8.97299888077 7.90993259166 6.32169667035 5.99093391645 2.98305212613 3.92501744691 3.19665915079 2.63616205554 1.86464987707 2.40803231126 2.30914687952 2.1969251207 1.91790083184 2.59811833727 2.53266458028 2.16214082541 2.98472845533 2.52750373839 2.15252532068 2.44321758895 2.00024090245 0.764064745619 0.36509032161 0.258131432265 0.134774580079 0.0899255677408 0.68768188786 0.125178312613 0.151964778351
-9999 -9999 -9999 -9999 -9999 -9999 -9999 -9999 -9999 -9999 -9999 -9999 -9999 -9999 -9999 -9999 -9999 -9999 -9999 -9999 -9999 14.3879441974 12.3518856369 12.4819608054 8.36368109414 7.5846373755 7.37688980598 9.04050834302 7.19420487937 6.64457681535 11.7076389096 8.12841216675 3.22871673995 3.05525518869 4.25034090665 3.561559058 3.05390926654 2.18226982639 2.03194100447 2.17888214946 3.17578984973 3.407422459 3.84345457099 2.31680328582 1.9737319643 1.47378023624 1.92854395651 2.13075553099 2.16729651997 2.68403432002 3.46109077619 1.76081332616 0.932866631365 0.230333848345 0.0955633514726 0.117196055617 0.130756959348
-9999 -9999 -9999 -9999 -9999 -9999 -9999 -9999 -9999 -9999 -9999 -9999 -9999 -9999 -9999 -9999 -9999 -9999 -9999 -9999 -9999 11.8367229886 10.5628580499 10.6051076635 10.2929004297 11.4180380797 9.06722897442 8.21275980608 6.15764371937 7.72941308395 4.47277390329 6.90792694067 4.28914241317 2.88050034143 1.64837845962 2.46789784486 2.26150999504 2.36677592022 2.22902668792 2.83217921301 3.22603173696 3.04947585587 2.33325208355 2.15882902831 2.69187542062 2.53352692075 2.39831099166 2.33089954809 1.64045761844 1.59826629481 2.58619864174 1.94104620985 0.424943080837 0.198583038549 0.143771661058 0.10245335772 0.108546030147
-9999 -9999 -9999 -9999 -9999 -9999 -9999 -9999 -9999 -9999 -9999 -9999 -9999 -9999 -9999 -9999 -9999 -9999 -9999 -9999 -9999 -9999 10.9059127112 12.9561160416 10.6483742836 9.90141230139 8.10091446865 8.19304700727 5.40306678751 5.59921795036 5.80792027487 6.25351123361 3.96918584201 3.52922801574 4.36939495872 3.06118328412 3.26243344613 2.96325383188 2.99793558883 2.93470512488 3.29475405962 2.04133159813 2.37861231614 3.19511559892 1.75592565123 1.54049181547 1.31531795441 1.69106945396 2.25099033166 2.27256785636 1.76002602589 2.17951668444 0.416581900498 0.203486982997 0.112644675156 0.100772265948 0.110631020479
-9999 -9999 -9999 -9999 -9999 -9999 -9999 -9999 -9999 -9999 -9999 -9999 -9999 -9999 -9999 -9999 -9999 -9999 -9999 -9999 -9999 -9999 11.4608943373 11.023212042 10.0579692111 11.250965977 9.08705351549 6.66976283444 5.94685873608 6.30966943729 5.20118198988 5.42274502471 5.2566213572 4.2338832279 3.15094839698 4.68715599967 3.12646292703 2.84024009476 3.71343511587 3.65951463859 2.36610643107 3.38230166459 2.43080388325 1.88362061717 1.77858350141 2.04529021914 2.60040042981 2.68821117042 1.60828057347 1.49502810195 0.844287178631 1.12571992589 0.172287945448 0.289659286438 0.194838481068 0.180837141144 0.14704016383
-9999 -9999 -9999 -9999 -9999 -9999 -9999 -9999 -9999 -9999 -9999 -9999 -9999 -9999 -9999 -9999 -9999 -9999 -9999 -9999 -9999 -9999 10.7429454981 12.0035856485 11.8748840892 10.7183215579 8.76204878864 8.50525681658 6.52713232032 7.53159192018 5.68470676916 4.76146237069 4.21654255546 4.16509053657 4.78453152036 2.88554039185 3.00166399057 4.41238630486 3.83472886684 3.38010299695 3.66857760061 2.76794968052 2.05015244862 2.63426654081 3.45990974654 3.07624797072 2.83010272402 2.4409810045 1.97980180954 1.9831601644 2.53715943245 2.11509373627 0.339460271741 0.276689163076 0.299435532716 0.320066756504 0.209626936651
-9999 -9999 -9999 -9999 -9999 -9999 -9999 -9999 -9999 -9999 -9999 -9999 -9999 -9999 -9999 -9999 -9999 -9999 -9999 -9999 -9999 -9999 -9999 12.9257092079 12.9760888106 11.0988017533 8.15789445709 8.04871065809 6.35942671193 6.99770424436 5.76933804863 6.51383530879 5.70572429212 6.35523280432 3.92076042113 4.58616915179 5.01193173575 4.06658767696 2.52000494445 2.08753751701 1.84759457075 2.57544556629 3.5649155184 3.7028159451 3.2147619001 2.81206667026 1.58036342079 1.37926027507 1.38926308715 1.50750658988 1.23673731607 1.55889755081 1.62363004599 0.804782624717 0.260646468706 0.287698530268 0.954245972
