data/recharge/transience/oldversion/mHM_recahrge_361.ASC
ncols   80
nrows    72
xllcorner    4374000.0
yllcorner    5656000.0
cellsize      500
NODATA_value  -9999
[rows 0 to 25 of 72, columns 0 to 56 of 80]
-9999 -9999 -9999 -9999 -9999 -9999 -9999 -9999 -9999 -9999 -9999 -9999 20.665838374 21.4442377989 -9999 -9999 -9999 -9999 -9999 -9999 -9999 -9999 -9999 -9999 -9999 -9999 -9999 -9999 -9999 -9999 -9999 -9999 -9999 -9999 -9999 -9999 -9999 -9999 -9999 -9999 -9999 -9999 -9999 -9999 -9999 -9999 -9999 -9999 -9999 -9999 -9999 -9999 -9999 -9999 -9999 -9999 -9999
-9999 -9999 -9999 -9999 -9999 -9999 -9999 -9999 -9999 -9999 -9999 -9999 18.5837068256 17.4879663628 17.4417965026 -9999 17.8292968077 -9999 -9999 -9999 -9999 -9999 -9999 -9999 -9999 -9999 -9999 -9999 -9999 -9999 -9999 -9999 -9999 -9999 -9999 -9999 -9999 -9999 -9999 -9999 -9999 -9999 -9999 -9999 -9999 -9999 -9999 -9999 -9999 -9999 -9999 -9999 -9999 -9999 -9999 -9999 -9999
-9999 -9999 -9999 -9999 -9999 -9999 -9999 -9999 -9999 -9999 18.9500878796 18.1214224932 18.6784430187 17.2773804323 15.9104663364 17.2006729441 18.3549723415 19.806821914 -9999 -9999 -9999 -9999 -9999 -9999 -9999 -9999 -9999 -9999 -9999 -9999 -9999 -9999 -9999 -9999 -9999 -9999 -9999 -9999 -9999 -9999 -9999 -9999 -9999 -9999 -9999 -9999 -9999 -9999 -9999 -9999 -9999 -9999 -9999 -9999 -9999 -9999 -9999
-9999 -9999 -9999 -9999 -9999 -9999 -9999 -9999 -9999 18.4683116057 18.1144093301 17.7256223578 17.1572630804 17.4082922629 16.1684999822 16.6991118728 18.3922148885 18.4048852217 -9999 18.4151671462 -9999 -9999 -9999 -9999 21.3318102925 22.3793888509 -9999 -9999 -9999 -9999 -9999 -9999 -9999 -9999 -9999 -9999 -9999 -9999 -9999 -9999 -9999 -9999 -9999 -9999 -9999 -9999 -9999 -9999 -9999 -9999 -9999 -9999 -9999 -9999 -9999 -9999 -9999
-9999 -9999 -9999 -9999 -9999 -9999 -9999 -9999 19.1226396299 18.5522407576 17.5369864313 17.632472116 16.183605165 16.148276916 15.7162469894 16.1851527106 17.2222644389 17.3227311883 18.2557022159 16.5948211121 16.023890881 16.4151462139 -9999 19.7771276348 20.7306316016 21.8774511779 -9999 -9999 -9999 -9999 -9999 -9999 -9999 -9999 -9999 -9999 -9999 -9999 -9999 -9999 -9999 -9999 -9999 -9999 -9999 -9999 -9999 -9999 -9999 -9999 -9999 -9999 -9999 -9999 -9999 -9999 -9999
-9999 -9999 -9999 -9999 -9999 -9999 20.5494918192 19.306075888 18.3285539005 18.3107092463 17.9656741131 17.6698517677 16.4322839453 16.5359992526 15.9620849641 16.0441401673 16.750907837 16.197321148 16.1674899932 15.9184668851 15.696718395 15.8110696772 18.7448899585 19.4464623156 20.8057795539 21.4786354408 22.1987612706 -9999 -9999 -9999 -9999 -9999 -9999 -9999 -9999 -9999 -9999 -9999 -9999 -9999 -9999 -9999 -9999 -9999 -9999 -9999 -9999 -9999 -9999 -9999 -9999 -9999 -9999 -9999 -9999 -9999 -9999
-9999 -9999 -9999 -9999 -9999 -9999 19.5119803515 18.7945196202 17.6041427724 17.3483367336 16.6305712625 16.8407205506 15.9274015509 15.87817021 15.1323190051 15.0690991214 15.3125809315 12.1286689373 14.7433304469 15.0976014698 15.2782891641 15.8449573096 16.299261232 17.2377762418 19.6385024984 19.297219224 20.5005707026 19.0456575817 19.5200937624 19.6626632501 19.4936752862 20.0448648509 -9999 -9999 -9999 -9999 -9999 -9999 -9999 -9999 -9999 -9999 -9999 -9999 -9999 -9999 -9999 -9999 -9999 -9999 -9999 -9999 -9999 -9999 -9999 -9999 -9999
-9999 -9999 -9999 -9999 -9999 19.8387673735 19.2926085384 18.7243151615 17.8485045551 17.8132439954 16.8334341491 16.3473858356 15.6659375042 15.7506222696 15.4589862805 15.5555926856 12.0513209825 6.44137447005 11.7812250439 15.2476577362 15.4536786075 15.4490544623 15.9167290363 15.9463710385 18.6971589479 19.1972247935 20.8714127639 19.1591905025 18.6737467068 18.8521131142 19.1471660116 19.8071308663 19.7224183006 19.936771038 -9999 -9999 -9999 -9999 -9999 -9999 -9999 -9999 -9999 -9999 -9999 -9999 -9999 -9999 -9999 -9999 -9999 -9999 -9999 -9999 -9999 -9999 -9999
-9999 -9999 -9999 -9999 -9999 20.149433445 18.5510268873 18.7475946766 17.7886576957 17.6853878889 16.7388814736 16.7576344742 11.5294181119 9.52820310521 15.9167894855 15.6614599644 13.1161805975 5.36091764097 9.63896717422 13.0968536095 15.3564387675 15.1364686787 15.8382839416 16.0044836912 16.2903172574 16.1257292217 19.2983419509 18.7040590567 16.8363747887 16.2279783971 15.7754253653 17.1344512239 18.5164233828 18.8336774084 18.9659212594 19.5951905134 -9999 -9999 -9999 -9999 20.0127257026 18.4905111349 -9999 -9999 -9999 -9999 -9999 -9999 -9999 -9999 -9999 -9999 -9999 -9999 -9999 -9999 -9999
-9999 -9999 -9999 -9999 -9999 20.0531036354 19.2207569325 18.5903518625 17.6308833621 18.0987765315 17.2665343694 17.2206276522 15.9382648421 15.6062103031 16.2137703978 16.1494233164 14.9216042038 15.7050361756 15.6350938464 15.4013120479 15.2846866531 14.9347187251 15.5954433431 15.613908498 16.1995111447 16.91160843 18.6800006911 18.9676552021 17.4728698706 15.8168158892 10.9437677445 14.3512939421 18.0254871085 18.8685236148 19.7921589162 18.9460358521 19.2539262328 -9999 -9999 19.6216864355 18.79858723 19.1306848008 18.8930909554 -9999 -9999 -9999 -9999 -9999 -9999 -9999 -9999 -9999 -9999 -9999 -9999 -9999 -9999
-9999 -9999 -9999 -9999 -9999 -9999 20.0067054725 19.3747188624 18.6625492026 19.1778896868 18.1765240994 17.9679031692 17.2476131884 18.233404573 15.8661274777 16.0492563687 15.6598454823 15.9276888867 15.6676507081 15.6239237539 15.4869254087 15.1487696946 15.141369634 15.8084051521 16.0907717918 16.1472756917 17.3002926579 18.1363960552 16.8573480549 16.2879063702 15.1434909273 16.1852777093 17.0049939708 17.4729776144 17.8944255593 17.0541599387 18.8181462946 20.7073332633 18.5065859515 18.2117106464 18.4829658814 18.887443752 19.2392285374 20.4112570379 -9999 -9999 -9999 -9999 21.9165533813 21.5867996389 4.85734411106 -9999 -9999 -9999 -9999 -9999 -9999
-9999 -9999 -9999 -9999 -9999 -9999 -9999 20.6138522006 18.8433894525 18.5221722587 18.2091557656 18.7254509893 17.4961121843 16.8555461213 16.3938147083 16.3332238887 15.6025537522 15.6409763332 15.324146707 15.1165148848 15.1844037245 14.8898769774 15.1227860038 15.748614696 16.3408506506 15.8265974148 17.4684259564 16.0197664487 16.6104064273 16.3081602052 16.3725529845 15.9907278519 16.7692404542 16.4103535361 17.0953665522 17.4720487828 19.2211069732 19.3790750036 18.8697484559 18.4830224444 18.1966599809 19.1999282906 21.493526288 20.8104139291 19.3433740414 19.8374877417 20.7205292877 20.1458687462 19.6527796852 20.6261484292 17.0774014739 14.4404456606 -9999 -9999 -9999 -9999 -9999
-9999 -9999 -9999 -9999 -9999 -9999 -9999 -9999 19.3011104252 19.4047435173 18.8643110729 18.6158890403 17.6699125782 18.275238581 18.2006227855 17.715064147 16.0573638247 16.4734627416 15.8530120787 15.3243464664 15.5956704971 15.5825140659 21.6507259244 26.2042073119 24.9551478739 26.1224663751 19.4376392535 15.3627475169 15.4632857434 15.8137430581 15.9434288725 15.7918199102 15.8911655154 16.4026434148 16.3489342949 16.1585341819 16.5227235344 16.7861111531 17.2713747411 17.9157161019 19.5724803421 20.1261185433 17.7863708758 17.307214064 16.4190282048 15.9086899815 16.9892928341 16.347644919 15.4777203901 18.3272578094 17.6339113638 17.4443425418 15.911615628 -9999 -9999 -9999 -9999
-9999 -9999 -9999 -9999 -9999 -9999 -9999 -9999 19.3701327494 19.5330136945 18.7207914783 18.9272386802 18.2947862186 18.3836515315 17.5017154372 17.0586784806 15.8395952961 16.1127536806 15.4185851255 15.3151781012 15.7781905784 15.6627365802 26.5391011898 28.757988337 26.7503348856 24.2074041714 26.8189240084 19.3638628119 16.8210451997 16.8571199676 16.0945310388 15.9938690738 16.3292753184 16.4661222703 16.1181128456 6.97702977524 16.8837656377 16.7087109067 16.9124064548 16.9736721076 16.8920490555 19.5181180824 17.4667789822 17.3833876195 15.9623389797 15.8908782485 16.9203718582 16.4786609913 16.708165931 17.8862033186 17.3536383279 17.397519234 15.7291979134 15.7425816777 15.2729099277 15.3583997601 -9999
-9999 -9999 -9999 -9999 -9999 -9999 -9999 -9999 -9999 18.6100566536 18.3329816059 19.0245135723 18.6601991709 18.433537612 17.0631154168 17.0188370091 16.7081865539 16.1405729554 16.2166528446 16.3641074404 17.0305636211 16.5748046622 18.4875501243 34.9585243343 29.7059562822 29.2418782675 25.222964913 23.6751663467 21.2584289914 15.4050337676 15.6090162736 15.4964088303 15.5934657927 15.9096561546 15.1798173144 13.242887119 16.3590954233 16.3648103725 16.4544892584 16.2646165592 16.2968332513 16.6691144891 15.4336909053 16.1085593434 13.8673241624 13.2150298654 11.9421245744 12.3499720789 15.9978026656 15.7661568895 15.5775035784 15.5227779689 14.8814815096 15.020181897 15.0164116833 11.5930162905 8.86740767961
-9999 -9999 -9999 -9999 -9999 -9999 -9999 -9999 -9999 -9999 18.1617994519 18.7237809338 18.7909469531 18.657799935 17.0292018124 17.0434853884 18.8392601356 18.3727466882 19.1586172748 19.4402765201 18.3416957301 18.6712409142 17.2379713075 24.3449976805 27.6687729397 30.0815259957 28.0535741102 24.9866897536 21.1036975555 22.9483219795 15.329562729 15.2100463838 15.2338167158 15.4420864238 15.8587914381 15.7731598386 16.1521665323 16.2876691756 16.5062438054 16.5207583898 16.1908254363 16.1994669481 16.9208432638 14.9643805372 15.2185376242 15.8624854352 13.6003715955 12.9685912299 15.9114649828 16.1207483248 16.2147656535 15.7252591763 14.9457782813 14.8879093811 14.6917539142 10.9704824065 8.80920641544
-9999 -9999 -9999 -9999 -9999 -9999 -9999 -9999 -9999 -9999 -9999 9.69359361927 12.2463138298 17.7494911993 16.7759271437 16.93690226 20.5440086768 20.7938802969 18.6139132592 18.0343547531 16.7068976671 17.0435988837 17.7364655256 17.9397324122 20.604073677 26.7291903381 26.2935297573 27.4069425269 25.4531017588 19.2246049701 20.8768231907 16.0145762879 14.7281014516 14.8310470125 15.5774224355 15.5235719834 15.4947528387 15.4402575994 15.8220624925 15.9714503595 15.6833581892 15.5934441105 15.8733981641 16.429413085 12.4271550032 12.2883701628 12.2589437541 12.6491256943 13.4140477048 15.0498668702 14.745393569 14.8384105271 14.1300480947 13.7628109859 12.3710603639 12.2668265869 8.81597624636
-9999 -9999 -9999 -9999 -9999 -9999 -9999 -9999 -9999 -9999 -9999 9.16044607049 12.7680760645 17.2505593678 16.6145176011 17.7577973912 19.6245433299 18.7845747024 16.3904979902 16.3514873728 16.511870922 16.7063273489 16.6343709061 18.3617926883 16.1077247717 16.4388571369 21.2275436268 26.8559832112 22.983870413 24.2861097088 23.2083764078 22.2879220428 19.571190589 20.0382911998 21.3571685306 16.5156306506 15.2974817279 15.593389728 15.5675032661 15.2907585444 14.3338674567 15.4804725452 15.451276357 15.6004663534 16.6735827153 13.51802715 13.947027953 14.5903328071 13.3837949768 12.0179188365 12.3783985236 12.3939657764 10.2813525272 13.7664927622 13.2955163204 12.7907368619 12.2439920536
-9999 -9999 -9999 -9999 -9999 -9999 -9999 -9999 -9999 -9999 -9999 19.0565911065 16.6513331234 16.6425291662 15.9265816898 16.8519237162 17.8830338263 16.894554626 15.4320193966 15.5337699712 15.719817624 15.7580917343 16.2385604013 17.0126601551 15.1114796503 14.984948204 14.979858089 14.8845851008 14.8888251221 18.8100723619 22.4734585337 24.5096352251 24.7454663523 24.5166038952 18.8118432851 13.4000228859 16.1220949532 15.3267860071 16.2890935199 11.5744697574 9.14519598758 15.1622817606 15.1767589686 15.5138474408 16.0550420373 17.4158476794 13.6832147037 13.1304706806 12.1545928237 12.115316749 11.911070297 12.5767507008 12.7044017117 13.4981256698 13.5730510174 11.9345612496 9.62832690114
-9999 -9999 -9999 -9999 -9999 -9999 -9999 -9999 -9999 -9999 -9999 -9999 17.6694575677 16.5604016514 16.1205960467 15.9292289443 16.5216973733 17.9207337227 16.5905467991 15.4712503627 16.033049332 15.7320190418 15.3538569975 15.5553630389 14.9545102553 15.0914697683 15.0944517932 15.1127584798 15.0388598471 14.9931475305 15.021026238 14.9777949012 17.5717795693 21.5947921795 20.9177754497 12.9838490901 17.9932447655 14.7209775146 17.4196966381 15.0137405243 15.4285770909 15.0027925289 15.3957152183 15.6551563263 15.9383543 16.1826218207 15.9023065703 13.196844054 10.984950763 11.5490993176 11.2929549015 10.6436125524 9.79021809233 9.84409426172 8.24045987129 10.6258333175 5.73239322262
-9999 -9999 -9999 -9999 -9999 -9999 -9999 -9999 -9999 -9999 -9999 18.8910049016 18.3763018622 17.3349771987 15.9835313554 9.39119649641 13.1937624685 15.7308920413 15.4767480616 14.854406013 14.8929869809 14.8573164711 14.6726591413 14.8049668049 14.6585438405 14.6505559758 14.5627738349 14.575411892 14.649231188 14.5426575541 14.4149428289 14.4539477132 14.4043496509 14.350029102 14.5364834909 17.5350019023 15.5566413286 11.6600397444 11.3205722083 14.7068545291 14.8340994296 14.6194792127 15.6885196379 16.0830147623 16.3516993322 16.1718044931 16.0592323861 16.2547756358 12.0841867962 12.1616836525 10.0537962186 8.42251378635 7.4897264203 7.5218939367 6.92056840275 7.33577235107 8.13049542373
-9999 -9999 -9999 -9999 -9999 -9999 -9999 -9999 -9999 -9999 -9999 19.2741146858 18.3631198907 17.6051985652 16.2070078071 12.0536021411 14.8054348039 15.4271828685 15.229254405 15.1352614438 12.1856459492 12.6711237988 14.7896142769 14.7783389486 14.6771503814 14.9543964332 9.54233667944 9.97392566172 13.9097486327 14.7337645749 14.6571369101 14.4779706196 14.3397267965 14.3477378366 14.4960238445 16.2705916289 13.0260505964 15.8630684669 12.3078580355 16.1368379601 14.6169566654 14.6556894981 15.6054745003 15.8328370435 16.4572097947 16.4235741894 15.7917981182 16.005662973 15.9154618609 14.8489203884 10.2453571726 10.432764674 9.16198894851 8.91642499771 8.25640537937 7.87021009913 6.23286637404
-9999 -9999 -9999 -9999 -9999 -9999 -9999 -9999 -9999 -9999 -9999 18.6663431821 18.6559513626 17.8344992959 16.7919264202 16.6704912855 15.6993534135 16.3704580202 15.1673941877 15.4460655066 12.64355067 5.50616189807 13.1200667836 16.1405163225 13.4833560747 13.5112086936 14.2554264659 15.0902004393 14.526217034 14.6023928301 14.1194784946 14.5073355337 14.2240769674 14.137898539 13.182497197 12.2469397584 8.48180352637 6.7920036385 10.1393917665 11.297756251 14.4476568794 14.6693079777 15.1678396132 15.0131403334 15.3692571468 15.5269368847 15.1742077205 15.1736051118 14.7158514048 14.6467745847 10.1853776337 7.6417094056 5.9870662484 5.90684476088 5.31442268238 5.81533730244 6.32747702424
-9999 -9999 -9999 -9999 -9999 -9999 -9999 -9999 -9999 -9999 -9999 -9999 19.1998754906 18.2642803062 17.2328193329 16.9011968235 16.7712936357 16.4944470023 15.2724794047 15.0872207431 15.4108956273 15.5558791969 15.6353600038 13.8743593961 13.2345561964 13.1636169757 12.0501802937 12.2732610987 11.6331504853 11.0964845627 9.90697666982 12.9249850812 13.2584696016 13.5041343173 12.9326146407 12.4555726509 9.77250491446 7.7094325345 11.6225304495 14.6114336801 14.519453243 14.4325660863 14.9936997114 15.1121761201 15.5396160769 15.460771841 14.955774406 14.9569742713 14.4929579997 14.6146080732 12.7686227181 7.88230096552 7.68669321778 8.26879491094 5.78745956149 5.93621053492 5.64936433282
-9999 -9999 -9999 -9999 -9999 -9999 -9999 -9999 -9999 -9999 -9999 -9999 20.1824036291 19.1021997637 18.0962850847 20.4946214369 18.8300063683 17.7680292686 16.4268608033 15.8939251622 15.2321546632 15.328142705 16.9890080452 15.0654354037 13.9427196468 14.3027143283 14.0380531017 13.8117441231 12.320181141 13.0844706754 11.561412904 11.923625361 14.2147176099 14.1635284118 16.003577176 11.8537613223 8.82400482931 11.797166738 14.4796527794 13.1971224675 13.073928062 13.0378921413 12.7061041338 12.6968054607 12.9469438564 12.8208913608 12.4252239075 12.3490585645 11.2977518486 11.7444588625 10.6342567731 10.0581186661 8.70380726795 4.61474165903 3.40070909574 4.16308595743 3.26976357346
-9999 -9999 -9999 -9999 -9999 -9999 -9999 -9999 -9999 -9999 -9999 -9999 20.0035241633 19.5286659674 18.2184223256 19.9321846314 17.6173603639 16.7316942297 16.3836482097 17.0289294704 15.3931095064 15.0125981413 14.9469043462 12.1513774812 12.6424872714 14.3872994403 13.9044833925 13.9012741834 12.446712396 11.9692323847 10.6730157433 10.3455927509 12.155156236 14.8103730438 10.7560738588 15.2798880729 15.0780578753 12.2391173722 10.3918312922 7.9877294519 7.03334266087 8.13953362043 11.4907288982 12.7410873153 12.7653556049 12.811471399 12.8362031638 12.836539335 11.9453041605 12.2179042933 11.0134929143 8.32856289165 4.4489520161 3.69460547253 3.51249830395 3.7069254379 3.51768024754
