data/recharge/transience/oldversion/mHM_recahrge_189.ASC
ncols   80
nrows    72
xllcorner    4374000.0
yllcorner    5656000.0
cellsize      500
NODATA_value  -9999
[rows 0 to 25 of 72, columns 0 to 56 of 80]
-9999 -9999 -9999 -9999 -9999 -9999 -9999 -9999 -9999 -9999 -9999 -9999 35.8051837208 37.2441439626 -9999 -9999 -9999 -9999 -9999 -9999 -9999 -9999 -9999 -9999 -9999 -9999 -9999 -9999 -9999 -9999 -9999 -9999 -9999 -9999 -9999 -9999 -9999 -9999 -9999 -9999 -9999 -9999 -9999 -9999 -9999 -9999 -9999 -9999 -9999 -9999 -9999 -9999 -9999 -9999 -9999 -9999 -9999
-9999 -9999 -9999 -9999 -9999 -9999 -9999 -9999 -9999 -9999 -9999 -9999 32.0410793671 29.7443007758 28.259242566 -9999 28.879724954 -9999 -9999 -9999 -9999 -9999 -9999 -9999 -9999 -9999 -9999 -9999 -9999 -9999 -9999 -9999 -9999 -9999 -9999 -9999 -9999 -9999 -9999 -9999 -9999 -9999 -9999 -9999 -9999 -9999 -9999 -9999 -9999 -9999 -9999 -9999 -9999 -9999 -9999 -9999 -9999
-9999 -9999 -9999 -9999 -9999 -9999 -9999 -9999 -9999 -9999 29.7525776306 29.2083679686 30.5379150731 30.075229612 26.3692135882 25.207153019 22.7125915788 22.8352526486 -9999 -9999 -9999 -9999 -9999 -9999 -9999 -9999 -9999 -9999 -9999 -9999 -9999 -9999 -9999 -9999 -9999 -9999 -9999 -9999 -9999 -9999 -9999 -9999 -9999 -9999 -9999 -9999 -9999 -9999 -9999 -9999 -9999 -9999 -9999 -9999 -9999 -9999 -9999
-9999 -9999 -9999 -9999 -9999 -9999 -9999 -9999 -9999 29.5976249155 29.3356115153 29.029073945 28.1583288671 28.810891022 27.1016082225 26.5447709628 24.19584281 27.8526035009 -9999 28.0485509092 -9999 -9999 -9999 -9999 23.7983645953 25.0116452149 -9999 -9999 -9999 -9999 -9999 -9999 -9999 -9999 -9999 -9999 -9999 -9999 -9999 -9999 -9999 -9999 -9999 -9999 -9999 -9999 -9999 -9999 -9999 -9999 -9999 -9999 -9999 -9999 -9999 -9999 -9999
-9999 -9999 -9999 -9999 -9999 -9999 -9999 -9999 33.3007547767 31.5065065489 28.5079230494 28.2283853525 26.9651962497 26.174399014 25.518682912 25.1044488579 22.6509104709 22.427635936 21.51408486 24.3191282649 23.5666870615 24.3042094807 -9999 21.8880848259 25.3907099486 25.4524130122 -9999 -9999 -9999 -9999 -9999 -9999 -9999 -9999 -9999 -9999 -9999 -9999 -9999 -9999 -9999 -9999 -9999 -9999 -9999 -9999 -9999 -9999 -9999 -9999 -9999 -9999 -9999 -9999 -9999 -9999 -9999
-9999 -9999 -9999 -9999 -9999 -9999 32.6293888985 30.3871470452 29.6133872888 30.1602142741 30.2255109351 30.2789775264 28.187943971 27.6397062834 25.411768889 26.256963009 23.4699159833 22.667128326 23.8394036804 24.0977321606 23.1915341923 23.8867444141 22.2874815341 22.0419116636 23.6358545759 23.1024208398 23.9123308506 -9999 -9999 -9999 -9999 -9999 -9999 -9999 -9999 -9999 -9999 -9999 -9999 -9999 -9999 -9999 -9999 -9999 -9999 -9999 -9999 -9999 -9999 -9999 -9999 -9999 -9999 -9999 -9999 -9999 -9999
-9999 -9999 -9999 -9999 -9999 -9999 32.5064485919 31.2959825719 28.2856451582 27.7972732637 26.6706923212 27.2523986191 25.9658515661 25.2000849478 23.5523163819 22.4537572574 21.1284191888 20.3021700154 21.1140442631 19.9224828771 20.4326841186 22.7712702996 21.6681249242 21.0717826838 20.2253774506 19.1444176724 23.4154514311 24.6591974596 24.6326119035 23.8846475089 25.6890046097 25.6108946296 -9999 -9999 -9999 -9999 -9999 -9999 -9999 -9999 -9999 -9999 -9999 -9999 -9999 -9999 -9999 -9999 -9999 -9999 -9999 -9999 -9999 -9999 -9999 -9999 -9999
-9999 -9999 -9999 -9999 -9999 34.3698819158 32.7715797141 32.3870760298 30.8410128874 31.4100628768 30.0615456494 28.6004617252 25.2431705704 25.7514791933 24.7701864929 24.9366292447 20.9894853687 11.9911106404 19.4109185464 20.1087329139 20.5194050185 19.922093863 20.7490504502 21.2927318169 20.9307120019 21.5929044928 22.7329751949 22.9142608643 24.0660410843 23.763697636 22.6086511282 23.51299685 21.1597555905 20.5071097007 -9999 -9999 -9999 -9999 -9999 -9999 -9999 -9999 -9999 -9999 -9999 -9999 -9999 -9999 -9999 -9999 -9999 -9999 -9999 -9999 -9999 -9999 -9999
-9999 -9999 -9999 -9999 -9999 34.4535392049 32.5730441096 32.7659573843 30.972356403 30.1361711111 29.0892856075 29.7482332023 22.5106684819 19.0410780127 27.1782515602 27.8585061254 22.6790996733 10.6874359107 17.7952859655 20.0120147428 18.9122573173 19.6543901672 21.6954902322 21.0262495688 19.8818152115 18.1629730851 18.6482152327 17.3874268685 19.7579378347 19.8575757412 18.9772392427 19.0620597161 19.7323206753 18.9973318779 19.1382656322 18.5643127746 -9999 -9999 -9999 -9999 18.3730107472 18.150327596 -9999 -9999 -9999 -9999 -9999 -9999 -9999 -9999 -9999 -9999 -9999 -9999 -9999 -9999 -9999
-9999 -9999 -9999 -9999 -9999 33.8347425327 32.5565570812 32.3029503413 31.2836116756 32.088702876 30.8321282753 30.3045154504 27.7856638409 29.1106515312 28.3101850805 26.3925760003 23.47491432 25.6243666139 23.2956105374 24.3389338232 21.1974434702 19.1980004213 18.6958663002 18.0513378281 19.5926908916 18.4323536182 18.0152466909 16.2688838578 20.3070463024 19.5659021788 16.5087771006 19.3560462488 19.5138495624 18.9283960806 17.7274050773 19.2157513338 18.780638029 -9999 -9999 19.1931795103 19.8816999976 19.2895717225 20.4630566649 -9999 -9999 -9999 -9999 -9999 -9999 -9999 -9999 -9999 -9999 -9999 -9999 -9999 -9999
-9999 -9999 -9999 -9999 -9999 -9999 34.3296644765 34.2886120761 32.4853915245 32.4773014933 30.2076446959 31.0008501411 30.6749000182 30.671689882 25.7839084385 24.8762891607 24.1515956957 23.8244460309 20.938614867 20.8784681334 20.2629713837 20.939916615 19.3546983624 20.5629691191 18.6897234738 17.0878288888 13.941762123 14.7126977688 15.5229342547 16.0823121408 15.9201505206 16.7874516024 15.6926530726 15.2699012733 15.6290628946 16.9984544137 16.7533206419 14.544540348 17.7565263139 17.3196503318 16.9458381037 19.4153294008 15.7105898362 13.2684146435 -9999 -9999 -9999 -9999 17.6788130872 16.1176697535 7.20799472254 -9999 -9999 -9999 -9999 -9999 -9999
-9999 -9999 -9999 -9999 -9999 -9999 -9999 34.5250048764 31.9455903796 32.6317703842 32.0397085802 31.5332361927 28.6889963546 27.2128871685 26.1214453169 28.2742584174 26.4171419449 26.0459963485 24.707273322 22.8297104337 19.3008605066 19.3917971047 18.5292770863 18.7007430866 17.4584388979 16.0152046763 14.2457376823 16.0018602172 16.1590272454 15.5892026319 15.8098425751 15.7158160432 15.9761920795 15.5540172381 17.35905924 17.2493642978 16.5123408292 16.5776009232 17.4471327384 17.4088321328 15.6708589706 14.7209151266 12.3498472228 12.9764401664 11.7561306477 13.1315320474 13.8524148255 12.096619902 11.8011739728 12.2645847872 13.4395288481 13.1452743115 -9999 -9999 -9999 -9999 -9999
-9999 -9999 -9999 -9999 -9999 -9999 -9999 -9999 31.3882064389 31.0318059282 31.3027418675 32.0191847977 30.0326018463 31.2282567365 29.5251581071 28.5433332406 24.5029464305 24.6295470796 21.0564365577 22.731555133 24.6318747903 24.168070793 18.8629752352 19.4231446292 18.5335814265 18.0938381856 12.0257292027 14.4647644723 12.7066558764 11.140463781 11.7023558225 12.1874227554 12.7008673031 11.828988482 13.5964893748 14.1629658434 15.0085835717 15.5940554906 14.8037375099 14.4551518665 13.1856356199 11.4776625767 10.8780623841 9.98532890517 9.70447154423 8.86559724047 10.0497600473 8.93627013153 8.38405946478 9.07665694229 9.64845971927 10.4828729126 9.43297964863 -9999 -9999 -9999 -9999
-9999 -9999 -9999 -9999 -9999 -9999 -9999 -9999 33.1360238143 32.2710684922 30.4382117344 30.6192880335 29.1236687889 29.0772720143 26.6596040585 26.2878026507 24.1432665935 24.9021754735 22.7535127213 23.62375028 24.0012597564 23.9295070467 22.7762747693 25.9669819087 21.8315333173 17.467643626 18.5221173989 14.2383319809 12.8079925218 10.6595821805 10.9880499393 11.6888399337 11.2072626143 11.5697590334 13.8741665782 10.5498806666 16.1027270821 15.1255868382 14.7698634225 14.5390483436 14.140127403 11.224435262 10.1661661065 10.1327222249 8.90008838757 8.79776092516 9.92843066181 9.16796458609 8.59349246803 10.3902044123 9.98435722753 10.0362933304 10.1830788443 11.3627563263 9.8290903939 10.4355623102 -9999
-9999 -9999 -9999 -9999 -9999 -9999 -9999 -9999 -9999 32.9928771588 31.679496666 29.9742645702 29.2635310155 29.583281036 27.6006627218 27.7548228045 28.0517285433 28.3834294006 27.971795248 28.168628342 26.5331481023 24.0202957962 22.0027870825 32.6885309321 26.2159570918 23.8016591205 17.7474185869 15.1712287858 7.82746864388 11.473655062 10.4482029086 10.7356123412 10.2046398586 8.80708724037 11.0178380091 12.7497550147 13.4015350898 12.7409642051 12.1777783422 12.2971562878 11.8718453172 11.4096706566 7.43953526951 10.1695603925 7.70639735046 6.68283270099 5.98283323293 5.93271209497 6.92990100147 7.14523299031 7.3512136924 7.07371881221 8.19249591006 9.31357012354 9.72712916324 6.77267425555 5.52822393271
-9999 -9999 -9999 -9999 -9999 -9999 -9999 -9999 -9999 -9999 30.5737068263 30.7766374435 28.9362199936 29.1893156028 26.6905726129 25.7739677312 25.885286236 28.9874455655 26.2776004477 23.7325955512 21.6520794379 20.8795673892 17.6596522766 20.2585136272 20.9904556582 24.0687576218 20.2536008931 17.6966126758 13.2080362511 9.34191626226 11.2046852022 11.2571239569 12.0526175562 10.2238708173 12.6618655537 12.2430261447 13.104015294 12.7498923437 12.2683387762 12.3358320395 12.4062896158 12.1178111166 9.5755860655 8.91611746217 10.9953679532 11.1278503694 8.8169061969 6.51601190441 8.09533576976 7.99158588071 8.48823560615 8.14812353662 7.41095704981 8.98684002168 8.4768954695 6.62708451775 5.45349824192
-9999 -9999 -9999 -9999 -9999 -9999 -9999 -9999 -9999 -9999 -9999 17.9989725065 21.9059349742 27.8126333494 26.0904530312 25.3107944806 25.0540311297 24.8492016393 20.376391072 21.7872803159 22.166025393 21.573979919 16.3987224441 14.1282485811 11.4024360621 12.4006065352 15.6968811756 20.0699648371 19.3150555808 14.0982239462 10.9169576801 9.1511777285 9.78446273108 9.92714664694 10.1488830867 9.04354274203 10.8061985186 10.7316524759 11.1208160537 11.1166623782 11.2169659371 10.1688234955 10.3517446109 8.01517140716 6.86428681775 6.0584286403 7.33312807765 8.41386745731 7.22014759342 7.4736054371 6.57921870372 7.87856130977 8.01547456806 7.67992753949 6.6996331285 6.69986225127 4.88537464874
-9999 -9999 -9999 -9999 -9999 -9999 -9999 -9999 -9999 -9999 -9999 16.7927592599 23.67990357 26.5100735715 26.2064575745 25.4797848595 22.5716689054 21.5905743816 22.2548310607 22.4377340132 21.029104462 22.9412573632 17.0049766851 15.5587036897 14.6285972412 15.7337655493 11.8144134332 15.3326073096 14.2893397158 17.2634126609 17.4613277211 15.6705499294 9.21488644254 10.128823443 7.08386399665 8.72702439806 10.7607991364 10.9427336253 10.8403929274 10.8757343675 11.5568463416 11.6091388601 9.59012625888 9.8515924319 8.47721264335 7.96680847484 10.5908352135 12.4249294024 11.383939603 7.84107268087 9.33329433708 8.98406988951 6.34696520351 8.37353785924 8.27627532418 7.41436091173 6.87031782241
-9999 -9999 -9999 -9999 -9999 -9999 -9999 -9999 -9999 -9999 -9999 31.7279845732 29.0488885383 28.3425469579 23.9657283718 24.2582474358 20.8091482388 18.4285846789 18.3034431939 18.9961158351 18.2928059577 18.6374689253 14.4902095741 12.7810394475 11.6850165056 12.0014012382 10.8398180971 10.6156707037 10.3306261944 8.64677305618 9.28463508643 14.8203266012 17.7498805165 17.7595526783 12.196195612 8.34035945463 10.3336976198 7.42843556732 8.23211287992 8.74173845349 9.83422784207 10.0588504339 10.8452849475 12.0211445908 13.0799073985 13.6837974566 9.75983830833 8.67395154504 8.59195372044 8.58800034749 7.58095386238 8.67538130896 9.40831243798 10.7418735345 9.26062067697 8.25110766755 6.10465176775
-9999 -9999 -9999 -9999 -9999 -9999 -9999 -9999 -9999 -9999 -9999 -9999 26.7681456732 27.7874756695 25.9685356784 24.4671323062 21.255344992 19.9101134098 17.4567571018 19.6499189413 18.7865384809 17.8948765766 15.9289028833 15.4315536961 12.6279622564 12.8954450624 11.0370872 11.4042856526 10.3568899978 9.88467158621 9.72126295367 10.1738797122 8.10876274865 8.02581427407 13.3336185386 7.91706092302 11.6474746412 9.17643270484 7.8461384171 9.8114596347 10.74610212 9.92054912814 12.9010930521 14.4556634002 15.120993552 14.8305180533 10.1898663391 8.80535466838 6.68362552857 7.51432115798 6.85430138891 5.73154259609 4.89683857961 5.01287441726 4.80390340771 7.39231388643 4.53329685042
-9999 -9999 -9999 -9999 -9999 -9999 -9999 -9999 -9999 -9999 -9999 30.030855181 29.0467591448 29.5332236903 28.3852639076 18.5708629334 22.2163378706 21.5508621704 17.1769196691 18.8470718189 15.3536915029 15.1172145311 12.8364746747 13.1467442821 12.020604551 11.8364249062 9.67705032836 9.35972212126 8.91684300008 8.60587999462 8.04332763614 8.36828562641 7.89459394475 7.8011757707 8.3726900688 9.69547701443 10.8106745333 7.2795071402 6.86615713913 7.33685349413 9.22567443584 8.44906420382 13.4942039501 15.2531344294 17.9501895083 17.8633633289 14.5623781597 12.1306809519 8.89390165874 9.06866055534 6.33082380863 3.93093246291 3.43984795895 3.47933098971 3.20975843924 3.69303651544 5.91827864835
-9999 -9999 -9999 -9999 -9999 -9999 -9999 -9999 -9999 -9999 -9999 30.7887451875 31.6081183696 30.8270825579 26.6237971831 22.731341968 23.7907921892 23.2202341483 18.8369495268 19.0780257503 18.145343616 15.9729159608 13.5184454551 13.9527924092 12.5938835803 12.5297613245 10.2436892111 10.9747127517 9.94709835915 12.0812338517 10.8820221817 8.55195491721 7.74767985518 7.80790877734 8.14740796982 5.44980357492 8.22774436327 10.3786119998 7.47398417836 6.31553733469 8.12539560188 8.42129422953 11.5601084415 12.0894037389 12.5622067121 11.8937154495 12.5028303019 12.7063061585 10.1703393021 9.66008369156 5.94446357812 6.49801901487 5.49259803508 5.13227289972 4.79418987462 4.30815520812 3.12260747554
-9999 -9999 -9999 -9999 -9999 -9999 -9999 -9999 -9999 -9999 -9999 32.4247570215 32.1232195187 30.5202579642 29.432158554 29.1197791527 24.032622389 24.6341745114 22.0090861666 22.1901274658 16.693507708 10.5153429899 19.4794651807 16.0912197148 11.7170019021 11.6947006498 11.3756803629 10.5507296023 8.31490246318 7.77381486828 7.73087417518 10.9463348571 10.8652160493 10.1511657414 8.10655629803 4.64418383213 5.69932120325 4.47097778639 7.00901767686 4.22991354162 8.96476546661 9.38268584989 8.3616782074 7.2149553786 7.69383112495 7.63608541384 9.35998650406 9.51131963326 8.56298511731 8.18133475265 5.07562783058 3.89108584675 3.1155990204 2.9961492271 2.84060583363 3.28644902138 4.2168901581
-9999 -9999 -9999 -9999 -9999 -9999 -9999 -9999 -9999 -9999 -9999 -9999 32.7135201088 31.683958405 28.9697090087 28.6489088924 25.7362333218 25.5233600961 21.0064801214 22.4610504634 19.5208253602 21.2335821922 13.4042968397 11.8372826956 10.8122028128 10.6135490776 8.16120009638 8.70734420376 7.45226805713 6.42621071664 5.24683700933 6.3382945517 7.07769799823 7.64112860601 7.4413469688 7.43648529123 6.60103509298 5.14668207987 8.39313094776 7.02961077604 8.84519241798 8.25104911617 9.02917261076 6.97382560779 7.46553851808 7.5405403539 8.28228443881 8.87959533269 7.77771159312 8.08813729912 6.8605757242 5.5056468898 5.1737480964 4.9482385295 3.6775518919 3.62945858277 3.33331814434
-9999 -9999 -9999 -9999 -9999 -9999 -9999 -9999 -9999 -9999 -9999 -9999 34.3362826664 32.3117087617 30.3958296263 29.8653437819 25.3406625317 26.6194146733 23.3698079082 22.3207544259 20.0955659822 19.1268400837 14.8920903315 16.7158784885 12.727776883 14.0573050214 13.7987849537 12.7427234268 9.83912638505 12.3543425461 9.48702253931 10.0663543515 11.4865689206 11.8140085779 7.53525106427 8.13384747595 6.44151202387 8.6872979539 11.1063321251 8.04549464634 8.52691629331 7.52374982095 6.83472469342 6.71124311994 6.49781846341 6.37596815676 6.12405477365 6.39529797464 5.72786065717 6.33935452532 5.84867977228 5.1135824791 4.34951811518 2.69186750009 2.36032729023 3.27865035693 1.88706710716
-9999 -9999 -9999 -9999 -9999 -9999 -9999 -9999 -9999 -9999 -9999 -9999 33.46731653 32.6674227177 30.1582895867 30.5561846238 25.5220422812 25.7667296866 22.5535427846 23.989844994 20.695616823 19.9038489613 16.5275950174 13.4873267421 14.9827685476 16.8454427063 12.9530227869 13.219531609 10.2811646161 8.89023870433 7.36617047596 6.75970339248 6.44942125837 6.45251098954 7.14151238386 9.01592787868 9.58729957149 9.09522429467 7.24966551641 5.74893051597 4.9415145173 3.81399349851 5.26208926068 6.92780041508 6.7148010882 6.88031277178 6.94721568307 6.90134019459 6.69711158246 7.23718769581 6.63526961426 4.59102558838 3.25613141307 2.47742105295 2.53739649905 2.77786633683 2.71572622662
