data/recharge/transience/oldversion/mHM_recahrge_366.ASC
ncols   80
nrows    72
xllcorner    4374000.0
yllcorner    5656000.0
cellsize      500
NODATA_value  -9999
[rows 0 to 24 of 72, columns 0 to 56 of 80]
-9999 -9999 -9999 -9999 -9999 -9999 -9999 -9999 -9999 -9999 -9999 -9999 18.2494992261 18.9401173191 -9999 -9999 -9999 -9999 -9999 -9999 -9999 -9999 -9999 -9999 -9999 -9999 -9999 -9999 -9999 -9999 -9999 -9999 -9999 -9999 -9999 -9999 -9999 -9999 -9999 -9999 -9999 -9999 -9999 -9999 -9999 -9999 -9999 -9999 -9999 -9999 -9999 -9999 -9999 -9999 -9999 -9999 -9999
-9999 -9999 -9999 -9999 -9999 -9999 -9999 -9999 -9999 -9999 -9999 -9999 19.592065586 17.1814363031 15.846241245 -9999 16.407325164 -9999 -9999 -9999 -9999 -9999 -9999 -9999 -9999 -9999 -9999 -9999 -9999 -9999 -9999 -9999 -9999 -9999 -9999 -9999 -9999 -9999 -9999 -9999 -9999 -9999 -9999 -9999 -9999 -9999 -9999 -9999 -9999 -9999 -9999 -9999 -9999 -9999 -9999 -9999 -9999
-9999 -9999 -9999 -9999 -9999 -9999 -9999 -9999 -9999 -9999 16.8681699949 16.7953474178 17.9314067846 18.1511494666 15.287508255 13.7389616855 11.9698319604 12.1251371831 -9999 -9999 -9999 -9999 -9999 -9999 -9999 -9999 -9999 -9999 -9999 -9999 -9999 -9999 -9999 -9999 -9999 -9999 -9999 -9999 -9999 -9999 -9999 -9999 -9999 -9999 -9999 -9999 -9999 -9999 -9999 -9999 -9999 -9999 -9999 -9999 -9999 -9999 -9999
-9999 -9999 -9999 -9999 -9999 -9999 -9999 -9999 -9999 16.8690912409 16.8458950297 16.6500275445 16.2986060415 16.8535022206 15.7898889928 15.1803175177 13.3603666816 15.6421877469 -9999 16.745963758 -9999 -9999 -9999 -9999 14.1551856997 14.4894563732 -9999 -9999 -9999 -9999 -9999 -9999 -9999 -9999 -9999 -9999 -9999 -9999 -9999 -9999 -9999 -9999 -9999 -9999 -9999 -9999 -9999 -9999 -9999 -9999 -9999 -9999 -9999 -9999 -9999 -9999 -9999
-9999 -9999 -9999 -9999 -9999 -9999 -9999 -9999 19.964366083 18.3452122349 16.1270901437 15.6595176127 14.9649474064 14.0148650556 14.0027669714 13.4040049621 12.1955009767 11.6576403883 11.4737966662 13.2235866106 13.1531751741 13.8347294985 -9999 12.3886184039 15.0557788929 14.7052507034 -9999 -9999 -9999 -9999 -9999 -9999 -9999 -9999 -9999 -9999 -9999 -9999 -9999 -9999 -9999 -9999 -9999 -9999 -9999 -9999 -9999 -9999 -9999 -9999 -9999 -9999 -9999 -9999 -9999 -9999 -9999
-9999 -9999 -9999 -9999 -9999 -9999 18.7446986735 17.118247985 16.6906894808 17.2037302378 17.5764339853 17.7538979662 16.258779652 15.59191251 13.7998342438 14.7333256285 12.9686132463 12.2989425846 13.0053247677 13.0701481611 12.8069288013 13.4834436545 13.0523726008 12.4781259288 13.239838998 12.8784282939 13.5416022993 -9999 -9999 -9999 -9999 -9999 -9999 -9999 -9999 -9999 -9999 -9999 -9999 -9999 -9999 -9999 -9999 -9999 -9999 -9999 -9999 -9999 -9999 -9999 -9999 -9999 -9999 -9999 -9999 -9999 -9999
-9999 -9999 -9999 -9999 -9999 -9999 18.434978177 17.4315576961 15.1427821032 14.6979406683 13.8048991005 14.1362759027 13.6309247174 13.1147889153 12.2091415793 11.0000798383 10.9752078577 9.93815162002 11.3011496133 10.3149239883 11.0590135327 12.6743492853 12.0485531444 12.0997880524 11.4523692989 10.7778468459 13.0218925931 14.1479598059 14.0720121461 13.4088263113 15.264426286 15.1399394462 -9999 -9999 -9999 -9999 -9999 -9999 -9999 -9999 -9999 -9999 -9999 -9999 -9999 -9999 -9999 -9999 -9999 -9999 -9999 -9999 -9999 -9999 -9999 -9999 -9999
-9999 -9999 -9999 -9999 -9999 20.62692521 18.8832507526 18.7524624531 17.6383164454 18.2800888792 17.3519569281 16.1335162373 13.2966631776 13.9973266705 13.2974202399 13.3548769049 10.2399481532 6.12086865141 10.672111693 10.5202657258 11.1200155255 10.7176193561 11.4320320233 11.7939650067 12.0537134916 12.5564716793 12.6453380076 12.6386489848 13.5817842042 13.3114335875 12.7226933651 13.3217559807 11.919250667 11.5077657045 -9999 -9999 -9999 -9999 -9999 -9999 -9999 -9999 -9999 -9999 -9999 -9999 -9999 -9999 -9999 -9999 -9999 -9999 -9999 -9999 -9999 -9999 -9999
-9999 -9999 -9999 -9999 -9999 20.1246758387 18.8123851027 18.9042219522 17.2746677482 16.382238912 15.8264698879 16.5644751735 11.0600403674 9.16353791802 15.1539159775 16.2784379387 11.7047781183 4.72855251163 8.20095571982 9.56065247761 10.4403770332 10.8479451657 12.2496549835 11.8112406026 11.2795566216 10.2227299644 10.6906056878 9.93272332169 11.2677429089 11.265143246 10.6617655727 10.939098098 11.168033017 10.7013266125 10.816576116 10.3306698836 -9999 -9999 -9999 -9999 9.99794171534 9.53585872185 -9999 -9999 -9999 -9999 -9999 -9999 -9999 -9999 -9999 -9999 -9999 -9999 -9999 -9999 -9999
-9999 -9999 -9999 -9999 -9999 19.2138653787 18.1125741132 18.3275387189 17.8089203219 18.5024952518 17.3829887386 16.8546244459 15.3003648208 16.6615178875 16.2060251704 14.3942916145 12.7424195784 14.8433392946 13.0684538335 13.7821994496 12.0678910592 10.4178684185 10.2515856604 9.8173832224 11.0481601355 10.6604106081 10.4366166049 9.35305396001 11.6832880784 10.7061723208 7.32383270968 9.7081027073 11.0214925944 10.7901831911 10.0670855514 10.735359073 10.3462158803 -9999 -9999 10.2720430517 10.6095227179 10.2472924683 10.8751851823 -9999 -9999 -9999 -9999 -9999 -9999 -9999 -9999 -9999 -9999 -9999 -9999 -9999 -9999
-9999 -9999 -9999 -9999 -9999 -9999 19.6316011479 20.4153651367 18.106384502 17.5679003834 15.9205193438 16.9303089183 17.5921773937 18.5893086976 13.3518319293 12.2791832534 12.6812615724 12.3636276133 10.9054605093 10.694831392 11.0563130357 11.4980585835 10.8841099603 11.7020749604 10.7298427415 9.69059078962 8.26251856443 8.91491619614 9.19604724794 9.25092448668 9.15604117804 9.86982332538 9.30493882814 9.11842977607 9.27789880709 9.61386782826 9.33641350641 8.34703609331 9.51363279814 9.2408914235 8.85378573839 10.3732075926 8.20055596159 7.00111173323 -9999 -9999 -9999 -9999 8.72957875874 7.93799834515 2.27229315096 -9999 -9999 -9999 -9999 -9999 -9999
-9999 -9999 -9999 -9999 -9999 -9999 -9999 19.1711649894 17.1057015843 18.5306880455 18.0982115819 17.0445555952 15.5595226785 14.0732682036 13.3908207323 15.5782462884 14.7566668909 14.3646290438 13.8375368965 12.0528662073 10.4093392578 10.4640743183 10.3324561232 10.4606523417 9.90726163375 8.91169128592 8.7570361034 9.41324452958 9.38364575954 9.05072025833 9.34702837525 9.26016910456 9.48538662559 8.99809512745 9.84852491486 9.78217653773 9.63451081449 9.54831984018 9.32701910783 9.29893230574 8.17530619526 7.87990199746 7.3931033204 7.4929791252 6.70734144691 7.27066685477 7.45930881114 6.70073528377 6.40163855484 6.59431143578 6.2108478681 5.19522048518 -9999 -9999 -9999 -9999 -9999
-9999 -9999 -9999 -9999 -9999 -9999 -9999 -9999 15.7347908941 15.0571940558 16.3338662183 17.413662558 16.274644419 17.1650269487 16.147819696 15.1949850474 12.3409797493 12.4109774214 10.6492401692 11.7547675882 14.0208982631 13.5767874694 13.6400906742 14.8871120718 14.4786640311 14.4869941143 9.68690535741 8.47745525018 7.56866637874 6.59024909799 7.30316290634 7.62851492605 7.72909121037 7.27577540154 7.94860947562 8.23618673038 8.32604930394 8.69014469737 7.86855736615 7.78404169246 7.48391947444 7.23913067704 6.39624959263 5.99277444606 5.69162021932 5.30717283936 5.66891423668 5.17481957218 4.77566468577 5.00748195262 4.5358779408 4.89355192668 4.10965051016 -9999 -9999 -9999 -9999
-9999 -9999 -9999 -9999 -9999 -9999 -9999 -9999 18.0007841428 16.5571771714 15.4533062879 15.5432175374 14.9845825784 14.8991322776 13.2404329923 12.9675734525 12.1957283033 12.8623072665 11.7716560902 12.5477960695 13.4721617597 13.3345010726 16.355517937 19.2334173154 16.9504930812 13.7531872082 14.9971980508 11.1720725236 7.97588305731 6.70348133203 6.59661150511 7.17352026929 6.68432329925 7.04886338105 7.9276410981 3.80652740707 9.02370787848 8.38258040721 7.84281640235 7.6925896673 7.2651718916 7.05623221772 6.0874588725 6.05814186192 5.32975033442 5.28112452817 5.61488584617 5.27658181992 4.98465688627 5.0248119305 4.71592996401 4.74436791935 4.59718194559 5.13055103214 4.08767422505 4.4793549443 -9999
-9999 -9999 -9999 -9999 -9999 -9999 -9999 -9999 -9999 18.6977122891 17.0645258125 14.6723010791 14.8134624698 15.3219986945 14.4113641443 14.5818479723 15.5599422559 16.0970544849 16.0916974834 16.1274547632 15.2207045532 12.7556855407 13.9030433416 23.4912968976 20.1518462793 17.6550143958 13.7455831477 12.7883225889 8.18629726426 7.01103573522 6.6110057224 6.87194462532 6.45962284587 5.59187885659 6.47125828005 6.6649693812 7.47195043199 7.0103786479 6.34937114611 6.42838863638 5.9127367245 6.05783238815 5.10223872967 6.33957753791 4.88995430956 4.18599628172 3.66108789692 3.66472538655 3.52106318143 3.35321211749 3.37367396406 3.22000243453 3.45460925238 3.81575037832 4.05788159585 3.66190093138 2.89491566835
-9999 -9999 -9999 -9999 -9999 -9999 -9999 -9999 -9999 -9999 15.8096241435 15.9138081584 14.4914281969 15.0168784436 13.5812986336 12.766275151 12.5516529044 14.9279063433 13.3537415209 11.761033864 11.1437526596 10.8159915248 9.51559234324 13.850219344 16.0510609566 17.3952572439 15.2354914524 13.9089656683 11.256105924 9.70378985087 6.68254545299 6.720784987 7.2321463279 6.35310017202 7.55836646934 7.07629172604 7.26268005334 7.01573892112 6.41131065536 6.45716370054 6.26811368183 6.24980605208 5.59515703968 6.05373649261 6.7718763681 6.24858983741 5.43512229899 4.15873348552 3.97882773181 3.86284713 4.02010179383 3.82593463521 3.18860582318 3.80864942001 3.27987105839 3.64773152319 2.8464376096
-9999 -9999 -9999 -9999 -9999 -9999 -9999 -9999 -9999 -9999 -9999 8.42873972938 9.61723424672 13.7756107463 13.0621171187 11.9649541226 12.1994550948 12.06456244 10.4901520955 11.2524661636 11.9763585541 11.8319932592 9.56368191035 7.97299148984 9.21861264965 10.7326608297 12.8423627112 16.5764094835 15.275151011 9.15560851918 8.96709756533 6.89959573133 6.15778891285 6.367094636 6.09020060883 5.4047391366 5.89822824512 5.84375141022 5.78212233865 5.7809370787 5.85896907819 5.35944276801 5.14985159042 4.80762300943 4.39763269237 3.87779869278 4.37802868686 5.20931008515 4.2710797565 3.47928650168 2.93351440716 3.5651409844 3.36787733281 2.9864737022 2.36994705422 2.46559711203 2.24176299538
-9999 -9999 -9999 -9999 -9999 -9999 -9999 -9999 -9999 -9999 -9999 7.15423029522 10.5603234362 12.4271182086 13.1073745771 12.2468557679 10.6797280758 10.1590050547 11.0742642628 11.1889988897 11.0542521037 12.2632308044 9.44289527335 8.80998628214 8.69523597175 9.76665006987 10.6567168487 13.5763361097 12.8317538227 13.2115420977 14.2183872766 13.2853684871 8.68411106344 9.58076008577 7.65432914397 5.84521058571 5.86291283488 5.99765362179 5.58564225495 5.77615813494 6.12557951662 6.37449514671 4.79488888506 4.85844712713 4.65307041687 5.13932412656 6.28376344017 7.10901312915 6.48435338895 4.7497719076 4.97948318624 4.81244625954 3.46610787129 3.73703291331 3.29552407363 2.79273789911 2.44427568829
-9999 -9999 -9999 -9999 -9999 -9999 -9999 -9999 -9999 -9999 -9999 16.5321946369 15.209772242 14.4666914319 11.1154958606 11.9055937587 10.1569201716 8.53333042128 8.83815240506 9.50432988913 9.55916127444 9.78191303358 8.66497689659 7.41966400421 7.0256152992 6.8827669884 6.54639338436 6.36898551818 6.68880208532 8.20768929092 9.9745484284 13.5854457752 14.7824321412 14.1869941628 8.98866718371 6.90746116473 7.69473414639 6.35255917512 4.80218757716 3.61576208872 3.05220291949 5.21096234232 5.59694593822 6.33542658529 6.45078797064 7.37819396725 5.69571554365 5.16696058458 4.97899467236 5.0428555021 4.03973305013 4.54060842883 4.73486692534 5.43714886091 4.37825495049 2.98713804232 2.08903192872
-9999 -9999 -9999 -9999 -9999 -9999 -9999 -9999 -9999 -9999 -9999 -9999 12.5383195272 13.8757120899 12.951698433 11.9713416978 10.8828498409 9.82220063331 8.75117164552 9.82388405452 9.88261010951 9.30196665158 8.93579844722 8.95635008584 7.34603222018 7.54568295582 6.70297462551 6.98702001395 6.47795965239 6.10323789548 5.90867890652 6.26121487258 6.37579356793 8.47900355843 9.97602853221 3.80020744587 8.53542125801 6.83259332146 6.63726186726 5.05078089229 5.34142711459 5.30869258354 6.85646985967 7.76656280852 7.82616545483 7.53668447376 5.94985614023 5.23144779051 3.9404756215 4.45129068628 3.88166483891 3.1714235567 2.63707949424 2.67823984383 2.39414835339 2.72124176108 0.939763093471
-9999 -9999 -9999 -9999 -9999 -9999 -9999 -9999 -9999 -9999 -9999 14.8442689905 14.5314155267 15.4420930313 15.421899495 8.55747256786 9.93995000854 10.9488898692 9.06503508681 9.59235876438 7.94983637991 7.78980742139 6.96292019318 7.188573007 7.15536363658 7.0173455116 6.09450512921 5.75480821318 5.78341435297 5.52004661426 4.84894009355 5.11787532285 4.47741367969 4.40062527915 4.58549845754 8.26702088194 7.93207939227 5.34249918967 4.46454101085 4.37125809501 4.56677108342 4.40569572466 6.51361961741 7.76167853738 9.08904453722 9.06142531468 7.13940801402 6.93284941079 5.1232101966 5.15444622284 3.45778176557 2.14347304241 1.7776315186 1.79850807106 1.56984678096 1.81841844237 2.87728525968
-9999 -9999 -9999 -9999 -9999 -9999 -9999 -9999 -9999 -9999 -9999 15.4383468597 17.006628684 16.5905959512 13.5467838754 10.1105191496 12.0568022837 11.5904067413 9.59328452039 9.89528453277 8.59119441354 8.23375336538 7.57579007917 7.76033605106 7.58183170815 7.74120893477 4.65136354037 5.33741667144 6.7514870469 8.28549272193 7.11283506835 5.26916910967 4.35736070796 4.40595773301 4.40978463898 5.91224664626 6.10421132898 7.71239185571 5.03732801405 5.72079645529 4.0140338994 4.67018700283 5.70845364036 5.79775101682 5.94387016221 5.64734149648 6.09424965324 6.35825234505 5.47506016637 5.5784819149 3.22495151955 3.44656733701 2.88186364794 2.67041619016 2.3974845084 2.14753898175 1.44929909314
-9999 -9999 -9999 -9999 -9999 -9999 -9999 -9999 -9999 -9999 -9999 17.6439897379 17.5497690212 16.1473664711 16.0209622418 15.7910794583 11.9316097784 12.4552965285 11.4150262286 11.6465381078 7.7764934028 4.08376393804 9.10851991793 10.3616245921 8.33589239445 8.33547990578 8.65365169174 7.99210178197 6.36150307972 5.44487537474 5.15561330429 6.96229769432 6.69426697864 6.16616237284 4.42644432298 4.71717253578 3.76461312387 2.8229893631 4.64382232521 3.8731185353 4.50807829738 4.70035324025 4.2294469635 3.55147934597 3.47584075028 3.49805670158 4.18628489828 4.29309071163 3.47610985547 3.18207800301 2.6055222529 2.26441104928 1.64034675201 1.5310527705 1.33048040203 1.62901899925 2.06007851847
-9999 -9999 -9999 -9999 -9999 -9999 -9999 -9999 -9999 -9999 -9999 -9999 17.928192773 17.2563555265 15.3666838152 14.773200622 13.1558584444 13.2220529738 11.1772928246 11.8314487861 10.7252002154 11.9211220707 9.03584577585 8.06508131969 7.87166847317 7.76511149955 6.66612826133 6.99232261452 6.32778068359 5.64253903236 4.60331835822 4.7586296446 3.7780022811 4.22392732137 3.90987645063 5.96748283025 4.47892034613 3.45628923694 5.45556557215 5.8867094664 4.25050646571 3.69138563048 4.07698127487 3.49019453394 3.57665195814 3.59823870216 3.55738650886 3.91054966327 3.08975833349 3.0195356829 2.35570333527 1.11578525108 1.17839533375 2.40614582583 1.703641089 1.63707590857 1.39255020396
-9999 -9999 -9999 -9999 -9999 -9999 -9999 -9999 -9999 -9999 -9999 -9999 19.3256458211 17.3862157838 16.0594585148 15.1407198909 12.7919113996 13.6088378869 12.3249936084 11.3074729139 10.9046181272 10.0922379154 9.39425367746 10.3700729921 8.70142048463 9.34667035768 9.53249526709 8.79408368259 7.26467199373 8.58379575039 6.96361687557 7.30493495608 7.38738525761 7.05080762021 6.67891377523 5.84549211777 4.34720676749 5.72956607203 7.18635478773 5.7174163837 4.73570809368 3.20326792408 2.64892873174 2.59886366727 2.55599967426 2.62623291948 2.41899693799 2.54996235588 2.05767939988 2.10794272826 1.83874420353 1.44921668785 1.43123956733 1.15235489717 0.86614088664 1.26919278565 0.655259460827
