data/recharge/transience/oldversion/mHM_recahrge_276.ASC
ncols   80
nrows    72
xllcorner    4374000.0
yllcorner    5656000.0
cellsize      500
NODATA_value  -9999
[rows 26 to 51 of 72, columns 0 to 56 of 80]
-9999 -9999 -9999 -9999 -9999 -9999 -9999 -9999 -9999 -9999 -9999 -9999 -9999 21.2127721419 24.1874557751 24.0813422878 24.9889992249 25.0956160348 22.4031427082 22.1813838335 21.2311649531 21.2060149346 19.8935620377 16.9562985814 21.3652203685 20.7167080454 17.4788497927 15.4639032927 14.7004017936 15.1540400797 13.7951827555 13.7691310205 18.3700945264 11.5291394442 4.19721933995 9.97175675437 15.7732110355 5.50379160539 9.78203323428 8.28759088135 7.65321508831 7.88459179952 6.00483604621 8.74961366629 10.932165126 13.7470051154 15.2457102202 15.0534396478 10.4632573606 6.54185573164 4.49927507266 4.47702976151 4.41556236085 4.63456865434 5.79012156722 3.6584129507 3.47465266429
-9999 -9999 -9999 -9999 -9999 -9999 -9999 -9999 -9999 -9999 -9999 -9999 -9999 -9999 24.7947631688 24.494713507 24.4813209264 24.7378214158 22.3806244409 22.5459289691 21.5179353194 21.4480816161 20.2766938568 20.5002490907 20.3565035524 20.0734983593 20.1249251568 21.301306899 16.3720104781 14.3274437339 14.4978806907 18.9391829475 18.6922375716 16.7862276592 5.15896547765 13.8991342073 15.2382200608 8.9000612924 8.51619470056 7.63833696229 7.67300718039 7.62976027991 7.28430181902 6.41016547793 5.39273227063 5.77385131049 4.99503306498 4.74166882763 4.51743155067 4.91054031218 4.60130158538 4.05023023779 3.72136092615 4.19331378667 5.83267496135 8.45361086946 6.89819536401
-9999 -9999 -9999 -9999 -9999 -9999 -9999 -9999 -9999 -9999 -9999 -9999 -9999 -9999 6.83085151114 16.3143800381 24.4181116401 23.5055821374 24.7635158115 24.7524724286 22.6184922725 22.1393296498 20.9784134194 21.2784190911 20.7466762948 21.1772797363 20.0090925001 19.9670425084 19.6273999862 20.3271089736 15.9680552281 9.09751950947 18.2873471036 21.9490374658 5.53575134624 10.9523290565 13.5799881623 7.35866649705 6.95175885883 7.36313878097 6.8249928694 7.26082119745 6.96607473708 6.8781958096 5.76502306075 5.22278113351 3.81220389746 5.77340295032 6.16283962715 4.0989286716 4.63294149856 4.97028182219 5.03979657919 7.1274370147 10.1295504883 11.104233951 5.74246254648
-9999 -9999 -9999 -9999 -9999 -9999 -9999 -9999 -9999 -9999 -9999 -9999 -9999 -9999 10.8904815676 16.6204684141 24.0642911592 24.4387309511 24.7002776413 24.6806780165 22.5016266189 22.336108362 21.5377922426 21.2808727334 20.6812785183 20.5873843102 20.1474607182 20.0073309773 19.3868841161 19.5242698473 18.8129418438 17.981629681 18.1586105057 20.650066941 16.9028069383 9.31716116106 11.8761439518 6.5983312594 6.09765063575 7.36018082983 6.89918545954 7.35881788301 6.65331359195 6.71204760879 5.09239814494 5.28196211738 4.29963299298 4.97747532858 6.37760046402 6.8043492183 5.17549012016 3.22141737887 3.02021354338 2.42285241685 2.35778647742 3.50257020137 4.66975028563
-9999 -9999 -9999 -9999 -9999 -9999 -9999 -9999 -9999 -9999 -9999 -9999 -9999 -9999 22.5977491261 22.3305593553 24.4000993679 24.4995430143 24.6697244106 24.7120174202 22.7849911255 22.7851580382 21.7771258577 21.8819101867 20.9746084784 20.9949976445 19.6885605675 19.8955305812 19.1638247262 19.0870830902 18.6911102011 18.8004807923 18.3985866443 14.5966256613 9.47891061085 9.50203891929 8.87925213585 14.4972497916 8.10596743417 10.4167666232 4.66014525992 6.0688975898 5.41552766763 5.64626987049 4.81334630679 4.56727402877 5.70947020537 4.95178169715 7.1108662119 8.21384056811 5.19398015082 6.58474985188 4.91452683215 5.98843785893 5.47938062119 4.98384451319 5.26295285951
-9999 -9999 -9999 -9999 -9999 -9999 -9999 -9999 -9999 -9999 -9999 -9999 -9999 -9999 -9999 22.1643948443 24.4700325356 24.4273519694 24.2475541661 24.1105496953 22.7474196334 22.974143167 21.870900787 21.9112068425 21.0788541145 20.8540282956 19.7242709089 19.8161489201 10.6032208394 18.6820179038 18.261566476 18.2518696227 17.4989722392 13.4146358448 9.63504501553 9.65303862269 9.14693522643 9.10820786286 8.80672174541 8.52010188681 7.8024109658 10.460711598 2.25464715981 3.40999318726 4.55489268469 3.2757757913 1.77503712713 1.79521528956 3.00953888917 4.88804299215 4.35700980677 4.12004403956 4.92180554141 6.50763579858 6.05755516289 6.00225963422 5.43544174521
-9999 -9999 -9999 -9999 -9999 -9999 -9999 -9999 -9999 -9999 -9999 -9999 -9999 -9999 -9999 -9999 24.5742255556 24.210902663 24.2630162523 24.8088832244 24.3842288806 24.5354415349 21.5364053597 21.7790462339 21.5889262507 21.4056291856 19.8448195187 17.8722067799 10.1942675177 16.20902039 18.3329225371 12.30437456 8.52466739794 5.83907118122 9.5099677901 9.70578637769 9.41843691181 9.55971800254 9.33578696073 12.0341075191 16.3260806274 16.1126334124 9.36777583268 2.39739641275 1.60712624628 1.40707929655 1.22753273999 4.45398498184 4.14784738394 3.63836179454 4.25443190474 5.34311042784 4.58436328709 4.14686714657 4.36884301818 4.11145578356 3.84050196583
-9999 -9999 -9999 -9999 -9999 -9999 -9999 -9999 -9999 -9999 -9999 -9999 -9999 -9999 -9999 -9999 23.3436259444 23.9129579808 24.8886525177 24.9480551229 24.3927447802 23.4381085783 21.4868397304 21.7311521498 21.7332198076 21.8441397248 20.0015125565 19.6149694854 10.8853291802 15.5577631392 11.4935808891 8.254438825 9.41204717632 6.51822125532 9.68067376918 9.61984273058 11.4348648443 9.60606542058 9.30743021422 9.97551962976 12.3172318631 13.4662107996 12.9221041326 6.03382422592 3.09529537889 2.19728297861 2.39641241567 5.90321608802 3.58801150093 4.04483401844 4.72031915603 4.84891344687 5.55883808357 5.76060593749 6.33010632611 5.20757060362 3.8603104458
-9999 -9999 -9999 -9999 -9999 -9999 -9999 -9999 -9999 -9999 -9999 -9999 -9999 -9999 -9999 22.872736842 23.1611817007 23.4414702571 23.2739977567 23.0882239123 24.9159041538 24.4365308011 21.3903164567 21.6310234161 21.0511153661 21.318432049 19.9666926915 19.9415375046 13.9829824161 17.2874221067 17.8593962466 17.98036474 17.8787385908 14.6361649889 14.6077725857 9.76009529484 11.8228732267 13.7018378292 13.109324481 9.2621705705 8.03931919146 4.41599848493 2.56788312004 2.5330030509 2.46456845687 1.99743411525 8.8109470028 7.97779052796 4.06572197975 4.70708945951 4.09727430763 3.60309953728 3.81792606017 4.05625857952 4.22339722128 4.29320339354 4.54562310908
-9999 -9999 -9999 -9999 -9999 -9999 -9999 -9999 -9999 -9999 -9999 -9999 -9999 -9999 23.3620818023 23.170208583 23.2676458943 19.1416340532 21.9730321606 23.0328143665 25.0481608479 25.0483116651 21.87681422 21.8497738898 20.6937871323 21.0237494537 19.7507407884 19.6662680262 18.3364719303 18.3965102481 17.6697029415 17.8519433182 16.8949702247 13.7191817656 10.9431701356 8.78977656811 15.179780011 13.2677461135 2.12821943963 4.41042863938 6.3054015331 2.23319510678 2.07575966761 2.20379710036 1.6937026859 1.56205560779 2.33832549532 4.36230163024 4.61900246263 4.12009509831 3.84316767406 3.82245017959 3.97268082319 3.91777407214 3.76086881264 3.89337177699 4.1708912852
-9999 -9999 -9999 -9999 -9999 -9999 -9999 -9999 -9999 -9999 -9999 -9999 -9999 -9999 24.8550149835 24.1280402282 24.7595254096 20.1164885622 17.8434411906 20.5341383196 22.3913262086 22.6620050472 21.8374902876 21.8263590472 19.5906417976 19.7205097526 17.0825389029 17.0774391386 17.2272319127 18.3190706649 17.9289691581 17.32785931 10.8360350745 10.2046682226 9.06386703838 11.2696320734 8.05479070173 10.7194583393 4.78911176702 4.96621221495 7.09123641048 6.29835273797 2.37258633478 2.21218745378 1.96717152252 1.47142918415 1.90249792932 5.27641156124 5.63140962606 6.17837315866 6.0473959851 6.01565441529 4.93802572055 4.59302234034 4.82205559872 4.71291347275 4.09699690903
-9999 -9999 -9999 -9999 -9999 -9999 -9999 -9999 -9999 -9999 -9999 -9999 -9999 -9999 -9999 -9999 24.9287376635 21.3333806034 21.1460840284 20.9951292203 21.0817493578 22.7603732293 22.1575249413 22.0784421568 19.7464585157 17.612842069 12.341606135 12.6702156419 11.517134639 13.6801377254 15.528826437 11.559863641 10.3212868632 9.52339453161 9.571305255 9.61924950353 9.83293574726 5.79552672987 8.17273019922 8.86131408061 6.39522364225 5.40916465704 8.01218487788 5.87851839876 1.62561075246 1.78881677829 1.63014421057 3.35489204602 4.53733234153 5.03322842238 4.87899105291 4.96075325586 4.53307717524 4.18816365105 3.37949913946 3.49045841186 4.26294020098
-9999 -9999 -9999 -9999 -9999 -9999 -9999 -9999 -9999 -9999 -9999 -9999 -9999 -9999 -9999 -9999 20.7201343961 20.4974761058 21.0884337802 19.313130352 19.6425205873 20.8103144977 21.442115415 21.4480505597 20.7319313737 18.4404648597 14.1940412218 13.8762042882 13.0167269682 13.5444417555 14.0521255706 13.7038441656 12.1894126235 10.0470033309 8.28671394112 8.55897906245 8.60604288643 9.27048122748 7.17485812895 6.21083464121 6.73107786352 7.72464221133 8.19194950814 8.09114434298 4.66253033803 1.63980744103 1.13926689219 1.79334686947 4.15502391058 3.64839700744 3.18000827953 3.20654740008 2.72489739837 2.94111461627 2.78296786433 2.79010301757 2.77054377673
-9999 -9999 -9999 -9999 -9999 -9999 -9999 -9999 -9999 -9999 -9999 -9999 -9999 -9999 -9999 -9999 -9999 -9999 21.1605410879 20.06602705 18.7541410417 19.5727233619 22.1498871478 21.5452982163 20.5564439439 21.2905065153 13.8061607135 13.6805602551 13.0929521802 13.2064677286 11.9352361662 11.3764193192 11.2173637573 10.9286746889 8.21172404173 9.07658514852 8.91633476274 7.74464608353 7.21064074193 7.41359771821 6.15274993913 5.77816340929 5.20790242422 5.18625829534 4.70897461923 4.21938064728 1.30575196296 1.26716854928 1.99887206819 3.1888632998 3.35259731692 3.53291600347 2.76432434572 2.81054823831 2.9115835601 3.02027925654 2.9001644519
-9999 -9999 -9999 -9999 -9999 -9999 -9999 -9999 -9999 -9999 -9999 -9999 -9999 -9999 -9999 -9999 -9999 -9999 -9999 18.8941750641 19.1379925004 19.6280693211 19.6589866689 22.8636875677 21.2038454814 21.0635139744 19.053031107 13.8447525736 11.659448731 11.475312048 11.428431198 11.5651245882 10.5775915378 10.3799499627 7.75359484496 6.19765354805 6.02740089164 7.32834751211 6.99480621512 7.03513016472 5.6478485145 5.38788544956 4.69227754734 5.2996584103 5.10438495191 5.22806775403 3.30007633147 1.17081475306 1.01516514318 1.56472684401 2.55654170596 3.06406438139 2.61828310376 2.60400195279 2.80490864191 2.73347481732 2.39382072499
-9999 -9999 -9999 -9999 -9999 -9999 -9999 -9999 -9999 -9999 -9999 -9999 -9999 -9999 -9999 -9999 -9999 -9999 20.621059742 21.196804478 21.5328978443 21.3551643155 19.4948319049 22.6199376131 21.1017029341 20.8830403033 18.6997500373 18.7750402015 12.3986558343 12.0011231873 10.6766682484 7.03292658202 10.2098956144 9.22533133371 7.03484164378 7.77841368891 8.85419883034 8.53446032283 7.79038804781 7.45427362848 6.85135227583 5.64670133939 5.09009644476 5.9211308506 4.60392843393 5.22379910533 4.79419505701 3.37147529694 1.65711151735 1.15876645867 1.42160435409 2.41596118871 3.72875441812 3.89020251312 3.30610114449 3.08931498104 2.86409902554
-9999 -9999 -9999 -9999 -9999 -9999 -9999 -9999 -9999 -9999 -9999 -9999 -9999 -9999 -9999 -9999 -9999 -9999 -9999 21.2582342218 21.2247191569 20.9441605395 19.738026767 22.7828301339 21.8631368776 21.7154661947 18.7374784689 18.6417251509 16.4010234288 17.9638279462 13.3330521314 13.374377354 13.9892421398 8.11208781136 7.92356112212 6.71492190981 5.53674848878 5.1530949158 4.71314201738 4.71819349774 5.08676512479 5.84048626286 5.25598216863 7.48060892115 7.29377762561 6.96276772512 5.45410486975 4.67479749313 2.23840213259 1.32954595075 0.780211888372 6.50325189931 7.56364524165 6.88187646342 3.5134325265 1.96340337199 2.26977092662
-9999 -9999 -9999 -9999 -9999 -9999 -9999 -9999 -9999 -9999 -9999 -9999 -9999 -9999 -9999 -9999 -9999 -9999 -9999 -9999 20.2534657646 20.7927808782 19.8325170188 23.3382965872 21.5478657129 21.6454852557 18.6432473338 18.7167969178 18.2957577146 18.1525269581 17.6516030136 17.607141526 12.0711457007 11.0013812857 9.92860877057 9.85328079417 7.15566148672 7.8755564639 7.45069134303 7.27152013763 6.41346921551 7.24336597068 6.47666481626 5.94248425386 6.6828086111 6.16193441995 5.3326897406 5.70857119882 5.03527568919 3.19289884669 1.90272591912 1.46019754307 0.900945186014 0.886432047584 4.14356770893 0.958690941041 0.957596196759
-9999 -9999 -9999 -9999 -9999 -9999 -9999 -9999 -9999 -9999 -9999 -9999 -9999 -9999 -9999 -9999 -9999 -9999 -9999 -9999 -9999 20.0271682748 20.8578025484 21.4069156716 20.6026574943 20.4314070033 18.7747853183 19.262469423 18.2946335682 18.2511459996 17.1878502275 18.1577215543 11.059837215 9.76594330733 11.0905494874 9.61200245616 8.46511730538 7.24051053253 6.72118874664 7.05980104088 7.87565106071 8.09462226514 8.03834216548 6.08928140584 5.30529977491 4.53915990061 4.95565054805 5.23901207671 4.98031370821 5.59612105424 5.91209569564 4.77440695742 3.39349105702 1.25988706157 0.657762072888 0.752480908583 0.803279202361
-9999 -9999 -9999 -9999 -9999 -9999 -9999 -9999 -9999 -9999 -9999 -9999 -9999 -9999 -9999 -9999 -9999 -9999 -9999 -9999 -9999 18.8493156879 19.8714529092 19.8633135832 21.7023764447 20.9981485896 19.223324432 19.1492629872 16.9275253991 17.7422758458 8.23381698888 16.8391884658 12.8800348121 9.168134806 6.98727673816 8.1531560865 7.51137823168 7.34891550015 6.803348749 7.7646987327 7.91662757026 7.74217566221 6.6178983701 6.13571051375 6.23599986958 6.04497490832 5.58018013745 5.49746342434 4.12856010993 4.36487276957 5.67816885748 4.90996297503 2.42607583409 1.12263085943 0.869342421023 0.688089509969 0.70600936766
-9999 -9999 -9999 -9999 -9999 -9999 -9999 -9999 -9999 -9999 -9999 -9999 -9999 -9999 -9999 -9999 -9999 -9999 -9999 -9999 -9999 -9999 20.0051671482 21.0800208155 23.1191315536 22.1237303798 19.706885035 19.177223238 13.9754881932 14.9497147133 16.6122915521 16.9163663274 11.9045074955 9.84262997819 10.1933585677 8.91601811706 8.51201044869 8.1467967085 7.67099076664 7.77726560343 7.91002165939 6.45192342773 6.50632690185 7.38398397412 4.82719156859 4.38449731461 3.64174844858 4.14561498385 4.73794486495 6.53469106406 3.88072848783 6.79676676814 2.85066003331 1.08961499073 0.688988400662 0.64019964744 0.674156485946
-9999 -9999 -9999 -9999 -9999 -9999 -9999 -9999 -9999 -9999 -9999 -9999 -9999 -9999 -9999 -9999 -9999 -9999 -9999 -9999 -9999 -9999 20.365710044 20.0647388661 22.9270479261 22.3463638726 20.0189151005 16.3260107947 14.3590015279 14.7000240585 13.5391472233 13.7047740864 13.0035420075 10.47393346 9.00434371107 10.4597208929 8.50782522278 8.07032836403 8.53894416479 8.61221631503 6.89016168769 7.99678542328 6.56540662579 5.83762832802 5.23229801818 5.16643406144 5.44279385753 5.6825100699 4.11215901852 3.88856753665 3.30203917987 5.9129751453 0.953590911229 1.46170829142 1.03412272801 0.972684043317 0.824052314965
-9999 -9999 -9999 -9999 -9999 -9999 -9999 -9999 -9999 -9999 -9999 -9999 -9999 -9999 -9999 -9999 -9999 -9999 -9999 -9999 -9999 -9999 20.1926389215 20.8374265149 24.2294915324 22.9989680379 21.5765028761 17.9497542301 15.4160861812 16.1392583456 14.4334925613 13.677612875 12.7232385872 11.0219200493 10.7511800566 8.89823364775 8.41106484088 9.73831155646 8.7558182137 8.34808702865 7.95519468316 7.06298920199 5.69583473315 6.40382759258 6.93758696734 6.45085005615 5.6231969381 5.18794988436 4.36247303638 4.36797377707 4.86632951796 4.3698386228 1.50517850827 1.34166371618 1.43055515574 1.51308092092 1.04415278803
-9999 -9999 -9999 -9999 -9999 -9999 -9999 -9999 -9999 -9999 -9999 -9999 -9999 -9999 -9999 -9999 -9999 -9999 -9999 -9999 -9999 -9999 -9999 21.3764601366 24.2135077498 23.1336230682 21.2264688948 17.0207657851 14.9530276785 15.7425429004 14.4805563226 15.0957592654 13.9810396845 13.5777115588 9.97522612653 10.5774008595 10.2300915683 9.44108187997 7.39635343311 7.11905445351 5.89460827847 6.83631863121 7.29047774024 7.41795474535 6.72847502308 6.32998787435 4.24694836213 3.75867803302 3.56823418112 3.73664605162 3.21402651314 3.66123552306 3.75098128097 2.73219460722 1.22642424179 1.26975053392 2.78104180309
-9999 -9999 -9999 -9999 -9999 -9999 -9999 -9999 -9999 -9999 -9999 -9999 -9999 -9999 -9999 -9999 -9999 -9999 -9999 -9999 -9999 -9999 -9999 18.7051610729 24.4035178476 23.5219358534 21.5229939549 20.4725961004 16.2820872941 17.0534222705 15.8620422515 16.2853700326 14.7028520673 14.3178338359 11.1310962814 10.6499690637 9.37446188664 8.68238143776 7.42096606691 8.35780386883 8.08744218136 7.71420230931 6.89537820033 6.16369821888 5.5319893416 5.76487101681 5.98020819756 5.79572205894 4.71644263238 4.64549618179 4.9180956796 5.03615817992 3.8887999674 3.36513309052 3.26122631998 4.19593555609 3.3628382462
-9999 -9999 -9999 -9999 -9999 -9999 -9999 -9999 -9999 -9999 -9999 -9999 -9999 -9999 -9999 -9999 -9999 -9999 -9999 -9999 -9999 -9999 -9999 -9999 24.9074342797 23.666781502 21.644697588 22.145515217 17.2271768856 16.870598114 15.3012049461 13.5293812208 15.0298951045 14.5503890166 13.4607875028 9.6144438466 8.20400066991 9.56925049557 8.36843042934 9.96704666039 8.04000487985 5.90460960944 4.71806845612 5.95840749134 6.72657526042 6.41461116291 5.199333447 5.81444441697 5.98981980253 5.32703024495 4.34826092936 3.52668146024 2.89779083828 5.13706431081 4.20653496533 3.46277684542 3.56410315433
