data/recharge/transience/oldversion/mHM_recahrge_139.ASC
ncols   80
nrows    72
xllcorner    4374000.0
yllcorner    5656000.0
cellsize      500
NODATA_value  -9999
[rows 26 to 51 of 72, columns 0 to 56 of 80]
-9999 -9999 -9999 -9999 -9999 -9999 -9999 -9999 -9999 -9999 -9999 -9999 -9999 16.3380650046 17.2143759884 17.72480902 15.8291144387 15.4964839566 13.198411142 12.2356462326 11.1219731924 11.9713163112 11.6624020771 9.76531356358 9.90511895731 8.82513547624 8.12328128351 7.65520703137 7.01644134124 7.55608131961 6.35152784452 5.86454571233 4.08052655647 5.44790375619 4.41416658114 1.0877188726 2.88585751786 5.31592728047 5.48259834032 3.71039830581 3.16141257859 4.20444269398 2.64882849646 3.02343941 2.4277395068 2.48350280061 2.82647725841 2.66394263175 1.99407378662 1.70663143311 1.80166940854 2.00014998992 2.21457233486 2.19478696773 1.58109204336 1.66886337708 1.62861792768
-9999 -9999 -9999 -9999 -9999 -9999 -9999 -9999 -9999 -9999 -9999 -9999 -9999 -9999 16.26044586 16.3548071644 14.6539179242 14.3130932263 13.3017125419 13.9887290286 11.6531500344 13.1640593292 10.9132173995 10.138069786 8.1448965633 7.76907246747 8.09022287879 9.60803501054 7.36019443089 6.50231405982 6.37460089611 6.61477043747 5.36516476019 6.71286559767 5.35556391997 1.77943967637 2.81291180593 4.65107642823 3.99532909026 2.27369367639 2.08885052739 3.40138729597 4.06360183052 3.10500510335 2.19151402286 2.60808493484 2.09609269463 1.70250900732 1.85560698072 2.29858262204 2.15163171125 1.5372860193 1.41607240495 1.39923478271 1.94926990212 3.30018788046 3.54289848888
-9999 -9999 -9999 -9999 -9999 -9999 -9999 -9999 -9999 -9999 -9999 -9999 -9999 -9999 5.18597816129 10.3991550668 15.2345259369 15.2919827886 13.7853525894 14.3380614085 13.3812215944 13.1927407385 10.502767792 12.9049335098 11.5389330899 11.5718505525 7.24153918375 6.69026515019 6.96628043582 7.82650952231 5.26056750897 2.71159126943 5.10084647156 8.33540718753 7.61222179156 2.18761322982 2.77179430509 3.34411088841 2.23156968517 2.03946641964 2.78204725643 3.30401119793 3.28550530662 3.90983655121 3.27505009251 2.59787001197 1.08409281893 0.883974685767 1.1643199719 1.729780569 2.7120171142 3.16909374676 3.57500765741 2.70438861175 2.14748734991 2.2767566684 7.93681339446
-9999 -9999 -9999 -9999 -9999 -9999 -9999 -9999 -9999 -9999 -9999 -9999 -9999 -9999 8.09403376758 11.9018069496 16.3160810592 16.0555693741 15.1300505371 15.0124835914 13.0540461431 13.6981810209 12.8571743973 11.7228110846 9.49075917208 8.55256342785 8.17469353606 7.89449524993 5.62876379779 6.49850975012 5.75523095424 5.53299171501 4.68179077124 6.94493104648 10.4897385438 2.21707553861 2.53710971438 6.68392439165 1.61524007109 1.56002729301 2.86142865136 3.40704638425 2.82180453809 2.94498774994 2.31702583321 2.67178441981 1.87749981831 2.7077121841 4.81464785343 5.37869836992 4.39516595701 2.49420357463 3.76106433628 3.22097670176 2.81414811867 3.58545838374 3.50552254368
-9999 -9999 -9999 -9999 -9999 -9999 -9999 -9999 -9999 -9999 -9999 -9999 -9999 -9999 21.1538008881 19.3140042706 18.7941160627 19.2618158995 17.0078236271 17.4033191617 14.2058482499 13.4523556712 11.5797825482 11.957134677 9.78258555256 10.3543035053 8.21485264469 9.09737573445 7.13335756552 6.52777874653 6.21820762504 7.11507391915 6.01793611172 3.12875009412 2.53369710196 2.57619908407 2.04971352472 4.83451581862 1.49526578253 2.22883310206 2.06139906918 2.70999370504 2.09632490866 2.35370971797 1.95915379632 2.21945173402 3.89257902317 4.48325420435 8.33347822163 9.32394097146 6.92190246792 7.80079026819 5.30131760408 5.34610386454 4.73615413269 3.94262770731 4.48879783519
-9999 -9999 -9999 -9999 -9999 -9999 -9999 -9999 -9999 -9999 -9999 -9999 -9999 -9999 -9999 17.2898085529 16.7509380115 16.3188709108 15.556314983 13.6572950454 11.8621775533 12.3600001426 12.0320983699 11.966138221 9.70390658809 9.83228503973 7.71538000248 8.00432222907 4.67512219014 6.4848893675 4.85059946339 4.7681775401 3.99692755635 4.07422455191 2.85770359441 2.89767922233 2.53108002119 2.45271998914 2.22110331704 1.35093675483 0.709602777026 1.03569295059 1.48974344348 1.75479724237 1.90474069041 1.8666298873 1.45878376398 1.58776850702 2.64792141722 3.311970036 2.40745022973 2.09328459542 3.54788233405 5.92404687919 5.65199735056 5.57092607613 4.76959672162
-9999 -9999 -9999 -9999 -9999 -9999 -9999 -9999 -9999 -9999 -9999 -9999 -9999 -9999 -9999 -9999 16.0450232721 15.1311215628 14.7255227958 17.5841985997 16.182636286 15.3006738281 11.8230761735 10.6122767605 10.3366670819 9.50804115184 7.88041704712 7.2043365572 3.94671212909 6.44412117485 6.2271933576 4.66980446801 4.34453361543 2.91238298087 2.66310513934 3.07756254316 2.91897966643 3.25785928661 3.10200629176 3.98402172257 6.8167834974 6.01483943842 5.20008580343 2.96942542991 1.46488570272 1.11591567685 0.926207463081 3.09666391524 2.43143647042 1.76201910126 2.70673944928 4.37230699852 3.27750265613 2.61843766887 3.16682353808 2.76596248522 2.58246663003
-9999 -9999 -9999 -9999 -9999 -9999 -9999 -9999 -9999 -9999 -9999 -9999 -9999 -9999 -9999 -9999 17.3111964582 17.6674802383 17.7267900451 16.5362231036 13.4173061835 14.1700941668 11.9249285867 11.2701695366 9.94145423737 10.8704231662 8.53476654884 8.45013838327 4.24303675162 5.51430447258 3.60651518425 2.83566910702 3.27010494313 2.80787959208 3.52014381131 2.88918698345 3.79805976681 3.38194973588 3.0335193953 2.766697733 4.18649597311 2.35660280217 4.63696876631 7.59450678408 4.53067389341 2.77400978326 2.72787948106 1.81607727133 1.68861796609 2.28473804608 3.41254391274 3.61122354557 4.8282178926 5.15135123289 6.26351936102 4.50905165288 2.61126192564
-9999 -9999 -9999 -9999 -9999 -9999 -9999 -9999 -9999 -9999 -9999 -9999 -9999 -9999 -9999 12.8827944377 13.0974644244 14.6232969656 15.7371202038 15.3929506781 13.904270663 13.5194491312 11.5581219201 10.8584027162 9.14116511652 9.81645286781 8.55350077009 8.74316648576 5.55060331279 6.72701957632 5.83495522882 6.05709525594 5.89747970273 3.91074334342 2.83357864539 5.44791775776 3.87925972427 5.54676719963 4.13897208042 1.94796408051 3.31391251231 4.89113835763 4.00305628396 3.92045011428 4.09547348347 2.85371976962 1.09122136048 1.60559736495 2.72685258612 3.77852142395 2.91301505015 2.16732694283 2.51792191032 2.87935644954 3.25747308247 3.37014714745 3.91291925804
-9999 -9999 -9999 -9999 -9999 -9999 -9999 -9999 -9999 -9999 -9999 -9999 -9999 -9999 14.4736135425 13.9758048236 13.5466699414 13.4697774319 13.9085068641 14.5293886367 12.8850656909 14.0541878976 11.3818922247 11.781865061 9.17326755291 8.69529711522 7.47151956408 7.67301264502 6.22178929771 6.21391354681 5.00668088496 5.16385969214 4.153976998 5.49807404429 6.04995800447 9.60018687349 3.85670193619 2.26267451018 2.78435962417 4.25489153595 3.68483880488 3.0166452526 2.72409313164 3.07642090856 2.01523976792 1.70541215207 2.39811748801 3.58884815751 3.63252525809 2.84810240805 2.51054686978 2.48061748404 2.74983272987 2.67288146951 2.52966414259 2.73198493807 2.82510009497
-9999 -9999 -9999 -9999 -9999 -9999 -9999 -9999 -9999 -9999 -9999 -9999 -9999 -9999 15.0211935248 16.010215269 14.860314756 12.7424225826 11.2444445632 11.2894521942 11.0074026961 12.4140766784 10.9638607048 11.5477879903 9.16189884357 7.94837246655 7.64531200946 7.97223929328 6.47858294675 6.41742784328 5.9382865615 7.30359199026 8.00727288641 7.36174639343 6.27655495823 8.81195134384 9.70017399103 11.2367804755 7.41692116194 7.58031589837 9.41471230484 8.84889810348 4.26902040971 3.83552790322 3.47989946254 1.90907882352 3.47885067852 5.59780334948 5.41324229971 6.25981576701 6.30540626462 6.25346618789 4.84802614415 4.23573419692 4.93846624033 4.73101429549 3.5765089027
-9999 -9999 -9999 -9999 -9999 -9999 -9999 -9999 -9999 -9999 -9999 -9999 -9999 -9999 -9999 -9999 15.0970915195 15.5487909271 15.3645439627 15.1609000486 13.3486674704 11.7532507372 12.344618122 12.3982480193 9.73281147468 9.80852778721 6.79399063509 7.13922564546 6.12465622046 7.2294664678 7.14208331805 7.71107639839 7.47174289071 6.55457050199 6.92323919876 6.97878327703 7.9570729193 6.9771332137 9.26048556275 8.92156644482 5.94860570514 5.69378723808 6.3126638072 4.82103058205 2.35479225322 2.89146690022 2.54162089505 2.98842540559 3.60891852432 4.4499153116 4.37997670923 4.51940750238 4.13698971629 3.54323752318 2.38724355534 2.57104781115 4.04357850756
-9999 -9999 -9999 -9999 -9999 -9999 -9999 -9999 -9999 -9999 -9999 -9999 -9999 -9999 -9999 -9999 15.9293497146 15.4351489371 15.1360885555 12.6663693619 12.8174547113 13.0730139265 10.0101566788 10.5638831072 10.5740576905 10.7084756794 9.12799516505 8.80372485848 7.93624886893 7.94030624695 8.72578663398 8.30981569192 7.08112976995 6.78034095375 5.32260835568 5.66845660334 5.99177446471 6.8527625975 5.07953200138 4.59820034895 5.74286778947 7.16641127892 3.00604968773 4.49786074459 6.97640638701 2.89735152181 1.47081524922 2.37465011009 3.43678364001 2.6059180903 2.05352931018 2.09889383346 1.64566410528 1.99875979844 1.97410573138 1.9939759482 1.92074466703
-9999 -9999 -9999 -9999 -9999 -9999 -9999 -9999 -9999 -9999 -9999 -9999 -9999 -9999 -9999 -9999 -9999 -9999 15.2718293924 13.6157824729 11.7416780889 12.7187270306 12.7101978014 12.1593377729 9.99512676317 10.0723712363 8.46094415432 8.57329817721 7.66290184349 7.50323638399 6.05580297109 5.34408553961 5.21005712461 6.06979441948 5.23423009269 6.33143819785 6.39508026446 4.87604785688 4.66960266125 6.2102832676 4.90084595577 4.35934836936 3.9226498323 3.8918245754 3.72503547425 4.12620747274 1.81531164042 1.83888961249 2.88502711307 2.06446757219 2.31808332508 2.54788384395 1.69752912173 1.76641272318 2.1931688158 2.39583731587 2.1361412889
-9999 -9999 -9999 -9999 -9999 -9999 -9999 -9999 -9999 -9999 -9999 -9999 -9999 -9999 -9999 -9999 -9999 -9999 -9999 11.8119212769 11.7327202012 12.31905659 11.7971724829 14.0446488568 10.9954316454 10.339422759 7.72152210517 7.83817072606 5.90178756952 5.66687522262 5.78514921973 5.88823622824 4.95198125081 4.73749739085 4.19462050567 4.04145969217 4.01313238763 5.32883477728 4.92416581007 5.67491365013 4.64782629923 4.24664478027 3.55962049586 4.49978345341 4.69962924415 4.9053217624 3.7616554911 1.88877011238 1.53286785956 2.99445881955 2.35547154222 2.33006609171 1.78417436093 1.75841122829 2.30391632335 2.1716023305 1.66108207606
-9999 -9999 -9999 -9999 -9999 -9999 -9999 -9999 -9999 -9999 -9999 -9999 -9999 -9999 -9999 -9999 -9999 -9999 13.9452401031 14.8014270375 14.8564970288 14.5766874607 12.2341146076 11.7276885944 10.699880549 10.5265301647 7.98676643731 8.25816467821 6.85479864624 6.32135274989 3.60367970803 2.33335272699 4.80965249786 5.50838955727 5.37159682397 6.16934089104 7.29384688728 7.03180114433 6.82525186742 6.61437089918 6.43874438688 4.64243949111 4.17792641157 2.03600333643 2.79461498258 2.33205866884 4.65148223265 6.30408444422 4.19920146689 2.02962275883 3.29766269048 4.71982040988 4.7007543572 4.23665639662 3.29799002663 2.85865554562 2.56809293021
-9999 -9999 -9999 -9999 -9999 -9999 -9999 -9999 -9999 -9999 -9999 -9999 -9999 -9999 -9999 -9999 -9999 -9999 -9999 16.2121132104 15.70230981 15.1447030634 12.4181275144 12.0339258243 11.5972729874 11.4259981114 8.15695568156 8.32514532179 7.0964208301 8.52791858206 5.7820145008 5.72207169286 7.17766465179 6.31460256616 4.60503733749 3.85081298788 3.97729945585 3.46240255887 3.20214538087 3.20410425937 3.6489760816 5.00607729315 4.14931426778 2.82763752437 2.88828383203 7.0714461104 6.14603063272 4.88727791391 5.28020218945 3.24481576189 1.15289120367 2.01563840419 2.37134695725 2.92255540393 3.77170756779 1.91110003901 1.68000565044
-9999 -9999 -9999 -9999 -9999 -9999 -9999 -9999 -9999 -9999 -9999 -9999 -9999 -9999 -9999 -9999 -9999 -9999 -9999 -9999 13.8691813191 14.7826584946 12.5369540954 12.4308424391 9.72449243268 11.0061691763 8.1356154144 8.71199901489 8.84314369863 7.69292474627 5.89437055327 5.54095382789 5.48606265279 4.51807225998 3.41502385801 4.44561390698 5.66549487622 6.23477565253 6.3680902526 5.89985674425 4.72434142982 6.12962882427 6.6504146433 5.96915561379 7.60955498105 6.77521306062 5.93468224526 6.60317148497 6.04669017028 6.13789563546 4.61152979129 2.76875170233 1.49352604752 1.39743740623 2.57261579829 1.94338637328 1.99857411562
-9999 -9999 -9999 -9999 -9999 -9999 -9999 -9999 -9999 -9999 -9999 -9999 -9999 -9999 -9999 -9999 -9999 -9999 -9999 -9999 -9999 14.1133244274 12.976812537 13.0868890697 9.28390297014 8.41201553056 7.74138473989 9.10293606464 6.88873315174 6.24530851726 6.1746312166 6.9432139291 6.75914658703 3.22763176198 7.34613791925 7.68770970914 6.58617911143 5.45730683526 5.10712238514 5.24168344754 6.9183246776 7.2271350055 8.074479543 6.34504416844 5.54325627625 4.21370453409 5.42388707562 5.93718558248 6.0328237292 7.20778889769 8.23401301264 4.61204078806 4.45696791399 2.8734530583 0.965367998532 1.3115439295 1.56767826322
-9999 -9999 -9999 -9999 -9999 -9999 -9999 -9999 -9999 -9999 -9999 -9999 -9999 -9999 -9999 -9999 -9999 -9999 -9999 -9999 -9999 12.5363017418 11.8518449229 11.8676053786 11.5665480068 12.3242005104 9.79547439323 9.46550130951 7.76336446613 7.69964067801 3.64594975834 6.48913677587 7.43183364737 7.05336786663 5.02787205025 5.71843237458 5.34828225017 5.89222845762 5.71894607847 6.58939223685 6.98349097532 6.73426977126 5.57417971199 5.60651381888 7.12514775717 6.81194833812 6.56274192066 6.4114366654 4.79666989418 4.83334617797 3.66352147122 2.13006643534 2.06134827039 1.76468527213 1.79676354513 1.07286169268 1.18406211044
-9999 -9999 -9999 -9999 -9999 -9999 -9999 -9999 -9999 -9999 -9999 -9999 -9999 -9999 -9999 -9999 -9999 -9999 -9999 -9999 -9999 -9999 12.2380391014 13.5236239056 12.2946978727 11.3722427253 9.117920601 9.91343000131 8.01412759121 7.84383832408 7.35096956388 7.80040326637 6.87728192536 7.12754976299 7.8580950329 6.46002826014 7.04352434704 6.69230880971 6.91175992032 6.65761992509 7.01896650071 4.91920121214 5.58336584211 6.93069691276 4.75302506583 4.32423964135 3.89864378768 5.05057704687 6.59313381118 4.55698763435 1.86485850259 2.35166281781 6.83317944306 3.19204091116 1.22265566994 1.03201852943 1.19581014742
-9999 -9999 -9999 -9999 -9999 -9999 -9999 -9999 -9999 -9999 -9999 -9999 -9999 -9999 -9999 -9999 -9999 -9999 -9999 -9999 -9999 -9999 12.6071449784 12.310077155 11.7923548083 12.6239287253 10.2511878216 9.2309302746 8.40803670603 8.66508882446 7.71370075531 7.91367541442 7.8657806185 7.59232845555 6.56904636748 8.12087681838 6.64529395348 6.4596827844 7.65467348044 7.38078550786 5.55525348341 7.136493944 5.6793862656 4.55563172858 4.3413786687 5.59884804097 7.22376263716 7.16755724492 4.55177987093 4.19622858446 3.04115085277 4.3741266192 2.38675351731 5.46505385095 2.95147656817 2.585858526 1.84919567468
-9999 -9999 -9999 -9999 -9999 -9999 -9999 -9999 -9999 -9999 -9999 -9999 -9999 -9999 -9999 -9999 -9999 -9999 -9999 -9999 -9999 -9999 12.4083051375 13.1913209725 13.6659099609 12.5410164266 10.5246656829 10.761595766 9.00424076848 9.63151016426 8.12525792463 7.27016243265 6.7137375741 7.36813763035 8.1394255206 6.18793139046 6.42219192927 7.97107837353 7.51205515693 6.98760932038 7.41030421285 6.15059278986 4.8087385499 5.94415565732 7.3180213198 7.02362560855 7.41446635771 6.59364498972 5.51853085107 5.52816351097 7.03844497521 5.9692428752 4.760044096 5.24734267762 5.87290181042 6.35537691183 3.34988504902
-9999 -9999 -9999 -9999 -9999 -9999 -9999 -9999 -9999 -9999 -9999 -9999 -9999 -9999 -9999 -9999 -9999 -9999 -9999 -9999 -9999 -9999 -9999 13.801383861 14.4712202327 12.8800882148 9.88056899261 10.4306091766 8.95002429152 9.22712032183 8.19142686756 8.81078277276 8.1698780615 8.95716216752 7.37065657587 7.97638965312 8.47720559554 7.64430488832 5.74108864409 5.33213652233 4.42430496781 5.82771825142 7.53418908768 7.58773912565 6.96768388101 6.31426055214 4.12931519566 3.81001518233 3.86160048124 4.20831895774 3.44179301413 4.41843262011 5.13177185862 7.39303070012 3.8930553813 2.51120338471 4.97382415037
-9999 -9999 -9999 -9999 -9999 -9999 -9999 -9999 -9999 -9999 -9999 -9999 -9999 -9999 -9999 -9999 -9999 -9999 -9999 -9999 -9999 -9999 -9999 11.5953298768 13.0712728063 13.6518904172 11.6320680907 11.8824583121 9.84333108635 10.0274127105 8.97477364818 9.3958047605 8.34626151649 8.05725524582 7.97990488278 7.87312286749 7.51660280644 6.71766163874 5.30740960242 3.59462058068 8.3662769099 8.26850864351 8.16752658582 6.68431012028 5.29701445092 5.70227869384 6.73979780045 7.44295772874 6.62701766134 6.48117392693 7.44321287811 7.69927120455 5.51628777972 4.22419489279 4.26587572648 6.53238476766 4.70529982659
-9999 -9999 -9999 -9999 -9999 -9999 -9999 -9999 -9999 -9999 -9999 -9999 -9999 -9999 -9999 -9999 -9999 -9999 -9999 -9999 -9999 -9999 -9999 -9999 14.2668975745 13.6278366323 11.7032221839 11.028878135 9.70215121874 9.86820083111 8.28239893701 5.8395941681 7.65465695011 8.18971549492 8.51896132581 6.46844496058 6.14651544861 7.95572395366 7.42568339783 6.99979496164 8.68432246801 6.21197505087 4.95604724074 5.90659989331 7.32560985727 6.81354822616 5.29558151777 6.44387462976 7.48615350949 6.66009745004 5.36635709628 3.96834669836 3.20664023978 4.82560931352 6.56527364455 4.76214367135 5.20353025942
