data/recharge/transience/oldversion/mHM_recahrge_411.ASC
ncols   80
nrows    72
xllcorner    4374000.0
yllcorner    5656000.0
cellsize      500
NODATA_value  -9999
[rows 25 to 49 of 72, columns 0 to 56 of 80]
-9999 -9999 -9999 -9999 -9999 -9999 -9999 -9999 -9999 -9999 -9999 -9999 12.4303266692 12.8026185068 12.0843926385 12.1918236306 10.9138240959 10.8257601743 9.98068243382 10.7105946819 9.91575114885 9.77500398094 9.31087272899 5.78329115223 6.76913357591 8.16213112153 9.24332298966 8.19979151677 7.27671584185 6.88671091289 6.32422325915 6.09381507356 6.8795056387 8.04548880636 7.23101358576 8.1076455305 8.79103229804 8.02459391977 7.08048644634 5.1740872304 4.61622200442 4.75774450819 6.50144104723 7.25567562738 7.11579972513 7.18925125975 7.14159395519 7.12714698062 6.84864465397 7.12019923124 6.58272317056 4.85028031711 2.95373455418 2.55727089807 2.43871018729 2.49694543658 2.28637515422
-9999 -9999 -9999 -9999 -9999 -9999 -9999 -9999 -9999 -9999 -9999 -9999 -9999 11.874030477 11.8431932953 11.9632536968 11.0649743593 10.8382078176 10.0428177087 9.689667378 9.42015420249 10.000600764 9.60703042851 7.24976655966 9.19973058953 8.32121316833 7.96685792052 7.19576822966 6.93961596852 7.19601288323 6.45074009109 6.30019995477 7.21129480966 6.90873194763 6.74011244349 3.41138890278 6.775200761 7.06372920144 5.73466095377 4.18866329508 3.81678446888 4.43415843279 3.37083185611 3.99049516773 4.2913785454 5.1591163397 5.70755985457 5.57250436146 3.89575271858 2.76709795997 2.40428641923 2.53153273209 2.51635946719 2.92350154196 2.35619447316 2.00014785536 1.85958397501
-9999 -9999 -9999 -9999 -9999 -9999 -9999 -9999 -9999 -9999 -9999 -9999 -9999 -9999 10.8979835239 10.9974965306 10.2224227179 10.5169949609 10.0834842885 10.2979651958 9.68359627637 10.2489198995 9.78325055565 9.49662170706 8.29292883301 8.21761369378 8.394783242 9.06337996208 7.43941432338 6.70895629184 6.66141226769 7.946646341 8.01076877516 8.35582271463 7.18657877408 5.41423887304 6.86828524795 5.16501513133 4.5101651662 4.04560526041 3.79128125676 4.09231067781 4.238452715 3.6640888082 2.99188244445 3.27483058005 2.87335102875 3.12445849585 2.59773689034 2.86735375229 2.63068547356 2.19753257558 1.96821285998 2.73360631868 2.26641410805 3.87001306005 4.33834389132
-9999 -9999 -9999 -9999 -9999 -9999 -9999 -9999 -9999 -9999 -9999 -9999 -9999 -9999 2.53617469615 5.73868509378 10.5065046515 10.3668452825 10.027090131 10.1616432184 9.9755660096 10.1495352741 8.92505468995 9.76973633289 9.01761944049 9.2216080133 7.94894256156 8.44024136068 8.59686149212 8.77292108332 5.97464639866 2.8240005024 8.17628049572 11.156132451 8.37081537425 3.90452948042 6.60160266653 3.86028179701 3.73167761198 3.48761259479 3.40514011822 3.61348888992 3.47002596179 3.80594224883 3.29486622356 2.89571190885 2.39237402078 1.87440135604 2.16514153092 2.44368009775 2.66668523785 2.92725737741 3.00189031476 3.88440278105 4.13392633543 4.47837725886 5.96321540108
-9999 -9999 -9999 -9999 -9999 -9999 -9999 -9999 -9999 -9999 -9999 -9999 -9999 -9999 4.07387141852 6.49184795888 10.5348131826 10.5583359144 10.346733677 10.478841158 10.1690275274 10.2243327332 9.91525718138 9.1812660911 8.47097937592 8.04591445818 8.66244895672 8.94681681219 8.11599589874 8.43684252048 8.01639923854 7.28993916915 7.4939402415 10.2447379171 10.0428832864 3.24330712304 4.35002935097 6.56843852931 2.13629964078 3.22050079947 3.30083729813 3.60751863032 3.21023204744 3.2751702351 2.71954406572 2.93974382482 2.3351084215 2.85645010874 3.91142131575 4.50578159148 4.29798883691 3.53189206866 4.4357054119 4.35360677332 3.78762080424 3.82972828818 2.94122528249
-9999 -9999 -9999 -9999 -9999 -9999 -9999 -9999 -9999 -9999 -9999 -9999 -9999 -9999 12.4146813324 11.7613426478 11.3452737208 11.1967543638 10.5956950844 11.3909124994 10.28023011 10.1455061838 9.85182519625 9.63467421068 8.57534521781 8.85961916054 8.27411545452 9.10733296152 8.67885264158 8.22288270653 7.94595735059 8.26802975039 7.76582965919 4.64273717862 3.28593265488 3.30490024201 3.0430644928 6.38954368736 2.70650521808 3.80558567101 4.67730258233 3.15717603833 2.41355201984 2.56531544582 2.23062060171 2.36124479741 3.49895358153 4.48295706167 6.7378671283 7.29878107444 5.73013589428 6.00919130048 4.31266284355 3.83834297394 3.22687567088 2.85636345316 3.05779534289
-9999 -9999 -9999 -9999 -9999 -9999 -9999 -9999 -9999 -9999 -9999 -9999 -9999 -9999 -9999 11.1783259351 10.8385332357 10.7156414137 11.8662486682 10.2985034554 9.6655802495 9.67972650772 9.62823717752 9.77163149612 8.56299638441 8.92579615167 8.15511719259 8.62216743789 3.99454834046 8.02372251992 7.33833176207 7.38572789233 6.78081608725 4.37245260715 3.42346820548 3.44018530703 3.25807340045 3.22446473184 3.11091903763 2.9521179747 2.58038713633 3.84592189461 2.8821570308 2.6085218711 2.41772097839 2.66127930171 3.18101366441 3.41010097584 3.65093592335 3.36623265207 2.30771551822 2.12998693923 2.77780159 3.90650242997 3.64568095255 3.60801821234 3.18661003934
-9999 -9999 -9999 -9999 -9999 -9999 -9999 -9999 -9999 -9999 -9999 -9999 -9999 -9999 -9999 -9999 10.7741336779 10.4999054827 10.3895719237 11.2506761808 10.8119170971 11.012549267 9.30103604067 8.7567569607 8.82636855203 8.65524684086 8.00613818009 6.70626211092 3.38312272347 6.57225986557 8.42488855642 4.56637721844 2.96268080738 1.9327283477 3.25694047816 3.42874327566 3.34264181668 3.47920124567 3.39633462704 4.52827637792 7.73858521976 7.35181214071 6.63134277463 4.16814183555 2.84865159611 2.33942071174 1.92122258332 2.78580607417 2.10357886031 1.73435482472 2.1901207911 2.98139601727 2.42491905408 2.10509756144 2.28622477827 2.0968315825 1.92735613561
-9999 -9999 -9999 -9999 -9999 -9999 -9999 -9999 -9999 -9999 -9999 -9999 -9999 -9999 -9999 -9999 11.0363574681 11.0075355814 11.0483632232 10.759717217 10.2203391673 10.4928831497 9.98268550605 9.16220977675 8.90876273498 9.17876160056 8.29371142969 7.96122505387 3.44339837948 5.8223156517 3.61958856113 2.5410880394 2.97973773461 2.2211101974 3.35961052799 3.3510489306 4.23525553443 3.52772154371 3.36864510185 3.51893737277 6.24051171362 5.18040287178 6.19563204067 6.2953483258 4.71985167504 3.89263515933 4.33592239291 3.34395041645 1.72031843509 2.02769999709 2.53139284962 2.62528870808 3.1331735607 3.27759003167 3.68771780108 2.899440726 1.94166723724
-9999 -9999 -9999 -9999 -9999 -9999 -9999 -9999 -9999 -9999 -9999 -9999 -9999 -9999 -9999 9.60489754369 9.80476245691 10.3471982748 10.9063997873 10.7606982299 10.0974462002 10.0339733686 9.29712537033 9.16887652072 8.60075586182 8.82460543975 8.27827617422 8.40184418921 4.80071532983 6.99174884899 7.33873909572 7.43494931291 7.36673357002 4.6723566426 4.35786707322 6.62125832371 6.45287931463 6.36153461173 5.40033335051 3.01342070924 5.59056405339 5.05826278615 4.19810221628 4.15790256041 4.01969560959 3.4187403395 3.12772786126 2.78307832626 2.22258127737 2.4580533359 2.03068968564 1.67810222242 1.81644171061 1.98496837781 2.10381738004 2.15342523929 2.28846039954
-9999 -9999 -9999 -9999 -9999 -9999 -9999 -9999 -9999 -9999 -9999 -9999 -9999 -9999 10.3017436858 9.95238796572 9.94656568843 9.33980293822 10.319344821 10.5201403928 9.98280742181 10.2874669719 9.310384144 9.41725032958 8.58003386163 8.46156144503 7.89971466035 8.14514403521 7.80218462657 7.80391665047 6.97530920405 7.06000662009 6.04936708698 5.77523032867 5.88613050502 7.73084298967 5.9457813976 5.14190714149 3.92872141986 5.47363510688 5.22932831502 3.7614760271 3.52663009598 3.7264965331 2.86594649757 2.57470808613 3.64204893049 2.80711606392 2.40739097379 2.04031268093 1.84706753513 1.83250056814 1.92556389816 1.88783089731 1.77545337882 1.86887087869 1.8640600282
-9999 -9999 -9999 -9999 -9999 -9999 -9999 -9999 -9999 -9999 -9999 -9999 -9999 -9999 10.5628378079 10.7128174115 10.4133847891 9.09483780251 8.28981806581 8.82237823914 9.3801544787 9.80989204958 9.29768131554 9.46078654143 8.44488012539 8.00516928789 6.8103249022 6.93989850684 6.80306010954 7.67832757306 7.30668911698 6.95869336097 5.46784928153 5.1384271156 4.65234400856 6.08557048744 6.95619276682 7.82000670583 5.51733917008 5.59490067008 6.28102576909 6.00316303672 3.74950076369 3.55261673226 3.21028974954 2.2482067228 3.15058119398 3.74656412326 3.11440981686 3.30734369677 3.27212861185 3.25132994856 2.55259821839 2.31111117055 2.4892318151 2.41139840012 1.92322318923
-9999 -9999 -9999 -9999 -9999 -9999 -9999 -9999 -9999 -9999 -9999 -9999 -9999 -9999 -9999 -9999 10.5114613258 10.1573516671 10.1441341908 10.0421548281 9.46657660481 9.61318032287 9.72068285655 9.72722979726 8.63263224782 7.62730892034 5.43794532135 5.61484391756 4.88163814324 6.21391252119 6.49710137714 5.6235153012 5.20106530099 4.74361118255 4.70363180593 4.73163353086 5.41336820042 5.34575946633 6.28638004999 5.76636180873 4.06806160945 4.16266462269 5.6623629573 4.93550722267 2.59923800238 2.91749710847 2.66669158529 2.39770917202 2.34065171805 2.54380435829 2.4761588926 2.53270134181 2.27007797953 2.0298692074 1.47553366639 1.55247799316 2.09088993521
-9999 -9999 -9999 -9999 -9999 -9999 -9999 -9999 -9999 -9999 -9999 -9999 -9999 -9999 -9999 -9999 10.6734518605 10.4681296049 10.4369823885 9.30678666022 9.17636861164 9.47151625778 9.025961442 9.20359254173 9.08815735545 8.08244467716 6.57658160404 6.42433150376 6.00693287473 6.35545566985 6.52389241161 6.32825307383 5.44280646444 4.8643250308 3.84564460249 4.00929827318 3.97410247109 4.37682636517 3.29424295478 3.02718999723 3.38152549409 3.99291821361 2.81242218267 3.57324727419 4.08849529163 2.53316079427 1.36431019473 1.870645182 1.94589694213 1.56909390101 1.27961937165 1.29763783876 1.01030157396 1.14988429758 1.07053379987 1.07676312908 1.03550831029
-9999 -9999 -9999 -9999 -9999 -9999 -9999 -9999 -9999 -9999 -9999 -9999 -9999 -9999 -9999 -9999 -9999 -9999 10.4959878694 9.74081222348 8.69495424933 9.13603630836 9.4824235482 9.6790551713 8.89956995041 8.653338348 6.32346057088 6.44881890096 6.11228855335 6.15740992655 5.28203505999 4.94895960472 4.69756267147 4.84566921256 3.80158032984 4.3216161871 4.16236720446 3.45624233177 3.15818857598 3.73766313611 3.02537497081 2.79312246914 2.57064313789 2.55756325962 2.21639997093 2.61366910461 1.64196656117 1.69335436557 2.10362962234 1.38006768824 1.47064323038 1.69036942912 1.03305457626 1.06150931319 1.15488108814 1.2300632444 1.1175482166
-9999 -9999 -9999 -9999 -9999 -9999 -9999 -9999 -9999 -9999 -9999 -9999 -9999 -9999 -9999 -9999 -9999 -9999 -9999 8.99128887829 8.92288290777 9.18643338179 8.96108331375 10.6762170682 9.47530089652 9.30019015209 7.92856196137 6.51187189509 5.29207031116 5.18305083167 4.98694448993 5.7197881658 4.54936006229 4.23054868152 3.2447963594 2.9190756271 2.74275148025 3.38066575794 3.01540892505 3.26836152242 2.66784532619 2.50642599084 2.11805506221 2.50390356332 2.46605008819 2.52841433027 2.11393439163 1.40361148201 1.04611152131 1.90384314146 1.23617554657 1.19923533631 0.916941105917 0.908220360563 1.03737222261 0.992508368433 0.776163458811
-9999 -9999 -9999 -9999 -9999 -9999 -9999 -9999 -9999 -9999 -9999 -9999 -9999 -9999 -9999 -9999 -9999 -9999 9.964604699 10.3617599513 10.3814842404 10.2496334447 9.05487483803 9.95570991165 9.37684806407 9.28071503987 8.2363227565 7.76684254889 5.73453040436 5.49335305611 3.87771948357 2.24653908909 4.58507696454 4.18482482059 3.54096885294 3.94431578718 4.32785383689 4.19006138046 3.79762578661 3.66491466016 3.40210163996 2.66679925502 2.40570152237 2.63947607734 2.75349507691 2.56511788434 2.33649022476 3.37384039947 2.53325078395 1.40278628568 2.223124868 2.55335454424 2.07727578284 1.85671766241 1.38974360206 1.22368408717 1.06200165634
-9999 -9999 -9999 -9999 -9999 -9999 -9999 -9999 -9999 -9999 -9999 -9999 -9999 -9999 -9999 -9999 -9999 -9999 -9999 11.3268507959 11.1631151221 10.9046207709 9.28225716715 10.2138601868 9.89310915174 9.82673860212 8.06298387369 8.26673241123 6.92358284051 7.67428423552 4.68040787134 4.64952818506 5.56642964192 4.2546562922 3.93958914981 3.34983641988 2.52947495642 2.3007183123 1.98762538259 1.99004491286 2.0978609737 2.63517981513 2.64239345892 2.56506151188 2.43708637579 3.58085265358 2.73490886834 2.30529012125 2.61585417799 1.80928200017 0.711126427243 2.81689632732 2.95843429183 2.31620308878 2.92715514398 0.769609181249 0.697857426782
-9999 -9999 -9999 -9999 -9999 -9999 -9999 -9999 -9999 -9999 -9999 -9999 -9999 -9999 -9999 -9999 -9999 -9999 -9999 -9999 10.3382282121 10.7545651132 9.33570067449 10.0228146515 9.28444031638 9.69201647979 8.04923365598 8.43215277819 8.6010913839 8.20813589676 7.26453823641 7.11485447988 4.74460911708 4.38488925414 3.15184970184 3.72078199467 3.34076233335 3.63790077583 3.41019034041 3.22498192086 2.62924953148 3.17648860989 3.17408432443 2.90062711328 3.45764083033 3.12156794878 2.65595855185 2.90249006292 2.59347309939 2.86011250326 2.22672899037 1.39877388688 0.684294033085 1.32541385943 2.63653885846 0.849588305819 0.805787650565
-9999 -9999 -9999 -9999 -9999 -9999 -9999 -9999 -9999 -9999 -9999 -9999 -9999 -9999 -9999 -9999 -9999 -9999 -9999 -9999 -9999 10.6393558608 9.8607603743 10.0014147289 9.08238096703 8.77263993767 8.10723065975 8.85010328189 8.16928848299 8.01521717245 7.95147741923 7.97260823981 4.91579116198 3.02719399691 4.87313964309 4.71772938629 3.81515068728 3.02412035974 2.70364946038 2.91354025951 3.53655242582 3.67671836262 3.8891110613 3.02604634231 2.60277179758 2.09749884934 2.42693430775 2.61609153751 2.48062580717 2.91812919431 3.70550116117 2.9032704965 1.6981043243 1.17201919983 0.315357117871 0.443873098621 0.495301453375
-9999 -9999 -9999 -9999 -9999 -9999 -9999 -9999 -9999 -9999 -9999 -9999 -9999 -9999 -9999 -9999 -9999 -9999 -9999 -9999 -9999 9.87659452437 9.31565024974 9.31305822486 9.72230117785 10.0915986522 9.04809224686 8.26465557616 7.36238621302 7.78672143756 2.71251016772 6.76663879235 5.54183980609 4.73099379746 3.34546214837 3.76651992627 3.24968830195 2.93375404568 2.56451919901 3.32950911218 3.56455696558 3.4542031816 2.87023774276 2.79867961998 3.2064549772 3.08389403268 2.84403975672 2.78893691468 1.93822307829 2.11834074271 2.41955893069 1.61571245297 1.83348934278 0.678954989589 0.635935229152 0.353636375347 0.357564492506
-9999 -9999 -9999 -9999 -9999 -9999 -9999 -9999 -9999 -9999 -9999 -9999 -9999 -9999 -9999 -9999 -9999 -9999 -9999 -9999 -9999 -9999 9.56424132487 10.1941306014 10.4777285914 10.1747091331 9.08292346942 8.48317664366 6.63122366525 7.00654464819 7.07836004476 7.27340704146 5.36151298623 4.98618467161 5.00443258883 4.27192636925 3.93928604817 3.66196177352 3.23028015324 3.52385819766 3.68755125807 2.78124702503 2.8987089931 3.46425503771 2.25948572014 2.07127912954 1.62805215521 1.94720020545 2.3650453658 2.91010920347 1.23550978409 2.35563890493 3.11279273729 1.13771199645 0.345899513268 0.287407627567 0.306758978949
-9999 -9999 -9999 -9999 -9999 -9999 -9999 -9999 -9999 -9999 -9999 -9999 -9999 -9999 -9999 -9999 -9999 -9999 -9999 -9999 -9999 -9999 9.75862974641 9.59685275313 10.2808098561 10.6040635114 9.48866954142 7.5618787232 7.01433809706 7.15676825992 6.31862780204 6.41634652432 5.94010506273 5.25494302279 4.32476839745 5.14417974884 3.97042172064 3.69255258984 3.99740669572 4.04030540123 3.04785555036 3.74174780776 2.93680603896 2.48761861022 2.21293782157 2.56329038056 2.90480428865 3.00330484411 1.91787087614 1.87862486131 1.79748521616 3.24803752369 0.827923656602 2.01505098232 0.94692579635 0.817060505622 0.509242006287
-9999 -9999 -9999 -9999 -9999 -9999 -9999 -9999 -9999 -9999 -9999 -9999 -9999 -9999 -9999 -9999 -9999 -9999 -9999 -9999 -9999 -9999 9.83668254851 10.2099689441 11.4096276127 10.9405360781 9.87423293105 8.5302576058 7.46684560005 8.04094280365 6.89745739258 6.45466201866 5.76269613732 5.51487350383 5.43966376876 4.38059482178 4.08467496962 4.88787463957 4.34253011203 4.08216185064 3.94994265706 3.36194835969 2.5642026829 3.02808554306 3.45081006686 3.25450150552 3.0955486681 2.78392930961 2.19246734855 2.19613305169 2.54146476555 2.17760947178 1.58740813011 1.79633073479 1.87135469933 2.03773342541 0.89768250043
-9999 -9999 -9999 -9999 -9999 -9999 -9999 -9999 -9999 -9999 -9999 -9999 -9999 -9999 -9999 -9999 -9999 -9999 -9999 -9999 -9999 -9999 -9999 10.5379959524 11.7278532219 11.07185794 9.45837649133 8.13293542691 7.14939279858 7.82192250045 6.92634030582 7.26324353597 6.51401020843 6.62221648646 5.01053182205 5.34792384692 5.16524231878 4.71042470365 3.48494865487 3.41202362393 2.61386283688 3.21621326647 3.7028503579 3.74504699674 3.29961392262 3.02815258143 1.9232449331 1.75423193399 1.61875710639 1.73750347265 1.35602615967 1.66353661985 1.75398489477 2.49564277519 1.16021481324 0.707594867562 1.41442266034
