data/recharge/transience/oldversion/mHM_recahrge_162.ASC
ncols   80
nrows    72
xllcorner    4374000.0
yllcorner    5656000.0
cellsize      500
NODATA_value  -9999
[rows 0 to 24 of 72, columns 0 to 55 of 80]
-9999 -9999 -9999 -9999 -9999 -9999 -9999 -9999 -9999 -9999 -9999 -9999 0.861751175121 0.888887747785 -9999 -9999 -9999 -9999 -9999 -9999 -9999 -9999 -9999 -9999 -9999 -9999 -9999 -9999 -9999 -9999 -9999 -9999 -9999 -9999 -9999 -9999 -9999 -9999 -9999 -9999 -9999 -9999 -9999 -9999 -9999 -9999 -9999 -9999 -9999 -9999 -9999 -9999 -9999 -9999 -9999 -9999
-9999 -9999 -9999 -9999 -9999 -9999 -9999 -9999 -9999 -9999 -9999 -9999 2.50943517305 1.58995867038 1.13792488436 -9999 1.31990815291 -9999 -9999 -9999 -9999 -9999 -9999 -9999 -9999 -9999 -9999 -9999 -9999 -9999 -9999 -9999 -9999 -9999 -9999 -9999 -9999 -9999 -9999 -9999 -9999 -9999 -9999 -9999 -9999 -9999 -9999 -9999 -9999 -9999 -9999 -9999 -9999 -9999 -9999 -9999
-9999 -9999 -9999 -9999 -9999 -9999 -9999 -9999 -9999 -9999 1.73411534459 1.74301550022 2.08191639914 2.21691553311 1.34753578053 1.10699580883 0.81638943536 0.860555951668 -9999 -9999 -9999 -9999 -9999 -9999 -9999 -9999 -9999 -9999 -9999 -9999 -9999 -9999 -9999 -9999 -9999 -9999 -9999 -9999 -9999 -9999 -9999 -9999 -9999 -9999 -9999 -9999 -9999 -9999 -9999 -9999 -9999 -9999 -9999 -9999 -9999 -9999
-9999 -9999 -9999 -9999 -9999 -9999 -9999 -9999 -9999 1.76403944752 1.74381196981 1.6876472966 1.54589514432 1.72270866897 1.46396455923 1.34369739422 1.11820245423 1.49577567393 -9999 1.6825874109 -9999 -9999 -9999 -9999 1.45850113445 1.50330419248 -9999 -9999 -9999 -9999 -9999 -9999 -9999 -9999 -9999 -9999 -9999 -9999 -9999 -9999 -9999 -9999 -9999 -9999 -9999 -9999 -9999 -9999 -9999 -9999 -9999 -9999 -9999 -9999 -9999 -9999
-9999 -9999 -9999 -9999 -9999 -9999 -9999 -9999 3.41250796221 2.64509402433 1.81692906942 1.66079400075 1.50000568548 1.28409884144 1.29639363117 1.16731467755 1.04906163877 0.922880735831 0.854844096257 1.08730631731 1.16009597862 1.30006591719 -9999 1.1783352835 1.9650851467 1.82633780188 -9999 -9999 -9999 -9999 -9999 -9999 -9999 -9999 -9999 -9999 -9999 -9999 -9999 -9999 -9999 -9999 -9999 -9999 -9999 -9999 -9999 -9999 -9999 -9999 -9999 -9999 -9999 -9999 -9999 -9999
-9999 -9999 -9999 -9999 -9999 -9999 2.81825398988 2.16743102591 1.98677233012 2.17531448654 2.33584967395 2.38737631904 1.85456023618 1.65692537635 1.25049862753 1.46097710669 1.17417723659 1.04720798942 1.10416470288 1.06287181798 1.09431698056 1.22963379857 1.31610558226 1.20412886036 1.4100823811 1.3145768099 1.58134775545 -9999 -9999 -9999 -9999 -9999 -9999 -9999 -9999 -9999 -9999 -9999 -9999 -9999 -9999 -9999 -9999 -9999 -9999 -9999 -9999 -9999 -9999 -9999 -9999 -9999 -9999 -9999 -9999 -9999
-9999 -9999 -9999 -9999 -9999 -9999 3.0887136856 2.62575757446 1.86247475407 1.74253514777 1.49411169987 1.56731655551 1.46942558876 1.35740104317 1.16499749599 0.939585817967 1.08099707211 1.02905313091 1.15792286122 0.803969858468 0.971765972893 1.28733549584 1.19423452635 1.2609046931 1.23727428706 1.08349182123 1.66942021145 1.79827093028 1.89777477029 1.69970879405 2.60820688149 2.54950540848 -9999 -9999 -9999 -9999 -9999 -9999 -9999 -9999 -9999 -9999 -9999 -9999 -9999 -9999 -9999 -9999 -9999 -9999 -9999 -9999 -9999 -9999 -9999 -9999
-9999 -9999 -9999 -9999 -9999 4.29689698756 3.30723230667 3.2349599953 2.73529829109 3.06111967528 2.63319377222 2.15692432423 1.45352008352 1.61195734007 1.39646777599 1.42008496758 1.06406982299 1.15040884171 1.46062028753 0.86236408844 0.981628906088 0.911022718254 1.07310627971 1.14441156852 1.3507476207 1.49186155758 1.58749595843 1.41570388906 1.75676114042 1.67805879983 1.73682253856 1.91302462975 1.72054955835 1.60307840963 -9999 -9999 -9999 -9999 -9999 -9999 -9999 -9999 -9999 -9999 -9999 -9999 -9999 -9999 -9999 -9999 -9999 -9999 -9999 -9999 -9999 -9999
-9999 -9999 -9999 -9999 -9999 4.54496547642 3.77466607012 3.81805916219 3.01503942828 2.6340500953 2.39183811215 2.67327298868 1.40612629341 1.30133391962 2.09700164658 2.53214003544 1.28493976349 0.672904077791 0.968895306384 0.801981096201 1.19693822474 1.18473218204 1.48731964523 1.38019736174 1.33255595344 1.07155999647 1.36435481722 1.13684746871 1.46080389029 1.50790414305 1.53755975779 1.55128920223 1.72582377665 1.59100190616 1.74010008286 1.60722041894 -9999 -9999 -9999 -9999 1.81183701349 1.6000474297 -9999 -9999 -9999 -9999 -9999 -9999 -9999 -9999 -9999 -9999 -9999 -9999 -9999 -9999
-9999 -9999 -9999 -9999 -9999 4.00651983028 3.38108331899 3.52278056968 3.27481117784 3.61749960226 3.01900669546 2.78545657534 2.22122006508 2.74228217461 2.44575972331 1.88243121038 1.47294391952 2.11086892654 1.65973983088 1.74138188428 1.57029257416 1.06361604501 1.05215132507 0.970356786293 1.27406047289 1.216352292 1.28073482185 1.04453355916 1.58084527827 1.29133236672 0.912262078613 1.21734902584 1.68571059743 1.58600489034 1.51060429608 1.72830267985 1.7141137746 -9999 -9999 1.71384963419 1.93742539294 1.81676672203 2.09178013663 -9999 -9999 -9999 -9999 -9999 -9999 -9999 -9999 -9999 -9999 -9999 -9999 -9999
-9999 -9999 -9999 -9999 -9999 -9999 4.7713620273 5.36668130499 3.84940075008 3.54497723673 2.75045769228 3.19863613159 3.51275116723 4.32586388666 1.83409918684 1.53484251747 1.66103937919 1.57469899362 1.25787596432 1.21335558573 1.38700001627 1.49926397811 1.42012225983 1.6228174491 1.43992859575 1.20691574989 1.00378875644 1.19404839081 1.23621117881 1.25732375123 1.3040686504 1.54863432841 1.4523865489 1.46207656925 1.60492224301 1.63883559641 1.58833757008 1.38476997819 1.73144970329 1.64872239118 1.62524669758 2.13774842196 1.48636129534 1.23497670899 -9999 -9999 -9999 -9999 1.85297130113 1.57628649285 0.382745872122 -9999 -9999 -9999 -9999 -9999
-9999 -9999 -9999 -9999 -9999 -9999 -9999 4.4940936935 3.31932611568 4.1001467541 3.80086579749 3.23732540638 2.63283198093 2.10642183996 1.80669772666 2.55950546681 2.25950691648 2.14252584255 2.04032146956 1.53314341234 1.24328834641 1.2574794622 1.29211561208 1.3164148373 1.24737137155 1.04130195555 1.16654269079 1.2231653558 1.29858980707 1.20306573931 1.3762930817 1.35925362639 1.51861224387 1.37653478476 1.70761425379 1.68626581824 1.79890219348 1.73698327913 1.67221372328 1.665260244 1.36292252484 1.30781245589 1.54760456276 1.83508311008 1.61729223819 1.79221294337 1.89553186388 1.60027071373 1.50662217386 1.2666329192 0.944767165505 0.659080834534 -9999 -9999 -9999 -9999
-9999 -9999 -9999 -9999 -9999 -9999 -9999 -9999 3.18122517685 2.86773925322 3.27105959389 3.86335772148 3.20422844281 3.65478465945 3.13937923843 2.70077346475 1.79005448761 1.80672071243 1.41071870667 1.69986056249 2.42990917988 2.27394100676 2.20819571469 2.6870208607 2.84977118752 2.71419592824 1.39861576333 1.24269146752 1.08510007256 0.829980598429 1.18706954051 1.21920237165 1.30441327667 1.18772984032 1.40205951318 1.56038290738 1.57811133993 1.68102548236 1.49196212535 1.48837110706 1.5590845865 1.63797235351 1.72037008204 1.56705043665 1.51192301862 1.37791766944 1.47499701005 1.30157786951 1.17612654743 1.01951078651 0.835025087865 0.900355009257 0.707041888069 -9999 -9999 -9999
-9999 -9999 -9999 -9999 -9999 -9999 -9999 -9999 4.34274949877 3.52975093484 2.87670690889 2.91120438198 2.64597581759 2.61301747913 2.00103264366 1.92101651458 1.75372702787 1.94617295504 1.70368492188 1.93038094469 2.23712008597 2.19114636592 3.03913255718 4.26117769154 3.680780625 2.62948804602 3.08491459498 1.79786095363 1.18975891448 0.93381263593 0.920037094433 1.06926047568 0.989364770595 1.10555942419 1.42582023174 0.755533949326 1.7858879055 1.5874238203 1.48551769062 1.44129346768 1.41626117349 1.48806331026 1.60065519644 1.59162989782 1.38513415529 1.3686172662 1.45563985826 1.33672580216 1.18520581011 0.946976276901 0.879349077509 0.886375040997 0.867094009649 1.04881700089 0.823821492948 0.918592535849
-9999 -9999 -9999 -9999 -9999 -9999 -9999 -9999 -9999 5.30755369391 4.12647345827 2.92889575858 2.92170397407 3.15587012123 2.78666989137 2.86263286497 3.27058662837 3.5523653487 3.5503665293 3.57163525578 3.12170007301 2.14084376265 2.54803080991 6.24691850927 5.39440295741 4.22666140904 3.09908593101 2.79107025688 1.36364353662 1.18976847232 1.19333726984 1.24513141249 1.22581578298 0.968126176059 1.15836137135 1.2465167824 1.54446025419 1.40777892506 1.29572594675 1.3194258751 1.25746589666 1.30966214342 1.44136646955 1.99178125655 1.49455766146 1.21501322831 1.0678920786 1.04150292759 0.76587170949 0.711999607312 0.712316447354 0.674586165679 0.717281952051 0.850109547951 0.911185805869 0.968937530065
-9999 -9999 -9999 -9999 -9999 -9999 -9999 -9999 -9999 -9999 3.44473020349 3.5049015217 2.7982903663 3.03393912729 2.46763551965 2.182826371 2.09538347222 3.0205021686 2.38787716426 1.85565320659 1.70676355689 1.6592766948 1.38499561778 2.28808889847 3.55342151848 4.15692154903 3.7719611451 3.18686817149 2.63047439125 1.77847164263 1.17491599003 1.18496523152 1.40129580444 1.17947154965 1.56261753642 1.39878017142 1.48237359136 1.40956209373 1.3137574148 1.32724319146 1.36399760036 1.35491127943 1.27628195994 1.78766758247 2.23063066768 2.00067419498 1.73090948331 1.21373625722 0.887467528065 0.849228750853 0.881652278449 0.830406597397 0.656382120159 0.825192588822 0.717422443616 1.00703278891
-9999 -9999 -9999 -9999 -9999 -9999 -9999 -9999 -9999 -9999 -9999 2.34807256062 1.9883652864 2.90535488707 2.61505909261 2.23088407228 2.3582728573 2.30474590192 1.77517899914 1.95782006184 2.25392104685 2.2269791153 1.70712463637 1.23354384442 1.55772602016 2.02131234635 3.17000130007 4.64721743719 4.28563374918 1.32987806388 1.64620943993 1.3542827506 1.23593249805 1.32414201364 1.24342056427 1.06657623583 1.28954641738 1.27381016694 1.31742160599 1.31675847503 1.45248881501 1.29973673316 1.31963534587 1.27597722578 1.43985766014 1.26046398496 1.40973987853 1.79064101959 1.23407835121 0.868614574177 0.702389278437 0.915263637563 0.910237750612 0.773760638054 0.607082376171 0.635460313997
-9999 -9999 -9999 -9999 -9999 -9999 -9999 -9999 -9999 -9999 -9999 1.62159233504 2.08799680277 2.36363830791 2.61834892815 2.37709294128 1.82456283718 1.62701257557 1.85327410984 1.88890072176 1.90538686405 2.31932159861 1.55973831699 1.45799020255 1.48133880666 1.85763404941 2.12440498693 3.05315547517 3.38593153749 2.81663576559 4.31427243624 4.13062280124 2.33414087631 2.57083774391 1.77293689919 1.19460987153 1.27970158927 1.31848689102 1.25872045057 1.29662953237 1.55020933117 1.63505234777 1.21379061447 1.22850780887 1.25594371229 1.75496239057 2.27517978297 2.61136520945 2.31018515408 1.56808457301 1.58588867488 1.45893130135 1.01645270444 0.991257277218 0.862850827702 0.728498485778
-9999 -9999 -9999 -9999 -9999 -9999 -9999 -9999 -9999 -9999 -9999 4.60900013262 3.8762797422 3.51947863011 2.21801004771 2.58539736631 2.01137738465 1.41024762209 1.4750230068 1.70827573237 1.73041988171 1.79721312891 1.65984244301 1.28313732917 1.26463496459 1.23015754945 1.2226224067 1.17805324462 1.34272898683 1.66703983899 2.41271102201 4.13897959257 5.3404283236 4.92940103345 2.75002197859 2.57911663097 2.84665638096 2.03626473625 1.18497569624 0.860096909836 0.832761007723 1.4102097658 1.64501709812 1.92370286146 1.98888420833 2.49956183427 2.05176522802 1.82270943218 1.74754169116 1.78629104974 1.30407549129 1.48299001437 1.48636607744 1.65083529984 1.19637631689 0.765059080411
-9999 -9999 -9999 -9999 -9999 -9999 -9999 -9999 -9999 -9999 -9999 -9999 2.67891681108 3.25311735658 2.91733521541 2.56084746971 2.25005342507 1.9200640123 1.53162037222 1.82045145927 1.82614383556 1.65499281756 1.66993057277 1.69880360365 1.34893863418 1.40088662693 1.26230175761 1.3368590032 1.28550855364 1.18580449062 1.19301303943 1.28959077887 1.31749713654 2.019101473 2.98578840849 0.582610314042 2.95457929446 2.52740880763 2.06175326769 1.2963508904 1.45082782311 1.45171756885 2.13289504514 2.52608825409 2.60712581611 2.45616232837 1.9525364584 1.85016956591 1.33872902119 1.54991988039 1.27828758537 1.00787141981 0.804637984726 0.808235149405 0.775690002349 0.642408070164
-9999 -9999 -9999 -9999 -9999 -9999 -9999 -9999 -9999 -9999 -9999 4.09528851063 3.80699503658 4.29240055157 4.36772763265 2.42617205869 2.20011227817 2.47938111205 1.92924127468 2.04697700084 1.56012250867 1.51505920786 1.36092361192 1.4215302525 1.50722015243 1.4680816401 1.32610988282 1.20364121978 1.27588447516 1.20317647331 1.08910687367 1.16282534708 1.04534037648 1.02433681198 1.13173723233 2.82785156461 3.27859637123 2.28113769563 1.96620689543 1.23918445403 1.32469562373 1.23473619227 1.87903846272 2.39413853849 3.00379800237 2.99625537074 2.16556527552 2.44029690138 1.83204382296 1.83101608603 1.18409517324 0.737191551217 0.623121622033 0.629873138015 0.557191921238 0.635786192158
-9999 -9999 -9999 -9999 -9999 -9999 -9999 -9999 -9999 -9999 -9999 4.40193393132 5.2570329533 5.00567808695 3.39162587065 2.33062308154 2.86994193473 2.69352125341 2.04376733153 2.17780345182 1.96853738305 1.99293598737 1.57420804617 1.58360535288 1.6322467491 1.68691560208 1.02147782888 1.2908368233 1.50836093361 2.07542931443 1.77076874867 1.20507184908 1.01255947969 1.02580549076 1.08121712641 1.60362728804 2.56892857198 3.21005520652 2.34335312908 1.8442531513 1.14927976779 1.32918023233 1.53087068043 1.57711737457 1.61946499324 1.53046395938 1.75977793343 1.87112487313 1.67445374438 1.81691155853 1.09480842337 1.17933864589 0.990096841017 0.914453768041 0.820759715529 0.742616968473
-9999 -9999 -9999 -9999 -9999 -9999 -9999 -9999 -9999 -9999 -9999 6.23642586621 5.9122946081 4.932642912 4.87840736745 4.73927542203 2.95004307684 3.2185150808 2.88360042643 2.97768396706 1.66773034697 1.05640139115 2.35694832471 3.23869150414 2.63806370108 2.63570097265 2.75178032463 2.26222223031 1.65513849848 1.27847696901 1.27089410532 1.8442967353 1.87970269269 1.69193325093 1.25308181945 1.5783962448 1.91602146706 1.54358560702 2.46947306947 1.42830206475 1.36643763756 1.45752716679 1.21446039788 0.943615077126 0.865902383073 0.880578493056 1.14151697116 1.18247464093 0.984163123107 0.89203914558 0.853301549484 0.896747497857 0.703340915007 0.644745381384 0.586704592811 0.692618723893
-9999 -9999 -9999 -9999 -9999 -9999 -9999 -9999 -9999 -9999 -9999 -9999 6.173346009 5.71085773555 4.41812366417 4.14217275887 3.58714268062 3.61625733635 2.82979586364 3.0589208525 2.73621208572 3.23976363614 2.61587110475 2.38634871942 2.42578414325 2.3789090994 2.03728846668 2.17514156494 2.00252124758 1.72106761252 1.4192585165 1.20263882721 0.955943232249 1.08402289239 1.09289917553 2.4555124713 2.18464849899 1.86820990561 2.70450092425 2.22350630559 1.27435008609 1.09315014428 1.13538174307 0.961409659621 0.943854500508 0.936702544728 0.910536152992 1.06272981852 0.866118430816 0.843731566309 0.685579974047 0.326668144059 0.347806286734 0.862326968935 0.728331627327 0.683939938484
-9999 -9999 -9999 -9999 -9999 -9999 -9999 -9999 -9999 -9999 -9999 -9999 7.39716741423 5.86577715181 4.97791849471 4.49806402692 3.45165095988 3.82118525108 3.40641961577 2.86597271743 2.86888588378 2.52147259924 2.65972162046 3.60804181568 2.90486742616 3.2130409722 3.45445624421 3.05705413592 2.49177291444 3.11714631718 2.52081011168 2.65488416629 2.33458138541 2.11248724451 2.32647801102 2.72357450926 2.41171648866 2.85663606765 3.46426506563 2.41584113795 1.58989844664 1.00398294435 0.838642806756 0.823471394025 0.82612463458 0.846434335165 0.757933339735 0.802762661272 0.657932879749 0.667124828861 0.60911198152 0.479208779172 0.514443573868 0.586189339938 0.551836427421 0.720227709287
