data/recharge/transience/oldversion/mHM_recahrge_210.ASC
ncols   80
nrows    72
xllcorner    4374000.0
yllcorner    5656000.0
cellsize      500
NODATA_value  -9999
[rows 0 to 24 of 72, columns 0 to 56 of 80]
-9999 -9999 -9999 -9999 -9999 -9999 -9999 -9999 -9999 -9999 -9999 -9999 31.8935625963 32.9354097146 -9999 -9999 -9999 -9999 -9999 -9999 -9999 -9999 -9999 -9999 -9999 -9999 -9999 -9999 -9999 -9999 -9999 -9999 -9999 -9999 -9999 -9999 -9999 -9999 -9999 -9999 -9999 -9999 -9999 -9999 -9999 -9999 -9999 -9999 -9999 -9999 -9999 -9999 -9999 -9999 -9999 -9999 -9999
-9999 -9999 -9999 -9999 -9999 -9999 -9999 -9999 -9999 -9999 -9999 -9999 31.2524830896 28.5779494289 26.6854047639 -9999 27.9182866111 -9999 -9999 -9999 -9999 -9999 -9999 -9999 -9999 -9999 -9999 -9999 -9999 -9999 -9999 -9999 -9999 -9999 -9999 -9999 -9999 -9999 -9999 -9999 -9999 -9999 -9999 -9999 -9999 -9999 -9999 -9999 -9999 -9999 -9999 -9999 -9999 -9999 -9999 -9999 -9999
-9999 -9999 -9999 -9999 -9999 -9999 -9999 -9999 -9999 -9999 28.7268104738 28.3493420791 30.1868411053 30.2183932296 26.1457101536 23.8872132443 20.7404943691 20.9613210009 -9999 -9999 -9999 -9999 -9999 -9999 -9999 -9999 -9999 -9999 -9999 -9999 -9999 -9999 -9999 -9999 -9999 -9999 -9999 -9999 -9999 -9999 -9999 -9999 -9999 -9999 -9999 -9999 -9999 -9999 -9999 -9999 -9999 -9999 -9999 -9999 -9999 -9999 -9999
-9999 -9999 -9999 -9999 -9999 -9999 -9999 -9999 -9999 28.2156775602 28.4911421155 28.2372540801 27.5434830638 28.3934498923 27.1467210434 25.990298196 23.0371457457 27.7721707336 -9999 27.9877928463 -9999 -9999 -9999 -9999 21.9154560349 23.3318457753 -9999 -9999 -9999 -9999 -9999 -9999 -9999 -9999 -9999 -9999 -9999 -9999 -9999 -9999 -9999 -9999 -9999 -9999 -9999 -9999 -9999 -9999 -9999 -9999 -9999 -9999 -9999 -9999 -9999 -9999 -9999
-9999 -9999 -9999 -9999 -9999 -9999 -9999 -9999 33.1836331638 31.1702897703 28.4986645645 27.9761931852 27.3165527326 25.9519845085 25.9798923428 24.9167142535 22.2899428887 21.8885919671 20.2960444255 23.4640126356 22.9273867059 24.1557965931 -9999 21.2787590678 24.9996994001 24.8593217674 -9999 -9999 -9999 -9999 -9999 -9999 -9999 -9999 -9999 -9999 -9999 -9999 -9999 -9999 -9999 -9999 -9999 -9999 -9999 -9999 -9999 -9999 -9999 -9999 -9999 -9999 -9999 -9999 -9999 -9999 -9999
-9999 -9999 -9999 -9999 -9999 -9999 31.3425051421 29.008796937 28.8978118289 29.6223158484 30.6386234835 30.7962184527 29.0962170031 28.2206710465 25.6336419321 27.130268733 23.2821622555 22.1559683738 22.7639918985 23.1817444102 22.3008380738 23.5106900032 21.5597009163 21.4668526846 22.4545189216 21.7718514087 22.5075899515 -9999 -9999 -9999 -9999 -9999 -9999 -9999 -9999 -9999 -9999 -9999 -9999 -9999 -9999 -9999 -9999 -9999 -9999 -9999 -9999 -9999 -9999 -9999 -9999 -9999 -9999 -9999 -9999 -9999 -9999
-9999 -9999 -9999 -9999 -9999 -9999 31.8423719009 30.5723413629 28.0566441438 27.4351679633 26.5718209352 27.3309329122 26.8567773721 25.6894212186 24.0978543441 22.1217388871 21.3679631868 20.4858704006 21.5892595785 19.9664440195 20.5989763338 23.624686171 21.5378261397 21.3317482767 20.2125612084 18.9912313015 22.6893162941 23.7918404721 23.1258355471 22.0322204445 25.1571080338 25.0062150288 -9999 -9999 -9999 -9999 -9999 -9999 -9999 -9999 -9999 -9999 -9999 -9999 -9999 -9999 -9999 -9999 -9999 -9999 -9999 -9999 -9999 -9999 -9999 -9999 -9999
-9999 -9999 -9999 -9999 -9999 33.3764135704 32.2529043248 31.9472251715 31.2522963343 31.9543910257 31.3113744116 29.6339355536 25.8570143974 26.8237237661 26.2543728059 26.5058317137 21.1956715516 12.1817384992 19.8283680173 20.1986728971 20.7124902299 19.9613301127 20.4026093053 21.0665407581 20.897659959 21.7123164731 21.9587988717 21.6535778332 22.272661009 21.8327113588 21.0255552055 22.0546026152 19.953225649 19.2567515713 -9999 -9999 -9999 -9999 -9999 -9999 -9999 -9999 -9999 -9999 -9999 -9999 -9999 -9999 -9999 -9999 -9999 -9999 -9999 -9999 -9999 -9999 -9999
-9999 -9999 -9999 -9999 -9999 33.7088996284 32.6082624265 32.7845464811 31.7383845493 30.7966741267 30.5209035203 31.2965426839 22.769805377 19.0085447657 30.0507961476 31.1038713456 24.4852783867 10.8638795987 18.0685483252 20.6256417543 20.1910931944 21.2872129361 23.0169829938 22.2124742637 20.4163819236 18.5832804415 19.3803244572 17.8277026487 19.310638163 19.0956715204 18.0170973604 18.5668397211 19.3107060084 18.5111215803 18.9097264572 18.1355934346 -9999 -9999 -9999 -9999 18.4873099789 17.741617743 -9999 -9999 -9999 -9999 -9999 -9999 -9999 -9999 -9999 -9999 -9999 -9999 -9999 -9999 -9999
-9999 -9999 -9999 -9999 -9999 32.8584386991 32.26883483 32.2244158235 32.151819787 32.970788306 32.3169011675 31.7807301274 30.1783523735 31.3528891371 31.3796451996 28.8841897452 25.8849258503 29.4357118923 26.0918294463 27.9741612558 23.1898068373 20.6848407707 19.2788499765 18.4733433817 20.0255168288 19.108830591 18.6187462396 16.7172739179 20.1742063234 18.5965581705 13.1500547263 17.1568889346 19.0302105553 18.8994802978 18.0497958054 18.8192681507 18.5654490975 -9999 -9999 18.6339019589 19.678816339 19.0691741141 20.7167318161 -9999 -9999 -9999 -9999 -9999 -9999 -9999 -9999 -9999 -9999 -9999 -9999 -9999 -9999
-9999 -9999 -9999 -9999 -9999 -9999 34.4949330847 34.7662300888 33.1810110784 32.9788615894 31.5032837383 32.3783276141 32.8970806284 33.4074537361 27.9724939891 26.1107761338 26.4049881519 25.788590794 22.5870499634 22.3978399017 22.5680482105 23.4004056885 21.3466046564 22.9408943469 20.2677169999 18.2813723981 15.5049975373 16.6039013182 16.6151754323 16.6967494674 16.7574137701 17.875501378 16.8712746306 16.1849386417 16.6261846772 17.5228821948 17.6346554938 15.8526967551 17.8754378313 17.3587824112 17.1661458521 19.9872744477 16.8688231481 14.6444508025 -9999 -9999 -9999 -9999 19.0635242197 17.3373589751 5.56134779861 -9999 -9999 -9999 -9999 -9999 -9999
-9999 -9999 -9999 -9999 -9999 -9999 -9999 34.5013645661 32.4292085591 33.4236523628 33.4757195039 32.7953314837 30.8212682091 28.8651403613 28.4997738756 31.3372109844 30.0887845923 29.5509568776 28.3509251946 25.0168761235 21.2881654659 21.3826287192 20.2945142586 20.5584106467 18.7232964635 16.8834688613 15.837186396 17.2633275182 16.8784346276 16.27557328 17.1454921391 16.8633905551 17.0422471669 16.2193554826 17.9415109902 17.8512992748 17.5456335376 17.5621716187 17.560411908 17.4836875835 16.178057536 15.6246881875 13.1050103512 11.5912526162 10.0253812234 11.4021590739 11.9274261025 10.0507998176 9.60488587392 12.8633821367 13.7563950414 12.0101848179 -9999 -9999 -9999 -9999 -9999
-9999 -9999 -9999 -9999 -9999 -9999 -9999 -9999 31.9293187885 31.3923876939 32.4476862585 33.3171137466 32.1910121229 33.2760884557 32.1574519002 31.1355042276 26.3852421125 26.5452163003 22.6376599316 24.7536390783 27.8049845647 27.0383745485 20.7461612767 13.9254391553 12.8906523996 13.2039893643 14.2665671438 16.3437640988 14.4095291612 12.9957961094 13.7201128757 14.5313777337 14.5721246936 13.9174607691 15.2995796169 15.4534976586 16.0644362656 16.7970097396 15.6069044266 15.3815416394 15.3838469428 13.1646108242 9.81833975643 8.90036437334 8.65393344838 7.83485941049 8.63834788399 7.5687171745 6.95165509326 9.969892938 11.0101286145 11.7913447085 10.4921772149 -9999 -9999 -9999 -9999
-9999 -9999 -9999 -9999 -9999 -9999 -9999 -9999 34.0092255855 32.8629174963 31.541966604 31.6938506871 31.0826651395 31.0049190292 28.4414744633 27.9616378153 25.88206509 27.1897484189 24.7952763827 26.2446314469 26.7805494168 26.6231399656 22.5284121136 22.1508731797 17.2323300945 11.6346498109 14.1943395875 17.392483896 15.3123294507 12.905755703 12.9532274 13.9273793507 13.1081206567 13.6424065613 15.1856942414 8.13298093634 17.4110286866 16.2308890558 15.5358878925 15.2624777417 14.9816035851 12.5951775079 9.07921538208 9.04998779948 7.8659061518 7.76986490355 8.51761987651 7.78374268325 7.74894603684 11.892574528 11.3559401269 11.4124948157 11.1141810468 12.0863958289 10.542312793 11.2470186204 -9999
-9999 -9999 -9999 -9999 -9999 -9999 -9999 -9999 -9999 34.2980820484 33.1841583766 31.1673579924 31.2745493563 31.7337350865 30.4083534536 30.6231713421 31.4550634182 31.8897431796 31.4921786502 31.649107009 29.504132519 25.7117810917 25.0032363422 30.9843391446 23.4350034554 20.0417235421 13.4031831055 10.4190078436 8.90769691869 13.7303488418 13.001047179 13.492213052 12.8899181379 11.6495333941 13.2083327105 13.9733280326 15.1984365285 14.3379885285 13.5380869302 13.6808464133 13.2078349654 13.3236269546 7.64595867374 9.77965717145 7.36661203198 6.38682170907 5.77045932605 5.97221927496 9.0008700693 9.39363210681 9.41718168503 9.11324797339 9.58459450438 10.274363649 10.7311628026 6.63710102616 4.88606590084
-9999 -9999 -9999 -9999 -9999 -9999 -9999 -9999 -9999 -9999 32.0278005653 32.2239700479 30.871040692 31.319640223 29.1270387369 27.6866801877 27.8360377968 31.7693242578 28.455342203 25.2085243853 23.052036358 22.3404239481 19.5979422787 20.2853090174 16.4396896056 20.5009087795 17.0038199855 13.3130438113 8.39171138062 9.85466659131 13.3972655615 13.4634733822 14.4963646229 12.6935038074 15.0648007419 14.3091906587 14.7953824787 14.3448061333 13.6577432886 13.7458876979 13.8829593311 13.6612380596 11.3671618207 8.53684263553 10.8664764439 10.849857999 8.46581610447 6.68111001246 10.375674593 10.259314643 10.6651542175 10.279737061 9.20238440341 10.1802871451 9.2787347752 6.2163607942 4.82246213363
-9999 -9999 -9999 -9999 -9999 -9999 -9999 -9999 -9999 -9999 -9999 17.9992413521 21.6022268195 30.0473443794 28.6675518599 27.287515568 26.9346921404 26.6687927532 21.8273993718 23.2079955158 23.9903051073 23.5656161114 18.9456787464 16.1798555726 13.5947547759 8.07539224293 11.6392182792 16.7054010372 16.6108049654 14.1078473128 9.0662948157 12.1741045479 12.8028016727 13.0819995321 13.196727065 11.8058919948 12.8485401658 12.7487265869 13.0065682406 13.0104010903 13.4991973268 12.4249051491 12.5489952347 9.50839355386 6.71918466773 6.09398640719 7.05707526219 8.15836335241 8.44766191456 9.86883145637 8.77194030812 9.84423407094 9.82782223721 9.16066142204 7.93867380011 7.98783772686 5.20167139622
-9999 -9999 -9999 -9999 -9999 -9999 -9999 -9999 -9999 -9999 -9999 16.2416368498 23.7516511436 28.1923559257 28.7952782523 27.6351878389 23.8070968451 22.5584807296 23.2385003742 23.4581070189 22.4329450648 24.7493218427 19.1712865053 17.9044768072 17.2198319474 18.6676450053 14.6304526356 13.5043321734 10.7921835226 15.7655666152 15.5041608946 13.0502811271 6.43032782149 7.43990358206 7.5385248877 11.0652193609 12.7772761516 13.03252399 12.6291134574 12.7042317305 13.700227985 14.3208811828 11.7913205348 11.9685192485 10.1028290592 8.02379683655 10.6236867302 12.719685973 11.370754569 7.79124220912 8.68036606065 8.53154765831 6.65825246666 10.0661720234 9.85729405296 8.81918264 7.98985065658
-9999 -9999 -9999 -9999 -9999 -9999 -9999 -9999 -9999 -9999 -9999 33.3159934839 31.5995969896 30.858837366 25.6817624777 26.7252665094 23.1056353081 19.926491484 19.9230430384 20.7872295964 19.8266916553 20.2658926088 17.0922098175 15.2435444807 14.0064294506 13.9331856057 12.9450509023 12.6531867208 12.8774769609 11.1311860614 8.72226878582 12.8714502507 15.9067501818 15.0832082567 9.74857481905 4.59451975612 6.52011821839 4.20633506208 10.5757316807 9.49137651104 8.91460485959 12.6140334087 13.6823962732 15.2911030119 16.0159739173 17.0502089571 9.46747396176 8.31971716629 8.13329871354 8.18472028966 6.74265687186 7.80050610559 8.24024630521 10.045730936 10.809871213 8.3784874626 6.23566158862
-9999 -9999 -9999 -9999 -9999 -9999 -9999 -9999 -9999 -9999 -9999 -9999 28.7042237595 30.2231183666 28.9839885612 26.8097985033 23.654381281 22.1351895601 19.5306384623 21.4230053116 20.4720959905 19.319593169 18.0429394174 17.8129611341 14.7585299761 15.1185379984 13.2036420197 13.6880533863 12.7130249131 12.0924784161 11.9169265692 12.5085665564 10.4338819526 7.53041018481 11.9231297072 8.04382189012 8.42088901937 5.28661509642 5.14358945368 12.2368292597 13.1703081396 12.6640806655 16.3385267539 18.3370270196 18.7894128984 18.3350642542 11.6463980359 8.45528266148 6.27977972266 7.08416390854 6.25228178697 5.27156113409 4.42553110463 4.50808784437 4.45927853747 7.00437417049 4.22219309016
-9999 -9999 -9999 -9999 -9999 -9999 -9999 -9999 -9999 -9999 -9999 31.8376350205 31.2521539933 31.8526355352 31.6861328955 18.9877380085 22.9014460653 24.3101727731 20.0635499239 21.4504885753 17.333534391 17.0194469306 14.8882789033 15.3046519716 14.7497470097 14.500420868 12.1807311927 11.8012869025 11.6080629705 11.1786989489 10.5061745671 10.953534173 10.2863201345 10.1571943512 10.8441104047 6.62035262064 7.67529917315 4.09597115414 4.04453691531 10.3251165765 11.8244323988 11.4486484163 15.5096002941 17.9667333103 20.5044195374 20.369928535 16.6870686908 12.7623730893 8.2248235884 8.38940880773 5.85588554875 3.89480576991 3.41086329856 3.44236856885 3.13462849457 3.513529553 5.16628319146
-9999 -9999 -9999 -9999 -9999 -9999 -9999 -9999 -9999 -9999 -9999 32.5722675462 33.8751790683 33.1463215122 29.600432208 23.1364352002 26.677115448 26.1144015778 21.4834168507 21.7972036167 18.6796953368 17.8431695335 15.7654854513 16.3883298976 15.5318895046 15.5619220317 10.2913345542 11.3518634032 13.1019696392 16.0080373843 14.4204874561 11.2078043644 10.0833233154 10.1664559975 10.5410684122 4.5118154757 5.12169971135 7.73931888524 4.80887895839 7.04186820386 10.6817261437 11.8576144856 14.0061893845 14.1927739538 14.415512368 13.6389582449 14.5270693408 14.857468492 12.1452798071 11.0398888809 5.62028409607 5.92180942172 5.04942668915 4.75508301093 4.37418423411 3.99873814314 3.04895968485
-9999 -9999 -9999 -9999 -9999 -9999 -9999 -9999 -9999 -9999 -9999 34.1736525832 33.8999890409 32.1601598622 32.0105794122 31.7095853219 26.247658524 27.2065346464 25.097103299 25.2172087174 17.8257987295 9.87070709954 19.1101177875 17.5674581949 11.7904999175 11.7644310555 13.1004302417 13.0437891653 10.60930417 10.0432651684 10.1966019469 14.4487821726 14.6089713711 13.5988347851 11.1042257935 3.25291078822 2.60267254627 1.83145268609 4.20069321776 3.51324394147 11.6607996166 12.1715449755 10.8421669621 9.73480680208 9.62175277291 9.6290633661 10.6808546562 10.8477916685 9.76053403788 9.23332107605 5.93419765331 4.03188417547 3.31984254477 3.18765195661 2.98015201213 3.40930110725 3.9828663505
-9999 -9999 -9999 -9999 -9999 -9999 -9999 -9999 -9999 -9999 -9999 -9999 34.5114541242 33.4357940545 31.406598899 31.0032151221 28.5449977374 28.4118329612 24.1856020128 25.5995842936 23.1675554809 25.0698905237 14.5673571063 11.3899121078 10.7874706734 10.5721494344 8.30953739954 8.88025385016 7.78029709877 6.7625901825 5.74937760829 8.24703216452 9.35746921337 10.1417218753 10.1798043835 4.36774729626 3.40564596167 2.29955263644 5.47160521013 6.34696100456 11.301620489 10.3820215261 10.7850201498 9.44048566446 9.60539310984 9.70806931355 9.64832199085 10.1216121721 8.96413639886 8.99569097598 7.82014045962 4.14160775423 4.04517842072 5.13611489139 3.30095632891 3.54272039611 3.13584969558
-9999 -9999 -9999 -9999 -9999 -9999 -9999 -9999 -9999 -9999 -9999 -9999 35.6861596955 33.3135189932 31.9590274154 31.1247344309 27.0249551368 28.402460969 25.7232870859 24.1898877449 22.7490598244 21.3749357261 17.3218871522 16.8006327754 12.6243532321 14.1496884394 14.3500957082 12.9774974332 10.1068413282 13.0188836235 10.068912575 10.9139988224 15.5290598043 15.7298257129 7.59737975119 4.94918718832 3.33109095998 5.66438483467 8.27561746269 6.11592366548 11.0801742121 9.63177937364 8.61254633931 8.48519948626 8.28233606917 8.34867135386 7.82837012907 8.13728146467 7.19070874227 7.49513763304 6.98269048916 5.69009508159 5.20259229679 2.04748424774 1.49182514363 2.02058009158 1.49639884099
