data/recharge/transience/oldversion/mHM_recahrge_598.ASC
ncols   80
nrows    72
xllcorner    4374000.0
yllcorner    5656000.0
cellsize      500
NODATA_value  -9999
[rows 25 to 49 of 72, columns 0 to 56 of 80]
-9999 -9999 -9999 -9999 -9999 -9999 -9999 -9999 -9999 -9999 -9999 -9999 27.3588591211 26.5796825094 25.1511235035 24.932808502 21.4828964017 21.4353688306 19.5849826972 20.5677793106 18.5020913364 18.7892308969 16.9403547809 14.5700467702 13.6445345014 12.9983879217 18.0872499596 13.3914292621 8.14564164394 7.11967522854 5.77201181463 5.34602301627 6.31359989078 6.55834808414 5.76293786289 8.5436366033 9.67444414574 3.2184054182 2.01602790502 2.95800565544 2.70932749254 2.43606814334 4.83320120119 6.9308349248 6.67276831956 6.80684133523 6.73496214895 6.69855361327 6.18655112644 6.60070089151 5.48920045136 2.63713404678 0.932258489993 0.713762583968 0.97052191498 0.701612187382 0.619936304111
-9999 -9999 -9999 -9999 -9999 -9999 -9999 -9999 -9999 -9999 -9999 -9999 -9999 26.6340301957 25.8604541895 25.8155644429 23.5345989009 24.0442520406 21.0549423964 20.2961459432 18.6493419635 19.2931092573 18.8731467946 15.9953715952 15.2829134999 12.074881448 10.3038227716 8.2325875531 7.53272691267 8.1999644191 6.27881019469 5.91234895143 7.78645914251 2.54043661577 3.7309542433 3.15111374382 7.21118474411 2.35660574204 3.03511695497 2.44987124459 2.01421693567 2.18460580278 1.17945282994 1.78266315998 2.1915055052 3.33727636422 4.77336269987 4.60988166889 2.0131966525 0.998253514848 0.697328029479 0.733826308594 0.744678336902 0.757169515591 2.6658289205 0.552361399538 0.487540188791
-9999 -9999 -9999 -9999 -9999 -9999 -9999 -9999 -9999 -9999 -9999 -9999 -9999 -9999 24.6679979132 24.5214684885 22.3435550738 23.0238412172 21.0131184255 21.666729932 18.9772433973 20.0548443933 18.8409535828 17.547280446 13.5114260384 13.3261781735 13.2980894726 13.5828229322 8.58368886661 6.91987945594 6.77271059816 13.8948460928 9.87479883561 4.30041488997 2.53812279873 5.23293674814 5.70316075706 2.50686484196 4.08130446779 3.97469337949 2.38244089086 2.61878542612 1.9071268671 1.3842996163 0.946880405403 1.11544377271 1.30668517423 3.10023211022 1.22951627482 0.977485723467 0.784099215942 0.591379030632 0.512740916208 1.28605759538 2.87420961347 4.65655737207 2.37862105896
-9999 -9999 -9999 -9999 -9999 -9999 -9999 -9999 -9999 -9999 -9999 -9999 -9999 -9999 8.20954617261 18.1729360325 22.8670696282 23.7870674429 21.9139587747 22.2324753545 20.6610746223 20.3376208253 17.5946375863 19.2523350359 17.793919754 17.9526414547 12.0401937344 12.6433501119 12.8750644366 12.5197102055 9.99758996035 6.02565911826 8.95826576588 9.0483694837 2.57466718412 4.67295309957 6.51996658489 2.62686757472 3.63770325905 2.34415513295 1.6873068648 1.92540296648 1.76443710848 1.73127015659 1.24325208569 0.97815844723 0.459472619987 0.763521686083 1.55663272111 0.63984859804 0.877802591625 1.03380722787 1.10378193567 0.639097450719 1.11593122711 2.36615098221 2.31536431785
-9999 -9999 -9999 -9999 -9999 -9999 -9999 -9999 -9999 -9999 -9999 -9999 -9999 -9999 13.0194104251 18.227456821 24.075066118 24.5996937621 22.4134223488 22.3720003032 20.2649544855 20.6390892256 19.2815912274 18.5942454331 15.9846035846 15.2574542978 14.2443523771 15.0946832454 11.3585502424 12.3617985935 10.6294640956 10.1376284277 8.59763659244 10.5025020825 11.2191119109 4.09287581796 4.99462379174 10.5300082161 3.1670493033 2.83620717009 1.66214680517 1.96270068445 1.57456432644 1.61281276608 0.915877094816 1.00587843866 0.681458674594 0.96320000445 1.81606192703 1.88001618738 1.15433037656 0.557100349999 0.898385877807 0.844476459016 0.558585303477 0.708895921872 0.874159105406
-9999 -9999 -9999 -9999 -9999 -9999 -9999 -9999 -9999 -9999 -9999 -9999 -9999 -9999 28.8503931417 27.1096604302 25.4618878516 26.0397704607 25.3447986897 26.4187904254 21.4063548518 20.930346702 19.71285672 18.8793508369 15.2445571668 16.2602162303 12.6862498141 15.6667795716 14.0686622573 11.7331477395 10.6093145093 11.528674318 9.98663711548 7.86006733689 4.27316147773 4.31864360504 3.5084867299 7.42491258726 2.73499528932 3.88816277949 3.65589288145 1.83176378601 1.07679630667 1.18264371881 0.838722705112 0.751625981445 1.17698771911 1.10183348674 2.89492878955 3.60248585472 1.94789252674 2.35224417368 1.16135239156 1.51285388341 1.40726890224 1.11826201865 1.29317182406
-9999 -9999 -9999 -9999 -9999 -9999 -9999 -9999 -9999 -9999 -9999 -9999 -9999 -9999 -9999 26.0520113402 24.7346780643 25.5779549869 25.7523133463 23.3306493875 19.6831284811 20.1300258791 19.0732842246 19.0155618788 15.1428868936 16.2735640328 12.4532646605 13.5356979276 10.2311940451 12.2499360288 9.08896735618 8.98670256454 8.1974414156 9.43183202334 4.61827191281 4.66006961936 3.98126834698 3.90371877802 3.51332553912 2.93171188838 1.94445970502 2.76247459625 0.313103410777 0.434637737814 0.64255716361 0.41300588182 0.312904638535 0.362793786444 0.534428994039 0.838187942642 0.739832672343 0.651871678714 1.03439213088 2.05054321256 1.82245250541 1.78119752791 1.4001167698
-9999 -9999 -9999 -9999 -9999 -9999 -9999 -9999 -9999 -9999 -9999 -9999 -9999 -9999 -9999 -9999 24.2375015683 23.2951557423 21.7137995723 23.9337634762 22.8423132861 21.9699304835 18.5361070931 17.2563770123 15.9428147612 15.0387929112 11.4787139226 11.0532594234 8.03088761865 13.9626691053 15.0872930473 11.0704836624 7.7088980408 5.12327377299 4.2757333859 4.71278358226 4.31729629694 4.65907470398 4.32401923869 5.6364577988 7.09075834063 6.24986911124 6.0673200209 0.697187509837 0.274281226147 0.187360869115 0.141400588804 0.72405558858 0.689240357677 0.522887542147 0.744345036933 1.27045882196 0.892838690964 0.710560652065 0.827883653042 0.721605659923 0.650167663327
-9999 -9999 -9999 -9999 -9999 -9999 -9999 -9999 -9999 -9999 -9999 -9999 -9999 -9999 -9999 -9999 26.5697058786 25.9094948751 24.5082409239 24.4156275278 20.9533322488 21.9056776653 19.5813790044 17.8996810926 15.6825965259 16.7374389014 12.3057824032 12.0059283615 9.84635105165 10.9269494846 6.31789660582 5.58490738507 6.44870857271 5.87296000317 5.6287930986 4.00031687609 4.64452935586 4.23255419699 4.2565200689 4.17877886473 2.88490202808 3.75626508018 1.4390194864 2.53139989282 1.17729225176 0.631446104623 3.46418092524 2.11449303117 0.545101472852 0.650659441645 0.950081691634 1.01271046301 1.42015066826 1.55276974723 2.02620089511 1.24836084083 0.656843515898
-9999 -9999 -9999 -9999 -9999 -9999 -9999 -9999 -9999 -9999 -9999 -9999 -9999 -9999 -9999 22.0421645738 21.9462489007 23.4053282793 24.4103471292 23.7425217876 21.3450036095 20.8808712049 18.2660708018 17.5308411957 14.4036161611 15.2512243583 12.3986705043 12.7755900496 8.1795792259 10.9182094183 9.45104586552 9.68019402237 9.28650189645 6.27894919682 1.81582196899 1.24338243192 4.52915311565 4.40629795784 5.9798693951 3.17049767885 4.81560043889 0.883709427506 0.742484029477 0.7188662421 0.779726015087 0.472628501099 1.3540784877 0.943797688357 0.74527810549 0.980540652634 0.72354934229 0.55018579497 0.624505972122 0.708539104444 0.788469815741 0.817265355498 0.978785587414
-9999 -9999 -9999 -9999 -9999 -9999 -9999 -9999 -9999 -9999 -9999 -9999 -9999 -9999 23.9438599786 23.268741957 22.4117133906 21.545693174 22.6808237444 23.1122994561 20.7758943298 21.5702629693 17.9314387733 18.225756125 14.4471405562 13.8438552466 11.120372472 12.0306995324 10.9471463113 10.9393099787 8.56941442456 8.74064873244 5.9774602168 6.90785535337 9.59644900578 8.1433892251 1.35482087149 3.4108139615 5.43582010894 5.62567958149 2.81286850885 0.51910254073 0.443242716455 0.514631427066 0.305515798488 0.244705919184 0.272682472666 0.890191783368 0.978262326949 0.719450139905 0.62629397065 0.619510061495 0.677689743262 0.660240004737 0.616927713348 0.662249925007 0.800047789823
-9999 -9999 -9999 -9999 -9999 -9999 -9999 -9999 -9999 -9999 -9999 -9999 -9999 -9999 24.1453299264 25.236390157 23.2671925199 19.8742573093 15.9873684739 16.9999157882 18.4642655472 19.7350592474 17.6440356497 18.0880334445 13.8132834157 12.0176634527 8.03019956725 8.38534745942 7.54026986873 10.5329593315 9.49013830291 8.09556411713 5.72958584055 4.99690025833 6.09061795497 5.32221157828 3.44789666579 4.76317774635 1.8773955932 1.95931649332 2.8962632071 2.54131635075 0.658819835606 0.557484710383 0.469651199375 0.217269381987 0.476687964188 5.4735937998 3.48144488487 1.85410564221 1.8367888469 1.80813054114 1.17171866968 0.986284082186 1.15482897499 1.09021327855 0.798164199925
-9999 -9999 -9999 -9999 -9999 -9999 -9999 -9999 -9999 -9999 -9999 -9999 -9999 -9999 -9999 -9999 23.7192803469 24.5741652215 23.5708434601 23.2488588346 19.7954940474 19.0682690911 18.8117210391 18.8175443005 14.5182943655 11.1562641303 5.46920141339 5.86677496065 4.28117504959 6.69761688863 7.08847828537 5.88950493118 5.10318008952 4.17898134432 4.21400175191 4.26521844371 3.41961021908 1.72080928639 3.12811006232 3.56494182134 1.8169018628 1.41458592371 4.97273469359 2.38446087441 0.285480849156 0.36826427679 0.318175042821 3.06131180062 2.33736240506 1.12289196028 1.08429021723 1.12795888959 0.959243436597 0.802321012365 0.525529353547 0.56081271131 0.884043648291
-9999 -9999 -9999 -9999 -9999 -9999 -9999 -9999 -9999 -9999 -9999 -9999 -9999 -9999 -9999 -9999 25.5050032313 24.7662311628 23.7606735467 19.3326479823 18.522209341 19.3558192557 16.2912809372 17.0323501761 15.9908273723 12.766915366 8.44390399715 7.96040680847 6.42186247517 7.26134893544 7.70367138281 7.22044622876 5.38305585432 4.48389394534 2.87097294315 3.11942727853 3.15921705452 3.85584632297 2.25259901676 1.90904823597 2.39839917305 3.294932811 3.02938592874 3.2251540373 1.38802557284 0.301048400659 0.123891519401 0.231966860004 0.876726714041 0.568105617022 0.448735847888 0.456876838357 0.351490224028 0.407898489792 0.388088544286 0.391476724827 0.384783438735
-9999 -9999 -9999 -9999 -9999 -9999 -9999 -9999 -9999 -9999 -9999 -9999 -9999 -9999 -9999 -9999 -9999 -9999 23.9882146227 21.1132228116 16.42783681 18.3279132128 18.1003066094 18.3236126697 15.2625021743 13.7540556781 7.60426871357 7.7942249453 6.47349827941 6.77068922695 4.93485924024 4.3141494357 3.9409596394 4.29746212856 2.81129597593 3.64605121202 3.46740299289 2.4098508986 2.09529845437 2.84222850633 1.94725648803 1.69024996676 1.41999618857 1.40833696926 1.2258987963 0.866927052372 0.165543465227 0.165534901332 0.292012307644 0.396394293824 0.95803153433 2.69083724363 0.359308385397 0.369982811456 0.422471781436 0.45594578977 0.418352922028
-9999 -9999 -9999 -9999 -9999 -9999 -9999 -9999 -9999 -9999 -9999 -9999 -9999 -9999 -9999 -9999 -9999 -9999 -9999 17.4582242047 16.6797939125 17.8564915176 16.2855291375 20.6087718419 16.889065414 16.3331175004 10.364801191 7.30313253079 5.00006121525 4.78698614577 4.49652616399 7.96640604117 4.02501011779 3.37080765178 2.03846145557 1.50355809376 1.37302767037 2.18279455698 1.99201193763 2.37236540022 1.67674714586 1.50443635993 1.17763086164 1.51773129776 1.48590349676 1.58091292931 0.602599809647 0.144340589386 0.106130379011 0.252357943686 0.299612840073 0.422389452678 0.335296896349 0.331611870979 0.399873852414 0.380668357511 0.300777017899
-9999 -9999 -9999 -9999 -9999 -9999 -9999 -9999 -9999 -9999 -9999 -9999 -9999 -9999 -9999 -9999 -9999 -9999 21.5352371308 23.0213742534 22.4489098938 21.9748040079 16.9948343115 18.7156439941 16.6072258238 16.5564351387 12.3008453148 9.95947326568 5.92174928659 5.38772211904 4.96591834864 4.30343870622 5.98568026598 3.00860076013 2.03193072789 2.57660058361 3.30797567925 3.05584136113 2.5797766835 2.51918207522 2.5610927046 1.67354404606 1.39832058464 2.7492577862 3.24411872111 2.20845922888 1.39906497053 0.921000106526 0.404094946373 0.152556581843 0.235271689706 3.1780401168 1.69249482135 1.78707001627 0.618324739947 0.485654358506 0.427982697407
-9999 -9999 -9999 -9999 -9999 -9999 -9999 -9999 -9999 -9999 -9999 -9999 -9999 -9999 -9999 -9999 -9999 -9999 -9999 25.6816223867 24.6785200473 23.7700358093 17.3875770574 18.8842790875 17.6301591379 17.4620901533 11.5698707309 12.7131352819 7.87467094361 9.74512438049 8.15098579627 7.84308341559 5.47713905448 3.27855026547 6.07537194302 3.68611951806 1.16332068438 0.985379536884 0.813900271715 0.813748555706 1.03522822077 1.72537146676 1.38454127206 1.44375251345 2.26349253117 2.58331989715 1.90276512321 1.26951200506 0.546967039245 0.24448271206 0.0658914533883 0.0747984644953 1.04889388905 2.02740394879 2.91625937635 0.197642551715 0.262340803985
-9999 -9999 -9999 -9999 -9999 -9999 -9999 -9999 -9999 -9999 -9999 -9999 -9999 -9999 -9999 -9999 -9999 -9999 -9999 -9999 21.4691525478 23.1216019354 17.6213110327 18.6083860658 15.8114868839 17.0991179221 11.7274017412 13.1476948827 12.9786977061 11.8476171735 9.24747501454 8.88037029689 3.99670488416 7.71951577963 3.11455948259 2.5658708016 2.09902385585 2.66456818181 2.37380691018 2.2310486344 1.72750760064 2.41667258092 2.4092963258 2.04337664611 2.80170279126 2.34310194808 1.81442328039 2.10951091362 1.58285106507 0.808599401129 0.547083235628 0.320521364582 0.0870130801369 0.0802762686907 0.811221285792 0.126883223764 0.10975101686
-9999 -9999 -9999 -9999 -9999 -9999 -9999 -9999 -9999 -9999 -9999 -9999 -9999 -9999 -9999 -9999 -9999 -9999 -9999 -9999 -9999 22.0365584798 18.9086103012 19.2851807293 14.3861405589 13.2493861548 11.5587481799 13.5552709238 11.3745651145 10.8074203454 15.4693565984 10.6248389659 3.88103223798 3.98384387152 4.4196108859 4.15344414246 3.21420505335 2.07388399164 1.78114912848 2.08221230485 2.93909505595 3.15805446078 3.49842854663 2.19560321424 1.71787756535 1.23394294972 1.57442587048 1.77605620012 1.69316837037 2.24794944284 6.11344278684 3.25199731878 0.721770527322 0.19223877709 0.0492823611095 0.0649431117331 0.0762042518924
-9999 -9999 -9999 -9999 -9999 -9999 -9999 -9999 -9999 -9999 -9999 -9999 -9999 -9999 -9999 -9999 -9999 -9999 -9999 -9999 -9999 19.0116621527 16.7015966536 16.7550294576 16.2391585573 17.6782504814 13.81268751 10.9864152574 8.64769184835 11.9311866275 6.2605508121 9.54038230528 4.9931349068 3.73091076147 1.99716262113 2.89081490238 2.37752372114 2.16298711045 1.8230865882 2.54443870972 2.98755664923 2.81932853812 2.01497427342 1.92070613774 2.47521612981 2.31080204873 2.05338798723 1.98335745401 1.11531488929 1.35721058962 2.82779132887 1.68968568319 0.727723559997 0.11837147761 0.0916023347605 0.0539442227719 0.0577346481912
-9999 -9999 -9999 -9999 -9999 -9999 -9999 -9999 -9999 -9999 -9999 -9999 -9999 -9999 -9999 -9999 -9999 -9999 -9999 -9999 -9999 -9999 17.1940626703 19.7084530386 18.2448790517 17.5056736819 13.3518655677 11.3921743159 6.97306742855 7.80161600459 7.66538577688 8.14134485673 4.8282188654 4.4505791831 4.93763232284 3.55488055274 3.1753816812 2.83399967568 2.56169496159 2.6432840906 3.03971658111 1.81486155434 1.99810917077 2.76537007744 1.37541225494 1.21609285633 0.853450948253 1.11930464925 1.54131271419 2.20980762399 1.49531546971 1.74092185394 0.499334032783 0.190776650852 0.0569327554226 0.0489582753698 0.0549842393351
-9999 -9999 -9999 -9999 -9999 -9999 -9999 -9999 -9999 -9999 -9999 -9999 -9999 -9999 -9999 -9999 -9999 -9999 -9999 -9999 -9999 -9999 17.8988192422 17.3440572937 17.5083025057 18.5834402681 14.641279184 9.50676079551 8.11560798863 8.43067260863 6.65370113411 6.886420082 6.18401992157 5.20719676212 3.65605028489 5.25203213627 3.2897554826 2.77154559493 3.37814047573 3.57538712234 2.13481085835 3.12260083619 2.04779818509 1.5399816078 1.31531866132 1.67332261802 1.98723043502 2.23930506605 1.1551941317 1.06180529693 0.877495537624 0.570840890706 0.128817452512 0.427097176905 0.167654901885 0.139424366227 0.0868572443715
-9999 -9999 -9999 -9999 -9999 -9999 -9999 -9999 -9999 -9999 -9999 -9999 -9999 -9999 -9999 -9999 -9999 -9999 -9999 -9999 -9999 -9999 17.275659017 18.888227787 20.2924576734 18.8389520571 14.6695456519 12.4104702539 8.46430672799 10.2140777685 7.41255367849 6.40591924229 5.27437564665 5.26121140513 5.48312033875 3.45245075458 3.20583482615 4.64999194338 3.80145864009 3.34185322261 3.27258719326 2.42726577454 1.56262842413 2.08212203803 2.69725172813 2.42812998274 2.29977461901 1.91213714639 1.3869978407 1.38960478977 1.82568157268 1.44327062034 0.338403808792 0.367838659597 0.451003359959 0.522475270885 0.187471821682
-9999 -9999 -9999 -9999 -9999 -9999 -9999 -9999 -9999 -9999 -9999 -9999 -9999 -9999 -9999 -9999 -9999 -9999 -9999 -9999 -9999 -9999 -9999 20.0175129215 21.1314799966 19.1733594122 13.5911945594 11.5198806182 8.09882083335 9.58640270094 7.50264601091 8.27564165556 6.85122554382 7.51363513842 4.60290694429 5.28251479285 5.21641643579 4.31547095945 2.47184604373 2.66472495454 1.55573670225 2.24394243133 2.93374266524 3.0443322305 2.48089924466 2.12784648698 1.08427391178 0.970822507686 0.911585667518 1.00173644224 0.756222000922 0.993525981969 1.01566971513 0.794149379755 0.242446339404 0.160619057339 0.577174571944
