data/recharge/transience/oldversion/mHM_recahrge_4.ASC
ncols   80
nrows    72
xllcorner    4374000.0
yllcorner    5656000.0
cellsize      500
NODATA_value  -9999
[rows 0 to 24 of 72, columns 0 to 56 of 80]
-9999 -9999 -9999 -9999 -9999 -9999 -9999 -9999 -9999 -9999 -9999 -9999 12.9542098661 13.2100197469 -9999 -9999 -9999 -9999 -9999 -9999 -9999 -9999 -9999 -9999 -9999 -9999 -9999 -9999 -9999 -9999 -9999 -9999 -9999 -9999 -9999 -9999 -9999 -9999 -9999 -9999 -9999 -9999 -9999 -9999 -9999 -9999 -9999 -9999 -9999 -9999 -9999 -9999 -9999 -9999 -9999 -9999 -9999
-9999 -9999 -9999 -9999 -9999 -9999 -9999 -9999 -9999 -9999 -9999 -9999 16.2965378738 14.5410198062 13.5850348032 -9999 14.0569876824 -9999 -9999 -9999 -9999 -9999 -9999 -9999 -9999 -9999 -9999 -9999 -9999 -9999 -9999 -9999 -9999 -9999 -9999 -9999 -9999 -9999 -9999 -9999 -9999 -9999 -9999 -9999 -9999 -9999 -9999 -9999 -9999 -9999 -9999 -9999 -9999 -9999 -9999 -9999 -9999
-9999 -9999 -9999 -9999 -9999 -9999 -9999 -9999 -9999 -9999 14.023892078 13.9187556149 15.2755164497 15.5313534248 13.1694561873 12.6475737974 11.7738244786 11.9545085417 -9999 -9999 -9999 -9999 -9999 -9999 -9999 -9999 -9999 -9999 -9999 -9999 -9999 -9999 -9999 -9999 -9999 -9999 -9999 -9999 -9999 -9999 -9999 -9999 -9999 -9999 -9999 -9999 -9999 -9999 -9999 -9999 -9999 -9999 -9999 -9999 -9999 -9999 -9999
-9999 -9999 -9999 -9999 -9999 -9999 -9999 -9999 -9999 13.6787049395 14.0678847471 13.87447478 13.903690626 14.3532035072 13.6464164561 13.3223378209 12.8048049202 14.1996238743 -9999 14.4750259172 -9999 -9999 -9999 -9999 12.4427206824 12.9919262971 -9999 -9999 -9999 -9999 -9999 -9999 -9999 -9999 -9999 -9999 -9999 -9999 -9999 -9999 -9999 -9999 -9999 -9999 -9999 -9999 -9999 -9999 -9999 -9999 -9999 -9999 -9999 -9999 -9999 -9999 -9999
-9999 -9999 -9999 -9999 -9999 -9999 -9999 -9999 16.5379055919 15.181639329 13.8293950566 13.6285208427 13.3750382245 12.6983850612 12.9016736834 12.4668173044 12.3573109218 12.0292302928 11.8233411438 12.3984337085 12.1186447133 12.632112878 -9999 12.0786726081 13.5478982769 13.4791506537 -9999 -9999 -9999 -9999 -9999 -9999 -9999 -9999 -9999 -9999 -9999 -9999 -9999 -9999 -9999 -9999 -9999 -9999 -9999 -9999 -9999 -9999 -9999 -9999 -9999 -9999 -9999 -9999 -9999 -9999 -9999
-9999 -9999 -9999 -9999 -9999 -9999 15.2971699708 14.0336672009 13.814360818 14.2333685164 15.0111361825 15.2968289131 14.3370104154 13.8269225528 12.7542898794 13.4326839875 12.5219793951 12.1785150678 12.241313393 12.2842726425 11.862987736 12.3683292901 12.1992909528 12.2308261909 12.5369833795 12.2725971977 12.4343586262 -9999 -9999 -9999 -9999 -9999 -9999 -9999 -9999 -9999 -9999 -9999 -9999 -9999 -9999 -9999 -9999 -9999 -9999 -9999 -9999 -9999 -9999 -9999 -9999 -9999 -9999 -9999 -9999 -9999 -9999
-9999 -9999 -9999 -9999 -9999 -9999 15.6001288312 14.86409454 13.2626328115 12.9391713956 12.7626504467 13.050270029 12.9566109001 12.489894712 12.1198389883 11.2046029958 11.2547823026 8.47847161875 10.8554656934 10.7410675495 10.9875966175 12.2185283097 11.4131598897 11.7626242777 11.4792162336 10.9888695118 12.3010717144 12.5160071723 11.9087589149 11.4288903323 12.4077662942 12.3087440177 -9999 -9999 -9999 -9999 -9999 -9999 -9999 -9999 -9999 -9999 -9999 -9999 -9999 -9999 -9999 -9999 -9999 -9999 -9999 -9999 -9999 -9999 -9999 -9999 -9999
-9999 -9999 -9999 -9999 -9999 17.062832608 15.9630371181 15.8573742578 15.3827300899 15.8215043065 15.4088530731 14.4722315968 12.7653698504 12.8241583293 12.9729790331 12.9426223181 8.25596896608 4.85217047304 9.33690865972 10.8748090526 11.0336926482 10.7314605602 10.9542852587 11.2237678895 11.7667150524 12.1574759859 12.0821464052 11.6481767276 11.5537490318 11.3615814601 10.5892056412 11.0058884293 9.69788524147 9.41384526871 -9999 -9999 -9999 -9999 -9999 -9999 -9999 -9999 -9999 -9999 -9999 -9999 -9999 -9999 -9999 -9999 -9999 -9999 -9999 -9999 -9999 -9999 -9999
-9999 -9999 -9999 -9999 -9999 17.213371533 16.5426789621 16.6139677804 15.5962406504 14.8827284224 14.7682619109 15.3449023103 9.13883298789 7.38790126697 14.8019360194 15.6380276163 10.563770328 3.5823461618 6.48241813853 8.6039191768 10.7752899012 11.1268593804 11.8506999253 11.5141050547 10.7742745002 10.1725038776 10.8622739669 10.1875746029 10.1504559028 9.36976921624 8.33183772853 9.19456518827 9.45744967552 9.13672221055 9.08304260326 8.70255432114 -9999 -9999 -9999 -9999 8.77619049655 8.21370511108 -9999 -9999 -9999 -9999 -9999 -9999 -9999 -9999 -9999 -9999 -9999 -9999 -9999 -9999 -9999
-9999 -9999 -9999 -9999 -9999 16.4620629222 15.9332860901 16.1997882249 16.0482382526 16.6297943641 16.0171484131 15.5760795878 14.6629151565 15.4781961347 15.6220781072 14.1615396556 12.905009019 14.7373262265 13.2711669785 13.9130435178 12.0189821917 10.8313945009 10.3420853451 10.0180679404 10.5855096791 10.5871621763 10.60371823 9.88499764436 10.6362881461 8.64585231499 4.38424177783 6.88934358103 9.35621511362 9.27315297776 8.70973835043 8.97698891972 8.66224622892 -9999 -9999 8.67836728422 8.95468540768 8.70138587575 9.26383804031 -9999 -9999 -9999 -9999 -9999 -9999 -9999 -9999 -9999 -9999 -9999 -9999 -9999 -9999
-9999 -9999 -9999 -9999 -9999 -9999 17.8112800397 18.5238309575 16.9257156948 16.4545965301 15.3536138777 16.1777126957 16.9172584534 18.5622253598 13.8668006926 13.0220444398 13.2743520246 13.0086606935 11.8346158115 11.6082699833 11.5618708052 11.9092187197 11.0693715547 11.6952348529 10.5881672676 9.84651428449 9.07842277524 9.69414422582 9.08329618324 8.88483046888 7.76442630475 8.99335581351 8.55982466087 8.51609284873 8.57204481517 8.45504912075 8.46300743184 8.20045141746 8.30282650873 8.11451560893 7.84519899664 8.91310067983 7.83103075063 7.32227485931 -9999 -9999 -9999 -9999 8.73728175978 8.18427539324 1.20869921528 -9999 -9999 -9999 -9999 -9999 -9999
-9999 -9999 -9999 -9999 -9999 -9999 -9999 17.4038332875 16.0719076157 17.2977602899 17.1952694931 16.2643031595 15.2478313015 13.9940543004 13.6641584865 15.5280143448 15.0323492706 14.6285075134 14.0992319912 12.6836567282 11.0586891053 11.1000774613 10.6529832941 10.7516058329 9.98579622985 9.25806053581 9.43307431235 9.46437465231 9.02404571377 8.7604267953 8.75811819244 8.63963758813 8.6736833433 8.21315836917 8.61608270377 8.57115953258 8.85085086277 8.73832990974 8.17448807715 8.15477219656 7.4740241505 7.50745891464 7.56025829054 7.40205740034 6.72267665626 7.10469738886 7.47230883252 6.86150260195 6.66858659871 7.20241023399 6.13584022697 4.05883839559 -9999 -9999 -9999 -9999 -9999
-9999 -9999 -9999 -9999 -9999 -9999 -9999 -9999 15.4214258755 14.9642237634 16.070328822 17.024343306 16.2614530837 17.0291645641 16.2420942481 15.4504560137 13.2055991224 13.2619924634 11.7193217637 12.582527115 14.1233372285 13.7703421368 13.3583175421 12.7456117379 11.3229243679 11.9869636147 9.71825274052 8.79440989778 7.90967642195 7.41033070766 7.65133672123 7.91424259863 7.61772834159 7.50135312049 7.59919810188 7.70157775198 7.68338206332 7.93368849061 7.31157552799 7.36060785582 7.69536730951 7.5184716922 6.41523124514 6.08570947588 5.82878040467 5.5152537603 5.94096366305 5.53753549216 5.23860269719 5.97566790504 5.76376156886 5.94091472075 5.00336103237 -9999 -9999 -9999 -9999
-9999 -9999 -9999 -9999 -9999 -9999 -9999 -9999 17.2917469008 16.0777908562 15.3718520406 15.4403437306 15.1555155262 15.0901596284 13.9179274325 13.7067452938 13.1408396187 13.6765299837 12.5961230907 13.2074684578 13.7272520556 13.5778368518 15.2574284208 16.3589306649 13.4719177352 10.5697932093 11.9712444509 10.7500777151 8.62723716543 7.84733041491 7.06444094023 7.57112623121 6.98747122816 7.33476556149 7.46574543018 2.08859624494 8.16322215309 7.72014919764 7.29247269919 7.18795879113 6.85636744031 7.12079613827 6.16340399355 6.13886590781 5.5343956612 5.49465742133 5.89691435725 5.62049583544 5.56604405833 6.09503529249 5.89805747721 5.92001979409 5.37994391426 5.73113131686 4.84615664464 5.15246426749 -9999
-9999 -9999 -9999 -9999 -9999 -9999 -9999 -9999 -9999 18.1645765245 16.9546301593 15.0321986796 15.2324505608 15.6059687797 14.8309772196 14.9055428962 15.6969490133 16.2255951457 16.234334777 16.3097271465 15.3463856331 13.5726754277 14.0702050394 20.6657036183 16.0921571659 14.7790735419 10.5646763577 9.46655465238 8.54165432089 7.74640497023 7.30662360604 7.54849186765 7.09233211046 6.61646788583 6.35738916929 5.09604391236 7.23915250662 6.91586317294 6.36611926977 6.4214329995 6.00909455351 6.37222694698 5.35049845657 6.21673621771 5.09687028164 4.52360976338 4.09201946419 4.18113062183 4.82222282182 4.73518215014 4.80412862943 4.67380137138 4.49470181729 4.64634538399 4.90710944376 4.33255857516 3.51644368825
-9999 -9999 -9999 -9999 -9999 -9999 -9999 -9999 -9999 -9999 15.9667571352 16.0257054095 14.9776118016 15.4204043257 14.1635123982 13.4674858934 14.000906543 15.7654213019 14.5524728022 13.3851505301 12.6508835853 12.5241055652 11.0561558359 14.1051179044 13.2325719509 15.1233811446 12.7661722147 10.5664446702 7.04329980559 9.13830306271 7.11169654964 7.13991469609 7.30827950301 6.90390237044 7.49893545276 7.03745933241 7.09104360576 6.91923248875 6.41055228712 6.44328035913 6.25688175895 6.25468030876 5.43859321726 5.51804606263 6.35508365578 6.21560245107 5.45953355637 4.64238028868 5.07748698016 5.02984125338 5.34230820408 5.1806171126 4.50464054362 4.669262901 4.26147431797 4.22166456989 3.47906508137
-9999 -9999 -9999 -9999 -9999 -9999 -9999 -9999 -9999 -9999 -9999 7.39277399041 8.40256682075 14.6557406449 14.0125449283 13.399683289 14.0779002577 13.9773062114 12.474843171 12.6792892227 12.9238317616 12.9141256585 11.3757810036 10.2051709648 10.8818768437 9.93890666045 10.1808892402 13.2887377772 11.2791656677 5.64096867826 5.81359086301 7.27144323033 6.51933970623 6.85378430645 6.77319595321 6.26231996557 6.25166613888 6.21083040947 6.08237869519 6.08257276478 6.032360196 5.51359365965 5.39432075607 5.19630536058 4.51379000417 4.28357935937 4.5440001409 5.107126061 4.59977419809 4.57844273132 4.39633375968 4.85831848729 4.56733083233 4.04113400334 3.46816122613 3.57800688809 3.249311071
-9999 -9999 -9999 -9999 -9999 -9999 -9999 -9999 -9999 -9999 -9999 6.11485394675 9.63227561331 13.660966316 14.1595332237 13.8913462944 12.9149072658 12.3925206097 12.3663628918 12.4562310985 12.1413703926 13.0957689655 11.0090111598 10.866362162 10.0397423942 10.8135245626 11.280928417 12.0380651437 8.90234220351 8.7140923508 9.13074450688 8.34175569691 4.94923160941 6.33283801105 7.30063195447 6.4472386007 6.22433474992 6.32603299318 5.9382649066 5.73830322529 5.11891213466 6.16970660189 4.98408238508 5.14340621256 5.15801727805 5.18547644517 6.00922951368 6.56673748769 6.07137246052 4.85046257294 5.11885365801 4.95946009182 3.98046735099 4.63266628512 4.33078495967 3.87151778528 3.61045001913
-9999 -9999 -9999 -9999 -9999 -9999 -9999 -9999 -9999 -9999 -9999 16.8052667895 15.8686412486 15.2954556016 12.6853248319 13.5079186359 12.5249487724 11.1292465294 10.9270970395 11.2998381974 11.0911374565 11.268392894 10.6188017482 9.86694204849 8.69934261397 8.43317593934 7.8873239367 7.7416762831 7.77416666424 8.76786462426 8.53238059923 9.78810116708 10.3350569267 10.2457837047 5.08109840995 2.42628490154 3.5745076486 3.69302863453 5.49977033505 2.83634828912 2.06440234309 5.63910157781 5.68467838296 6.22599926629 6.56719968071 7.3259529984 5.63124729263 5.21682526893 5.04267119148 5.14934053907 4.56069707275 4.98619334452 5.21518462016 5.77782873268 5.28693090338 2.8328971369 2.33864289144
-9999 -9999 -9999 -9999 -9999 -9999 -9999 -9999 -9999 -9999 -9999 -9999 13.7932274415 14.8031425071 14.0978850841 13.3762337023 12.698651449 12.2456643567 11.2811536285 11.4775674205 11.3498773377 10.8862299915 10.3790121297 10.5239398942 8.80817733495 8.96937927146 8.01596600361 8.24687256121 7.57841386716 7.27065139594 6.90214988895 7.18567236912 7.04210912293 7.54192806473 6.80577770418 2.39797250118 4.5875219035 2.74020528659 4.63423048047 5.67355403084 5.84468790476 5.5205325782 6.61312521895 7.2761955611 7.30910657384 7.27166478094 6.16650743966 5.2668643646 4.25730580463 4.67134451802 4.44221367137 3.82705339507 3.4291883986 3.44949803922 3.0361542601 3.02049671458 1.03849857832
-9999 -9999 -9999 -9999 -9999 -9999 -9999 -9999 -9999 -9999 -9999 15.5869872458 15.4350260259 16.2006269538 16.0327439022 7.85908691585 9.86065972886 12.6926924134 11.3570582684 11.4194542219 9.94466934319 9.81823295944 8.92310142411 9.10741871615 8.8109957505 8.69954297885 7.62049734784 7.37001811553 7.14234042767 6.92008352661 6.17409589338 6.40004102181 5.70644597384 5.64095369829 5.66124176102 4.79608614368 3.81980580575 1.71463762836 1.50149316576 5.28574530452 5.4030852039 4.98508349975 6.96219157137 7.82353678042 8.57447448397 8.51259847401 7.42879719004 6.91575081033 5.20720841849 5.19375994836 4.02217896162 2.89938563588 2.55225231651 2.57217536278 2.36284668524 2.60620530769 3.489768462
-9999 -9999 -9999 -9999 -9999 -9999 -9999 -9999 -9999 -9999 -9999 16.0379387404 17.5042239625 17.2170320215 14.7392213638 9.58874706256 13.0715999108 13.2489892322 11.4254956878 11.6404788909 8.33770997061 9.06321727481 9.3858735984 9.56312509686 9.15254827283 9.28306200716 3.81890690602 4.44391236124 7.23551186769 9.17857107295 8.01820560822 6.52625046129 5.60416861926 5.64542593395 5.51712938538 5.15212606431 2.17036080188 3.73985360887 1.72569052485 5.51989774132 4.81030680656 5.33011555859 6.23630408194 6.43030258881 6.36002706605 6.05433889577 6.30961311337 6.50219971803 5.73528833038 5.75223854722 3.91374623914 4.05372803011 3.56917670349 3.38035104319 3.15133618278 2.92072364651 2.23925255943
-9999 -9999 -9999 -9999 -9999 -9999 -9999 -9999 -9999 -9999 -9999 18.165543103 18.1956886652 16.969854461 16.8198018028 16.569686453 13.5646471214 14.1579680224 13.18354223 13.1953028877 8.06914360938 3.54971775257 8.78073908002 11.6666315957 9.42427609698 9.42450719765 9.61221639813 9.28267619041 7.74277657015 7.03593857401 6.60679603648 8.10687316419 7.69439761145 7.27623178253 5.68631527891 3.77187725627 1.17815319152 0.827881613391 1.51934201753 3.5263680072 5.38228088682 5.8487020292 5.7032969922 5.08426854496 4.96083153674 5.0222248407 4.97816807984 5.05126675321 4.69096430074 4.4464094143 3.88257023995 3.07151043081 2.43578225448 2.32855213813 2.14792204256 2.3957727397 2.87026627679
-9999 -9999 -9999 -9999 -9999 -9999 -9999 -9999 -9999 -9999 -9999 -9999 18.5278459412 17.9361961185 16.2464822299 15.9481836666 14.7446073025 14.810351774 13.0504359714 13.4704822088 12.6031156581 13.2501147473 10.5897336541 9.53669568224 9.03013643169 8.93953087521 7.64513180083 7.92611751085 7.05487647844 6.47056628527 5.37889734638 6.16254211492 5.26659817292 5.66578264498 5.24744467957 2.6482368192 1.42557790129 1.04256046032 1.97833828234 4.8345834699 5.30879575704 4.85465960192 5.26265739116 5.14072433874 5.24149772221 5.22449130834 4.66974609644 4.74097410267 4.2752784261 4.29911822578 3.66185105049 1.19012937486 1.41483558987 3.34592367924 2.36272778261 2.42566980398 2.26087623117
-9999 -9999 -9999 -9999 -9999 -9999 -9999 -9999 -9999 -9999 -9999 -9999 19.8952261001 18.0831712253 17.0802169429 16.2885391796 14.621006872 15.191965861 14.190712841 13.3710763247 12.6751278537 11.9903990097 11.1897011511 11.6467949777 9.93678151941 10.4982641081 10.331287901 9.72912989891 8.10153301923 9.25647388634 7.53374500921 7.8859695934 8.41541609765 8.17663325086 6.26842072412 2.10721629341 1.38311559412 2.18286622475 3.8552079259 4.52907574746 5.73549399899 4.5665737164 4.02938458133 4.00318580362 4.12117371082 4.21789805584 3.76309210866 3.58999220703 3.22143895825 3.46366483218 3.1811032943 2.32673041886 2.76023199606 1.62790831028 1.16811216409 1.51342977406 1.14169455949
