data/recharge/transience/oldversion/mHM_recahrge_419.ASC
ncols   80
nrows    72
xllcorner    4374000.0
yllcorner    5656000.0
cellsize      500
NODATA_value  -9999
[rows 0 to 24 of 72, columns 0 to 56 of 80]
-9999 -9999 -9999 -9999 -9999 -9999 -9999 -9999 -9999 -9999 -9999 -9999 37.9396221953 39.3154795008 -9999 -9999 -9999 -9999 -9999 -9999 -9999 -9999 -9999 -9999 -9999 -9999 -9999 -9999 -9999 -9999 -9999 -9999 -9999 -9999 -9999 -9999 -9999 -9999 -9999 -9999 -9999 -9999 -9999 -9999 -9999 -9999 -9999 -9999 -9999 -9999 -9999 -9999 -9999 -9999 -9999 -9999 -9999
-9999 -9999 -9999 -9999 -9999 -9999 -9999 -9999 -9999 -9999 -9999 -9999 31.3371534545 29.681024987 28.9510927331 -9999 29.5440995771 -9999 -9999 -9999 -9999 -9999 -9999 -9999 -9999 -9999 -9999 -9999 -9999 -9999 -9999 -9999 -9999 -9999 -9999 -9999 -9999 -9999 -9999 -9999 -9999 -9999 -9999 -9999 -9999 -9999 -9999 -9999 -9999 -9999 -9999 -9999 -9999 -9999 -9999 -9999 -9999
-9999 -9999 -9999 -9999 -9999 -9999 -9999 -9999 -9999 -9999 31.169157474 29.915157486 30.7221831956 29.6638493018 27.3717205456 27.3517876749 26.4203388856 27.0139739736 -9999 -9999 -9999 -9999 -9999 -9999 -9999 -9999 -9999 -9999 -9999 -9999 -9999 -9999 -9999 -9999 -9999 -9999 -9999 -9999 -9999 -9999 -9999 -9999 -9999 -9999 -9999 -9999 -9999 -9999 -9999 -9999 -9999 -9999 -9999 -9999 -9999 -9999 -9999
-9999 -9999 -9999 -9999 -9999 -9999 -9999 -9999 -9999 30.3548578074 29.9101859404 30.093752882 28.7829176083 29.2160907486 28.3822265319 27.9591040673 27.0302383319 29.359833412 -9999 29.9901398524 -9999 -9999 -9999 -9999 27.5549487657 28.6434955612 -9999 -9999 -9999 -9999 -9999 -9999 -9999 -9999 -9999 -9999 -9999 -9999 -9999 -9999 -9999 -9999 -9999 -9999 -9999 -9999 -9999 -9999 -9999 -9999 -9999 -9999 -9999 -9999 -9999 -9999 -9999
-9999 -9999 -9999 -9999 -9999 -9999 -9999 -9999 32.2876261512 31.1480156444 29.3279129386 29.2260136848 28.4189486183 28.0813210223 27.4268807388 27.6588916252 26.0575129127 25.7942033094 26.0527229866 27.4175571155 26.5961716028 27.1927233611 -9999 26.2592764119 28.0859067562 28.704424813 -9999 -9999 -9999 -9999 -9999 -9999 -9999 -9999 -9999 -9999 -9999 -9999 -9999 -9999 -9999 -9999 -9999 -9999 -9999 -9999 -9999 -9999 -9999 -9999 -9999 -9999 -9999 -9999 -9999 -9999 -9999
-9999 -9999 -9999 -9999 -9999 -9999 33.2033433124 31.0763929423 30.2597645531 30.466136854 30.3057207289 30.0945059604 29.0995691102 28.9528971283 27.5932680439 27.9967609604 26.6571552398 25.7407728367 26.8006506156 26.7903579057 26.1819944771 26.5320202858 27.1083485775 26.167209456 27.2663137463 27.3537609943 28.0092698446 -9999 -9999 -9999 -9999 -9999 -9999 -9999 -9999 -9999 -9999 -9999 -9999 -9999 -9999 -9999 -9999 -9999 -9999 -9999 -9999 -9999 -9999 -9999 -9999 -9999 -9999 -9999 -9999 -9999 -9999
-9999 -9999 -9999 -9999 -9999 -9999 32.4993491366 31.0540279466 29.2618575737 28.8979033077 28.1396931533 29.0134865954 27.8585198678 27.0000603913 25.7297460494 25.8657012686 25.4534688824 21.283159062 24.2971766758 24.975345426 25.0858032926 26.2460917106 26.1585761002 25.845701151 25.4856809399 24.8676139296 27.1606064127 27.678028145 28.4961277761 28.3106679976 28.6274399352 28.9298571329 -9999 -9999 -9999 -9999 -9999 -9999 -9999 -9999 -9999 -9999 -9999 -9999 -9999 -9999 -9999 -9999 -9999 -9999 -9999 -9999 -9999 -9999 -9999 -9999 -9999
-9999 -9999 -9999 -9999 -9999 33.6101448658 32.4983715705 32.053385467 30.4103952532 30.6680234828 29.6749330056 28.7361702867 26.7987497552 26.9212063832 26.5216396084 27.2116739334 21.5742867382 12.4960890458 20.4087382142 25.1225741784 25.2691526897 25.1035969657 25.6126595968 25.778833367 25.8003771176 26.2528910182 26.9010845978 26.825330573 27.7572776863 27.7635109615 27.3260894079 27.9724745952 26.9328687683 26.858423375 -9999 -9999 -9999 -9999 -9999 -9999 -9999 -9999 -9999 -9999 -9999 -9999 -9999 -9999 -9999 -9999 -9999 -9999 -9999 -9999 -9999 -9999 -9999
-9999 -9999 -9999 -9999 -9999 33.8007510813 32.0047120407 32.1951079432 30.7430953273 30.3632977391 29.6040190691 29.8679439775 21.9507708685 18.6269369598 28.2573405298 27.8441224237 23.0384042177 10.9129997649 18.2063598881 22.3960591686 24.635331334 24.7770388232 25.8934946238 25.8519379031 25.5764547887 24.2638832124 24.6673125885 24.1795685386 25.2881713478 24.4700482609 23.4706522524 24.8960961441 25.9718322355 25.9296736802 25.1931593554 26.0203608761 -9999 -9999 -9999 -9999 25.6204603669 25.2284129735 -9999 -9999 -9999 -9999 -9999 -9999 -9999 -9999 -9999 -9999 -9999 -9999 -9999 -9999 -9999
-9999 -9999 -9999 -9999 -9999 33.4492215536 32.3479544176 31.3674651891 30.786737568 31.4011612231 30.6275470383 30.3977886798 28.5679258431 28.631479282 28.952169515 27.6624411528 25.412553303 27.137800332 26.4282501172 26.7384206605 25.2325178972 24.491905187 24.8551271857 24.6824881208 25.4565334141 24.6990068406 24.3489882677 23.3563853395 25.3655763654 23.9588997727 17.9981467278 22.121881145 25.6536385322 25.0702664534 24.3866996786 25.8959081177 25.8138771408 -9999 -9999 26.2434564444 25.8993806867 25.8857744657 25.3694810561 -9999 -9999 -9999 -9999 -9999 -9999 -9999 -9999 -9999 -9999 -9999 -9999 -9999 -9999
-9999 -9999 -9999 -9999 -9999 -9999 33.6309971552 32.8666877616 31.9100477325 32.1777473121 30.588049723 30.751346729 30.3768142731 30.8935415407 27.1822064278 26.9583882343 26.4057649186 26.5317117907 25.4489774345 25.9853127145 25.5626567982 25.3823804838 24.8403466915 25.859024166 25.2658604074 24.7543287002 21.9162105088 22.2394294738 23.2602234878 24.2077643659 22.6411694232 24.0845126526 22.9096481566 22.9101265081 22.9133745325 24.3539352964 23.7986039895 22.4326792942 25.1811001759 24.8983856792 24.6644408625 25.7216062672 22.3979107907 20.432253722 -9999 -9999 -9999 -9999 22.6302306466 21.5973310417 8.74022969293 -9999 -9999 -9999 -9999 -9999 -9999
-9999 -9999 -9999 -9999 -9999 -9999 -9999 33.5432406886 31.7601385524 31.915632347 31.3397199051 31.4200479921 29.4910645589 28.3198661941 27.4284418498 28.3454761013 27.2155424506 27.5898032315 26.8761070442 25.9687005905 24.9733070888 24.6619262609 24.5895772446 25.2359056322 25.0532725276 24.1736274482 22.2717971777 23.2843979687 24.3533645745 23.7373742153 22.9574768633 22.7987116033 23.0005628751 23.1639975659 24.5045009087 24.662765284 23.7417073441 23.8093706851 25.2471599229 25.0542348025 22.954820529 21.9986646668 15.3842697865 12.1203922582 10.3945317591 11.5382347652 11.8658613812 10.4825727092 9.93337672016 15.8283136615 19.6248921276 18.2680447577 -9999 -9999 -9999 -9999 -9999
-9999 -9999 -9999 -9999 -9999 -9999 -9999 -9999 31.7262063321 31.7079660374 31.4649875461 31.6143255902 29.6937603358 30.5452038166 30.5926321134 30.0373681875 27.4885507769 27.9021465206 26.4480605543 26.323138987 27.0236435542 26.8498930904 22.703177879 14.6926450708 13.9528509855 13.8404092471 19.9517719764 23.1397001157 21.489599176 20.320079574 20.6402744619 20.4904279997 20.9067074731 20.3733968076 21.6605635598 22.6351017617 23.2177357324 23.6019536076 23.3918821486 23.3534789397 20.7256290432 15.6388074262 9.89537415103 9.23569436459 8.66415676458 8.08131567179 8.75206691387 7.99000493583 7.29645823097 12.1293856334 15.7086608837 16.6405458264 16.1108717509 -9999 -9999 -9999 -9999
-9999 -9999 -9999 -9999 -9999 -9999 -9999 -9999 32.5601492299 32.2626302633 31.0649685172 31.2602067172 30.2633762911 30.3054377434 29.2809022699 28.8040024329 26.6396718815 27.1610719285 26.4363793382 26.5953315376 26.4896220191 26.850912258 21.8639104275 21.2135537627 16.9580698464 12.8087838142 14.6741002992 21.6067163641 21.362469356 19.6496320314 20.1257156065 20.3325192658 20.1077700636 20.2197866074 22.5650829525 12.2165301958 23.8549713545 23.3752083015 23.2051000851 23.1445361314 22.7083694168 16.2098380501 9.37098917958 9.34241443568 8.10718713075 8.03692597879 8.66698738644 8.14492715437 8.22875503203 16.8069467725 15.9367854991 15.9753639526 16.8415144473 18.6959415236 17.3170660405 17.6575186179 -9999
-9999 -9999 -9999 -9999 -9999 -9999 -9999 -9999 -9999 32.1746182651 31.3399042425 31.1566406937 30.6293494197 30.0965038331 28.968657556 28.9868346187 28.8919947198 28.5349667698 28.4055985288 28.605735306 28.5562696329 27.2602950124 26.6946952007 30.6203796764 23.1938385095 20.6033125859 14.2951341109 11.6408546176 12.2031382808 21.5398012813 20.1888473194 19.8109270251 19.1364226194 17.827452182 19.541723254 19.4718696644 22.4448036303 22.1502029603 21.6745633674 21.639279129 21.129476311 19.6523951556 8.16221538824 9.38771064768 7.28455296828 6.51088489702 5.71343818102 5.9662609277 11.5774047549 13.2297051502 12.8871910148 12.6636650673 14.6883479589 17.115261372 16.8925228565 7.75751924602 5.24345325045
-9999 -9999 -9999 -9999 -9999 -9999 -9999 -9999 -9999 -9999 30.2342748009 30.661092928 30.592893218 30.1094957265 28.6089542305 28.2918875264 29.2663883673 30.2530249254 29.6030645345 28.6951825587 27.3405323316 26.9233143934 25.2141694844 23.0883992107 17.2293019409 21.1629213063 17.4471904206 14.1058756989 9.66403118813 12.5398260652 21.2280351471 21.1640484732 21.2581149387 19.1519524605 21.6421942063 21.6019964262 22.2011873166 22.1142746285 21.7422529838 21.7813349975 21.3303548474 20.2771895936 16.0983159112 9.21693447563 10.1357801701 9.68414847018 7.8264292819 6.60733424451 14.3007129347 14.2181495087 13.837791806 13.5460121408 13.0859839786 15.8524954599 16.0719392886 7.00040458703 5.19838720182
-9999 -9999 -9999 -9999 -9999 -9999 -9999 -9999 -9999 -9999 -9999 17.561745975 21.789257417 29.552407968 28.4063265467 28.1350337904 29.3547196449 29.445199624 27.3739569565 28.1817525717 27.5760073238 27.3599461865 24.9696569173 23.5967231398 19.0887239646 9.55910504463 13.2741342414 18.0108792317 18.4149161425 23.2935860178 11.5700409572 18.1695534375 18.698154085 18.7807039856 19.1978174006 18.4538121046 20.591240617 20.521147015 20.7198069099 20.795139398 19.3288680601 18.640005289 18.5498328951 12.5097574496 7.90032823742 6.24238178059 7.09588824314 8.07262928925 9.53344379255 13.9280888218 12.31142993 14.0224690233 14.5959159632 14.8659887217 13.6071168822 13.0614614844 6.21563065029
-9999 -9999 -9999 -9999 -9999 -9999 -9999 -9999 -9999 -9999 -9999 16.5212954821 23.0922127609 28.6764822148 28.292781063 28.5879488692 27.8417154364 27.6501095385 27.4638422304 27.4698706388 27.2681573664 27.9055185683 25.2212153686 24.5293633824 23.9127608542 24.8119053482 18.3607077293 14.0304337473 11.3751887478 19.3789991466 15.9108191285 13.0068027026 6.28723735057 7.22872015657 9.03354151405 18.4822770272 20.4441181726 20.7177979147 20.4431850431 20.0166329219 18.3671190825 19.3381961486 17.8943506121 18.1509983649 13.4818591257 8.83793122012 10.0522124737 11.4944206358 10.2490062572 7.95407642405 7.54661060563 7.8328029564 6.42825718671 13.8944735239 14.7393583622 14.1113784741 13.3628645431
-9999 -9999 -9999 -9999 -9999 -9999 -9999 -9999 -9999 -9999 -9999 32.004869528 29.2246751152 28.9841400187 27.7529773803 27.8742657666 26.6308238057 25.8367869759 25.4703481516 26.0070061323 26.2097073323 26.3299514963 24.0867703997 22.9283826059 22.3560378953 23.1512752108 22.4126444462 22.2121825321 20.847386233 17.0385665131 10.4557795734 13.1418098709 15.6254918568 15.9135276423 11.3714272778 5.33343942292 7.08082574816 4.69495004753 17.4772673786 15.8912460217 14.3534694484 18.3376658044 18.3978780794 19.2099431063 19.9368779387 19.5530764789 9.73786383502 9.0006166524 8.45916397057 7.9476363895 6.27189550557 6.99447588845 7.19671706658 8.98867112257 13.2772555012 13.7620084393 10.8900222942
-9999 -9999 -9999 -9999 -9999 -9999 -9999 -9999 -9999 -9999 -9999 -9999 29.8175652241 29.248821592 28.5444858339 27.3704052252 26.732277196 26.3826663261 25.2239458752 26.4840530388 26.6306612147 26.1236549126 25.1856571854 24.794761143 23.3697349673 23.6301014039 22.6182164356 22.7997093855 21.9069990028 21.6304469505 21.1347999851 21.3220751684 17.8167638248 9.69678701625 12.6555451482 17.2513825089 9.18578091847 6.00417031183 5.15272278558 19.3169145476 19.8438889561 18.0861752105 19.5979316969 20.5459655851 20.7973742931 20.8700037613 12.339457157 9.08861590198 7.1827294579 7.69976730095 5.91986733079 5.11582222604 4.36000155672 4.48494020749 4.0851404543 7.78861372684 8.58456031627
-9999 -9999 -9999 -9999 -9999 -9999 -9999 -9999 -9999 -9999 -9999 31.2875572299 30.9989548029 29.8508994781 28.824408258 18.3078846461 24.089254341 26.8858347905 25.1826286936 25.8644964448 24.9052112921 24.7914664294 23.5547483859 23.8594275842 22.958715648 22.8751089511 21.5076061742 21.4798592921 21.0383742691 20.7330256661 19.7204118027 19.91894173 19.0950837225 18.9846855913 18.9662822335 6.9126791499 7.42919672527 4.52397097747 4.28088782333 14.5794540003 17.5725210502 16.39465279 21.6217876966 21.8520241556 22.9786324213 22.80844246 20.6390639787 12.6406215936 8.11538304616 8.192625716 5.64640011929 3.8772816641 3.30800879234 3.33141546952 2.95784343673 3.24889159416 4.56794891759
-9999 -9999 -9999 -9999 -9999 -9999 -9999 -9999 -9999 -9999 -9999 31.8025994197 31.8121037752 30.4924121798 28.4515690566 22.4648849031 26.2869554951 27.024081465 26.3987515392 26.2707769842 21.5529988263 21.7010217435 23.8902876945 24.1156325002 23.2063643744 23.0762589592 16.4178233511 16.9960565944 20.6232926658 22.5645955715 21.3601104336 20.0355067891 18.9487181939 18.984456676 18.8120641021 6.33471972824 5.36064357465 7.44505867399 4.76753968179 7.30035178413 16.6751178956 15.6100976365 18.9660558131 20.1160140753 20.4686936942 20.079904407 19.6241901253 19.4553398293 14.4826752733 11.7854185566 5.29246627147 5.49643480339 4.55515581309 4.32763998118 3.85995913132 3.5847816131 2.88231298574
-9999 -9999 -9999 -9999 -9999 -9999 -9999 -9999 -9999 -9999 -9999 32.3125073784 32.2638750293 30.5371040529 29.6654334648 29.4683631463 27.4303552946 28.0806241131 26.7130082297 27.7080353317 22.2142070228 11.2465993563 22.7820569002 20.3904187012 14.3468056624 14.3363586167 16.1849401048 18.1911872414 17.16745143 18.6424789489 18.2565667266 21.5197129729 20.703007066 20.3258590442 18.2945097573 4.46745179482 3.3032701722 2.45720819847 4.08214085077 4.07604070762 17.187044909 18.2381448627 16.1077593073 14.7534397366 15.6828829412 15.4872124336 17.6185623251 17.7164268644 16.2380943866 16.1850844338 7.06155207282 3.85334466771 3.28568243319 3.20226411212 3.09882575917 2.98217004937 3.45043332171
-9999 -9999 -9999 -9999 -9999 -9999 -9999 -9999 -9999 -9999 -9999 -9999 32.8782892601 31.8205205184 30.3404976494 29.4157058064 28.5139485853 28.440295944 26.5277965748 26.6910050311 26.2239437339 27.6017751934 18.3194677588 14.4206366496 13.6250888871 13.4671071704 11.4992016871 11.9566914821 10.761845134 9.86375172989 8.36527191765 14.0475492314 18.3560185681 18.7755699348 17.8182633251 4.76388764265 4.01440025413 2.78604706687 5.18215107739 5.84554845089 17.2526201727 17.801926208 17.7295033838 14.5246832645 14.8937381399 14.8775910279 16.5669158483 17.2523590193 15.5387435762 17.0452246131 14.9046167179 9.89490514178 8.07036867786 6.06991706789 3.53280677688 3.9211269817 3.5845604242
-9999 -9999 -9999 -9999 -9999 -9999 -9999 -9999 -9999 -9999 -9999 -9999 34.4462474733 32.8602070634 30.9158738718 32.0655605448 29.4291870251 29.6194568529 28.0630232637 27.387779976 26.7884531241 27.0246736169 23.1971984176 18.6787706326 15.2112953998 16.3794007324 16.1138213691 15.2146107855 12.4540210544 14.5829030791 11.6548708529 12.3957369765 20.1940011415 21.3421082741 8.0224351044 5.37479724219 3.54180138571 5.64908396331 7.24867880696 5.8910677756 14.3909843471 17.0231326444 16.0948728782 15.9349788857 15.048069687 13.6933233275 13.3558161978 13.8280006487 12.6223388785 14.5455877002 13.1864011362 11.8999267353 8.73655531194 2.395270409 1.62549775656 2.02889844474 1.63614856158
