data/recharge/transience/oldversion/mHM_recahrge_375.ASC
ncols   80
nrows    72
xllcorner    4374000.0
yllcorner    5656000.0
cellsize      500
NODATA_value  -9999
[rows 0 to 25 of 72, columns 0 to 56 of 80]
-9999 -9999 -9999 -9999 -9999 -9999 -9999 -9999 -9999 -9999 -9999 -9999 31.5696959893 32.3964800929 -9999 -9999 -9999 -9999 -9999 -9999 -9999 -9999 -9999 -9999 -9999 -9999 -9999 -9999 -9999 -9999 -9999 -9999 -9999 -9999 -9999 -9999 -9999 -9999 -9999 -9999 -9999 -9999 -9999 -9999 -9999 -9999 -9999 -9999 -9999 -9999 -9999 -9999 -9999 -9999 -9999 -9999 -9999
-9999 -9999 -9999 -9999 -9999 -9999 -9999 -9999 -9999 -9999 -9999 -9999 28.5914315431 27.0085929438 26.7192198879 -9999 27.4194341668 -9999 -9999 -9999 -9999 -9999 -9999 -9999 -9999 -9999 -9999 -9999 -9999 -9999 -9999 -9999 -9999 -9999 -9999 -9999 -9999 -9999 -9999 -9999 -9999 -9999 -9999 -9999 -9999 -9999 -9999 -9999 -9999 -9999 -9999 -9999 -9999 -9999 -9999 -9999 -9999
-9999 -9999 -9999 -9999 -9999 -9999 -9999 -9999 -9999 -9999 28.6796706488 27.5142719744 28.4601497894 27.6838737408 26.3650894223 26.5565652708 26.8736415223 27.6220200531 -9999 -9999 -9999 -9999 -9999 -9999 -9999 -9999 -9999 -9999 -9999 -9999 -9999 -9999 -9999 -9999 -9999 -9999 -9999 -9999 -9999 -9999 -9999 -9999 -9999 -9999 -9999 -9999 -9999 -9999 -9999 -9999 -9999 -9999 -9999 -9999 -9999 -9999 -9999
-9999 -9999 -9999 -9999 -9999 -9999 -9999 -9999 -9999 27.6660378127 28.1005378396 27.8529725514 27.1060711274 27.349395361 27.4140205756 27.4488630694 27.2775627281 28.390301285 -9999 29.1028921429 -9999 -9999 -9999 -9999 27.6689795421 28.6209235133 -9999 -9999 -9999 -9999 -9999 -9999 -9999 -9999 -9999 -9999 -9999 -9999 -9999 -9999 -9999 -9999 -9999 -9999 -9999 -9999 -9999 -9999 -9999 -9999 -9999 -9999 -9999 -9999 -9999 -9999 -9999
-9999 -9999 -9999 -9999 -9999 -9999 -9999 -9999 28.7651232125 28.0015370809 27.3659727057 27.9789272342 27.5264955706 27.3003596849 27.4828154751 27.7182388569 27.3277239141 26.8179118284 27.4784547928 28.0817372433 27.7333032382 28.1600071671 -9999 27.8097154219 27.8912041377 28.5898016988 -9999 -9999 -9999 -9999 -9999 -9999 -9999 -9999 -9999 -9999 -9999 -9999 -9999 -9999 -9999 -9999 -9999 -9999 -9999 -9999 -9999 -9999 -9999 -9999 -9999 -9999 -9999 -9999 -9999 -9999 -9999
-9999 -9999 -9999 -9999 -9999 -9999 29.9814547094 28.3339440308 27.4643048129 27.5744494418 27.9745608725 28.4858693228 27.9870574036 27.912236706 27.6316901646 27.898238544 27.86943375 27.1456658632 27.7535985783 27.5790214312 27.4232747982 27.6605797178 28.8498095003 27.8106266611 27.8013091938 28.0446498467 28.488224791 -9999 -9999 -9999 -9999 -9999 -9999 -9999 -9999 -9999 -9999 -9999 -9999 -9999 -9999 -9999 -9999 -9999 -9999 -9999 -9999 -9999 -9999 -9999 -9999 -9999 -9999 -9999 -9999 -9999 -9999
-9999 -9999 -9999 -9999 -9999 -9999 29.642863207 28.9121849163 27.2908911879 27.0158671951 27.2228333346 27.926519486 27.7897416894 27.0925699372 27.0054104722 26.9292905129 27.9775597211 22.5339874122 27.338349301 27.1148863792 27.2512179594 28.0914359251 27.9762469566 28.2232560095 27.7164302575 27.3079786568 27.9366210423 28.7776274834 29.1782989325 29.0961114886 29.4502491012 29.7065653841 -9999 -9999 -9999 -9999 -9999 -9999 -9999 -9999 -9999 -9999 -9999 -9999 -9999 -9999 -9999 -9999 -9999 -9999 -9999 -9999 -9999 -9999 -9999 -9999 -9999
-9999 -9999 -9999 -9999 -9999 30.2530633551 29.626800868 29.2927636972 28.5835465212 28.3082536391 28.0361090709 27.571021008 27.3559410968 27.0988166683 27.7254819199 27.8991296939 22.1713814982 11.6780092277 21.9256059279 27.3487800341 27.40915058 27.3057169107 27.5651824006 27.674909876 28.0106611297 28.4179918426 27.8357067817 27.9202911707 28.6552654372 28.6790231744 28.7169841982 29.1826640301 28.8596951573 28.8640732886 -9999 -9999 -9999 -9999 -9999 -9999 -9999 -9999 -9999 -9999 -9999 -9999 -9999 -9999 -9999 -9999 -9999 -9999 -9999 -9999 -9999 -9999 -9999
-9999 -9999 -9999 -9999 -9999 30.6206170607 29.5197709249 29.6532605517 28.9833463905 28.7137900587 28.5394130278 28.7191644413 20.5176167277 16.7956522988 28.6728678961 28.1591283813 23.7074203399 9.55756489101 18.0020652153 23.6451259542 28.1567215612 27.6888924893 28.1069917466 28.1263200542 27.924757616 27.2789286421 27.4266180159 27.2630571996 27.5953232642 26.7217300604 25.9954525179 27.3908762628 28.2329224045 28.2680602774 28.2644012483 28.5571175978 -9999 -9999 -9999 -9999 28.5639316416 27.9017877327 -9999 -9999 -9999 -9999 -9999 -9999 -9999 -9999 -9999 -9999 -9999 -9999 -9999 -9999 -9999
-9999 -9999 -9999 -9999 -9999 30.344809413 29.7331699226 29.1645102209 29.0200692766 29.4611620846 29.2546373423 29.0968556966 28.4930243864 28.1791964119 29.1322264649 28.1424654108 26.9230299732 28.6106175762 28.975536654 28.7241658546 28.4708125059 27.3345224359 27.4253932688 27.3280337174 27.8285778461 27.8097584098 27.3449445827 26.8896787738 27.7923184266 25.6091166235 17.5902019328 23.1558787187 27.9521657854 27.7043312936 27.4264710146 28.3338096922 28.431344827 -9999 -9999 28.5564767786 28.3254788923 28.4143451487 28.3281773446 -9999 -9999 -9999 -9999 -9999 -9999 -9999 -9999 -9999 -9999 -9999 -9999 -9999 -9999
-9999 -9999 -9999 -9999 -9999 -9999 30.8233442579 30.089896921 29.8670061712 30.0161270041 29.2992839608 29.4253508723 29.8049340417 31.7698112422 28.2883107844 28.1873326068 27.8792095401 27.9817839395 28.1406244354 28.1214676776 28.1706002538 27.9402185483 27.5767770705 28.3968063602 28.0020123096 27.7507742383 26.6585120022 26.9519118959 27.306887971 27.3955868707 25.76631304 27.4650504335 27.0620021511 27.6644329736 27.6586758565 27.673130198 27.4301180594 27.3681323227 27.9355063917 27.7134097771 27.8140685478 28.4109943786 27.060679009 26.6401559408 -9999 -9999 -9999 -9999 28.2272311439 27.8332142678 7.49062559105 -9999 -9999 -9999 -9999 -9999 -9999
-9999 -9999 -9999 -9999 -9999 -9999 -9999 30.459665042 29.7177128265 29.8961309202 29.8553183104 29.8846898952 28.9610208218 27.6332230903 27.2911055771 28.2396196687 28.5448322419 28.7291273091 28.5994767228 27.9935742544 27.7152085974 27.419534525 27.4249089481 28.0358119167 27.9770362925 27.3320457942 27.2959212734 27.1892165258 27.5857639362 27.3149522928 27.1023146602 26.9837014791 27.2075565826 27.1773047999 27.7559531459 27.9566635045 27.8729011912 27.925585585 28.0767203273 27.8682833571 26.9702058963 27.0809975047 27.544983922 25.4891554149 24.3993930346 25.12643035 25.3062218293 24.6647982742 24.3840594166 27.350689711 25.8615586993 21.9858816197 -9999 -9999 -9999 -9999 -9999
-9999 -9999 -9999 -9999 -9999 -9999 -9999 -9999 29.879305919 29.7776179538 29.9062956793 30.0534349402 29.2778005196 29.7795167455 30.2765075307 29.8994755907 28.5345157111 28.8410734994 28.2707636417 28.0981350889 28.6485970746 28.5386300588 36.3504928195 42.9033840201 41.7065988585 42.5893762884 32.4186368344 27.1158307871 26.5773515214 25.8832692819 26.5989985533 26.3196886697 26.5497308033 26.4418239735 26.891393528 27.2801183941 27.2355321867 27.4999673335 27.4795641336 27.7282076405 27.5233255756 27.587263554 23.9249187924 23.5060264494 23.1526161668 22.694591337 23.3175572327 22.7614900195 22.2284209175 26.1372928914 25.7059801498 25.9629977212 25.5357692518 -9999 -9999 -9999 -9999
-9999 -9999 -9999 -9999 -9999 -9999 -9999 -9999 30.4645939889 30.1939562593 29.616961567 29.7498561495 29.5049210289 29.5347875111 29.3904543607 29.0430090517 28.1350626468 28.5467677557 28.1847550039 28.2762392788 28.6452619396 28.5457659399 42.2612812663 45.7672317741 43.0969654157 40.9935117243 42.9525167209 32.7470136365 26.8351245493 26.1926149504 26.1961428385 26.2122907513 26.1055894128 26.2777873099 26.9828549001 11.8292487797 27.6475804658 27.3700307434 27.2533772474 27.2497060311 27.1720409196 28.0475825995 23.6743515096 23.5691017468 22.7610520215 22.6924345618 23.2571131951 22.8718882789 23.4104444335 25.7909094632 25.5856600619 25.6227138708 25.8781528782 26.4205561709 26.1595281666 26.3576537769 -9999
-9999 -9999 -9999 -9999 -9999 -9999 -9999 -9999 -9999 30.3932583071 29.9698258126 29.7553876993 29.7742178928 29.2217138087 28.7381831391 28.6422595961 28.7746397687 28.593310443 28.6909212816 28.8172104722 29.5267480816 28.605025146 31.9251651399 50.2426109956 44.8276141677 43.8328383832 40.5691962753 40.5317724214 33.9223882525 26.7452378285 26.6082416124 26.4440026447 26.2415425578 25.562137308 25.4966397655 22.5053860268 27.1263345041 27.0018478933 26.8423488037 26.7305254388 26.6409167473 26.5019230238 22.8127596536 23.4795569141 22.0025365576 21.0452251446 20.0304062277 20.4648827904 24.6434225822 24.3440321503 24.3464128288 24.2448737767 24.8516208324 25.6517872505 25.9315764362 22.6764176826 19.1075082918
-9999 -9999 -9999 -9999 -9999 -9999 -9999 -9999 -9999 -9999 29.3698163062 29.7839372254 29.77361013 29.5099925793 28.4977232712 28.2021402969 29.1656591664 29.6024145807 29.4614693575 29.1321921278 28.4346291341 28.1490011854 27.3893247308 38.0975173485 43.0518870474 43.8199270101 41.6790161208 40.7358796943 38.2872303833 37.1344359111 26.6295091083 26.5077323084 26.5588948653 26.1805769047 26.8523473909 26.7692979856 26.9175673554 26.9475226619 26.8981385971 26.9222914929 26.6626697047 26.5860783824 26.3722661227 23.8218891701 24.7567447897 23.5693132816 22.6074047631 21.451442993 24.8284216766 24.9712963984 25.1289625836 24.6523219327 24.367633052 25.1922493753 25.1679466953 21.7487322536 19.0147321541
-9999 -9999 -9999 -9999 -9999 -9999 -9999 -9999 -9999 -9999 -9999 15.5960277885 20.0056419802 29.2564295459 28.5775902511 28.1991261585 29.1726318237 29.2853471936 28.7711064315 29.2900491202 28.8005378548 28.8145111817 27.7184231952 26.7840149855 31.9029208515 38.7179650966 39.4927982136 43.4576381298 41.7923085947 27.0561808854 34.918880335 27.0159067264 24.9839535695 25.3236899746 25.832450829 25.6397139327 26.2693261511 26.2006678346 26.4268578174 26.5562028956 26.0551779717 25.4409371425 25.7537251887 26.4336621182 22.2552273165 20.5642241074 21.6075520419 22.937353137 23.9623744465 24.500606172 24.0494204944 24.8851677435 24.9835063377 24.6756480373 24.0862538971 24.3609819039 19.8503667873
-9999 -9999 -9999 -9999 -9999 -9999 -9999 -9999 -9999 -9999 -9999 14.2664144182 21.3148765359 28.7645511016 28.8183174447 28.8801779137 28.2446203863 28.3281252578 28.4894582591 28.4931181357 28.5637879566 29.0127281113 27.5203755319 27.2850208985 27.3019093917 28.0943432624 34.0018831816 41.9355960062 39.6141035043 37.0681627647 38.5317154568 37.8690139274 33.7411178387 36.3439138101 34.9724397052 27.7797960204 26.0665268182 26.3923553196 26.141861913 25.7662784143 24.1216723576 25.4616261602 24.9703044243 25.3394802973 26.9926550497 23.3064045973 24.187037514 25.1520272015 24.2973447996 22.5950989647 21.9638487488 22.4477747711 21.0557891391 25.7511018577 25.0889836152 24.5870568259 24.272939118
-9999 -9999 -9999 -9999 -9999 -9999 -9999 -9999 -9999 -9999 -9999 30.3878644 29.2052170052 29.0292674478 28.2959413502 28.4600919587 27.528536748 27.083815327 27.1982846107 27.7787255984 27.820379375 27.9108618843 27.4568735196 26.5756275498 26.5847537368 26.6669595271 26.4452818705 26.277392373 26.0584603838 31.0875531674 36.6909106535 39.5941447065 39.7634978435 41.3097859106 35.1602618505 31.6580318884 33.7157064654 33.3591029213 27.3601454831 19.5083163141 15.2554205418 25.3132731764 24.8666845528 25.4367897606 26.422452609 28.4792991362 23.7196913555 23.0669882986 22.4428677151 22.1190419136 20.0666125293 20.8411436105 21.0328826906 23.0408682456 25.8321625957 20.6565254097 20.3292461668
-9999 -9999 -9999 -9999 -9999 -9999 -9999 -9999 -9999 -9999 -9999 -9999 29.216709074 28.8555166312 28.8836588162 28.2741282877 27.8870737072 27.532564413 26.9551299197 27.90563294 28.1533256726 27.7592291759 27.5023130339 27.4996811868 26.7401171268 26.9609851144 26.6282662166 26.7204035203 26.4004334497 26.2469265323 26.1125163651 26.1438394999 29.4183969182 36.7449557111 37.165912818 19.0737820753 35.1137619247 32.2230382425 34.55409276 25.7414455582 26.1559440845 24.7332425777 25.4431064979 25.9679239286 26.1083179622 26.6392737396 26.5102603083 23.1449165339 20.9516768839 21.5483706942 19.6733149868 18.5284270482 17.2916586755 17.4994034758 16.7875901413 19.2473832637 11.1867395283
-9999 -9999 -9999 -9999 -9999 -9999 -9999 -9999 -9999 -9999 -9999 30.0147457736 29.9579804682 29.3982042955 28.5483410266 16.7500154163 24.1616834583 28.1396066828 27.3792820426 27.5557923434 27.1563218795 27.0705129588 26.6096012765 26.8614755682 26.5988921708 26.5541802309 26.2117522133 26.0035240927 25.9769803789 25.7104636645 25.3949970378 25.5038449273 25.2169629445 25.0855691637 25.2367924232 35.4262895788 33.318492857 28.1456811104 26.7755294754 26.3406190306 25.2383259937 23.7465832153 26.3764284845 26.7163917725 26.5547888213 26.3162718639 26.7191932279 25.6300087236 21.9140879905 21.826777321 18.7947644188 15.6944967095 14.4448236986 14.5013195606 13.6348494279 14.4494909912 17.3613495165
-9999 -9999 -9999 -9999 -9999 -9999 -9999 -9999 -9999 -9999 -9999 30.3727876548 30.5752194549 29.9287086022 29.0870578375 21.475450355 27.1836632204 28.0140321373 28.0137785643 28.0515338109 23.1302332593 24.1501431381 27.0822170404 26.9551825698 26.7238057243 27.0550960009 17.0645435886 18.2845792443 24.8525639737 26.5993730025 26.2179665258 25.5713862086 25.0606421236 25.0797775077 25.1264541883 32.8740480332 29.7218844481 32.461769844 27.4052635036 31.8399738872 24.2933605238 23.5732925906 24.599576572 25.8395218052 25.8085727178 25.5894591693 25.3797334038 25.6570088808 25.8254881091 24.742373336 18.3381040131 18.547654665 17.1774563108 16.7601013897 15.9694586538 15.3344266681 13.3082581643
-9999 -9999 -9999 -9999 -9999 -9999 -9999 -9999 -9999 -9999 -9999 30.5911749208 30.6446061872 29.6015836059 29.0028219677 28.7633357953 27.5733842135 28.0559121112 27.8067043601 28.7641838324 23.2124514011 10.1719744557 23.3469765719 28.8402659721 25.402447378 25.4443102581 26.7962829232 27.7947289968 26.9171599275 26.4639519001 26.1252711245 26.2211524044 26.0057229897 25.8541515897 25.0453196731 29.7652617777 24.224690497 20.5380141943 26.050696746 27.7213997033 24.4615446591 25.3306199696 24.3869551735 23.4206780506 23.6426152885 23.7125612883 24.2346346863 24.2732965945 24.4434856172 24.4641441624 19.8729419667 15.1094894501 13.4477008702 13.2026333398 12.5799392779 13.1401544168 14.4548788101
-9999 -9999 -9999 -9999 -9999 -9999 -9999 -9999 -9999 -9999 -9999 -9999 31.0306316711 30.3655171602 29.6844213279 28.5945605818 28.032357652 28.4814069374 28.0077026863 28.1354627457 28.0116010381 29.0710707489 28.0011021487 25.4990737608 25.0492353738 24.9485503262 23.6428362079 23.9536481171 23.1239137248 22.3847585876 20.9679681709 25.1694959303 24.6219103095 24.9634572529 24.6819158855 30.5369951485 26.2598901766 22.566028558 28.3863177836 31.758397767 24.9381094757 24.6993477566 24.9276612473 23.730665642 23.6622867994 23.4761720164 23.6585795636 23.8885717719 23.8417323221 24.4013293212 23.6779129868 13.6638403418 14.9643784993 18.5306087444 14.0716664299 14.180669433 13.4048982868
-9999 -9999 -9999 -9999 -9999 -9999 -9999 -9999 -9999 -9999 -9999 -9999 31.8288868651 30.785514673 29.6078111746 29.4511678405 28.3539476301 28.6453009358 28.3715798197 27.9827245265 28.2700034029 28.3072646512 29.4336436797 27.3368010637 25.8984536193 26.3824055213 26.2864330311 25.7515673931 24.1959698617 25.3176197808 23.7068275101 24.2577275641 27.2204763584 26.3238110399 33.3394206131 29.0864217885 25.202146668 28.9245055031 31.6726265267 29.3351047233 25.7180974736 24.4773025263 23.8234000725 23.7744360897 23.5881173319 23.4352072357 22.6922879925 22.5995299426 21.9859034233 23.1298844503 22.3827464258 20.5700312357 19.7554845486 12.029179925 9.21311351631 11.078825025 8.53330186959
-9999 -9999 -9999 -9999 -9999 -9999 -9999 -9999 -9999 -9999 -9999 -9999 30.471514173 30.7365396332 30.1614878164 30.1997658023 29.2674490255 28.9963207434 28.2155522009 29.0265064794 28.2116808973 28.0322779752 27.6691361149 20.9335541271 22.4023747688 25.9566589471 27.3316260969 26.0258159011 24.3755774985 23.6978699706 22.3797227151 21.8759017725 24.611728851 28.1765386189 28.1481906222 27.3118101607 29.2819556969 29.5252891204 26.2986498148 18.8586063064 16.4774973164 18.7756554673 23.3147795937 23.9593232548 23.7348756821 23.7225903386 23.6176940611 23.6682223229 23.3962873096 23.7466528784 23.2203587952 18.9772806756 11.772183076 9.96641311849 9.65999532426 10.0019236927 9.46187117182
