data/recharge/transience/oldversion/mHM_recahrge_44.ASC
ncols   80
nrows    72
xllcorner    4374000.0
yllcorner    5656000.0
cellsize      500
NODATA_value  -9999
[rows 0 to 24 of 72, columns 0 to 56 of 80]
-9999 -9999 -9999 -9999 -9999 -9999 -9999 -9999 -9999 -9999 -9999 -9999 4.93230833297 5.12842278732 -9999 -9999 -9999 -9999 -9999 -9999 -9999 -9999 -9999 -9999 -9999 -9999 -9999 -9999 -9999 -9999 -9999 -9999 -9999 -9999 -9999 -9999 -9999 -9999 -9999 -9999 -9999 -9999 -9999 -9999 -9999 -9999 -9999 -9999 -9999 -9999 -9999 -9999 -9999 -9999 -9999 -9999 -9999
-9999 -9999 -9999 -9999 -9999 -9999 -9999 -9999 -9999 -9999 -9999 -9999 6.84292094062 5.62307118565 4.82412355027 -9999 5.03063354849 -9999 -9999 -9999 -9999 -9999 -9999 -9999 -9999 -9999 -9999 -9999 -9999 -9999 -9999 -9999 -9999 -9999 -9999 -9999 -9999 -9999 -9999 -9999 -9999 -9999 -9999 -9999 -9999 -9999 -9999 -9999 -9999 -9999 -9999 -9999 -9999 -9999 -9999 -9999 -9999
-9999 -9999 -9999 -9999 -9999 -9999 -9999 -9999 -9999 -9999 5.67686807999 5.39566850519 6.11848507932 6.27947915163 4.49225450148 4.05661223563 3.4518498141 3.52850792651 -9999 -9999 -9999 -9999 -9999 -9999 -9999 -9999 -9999 -9999 -9999 -9999 -9999 -9999 -9999 -9999 -9999 -9999 -9999 -9999 -9999 -9999 -9999 -9999 -9999 -9999 -9999 -9999 -9999 -9999 -9999 -9999 -9999 -9999 -9999 -9999 -9999 -9999 -9999
-9999 -9999 -9999 -9999 -9999 -9999 -9999 -9999 -9999 5.52652890358 5.6507553437 5.58075492016 5.19442537664 5.48129712973 5.00033223875 4.66897073717 3.99521897917 4.9964143056 -9999 5.3775821545 -9999 -9999 -9999 -9999 4.18189201676 4.49728369951 -9999 -9999 -9999 -9999 -9999 -9999 -9999 -9999 -9999 -9999 -9999 -9999 -9999 -9999 -9999 -9999 -9999 -9999 -9999 -9999 -9999 -9999 -9999 -9999 -9999 -9999 -9999 -9999 -9999 -9999 -9999
-9999 -9999 -9999 -9999 -9999 -9999 -9999 -9999 7.15253216511 6.40019039825 5.34918404455 5.38356039717 5.02612832451 4.60612712436 4.53340657255 4.27892622114 3.74629417756 3.61119584281 3.39133645198 4.08733046611 4.0160299626 4.30369429331 -9999 3.76635089064 4.97367942627 4.89172382315 -9999 -9999 -9999 -9999 -9999 -9999 -9999 -9999 -9999 -9999 -9999 -9999 -9999 -9999 -9999 -9999 -9999 -9999 -9999 -9999 -9999 -9999 -9999 -9999 -9999 -9999 -9999 -9999 -9999 -9999 -9999
-9999 -9999 -9999 -9999 -9999 -9999 6.98870741281 6.00921141034 5.60812415529 5.86001519001 6.07848216462 6.43609017059 5.64953440154 5.3149919022 4.44543355724 4.8544247557 3.98873498396 3.73666009553 3.95739820509 4.02729076455 3.8764083054 4.15566163209 4.00333330831 3.82324869144 4.25009976428 4.06846593091 4.43148396124 -9999 -9999 -9999 -9999 -9999 -9999 -9999 -9999 -9999 -9999 -9999 -9999 -9999 -9999 -9999 -9999 -9999 -9999 -9999 -9999 -9999 -9999 -9999 -9999 -9999 -9999 -9999 -9999 -9999 -9999
-9999 -9999 -9999 -9999 -9999 -9999 7.21824414594 6.68560631831 5.31843585862 5.11169143862 4.74547760267 5.10775415744 4.78998333673 4.33086072446 3.99587814241 3.63541060383 3.46205218804 3.59656935254 3.58994992667 3.23588248666 3.44194358661 4.08563656657 3.78505120794 3.78985109365 3.62525098962 3.34084841952 4.44662113825 4.75034818112 4.83525052661 4.49822816768 5.67774692539 5.5981436913 -9999 -9999 -9999 -9999 -9999 -9999 -9999 -9999 -9999 -9999 -9999 -9999 -9999 -9999 -9999 -9999 -9999 -9999 -9999 -9999 -9999 -9999 -9999 -9999 -9999
-9999 -9999 -9999 -9999 -9999 8.25313458372 7.41620964929 7.32806482898 6.70313390865 6.80530258907 6.34009032447 5.84772767375 4.50384643461 4.76777418445 4.51369424143 4.57025368739 3.737775211 2.40632450104 3.74431963398 3.28464324439 3.46462116126 3.31380073984 3.5400012375 3.68344772201 3.80691785972 4.03283935011 4.26782446192 4.08914082598 4.59070618771 4.45635789403 4.31936939395 4.61198476509 4.09028505173 3.89506577718 -9999 -9999 -9999 -9999 -9999 -9999 -9999 -9999 -9999 -9999 -9999 -9999 -9999 -9999 -9999 -9999 -9999 -9999 -9999 -9999 -9999 -9999 -9999
-9999 -9999 -9999 -9999 -9999 8.48868322589 7.80622072964 7.85615595868 7.01998601719 6.61989976339 6.2974274265 6.62799619339 4.44590738846 3.76714632678 5.78824330981 6.05665663563 4.08119293814 1.97756944107 3.29993183574 3.46697872564 3.33596815017 3.54373417887 4.08430497168 3.89713475202 3.6515802318 3.15496928483 3.52565301489 3.14064837686 3.69135294864 3.66568403729 3.54891657496 3.59370066915 3.91467258244 3.69896933834 3.87932340668 3.69380611435 -9999 -9999 -9999 -9999 4.12304705878 3.86994906496 -9999 -9999 -9999 -9999 -9999 -9999 -9999 -9999 -9999 -9999 -9999 -9999 -9999 -9999 -9999
-9999 -9999 -9999 -9999 -9999 8.06309092597 7.50296999143 7.50378592398 7.25925208496 7.59612536781 7.01768030093 6.76972172265 5.95001095878 6.58143508173 6.30495913667 5.17385425434 4.20437967178 5.21824323491 4.49103208504 4.95914745769 3.94557416018 3.41930021463 3.27769915936 3.11559606833 3.55650943647 3.3557060485 3.35532950302 2.92950583015 3.8463927108 3.58783074257 2.90671462677 3.52562070623 3.84902946231 3.65014220222 3.48667575454 3.88625756315 3.88484561466 -9999 -9999 4.04223854369 4.43857543208 4.2403901304 4.77388060354 -9999 -9999 -9999 -9999 -9999 -9999 -9999 -9999 -9999 -9999 -9999 -9999 -9999 -9999
-9999 -9999 -9999 -9999 -9999 -9999 8.73896739113 8.86305298711 7.9457751268 7.70233641289 6.78180697813 7.25285591832 7.32712769954 7.53664632476 5.16845808773 4.68776786209 4.59940712553 4.44150474696 3.85651796415 3.81204692345 3.86389884616 4.05009460646 3.70814562737 4.05015467615 3.58596770533 3.176411404 2.61598350256 2.89450424428 2.92198952383 3.02099474796 3.08338875785 3.34942579032 3.12779994744 3.12638076549 3.33268241665 3.52145585103 3.48969244568 3.08327968585 3.87507584853 3.73810584504 3.73949702817 4.55631082575 3.540075531 2.98997425764 -9999 -9999 -9999 -9999 4.40710156327 3.88733631004 1.48213240451 -9999 -9999 -9999 -9999 -9999 -9999
-9999 -9999 -9999 -9999 -9999 -9999 -9999 8.30051494291 7.471647131 8.1455027731 7.83201628706 7.32447559964 6.1413751699 5.36506599596 5.19160886538 6.24079077004 5.75974911514 5.6136900795 5.23023757216 4.3872228418 3.60324204442 3.62515078129 3.4861354116 3.53557335839 3.25913392952 2.88713648699 2.76690338681 2.99909442908 3.07225084078 2.92269940597 3.0579407672 3.0280526685 3.22037316156 3.05942720476 3.62913182664 3.59720369826 3.68592357964 3.6206035494 3.77892130328 3.7662797478 3.3024951473 3.17678291217 3.37072116656 3.71536389683 3.40867949782 3.75386800758 4.02067848446 3.50559359135 3.37803522735 3.1382765899 2.7719611594 2.43442362658 -9999 -9999 -9999 -9999 -9999
-9999 -9999 -9999 -9999 -9999 -9999 -9999 -9999 7.19271183958 6.95820000179 7.38661265729 7.93583033554 7.11845833553 7.56602238028 7.00948101933 6.49790255181 4.88123889146 4.91371459202 3.98374146309 4.46320641046 5.43682454631 5.20637146676 5.01914831193 6.23585026837 6.08521463384 5.7860701651 3.06565396771 2.83178663922 2.45021442423 2.09232624093 2.43081117609 2.51482014658 2.62604863352 2.44982150582 2.85374283524 2.98559194027 3.25915919913 3.43807159916 3.24746998074 3.20635145096 3.20618119105 3.2174983927 3.30290871567 3.04828901852 2.98196196681 2.73936386008 3.04030783976 2.72005366473 2.51194789184 2.37109860117 2.15642300455 2.32661391671 1.89801994564 -9999 -9999 -9999 -9999
-9999 -9999 -9999 -9999 -9999 -9999 -9999 -9999 8.3319490004 7.63513645289 6.95991562854 7.00490265564 6.55505544654 6.51249189628 5.47396909497 5.33727319431 4.73379507156 5.06708730418 4.47064322527 4.83035846229 5.12430452274 5.08243381867 6.42110402782 8.57600364739 7.15822522336 5.74058180933 5.9550427603 3.7360122653 2.62234703851 2.16489315844 2.13119445739 2.34660803445 2.22085166457 2.36374883725 2.91233171737 1.97033046572 3.59497875913 3.29592511057 3.23625253623 3.16621719543 3.15773540926 2.99528568845 3.1045846206 3.08967906394 2.75189233397 2.7219496285 3.00489936069 2.78583022609 2.56467096603 2.39559954075 2.2500582752 2.2647575938 2.16671636726 2.49756023129 1.99433185574 2.17499412169 -9999
-9999 -9999 -9999 -9999 -9999 -9999 -9999 -9999 -9999 8.94158798054 8.03742315321 6.88318345025 6.76106989702 6.79312001839 6.01362886704 6.0729153416 6.41392449016 6.7541916827 6.69920190024 6.75321519148 6.19505942 4.96930941735 5.29968593328 10.8030506831 8.60639616036 7.63931058563 5.79933298037 5.14302171903 2.51053508633 2.39797826518 2.28116486277 2.34776103869 2.27680699288 1.94824651366 2.3569801679 2.7746606551 3.01597150868 2.81535708437 2.71161353391 2.74756639924 2.69750060516 2.69005118166 2.49455890618 3.37164986409 2.65052004737 2.24289571555 1.97808429003 1.94241477833 1.7297360652 1.68412493586 1.69551115523 1.61823223084 1.72949955249 1.97710079128 2.06372417843 1.78104725444 1.44835793606
-9999 -9999 -9999 -9999 -9999 -9999 -9999 -9999 -9999 -9999 7.33664788372 7.35492679343 6.5741349985 6.68376525528 5.58104889532 5.149011932 5.3985938724 6.60948125932 5.68091458584 4.83404035395 4.34151122264 4.21835515129 3.50068768699 5.22439392582 6.73270018416 7.69468474125 6.70869274427 5.85084745847 4.58072640234 3.12883830929 2.33351047956 2.34732660901 2.62724427456 2.23575253991 2.87331589592 2.67913580232 2.92471172043 2.81777144687 2.73952295193 2.76027727942 2.86558088739 2.81756345293 2.36956881373 2.93140062899 3.73139907091 3.57675617099 3.0064579303 2.19583816817 1.94128549511 1.9017884925 2.02412682428 1.92512370784 1.58307164944 1.92261236327 1.69553834663 1.81159823266 1.42188402999
-9999 -9999 -9999 -9999 -9999 -9999 -9999 -9999 -9999 -9999 -9999 4.13114123144 4.65934224561 6.30662932885 5.62284223387 5.26944317693 5.49505633897 5.41926297503 4.21514695298 4.55300624723 4.76219627866 4.67571704329 3.58257558497 2.95315105197 3.15178076914 4.09449411367 5.44783910008 7.1669820086 6.49185339098 2.81996464337 2.99397940053 2.21614546598 2.21709242228 2.30795549026 2.31910762087 2.03553863822 2.45087027277 2.42800513685 2.57567579836 2.57508070139 2.73178765988 2.41609172769 2.5316767748 2.27387700263 2.40352539702 2.18107762565 2.49546802892 2.97777840628 2.06260446769 1.81652952928 1.56949798692 1.92404903997 1.87200303581 1.6778736603 1.34846229701 1.37695871854 1.13238811769
-9999 -9999 -9999 -9999 -9999 -9999 -9999 -9999 -9999 -9999 -9999 3.66567110894 5.09828559344 5.70515808151 5.77926380849 5.49864043313 4.67221573474 4.331435322 4.49594710837 4.54953929175 4.3283119341 4.90779520934 3.52330207799 3.32212870235 3.09132901288 3.49360020978 3.60684188429 5.01397557103 5.05706864564 4.64088822435 5.82532652744 5.60315107852 3.48913498334 3.7465678605 2.69794306449 2.13084402557 2.43611372753 2.49279013247 2.48769790911 2.49600935441 2.87739293525 2.85225841432 2.29954221581 2.37727586011 2.38095275968 2.88173865688 3.72690666577 4.28376246229 3.84402331002 2.65668913014 2.90501976072 2.72496689124 1.82117453182 1.9919230967 1.80931202221 1.55249812107 1.33850928275
-9999 -9999 -9999 -9999 -9999 -9999 -9999 -9999 -9999 -9999 -9999 8.31069266193 7.40028374206 7.03978161431 5.08661735359 5.36408603675 4.55545591031 3.77018440106 3.70076237134 3.93978354718 3.80867759568 3.90520608566 3.24885773477 2.82408056003 2.51958303025 2.50653134042 2.29585551412 2.2326495727 2.2918392879 2.49066566489 3.26759307974 5.23695941206 6.7034056349 6.6262571298 4.00629619776 3.20018532141 3.935784547 2.85385865107 2.11659740415 2.04968150461 2.16022078362 2.51802410709 2.81084893065 3.19013268692 3.57100441593 4.26770472946 3.42487709164 3.05617487938 2.93612382473 2.97307384878 2.42627855165 2.76061361313 2.85962981005 3.19201296356 2.31013705293 1.76057761819 1.23377801641
-9999 -9999 -9999 -9999 -9999 -9999 -9999 -9999 -9999 -9999 -9999 -9999 6.03912313464 6.76603818089 6.01706803647 5.33778520428 4.61910455875 4.33641901258 3.71749328003 4.10077701144 3.94903973664 3.69865965179 3.39970904336 3.38162281173 2.67775474028 2.75258591287 2.35189357805 2.45494423572 2.25365486206 2.11883786702 2.11294534378 2.24259352846 2.14079623176 2.96046939516 4.39235937895 1.40222731641 4.13445867436 3.47678944692 3.03701521838 2.3720996157 2.69802146683 2.47804657955 3.47772415586 4.00529476501 4.24762014808 4.17742420505 3.33811979129 3.10109986205 2.24270655146 2.58602665238 2.28758713806 1.85124810484 1.49300592075 1.51245470974 1.35411962774 1.39672601625 0.600758647661
-9999 -9999 -9999 -9999 -9999 -9999 -9999 -9999 -9999 -9999 -9999 7.69405575972 7.34679807852 7.71970898635 7.27711011637 4.2999647719 4.89747668153 4.86709754016 3.91489492454 4.18582917665 3.31831159465 3.2541688525 2.79160483161 2.87841280735 2.73212244629 2.68003876989 2.15742399857 2.08707299982 2.03664209006 1.94428492392 1.82004104826 1.9159168418 1.80212943428 1.77361209839 1.96411578519 3.74923800461 4.30306430668 2.91482189173 2.65204276484 2.04771369542 2.36650930913 2.17483197156 3.54379121963 4.16319659812 5.05495981889 5.01060158104 4.03832018398 4.0598198232 3.02596530927 3.04187478117 2.0944941589 1.27058202228 1.05158214414 1.06467998142 0.925436297255 1.07717522664 1.67854539881
-9999 -9999 -9999 -9999 -9999 -9999 -9999 -9999 -9999 -9999 -9999 7.97725906242 8.58934992895 8.31910619611 6.51876085233 5.23684416548 5.4794673559 5.27238273196 4.18823073769 4.25804415327 3.93947732804 3.73081255321 2.97126753514 3.10031947276 2.89504462978 2.93541769389 2.19465456622 2.41973976925 2.35810673679 2.99210692693 2.67645812534 1.97044521485 1.75758361711 1.77558212144 1.89501678432 2.20635448024 3.33127656658 4.24319398227 3.08853955741 2.61099912134 2.0288295134 2.30109430806 3.02495018053 3.1107076005 3.18872548849 2.97282413844 3.21168666924 3.33907834727 2.80696081574 2.93592599212 1.96336249713 2.13376185222 1.75750991487 1.62631028629 1.446908993 1.28737162226 0.840536071002
-9999 -9999 -9999 -9999 -9999 -9999 -9999 -9999 -9999 -9999 -9999 9.21956885543 9.11852363728 8.30821074097 7.9304860808 7.77784038702 5.63355928707 6.02121586732 5.2603613318 5.31416705458 3.78622099539 2.37030985447 4.24791606653 4.77407129359 3.75722354598 3.75571869102 3.67046322807 3.11795540967 2.30143198513 1.94875828983 1.94807931424 2.76013733046 2.81708806502 2.5916701957 2.03143347613 1.97939641248 2.208859015 1.69615327352 3.00447290053 1.86699613463 2.31746295506 2.50920207035 2.28251407177 1.88950414784 1.90685718056 1.91976314637 2.23248903128 2.28143213193 2.06192112838 1.93631128575 1.50061046991 1.34935970589 1.00420865173 0.964019603127 0.855124359092 1.05494069514 1.29352563627
-9999 -9999 -9999 -9999 -9999 -9999 -9999 -9999 -9999 -9999 -9999 -9999 9.3241668663 8.96155591911 7.77253734669 7.5157485649 6.49506606617 6.42709213684 5.06389655209 5.40719805367 4.78389659902 5.2913052034 4.04705376829 3.71252130119 3.50450683078 3.44737554876 2.77105573764 2.94461800729 2.57853138955 2.21759170343 1.81388269741 1.73557725957 1.64097037275 1.81307057114 1.82083584887 3.01622841219 2.60471311498 2.08284520273 3.44005828764 2.89802315774 2.27263872573 2.03183638186 2.24248648713 1.88211431457 1.97534190784 1.98051731694 1.94415797922 2.08970561463 1.82321269768 1.86440273101 1.52422486055 0.88214546979 0.825149372478 1.4082782622 1.07215751214 1.03056779309 0.869222778486
-9999 -9999 -9999 -9999 -9999 -9999 -9999 -9999 -9999 -9999 -9999 -9999 10.3697360065 9.33193300233 8.38267828133 8.05675468493 6.46586157489 6.900984496 5.89700641156 5.39727632251 4.94502297754 4.56535559816 4.20165655034 5.1480816751 4.05958939838 4.4450445699 4.44409802696 4.11656755799 3.33240698998 4.08839859567 3.29440321234 3.46389559641 3.26835352336 3.13915046637 3.03235574846 3.28207172482 2.56305812445 3.52072464412 4.5279502675 3.20527707118 2.51007170136 1.86044601673 1.64825259597 1.61936503563 1.62501503558 1.6507129185 1.49547005704 1.51465937182 1.32714557739 1.44929623151 1.31483486201 1.11289413297 1.0133688219 0.815870454376 0.693841962026 0.985080042765 0.500848537753
