data/recharge/transience/oldversion/mHM_recahrge_25.ASC
ncols   80
nrows    72
xllcorner    4374000.0
yllcorner    5656000.0
cellsize      500
NODATA_value  -9999
[rows 0 to 25 of 72, columns 0 to 56 of 80]
-9999 -9999 -9999 -9999 -9999 -9999 -9999 -9999 -9999 -9999 -9999 -9999 42.6008215774 43.6025613692 -9999 -9999 -9999 -9999 -9999 -9999 -9999 -9999 -9999 -9999 -9999 -9999 -9999 -9999 -9999 -9999 -9999 -9999 -9999 -9999 -9999 -9999 -9999 -9999 -9999 -9999 -9999 -9999 -9999 -9999 -9999 -9999 -9999 -9999 -9999 -9999 -9999 -9999 -9999 -9999 -9999 -9999 -9999
-9999 -9999 -9999 -9999 -9999 -9999 -9999 -9999 -9999 -9999 -9999 -9999 38.0796487425 37.1760816896 36.7195546658 -9999 36.0123373673 -9999 -9999 -9999 -9999 -9999 -9999 -9999 -9999 -9999 -9999 -9999 -9999 -9999 -9999 -9999 -9999 -9999 -9999 -9999 -9999 -9999 -9999 -9999 -9999 -9999 -9999 -9999 -9999 -9999 -9999 -9999 -9999 -9999 -9999 -9999 -9999 -9999 -9999 -9999 -9999
-9999 -9999 -9999 -9999 -9999 -9999 -9999 -9999 -9999 -9999 38.1625863289 37.9384350957 38.3607786839 37.344715773 34.8380850048 35.3676833527 35.2726203087 36.0546735531 -9999 -9999 -9999 -9999 -9999 -9999 -9999 -9999 -9999 -9999 -9999 -9999 -9999 -9999 -9999 -9999 -9999 -9999 -9999 -9999 -9999 -9999 -9999 -9999 -9999 -9999 -9999 -9999 -9999 -9999 -9999 -9999 -9999 -9999 -9999 -9999 -9999 -9999 -9999
-9999 -9999 -9999 -9999 -9999 -9999 -9999 -9999 -9999 38.4513189595 37.8467720974 37.2569573545 37.040217752 37.2959884318 34.8467970617 35.4185325163 35.2936935593 36.4157384504 -9999 36.122412394 -9999 -9999 -9999 -9999 35.6794142038 36.4851724431 -9999 -9999 -9999 -9999 -9999 -9999 -9999 -9999 -9999 -9999 -9999 -9999 -9999 -9999 -9999 -9999 -9999 -9999 -9999 -9999 -9999 -9999 -9999 -9999 -9999 -9999 -9999 -9999 -9999 -9999 -9999
-9999 -9999 -9999 -9999 -9999 -9999 -9999 -9999 39.64199026 39.0879390655 37.6314983393 37.5694858534 35.3418409144 35.1960285185 34.2725613353 34.6390771249 34.6911234048 34.6891411318 35.4801322075 34.7034665761 33.3244916746 33.7764452385 -9999 35.0408173832 35.776279546 36.4561566995 -9999 -9999 -9999 -9999 -9999 -9999 -9999 -9999 -9999 -9999 -9999 -9999 -9999 -9999 -9999 -9999 -9999 -9999 -9999 -9999 -9999 -9999 -9999 -9999 -9999 -9999 -9999 -9999 -9999 -9999 -9999
-9999 -9999 -9999 -9999 -9999 -9999 39.9995042581 39.428211697 38.7483494749 38.7941292322 38.1425712638 37.8563005993 35.7115456999 35.7207215195 34.4819803138 34.6794623549 34.6116628689 33.9985617897 34.2276182548 34.0881017941 32.9747042869 33.1897493234 34.6802316347 34.8346579019 35.722699864 36.02070794 36.0526297561 -9999 -9999 -9999 -9999 -9999 -9999 -9999 -9999 -9999 -9999 -9999 -9999 -9999 -9999 -9999 -9999 -9999 -9999 -9999 -9999 -9999 -9999 -9999 -9999 -9999 -9999 -9999 -9999 -9999 -9999
-9999 -9999 -9999 -9999 -9999 -9999 39.6237194696 39.3433416309 38.2177525143 37.9706744859 36.6452881982 36.5029756531 35.0291428189 35.2298967585 33.7078441331 33.1099363312 33.1013140516 27.0651534316 31.9842785764 32.4741844255 32.0872707416 32.9669747212 32.8882622476 33.6611374272 34.4101986966 34.1051016546 35.4379025546 35.5699443244 35.1580669948 35.108841166 34.4495256822 34.6797160967 -9999 -9999 -9999 -9999 -9999 -9999 -9999 -9999 -9999 -9999 -9999 -9999 -9999 -9999 -9999 -9999 -9999 -9999 -9999 -9999 -9999 -9999 -9999 -9999 -9999
-9999 -9999 -9999 -9999 -9999 40.2512979983 39.5183374737 39.1550333869 38.6144507541 38.6933556194 37.2122971961 36.6470701776 34.9676722063 34.7304458396 34.2350479015 34.0613455683 26.6186865149 14.3208644432 26.0459762006 32.6805368338 32.2874032644 32.2077228966 32.4508636203 32.545128361 34.2181009074 34.504866771 35.3257415875 35.2592309359 34.6558779602 34.69563541 33.7758152295 34.2040014734 32.9102602439 32.8875157269 -9999 -9999 -9999 -9999 -9999 -9999 -9999 -9999 -9999 -9999 -9999 -9999 -9999 -9999 -9999 -9999 -9999 -9999 -9999 -9999 -9999 -9999 -9999
-9999 -9999 -9999 -9999 -9999 40.5295951766 39.0928897827 39.2529137531 38.4957596172 38.3595974132 36.9921870412 37.090479738 26.2713051829 21.4762496851 35.2513539648 35.3586649837 29.7240472447 12.1328388677 21.480461848 28.6742695604 32.1510553605 32.0084309535 32.3770875078 32.4522995905 32.0328025765 32.0531958061 33.3274517624 33.0956371205 32.217004631 30.7982309238 29.6981964901 31.3815879246 32.0039772715 31.9996653882 31.9347804478 31.6899836409 -9999 -9999 -9999 -9999 30.5352053685 30.384478527 -9999 -9999 -9999 -9999 -9999 -9999 -9999 -9999 -9999 -9999 -9999 -9999 -9999 -9999 -9999
-9999 -9999 -9999 -9999 -9999 40.4118359518 39.587703595 39.3061924318 38.4167709483 38.8025894642 37.6090057887 37.5091560713 35.6368902801 35.0509887839 35.6708715491 35.7134341689 33.6496908235 35.0015501126 33.9134253205 33.7478424604 32.3388253855 31.6837228753 31.7588372929 31.6825415871 31.9472874057 32.4864704197 33.0320617788 32.8265445014 32.7442175285 30.0398066185 21.1242020044 27.351347112 31.7720108152 32.3442099158 31.7885377003 31.5886619227 31.1528941913 -9999 -9999 31.4829731877 30.809378358 30.7931180989 30.9826116579 -9999 -9999 -9999 -9999 -9999 -9999 -9999 -9999 -9999 -9999 -9999 -9999 -9999 -9999
-9999 -9999 -9999 -9999 -9999 -9999 40.4525340921 40.1494776106 39.2175166473 39.59474816 38.8179852574 38.7356387175 37.8544066828 39.022303739 35.8587772302 35.8966996871 34.7556019523 35.0275626277 34.0677797015 33.6625226148 32.6944031117 32.335234188 31.4609413674 32.3542365785 31.5816355022 31.343284386 30.8938352145 31.0740894143 30.6962346483 30.1721662126 28.0425388931 29.4920869651 29.7996252269 29.7161179535 29.7156864284 29.6402779075 30.8014409478 30.462587443 30.3503848642 30.1716303749 29.5954001266 30.2567115505 29.3550444558 28.5799683699 -9999 -9999 -9999 -9999 29.2659996839 28.8690074816 8.13495397236 -9999 -9999 -9999 -9999 -9999 -9999
-9999 -9999 -9999 -9999 -9999 -9999 -9999 41.1943225569 39.3146336951 39.1242659673 38.9873528711 39.2929564492 38.1469335368 37.3002484506 36.1380851046 36.3618008058 34.9183756722 34.6410953953 33.7642782297 33.2339033562 32.1901299054 31.7986755247 31.3310598508 32.0437081581 31.5893883571 30.9188626787 30.8212539144 30.6720112821 30.3112710696 30.2717537406 29.8221580165 29.5814828214 29.7462745508 29.5090438929 29.7282870651 29.8414793618 30.3968252328 30.6264636046 30.3859752192 30.2688573157 29.7904333608 29.7552926713 26.6995093427 24.1335898474 22.6638164422 23.3585892254 23.6215903478 23.031188761 22.5169549232 26.550240412 26.8413377739 23.6775447471 -9999 -9999 -9999 -9999 -9999
-9999 -9999 -9999 -9999 -9999 -9999 -9999 -9999 39.6627853205 39.712298382 39.4326140579 39.2974667812 38.7736262419 39.2971576197 38.3284842006 38.0572684213 35.3624658374 35.7678209959 34.0499144034 33.6292429214 33.6472457342 33.5682656501 38.6257042755 41.133967167 38.0459386634 39.0535443212 33.3797361174 29.3745934306 28.7710910588 28.7330577256 27.4325106284 27.8798132392 27.5761450558 27.5827631007 27.9462936238 27.5588592152 27.9747864111 28.2145392376 28.0546057089 27.9963555131 27.3727293788 25.6050385077 21.1172245383 20.7412423285 19.8132748124 19.4157367494 20.3043737996 19.8099994149 19.1110401112 22.6653112712 23.4502313514 24.0206468737 22.1151454815 -9999 -9999 -9999 -9999
-9999 -9999 -9999 -9999 -9999 -9999 -9999 -9999 39.8174339416 39.8823489181 39.275958453 39.4391230769 38.9288863456 38.9858291999 37.7779122645 37.3735200949 35.4243460006 35.7862623329 33.7451887026 33.7411816017 34.0018141911 33.6125518739 42.8295169033 43.649676737 40.1303690745 37.5213312114 37.529663841 33.9084443477 29.5316122516 28.67565653 27.8258073354 27.9736209529 27.5625172228 27.6226263497 27.5073568753 12.8175048056 28.3719778838 28.0676102176 27.9529087998 27.8999202813 27.0513878361 25.6750845857 20.86758633 20.8003319703 19.4592082376 19.4028330577 20.2513455652 19.911125839 20.0499958231 24.4274937502 23.6141737155 23.6467451794 22.0869939647 22.1085916156 20.0517643541 20.5243799985 -9999
-9999 -9999 -9999 -9999 -9999 -9999 -9999 -9999 -9999 39.3376433178 39.1503327521 39.5779710441 39.3052531855 39.4316245652 38.0887404843 38.0647920074 37.3330275502 36.8729172296 36.5647035088 36.7184848515 36.4528685188 35.7949463661 36.8761028622 48.713738864 42.4946093383 42.0206602108 36.7227442837 34.9192873817 31.5136893982 27.4226370168 26.2375537664 26.6413176308 25.6444854601 25.3829819409 25.7907764989 23.1933766447 26.760082029 26.5001736632 25.6254759076 25.6503059846 24.5931248952 24.8638384207 18.7700322819 19.4128761803 17.3906980587 16.9401873216 15.8248771523 16.0979112424 19.4974469447 19.8949782599 19.8056724351 19.5545954618 19.2698064594 19.3424453772 19.3758937718 15.5448271873 13.1125360015
-9999 -9999 -9999 -9999 -9999 -9999 -9999 -9999 -9999 -9999 39.1430082319 39.5720948963 39.3780635267 39.5504490163 37.9623218631 37.8690829108 38.452323714 38.5208349674 38.2673367924 38.0800248371 36.4853006486 36.3070332065 33.9356328539 42.5635596033 40.9716473971 42.3799677069 38.0892303683 36.5389613559 31.0467901994 32.4364335142 26.4489037601 26.415928688 26.0839669131 25.5702937269 26.1984416059 26.1175283982 26.5945018951 26.485501658 25.6798665552 25.7157835882 24.867182811 25.0624456554 22.4278818057 19.1229059228 18.9062783486 19.1135262191 17.2992301927 16.513702379 20.2780981646 20.3636489366 20.7142292177 20.4202916783 19.1544557279 19.5895783709 18.280633328 15.088602683 13.033019003
-9999 -9999 -9999 -9999 -9999 -9999 -9999 -9999 -9999 -9999 -9999 21.204689478 27.4887898956 39.0900757068 37.8153769081 37.7933717673 38.9011431116 39.0366518988 37.0835733133 36.9321079989 35.0550984548 35.3117419715 33.5248789544 33.1639072025 35.7005544552 39.1885578634 36.3519253848 37.566385337 33.6914435129 23.964125432 28.1566719295 26.730236549 24.7088979959 24.7476183251 25.5467002849 24.7423571193 24.4299173066 24.3704247898 24.1336306039 24.1549068805 23.483689985 22.8791211936 22.2030708196 19.674570289 15.9407927051 15.9605024309 16.4267438709 16.6479814483 17.0175191754 18.5974762908 17.8443055914 18.3317495624 16.7465623843 16.4526589823 14.9823989327 14.9748653817 12.2658258166
-9999 -9999 -9999 -9999 -9999 -9999 -9999 -9999 -9999 -9999 -9999 19.8997493918 29.3493316116 38.5736253298 37.6805132133 38.1520980655 38.1164308357 38.029250337 35.8312369242 35.8199959797 34.8958702332 35.2848272679 33.5100346168 33.669615674 31.8122147839 31.8935309257 35.1391255395 38.1300135898 32.8627386892 32.3518350347 30.9125247047 30.1622365181 26.5226687838 27.6767508944 27.2205249559 24.6861852653 24.3619405932 24.5373163858 23.9120613952 23.8040598737 22.3452871261 23.772493137 21.6699484581 21.8315058034 19.4695606781 16.7931270806 17.385622209 18.1781330483 17.2836568766 16.089084012 16.8364947728 17.0701400168 14.9247496449 17.0905674721 16.5867453575 15.7199406183 15.0684299873
-9999 -9999 -9999 -9999 -9999 -9999 -9999 -9999 -9999 -9999 -9999 39.9142755975 38.3890978257 38.3418395859 36.4470337113 37.400447387 36.4295665972 36.0003592982 34.4758907346 34.500033409 33.7043417037 33.7900954028 32.5432527942 32.5328512065 30.0584815278 29.7404225316 28.3413958707 28.1651449425 27.3793289262 30.785604254 31.2327019816 32.5973961297 30.8676869796 30.6194425043 24.4489169016 19.8751859769 22.0639044043 22.3485227161 22.0902253846 18.4898454594 14.7366431077 22.1733535084 22.0578661459 22.7526204103 22.9906617521 22.3707519965 17.4770815076 16.9587564076 16.3062396417 16.4526363689 16.2221547574 16.8086669396 17.2083345766 18.4250974316 18.1353599723 16.3296081002 13.7043572285
-9999 -9999 -9999 -9999 -9999 -9999 -9999 -9999 -9999 -9999 -9999 -9999 38.8623690352 38.0685964181 36.9172528176 36.8588070246 35.9937940603 36.3216721759 34.7879036519 34.2397848242 34.0648125894 33.6558865248 32.1043432275 32.2398421296 29.8995723844 30.1131097061 28.5157203136 28.6831082659 27.1609822756 26.882664314 26.0123870899 26.2503467301 26.5948640582 28.6625986167 26.3931541307 14.7593805284 23.3821796629 20.7009299424 23.6885359124 22.0807983753 22.2648364326 22.1351693956 23.1335748904 23.8002417026 23.7733278638 23.7121374821 19.7750508472 17.0224492969 15.1132157914 15.6303973108 15.5880701987 15.0172996775 14.2859580815 14.4819570524 13.1477455364 15.1289420797 8.27535116175
-9999 -9999 -9999 -9999 -9999 -9999 -9999 -9999 -9999 -9999 -9999 39.8821501029 39.6592470884 39.0344385748 37.9943762717 22.5107388515 30.4973127602 35.8130413433 34.1902288434 33.504696973 32.4065850431 32.3135021832 30.647563025 30.9105015265 29.328913752 29.2599951323 27.0455610944 26.9652733281 25.6868586828 25.4049684489 23.7422685965 24.0593826493 22.6098489343 22.5006889588 22.3107395033 24.8511742712 22.1857523845 17.5177158624 16.6778468658 20.4491657452 21.0086887679 20.5601610967 24.7941525365 25.888421533 26.751238464 26.6818341503 24.6312893348 20.8656731771 17.0682349243 17.1974120143 15.0301424015 12.7457111033 11.653374574 11.7104341817 10.9957821059 11.7552639129 13.5914681604
-9999 -9999 -9999 -9999 -9999 -9999 -9999 -9999 -9999 -9999 -9999 40.2245432181 39.78611559 39.307780987 38.0458434666 28.8916164864 34.7071261769 35.7826468218 34.0408242312 33.9526340409 27.5071491804 28.648614967 30.9532976809 31.0610243649 29.522368184 29.7107035067 19.2350307843 20.2433057915 25.7208932633 27.3070387762 25.885885879 24.2331153551 22.4447166856 22.5065212561 22.087124171 23.7780508116 19.0956496294 22.0289540293 16.969622979 22.1538264372 20.1116407383 20.6299973693 24.264131183 24.7753884744 25.1923183496 24.8300092668 23.8968064761 23.9230057352 20.6246551294 19.5494462614 14.8938342081 15.1316189409 13.9294738703 13.6700034387 13.0351938861 12.515214196 10.4236302669
-9999 -9999 -9999 -9999 -9999 -9999 -9999 -9999 -9999 -9999 -9999 39.9691234831 39.8889622983 39.2841622838 38.7261788541 38.6061073531 37.0376721935 37.5198819366 35.2774681925 35.3386915015 28.7350280008 12.9483030572 27.1946649866 30.7945424791 25.8474099404 25.8766251564 25.8626871035 27.0619063898 24.8201389119 24.8396053499 23.5577570864 26.2430851344 24.9162301557 24.4664437437 21.2240897989 20.7113429132 13.7388808248 11.2297843951 15.5168735828 18.8718177236 21.1464558976 21.0140132194 21.5232309073 21.1231520435 21.9409594812 21.8763818445 22.2515039483 22.3255470888 19.8718282461 19.4420301281 14.5137392035 12.099715438 9.8106978484 9.63396068371 8.73071016312 9.97104897341 11.167947563
-9999 -9999 -9999 -9999 -9999 -9999 -9999 -9999 -9999 -9999 -9999 -9999 40.3925775684 39.5253037813 38.8778600774 38.7020593286 37.7009972587 37.6737466427 35.1428055104 35.1868443488 34.4068377662 34.5062888504 30.0411236079 27.3912315997 25.493988377 25.3979383873 22.6824937475 23.0091039971 21.0489520748 20.2250110972 17.9112912966 21.3869747496 21.6325318724 22.2777088858 20.4929304144 20.1943147093 15.4034754863 12.6695582369 17.6608662329 21.8746087368 20.9525237522 20.0548713182 22.0147458473 20.5668182268 21.48106707 21.6512751329 21.6024410878 21.8111206798 19.1589155919 19.0745799796 16.5513362261 11.0343627682 11.5397288495 12.9058906479 10.2463087071 9.9588306003 9.48851051642
-9999 -9999 -9999 -9999 -9999 -9999 -9999 -9999 -9999 -9999 -9999 -9999 41.5116426439 40.3865792378 39.6194947135 40.8748935614 39.0914067793 39.0800901299 37.2234419231 36.890444555 34.9248451411 34.8420358083 33.248521136 29.6350194094 27.0424067259 27.5501432864 26.167484269 25.7944688093 23.0182301817 24.1321835058 21.3915566186 21.9131352653 25.4695040702 25.9732556627 24.8989650323 19.0516780575 14.7619302764 18.6131357243 21.9111824592 20.9267055535 20.0363446725 19.266370448 17.8290020826 17.6869918641 17.1514710829 17.3530189834 16.9757129677 17.3200039918 15.6375659414 16.0019821343 14.5138830876 14.2861892381 12.2057821445 9.50310101113 7.83413361593 9.24462650493 6.70553515009
-9999 -9999 -9999 -9999 -9999 -9999 -9999 -9999 -9999 -9999 -9999 -9999 41.5614381484 41.0286739005 39.4970199381 40.7249756752 39.1441936134 38.6500610992 37.2841443824 37.6487968944 35.369228955 34.5135161046 32.9867433168 23.7302681264 24.1912814886 27.4414530397 26.2097586922 25.956403446 23.2085132484 22.5184469853 20.0872757256 19.5864957564 20.6767760842 24.0150909173 18.0362567067 20.7584134954 20.9405138485 19.1911180206 17.2638925339 14.844024245 13.2434035549 14.3260891366 16.4622748477 17.9486324003 17.4059584104 17.5848761172 17.4470830221 17.4051577743 16.4224758276 17.0221114739 15.6172981427 13.757007363 9.73051941215 8.37867045306 8.08600262943 8.49274459789 8.1673768613
