data/recharge/transience/oldversion/mHM_recahrge_594.ASC
ncols   80
nrows    72
xllcorner    4374000.0
yllcorner    5656000.0
cellsize      500
NODATA_value  -9999
[rows 0 to 24 of 72, columns 0 to 56 of 80]
-9999 -9999 -9999 -9999 -9999 -9999 -9999 -9999 -9999 -9999 -9999 -9999 5.73099817406 5.98451326468 -9999 -9999 -9999 -9999 -9999 -9999 -9999 -9999 -9999 -9999 -9999 -9999 -9999 -9999 -9999 -9999 -9999 -9999 -9999 -9999 -9999 -9999 -9999 -9999 -9999 -9999 -9999 -9999 -9999 -9999 -9999 -9999 -9999 -9999 -9999 -9999 -9999 -9999 -9999 -9999 -9999 -9999 -9999
-9999 -9999 -9999 -9999 -9999 -9999 -9999 -9999 -9999 -9999 -9999 -9999 11.1366145118 8.06384731402 6.85242743619 -9999 8.10386422794 -9999 -9999 -9999 -9999 -9999 -9999 -9999 -9999 -9999 -9999 -9999 -9999 -9999 -9999 -9999 -9999 -9999 -9999 -9999 -9999 -9999 -9999 -9999 -9999 -9999 -9999 -9999 -9999 -9999 -9999 -9999 -9999 -9999 -9999 -9999 -9999 -9999 -9999 -9999 -9999
-9999 -9999 -9999 -9999 -9999 -9999 -9999 -9999 -9999 -9999 8.39442633435 8.32167737101 10.111401395 10.622982951 7.56721565333 6.24694496182 5.23105641672 5.35291752195 -9999 -9999 -9999 -9999 -9999 -9999 -9999 -9999 -9999 -9999 -9999 -9999 -9999 -9999 -9999 -9999 -9999 -9999 -9999 -9999 -9999 -9999 -9999 -9999 -9999 -9999 -9999 -9999 -9999 -9999 -9999 -9999 -9999 -9999 -9999 -9999 -9999 -9999 -9999
-9999 -9999 -9999 -9999 -9999 -9999 -9999 -9999 -9999 7.97318571945 8.41652737889 8.22930443836 8.07936725395 8.74897599306 8.17148632024 7.52212437577 6.40834215479 8.69338636073 -9999 9.88283696406 -9999 -9999 -9999 -9999 8.7979934278 9.24151435898 -9999 -9999 -9999 -9999 -9999 -9999 -9999 -9999 -9999 -9999 -9999 -9999 -9999 -9999 -9999 -9999 -9999 -9999 -9999 -9999 -9999 -9999 -9999 -9999 -9999 -9999 -9999 -9999 -9999 -9999 -9999
-9999 -9999 -9999 -9999 -9999 -9999 -9999 -9999 14.0509013259 11.4118311367 8.97443410663 8.48161007291 8.27654350785 7.34536286727 7.78418257184 7.18531256728 6.42887264011 6.03363272921 5.84141784761 7.47307452409 7.93748923214 8.64387675158 -9999 7.58041064763 11.3474225338 10.8081796363 -9999 -9999 -9999 -9999 -9999 -9999 -9999 -9999 -9999 -9999 -9999 -9999 -9999 -9999 -9999 -9999 -9999 -9999 -9999 -9999 -9999 -9999 -9999 -9999 -9999 -9999 -9999 -9999 -9999 -9999 -9999
-9999 -9999 -9999 -9999 -9999 -9999 11.3481858317 9.13381653626 9.05951519685 9.74531204482 10.9345452719 11.2496287191 9.74569420133 8.92989800069 7.57312591239 8.520241655 7.54593152343 6.56709401897 8.02188162487 7.35272055544 7.6010065745 8.29407820118 8.19822253097 7.69684574654 8.94872413228 8.47615131902 9.93745946409 -9999 -9999 -9999 -9999 -9999 -9999 -9999 -9999 -9999 -9999 -9999 -9999 -9999 -9999 -9999 -9999 -9999 -9999 -9999 -9999 -9999 -9999 -9999 -9999 -9999 -9999 -9999 -9999 -9999 -9999
-9999 -9999 -9999 -9999 -9999 -9999 12.8635509049 11.3085131159 8.93394546917 8.47364752633 7.96592493553 8.36819992543 8.3358286298 7.73734529844 7.29042557663 6.23816512487 9.02007505024 9.59619545383 11.0042316401 6.11271697678 7.00878515681 8.65665798473 8.1826226408 8.19703292402 7.93019622728 7.20455494266 10.3290869754 11.3435569051 12.0105290561 11.0924006508 14.5920951539 14.4673567241 -9999 -9999 -9999 -9999 -9999 -9999 -9999 -9999 -9999 -9999 -9999 -9999 -9999 -9999 -9999 -9999 -9999 -9999 -9999 -9999 -9999 -9999 -9999 -9999 -9999
-9999 -9999 -9999 -9999 -9999 16.1181260813 13.6460851961 13.4678218014 12.3168393752 13.4103190819 12.4465708169 10.6474172911 9.02196592751 10.4287828579 8.39940588339 8.62454339992 9.60658028944 6.77836396788 10.8188511795 6.67802957961 7.05973246369 6.68113938774 7.55339848048 7.92662124581 8.5202716053 9.12865054434 9.84083029191 9.49020414172 11.3702841474 10.9949172495 11.4500429797 12.2253744847 11.5716866309 10.9909241705 -9999 -9999 -9999 -9999 -9999 -9999 -9999 -9999 -9999 -9999 -9999 -9999 -9999 -9999 -9999 -9999 -9999 -9999 -9999 -9999 -9999 -9999 -9999
-9999 -9999 -9999 -9999 -9999 17.1485084053 15.7241557975 15.8579939459 13.7121090001 12.2877954343 11.8637518297 12.9624743369 9.67528199859 8.91022975007 11.6582342597 13.8022098956 9.97997510422 5.28148777419 8.52469042826 6.86505035512 9.82660729642 8.50771790068 9.39151567581 8.85667836585 8.56689710263 7.30715991067 8.33881419615 7.36253885649 9.37393853155 11.4088905998 11.5569164019 11.3250728774 10.714239954 10.0617977328 10.4836934708 9.85643826299 -9999 -9999 -9999 -9999 8.31963673385 7.75292209061 -9999 -9999 -9999 -9999 -9999 -9999 -9999 -9999 -9999 -9999 -9999 -9999 -9999 -9999 -9999
-9999 -9999 -9999 -9999 -9999 15.5554352019 14.3793139299 14.8388849085 14.6761980013 15.7957176125 14.2906450554 13.3907109814 11.6422491741 13.9269541138 13.1647198731 10.5799930875 9.12789307749 13.3709348074 12.1873658453 10.8959423615 11.8585753721 7.2901033662 7.1834029522 6.75559190199 8.30508508249 7.79696368772 7.93869232249 6.77212149072 9.84831963589 9.40795142796 7.47095891517 8.62308555231 10.5279685741 10.1024489357 9.49957005664 10.4356030293 9.76838712354 -9999 -9999 9.02637824318 9.09898764417 8.61644221416 8.95512713294 -9999 -9999 -9999 -9999 -9999 -9999 -9999 -9999 -9999 -9999 -9999 -9999 -9999 -9999
-9999 -9999 -9999 -9999 -9999 -9999 18.6007520003 19.8797995217 16.6451245262 15.7707855698 13.2908234669 14.9184619132 16.8596270656 18.8971944335 10.6249966502 8.90049699694 9.66412652464 9.25910790024 7.92843654992 7.73949799114 8.48703069265 9.0333032427 8.54483419852 9.49255732398 8.57448062548 7.41994217873 6.21772513555 6.94106087324 7.47191044126 7.65875384555 8.04825613234 8.97076970964 8.38357070025 8.20108581146 8.47277453373 8.9803475316 8.3629741211 7.21134238798 8.27038657566 7.9379214856 7.18188541428 9.08231025215 6.1776877389 5.03703551952 -9999 -9999 -9999 -9999 6.07396715136 5.19805023633 1.51512192448 -9999 -9999 -9999 -9999 -9999 -9999
-9999 -9999 -9999 -9999 -9999 -9999 -9999 17.8605069271 15.0427323996 17.3004212285 16.7280826225 15.0532643021 14.4841627978 10.978138921 10.1765804689 13.2903264134 12.4527617868 11.9477206258 11.641929789 9.3183231943 7.78132363794 7.85878639235 7.91744565799 8.02396895318 7.64055579917 6.63941566642 6.70278604352 7.42061272184 7.79738651223 7.39873112692 8.23367449314 8.13492785264 8.61192990817 8.06538552533 9.28828254384 9.18756522856 8.74338131898 8.60976197586 8.02555817873 8.0021037839 6.34666791733 6.02267515326 5.22231725641 5.2566490284 4.12395565457 4.77180598803 4.73533403043 3.83618854147 3.36869791763 3.72623620087 3.35357369198 2.73002759215 -9999 -9999 -9999 -9999 -9999
-9999 -9999 -9999 -9999 -9999 -9999 -9999 -9999 15.2410133934 13.2755119398 14.8785448417 16.6108335223 14.7985997262 16.1551132661 14.6569149688 13.2495102623 9.74890913314 9.81512215137 8.05271199292 9.37841709086 12.5348982526 11.8686213493 8.98806136153 5.89028782712 5.89105806891 5.94774919149 6.14541886726 6.90016716532 6.11792482064 5.08663478994 6.18871593368 6.4886062475 6.72111403899 6.21186637932 6.98569726293 8.80830851818 7.38883518328 7.71851945899 6.50962997001 6.40075676603 5.8507690202 5.35230539322 4.1661794203 3.70252707282 3.28539792202 2.89842792868 3.04889250277 2.57157920303 2.13538314567 2.58717640104 2.41378481479 2.68709407254 2.05764762514 -9999 -9999 -9999 -9999
-9999 -9999 -9999 -9999 -9999 -9999 -9999 -9999 17.7831514154 15.5274854028 13.5198697304 13.647341463 12.8524137695 12.7229120787 10.5115904032 10.1829556016 9.53858518507 10.374953788 9.39358015787 10.3924982206 11.6787881321 11.513033118 10.4451459544 10.3881060686 8.24383302101 5.25052498193 6.92393984172 7.83284835351 6.52233091618 5.19177952433 5.37980755802 5.99320468598 5.57817506105 5.96464024852 7.13936272754 5.13035472057 8.12575903511 7.3514366443 6.49021743283 6.32318058119 5.70995517718 4.95886106474 3.78933280182 3.77802956124 2.91143979516 2.8662607925 2.99520645214 2.66802414633 2.33283769654 2.88762539357 2.55120600852 2.57217975803 2.38333479356 2.84718259531 2.11117644491 2.37424581369 -9999
-9999 -9999 -9999 -9999 -9999 -9999 -9999 -9999 -9999 19.2609040546 16.6259570161 12.9434921627 13.1322939922 13.8703653561 12.6611827236 12.9261337775 14.4609085747 15.2651339554 15.2901972294 15.3875436571 14.0750029164 10.582501532 10.9826543024 15.9961898932 11.8582692381 9.28176355321 6.0634058079 4.8151013418 4.1201952126 5.74209275199 5.53369631401 5.7621158066 5.46223044674 4.53518987987 5.35451699802 5.7968230584 6.34484122122 5.84748139485 5.05180244802 5.13707625088 4.50088436355 4.55012359855 2.70878407567 3.97719360812 2.51684023851 2.02645478102 1.61588519262 1.63468081994 1.88297526619 1.89343680573 1.83790851814 1.73147757147 1.8137583645 2.13889055805 2.23076409937 1.38159088584 0.931074541376
-9999 -9999 -9999 -9999 -9999 -9999 -9999 -9999 -9999 -9999 14.6751634328 15.5493706968 12.955988025 14.255452081 11.4543031566 10.3454656276 10.2718862615 13.8536999966 11.4903967922 9.22037205025 8.58514865376 8.23139191835 7.13877473688 8.50469705181 7.39763995211 9.36505417368 7.93539670757 6.08496075738 4.05451419333 5.73898042925 5.66061091949 5.70432119055 6.36865063273 5.34938449705 6.63146600367 6.11093340212 6.12283575888 5.85538284828 5.11343143195 5.15990663971 4.85251268735 4.79858022445 3.55855003253 3.38456689943 4.27584243636 4.08449933103 2.8851403995 1.91267665516 2.26237462755 2.20205188714 2.29017840383 2.15276728722 1.66477968621 2.08122468974 1.71064555695 1.34573808459 0.908870102792
-9999 -9999 -9999 -9999 -9999 -9999 -9999 -9999 -9999 -9999 -9999 10.3168572175 10.8924256739 12.9447761784 11.1249077751 9.73833649578 10.079337759 9.87578168422 7.81540232475 8.6998009199 9.86288613638 9.65406389981 7.28040133494 5.56995649546 5.27441977823 3.28423315137 5.13580610847 8.26574963923 8.02607087613 5.11167482996 3.89693076366 5.02248554142 5.00661622895 5.23716974367 4.9276746368 4.21195869415 4.73454924549 4.68273657767 4.49994668719 4.49442828017 4.46364667952 3.95109354068 3.63619394518 2.68936423728 2.0347246707 1.71767513066 2.05816542383 2.65907836837 2.04333066673 2.02353749664 1.58702584206 2.03989124982 2.01073313846 1.74702441797 1.29974064022 1.32087656566 0.800500568852
-9999 -9999 -9999 -9999 -9999 -9999 -9999 -9999 -9999 -9999 -9999 8.38691874875 10.3222609594 10.2031796071 11.2146826786 10.1382607151 8.09430543446 7.39309486164 8.56211253358 8.70052012275 8.6818511158 10.2387347109 7.12609120009 6.45442621332 6.60959688064 7.84512813101 6.53034427026 6.56443671864 5.12242314939 5.91798472784 7.2003346646 6.34441321446 2.88757357231 3.48174737834 3.43792382513 4.16806888768 4.70600673671 4.82977415346 4.31663027328 4.80164955891 6.19993736462 4.94616322886 3.31485038807 3.38021881414 2.61989951101 2.65175715447 3.80561235569 4.76816241166 3.99215071546 2.31058168022 2.54469447799 2.39725966575 1.46733026433 2.12820438081 1.93698964707 1.51319769645 1.18618759077
-9999 -9999 -9999 -9999 -9999 -9999 -9999 -9999 -9999 -9999 -9999 16.2140826 14.349232866 13.2123815972 8.96830141997 9.88815485852 7.85216656158 5.9931057993 6.42422137353 7.17886232684 7.21334169931 7.45232676314 6.40603704637 5.11112064543 5.08115563646 5.0490382036 4.86584322864 4.70792442202 5.10072432474 4.65280893202 4.17576412523 6.03261303969 7.70672786585 7.21970598901 3.45155926556 2.59657753167 2.57176076068 1.64653181531 3.18921210819 2.78610505495 2.77390566296 3.84398005593 4.05672135376 4.79093843097 4.75817809696 5.54656042181 3.12122074653 2.61324275618 2.48783687611 2.51453968369 1.8037908981 2.20090053214 2.29944865663 2.88519818767 2.48619178885 1.81472225919 1.73098767283
-9999 -9999 -9999 -9999 -9999 -9999 -9999 -9999 -9999 -9999 -9999 -9999 10.4493501867 12.356444865 11.3362581173 11.0554301484 8.8088056844 7.42196912339 6.31276869529 7.56320547674 7.55087358352 6.94144954965 6.79965995769 6.76924047919 5.48492672486 5.67011436238 5.00507490291 5.27256035722 4.93106804995 4.58166581826 4.48609598402 4.82248846715 3.89115739174 3.36949896436 3.98407279966 2.10927563148 3.24001126521 2.06867591651 1.85469807927 3.89277531103 4.02983482086 3.90977257636 5.36428759001 6.43450315512 6.29440372614 5.94957658798 3.51411329593 2.67304130169 1.6821139727 2.05861381515 1.62743634812 1.22880059366 0.902000849775 0.927859430263 0.880089171335 1.37703196481 0.498634531875
-9999 -9999 -9999 -9999 -9999 -9999 -9999 -9999 -9999 -9999 -9999 13.712118971 13.1201930205 14.582893474 14.8346587307 10.1965791333 9.82067055585 8.8432069756 6.86919460638 7.54781219795 5.85699584633 5.70602342193 5.05886445663 5.25882912344 5.38124087521 5.25003965598 4.877460299 4.19735554017 4.28035581024 4.05095657618 3.58662458619 3.81876146892 3.34365102342 3.2813414335 3.46481895658 2.46467749521 2.83600091573 1.45490776586 1.28082850125 2.8952024309 3.33820362774 3.05006000692 4.806102499 6.13345544468 7.61323653114 7.58479712227 5.23575910597 4.37644407906 2.52985047527 2.56053863539 1.44239570019 0.749363055112 0.604802797675 0.613691728346 0.527176066368 0.62942594067 1.11784584401
-9999 -9999 -9999 -9999 -9999 -9999 -9999 -9999 -9999 -9999 -9999 14.6287684357 17.1490448805 16.4749067587 11.9577892762 9.26332416828 10.3143258881 9.67298210944 7.52414206683 8.65799179428 9.93732307085 10.6579689087 6.27106464365 5.80526100077 5.79750392509 5.84085487183 4.34529968588 6.49940093908 5.27389837486 6.85975936998 5.75175041551 3.95208537513 3.244990111 3.28605905816 3.31430150528 1.72192938395 1.82050403397 2.80143343598 1.58886219109 2.22496275616 2.8310205862 3.25399232362 3.8830417936 3.97249563823 3.92007878264 3.64421455609 4.14843737678 4.33033383804 3.26579242592 3.13101089139 1.32859956247 1.47563324652 1.12836582274 1.02474400183 0.887749465285 0.770127064442 0.485623925093
-9999 -9999 -9999 -9999 -9999 -9999 -9999 -9999 -9999 -9999 -9999 18.3668627845 17.8173383272 15.4184275953 15.3877101836 15.0139457761 9.66560438867 10.3432268455 9.4160422964 9.74349248369 5.89938638157 4.75611832572 8.31053071341 8.10869193807 5.42958532515 5.40920195352 6.08614741794 5.38415870017 3.90341501729 3.36649228479 3.33845450369 5.42449100438 5.37354325186 4.83127401694 3.39176313673 1.11350326173 0.858063295329 0.603344501681 1.32214236048 0.989639697507 3.23600924455 3.44955901135 2.63726193081 2.14332197584 1.99659306659 2.00422451338 2.53035994899 2.62686459184 2.14451753454 1.93041860905 1.09077900194 0.498018832182 0.357834472761 0.525949604911 0.476686953802 0.599328257771 0.781485993283
-9999 -9999 -9999 -9999 -9999 -9999 -9999 -9999 -9999 -9999 -9999 -9999 18.4498613514 17.332132956 14.2288144462 13.3478955802 11.479464364 11.5187157874 9.12708198654 9.99094434578 8.74943517382 10.3295997544 6.20803195483 4.93534624369 4.82900227292 4.70369492615 3.60970922288 3.96199304019 3.39106387114 2.74231891264 2.0548212995 2.62266116268 2.71035669311 3.07182554677 2.95231303737 1.47015107863 1.11728812096 0.782882319625 1.69260177997 1.93923407021 3.04195455889 2.60430180217 2.63165202383 2.03615605821 2.01363805995 2.0601516263 1.99534284225 2.33276781046 1.84239729236 1.82702106684 1.41568491661 0.601381733047 0.535020088335 0.97985405708 0.60621047854 0.626948180692 0.520566947314
-9999 -9999 -9999 -9999 -9999 -9999 -9999 -9999 -9999 -9999 -9999 -9999 20.5926731084 17.1751574088 14.9837979787 13.3544782653 10.2590247032 11.3614033326 10.0379313863 8.67528530133 8.56943055827 7.63148648911 6.5380070858 7.9061139709 5.29740286121 6.38334777274 6.38168700231 5.92380460239 4.327315678 6.03578988636 4.26037141704 4.68484359642 5.6293092254 5.58249055055 2.41249482604 1.63397928002 1.43303338471 1.71475722238 2.52111732497 1.81432876132 3.09050819108 2.23999043151 1.78389383368 1.74076596791 1.64780927384 1.67294534955 1.477890011 1.59131326535 1.2772687922 1.34808612838 1.19935923844 1.04474972358 0.83040542624 0.355958008979 0.262725433647 0.395206041992 0.236616858023
