data/recharge/transience/oldversion/mHM_recahrge_121.ASC
ncols   80
nrows    72
xllcorner    4374000.0
yllcorner    5656000.0
cellsize      500
NODATA_value  -9999
[rows 25 to 49 of 72, columns 0 to 56 of 80]
-9999 -9999 -9999 -9999 -9999 -9999 -9999 -9999 -9999 -9999 -9999 -9999 11.6961524227 11.5537065159 14.3010405837 13.2328008285 16.4132569389 17.062102244 18.4896457924 18.0405184276 18.2402038131 18.3390806184 17.091576292 10.2229685283 9.92242721488 9.90389999531 8.59748539937 8.44525737043 6.9258383637 6.34919558325 5.46474978968 5.2005695748 8.00775238718 9.47512123896 1.11430743125 8.39452150137 6.67156310078 1.90452027245 1.45402792607 3.25355824228 3.2274356551 3.67312260785 8.29199092884 11.3513914186 11.355541564 11.4393915557 11.5515330152 11.5351575956 10.7939296791 11.1102765731 9.42628673408 4.57015604656 1.62764141878 1.33395540661 1.24685410314 1.30263215623 1.22685147089
-9999 -9999 -9999 -9999 -9999 -9999 -9999 -9999 -9999 -9999 -9999 -9999 -9999 11.1987548856 13.7585478263 13.7867682448 14.6476481149 13.1217224183 17.0920799236 17.4956613479 18.8843715508 19.3049582858 18.8069077801 16.4111601732 15.9405172583 12.5087087532 9.46364355959 7.78049365651 7.08183808381 7.485023073 6.15466176479 6.03416064152 10.9916496838 2.71298508384 1.12294719323 7.04137221923 9.43324819334 1.6115939727 3.39507988859 2.99210829489 2.72126159015 2.68458674145 1.70324412402 2.72963064314 3.89513712427 6.13351193834 8.65602304813 8.50976632107 3.99218409096 1.94632418552 1.3142625941 1.32297281167 1.33800457315 1.61632704554 3.82294873929 1.08470808597 1.06342261501
-9999 -9999 -9999 -9999 -9999 -9999 -9999 -9999 -9999 -9999 -9999 -9999 -9999 -9999 13.7411990233 13.6733048484 15.0698931849 12.2682418693 15.729273184 15.9702159967 18.4415945083 19.4997767821 18.9830664486 18.4226827136 15.0397215906 15.6490358116 15.7970964652 13.7278452728 8.2747969285 6.72143248627 6.58104060002 10.7617627387 12.7178761956 4.66450003378 1.49003450123 8.52949520337 7.99026777129 2.76787380054 3.15199410531 3.38452015292 3.65490403227 2.70155540116 2.37064102521 1.89260845614 1.4956605127 1.65949539246 1.39744869225 1.40991932682 1.26198898576 1.42263679895 1.37928088694 1.15283526685 1.05106796493 1.66488832849 4.64818095242 6.10528956185 3.57094809855
-9999 -9999 -9999 -9999 -9999 -9999 -9999 -9999 -9999 -9999 -9999 -9999 -9999 -9999 3.95080316065 9.63544059627 14.4287009766 12.0479047866 12.4024993366 12.512442157 16.991957957 18.5371206788 18.9381619042 19.7142752373 19.3591076595 19.1033456852 16.4716143494 17.1051324793 16.5828852951 15.1828668748 12.365643668 8.59407307176 12.8803742792 13.5178119988 1.90615327813 7.93565270702 7.15433584592 2.40599535724 3.12049522369 3.69917924623 2.52858029966 2.69809615775 2.51140191072 2.34284193539 1.79751417804 1.5314815023 1.24399726748 3.81735778701 4.10607758347 1.19908042277 1.4639216785 1.63963561579 1.80501312095 3.70107422445 6.91082681685 8.25695737682 3.41519599781
-9999 -9999 -9999 -9999 -9999 -9999 -9999 -9999 -9999 -9999 -9999 -9999 -9999 -9999 6.7037212298 10.0211226635 14.403230966 12.9620674164 13.1197619645 12.6577860342 15.8089219494 17.4998065438 19.3027217324 19.5345832903 18.5433801348 18.3064305351 17.7603910871 17.9842461894 15.8410519105 16.3321340988 14.4537847854 13.7343312915 12.5319902055 8.13067720067 8.19391777576 7.02744404681 8.13064427511 1.98308872847 4.6558338087 4.07467747496 2.440994249 2.70138821746 2.36038448372 2.38339386869 1.49285948046 1.5591553598 1.18389092553 1.47871759225 2.34193352847 2.42779275797 1.67141319082 0.840465065463 1.1384167807 0.929407397977 0.847405946829 1.20634303339 1.73144868749
-9999 -9999 -9999 -9999 -9999 -9999 -9999 -9999 -9999 -9999 -9999 -9999 -9999 -9999 12.8552721002 12.5877411202 14.3004177201 14.0548956796 15.3546185219 15.3390985934 17.6536653561 17.6776935018 19.5037695392 18.9426223493 16.425666167 17.9197620285 17.0899426122 18.7994672243 16.9668427189 16.6304542099 15.1732017952 15.662520782 14.3599558176 10.7281971615 7.5353553596 7.5647133618 6.82793601848 8.65544251378 6.08959671273 7.21261024226 1.57400619769 1.91615519988 1.85776809572 1.96869178353 1.51400769531 1.31928072418 1.84042464324 1.56256628914 3.60363858239 4.39009960165 2.55159126505 3.20539521994 1.94682758801 2.47003690604 2.3767805278 2.01855138405 2.37611412738
-9999 -9999 -9999 -9999 -9999 -9999 -9999 -9999 -9999 -9999 -9999 -9999 -9999 -9999 -9999 12.3871914016 14.0908621228 13.8162983392 15.0353807083 14.7483191572 16.066610599 16.0793791535 19.4636134622 19.3124978468 16.3993828095 18.8724060274 17.6387250998 18.0650276967 11.033688878 16.2353722458 14.3017928166 14.2526001781 12.7491823708 10.5643728745 7.74209578622 7.76622532233 7.17648204626 7.12452966913 6.87835800785 6.59558453296 5.87746345438 6.99172374186 0.479426940807 0.789189544085 1.23169532044 0.732897038639 0.407229359822 0.429072168502 0.849358223601 1.50001988581 1.45614254709 1.34232656789 1.85464554774 3.03696325317 2.86669836922 2.81904579886 2.51346806057
-9999 -9999 -9999 -9999 -9999 -9999 -9999 -9999 -9999 -9999 -9999 -9999 -9999 -9999 -9999 -9999 14.3086580921 13.4345514508 14.9680687079 15.4568385775 15.3556941022 14.6839340052 19.2266657478 17.5572284247 16.7417807992 17.2008407651 16.1237958137 15.9814667021 10.8554428621 15.1341282127 15.2164845056 11.649244772 8.6444856786 6.13698267367 7.83636265734 8.0931014864 7.78546563486 7.97794507402 7.79676232062 9.62187437392 10.1284523934 10.1421025263 4.62620554414 0.762635280139 0.374967216062 0.300354179021 0.260205198601 1.31198250666 1.36963759479 1.1429489063 1.49461767644 2.16238001767 1.76415076823 1.51472808683 1.7374221103 1.58460064146 1.50908326062
-9999 -9999 -9999 -9999 -9999 -9999 -9999 -9999 -9999 -9999 -9999 -9999 -9999 -9999 -9999 -9999 12.1526618318 13.0892054925 15.237570184 13.5967492217 14.6627312243 15.9949018751 19.3257963525 16.3468346319 16.583492097 16.9831765657 16.3642546755 16.236577656 11.3483398213 14.3907728544 10.7012379175 8.50134316003 9.15286515596 6.99732012846 8.16223152037 7.97991068677 9.26350869286 8.04308003896 7.75795495762 8.05995411006 6.9744416008 9.31360565402 7.29087266402 2.91216577543 1.23655799233 0.694987099133 0.93321264831 2.91184084845 1.12125531541 1.31924032069 1.76084311843 1.84037269203 2.43727407435 2.59960649535 3.27808800396 2.3082331966 1.51972397648
-9999 -9999 -9999 -9999 -9999 -9999 -9999 -9999 -9999 -9999 -9999 -9999 -9999 -9999 -9999 11.7214607493 11.7963193284 11.4854793158 11.9503732587 11.8395760534 14.2879166742 15.5799732934 19.4351072812 17.100540842 16.6287883682 16.9590790628 16.856480922 16.982616538 14.0196728693 16.2700981033 15.0956072585 15.2390950114 14.5499236067 11.7024017893 8.73196411175 5.4347175486 6.98643363991 8.72124954177 8.81734947925 7.42752617175 4.25759306583 2.24391997628 1.0811571153 1.05396076711 1.09501440194 0.726025532117 6.41985066635 5.53533162195 1.54542507914 1.78780550397 1.49875271345 1.24559861195 1.41346500982 1.54022669408 1.72724272068 1.77058231031 2.01523969227
-9999 -9999 -9999 -9999 -9999 -9999 -9999 -9999 -9999 -9999 -9999 -9999 -9999 -9999 12.137646844 11.9862489144 11.9013338519 8.49161152319 10.1942262784 11.6966058109 12.6509076488 12.8782305369 16.7807668881 16.9210590203 16.6078188956 16.4212216904 16.2021633738 17.4789766317 16.9996639021 17.0024409426 14.561424909 14.6841075527 10.8274172655 7.53463913492 5.42642228087 4.78903064928 10.2018029801 9.07334485106 0.68999083997 2.20467079158 3.23757157266 0.776282555359 0.706683014488 0.801197901276 0.512202898119 0.440318358982 1.07068299448 1.40168730268 1.7310885174 1.44313061007 1.3608087964 1.35061907318 1.49434614372 1.46691545115 1.46208357531 1.53384541751 1.78354964746
-9999 -9999 -9999 -9999 -9999 -9999 -9999 -9999 -9999 -9999 -9999 -9999 -9999 -9999 13.9601267605 12.9116930295 13.2478053116 9.00416491608 7.94955077211 9.42383645296 15.2651087013 16.0353169422 16.806424238 17.0123598328 17.3753006444 16.2932918785 10.8572037494 11.3515591007 11.7488142039 16.5317744655 15.5240619181 11.5881010045 6.71917194501 6.11514809294 4.99062144867 6.32256341159 4.97872920148 6.61061395602 2.88288081176 3.0066919517 4.5032945635 3.99433444881 1.16313534541 1.01711879121 0.891310104597 0.482311644043 0.860419816225 2.20565756329 2.65758110679 3.16200103304 3.09616034267 3.06177925796 2.23430231273 1.97808039944 2.22996734764 2.14162652121 1.750075996
-9999 -9999 -9999 -9999 -9999 -9999 -9999 -9999 -9999 -9999 -9999 -9999 -9999 -9999 -9999 -9999 13.3356236571 10.219200127 10.5501607667 10.4232275794 11.8272810199 14.9567048217 17.3246706392 17.3314236268 17.65025912 11.6946041014 7.03951474365 7.37935417893 6.51034522345 8.61863880752 9.87475735965 7.013937753 6.21277575978 5.4189335289 5.49914859491 5.54568741497 5.07370836666 2.87415304523 4.70074904788 5.05306032525 3.0013826195 2.45387039041 5.08918125418 3.59946160968 0.59022345714 0.728597954824 0.616797181144 1.08982070886 1.84524103988 2.18744372331 2.10529112834 2.16478947902 1.93864733487 1.71069085774 1.28855199599 1.34728197727 1.8700613033
-9999 -9999 -9999 -9999 -9999 -9999 -9999 -9999 -9999 -9999 -9999 -9999 -9999 -9999 -9999 -9999 10.03429882 9.79207904573 9.77909115412 8.39084571729 10.9894921171 11.7501177448 16.7492883155 17.3430030897 18.0339370696 12.0954256418 9.40182702502 9.06068028675 8.48260842982 9.0174388859 9.41604413413 9.05429530888 7.41915862326 6.0272460092 4.48869632059 4.73439735656 4.82474473487 5.50940883617 3.76923000901 3.21349592895 3.74805856217 4.72189140619 7.28330881062 6.40085640828 2.72237367057 0.709037774342 0.364903159506 0.626631730484 1.74150158584 1.43989194088 1.20296504411 1.21682318832 0.994267391466 1.09586040944 0.99976661967 1.00457024847 1.0247955494
-9999 -9999 -9999 -9999 -9999 -9999 -9999 -9999 -9999 -9999 -9999 -9999 -9999 -9999 -9999 -9999 -9999 -9999 9.85039855801 8.93915650207 10.1704517165 10.9161089012 14.6987600862 17.9083018769 17.7792979048 15.4913204017 8.88984243875 9.17714176383 8.57105458025 8.64917973593 7.22588037957 6.70258076785 6.35009206633 6.31816229669 4.42712317007 5.24335542992 5.13588329395 4.05433717596 3.69567960143 4.23421438603 3.25152281187 2.95278512066 2.73058475202 2.71383976955 2.31842656163 1.85225270047 0.449722289888 0.442340449621 0.752475469917 1.13501084804 1.29326864334 1.39012795833 1.01020772388 1.03047688323 1.05964197237 1.11542945455 1.08457531097
-9999 -9999 -9999 -9999 -9999 -9999 -9999 -9999 -9999 -9999 -9999 -9999 -9999 -9999 -9999 -9999 -9999 -9999 -9999 8.78369227455 10.2425355371 10.6744263499 11.0020654699 17.2342652834 17.9721389386 18.0035133448 15.9931966367 9.64659014601 7.37591608152 7.19920972036 6.87652020535 7.05825650387 6.05380912124 5.87076918812 3.93181327946 2.99557403938 2.89972894491 3.94702562538 3.74142605875 4.01460052932 3.07687354021 2.86111382367 2.41059775797 2.87356106875 2.78690125699 2.89159579427 1.46869721942 0.438875367908 0.351864479624 0.693237384112 0.885095769202 1.20594121996 0.985851970864 0.978878028747 1.06169874334 1.02655599642 0.871917575729
-9999 -9999 -9999 -9999 -9999 -9999 -9999 -9999 -9999 -9999 -9999 -9999 -9999 -9999 -9999 -9999 -9999 -9999 10.1067907349 10.6145379252 12.4921973766 12.2989774634 11.0394969295 16.5222968285 17.8514752469 19.19584956 19.380954736 14.5438481402 8.12440246314 7.70200689056 8.1616493793 6.51107071669 6.36635163787 5.02411438993 3.67873648109 4.34877187797 5.35032802995 5.0813227445 4.60061004565 4.3939124444 4.14957304296 3.07399806377 2.70977956414 4.87629211057 3.2361601049 4.18584973564 2.60959294194 2.08010821469 0.984056678894 0.451888536607 0.846831414521 1.16012840308 1.57526492873 1.74686165282 1.34210724698 1.21478803746 1.10182406674
-9999 -9999 -9999 -9999 -9999 -9999 -9999 -9999 -9999 -9999 -9999 -9999 -9999 -9999 -9999 -9999 -9999 -9999 -9999 10.4187137346 10.1911185326 9.91629726329 11.3979012731 16.2500418436 18.1249895189 18.046008892 18.5767453652 19.8157792 11.9271181625 13.7140300755 13.5104533145 13.4872713718 8.86619711343 4.83546883624 5.44503756006 4.47989354243 2.74267811399 2.45946080744 2.18658857289 2.18775132973 2.53032593875 3.36462219647 3.71280340801 6.81740551226 6.97526126103 5.58973599231 3.36953156449 2.5882679879 1.39596522621 0.699898530634 0.287158775794 5.27941819088 6.27542570383 6.47461369536 2.59202779268 0.645564924086 0.811570960405
-9999 -9999 -9999 -9999 -9999 -9999 -9999 -9999 -9999 -9999 -9999 -9999 -9999 -9999 -9999 -9999 -9999 -9999 -9999 -9999 9.27039993061 9.74291844221 11.4887414916 14.0577891174 17.4268343903 17.8961054642 18.4613488951 19.9926391253 19.0582621747 18.4701320088 16.3090924573 16.0851498498 6.93118275481 8.74188545726 8.42238910797 7.54860545333 4.09591982105 4.75974325889 4.49942642621 4.26592592424 3.56115779112 4.38631858539 4.15252541828 3.67342038689 4.56791932563 4.00026661286 3.25729298948 3.62416729937 2.96714047042 1.92709713988 1.10020867261 0.632837382528 0.31045773209 0.562860757632 3.26976121273 0.368377454044 0.368463727662
-9999 -9999 -9999 -9999 -9999 -9999 -9999 -9999 -9999 -9999 -9999 -9999 -9999 -9999 -9999 -9999 -9999 -9999 -9999 -9999 -9999 9.29001104236 11.5726729081 11.9100648898 18.0260809713 17.6448536208 19.0059716922 20.4016678616 18.9482296088 18.5900948788 16.6480061912 17.6150430055 7.03701552144 8.87499801843 8.3148526716 6.55487625475 5.5362584862 4.38422545691 4.01827922554 4.25650379465 5.25074930127 5.50883756195 5.75844017283 4.01793542805 3.32530527648 2.64414682539 3.05743727299 3.32518909618 3.13993375594 3.77226266474 3.91928132568 3.89395263762 1.68061817225 0.572448685689 0.193666827816 0.243397038563 0.270508426273
-9999 -9999 -9999 -9999 -9999 -9999 -9999 -9999 -9999 -9999 -9999 -9999 -9999 -9999 -9999 -9999 -9999 -9999 -9999 -9999 -9999 8.45291649632 10.7506087782 10.7575811591 17.41064668 19.1594689189 19.490227128 15.4747097862 12.7838859193 18.5995223529 9.71218829733 16.3279332643 8.05685355023 5.98619116776 4.04441852285 5.08150102477 4.54950289038 4.57319735634 4.18994288919 5.09296765917 5.30539729201 5.1033346983 4.03936756055 3.79327477105 4.28351435829 4.0758150207 3.67126609504 3.58506495779 2.45921641932 2.56654950045 5.27067677364 4.80358462309 1.68969942294 0.404959768639 0.319284181253 0.20859684026 0.213539810425
-9999 -9999 -9999 -9999 -9999 -9999 -9999 -9999 -9999 -9999 -9999 -9999 -9999 -9999 -9999 -9999 -9999 -9999 -9999 -9999 -9999 -9999 11.2358281633 12.1652412 16.4897134916 17.486167234 19.6908819265 15.4164997053 10.2682465023 11.1106927555 12.1951367609 12.5439944206 7.91262481638 6.87153542225 7.42848050448 6.03899162326 5.97174383586 5.58877389215 5.35223962369 5.32594157146 5.51485941646 3.985877476 4.13305208518 5.07911713524 2.97126333361 2.67825833673 2.17610925746 2.64551165957 3.22463677396 6.32556744575 4.14169262169 6.74578856227 2.88934482755 0.563433839692 0.217029999491 0.192134477534 0.201959837729
-9999 -9999 -9999 -9999 -9999 -9999 -9999 -9999 -9999 -9999 -9999 -9999 -9999 -9999 -9999 -9999 -9999 -9999 -9999 -9999 -9999 -9999 11.5153549396 11.2879654036 16.2468667339 17.8950357664 19.0302428392 12.0366337658 10.7555998154 11.0673546396 9.59638445771 9.77800833188 9.13557151219 7.53306433979 6.14117435763 7.70860784145 5.80974214397 5.46065998368 6.24248562904 6.15253922199 4.40254738416 5.6141249474 4.19442462042 3.5153059521 3.06287197505 3.35789701142 3.90094740688 3.99285445301 2.44814012495 2.39590938599 2.34929115938 5.38230458678 0.414694009183 1.06588179846 0.492610392664 0.427240941943 0.292128928422
-9999 -9999 -9999 -9999 -9999 -9999 -9999 -9999 -9999 -9999 -9999 -9999 -9999 -9999 -9999 -9999 -9999 -9999 -9999 -9999 -9999 -9999 11.4112885384 11.9662532029 16.3630198025 17.0972651568 17.8810678076 12.9178052067 11.9770657138 12.7471560641 10.7598979983 9.94475273371 8.84573995373 8.00468626075 8.15286121149 6.14861064373 5.86717573503 7.38580462493 6.5285246413 6.03293963327 5.85326519101 4.82683811632 3.590090941 4.28367571055 4.96799505479 4.56554251146 4.1284917057 3.63617395803 2.81352137947 2.81787337233 3.29771213449 2.79561842123 0.907530865799 0.946722241643 1.03731662648 1.16113222249 0.502942477115
-9999 -9999 -9999 -9999 -9999 -9999 -9999 -9999 -9999 -9999 -9999 -9999 -9999 -9999 -9999 -9999 -9999 -9999 -9999 -9999 -9999 -9999 -9999 12.4100321679 16.8434950184 17.213214692 17.5085833521 11.9878517389 11.7265213692 12.3374320199 10.8205427128 11.4302482566 10.1885553732 10.1765432993 7.32781800628 7.97578054568 7.91740798897 7.04863968335 4.98664576865 4.69988509466 3.68389128367 4.59347334474 5.36645745437 5.47841959504 4.70649246032 4.26463969741 2.55753212624 2.28735822912 2.11336693602 2.250155379 1.80232589854 2.1544161862 2.13576097938 1.86512605503 0.65093852576 0.49931594725 1.31474441538
