data/recharge/transience/oldversion/mHM_recahrge_440.ASC
ncols   80
nrows    72
xllcorner    4374000.0
yllcorner    5656000.0
cellsize      500
NODATA_value  -9999
[rows 24 to 47 of 72, columns 0 to 53 of 80]
-9999 -9999 -9999 -9999 -9999 -9999 -9999 -9999 -9999 -9999 -9999 -9999 1.54559171056 1.1046939383 0.767272338624 0.593839050053 0.381166301257 0.457815191208 0.406784076566 0.311039399216 0.352649363477 0.309827044286 0.174013162936 0.250050183254 0.101358454165 0.0825099134159 0.118687049019 0.142127340214 0.0832406275929 0.146144580307 0.0850760960463 0.0975754390352 0.148890263872 0.17376587799 0.0247505615427 0.00827127888919 0.00253462313115 0.0110199142763 0.0272430553222 0.0206420129062 0.0830802575798 0.0833528272284 0.0739419244654 0.0726648833767 0.0751299250312 0.0735542676475 0.0611832660642 0.0546996072374 0.055971410508 0.0726640212214 0.0704077658184 0.0624530838045 0.0429403928581 0.0103990474918
-9999 -9999 -9999 -9999 -9999 -9999 -9999 -9999 -9999 -9999 -9999 -9999 1.03825903818 1.08494716077 0.846863916805 0.80871023805 0.490432714376 0.471670485591 0.303352646336 0.454904975925 0.342937378746 0.336902247618 0.254288433515 0.0649440369665 0.0672558124908 0.200812389838 0.0613874252136 0.0514411924819 0.0922304978951 0.0668555580422 0.0501047408074 0.0423677903588 0.0465843765218 0.0511760273727 0.00416614849996 0.0167508564926 0.0116015126015 0.0105481168536 0.00667113121821 0.0236637470286 0.0213571203786 0.0154828676165 0.0415744064989 0.0747202160613 0.0722983044425 0.0748493262136 0.0768167791197 0.0760578971394 0.0783474079221 0.087352076478 0.0795105649564 0.030299575728 0.0106211249638 0.00751856579994
-9999 -9999 -9999 -9999 -9999 -9999 -9999 -9999 -9999 -9999 -9999 -9999 -9999 0.817225916128 0.859521200099 0.926929924272 0.590185339109 0.496144789715 0.334129467944 0.27575642812 0.255509818304 0.38069744926 0.377586315055 0.317524657259 0.183685147577 0.109798055357 0.0553200205858 0.0732831393438 0.0668349892991 0.0820750866892 0.0553312466556 0.0467165349827 0.0751998690481 0.00875700854458 0.00240576175927 0.00650063321757 0.0117885592767 0.00711154013357 0.0229810230206 0.0169416326284 0.0137372272623 0.0167962179693 0.00840113969251 0.0136941067617 0.018547125702 0.0319048346476 0.0628546892889 0.0595081793714 0.0215827850366 0.00952408507248 0.00709432781776 0.00771872038243 0.00903199963141 0.0106888688839
-9999 -9999 -9999 -9999 -9999 -9999 -9999 -9999 -9999 -9999 -9999 -9999 -9999 -9999 0.629892445769 0.60378494691 0.456553966793 0.404255379896 0.343184561373 0.38486514471 0.289210843655 0.409559835755 0.337084977675 0.272114621469 0.124262117624 0.122061425364 0.137392650625 0.165534283536 0.0792294618597 0.054787534897 0.0583110505008 0.0615400568425 0.0946588445938 0.0217467197806 0.00683938397461 0.00982641356211 0.00839046898029 0.016350921181 0.00639012707565 0.00527388763633 0.00639009118509 0.006526140903 0.016801588565 0.0105744712023 0.00715091591008 0.00898844910184 0.00447349824199 0.00417618714986 0.00531127253035 0.0095861658981 0.00843512814849 0.00577199653593 0.00550607845931 0.00435276864027
-9999 -9999 -9999 -9999 -9999 -9999 -9999 -9999 -9999 -9999 -9999 -9999 -9999 -9999 0.488586276866 0.732762330236 0.431270731903 0.389288291537 0.312125573285 0.341982427615 0.303621895762 0.363173961163 0.194881351589 0.328144120757 0.205162892798 0.237016937559 0.0939981101877 0.139557740236 0.150181239407 0.132919533809 0.0779888345869 0.0582546365595 0.123675834131 0.25142980078 0.0201784969986 0.0139534618078 0.00877603949398 0.00388348075127 0.00498202586799 0.00462430255103 0.0115783966665 0.013874117979 0.0139220414973 0.0143067524987 0.0114232270998 0.00819320251827 0.00505769238743 0.00658445750676 0.0106424504394 0.00359687111514 0.0109563673715 0.0136131799822 0.0158491830826 0.0168183565213
-9999 -9999 -9999 -9999 -9999 -9999 -9999 -9999 -9999 -9999 -9999 -9999 -9999 -9999 0.51081068417 0.530013471914 0.641909090816 0.465863452758 0.425983526776 0.430028408733 0.332106133464 0.373551843439 0.326436763712 0.225663656392 0.151904989948 0.124889602217 0.166448559405 0.17802736045 0.117810739639 0.138466246742 0.120300277527 0.114984410644 0.0995214736864 0.0480893946475 0.0569646076489 0.0129107569258 0.0122728558354 0.00664726338854 0.011771869635 0.0050694971882 0.0105748628215 0.0138843208463 0.0114482117021 0.0119893862333 0.00737679221605 0.008513646319 0.0064484318077 0.0102131923512 0.0279983310828 0.0275902607582 0.0126140669211 0.0040943050762 0.00517373691604 0.00367409471402
-9999 -9999 -9999 -9999 -9999 -9999 -9999 -9999 -9999 -9999 -9999 -9999 -9999 -9999 1.24488567777 0.949381282949 0.815632308287 0.771278623581 0.473050931719 0.593855929495 0.332704577129 0.329320046965 0.294881587451 0.244742864525 0.140084285452 0.170619812465 0.129854166765 0.193513867013 0.120576447031 0.125990332072 0.119379716941 0.140257200507 0.114831305354 0.0241792581612 0.0114951906161 0.0116834123032 0.00949172716156 0.0145030883341 0.00762074074679 0.0104443341952 0.00166958320593 0.00273450533198 0.00702647054144 0.00816839036924 0.00634825127998 0.0059744483972 0.0110790230648 0.00763691565524 0.0236486054763 0.0337284458709 0.0131444083134 0.0214351497384 0.01083807828 0.0198133523817
-9999 -9999 -9999 -9999 -9999 -9999 -9999 -9999 -9999 -9999 -9999 -9999 -9999 -9999 -9999 0.712141075627 0.612804070053 0.452814648409 0.995682972781 0.401803752294 0.184871015492 0.239207931115 0.247688985758 0.271984437212 0.132193728377 0.177041112331 0.117238599558 0.151473852328 0.163330025527 0.0980341213567 0.0903601681642 0.0801147195277 0.0704430423435 0.0628749437197 0.0129963305317 0.0131925668905 0.0115378529895 0.0111849485765 0.0102778275756 0.00634618859324 0.00390378079693 0.00470340176704 0.000912891280455 0.00181119940535 0.00415500965528 0.00212665679079 0.000918968956447 0.0010031269494 0.00251629432218 0.00657451228968 0.00734817318296 0.00620553059467 0.0127683040342 0.0324923408721
-9999 -9999 -9999 -9999 -9999 -9999 -9999 -9999 -9999 -9999 -9999 -9999 -9999 -9999 -9999 -9999 0.559644253177 0.406530231727 0.430568206191 0.619889655331 0.418933921985 0.465342825838 0.202230357648 0.144944558473 0.141452176227 0.123373981443 0.0908990632405 0.0678942875219 0.0669874925871 0.115240545884 0.138367345888 0.121726442714 0.168696767041 0.098000194647 0.0107515640161 0.0125486707539 0.0117499497066 0.0133622146389 0.0127631085287 0.0155447094162 0.0115123528403 0.0124014094686 0.00550479400977 0.000845569726232 0.000643067142408 0.000456951450364 0.000418087012208 0.00569078034684 0.00645452015882 0.00447033182566 0.00747859964314 0.0151747659809 0.00954195603401 0.0070667850173
-9999 -9999 -9999 -9999 -9999 -9999 -9999 -9999 -9999 -9999 -9999 -9999 -9999 -9999 -9999 -9999 0.496128157963 0.526801141472 0.535752334094 0.41525232019 0.29715889879 0.411363245888 0.299034562483 0.179830927249 0.133009277573 0.15568319581 0.102611711201 0.0995619544217 0.105618966256 0.0872015489844 0.0469504997173 0.0490830013087 0.0597650444781 0.0731258814936 0.0233938724902 0.0117025679682 0.0185742193121 0.0229268706708 0.012429644391 0.0110482068687 0.00499419834083 0.00656566947662 0.00747528937192 0.00784229183908 0.00320031610557 0.0014628688664 0.00117783464405 0.00492589939048 0.00294008853223 0.00598151782776 0.0102959014192 0.0112020207689 0.0177449664172 0.0200003825877
-9999 -9999 -9999 -9999 -9999 -9999 -9999 -9999 -9999 -9999 -9999 -9999 -9999 -9999 -9999 0.259597022647 0.249275997375 0.294862972403 0.355299644903 0.336712872686 0.252106614691 0.259895898281 0.183474422725 0.157631325364 0.111830884884 0.125224297354 0.0990209899238 0.10787429021 0.0648255269061 0.114123606273 0.0979390792812 0.102206863703 0.100890581863 0.0496702082849 0.00782800607354 0.00683156679409 0.00562806813356 0.019595741576 0.00991229960789 0.00716277199559 0.00278613517298 0.00173526337457 0.00120950250225 0.00116864046088 0.0015917080851 0.000946120373095 0.00331886091182 0.00605964046858 0.00324742552988 0.0102458234183 0.00719508672217 0.00502110795412 0.00595507554919 0.00703156624613
-9999 -9999 -9999 -9999 -9999 -9999 -9999 -9999 -9999 -9999 -9999 -9999 -9999 -9999 0.330979504908 0.309975823417 0.268253876737 0.26237838174 0.227494087961 0.291624877087 0.218048009608 0.265794457774 0.168039009486 0.18009654323 0.112793104027 0.103512178767 0.0812857973513 0.103582218708 0.107157291389 0.106965469726 0.0825138090683 0.0852643813754 0.0411925073018 0.0198400754569 0.0111435604379 0.00582856612336 0.00779718684166 0.0042885093354 0.000382454660338 0.0014813305436 0.00162292491036 0.000748190774586 0.000700141426737 0.000818206952135 0.000619116665843 0.000504515959781 0.0014262803056 0.00538727276573 0.00978954815387 0.00687947729862 0.00595632218453 0.00587159060014 0.00663239799027 0.00640974741729
-9999 -9999 -9999 -9999 -9999 -9999 -9999 -9999 -9999 -9999 -9999 -9999 -9999 -9999 0.355781159412 0.433374888363 0.341493041049 0.216662924921 0.139698398054 0.127157405618 0.151455501858 0.201928656083 0.151798307958 0.167850179471 0.111017868137 0.0832075270654 0.0445583227782 0.0482498890522 0.0468426082101 0.0979536655769 0.0948042193561 0.0618630495853 0.0463742002211 0.0266228350743 0.00580552590723 0.012898985955 0.00877213672783 0.0173617111563 0.00312016201071 0.00337220567237 0.00850484480074 0.00649936797108 0.00102453444696 0.00086477199498 0.000864862673855 0.000423050250019 0.00100695050356 0.0111563951127 0.0174243719596 0.0208644054095 0.0218700128474 0.0213956645105 0.0133846580701 0.0106879423074
-9999 -9999 -9999 -9999 -9999 -9999 -9999 -9999 -9999 -9999 -9999 -9999 -9999 -9999 -9999 -9999 0.354563553819 0.552631407677 0.531576933985 0.503709555748 0.240346153986 0.159966997688 0.19207558342 0.19405540537 0.122695814841 0.0797823260975 0.0263971232603 0.0300304960512 0.0225564452977 0.0408398873977 0.0477602071839 0.0423941386471 0.0362883597147 0.0244769202468 0.0293094245556 0.0299943305505 0.0193876871135 0.00404345553854 0.0118277748869 0.0204644548309 0.00870266915406 0.00524721440678 0.0053140584174 0.00187000782272 0.000539923532616 0.000684647645344 0.000690207296463 0.00325037652047 0.00899310285468 0.0105822176774 0.0107412015582 0.0113160106902 0.0103139661778 0.00820679811585
-9999 -9999 -9999 -9999 -9999 -9999 -9999 -9999 -9999 -9999 -9999 -9999 -9999 -9999 -9999 -9999 0.661444367157 0.567647673855 0.484063494019 0.221232928615 0.231264801895 0.2269923634 0.120161403088 0.140037572224 0.137199595533 0.1027678043 0.0633053647993 0.0566573887286 0.049985074707 0.0491125589824 0.0643780741385 0.0550912853473 0.0330990964969 0.0253617939215 0.0132876858489 0.0153999706609 0.0177627240486 0.0257321137495 0.0113179493528 0.0082689473299 0.0140627575677 0.0244348903896 0.0127053132182 0.0059521437671 0.00591651242047 0.000509042659058 0.000288730816401 0.000692872209359 0.0064746307619 0.0042792926463 0.00349194407519 0.00357740757872 0.00311120037945 0.00378461342705
-9999 -9999 -9999 -9999 -9999 -9999 -9999 -9999 -9999 -9999 -9999 -9999 -9999 -9999 -9999 -9999 -9999 -9999 0.505238468636 0.302203356099 0.157739429999 0.22283123536 0.175093643079 0.185060720433 0.123891109593 0.0971142368972 0.0516484667508 0.0594083996316 0.0435769961998 0.0418891216317 0.0240821303961 0.0183860301797 0.0171162126773 0.021557963551 0.0128140215444 0.0205014188292 0.0211031650418 0.0110789507367 0.0102748749037 0.0159812551631 0.0100766760909 0.00805003463992 0.00769545387959 0.00759538541442 0.0077972956363 0.00426262592457 0.000390555883326 0.000367448671233 0.000995164510223 0.0025468579236 0.00467884988885 0.00658601339489 0.00320133524774 0.00332656832993
-9999 -9999 -9999 -9999 -9999 -9999 -9999 -9999 -9999 -9999 -9999 -9999 -9999 -9999 -9999 -9999 -9999 -9999 -9999 0.16667874103 0.152033861294 0.18842407512 0.14406475702 0.243667059836 0.141396649394 0.12960363349 0.081836022304 0.0454407589549 0.0230529926465 0.0210890212247 0.0212856082771 0.00790457403293 0.0059935539094 0.0137721386211 0.00759129789192 0.00517245127736 0.00485303835361 0.00968764206884 0.00975358821246 0.0123304089602 0.00803171591812 0.00676970293578 0.00540536249883 0.00808021642075 0.0101503612415 0.0107980442838 0.00292022913468 0.000298862014147 0.000278186309639 0.000671326585363 0.00199325668721 0.00374257685641 0.00303080191031 0.00298693442809
-9999 -9999 -9999 -9999 -9999 -9999 -9999 -9999 -9999 -9999 -9999 -9999 -9999 -9999 -9999 -9999 -9999 -9999 0.348411589446 0.457475082607 0.434714672425 0.397974363985 0.176165565659 0.161222154019 0.134240379929 0.130125464059 0.11287122999 0.0706628680864 0.032877647258 0.0268956633244 0.00697796104098 0.011382945853 0.00517806142145 0.0126671912831 0.00824380036279 0.011716226903 0.018399004044 0.0162871871302 0.0147206427781 0.0140618637895 0.0159283558628 0.00800554768387 0.00532549036735 0.00329358361096 0.00234444894182 0.00251407346034 0.00421305536299 0.00328742972472 0.000825285650169 0.000369702076763 0.000700178612343 0.000858560325893 0.00250685038939 0.00423864948257
-9999 -9999 -9999 -9999 -9999 -9999 -9999 -9999 -9999 -9999 -9999 -9999 -9999 -9999 -9999 -9999 -9999 -9999 -9999 0.654613856995 0.52941626466 0.444403591211 0.183828706028 0.152234979716 0.151187871772 0.146816011514 0.0851296404306 0.121357912977 0.0470449996161 0.0740390401299 0.0535634815022 0.0519871070888 0.0265838464833 0.0127248256644 0.00695081753338 0.00381264773256 0.00385808792177 0.00306636073599 0.00271616957918 0.00271461388843 0.00427568780065 0.00843031003268 0.00607684061808 0.00671846819584 0.00871116613033 0.026210792068 0.01604794634 0.00848551459845 0.00151639350802 0.000479987866252 0.000204684227595 0.00182173602821 0.00274100983233 0.0113095224384
-9999 -9999 -9999 -9999 -9999 -9999 -9999 -9999 -9999 -9999 -9999 -9999 -9999 -9999 -9999 -9999 -9999 -9999 -9999 -9999 0.287589305582 0.390331006065 0.192106309145 0.146372891534 0.108253452126 0.136221722837 0.0913430455435 0.129404512089 0.148438869327 0.122976328301 0.0843000193356 0.0785116251895 0.0175404429974 0.0206414651228 0.0116290062636 0.00886271217748 0.00897206541458 0.0130952435834 0.0125354190333 0.0113452153919 0.00894337829337 0.0153935202133 0.0166544491594 0.0125744833657 0.024416671891 0.0180953767132 0.0149392459979 0.0188118574051 0.0141728236828 0.00338321290816 0.00132468252641 0.000763446014218 0.000320796754713 0.000178264756169
-9999 -9999 -9999 -9999 -9999 -9999 -9999 -9999 -9999 -9999 -9999 -9999 -9999 -9999 -9999 -9999 -9999 -9999 -9999 -9999 -9999 0.292274217866 0.209387684776 0.205981129518 0.0985653034698 0.0837499310958 0.0802996432822 0.127974669451 0.104713513985 0.0958390052632 0.137789648616 0.0750746610475 0.0187298406441 0.0146805768174 0.0158142624519 0.0227185075987 0.0174160538758 0.00932581939393 0.00831648905717 0.00924661989888 0.0195041858904 0.0222305603571 0.0302472703037 0.0124609773208 0.0100504676549 0.00597597919389 0.0105534795577 0.0126796749561 0.0144523770296 0.0217665545948 0.0133656524026 0.00326752339722 0.00310168957412 0.000592781467778
-9999 -9999 -9999 -9999 -9999 -9999 -9999 -9999 -9999 -9999 -9999 -9999 -9999 -9999 -9999 -9999 -9999 -9999 -9999 -9999 -9999 0.172981272162 0.141114867146 0.142936286112 0.126633474649 0.17276762984 0.121602412944 0.0773299860665 0.0530070271296 0.119499984497 0.0429097565148 0.0693787537186 0.0265449700265 0.0168608392234 0.00702223370479 0.0125323508225 0.0101657452781 0.00912802033451 0.00791366890649 0.0152359101961 0.020105724232 0.0181040457198 0.0118935259585 0.0105673724476 0.0179105260834 0.0160156866566 0.0158171977697 0.0149971200544 0.00898860788306 0.00735794920261 0.0107302785567 0.00660080127021 0.000538162648997 0.000458021055996
-9999 -9999 -9999 -9999 -9999 -9999 -9999 -9999 -9999 -9999 -9999 -9999 -9999 -9999 -9999 -9999 -9999 -9999 -9999 -9999 -9999 -9999 0.154313936699 0.244549105917 0.133671226494 0.132043718706 0.096258542583 0.064781683897 0.0433777857863 0.0452111282449 0.0442815731233 0.0504539143466 0.0236860331127 0.0226192723376 0.0322998688921 0.0172240383394 0.0184689757407 0.0146496556628 0.0126627405312 0.0153902744835 0.0190382277278 0.0079211088867 0.0110379381328 0.019094567042 0.00717830765855 0.00577457291933 0.00482943307321 0.00684021672027 0.0124489193984 0.0109123404047 0.00620508189083 0.00384843407965 0.00111053079818 0.000422067064724
-9999 -9999 -9999 -9999 -9999 -9999 -9999 -9999 -9999 -9999 -9999 -9999 -9999 -9999 -9999 -9999 -9999 -9999 -9999 -9999 -9999 -9999 0.174516779366 0.158710808738 0.119693277183 0.167323912825 0.112277192436 0.0566891853715 0.0624364973982 0.0592629496528 0.0404005048242 0.0436305052755 0.0401592817261 0.0313977269231 0.0181427239159 0.0366294916242 0.0172034614583 0.014812799764 0.0235264286352 0.0226638887102 0.0103270105379 0.0199849507629 0.0114906445898 0.00725021065219 0.00707730955457 0.00958636516577 0.0167383968928 0.0173679320865 0.00733147671184 0.0066109377958 0.0016050087804 0.00255097777997 0.00032217994802 0.000770485667911
