data/recharge/transience/oldversion/mHM_recahrge_63.ASC
ncols   80
nrows    72
xllcorner    4374000.0
yllcorner    5656000.0
cellsize      500
NODATA_value  -9999
[rows 0 to 24 of 72, columns 0 to 55 of 80]
-9999 -9999 -9999 -9999 -9999 -9999 -9999 -9999 -9999 -9999 -9999 -9999 4.7398221464 4.81684936961 -9999 -9999 -9999 -9999 -9999 -9999 -9999 -9999 -9999 -9999 -9999 -9999 -9999 -9999 -9999 -9999 -9999 -9999 -9999 -9999 -9999 -9999 -9999 -9999 -9999 -9999 -9999 -9999 -9999 -9999 -9999 -9999 -9999 -9999 -9999 -9999 -9999 -9999 -9999 -9999 -9999 -9999
-9999 -9999 -9999 -9999 -9999 -9999 -9999 -9999 -9999 -9999 -9999 -9999 5.6449798032 4.65738309072 4.14153571978 -9999 4.1980709807 -9999 -9999 -9999 -9999 -9999 -9999 -9999 -9999 -9999 -9999 -9999 -9999 -9999 -9999 -9999 -9999 -9999 -9999 -9999 -9999 -9999 -9999 -9999 -9999 -9999 -9999 -9999 -9999 -9999 -9999 -9999 -9999 -9999 -9999 -9999 -9999 -9999 -9999 -9999
-9999 -9999 -9999 -9999 -9999 -9999 -9999 -9999 -9999 -9999 4.91170216331 4.21618930378 5.02508272982 5.17242759402 3.63370085561 3.67551410634 3.3743631177 3.44972216117 -9999 -9999 -9999 -9999 -9999 -9999 -9999 -9999 -9999 -9999 -9999 -9999 -9999 -9999 -9999 -9999 -9999 -9999 -9999 -9999 -9999 -9999 -9999 -9999 -9999 -9999 -9999 -9999 -9999 -9999 -9999 -9999 -9999 -9999 -9999 -9999 -9999 -9999
-9999 -9999 -9999 -9999 -9999 -9999 -9999 -9999 -9999 4.25259363989 4.74982122187 4.85364623422 4.32532984931 4.51482011981 4.52818057369 4.06018654786 3.85030419485 4.42257548238 -9999 4.90454736388 -9999 -9999 -9999 -9999 3.75288126401 4.23954388293 -9999 -9999 -9999 -9999 -9999 -9999 -9999 -9999 -9999 -9999 -9999 -9999 -9999 -9999 -9999 -9999 -9999 -9999 -9999 -9999 -9999 -9999 -9999 -9999 -9999 -9999 -9999 -9999 -9999 -9999
-9999 -9999 -9999 -9999 -9999 -9999 -9999 -9999 5.54018319713 4.83309051292 4.15290410923 4.57416849609 4.50456726047 4.20319463951 4.14202035984 3.95049268532 3.61027144635 3.45161115438 3.47377245417 3.97787512193 3.83998913919 4.04891390346 -9999 3.62807136455 4.42994877177 4.53390028886 -9999 -9999 -9999 -9999 -9999 -9999 -9999 -9999 -9999 -9999 -9999 -9999 -9999 -9999 -9999 -9999 -9999 -9999 -9999 -9999 -9999 -9999 -9999 -9999 -9999 -9999 -9999 -9999 -9999 -9999
-9999 -9999 -9999 -9999 -9999 -9999 5.98783426601 4.69178351985 4.1528269439 4.35785661326 4.72569477475 5.38450783096 4.94623324915 4.7073250589 4.07565253221 4.3715674452 3.79683366174 3.60392218946 3.94669531133 3.93612760441 3.73689599552 3.94478055316 4.03535021635 3.76834276165 4.17748086587 4.04265506076 4.31906207531 -9999 -9999 -9999 -9999 -9999 -9999 -9999 -9999 -9999 -9999 -9999 -9999 -9999 -9999 -9999 -9999 -9999 -9999 -9999 -9999 -9999 -9999 -9999 -9999 -9999 -9999 -9999 -9999 -9999
-9999 -9999 -9999 -9999 -9999 -9999 6.18175147996 5.43633604351 3.99984031798 3.83829119536 3.79856787662 4.53524304247 4.28568379003 3.46421925578 3.33722106684 3.39252827317 3.66079578789 2.50179786031 3.76559708239 3.16483185347 3.31786932967 3.80625073901 3.63388936972 3.65258845141 3.58668951974 3.35950171925 4.26872771821 4.33853591015 4.5245614917 4.31397908036 4.85629483671 4.80600053669 -9999 -9999 -9999 -9999 -9999 -9999 -9999 -9999 -9999 -9999 -9999 -9999 -9999 -9999 -9999 -9999 -9999 -9999 -9999 -9999 -9999 -9999 -9999 -9999
-9999 -9999 -9999 -9999 -9999 7.1133597301 6.36301931688 6.27009614543 5.45349141448 5.40793169501 5.02126829759 4.66136777532 3.80799442739 3.6455554247 3.84519102045 4.10936789974 2.52442718055 1.14744699117 2.46099289676 3.21179839506 3.33439737121 3.21563143861 3.44977269369 3.5590435826 3.72881662609 3.92352986934 4.16146771089 3.89497237297 4.37415990549 4.28839386073 4.03891412119 4.21927926728 3.75007344845 3.62768740396 -9999 -9999 -9999 -9999 -9999 -9999 -9999 -9999 -9999 -9999 -9999 -9999 -9999 -9999 -9999 -9999 -9999 -9999 -9999 -9999 -9999 -9999
-9999 -9999 -9999 -9999 -9999 7.46230920209 6.90014656185 6.93685480269 6.13740647886 5.76717348022 5.52180003418 5.81314628461 2.60242624096 2.09783079427 5.14520367855 4.95383438715 2.3763449478 0.750587199583 1.97170294003 2.12916654772 3.42643840387 3.29984760078 3.76417616286 3.62378856624 3.4653740975 2.91317378382 3.38042869621 3.08442226942 3.47011314108 3.24635283232 3.02324080943 3.21561720383 3.54712281363 3.40935237245 3.15623141804 3.30417745446 -9999 -9999 -9999 -9999 3.41139545502 3.13432632241 -9999 -9999 -9999 -9999 -9999 -9999 -9999 -9999 -9999 -9999 -9999 -9999 -9999 -9999
-9999 -9999 -9999 -9999 -9999 7.04390320312 6.56133020525 6.30154835136 6.3779526364 6.68402108438 6.15411862796 5.92595063954 5.20544410639 5.52596397956 5.53571234639 4.25317423424 3.35032013184 4.3394407126 4.26986063848 4.45529238103 3.94835329796 3.19149662422 3.15371592738 3.02638068274 3.37806213989 3.18163040889 3.27325905118 2.94413880716 3.51271988877 2.76833728792 1.33574858523 2.17987270928 3.50628252999 2.98341520429 2.76189960464 3.42379824713 3.30111034945 -9999 -9999 3.39011755756 3.44519960337 3.33780325048 3.32369176099 -9999 -9999 -9999 -9999 -9999 -9999 -9999 -9999 -9999 -9999 -9999 -9999 -9999
-9999 -9999 -9999 -9999 -9999 -9999 7.84121789046 7.66865049635 7.15898221612 6.89477030147 6.06353912236 6.49914662012 6.69873039165 8.2699572464 4.51289256408 4.22329166412 3.92562212414 3.78338648184 3.45831006714 3.64246778149 3.54526046983 3.69109379806 3.39118079747 3.63944671596 3.28914931982 3.0001813321 2.43417704846 2.66101699322 2.616947506 2.84372125203 2.36226358563 2.93679568688 2.48665275938 2.72863381111 2.76718235518 3.00661266985 2.72922829708 2.56888077379 3.12099704575 3.04382019259 2.91509052896 3.35131118159 2.49261263021 2.25207843252 -9999 -9999 -9999 -9999 3.01986127105 2.7564832806 0.407776627883 -9999 -9999 -9999 -9999 -9999
-9999 -9999 -9999 -9999 -9999 -9999 -9999 6.94914893277 6.69108493589 7.36714383859 7.04685275473 6.53643235564 5.19615563456 4.414487242 3.93335545481 5.05032776959 4.88020396476 5.09503530107 4.72114883168 4.09834268448 3.34683472996 3.36719910853 3.22310906675 3.25513441153 3.04476433101 2.77007597158 2.61091131212 2.70337621723 2.90748185768 2.69609166761 2.52531578958 2.53331923432 2.60558771055 2.63998174881 3.07210934173 3.0520339003 3.10369771968 2.973837624 3.06628956685 3.05953372499 2.3770430912 2.28541280578 1.68015948024 1.3297602637 1.12262333718 1.24199651362 1.39594302537 1.19202325418 1.15723705691 1.84592304443 1.88869102879 1.15929030972 -9999 -9999 -9999 -9999
-9999 -9999 -9999 -9999 -9999 -9999 -9999 -9999 6.46731945758 6.22873035079 6.71538776925 7.2398237019 6.20619485757 6.59059115712 6.52533109701 6.03116766309 4.66554281477 4.6866284416 3.83321917824 4.21400847989 4.95173175994 4.78542174136 2.14608891548 0.84680138998 0.805096055955 0.742450010314 1.68607369916 2.52262712939 2.0903099839 1.80583063132 2.11794501863 2.00568399255 2.0141639595 1.97416729805 2.1964570394 2.50085259188 2.61962795614 2.71786077094 2.55915663086 2.58798974148 2.2821928526 1.6379486178 1.0120259704 0.929245100412 0.877544221156 0.806502186278 0.932655898302 0.835795209627 0.784981665474 1.29436296537 1.6435045191 1.72238495494 1.41416672459 -9999 -9999 -9999
-9999 -9999 -9999 -9999 -9999 -9999 -9999 -9999 7.5115267472 6.83410078665 6.34147304664 6.37587530363 5.99717025752 5.96281479014 5.21792340191 5.11945267408 4.22147633396 4.49558672909 4.21876554791 4.49212026943 4.56770933383 4.69559332831 1.87125893818 1.77771460509 1.11611212164 0.698498138813 0.793234269186 1.98585432615 2.20707600513 1.92634878345 1.72887641723 1.88970522464 1.78134204845 1.8989408002 2.40599798565 0.768003238335 2.80733088545 2.63604943172 2.55323453766 2.51323690128 2.3779395289 1.56421449317 0.945212338015 0.94260038458 0.809233476719 0.800861005163 0.92174553088 0.855343948748 0.891289949276 1.74417539842 1.69071335225 1.69817417952 1.60017252188 1.96940841533 1.61518683634 1.71126268486
-9999 -9999 -9999 -9999 -9999 -9999 -9999 -9999 -9999 8.23839062653 7.36876987636 6.30228399958 6.22030277181 5.79331540535 5.01942301013 5.00919194166 5.30823969326 5.64030703648 5.67029153577 5.72463732352 5.44324103554 4.60939949614 3.59375884499 3.23759059025 1.71075586652 1.45801427719 0.782739207867 0.529917423391 0.841810724469 2.12695129742 1.925168097 1.87684538176 1.79539261635 1.51902654926 1.57997158594 1.37057393277 2.30914988034 2.1950255547 2.04836487207 2.06837293689 1.93076230354 1.79282836394 0.730024554044 0.91118437609 0.69785582355 0.594649465286 0.530859352356 0.553930464429 1.08300316083 1.19285870081 1.23750097242 1.20110204957 1.22301913188 1.5037107354 1.60026094148 0.831819380547
-9999 -9999 -9999 -9999 -9999 -9999 -9999 -9999 -9999 -9999 6.42869093605 6.52282220849 6.08379957696 5.81091278845 4.6702288767 4.2786494497 4.91185122755 5.76039489021 5.19392423777 4.62748951018 4.20867807899 4.16454789014 3.27362057559 2.03303909108 1.04523774421 1.6055785056 1.19911501705 0.770070490608 0.39559284586 0.799184543191 1.93187871796 1.94084674832 2.04831531071 1.65073491557 2.25752947267 2.09439151461 2.25770210649 2.19654501524 2.06360545056 2.07496693396 2.01812835751 1.80599337133 1.04367635064 0.731402365637 1.0378171771 0.966058854459 0.794199494463 0.63685615335 1.23981023178 1.2425498009 1.39308599309 1.34724284237 1.19134865399 1.37355357074 1.40574563399 0.763296071615
-9999 -9999 -9999 -9999 -9999 -9999 -9999 -9999 -9999 -9999 -9999 2.33451879313 2.40895092181 5.5583694125 4.80638954843 4.55618398718 5.20740691709 5.14801104495 4.27286094419 4.65573099593 4.75022786657 4.64922291906 3.4204754198 2.87929597496 1.67139287798 0.474889647235 0.714805014668 1.19106766761 1.11091489869 1.26669666797 0.377380149889 1.18724888758 1.22462197328 1.35298654645 1.58108426868 1.45115399689 1.83392903514 1.82154930695 1.84750405479 1.84691155928 1.52213848065 1.24902407308 1.25585027402 0.929206634664 0.700331060374 0.549412470154 0.625716795907 0.782337256515 0.723350482863 1.08763945839 1.1156516062 1.35424231823 1.39983991347 1.24919650817 1.10703749211 1.09414180727
-9999 -9999 -9999 -9999 -9999 -9999 -9999 -9999 -9999 -9999 -9999 1.81912909763 2.92286595917 5.20489305786 5.10227185776 5.10773480211 4.58546267548 4.30179705808 4.55617394389 4.59949265759 4.33391479455 4.77999556153 3.26603496644 3.15770300943 2.73138849806 3.2346281856 1.52761068514 0.827134138274 0.453919761951 0.927757852844 0.74328465226 0.521974595126 0.1595053079 0.264192299142 0.570937281436 1.48601350361 1.82628601618 1.85658540384 1.80160216952 1.67722341438 1.31654204039 1.39908891996 1.08466595464 1.17233800755 1.09432190677 0.841745818371 1.04890426564 1.20467518081 1.09192172897 0.7881898256 0.784307940916 0.76260322759 0.611674200607 1.27057615605 1.32974245233 1.20732356617
-9999 -9999 -9999 -9999 -9999 -9999 -9999 -9999 -9999 -9999 -9999 7.66376752621 6.69797806426 6.37744002975 4.92344770995 4.87995256088 4.22689677295 3.59696993047 3.38254041148 3.78544121825 3.85686591346 3.93261272098 3.14001055221 2.67630217565 2.31939945013 2.41670851594 2.15781276099 2.11457433953 1.81362065929 1.11160082001 0.478079268009 0.498619126387 0.836365758243 0.917541608584 0.475544699382 0.167700115058 0.24857388945 0.188247039023 1.27418358299 0.703662299595 0.574751237812 1.31244141213 1.23774745447 1.391517003 1.70126728698 1.94213330612 0.979974816459 0.883868741254 0.865583324865 0.839728412119 0.686752918212 0.778558903459 0.862961501944 1.02082097076 1.40759218043 0.815637311755
-9999 -9999 -9999 -9999 -9999 -9999 -9999 -9999 -9999 -9999 -9999 -9999 5.75890716094 6.30635919507 5.63615385271 4.77290170916 4.24151813817 4.05449450693 3.52973470524 4.06065742894 3.96501319475 3.76959708906 3.35115060795 3.31114690336 2.54112897182 2.59436413832 2.19584658471 2.26660838911 2.02252641636 1.93452057594 1.86005662669 1.9417909326 1.30340083178 0.527597841456 0.508760634216 0.740940238256 0.36612524428 0.194949646072 0.233047290646 1.60691710886 1.70847269663 1.18483500086 1.51885357798 1.7449138646 1.81094562515 1.89938840722 1.17639025112 0.895301186769 0.698997989337 0.78462844161 0.654451124389 0.543364723506 0.493930662174 0.500157810996 0.445973913393 0.552562080227
-9999 -9999 -9999 -9999 -9999 -9999 -9999 -9999 -9999 -9999 -9999 7.08262791763 6.88485718798 6.96569373046 6.19951787296 2.56241228121 3.37593357948 4.36905834798 3.51163052947 4.00107495104 3.2740894686 3.22426761849 2.69751401908 2.76135191335 2.46847221789 2.43221018747 2.01693131318 1.92486103641 1.80646597963 1.7486034404 1.58441837593 1.64077234922 1.50665257291 1.49070862228 1.53005658618 0.262307653331 0.287618962132 0.125115560587 0.106812824659 0.975130326266 1.33382975291 0.928792808891 2.3301375763 2.33853775053 2.61519953462 2.56565032016 2.26030330017 1.28347711815 0.808773499825 0.796672542941 0.595775643167 0.404031871084 0.365776363565 0.368723373874 0.350541744239 0.386304024768
-9999 -9999 -9999 -9999 -9999 -9999 -9999 -9999 -9999 -9999 -9999 7.33241900619 8.07562527387 7.63115397924 6.03055470497 3.25708577927 4.43371508903 4.59355439341 3.9973244996 4.07711363912 2.96819143486 3.00982964832 2.88047754967 2.92800469928 2.58184318993 2.53442656894 0.89781156157 1.24981348366 1.70942385764 2.40211797156 2.08465537385 1.6726100298 1.48164811842 1.49183351813 1.49348382024 0.312360249039 0.161082759324 0.275249433041 0.136336278869 0.389741170645 1.05315737365 0.908464842608 1.43583824868 1.77411707721 1.72171780461 1.58599080007 1.65192586625 1.66189959345 1.16525163386 1.01263486411 0.575718714137 0.601725113278 0.526867029111 0.494942610467 0.471267168328 0.433969304095
-9999 -9999 -9999 -9999 -9999 -9999 -9999 -9999 -9999 -9999 -9999 8.92995781938 8.93574160203 7.80334207542 7.23841332663 7.02257472832 4.92830974358 5.35973224389 4.52677247139 5.07021290194 2.40613677263 1.09540966697 2.58167461686 2.53629254626 1.52819795993 1.52509669547 1.66704537402 1.81628310468 1.53518557808 1.57209759955 1.52177053496 2.18808080003 2.06297897035 1.9401195697 1.50303474475 0.20544414221 0.0946895951678 0.057408496836 0.129147097657 0.19983149949 1.25421167736 1.71907143932 1.4105630276 1.16964014777 1.22944707463 1.24168420393 1.26586375838 1.28720683491 1.30731244504 1.36238610923 0.744645888904 0.426182403122 0.383510116455 0.370904445719 0.37787206899 0.364899627658
-9999 -9999 -9999 -9999 -9999 -9999 -9999 -9999 -9999 -9999 -9999 -9999 9.14047458987 8.77723050392 7.47657974343 6.76940142813 5.70621919177 5.79213730256 4.58763804161 4.81440215504 4.15929662343 4.8577470976 2.10901001181 1.59654714687 1.42006451967 1.39733677174 1.08455765637 1.14483845591 0.973089120702 0.864071398931 0.707305134921 1.15804928643 1.41718558438 1.51468821249 1.39602333419 0.16387561203 0.119851429724 0.0773598788335 0.172805457 0.281687076471 1.39181646053 1.43002763297 1.42803339393 1.2300802074 1.30849959835 1.28061048764 1.18273896641 1.19670059043 1.14353441096 1.42857950237 1.20220763313 0.371682611568 0.374200211883 0.613024145849 0.381537019429 0.438251134449
-9999 -9999 -9999 -9999 -9999 -9999 -9999 -9999 -9999 -9999 -9999 -9999 10.6418913384 9.46656823883 8.12439350807 7.59811473768 6.0954895189 6.4707530605 5.48327373902 5.20000137926 4.82910404634 4.60567051707 2.95857487944 2.45881383026 1.76209427558 1.95275578182 1.88418936532 1.70870073798 1.28066862455 1.5944355753 1.17101457098 1.26351102448 2.11607687033 2.3351271318 0.465962212854 0.189125334292 0.123101624006 0.212222020388 0.352610585479 0.369403638366 1.32643993006 1.38288942246 1.25295676526 1.2471777527 1.30245818184 1.20270571564 0.943311462128 0.845055432503 0.798106315041 1.13479152719 1.04770644382 0.708556596317 0.725351268963 0.202202624517 0.145439710261 0.190201750804
