data/recharge/transience/oldversion/mHM_recahrge_441.ASC
ncols   80
nrows    72
xllcorner    4374000.0
yllcorner    5656000.0
cellsize      500
NODATA_value  -9999
[rows 0 to 23 of 72, columns 0 to 53 of 80]
-9999 -9999 -9999 -9999 -9999 -9999 -9999 -9999 -9999 -9999 -9999 -9999 2.08592989841 2.13718599655 -9999 -9999 -9999 -9999 -9999 -9999 -9999 -9999 -9999 -9999 -9999 -9999 -9999 -9999 -9999 -9999 -9999 -9999 -9999 -9999 -9999 -9999 -9999 -9999 -9999 -9999 -9999 -9999 -9999 -9999 -9999 -9999 -9999 -9999 -9999 -9999 -9999 -9999 -9999 -9999
-9999 -9999 -9999 -9999 -9999 -9999 -9999 -9999 -9999 -9999 -9999 -9999 3.67215038622 2.41625904067 1.83510202278 -9999 1.71366820753 -9999 -9999 -9999 -9999 -9999 -9999 -9999 -9999 -9999 -9999 -9999 -9999 -9999 -9999 -9999 -9999 -9999 -9999 -9999 -9999 -9999 -9999 -9999 -9999 -9999 -9999 -9999 -9999 -9999 -9999 -9999 -9999 -9999 -9999 -9999 -9999 -9999
-9999 -9999 -9999 -9999 -9999 -9999 -9999 -9999 -9999 -9999 3.01730232778 2.46724903989 3.05446424882 3.19905877313 1.91004629437 1.46422816494 1.01191090679 1.03735768648 -9999 -9999 -9999 -9999 -9999 -9999 -9999 -9999 -9999 -9999 -9999 -9999 -9999 -9999 -9999 -9999 -9999 -9999 -9999 -9999 -9999 -9999 -9999 -9999 -9999 -9999 -9999 -9999 -9999 -9999 -9999 -9999 -9999 -9999 -9999 -9999
-9999 -9999 -9999 -9999 -9999 -9999 -9999 -9999 -9999 2.51935180218 2.80338816422 2.96812975817 2.44532619275 2.61151390244 2.659953399 2.23029152946 1.39024564333 1.77244710237 -9999 2.84211910355 -9999 -9999 -9999 -9999 1.39255443154 1.40542280145 -9999 -9999 -9999 -9999 -9999 -9999 -9999 -9999 -9999 -9999 -9999 -9999 -9999 -9999 -9999 -9999 -9999 -9999 -9999 -9999 -9999 -9999 -9999 -9999 -9999 -9999 -9999 -9999
-9999 -9999 -9999 -9999 -9999 -9999 -9999 -9999 3.79366808202 3.05678215628 2.42106978634 2.65125648764 2.65232719256 2.40351715644 2.3619220306 2.21018761606 1.35635560887 1.07440484438 1.11150283762 2.07288803214 2.00340418963 2.15889295947 -9999 1.13990754804 1.75556890558 1.62928039416 -9999 -9999 -9999 -9999 -9999 -9999 -9999 -9999 -9999 -9999 -9999 -9999 -9999 -9999 -9999 -9999 -9999 -9999 -9999 -9999 -9999 -9999 -9999 -9999 -9999 -9999 -9999 -9999
-9999 -9999 -9999 -9999 -9999 -9999 3.77024088205 2.80492282072 2.4327515701 2.61237724249 2.93688072796 3.40717853615 3.0463405446 2.82810989604 2.30829503372 2.55048239714 1.76711696125 1.5475844522 1.89485006113 2.05481632253 1.92968184916 2.08165449092 1.75172529119 1.19581466428 1.28116458034 1.20194096071 1.34731167563 -9999 -9999 -9999 -9999 -9999 -9999 -9999 -9999 -9999 -9999 -9999 -9999 -9999 -9999 -9999 -9999 -9999 -9999 -9999 -9999 -9999 -9999 -9999 -9999 -9999 -9999 -9999
-9999 -9999 -9999 -9999 -9999 -9999 4.07894306008 3.46059975064 2.32050674036 2.18844426548 2.10551761487 2.66672786493 2.48677036408 1.87647924689 1.7932160129 1.83077363324 1.78451708014 2.18429271856 3.90540025283 1.61015524817 1.67818193469 2.02143814678 1.81435855668 1.56727892557 1.05202331075 0.915535547419 1.32312739726 1.83817899645 2.21011632036 2.04299313735 2.57379530861 2.52667062899 -9999 -9999 -9999 -9999 -9999 -9999 -9999 -9999 -9999 -9999 -9999 -9999 -9999 -9999 -9999 -9999 -9999 -9999 -9999 -9999 -9999 -9999
-9999 -9999 -9999 -9999 -9999 5.3454327149 4.38485194097 4.36854276696 3.55941489954 3.60613318269 3.19143993076 2.82287551748 2.01499651722 2.0610840262 2.13851362049 2.37515084572 2.16591095624 1.96630822057 3.71130320838 1.49879304223 1.68873974156 1.61084106088 1.69043595122 1.76383644635 1.30381333203 1.44229261216 1.25016365336 1.29316930716 2.09311042815 2.0260073616 1.89022497674 2.02773348862 1.72016860776 1.63067416152 -9999 -9999 -9999 -9999 -9999 -9999 -9999 -9999 -9999 -9999 -9999 -9999 -9999 -9999 -9999 -9999 -9999 -9999 -9999 -9999
-9999 -9999 -9999 -9999 -9999 5.56517382496 4.89821830788 4.94115621018 4.11401124093 3.73045288602 3.45880748939 3.74815631901 2.41113557243 3.59487458521 3.08516118555 2.98841792961 1.5144265038 1.39223622949 2.99213734486 1.5941363589 1.71200788761 1.72893403726 1.93899026062 1.83698082712 1.67191245358 1.12179654248 0.942467495429 0.831726166582 1.42044812149 1.48984199293 1.95019711133 1.4858289418 1.60626897689 1.50896334641 1.30180485499 1.4389797567 -9999 -9999 -9999 -9999 1.39544670481 1.29601559723 -9999 -9999 -9999 -9999 -9999 -9999 -9999 -9999 -9999 -9999 -9999 -9999
-9999 -9999 -9999 -9999 -9999 5.04221645311 4.50443155213 4.26839125879 4.37612500676 4.72424324175 4.1018304962 3.86195215603 3.2015443858 3.79260759278 3.46021562782 2.36461970248 1.73038639894 2.58031516583 2.63611838024 2.54590772167 2.07152814854 1.6248453427 1.52319007596 1.44442993687 1.62436646276 1.25289656447 0.942163422906 0.741909535143 1.34634354216 1.3545198733 1.02452921945 1.37013335691 1.5786286902 1.0859947299 0.861160488662 1.52335825941 1.44535322076 -9999 -9999 1.43931517259 1.50491624884 1.42895985054 1.28892809216 -9999 -9999 -9999 -9999 -9999 -9999 -9999 -9999 -9999 -9999 -9999
-9999 -9999 -9999 -9999 -9999 -9999 5.85078565921 5.86555050859 4.97187710514 4.66262619635 3.76634036738 4.21499728394 4.70238064028 8.37349405417 2.30370213618 2.13382587158 1.98065953567 1.87896477392 1.66405716068 1.80936145948 1.79645722156 1.90085344835 1.68723902253 1.85916194699 1.59066707468 1.39499715953 0.647096196263 0.746975910323 0.905464739298 1.2627814547 1.22255804158 1.35920388738 0.87833790364 1.04231576248 1.03884867079 1.31904874628 0.878294880925 0.686918233802 1.33544600436 1.28612505553 1.21971167642 1.51408040878 0.686333552852 0.522302674406 -9999 -9999 -9999 -9999 0.741805362428 0.628694796854 0.289099837048 -9999 -9999 -9999
-9999 -9999 -9999 -9999 -9999 -9999 -9999 4.95495130905 4.43761143095 5.22464522437 4.82727253017 4.25146458904 3.4713636978 2.31564692285 1.67987841024 2.64795754545 2.68662319563 2.88108971225 2.62242650761 2.13095208481 1.6629027021 1.67744562734 1.57496662474 1.59392334401 1.43155120714 1.26398063186 0.869155667843 1.01488833695 1.27906761477 1.05948346108 0.917028566591 0.955516707073 0.984450085384 1.00242340209 1.37263652461 1.35798626356 1.11021340566 1.02855761425 1.29890950892 1.29555116756 0.743413367139 0.605730257119 0.415286354265 0.426208785929 0.324715626693 0.397628510089 0.433779134668 0.317743727175 0.286093807669 0.360742885102 0.452092509527 0.356250798506 -9999 -9999
-9999 -9999 -9999 -9999 -9999 -9999 -9999 -9999 4.50121279141 3.82050797847 4.12020002245 4.68424260967 3.62809414597 4.02302155851 3.68684056161 3.32833316948 2.32748883707 2.34161647804 1.81705536308 2.07707669297 2.6025050452 2.46709072755 0.907821175676 0.586554935969 0.544385073152 0.513800676272 0.628112376231 1.15375488408 0.763590324889 0.474176429823 0.768422095118 0.671404874949 0.758295670323 0.624508382845 0.78776331641 0.961972720601 1.13535480394 1.1909283512 1.07437739473 1.0618657095 0.696067549332 0.453429616226 0.320663351975 0.271159962812 0.249129528346 0.210833977482 0.244354033282 0.19560371068 0.165391462956 0.240929696815 0.306352797309 0.334944443964 0.293411451007 -9999
-9999 -9999 -9999 -9999 -9999 -9999 -9999 -9999 5.21970477009 4.441469712 3.74873750902 3.78119217377 3.39594257348 3.36444142354 2.6896534455 2.61543232154 2.03094863716 2.22861975044 2.08009442572 2.28055844911 2.29362448596 2.3957561062 1.02719128895 1.48479534353 0.834233968799 0.444517738605 0.600163284101 0.804173174705 0.637137441435 0.501051835189 0.510752194985 0.567960471812 0.506317746422 0.558568432245 1.05183274319 1.01231172347 1.16568418538 1.13922267327 1.07166643132 1.04783378586 0.99287111807 0.431563224319 0.279680393505 0.278966044646 0.211910500638 0.207656927056 0.238642255532 0.205118786682 0.184840916978 0.351691119757 0.32156327613 0.323884120497 0.415568749931 0.67279571377
-9999 -9999 -9999 -9999 -9999 -9999 -9999 -9999 -9999 5.69338878428 4.53445432021 3.48129001662 3.3539360915 3.06674533261 2.46343225447 2.46015680323 2.67724436055 2.9594781146 2.89430312321 2.91215076231 2.69247740584 1.86768492685 1.31226742217 2.78794377329 1.3444050973 0.872852999576 0.370381496085 0.3222513985 0.23265338411 0.910595589847 0.704348678031 0.667803470357 0.618861009573 0.401577990869 0.588692868062 0.735271162838 0.997931572489 0.930574066454 0.858056418627 0.869671594748 0.814914219492 0.621281467059 0.198946375405 0.335479513144 0.20262446448 0.141046498224 0.11409452049 0.116343145777 0.204224322828 0.236714110195 0.235712115395 0.224524906548 0.321751231185 0.545108323727
-9999 -9999 -9999 -9999 -9999 -9999 -9999 -9999 -9999 -9999 3.61278163404 3.63456626812 3.24680914544 3.0491494648 2.19880405396 1.92396464435 1.56777190318 2.27368312975 1.71363044046 1.32848202379 1.18906307409 1.09885814136 0.819065993182 0.57807262238 0.606148012713 0.874185441556 0.615574280217 0.391931674955 0.216048464962 0.301386925482 0.852523000342 0.858083111944 0.925551580606 0.617367533672 0.973994808935 0.916134796975 0.96777193614 0.931645158664 0.866442987969 0.87278034939 0.864332696428 0.734149753645 0.343676809117 0.24809808525 0.423896725957 0.355790208476 0.267879015059 0.149506169546 0.30258607312 0.283873410504 0.289330699807 0.274463161294 0.239287979807 0.405143338981
-9999 -9999 -9999 -9999 -9999 -9999 -9999 -9999 -9999 -9999 -9999 3.193065149 3.32724120272 2.80540118799 2.13859524049 1.68476089615 1.4587686321 1.42462766935 1.28515414525 1.67129093817 2.007655508 1.77407676718 0.98137082246 0.609192372159 0.356127210828 0.115644837485 0.278563352329 0.779811355838 0.78370170474 0.352660770049 0.196400716656 0.439017793372 0.464047288498 0.519541534976 0.451028515873 0.413901013066 0.772468422784 0.765781904333 0.781587483195 0.780862677598 0.648067990451 0.506665188991 0.525460301937 0.296631777677 0.219203828817 0.121613599075 0.178920033942 0.285870484227 0.203822350662 0.295439687007 0.255849081315 0.396148365953 0.515745861079 0.470485710412
-9999 -9999 -9999 -9999 -9999 -9999 -9999 -9999 -9999 -9999 -9999 2.47225398523 2.18163854658 2.33253883416 2.32868393712 1.91654554924 1.13967565738 1.12160559753 1.8720445817 1.9087334039 1.78829891058 2.06831177365 0.927588006668 0.709169019285 0.80523363395 1.17624647586 0.451257576997 0.377616150683 0.26359333993 0.43697303085 0.443170674208 0.293983613669 0.0612535562734 0.106853840531 0.162341898645 0.535345752277 0.768776321413 0.784792436968 0.757012326472 0.690356792196 0.846025267319 0.590306843863 0.438104472867 0.482386233014 0.373704885655 0.30094894183 0.484614782321 0.64089643968 0.533552882015 0.24129380424 0.219883479496 0.204098231328 0.142008508564 0.454752693526
-9999 -9999 -9999 -9999 -9999 -9999 -9999 -9999 -9999 -9999 -9999 4.09677245936 3.21599920011 2.95812247827 2.05123498443 1.88452815399 1.03199789816 0.764550458748 0.977759916291 1.28742887142 1.45245439777 1.492297563 0.945231411421 0.538362783686 0.713263670914 0.914873293615 0.835530835935 0.815420595343 0.693099002659 0.351827965383 0.156385378126 0.279802494597 0.52453457117 0.627337867635 0.198078080131 0.0476084040372 0.0926631973088 0.0511445069461 0.473783117083 0.463098116513 0.536876054591 0.497398197919 0.517844578702 0.605127184416 0.777681532881 0.896354815098 0.389981969673 0.318019917221 0.313852358038 0.270791055522 0.157418106872 0.204658450553 0.224450869167 0.306844952323
-9999 -9999 -9999 -9999 -9999 -9999 -9999 -9999 -9999 -9999 -9999 -9999 2.53786277561 2.94313398684 2.52229756808 1.84832995806 1.40624550135 1.04621979192 0.755739769165 1.56577411068 1.50873259809 1.40738813116 1.2719428356 1.10988334233 0.974632453468 1.00044465135 0.853359045155 0.887753318736 0.801849584789 0.758781581997 0.729692011201 0.770649807448 0.428177931463 0.168297095218 0.258844624626 0.184860015612 0.122121541891 0.0594653922788 0.0630839320604 0.68244452085 0.75045360988 0.473534033513 0.682799166333 0.828608035877 0.859047304254 0.912264143582 0.431595843891 0.326304047175 0.204429886794 0.255882017785 0.151874179958 0.102031884079 0.0761012514953 0.0777444757371
-9999 -9999 -9999 -9999 -9999 -9999 -9999 -9999 -9999 -9999 -9999 3.29950813766 3.04327237396 3.1180670491 2.6622272359 2.36522462055 2.0970666106 1.57341258371 0.998654292189 1.46267616782 1.14221837445 1.11927293728 0.943187472426 0.971021615375 0.908931282191 0.891725274791 0.660953812918 0.707620598553 0.685779118998 0.6590746406 0.588776973186 0.615281454755 0.556821390342 0.549726104659 0.579312048034 0.0848891710689 0.0947121857538 0.0213625977999 0.0158198658848 0.32090335318 0.529992248986 0.312926786217 0.966433512955 0.99298811954 1.13625149464 1.10354366261 0.932745030051 0.498425206804 0.274797166363 0.25491113464 0.126189343525 0.0614487152959 0.0507453892775 0.0515362498188
-9999 -9999 -9999 -9999 -9999 -9999 -9999 -9999 -9999 -9999 -9999 3.50544002596 4.05901575939 3.65080074898 2.45754855457 1.70663894009 1.76830635439 1.56495909382 1.47585963257 1.46057340487 1.67751067515 2.00319235115 0.898301554464 1.04831447779 0.9641747517 0.925927732828 0.513273324361 1.00988521398 0.661954402767 0.999897814506 0.844621496954 0.630555855379 0.545616135943 0.550256370867 0.56169945439 0.0794066610669 0.0340570203772 0.0837554018563 0.0259088700071 0.111809593574 0.396065294159 0.296439874509 0.437858227969 0.596535827737 0.559354115464 0.513990210547 0.608311854764 0.6033723119 0.375972464928 0.305038216793 0.11453563493 0.130610878799 0.101272415295 0.0896197282857
-9999 -9999 -9999 -9999 -9999 -9999 -9999 -9999 -9999 -9999 -9999 4.48568781631 4.25201396006 3.29076999966 2.92849013759 2.77817097335 1.36756312843 1.40690123473 1.32634123802 1.82756812332 0.850045905182 0.863917881255 1.02738054659 0.924736456663 0.503147425877 0.500178879952 0.566466394525 0.448530113774 0.424848812481 0.440265518213 0.445944842398 0.803676845899 0.78638305946 0.720945645526 0.543482636953 0.0430952947913 0.0124730029246 0.00481245147955 0.0216460207127 0.0426275988795 0.44772021262 0.64456424442 0.378808523857 0.234554303539 0.241422930958 0.242818271844 0.389502378079 0.406895340732 0.462238945247 0.481735850981 0.150224460183 0.0424204951423 0.0320231603658 0.0582889297806
-9999 -9999 -9999 -9999 -9999 -9999 -9999 -9999 -9999 -9999 -9999 -9999 4.44164895814 4.10871995531 3.07500298057 2.28285081727 1.43711955422 1.69458567796 1.39948809496 1.59113482542 1.13827801267 1.75564668114 0.654101398936 0.467708445298 0.429823739788 0.415376317235 0.285861128074 0.319352782184 0.258640590036 0.203582898825 0.149956394733 0.282547104461 0.477361125974 0.517191610498 0.493905262409 0.0327996361026 0.0186702998063 0.00827892982234 0.0334763360123 0.0775368873364 0.499395593675 0.531924776169 0.453895686922 0.27373567413 0.267975615945 0.250237284664 0.298460452468 0.371770663316 0.387339914667 0.520665798699 0.441671456241 0.124384204212 0.0982544235083 0.155765495499
