data/recharge/transience/oldversion/mHM_recahrge_231.ASC
ncols   80
nrows    72
xllcorner    4374000.0
yllcorner    5656000.0
cellsize      500
NODATA_value  -9999
[rows 0 to 24 of 72, columns 0 to 56 of 80]
-9999 -9999 -9999 -9999 -9999 -9999 -9999 -9999 -9999 -9999 -9999 -9999 2.31397687068 2.33362228118 -9999 -9999 -9999 -9999 -9999 -9999 -9999 -9999 -9999 -9999 -9999 -9999 -9999 -9999 -9999 -9999 -9999 -9999 -9999 -9999 -9999 -9999 -9999 -9999 -9999 -9999 -9999 -9999 -9999 -9999 -9999 -9999 -9999 -9999 -9999 -9999 -9999 -9999 -9999 -9999 -9999 -9999 -9999
-9999 -9999 -9999 -9999 -9999 -9999 -9999 -9999 -9999 -9999 -9999 -9999 2.4449034203 2.0504924882 1.98260577038 -9999 2.0107364766 -9999 -9999 -9999 -9999 -9999 -9999 -9999 -9999 -9999 -9999 -9999 -9999 -9999 -9999 -9999 -9999 -9999 -9999 -9999 -9999 -9999 -9999 -9999 -9999 -9999 -9999 -9999 -9999 -9999 -9999 -9999 -9999 -9999 -9999 -9999 -9999 -9999 -9999 -9999 -9999
-9999 -9999 -9999 -9999 -9999 -9999 -9999 -9999 -9999 -9999 2.34052109397 1.911131281 2.26705805829 2.2832606449 1.82826513922 1.86943106755 1.92452346421 1.9613801236 -9999 -9999 -9999 -9999 -9999 -9999 -9999 -9999 -9999 -9999 -9999 -9999 -9999 -9999 -9999 -9999 -9999 -9999 -9999 -9999 -9999 -9999 -9999 -9999 -9999 -9999 -9999 -9999 -9999 -9999 -9999 -9999 -9999 -9999 -9999 -9999 -9999 -9999 -9999
-9999 -9999 -9999 -9999 -9999 -9999 -9999 -9999 -9999 1.91927746391 2.23616962176 2.31472733405 2.06690223838 2.08972649521 2.43784172944 2.23877500462 2.14957927586 2.21542970617 -9999 2.71244270183 -9999 -9999 -9999 -9999 2.10666566048 2.3397664769 -9999 -9999 -9999 -9999 -9999 -9999 -9999 -9999 -9999 -9999 -9999 -9999 -9999 -9999 -9999 -9999 -9999 -9999 -9999 -9999 -9999 -9999 -9999 -9999 -9999 -9999 -9999 -9999 -9999 -9999 -9999
-9999 -9999 -9999 -9999 -9999 -9999 -9999 -9999 2.04904339025 1.94002186738 1.89785717242 2.23012008956 2.38559924715 2.31781230044 2.42268653147 2.38092524801 2.24679343908 2.02598962215 2.20256918388 2.55567562318 2.53474356409 2.60303586585 -9999 2.15390037564 2.32024995998 2.41085587025 -9999 -9999 -9999 -9999 -9999 -9999 -9999 -9999 -9999 -9999 -9999 -9999 -9999 -9999 -9999 -9999 -9999 -9999 -9999 -9999 -9999 -9999 -9999 -9999 -9999 -9999 -9999 -9999 -9999 -9999 -9999
-9999 -9999 -9999 -9999 -9999 -9999 2.41287324113 2.00430074399 1.84210290862 1.87078442558 2.00126534342 2.3976704339 2.48836427326 2.43585704449 2.40940770208 2.48543955432 2.4256939439 2.31170176543 2.61200641018 2.53457467489 2.49906453373 2.56318574069 2.67646923072 2.26942712569 2.34499872704 2.31290882285 2.44837242394 -9999 -9999 -9999 -9999 -9999 -9999 -9999 -9999 -9999 -9999 -9999 -9999 -9999 -9999 -9999 -9999 -9999 -9999 -9999 -9999 -9999 -9999 -9999 -9999 -9999 -9999 -9999 -9999 -9999 -9999
-9999 -9999 -9999 -9999 -9999 -9999 2.42803082298 2.23793484465 1.84429836885 1.80764437185 1.89792471486 2.31200052151 2.38020534918 1.88761435949 2.10158470546 2.2873270244 2.7267613388 1.9518771067 2.77561480425 2.41276961999 2.45220443258 2.61723371265 2.5284429176 2.49210602277 2.22887698844 2.14720117733 2.42400114033 2.53390252023 2.70338514841 2.63963884108 2.80176869192 2.79216866108 -9999 -9999 -9999 -9999 -9999 -9999 -9999 -9999 -9999 -9999 -9999 -9999 -9999 -9999 -9999 -9999 -9999 -9999 -9999 -9999 -9999 -9999 -9999 -9999 -9999
-9999 -9999 -9999 -9999 -9999 2.4932029549 2.45372951629 2.42454231884 2.29921693133 2.12196778428 2.08394320886 2.08796287785 2.16235983587 2.06276186862 2.29913267974 2.50127926999 1.90903440586 0.861422837683 1.95225777113 2.47060314861 2.46051213426 2.42208771019 2.46497323862 2.49978712189 2.38055073645 2.48581501931 2.40621667249 2.29118211004 2.64821634566 2.62333610256 2.5388352061 2.60324782171 2.44380453642 2.40639493696 -9999 -9999 -9999 -9999 -9999 -9999 -9999 -9999 -9999 -9999 -9999 -9999 -9999 -9999 -9999 -9999 -9999 -9999 -9999 -9999 -9999 -9999 -9999
-9999 -9999 -9999 -9999 -9999 2.55378746564 2.52283928478 2.53099026207 2.49932967575 2.43179767285 2.51226902065 2.57054360114 1.59941125456 1.28183969783 2.75798029159 2.40546071124 1.68791816407 0.622554528619 1.52461005538 1.89120163873 2.72382911603 2.55315474219 2.6114392965 2.56962800321 2.49581458571 2.14815208911 2.22927057751 2.1266928939 2.38450598191 2.37532251919 2.2546631385 2.38203337941 2.41872149745 2.37611902296 2.23849791983 2.34576271671 -9999 -9999 -9999 -9999 2.45305454071 2.28429980998 -9999 -9999 -9999 -9999 -9999 -9999 -9999 -9999 -9999 -9999 -9999 -9999 -9999 -9999 -9999
-9999 -9999 -9999 -9999 -9999 2.48754057465 2.47430099947 2.34695239615 2.54153621964 2.60334730458 2.6461601505 2.59922018149 2.59693454751 2.59706037447 2.86135427436 2.23720993815 1.9980709038 2.53042215262 3.01707041329 2.9110825421 2.93724622666 2.45699324462 2.41047385617 2.36888490795 2.46042630498 2.30174084068 2.21194004166 2.08820976257 2.32961218984 2.10498853763 1.26345215834 1.75325617295 2.40018823277 2.06571631379 1.96335394391 2.37871666437 2.34916253697 -9999 -9999 2.37013903081 2.39309019692 2.36047089416 2.32566935831 -9999 -9999 -9999 -9999 -9999 -9999 -9999 -9999 -9999 -9999 -9999 -9999 -9999 -9999
-9999 -9999 -9999 -9999 -9999 -9999 2.68711543163 2.51052986217 2.66964232109 2.62796820926 2.60754996642 2.68965476604 3.02406936039 3.63778710559 2.4099595762 2.34814471968 2.26255131274 2.21528374027 2.35412904129 2.54764630853 2.55526985998 2.59334989117 2.49378174762 2.58864502633 2.46177990552 2.37233286812 1.96753137376 2.08238063471 2.08490180037 2.27617517942 2.01184403013 2.30948816507 1.97605126246 2.19682482499 2.22623489785 2.29774838059 2.13477218949 2.12054537724 2.32567332573 2.29581917184 2.25974805111 2.41778026599 2.04113543472 1.95150540129 -9999 -9999 -9999 -9999 2.13588611727 2.04173431113 0.439280267213 -9999 -9999 -9999 -9999 -9999 -9999
-9999 -9999 -9999 -9999 -9999 -9999 -9999 2.40048646943 2.58844275179 2.70728176688 2.80323853513 2.70546393141 2.36734762187 1.971121751 1.79193061213 2.11330965181 2.58063458194 2.84848937183 2.85706990292 2.6720473007 2.48493667543 2.48457586355 2.43843120977 2.46256877176 2.38578286408 2.28224546043 2.14452228692 2.12934258003 2.31394959471 2.18702580632 2.04376805171 2.05496651095 2.0502859626 2.10938580293 2.32117833678 2.31865414592 2.37378747475 2.29740597665 2.31087972367 2.30418098221 1.99954000374 1.98818143559 1.92762549147 1.8272636655 1.65380237635 1.73556966465 1.81444765888 1.67984676046 1.61192788289 1.82505025288 1.62021389451 1.23733395338 -9999 -9999 -9999 -9999 -9999
-9999 -9999 -9999 -9999 -9999 -9999 -9999 -9999 2.59497977386 2.50039901369 2.69899245589 2.79531173763 2.59103696427 2.6552883362 3.02810531896 2.87063659816 2.64353715892 2.65539899793 2.51971290255 2.61494255168 2.86521233513 2.8191942414 3.14873027612 3.02019058428 2.8804176495 2.95428308387 2.57683266462 2.21534873911 1.91823475888 1.75649814447 2.03876248067 1.89304631645 1.90290092807 1.92003803988 2.0002751115 2.28052599525 2.22503751714 2.2525125055 2.18849243553 2.22652579971 2.14114865426 1.98477579061 1.61585966549 1.54087503701 1.47287317939 1.40097574167 1.47865124048 1.38940554829 1.30186706182 1.56571009793 1.57058611317 1.59545584983 1.4373991965 -9999 -9999 -9999 -9999
-9999 -9999 -9999 -9999 -9999 -9999 -9999 -9999 2.72150219458 2.60356011464 2.62863570296 2.63722503969 2.69878188169 2.69290572222 2.66546012589 2.63765133613 2.35584728755 2.44510081574 2.61808397074 2.69095663559 2.69283953429 2.79497973004 3.55167898099 3.79169121573 3.06372917118 2.69764287946 3.10197725838 2.74221508786 1.96766145 1.86572679535 1.75968583868 1.83697921932 1.79391646425 1.86833127442 2.15561899971 0.815241992189 2.28737151699 2.22047847372 2.18159903347 2.16703208794 2.11927089197 1.94390311036 1.56248869143 1.5526452444 1.40743965621 1.39786502851 1.46874894517 1.40723913144 1.3870092044 1.66235107218 1.59028464331 1.59427087309 1.61752146131 1.81611359114 1.60655811591 1.65607302847 -9999
-9999 -9999 -9999 -9999 -9999 -9999 -9999 -9999 -9999 2.85161502154 2.79694711494 2.60943388339 2.70667224175 2.34768779675 2.18888165923 2.1563126373 2.25737310328 2.34103466634 2.43384946762 2.45102255128 2.69701114128 2.46702724284 2.86811957088 4.84738517942 3.45710389645 3.33078703457 2.67886150213 2.58153365219 2.167963025 2.11985711715 2.02939631207 1.93493925998 1.9134219066 1.73714184532 1.73642542905 1.56198081534 2.14997050099 2.10203544303 2.03976366445 2.04539212719 1.9859881962 1.90116898299 1.32221579558 1.54520987871 1.3621754286 1.1920447309 1.07732465417 1.09948405807 1.36616128606 1.38721864491 1.36518836635 1.34231278924 1.41283647533 1.59020638882 1.60837169635 1.30490754913 1.06005733722
-9999 -9999 -9999 -9999 -9999 -9999 -9999 -9999 -9999 -9999 2.48954945241 2.53090821665 2.69784677239 2.44331742031 2.11591618798 2.01529600237 2.31028149288 2.45925355987 2.43723991739 2.34226490675 2.30909713924 2.30720177107 2.11865741034 2.94759829471 3.00778993812 3.4882510758 3.20512203475 2.67241496639 2.19936860727 2.53223013218 2.01486391359 2.01560290109 2.06173373327 1.80303232719 2.17130009078 2.07195198268 2.12497502904 2.1013666736 2.04732335593 2.0525357046 2.02384317964 1.88326719108 1.41542347816 1.3432468625 1.77820394196 1.58001650314 1.48288388232 1.24587868396 1.36019751321 1.37286526476 1.47305271962 1.43891429134 1.31483812534 1.50629007763 1.4932498128 1.25744689408 1.05125507798
-9999 -9999 -9999 -9999 -9999 -9999 -9999 -9999 -9999 -9999 -9999 1.13050631397 1.38882812487 2.37490578051 2.1781979843 2.12328628349 2.41998755654 2.41023636827 2.35470628909 2.60323170889 2.70977245239 2.67409606209 2.27323705056 2.05794819357 2.41728463513 2.19487636445 2.6662839512 3.52695858595 3.3625159929 2.2632273734 2.10561263681 1.71892113146 1.46399875127 1.54835370353 1.77464110867 1.71996237833 1.97976966739 1.97254473957 1.98484755626 1.98773588254 1.73212320902 1.51074629379 1.52262138688 1.53258474189 1.43066213326 1.17531740103 1.25922374433 1.48689691066 1.13443635305 1.29164860297 1.36120676026 1.58366651128 1.58140566119 1.45719535684 1.31634695438 1.32475357283 1.06030457021
-9999 -9999 -9999 -9999 -9999 -9999 -9999 -9999 -9999 -9999 -9999 1.00484880917 1.50421435619 2.31565774015 2.32202161073 2.35180373223 2.2745671435 2.22938720508 2.54814127614 2.55750845044 2.56698489799 2.68132448976 2.14828184252 2.14794044092 2.07281790781 2.41756780819 2.63211311088 2.89304515194 2.3532669549 2.55691454637 2.51277706709 2.2138078017 1.3645557486 1.69810289117 2.08794158017 2.08140328027 1.97165733767 1.99294583736 1.95742460308 1.93140178004 1.68411158085 1.55649757772 1.38210834868 1.46317989525 1.66056547608 1.60643127268 1.78466123736 1.90800175993 1.76325929526 1.42818864111 1.32709211809 1.29441564629 1.09552481068 1.52841727461 1.47694759391 1.40714055456 1.35820545061
-9999 -9999 -9999 -9999 -9999 -9999 -9999 -9999 -9999 -9999 -9999 2.8212805789 2.61409085939 2.55439578564 2.43034033143 2.26662023076 2.17648722377 2.01747698158 2.00664320867 2.22761801045 2.3908382776 2.4110138862 2.20078693461 2.0150387649 1.99729313692 2.11185193673 2.07498344836 2.05455090993 1.8514257904 2.12401113931 2.06198449561 2.49317266693 2.81002137435 3.28901098397 2.26851488909 1.38953571752 1.75423085017 1.4284199276 1.93289685439 1.21209259323 0.957126990558 1.57835611014 1.44114916547 1.51937424516 1.77760358394 2.20732723948 1.69539189605 1.59418572783 1.52581660724 1.48306284872 1.16657663262 1.26724501865 1.29568702671 1.45894615545 1.56895154472 1.15353777204 1.09227622239
-9999 -9999 -9999 -9999 -9999 -9999 -9999 -9999 -9999 -9999 -9999 -9999 2.53773304087 2.62452075077 2.57775240181 2.23187321091 2.17496428006 2.14981065215 2.07619422644 2.37940986556 2.42464556593 2.36860522381 2.34424629872 2.33236807327 2.1548052961 2.17774131428 2.09416668168 2.12307110251 2.06576896607 2.02521658196 2.00343307847 2.03966927288 2.19687936944 2.27148234653 2.51790902793 1.63343470244 2.12266154841 1.502760824 1.54308073913 1.88983384093 1.94587559757 1.44000977843 1.57696386902 1.68207619112 1.66846488677 1.80409647943 1.75481735769 1.60607257754 1.33112281847 1.43345810047 1.1846111777 0.996518443732 0.88633746851 0.893255837686 0.804619221377 0.926088262214 0.541720213163
-9999 -9999 -9999 -9999 -9999 -9999 -9999 -9999 -9999 -9999 -9999 2.70733706205 2.71913919295 2.54925368181 2.35194163496 1.1872893091 1.91145262685 2.16618453784 2.07134873816 2.31546495119 2.19707508807 2.18227393337 2.106177839 2.13127453687 2.12263194714 2.1092481388 2.08730864816 1.98794373638 2.00169013278 1.96828739772 1.88117713196 1.91172131961 1.83156647993 1.81980518929 1.84511880987 1.87828426643 1.7549908165 1.01375011792 0.897972964982 1.61426894505 1.65279171923 1.25690561556 2.17243000983 2.04457560195 1.918255774 1.87487819297 2.04247935738 1.73664061138 1.38848827741 1.33310944683 1.08997188732 0.786735972576 0.695013611357 0.699178723849 0.640077387041 0.694392550333 0.934169922629
-9999 -9999 -9999 -9999 -9999 -9999 -9999 -9999 -9999 -9999 -9999 2.75763347703 2.94199961096 2.68293267545 2.52175387961 1.54616961054 2.07963251826 2.17471413453 2.32551396749 2.40571983107 1.88380863863 1.96269816133 2.23362754371 2.18186801366 2.16405301047 2.17925343355 1.1703698614 1.33531375656 1.92588090977 2.27164812998 2.1389333236 1.92901558078 1.81443768967 1.82024306668 1.82280246388 1.69398319869 1.21423827651 1.64853252347 1.03848118183 1.60886556203 1.38295094206 1.26941285563 1.48682942691 1.7562761056 1.59177183473 1.52225967595 1.49592912782 1.51652185286 1.30300319252 1.2764545013 1.02404410777 1.05263703018 0.934399825712 0.882634519863 0.816441814406 0.764530038595 0.635261213022
-9999 -9999 -9999 -9999 -9999 -9999 -9999 -9999 -9999 -9999 -9999 3.02035487487 3.04019190884 2.64889206209 2.55716853393 2.49619925012 2.11134305165 2.25001320668 2.18354081998 2.51046922151 1.67360058746 0.69684720868 1.76095176501 2.3950859867 2.03704254907 2.04020386433 2.19403801471 2.18027708099 2.01815035227 1.95208542077 1.9164694731 2.1628842674 2.1206367083 2.05875528594 1.82877121031 1.3030213621 0.761329063473 0.457998372994 0.992609942915 1.12941636097 1.48343972592 1.9561167194 1.51190859215 1.29709515057 1.29344144354 1.30075523579 1.29571788391 1.30657865817 1.47900566045 1.53304333329 1.17680264367 0.852330791611 0.74514963668 0.721410030974 0.710308268982 0.707415759025 0.825091818161
-9999 -9999 -9999 -9999 -9999 -9999 -9999 -9999 -9999 -9999 -9999 -9999 3.08405360967 3.00682201157 2.82479432541 2.46001518287 2.24961197913 2.40405749336 2.25758265422 2.27197485708 2.27861215513 2.59728703873 2.22117606326 1.98104766945 1.96314576141 1.94518886842 1.780006575 1.83354308882 1.73930322957 1.62431882005 1.450076987 1.77239818899 1.76437005589 1.82437699943 1.75922032467 1.28406034199 0.966323505657 0.602380260006 1.22434108615 1.45627823506 1.644332795 1.74876516114 1.63683034689 1.38485161217 1.345768973 1.31789267747 1.23619311302 1.26134881012 1.32469784167 1.61883489713 1.44818682229 0.745944482258 0.808487457822 1.09974572035 0.792687735614 0.826983145725 0.774905637976
-9999 -9999 -9999 -9999 -9999 -9999 -9999 -9999 -9999 -9999 -9999 -9999 3.30110270354 3.0911410788 2.69756964873 2.52932892832 2.26454273859 2.38196306024 2.38553113718 2.32193858867 2.46360621073 2.42453490836 2.36775052798 2.36977843294 2.16469601927 2.26357451282 2.36146049138 2.20636096254 1.94737045319 2.18778847277 1.90030119882 1.97791414623 2.23514593085 2.21360408235 1.98786744331 1.34066932689 0.974736370004 1.43685877866 1.80523462595 1.63496214476 1.80415909447 1.69182601727 1.58406856978 1.58136450778 1.60982993234 1.48105734507 1.16142937601 1.03849394281 1.01394198649 1.42202600987 1.32488604419 1.09091983267 1.096906711 0.575577160624 0.433045723764 0.540679965473 0.4271860046
