data/recharge/transience/oldversion/mHM_recahrge_154.ASC
ncols   80
nrows    72
xllcorner    4374000.0
yllcorner    5656000.0
cellsize      500
NODATA_value  -9999
[rows 0 to 24 of 72, columns 0 to 56 of 80]
-9999 -9999 -9999 -9999 -9999 -9999 -9999 -9999 -9999 -9999 -9999 -9999 10.3803798335 10.9724814621 -9999 -9999 -9999 -9999 -9999 -9999 -9999 -9999 -9999 -9999 -9999 -9999 -9999 -9999 -9999 -9999 -9999 -9999 -9999 -9999 -9999 -9999 -9999 -9999 -9999 -9999 -9999 -9999 -9999 -9999 -9999 -9999 -9999 -9999 -9999 -9999 -9999 -9999 -9999 -9999 -9999 -9999 -9999
-9999 -9999 -9999 -9999 -9999 -9999 -9999 -9999 -9999 -9999 -9999 -9999 9.53394921125 8.26403346428 7.93539388077 -9999 8.45315936034 -9999 -9999 -9999 -9999 -9999 -9999 -9999 -9999 -9999 -9999 -9999 -9999 -9999 -9999 -9999 -9999 -9999 -9999 -9999 -9999 -9999 -9999 -9999 -9999 -9999 -9999 -9999 -9999 -9999 -9999 -9999 -9999 -9999 -9999 -9999 -9999 -9999 -9999 -9999 -9999
-9999 -9999 -9999 -9999 -9999 -9999 -9999 -9999 -9999 -9999 9.62504597131 8.18663662715 9.10847892068 9.35995949954 6.93949418059 6.13319034365 5.94127203345 5.91630742216 -9999 -9999 -9999 -9999 -9999 -9999 -9999 -9999 -9999 -9999 -9999 -9999 -9999 -9999 -9999 -9999 -9999 -9999 -9999 -9999 -9999 -9999 -9999 -9999 -9999 -9999 -9999 -9999 -9999 -9999 -9999 -9999 -9999 -9999 -9999 -9999 -9999 -9999 -9999
-9999 -9999 -9999 -9999 -9999 -9999 -9999 -9999 -9999 8.42910191638 8.7845898387 9.51022533525 7.90991692693 8.26707359775 8.61239830753 7.21720056825 6.58828373545 8.67200218946 -9999 9.00062121224 -9999 -9999 -9999 -9999 5.68379704639 6.4659165642 -9999 -9999 -9999 -9999 -9999 -9999 -9999 -9999 -9999 -9999 -9999 -9999 -9999 -9999 -9999 -9999 -9999 -9999 -9999 -9999 -9999 -9999 -9999 -9999 -9999 -9999 -9999 -9999 -9999 -9999 -9999
-9999 -9999 -9999 -9999 -9999 -9999 -9999 -9999 10.974840253 9.66685962651 8.07303234894 8.43460377158 9.49959031202 8.91487400951 8.6948762056 8.32792829395 6.26756011176 6.179646711 5.83635779601 8.02665881064 7.79372948256 8.19569516834 -9999 6.12118963639 6.78916750313 6.93209757302 -9999 -9999 -9999 -9999 -9999 -9999 -9999 -9999 -9999 -9999 -9999 -9999 -9999 -9999 -9999 -9999 -9999 -9999 -9999 -9999 -9999 -9999 -9999 -9999 -9999 -9999 -9999 -9999 -9999 -9999 -9999
-9999 -9999 -9999 -9999 -9999 -9999 11.3976887989 8.97818862872 8.40669518218 8.78640550481 9.11420509602 9.87889667594 10.3523514853 9.89534743238 8.56779898496 9.14155771148 6.77929102915 6.3694772619 7.74289596033 7.9470933551 7.59678624809 7.99396206557 6.7047038457 6.23372892173 6.22297663023 5.9697971198 6.43955426206 -9999 -9999 -9999 -9999 -9999 -9999 -9999 -9999 -9999 -9999 -9999 -9999 -9999 -9999 -9999 -9999 -9999 -9999 -9999 -9999 -9999 -9999 -9999 -9999 -9999 -9999 -9999 -9999 -9999 -9999
-9999 -9999 -9999 -9999 -9999 -9999 11.9854598114 10.240586468 7.97579277104 7.69635158705 7.24964169934 8.7330309581 9.05919389727 7.44428634986 6.97795363734 7.26293964476 6.82697439784 7.16324666966 6.81446145903 6.57631628318 6.85022386218 7.77971101342 7.37688712449 6.38057576208 5.95691985032 5.56522774942 6.6111057303 7.18375553823 8.15231712542 7.73500474312 9.09948997536 9.0015758667 -9999 -9999 -9999 -9999 -9999 -9999 -9999 -9999 -9999 -9999 -9999 -9999 -9999 -9999 -9999 -9999 -9999 -9999 -9999 -9999 -9999 -9999 -9999 -9999 -9999
-9999 -9999 -9999 -9999 -9999 13.421448817 12.3819114618 12.3657816219 10.1943845561 10.3749023712 9.4933083 8.7303151708 7.7954470106 8.14670683809 7.78338082918 8.59991944824 7.8291356883 5.44023106209 6.96981542886 6.61643961876 6.88150451273 6.65925888909 7.02565351378 7.23359535813 6.24570341451 6.48400405703 6.24848052443 6.36913799885 7.85375588274 7.68495042257 7.4444800758 7.80766563904 7.08583504817 6.83661160983 -9999 -9999 -9999 -9999 -9999 -9999 -9999 -9999 -9999 -9999 -9999 -9999 -9999 -9999 -9999 -9999 -9999 -9999 -9999 -9999 -9999 -9999 -9999
-9999 -9999 -9999 -9999 -9999 13.5806778156 12.2590295579 12.3232636869 11.5242697308 10.8490701228 10.2300826212 10.7528900952 10.3114004219 9.537436121 10.3031735144 9.76756655025 7.51346068675 5.09153860454 7.77351910743 7.1508731118 6.47878477702 6.82517734446 7.72656609024 7.45481086591 7.07510888691 5.69592853366 5.81884307234 5.37632001215 6.10061759643 6.49587523731 6.28539671094 6.35121260271 6.75483016325 6.47585075951 5.74035167086 6.31454842884 -9999 -9999 -9999 -9999 5.99928345288 5.93294933923 -9999 -9999 -9999 -9999 -9999 -9999 -9999 -9999 -9999 -9999 -9999 -9999 -9999 -9999 -9999
-9999 -9999 -9999 -9999 -9999 12.8494647066 11.685470861 10.7000249293 11.958924924 12.5087921646 11.3723700476 10.9596037837 10.5643896634 11.8386921238 11.0131968232 8.57240752473 7.09224427134 8.54936459455 8.21395649644 8.96830899601 7.34872441645 6.69025339816 6.55480773762 6.3161698051 6.96376954089 5.78076772222 5.57938674299 4.92013413488 5.97558761147 6.5115792174 6.54089563505 6.75473613204 6.67228420121 5.52972764349 5.06466159923 6.55922651393 6.35756104444 -9999 -9999 6.36413126275 6.57041664203 6.34837856876 5.96762288778 -9999 -9999 -9999 -9999 -9999 -9999 -9999 -9999 -9999 -9999 -9999 -9999 -9999 -9999
-9999 -9999 -9999 -9999 -9999 -9999 13.5414813097 12.8252029977 12.0244586947 11.588866919 10.78208115 11.5542295338 11.3989782546 11.013514541 8.56374904059 7.99784385914 7.71154619488 7.47295534856 6.73165952026 7.36937669796 7.33953579147 7.61770121204 7.11478228501 7.5992345452 6.93757789433 6.31553000872 4.47498536003 4.71449316192 5.12681509599 6.02772188921 5.99491112898 6.32326020825 5.03230029882 5.0239114219 4.69492158859 5.94478290693 5.02301473871 4.20709076342 5.98911686018 5.8311335225 5.62507474331 6.52598764281 4.41331313587 3.5700955248 -9999 -9999 -9999 -9999 4.89341341145 4.35617848582 3.05752240603 -9999 -9999 -9999 -9999 -9999 -9999
-9999 -9999 -9999 -9999 -9999 -9999 -9999 11.6661269972 11.2456528604 12.3721287637 12.5111603021 11.6237727199 8.77204586302 7.57587019202 7.97892355837 9.54142610234 9.22585733574 9.95756753786 9.3819253739 8.2156746192 6.96125660755 6.99948692236 6.78868023703 6.85131771967 6.45790950569 5.91666409797 4.54953750467 5.31173874929 6.05432550907 5.42845327121 5.28846707933 5.25018616509 5.16030695097 5.18192524506 6.08024628962 6.03831991976 4.88658665145 4.9018844772 5.87641066532 5.8630081215 4.47243039377 4.16462818971 3.40134801696 3.65782285126 3.2597682771 3.76412676413 3.88626710668 3.2732623411 3.15133228817 3.18675094581 3.64216536813 3.72038100831 -9999 -9999 -9999 -9999 -9999
-9999 -9999 -9999 -9999 -9999 -9999 -9999 -9999 11.2644099807 10.9723447559 11.5073408311 12.4089291533 10.0942662047 10.7549641609 11.6037247799 11.0660151386 8.99042892532 9.02972714279 7.62617757384 8.32649545926 9.68527146285 9.38705482816 6.23243014967 7.12628414966 7.18855507009 6.6997723847 4.39408899985 5.6883022626 4.44699271222 3.84276421811 4.06618054477 4.18503408914 4.25669250049 3.9920112628 4.52806838432 5.26747258533 5.49927044415 5.7360398849 5.07207518479 4.9431997959 3.7046754775 3.25621753064 3.25539669638 2.94772417784 2.81256499869 2.54670619652 2.73349732705 2.39635910953 2.30800590537 2.43001056067 2.57859511864 2.85041754477 2.62918734438 -9999 -9999 -9999 -9999
-9999 -9999 -9999 -9999 -9999 -9999 -9999 -9999 13.2142119337 12.0390088898 10.8541298935 10.9147973386 10.209512625 10.1508245669 9.83690628513 9.66297732603 7.95198029383 8.41376363612 8.33548901323 8.84630273347 8.62517002841 9.2253609061 7.88320603936 9.36803647918 7.68582949824 6.76024017024 7.05234156281 5.25331084243 4.42568068957 3.5696656513 3.79169228215 4.04286196204 3.7991991355 3.90538846755 5.2298481204 4.43712686542 5.93030425329 5.5586686774 5.06036731585 4.97788390843 4.75042575651 3.20350922763 3.00677363757 2.997508832 2.556632901 2.52530331023 2.69533410072 2.46465124958 2.36101892768 2.79502945498 2.68267041991 2.69865313216 2.89338082923 3.8203265774 3.33903030354 3.54889431599 -9999
-9999 -9999 -9999 -9999 -9999 -9999 -9999 -9999 -9999 14.1534883179 12.3983763092 10.5800824293 10.3423863355 9.35103093555 9.37827735892 9.43275818636 9.9495738824 10.4155714604 10.4147043756 10.532846148 9.83272692346 8.4574202068 7.42336656528 12.0576668935 9.30190106574 8.52066832991 6.56929155679 6.07643737936 2.61131223417 4.78010829643 3.99526013236 3.92291887159 3.60893405392 3.07799394561 3.79875563246 5.06614877552 5.03482533965 4.78177869228 4.39735979957 4.44154185586 4.13232396019 3.39909700393 2.08913573843 2.98308851297 2.22914719755 1.92536505617 1.69538748513 1.66369064764 1.81443251414 1.87225877206 1.93926446344 1.85875289527 2.30994854117 3.11308337657 3.29235870814 2.32927583079 1.98642519243
-9999 -9999 -9999 -9999 -9999 -9999 -9999 -9999 -9999 -9999 10.2638427628 10.2603483632 10.0751565207 9.22812744482 8.79859705812 8.19423712258 8.78501475333 10.6016596469 9.25672347979 7.90114534548 7.29228464036 6.93054525977 6.11164485424 6.14485435164 7.43915517423 8.64771187686 7.43529788683 6.55609994116 5.51792336892 3.43902538692 4.65395093419 4.67555557265 4.88311837666 3.57683279098 4.94274528223 4.78154588668 4.92104132777 4.78531692025 4.43055444787 4.45536442094 4.32334019268 3.67274050204 2.53487201385 2.57308868461 3.33769173114 3.3473456904 2.56739113501 1.83364286862 2.07267464574 2.06650840459 2.27671875882 2.17538854921 2.01957124941 2.57921921246 2.87237665337 2.30840518819 1.958328144
-9999 -9999 -9999 -9999 -9999 -9999 -9999 -9999 -9999 -9999 -9999 8.57045696734 8.25645262875 8.63884483874 8.76243577941 8.33313497176 8.22173654376 8.10715606122 6.67016881007 7.7188283468 8.67287788981 7.94028535277 5.74611326737 4.83623668573 3.78681523247 3.93296349706 5.80503546709 8.02395011707 8.4804110734 5.99237185884 4.26928690221 3.3431618887 3.34206132512 3.4467689135 3.63834995558 3.19560951909 4.15730533582 4.12907727184 4.07079383361 4.0689962208 3.34606437252 2.90234354764 2.83413420703 2.26475614746 2.35286874214 1.72564582702 2.14214925665 2.5786512026 1.91865299523 1.93695950815 1.75019480594 2.18247166968 2.67062585139 2.56095845325 2.27592701851 2.26802144767 1.68119859124
-9999 -9999 -9999 -9999 -9999 -9999 -9999 -9999 -9999 -9999 -9999 7.75245242712 8.96358701642 7.98013075676 9.06861084822 8.55018482053 7.04886607259 6.80571920461 8.42280082741 8.4974899333 8.20786013023 9.00292772217 6.1073796882 5.39208538251 5.47931191838 5.95687454959 4.1239663657 5.46509335518 5.45094111206 6.62487855728 6.60778315089 5.6209060149 2.72808826334 3.41103868522 2.28885750359 3.45239911338 4.14041524466 4.2090099655 3.96864253297 3.92027652722 3.64301716919 3.32150738375 2.53948154409 2.6694561561 2.44966956576 2.72403921017 3.59575841437 4.2638558273 3.91483835838 2.47067232876 2.77429842972 2.65272808028 1.8857525767 2.78956789215 2.78995514597 2.49992989452 2.34303754769
-9999 -9999 -9999 -9999 -9999 -9999 -9999 -9999 -9999 -9999 -9999 12.3245346121 10.1260437488 9.62507281519 8.93255249751 8.07909142764 6.68248019693 5.93810664248 6.32752912204 6.72506054945 7.33135723053 7.46698713809 5.30999941545 4.55041048709 4.66399940387 5.37224073032 5.06360732494 4.97002328443 4.35822549418 3.37350279845 3.221696127 5.47649673257 6.42799294922 7.67803809145 5.2752220222 3.64435814212 4.30960328224 2.90405434958 3.00681238297 3.23789746608 3.48449015963 2.97619863749 2.90254227563 3.26026654665 3.57121991051 4.4772841221 3.27621695244 2.93060559101 2.91751303489 2.5596931684 2.12534988546 2.4642383998 2.70933807489 3.1605574415 2.84860031711 2.67769312115 1.92229813424
-9999 -9999 -9999 -9999 -9999 -9999 -9999 -9999 -9999 -9999 -9999 -9999 9.16552925621 10.0522933437 10.1050117904 8.35549717234 6.9616764885 6.28472203259 5.812372051 7.62731519753 7.52496478058 7.1756256212 6.68280668509 6.04475396936 5.6276633992 5.73679840557 5.14623004083 5.30096274006 4.89040453399 4.69108122802 4.47212688107 4.66007262409 3.40901533251 3.08615344154 5.5359766699 3.34520206023 4.7876543497 3.8465836772 2.47632411608 3.65464702087 3.78082403364 2.83489854514 3.54168951026 4.03628846886 4.03162197543 4.06660076265 2.9438471108 2.97216075585 2.28991559031 2.57051402783 1.93486373893 1.59304146137 1.35000468228 1.38959692398 1.41175869967 2.10029379783 1.34122663405
-9999 -9999 -9999 -9999 -9999 -9999 -9999 -9999 -9999 -9999 -9999 11.1478473212 10.5740394408 10.1226584921 10.4696457821 8.93631180747 8.73217255796 7.430409528 5.94142766343 7.4821440634 6.35430786165 6.26346037851 5.61821156329 5.74080673341 5.54877994626 5.4720552179 4.76789250659 4.66971739541 4.57026109873 4.43498227926 3.92629760193 4.06262732465 3.60836095239 3.57089346156 3.5781633574 4.03760585784 4.11639748034 2.69116239838 2.22707105211 2.36797287425 2.86141480805 2.23515663681 4.5834479351 4.4786141779 4.98547518289 4.92782352188 4.17112010324 3.41965957407 2.57657284119 2.59404076267 1.82303485252 1.07917827653 0.949654633063 0.961152443525 0.8931940643 1.0355055141 1.77534305845
-9999 -9999 -9999 -9999 -9999 -9999 -9999 -9999 -9999 -9999 -9999 11.5602495393 12.4804368094 11.0716426969 9.85457151519 9.55968874981 8.32442305179 8.03932350828 7.47519083468 7.54281473186 7.29725059202 6.524277978 5.854847339 6.06345431638 5.78905036379 5.72534733292 5.0934508794 5.305624139 5.01935097571 5.9794930312 5.14081291947 4.14001615657 3.54943490486 3.57359571268 3.49110315478 2.09777534591 3.02474990032 3.72756640908 2.3905220405 1.94713924017 2.4044690197 2.11533783964 2.91471239068 3.43509154032 3.28833772032 3.06033955559 3.25264111031 3.32049032209 2.65214959776 2.54941947699 1.65894828432 1.8224113077 1.55253406825 1.44654695266 1.35977575337 1.21638457602 0.910711214107
-9999 -9999 -9999 -9999 -9999 -9999 -9999 -9999 -9999 -9999 -9999 13.6597043216 13.0882288787 10.6824979022 10.0853307551 9.83059542376 8.19988608753 8.51781344007 7.87908606525 8.86894649965 6.60050665071 5.08528001526 8.52062791648 6.49084787257 4.98667321974 4.97644058165 5.14492035806 4.8628083584 3.99605070923 3.83057782794 3.67409294388 5.13578436209 4.85336770771 4.5549161863 3.5075589282 1.92240730811 2.55087779761 1.68496389138 2.51477685 1.37534679961 2.7246158658 3.38410092907 2.24659224022 1.84453287304 1.90344672422 1.88135350573 2.37989015663 2.42619762491 2.3770671489 2.37042191455 1.41079629407 1.0953383925 0.933548905759 0.901670312182 0.923235897808 0.998188486229 1.29551682581
-9999 -9999 -9999 -9999 -9999 -9999 -9999 -9999 -9999 -9999 -9999 -9999 13.3952813107 12.8503459239 10.8937247007 9.47632202665 8.98483106005 8.98639008431 7.53897098323 8.1820387523 7.31886100028 8.76201306863 5.4333682258 4.7458896598 4.61507610416 4.53604025187 3.75552073575 3.98629614449 3.54424679673 3.09573201191 2.50909203219 2.99270782777 3.30406680345 3.52861514109 3.24775379877 3.3111804828 2.93550247704 1.99527509421 3.04350592293 2.2348514752 2.79527132229 2.98727299325 2.62114750965 1.82055751282 1.83546816847 1.83883660827 2.05496903989 2.25036164225 2.10533731196 2.66637753818 2.26102683091 1.69852311967 1.60666099925 1.65394210414 1.31991283402 1.29236071294 1.18075924253
-9999 -9999 -9999 -9999 -9999 -9999 -9999 -9999 -9999 -9999 -9999 -9999 13.728574528 12.0933660112 10.1616163961 9.12063425498 7.11527495249 7.93477595051 8.16600486327 7.98350730853 7.77284049913 7.81947937015 6.08253246723 6.7906943573 5.20604523215 5.81028289041 5.89135657059 5.43532637926 4.32080488701 5.4231451127 4.17571374794 4.40903144445 4.9629460158 5.14552244992 2.88227292041 3.67821068945 2.81054766718 3.77977837025 4.0107772725 3.06712674814 3.07669668649 2.75913100129 2.41752159759 2.37672104581 2.23644345847 1.86953308834 1.64855547913 1.64898665125 1.52237868123 2.11210390733 1.94829052941 1.65303518809 1.42315056894 0.983029295701 0.950965538135 1.25373027041 0.750941544734
