data/recharge/transience/oldversion/mHM_recahrge_102.ASC
ncols   80
nrows    72
xllcorner    4374000.0
yllcorner    5656000.0
cellsize      500
NODATA_value  -9999
[rows 0 to 24 of 72, columns 0 to 56 of 80]
-9999 -9999 -9999 -9999 -9999 -9999 -9999 -9999 -9999 -9999 -9999 -9999 0.682099622018 0.688158060519 -9999 -9999 -9999 -9999 -9999 -9999 -9999 -9999 -9999 -9999 -9999 -9999 -9999 -9999 -9999 -9999 -9999 -9999 -9999 -9999 -9999 -9999 -9999 -9999 -9999 -9999 -9999 -9999 -9999 -9999 -9999 -9999 -9999 -9999 -9999 -9999 -9999 -9999 -9999 -9999 -9999 -9999 -9999
-9999 -9999 -9999 -9999 -9999 -9999 -9999 -9999 -9999 -9999 -9999 -9999 1.67498348085 1.15552116842 0.99796727082 -9999 1.22010721445 -9999 -9999 -9999 -9999 -9999 -9999 -9999 -9999 -9999 -9999 -9999 -9999 -9999 -9999 -9999 -9999 -9999 -9999 -9999 -9999 -9999 -9999 -9999 -9999 -9999 -9999 -9999 -9999 -9999 -9999 -9999 -9999 -9999 -9999 -9999 -9999 -9999 -9999 -9999 -9999
-9999 -9999 -9999 -9999 -9999 -9999 -9999 -9999 -9999 -9999 1.12163497525 1.10707741331 1.44643290604 1.52007012985 1.10569846518 0.893275272917 0.773960991627 0.802594439032 -9999 -9999 -9999 -9999 -9999 -9999 -9999 -9999 -9999 -9999 -9999 -9999 -9999 -9999 -9999 -9999 -9999 -9999 -9999 -9999 -9999 -9999 -9999 -9999 -9999 -9999 -9999 -9999 -9999 -9999 -9999 -9999 -9999 -9999 -9999 -9999 -9999 -9999 -9999
-9999 -9999 -9999 -9999 -9999 -9999 -9999 -9999 -9999 0.997180353827 1.11917429472 1.0968006024 1.14276552638 1.24259934356 1.20717810533 1.09998579265 0.976469584537 1.29468742329 -9999 1.6187262205 -9999 -9999 -9999 -9999 1.52936167307 1.6254499155 -9999 -9999 -9999 -9999 -9999 -9999 -9999 -9999 -9999 -9999 -9999 -9999 -9999 -9999 -9999 -9999 -9999 -9999 -9999 -9999 -9999 -9999 -9999 -9999 -9999 -9999 -9999 -9999 -9999 -9999 -9999
-9999 -9999 -9999 -9999 -9999 -9999 -9999 -9999 1.75122226782 1.39038840747 1.13247162044 1.06562449762 1.10470819553 0.972463751177 1.09433089055 1.0050314043 0.937356190384 0.862755808315 0.885142440067 1.16950325722 1.28116025415 1.40389522571 -9999 1.2406175481 1.97348454171 1.88926023874 -9999 -9999 -9999 -9999 -9999 -9999 -9999 -9999 -9999 -9999 -9999 -9999 -9999 -9999 -9999 -9999 -9999 -9999 -9999 -9999 -9999 -9999 -9999 -9999 -9999 -9999 -9999 -9999 -9999 -9999 -9999
-9999 -9999 -9999 -9999 -9999 -9999 1.29044422497 1.02413726759 1.08394645203 1.1722554234 1.40297261989 1.44075722767 1.31489222258 1.19870637638 1.06292216587 1.2062934974 1.05154723933 0.952216604559 1.14845440264 1.14824339356 1.22267921916 1.34217694073 1.35162123618 1.2657180201 1.53162904069 1.44518256716 1.77594025724 -9999 -9999 -9999 -9999 -9999 -9999 -9999 -9999 -9999 -9999 -9999 -9999 -9999 -9999 -9999 -9999 -9999 -9999 -9999 -9999 -9999 -9999 -9999 -9999 -9999 -9999 -9999 -9999 -9999 -9999
-9999 -9999 -9999 -9999 -9999 -9999 1.40988120552 1.2249994372 1.00005217413 0.942701512082 0.940260196134 0.999954628105 1.05991804974 0.967831757081 0.967374627301 0.822542634465 0.969893605374 0.968441267078 1.0719087816 0.905688334076 1.09056908682 1.37363570901 1.33656233721 1.32109796815 1.31943211995 1.18042125568 1.81650799032 2.07715716842 2.30102253521 2.1096315929 3.07764191855 3.02329082705 -9999 -9999 -9999 -9999 -9999 -9999 -9999 -9999 -9999 -9999 -9999 -9999 -9999 -9999 -9999 -9999 -9999 -9999 -9999 -9999 -9999 -9999 -9999 -9999 -9999
-9999 -9999 -9999 -9999 -9999 1.72321870452 1.50335309888 1.48344747808 1.42330794307 1.56941076124 1.54299861512 1.29473149721 1.02129841858 1.10173509922 1.13493339591 1.15765282157 1.11770839178 1.31228423908 1.41719282873 0.944228063038 1.09954779828 1.03566516194 1.22567331131 1.29092652295 1.42761712237 1.54245061234 1.72335047993 1.66778168995 2.16462188842 2.08785338305 2.22965891016 2.40665274659 2.30806462292 2.18208973126 -9999 -9999 -9999 -9999 -9999 -9999 -9999 -9999 -9999 -9999 -9999 -9999 -9999 -9999 -9999 -9999 -9999 -9999 -9999 -9999 -9999 -9999 -9999
-9999 -9999 -9999 -9999 -9999 1.79558752648 1.6905002832 1.70892017405 1.5337491068 1.35751181991 1.40631406553 1.55200906174 1.28198142205 1.29888634589 1.60299931025 1.86588402846 1.23016951029 0.940385634562 1.30878347603 0.946366462524 1.14272878049 1.18949802824 1.52119303356 1.42774885109 1.42493461891 1.19157269524 1.41730760515 1.22628316548 1.72609966295 1.72632957449 1.83483877588 1.85523243313 2.17780812059 2.03731005863 2.24504806584 2.11521864351 -9999 -9999 -9999 -9999 2.24895863547 2.15811124249 -9999 -9999 -9999 -9999 -9999 -9999 -9999 -9999 -9999 -9999 -9999 -9999 -9999 -9999 -9999
-9999 -9999 -9999 -9999 -9999 1.5928084466 1.52589437489 1.57951263157 1.65503989415 1.81720202916 1.73280477865 1.61056272372 1.47843498395 1.81787242597 1.83454820487 1.43752474117 1.29478711025 1.74552732509 1.53240678614 1.67218804454 1.43829586869 1.10629418744 1.13679433778 1.06389192704 1.37986569508 1.26896243014 1.34603557413 1.12284051009 1.8110126617 1.60945213006 1.7581901458 1.79100864403 2.1363133152 2.01368854066 1.94579288598 2.24419861843 2.26147606987 -9999 -9999 2.29300398264 2.52243081811 2.39330249811 2.72304716867 -9999 -9999 -9999 -9999 -9999 -9999 -9999 -9999 -9999 -9999 -9999 -9999 -9999 -9999
-9999 -9999 -9999 -9999 -9999 -9999 2.06997804454 2.3325917024 1.89721027634 1.75717036326 1.55778735751 1.78528288337 2.15255548278 2.52260804442 1.355697036 1.16519776636 1.36130718044 1.29779859735 1.15138635616 1.12806483939 1.29245482839 1.38308650241 1.34990214043 1.51660301999 1.41609674801 1.20127372874 0.999103209936 1.14762865505 1.31408552757 1.37326564194 1.4867962362 1.7166988164 1.66078685332 1.61999671239 1.79976003478 1.98688306649 1.96235163273 1.63894582376 2.21691057343 2.12833614441 2.11730487771 2.6547974398 1.90718422399 1.53582217017 -9999 -9999 -9999 -9999 2.31200369626 1.99340743357 1.0990548984 -9999 -9999 -9999 -9999 -9999 -9999
-9999 -9999 -9999 -9999 -9999 -9999 -9999 1.95675657591 1.65362996118 2.01141401328 2.09623329005 1.80548491247 1.64098603399 1.33128146376 1.31122072771 1.79188257719 1.80952744455 1.72998203316 1.76918949135 1.38223125356 1.17421028731 1.18618771383 1.24233679547 1.262276916 1.24499747856 1.06530759843 1.10745854716 1.24387997364 1.39264867016 1.31629032119 1.54400894273 1.53662031376 1.72247779231 1.63410166423 2.05795569948 2.03566513409 2.03049828756 2.01204573905 2.15326122652 2.1460010129 1.8484029763 1.67377602949 1.46220288715 1.58499679446 1.36081431151 1.58901475295 1.75704712331 1.38150762602 1.30811030076 1.35877053488 1.36927463126 1.16069989237 -9999 -9999 -9999 -9999 -9999
-9999 -9999 -9999 -9999 -9999 -9999 -9999 -9999 1.53836223337 1.40237420165 1.77215900151 2.06219650736 1.91935028256 2.1675350339 2.02849507608 1.80198006014 1.37324178925 1.38438835471 1.17116304519 1.38231791726 1.99667340495 1.88079954597 1.19034894815 1.15790797905 1.21355583282 1.15198809758 0.816481810447 1.15515316997 1.06735939852 0.833504847745 1.12390530018 1.17925504514 1.34609855955 1.21790396975 1.56754558553 1.69495995426 1.84806292318 1.95809608867 1.83335371401 1.77965810704 1.74026649809 1.4732670116 1.36702135833 1.19751043891 1.17069044876 1.02570920509 1.18173194132 0.991396444711 0.892666937364 1.01980373304 1.0927867541 1.19081816975 1.0029514453 -9999 -9999 -9999 -9999
-9999 -9999 -9999 -9999 -9999 -9999 -9999 -9999 2.05136384712 1.69058915225 1.58095253335 1.59796478722 1.62247626095 1.60453562091 1.40371180035 1.35485215673 1.33346303826 1.46447713779 1.38502275352 1.54702591916 1.84377169128 1.81947321414 1.69752039562 2.32712657877 1.80929427814 1.06510126251 1.40601877327 1.09546452577 1.10515938215 0.869895600127 0.959734165927 1.07329963689 1.07791013398 1.15782444682 1.60548015533 1.3903700878 2.06252976786 1.86422553119 1.8270335898 1.7811762465 1.78382336783 1.34761642422 1.22985591335 1.22456488684 1.03111949496 1.01428255829 1.15984425543 1.02922597146 0.939797720984 1.21954910654 1.14666299975 1.15505935469 1.1755271977 1.37604030128 1.12246959257 1.23836760574 -9999
-9999 -9999 -9999 -9999 -9999 -9999 -9999 -9999 -9999 2.41179801488 2.09712713055 1.5307496162 1.67747731988 1.78494760748 1.72541082429 1.76579062254 2.16991653914 2.35213962761 2.5114975841 2.53039665847 2.32761105924 1.67945082357 1.67268414474 3.77075342985 2.85012071921 2.20500026804 1.36358703336 0.96508034612 0.495974807181 1.00066729792 1.02026399779 1.06414685233 1.10108949609 0.890116317284 1.19493203595 1.37963466523 1.69044912613 1.55860193053 1.51517910432 1.53909770814 1.52461944643 1.49644930866 0.939507692638 1.42970126272 0.996190689909 0.798197249282 0.696941057392 0.693535344204 0.855802388994 0.898343821456 0.911543993704 0.867141136025 0.983167766022 1.15045840728 1.22688035564 0.674117959409 0.498666287915
-9999 -9999 -9999 -9999 -9999 -9999 -9999 -9999 -9999 -9999 1.76605998662 1.79435898318 1.6128308801 1.72084598843 1.54163175302 1.37422708668 1.41453219379 1.99481741613 1.70185474964 1.34166395643 1.30196921868 1.24951812243 1.08481863335 1.20616749124 1.60587835778 2.32390806281 2.04537719752 1.36076076994 0.838828242598 0.577094728602 1.07477049969 1.08328219983 1.34167380239 1.07809292491 1.5468322041 1.44469071532 1.63088073601 1.56045986839 1.53304945376 1.54645664373 1.63512277024 1.59807080262 1.21510592365 1.06929171157 1.5821157612 1.64232684045 1.20594419375 0.812757667767 1.07075331339 1.03952571087 1.10622711886 1.04756271597 0.874183736879 1.11676057867 0.986348090053 0.654871984528 0.487915832988
-9999 -9999 -9999 -9999 -9999 -9999 -9999 -9999 -9999 -9999 -9999 1.61223690343 1.40077845207 1.55603407563 1.51576029973 1.28273649148 1.43509758461 1.40474070482 1.16507519941 1.30539951455 1.56269626565 1.51890651219 1.16631789847 0.863811294437 0.709222078023 0.647737406136 1.28804271503 1.96174246433 1.78806553048 0.765840983132 0.558288992126 0.862588531353 1.03671383831 1.08494882282 1.15929593689 0.996959326003 1.33419004345 1.31974234013 1.44851146997 1.44742566897 1.59799296459 1.41471749866 1.48964428531 0.994971695645 0.802276498914 0.763827220005 0.913360482534 1.11974612276 0.931971015957 1.05076027675 0.892094179655 1.10879718573 1.12538870658 1.01905632505 0.824613774607 0.818910324569 0.469405281277
-9999 -9999 -9999 -9999 -9999 -9999 -9999 -9999 -9999 -9999 -9999 1.22640390458 1.43872502839 1.29460276393 1.52896812071 1.34388801707 1.13369984563 1.02214853485 1.29776516905 1.32012774033 1.37646714966 1.64093109654 1.1126342182 1.0116362182 1.06469924707 1.28823823504 0.888219009238 1.0893220189 1.08189961508 1.13799507388 1.77981989165 1.60719900613 0.692934575169 0.746026526415 0.562408952601 0.929898358717 1.3256302284 1.36077029512 1.39176188832 1.37743205393 1.59871977079 1.73738689698 1.36141558232 1.39277183549 1.09988292698 1.05100522284 1.6061440125 2.0307053439 1.77797158465 1.02465498746 1.29775351352 1.15783772203 0.736042751761 1.14425251763 1.13959220733 0.967122187031 0.838713712272
-9999 -9999 -9999 -9999 -9999 -9999 -9999 -9999 -9999 -9999 -9999 2.15251568812 1.96499959843 1.78907353809 1.23789009665 1.35771604384 1.1197561702 0.813593584792 0.943607800272 1.07968865879 1.14987913695 1.19090846429 1.03284343462 0.80822144215 0.819546383885 0.825888012262 0.818114750887 0.790346259031 0.909582816128 0.651461947201 0.605744222709 1.43494778752 2.47296289777 2.19055171045 0.966945890398 0.522245029204 0.837808874267 0.455207292298 1.02274180152 0.947880036634 1.2645031234 1.48449029923 1.75117539035 2.03181332148 2.23477027624 2.39476622648 1.40692002289 1.18214856484 1.18291869833 1.23403458577 1.03903951641 1.25409580635 1.36422370684 1.56409317247 1.3790666837 0.987727223667 0.683257653481
-9999 -9999 -9999 -9999 -9999 -9999 -9999 -9999 -9999 -9999 -9999 -9999 1.39193182744 1.66627602056 1.59879021357 1.39283084102 1.24590453721 1.06336940267 0.920167280128 1.15068712922 1.2084216627 1.1036526478 1.10537996248 1.08862957637 0.899978416476 0.932287611508 0.843535225111 0.892148435108 0.890785468292 0.824054757231 0.904448139002 0.974529968266 0.754076137728 0.52528437307 1.20977168644 0.455957828241 1.01493873776 0.645211693673 0.553388587197 1.339277871 1.58103930374 1.4942121764 2.24813920365 2.65196970062 2.83598928164 2.71151390211 1.54012303328 1.20840924872 0.813932375891 0.993867937211 0.942519064176 0.723711178841 0.570316358202 0.57330637572 0.537767777755 0.626692286073 0.36776277684
-9999 -9999 -9999 -9999 -9999 -9999 -9999 -9999 -9999 -9999 -9999 1.83994937946 1.87142723372 2.0962885839 2.26690359897 1.81811533761 1.33658487311 1.32496890966 1.05170707172 1.18589957152 0.949843139288 0.924065933654 0.839426520243 0.874274070074 0.911255702087 0.888071122006 0.772125674065 0.713634082585 0.768609402312 0.725213709449 0.743569083495 0.792322058909 0.806404229423 0.791453096522 0.967849672611 0.765334750674 1.04351853962 0.477030905929 0.462801561114 0.989136432575 1.39032017666 1.2442344756 2.17912938233 2.67354536676 3.44382994504 3.42953120262 2.56602170456 2.00024811483 1.2928080043 1.32873259372 0.874454223136 0.49653559074 0.421550258394 0.427424600389 0.382039459014 0.44956113134 0.736402958282
-9999 -9999 -9999 -9999 -9999 -9999 -9999 -9999 -9999 -9999 -9999 1.97664786074 2.58392585007 2.45210349521 1.77768212441 1.55861076997 1.56115355737 1.45966610334 1.18333565973 1.25015186594 1.25318618097 1.18451823733 0.94653891614 0.969048816894 0.985364125302 0.976981822644 0.763731241429 0.894168199502 0.871227798049 1.27199828684 1.21139935948 0.820397001553 0.782876233812 0.792543937135 0.926907418435 0.316885178998 0.635979041196 1.10310068892 0.637669080132 0.605885203324 1.19138097244 1.27386468106 1.73209276985 1.86138853702 1.97325195946 1.84249812426 2.11090781079 2.16195400562 1.65564681031 1.53886907752 0.835959083351 0.926136222181 0.756967912826 0.690279017149 0.626701431055 0.548668652538 0.348280307655
-9999 -9999 -9999 -9999 -9999 -9999 -9999 -9999 -9999 -9999 -9999 2.79038553319 2.85798375775 2.36434567959 2.49683657122 2.4200537674 1.53466045591 1.638435346 1.57392426023 1.6686392964 1.01672699821 1.02765406966 1.47456151882 1.42280724518 0.980834686454 0.976671636325 1.08598267711 0.927026317342 0.708639849854 0.622248940661 0.717677869702 1.26130702558 1.42537882645 1.27865199346 1.02922969588 0.241264186319 0.281728644367 0.179241604751 0.558065695967 0.294499903262 1.42390544571 1.50602416934 1.31474585539 1.06279872185 1.08321012952 1.08956073897 1.45168696942 1.49007973301 1.32237802319 1.22005947129 0.72149619763 0.58115195044 0.415078930369 0.390866535756 0.352662883645 0.462750158154 0.575121222055
-9999 -9999 -9999 -9999 -9999 -9999 -9999 -9999 -9999 -9999 -9999 -9999 2.99288882865 2.75522759395 2.27290731554 2.07256472745 1.82646140405 1.85667494549 1.5267489362 1.7006368635 1.52150138795 1.84639259593 1.02747490494 0.840689894479 0.849649136295 0.823408555576 0.624179366966 0.695477943692 0.624808540416 0.491852999961 0.416225063506 0.527843540624 0.720928444702 0.814047058802 0.900328987859 0.493180900739 0.387657914081 0.252110272597 0.733839085698 0.618976723765 1.36038367599 1.20438291842 1.34003262359 1.05892679793 1.12396002306 1.12619924494 1.2061914325 1.35167991276 1.16747569799 1.18140116705 0.98435285556 0.457119425431 0.376852442724 0.610270654722 0.402580126176 0.418101916496 0.352611325839
-9999 -9999 -9999 -9999 -9999 -9999 -9999 -9999 -9999 -9999 -9999 -9999 3.73572060633 2.92744479194 2.57044153902 2.20675943115 1.7597961482 1.95435482303 1.81293571732 1.55024603309 1.64602142513 1.47218747546 1.21848560587 1.69546856067 1.16722993785 1.4051410726 1.61091815592 1.34456477203 0.999897194682 1.48890217382 1.10044896401 1.21057218708 1.62580953206 1.67255068236 0.651754625659 0.613282522533 0.415800363259 0.769586145425 1.3891942675 0.81376337664 1.36643515813 1.12850776341 1.01937466327 0.99702830111 1.01090352827 1.01600028663 0.966299700384 1.02671851692 0.895440253678 0.954377643221 0.887815054822 0.648053964547 0.596224933259 0.242225826401 0.194740765096 0.291992047007 0.169700949932
