data/recharge/transience/oldversion/mHM_recahrge_48.ASC
ncols   80
nrows    72
xllcorner    4374000.0
yllcorner    5656000.0
cellsize      500
NODATA_value  -9999
[rows 26 to 51 of 72, columns 0 to 56 of 80]
-9999 -9999 -9999 -9999 -9999 -9999 -9999 -9999 -9999 -9999 -9999 -9999 -9999 33.9597585688 33.1008013477 32.759229084 32.7857839468 32.9697626804 32.0286834582 31.8048884793 30.4446767336 30.4633062548 28.7986756388 24.9551812828 27.0572168088 24.1691414033 20.0570569387 18.6996101471 16.5936458557 17.2228187878 14.7158192746 14.2512611065 16.1994068839 16.3574063364 14.1547707446 10.3980863049 17.0793185736 14.990251746 12.3624090032 8.75508488568 7.62080751267 9.79180446491 6.80618266181 7.83629806895 7.76063156746 9.35406556139 10.9076819566 10.6525575624 7.00266543581 4.92712362666 4.46058748528 4.85519744482 5.10044027286 7.04734367176 6.76700384297 3.88045002516 3.7525965943
-9999 -9999 -9999 -9999 -9999 -9999 -9999 -9999 -9999 -9999 -9999 -9999 -9999 -9999 33.7750721235 33.0783496439 32.2441322854 32.6849701623 31.8810020117 32.1240438455 30.5754773062 30.8718202715 29.0239812241 28.8537733824 25.9844638142 26.0836771739 25.3953112517 24.2227017007 17.744778564 15.9802298661 15.0523041714 18.7807482964 18.3825488104 18.7660598268 15.4485818477 14.9712328959 17.5001207839 11.2097951033 9.04711124505 10.0409903306 9.95996340648 8.81323683269 9.0967288027 7.64996779625 5.66825639913 6.52495141984 5.17329088223 6.17522456133 4.53791686523 5.50963621671 5.16691543598 3.90791417929 3.51845796593 6.73283280661 6.47842269733 9.51394827148 10.7902166385
-9999 -9999 -9999 -9999 -9999 -9999 -9999 -9999 -9999 -9999 -9999 -9999 -9999 -9999 9.57170233427 22.2896402951 32.4075715575 33.5163465068 32.8778397767 32.7634724668 32.1109823546 31.7585573878 30.1502821438 30.6682991026 29.5552190661 29.5095033219 25.6714807521 25.4343826788 23.7803320582 23.1730743507 19.8312489788 12.488233541 18.2382740491 19.9452180902 15.6066999002 11.8064298693 16.7550444049 8.16899539351 9.68852487805 10.0511767121 8.10279490591 8.28810277366 7.31650380187 8.743548991 7.5014617418 6.28579499005 5.98153696559 6.50907220804 6.96271507879 5.45518426225 6.01959827952 6.79297249498 7.30389817364 10.7576276219 12.1825186185 12.8454446931 14.5572760295
-9999 -9999 -9999 -9999 -9999 -9999 -9999 -9999 -9999 -9999 -9999 -9999 -9999 -9999 14.9744031862 22.6877458407 32.1700402575 34.3360674042 32.6909075322 32.5908102645 31.7653849725 31.925785179 30.8659412216 30.6929525462 28.8774243787 28.4851553292 26.6872867845 26.4782483346 22.4598498393 23.3447550848 20.7387710575 20.5575441753 17.899307842 19.1474471495 21.2307291325 9.97981451167 12.6921820465 12.3815834053 6.8424352311 9.47524899206 6.89470166968 7.75680741881 6.56579525623 6.75960222607 5.62409072694 6.42834748875 4.53973600732 6.20878868337 9.01882562987 10.2422805293 9.94387871326 7.63784716062 10.1039261155 9.58832063327 8.83544527119 9.39116105226 7.72718180717
-9999 -9999 -9999 -9999 -9999 -9999 -9999 -9999 -9999 -9999 -9999 -9999 -9999 -9999 34.4674951987 33.8019030119 32.8477862936 33.6009273311 32.7374360297 32.7312408694 32.3387538873 32.3264796702 31.2322662169 31.3928154383 29.0923188244 29.5291319824 26.4562642108 27.5047601077 24.1652202573 23.6926249885 21.6179941067 22.4332162945 20.3629358881 16.3354219002 10.4736713464 10.5007090071 9.59908552572 16.9700319098 8.59891264127 11.2400221164 10.5842004864 6.50801899415 5.20528232641 5.60086954911 4.70930771433 5.34043773883 8.73986594264 10.885617991 15.8490305863 16.8955143734 13.9899026574 14.6333999837 11.3053959886 10.2289433842 8.90907569806 7.89743897758 8.81825894284
-9999 -9999 -9999 -9999 -9999 -9999 -9999 -9999 -9999 -9999 -9999 -9999 -9999 -9999 -9999 33.9983104136 33.327932717 33.3840045893 31.9273201137 31.9579043407 32.0183765143 32.3532590821 31.4626367114 31.4215408606 29.0936097429 29.5597834094 26.6211457724 26.8616049629 15.5872978746 23.5732096151 20.0823053612 19.9562767447 17.9557236111 15.3851020153 10.6606225797 10.6823971301 9.91949277403 9.87221739813 9.41980786372 9.15698973611 8.28489947672 11.5237307982 5.51367540663 5.07476499072 4.7458998025 5.58469901379 6.13069250617 6.71961269643 8.56414622733 8.35772163816 5.54288438693 4.90813293283 7.37748145409 10.2293385156 9.89369843446 9.81204383905 9.16479249308
-9999 -9999 -9999 -9999 -9999 -9999 -9999 -9999 -9999 -9999 -9999 -9999 -9999 -9999 -9999 -9999 33.2197426747 33.8798151491 32.1189475661 32.8726053186 32.7118805206 32.7690033188 31.487883702 31.3942933381 30.0749079698 29.7289721666 26.3549508226 25.5849800467 15.428906682 22.9156650381 21.4904303042 17.4629670972 12.1005271406 8.31946707551 10.8421472633 11.075072027 10.5606159608 10.7334958266 10.3952227746 13.4191265902 21.0525317362 20.562473668 16.4475959364 10.2181364708 5.99049929659 4.47457804978 3.51989687911 7.43496763193 5.49978640549 4.16134524118 5.99120223506 8.61611534041 7.03006585659 5.84902468879 6.79919362048 6.08566883234 5.69757315132
-9999 -9999 -9999 -9999 -9999 -9999 -9999 -9999 -9999 -9999 -9999 -9999 -9999 -9999 -9999 -9999 35.6353390416 34.6707792562 32.9660467568 33.9927438731 32.7503431445 32.0954549907 31.1593228875 31.1777746536 29.9258572258 30.3616586744 26.8289105753 26.7324161816 16.3566838921 22.0081055702 16.2963278406 12.0622849667 13.2990602478 9.51968300394 11.0626313217 10.972384957 12.842753364 10.7912213783 10.3601939342 11.087261258 18.2875154441 15.9872263074 18.0446967401 15.9105365653 11.7618354106 9.29600259728 9.84617880745 9.69344978631 3.99419588277 5.20734377075 7.21714394997 7.52742803559 9.22040003745 9.60072485685 10.7673296593 8.79409680163 5.75285022736
-9999 -9999 -9999 -9999 -9999 -9999 -9999 -9999 -9999 -9999 -9999 -9999 -9999 -9999 -9999 33.6616062506 33.7662415558 34.7951191155 35.0312964009 34.4678699039 32.9295692985 32.317831819 31.3878426542 31.1478132569 29.5218717575 29.9937072552 27.3193171946 27.3788147587 21.022924033 24.2550184978 21.5884962921 21.8334343881 20.8769518761 18.4353542641 17.8718552785 20.1914488301 18.7695434808 18.570146799 16.4978765103 10.5664236201 15.612976968 15.0239354659 12.0004421208 11.8763320031 11.4432128819 9.54080159395 10.5037717913 10.0310758778 7.24726365842 7.64797188122 6.21909458622 4.79060264126 5.48425339674 6.16141644571 6.86073424451 7.04968466126 7.58542667297
-9999 -9999 -9999 -9999 -9999 -9999 -9999 -9999 -9999 -9999 -9999 -9999 -9999 -9999 34.8624717333 34.3189793385 33.9842194911 32.2090241151 35.2600564596 34.5188666555 33.4361971929 33.2675084694 31.4627356486 31.5146755928 29.3488046409 29.2622268336 26.3946025262 26.9817744674 23.9808812912 23.9826499266 20.6393698695 20.852888803 16.9666960227 15.2847688091 13.7214758294 20.811931405 20.2195482811 17.2911911796 9.94216602653 14.8822490243 15.272886598 10.5782702366 9.83840588235 10.4980233167 7.73169693123 6.78136169423 10.0877437556 8.43994054036 7.41565040802 6.10808517494 5.46955321102 5.41136753016 5.92296119232 5.77685776052 5.53541264257 5.91958765184 5.68122977718
-9999 -9999 -9999 -9999 -9999 -9999 -9999 -9999 -9999 -9999 -9999 -9999 -9999 -9999 34.8071738421 34.914663954 34.1492998195 31.427777004 28.482342349 31.1129518454 32.1040280882 32.6178747234 31.5352746454 31.6367656837 28.5364814063 27.5953719757 22.2411932726 22.5893571325 20.268673009 23.7067890617 22.1132330856 20.1272800545 16.2017571688 15.5025931025 13.4886131187 18.1261544608 20.8584900357 22.6711041456 17.2890194671 17.4869701939 18.9973388708 18.3582159527 12.0530022855 11.410414542 10.4584870524 7.23610568641 10.1369446796 11.1349963667 9.9725181042 11.033414911 10.8921806125 10.8444882536 9.0050969098 8.20287019446 8.87926433317 8.63388644607 6.97382267063
-9999 -9999 -9999 -9999 -9999 -9999 -9999 -9999 -9999 -9999 -9999 -9999 -9999 -9999 -9999 -9999 34.5367395605 32.3325039031 31.4231046562 31.2561396879 30.6217729234 32.6712549409 32.1419819926 32.0620667854 28.8838120126 24.97701821 18.4352650809 18.9748261663 16.3060435181 18.3229741415 18.5777536467 16.8570545009 15.6478100991 14.5582398869 14.4413427878 14.5087254582 16.6549310067 16.9929632844 18.9095486808 17.3733617851 13.0717184537 13.3919607694 16.85974473 15.6783717921 8.41162528413 9.48026294318 8.56065888986 7.28791460197 7.47198202398 8.86674584063 8.61381942654 8.80374038464 8.06030225807 7.16860489008 4.96666979437 5.31246870619 7.72491732861
-9999 -9999 -9999 -9999 -9999 -9999 -9999 -9999 -9999 -9999 -9999 -9999 -9999 -9999 -9999 -9999 32.8720157067 32.6630165579 32.1690833797 30.4958552835 29.2307450548 30.4650737789 31.1440301841 31.3104546346 29.9535218478 26.1379441142 21.4338777313 21.0478910119 18.8216943349 19.0729304742 19.1660130024 18.7330528364 16.4526309496 15.2903979605 12.6303126957 13.1310754492 13.0411449138 14.111875428 11.1617862041 10.3983230224 11.5764163489 13.2846314668 11.2363394928 13.2270059138 14.1336238405 9.33595953082 5.29424172738 7.47066017752 7.2080574533 5.72281799245 4.46220324969 4.54473817838 3.52135427908 4.12913096735 3.89250685299 3.92418732234 3.86443419184
-9999 -9999 -9999 -9999 -9999 -9999 -9999 -9999 -9999 -9999 -9999 -9999 -9999 -9999 -9999 -9999 -9999 -9999 32.2385264975 31.1730257573 28.4873225979 29.1805293741 31.3913499433 31.7358586628 29.6268867251 29.0207138181 20.7444197857 20.6276488788 18.6341858796 18.5596409788 15.9020818388 14.8115265402 14.0041949883 14.9194221334 12.493421353 14.0150521082 13.558433771 11.443532826 10.5739707186 12.7010447652 10.401732903 9.55419075322 9.25076183184 9.19954998685 7.56119658088 9.40591094127 6.40193082218 6.59960515502 8.49951987327 4.73680022805 4.85203032732 5.16875483323 3.61281346452 3.73220971397 4.26623683619 4.62389904687 4.23154790916
-9999 -9999 -9999 -9999 -9999 -9999 -9999 -9999 -9999 -9999 -9999 -9999 -9999 -9999 -9999 -9999 -9999 -9999 -9999 29.7619750813 29.0936307143 29.4933070974 29.0598781946 33.2172488151 31.2189777141 30.9283122651 25.1585312329 20.4216439656 16.2337204791 15.8703320051 15.4519323848 15.2483230562 13.4159006808 13.199814937 11.1349835226 10.8601070944 10.4701180784 12.461258141 10.9935251908 11.9217034089 9.89311126228 9.24886167731 7.71618579512 9.27275934815 9.04519858917 9.35736086201 8.52714190279 6.45332892493 5.13931124633 8.64820340056 5.15261941144 4.72872921457 3.62231076604 3.57979398433 4.33978007132 4.11594066593 3.22847698714
-9999 -9999 -9999 -9999 -9999 -9999 -9999 -9999 -9999 -9999 -9999 -9999 -9999 -9999 -9999 -9999 -9999 -9999 31.1898043968 31.7229712104 31.2343848897 31.0578853768 28.8583150611 32.652881369 31.049425461 31.0587243701 27.8151820486 24.3857658682 17.5889810607 16.8653876455 15.5096500502 9.49929552658 15.101021188 14.3373275243 13.4148763298 14.5902936802 15.6032702341 15.2919899758 14.2777640826 13.7449736611 12.3986466827 9.88681750657 8.72588287178 10.4794301453 9.74081319848 10.1964591483 8.48369652552 12.9359982738 10.5434305138 6.74768262787 9.62367398114 10.2030650544 8.82304403903 7.49931009688 5.9779656088 5.30920902441 4.71086274418
-9999 -9999 -9999 -9999 -9999 -9999 -9999 -9999 -9999 -9999 -9999 -9999 -9999 -9999 -9999 -9999 -9999 -9999 -9999 33.3192327091 32.8314936851 32.5219988934 29.2449566572 33.076320259 31.9056855446 31.7177144532 27.7764331951 28.158399046 20.6397158416 22.8040279903 20.4256003523 20.4343043292 19.0063906299 15.5803466183 14.7735020111 13.7754053907 10.5732454243 9.52205965749 8.44744132742 8.45344413405 8.51940380062 10.3885373004 11.4300255781 11.5584026984 10.5459195405 13.7366837721 10.5105312501 9.13087702364 11.5609999348 9.07511019069 4.33358461462 12.1227563378 12.1359832258 8.78950171529 11.3122123936 3.87289050455 3.21591536729
-9999 -9999 -9999 -9999 -9999 -9999 -9999 -9999 -9999 -9999 -9999 -9999 -9999 -9999 -9999 -9999 -9999 -9999 -9999 -9999 31.8681673483 32.3924660806 29.3224241897 33.1046689906 31.1417657759 31.559447582 27.5743680144 28.4069888726 26.7558674033 25.8858117608 23.1908683968 22.79341439 16.9891210638 16.0543493823 13.8767876648 15.570080122 13.2100200944 13.7751488249 13.4396381053 12.646264649 10.0698823401 12.0145820847 12.0506962785 11.2212839281 12.7155145421 11.8003320016 10.2548749528 11.028760659 10.2098083974 12.1612082747 10.4456496841 7.61694406482 4.58649419435 6.91852524262 11.1056917778 6.18408857793 6.33540017478
-9999 -9999 -9999 -9999 -9999 -9999 -9999 -9999 -9999 -9999 -9999 -9999 -9999 -9999 -9999 -9999 -9999 -9999 -9999 -9999 -9999 32.6166237953 30.1792970445 30.7677434879 29.9848611175 29.5026014146 27.9963228385 29.2194597115 26.0799175621 25.4422987105 23.8771390852 24.9097698248 18.111662756 13.425295648 18.1350678727 16.8211388968 14.0490684482 12.2784684902 11.2259602453 11.5706710707 13.3245981407 13.6912862656 14.0714291818 12.0029815356 10.4508314909 8.45456355974 9.80653026504 10.4733717781 10.0473299124 11.3225562479 10.4849539091 10.6905012763 7.93972918382 7.88174240231 2.44126991064 3.83409718622 4.82231423567
-9999 -9999 -9999 -9999 -9999 -9999 -9999 -9999 -9999 -9999 -9999 -9999 -9999 -9999 -9999 -9999 -9999 -9999 -9999 -9999 -9999 31.4472976422 29.3135962122 29.2861703439 31.3732564116 31.1582722672 29.1456234769 26.0098196392 21.8983863121 26.3989510988 13.3376065612 24.2258860437 19.0358456108 16.9864428645 12.9093515429 13.5527549318 12.2927300497 12.8926988369 12.0566739938 13.3431506431 13.3968060933 13.0946310562 11.0924513747 11.0534248212 12.4023689799 12.0399384624 11.2146414571 11.04109468 8.33848805219 8.44193021962 9.3840885871 7.09621043931 8.49958744618 4.55136731166 5.54295063113 2.86094999937 3.3588239007
-9999 -9999 -9999 -9999 -9999 -9999 -9999 -9999 -9999 -9999 -9999 -9999 -9999 -9999 -9999 -9999 -9999 -9999 -9999 -9999 -9999 -9999 29.5564965452 30.4805522891 33.5169141377 32.270514616 29.6884135459 27.014861602 20.4704372058 20.8502758461 20.847919896 21.3971079495 17.5681630011 16.7610291517 16.6292194929 14.8221148782 14.7789065587 14.2722342687 13.9766329477 13.6874775421 13.7130163358 10.7733335474 11.2199506576 12.9687803812 9.24679588726 8.54963149969 7.32556077305 9.0470668996 10.5857158036 12.2037021189 5.51408091401 9.12869927834 14.4966369563 8.49354921737 3.26564700614 2.52915374299 3.24497952761
-9999 -9999 -9999 -9999 -9999 -9999 -9999 -9999 -9999 -9999 -9999 -9999 -9999 -9999 -9999 -9999 -9999 -9999 -9999 -9999 -9999 -9999 29.8935532845 29.6021356182 33.180351832 32.7124269218 30.0826509015 24.4125152959 20.7338689257 21.15928468 19.0587679942 19.2978607816 18.5025233024 17.0901410346 14.9664714371 16.9170517404 14.3813966623 14.0048152329 14.9382015154 14.7142941387 11.7487186833 13.8601650178 11.3518677222 9.66892372649 8.74062530954 10.4661492018 11.8314946041 11.8839334875 8.12061640919 8.33429754305 8.55943042881 14.1533302566 6.99980264811 11.2770460868 7.97623088128 7.32795954732 5.57776413188
-9999 -9999 -9999 -9999 -9999 -9999 -9999 -9999 -9999 -9999 -9999 -9999 -9999 -9999 -9999 -9999 -9999 -9999 -9999 -9999 -9999 -9999 29.8504461029 30.3503046592 34.5743537203 32.8538153219 31.0786714037 26.260344492 22.5351174158 23.0248351525 20.2908101691 19.1897973329 17.4930706265 17.3607504495 17.4830175873 14.8765685714 14.344753938 16.3547894925 15.1992932041 14.5451499083 14.1819605929 12.5465754585 9.93022597986 11.5853735468 12.7934694272 12.403162648 12.2024252825 11.2726356827 9.31483001568 9.32832657726 10.5925143681 9.41570075575 10.4200692131 11.1526346289 11.5160856429 11.9631476699 8.60776078867
-9999 -9999 -9999 -9999 -9999 -9999 -9999 -9999 -9999 -9999 -9999 -9999 -9999 -9999 -9999 -9999 -9999 -9999 -9999 -9999 -9999 -9999 -9999 30.8700313739 34.6756803311 33.0537481296 30.5747984678 25.3532244289 22.227084085 22.5772240713 20.3544470626 21.094989757 19.417468803 19.6878818192 16.5326464061 17.2922124843 16.9293932825 15.9573608963 12.7773614606 12.08979614 9.8877643528 12.0847558987 13.6488997472 13.6546472035 12.3985609309 11.5973500526 7.89745150253 7.34215891917 6.96020029878 7.4727207336 6.02586110514 7.394770071 8.20788904914 12.6944699201 9.28700014509 5.99284186423 8.6054147259
-9999 -9999 -9999 -9999 -9999 -9999 -9999 -9999 -9999 -9999 -9999 -9999 -9999 -9999 -9999 -9999 -9999 -9999 -9999 -9999 -9999 -9999 -9999 29.900499351 34.5302746445 33.471243405 32.0512749696 29.553125693 24.249591198 24.5777788458 22.1188522114 22.5752700842 20.3671292811 20.015407543 17.7813504324 17.4584592691 15.9832643824 14.9125641993 14.5557263528 12.3409202897 15.8720817672 16.0584075843 15.4579595284 13.281378983 10.2232846556 10.7909855673 11.4554005583 12.1714138695 10.635784078 10.4649710932 11.0554656163 11.3053712081 8.50675924856 6.63728135558 6.57692908035 9.29132700824 6.90928280121
-9999 -9999 -9999 -9999 -9999 -9999 -9999 -9999 -9999 -9999 -9999 -9999 -9999 -9999 -9999 -9999 -9999 -9999 -9999 -9999 -9999 -9999 -9999 -9999 35.03385604 33.6023793836 32.1786319944 32.3392279073 24.9018823903 24.7238539428 22.0961414907 18.7168352686 20.8395149624 20.2322387294 19.3148779916 15.6969390994 14.0783930109 16.7484453359 16.6240345415 17.4945616494 16.6848667 13.490140907 11.5308698666 12.526251539 12.8320732971 12.2242134934 9.62942694238 11.1000437464 11.6278183467 10.6984248266 8.71274170326 6.73714109896 7.67015971519 10.6443535352 9.23351149758 7.22735788401 7.52186307874
