data/recharge/transience/oldversion/mHM_recahrge_291.ASC
ncols   80
nrows    72
xllcorner    4374000.0
yllcorner    5656000.0
cellsize      500
NODATA_value  -9999
[rows 26 to 51 of 72, columns 0 to 56 of 80]
-9999 -9999 -9999 -9999 -9999 -9999 -9999 -9999 -9999 -9999 -9999 -9999 -9999 28.3788180599 27.9907309276 28.1380615242 26.4288938431 26.6295902667 24.3975653821 23.9874096179 23.2802840978 24.0551909816 23.1317357442 18.8558425392 21.6919960539 19.7210609139 17.5577336717 16.0230243524 14.9669506788 15.5130541201 13.7937106025 13.5190133365 16.5579644645 14.1042983608 7.16668529886 8.39984179999 15.5445728281 9.36457465964 11.5014415482 8.76373697986 8.02811366321 9.30071326039 6.90908305539 9.18624138137 10.3720217835 12.3482945602 13.6059192041 13.3292871736 9.7571841075 6.72817891933 5.35913669567 5.49966247714 5.7030127911 6.35210262703 6.1656720377 4.69270167879 4.59888549058
-9999 -9999 -9999 -9999 -9999 -9999 -9999 -9999 -9999 -9999 -9999 -9999 -9999 -9999 27.0889691086 27.1384238552 25.6656466472 26.3661479209 24.4351853216 24.7795072725 23.3535250678 24.492384542 23.3926082898 22.8468322669 20.4501547035 20.4439903919 20.6338570455 20.6970135486 16.223349106 14.4642790055 14.2900392036 17.573605461 18.245856832 18.2407594785 8.78488035259 12.7238218908 15.2819530186 10.0267452062 9.26819295018 8.6230938941 8.31999771544 8.49799886127 8.86694748787 7.56314748062 6.15992591295 6.78324655732 5.87053584796 6.10470678366 5.38024743395 5.9766513663 5.71811062519 4.77438505582 4.48436626004 5.74239728739 5.69167392875 9.1770361285 10.1761012775
-9999 -9999 -9999 -9999 -9999 -9999 -9999 -9999 -9999 -9999 -9999 -9999 -9999 -9999 7.31736163144 16.9750348592 26.6846023099 27.0484966616 26.1586691286 26.3462951228 25.0053078103 25.4457758842 23.4560395506 24.8798186667 23.5566723266 23.5034058409 20.7175575631 21.1916719604 20.9126516897 20.7874695755 15.4542396578 8.22857343033 18.7414080375 23.393479461 11.6793165484 9.78806871316 14.7654949709 7.90054923487 8.11301631863 7.96183010472 7.44641136566 7.94940777707 7.67959417602 8.3499667019 7.1125678544 6.20206635707 4.56431779123 5.05201132969 5.73041886348 5.06141032923 6.02360184795 6.61741417003 7.04081835612 9.25926389982 10.9253689218 11.748646655 12.2071045864
-9999 -9999 -9999 -9999 -9999 -9999 -9999 -9999 -9999 -9999 -9999 -9999 -9999 -9999 11.7253743526 18.1396662364 26.5281079286 27.2088399965 26.4583959657 26.688810667 25.0991367406 25.3312112951 24.6865764435 24.1177109821 22.4278460807 21.7040087816 21.8979193584 22.0943321271 19.9034262821 20.5808537829 19.2915696959 18.1339901772 17.7308040574 22.3383537597 21.189708992 8.21906696656 10.9432528752 11.1040494702 5.40815333807 7.61678220739 7.25836743305 7.95220938904 7.11091125016 7.25074484935 5.83724774469 6.30262345649 4.93977409664 6.0939553442 8.78098034872 9.83019969131 8.37778114744 5.16860667582 6.08306842745 4.98102735703 4.78776002477 6.62489237594 7.26950385747
-9999 -9999 -9999 -9999 -9999 -9999 -9999 -9999 -9999 -9999 -9999 -9999 -9999 -9999 30.2402728516 29.4864926268 28.8044557619 28.6736799042 27.9193086621 28.4928967639 26.7625284233 26.5490032134 25.6157939947 25.2544846215 22.6586419636 23.2164376459 21.7283425518 23.0736608916 21.3076076245 20.8111869351 19.9344113354 20.5642684127 19.3888305443 12.3347464862 8.60775297437 8.64149169323 7.97335778587 15.4616105502 7.19135071459 9.77174487662 7.20482884679 6.75181138845 5.604260262 5.94924349346 5.17126267334 5.33535048609 7.71940492871 8.05766581533 13.262349214 14.6710264558 10.4328509537 12.4205444806 8.94072767634 9.33206118412 8.28585469769 7.32053764007 8.14523637806
-9999 -9999 -9999 -9999 -9999 -9999 -9999 -9999 -9999 -9999 -9999 -9999 -9999 -9999 -9999 28.7717286113 28.1285193835 27.8746247376 28.7014648752 26.9806370622 25.4266607741 25.5794446834 25.511888915 25.5118322533 22.6386476531 23.4976277094 21.7462429655 22.2821020735 11.3283718513 20.2592560051 18.7009752807 18.6414358388 17.1884314176 11.5427678568 8.84541422295 8.8736367878 8.35669129079 8.29870744022 8.03286724229 7.63532159308 6.82430431721 9.82447241354 3.08096804337 4.16387387963 5.06267541812 4.28307797274 2.78262524639 2.89482960361 4.99893663731 7.01811803988 5.58277106036 5.15875704185 6.89634381111 9.81286754876 9.40394207835 9.3064225035 8.49411659112
-9999 -9999 -9999 -9999 -9999 -9999 -9999 -9999 -9999 -9999 -9999 -9999 -9999 -9999 -9999 -9999 28.8193675643 28.3995635758 28.1350055989 29.2347830626 28.2679251564 28.2077727403 25.60289756 24.4676174786 23.7857038867 23.4801144247 21.6730994202 19.4033015296 10.558939953 18.0176040284 20.7298709686 13.1332322633 8.603002067 5.66140057583 8.89910652502 9.20229455201 8.85685927997 9.08562739271 8.86165408583 11.7008555751 18.5980831874 17.8751140016 13.866078071 4.20556487893 2.44789203571 2.03088620884 1.74877280218 6.01618927622 5.20418670125 4.31472237214 5.57137159234 7.55183255058 6.3546955627 5.54573163561 6.20169258642 5.71499557309 5.45907036189
-9999 -9999 -9999 -9999 -9999 -9999 -9999 -9999 -9999 -9999 -9999 -9999 -9999 -9999 -9999 -9999 29.6694520145 29.3268966577 29.0015212141 28.772747232 27.2400741314 27.9727418838 26.1963459939 24.9169403677 23.7755498787 24.2478963077 22.1037771515 21.5377082886 11.0811081571 16.6406589063 11.1972727659 7.99434036242 9.11402402044 6.65297349456 8.94091702295 9.06697101404 11.0146532965 9.16437938167 8.81580503196 9.38762514314 14.6182462686 13.301940175 15.0279255059 11.053041064 5.84318642791 3.80789730869 4.58104415999 7.62748428624 4.24856276511 5.01850494562 6.42300101957 6.65741398551 8.17970235119 8.57856845323 9.93279514967 7.78260927007 5.49654520753
-9999 -9999 -9999 -9999 -9999 -9999 -9999 -9999 -9999 -9999 -9999 -9999 -9999 -9999 -9999 28.2215210889 28.4975606832 29.3603733017 29.9703830918 29.6954589423 28.0778025944 28.1652460267 26.1927546482 25.4361304582 23.7624299355 24.174232638 22.6685583003 22.8335141463 15.2249687852 19.796141789 19.9094016108 20.1072271934 19.5465085274 14.4185251151 13.2921831111 14.3865032539 15.5602424081 16.4987248035 14.48663686 8.61988523116 11.8899892155 7.97216984892 4.8497715997 4.75779239882 4.62677391778 3.43578541098 8.43158669456 7.67466425805 5.46845669168 6.38678642383 5.42426791754 4.52620509512 5.03985930265 5.47765309642 5.96015757852 6.09146606311 6.60848422139
-9999 -9999 -9999 -9999 -9999 -9999 -9999 -9999 -9999 -9999 -9999 -9999 -9999 -9999 29.2037165431 28.7530854533 28.6980987486 26.9218239675 29.5661290551 29.4690628829 28.2119573751 28.536870349 25.7413941593 25.9210011341 23.7024336105 23.5166377626 21.9816691301 22.4897465038 21.1687565691 21.1743996966 19.15546892 19.3378336472 16.757290932 15.1806301996 14.4949586234 15.990569799 15.767180611 13.5250737676 4.03618148231 8.50752393216 9.78761642713 3.86120813564 3.58543583226 3.89243242964 2.73733807162 2.44793765899 4.03802711169 6.18408667274 6.22980586084 5.3187011041 4.95368904676 4.91671887339 5.32309633982 5.22544950818 5.09154681633 5.33824418776 5.51845769975
-9999 -9999 -9999 -9999 -9999 -9999 -9999 -9999 -9999 -9999 -9999 -9999 -9999 -9999 29.8442689644 30.2075812838 29.6173742438 26.4410092853 24.323960735 26.0165915615 27.4430062497 28.1725739532 26.3919635587 26.6712630587 23.8181000833 22.9747239226 19.5089325819 19.6634879165 19.1178687705 21.3231804646 20.3725256519 19.1567778327 14.4407351356 13.6183708977 12.0391921714 15.8318762621 15.14083896 18.4046020078 9.69305705094 10.0106492515 13.2352641571 12.0669000317 4.42392597455 3.99895030842 3.43404117101 2.31181585519 3.36875101716 8.79778653098 8.28388641672 9.21190914793 9.17885497238 9.11674110985 7.22201926263 6.5688597425 7.19951346338 6.98230465698 5.82384753198
-9999 -9999 -9999 -9999 -9999 -9999 -9999 -9999 -9999 -9999 -9999 -9999 -9999 -9999 -9999 -9999 29.8023218474 27.6496450328 27.1598846371 26.9660946459 25.870906617 27.5776955756 27.1381192437 27.1415335284 24.153604217 21.0862543034 15.7487897101 16.1534599792 14.1796063763 16.7513253673 17.7281294439 15.0205254374 13.7743242235 12.6151787398 12.5832868443 12.6541840376 14.1033853279 10.7911768716 14.2830801146 13.6503251903 9.16467418575 8.32686685916 12.5081073652 9.56227234966 2.64951929861 3.01912170297 2.72791991426 5.15402999589 6.28324836953 7.03929490245 6.9186379723 7.07068247723 6.45911527038 5.81405535798 4.44895446186 4.65647684761 6.2736632109
-9999 -9999 -9999 -9999 -9999 -9999 -9999 -9999 -9999 -9999 -9999 -9999 -9999 -9999 -9999 -9999 29.9321886024 29.7270365177 29.1642207661 27.4434156504 25.5371436873 26.3783475766 26.064299721 26.538703881 25.4740314398 22.227602012 18.5678806544 18.2516297975 16.9241054816 17.381012922 17.6672319714 17.2542395759 15.2824362088 13.5246442525 10.942181257 11.3666706774 11.3568742714 12.3742959131 9.35818669409 8.17069651088 9.06606098922 10.6637573543 8.33777218058 9.85051324297 7.9424390442 2.75942798484 1.69605086379 2.75886565432 5.56664895774 4.62301730738 3.88360272827 3.93243390197 3.20904801673 3.58777455613 3.43172490455 3.44822701258 3.46644771131
-9999 -9999 -9999 -9999 -9999 -9999 -9999 -9999 -9999 -9999 -9999 -9999 -9999 -9999 -9999 -9999 -9999 -9999 29.2355567248 28.1182330949 24.8754113968 25.4968729087 25.8058762785 27.3391714857 25.1399041087 24.1756086862 18.0903697586 18.2223692622 17.0062129099 16.944771455 14.9019297593 14.0927985576 13.5751836882 13.8176903963 10.827792405 12.1587476855 11.8309112907 10.0085169402 9.19597704934 10.0895346783 8.12251340693 7.50719884389 6.73863770603 6.70375730523 5.90715598616 5.84610947448 1.99821832169 1.96491463655 3.21550939126 3.92338803092 4.30711637909 4.96794356266 3.27159707873 3.34914401571 3.66143511437 3.86660562121 3.69683077658
-9999 -9999 -9999 -9999 -9999 -9999 -9999 -9999 -9999 -9999 -9999 -9999 -9999 -9999 -9999 -9999 -9999 -9999 -9999 27.0544669629 26.0923146013 26.4155925363 25.2224060367 29.6031227343 26.6052094386 26.2777401506 22.7381948705 18.6188334844 15.2929813348 15.0276731924 14.6228818687 15.7310300508 13.3201248045 12.828282324 10.122643056 8.87052100768 8.50069200889 10.3265474147 9.29573079894 9.58186597473 7.52548894571 7.08303518738 5.95817148135 6.97029796072 6.72008711522 6.92210236372 4.63758260729 1.8015007689 1.49494162416 2.53432728685 3.32336878228 3.75022247057 3.04602313994 3.02098998509 3.46006091917 3.33233021626 2.79172665016
-9999 -9999 -9999 -9999 -9999 -9999 -9999 -9999 -9999 -9999 -9999 -9999 -9999 -9999 -9999 -9999 -9999 -9999 28.3449272832 28.8966468341 28.0895530563 27.908801189 25.1341029118 28.7125632474 26.4334508304 26.4838745307 24.0282834695 22.1589958567 16.331147758 15.7738672645 12.0175544034 7.02232105218 13.4733241884 12.7322689145 10.74915117 12.0191837938 13.3897253297 12.9854987168 11.8619770945 11.0949431662 9.54037041571 7.52161369467 6.63949029871 7.45629677983 6.7292315067 6.78208521118 6.29498386797 5.80056298726 2.90252677606 1.79539758478 2.40903024042 4.33511054861 5.58749706495 5.51424221646 4.41471820273 3.98799236108 3.64192214905
-9999 -9999 -9999 -9999 -9999 -9999 -9999 -9999 -9999 -9999 -9999 -9999 -9999 -9999 -9999 -9999 -9999 -9999 -9999 31.2753738882 30.4490852965 30.1352409742 25.5983359269 29.0917315346 27.6394694994 27.518643028 23.6747188725 24.3617931228 19.918481353 21.4815220311 15.1354668394 15.1154629626 17.272656719 13.0712650505 12.1248873908 10.3771605381 8.2760102636 7.55644440637 6.65464938692 6.66072183039 6.7789572306 7.91447089462 7.14198266225 8.06862958192 7.5838381545 9.8994622472 7.50751721738 6.2414249541 3.79730329026 2.18189185372 1.10532020782 7.24202387151 8.26819464649 7.01941783774 6.32349869878 2.42841155542 2.58164070628
-9999 -9999 -9999 -9999 -9999 -9999 -9999 -9999 -9999 -9999 -9999 -9999 -9999 -9999 -9999 -9999 -9999 -9999 -9999 -9999 29.5574536683 30.0443444421 25.6634471817 27.9681184313 26.6119933882 27.2937324994 23.6215147366 24.6421815189 23.9518910188 23.2526895742 21.2418383301 20.9488031665 15.5347179686 13.2363258936 10.1789755934 11.9276402096 10.6889112146 11.4578478473 10.953891494 10.3619700425 8.40868435605 9.87911263048 9.08130190232 8.23442097605 9.5226686504 8.6447446632 7.30308690903 7.94410060295 6.94684296242 5.20219875234 3.17254493112 2.23417450856 1.27853740442 1.31513221159 5.60924122467 1.45907873281 1.48021531532
-9999 -9999 -9999 -9999 -9999 -9999 -9999 -9999 -9999 -9999 -9999 -9999 -9999 -9999 -9999 -9999 -9999 -9999 -9999 -9999 -9999 30.1731764292 27.0188396603 27.3796994252 25.7885422586 25.2525322661 23.8361953323 25.241934214 23.223598415 22.8102947932 22.1556270388 22.475011125 15.9372157339 9.66229597691 15.2172989137 14.7016112177 12.0071695438 10.2336492252 9.32716300994 9.68593996259 11.0530558574 11.4159994791 11.5211516618 8.6366955871 7.30857842938 5.98673029272 6.74719938674 7.23963761349 6.85509409912 7.94421992858 9.59922849154 7.28825018189 4.56174563409 1.93372276799 0.837851161676 1.02124086137 1.14545677584
-9999 -9999 -9999 -9999 -9999 -9999 -9999 -9999 -9999 -9999 -9999 -9999 -9999 -9999 -9999 -9999 -9999 -9999 -9999 -9999 -9999 29.0791624319 26.2647217114 26.2067340195 26.3001894493 27.4399142455 25.1554182713 23.30327496 20.7885299149 22.5011029695 9.2749978663 20.296949755 17.562908669 14.7705763122 10.6723535961 11.6788560186 10.4799821197 10.2673670781 9.32403980511 11.0889140322 11.1253379176 10.8347124552 8.93778897084 8.42535399133 8.92244524727 8.59463019889 7.8411701902 7.69517051559 5.56556597146 5.82910001617 6.99457255122 5.12228485051 3.30018771112 1.5171689807 1.25981670105 0.895542857253 0.946841808439
-9999 -9999 -9999 -9999 -9999 -9999 -9999 -9999 -9999 -9999 -9999 -9999 -9999 -9999 -9999 -9999 -9999 -9999 -9999 -9999 -9999 -9999 26.315056909 27.1185567774 27.9756918205 28.1145785647 25.2324898839 23.3673814721 18.8878827993 19.5595921754 20.1154601185 20.4703514763 16.2655833455 14.8100421189 14.7691760024 12.9296072035 12.4697830603 11.871574821 10.9428576709 11.2984517097 11.2803909498 8.79934644676 8.90568784034 10.4340960634 6.49417460244 5.85071455449 4.80740518911 5.66588763336 6.71405264463 8.26494139062 4.01185230541 6.97806721611 5.08675236961 1.69796860999 0.896897875518 0.804819241203 0.883775212448
-9999 -9999 -9999 -9999 -9999 -9999 -9999 -9999 -9999 -9999 -9999 -9999 -9999 -9999 -9999 -9999 -9999 -9999 -9999 -9999 -9999 -9999 26.6425839602 26.3466608051 27.6606738215 28.7630073016 25.7439633447 21.1487599049 19.3152581109 19.6513127381 17.9558202348 18.1567224828 17.2161714255 15.2706945878 13.0619603454 15.1059288472 12.2598735062 11.8037188858 12.5205873538 12.4102990285 9.54937040423 11.4227137592 9.01131758366 7.74641220194 6.7773157286 7.17299225399 7.97406480968 8.15431792084 5.39999365521 5.1370142423 4.38785472513 7.86287280343 1.41548096157 2.51068218916 1.60096296544 1.47278176728 1.18699679233
-9999 -9999 -9999 -9999 -9999 -9999 -9999 -9999 -9999 -9999 -9999 -9999 -9999 -9999 -9999 -9999 -9999 -9999 -9999 -9999 -9999 -9999 26.5217579753 26.9049255536 29.6727771916 29.3606560836 25.8646962112 22.3556596306 20.3726696831 21.1074098344 18.9884676967 18.1029288304 16.7304031555 15.8181410686 15.5966197847 13.0238981167 12.2533402268 14.2703662268 12.8013480733 12.1487815505 11.5699313004 10.0475467287 7.67690233987 8.93485532501 9.89996851137 9.21213220757 8.16802530096 7.37773515573 5.94384582118 5.95257435919 6.89696363389 5.99550996903 2.41118227135 2.2508737385 2.47909165368 2.68243786094 1.65370161085
-9999 -9999 -9999 -9999 -9999 -9999 -9999 -9999 -9999 -9999 -9999 -9999 -9999 -9999 -9999 -9999 -9999 -9999 -9999 -9999 -9999 -9999 -9999 27.4293207399 30.1822464089 29.531269974 25.3768182744 21.8839358162 20.0300234208 20.7204405973 19.0363158462 19.6740231326 18.2623600299 18.3077762491 14.5714870848 15.3828869491 14.9429223649 13.8304316645 10.5908571304 10.2456408508 8.01104885089 9.66106983768 10.7068366464 10.8061869832 9.512032366 8.79554711548 5.48696597711 4.85586724724 4.55199678454 4.84173753012 3.97388122277 4.73720464444 4.98784133038 4.50483245751 1.93481606138 1.73884815151 3.95196594568
-9999 -9999 -9999 -9999 -9999 -9999 -9999 -9999 -9999 -9999 -9999 -9999 -9999 -9999 -9999 -9999 -9999 -9999 -9999 -9999 -9999 -9999 -9999 26.7101499432 29.8950223425 29.5097930242 26.7586132485 23.9009991865 21.0067460582 21.7943242055 20.3813971539 20.8031667753 19.1190993109 18.677230512 16.0066175086 15.5898692863 13.8573513369 12.8122656323 10.8954529126 9.42601720492 12.7849403222 12.7261966392 11.497159834 9.48443367288 7.49511977081 7.92049366533 8.37171286056 8.39537196308 6.6807070876 6.55271933614 7.09951716005 7.32242818893 5.24885042391 4.54966110781 4.18135595425 5.88279712174 4.43115632819
-9999 -9999 -9999 -9999 -9999 -9999 -9999 -9999 -9999 -9999 -9999 -9999 -9999 -9999 -9999 -9999 -9999 -9999 -9999 -9999 -9999 -9999 -9999 -9999 30.7601490285 29.7468889355 26.8961914548 26.4829993458 21.4548871123 21.2336529996 18.6256016188 14.0551571791 17.153724306 18.8814917797 17.8873217646 13.9943637183 12.0748081202 14.5615277153 13.1733003839 13.7865423157 13.4550684675 9.5771081041 7.49720987306 8.91379842641 9.69414123073 9.12132825792 6.92197223044 8.0662075457 8.51858562822 7.4315061469 5.78280642105 4.50795716339 4.12982976861 7.43972398457 5.95825164672 4.5412394458 4.79454734442
