data/recharge/transience/oldversion/mHM_recahrge_145.ASC
ncols   80
nrows    72
xllcorner    4374000.0
yllcorner    5656000.0
cellsize      500
NODATA_value  -9999
[rows 26 to 51 of 72, columns 0 to 56 of 80]
-9999 -9999 -9999 -9999 -9999 -9999 -9999 -9999 -9999 -9999 -9999 -9999 -9999 25.1481098969 24.3088504334 24.302604155 23.0533135569 22.9569870104 21.8777318622 21.8434167459 21.2738686081 21.3499667868 20.2799712934 16.8924934685 19.7875613714 18.7451354345 17.2501049935 16.6742749254 15.642501151 15.8166954793 14.7823665001 14.7437895399 16.2970413553 19.7084457823 16.3160908113 6.76330638262 12.7937087314 16.8605226486 13.9755707419 11.2826796125 10.5640910867 11.9300749241 10.2468729451 11.5779671553 11.9137002516 12.8748947757 13.0683035816 12.9484771962 11.1485556646 9.29152122869 8.31949121377 8.48772988375 8.45569763595 8.72166614269 6.01762955914 7.46760190496 7.41068094006
-9999 -9999 -9999 -9999 -9999 -9999 -9999 -9999 -9999 -9999 -9999 -9999 -9999 -9999 24.1063054259 24.0370582649 22.8031641192 22.7817208836 21.729493214 21.8360981762 21.1626170547 21.5974534848 20.6712977161 20.5996247079 19.2139566589 19.3368095907 19.3087528653 19.0410268319 16.2928644536 15.4972986725 15.071242177 16.3921766094 16.9650279428 20.1819616304 17.1708133347 10.7414511915 13.7424920171 13.3543129265 11.5110592584 10.0508164573 9.42737931162 10.9895681304 11.297930028 10.6670062029 9.41465231404 9.88750039773 8.86365493413 8.8694186626 8.26092850287 8.83247472059 8.67729905414 7.779556932 7.28633945973 7.77813143356 4.9841778669 7.7134321406 10.4977378186
-9999 -9999 -9999 -9999 -9999 -9999 -9999 -9999 -9999 -9999 -9999 -9999 -9999 -9999 6.78053377436 15.5593291118 23.2196947243 23.2156483356 22.2586823244 22.3029719069 21.6068158342 21.724413848 20.3888179982 20.9686307478 20.3543302579 20.2981946465 19.0228996221 19.4171784428 18.6288381979 18.4051055421 14.1568936584 7.90524908495 16.8262670938 19.8753173525 18.7699573885 7.6492656492 13.544025667 11.0936290169 9.57782827423 8.95764381972 9.99586297585 10.3627179876 9.98938083436 10.947659082 10.0413980806 9.44215298798 7.40131495654 5.05342899575 5.49395406602 7.99746421519 8.82489172119 9.24201878274 9.58070196714 9.80564329396 9.30756345906 9.2320785001 15.4342606574
-9999 -9999 -9999 -9999 -9999 -9999 -9999 -9999 -9999 -9999 -9999 -9999 -9999 -9999 10.4849703369 16.132515106 22.7539411205 23.2687644683 22.2335758424 22.279143359 21.4208958409 21.5299357622 20.7555419723 20.6822425001 19.9672477722 19.8967075627 19.6554695851 19.5298385469 18.2789578667 18.5114174887 17.4323216931 16.5133639255 16.3922346973 20.5110960339 18.6048998144 6.28923048365 8.7621265668 16.3939982698 5.0277852476 8.14376827271 9.94499654939 10.3880168506 9.53464184578 9.66426328471 9.02198541711 9.51307572325 8.07441298375 9.0335225683 10.2962120421 11.3654634762 11.8138389897 10.2383904471 11.8311976578 11.1171002699 10.9361670802 11.8401319531 10.6772261808
-9999 -9999 -9999 -9999 -9999 -9999 -9999 -9999 -9999 -9999 -9999 -9999 -9999 -9999 24.8351073154 24.5123698182 23.7452287121 23.7620488415 22.8657102241 23.0291425517 22.0701787854 22.0165172559 20.9464749264 20.7916466487 19.2020971098 19.4945921488 18.7026128541 19.2392746919 18.1434152209 17.9564727049 17.2091326148 17.4141839602 16.8195672881 9.89510806115 6.37318007562 6.38685397968 5.95803538524 12.8664449467 5.52588998231 7.7692405263 11.8363180052 10.005134006 8.31290504918 8.57162263798 8.01837801537 8.73486727453 10.9932418739 12.8761400299 16.2808989954 16.8071187051 15.0921639714 15.3056082425 13.1607113754 11.7403330068 10.6576001366 10.1979745324 10.8809031454
-9999 -9999 -9999 -9999 -9999 -9999 -9999 -9999 -9999 -9999 -9999 -9999 -9999 -9999 -9999 24.2908798898 23.5661438532 23.6084372591 23.2224412202 22.5004816921 21.5465434386 21.6494193405 21.0659338394 20.9868293457 19.2046907485 19.8368324195 18.8645076289 19.1332763538 9.8558088671 17.5231422165 16.7818661794 16.7664439145 15.8309861206 9.34357893066 6.44647228376 6.45570062176 6.07768090796 6.06021493714 5.87010915549 5.69621527341 5.29597765261 8.09808668433 9.19569938492 9.54198653189 8.7451330271 9.69045799823 8.75000484779 9.04141486748 11.7321490671 11.7007341044 9.07478125228 8.70823968125 9.89467437189 11.1329201282 11.0613403027 11.0305003846 11.0297767007
-9999 -9999 -9999 -9999 -9999 -9999 -9999 -9999 -9999 -9999 -9999 -9999 -9999 -9999 -9999 -9999 22.9325286655 22.9440040951 22.2613835361 22.6883532666 22.0259398243 21.8438815262 20.1586384445 19.5486171368 19.2216148647 19.3637680787 18.3730959814 16.6099643089 9.06584587293 14.9072163852 17.0573002692 11.0511478946 7.39099179498 4.8125895549 6.37617465101 6.46739564949 6.26746326579 6.33560953912 6.19897008417 8.33323578995 15.4497991665 14.8551606063 14.8619416564 12.1899481339 8.55210770893 7.55723009473 6.68346392721 10.3651171571 8.75024336249 7.8986532455 9.12133470365 10.3300524338 9.87311787215 9.292177646 9.82772022797 9.47833774489 9.30669038969
-9999 -9999 -9999 -9999 -9999 -9999 -9999 -9999 -9999 -9999 -9999 -9999 -9999 -9999 -9999 -9999 23.275635691 23.2679128908 22.7089798879 22.5931253257 21.6743999277 21.7473829282 20.2782972565 19.6641683911 19.6485160274 19.7971042404 18.6627162863 18.2238942106 9.9932909814 14.1120105378 9.9080106497 7.04097581143 7.955190376 5.63356159033 6.2633927981 6.42311968871 7.78885324944 6.35690384102 6.18437161099 6.78743976789 14.4174150026 10.8547889197 13.8524408729 15.9665894653 12.9677812352 11.0282780322 11.2425753606 8.94844305951 7.80446469423 8.59460540764 9.70055916795 9.84143752064 10.8250624272 10.9838043433 11.5145771628 10.732808712 9.33897406662
-9999 -9999 -9999 -9999 -9999 -9999 -9999 -9999 -9999 -9999 -9999 -9999 -9999 -9999 -9999 21.5499487429 21.6709698343 21.5100913301 22.8073419643 22.7049121691 21.3106763105 21.3620913872 19.8932973337 19.5212256624 18.9303784617 19.0751949094 18.3541731345 18.373058214 12.4639012775 15.7705096632 16.1301975609 16.2012120745 15.9041331886 12.4801867266 11.2758720894 16.4371731467 14.8610888924 14.1120487939 12.0127229762 6.46013951416 14.1219051466 15.0270795847 14.0386800554 13.9529866414 13.044042069 11.6047458051 7.16447891928 7.0052087772 8.85958465206 9.57709549443 9.06417121956 8.29580024273 8.9277581509 9.28828267704 9.81877707586 9.90884941423 9.96678185801
-9999 -9999 -9999 -9999 -9999 -9999 -9999 -9999 -9999 -9999 -9999 -9999 -9999 -9999 21.900329623 21.7780687466 21.7587769136 19.2656500918 21.4925778582 22.6039911542 21.1775992256 21.3128386579 19.600420771 19.6519787378 18.8799205612 18.856709861 18.1445697028 18.2857915508 16.9493481064 16.9563090608 15.8817474416 15.9547366156 14.8671025404 14.1028336591 14.3017792339 18.6979366248 13.3003265451 11.4810791387 13.332415433 15.3799291117 14.2430109168 12.9161151179 12.449421793 12.9544135089 10.2196580123 9.5627153658 10.9782754055 10.9686691262 9.49008805478 8.88040487877 8.6973967292 8.66437504132 9.16706899303 9.08113444243 9.14119305566 9.35200211821 8.8811148351
-9999 -9999 -9999 -9999 -9999 -9999 -9999 -9999 -9999 -9999 -9999 -9999 -9999 -9999 21.2833172726 21.420143948 20.5699870508 18.1028894791 17.2442558898 18.3179226021 19.4344000343 19.7825971366 19.1974199076 19.2788011675 17.9943601667 17.7229404869 16.1720107912 16.1528133134 15.4119391679 16.3194405258 15.9077294418 15.274006354 13.0780953343 12.8876417723 12.2898305597 14.8380229645 18.5906661014 19.2166045957 16.9385463507 17.0231704604 17.5015560298 17.2588309279 13.6834743577 13.2595385592 12.3120790956 9.9540339641 11.867668966 12.8501085823 10.8528290614 11.109397754 11.0919046364 11.0833990557 10.3439157975 10.0227881284 10.3258466455 10.2351116549 9.59157052444
-9999 -9999 -9999 -9999 -9999 -9999 -9999 -9999 -9999 -9999 -9999 -9999 -9999 -9999 -9999 -9999 20.644874509 18.2752717489 18.0839184507 18.0157938621 17.9210094375 19.3889102653 19.4397999554 19.4352390051 18.1058858446 16.4769453634 14.5703260916 14.6878958126 13.7456443315 14.2177430385 14.6252349861 13.3675475853 12.9462084151 12.6388049048 12.4256359381 12.4468169402 14.6326510622 16.7024376061 16.8930504774 15.0622323389 13.16524157 13.8867101502 14.3651199683 14.1898843961 10.7762937119 11.5847688194 10.6455301334 11.195910021 9.91741313273 10.3146388159 10.2439822421 10.3184295988 9.95587037032 9.56515320564 8.50541651845 8.69853260183 9.95707112443
-9999 -9999 -9999 -9999 -9999 -9999 -9999 -9999 -9999 -9999 -9999 -9999 -9999 -9999 -9999 -9999 18.2544348084 18.1976107408 18.2407058982 17.7330636708 16.9714424942 17.4442463416 18.2711497794 18.4528165631 18.2730220065 16.4859922584 14.8248988603 14.7339025441 14.1036850987 14.0369011516 14.1243694623 14.0271910958 13.4830045293 12.8112495601 11.8365745813 11.9811293061 11.9349911316 12.2261317269 11.2974817804 10.9852769122 11.2769837758 11.8848225794 7.09296978671 9.59653824059 13.8590964006 11.5589932068 8.44922720866 10.3831332319 9.55560008013 8.85231180131 8.09838812967 8.15017304207 7.15300917476 7.6343062085 7.24855725317 7.26407168987 7.40414668987
-9999 -9999 -9999 -9999 -9999 -9999 -9999 -9999 -9999 -9999 -9999 -9999 -9999 -9999 -9999 -9999 -9999 -9999 18.2604737193 17.9239708513 16.8202145621 16.9667856875 17.7410890114 18.6946689307 18.1611959131 17.6739830158 14.6784370614 14.3861577491 14.0840637975 13.9212828214 13.3618521527 13.1015111925 12.9712535231 13.0091492704 11.7900876591 12.2161365724 12.0802647927 11.4519007009 11.082833154 11.8081697345 10.840530554 10.5158319069 9.95322490964 9.93310907787 9.1512433513 11.0911214842 9.188371002 9.28141005553 11.102930463 8.81191808722 8.46047637247 8.97855750358 7.24351108124 7.34884954392 7.52569050547 7.74011106572 7.69270995462
-9999 -9999 -9999 -9999 -9999 -9999 -9999 -9999 -9999 -9999 -9999 -9999 -9999 -9999 -9999 -9999 -9999 -9999 -9999 16.9877471049 17.0168008557 17.087427184 17.0478130771 19.6719926695 18.6309487025 18.521547591 16.2452856561 14.4391453065 13.0389633357 12.9581006357 12.8263957297 13.3475980926 12.3856885014 12.2092234784 11.4141141294 11.2947642219 11.3001783222 11.7291913425 11.0196015455 11.2823930537 10.4152014528 10.1871628612 9.46999967291 10.1248547602 9.76895507011 9.88236510878 10.5484194747 9.3080674398 8.18352054131 10.7395139797 9.07904517656 7.98193236646 7.06388856985 7.029907869 7.45593746877 7.30349034349 6.57548569412
-9999 -9999 -9999 -9999 -9999 -9999 -9999 -9999 -9999 -9999 -9999 -9999 -9999 -9999 -9999 -9999 -9999 -9999 17.3292640647 17.4921139658 17.582562022 17.52654425 16.8923572529 19.3039462107 18.5726748101 18.6380858039 16.9570802223 16.0306392245 13.3416185646 13.1928831685 9.44066319571 5.32122002227 11.7750413085 12.537887605 12.1964030806 12.4860656528 12.8347450458 12.7688084669 12.3724496887 12.1444995832 11.3513234647 10.4171106712 9.91792737547 8.01591570124 8.99199491434 8.07916358677 9.35498766974 13.1793890708 11.9380836424 9.21071359042 10.7713357897 12.0860119275 10.5544533513 9.21361831162 8.34653713317 7.99058891412 7.6487257711
-9999 -9999 -9999 -9999 -9999 -9999 -9999 -9999 -9999 -9999 -9999 -9999 -9999 -9999 -9999 -9999 -9999 -9999 -9999 18.4413031392 18.7330316828 18.6310533596 16.9188981402 19.1359410535 18.8121041157 18.765712435 16.6715999917 16.6565404173 14.5400168397 15.0654692829 10.785856196 10.7861664416 13.5055216165 12.6269732261 11.127973218 10.6193276015 11.3719947108 11.0691899329 10.6228941273 10.634297344 10.1917824753 10.5444443017 9.69869508329 7.33691481839 6.43356591504 10.7046695795 10.166534747 9.92263467354 12.3655652205 10.8766448445 7.07819861048 8.85278056299 8.29250516551 5.23106284159 10.5784692154 7.78071300893 6.63003562263
-9999 -9999 -9999 -9999 -9999 -9999 -9999 -9999 -9999 -9999 -9999 -9999 -9999 -9999 -9999 -9999 -9999 -9999 -9999 -9999 18.4746970223 18.6154997959 16.9324582663 18.4064368601 18.4879753459 18.6943566014 16.5193827028 16.7574152884 16.1570670644 15.9325558911 15.2901114951 15.1966395977 13.2774227726 10.0579633247 7.92870382846 9.969230104 11.9362850294 11.9296057699 11.8439984751 11.536270515 10.4577761075 11.0638319316 11.0312209104 10.7432992166 11.2209862251 10.8926540721 10.0623630281 10.3594420207 10.1290271382 12.4169162575 11.4539684747 9.58044252412 7.21472630718 8.10011981639 9.47620010536 7.85132224677 7.72872843773
-9999 -9999 -9999 -9999 -9999 -9999 -9999 -9999 -9999 -9999 -9999 -9999 -9999 -9999 -9999 -9999 -9999 -9999 -9999 -9999 -9999 18.9790406737 17.7677720118 17.9967273828 17.9500059484 17.7832873427 16.7611406673 17.1571360012 16.0721510955 15.9425053125 15.4986839639 15.7694683551 13.2692730275 7.12146145805 12.256957386 12.8529021664 11.782884907 11.4137179921 11.1678194201 11.107504691 11.5156088084 11.6090046386 11.7149229272 11.1510565985 10.4622631215 9.70626707171 10.0300279423 10.2827986782 9.86982377373 10.3641588032 11.0971150857 9.01938472089 9.27509667887 9.39770066505 5.4855964995 6.41193397045 6.69603030547
-9999 -9999 -9999 -9999 -9999 -9999 -9999 -9999 -9999 -9999 -9999 -9999 -9999 -9999 -9999 -9999 -9999 -9999 -9999 -9999 -9999 18.632260691 17.5457318434 17.5202933672 17.9514690408 18.4558486006 17.202862342 16.0091157476 14.9212217247 15.437177916 6.7119988171 14.421794492 14.0369391517 13.0785885144 11.9000796427 11.7585811977 11.3200374798 11.2957954291 11.0532954116 11.7284414774 11.5266081234 11.4485126018 10.8288452801 10.8477187854 11.1358213528 11.0098221556 10.5432380513 10.4831412101 9.2919066711 9.27137806365 6.87292030694 4.5988819336 8.12851790986 7.52692752701 7.44198723823 5.79481040551 5.82624550236
-9999 -9999 -9999 -9999 -9999 -9999 -9999 -9999 -9999 -9999 -9999 -9999 -9999 -9999 -9999 -9999 -9999 -9999 -9999 -9999 -9999 -9999 17.6590046047 17.8952788704 19.1390406011 19.3649647021 17.9743781123 16.6992145431 14.335800367 14.5117922445 14.8495817353 14.949886911 13.5758933652 12.9373211019 12.6546968999 12.2223788104 12.1658631199 11.9701969628 11.5957596075 11.8926614258 11.7487069971 10.9457446796 10.9196128684 11.4017850726 9.98666893514 9.6771502346 9.05676234562 9.68238343217 10.0938147026 8.29116959362 3.30291591472 5.06561970853 12.4833908867 9.70241557876 6.01824618421 5.51445160885 5.68305559971
-9999 -9999 -9999 -9999 -9999 -9999 -9999 -9999 -9999 -9999 -9999 -9999 -9999 -9999 -9999 -9999 -9999 -9999 -9999 -9999 -9999 -9999 17.7670611221 17.6656369977 19.0361060327 19.5828575588 18.1910366237 15.9528021772 14.2744414494 14.3947396271 13.8779956922 13.9211271135 13.6195191293 12.8869491872 12.2480867601 12.7085075579 11.9815221143 12.0194596635 12.1678854678 12.0073171877 11.2256535634 11.7900358397 10.9529426633 10.4372837155 9.86849127031 10.4103016828 10.8308175714 10.7392474086 9.16646038527 8.99541845367 7.87030092951 10.1253994917 8.66060538935 11.6448940361 8.96109112198 8.49823570824 7.04276320314
-9999 -9999 -9999 -9999 -9999 -9999 -9999 -9999 -9999 -9999 -9999 -9999 -9999 -9999 -9999 -9999 -9999 -9999 -9999 -9999 -9999 -9999 18.0303934588 18.1197337855 20.3370198454 20.5241565634 18.676722157 16.5666301729 15.3321623189 15.3192432937 14.4981982102 14.2799551054 13.8315939244 13.3806783902 13.1764644572 12.5774186459 12.1845758763 12.6586699501 12.3968224919 12.2539747143 11.8220584576 11.3825538583 10.3796914493 10.8669531552 11.1127161335 11.0477591643 10.8379770229 10.5339694446 9.52657415476 9.5338365605 9.75933465848 9.30935060332 11.0001314043 11.5393461499 11.4134875676 11.6954340665 9.02286832808
-9999 -9999 -9999 -9999 -9999 -9999 -9999 -9999 -9999 -9999 -9999 -9999 -9999 -9999 -9999 -9999 -9999 -9999 -9999 -9999 -9999 -9999 -9999 18.3008177707 20.5398861344 20.5969470666 18.1213851467 15.7867956984 14.7847819662 15.2086207402 14.4973072514 14.6667889399 14.22311754 14.0678869229 12.9555432952 13.1347253191 12.7939574882 12.5592257537 11.78828411 11.6566428334 10.6278568208 11.2476087707 11.4642658422 11.4362141807 11.0186468718 10.7884884533 9.34053077685 8.99894213638 8.53300136366 8.77835869816 7.78549222223 8.47871249002 8.84582203757 12.090327396 9.86349802371 8.01955826418 9.17650315912
-9999 -9999 -9999 -9999 -9999 -9999 -9999 -9999 -9999 -9999 -9999 -9999 -9999 -9999 -9999 -9999 -9999 -9999 -9999 -9999 -9999 -9999 -9999 18.8314789601 20.714006248 20.4923311383 18.4248166324 16.799197967 15.5446710541 16.2850264648 15.3676639028 15.5091189722 14.8932132292 14.7488596712 13.6233866968 13.45855114 12.858821467 12.601013984 10.5508977082 7.29911655229 12.5463386915 12.7365367641 12.5993678988 11.8650664099 10.4030531346 10.571726971 10.4734371161 10.7399727179 9.96964763286 9.90254190347 9.91342282248 9.99890787028 8.73063193478 8.11360015929 7.69104321472 8.86500858026 7.68428958503
-9999 -9999 -9999 -9999 -9999 -9999 -9999 -9999 -9999 -9999 -9999 -9999 -9999 -9999 -9999 -9999 -9999 -9999 -9999 -9999 -9999 -9999 -9999 -9999 21.5989287158 20.6979385733 18.5151910137 18.7365164868 16.4980046762 16.0681561957 14.0802411726 10.3944656954 12.7185003529 14.8073375462 14.3109000779 13.1528092299 12.3961743722 13.1414851803 12.1955716517 11.5279950535 12.9645919683 12.2363614655 11.3577950131 11.2220237549 11.1476505136 10.9761108571 9.92030014426 10.3636336815 10.2991729027 10.0216585112 9.12078855753 8.25724700239 7.79002926463 7.90111862423 8.88812332933 7.98894595151 7.96597418455
