data/recharge/transience/oldversion/mHM_recahrge_218.ASC
ncols   80
nrows    72
xllcorner    4374000.0
yllcorner    5656000.0
cellsize      500
NODATA_value  -9999
[rows 0 to 25 of 72, columns 0 to 56 of 80]
-9999 -9999 -9999 -9999 -9999 -9999 -9999 -9999 -9999 -9999 -9999 -9999 25.4568162699 26.1036439529 -9999 -9999 -9999 -9999 -9999 -9999 -9999 -9999 -9999 -9999 -9999 -9999 -9999 -9999 -9999 -9999 -9999 -9999 -9999 -9999 -9999 -9999 -9999 -9999 -9999 -9999 -9999 -9999 -9999 -9999 -9999 -9999 -9999 -9999 -9999 -9999 -9999 -9999 -9999 -9999 -9999 -9999 -9999
-9999 -9999 -9999 -9999 -9999 -9999 -9999 -9999 -9999 -9999 -9999 -9999 22.0222482724 21.3155570537 21.0740700958 -9999 21.0652299217 -9999 -9999 -9999 -9999 -9999 -9999 -9999 -9999 -9999 -9999 -9999 -9999 -9999 -9999 -9999 -9999 -9999 -9999 -9999 -9999 -9999 -9999 -9999 -9999 -9999 -9999 -9999 -9999 -9999 -9999 -9999 -9999 -9999 -9999 -9999 -9999 -9999 -9999 -9999 -9999
-9999 -9999 -9999 -9999 -9999 -9999 -9999 -9999 -9999 -9999 21.4134143894 20.7021398347 21.4497001091 20.9484751447 19.3421946917 19.4664873824 19.2001442248 19.4236424997 -9999 -9999 -9999 -9999 -9999 -9999 -9999 -9999 -9999 -9999 -9999 -9999 -9999 -9999 -9999 -9999 -9999 -9999 -9999 -9999 -9999 -9999 -9999 -9999 -9999 -9999 -9999 -9999 -9999 -9999 -9999 -9999 -9999 -9999 -9999 -9999 -9999 -9999 -9999
-9999 -9999 -9999 -9999 -9999 -9999 -9999 -9999 -9999 21.01764194 21.1283479407 20.9228344153 20.5184531936 20.6962005264 20.069543884 20.064433275 19.5403427488 20.4995210297 -9999 21.1925870512 -9999 -9999 -9999 -9999 20.5672207218 21.2954275173 -9999 -9999 -9999 -9999 -9999 -9999 -9999 -9999 -9999 -9999 -9999 -9999 -9999 -9999 -9999 -9999 -9999 -9999 -9999 -9999 -9999 -9999 -9999 -9999 -9999 -9999 -9999 -9999 -9999 -9999 -9999
-9999 -9999 -9999 -9999 -9999 -9999 -9999 -9999 21.2591176896 20.7815505575 20.0300672364 20.4761114601 19.7580590381 19.5847287297 19.1282205164 19.2056500166 18.5660221161 18.3965485979 19.0314433893 19.5120492924 19.1479301047 19.4425806591 -9999 19.5385540315 20.6702526645 21.0836121487 -9999 -9999 -9999 -9999 -9999 -9999 -9999 -9999 -9999 -9999 -9999 -9999 -9999 -9999 -9999 -9999 -9999 -9999 -9999 -9999 -9999 -9999 -9999 -9999 -9999 -9999 -9999 -9999 -9999 -9999 -9999
-9999 -9999 -9999 -9999 -9999 -9999 21.9871064435 21.196960122 20.4208473778 20.4970816345 20.451767677 20.8236819107 20.0720544757 20.0135027555 19.1962912886 19.4043874471 18.8492030467 18.4842048679 19.2521365139 19.2351416303 18.9442871229 19.1373894658 19.8848764255 19.6235254805 20.706338068 20.744306753 21.3972104549 -9999 -9999 -9999 -9999 -9999 -9999 -9999 -9999 -9999 -9999 -9999 -9999 -9999 -9999 -9999 -9999 -9999 -9999 -9999 -9999 -9999 -9999 -9999 -9999 -9999 -9999 -9999 -9999 -9999 -9999
-9999 -9999 -9999 -9999 -9999 -9999 21.6803160086 21.3394473406 19.7890198928 19.601934989 19.4080590551 19.9099930236 19.0776381415 18.5605172729 17.8057830805 17.6661526638 17.4528253895 14.8648194315 17.4836547757 17.2508918238 17.6428719126 18.279708959 18.8027034872 18.9050098968 19.4143920139 19.1203949361 20.8531885608 21.2080268334 21.7152457541 21.6297801893 21.9165303484 22.0529402782 -9999 -9999 -9999 -9999 -9999 -9999 -9999 -9999 -9999 -9999 -9999 -9999 -9999 -9999 -9999 -9999 -9999 -9999 -9999 -9999 -9999 -9999 -9999 -9999 -9999
-9999 -9999 -9999 -9999 -9999 22.2276575674 21.675265933 21.5015319948 20.6942689824 20.4698897884 19.9817583137 19.704712328 18.776878201 18.6969499465 18.3423378266 18.4189397341 14.645511839 7.87696188617 14.5077875431 17.3326806669 17.7223035575 17.5967958974 18.5135587455 18.6207950816 19.5778405119 19.783069352 20.7178105602 20.7669310585 21.3922501292 21.3933623116 21.3430456749 21.646666852 21.3863990035 21.3474689789 -9999 -9999 -9999 -9999 -9999 -9999 -9999 -9999 -9999 -9999 -9999 -9999 -9999 -9999 -9999 -9999 -9999 -9999 -9999 -9999 -9999 -9999 -9999
-9999 -9999 -9999 -9999 -9999 22.32163069 21.5245745672 21.6036297069 20.6740925701 20.5178337339 20.0639197128 20.1670588784 14.3505606942 11.7856035097 19.0565142397 18.728453958 15.4904017794 6.44574042475 11.5561943808 14.9652510814 16.6998083729 16.7870975807 18.1085379433 18.0513284046 18.3837883623 18.0656360742 19.0544109716 18.8439730469 19.5789734428 19.0672032113 18.7703830095 19.579876308 20.4106819929 20.380064106 20.6035881124 20.6704938214 -9999 -9999 -9999 -9999 20.627172027 20.3230627884 -9999 -9999 -9999 -9999 -9999 -9999 -9999 -9999 -9999 -9999 -9999 -9999 -9999 -9999 -9999
-9999 -9999 -9999 -9999 -9999 22.1889207803 21.6809399069 21.3742181646 20.6704202534 20.9565232233 20.5087544177 20.4173772025 19.2948790485 19.1298989141 19.3460943454 18.6823689226 17.1625492452 18.1733952638 17.605536982 17.7076172505 17.2594729135 16.6397279047 17.4603088594 17.3160755379 18.3102321598 18.2600248102 18.9300045931 18.4711998658 19.8163356868 18.4820839407 13.22079567 17.0619708894 20.2303120742 20.1365113263 19.9792431817 20.6014754393 20.6267626894 -9999 -9999 21.0105956849 20.6808181765 20.6920728711 20.741482533 -9999 -9999 -9999 -9999 -9999 -9999 -9999 -9999 -9999 -9999 -9999 -9999 -9999 -9999
-9999 -9999 -9999 -9999 -9999 -9999 22.2623277982 21.8380561047 21.4802776139 21.6061295771 20.6518914243 20.6938235502 20.5536297731 21.538435335 18.8339880225 18.7700832968 17.8997771385 17.9148599912 17.4628185279 17.4203901975 16.9592499986 17.0069876561 17.1448622046 17.5917917937 17.6167565739 17.2404069964 16.8306693338 17.0777078056 17.8970100016 17.8338823249 17.2511007772 18.0730524497 18.3756327456 18.5260465874 18.9647264304 19.154811551 19.7904231785 19.4352797991 20.0381797118 19.883266025 19.8282847349 20.3388288852 19.5584556667 18.9654593004 -9999 -9999 -9999 -9999 20.0265198592 19.6790287693 5.48842497244 -9999 -9999 -9999 -9999 -9999 -9999
-9999 -9999 -9999 -9999 -9999 -9999 -9999 22.125983292 21.4361979014 21.4720607304 20.9404113994 21.015906088 20.0544946945 19.128653747 18.105906117 18.6421264818 18.3626356607 18.4904396645 18.0256014195 17.5805041375 16.6784586067 16.6257312721 16.9725338349 17.1913069599 17.3959601204 16.8944753789 16.9383047591 17.326543662 17.9131099738 17.7893771646 18.0071884396 17.8784719998 18.4806523943 18.4552686503 19.2310762336 19.3204281987 19.7352717495 19.8327329984 20.0851334731 19.9737900015 19.5454151743 19.5339998503 17.683097544 15.5255979622 14.3555727615 15.1052406499 15.4773737904 14.6984658766 14.3690861517 17.9936456118 18.101699415 15.8555425505 -9999 -9999 -9999 -9999 -9999
-9999 -9999 -9999 -9999 -9999 -9999 -9999 -9999 21.4870580403 21.4046104023 21.1428966874 21.1850502305 20.2401227948 20.5771931628 20.2821757513 20.094212526 18.5252853028 18.6923001747 17.5846263806 17.659464547 18.2320490605 18.1546864457 19.6533692142 16.8175039738 15.7813725065 16.8777388987 17.0669280769 15.8001658482 16.0227552154 15.451953729 15.6821811909 15.9314224822 16.4995311268 16.4105239961 17.4591422692 17.5118126771 18.2952747921 18.4774535341 18.6922195676 18.7021601035 18.461171204 17.0348220211 13.5204277123 13.0488682904 12.7074495106 12.2243705727 13.0323754878 12.410937874 11.8868378188 15.5303348641 16.4603670484 16.8816164266 15.8129281766 -9999 -9999 -9999 -9999
-9999 -9999 -9999 -9999 -9999 -9999 -9999 -9999 21.7108357229 21.6109784978 20.9784937154 21.0696423581 20.385575382 20.4066403235 19.7794825503 19.5699885949 18.3040347086 18.5834790977 17.7046665749 17.8152771278 18.2394083526 18.1472580957 21.0777869378 20.2734333706 18.0305197848 14.9475776569 17.7762654598 18.1721442872 16.1137002218 15.154025973 15.6201835657 15.8718581057 16.2222445785 16.345604806 17.372944972 8.32295799908 18.6046631384 18.3589505477 18.5947088835 18.5588923796 18.4193920652 17.1260009464 13.1840448705 13.1257188746 12.2650685047 12.2000359155 12.9657145106 12.5394274215 12.890108569 17.0009069465 16.5681192714 16.5934008503 15.9836809128 16.2586685388 14.9786962877 15.327477742 -9999
-9999 -9999 -9999 -9999 -9999 -9999 -9999 -9999 -9999 21.4616507549 20.9280247817 20.9140534135 20.4842441016 20.1415469022 19.2090606933 19.146105202 18.9573446026 18.8382504962 18.8985546381 18.9937276137 19.3549536466 18.9189058389 20.4073612986 25.5727347199 20.4022256878 19.5662911032 15.3134935841 13.7790045523 13.4716663491 13.0701616236 12.9214269553 13.142013258 13.2599850561 12.7371742699 15.7664787221 14.5908140558 17.1503649799 16.9501066537 16.9953450981 16.999197778 16.918487449 16.9124974285 11.7790273 12.6111444951 11.1982776485 10.5571346647 9.86109736287 10.193128779 13.9322865191 14.3382508251 14.2642354263 14.0851602587 14.2968740697 14.6413757427 14.7020999165 10.9322295325 7.91123391313
-9999 -9999 -9999 -9999 -9999 -9999 -9999 -9999 -9999 -9999 20.5898746389 20.8832699116 20.4879722899 20.3560331501 19.0472389279 18.8381776548 19.3821934212 19.6812495006 19.5142006858 19.1966569717 18.7133497468 18.4972778401 17.3433593122 22.004576753 18.1702424213 19.9398986413 17.1413908025 15.222004635 11.9176295585 14.4355270668 13.2036317111 13.2152838192 13.9678136606 13.1138895038 16.2443458822 16.1476708706 17.01783825 16.9373125166 17.0364621632 17.0622841966 17.0725431441 16.9922171957 15.2753902473 12.2137331328 13.1523190994 12.9598451056 11.645053669 10.7874986497 14.5809612729 14.6643780267 14.9577799278 14.7267646958 13.9540567221 14.6473049219 13.8671475125 10.371702046 7.85521387012
-9999 -9999 -9999 -9999 -9999 -9999 -9999 -9999 -9999 -9999 -9999 11.1160308885 14.1163422354 19.9127111787 18.8519164299 18.7275814142 19.3303397946 19.3563705569 18.4493153316 18.7453536247 18.292772397 18.3015607209 16.8543993014 16.2237791453 16.5933409212 14.1585333263 14.9963912303 17.808493343 16.3556622578 13.5311465231 13.0853757705 12.1511641573 11.6922288977 11.8801354208 13.5189486805 12.9475044256 15.1089697187 15.0642820133 15.9704334966 15.9900636817 16.0172517532 15.4017699754 15.7170120959 13.8015645553 10.8110694031 10.2168712435 10.9322128215 11.5316395001 11.9042522133 13.4827184092 13.0061660949 13.5809940633 11.7117983579 11.5036452193 10.5438301392 10.5407082455 8.12102542873
-9999 -9999 -9999 -9999 -9999 -9999 -9999 -9999 -9999 -9999 -9999 10.3040607986 14.9194407525 19.5872179873 19.0319858199 19.2007869232 18.7635171544 18.6815316611 18.4203255806 18.43294149 18.1161347621 18.4562830139 16.9781874943 16.6770804318 15.8402263344 16.0735061419 17.093278614 17.8871548261 13.612097899 15.5677574085 14.796544101 13.2786061812 10.1128158978 11.833919079 13.6769309055 13.2558076764 15.0660071336 15.1899415622 15.8141796599 15.7900147892 15.3496316799 15.8276084781 15.1888106173 15.4274678508 14.3977959827 11.6699528623 12.5603353198 13.3715103939 12.3839676738 11.0326822876 11.2573224033 11.4985726497 9.34528184076 11.8591872408 11.5971082446 11.0373302381 10.6080913816
-9999 -9999 -9999 -9999 -9999 -9999 -9999 -9999 -9999 -9999 -9999 21.0269296721 19.6771995622 19.5850828341 18.2875841475 18.4477906177 17.5886665694 17.2062616068 16.8980492608 17.0730386781 16.9760525203 17.0549538914 15.4559968743 14.9075413737 12.9493540008 12.9317145074 12.3709425638 12.2524934827 12.2168810687 13.21468074 13.394162835 14.8979465935 15.5600960845 16.0224081718 12.575815174 7.88065904322 10.4951505633 9.43244636462 13.1289985022 11.0029218717 9.31801267986 13.5567679501 15.0853279889 15.5264051846 16.6951261078 16.8788911511 12.401450906 11.8515082521 11.1957906528 11.1508025322 10.3064761312 10.9198987619 11.4377306589 12.7861530411 12.3398437791 11.1068297001 9.51331104389
-9999 -9999 -9999 -9999 -9999 -9999 -9999 -9999 -9999 -9999 -9999 -9999 19.7429694451 19.4570982814 18.6872992505 18.312649295 17.5244600474 17.4277072281 16.7602088501 17.0884391556 17.1658509446 16.8974840607 15.8676921377 15.7615867566 13.1992155291 13.3253127551 12.4768719024 12.647673029 12.2104232416 11.9699895629 12.162451768 12.3846977227 13.0610097924 13.2420881088 14.4666428969 9.49569988193 12.1645752137 9.27967638099 11.7673926098 13.0442214189 14.018647818 13.2778664888 15.7462277185 16.1592008004 16.7157001271 17.0020415352 14.4505047606 11.9185628369 10.0799923434 10.541199103 9.90420091531 9.23373579965 8.69315726903 8.827572165 7.45949940232 9.557913013 5.49005794729
-9999 -9999 -9999 -9999 -9999 -9999 -9999 -9999 -9999 -9999 -9999 20.565129109 20.2300330728 19.8447114074 18.5824349367 11.2528081324 15.2860576073 17.324890422 15.8031354405 16.1823970164 14.2986209025 14.2085356848 12.9057312659 13.0490051584 12.2431175076 12.1655702355 11.0183573982 10.9257977958 10.8213330227 10.6365128554 10.4332364006 10.6211376439 10.574308219 10.5087124935 11.1842158407 10.9996204366 10.8491247781 7.33904739479 7.49057132483 11.6253860782 12.5930964842 11.4917897586 16.8886258554 17.2766050298 17.6812099114 17.5033215921 17.2954362866 14.5856581826 11.2877152496 11.3122330225 8.75665838692 7.07842084614 6.44741430065 6.4788223183 6.08473471387 6.51089335226 7.91182950666
-9999 -9999 -9999 -9999 -9999 -9999 -9999 -9999 -9999 -9999 -9999 20.7929686759 20.5513021485 20.1488927704 18.9082136349 14.4152260349 16.999761549 17.4320716269 16.2990831002 16.3135538406 13.245115229 13.5241366321 13.1434674484 13.3590902839 12.4776206935 12.4300725655 8.83736377858 9.48393396033 11.3899284357 12.2449883772 11.8555626556 10.7247426939 10.4752803701 10.5121449471 11.0506125132 9.83701380378 8.43385478186 10.6641699939 8.0791782205 12.0342266932 11.8196290535 11.3878968686 15.4834892778 16.5498327969 16.8356442864 16.5808225349 16.2757370028 16.3876817439 14.2080705948 13.2957639685 8.61844790552 8.74622238326 7.96089204097 7.74272811452 7.34397326113 6.99768894573 5.87430212522
-9999 -9999 -9999 -9999 -9999 -9999 -9999 -9999 -9999 -9999 -9999 20.9131824697 20.8595414396 20.2090422674 19.2581284101 19.1015783573 17.513455796 17.8332762638 16.875489117 17.2063941907 13.1532332604 6.04538573922 12.1655770371 12.4814524124 9.92362326302 9.93244361937 10.4833472452 10.9078442056 10.0748200803 9.99103055489 10.0362401642 11.7386591616 11.6673988898 11.3708201714 10.2667531217 7.33366384547 5.20247036794 3.94801207346 7.26384565727 8.28485696255 11.9505987902 12.2572116307 12.671410552 12.107531595 14.3044749077 14.2653576218 14.9397392406 14.9862533844 12.8597051833 12.7009000632 9.22565312756 6.81390981252 5.79938464693 5.69984706459 5.30649092742 5.80756473115 6.50712316848
-9999 -9999 -9999 -9999 -9999 -9999 -9999 -9999 -9999 -9999 -9999 -9999 21.1366583811 20.6538396865 19.6590897816 19.1120909156 17.8097000831 18.0627657085 16.8496803877 17.0544176593 15.2940651704 15.6266390702 11.7662455456 10.1626649013 9.58036021264 9.49491694133 8.26513746185 8.53540897995 7.93711990201 7.3592610971 6.68749668832 8.83925060854 9.71642401482 10.0792128282 9.87798986016 7.68315568575 6.25940233877 4.6835878858 8.63933663489 11.1043098917 12.0671344242 11.6681164939 13.2881198919 12.0208286677 14.1076393302 14.1240394859 14.4760132994 14.6621038834 12.2961726424 12.5410250146 11.0734858176 7.16075442403 7.29637577384 8.10934723131 5.87693951858 5.97312695809 5.68139844759
-9999 -9999 -9999 -9999 -9999 -9999 -9999 -9999 -9999 -9999 -9999 -9999 21.9087147033 21.3151480559 19.9595994229 20.0533229805 18.3820959255 18.5871944317 17.5317493145 17.521687428 16.573379822 16.4300774924 13.3268754032 11.9450402171 10.5424918063 10.9971822433 10.772846277 10.4356531181 9.13599620411 10.0652963125 8.83752556005 9.19642605045 11.6473729445 11.9303814076 10.9512539433 7.41287550428 5.74367954276 8.16281985855 11.1457622885 10.0743352266 11.0804137124 10.7438054044 10.4594368393 10.3799309252 10.5020431327 10.5645612824 10.3672601626 10.4038887933 9.78529326792 10.3037297125 9.59229551849 9.29259390542 8.19230054083 4.73866934174 3.60444267252 4.39687835045 3.36946061158
-9999 -9999 -9999 -9999 -9999 -9999 -9999 -9999 -9999 -9999 -9999 -9999 21.0679279303 21.3411040867 20.1928118375 20.4483176343 18.8945592943 18.8539683837 17.6637688542 17.9882785176 16.7113304652 16.4411639281 14.5166621623 10.1564962477 10.3514611504 11.5131743063 10.9057881834 10.588798397 9.30297214487 8.72083882657 7.84815949129 7.51228181757 8.90010135911 10.5515085603 6.49746258253 10.9282403573 11.242568608 8.54283070139 7.4346192125 6.47092183847 6.0073818166 6.73385379767 9.54342815034 10.5318961814 10.6158060268 10.716287977 10.9445799553 10.9250116542 10.5686510931 10.9320376885 10.2526732962 8.19244096794 4.55546967661 3.79833475143 3.74032996781 3.93054376746 3.68744393326
