data/recharge/transience/oldversion/mHM_recahrge_159.ASC
ncols   80
nrows    72
xllcorner    4374000.0
yllcorner    5656000.0
cellsize      500
NODATA_value  -9999
[rows 26 to 51 of 72, columns 0 to 56 of 80]
-9999 -9999 -9999 -9999 -9999 -9999 -9999 -9999 -9999 -9999 -9999 -9999 -9999 7.00820405775 7.15395886516 7.25860357296 6.78603706339 6.87194540154 6.31369519751 6.00052998935 5.77788931662 6.15125996887 5.90780624727 4.2978175728 5.62600518868 5.37453562763 5.55466622114 5.20392992696 5.15368957865 5.31577442 4.94295242325 4.81638964277 4.4134029219 6.95181313702 7.25885735228 2.38639693182 4.71792950911 7.3875446112 5.18868605244 3.66967566619 3.3970362691 3.95700923094 3.28025014821 3.50384577147 3.36420973495 3.47865838564 3.45176423866 3.36963560424 3.01632260745 2.6606865412 2.60077936746 2.73939451243 2.812865909 2.63179959497 1.40075117617 2.4302246933 2.37558111663
-9999 -9999 -9999 -9999 -9999 -9999 -9999 -9999 -9999 -9999 -9999 -9999 -9999 -9999 6.4045747214 6.45759866748 6.16735589486 6.69142530711 6.45220832856 6.60875019826 6.077332366 6.33822786386 6.053458372 5.75974450369 5.26703536085 5.09098006003 5.17846553832 5.77782188161 5.32460388669 5.0111819808 5.00170022482 4.77646962662 4.82253500258 7.23550185921 7.54378273679 3.84157241177 4.99837177438 4.9104930552 3.84515751899 2.60443464863 2.37549041118 3.46359677529 3.84993058281 3.48878737267 2.98199590749 3.20277185621 2.8956480215 2.64560576742 2.7104620959 2.94930886838 2.82430555555 2.43656524028 2.30107294208 2.04973472111 1.20980561244 2.18044796102 3.51975271296
-9999 -9999 -9999 -9999 -9999 -9999 -9999 -9999 -9999 -9999 -9999 -9999 -9999 -9999 1.69891141376 3.46983186898 6.56998132177 6.82924690487 6.5130243598 6.62413553176 6.40685874046 6.28449700962 5.51584910797 6.04150698464 5.62210400292 5.80444625191 4.94093957816 5.08483010975 5.29193224224 5.57230070355 3.46597864192 1.7335341753 4.89855098611 7.00443068655 8.92370214627 2.79404922706 5.08881518857 3.83520443147 2.57962405427 2.27810364717 3.01005369167 3.2967899489 3.34629910832 3.73347953745 3.45700094764 3.14818215765 2.0073681113 1.15081787492 1.30001347923 2.51193665169 3.05063583253 3.26944041793 3.40355041102 3.06678888539 3.12594934361 3.31499947466 6.86701595298
-9999 -9999 -9999 -9999 -9999 -9999 -9999 -9999 -9999 -9999 -9999 -9999 -9999 -9999 2.51465895739 3.92693136647 6.60614932824 6.81195398051 6.69375353921 6.81622513224 6.57717073906 6.47745028026 6.25130076947 5.67999059726 5.21851813372 4.922103624 5.26010798865 5.46810429179 4.93413674452 5.17099791106 4.91641701758 4.37989120905 4.60182715547 7.58556271481 7.94201607352 2.31183735255 3.19579694373 7.18362273037 1.14779367836 1.955435267 3.20772302882 3.43665730955 3.12980770924 3.18746332289 2.96341736688 3.18324026052 2.68665821315 3.14862702291 3.90966733771 4.57649953407 5.02106671586 4.68867857257 5.57352828539 5.46927106844 5.14402650768 5.13585254842 3.74328270914
-9999 -9999 -9999 -9999 -9999 -9999 -9999 -9999 -9999 -9999 -9999 -9999 -9999 -9999 7.99362155852 7.51219719822 7.35679036502 7.24962771135 6.63021143889 7.2505504889 6.43594227699 6.28705338653 6.10153997312 5.99661547042 5.6450896544 5.76649356023 5.33431595091 5.74579409416 5.41616510187 5.18791219189 5.12336050699 5.36006614762 5.07298460603 3.12250774519 2.42169535346 2.43013890955 2.24143776784 4.97274223423 2.03005450705 2.81121701101 4.69517622586 3.63124977569 2.70751143643 2.8421819019 2.64035391536 2.90163766164 4.12117925003 5.55735982123 7.35094839127 7.74289568458 6.73230466794 6.77432623358 5.49366176926 4.47084340382 3.7619445622 3.478716937 3.64629787339
-9999 -9999 -9999 -9999 -9999 -9999 -9999 -9999 -9999 -9999 -9999 -9999 -9999 -9999 -9999 7.04858896253 6.91313384594 6.80973641229 7.36157151236 6.39244474244 6.07602813914 6.13873863257 5.91332030285 6.00164961977 5.63367985193 5.61887574001 5.11215651691 5.35449894249 2.47128204997 4.95373438934 4.69223388115 4.6888280577 4.28676962505 2.90681071964 2.47909373772 2.4862249232 2.32817992958 2.31467250688 2.23825156568 2.14178176159 1.95174462211 2.98063049584 4.51992329693 4.08473806306 3.25718207671 4.15253208825 4.59203655542 4.77239082892 5.12298067507 4.38478318592 2.86861488838 2.69564494162 3.36855266964 4.16998015634 4.0419236673 4.01864731608 3.74161699314
-9999 -9999 -9999 -9999 -9999 -9999 -9999 -9999 -9999 -9999 -9999 -9999 -9999 -9999 -9999 -9999 6.79876465841 6.67419588083 6.50361894265 7.16756640782 6.93251212178 7.03241384092 5.90511363388 5.65831138349 5.86430085586 5.69581582585 5.43597721125 4.2520597537 2.18744397594 4.01645413246 5.42294054223 2.90529521812 1.98627084542 1.33444740668 2.4790930408 2.55244594842 2.47288217816 2.53185719059 2.4702487028 3.31729677348 6.49423854416 6.12296714025 6.3324838038 5.92964785833 4.65935619547 4.1880856305 3.73992354479 4.08699520803 2.88638936098 2.48649715028 2.98242492561 3.68772814899 3.21746958369 2.90436824311 3.12189602462 2.93428732397 2.79821416973
-9999 -9999 -9999 -9999 -9999 -9999 -9999 -9999 -9999 -9999 -9999 -9999 -9999 -9999 -9999 -9999 7.56315901575 7.25386003545 7.12280302291 7.05381741579 6.42677756566 6.53339881197 6.33328796076 6.04608422021 5.9276198625 6.12875956201 5.66439885436 5.33927967405 2.26229212133 3.62706594222 2.39919844168 1.70997445988 1.98101047536 1.47404181024 2.37085271435 2.51855908869 3.10037176191 2.5528242757 2.45804221692 2.64238964898 5.68265281856 4.15348269841 5.47531451013 7.52527734246 6.3540703527 5.63906445453 5.4179311799 2.87015618263 2.47052930323 2.80651236192 3.3046825053 3.3875230919 3.8047222316 3.9130618641 4.22857850177 3.66337502583 2.81462718858
-9999 -9999 -9999 -9999 -9999 -9999 -9999 -9999 -9999 -9999 -9999 -9999 -9999 -9999 -9999 6.49995040608 6.5667005981 7.08582143894 7.41657185794 7.29331161822 6.44514821272 6.22223787529 5.95088520744 6.06918511437 5.79659381591 5.95551011465 5.71801968987 5.79390693782 3.13323026498 4.52071672835 5.08079640937 5.15171687131 5.16067859518 3.25885914222 3.54170734132 6.87994874745 6.06085264581 5.67758761341 4.73388984109 2.50111975024 5.79637443826 6.5999968224 6.53927778791 6.50536567218 6.35967279942 5.81523969672 2.70720712027 2.22566771866 2.89745264106 3.48066491613 3.03895689734 2.63426282936 2.78922872143 2.98263411508 3.11520814609 3.16734326287 3.30720365185
-9999 -9999 -9999 -9999 -9999 -9999 -9999 -9999 -9999 -9999 -9999 -9999 -9999 -9999 7.01397972949 6.77808853115 6.6754402243 7.0968679934 7.50429290255 7.12709750044 6.46547036794 6.69529308629 6.21195255286 6.29420935003 5.78552638693 5.69787999467 5.45924524286 5.45224666903 5.13494684523 5.13679789503 4.81872073537 4.8810739301 4.58497909999 4.94969253547 5.66511663425 9.07029653173 5.2111815635 4.46282266059 6.70225286393 6.80302190689 5.90674012219 6.23744584012 5.94776454556 6.1295833959 5.28763084974 5.01237491611 4.91503952747 4.46508822186 3.4282538263 3.06550492021 2.83685869023 2.81922489588 2.91661515256 2.87083562973 2.74797246427 2.85792827201 2.76069476891
-9999 -9999 -9999 -9999 -9999 -9999 -9999 -9999 -9999 -9999 -9999 -9999 -9999 -9999 6.82577003012 7.36394597736 6.86970419907 6.69445641841 6.26947442285 6.34798599595 6.14492689974 6.41513398819 6.17273208019 6.29399780477 5.84585917237 5.59315685537 5.54477643534 5.52781080582 5.28845158574 5.27936624743 5.18077084187 5.53462855916 5.33957993792 5.13118232 4.84688028937 6.5403453635 9.02166311514 9.55367198114 8.08390732149 8.13806976073 8.5539016028 8.36922537099 6.60663613562 6.43139956091 6.07878648526 5.15684565673 5.88332595109 5.6811511479 4.21676914864 4.41484212054 4.2815324981 4.27016768765 3.73498519542 3.51161004909 3.70530693145 3.63765786361 3.1206294297
-9999 -9999 -9999 -9999 -9999 -9999 -9999 -9999 -9999 -9999 -9999 -9999 -9999 -9999 -9999 -9999 6.94087318674 7.41521229365 7.36526278977 7.30097205326 6.86658993895 6.38417240807 6.47774363058 6.4848883175 5.97949588125 6.00918313208 5.07159906878 5.16824374392 4.83598644935 5.39112255951 5.50241767355 5.3551628601 5.1786668955 4.86942673381 4.95948855583 4.97942366428 6.43494672274 7.69680251077 8.18860201992 7.02425083434 5.74130128129 6.25973788897 6.33976729683 6.14457731903 5.49347309339 5.80194041963 5.41896079053 4.80519223205 3.54066194622 3.79385531074 3.63171951762 3.68332071438 3.46855661846 3.21858474283 2.59455280754 2.69144366295 3.32648313889
-9999 -9999 -9999 -9999 -9999 -9999 -9999 -9999 -9999 -9999 -9999 -9999 -9999 -9999 -9999 -9999 8.47458120233 8.35526769857 8.05428820734 7.33669237304 6.80622739243 6.89466983823 6.07234180732 6.15954219786 6.24050150324 6.31684827526 5.8327452502 5.75146682322 5.59377788092 5.62627374683 5.88425420988 5.76078559224 5.32360340005 5.01817556305 4.45839550327 4.58761423482 4.64885386742 4.94165026987 4.2724515759 4.12321800017 4.48359770133 4.96691528565 2.05189640876 3.10318927912 6.6579604582 5.76351741724 4.46011263486 5.01851898546 3.39037033123 2.94507585339 2.53788949099 2.56211918031 2.20088491032 2.42291916484 2.27511509369 2.28200118605 2.19959419809
-9999 -9999 -9999 -9999 -9999 -9999 -9999 -9999 -9999 -9999 -9999 -9999 -9999 -9999 -9999 -9999 -9999 -9999 8.09057604889 7.60831211216 6.54832607343 6.7858056462 6.81983903482 6.50233313228 6.10703067862 6.20817179973 5.67114683154 5.67060153281 5.52267639688 5.49465009052 5.04904291535 4.81185703824 4.75970761621 4.92965645845 4.42077417429 4.81713930312 4.78959399512 4.22775313116 4.08985163207 4.71878777381 4.17066735766 3.95217972708 3.59116675656 3.57887292158 3.50621390494 4.88157496205 4.77708736609 4.85171750782 5.1616287451 2.99099093397 2.74332579158 3.00987092271 2.24305422916 2.29168661513 2.40780826726 2.51738471002 2.33164085293
-9999 -9999 -9999 -9999 -9999 -9999 -9999 -9999 -9999 -9999 -9999 -9999 -9999 -9999 -9999 -9999 -9999 -9999 -9999 6.83461366911 6.66942332941 6.80512560284 6.68624582843 6.9750197707 6.39173353567 6.244446644 5.70470434743 5.57379138596 5.05303959707 4.97643975253 5.02089436103 5.40301549059 4.80672165866 4.63257923784 4.22599798479 4.1244655329 4.05473085087 4.52514377798 4.24919062132 4.54542660456 4.07692463353 3.91807048456 3.51129943528 3.93100732667 3.93194019879 4.01150042523 4.80300189838 4.84067268765 4.2773745631 5.30509107895 3.54799785168 2.67273647543 2.24914709344 2.23314338193 2.46038311505 2.38198636557 2.00285503811
-9999 -9999 -9999 -9999 -9999 -9999 -9999 -9999 -9999 -9999 -9999 -9999 -9999 -9999 -9999 -9999 -9999 -9999 7.39618950178 7.63723607249 7.48084334176 7.40465651895 6.77435102689 6.46470829171 6.32386991559 6.13714785943 5.56886811714 5.76983985339 5.3584581151 5.19693006387 2.76478151691 1.43845288957 4.12874354171 4.8496955469 4.74335011079 5.02806022348 5.33552537294 5.2544635345 5.11122817653 4.99874409751 4.76088211155 4.07761042443 3.80296883183 2.27871179987 2.86893138204 2.41645373178 3.83667324008 6.45679658487 5.91794280986 4.77135869861 5.21843162564 5.8092169232 4.4689061692 3.56203993351 3.00507788007 2.76966649208 2.53510677221
-9999 -9999 -9999 -9999 -9999 -9999 -9999 -9999 -9999 -9999 -9999 -9999 -9999 -9999 -9999 -9999 -9999 -9999 -9999 9.06779770346 8.82362798374 8.67060355726 6.92296761312 6.69407132334 6.61599625164 6.57136351108 5.70712963539 5.60937823775 5.70279375567 6.10930524564 3.30900205577 3.2979483173 5.39130739553 5.19478065159 3.90463977202 3.53959631285 4.14635264379 3.91520115892 3.69737605513 3.70381698261 3.70634138456 4.22193971229 3.41274743555 2.18878883943 1.93153362364 4.30572206691 4.36779232651 4.1208369504 6.04477971223 5.43272937925 3.6125580577 3.41281641226 3.29397127203 2.11264090662 4.22561044799 2.89700491644 2.05767659563
-9999 -9999 -9999 -9999 -9999 -9999 -9999 -9999 -9999 -9999 -9999 -9999 -9999 -9999 -9999 -9999 -9999 -9999 -9999 -9999 8.3760233385 8.60794230494 6.95088829378 6.9853659471 6.19834311642 6.47757451837 5.70358427849 5.71656450891 6.09725236776 5.8162218261 5.40040457274 5.29434685583 4.87025601728 3.34569171901 2.45276169938 3.30554016436 4.77507731279 4.91955370396 4.91442031849 4.7050569871 4.07490601728 4.62568524512 4.74161945356 4.51235446834 4.96741908673 4.68115787624 4.28708229129 4.52590327325 4.45769035238 6.0204122083 5.64571618556 4.78317236522 3.69744188639 3.74633314592 3.75153567675 4.06035643404 3.94450598283
-9999 -9999 -9999 -9999 -9999 -9999 -9999 -9999 -9999 -9999 -9999 -9999 -9999 -9999 -9999 -9999 -9999 -9999 -9999 -9999 -9999 8.77713242658 7.17954527872 7.21771320766 6.20242155074 5.99805297003 5.66119980842 5.96414664412 5.71894207666 5.56628734679 5.47982747529 5.81414569689 5.27993753267 2.18314732421 4.89594321389 5.61902051028 5.02089153118 4.43435633729 4.30188194796 4.40057035194 4.93008177685 5.03862197469 5.22138382425 4.64058258186 4.22345365201 3.66986809452 4.06216695056 4.26025067176 4.19296888716 4.60832216314 5.06251205173 3.29205835753 4.00188389551 4.63681621863 2.65604090839 3.20467418348 3.36931138409
-9999 -9999 -9999 -9999 -9999 -9999 -9999 -9999 -9999 -9999 -9999 -9999 -9999 -9999 -9999 -9999 -9999 -9999 -9999 -9999 -9999 8.3147582044 6.88133941266 6.87405197345 6.85659281361 6.89559644011 6.36038528232 6.182890617 5.99433323691 5.36354418856 2.01407121668 4.8827608372 5.82580815306 5.53451140026 4.63084212958 4.77547374723 4.54534582062 4.37458600889 4.19975650891 4.84167698577 4.94871857886 4.8601695517 4.30704480941 4.33604513068 4.78877973151 4.6784388999 4.47916413003 4.42770617546 3.66329683147 3.74697991082 2.01993276216 1.31873526074 3.05474458004 3.55503326609 3.7774842484 2.84070441118 2.86270536776
-9999 -9999 -9999 -9999 -9999 -9999 -9999 -9999 -9999 -9999 -9999 -9999 -9999 -9999 -9999 -9999 -9999 -9999 -9999 -9999 -9999 -9999 7.07138514796 7.41145825332 7.13574353298 6.72756934079 6.25397918953 6.36889042707 5.97210865028 6.03383485227 6.02731407018 6.15458943844 5.6091511625 5.48209477723 5.63149467981 5.12481392411 5.09214193011 4.87862654358 4.66042841281 4.90324127169 4.98570959107 4.17607972179 4.30768657323 4.81968736832 3.85875516119 3.68622344195 3.28201253864 3.69269996682 4.14921461755 2.7815310718 0.965717507245 2.09487283442 5.67731475889 4.80223861512 2.90440311575 2.60359378377 2.70266921816
-9999 -9999 -9999 -9999 -9999 -9999 -9999 -9999 -9999 -9999 -9999 -9999 -9999 -9999 -9999 -9999 -9999 -9999 -9999 -9999 -9999 -9999 7.18471185258 7.08765822326 7.01041187681 7.02087409517 6.62049214345 6.26445991255 6.1635473971 6.2385390456 5.94824480481 6.00868557934 5.9438481146 5.58923609311 5.15986812593 5.71324332267 5.08934811303 4.9338441924 5.23325465634 5.24545086456 4.42764073438 5.03058516693 4.342988456 3.89631804378 3.68875163815 4.22205060111 4.62629908043 4.67928224838 3.54816419821 3.35214435413 2.688365826 3.98019699582 4.31933631844 5.69962808679 4.47382322873 4.25655427203 3.4912514984
-9999 -9999 -9999 -9999 -9999 -9999 -9999 -9999 -9999 -9999 -9999 -9999 -9999 -9999 -9999 -9999 -9999 -9999 -9999 -9999 -9999 -9999 7.2316341849 7.42036206983 7.55235466935 7.05408193782 6.8480483339 6.72763083874 6.34432149781 6.64194382981 6.20863226841 5.93029833192 5.70030072421 5.65693602181 5.79409005163 5.07553362684 5.04940691556 5.62206149031 5.31633560108 5.13033531609 5.15178049126 4.66192440609 3.98937282242 4.44347103914 4.83532748344 4.72646633537 4.74102648499 4.45386504869 3.90750500051 3.91255742473 4.35232495659 3.96007480069 5.22745425832 5.51310632687 5.49302537622 5.64224384685 4.36270608862
-9999 -9999 -9999 -9999 -9999 -9999 -9999 -9999 -9999 -9999 -9999 -9999 -9999 -9999 -9999 -9999 -9999 -9999 -9999 -9999 -9999 -9999 -9999 7.61180718399 7.72159452973 7.13984529525 6.58080829336 6.53298390079 6.10843650966 6.50672407254 6.22091667865 6.43219829157 6.18823839841 6.3101743217 5.51821385109 5.73803884229 5.80022166091 5.50115449795 4.63295206674 4.52810564781 3.96714079737 4.52644390335 5.0631551901 5.07409235246 4.71208742055 4.45946130161 3.4404349044 3.29789644239 3.19127973284 3.34938447499 2.86916413802 3.31266566678 3.66632417709 5.82764119499 4.7311025355 3.61910655589 4.07626258273
-9999 -9999 -9999 -9999 -9999 -9999 -9999 -9999 -9999 -9999 -9999 -9999 -9999 -9999 -9999 -9999 -9999 -9999 -9999 -9999 -9999 -9999 -9999 7.66309511647 7.27082842246 6.80783565764 6.41566012664 6.4889980217 6.39508893524 6.64907973219 6.57867961711 6.73704608953 6.38802479026 6.24332552361 5.83628361186 5.74458155871 5.48935335074 5.18012152299 3.80121238809 2.3076026542 5.59831283267 5.60922822124 5.45102620563 4.82404993766 4.0281405784 4.18779185795 4.45281316331 4.71975528498 4.29070586213 4.2333023448 4.43961114883 4.52574193798 3.57866883219 3.1014863558 2.92220816724 3.84609447326 2.97950120604
-9999 -9999 -9999 -9999 -9999 -9999 -9999 -9999 -9999 -9999 -9999 -9999 -9999 -9999 -9999 -9999 -9999 -9999 -9999 -9999 -9999 -9999 -9999 -9999 7.65525217035 7.01080017639 6.51240098184 6.84593954228 6.61752881917 6.32863275842 5.27462957508 3.29937267904 4.79924550775 6.29802369553 6.24241300648 5.2656072918 4.94882942926 5.68840871546 5.00750210127 4.39399178505 5.79004337218 4.865326645 4.11203173742 4.34552556338 4.82294679601 4.62390513336 3.88611171438 4.33388796531 4.58940247236 4.27552569407 3.63102551901 3.06854587178 2.69667600918 2.59839119906 3.87513141833 3.13175018257 3.18858313272
