data/recharge/transience/oldversion/mHM_recahrge_462.ASC
ncols   80
nrows    72
xllcorner    4374000.0
yllcorner    5656000.0
cellsize      500
NODATA_value  -9999
[rows 25 to 49 of 72, columns 0 to 56 of 80]
-9999 -9999 -9999 -9999 -9999 -9999 -9999 -9999 -9999 -9999 -9999 -9999 10.6766288945 9.82849438539 8.65565326983 8.90570185864 6.83679334723 6.75846226652 6.42753643403 7.52876390288 6.7860321671 6.11370206136 5.65715547949 3.28671880998 5.39105292602 8.36361518459 6.15950490547 6.44963030579 6.8907751956 6.03003453663 5.44661376626 5.0065869975 3.90899225199 3.76595895891 3.55571901206 3.7863200544 3.45955409794 5.03671993267 3.30096878293 4.22121650057 3.59253736646 2.75271782756 2.85701527929 3.41688602772 3.17815616681 3.28643027563 3.21209773224 3.18228900792 3.12308200889 3.46639448341 3.36640612026 2.91555008241 1.87402095273 1.41647561 1.37714562202 1.55806444178 1.50936747264
-9999 -9999 -9999 -9999 -9999 -9999 -9999 -9999 -9999 -9999 -9999 -9999 -9999 8.17721402324 9.38944610663 9.91933178237 9.18296347446 9.03213067209 7.75060819888 6.92084127953 6.92578920808 7.55250312377 8.17392472973 6.87011181902 7.70667727428 6.88531854058 6.81534700813 6.56855899645 6.4235557624 6.99085120361 6.10478279623 5.60773420232 4.17910606201 4.67951654119 3.3634106849 1.26825873852 2.72820541617 3.70735924029 4.92051227874 3.43104725455 2.83729100793 3.69697034319 2.20312952035 2.72837142032 2.26690363362 2.36382232715 2.59449880475 2.44737462905 1.75661608445 1.39234947065 1.31865119666 1.45347417266 1.65237363029 1.71092146654 1.33414496674 1.09879150452 1.21298236348
-9999 -9999 -9999 -9999 -9999 -9999 -9999 -9999 -9999 -9999 -9999 -9999 -9999 -9999 8.88898623611 9.14268778332 8.16493137337 7.90116579957 7.87672261163 8.51135638604 7.40263106285 8.64952801477 7.58296594933 6.99410213304 6.05893127059 5.81868591612 6.77323416099 8.31156515511 6.77710587105 5.89057634985 6.15350545869 6.14620621664 5.54609401008 6.27183170337 3.76050894193 2.06244531201 2.57094686789 4.21748667626 2.8877677549 1.83091344321 1.9810504251 2.61725769539 3.48548134212 2.60725661924 1.73417398017 2.08530657123 1.45707357756 1.28973608503 1.30524341289 1.72467346295 1.57023007943 1.10675510197 1.04729188283 1.0403317937 1.69286903459 2.78968766127 2.63660310327
-9999 -9999 -9999 -9999 -9999 -9999 -9999 -9999 -9999 -9999 -9999 -9999 -9999 -9999 4.16790937036 7.16880399609 8.42835170544 8.30163778751 7.96874151726 8.47897471989 8.72763735751 8.50513633878 7.18008690009 9.37985321371 9.11497324389 9.16570452537 5.90958139779 5.58635738433 6.33399397769 6.97438924597 4.97026285025 2.84166174094 5.35995669742 8.83762280668 5.40517305951 2.12303626809 2.5221947195 2.39776141422 1.90217888496 1.77111710967 2.57005017566 2.9671260386 2.82666813188 3.26832543216 2.57878770977 2.00885638067 0.890105550147 0.743397507375 0.968373217564 1.12597473052 1.98223743833 2.3420882581 2.65072821188 1.91261369001 2.01552867837 1.97158871177 4.62023270444
-9999 -9999 -9999 -9999 -9999 -9999 -9999 -9999 -9999 -9999 -9999 -9999 -9999 -9999 5.41912528067 7.63935263844 8.91097018382 9.02196550086 9.29907384597 9.14909986104 8.41902239441 9.03896346956 9.31412041798 8.27093710901 7.24459375018 6.43209607319 6.81595154284 6.56898856722 5.1533039096 5.92594447826 5.65297197859 5.398894733 4.88635134653 7.55925319359 8.98328275809 2.02136781161 2.41474225139 5.0101411557 1.61353334011 1.46551299708 2.49992483262 3.01908004827 2.41385730507 2.51892941886 1.79582303644 2.07020019633 1.38685942186 2.04552801147 3.67629178952 3.96415813077 2.87609927538 1.45904668782 1.77088371321 1.35806635286 1.2761251272 1.96142003757 2.39054096564
-9999 -9999 -9999 -9999 -9999 -9999 -9999 -9999 -9999 -9999 -9999 -9999 -9999 -9999 13.8941787828 11.6779334797 11.4844864343 12.5539113984 11.9863041222 11.7615930674 9.45514377022 8.73649005694 8.05546981275 8.43431344311 7.37174534397 7.91984368202 6.79022644811 7.5924044237 6.59815060588 5.97137290364 6.09806429749 6.93049320756 6.18217239492 3.21708977089 2.30154778615 2.339281194 1.9641875744 4.01698722154 1.53465705707 2.22849272844 1.58543516433 1.82838682283 1.78943673204 2.00759961445 1.56677788275 1.68495008734 2.80324680169 2.730810489 5.05736415513 6.03127532168 3.53639125593 4.70586753291 3.0720084842 3.73996713611 3.44710499117 2.80588290542 3.17467444258
-9999 -9999 -9999 -9999 -9999 -9999 -9999 -9999 -9999 -9999 -9999 -9999 -9999 -9999 -9999 9.4967478308 9.37619188288 9.85597884419 12.2548882946 9.01895213213 7.53348139746 7.79246212703 8.49704642956 8.45769834083 7.26071361574 7.47451313765 6.38247323639 6.69787885078 5.14998707067 6.09664300399 4.78820796035 4.63234077573 4.17818376219 4.13948979142 2.59312560903 2.62964424585 2.3882308148 2.31768172251 2.15798313606 1.47337550004 0.872448398576 1.26872762168 0.844445382971 1.14216731861 1.40634927373 1.17363001506 0.695418380252 0.743047742336 1.30207738991 2.06764026031 1.628750696 1.39670044261 2.50960138354 4.52838277007 4.23915682233 4.16438115028 3.40191287931
-9999 -9999 -9999 -9999 -9999 -9999 -9999 -9999 -9999 -9999 -9999 -9999 -9999 -9999 -9999 -9999 9.50936494326 8.86064388106 9.2063440295 12.2780140926 11.9810697356 10.9707919377 8.51794960663 7.39679102655 7.94054459705 7.20762862957 6.47278421142 5.84455416722 3.96957726552 6.76291072501 7.77276548514 5.49031357946 5.34362851297 3.36955516696 2.45799696734 2.85008977044 2.77524782738 3.10361456179 3.00267096727 3.85336620475 5.54177596462 5.41076052476 3.78056562436 1.31057329318 0.69808579938 0.538046854798 0.434788191024 2.11405288618 1.70259509264 1.20708359442 1.85320149386 3.18189053881 2.23763352819 1.73707513692 2.11421518673 1.81542201478 1.66394032731
-9999 -9999 -9999 -9999 -9999 -9999 -9999 -9999 -9999 -9999 -9999 -9999 -9999 -9999 -9999 -9999 11.2298999693 11.6475779186 12.5405385895 11.2655517049 9.02269817703 9.61433404818 8.60413503404 7.96215974989 7.56516876215 8.42229446402 7.03148909853 6.85888637899 4.79909133214 5.62800135168 3.44996893276 2.95473702642 3.66832741358 3.1753516326 3.43994625667 2.670454378 3.57782970516 3.29689918952 2.93630912484 2.70693839757 3.39842064569 2.59482001178 4.06303101641 4.64401923413 1.92597092786 1.21361133064 1.19434757561 1.58529817628 1.08500430255 1.59007533192 2.40296216447 2.56148348571 3.4927163827 3.76679759625 4.72922064308 3.17109276716 1.68455603069
-9999 -9999 -9999 -9999 -9999 -9999 -9999 -9999 -9999 -9999 -9999 -9999 -9999 -9999 -9999 7.05589081586 7.65189064221 9.37720060911 10.9771713709 10.6057580059 9.96364794955 9.55933565727 8.58069274489 7.87845874974 7.07268861048 7.66654752497 7.19500745977 7.3754551707 5.36390296692 6.18280907853 6.00485241999 6.22466812185 6.38807520493 4.04338534782 2.97584146629 2.88735507004 3.37830416136 4.98144581507 3.78028924828 2.03367203915 2.53266653569 2.06352914896 1.47823330385 1.44757347171 1.50577185953 1.08783813146 1.16060008955 1.55356690219 1.85132913341 2.80822585873 2.01561953407 1.4534900293 1.64396462629 1.91204240638 2.12793750933 2.21288646783 2.66718371801
-9999 -9999 -9999 -9999 -9999 -9999 -9999 -9999 -9999 -9999 -9999 -9999 -9999 -9999 8.42444730297 8.01714020994 8.0530322368 9.40935244321 9.61630744579 9.65778925842 8.8835060697 10.1117701052 8.35638800259 8.74776913143 7.10657706525 6.68870744291 6.24368420925 6.52572634141 5.94014791254 5.93259949951 5.1789144038 5.33491572474 4.38372704392 5.54421483812 5.14878086433 7.24807147157 4.13518533557 2.38185787635 1.65884231441 2.68010336381 2.45254456015 1.17853873157 1.03936973678 1.15418405191 0.812900098674 0.699193771858 0.827435804449 2.40606924034 2.69325217547 2.04884730768 1.70703774253 1.68455916835 1.81510660543 1.75861536569 1.59607931355 1.74090391278 1.92684683697
-9999 -9999 -9999 -9999 -9999 -9999 -9999 -9999 -9999 -9999 -9999 -9999 -9999 -9999 9.69635302068 10.8782956568 10.120484832 9.14750286144 8.30522373694 7.88268947531 7.61349102167 8.93891829378 8.31403760808 8.89178626393 7.38292446905 6.28829589894 6.54407674553 6.94606625032 6.06078195991 6.30656030062 6.31527110197 7.39535152901 8.01122762849 7.22360547085 4.97537659154 8.24091464302 6.16172747178 8.60240516606 3.27347551588 3.41743754471 5.47297797341 4.69466609225 1.47559711657 1.32761760574 1.17638832521 0.710600299595 1.16814869251 3.97106824545 4.28308737565 5.02776227843 4.92875581931 4.87248636997 3.4571898508 2.94625035829 3.43973841735 3.26634357335 2.32339281972
-9999 -9999 -9999 -9999 -9999 -9999 -9999 -9999 -9999 -9999 -9999 -9999 -9999 -9999 -9999 -9999 10.3757483268 12.7749533003 13.2455039256 13.0007335947 11.1234191536 8.37074894694 9.71708152342 9.77830973753 7.90971800642 8.36997919992 5.62476054925 6.00264893951 5.3516869813 6.75565227251 7.17433796069 7.52734054896 7.31333042257 6.19207831625 6.77860617194 6.84615854989 7.03650761161 4.01195343086 6.4269363529 7.09354252434 4.24975735166 3.52509910662 4.42254371903 2.79488476504 0.850920927195 1.00583715428 0.903910920284 1.77994845492 2.67120121623 3.31038911109 3.15448191769 3.27332673861 2.86693853913 2.39454555742 1.48297435268 1.6079017092 2.645519257
-9999 -9999 -9999 -9999 -9999 -9999 -9999 -9999 -9999 -9999 -9999 -9999 -9999 -9999 -9999 -9999 14.0413457177 13.3730226971 13.4639036808 10.3355990914 11.2253690005 11.3364869755 7.77598785151 8.31533382305 9.09305787388 9.81862648115 8.59649414439 8.19572977596 7.72244683727 7.78516392912 9.1614826681 8.64213750214 7.38366342244 6.72337463935 5.03405176248 5.43829268797 5.86877383237 6.93157784287 4.58208712431 3.79677878488 4.93736770671 6.49995066109 3.88095539114 4.04990111822 3.76624239328 0.954245308677 0.528311635271 0.958506701732 2.46233817154 1.77806983653 1.330542284 1.36093348775 1.06153380052 1.27493471759 1.25296127819 1.26529612768 1.16482988101
-9999 -9999 -9999 -9999 -9999 -9999 -9999 -9999 -9999 -9999 -9999 -9999 -9999 -9999 -9999 -9999 -9999 -9999 13.6460054123 11.5147254012 9.87858692195 11.0955756892 11.2120754017 9.98734487416 8.50032094539 8.65749541356 7.80051176515 8.0951529954 7.44298610419 7.26754506633 5.95409648221 5.13643898372 5.21964684427 6.10386389946 4.93362863771 6.24077849639 6.35904292573 4.57254276183 4.29697650824 5.51076176048 4.07809822195 3.5458649929 3.12085841541 3.09376891798 2.88791083887 2.59892546137 0.658616753774 0.647939522858 1.13772896307 1.28255491105 1.55297989428 1.79367279924 1.09153443556 1.13194439689 1.38954459294 1.52340908092 1.288947053
-9999 -9999 -9999 -9999 -9999 -9999 -9999 -9999 -9999 -9999 -9999 -9999 -9999 -9999 -9999 -9999 -9999 -9999 -9999 9.6854320978 10.210523784 10.9673926495 10.9072434678 12.6274497372 9.89554842139 9.18536381905 7.41500592769 7.50455290835 5.69499527815 5.4232935391 5.90668772624 5.37347588114 4.85391998543 4.91247181948 4.03711137208 3.46929973445 3.42112242881 5.01335954174 4.67727718288 5.24392153064 3.89071608466 3.49024774464 2.79203260799 3.64777333262 3.80231827227 3.99028039694 2.12957729994 0.633979343678 0.508634366069 0.998508740037 1.24754073422 1.53227995743 1.14875284579 1.13417077194 1.42940455105 1.34896716876 1.02648470484
-9999 -9999 -9999 -9999 -9999 -9999 -9999 -9999 -9999 -9999 -9999 -9999 -9999 -9999 -9999 -9999 -9999 -9999 12.4404948328 13.5830674779 14.3279221685 13.9470884386 11.5646667157 9.82116092042 9.56792161573 9.42447232141 7.88625941397 7.96011331434 6.81845444601 6.18171895145 3.77723832229 2.6485545595 4.09931059168 5.43955320523 4.82977213828 5.82588767365 7.34482890727 6.96121916532 6.57926258226 6.20951600045 5.76526296107 3.88431557692 3.26378661233 2.07881043822 2.30815509454 2.07877615302 3.27881849817 2.80404035936 1.18431369041 0.65489661894 0.856083120898 2.0739490031 2.91301492566 2.98831554787 2.08867984623 1.79787071523 1.5275931039
-9999 -9999 -9999 -9999 -9999 -9999 -9999 -9999 -9999 -9999 -9999 -9999 -9999 -9999 -9999 -9999 -9999 -9999 -9999 15.9857218115 15.957298124 15.1577984998 12.2019324815 10.6121926727 10.9722052498 10.7682457522 8.22740066712 8.66724300981 7.61995392081 9.38752102055 7.23932046655 7.14966296579 8.5118017928 6.19112325103 4.95686705723 3.92200047244 3.35599211124 2.8271343046 2.53852234153 2.53906548497 3.08773001382 4.41686053706 3.56825933973 3.55344122638 3.83845424804 6.37365110957 5.07645016336 3.67094151682 1.83100887538 0.923683480825 0.363479459959 0.743455257852 1.8554834302 3.24731919786 2.59000608899 0.896515562157 0.989269642245
-9999 -9999 -9999 -9999 -9999 -9999 -9999 -9999 -9999 -9999 -9999 -9999 -9999 -9999 -9999 -9999 -9999 -9999 -9999 -9999 13.3221932652 14.6139720277 12.3673160614 11.5624950815 8.84686357327 10.2693697802 8.25487368143 9.0654883374 9.92332116314 8.68237263278 7.28601743639 6.88669556311 6.08972163076 5.58114700455 4.44860495215 5.20613338056 5.44321767452 6.3240515495 6.30245140101 5.81607294727 4.53521827677 6.11521305396 6.01462654366 5.18350753051 6.81816353996 5.88043833331 4.86979193063 5.53935824746 4.60162945972 2.77527125813 1.49440646284 0.966974192988 0.466067955855 0.318091929066 1.38921249863 0.525015171836 0.543590131077
-9999 -9999 -9999 -9999 -9999 -9999 -9999 -9999 -9999 -9999 -9999 -9999 -9999 -9999 -9999 -9999 -9999 -9999 -9999 -9999 -9999 14.0025829742 13.2761487724 13.3454189981 8.76027593324 7.86135777555 8.20395145432 9.78496679167 8.20866347059 7.53231587843 11.3826675603 9.96253034815 7.62001959471 4.68957085185 8.96420940086 8.67263167014 7.23258750558 5.59160975311 5.0547776569 5.31058725374 7.348854654 7.77302785296 8.50053121125 5.63402609974 4.62727215008 3.33294659411 4.3611059284 4.87041740883 4.80566548942 5.99646793391 7.76156278248 3.67853501167 2.44894344866 0.865116364056 0.287714596618 0.375323718365 0.426426703512
-9999 -9999 -9999 -9999 -9999 -9999 -9999 -9999 -9999 -9999 -9999 -9999 -9999 -9999 -9999 -9999 -9999 -9999 -9999 -9999 -9999 11.8119197508 11.7118106122 11.7463626802 11.5748757062 12.4148872187 10.4041151992 10.3120939896 8.78210616073 8.86290312515 5.07640748814 8.48972804681 8.93549166391 7.57224002147 4.89259079658 6.09271735485 5.58500146481 6.10754284526 5.7008731474 6.94739415288 7.44125771212 7.10431565339 5.45975418791 5.16502426964 6.340299926 5.98652844406 5.51615597298 5.35747326192 3.56951295431 3.63386018679 3.90670240937 2.50384415776 1.00978570023 0.602167180136 0.500555629394 0.314031314206 0.332097762551
-9999 -9999 -9999 -9999 -9999 -9999 -9999 -9999 -9999 -9999 -9999 -9999 -9999 -9999 -9999 -9999 -9999 -9999 -9999 -9999 -9999 -9999 12.4492713467 14.3133274864 12.5999046918 11.2213500065 9.76519979045 11.169350377 9.28243792028 9.12088822527 9.25755807488 9.88420905192 8.46672754036 8.30856169286 9.51589132145 7.38735113856 7.99084540987 7.44582029334 7.53229487993 7.25071803835 7.65363651167 4.88552072559 5.56046497012 7.31574450876 3.99365634875 3.47087881783 2.9021867231 3.86786409196 5.18189848177 4.61826285551 2.39084039806 2.92669207225 1.61720596615 0.820407411079 0.342719407209 0.297360454175 0.327649315527
-9999 -9999 -9999 -9999 -9999 -9999 -9999 -9999 -9999 -9999 -9999 -9999 -9999 -9999 -9999 -9999 -9999 -9999 -9999 -9999 -9999 -9999 12.9578437172 12.5554260469 11.9070208409 12.9197952354 11.0728791685 10.0107128641 9.79604902877 10.2000146972 9.44768762742 9.73880742512 9.98741303353 9.13007915141 7.55161898194 9.94628700467 7.51492765041 7.14119404027 8.7248443551 8.41549618924 5.68295106586 7.8184830932 5.68219670636 4.32588803532 3.91195302083 4.78036829727 6.13809994448 6.19859232132 3.40912223574 3.13818857911 1.96277621009 2.70883587053 0.649691230617 1.28388650673 0.74341186535 0.669722271997 0.483674737036
-9999 -9999 -9999 -9999 -9999 -9999 -9999 -9999 -9999 -9999 -9999 -9999 -9999 -9999 -9999 -9999 -9999 -9999 -9999 -9999 -9999 -9999 12.7457463494 13.9315759944 14.6044166822 12.8674234499 11.565455894 12.4254956344 10.9935399394 11.9035184883 10.4698425129 9.1880503061 8.67664804321 9.25633844216 10.3074430008 7.20819680632 7.35728723943 9.7721054813 8.77800305944 7.96833204717 8.36436616895 6.56979555224 4.67245733798 6.09413090953 7.66017355971 7.00034161191 6.50910667696 5.58866152317 4.28016970148 4.28852926102 5.52563282047 4.49703203832 1.31364222756 1.19779793528 1.27393569193 1.37772825996 0.77397040835
-9999 -9999 -9999 -9999 -9999 -9999 -9999 -9999 -9999 -9999 -9999 -9999 -9999 -9999 -9999 -9999 -9999 -9999 -9999 -9999 -9999 -9999 -9999 14.804439699 15.8528551778 13.3619485268 10.7361827694 11.9758331626 10.8964859083 11.3106243761 10.5757435392 11.5115399089 10.8906049729 11.9725554818 9.04824445658 10.0344634875 10.6095132016 9.24759658999 6.1835334153 5.73319638826 4.33989978734 6.13722685218 8.1986009455 8.33114820942 7.17586395432 6.32191112557 3.33106481945 2.92453522886 2.86106175326 3.12574931262 2.45892160124 3.15885103253 3.38654534227 2.81530684792 0.979098232941 0.818819679682 2.31424881547
