data/recharge/transience/oldversion/mHM_recahrge_200.ASC
ncols   80
nrows    72
xllcorner    4374000.0
yllcorner    5656000.0
cellsize      500
NODATA_value  -9999
[rows 24 to 47 of 72, columns 0 to 53 of 80]
-9999 -9999 -9999 -9999 -9999 -9999 -9999 -9999 -9999 -9999 -9999 -9999 0.72884725359 0.511381513119 0.324183438317 0.238856898698 0.153271297474 0.177782114105 0.169159636786 0.117769810401 0.165955658504 0.143787125586 0.0759586213952 0.117450981306 0.0668173060524 0.0853335564759 0.0995108516018 0.0769244874222 0.0497860664904 0.0848608957989 0.0531776782121 0.060005041458 0.0885737782977 0.110103434565 0.0234170478247 0.0206949896707 0.0154677583129 0.0246479133427 0.0426719924451 0.0254427213618 0.0562580549614 0.059980155824 0.0556918715348 0.0552130466279 0.0637108126213 0.0625964991106 0.0480989016073 0.0411569294425 0.0447474970731 0.0606489441472 0.0622669640544 0.0467067914396 0.0398990165003 0.0115867503661
-9999 -9999 -9999 -9999 -9999 -9999 -9999 -9999 -9999 -9999 -9999 -9999 0.416929106869 0.485595272893 0.39871643175 0.384742956124 0.223790799021 0.202062811857 0.11796205688 0.209607310212 0.142434246264 0.15802399093 0.122876058613 0.0322594793233 0.041435837241 0.0863897689625 0.105716938473 0.0877325792201 0.0548796162511 0.0402683935517 0.0316036643841 0.0266215229817 0.0249689481773 0.030878622684 0.0171251166414 0.0150167311868 0.0200566754387 0.0269095884775 0.018715803962 0.0213375205241 0.01781532448 0.0118028174386 0.0302239298494 0.0557391658014 0.055844729072 0.0579021758723 0.06122837098 0.0606028694642 0.0654232618522 0.0728905382764 0.069415004731 0.026762809526 0.0143818838372 0.00982902274207
-9999 -9999 -9999 -9999 -9999 -9999 -9999 -9999 -9999 -9999 -9999 -9999 -9999 0.40197900706 0.426958768048 0.462521365718 0.270729654798 0.224197111842 0.144950501385 0.109752725333 0.107405811605 0.196780327995 0.202726177536 0.179475304078 0.0853031348181 0.0498779236682 0.0624819026492 0.0494869433801 0.0488774820074 0.0593657756118 0.0423108127168 0.0351426582872 0.0486295239019 0.0147664338706 0.0184640208471 0.0050134293779 0.0146965996881 0.0229021857509 0.0275995000104 0.0158425156743 0.0124903658048 0.0203383159268 0.0102268554648 0.0129880784577 0.0146343855313 0.0245040082196 0.0507961193896 0.0479748079017 0.0171464917435 0.00812649343368 0.00796548047013 0.00932802532229 0.0125899713999 0.0134377016925
-9999 -9999 -9999 -9999 -9999 -9999 -9999 -9999 -9999 -9999 -9999 -9999 -9999 -9999 0.267399982575 0.290795415365 0.193056982857 0.186855832337 0.163374801586 0.186503499079 0.134054602268 0.198661084043 0.189875264071 0.151021848903 0.0758764500133 0.0653490902107 0.0755740544013 0.0935392086613 0.0546073100043 0.0402978323602 0.0430044612877 0.0563340230259 0.0853331991577 0.0259768573696 0.0225999737009 0.00866511076238 0.0111645437556 0.0203870751037 0.0198214719675 0.00812897265385 0.00768511730027 0.0130332829721 0.0216634996219 0.0133975961094 0.00809563293627 0.0107327557625 0.00890413283522 0.00768058187102 0.0083408755706 0.0111148173285 0.0104565866038 0.0064258286384 0.00659978841779 0.0102813799904
-9999 -9999 -9999 -9999 -9999 -9999 -9999 -9999 -9999 -9999 -9999 -9999 -9999 -9999 0.430810706788 0.311588653362 0.272625352907 0.201780427352 0.163146660005 0.18143364525 0.160477557566 0.195160675631 0.101866439165 0.190495310807 0.120026987787 0.150012713122 0.0609559965098 0.0927981854581 0.108855807539 0.0954160648281 0.0703070172191 0.0685219378888 0.0913747405994 0.264526210801 0.0629944158989 0.0205999479621 0.0127960076023 0.0133344037544 0.00801287933418 0.00758068317718 0.00836695122405 0.0116859344774 0.0139087466283 0.0186990595453 0.0157330234234 0.0105398856106 0.00476212791842 0.0090688127814 0.0126440488943 0.00717431468548 0.0151033949243 0.0196896934625 0.0260466207816 0.0179383466188
-9999 -9999 -9999 -9999 -9999 -9999 -9999 -9999 -9999 -9999 -9999 -9999 -9999 -9999 0.412114057894 0.422354137113 0.334713006291 0.238434169809 0.235708173518 0.241869445309 0.2030575316 0.206874542461 0.194155880248 0.121725573401 0.0792996242782 0.0675103505458 0.112390523608 0.123273848498 0.081773328197 0.0990138079921 0.0889720045637 0.0758796556825 0.074310831396 0.0588002792885 0.111142249147 0.0233916318651 0.0312318230139 0.0600929966387 0.0244858366247 0.0067033723361 0.0105236434832 0.0141690489586 0.0108908526279 0.0116209434686 0.00861771388946 0.0110540782417 0.00717351437035 0.0129843666663 0.0394594632187 0.0427445228221 0.0294434067384 0.0138982616571 0.0267427810091 0.0232088497605
-9999 -9999 -9999 -9999 -9999 -9999 -9999 -9999 -9999 -9999 -9999 -9999 -9999 -9999 0.745922539998 0.566707862683 0.488585879904 0.427879552153 0.335359977762 0.436092050944 0.195632119014 0.186663254396 0.201750989967 0.161822129967 0.105861267871 0.117761960642 0.0911231467765 0.154509944947 0.120452914495 0.101253314617 0.0975573056876 0.11767910341 0.0948193261493 0.0291403734145 0.0258142640003 0.0262236449411 0.0219911688193 0.0538399428305 0.017553049425 0.0289364098421 0.00738519882942 0.009428065959 0.00697240966777 0.00825837727442 0.00649927827703 0.00777797145264 0.0188626277464 0.0222338999891 0.0523879558291 0.0606307916495 0.0426834444478 0.0549304349324 0.0333919381793 0.0390425258479
-9999 -9999 -9999 -9999 -9999 -9999 -9999 -9999 -9999 -9999 -9999 -9999 -9999 -9999 -9999 0.420530949968 0.362167830461 0.316030982732 0.36724739046 0.249782773792 0.136804199159 0.132697253683 0.152641970857 0.179884459557 0.104112943108 0.11613596756 0.0812044866104 0.116920529399 0.168641486685 0.097001499649 0.0703053374457 0.0703375190567 0.0569815027333 0.101208845735 0.0289572195996 0.0293540773619 0.0265498826722 0.0257971257874 0.023939661511 0.00880880185057 0.00346110010333 0.00515534063188 0.00486839639464 0.00447854890509 0.00528744441575 0.00571024152607 0.00656578514764 0.00761925660819 0.0109024853981 0.0131762379435 0.00968944481422 0.00774903269339 0.0208294835412 0.0562403032989
-9999 -9999 -9999 -9999 -9999 -9999 -9999 -9999 -9999 -9999 -9999 -9999 -9999 -9999 -9999 -9999 0.374417727922 0.251795736186 0.281212477786 0.422729293982 0.281705289456 0.354802015748 0.142137512579 0.102849449711 0.120402945278 0.0972041772534 0.0790757901361 0.0526395561676 0.100382178228 0.102981907501 0.112906162153 0.109676842306 0.262541323669 0.166530642778 0.0269516415452 0.0310818349863 0.0290614268008 0.032471605224 0.0305797595663 0.0432512455273 0.0249394967882 0.0212975439019 0.0176595341667 0.0120211600052 0.00626522468457 0.00420691690832 0.00331323474437 0.01193428288 0.0088280847675 0.00536944757311 0.0107877812155 0.0258158926933 0.0152501867348 0.0102957894388
-9999 -9999 -9999 -9999 -9999 -9999 -9999 -9999 -9999 -9999 -9999 -9999 -9999 -9999 -9999 -9999 0.345339004624 0.339437789542 0.33113236346 0.28416127327 0.196193171506 0.294601514338 0.243443729087 0.145302324049 0.112626641746 0.134595120599 0.0949648388664 0.077764122976 0.0925191510643 0.0842101687594 0.070225050976 0.0754684457754 0.0807626047147 0.0951648169542 0.0493189972063 0.0291760747392 0.0406822508266 0.033759182521 0.0299015229725 0.02870200948 0.0119718976406 0.00851809254021 0.0139599667809 0.0365863182949 0.021220930656 0.0129216674249 0.0115969566253 0.00930053248776 0.0052413245618 0.00796016757212 0.016298957109 0.0180817368862 0.0315646445225 0.0358890806121
-9999 -9999 -9999 -9999 -9999 -9999 -9999 -9999 -9999 -9999 -9999 -9999 -9999 -9999 -9999 0.194968273274 0.192770177259 0.238218611679 0.291324180625 0.275348043631 0.187261684447 0.180248810197 0.133765379767 0.135124629561 0.102339613875 0.116603001766 0.0966791978037 0.104816425515 0.0852213088167 0.0946522712895 0.0901682958221 0.094856277718 0.093142661572 0.0499922348862 0.0166818418822 0.0156777620725 0.0129715690925 0.0536946652399 0.0425277058097 0.0205746481456 0.00919381216577 0.0131137793352 0.0131457482219 0.0128441496363 0.0154365719766 0.0105800375591 0.00412374173117 0.00912864331387 0.00986927372454 0.017948799282 0.0111055339905 0.00673773038786 0.00859559487997 0.0108229891077
-9999 -9999 -9999 -9999 -9999 -9999 -9999 -9999 -9999 -9999 -9999 -9999 -9999 -9999 0.280881041653 0.237268650565 0.208922314946 0.229965808603 0.192872583604 0.235594569569 0.181631979659 0.225358781952 0.148918783077 0.160724233365 0.103342086732 0.0935121109187 0.0765804840968 0.084267974897 0.0965336745457 0.0963279242066 0.0735483501619 0.0764932722555 0.0371490781233 0.0366870759774 0.044963854281 0.0545536633796 0.0111245718985 0.00726011100643 0.00984476708719 0.0122267844975 0.00919513340929 0.00990534973892 0.00873399209925 0.00991122827494 0.00725607970289 0.00587923035776 0.00739201435725 0.0136712887664 0.0168233312408 0.0106768719655 0.00854948858581 0.00837969478704 0.00998481615787 0.00951915829966
-9999 -9999 -9999 -9999 -9999 -9999 -9999 -9999 -9999 -9999 -9999 -9999 -9999 -9999 0.329766018458 0.391554498483 0.318418401517 0.228760270688 0.162971922531 0.138419956638 0.142304114003 0.191711308649 0.14646350873 0.163206675572 0.113015398566 0.0832606721329 0.0589858634285 0.0528661896386 0.0500145138048 0.0927267006265 0.0902885652141 0.0695371231838 0.0812905615427 0.0625964787073 0.0436135931128 0.0687624552582 0.0446311244484 0.0614131651361 0.0270222191886 0.0280098707363 0.0414875734858 0.0366673006115 0.0135998737135 0.0120512282877 0.011389251949 0.00583909252954 0.0121419753056 0.0282853680774 0.0324229913361 0.0414315032818 0.0429704376064 0.0420359118452 0.0256773354332 0.0196447578217
-9999 -9999 -9999 -9999 -9999 -9999 -9999 -9999 -9999 -9999 -9999 -9999 -9999 -9999 -9999 -9999 0.330818407979 0.542116639619 0.533907439961 0.509391906682 0.262820467934 0.155567000066 0.188409186259 0.190481960417 0.126442608771 0.108066151381 0.044602586167 0.049445896134 0.030702326935 0.0555099159128 0.0570959321322 0.07013891395 0.0650446464327 0.0448235259429 0.0523194408715 0.0534887975309 0.0478498674575 0.0268610493552 0.049215745508 0.0576759343038 0.0244486846642 0.0211499108565 0.0207169012948 0.0120761197868 0.00751850333193 0.00936722198835 0.00874681803218 0.00903295456248 0.0146710211473 0.0197804561276 0.0197668204109 0.0210325685701 0.0187943357676 0.0140054209232
-9999 -9999 -9999 -9999 -9999 -9999 -9999 -9999 -9999 -9999 -9999 -9999 -9999 -9999 -9999 -9999 0.693723616155 0.608661312544 0.530399569745 0.269866882282 0.288937159944 0.275523609159 0.128018498023 0.148158181132 0.14776226817 0.143492105461 0.107022659696 0.0958895812637 0.0729614640464 0.0709793751733 0.0931660903897 0.0804881577345 0.0501894771108 0.046077149627 0.0249554157184 0.0290117724908 0.0326822182401 0.0470025296029 0.0208599325777 0.0161505063226 0.0270505856932 0.0473541029318 0.0105462855997 0.0142220020278 0.0284567934399 0.00813369674158 0.00368228523617 0.00613204794617 0.0110537189104 0.00643851502743 0.00449992989944 0.00465546126476 0.00362486957335 0.00476393725935
-9999 -9999 -9999 -9999 -9999 -9999 -9999 -9999 -9999 -9999 -9999 -9999 -9999 -9999 -9999 -9999 -9999 -9999 0.550129524706 0.353693059951 0.207142032186 0.279834218218 0.212562442302 0.199283935858 0.132291183238 0.114430108187 0.0850780982035 0.0820814079751 0.06552922406 0.060726970783 0.0353794609067 0.0268364336459 0.0245002257827 0.0340102836242 0.0240326433988 0.0386002318713 0.0387674246642 0.0200357003801 0.0178658496672 0.0326357238765 0.0187622536494 0.0145486168116 0.0103792920521 0.0102206613281 0.0117215356508 0.0119144796846 0.0049035316105 0.00511259764793 0.00795173601711 0.00391511028138 0.00611223920621 0.00802332113563 0.00377444090902 0.00398345997719
-9999 -9999 -9999 -9999 -9999 -9999 -9999 -9999 -9999 -9999 -9999 -9999 -9999 -9999 -9999 -9999 -9999 -9999 -9999 0.235018879745 0.2116514079 0.253982509513 0.196681258784 0.266591846364 0.15303755729 0.137411383213 0.0808044920553 0.065036570533 0.0340806499883 0.0311498890616 0.0318924932908 0.0393629276099 0.0238338466405 0.0202296587853 0.0140550666192 0.0127956936406 0.0118866884333 0.0223083473535 0.0190821534667 0.0255736031572 0.0156841357958 0.0128415430155 0.00884556483425 0.0143614988426 0.0168629924525 0.018343706972 0.00928056824895 0.00443985008253 0.00338980670285 0.00797308914859 0.00424432773925 0.00507302730014 0.00361226632127 0.00354012302756
-9999 -9999 -9999 -9999 -9999 -9999 -9999 -9999 -9999 -9999 -9999 -9999 -9999 -9999 -9999 -9999 -9999 -9999 0.435421046854 0.546782910068 0.515986838553 0.479300066116 0.238437636342 0.175593830582 0.144665333577 0.125740416812 0.103880176802 0.0759165565222 0.0487188360791 0.0398129257731 0.0132820609848 0.0269265793924 0.0164375992127 0.0250248746469 0.0235471963847 0.0332965709743 0.050080327886 0.0448677070679 0.0407144774364 0.0365480244575 0.0336924956785 0.015628245592 0.012562208995 0.00581309450382 0.00821866003505 0.00591418303824 0.017685316068 0.0214584571943 0.0119973957983 0.00515848153744 0.00845743022889 0.0169707868044 0.0177850178672 0.0181288584192
-9999 -9999 -9999 -9999 -9999 -9999 -9999 -9999 -9999 -9999 -9999 -9999 -9999 -9999 -9999 -9999 -9999 -9999 -9999 0.726798434839 0.592923554638 0.511882580215 0.246554435239 0.170201396699 0.162236896849 0.157194048768 0.0755050001672 0.112417369456 0.0535464624503 0.0827743370738 0.0799616118166 0.0775864912065 0.0416108937664 0.0349127268318 0.0199105114388 0.0131977498692 0.0108513468746 0.00828197287056 0.00688545761775 0.00688698951335 0.00859238925626 0.0167310013335 0.00820763779829 0.00664741749759 0.00807034863213 0.025784970582 0.0275266252194 0.0146713671258 0.0143618173663 0.00765820411261 0.00199253846937 0.0027583035958 0.0043380412806 0.0270137050936
-9999 -9999 -9999 -9999 -9999 -9999 -9999 -9999 -9999 -9999 -9999 -9999 -9999 -9999 -9999 -9999 -9999 -9999 -9999 -9999 0.354083108473 0.459049773489 0.255989020141 0.18011611566 0.112425704795 0.144963248061 0.0818781118854 0.122865715348 0.14856965589 0.119939754389 0.0789752533964 0.0724373882234 0.0249930596775 0.0318443962344 0.0189694431018 0.0196937637533 0.0237263984046 0.0311682770367 0.0313212962667 0.026092442905 0.0157463049082 0.0290769766681 0.032593504311 0.0245446405573 0.0455548909158 0.0332115513285 0.0253543567976 0.0329068608795 0.0252743590153 0.0189468572671 0.0130673592753 0.00672036506097 0.00294066993988 0.00255274853812
-9999 -9999 -9999 -9999 -9999 -9999 -9999 -9999 -9999 -9999 -9999 -9999 -9999 -9999 -9999 -9999 -9999 -9999 -9999 -9999 -9999 0.343478979242 0.25882698369 0.251291152126 0.0995046908289 0.082536317008 0.0663762750376 0.115909307102 0.0934471040333 0.0829294889894 0.0883576023114 0.0936317684215 0.0339118905479 0.0200338645767 0.0418733574493 0.0540529135473 0.0353831966333 0.0193695974172 0.0166968084937 0.0181831458141 0.0358363013031 0.0409137405311 0.0526741093162 0.023802273224 0.017034743284 0.00919747966194 0.0167227198107 0.0207355828381 0.023062967628 0.0367017363227 0.127889072007 0.0131053082999 0.0108293485173 0.00630407770524
-9999 -9999 -9999 -9999 -9999 -9999 -9999 -9999 -9999 -9999 -9999 -9999 -9999 -9999 -9999 -9999 -9999 -9999 -9999 -9999 -9999 0.217458933375 0.182945360604 0.184959280287 0.143412924968 0.183150445877 0.109765424024 0.0745458470016 0.058280327401 0.0991099810602 0.0869099788683 0.0730786508114 0.046642277388 0.0429287910457 0.017027455776 0.0248935489038 0.0204235995893 0.0180160200737 0.0153032386107 0.0317724278327 0.0369536522328 0.0331883688352 0.0190985038508 0.0182242265792 0.0322947082311 0.0285958380616 0.0267032360725 0.0251326579415 0.013364653329 0.0145040775878 0.0356921653845 0.0195563583602 0.00301449246501 0.00244379457927
-9999 -9999 -9999 -9999 -9999 -9999 -9999 -9999 -9999 -9999 -9999 -9999 -9999 -9999 -9999 -9999 -9999 -9999 -9999 -9999 -9999 -9999 0.186099271763 0.279237258701 0.137659998789 0.125534113826 0.0764033979231 0.060683307833 0.0537638345387 0.0530440285455 0.0461854743642 0.0530987235876 0.0349000837701 0.0415754704415 0.0563356920416 0.0308483557715 0.0349654363651 0.0277468457982 0.0223120063653 0.0287287345852 0.0322356506577 0.0126996886071 0.0166007506943 0.0298535523246 0.0105054667119 0.0084089468291 0.00645797179377 0.0102276846122 0.0201601118059 0.00917281594996 0.0119890518733 0.00477352408299 0.00999140263719 0.00605712509517
-9999 -9999 -9999 -9999 -9999 -9999 -9999 -9999 -9999 -9999 -9999 -9999 -9999 -9999 -9999 -9999 -9999 -9999 -9999 -9999 -9999 -9999 0.207637811766 0.19079011748 0.12298207767 0.161863444272 0.104913096765 0.0688229874299 0.071259171716 0.0731971958966 0.0525664603904 0.056727665249 0.0548426605094 0.0528389388121 0.0324505989042 0.0633187719073 0.0317308691942 0.0281220688613 0.0435646199941 0.041006480145 0.0169508762222 0.0338589946636 0.0173496966379 0.0103909992398 0.0092680014024 0.0151910470254 0.0286160822952 0.0288780279415 0.00978234841847 0.00700924533916 0.00415601922611 0.00566191452334 0.00408868380603 0.0117795947703
