data/recharge/transience/oldversion/mHM_recahrge_497.ASC
ncols   80
nrows    72
xllcorner    4374000.0
yllcorner    5656000.0
cellsize      500
NODATA_value  -9999
[rows 0 to 24 of 72, columns 0 to 56 of 80]
-9999 -9999 -9999 -9999 -9999 -9999 -9999 -9999 -9999 -9999 -9999 -9999 3.61448755592 3.73106045515 -9999 -9999 -9999 -9999 -9999 -9999 -9999 -9999 -9999 -9999 -9999 -9999 -9999 -9999 -9999 -9999 -9999 -9999 -9999 -9999 -9999 -9999 -9999 -9999 -9999 -9999 -9999 -9999 -9999 -9999 -9999 -9999 -9999 -9999 -9999 -9999 -9999 -9999 -9999 -9999 -9999 -9999 -9999
-9999 -9999 -9999 -9999 -9999 -9999 -9999 -9999 -9999 -9999 -9999 -9999 4.76677070175 3.91237044339 3.37503186465 -9999 3.41904505583 -9999 -9999 -9999 -9999 -9999 -9999 -9999 -9999 -9999 -9999 -9999 -9999 -9999 -9999 -9999 -9999 -9999 -9999 -9999 -9999 -9999 -9999 -9999 -9999 -9999 -9999 -9999 -9999 -9999 -9999 -9999 -9999 -9999 -9999 -9999 -9999 -9999 -9999 -9999 -9999
-9999 -9999 -9999 -9999 -9999 -9999 -9999 -9999 -9999 -9999 3.87482107628 3.8275513845 4.29795076284 4.41399783938 3.25788379383 2.85449401237 2.34776097465 2.39588106023 -9999 -9999 -9999 -9999 -9999 -9999 -9999 -9999 -9999 -9999 -9999 -9999 -9999 -9999 -9999 -9999 -9999 -9999 -9999 -9999 -9999 -9999 -9999 -9999 -9999 -9999 -9999 -9999 -9999 -9999 -9999 -9999 -9999 -9999 -9999 -9999 -9999 -9999 -9999
-9999 -9999 -9999 -9999 -9999 -9999 -9999 -9999 -9999 3.85291971544 3.88739163218 3.81123417917 3.70243977063 3.89978129992 3.48132907155 3.29797621559 2.77961158757 3.43593538131 -9999 3.84234587377 -9999 -9999 -9999 -9999 3.34074809996 3.4836785107 -9999 -9999 -9999 -9999 -9999 -9999 -9999 -9999 -9999 -9999 -9999 -9999 -9999 -9999 -9999 -9999 -9999 -9999 -9999 -9999 -9999 -9999 -9999 -9999 -9999 -9999 -9999 -9999 -9999 -9999 -9999
-9999 -9999 -9999 -9999 -9999 -9999 -9999 -9999 5.3245631591 4.64063641845 3.78221156561 3.68423383418 3.4454710516 3.16839890169 3.13072851578 2.95692234753 2.61051099408 2.42254367765 2.45474806512 2.96548076723 2.95880296412 3.1604096076 -9999 2.83960112217 3.93395196635 3.82198324819 -9999 -9999 -9999 -9999 -9999 -9999 -9999 -9999 -9999 -9999 -9999 -9999 -9999 -9999 -9999 -9999 -9999 -9999 -9999 -9999 -9999 -9999 -9999 -9999 -9999 -9999 -9999 -9999 -9999 -9999 -9999
-9999 -9999 -9999 -9999 -9999 -9999 4.77666487561 4.1574331121 3.97765399869 4.17660672972 4.33607194484 4.43808422831 3.85907852203 3.63711495624 3.0709313266 3.34871274877 2.8473766963 2.65120135528 2.9055553591 2.92067171849 2.85850507225 3.05678120078 3.06531385531 2.89022876634 3.32184419665 3.19923407787 3.63473243216 -9999 -9999 -9999 -9999 -9999 -9999 -9999 -9999 -9999 -9999 -9999 -9999 -9999 -9999 -9999 -9999 -9999 -9999 -9999 -9999 -9999 -9999 -9999 -9999 -9999 -9999 -9999 -9999 -9999 -9999
-9999 -9999 -9999 -9999 -9999 -9999 5.03395286037 4.63749451323 3.72320936986 3.57548256402 3.3024675518 3.45608652906 3.24835427394 3.01844206975 2.740218162 2.43643881979 2.51270865996 2.2998638222 2.46808832329 2.24210473015 2.4786318693 2.95321321505 2.85674782303 2.8823409156 2.84226293733 2.61933301826 3.60351133632 3.93687058745 4.12595579659 3.89666284286 4.8293082164 4.7807097201 -9999 -9999 -9999 -9999 -9999 -9999 -9999 -9999 -9999 -9999 -9999 -9999 -9999 -9999 -9999 -9999 -9999 -9999 -9999 -9999 -9999 -9999 -9999 -9999 -9999
-9999 -9999 -9999 -9999 -9999 6.00108201064 5.20709870884 5.15444030679 4.68946617251 4.94848366829 4.54610081222 4.07879075416 3.15125652561 3.31421619756 3.09670949894 3.12525689077 2.40947943693 1.6717383209 2.42352260806 2.3013497667 2.49566312917 2.38206939575 2.67417467125 2.78110683163 3.04968747824 3.22496884855 3.47697394557 3.44263556333 3.95672118017 3.86378415212 3.9083292782 4.12012962747 3.8971932799 3.74860703764 -9999 -9999 -9999 -9999 -9999 -9999 -9999 -9999 -9999 -9999 -9999 -9999 -9999 -9999 -9999 -9999 -9999 -9999 -9999 -9999 -9999 -9999 -9999
-9999 -9999 -9999 -9999 -9999 6.2157278022 5.61515863323 5.65174586817 4.90091323114 4.55184543836 4.29012453325 4.5629581187 2.97663695443 2.4762976469 3.95502936086 4.34822258732 2.76283546562 1.24148625361 1.98418389813 2.10776325253 2.4874406827 2.52364134733 3.00397028011 2.86691881962 2.81575528637 2.47965188809 2.82233920759 2.55887756219 3.18144727735 3.23143581733 3.01139722941 3.21348191819 3.59294359658 3.42605517297 3.64088874123 3.47894077899 -9999 -9999 -9999 -9999 3.61267174234 3.43955397444 -9999 -9999 -9999 -9999 -9999 -9999 -9999 -9999 -9999 -9999 -9999 -9999 -9999 -9999 -9999
-9999 -9999 -9999 -9999 -9999 5.81339206539 5.30113397585 5.42966628036 5.12569514879 5.41810329023 4.88680404191 4.67298518769 4.03713553166 4.5634672213 4.32523463516 3.65467683076 2.99545072762 3.68375736332 3.15345598844 3.43463976887 2.99450733773 2.37456764247 2.40042144877 2.27503592938 2.74428606338 2.61709780959 2.73320081391 2.37571801653 3.32893722271 2.96218772475 2.1812937002 2.8642768687 3.54051328081 3.42122044323 3.3433474646 3.62420870367 3.59855921938 -9999 -9999 3.66782900868 3.83715417467 3.70387777486 3.97361819254 -9999 -9999 -9999 -9999 -9999 -9999 -9999 -9999 -9999 -9999 -9999 -9999 -9999 -9999
-9999 -9999 -9999 -9999 -9999 -9999 6.41638618618 6.8804971412 5.68264659409 5.43798727161 4.63919284113 5.04384456308 5.16068588534 5.24098875406 3.55986454215 3.2048287029 3.21585812941 3.10330047672 2.63228636683 2.58242485284 2.65738464274 2.79561895217 2.63531538208 2.88710920783 2.66971864256 2.35342010051 1.98911386671 2.20859130924 2.43600800457 2.46987760216 2.5585536956 2.82754559143 2.78400567866 2.76999781025 2.9905925215 3.13107769503 3.16919212604 2.84678128593 3.36851993762 3.2679776345 3.20364510756 3.76713633056 3.05443123631 2.63398716706 -9999 -9999 -9999 -9999 3.56810718221 3.23559365186 0.95258420592 -9999 -9999 -9999 -9999 -9999 -9999
-9999 -9999 -9999 -9999 -9999 -9999 -9999 6.25255290677 5.24332623685 5.87770271008 5.55724347178 5.08530057332 4.21333073881 3.69266145496 3.50847060794 4.35543788993 3.97774367018 3.83462454996 3.60066422501 3.00736879884 2.46228704697 2.47915025198 2.4684771801 2.50537028064 2.4185488688 2.12539190257 2.16254714552 2.35806281419 2.51195326163 2.39518724944 2.633568486 2.6035495135 2.8560382768 2.72113676436 3.21039272791 3.18723573215 3.28661578452 3.24648387515 3.30037192513 3.28958789454 2.93373708753 2.83562510082 2.56510942668 2.49671844736 2.21779010233 2.45814580659 2.62236596254 2.27515039233 2.18726115881 2.49472333622 2.46739045125 2.04855692488 -9999 -9999 -9999 -9999 -9999
-9999 -9999 -9999 -9999 -9999 -9999 -9999 -9999 4.83590346566 4.7300928471 5.05319805075 5.5394361307 4.91247348172 5.30018461415 4.74289710927 4.36951467759 3.28239684468 3.30482426356 2.65776307837 3.00879810083 3.75091580272 3.59545676572 2.95811350152 2.8985886138 2.88649740235 2.80772322794 2.02882404102 2.05045255829 1.85311528388 1.55031877049 1.89757173898 1.97231309024 2.15650926734 2.01094942207 2.41442097701 2.58083148436 2.75425711607 2.87413395048 2.71340072622 2.68005660437 2.67562308081 2.43511338208 2.07894437028 1.91373423307 1.85391693659 1.70072558862 1.9048080088 1.70210881747 1.58141314416 1.84916166407 1.89578316555 2.04634933603 1.73281375887 -9999 -9999 -9999 -9999
-9999 -9999 -9999 -9999 -9999 -9999 -9999 -9999 5.95071103334 5.30596824914 4.70632057265 4.73957036705 4.39880256683 4.36796167932 3.68452999124 3.59205340629 3.21968959143 3.44930157192 3.01403081452 3.26897510614 3.56311295318 3.51185194777 3.66123325825 4.42630802268 3.60729072253 2.66556712475 3.09195293017 2.48905479472 1.9643088448 1.59097234684 1.6573469451 1.82562537152 1.82921598653 1.93947261004 2.45290584633 1.1434593832 2.99656915468 2.76628058151 2.70380562067 2.6502562328 2.59735589687 2.31711850736 1.95036305502 1.9403089702 1.70888881948 1.68990127014 1.88235599444 1.7435045984 1.67450413923 2.0605068864 1.9686986914 1.98046633697 1.89061870219 2.13196114807 1.76070611067 1.90748296892 -9999
-9999 -9999 -9999 -9999 -9999 -9999 -9999 -9999 -9999 6.46449278659 5.53279788877 4.5482638852 4.45554094583 4.64413844646 4.14878718869 4.20791656468 4.49644413609 4.74505905321 4.70080490034 4.73085142144 4.26714865449 3.42291527971 3.5035363122 6.13197856579 4.55615326356 3.85357039031 2.7424977645 2.35285165063 1.360482954 1.66304265254 1.63509739628 1.6776789748 1.68120869673 1.42777420029 1.81608980693 1.91704384059 2.37839579453 2.22201269646 2.12922424325 2.15700026247 2.08682975993 2.09889691087 1.51648771083 2.00394246393 1.5399850527 1.31342077144 1.17604260514 1.17430840259 1.39802306565 1.41451194541 1.46640346307 1.40945323964 1.5161109432 1.68177584782 1.81022587716 1.2972037373 1.03485599655
-9999 -9999 -9999 -9999 -9999 -9999 -9999 -9999 -9999 -9999 4.99854551467 5.05255826276 4.33874621893 4.53638818579 3.83402918923 3.52179133254 3.48627144305 4.39699527327 3.71828712046 3.16049887571 2.90837046182 2.79968394905 2.30307136997 3.01521874246 3.27540532078 3.8758340014 3.31916636715 2.78222573709 2.11426899386 1.67793351267 1.67326467384 1.68412934357 1.96315496336 1.63865474491 2.23178361397 2.07446628145 2.30722444835 2.22378160352 2.15116817803 2.16740437062 2.21526998796 2.18243070469 1.78910012791 1.73924786899 2.17431395327 2.13313316882 1.76459732693 1.32085124123 1.60251090181 1.57351092026 1.71018790557 1.6336614444 1.4386140683 1.64153394733 1.51519587551 1.26470736667 1.02039859813
-9999 -9999 -9999 -9999 -9999 -9999 -9999 -9999 -9999 -9999 -9999 2.84830663795 2.59878376649 3.96594248807 3.70810369665 3.38590734078 3.43582975067 3.38608611532 2.74527446842 2.96061127936 3.12745502725 3.08377352237 2.31239109543 1.81140197559 1.73697106912 1.62129487557 2.40253438317 3.47072986255 3.2124409931 1.88061242372 1.53699841127 1.40171634726 1.4281114673 1.49814088444 1.66870432063 1.45653141826 1.77945104749 1.76197056324 1.88622969246 1.8859607187 1.98472893212 1.74837465614 1.8126972817 1.50731018961 1.34316357937 1.20525019202 1.43950907173 1.67770848836 1.40328867672 1.43363016105 1.33171669701 1.53797826576 1.54306466023 1.40185261318 1.19919475823 1.2220281821 0.954709874947
-9999 -9999 -9999 -9999 -9999 -9999 -9999 -9999 -9999 -9999 -9999 2.29861103303 3.0752495991 3.664552934 3.75559868505 3.52809110179 2.89809647588 2.72801664859 2.89594546804 2.93124390132 2.82803231414 3.22524708001 2.26362404272 2.06393518087 2.00262202857 2.32521283125 2.04708320318 2.44916836041 2.28486178014 2.43436100859 2.8819717872 2.56098197172 1.4339758368 1.64691984584 1.41279025256 1.50532387027 1.76802901705 1.81158184981 1.81867771448 1.86719045245 1.95905492538 2.10440518487 1.639652071 1.69316087249 1.61224725176 1.60508677853 2.11003868169 2.44851066619 2.24763872574 1.57608475064 1.80101236592 1.72064649651 1.24159028215 1.61305377602 1.56196438156 1.37066080478 1.27325930967
-9999 -9999 -9999 -9999 -9999 -9999 -9999 -9999 -9999 -9999 -9999 5.45270044941 4.73568620452 4.45185192551 3.0934811675 3.35095786536 2.68089937311 2.13987086823 2.16388846262 2.36275823954 2.3294584347 2.39719483963 1.9727672825 1.61372391484 1.47799145897 1.47933657275 1.38920759957 1.3468946023 1.41799021202 1.39531394249 1.43977725417 2.44996666638 3.25186497769 3.26774555463 1.92604643734 1.69705229866 1.83077537009 1.23980347615 1.41457689513 1.14240237734 1.0087821706 1.69993667482 1.94908467234 2.2344905627 2.49138483405 2.76221851858 1.91788677007 1.71389560277 1.70654365743 1.72176508147 1.48959963402 1.69735666411 1.82813100646 2.09766187902 1.90559914492 1.42577804754 1.06552018609
-9999 -9999 -9999 -9999 -9999 -9999 -9999 -9999 -9999 -9999 -9999 -9999 3.7348785614 4.22121000046 3.72772328033 3.27793774481 2.84448121102 2.56452562386 2.12263288772 2.46371667808 2.42730100777 2.25178553775 2.08403644379 2.07465805773 1.59738592623 1.6496087976 1.42680125647 1.49720370774 1.40498180633 1.31330153784 1.35340836933 1.44339577771 1.36102478291 1.3543891577 2.08821769754 1.02322833857 2.25644322179 1.60113681461 1.37167381187 1.59811375107 1.84232394798 1.69818652678 2.43999958586 2.80137132252 2.99114771014 2.90502215187 2.0912650263 1.73840492284 1.32488040454 1.50710605882 1.38773826095 1.14601381701 0.980708240938 0.998829209325 0.969656961258 1.21570047019 0.685663193139
-9999 -9999 -9999 -9999 -9999 -9999 -9999 -9999 -9999 -9999 -9999 4.76871267621 4.47627886018 4.84439236627 4.63769274035 2.63692271072 2.44932894249 2.85056104204 2.17278972226 2.35913452255 1.82869693635 1.78486215286 1.50917879373 1.56569897274 1.50874187438 1.47446740235 1.16911360689 1.14390879152 1.15519882217 1.09625470632 1.04497424728 1.10681051094 1.06511268903 1.0465911578 1.20367354449 1.58331429433 1.9070941306 1.24180220988 1.2269779232 1.22283540614 1.52238330614 1.37392159637 2.46440677551 2.90562032029 3.58359696171 3.56942305671 2.91206271007 2.44482614705 1.75889970552 1.77686607828 1.2820887422 0.82497151403 0.745540413165 0.752338918252 0.709146941857 0.795871064474 1.19829891304
-9999 -9999 -9999 -9999 -9999 -9999 -9999 -9999 -9999 -9999 -9999 5.00221124598 5.53079163179 5.36661124252 3.94966041675 2.98195611134 3.21735220667 3.10678129918 2.35416357769 2.45682988263 1.99377935821 1.89180415704 1.56988495732 1.71614468625 1.61795442786 1.6437369096 0.88968796524 1.02384488653 1.2916383063 1.78832179592 1.60468301237 1.14198380876 1.0361541405 1.04787805605 1.15837653886 0.858501741967 1.43168716941 1.87716194436 1.40046487847 1.17525485922 1.28960969735 1.45349999857 2.10633238208 2.18601144853 2.34463889695 2.19372500424 2.43248236411 2.51121775337 2.06203432546 1.98360766777 1.20948589789 1.30380597266 1.12634491482 1.05386914889 0.995852008878 0.908034121252 0.702655208979
-9999 -9999 -9999 -9999 -9999 -9999 -9999 -9999 -9999 -9999 -9999 6.08769880993 5.81609173868 5.16872319382 4.9001438311 4.79368083931 3.1769448787 3.39475832311 2.90961728589 2.99888882532 1.7759917181 1.01017369987 2.20678824949 2.34767667369 1.65293739292 1.65049935456 1.72572949354 1.54613316778 1.18950107155 1.03503081674 1.06659746581 1.58413197205 1.64149182265 1.49438806019 1.15602740936 0.655865360887 0.935692519053 0.732513475056 1.29098565157 0.688886312611 1.46123413395 1.60206312559 1.53616226116 1.30992687335 1.40774453426 1.41243787156 1.68407947468 1.71280982698 1.56341831104 1.47990506715 1.06331050533 0.893361928808 0.690496047258 0.678482364464 0.658502400133 0.764195076884 0.938888244064
-9999 -9999 -9999 -9999 -9999 -9999 -9999 -9999 -9999 -9999 -9999 -9999 5.99077140531 5.68060536098 4.59291938172 4.41436514772 3.64167020558 3.69930059526 2.84515060499 3.06046687836 2.6280925204 3.01913405746 1.9036106549 1.59747286883 1.50919316056 1.47795215896 1.15565154487 1.24380395114 1.09692968366 0.926916994313 0.777958036389 0.899228131743 0.902480705089 1.00862661148 1.02724427943 1.14795146355 1.09185736983 0.868510215784 1.49147735594 1.16117546214 1.43269491515 1.28879811495 1.51505575794 1.2808121943 1.43000012879 1.43719560993 1.48644649512 1.56173533921 1.38842805779 1.44075943856 1.23715775471 0.640819486741 0.758579380173 1.00797769381 0.766029705436 0.783561167343 0.732550530988
-9999 -9999 -9999 -9999 -9999 -9999 -9999 -9999 -9999 -9999 -9999 -9999 6.62679603069 5.66939955318 4.89349490956 4.50982453943 3.47236350686 3.77972123778 3.23523663189 2.89235307034 2.70965794441 2.46533780111 2.09922663264 2.40271379299 1.84082164861 2.1051647741 2.19248233215 1.86409373822 1.43543280689 1.86178269975 1.4359731556 1.53666077917 1.82436740257 1.78657301528 1.14791512325 1.27057220183 1.31136166733 1.42925258871 1.97758836714 1.34431397655 1.47926658999 1.1477988795 1.06389434549 1.04560820963 1.10892781342 1.10775470997 1.06353604413 1.07643941221 0.994654437138 1.11402277459 1.0672787616 0.9510320474 0.852353886341 0.516357972586 0.474008640375 0.63773162828 0.420653556756
