data/recharge/transience/oldversion/mHM_recahrge_37.ASC
ncols   80
nrows    72
xllcorner    4374000.0
yllcorner    5656000.0
cellsize      500
NODATA_value  -9999
[rows 26 to 51 of 72, columns 0 to 56 of 80]
-9999 -9999 -9999 -9999 -9999 -9999 -9999 -9999 -9999 -9999 -9999 -9999 -9999 33.7992729452 33.9818729582 33.6935712325 33.251367065 32.2383945749 31.6313872586 31.7022335798 29.2812435109 29.231259505 27.2211676844 23.2009398444 27.2440778905 26.0526619444 22.338656244 20.8152546529 18.4209428023 18.933292179 16.1012998049 15.8695315246 18.9695625923 16.8495430087 12.7220392054 8.2928364592 14.3758225631 13.5323303482 12.032616253 9.21719461592 8.10760271234 9.86321887703 6.95341553784 8.58731551172 9.30635456113 11.545598066 13.0370640531 12.828642613 8.39195891484 5.59202704298 4.65415796881 4.87765298664 4.93176649878 6.43611994006 5.94577124344 3.90005141516 3.78907027029
-9999 -9999 -9999 -9999 -9999 -9999 -9999 -9999 -9999 -9999 -9999 -9999 -9999 -9999 34.405466526 33.8242196193 32.8186166526 31.5270606436 30.3809895825 30.5941459806 29.6517593805 29.6625908746 27.6983778265 28.0019966808 26.3415180191 26.4516656483 25.6089551789 25.7075369769 19.8588521818 17.9280553456 16.6381730974 20.2136118362 20.2462101617 19.5008545214 13.9389584844 12.4510073629 14.722313793 10.9424552763 9.53948601114 9.87042708511 9.54237871264 8.90562519592 9.01955960399 7.6902342351 5.86122375295 6.57026172822 5.32146251579 5.9762740586 4.67569870188 5.39524915781 5.11020556383 4.13964534593 3.71087333353 6.14696737084 5.45377752838 8.07521967278 9.04652722236
-9999 -9999 -9999 -9999 -9999 -9999 -9999 -9999 -9999 -9999 -9999 -9999 -9999 -9999 9.53169912965 22.4211233879 32.9480013391 32.1155700249 31.2499550342 31.2143865073 31.2306894301 31.6200525841 28.7445253657 29.1536609136 27.9258601334 28.5850011238 25.9774378467 25.6459699969 24.2912171037 24.5490137112 18.4571632424 10.5968605721 20.2587503961 23.572754159 15.3635134547 9.56596151362 14.3903600747 8.45299462296 9.36883632684 9.51943850197 8.06712485714 8.33732810671 7.51396999473 8.59990353559 7.19002450631 6.15522533948 5.46656212522 5.54753778936 5.90497802658 5.0500090002 5.59891339341 6.23363323038 6.64009463735 8.97861428638 9.62980115439 9.91342087777 11.9131579805
-9999 -9999 -9999 -9999 -9999 -9999 -9999 -9999 -9999 -9999 -9999 -9999 -9999 -9999 15.098396559 22.9999068239 32.683236906 33.1996101523 31.534513584 31.1430466489 30.1257097917 31.3593007898 29.6273166986 29.2350456047 27.7420157145 27.5069739329 26.0925998928 25.9266344847 23.7416558827 24.0855164722 21.9047477696 20.9297881382 19.9423388094 22.1575226534 19.521188748 7.99746327326 10.4281092889 12.5986951561 6.22131704185 8.90452137289 7.36828711585 8.07735533195 6.92581156475 7.07848477486 5.65483411057 6.2742136981 4.57197549335 5.86484145891 8.2480826254 9.09349164607 8.49367770167 6.33898199997 8.15598513942 7.53565741232 7.10508522042 7.83789589286 6.86050012376
-9999 -9999 -9999 -9999 -9999 -9999 -9999 -9999 -9999 -9999 -9999 -9999 -9999 -9999 34.8693271622 34.307699972 33.500430907 33.8078479386 33.1659751042 33.2535310762 32.5539123325 32.6190873934 30.2814121191 30.3497036842 27.2997588915 28.4725859122 26.2363115751 26.4141577854 23.9695322474 23.8255129449 22.2176682256 22.5016251399 21.2167547377 13.558502283 8.30036184078 8.31906465636 7.61465801243 14.5357539929 6.89388647525 9.33558507211 9.1860505201 6.60498749377 5.46192042952 5.82356733653 4.872798242 5.25070026022 7.92317499164 9.36056156419 13.423208823 14.2037556643 11.7106691502 12.401799956 9.597598012 9.06355990399 8.07751407585 7.18100262777 8.01463132444
-9999 -9999 -9999 -9999 -9999 -9999 -9999 -9999 -9999 -9999 -9999 -9999 -9999 -9999 -9999 34.3916673246 33.8000511078 33.683086223 32.6481547661 32.4039680468 31.897936504 32.1321469983 30.4247340367 30.4632148224 27.3732651332 28.5866705018 26.0868886617 26.1481993645 13.5388294196 23.2932801516 21.4379408379 21.39013989 19.6549392038 12.7129330553 8.42944204409 8.44459530032 7.82945035175 7.79756055146 7.41691306721 7.20901870457 6.49687868306 9.29532990279 4.50273915495 4.56804747303 4.69166408933 4.83760817215 4.75655374355 5.18333559658 7.20603948945 7.48786704723 5.39448554744 4.92411669081 6.77857625015 9.33352676264 8.96986445829 8.89484666119 8.32365845792
-9999 -9999 -9999 -9999 -9999 -9999 -9999 -9999 -9999 -9999 -9999 -9999 -9999 -9999 -9999 -9999 33.6904864683 33.7041513527 32.5618148503 33.3344200769 32.6453953249 32.4950651521 30.2956661517 29.8250188347 28.0285638544 28.4607128045 26.598767149 24.1658585909 12.9486078953 20.5638151635 22.1561394575 15.0758530193 10.0326208951 6.6559960654 8.54742071384 8.71047906638 8.27135223157 8.39262896191 8.06132287774 10.58206171 16.9499867533 16.4772254617 13.5597060147 8.1549251421 4.46966530769 3.34910591847 2.66261444188 6.47567630331 5.21899633971 4.2161802725 5.60931802911 7.8186340746 6.49428224916 5.54992836488 6.26213026603 5.69498894089 5.36956299256
-9999 -9999 -9999 -9999 -9999 -9999 -9999 -9999 -9999 -9999 -9999 -9999 -9999 -9999 -9999 -9999 33.6994524717 33.7790892773 33.310314354 33.2666502434 32.5904305287 32.4076912136 30.090476921 28.6631322545 28.0747464533 28.2908443073 26.3586990601 26.4278668064 14.0062525756 19.6462987878 13.7881802138 9.95515900152 11.0085671617 7.79858822763 8.71336350779 8.63814959552 10.15745222 8.43354571139 8.0369272924 8.68332215967 14.8302803035 12.5989255827 14.4852504506 13.3763175358 9.30814221263 7.13861013362 7.49372121938 8.160416844 4.094922762 5.00664824117 6.60707679272 6.86738334535 8.40263456127 8.74604190569 9.73453152039 7.95231594891 5.41024897498
-9999 -9999 -9999 -9999 -9999 -9999 -9999 -9999 -9999 -9999 -9999 -9999 -9999 -9999 -9999 32.2679883463 32.2365403759 32.627239061 33.764378758 33.399683787 32.5104305593 32.4782209877 30.2357116415 29.1723486792 27.8949417179 28.2266368529 26.7022623101 26.7008619406 18.0274182212 22.3341650936 21.8893426321 22.0592106366 21.2383419218 17.1510455006 15.2122520007 16.9220838094 15.7928885671 15.8452198023 13.7215812577 8.28823682232 12.7948278952 12.0778172537 9.63617749683 9.52495017504 8.88261431024 7.24615116052 8.08634329954 8.04138895674 6.4076116084 6.83244937731 5.67280637056 4.61922998677 5.20203310306 5.70849505427 6.24961695129 6.40112018519 6.78428653917
-9999 -9999 -9999 -9999 -9999 -9999 -9999 -9999 -9999 -9999 -9999 -9999 -9999 -9999 33.0195541394 32.6683538325 32.3626203644 29.0107341359 33.495349139 33.4212838648 31.6052010455 31.560146433 29.0599088333 29.0807190307 27.5803223479 27.7935045257 26.2838302209 27.0659498225 23.6328559883 23.7049524731 21.4850476482 21.6993282082 19.028523899 16.6959054208 14.3159401812 18.3240021567 16.0242628467 13.7530974259 8.12220507761 12.249784334 12.2540029441 8.34087523672 7.73597106673 8.30578477604 5.77018074321 5.02751352612 7.46578026045 7.24508852909 6.63922950557 5.56892863088 5.10756967147 5.06580842667 5.52508665306 5.41586941199 5.23905198078 5.51740157971 5.40454616947
-9999 -9999 -9999 -9999 -9999 -9999 -9999 -9999 -9999 -9999 -9999 -9999 -9999 -9999 34.1254977965 33.1152568792 32.4038664993 28.638097959 26.2859492103 28.5486544788 30.7401694847 31.2366640702 29.24347202 29.301056824 27.284404446 27.036753807 24.7149042556 24.7572577648 22.1706879777 23.5840249801 22.3026214364 21.2809311618 16.1024800711 15.4185051735 13.173476921 16.7910655864 17.8432874198 19.4021611074 14.3119303271 14.4931306646 15.7689674003 15.200538553 9.33515956751 8.77382583809 7.83091155481 5.24682484768 7.55620252326 9.45618227831 8.87375156433 9.7948904855 9.74209344986 9.69435969018 7.94080334708 7.23351339993 7.82605582111 7.60476529901 6.20603596274
-9999 -9999 -9999 -9999 -9999 -9999 -9999 -9999 -9999 -9999 -9999 -9999 -9999 -9999 -9999 -9999 32.6241477026 29.2093640973 28.4703881122 28.3506030814 28.2312575869 30.7568634009 29.6588758849 29.6011483877 27.5263330911 24.6310429211 20.2766680206 20.7389004201 17.3276647229 19.2894806193 19.7975866293 16.96796329 15.5509752663 14.4852506844 13.994948572 14.059024517 15.0530146248 14.677923709 16.0383117386 14.9352531781 11.1440503092 11.2032586856 13.5576480567 12.3304347507 6.16018861714 7.01950200003 6.26740286034 6.06000878108 6.70316516013 7.84045769036 7.67840339602 7.8472382337 7.11350069645 6.37527437383 4.68619819935 4.93217951576 6.8091340127
-9999 -9999 -9999 -9999 -9999 -9999 -9999 -9999 -9999 -9999 -9999 -9999 -9999 -9999 -9999 -9999 30.2906472993 30.1218832698 29.1048056418 27.8846511511 27.1242511106 28.1554427446 29.0215602739 29.2753917569 28.4243899001 25.2585796815 22.7921263697 22.4458372874 19.5344216291 19.7019286108 19.325839319 18.9547391346 16.617326501 15.2030033273 12.280673962 12.7255512377 12.4839681235 13.4940410347 10.4409740283 9.54511191274 10.4358251944 12.0182330185 9.41841413577 11.3361658693 11.2593768305 6.80987818661 3.70800544505 5.52609553441 6.32779164368 5.20362725644 4.24869336306 4.31171919308 3.39376227349 3.86611827543 3.6340811476 3.65819426125 3.67612163918
-9999 -9999 -9999 -9999 -9999 -9999 -9999 -9999 -9999 -9999 -9999 -9999 -9999 -9999 -9999 -9999 -9999 -9999 29.154031424 28.3843443698 26.5654702925 27.0871169551 28.2921335181 29.5397108586 28.1808478774 27.5947095782 22.2719251559 22.1641830282 19.4203226713 19.2820324857 16.668428005 15.8237234505 14.8330456256 15.2132438365 12.1624020245 13.5355019017 12.9597439569 11.0786724728 10.076744441 11.6222155102 9.40595872084 8.68944840099 8.15704882311 8.11441895478 6.68859193307 7.57329404766 4.5230651388 4.64114277196 6.42261553736 4.37694575695 4.58075856969 4.88096270656 3.46582026281 3.55931171641 3.91095376784 4.16230025918 3.95316392473
-9999 -9999 -9999 -9999 -9999 -9999 -9999 -9999 -9999 -9999 -9999 -9999 -9999 -9999 -9999 -9999 -9999 -9999 -9999 27.3942787206 26.9124221956 27.2134636028 26.8775328947 31.5136590074 29.1044911404 29.0978648375 26.3179460294 22.2260431315 17.1624852016 16.8807713873 15.9026172894 16.1285997875 14.0050271068 13.7357653561 10.9504243867 10.284244401 9.85440802244 11.6608438231 10.1983912972 10.80794361 8.81059669123 8.28201275675 7.00038321325 8.19432367866 7.80279273716 8.05508512433 6.60414947817 4.46843815011 3.49944242775 6.16508605672 4.15777440965 4.25216202061 3.35494400064 3.32238399862 3.84332427687 3.68458617021 2.98324371307
-9999 -9999 -9999 -9999 -9999 -9999 -9999 -9999 -9999 -9999 -9999 -9999 -9999 -9999 -9999 -9999 -9999 -9999 28.4423710133 28.8249803053 28.4793843954 28.3532279915 26.6496296753 31.1028995955 28.9766579703 29.7515013846 26.3780932002 26.1755117754 18.2335260176 17.6580639774 14.3458453211 8.58733209651 14.5248171979 14.0064857459 12.6020863909 13.7315049072 14.6298151874 14.3279988399 13.1486174943 12.5716462497 11.0188650904 8.80406158122 7.77845548948 9.14241645265 8.56742364671 8.61064048956 7.22465152671 9.93663445072 7.55691202872 4.62576619525 6.67285475276 7.68780155009 6.9519758804 6.21923275492 4.98276069016 4.49857445832 4.04385998596
-9999 -9999 -9999 -9999 -9999 -9999 -9999 -9999 -9999 -9999 -9999 -9999 -9999 -9999 -9999 -9999 -9999 -9999 -9999 31.0952012088 30.0227434495 29.7791876945 26.9681481079 31.1981231614 29.7220197051 29.5762165011 26.9405121395 26.663064488 21.9704740132 23.4319416245 16.8928492191 16.9297860317 18.3555106363 14.7779287504 13.4809220944 12.4901803063 9.75473495133 8.85787930605 7.80690915589 7.81072318457 7.82342667477 9.22567894066 9.74597752363 9.68055009037 8.72673267168 11.7354015665 8.8736275549 7.55889413008 8.47287125106 6.29324450719 2.83566474838 8.90008044391 8.94514253542 6.54977745132 8.72370460025 3.11890241464 2.8832392764
-9999 -9999 -9999 -9999 -9999 -9999 -9999 -9999 -9999 -9999 -9999 -9999 -9999 -9999 -9999 -9999 -9999 -9999 -9999 -9999 29.2609286207 29.6743590362 27.0256521731 29.9121688358 29.1971135902 29.4630091461 26.8394760299 26.8058415989 24.4230492508 24.1188210277 22.5124926369 22.3864956275 16.6874704925 14.6012721989 11.9247895553 13.7495289512 12.1872620943 12.7558695206 12.281054014 11.539091585 9.25017597493 10.8583120031 10.556411131 9.76539259965 11.0452885944 10.2136036105 8.65551205999 9.33462187298 8.33553244481 9.16711594326 7.48156819627 5.29811332614 3.03505865568 4.46953502582 7.95294389138 4.07044592706 4.16609202523
-9999 -9999 -9999 -9999 -9999 -9999 -9999 -9999 -9999 -9999 -9999 -9999 -9999 -9999 -9999 -9999 -9999 -9999 -9999 -9999 -9999 30.858229476 27.7044380797 28.2092269332 28.6914849704 28.3715732549 27.2373849972 27.685252395 24.5426030208 24.3778076016 22.4088355864 23.4850377713 17.2535379887 11.6007944692 16.5405375401 15.7847105011 12.9850729748 11.4805974567 10.4615797943 10.664057734 12.1197810748 12.4736781235 12.6618996071 10.4638127424 9.0077226057 7.41628715711 8.3409444323 8.90383776953 8.37999505506 9.50854674127 9.35339433302 8.89314397509 6.04524115012 5.3204940158 1.67706046725 2.51886784282 3.13587123493
-9999 -9999 -9999 -9999 -9999 -9999 -9999 -9999 -9999 -9999 -9999 -9999 -9999 -9999 -9999 -9999 -9999 -9999 -9999 -9999 -9999 29.8991373559 27.0520398152 27.03238333 29.008278948 29.4830683587 28.1985259278 27.1591734987 22.9586448074 23.8849272291 10.6938278349 21.7303193376 18.445555198 16.178806561 12.0202910277 12.7276873152 11.4063652253 11.964065137 11.1002762544 12.3209873976 12.1932805732 11.9075990352 10.013285069 9.80589091583 10.7471245863 10.414870585 9.5583591471 9.40170220581 7.06911481938 7.08994132279 7.96595804607 5.80659659817 6.34067394675 3.08711474555 3.6351142995 1.92220937137 2.20642142558
-9999 -9999 -9999 -9999 -9999 -9999 -9999 -9999 -9999 -9999 -9999 -9999 -9999 -9999 -9999 -9999 -9999 -9999 -9999 -9999 -9999 -9999 27.3801695233 28.0867943049 30.0901758715 30.115736577 28.7892500256 27.9562456379 20.9125351841 21.5722881437 21.6780676679 22.0197273202 17.0774060995 16.0126594862 15.7034075611 13.9390526262 13.7762092295 13.2818721161 12.8462471809 12.6465747663 12.5484738807 9.97520645605 10.1758902258 11.736292406 8.05409109867 7.44379857639 6.45752849514 7.7470166632 8.95668891746 10.1092511065 4.51758600381 6.80606452056 10.3192786445 5.61021590477 2.1251672552 1.69493933828 2.09365379199
-9999 -9999 -9999 -9999 -9999 -9999 -9999 -9999 -9999 -9999 -9999 -9999 -9999 -9999 -9999 -9999 -9999 -9999 -9999 -9999 -9999 -9999 27.6381297693 27.4160574353 29.8563500968 30.4426826461 28.4893352127 24.6791828541 21.1411735603 21.4876742471 19.0721222377 19.2714207334 17.9407050689 16.3687181641 14.078330635 15.9959254952 13.2942769307 13.0420830369 13.852077027 13.5371685211 10.7820233704 12.6876442265 10.2899295493 8.94337022921 7.92796728996 8.98290069021 10.1708566076 10.1025507205 6.8648570085 6.92217408856 6.90624834931 10.6974963099 4.53391401809 7.78562549029 5.28248248169 4.81009116839 3.57241100549
-9999 -9999 -9999 -9999 -9999 -9999 -9999 -9999 -9999 -9999 -9999 -9999 -9999 -9999 -9999 -9999 -9999 -9999 -9999 -9999 -9999 -9999 27.6189587503 28.0147302116 32.0758991357 31.7937085762 29.0635244522 26.0667515066 23.0334485142 23.4836481955 20.2852102267 19.3768965176 17.4900463584 16.8598360642 16.6150178808 14.078004522 13.3738317129 15.3271413168 14.1212072663 13.4705104133 12.9521242085 11.4392885295 9.01049962473 10.3497591562 11.3533446175 10.8920517045 10.3851208511 9.53286862591 7.72540652077 7.73552329881 8.65360463977 7.64992671713 7.14820791117 7.62087825885 7.8618738634 8.22929996217 5.65375549004
-9999 -9999 -9999 -9999 -9999 -9999 -9999 -9999 -9999 -9999 -9999 -9999 -9999 -9999 -9999 -9999 -9999 -9999 -9999 -9999 -9999 -9999 -9999 28.4099813101 32.3721018429 31.9346455258 28.625989502 24.7603677781 22.7009141806 23.0805732286 20.3412441149 20.9725756711 19.0735518124 19.1874229578 15.6713663947 16.424444096 15.8982572228 14.9358769635 11.8700307684 11.3237916399 9.2645069603 11.0353334777 12.2327137518 12.2484885586 10.9786878658 10.2602506249 6.96429257118 6.41273942921 5.95659448016 6.3390208694 5.09596601416 6.10874957298 6.44241426823 9.19888702724 6.157373951 3.96680325452 6.24302969108
-9999 -9999 -9999 -9999 -9999 -9999 -9999 -9999 -9999 -9999 -9999 -9999 -9999 -9999 -9999 -9999 -9999 -9999 -9999 -9999 -9999 -9999 -9999 27.4110154576 32.151923655 31.6027046207 29.4971016055 27.9324508269 25.010884453 25.7024019168 22.2323186087 22.6530794855 20.1813623261 19.8179365702 17.1885977937 16.861887289 15.1852095155 14.134258931 13.0991768598 10.8413702811 14.5785943179 14.7190501625 13.9946398027 11.9108109907 9.16084052722 9.6128215599 9.94404399167 10.4185688783 8.79832937782 8.65381108093 9.0555180395 9.28610250184 6.80833553747 5.51513321189 5.30189833853 7.33119102271 5.44322471174
-9999 -9999 -9999 -9999 -9999 -9999 -9999 -9999 -9999 -9999 -9999 -9999 -9999 -9999 -9999 -9999 -9999 -9999 -9999 -9999 -9999 -9999 -9999 -9999 32.779590029 31.7463140441 29.6378518319 29.5871531642 25.1235705756 25.6848715342 21.5838785054 17.3129808952 19.5367281142 20.0309241363 18.8105318491 15.1469170155 13.3576704524 15.9340787576 15.0962313546 15.6044535862 15.3080581088 12.1549332681 10.2012973964 11.1795016269 11.4286564325 10.8680170801 8.42556173468 9.63203003737 9.93178904513 9.0298011854 7.21151735573 5.71943022465 6.11539248572 9.00515988875 7.3095176839 5.75648053465 5.87523794077
