data/recharge/transience/oldversion/mHM_recahrge_229.ASC
ncols   80
nrows    72
xllcorner    4374000.0
yllcorner    5656000.0
cellsize      500
NODATA_value  -9999
[rows 25 to 49 of 72, columns 0 to 56 of 80]
-9999 -9999 -9999 -9999 -9999 -9999 -9999 -9999 -9999 -9999 -9999 -9999 24.0873813883 23.8445373775 22.8382227547 23.393494187 22.3428731303 22.0740840543 21.4654312267 21.7617798074 20.8014249578 20.369524532 19.8679220102 13.3376939792 13.4570142983 14.6239878605 13.5361239357 13.3459656819 11.565864713 10.9146218581 9.62429339355 9.27244320004 12.4418393703 15.0440995182 4.91739102227 12.4352794233 11.5305267659 6.82560116737 5.0764359382 5.91553410326 5.40403567716 6.31087188285 11.0306297646 13.4984740996 13.2030657633 13.2715334183 13.167518464 13.1571549491 12.4452518857 12.7204401012 11.3134823985 6.78143820155 3.03296265246 2.50490740486 2.40827280183 2.52620045566 2.39866237256
-9999 -9999 -9999 -9999 -9999 -9999 -9999 -9999 -9999 -9999 -9999 -9999 -9999 24.0081006677 23.3750686165 23.1258720768 22.9976802609 23.0646751676 22.1406296511 21.9812051021 21.0793882525 21.1083184688 20.0567053047 16.9751689121 20.3894377398 18.145011315 14.4472232358 12.8806633133 11.5915669019 12.0250392915 10.3339377214 10.2025149812 15.1711277563 8.06597308955 4.9256730078 7.18316963746 11.5236179617 5.81509931441 6.45111171692 5.2253787645 4.59453820607 5.09134608427 3.43927880982 4.99681536179 6.25004961023 8.71164378664 10.7908175084 10.6457381928 6.0282896259 3.39324751948 2.415260655 2.46429881007 2.53233527036 3.32302950444 4.777670013 2.03690463215 1.99351179626
-9999 -9999 -9999 -9999 -9999 -9999 -9999 -9999 -9999 -9999 -9999 -9999 -9999 -9999 23.557206248 23.0566919528 22.4692915984 22.8985817756 21.9616504256 22.1576292114 21.2829692464 21.3469598258 20.4809202145 20.6628379793 19.6379279869 19.6138387151 19.2978049649 18.7210651988 12.9446494438 11.1921916712 10.8657215056 15.0655348966 16.5920399246 11.3049402285 5.9877957629 10.2164105455 11.2721333781 5.73223816133 5.45021906059 6.03560121501 6.09244005114 4.85345444943 4.64618013926 3.8094048335 2.9456117762 3.27363117785 2.70888322648 2.99112946823 2.40836264019 2.73818689843 2.57407550492 2.12725296084 1.96102104423 3.47433888835 4.69674693605 6.74014815974 6.20572736032
-9999 -9999 -9999 -9999 -9999 -9999 -9999 -9999 -9999 -9999 -9999 -9999 -9999 -9999 6.60919891382 15.3381907455 22.7707323488 23.5247649975 23.0727736282 22.9528565449 22.3089419688 22.0492855336 20.8672608098 21.126898197 20.6112362211 21.0152633502 19.6112490694 19.5988223072 18.9682971065 18.8528823028 14.7847536835 8.57265259269 16.6202815032 18.3592957444 6.59062998856 8.06034406755 10.6185489343 4.64895652947 5.64517143449 6.18509633586 4.48004905955 4.66829493052 4.21111212036 4.37761503031 3.50289653064 2.99593619018 2.7032923719 4.50120764928 4.83051276622 2.4546338544 2.71798289508 3.03446198887 3.25512011424 6.04550180665 7.70363729137 8.25421141507 6.33203090785
-9999 -9999 -9999 -9999 -9999 -9999 -9999 -9999 -9999 -9999 -9999 -9999 -9999 -9999 10.3925650493 15.7909965801 22.6929786539 24.0408983191 22.8711067338 22.8164857358 22.0938672611 22.1546217409 21.4242883674 21.1993415924 20.4950504204 20.394307485 19.8679491767 19.7529073584 18.6123584307 18.8388889929 17.7541957061 16.8752657461 16.3165412567 14.8704210259 13.169465986 6.80487912528 8.62235029511 5.2119615626 4.85473196697 6.1976559685 4.14738687523 4.56001611663 3.92008655739 3.98177748347 2.84244512602 3.05013730083 2.28237183247 2.86995161959 4.35979487227 4.72966525887 3.7027147072 2.13109789698 3.28602546415 3.01820738898 2.43775805757 2.88352950566 3.10541283146
-9999 -9999 -9999 -9999 -9999 -9999 -9999 -9999 -9999 -9999 -9999 -9999 -9999 -9999 24.6845620392 24.1183267762 23.3868970896 23.7360732926 23.073975955 23.3143289491 22.8122085384 22.8403483586 21.841288271 21.8665941843 20.6104131218 20.8869084277 19.8056785588 20.0996675019 19.0675151431 18.9385838506 18.0364593198 18.2765623614 17.3103800649 11.2428349597 7.03920450199 7.05757741417 6.49771096961 11.022716035 5.86305452197 7.66303717363 4.35210397717 3.5067386212 3.09193840258 3.27029699029 2.6141591449 2.52562322957 3.54811795927 3.6773146242 6.81921505637 7.59248898924 5.41908939467 6.15590029612 3.9300800745 4.26930868014 3.89697316792 3.3258449241 3.77655308701
-9999 -9999 -9999 -9999 -9999 -9999 -9999 -9999 -9999 -9999 -9999 -9999 -9999 -9999 -9999 24.1849087553 23.7130512628 23.6589154513 22.7290106533 22.6223455562 22.6610380206 22.883184028 21.853978671 21.8986122779 20.6889516706 20.9758418591 19.8829266625 19.9489644804 10.5253304218 18.4742503639 17.499415138 17.4744795563 16.001367425 10.6258736254 7.16620809135 7.18110033151 6.70932895951 6.67798005515 6.3656006464 6.22902023966 5.6336656784 7.68535566654 1.28632909813 1.76671095266 2.3015952978 1.71312496064 1.25556772869 1.4182951316 2.06079948021 2.87151464506 2.45745728988 2.25493531563 3.1010789457 4.85041523499 4.57954128471 4.51748733082 3.98591261198
-9999 -9999 -9999 -9999 -9999 -9999 -9999 -9999 -9999 -9999 -9999 -9999 -9999 -9999 -9999 -9999 23.6946180867 24.0052822774 22.7454115907 23.4053287404 23.1210863068 23.2507014366 21.8958860046 21.9659726069 21.2774705342 21.146868876 19.8764393181 17.9868411518 10.2696554868 16.2528873485 18.0551287741 12.1597318909 8.15410210889 5.54242746208 7.17241847825 7.33255680779 6.98335495349 7.10251991499 6.82127861097 8.79537762301 12.2701042104 12.0809655368 8.20317293756 2.62163944416 1.20450465107 0.873102510332 0.676866378911 2.55617554297 2.30614487581 1.90033164638 2.42836594087 3.51080379438 2.76910336049 2.36904285768 2.65576572915 2.41672709645 2.27491110093
-9999 -9999 -9999 -9999 -9999 -9999 -9999 -9999 -9999 -9999 -9999 -9999 -9999 -9999 -9999 -9999 25.3619040657 24.5427084059 23.4321834487 24.1257709076 23.2312405764 22.7679865653 21.8378532308 21.7441995277 21.2674113402 21.4128293356 19.9568180556 19.5910409738 10.9771118927 15.5639541639 11.277796742 8.14049155944 9.07144554141 6.41063030075 7.33532020887 7.26159160308 8.49867958789 7.1428047882 6.79728784752 7.26840537053 9.94682387508 9.9344608714 10.015698927 6.50495919762 3.81732805089 2.4209284213 3.160674575 5.07363450069 1.85967869757 2.21692998019 2.86448350102 2.9929850082 3.81396012453 4.04602876242 4.81839758404 3.52571447452 2.29189051154
-9999 -9999 -9999 -9999 -9999 -9999 -9999 -9999 -9999 -9999 -9999 -9999 -9999 -9999 -9999 23.8439490382 24.0465432801 24.191657405 25.0275493215 24.5925473324 23.3384035235 22.9032899975 21.9016713933 21.8549300728 21.1495252659 21.4293714665 20.2113285739 20.224544749 14.2679548789 17.726876168 17.8733732686 17.9735587569 17.1899072152 13.8119027459 11.4580712404 10.0122176514 10.4648754245 11.1156553584 10.050804647 6.78090301815 7.51356254834 5.51177916391 3.03769705446 2.96725785342 3.02930218593 2.07500307973 6.31248118009 6.00410370872 2.64933644377 2.89935568051 2.32681441357 1.91307322508 2.09894185164 2.29909270376 2.48962505159 2.5530541699 2.83643641405
-9999 -9999 -9999 -9999 -9999 -9999 -9999 -9999 -9999 -9999 -9999 -9999 -9999 -9999 24.7375693493 24.3095093822 24.1989924348 21.9163724451 24.2834533193 24.6396798005 23.8473305081 23.6258224698 22.0677428961 22.0391185359 20.8227864708 21.091251461 19.9115083227 20.1642215553 18.943108042 18.9751974086 17.5473913242 17.6500804008 14.2399909436 11.0270940606 8.57530430526 9.69334619692 12.0342245596 10.4996312754 2.07977233643 5.67029785501 6.56387376273 2.36753666973 2.00419880513 2.27746141557 1.42845963885 1.18019215671 3.21029034619 2.62555878828 2.80627297103 2.33783692694 2.10236424514 2.08568126115 2.22680232869 2.18369741592 2.08886629771 2.19857443142 2.39179322919
-9999 -9999 -9999 -9999 -9999 -9999 -9999 -9999 -9999 -9999 -9999 -9999 -9999 -9999 24.8888497518 25.0080709391 24.5152246856 21.6043951711 19.1561979836 21.7734425539 22.8598171852 23.3054818774 22.2244729061 22.2110990503 20.6470961556 20.5277693573 16.144101322 16.1827100753 15.7168601662 18.9426550215 18.0549482721 15.186065727 9.64457637353 9.03578619537 7.48814533334 9.66349494253 9.14352918299 10.8201339167 6.26970282332 6.4285924715 7.71856119508 7.17821743213 2.95167313565 2.6113000586 2.19737160371 1.14154340585 2.13789811659 3.67195816624 3.84759962723 4.46626864085 4.35870668665 4.3197409562 3.18805056798 2.81704528484 3.12967595215 3.00376803309 2.36855670294
-9999 -9999 -9999 -9999 -9999 -9999 -9999 -9999 -9999 -9999 -9999 -9999 -9999 -9999 -9999 -9999 24.8139702079 22.5971938702 22.0490666041 21.9001447341 21.3840511544 22.9916203372 22.5808474798 22.4945550422 20.8303310635 17.4269892933 11.7966664815 12.1650454104 10.3823986006 12.3833689201 13.443825112 10.388658724 9.14506431117 8.28097672902 8.06384481144 8.11534252291 8.09962425488 6.18401421161 8.23282729961 7.92692426852 4.87313314017 4.40606209067 7.53393834278 6.23957750881 1.44443925433 1.79808475262 1.52765636111 1.86635939939 2.68511148459 3.20306888846 3.05708067407 3.14480354695 2.75948505708 2.42718304189 1.76749605472 1.85500282358 2.57244238528
-9999 -9999 -9999 -9999 -9999 -9999 -9999 -9999 -9999 -9999 -9999 -9999 -9999 -9999 -9999 -9999 23.344269934 23.1074263651 22.7995975269 21.1600053216 20.2463587221 21.3284492255 22.0210654543 22.1800484523 21.4609759164 18.0486136124 14.0254720324 13.7195249181 12.2214372753 12.5451854634 12.4931935313 12.16911143 10.2762083626 8.79567574906 6.68802588364 6.99368719979 6.81042757235 7.55911685796 5.2892795965 4.57736608728 5.05111332135 6.1687579666 6.76112370435 7.08818600888 4.31413192744 1.57689255489 0.698330415208 1.15978381598 2.35928788533 1.93079095497 1.57151681266 1.59164352848 1.26601891648 1.40990967788 1.31329324366 1.32065176658 1.30506732452
-9999 -9999 -9999 -9999 -9999 -9999 -9999 -9999 -9999 -9999 -9999 -9999 -9999 -9999 -9999 -9999 -9999 -9999 22.8729250866 21.821368595 19.4962215027 20.1882920304 21.9438003411 22.2904079393 21.265642491 20.9715647238 13.5921732937 13.5507128007 12.2289389121 12.1944808997 10.3506982034 9.76624262848 9.0987682875 9.10603253257 6.60850942857 7.58370754467 7.15915594557 5.86437243312 5.18237909535 5.87501634535 4.42773754882 4.04596699329 3.6599092996 3.63877991406 2.9897412502 2.67732370473 0.890941034175 0.910361628275 1.34866076063 1.53918626915 1.69844593833 1.84454119902 1.28782330947 1.31602524927 1.40081136728 1.48240269186 1.38978378622
-9999 -9999 -9999 -9999 -9999 -9999 -9999 -9999 -9999 -9999 -9999 -9999 -9999 -9999 -9999 -9999 -9999 -9999 -9999 20.6068130142 19.9736078803 20.3772989559 19.7784514824 23.4282428102 21.8950966202 21.7729303858 19.6145555363 13.6709026391 10.7373108919 10.543487452 9.93211611769 10.2042366899 8.61296911367 8.39347962839 5.96166487808 4.97199336583 4.55831259831 5.83482408667 5.10220209486 5.38245371897 4.01179390107 3.74441594913 3.0238415587 3.58908253034 3.38128391748 3.50346775281 1.97681348618 0.804282213779 0.583205587672 1.23622556622 1.15467334083 1.47636593624 1.16598612063 1.15679298635 1.28604976086 1.23835808426 1.01439757881
-9999 -9999 -9999 -9999 -9999 -9999 -9999 -9999 -9999 -9999 -9999 -9999 -9999 -9999 -9999 -9999 -9999 -9999 22.0452949383 22.5784397227 22.074512256 21.9019491617 19.6232398997 23.1493288087 21.7850550409 21.8060989218 20.1735158014 18.3590470673 11.5229073688 11.0928187175 9.94007429712 6.34558700482 9.01887227978 7.82880787975 6.15202578765 6.98284184513 7.67626348049 7.39458627109 6.49450939624 6.15958950366 5.31089495239 4.00839471669 3.39142097909 5.42641063965 4.10289708721 4.82156118219 3.08140384277 3.20704445264 1.88786506289 0.819399081787 1.70922063966 1.8572346707 2.07808950683 2.16622616979 1.66248298535 1.49238129009 1.32094391811
-9999 -9999 -9999 -9999 -9999 -9999 -9999 -9999 -9999 -9999 -9999 -9999 -9999 -9999 -9999 -9999 -9999 -9999 -9999 23.9623683572 23.3860288373 23.0812869559 19.8822765735 23.1159272556 22.2876587178 22.1346863373 20.1867166667 20.3027680406 15.282696437 16.7888264105 13.6078614419 13.616550397 11.7629760537 7.72584340397 7.82206545824 6.81531182044 4.26912692093 3.83460726105 3.20689943524 3.20878982644 3.29147242805 4.13997182872 4.44924421925 6.31005723232 5.94726845773 6.00683671436 3.73360708244 2.91591735982 2.1295746889 1.20161226251 0.435549996736 4.83229729152 5.18894044513 4.48356930043 3.39890379871 0.758655975197 0.88626694947
-9999 -9999 -9999 -9999 -9999 -9999 -9999 -9999 -9999 -9999 -9999 -9999 -9999 -9999 -9999 -9999 -9999 -9999 -9999 -9999 22.3989191143 22.9259742356 19.9604307958 22.7973155089 21.9253637611 22.0557076631 20.116352112 20.3852802217 19.7509844726 19.5263746423 18.224584959 18.0975237726 10.1886174667 10.0327334667 8.57912580312 9.01925412623 5.89865802343 6.51232357638 5.9602282028 5.62284495183 4.35501041389 5.29103209222 4.82261755256 4.30575624669 5.07107739876 4.49997974309 3.6106670953 4.00595830182 3.27692268682 2.59914605053 1.713376591 0.948654396414 0.435487216165 1.12789021954 3.54705731467 0.586012675959 0.586426361161
-9999 -9999 -9999 -9999 -9999 -9999 -9999 -9999 -9999 -9999 -9999 -9999 -9999 -9999 -9999 -9999 -9999 -9999 -9999 -9999 -9999 22.747604943 20.7855665283 21.2808829105 21.462311096 21.2498736003 20.2565274215 20.8453630503 19.655098747 19.5353693074 17.9808058643 18.9037197216 9.91182851678 8.50193541183 10.062524192 8.6523455597 6.91644964021 5.76855628003 4.94827240846 5.17521815589 5.90117802295 6.14764319028 6.10739280782 4.43183615901 3.55912336839 2.83252277184 3.1928503851 3.47224526346 3.22689421035 3.86903895108 3.96669962032 4.07946569634 1.80001212107 0.836009033626 0.238798260388 0.31196659678 0.366459871563
-9999 -9999 -9999 -9999 -9999 -9999 -9999 -9999 -9999 -9999 -9999 -9999 -9999 -9999 -9999 -9999 -9999 -9999 -9999 -9999 -9999 21.6564489076 19.9734493045 19.9623861991 21.8845802988 21.9668975126 20.7201752016 18.7218624238 15.8148416822 18.9384425696 8.61331548125 17.4117955292 11.0416076055 8.74796690855 5.93566574632 6.84106092951 5.86135653617 6.02823368027 5.23487334565 6.13756049534 5.95305202104 5.75733024839 4.42587589978 4.18127337939 4.54962265432 4.34447913625 3.83509233169 3.74562206772 2.55323432351 2.63531612616 4.56965182671 3.70253139828 2.00325999608 0.493307948186 0.451790458982 0.260300101958 0.271367402499
-9999 -9999 -9999 -9999 -9999 -9999 -9999 -9999 -9999 -9999 -9999 -9999 -9999 -9999 -9999 -9999 -9999 -9999 -9999 -9999 -9999 -9999 20.0911644334 20.9791814439 22.7891415881 22.4221807651 20.9809123209 18.5606586779 13.280127361 14.0229382167 14.8023674317 15.0854633411 10.268115655 9.0620714813 8.95801144747 7.63137987914 7.17372895491 6.81127330634 6.18331770769 6.11641331026 5.87778442378 4.32987158174 4.27370990057 5.20823214497 2.98807614652 2.69539657373 2.16521458839 2.66323014973 3.23768477619 5.50655759729 3.00388713062 4.52474460739 3.4445747511 0.826856180376 0.259838545063 0.22547113778 0.246660383707
-9999 -9999 -9999 -9999 -9999 -9999 -9999 -9999 -9999 -9999 -9999 -9999 -9999 -9999 -9999 -9999 -9999 -9999 -9999 -9999 -9999 -9999 20.3889263309 20.1380960177 22.5771737226 22.6673477596 21.1531107722 16.0909397335 13.5803209132 13.8655766021 12.1970674942 12.3573993254 11.2107509368 9.56276286923 7.73149501309 9.20874930099 6.94266663767 6.65659678106 6.99142372693 6.84517128235 4.77397400405 5.97097623057 4.33723596467 3.63179224641 3.05231788307 3.38541824062 3.90193733492 3.93924355398 2.38812906457 2.37486750501 2.40113825912 4.96861653043 0.581048301498 1.62692644548 0.738234033874 0.62765743225 0.397442364287
-9999 -9999 -9999 -9999 -9999 -9999 -9999 -9999 -9999 -9999 -9999 -9999 -9999 -9999 -9999 -9999 -9999 -9999 -9999 -9999 -9999 -9999 20.2411276148 20.7496676396 23.6272481828 22.9760265223 21.5269202991 17.2036416469 14.6354854241 15.1447758258 13.0073226629 12.2976067027 10.8476054395 9.92517673975 9.46223211028 7.57478477017 6.79211967367 8.20765444836 6.94855231102 6.49381662923 5.91868475066 4.95963216339 3.48755785361 4.17741918734 4.65455793135 4.30560395254 3.86422749279 3.40151918608 2.61957557066 2.62356689109 3.11554237683 2.62832738266 1.17496422358 1.35165878806 1.55535003749 1.72396595309 0.75762006985
-9999 -9999 -9999 -9999 -9999 -9999 -9999 -9999 -9999 -9999 -9999 -9999 -9999 -9999 -9999 -9999 -9999 -9999 -9999 -9999 -9999 -9999 -9999 21.2137976601 23.7432572916 23.1166915874 21.1554343808 16.3820310123 14.3227871966 14.8111103565 13.0520786993 13.5713240441 12.0545249543 11.9399716753 8.70914614062 9.30272837063 8.68343070211 7.90205652624 5.47269648034 5.17493422558 3.79002196373 4.72754142845 5.21232841613 5.29391825914 4.420185805 4.00820133589 2.35191105907 2.10569263431 1.94215128505 2.07637952146 1.65858062293 2.00797774965 2.04054945759 2.16178890317 0.902998171299 0.556918603263 1.40616357303
