data/recharge/transience/oldversion/mHM_recahrge_205.ASC
ncols   80
nrows    72
xllcorner    4374000.0
yllcorner    5656000.0
cellsize      500
NODATA_value  -9999
[rows 0 to 24 of 72, columns 0 to 55 of 80]
-9999 -9999 -9999 -9999 -9999 -9999 -9999 -9999 -9999 -9999 -9999 -9999 4.59997351193 4.8575671459 -9999 -9999 -9999 -9999 -9999 -9999 -9999 -9999 -9999 -9999 -9999 -9999 -9999 -9999 -9999 -9999 -9999 -9999 -9999 -9999 -9999 -9999 -9999 -9999 -9999 -9999 -9999 -9999 -9999 -9999 -9999 -9999 -9999 -9999 -9999 -9999 -9999 -9999 -9999 -9999 -9999 -9999
-9999 -9999 -9999 -9999 -9999 -9999 -9999 -9999 -9999 -9999 -9999 -9999 3.58813317468 3.13119775512 2.82588572999 -9999 2.73911899809 -9999 -9999 -9999 -9999 -9999 -9999 -9999 -9999 -9999 -9999 -9999 -9999 -9999 -9999 -9999 -9999 -9999 -9999 -9999 -9999 -9999 -9999 -9999 -9999 -9999 -9999 -9999 -9999 -9999 -9999 -9999 -9999 -9999 -9999 -9999 -9999 -9999 -9999 -9999
-9999 -9999 -9999 -9999 -9999 -9999 -9999 -9999 -9999 -9999 3.26320145262 2.84302715006 3.22274802515 3.2968016858 2.3398027079 2.12517021528 1.85548081396 1.85343883967 -9999 -9999 -9999 -9999 -9999 -9999 -9999 -9999 -9999 -9999 -9999 -9999 -9999 -9999 -9999 -9999 -9999 -9999 -9999 -9999 -9999 -9999 -9999 -9999 -9999 -9999 -9999 -9999 -9999 -9999 -9999 -9999 -9999 -9999 -9999 -9999 -9999 -9999
-9999 -9999 -9999 -9999 -9999 -9999 -9999 -9999 -9999 2.96583249398 3.09056354277 3.23227794873 2.85936501748 2.9547644893 2.84913152616 2.51892072947 2.0313112079 2.52127736027 -9999 3.0405828652 -9999 -9999 -9999 -9999 2.20069340329 2.48656171371 -9999 -9999 -9999 -9999 -9999 -9999 -9999 -9999 -9999 -9999 -9999 -9999 -9999 -9999 -9999 -9999 -9999 -9999 -9999 -9999 -9999 -9999 -9999 -9999 -9999 -9999 -9999 -9999 -9999 -9999
-9999 -9999 -9999 -9999 -9999 -9999 -9999 -9999 3.6633965569 3.28045525312 2.77857192964 2.9630389674 2.86669262721 2.72521859268 2.52725712904 2.44568478799 1.89254328956 1.82810929547 1.92784435718 2.51881047074 2.43446599138 2.52642452187 -9999 2.04517221342 2.61460212855 2.68788796949 -9999 -9999 -9999 -9999 -9999 -9999 -9999 -9999 -9999 -9999 -9999 -9999 -9999 -9999 -9999 -9999 -9999 -9999 -9999 -9999 -9999 -9999 -9999 -9999 -9999 -9999 -9999 -9999 -9999 -9999
-9999 -9999 -9999 -9999 -9999 -9999 3.86774186798 3.20327485951 2.92041935102 3.02798176932 3.07288526018 3.38509316192 3.07877860278 2.96383268043 2.49893743216 2.63002824593 2.07858822239 1.96335887593 2.46665559074 2.49966496174 2.38933267967 2.47971137394 2.34757669345 2.12561608776 2.52695356072 2.45249261908 2.74134676139 -9999 -9999 -9999 -9999 -9999 -9999 -9999 -9999 -9999 -9999 -9999 -9999 -9999 -9999 -9999 -9999 -9999 -9999 -9999 -9999 -9999 -9999 -9999 -9999 -9999 -9999 -9999 -9999 -9999
-9999 -9999 -9999 -9999 -9999 -9999 4.08353924712 3.6978471559 2.79836526636 2.71434941888 2.57253055114 3.00568594845 2.64382065119 2.19210460419 1.85168814673 1.92913021502 1.76154258618 1.71043705583 1.84224694684 1.75913939249 1.91713800868 2.10624833544 2.42195610214 2.19721266476 2.19460596346 2.0838330064 2.81974222247 3.17717514521 3.58441927329 3.45886173056 3.90713536067 3.87719722557 -9999 -9999 -9999 -9999 -9999 -9999 -9999 -9999 -9999 -9999 -9999 -9999 -9999 -9999 -9999 -9999 -9999 -9999 -9999 -9999 -9999 -9999 -9999 -9999
-9999 -9999 -9999 -9999 -9999 4.78153204691 4.19374176067 4.1788066002 3.56729367595 3.52640865537 3.19054967867 3.00484641943 2.37684233228 2.41565905716 2.06181729208 2.20428210183 1.82162135373 1.45255813028 1.84663126834 1.77776992232 1.92370995552 1.8789029411 2.33975802508 2.38805222083 2.329613192 2.40243367419 2.71219615469 2.8420274663 3.49328000299 3.44248191688 3.39814620998 3.51042524065 3.33816328573 3.26154873533 -9999 -9999 -9999 -9999 -9999 -9999 -9999 -9999 -9999 -9999 -9999 -9999 -9999 -9999 -9999 -9999 -9999 -9999 -9999 -9999 -9999 -9999
-9999 -9999 -9999 -9999 -9999 5.04857174561 4.58681355729 4.60706728407 3.97693915297 3.78534015266 3.51712059834 3.66443262899 2.79722170513 2.67304416862 2.96713936662 2.81600479352 1.77642704569 1.29928055806 1.82057443408 1.66721319676 1.7379233216 1.77875669525 2.21847061571 2.16059786485 2.45291991154 2.12167644067 2.26057758008 2.15855141825 2.84400657408 2.86983902487 2.87555489885 2.93751041316 3.21506250296 3.12869497366 3.04961277471 3.18048320602 -9999 -9999 -9999 -9999 3.26155854337 3.27512767953 -9999 -9999 -9999 -9999 -9999 -9999 -9999 -9999 -9999 -9999 -9999 -9999 -9999 -9999
-9999 -9999 -9999 -9999 -9999 4.81933399448 4.4054804663 4.25031613086 4.10229608145 4.26495622425 3.83951142064 3.72265872157 3.09632610565 3.38628402415 3.15115326258 2.48501587071 1.7046580437 2.13799945666 2.04471102161 2.14792886407 1.91814076622 1.73642653277 1.96888722509 1.91823762565 2.42753622639 2.13864737967 2.21520145254 2.01157805932 2.80686336919 2.80906784129 2.67615422727 2.86976167711 3.18837878461 2.73470503504 2.54817515835 3.25729389998 3.25768545862 -9999 -9999 3.42528740766 3.49490386833 3.41972650267 3.4395854667 -9999 -9999 -9999 -9999 -9999 -9999 -9999 -9999 -9999 -9999 -9999 -9999 -9999
-9999 -9999 -9999 -9999 -9999 -9999 5.19637586989 5.09575492013 4.67073950926 4.52946481249 3.90245472373 4.12764735884 4.06658936157 4.30388588422 2.69995976861 2.59316357729 2.15775053689 2.09811338094 1.88309671042 1.99889933883 1.9321721733 1.98704876208 1.99360171001 2.09524418916 2.12981010767 1.99321488273 1.64605722237 1.69160549085 2.17904235929 2.41816895551 2.40856289905 2.57509689696 2.31415721583 2.42317127451 2.55938645731 2.96492003171 2.85840690516 2.47683600495 3.26739078517 3.21232966556 3.17716298468 3.49388883388 2.79349095414 2.39075365966 -9999 -9999 -9999 -9999 3.05660896519 2.83554522574 1.54504597474 -9999 -9999 -9999 -9999 -9999
-9999 -9999 -9999 -9999 -9999 -9999 -9999 4.70162709614 4.41997165207 4.78279837343 4.41696589642 4.14839364754 3.30450734657 2.7988504539 1.97501619446 2.58682209006 2.49911995618 2.70151719046 2.42311218142 2.17178923472 1.8566187992 1.86361976598 1.92625125747 1.94041250233 2.0249094523 1.9051083434 1.70486768097 1.92808117969 2.42082786481 2.28945093206 2.31037177538 2.30972421073 2.41983131294 2.528914517 3.0075880302 2.99528500108 2.8114396903 2.82466043819 3.22947445365 3.22393544177 2.84032090682 2.60177313258 1.7929506713 1.57059057484 1.38895796388 1.56926725949 1.68372220449 1.44965011191 1.41753561571 1.95688899529 2.53067624196 2.47745710182 -9999 -9999 -9999 -9999
-9999 -9999 -9999 -9999 -9999 -9999 -9999 -9999 4.32367677925 4.2032308165 4.33420527279 4.61229616603 3.89135942398 4.09157109028 3.82286249933 3.65632689842 2.85602705207 2.86645503594 2.19251706917 2.34363415594 2.79703090031 2.72237770449 1.24155028008 1.00073290205 1.03646927702 0.949251054882 1.15498533253 1.79286065167 1.68138784243 1.50248217467 1.65012389625 1.63895998836 1.80872797687 1.77840848565 2.18017252399 2.35795240199 2.78518056851 2.85620758718 2.87500682119 2.81691835138 2.39811221833 1.75660681678 1.3093352603 1.20249394513 1.16520978754 1.06938880245 1.23057106728 1.10026844837 1.03486445067 1.50598515385 1.9263974511 2.0702197157 1.92623912772 -9999 -9999 -9999
-9999 -9999 -9999 -9999 -9999 -9999 -9999 -9999 4.8868815999 4.52278633927 4.13928993197 4.15745299919 3.8047483965 3.78773006699 3.31132940705 3.26393751899 2.60199375986 2.73688411826 2.34575940591 2.459580791 2.59485726001 2.68230966162 1.25830472109 1.62513885809 1.28474267895 0.94429840836 1.07864702521 1.32891425259 1.63449919402 1.40249397194 1.56599733408 1.6236329875 1.71740693837 1.74574409668 2.3222748608 1.76591021 2.91756038151 2.79998863453 2.86998540002 2.84195763247 2.80327856983 1.78226847506 1.22316808809 1.21986182891 1.07302742321 1.06163380741 1.21603285914 1.12684375136 1.12996495687 2.04686941459 1.96946845929 1.97629846694 2.02152655387 2.31209815824 1.91377220532 1.98390294971
-9999 -9999 -9999 -9999 -9999 -9999 -9999 -9999 -9999 5.2677039894 4.68259380701 4.12470718516 3.95476619065 3.70790352384 3.18687262346 3.17829364818 3.27790525776 3.44876908426 3.53120541001 3.56372490971 3.47403546501 3.07677184325 2.15198425037 2.66709290055 1.7472305155 1.62182285582 1.0684480942 0.786610131126 0.60560339314 1.46027858282 1.37025737958 1.34785501873 1.50157231442 1.33450606412 1.74880326647 1.92124632729 2.34341055351 2.26988432679 2.29522616052 2.30814872875 2.28930893955 2.0864950924 0.885114288234 1.1425609002 0.895033642048 0.791906955411 0.704597490407 0.722248571203 1.27903434184 1.44229606857 1.4538724923 1.42026881075 1.60410454078 1.83536623067 1.87283356321 0.942214104166
-9999 -9999 -9999 -9999 -9999 -9999 -9999 -9999 -9999 -9999 4.17029131786 4.20516523229 3.88401251547 3.72882634755 3.00991144605 2.81101511382 2.94775335356 3.46277317245 3.13932505561 2.78486270297 2.65452031638 2.52809372016 2.04743520392 1.4011594958 1.32704796011 1.72719805184 1.36784574013 1.04989331075 0.683440438084 0.644702276323 1.48232851186 1.48633309901 1.7871197552 1.43168202561 2.036859254 1.99887742275 2.30966555421 2.27066701107 2.30559045749 2.31325202092 2.35023005993 2.18552509489 1.44176744654 0.981309123148 1.26043144168 1.28645286713 0.998717128752 0.792318569347 1.46612854517 1.48626402858 1.5921747911 1.54996216918 1.47664051093 1.70093955391 1.72731843966 0.874374693053
-9999 -9999 -9999 -9999 -9999 -9999 -9999 -9999 -9999 -9999 -9999 3.25970420499 3.06660712056 3.57451354332 3.0491719108 2.88419514638 2.98483327739 2.95178785359 2.56695052692 2.87380573382 3.04194144296 2.89273693035 1.99786697406 1.72496949696 1.07406684057 0.637364191835 1.07860512283 1.47572576305 1.37241732501 1.89028841362 0.716524505443 0.83690243462 0.820037659568 0.890415354612 1.59885406381 1.48443291123 1.91023719603 1.90215062561 2.043831429 2.04388315215 1.89952447624 1.66867920934 1.76190387942 1.19957746328 0.876114440276 0.742216321731 0.872469816308 0.974998576383 0.935549991844 1.38646952139 1.34736188468 1.51680441638 1.52184859492 1.49157152294 1.1181096952 1.08491906893
-9999 -9999 -9999 -9999 -9999 -9999 -9999 -9999 -9999 -9999 -9999 2.88722454371 3.25502786386 3.36772734248 3.20115690218 3.07235414648 2.64421866178 2.59190584561 3.01835428055 3.03850037931 2.91775356766 3.13425173513 2.08995421725 1.86578640763 1.84463914081 1.98589501592 1.08458610291 0.892235232609 0.749189185022 1.27046805758 0.981082077555 0.686200860889 0.247458743925 0.370577028884 0.616818777879 1.38417111737 1.90477387819 1.92502922771 2.01226417349 1.97702353079 1.96585278492 1.78098824882 1.59750009258 1.68536565875 1.36632318173 1.01155556443 1.25558504847 1.46136197109 1.31740889664 0.952795800363 1.06838312052 1.05672516429 0.783846013473 1.44170821303 1.26641350377 1.18647771355
-9999 -9999 -9999 -9999 -9999 -9999 -9999 -9999 -9999 -9999 -9999 4.84771317387 4.11194327848 3.94528271384 3.07995376803 2.88236759794 2.25924292585 2.07489518348 2.14622368854 2.26141358269 2.41768083876 2.45040637404 1.8393112871 1.59158251142 1.44480519428 1.57075047284 1.49617009427 1.47706179492 1.33700719378 0.831304282244 0.523898482128 0.822069676372 1.10729568266 1.31805792944 0.835459141878 0.38395668696 0.579361223922 0.339212559851 1.4027849844 1.42162853492 1.576125311 1.66741439027 1.6974844564 1.82925943797 2.19943241228 2.19878709817 1.20903576244 1.09498137865 1.054638595 1.02118993431 0.909715811049 1.03415545673 1.1320979408 1.3372599056 1.5018867672 1.45585872719
-9999 -9999 -9999 -9999 -9999 -9999 -9999 -9999 -9999 -9999 -9999 -9999 3.70218030021 3.97066709167 3.41279826231 2.9862564041 2.35439925093 2.16106092475 1.9713681667 2.41704558535 2.46501609061 2.38025129618 2.11464726167 2.01031515709 1.62169726505 1.64395722004 1.51307635412 1.54390641056 1.47166699851 1.43112230554 1.46732929905 1.50717399764 1.06798579843 0.563608088502 0.898640265254 1.25933016003 0.758343573516 0.484027795092 0.455906311661 1.74030998369 1.96338485881 1.53745080307 1.93635301973 2.12213041759 2.27087967372 2.36290541595 1.43053847685 1.10867823244 0.855232054634 0.944192199013 0.829209930618 0.710972397383 0.625135230063 0.641949174382 0.581593255742 1.07744291627
-9999 -9999 -9999 -9999 -9999 -9999 -9999 -9999 -9999 -9999 -9999 4.45879676864 4.29642573651 4.30972789098 3.72750693574 3.14750387579 2.56622178806 2.43325121139 1.89914176379 2.21849196381 1.83208620204 1.81296276231 1.55234321222 1.57676617274 1.41513504533 1.40111211605 1.25478959199 1.22295517154 1.22294657939 1.19711324389 1.12339188804 1.14961495311 1.12463444006 1.11665688773 1.21669527528 0.491260704012 0.560823156593 0.303915854026 0.25050353803 0.807326358449 1.33003954293 0.782460085934 2.59615462465 2.65204638473 3.19581212029 3.15151119458 2.60647005462 1.58853975813 1.03533316987 1.0410282355 0.768258822914 0.510847486429 0.449481019684 0.453387157483 0.420656093429 0.469380498839
-9999 -9999 -9999 -9999 -9999 -9999 -9999 -9999 -9999 -9999 -9999 4.59058440678 4.90670932414 4.65255263011 3.61697244406 3.26219172131 2.60261249561 2.53358766686 2.21806142209 2.2508685819 1.94572280505 1.85060304393 1.61426487371 1.63979804683 1.45920027593 1.41859466734 1.12784586252 1.21193065063 1.26235189121 1.48314350957 1.35165063687 1.16442108949 1.11221856685 1.11719151396 1.19744603794 0.338990663993 0.365660502885 0.510962591754 0.300225405441 0.399963142634 1.10949057114 0.700432781583 1.61366730225 2.1927609099 2.41915437239 2.30402365917 2.14912619415 2.12187290699 1.45818570331 1.24914641215 0.734425472347 0.782223954654 0.660522237458 0.624259154212 0.581383686441 0.53135661655
-9999 -9999 -9999 -9999 -9999 -9999 -9999 -9999 -9999 -9999 -9999 5.45675557832 5.46178541188 4.84544175953 4.40374337149 4.29576992681 2.908672085 2.99760269947 2.40025003643 2.71677878382 1.76551800363 1.38188092374 1.97464819081 1.41574807081 0.954354756612 0.952364272897 1.01767948727 1.05986952707 0.942434019065 0.991148109776 0.961111545433 1.32963613433 1.26426732735 1.20933786524 1.00782002184 0.217472448456 0.212443729769 0.142633970407 0.288213490805 0.21525160437 1.13798151908 1.42236834866 1.41720159505 1.22921185165 1.41820706615 1.40227800876 1.72722325053 1.74843603301 1.67620114726 1.67930129948 0.658337418203 0.424140679387 0.315243298789 0.303941628999 0.279639839293 0.302808546377
-9999 -9999 -9999 -9999 -9999 -9999 -9999 -9999 -9999 -9999 -9999 -9999 5.56592542929 5.38073909281 4.56237702671 4.06928609931 3.038551914 3.21721364221 2.42493975607 2.58771908919 2.09680817287 2.36414008568 1.19897228648 0.968346872781 0.884547269928 0.869776317486 0.694055395329 0.735036025866 0.651640423802 0.574158027493 0.467098609291 0.726533944328 0.973128685622 1.01744517099 0.957333220793 0.303960254143 0.266155791994 0.182203568671 0.374006774542 0.334000120068 1.24199143317 1.29829456659 1.73118542645 1.25294865031 1.3746936218 1.35746816947 1.56927789064 1.67319840177 1.5337108164 1.75886866874 1.20945774717 0.852450586262 0.667737773079 0.518509693041 0.314035303838 0.341958294203
-9999 -9999 -9999 -9999 -9999 -9999 -9999 -9999 -9999 -9999 -9999 -9999 6.34519291898 5.76375271402 4.7914360017 4.18123962006 3.22878758501 3.53845904048 2.87424764172 2.94381562565 2.6285246453 2.57194186552 1.56762853462 1.46920106924 1.11117563638 1.23068355054 1.22860476155 1.12035994375 0.835823706507 1.04162243717 0.744437805544 0.795978316994 1.19833449452 1.32461261847 0.422547491409 0.366739987466 0.252094165884 0.403875571232 0.581256799296 0.400317397605 0.966954246357 1.07018881303 1.05561458539 1.04787071215 1.09977400162 0.989683250963 0.887170482043 0.82188313393 0.750757143803 1.0268000365 0.842676988434 0.721562770622 0.493629690531 0.164702296609 0.121116478932 0.162391757576
