data/recharge/transience/oldversion/mHM_recahrge_427.ASC
ncols   80
nrows    72
xllcorner    4374000.0
yllcorner    5656000.0
cellsize      500
NODATA_value  -9999
[rows 0 to 23 of 72, columns 0 to 54 of 80]
-9999 -9999 -9999 -9999 -9999 -9999 -9999 -9999 -9999 -9999 -9999 -9999 0.305737752463 0.302689594257 -9999 -9999 -9999 -9999 -9999 -9999 -9999 -9999 -9999 -9999 -9999 -9999 -9999 -9999 -9999 -9999 -9999 -9999 -9999 -9999 -9999 -9999 -9999 -9999 -9999 -9999 -9999 -9999 -9999 -9999 -9999 -9999 -9999 -9999 -9999 -9999 -9999 -9999 -9999 -9999 -9999
-9999 -9999 -9999 -9999 -9999 -9999 -9999 -9999 -9999 -9999 -9999 -9999 0.940071137384 0.625075991483 0.530941914054 -9999 0.610112752436 -9999 -9999 -9999 -9999 -9999 -9999 -9999 -9999 -9999 -9999 -9999 -9999 -9999 -9999 -9999 -9999 -9999 -9999 -9999 -9999 -9999 -9999 -9999 -9999 -9999 -9999 -9999 -9999 -9999 -9999 -9999 -9999 -9999 -9999 -9999 -9999 -9999 -9999
-9999 -9999 -9999 -9999 -9999 -9999 -9999 -9999 -9999 -9999 0.605676989202 0.572053038151 0.763448141289 0.806067408556 0.532569485257 0.455042990318 0.395779986806 0.412527332408 -9999 -9999 -9999 -9999 -9999 -9999 -9999 -9999 -9999 -9999 -9999 -9999 -9999 -9999 -9999 -9999 -9999 -9999 -9999 -9999 -9999 -9999 -9999 -9999 -9999 -9999 -9999 -9999 -9999 -9999 -9999 -9999 -9999 -9999 -9999 -9999 -9999
-9999 -9999 -9999 -9999 -9999 -9999 -9999 -9999 -9999 0.540200331842 0.604950655871 0.593284322431 0.598505117338 0.648363054117 0.620846054878 0.567273703548 0.505559020132 0.644401258404 -9999 0.827926839432 -9999 -9999 -9999 -9999 0.76140826227 0.806268687146 -9999 -9999 -9999 -9999 -9999 -9999 -9999 -9999 -9999 -9999 -9999 -9999 -9999 -9999 -9999 -9999 -9999 -9999 -9999 -9999 -9999 -9999 -9999 -9999 -9999 -9999 -9999 -9999 -9999
-9999 -9999 -9999 -9999 -9999 -9999 -9999 -9999 0.898455231671 0.700220047277 0.557323783507 0.553631341736 0.554626093243 0.489894823896 0.531970490112 0.489498248348 0.457834716503 0.415647813617 0.434026922219 0.573199822133 0.618139233601 0.674582519525 -9999 0.598175132845 0.965227981754 0.921874841272 -9999 -9999 -9999 -9999 -9999 -9999 -9999 -9999 -9999 -9999 -9999 -9999 -9999 -9999 -9999 -9999 -9999 -9999 -9999 -9999 -9999 -9999 -9999 -9999 -9999 -9999 -9999 -9999 -9999
-9999 -9999 -9999 -9999 -9999 -9999 0.75971261226 0.577138851713 0.541307637609 0.585870010546 0.69443418263 0.753404430555 0.66098732503 0.601170356889 0.516874973875 0.585261896198 0.504127621794 0.459304129392 0.565028230527 0.564010861503 0.591687047588 0.646632480976 0.673242532417 0.612976012106 0.745613482237 0.702021766903 0.852748086295 -9999 -9999 -9999 -9999 -9999 -9999 -9999 -9999 -9999 -9999 -9999 -9999 -9999 -9999 -9999 -9999 -9999 -9999 -9999 -9999 -9999 -9999 -9999 -9999 -9999 -9999 -9999 -9999
-9999 -9999 -9999 -9999 -9999 -9999 0.793921425431 0.675619267062 0.491181906263 0.46208227937 0.457184518984 0.503033937328 0.507896049044 0.444911929392 0.440162364797 0.383725511458 0.440844282014 0.502381585392 0.500414484456 0.415379342969 0.499747084354 0.622040415101 0.622946562347 0.612176370483 0.608144543141 0.544432565718 0.838588407658 0.962669468908 1.09807135211 1.00890975659 1.43940384405 1.41148311852 -9999 -9999 -9999 -9999 -9999 -9999 -9999 -9999 -9999 -9999 -9999 -9999 -9999 -9999 -9999 -9999 -9999 -9999 -9999 -9999 -9999 -9999 -9999
-9999 -9999 -9999 -9999 -9999 1.03959874216 0.847663519978 0.829458554638 0.744613411339 0.79676729175 0.747761602371 0.632895879088 0.483704742577 0.49987162412 0.520189931494 0.531054737078 0.555954722495 0.995056956833 0.752725400793 0.43268367228 0.503394678099 0.47609963702 0.574502751998 0.603205517436 0.659742864553 0.71827340178 0.800652350266 0.753807374966 1.03580115531 1.00008509251 1.04122092568 1.12072478254 1.05507126306 0.999184934612 -9999 -9999 -9999 -9999 -9999 -9999 -9999 -9999 -9999 -9999 -9999 -9999 -9999 -9999 -9999 -9999 -9999 -9999 -9999 -9999 -9999
-9999 -9999 -9999 -9999 -9999 1.08243198735 0.950567707466 0.961558347489 0.802835490705 0.706499234169 0.699564348796 0.776347460011 0.651479695597 0.805439379136 0.744071562652 0.835739066001 0.488851521619 0.694545889685 0.729954738982 0.421748924855 0.501970383135 0.515149878213 0.673485584647 0.632590543445 0.640759442646 0.515133650774 0.616928120388 0.528073891648 0.772469838378 0.748800621078 0.777894513 0.796425022265 0.933751172091 0.875014628997 0.927454964398 0.881528526481 -9999 -9999 -9999 -9999 0.837975777101 0.794266955272 -9999 -9999 -9999 -9999 -9999 -9999 -9999 -9999 -9999 -9999 -9999 -9999 -9999
-9999 -9999 -9999 -9999 -9999 0.948698047817 0.850511661414 0.871849051086 0.871292230622 0.964599679569 0.873524831615 0.807095443871 0.701038164163 0.844445572557 0.859866101194 0.635852805861 0.526967455694 0.751032652625 0.671935660769 0.726355757301 0.629765225123 0.47872797037 0.509319007191 0.47883094509 0.62147633049 0.560907637199 0.586263570719 0.490147969737 0.78528150094 0.701412213933 0.961325440292 0.790317133027 0.917130195602 0.814122666154 0.747383594985 0.934779553178 0.904468214019 -9999 -9999 0.891619667931 0.929206845277 0.880231187355 0.929995786462 -9999 -9999 -9999 -9999 -9999 -9999 -9999 -9999 -9999 -9999 -9999 -9999
-9999 -9999 -9999 -9999 -9999 -9999 1.19221446133 1.31916295597 1.02320074159 0.940421507362 0.787793796512 0.91174071232 1.06579690417 1.30106160901 0.624593174139 0.53896903164 0.586362087909 0.556940688543 0.499891001197 0.491002458277 0.549131940853 0.587615581408 0.575661150087 0.644265841051 0.604544445994 0.519981938064 0.403548505055 0.471302070607 0.526151722894 0.578806744252 0.580849699304 0.688664077655 0.621440334587 0.64639057101 0.692794803424 0.756593654665 0.666135044949 0.567876037778 0.77666921754 0.745862562694 0.703397804574 0.887877046884 0.554793951177 0.461187658078 -9999 -9999 -9999 -9999 0.663982282959 0.564571420573 0.53925564018 -9999 -9999 -9999 -9999
-9999 -9999 -9999 -9999 -9999 -9999 -9999 1.07144995356 0.88153391629 1.09193682486 1.08894810641 0.921779905796 0.769382226074 0.603416840335 0.590466972486 0.833067084608 0.806691360775 0.777356607249 0.771191255755 0.599421853586 0.500873288321 0.506261863809 0.531159026431 0.538354317782 0.53626291418 0.465584581831 0.466511567523 0.514893979811 0.586761416943 0.554183726811 0.584514151733 0.595093643551 0.661269077906 0.638458464472 0.783124046212 0.774235155257 0.754665420117 0.729761323766 0.753767724683 0.751722299402 0.56201061883 0.487642579668 0.387492654384 0.420387237057 0.331904828006 0.379042556102 0.443687756768 0.334667482988 0.309061826217 0.340924914362 0.328241981207 0.278320672504 -9999 -9999 -9999
-9999 -9999 -9999 -9999 -9999 -9999 -9999 -9999 0.805395279703 0.73850012083 0.914209016767 1.07890378384 0.946176283802 1.07662868302 1.00545691832 0.868723209445 0.62032353487 0.624848365966 0.51164324771 0.602368415282 0.87809017585 0.823658290977 0.35345695363 0.281065280005 0.281641041224 0.273692549928 0.263085011633 0.462547552784 0.404502850701 0.299163873514 0.425233395075 0.417045579964 0.47263555752 0.412687912291 0.51308208731 0.584363362658 0.606004558808 0.640773326281 0.571943209911 0.559501330373 0.509405853681 0.374930793611 0.31267635231 0.267045880237 0.249277220401 0.213138719577 0.248983246702 0.202456729864 0.176305844271 0.217317808913 0.261840468329 0.278290900877 0.212199401706 -9999 -9999
-9999 -9999 -9999 -9999 -9999 -9999 -9999 -9999 1.10841747826 0.897854537769 0.810520664578 0.81935409285 0.797348962061 0.787973503859 0.664134792629 0.641307523963 0.59679238568 0.657519927973 0.603387527058 0.674587503782 0.805530264103 0.795179461082 0.446531113481 0.657738427015 0.454739117126 0.239483117569 0.331912723437 0.343995602424 0.403928884809 0.32739845562 0.327382573638 0.368299007592 0.35087612199 0.384325021174 0.547563153632 0.783383201494 0.675213217542 0.610063690219 0.570377285892 0.556056992855 0.522933240872 0.318497007075 0.275177422795 0.274250761098 0.214289566686 0.210201583073 0.243562214027 0.211607318232 0.189839326022 0.297211496053 0.275588480928 0.277690202337 0.272339629311 0.336881937611 0.256793220778
-9999 -9999 -9999 -9999 -9999 -9999 -9999 -9999 -9999 1.34806173732 1.10394737711 0.788158902696 0.833814341748 0.858744600138 0.771790344413 0.781003267966 0.943886254162 1.04309150437 1.10322651662 1.10960762363 1.03694655025 0.714504621914 0.562775217638 1.247156177 0.777864989762 0.568163630733 0.289558032034 0.207331338675 0.146203535329 0.372969241995 0.360420133333 0.362674270336 0.356151486155 0.270993361705 0.335856439879 0.426860238177 0.490122042228 0.451911686166 0.411788414686 0.418452202781 0.38531034718 0.373601137925 0.182189478867 0.305495688356 0.188018180092 0.136888154596 0.112951523369 0.112811417242 0.161417249583 0.182202709047 0.185926104453 0.176144522366 0.19384580704 0.241345449901 0.256290211751
-9999 -9999 -9999 -9999 -9999 -9999 -9999 -9999 -9999 -9999 0.90782666411 0.919373138885 0.799096722035 0.839033484621 0.68430781054 0.60107437363 0.625731668874 0.896996141126 0.749151519373 0.588826995511 0.552685774735 0.5411280483 0.432930708542 0.317945423769 0.376422059787 0.642951298021 0.545963507784 0.289502220809 0.15960960557 0.160010963322 0.369629517711 0.372489324327 0.428942420209 0.349088375023 0.476554441297 0.437988878603 0.473027688426 0.452534984159 0.416557032407 0.420167478487 0.413750763511 0.405589870429 0.225421741213 0.183790790333 0.309948441351 0.334145646426 0.23151795651 0.143658980072 0.223480172304 0.213599992411 0.230022236865 0.217135467109 0.168959329067 0.228267328049 0.206868628497
-9999 -9999 -9999 -9999 -9999 -9999 -9999 -9999 -9999 -9999 -9999 1.16148828581 0.752988884652 0.765438725124 0.692660330091 0.568416974966 0.672968660642 0.657158342771 0.520011842748 0.597846292355 0.687042310996 0.670751669333 0.480236440287 0.350450842285 0.227356300279 0.157339572402 0.315513266537 0.514565194682 0.367448301511 0.163261998298 0.102650556688 0.241043090291 0.278162824104 0.303380303603 0.277025856779 0.243438854062 0.337114282287 0.333574341512 0.341465843549 0.34103567244 0.343308714794 0.291275901846 0.290332825318 0.152403565441 0.114314714388 0.11383034487 0.122156569358 0.171590596701 0.130221036521 0.185337148712 0.162284721782 0.223245315281 0.222058055609 0.188361188657 0.151387499034
-9999 -9999 -9999 -9999 -9999 -9999 -9999 -9999 -9999 -9999 -9999 0.941890124827 0.726490079327 0.645210112961 0.721010456297 0.627797378924 0.524213716639 0.465815558466 0.588440325926 0.598261079095 0.599526848854 0.713662061857 0.435679104001 0.410267810332 0.395899550552 0.516016488465 0.265845845236 0.255877403717 0.221079503947 0.180630267727 0.295040999591 0.301483660976 0.119541156974 0.123428000016 0.122781152871 0.236126570596 0.335205975527 0.343644635981 0.328338965002 0.324130831463 0.359287692184 0.354565181228 0.255430210765 0.268896525238 0.168973655193 0.171252562662 0.281868495319 0.352747310696 0.294434427529 0.150786079722 0.190567897172 0.151038968073 0.0885517761354 0.187484255443 0.207683435467
-9999 -9999 -9999 -9999 -9999 -9999 -9999 -9999 -9999 -9999 -9999 1.16963544167 1.00543364587 0.911223453414 0.595427444242 0.647029148739 0.505041951867 0.357628118469 0.385048186594 0.467663063261 0.488734712158 0.505298921504 0.417066978063 0.317166305737 0.309790582459 0.320827091535 0.307564191996 0.298397317326 0.313527795609 0.184555843211 0.130937723051 0.268259480019 0.484670664077 0.40135682073 0.102384305902 0.0625282497462 0.0903189951117 0.0483242025697 0.185495949087 0.224134319569 0.317113417177 0.270171113521 0.285909995219 0.337463459268 0.386974625988 0.3868794418 0.201069236297 0.161961582859 0.161289710141 0.178777404598 0.1487629926 0.187791719227 0.207042178365 0.215302500461 0.214865018357
-9999 -9999 -9999 -9999 -9999 -9999 -9999 -9999 -9999 -9999 -9999 -9999 0.70663505442 0.84824657717 0.766287996803 0.659571489022 0.56332819581 0.48135136919 0.389965776054 0.504383513895 0.512063003421 0.470027550024 0.446286415466 0.443249141747 0.346962862914 0.358207184284 0.315701272787 0.331591138614 0.308541263134 0.288235186168 0.281155795541 0.301052118272 0.176146354991 0.104786616408 0.141088110272 0.06647065789 0.104718502094 0.0669822865117 0.0601660954744 0.267870017398 0.298289256413 0.259126731592 0.380744794473 0.463368169185 0.48341983196 0.477673247909 0.219143723455 0.166431530993 0.102044448388 0.135470640256 0.138680010646 0.0954726462377 0.0739322117678 0.071911603364 0.0586336162211
-9999 -9999 -9999 -9999 -9999 -9999 -9999 -9999 -9999 -9999 -9999 0.997058491482 0.977972928139 1.09538863162 1.06742767918 1.17854343788 0.598900907973 0.602293541736 0.436641850468 0.503176734661 0.383385374365 0.373702490127 0.318706857731 0.330546334617 0.323011857209 0.31537376982 0.275377650187 0.251441511134 0.25304347908 0.240765374599 0.20712164855 0.219198267826 0.192211093785 0.189009330666 0.202071734144 0.0830844758214 0.0995599505026 0.0423159788545 0.0340329045092 0.142045916618 0.22326420198 0.174188058043 0.377007139112 0.467751936145 0.59369414464 0.584825603274 0.422370238981 0.278845712238 0.16179648877 0.160915426302 0.100152822623 0.0533992333075 0.0451135189375 0.0458462286133 0.0419891377085
-9999 -9999 -9999 -9999 -9999 -9999 -9999 -9999 -9999 -9999 -9999 1.07467236585 1.38729462721 1.30256565506 0.87434005691 0.810134314051 0.671025460498 0.641316322844 0.501421523879 0.530248515136 0.508718714127 0.518667657419 0.360322484388 0.363816895319 0.347611709996 0.331509147915 0.337671247608 0.377596289766 0.278814957042 0.403632501168 0.327356804552 0.226263794827 0.187143499678 0.189252247571 0.193940840812 0.0486718685305 0.0589071454505 0.115056453489 0.0608873060342 0.0757169643598 0.180874219149 0.193901564469 0.262832958483 0.286422802929 0.291054417981 0.26958600261 0.318241860443 0.317011684042 0.20601377546 0.189080123012 0.101849927884 0.114717365359 0.0921529040532 0.0812988970084 0.0745654369392
-9999 -9999 -9999 -9999 -9999 -9999 -9999 -9999 -9999 -9999 -9999 1.60868909779 1.60924369151 1.29120096348 1.25666013823 1.20429194326 0.670257674327 0.741713966856 0.628856950515 0.701724389066 0.394640786736 0.670262843584 0.400848536571 0.410849411186 0.250689172016 0.24929816961 0.261851645192 0.21880052465 0.153134143932 0.145430856282 0.144777528638 0.291615636543 0.282104959605 0.252617029348 0.175072059688 0.0284522229459 0.0201931524035 0.0122637348724 0.0449090902507 0.0291154445722 0.191534197773 0.228830709685 0.196847206377 0.139829907472 0.137040460992 0.140775277225 0.18627009573 0.193928734045 0.183344883085 0.171129644591 0.0801343080383 0.0625700811662 0.0427764271639 0.039723182662 0.0372441307639
-9999 -9999 -9999 -9999 -9999 -9999 -9999 -9999 -9999 -9999 -9999 -9999 1.69325283065 1.5459297184 1.17304861182 1.02843824445 0.84578112919 0.85560252711 0.637656513076 0.700881018191 0.553902161269 0.713642490806 0.281143652384 0.225734775353 0.212816416197 0.205290871069 0.142262033825 0.160731390952 0.130389738461 0.0995897449433 0.0687097731534 0.0932611649454 0.146458331942 0.163607756043 0.153993691303 0.0400609790748 0.0282260614642 0.0196664415411 0.0511992336341 0.0583444859339 0.191038482941 0.167890515211 0.185454498257 0.151087692096 0.15886356944 0.155612788835 0.149006897873 0.1749583206 0.158491274198 0.164278955407 0.136622739012 0.0580229284042 0.0348066607848 0.0604982172268 0.0381998017925
