data/recharge/transience/oldversion/mHM_recahrge_501.ASC
ncols   80
nrows    72
xllcorner    4374000.0
yllcorner    5656000.0
cellsize      500
NODATA_value  -9999
[rows 25 to 49 of 72, columns 0 to 56 of 80]
-9999 -9999 -9999 -9999 -9999 -9999 -9999 -9999 -9999 -9999 -9999 -9999 22.2439481517 21.7786724224 19.346263036 18.8387543549 13.8042969339 13.9572414941 10.9729151536 12.4949967266 10.3922662379 10.7505905639 9.02484477236 6.94993524567 7.54380504056 6.83720592021 9.21663119752 8.01787778409 4.00315573827 3.38088193175 2.86629595935 2.60782011726 3.47517915845 3.51393861205 2.07064271095 3.79228902534 7.36210863165 2.80261954233 1.65311996733 1.93952312669 1.83533083271 1.50890763359 3.36546507871 5.1213175237 5.02227299821 5.12671568044 5.13901024103 5.1101678721 4.89332493192 5.22877894277 4.47306564956 2.02068275915 0.83764531735 0.636965781325 0.694737008353 0.660260100596 0.603535050001
-9999 -9999 -9999 -9999 -9999 -9999 -9999 -9999 -9999 -9999 -9999 -9999 -9999 19.8588511005 19.8916730092 20.4320572924 16.493781319 15.0051630326 11.8295249566 10.9479608026 10.157059806 11.9480265121 11.7465154917 9.88679342225 7.96083791517 5.80649403223 5.3216978253 4.00498711512 3.71414484865 4.13111073652 3.27604577729 3.02798972108 4.7603033882 1.16059781878 3.22667001655 2.06263986038 5.28179624222 1.81451052898 2.08013332077 1.59312270935 1.38441413931 1.55695957866 0.892374319529 1.25895993483 1.6250867769 2.56869148269 4.06534239815 3.9257048758 1.68506472277 0.83901575405 0.622479098663 0.672650762056 0.717645770208 0.736893990812 2.00009293038 0.69892169977 0.46604083194
-9999 -9999 -9999 -9999 -9999 -9999 -9999 -9999 -9999 -9999 -9999 -9999 -9999 -9999 18.2023103363 18.9565488651 15.3368136889 13.4447075645 11.6808886649 12.486011492 10.1918669778 12.7614566523 11.192719988 10.0761783152 6.69232615424 6.54315215936 6.75652085823 7.19499703702 4.30762526226 3.34162910836 3.44706604256 7.31713076975 6.11793261304 1.97296447346 1.7937736236 2.81827450446 4.23137872794 1.59868614274 2.76972309326 2.6507027066 1.72378781915 1.89431108443 1.51462825942 1.06555859231 0.755576014452 0.903708299438 1.09706766 1.77653331524 0.752853974286 0.815321409378 0.723785140067 0.529680915457 0.473396940272 1.25357877968 2.45005149272 3.84665304791 2.81370417616
-9999 -9999 -9999 -9999 -9999 -9999 -9999 -9999 -9999 -9999 -9999 -9999 -9999 -9999 8.31968320998 18.1172234333 16.8662857732 14.0623251466 11.8507343241 12.4944401288 11.4590678434 12.5799623404 9.47021440498 12.456467559 10.6610015729 10.6751950342 6.64037151579 7.25123258048 7.5623875882 7.2159804192 5.40278814189 3.91027761984 6.08681707823 6.4743598792 1.98508693623 2.79865987565 4.40330601178 1.60118495443 1.96798101528 2.34550005233 1.20464546511 1.38213737386 1.35459531471 1.37508464038 1.09092411217 0.838412728698 0.417055108758 0.942285474385 1.903204154 0.987279240702 0.882518963425 1.0578300319 1.15812684283 0.732985973553 1.08916840067 2.80737352949 3.18884667892
-9999 -9999 -9999 -9999 -9999 -9999 -9999 -9999 -9999 -9999 -9999 -9999 -9999 -9999 9.86833443901 15.7692730027 17.0793667056 15.4856209055 14.0363429393 13.6876886909 11.52602082 12.3487111241 11.7638115009 11.021614159 8.29864044527 7.90608614605 8.28716503745 8.48581875445 6.53628094583 7.20711160146 6.49462774323 6.1958581259 5.60300302227 3.8875169315 6.5323873504 2.73512702482 3.51305885154 7.48933450622 2.43639426313 2.32093754911 1.184269199 1.40871888879 1.2022457315 1.2323559527 0.77410307997 0.864316664301 0.629516665361 0.915256972046 1.8980282945 2.04240634518 1.4247746394 0.785992357908 1.39492216868 1.33217090125 0.961269985249 1.0248664702 0.889031525696
-9999 -9999 -9999 -9999 -9999 -9999 -9999 -9999 -9999 -9999 -9999 -9999 -9999 -9999 23.3649629324 21.2196367629 19.9123408804 19.938933156 19.4621460126 19.287436232 13.6279623324 12.7787944574 11.9181159722 11.2286714785 7.45605150799 8.14189366556 6.89314224696 9.25038597067 7.62134843607 7.08355845801 6.69888883802 7.36956318197 6.53877130101 3.56907764727 3.05724157143 3.10042086968 2.60276722164 5.42008153454 2.04480709523 2.93373001946 2.58170551627 1.11444296114 0.867476273003 0.958971989498 0.727592504504 0.667111250396 1.17233516182 1.31906015075 3.29639528801 3.99197170824 2.4799847232 2.86302143354 1.51294736092 1.66259908206 1.46302427666 1.12716104786 1.25301077945
-9999 -9999 -9999 -9999 -9999 -9999 -9999 -9999 -9999 -9999 -9999 -9999 -9999 -9999 -9999 18.9354885156 17.4801388915 18.4695180925 26.3271130051 19.8337071259 11.160913881 10.5355189093 11.4741013378 11.5253859575 7.5538518954 8.70005317455 7.25331404241 8.02608998101 7.89360766577 7.12791852499 5.65088285866 5.46502741908 4.906993478 5.72163281607 3.39167396752 3.43376767732 3.09360812811 3.01311694851 2.83137683762 2.33638246886 1.66944459049 2.55818116534 0.382208892961 0.407486634076 0.572421238448 0.446472286055 0.504447017486 0.596919764176 0.719402944784 0.856648254053 0.685240465645 0.593179993867 1.03258040837 2.17097885096 1.92135594167 1.87643825431 1.37185146092
-9999 -9999 -9999 -9999 -9999 -9999 -9999 -9999 -9999 -9999 -9999 -9999 -9999 -9999 -9999 -9999 17.0353171286 14.8446641372 14.7920388802 18.3687060883 15.4910979318 15.0105976158 10.6254895904 8.45869645134 7.92322333228 7.29747100405 5.85660701026 5.43469194787 4.95802771631 8.72978678674 10.0315214406 7.19239839539 6.50226359362 4.22465103149 3.11686692669 3.56319903414 3.43093393266 3.7949263479 3.68166657846 4.75412651698 6.00916271629 4.94577764279 4.08398143577 1.45546402999 0.463714104678 0.317878688897 0.256256420358 0.784880489477 0.668675571332 0.490142112436 0.724544129846 1.32788601804 0.861956761596 0.66300189081 0.782191411732 0.666013455957 0.579450740792
-9999 -9999 -9999 -9999 -9999 -9999 -9999 -9999 -9999 -9999 -9999 -9999 -9999 -9999 -9999 -9999 16.5212558228 17.3298818242 17.8008840259 15.5853544959 12.3788630693 14.664414588 12.1735212252 9.22416617181 7.68563963894 8.49665593887 6.36129419029 6.204686375 6.99931753583 6.89702938498 3.68118552828 3.55128119948 4.32587687666 4.14794010354 4.44531068015 3.35897231879 4.23005501603 3.46294358993 3.60904902831 3.38672292698 3.50205235905 2.65927314595 3.38510131455 3.17801865086 1.59509998273 0.981658931218 1.85287240025 2.24373374075 0.498960219483 0.6261227474 0.953790244473 1.02557038349 1.46896934308 1.61920904442 2.12830252515 1.2607994024 0.586615278733
-9999 -9999 -9999 -9999 -9999 -9999 -9999 -9999 -9999 -9999 -9999 -9999 -9999 -9999 -9999 11.3696925731 11.4595354538 12.4285453057 14.7709606097 14.3446694774 12.2851897289 12.8189566359 10.0600165227 8.73546119438 6.96221756374 7.51198456269 6.35625890359 6.60850618512 5.26491681885 6.74585777888 6.17324867023 6.33821565108 6.23348711159 4.10183694811 1.83878879644 1.12167589891 2.94537378635 3.36557990435 4.51075691388 2.3903507386 3.14295309957 1.65191435173 1.03486358231 1.00935503636 1.18884626133 0.799961154385 1.17851697286 1.55570944516 1.34193068236 1.05833731613 0.741027238656 0.538698217003 0.598207854492 0.694928165379 0.762873959456 0.795802537443 0.973949141152
-9999 -9999 -9999 -9999 -9999 -9999 -9999 -9999 -9999 -9999 -9999 -9999 -9999 -9999 14.5189043633 12.6166441404 11.9616636164 9.69885291829 10.9547045749 13.2579281416 11.0022978309 12.3197614498 9.07737525059 9.46373258858 6.99639068957 6.60670588122 5.55048292406 6.23733866122 6.68363306628 6.67754292767 5.55023559849 5.66868276298 3.8391602806 3.17047012105 6.02121402471 5.70375003214 2.20337046476 2.24889318519 3.89942970195 4.68689310227 3.71103649408 0.717413356325 0.657553969142 0.758587936861 0.528768057381 0.421742988188 0.538218709765 0.850763552067 1.00557212254 0.747566828534 0.626491102302 0.618519694324 0.659267700764 0.639253365725 0.568453064657 0.61934132981 0.728839790987
-9999 -9999 -9999 -9999 -9999 -9999 -9999 -9999 -9999 -9999 -9999 -9999 -9999 -9999 15.7502794799 15.4774469614 13.6184768908 8.78359573333 6.68644409029 7.06306626487 8.82989392449 10.478066622 8.80566395053 9.36651241505 6.84491799945 5.69008398977 3.75591993137 4.04236917346 4.332431793 6.44734105807 6.20786366028 4.94716579271 3.82284222786 3.44830290627 4.98998308839 5.1872796243 3.04560646607 4.09293309234 1.97855532807 2.05076654307 3.07632488331 2.75473719891 1.02444480704 0.896933997817 0.848258524901 0.401216763649 0.91774194833 1.40436414777 1.65297756008 2.08589266613 2.08001961592 2.0468295723 1.32189506796 1.08280378526 1.31338534008 1.22819891765 0.815018395746
-9999 -9999 -9999 -9999 -9999 -9999 -9999 -9999 -9999 -9999 -9999 -9999 -9999 -9999 -9999 -9999 13.9065868371 13.8777265501 13.6089052206 13.2621635873 9.66448771023 9.13343263653 10.156039066 10.2154688755 7.31340348724 5.2013797838 2.44401189761 2.65960650692 2.14872286707 3.61563500986 4.22711683041 3.55307740915 3.33003197891 2.63232956423 2.92699389958 2.96787122091 2.66363526741 1.59638692278 3.0383142781 3.35094951222 1.78451392161 1.50145377273 3.4052606881 2.65641980497 0.531160320319 0.682710447175 0.643208183245 0.563122159808 0.929042028175 1.211477145 1.16701156559 1.22130740249 1.04868753492 0.851553556493 0.512489516349 0.554711040432 0.940958321131
-9999 -9999 -9999 -9999 -9999 -9999 -9999 -9999 -9999 -9999 -9999 -9999 -9999 -9999 -9999 -9999 15.3046176731 14.3066997103 13.5415252958 9.02989326461 9.20647099814 9.49147339272 7.67907595337 8.40625339017 8.23715359834 6.18088390659 4.26716889082 3.95138308918 3.53721498262 4.0042788319 4.69899334417 4.33720538519 3.33324407691 2.81875819792 1.91010542648 2.09414651443 2.30564160535 2.88012895652 1.78700728495 1.56209476788 2.15236782023 3.04082918931 2.83738469605 3.88472429785 1.98300210243 0.589703964126 0.25722081717 0.423633800161 0.812679746949 0.586104909712 0.452837600843 0.462323528645 0.361789131349 0.429856924137 0.41689683055 0.421228169088 0.386625101661
-9999 -9999 -9999 -9999 -9999 -9999 -9999 -9999 -9999 -9999 -9999 -9999 -9999 -9999 -9999 -9999 -9999 -9999 13.8084529432 10.6877735424 7.48544579986 9.02265732546 8.98332073876 9.97133581484 7.72129355106 6.69130329505 3.69503990507 3.88701265905 3.71224596401 3.66982664536 2.7466605648 2.35223209798 2.31531935285 2.58678143592 1.86672270908 2.49792273046 2.55951055548 1.71664875772 1.62155093353 2.39131050612 1.72491367626 1.48067439943 1.3220601297 1.31017635083 1.2384429342 1.02748034858 0.344637957426 0.35577642882 0.541692949343 0.40621333358 0.523187116531 0.593474002068 0.371054153569 0.383804676673 0.460687630806 0.504660456004 0.427038215
-9999 -9999 -9999 -9999 -9999 -9999 -9999 -9999 -9999 -9999 -9999 -9999 -9999 -9999 -9999 -9999 -9999 -9999 -9999 7.77536545786 7.6402542188 8.57062957503 7.77288856239 12.5958938674 8.8759753666 8.34163789615 5.73775027946 3.8672469885 2.60332313318 2.47231996534 2.55415504289 4.07514224559 2.17817344633 2.03988087301 1.34959202471 1.01082624881 1.00226331377 1.64244294746 1.62452399834 2.01868159326 1.55288822866 1.38108556414 1.12587294108 1.48304657695 1.58538341589 1.67492916698 0.829861013804 0.317585427613 0.244571453806 0.578161599581 0.366848869023 0.488941953411 0.370568765117 0.365881137921 0.459130247154 0.433169306928 0.324040647804
-9999 -9999 -9999 -9999 -9999 -9999 -9999 -9999 -9999 -9999 -9999 -9999 -9999 -9999 -9999 -9999 -9999 -9999 11.5143200269 13.1557997406 13.1661800267 12.6435089719 8.48117678563 9.96306185024 8.5949424416 8.64334165569 7.38298554103 5.68479578904 3.19432101263 2.84714718676 2.87449748221 3.01119844274 4.32359107171 1.8137667101 1.42599662427 1.85648508549 2.63082403245 2.42679677515 2.26693637389 2.21911440892 2.43912807273 1.54965946496 1.38914129371 1.92636007971 2.90353152532 2.01970097124 1.91590121436 1.60968707879 0.949805768495 0.370719349086 0.640435166725 2.63602053014 2.34459236063 1.84221831825 0.798299605665 0.581015696182 0.493963177928
-9999 -9999 -9999 -9999 -9999 -9999 -9999 -9999 -9999 -9999 -9999 -9999 -9999 -9999 -9999 -9999 -9999 -9999 -9999 16.1497355449 15.2228859789 14.1476242265 8.9165377346 9.89267150667 9.63534613613 9.46463301324 6.29758165985 7.76959727205 4.46672222074 5.80786047888 5.27959427244 5.20659238144 3.56327932656 1.92651815158 2.97550726219 2.65610926152 0.881573392405 0.73617772283 0.675493075144 0.675323220022 0.944762942597 1.64143008818 1.45400229357 2.01135443311 2.63047303787 2.8540641007 2.20007168462 1.46565327894 1.1808280201 0.62457253123 0.143517033861 0.356688561928 1.09770369506 1.90153697014 2.56427650688 0.254565786086 0.291445991739
-9999 -9999 -9999 -9999 -9999 -9999 -9999 -9999 -9999 -9999 -9999 -9999 -9999 -9999 -9999 -9999 -9999 -9999 -9999 -9999 11.5979869979 13.3851175944 9.13370920872 9.15068097232 7.82898236985 9.04364734155 6.3762610815 8.1474745407 8.41950080267 7.53231107985 6.07299120577 5.80797156427 2.13736670019 4.399234322 3.55555711608 2.94812569244 1.66002624997 2.11349406598 2.08939952003 1.92275675331 1.56622787196 2.23856165868 2.49417861685 2.11393232622 3.09556250476 2.56169378663 2.09189442636 2.45188484165 1.98179047163 1.48491665391 1.02658513491 0.513007160231 0.220853546239 0.227003506902 1.43089493423 0.578270530947 0.369530413596
-9999 -9999 -9999 -9999 -9999 -9999 -9999 -9999 -9999 -9999 -9999 -9999 -9999 -9999 -9999 -9999 -9999 -9999 -9999 -9999 -9999 12.1725631753 10.1149664614 10.1908318729 7.22181093814 6.48213135034 6.28584928077 8.35149075134 7.02171001784 6.5638733141 10.6615070313 7.28441382615 2.40164534715 3.09639432695 4.91513846311 3.12071650207 2.5835698838 1.7764012423 1.65718104898 1.77867990469 2.73094126295 2.95040549829 3.5236875269 2.26648468447 1.85157076477 1.29124831353 1.77888391086 2.02414539148 2.04513120694 2.68983896391 5.69654847111 3.34172504689 1.16330342196 0.514854347703 0.0967576041945 0.160092932574 0.218680365278
-9999 -9999 -9999 -9999 -9999 -9999 -9999 -9999 -9999 -9999 -9999 -9999 -9999 -9999 -9999 -9999 -9999 -9999 -9999 -9999 -9999 9.27487604585 8.1744093833 8.22483358483 8.51429066854 10.2029942221 7.70179787258 6.22623065418 4.91821863141 7.43494239722 3.93570315911 6.30556874145 3.08132217883 2.47826758646 1.39008760383 2.05005108119 1.86156119439 1.87305190028 1.734059467 2.41038485941 2.77976000264 2.61076004781 1.93635896875 1.9000161474 2.72174862794 2.53070035867 2.35910903251 2.27472602614 1.45124123376 1.54077794486 2.6364204485 1.6177103319 1.31211768117 0.233625853472 0.270752596059 0.114421439611 0.134592726526
-9999 -9999 -9999 -9999 -9999 -9999 -9999 -9999 -9999 -9999 -9999 -9999 -9999 -9999 -9999 -9999 -9999 -9999 -9999 -9999 -9999 -9999 8.75160014485 11.1061678951 9.57124441415 9.4688757882 7.0927078886 6.33704896844 4.05665104613 4.33240599601 4.62432408623 4.97163885443 3.02146130871 2.972231457 3.73095991014 2.56189397985 2.7748120848 2.46908383571 2.45996100254 2.4954212329 2.82319063041 1.64126725135 1.94187052505 2.72589158309 1.4777198126 1.31308231037 1.07708502622 1.45749421755 2.12664511654 2.35569879169 1.52149966945 1.91830777617 1.67120203494 0.566609669158 0.123492157733 0.0938705011549 0.117804631957
-9999 -9999 -9999 -9999 -9999 -9999 -9999 -9999 -9999 -9999 -9999 -9999 -9999 -9999 -9999 -9999 -9999 -9999 -9999 -9999 -9999 -9999 9.36207642022 8.88393694266 8.99803567871 10.8739253659 8.05663321343 4.82323864907 4.54922896552 4.86277060609 4.00914624852 4.1819299468 4.07021024629 3.56341605633 2.6439967603 4.00410941681 2.63180244095 2.39304101166 3.23748340171 3.14616180384 1.94278943257 2.90547256579 1.99186204572 1.48072786394 1.35912558437 1.84529624297 2.59219213395 2.64240536952 1.34169513355 1.2276315501 1.193124914 1.64829700282 0.367748771791 1.14068729188 0.525686745047 0.431696279387 0.251268395639
-9999 -9999 -9999 -9999 -9999 -9999 -9999 -9999 -9999 -9999 -9999 -9999 -9999 -9999 -9999 -9999 -9999 -9999 -9999 -9999 -9999 -9999 8.92353879205 10.4184320115 11.5152612577 11.0337570658 7.89012527438 6.76475531226 5.05998870573 6.05152362697 4.47941921906 3.74024895227 3.29336107313 3.46715182384 4.1188343427 2.41771786383 2.51855979511 3.810485755 3.31183612385 2.87943024482 3.12809481491 2.27730085799 1.5743703004 2.11960228484 2.90448498186 2.64980057378 2.75222060385 2.27182658087 1.69687054555 1.70039427653 2.35933007963 1.83413015775 0.866724309101 0.990495182612 1.16237538045 1.29094639376 0.560396440319
-9999 -9999 -9999 -9999 -9999 -9999 -9999 -9999 -9999 -9999 -9999 -9999 -9999 -9999 -9999 -9999 -9999 -9999 -9999 -9999 -9999 -9999 -9999 11.4760623228 12.8115079135 11.4485871491 7.20090010405 6.26081548834 4.86373339904 5.60853851458 4.54996263461 5.15586650257 4.48646721383 5.15714968019 3.36165547295 3.94729846179 4.32731036111 3.50401856542 2.08090426416 2.00154333841 1.43471259569 2.09824475014 3.06746478328 3.16351242152 2.66109970848 2.27266551776 1.20991234028 1.09804765551 1.07760504539 1.19107369825 0.910497942921 1.21706362098 1.31065604496 1.66575952228 0.673126002641 0.317687815606 0.924719811703
