data/recharge/transience/oldversion/mHM_recahrge_227.ASC
ncols   80
nrows    72
xllcorner    4374000.0
yllcorner    5656000.0
cellsize      500
NODATA_value  -9999
[rows 25 to 49 of 72, columns 0 to 56 of 80]
-9999 -9999 -9999 -9999 -9999 -9999 -9999 -9999 -9999 -9999 -9999 -9999 31.3399707693 30.9119622295 31.099106488 29.5680963019 31.0429882153 31.035305624 29.9347593585 30.5711458971 29.2838310925 29.8033409302 28.2477831296 18.6512557857 18.5279337748 18.3553279912 15.3120472265 15.4516995191 12.9632343436 11.8412189057 10.2767416233 9.74828935551 13.7298355839 16.0806371382 4.30315752329 17.3726239228 14.6267163116 6.80652666714 4.52937576572 5.93389058922 5.45134551499 5.69852763726 11.3977107475 15.937920655 15.4685353676 15.5873628126 15.4228694563 15.397870196 14.4135899941 14.8359087518 12.6962358122 6.38927861363 2.74724066387 2.21633841537 2.16302660712 2.30653370463 2.20182247194
-9999 -9999 -9999 -9999 -9999 -9999 -9999 -9999 -9999 -9999 -9999 -9999 -9999 29.4358614994 31.1117182973 31.2000920419 31.9903213302 29.5273938355 30.513260811 30.1180778367 29.8598908385 30.6643730279 30.092880989 26.4141745965 25.9269827472 20.2964677752 16.2795291041 13.371420263 12.5325924166 13.2759688772 11.1036470333 10.7841978639 18.2820877749 6.23025637512 4.42536425651 12.3227426856 17.0659526342 5.47802112996 6.35222981259 5.18972292619 4.49442514181 4.83498716271 3.07042155454 4.51413447757 5.76504209913 8.75044132804 12.3824592223 12.191187965 5.69207081106 2.99851583978 2.15169939258 2.21973601694 2.32922136787 3.3185554429 6.42945792612 1.83674653925 1.80455174178
-9999 -9999 -9999 -9999 -9999 -9999 -9999 -9999 -9999 -9999 -9999 -9999 -9999 -9999 31.0990935548 30.9121871851 31.9010454983 27.2940309647 29.9168959733 30.4737639695 29.6277691612 30.9987010341 30.3619400548 28.989229318 24.6685942478 25.2037571784 25.5170123994 22.4880452649 14.3252485052 11.8511246727 11.7128764042 18.2762732328 21.2313070067 9.50247018798 5.65311062206 15.8265716467 15.7560160259 5.56511390115 5.41736050814 6.85254478038 7.23645509218 4.74236492255 4.46129229426 3.47442302304 2.60376766648 2.95083680999 2.39755704906 2.75317950046 2.1272373277 2.48450961422 2.33549695784 1.87384800017 1.73531545663 3.6697771987 7.10060809853 9.47525102725 7.27345640992
-9999 -9999 -9999 -9999 -9999 -9999 -9999 -9999 -9999 -9999 -9999 -9999 -9999 -9999 9.86211038275 22.241601438 30.7711896446 26.1965872978 27.3534967714 27.7932367965 30.739439561 31.1753770512 29.5664012463 30.9081525573 29.9602382521 29.8551563815 25.3172962355 26.1113925362 25.9039936006 23.953558599 20.5334128397 14.1598433173 20.7006315935 20.2878824522 5.75263791117 13.09280236 14.0638018741 4.41492096618 6.40027943485 7.61790105777 4.54234823255 4.7266475232 4.19102563544 4.19904515242 3.26852290805 2.71370491244 2.67258659607 6.67289738228 7.0901439185 2.28954166727 2.55580849972 2.90514329675 3.17847138619 7.38113017642 11.1371622149 12.629838898 6.90302346502
-9999 -9999 -9999 -9999 -9999 -9999 -9999 -9999 -9999 -9999 -9999 -9999 -9999 -9999 15.4596774034 22.8760043433 30.7793634774 28.3392832857 29.4250698879 28.3578339803 30.068469997 31.0459615509 30.7436145704 30.5531698642 28.5087189109 27.9903201378 27.1376346998 28.0449348901 24.7383861663 25.5141645012 23.1775952116 22.2882781943 20.1703392372 13.167326516 15.5449331863 11.3427066109 13.3140986399 4.28662384631 7.59741506428 8.1316977008 4.05656014148 4.55276178458 3.86741551714 3.93112195471 2.57827911665 2.77205541567 2.04008083066 2.66240268257 4.44980908657 4.80440386336 3.55619754443 1.88442771515 3.22290435512 2.97741356031 2.27978789571 2.69243784431 2.87410214891
-9999 -9999 -9999 -9999 -9999 -9999 -9999 -9999 -9999 -9999 -9999 -9999 -9999 -9999 32.1918551688 31.2626855545 31.7789821256 31.5955531516 32.561697019 32.4875075048 32.1342996367 31.9809819992 31.4766258927 30.5105913097 26.9815028974 28.0306208366 25.6271080064 28.6284110704 25.6138698407 25.2033551956 23.356543905 24.1800066726 21.9619463416 17.4922977941 11.670801812 11.7090644458 10.6705446363 14.8304559053 9.42710747097 11.4457931346 4.17364523263 3.22931887308 2.97876082465 3.18086696396 2.44209268245 2.25537565288 3.31507120868 3.41068619293 7.39013797262 8.56771156686 5.6922965943 6.55637048165 3.84325765198 4.29845784308 3.94398481063 3.26437475359 3.69308085784
-9999 -9999 -9999 -9999 -9999 -9999 -9999 -9999 -9999 -9999 -9999 -9999 -9999 -9999 -9999 30.4723644331 31.218354324 30.759895745 31.7441476185 31.0055013711 30.5087164074 30.7757658563 30.9920628104 30.8861746039 26.9408109907 28.7342743067 26.2058809631 26.8255136195 17.1128039562 24.6334231122 21.8369128211 21.7273846736 19.3514983512 16.6322823679 11.9408739997 11.9723565864 11.1170409508 11.0507082208 10.4771624416 10.3617771799 9.33947823117 11.6929499183 1.00395752673 1.44089696884 2.04033835452 1.38942036132 1.02771171664 1.18753961294 1.75639469187 2.54237480325 2.24763077591 2.03450716818 2.9922872642 5.13420033115 4.80239248937 4.72214255495 3.94226151344
-9999 -9999 -9999 -9999 -9999 -9999 -9999 -9999 -9999 -9999 -9999 -9999 -9999 -9999 -9999 -9999 31.4837804249 29.8680796497 31.5881640699 32.7711234469 32.9072655553 32.2473628945 30.7820905399 29.5443814087 27.9224236704 27.500048538 24.1097131682 23.69778162 16.6599837592 22.6594512972 22.7679485585 18.0252955978 12.56195749 8.90819520347 11.8114496933 12.1518433504 11.5670226822 11.8182223016 11.3435467669 14.0514687332 16.5695229467 16.5544838016 9.4788069913 2.30429571033 0.987060358404 0.683056038234 0.527953649122 2.29338723787 2.11994746931 1.69827535797 2.26697541794 3.48683380361 2.6357803024 2.20195253807 2.490050412 2.23312342935 2.09265120833
-9999 -9999 -9999 -9999 -9999 -9999 -9999 -9999 -9999 -9999 -9999 -9999 -9999 -9999 -9999 -9999 27.4263618227 30.0913431574 32.4121612916 30.2158795721 31.6716989314 32.8742282834 31.5761159268 29.2934791685 27.7068449954 28.5264304277 24.6427600796 24.4049922256 17.0946314179 21.669838864 16.8023088731 13.2917515518 13.9873461229 10.4499147177 12.34927313 12.0019252439 13.7617739157 11.9035472146 11.293611823 11.8102937716 12.6164920153 14.8075947946 13.1474635963 6.80966293899 3.7534400893 2.20531092282 3.09571742329 5.92581640201 1.64783048033 2.025059527 2.74497636238 2.88952132953 3.84843790888 4.1320291582 5.07409802677 3.47186780198 2.11040370551
-9999 -9999 -9999 -9999 -9999 -9999 -9999 -9999 -9999 -9999 -9999 -9999 -9999 -9999 -9999 24.7180019587 25.1424089506 24.393451421 26.9837583201 26.6778055897 31.4011524725 32.1465283151 30.5928384821 29.2981429494 26.8169659596 27.5059814704 24.8442045306 25.0738467732 20.4384996894 23.7650307112 22.1764784289 22.4213186809 21.3521123141 17.8833228087 14.5955815071 10.9795469667 12.5398819708 13.8550777711 13.3790772095 10.7143526203 8.48098309978 5.53258016604 2.70335205089 2.62965695288 2.84849947771 1.83534222665 9.58626062851 8.64416746418 2.58550349265 2.82422205483 2.21257085629 1.76977645369 1.97111837209 2.18630069698 2.36298924371 2.4320000628 2.82720721967
-9999 -9999 -9999 -9999 -9999 -9999 -9999 -9999 -9999 -9999 -9999 -9999 -9999 -9999 26.090243133 25.6270346084 25.5107542364 17.344622651 21.1585259719 26.0223492009 27.4924824575 28.437887774 29.529701519 29.7602754791 26.737719389 26.3934955657 23.6844113649 25.2013683683 24.5549583058 24.5618488598 21.27063533 21.4667610388 15.5701006092 11.1095536865 8.15680679461 9.6103115589 16.8736859143 14.8669892982 1.57913292134 5.46950500336 7.07242943403 1.97098462724 1.66108224828 1.92810633095 1.19397491264 0.959194318598 3.27916358392 2.37462219338 2.71303609305 2.20291881413 1.96950792315 1.95180219048 2.1083111133 2.06244665946 1.93431176292 2.05040680403 2.37064711013
-9999 -9999 -9999 -9999 -9999 -9999 -9999 -9999 -9999 -9999 -9999 -9999 -9999 -9999 30.8324102347 28.3601801884 29.1751105644 18.615282989 15.6287059095 18.0830786805 28.1232620488 29.7689976733 29.5178937251 29.8632273617 26.0422668213 24.1960186243 15.5212146499 15.9844916696 16.3154053016 23.6439317488 22.2965707486 16.5910024814 10.6710899849 9.70814219048 7.7200402707 10.1976512598 9.32684724047 11.6252305824 6.07045219671 6.26057617038 8.1380168402 7.4365045193 2.67699255506 2.31958141726 1.98884561954 0.938227283729 1.99674257404 3.4438543727 3.87587637868 4.71165768146 4.63907961583 4.58744154713 3.26960146242 2.83155900739 3.25641555095 3.10384397401 2.39884752989
-9999 -9999 -9999 -9999 -9999 -9999 -9999 -9999 -9999 -9999 -9999 -9999 -9999 -9999 -9999 -9999 29.4079635154 22.297258347 22.1092573361 21.8045136365 22.1031167702 27.5801834816 30.5553564142 30.5268747955 26.6079810082 17.871813374 10.4423774573 10.9881817054 9.2316898398 12.6068762437 14.2064524545 10.9134014516 9.86309047836 8.57263634617 8.6425785005 8.71761203543 8.24494023085 5.6046829827 8.57225568087 8.71961296291 4.9691253386 4.28985331758 8.68579115321 6.82495568058 1.22797835501 1.57860045866 1.35912573692 1.57940939526 2.53640857649 3.16560693903 3.04253204022 3.14493677311 2.76558275086 2.38808625694 1.6994089064 1.79437506408 2.61941674969
-9999 -9999 -9999 -9999 -9999 -9999 -9999 -9999 -9999 -9999 -9999 -9999 -9999 -9999 -9999 -9999 21.9252638317 21.2039210397 21.495409668 17.6859788888 20.53763667 21.7806766657 28.309419433 29.1746758603 28.1509822887 19.2173250051 14.0491890413 13.4909068527 11.9144335731 13.0436606047 13.6075675571 13.0342203912 10.6098295202 9.00894009311 6.65263519377 7.05982329527 7.06523253706 8.13030133214 5.44522875515 4.76485495353 5.54239093004 7.09161038212 10.489374558 9.58465339656 4.4972095165 1.36817717337 0.569091005696 0.985823086652 2.24816834248 1.80058489766 1.46489395141 1.48635721579 1.20076245355 1.35354763211 1.2967855205 1.30521521481 1.29614862829
-9999 -9999 -9999 -9999 -9999 -9999 -9999 -9999 -9999 -9999 -9999 -9999 -9999 -9999 -9999 -9999 -9999 -9999 21.7028911911 19.1614731971 18.6503808905 20.3607635973 25.7573180908 30.1958856656 27.589598259 24.1024037315 13.1173445165 13.2530045291 11.9567467078 12.4571033319 10.1529806914 9.32155896034 8.77075862662 9.01806426555 6.55102488606 7.8823940181 7.55177883848 5.81693699051 5.19004911196 6.4590206765 4.72606484019 4.24289426788 3.91607745909 3.88930978423 3.18488097585 2.64738718863 0.750925227338 0.768221702651 1.19870608702 1.37168533402 1.57739283306 1.69862039047 1.22310259826 1.25255138436 1.39278136114 1.48402768983 1.38900915076
-9999 -9999 -9999 -9999 -9999 -9999 -9999 -9999 -9999 -9999 -9999 -9999 -9999 -9999 -9999 -9999 -9999 -9999 -9999 17.1630655402 18.4820952419 19.5088027215 19.7982600902 31.4931498713 29.3304301264 28.922655891 21.4999704325 13.189740742 10.3014689523 10.0221413885 9.80787352546 9.95758968196 8.33026923194 8.11790002073 5.49001409615 4.35823592447 4.03576454829 5.64153011231 5.07138369203 5.70512145743 4.24709531737 3.90932687115 3.13304600706 3.82932494138 3.69016724579 3.85330558959 1.95209847897 0.680271973042 0.496511169489 1.13968499282 1.05243726144 1.41057962453 1.13035275028 1.12049387495 1.30417488438 1.2509933395 1.03566496072
-9999 -9999 -9999 -9999 -9999 -9999 -9999 -9999 -9999 -9999 -9999 -9999 -9999 -9999 -9999 -9999 -9999 -9999 20.6316351767 21.9966268979 23.8528405852 23.3830863838 20.1835803036 29.8513281586 29.0722242492 29.4965435034 26.1238527178 19.5149215243 11.4829778165 10.8138178378 12.7968875985 9.95315343409 9.40471080416 7.31153005598 5.59862938343 6.63884066151 7.83801285685 7.43890106293 6.5415981832 6.32054053964 5.92093925482 4.24198455984 3.57118146776 7.07364949358 4.66956529796 6.12469975319 3.41072753478 3.32272558508 1.86061230164 0.72704512601 1.74524837027 1.79304128805 2.09257281373 2.21660083048 1.72214687974 1.53850647112 1.38297964264
-9999 -9999 -9999 -9999 -9999 -9999 -9999 -9999 -9999 -9999 -9999 -9999 -9999 -9999 -9999 -9999 -9999 -9999 -9999 22.9805258932 22.0453211118 21.2103229502 20.6855272826 29.3437347911 30.266578146 30.0528350656 25.1141599862 26.5284759417 16.2149298743 18.9236796703 19.3689563029 19.3724079984 12.3506788902 7.26923768703 8.42193863594 7.02271360866 3.66196761714 3.20492341246 2.70670018513 2.70750467924 3.0576455189 4.35726449043 5.15558030339 9.21544126473 9.08859186732 7.51761447246 4.2764134831 3.18145287287 2.17023661373 1.13225360082 0.386084150581 6.69439917474 7.61583082249 7.01352838079 3.99894037613 0.735236982544 0.910653179787
-9999 -9999 -9999 -9999 -9999 -9999 -9999 -9999 -9999 -9999 -9999 -9999 -9999 -9999 -9999 -9999 -9999 -9999 -9999 -9999 19.2277779288 20.6422636596 20.9055017257 24.9413730947 28.8371642277 29.7495279009 24.9979060173 26.8471134526 26.3792011258 25.5422165731 22.757583523 22.4309667096 9.57205026863 13.3064195572 12.7289916337 11.4629107747 5.64877166691 6.56257875907 6.01839770452 5.6545708141 4.38423437817 5.6144096958 5.42781136244 4.77787100766 5.9390539853 5.15450913767 4.11553541979 4.6397674655 3.75232553583 2.74362306012 1.76547013661 0.911783205765 0.401440467765 1.18994699766 4.67527782717 0.58226294116 0.606612923667
-9999 -9999 -9999 -9999 -9999 -9999 -9999 -9999 -9999 -9999 -9999 -9999 -9999 -9999 -9999 -9999 -9999 -9999 -9999 -9999 -9999 19.533498413 20.9241510436 21.4638271505 27.7283845167 26.8790470292 25.4409520807 27.4229568398 25.6745159015 25.1410622307 22.6948561905 24.087366372 9.85653327689 13.6453709999 11.878012247 9.10623198486 7.31096835052 5.43571806768 4.64227879166 5.20766988107 6.34348281752 6.68460793682 6.91698296859 4.91033210821 3.9075609826 2.99780255171 3.55440301096 3.91364166071 3.71609674463 4.55955802036 4.31161576695 4.99648645038 2.00715128842 0.833979136351 0.217759805068 0.29346464768 0.367062099489
-9999 -9999 -9999 -9999 -9999 -9999 -9999 -9999 -9999 -9999 -9999 -9999 -9999 -9999 -9999 -9999 -9999 -9999 -9999 -9999 -9999 17.0852124333 18.9202078226 18.9598719566 27.7497981754 30.2004024827 26.8887836584 20.6383974199 17.1856122421 25.394462262 13.7365420926 22.4747541853 10.9326595248 8.61198155146 5.46039184033 6.88892875364 5.88759241324 5.76546538821 4.9696574787 6.10377423282 6.41718578764 6.14980428014 4.57937598576 4.42231160582 5.20996903438 4.93440975693 4.38895628793 4.27065615385 2.637600623 2.92889427585 6.01739606811 5.30717508187 2.31555610287 0.466187360439 0.442862616576 0.239755003957 0.262869209934
-9999 -9999 -9999 -9999 -9999 -9999 -9999 -9999 -9999 -9999 -9999 -9999 -9999 -9999 -9999 -9999 -9999 -9999 -9999 -9999 -9999 -9999 19.7774723158 22.1226972107 29.9086857687 30.5626062507 27.393257879 20.7142463067 13.6545101681 14.890303278 16.1250980537 16.6938598443 10.5051608956 9.5108076472 9.9810230039 7.96295440229 7.25863575561 6.76289229073 6.15496062494 6.05492337695 6.26834955072 4.29459565934 4.37413213329 5.56319975118 3.14590059551 2.83948542452 2.09617735846 2.66205403391 3.42336428035 7.45078340689 4.53168211884 7.15214396283 4.14867891245 0.828885758263 0.24072149806 0.205512806582 0.236513731281
-9999 -9999 -9999 -9999 -9999 -9999 -9999 -9999 -9999 -9999 -9999 -9999 -9999 -9999 -9999 -9999 -9999 -9999 -9999 -9999 -9999 -9999 20.4326699826 19.9119688515 29.2181979103 31.4907907102 28.0132591798 16.7056047383 14.6887659051 15.1666829106 13.0072687805 13.2986093442 12.3170802226 10.5040813134 8.11287241571 10.4015820049 7.32042287763 6.55568711875 7.2376384669 7.43275504686 4.83637107688 6.39372875201 4.45305553398 3.60449266188 3.07433911699 3.67352380829 4.15576371976 4.5232219704 2.62663170966 2.62252083796 2.77589295726 6.47006599309 0.562004814893 1.75144918241 0.762557020629 0.638273879644 0.401494918679
-9999 -9999 -9999 -9999 -9999 -9999 -9999 -9999 -9999 -9999 -9999 -9999 -9999 -9999 -9999 -9999 -9999 -9999 -9999 -9999 -9999 -9999 19.9412949416 21.4104632575 29.0828861601 29.8522009685 27.8852800944 19.5676480344 15.7975917358 17.4706322135 14.2857527643 12.9969567836 11.2324844593 10.6158659105 10.6527067351 7.75872101146 7.03122410292 9.09997377398 7.46083271918 6.82049263447 6.33087302159 5.08211574302 3.45929522388 4.28323991557 5.00427183529 4.64303022322 4.40174483421 3.80318119233 2.91903331648 2.92392431418 3.65283070763 3.01903440385 1.21806894334 1.41792845519 1.71623441937 1.92283594111 0.804572996764
-9999 -9999 -9999 -9999 -9999 -9999 -9999 -9999 -9999 -9999 -9999 -9999 -9999 -9999 -9999 -9999 -9999 -9999 -9999 -9999 -9999 -9999 -9999 22.4985982057 30.4507495117 30.1628580977 26.9113053718 18.2981980397 15.3866814559 16.7946966749 14.391002092 15.3708600276 13.2975134906 13.7142337105 9.44352052871 10.387812031 9.851261005 8.63634879858 5.48282405723 5.07417181915 3.67070385396 4.7945499508 5.56523424717 5.69339850997 4.70264997281 4.18948047698 2.43033661402 2.20315212858 2.08368268855 2.24552984215 1.80547773842 2.23244872618 2.32749865255 2.40642218234 0.94461857007 0.558233668726 1.61148811648
