data/recharge/transience/oldversion/mHM_recahrge_605.ASC
ncols   80
nrows    72
xllcorner    4374000.0
yllcorner    5656000.0
cellsize      500
NODATA_value  -9999
[rows 0 to 24 of 72, columns 0 to 56 of 80]
-9999 -9999 -9999 -9999 -9999 -9999 -9999 -9999 -9999 -9999 -9999 -9999 3.88525569498 3.98994429428 -9999 -9999 -9999 -9999 -9999 -9999 -9999 -9999 -9999 -9999 -9999 -9999 -9999 -9999 -9999 -9999 -9999 -9999 -9999 -9999 -9999 -9999 -9999 -9999 -9999 -9999 -9999 -9999 -9999 -9999 -9999 -9999 -9999 -9999 -9999 -9999 -9999 -9999 -9999 -9999 -9999 -9999 -9999
-9999 -9999 -9999 -9999 -9999 -9999 -9999 -9999 -9999 -9999 -9999 -9999 6.46281226575 5.50605666969 5.14047966932 -9999 5.81570300709 -9999 -9999 -9999 -9999 -9999 -9999 -9999 -9999 -9999 -9999 -9999 -9999 -9999 -9999 -9999 -9999 -9999 -9999 -9999 -9999 -9999 -9999 -9999 -9999 -9999 -9999 -9999 -9999 -9999 -9999 -9999 -9999 -9999 -9999 -9999 -9999 -9999 -9999 -9999 -9999
-9999 -9999 -9999 -9999 -9999 -9999 -9999 -9999 -9999 -9999 4.40929314572 4.38981757454 5.08243720792 5.25292710467 4.10649352727 3.85543093797 3.61681711871 3.68187765971 -9999 -9999 -9999 -9999 -9999 -9999 -9999 -9999 -9999 -9999 -9999 -9999 -9999 -9999 -9999 -9999 -9999 -9999 -9999 -9999 -9999 -9999 -9999 -9999 -9999 -9999 -9999 -9999 -9999 -9999 -9999 -9999 -9999 -9999 -9999 -9999 -9999 -9999 -9999
-9999 -9999 -9999 -9999 -9999 -9999 -9999 -9999 -9999 4.26305962411 4.42583389863 4.33428073759 4.29530589011 4.56054147159 4.28468896258 4.03461638432 4.00816333857 5.01142741247 -9999 5.00710785598 -9999 -9999 -9999 -9999 4.92265694252 5.45499802146 -9999 -9999 -9999 -9999 -9999 -9999 -9999 -9999 -9999 -9999 -9999 -9999 -9999 -9999 -9999 -9999 -9999 -9999 -9999 -9999 -9999 -9999 -9999 -9999 -9999 -9999 -9999 -9999 -9999 -9999 -9999
-9999 -9999 -9999 -9999 -9999 -9999 -9999 -9999 5.516693956 4.71800990946 3.86587271703 3.70753778066 3.56354295477 3.23144797032 3.32369470516 3.11184551733 3.12163827757 3.21496855004 3.02798122897 3.20820712019 3.47629245129 3.74173074376 -9999 4.02340232449 5.24389656532 5.2848138589 -9999 -9999 -9999 -9999 -9999 -9999 -9999 -9999 -9999 -9999 -9999 -9999 -9999 -9999 -9999 -9999 -9999 -9999 -9999 -9999 -9999 -9999 -9999 -9999 -9999 -9999 -9999 -9999 -9999 -9999 -9999
-9999 -9999 -9999 -9999 -9999 -9999 4.72387253166 4.03302729858 3.96796746129 4.19248995816 4.50457968788 4.60324328769 4.05913108861 3.79089693887 3.25041044784 3.58343612211 2.81854355626 2.84252107259 2.73721471056 3.15830780919 3.3456350757 3.60771252122 3.75614027195 4.0735496795 4.75625301947 4.58627448214 5.15882401824 -9999 -9999 -9999 -9999 -9999 -9999 -9999 -9999 -9999 -9999 -9999 -9999 -9999 -9999 -9999 -9999 -9999 -9999 -9999 -9999 -9999 -9999 -9999 -9999 -9999 -9999 -9999 -9999 -9999 -9999
-9999 -9999 -9999 -9999 -9999 -9999 4.53035528751 4.11362085849 3.30522466906 3.16098622203 2.92839127344 3.05861034642 2.96129488594 2.76507415416 2.54025183175 2.20387423688 1.51601813364 1.34075327241 1.58949165441 2.09107415646 2.55933155103 3.11146637842 3.16747384712 3.27067904477 3.84912439393 3.61628575085 4.8757217142 4.77194994752 4.95982350596 4.63886579708 6.12424499781 6.04802857449 -9999 -9999 -9999 -9999 -9999 -9999 -9999 -9999 -9999 -9999 -9999 -9999 -9999 -9999 -9999 -9999 -9999 -9999 -9999 -9999 -9999 -9999 -9999 -9999 -9999
-9999 -9999 -9999 -9999 -9999 5.53248421609 4.73748031826 4.68877829407 4.2855983225 4.57263459899 4.23126645482 3.72616980749 2.3631292769 2.31767006931 2.89256009283 2.81157554277 1.44678055526 1.34167458676 1.74845928603 1.89350085874 2.57829741832 2.44703378197 2.94277088548 3.07526735753 3.83904667312 4.00681868996 4.7071107907 4.41187997461 4.72900698055 4.59870637884 4.80422580785 5.09938548305 4.87512503331 4.66379844735 -9999 -9999 -9999 -9999 -9999 -9999 -9999 -9999 -9999 -9999 -9999 -9999 -9999 -9999 -9999 -9999 -9999 -9999 -9999 -9999 -9999 -9999 -9999
-9999 -9999 -9999 -9999 -9999 5.25650769602 4.68274717397 4.71960000788 4.05627919394 3.70446022012 3.51711670865 3.79041792691 2.11723352133 1.73042885166 3.31381172772 3.47374714131 1.74831502136 0.674646541752 1.1649884185 1.59249272511 1.59493478629 2.05589693056 3.18852524118 3.02447365429 3.14297089783 2.89341416304 3.88964520814 3.49757625796 3.8097841561 2.86538739876 2.84756717839 3.29497136403 4.56486224068 4.32793893694 4.88340423184 4.56556738149 -9999 -9999 -9999 -9999 5.68361148567 5.40490573106 -9999 -9999 -9999 -9999 -9999 -9999 -9999 -9999 -9999 -9999 -9999 -9999 -9999 -9999 -9999
-9999 -9999 -9999 -9999 -9999 4.83159413937 4.35269003814 4.46876156756 4.28770048049 4.5883536767 4.12044011811 3.8995775717 3.38383516221 3.94289778545 3.68796145229 3.02737451167 2.51291138432 2.48777207956 2.0253895758 3.01987473009 1.93744743921 2.286377696 2.47998321532 2.33623175625 3.05426493765 3.01043922511 3.64677593299 3.31173256542 4.12165040231 3.19642924717 2.36622988777 3.54680714295 4.49353304792 4.64353681888 4.89204327916 4.78290196497 5.03163384786 -9999 -9999 5.35531283018 6.04832202762 5.82901326025 6.7472393627 -9999 -9999 -9999 -9999 -9999 -9999 -9999 -9999 -9999 -9999 -9999 -9999 -9999 -9999
-9999 -9999 -9999 -9999 -9999 -9999 4.99463768065 5.41332724885 4.32811021441 4.08623586904 3.46492357687 3.85168345019 3.24483486679 2.9651872278 2.4745081201 2.3614498857 2.50912284302 2.40940245912 2.1525396223 2.10031518262 2.47302267364 2.62044126618 2.71411958184 3.00142126608 2.95658252273 2.57329136511 2.8563948831 3.10804680849 3.19334043065 3.02979339689 3.35445701287 3.7197389705 4.03862193676 3.73820598475 4.23342825905 4.35450561237 4.94416652472 4.59513686066 5.09978106326 4.94295744027 5.16324032651 6.08265748679 5.6346637581 5.10058625822 -9999 -9999 -9999 -9999 7.06415128573 6.52253502046 1.82945984178 -9999 -9999 -9999 -9999 -9999 -9999
-9999 -9999 -9999 -9999 -9999 -9999 -9999 4.77284260239 3.90110985329 4.5216255044 4.35680716563 3.88712808468 2.50286491442 2.71592270536 2.95556375445 3.57550561699 3.23092573858 3.07740864291 3.09340115711 2.50826231025 2.27102122868 2.2901168271 2.52335531409 2.56225984145 2.65039949459 2.30423547104 2.73965514419 2.88703456615 3.08270790109 2.97137619715 3.7020220207 3.58055702219 4.02565672077 3.71414314754 4.47851518128 4.44166508368 4.84611113411 4.85379822444 4.99056033062 4.97560476996 5.04543939701 5.07455985685 5.5459694737 5.73487689706 5.47650858318 5.87533241569 6.20723352119 5.6467005962 5.58745819053 5.68587079433 5.26354929153 4.43620844777 -9999 -9999 -9999 -9999 -9999
-9999 -9999 -9999 -9999 -9999 -9999 -9999 -9999 2.99231466195 3.16294014557 3.579945149 4.03784138386 3.61043973423 3.9780223969 3.61730641015 3.26407138017 2.48681040914 2.50566893064 2.15151526056 2.48960045182 3.51142736358 3.33912719637 3.5567017275 3.88228984629 4.13990522416 4.14646676805 2.87522605496 2.51191881484 2.55997536018 2.50225436013 2.74663228352 3.06779363753 3.32903860687 3.26561478755 3.84834565601 3.14474838611 4.16145594478 4.46714122827 4.38603769298 4.33144665222 4.91409710713 5.12379974987 5.19537406229 4.90177947826 4.94872642309 4.65898287807 5.09822615505 4.7197171516 4.5495207268 4.8520507939 4.63791621363 4.91627871745 4.33060243456 -9999 -9999 -9999 -9999
-9999 -9999 -9999 -9999 -9999 -9999 -9999 -9999 4.26788390782 3.67162883859 3.26381872925 3.29281592345 3.14540793364 3.11692048173 2.63506904351 2.55529109686 2.43402099345 2.63997070111 2.49423810345 2.74501004882 3.29665272389 3.2465672617 4.53578479319 5.6446654844 5.12863222684 3.83963794989 4.8581704852 3.44554232054 3.04316747492 2.52765256559 2.71961589029 2.97987471775 3.12258917496 3.2511217522 3.58823266454 1.33537333843 4.6509906128 4.29756974101 4.37198134745 4.28529594679 4.47435648722 4.7964252894 4.97186478944 4.94933171716 4.6771171956 4.6401981499 5.056873509 4.79750147821 4.76315959821 4.82815786154 4.77330889822 4.79512957603 4.43123742248 4.70384520391 4.08965519608 4.39537496615 -9999
-9999 -9999 -9999 -9999 -9999 -9999 -9999 -9999 -9999 4.65582673706 3.93123960468 3.03743574952 3.12317136125 3.27681931226 3.05484833435 3.10899527721 3.61816540463 3.87016880712 4.14069012265 4.18791347281 4.00152696832 3.18046591125 3.81516645871 7.51866273692 6.53824761686 5.944483228 4.84171792475 3.88374285118 2.75567285868 2.31557640801 2.51020136796 2.70623512637 2.87670800897 2.75611953648 3.25045371118 3.20902797972 4.01044531349 3.75340174657 3.78904545003 3.8364442 3.93849748391 4.1263128682 4.20216886738 5.10009954788 4.35199336058 3.96358133487 3.72149896296 3.75771024283 4.00784571783 3.871478077 4.0315046479 3.89886351212 3.86228537777 4.00262074399 4.27152891676 3.7406118542 2.93744316452
-9999 -9999 -9999 -9999 -9999 -9999 -9999 -9999 -9999 -9999 3.42582816732 3.08612621264 2.89856146023 2.81682250205 2.77868506863 2.51556794249 3.10662716244 3.89055345741 3.5884618607 3.01065753684 2.96941146556 2.92715725667 2.83264415479 3.90684077237 4.99524743305 6.22970657555 5.99702132976 4.76164470447 3.65895690583 2.63509077307 2.53086057701 2.54803098452 3.15726792181 2.79482901373 3.68665955701 3.44033919441 3.89422234075 3.75657518085 3.82592822796 3.8532626992 4.16323802346 4.15296150282 4.15834931791 4.51262327272 5.46467948574 5.58933834536 4.82845415084 4.02267874304 4.14816108295 4.14019977236 4.55589109461 4.38874183503 3.91348680419 4.04803762689 3.61781420392 3.66105726635 2.89927381057
-9999 -9999 -9999 -9999 -9999 -9999 -9999 -9999 -9999 -9999 -9999 1.36634174677 1.23593206092 2.51716397831 2.72310168317 2.58816720984 3.14042829767 3.09154170635 2.34203341118 2.42300319971 2.87593928493 2.84776261921 2.65115532114 2.35166009225 2.854973878 3.39520282658 4.67788945199 5.65619738887 5.47860150653 1.73855168021 2.30437100584 2.67123344391 2.95799709568 3.01752563547 3.48049986453 3.01704160545 3.34968014744 3.31847512434 3.67883419765 3.67799577908 4.17347472795 3.82605319291 4.07640508112 3.90372553284 3.81669097633 3.72616073008 4.23315701262 4.64043865922 4.24063920284 3.92035499272 3.67520552401 3.9560907901 3.91039214352 3.57446628058 3.04313914609 3.14471707534 2.68848890592
-9999 -9999 -9999 -9999 -9999 -9999 -9999 -9999 -9999 -9999 -9999 1.19309799678 1.98707490994 2.46607952254 2.75613077704 2.69979190129 2.6282960809 2.3128102626 2.3540789983 2.39051475289 2.5532854728 2.98061502716 2.62659042101 2.6513388451 2.59254490098 2.75316390954 3.42678265975 4.34212197181 4.36143566563 4.55484334353 5.67064002809 5.42156270898 3.8960886641 4.09694692475 3.78177838433 2.91454174984 3.32978542306 3.40676853644 3.55710333686 3.10930452841 3.17039162085 4.50644365315 3.8234248958 3.86848287991 4.12885023285 4.37930800374 5.50212590467 6.13653177698 5.84621223884 4.50926117127 5.07421210248 4.9328057084 3.83026389585 4.24910596009 3.93223184388 3.35793023322 2.88135321559
-9999 -9999 -9999 -9999 -9999 -9999 -9999 -9999 -9999 -9999 -9999 3.87784688427 3.4663067578 3.20187022865 2.26409911386 2.52922428817 2.54239754214 2.06223510975 2.0366722936 2.06696121278 2.19186437806 2.26257533988 2.23072344493 2.21186833004 1.8923267219 1.80725803825 1.91584031792 1.85437108577 2.24535127041 2.74531538995 3.74672083974 5.41295221243 6.98476178432 6.63529140207 4.12872233551 2.54854775931 3.95673144094 3.08851483447 3.33871248183 2.28533240613 1.9940632051 3.98553985112 4.67659840741 5.21537148586 5.64680114573 6.34753510506 5.21334378918 4.78512173607 4.81847431449 4.87775096771 4.51176599953 4.9739153667 5.1558068354 5.71096129984 4.92810584606 3.02293448202 2.21240976096
-9999 -9999 -9999 -9999 -9999 -9999 -9999 -9999 -9999 -9999 -9999 -9999 2.56530160412 2.9981788985 2.83590906531 2.09048294995 2.22544917561 2.33144301795 2.28697123605 2.12814359709 2.29341127775 2.11143126552 2.23005623969 2.24818494931 1.95941189925 2.02601031095 1.97040773796 2.07253064925 2.16837175865 2.02033240637 2.25727736785 2.41378965096 2.81713943957 3.609227645 4.83762078127 1.3844645073 4.1971451284 3.38077458416 3.85498073063 3.49634343978 4.0928789599 4.05820634698 5.58898561765 6.2415956555 6.67843681081 6.4444149727 5.55094777391 4.83691203241 3.95692040389 4.37450819968 4.20204809333 3.70285468236 3.18844539939 3.23830823164 2.92986985533 3.62987264972 1.33080980655
-9999 -9999 -9999 -9999 -9999 -9999 -9999 -9999 -9999 -9999 -9999 3.3558267503 3.29236910412 3.64256000083 3.80850090006 1.47418402915 1.69320111098 2.41788784041 2.1399689769 2.19945221497 1.85763095145 1.81044251191 1.74173898924 1.81071604729 2.01623425213 1.96826994644 1.48844374625 1.7326059161 1.97568681635 1.87134161651 1.93645253601 2.05333523222 2.12288466204 2.08585092528 2.55822611194 3.82047448436 4.2986497276 2.6485109687 2.80145705141 3.4014008952 3.82090622033 3.92603741829 5.42824117809 6.34380547004 7.73501210505 7.72261841477 6.70932105561 6.4988218489 5.11088840828 5.17603892507 4.01820071216 2.82426323348 2.42577913124 2.44752879698 2.15331304494 2.41781813758 3.24140366394
-9999 -9999 -9999 -9999 -9999 -9999 -9999 -9999 -9999 -9999 -9999 3.56943884876 4.34406489335 4.16361223703 3.11140257312 2.25047670968 2.79447950353 2.74164426976 2.1971342678 1.90063920636 1.42816938006 1.3613961212 1.53973533155 1.99382496243 2.16782397074 2.24585499845 1.1014121963 1.19288564537 2.15872646001 3.08929551448 2.99902826231 2.12006164898 2.06489139229 2.08845583297 2.46232156865 2.81262474687 3.18104685928 4.45866996027 3.29153496786 4.0223526529 3.39967878128 4.2656722595 5.31773164355 5.09994806382 5.52011832101 5.23938948893 5.92149032632 6.13109571742 5.76243561139 5.78749892367 3.93638165357 4.14095393267 3.5260094137 3.34713659156 3.00148773526 2.74999462409 1.91809029961
-9999 -9999 -9999 -9999 -9999 -9999 -9999 -9999 -9999 -9999 -9999 4.75006912271 4.74758902548 4.03489339174 4.16537446506 4.05237875034 3.01954956993 3.33443014775 3.10674180774 2.97738532186 1.87790384794 0.882234243245 2.7377029207 3.61415084099 3.1010298573 3.09740138972 3.47067856924 2.98546853146 2.4878517056 2.01294304752 2.23187249622 3.07774472452 3.46465808035 3.16937977783 2.69341654567 2.13877572652 1.67536509616 1.23313389154 2.71657437324 2.51286179669 4.00530886693 4.14874719357 4.29966536009 4.09724086792 4.35403240381 4.36602306441 4.73272878231 4.80385284264 4.43118007125 4.13994086701 3.53517955188 2.39210942215 1.79467326021 2.03734140667 1.78440219804 2.11918507647 2.42556405138
-9999 -9999 -9999 -9999 -9999 -9999 -9999 -9999 -9999 -9999 -9999 -9999 4.93819907149 4.60075215274 3.83769807986 3.8803394411 3.80383976805 3.56196540067 2.89213153969 3.11891466416 3.1641401805 3.37218401093 2.98483372187 2.70635926098 2.86686997154 2.8159186825 2.54616282553 2.70991267194 2.65923903739 2.30680029429 2.09505186776 2.09896888275 1.91499508457 2.14120964738 2.39439846076 2.52071014226 2.10268573058 1.53340234267 3.30270947037 3.89693030463 3.81901076153 3.39572196236 4.05186938797 3.80606963848 4.30131076295 4.42442546464 4.36875778923 4.4577298182 4.03967190519 3.98206397933 3.47175187417 1.459080532 1.75011741473 3.16569662699 2.11566939249 2.14943511901 1.85097494031
-9999 -9999 -9999 -9999 -9999 -9999 -9999 -9999 -9999 -9999 -9999 -9999 5.86422918869 4.7301476065 4.4203698151 4.32423998972 3.72738632156 3.95262273528 3.56778415683 3.21102042648 3.09135669735 2.75669165507 3.05766547254 3.99667189891 2.93803634774 3.44878864726 3.43252167957 3.68528774207 3.3406287553 4.14992358389 3.57913612139 3.78888845333 4.11901829747 3.86283120149 3.68464482795 2.77098169531 2.15326564705 3.07187871124 4.71635585978 3.81778985692 4.44994323312 3.25419610442 3.15248875376 3.10038181728 3.37479032033 3.45703292167 3.53307552022 3.67548410189 3.34232472832 3.45317156428 3.21213615844 2.86274825587 2.61745249136 1.53292452708 1.05306932342 1.4244410231 0.92123315107
