data/recharge/transience/oldversion/mHM_recahrge_358.ASC
ncols   80
nrows    72
xllcorner    4374000.0
yllcorner    5656000.0
cellsize      500
NODATA_value  -9999
[rows 25 to 49 of 72, columns 0 to 56 of 80]
-9999 -9999 -9999 -9999 -9999 -9999 -9999 -9999 -9999 -9999 -9999 -9999 20.3075487857 19.8707407787 19.3111436307 19.6740994908 17.9429256615 17.4875089482 16.9836997388 17.6160500974 16.1143516727 15.8149592378 15.1255778621 12.3835289314 13.9829796678 15.3561734325 13.1913763444 13.5697568881 11.5904426635 10.6036060196 9.06343095307 8.52652488087 9.43705659089 10.4779809003 5.81190429959 11.192143159 10.3432420848 7.30530219317 5.55927407281 5.61433391976 4.95361046644 4.91364088659 7.65155965538 9.50415955579 9.2078492332 9.35004700662 9.3306818218 9.29359905619 8.87235360922 9.33138113347 8.45658241465 5.62667383802 2.71786592459 2.11961909852 2.08932697526 2.24853064235 2.1868331497
-9999 -9999 -9999 -9999 -9999 -9999 -9999 -9999 -9999 -9999 -9999 -9999 -9999 20.4260236329 19.7493746394 19.5288751606 18.7949859348 19.1915369185 17.8838758522 17.4290995448 16.2412696446 16.2654084345 15.982833976 14.1593946803 15.9282857836 15.6418011401 13.8906318982 12.2274700399 11.3609225998 11.9840689554 10.0123373352 9.5780197403 11.1506091878 8.11289910212 5.74303823783 6.24412564473 9.96263776788 6.41279499325 6.5136457826 4.77154135793 4.04128142206 5.06525640538 2.97704391744 4.13482924122 4.61835239123 6.03513529583 7.39101865383 7.18069046502 4.25435768105 2.54918142577 2.00280011639 2.10346247801 2.29027965095 3.36981642314 3.98333700216 1.77994498621 1.79556004447
-9999 -9999 -9999 -9999 -9999 -9999 -9999 -9999 -9999 -9999 -9999 -9999 -9999 -9999 19.3499751775 18.8003515622 17.9412532369 18.8877626585 17.8669004741 18.2037999957 16.7407414423 16.7578685459 15.9758376719 15.6635642027 15.1584180843 14.7405623969 14.6131392159 15.6375321077 12.3971527078 10.743574743 10.3324563988 13.4337883282 12.3785728802 10.9963025787 6.74970277225 8.7110850439 9.95096400831 5.54415592709 5.01456144162 5.82595930086 5.89077254177 4.51458078646 4.64118431129 3.49379109436 2.43227238095 2.84812571491 2.21807180403 2.58452223221 1.96199133625 2.35372350031 2.23679046832 1.72674091615 1.61846507871 3.38877971981 4.18234163516 6.20552225453 6.32716876057
-9999 -9999 -9999 -9999 -9999 -9999 -9999 -9999 -9999 -9999 -9999 -9999 -9999 -9999 5.56912398139 12.7999490468 17.9476330974 19.3648972978 18.8111969953 18.7435729449 18.019792479 17.2240349204 15.8317214807 16.3324322589 15.8588753736 16.4320348784 14.399419056 13.9546844639 14.1086580265 14.7434999867 11.8524448021 7.03687830711 12.0719560865 12.7830214717 6.89892163664 6.75223714053 9.03640472763 4.03025586097 5.44120515497 6.01302237599 4.09398838793 4.31963625958 3.82641622073 4.3293287356 3.31613923791 2.61987315519 2.46247787398 3.98116790864 4.3429730064 2.1546033259 2.58498189155 3.0394939889 3.46320656121 5.87508805917 6.79595920465 7.24884302649 7.46101280855
-9999 -9999 -9999 -9999 -9999 -9999 -9999 -9999 -9999 -9999 -9999 -9999 -9999 -9999 8.98879808214 13.5749420416 18.8774531251 19.9735294406 18.6514729942 18.5931570841 17.7290813977 17.7146437881 16.8674939581 16.3340414964 15.4720767481 15.1345676387 14.5570568839 14.8231346582 13.4458493347 13.8731578162 13.0072338968 12.6886902983 11.9138279151 12.0082401967 11.9156225158 5.74713758673 6.95483872368 4.92919238639 4.37926714336 5.80422144803 3.63266376772 4.13853075622 3.46392495456 3.5452011093 2.40499975494 2.69130387542 1.88350729069 2.58843493173 4.77220992351 5.16268403299 3.99118393828 2.19420412141 3.64983297947 3.33803542499 2.88203723585 3.35370507227 3.52920428064
-9999 -9999 -9999 -9999 -9999 -9999 -9999 -9999 -9999 -9999 -9999 -9999 -9999 -9999 21.0271254014 20.3046884511 19.3338125348 19.3385051071 18.24852404 18.9237889654 17.9505234064 17.8211370863 17.1286174915 16.902256135 16.0523277943 16.2335822927 14.6158941695 15.2529902556 14.0121665986 13.8527639225 13.2603295611 13.6368627159 12.8503448485 10.2203038371 5.97945895345 6.00731583166 5.4272993203 9.08259111346 4.72241275745 6.10563674584 4.23939662105 2.95880795017 2.64570523006 2.8476810951 2.22178148847 2.16271431479 3.62055117036 3.96621897785 7.66270944966 8.50089099818 6.18191758085 7.04384357538 4.60843947621 5.00698115338 4.66202607927 3.82684286415 4.61254708091
-9999 -9999 -9999 -9999 -9999 -9999 -9999 -9999 -9999 -9999 -9999 -9999 -9999 -9999 -9999 20.1869431457 19.4680543982 18.7553069271 17.8193648922 17.8306131719 17.6743092515 18.1005852137 16.7954295335 16.8236966474 16.1445615153 15.8686374861 14.3881581897 14.4384945239 8.58064559393 13.6591077172 12.4415788781 12.3733875653 11.4729645879 9.20249994825 6.18095977566 6.20466097542 5.75979322042 5.70932046944 5.40720563955 5.3157329845 4.65795597793 6.24931771931 1.17278766983 1.44512462947 1.88775850905 1.45206571239 1.28388933878 1.50153141822 2.25807359753 2.89752402321 2.27859132472 2.02174677035 3.34900444241 5.84690865532 5.61365936989 5.52856175673 4.91280471474
-9999 -9999 -9999 -9999 -9999 -9999 -9999 -9999 -9999 -9999 -9999 -9999 -9999 -9999 -9999 -9999 19.2825933259 19.0924660785 17.5410906083 18.5368253859 18.4989040216 18.4919534129 16.7968894758 17.0457087096 16.7253062388 16.2750284704 14.9048753331 13.7866648332 8.31345857957 12.643419001 13.0075724262 9.72770871676 6.48792599402 4.44397289286 6.08580006451 6.33836323821 6.07644442284 6.26877748364 6.04033611877 7.66981959721 11.9393942968 11.6077024495 8.10653341254 3.00172246069 1.183084374 0.783462435914 0.576785032393 2.44608321284 2.12531155684 1.64096436421 2.35588161977 3.97674424388 2.93637035111 2.33264783038 2.85607502655 2.48031817039 2.34898254713
-9999 -9999 -9999 -9999 -9999 -9999 -9999 -9999 -9999 -9999 -9999 -9999 -9999 -9999 -9999 -9999 21.2886252511 20.2529976466 18.7424985509 19.7238889636 18.2588407187 18.1487030712 17.0870105203 16.9855847351 16.5551610524 16.8909788031 15.1795709827 15.0833204457 8.6382476792 12.0600087679 8.98421310252 6.65052762328 7.49189806971 5.36125017778 6.59935349223 6.22670193803 7.39977577087 6.33506008716 6.00173197536 6.22595617203 9.37929699061 8.78079589842 9.66569259111 7.15627952497 4.16478035624 2.63509670622 3.31667784101 4.71097791293 1.58654239549 2.01519797404 3.00218932515 3.19789911419 4.54249866316 4.87921727445 6.06735603418 4.23368978364 2.37403745119
-9999 -9999 -9999 -9999 -9999 -9999 -9999 -9999 -9999 -9999 -9999 -9999 -9999 -9999 -9999 18.8963186282 19.0368035672 19.4785628889 20.5412497149 20.0019096873 18.4603784367 17.6224532625 16.5536458521 16.7551733821 16.1155994461 16.5953303505 15.351473235 15.3532346179 11.1084387421 13.4259846095 12.9437345928 13.1006561375 12.7628782712 10.7700108932 10.3551475697 9.69849894066 9.30914086172 9.24720937754 8.21859317007 5.53369741662 7.09632382213 5.87423686114 3.5377104614 3.46030497427 3.3684035763 2.27026949458 5.28921826259 5.45436393118 2.73372632325 3.10219384492 2.33926989063 1.79742287808 2.06982131775 2.34862313928 2.69541577891 2.79809070531 3.28189431395
-9999 -9999 -9999 -9999 -9999 -9999 -9999 -9999 -9999 -9999 -9999 -9999 -9999 -9999 20.0811842848 19.5923550015 19.2783511258 19.1728109024 19.7818751889 19.9350231873 19.0459059101 18.9583942336 17.1733731672 17.1973443535 15.7106419318 15.9556680131 14.7712421898 14.6729415797 13.598553907 13.6377247527 12.4781383354 12.631554573 10.4942828766 9.51755186352 7.82183826366 10.338316007 10.9807202677 9.09094208527 2.31562048165 5.78315237327 6.53043621396 2.72585197103 2.31411857593 2.65766149524 1.46602034313 1.1529150933 3.32843299282 2.66388955141 2.95818686687 2.28422924819 2.03364992416 2.01267383346 2.24522049368 2.18615574331 2.09472238464 2.25122467668 2.46829801208
-9999 -9999 -9999 -9999 -9999 -9999 -9999 -9999 -9999 -9999 -9999 -9999 -9999 -9999 19.8923440199 20.3822849085 19.5756783198 18.7674687577 17.4979389571 18.0118320686 17.5021184278 18.2195586673 17.1053416451 17.179574186 15.4423486793 15.1826344133 13.9449909273 14.1668057441 12.817903766 13.779696805 13.1827965425 13.4781196742 10.5978112324 9.8342672734 7.88312248848 10.6139866686 9.9426827684 11.6786422004 6.91195828213 7.08034036762 8.59356907712 7.99707013657 3.29119924535 2.90420157374 2.37029062471 1.06622571585 2.33974299741 4.15991953098 4.62595074192 5.58754943982 5.57228929351 5.51295410628 3.88956936949 3.2970434632 3.88157752695 3.68120145277 2.65240330403
-9999 -9999 -9999 -9999 -9999 -9999 -9999 -9999 -9999 -9999 -9999 -9999 -9999 -9999 -9999 -9999 19.9551927175 19.8483941239 19.7043137059 19.548834755 18.7827108018 17.8429329238 17.7420582281 17.6424744524 15.7650412356 15.9218336642 10.8998357409 11.3770567809 9.43917762674 11.7404954233 12.2350757613 10.9117825146 9.96480813976 8.83018277297 8.79845126994 8.86668196827 8.87904853647 6.88485691336 9.05841196429 8.88224698889 5.31165278048 4.84457823878 7.88062691766 6.43741037443 1.4356976018 1.87628899418 1.57182051518 1.77669118511 2.82073932327 3.66298715882 3.573104741 3.71232853568 3.20705504114 2.67660943651 1.7715474732 1.88830185785 3.04392649429
-9999 -9999 -9999 -9999 -9999 -9999 -9999 -9999 -9999 -9999 -9999 -9999 -9999 -9999 -9999 -9999 20.2939434296 20.1812522833 20.0906125337 18.8896937881 18.5249308578 18.7526792232 16.6523419888 16.8955109054 16.5268642589 16.8013273208 13.7493379983 13.3772448731 11.7982659345 12.456477842 12.9182995772 12.482131499 10.5324009865 9.47349885273 6.89333205798 7.34337088101 7.33706487779 8.44237081723 5.53241533067 4.76149892763 5.65859921972 7.26394934036 7.30595988619 7.9091425608 5.06588313484 1.61500951751 0.594704721103 1.11303083763 2.50351389543 1.92092454895 1.52956450114 1.55499985365 1.21929347847 1.39220760198 1.31978830291 1.32945979814 1.29466716707
-9999 -9999 -9999 -9999 -9999 -9999 -9999 -9999 -9999 -9999 -9999 -9999 -9999 -9999 -9999 -9999 -9999 -9999 20.1368502544 19.3642086731 17.9284753992 18.4895679416 18.0645579307 17.2656149968 16.1871541737 16.4710339761 13.0788869353 12.9526488495 11.7021383492 11.9675210989 9.82639294557 8.92398182565 8.37947385847 9.08820075119 6.78071145298 8.21697280697 7.85717381796 5.93866077385 5.23731444816 6.57729695228 4.77002059044 4.24935825859 3.88846092929 3.85973853101 3.18582444721 2.79627648385 0.788741396946 0.803921049867 1.42788669924 1.43756760005 1.67308628429 1.8072521877 1.24419926164 1.27746234306 1.42510948158 1.52762536244 1.3975555087
-9999 -9999 -9999 -9999 -9999 -9999 -9999 -9999 -9999 -9999 -9999 -9999 -9999 -9999 -9999 -9999 -9999 -9999 -9999 18.3898048777 18.2538368571 18.5705956705 18.2401848933 18.6700993211 16.9785619615 16.673986128 14.6646025534 12.6972031611 10.0323002661 9.73297918265 9.4537284183 9.36505604324 7.85970550493 7.65732410912 5.62850454841 4.94450369115 4.51971742871 6.30165433664 5.31127415792 5.89293542503 4.3428264671 3.9800435758 3.22430827534 3.96775326951 3.86272937048 4.03735504903 2.13493894053 0.711842261034 0.51226820301 1.25074493664 1.15582127779 1.51922968601 1.17996060075 1.16868046471 1.35044943192 1.29227110089 1.01904569129
-9999 -9999 -9999 -9999 -9999 -9999 -9999 -9999 -9999 -9999 -9999 -9999 -9999 -9999 -9999 -9999 -9999 -9999 19.3951699756 19.755586361 19.7929450711 19.6655329624 18.3359557463 18.0282245644 16.7940743611 16.5481553126 14.3137802217 15.1532715686 11.2199646071 10.5613909457 9.93627704345 6.02227811768 9.05368311946 8.10115020994 6.83266275019 7.99398417286 9.08708159488 8.71722686017 7.73592290266 7.23229023414 6.21026646311 4.33681457319 3.69685354499 5.54108767781 4.33567828967 5.16080429882 3.58226573632 3.89499482534 2.03601847229 0.728772909224 1.66959483271 2.18577685079 2.45304500886 2.53786416934 1.83508294807 1.6112789725 1.39198032332
-9999 -9999 -9999 -9999 -9999 -9999 -9999 -9999 -9999 -9999 -9999 -9999 -9999 -9999 -9999 -9999 -9999 -9999 -9999 20.7461504459 20.5339217493 20.3316869948 18.6083265988 18.0670867388 17.4999721982 17.2718325357 14.7572341633 14.4995465359 13.7639294688 15.3915845328 11.3344981575 11.3773885435 12.47147347 9.02896838644 8.59071610545 7.53024781394 4.32010969997 3.67211512963 2.9864906287 2.98674602308 3.34096042283 4.6177140125 5.29586133464 7.11075275351 6.80773403323 7.84931633826 4.81704913402 3.5555550513 2.58390375397 1.21901429175 0.376837098903 4.77693231217 4.99932300243 4.13869801798 3.66934033613 0.795708031354 0.916953124267
-9999 -9999 -9999 -9999 -9999 -9999 -9999 -9999 -9999 -9999 -9999 -9999 -9999 -9999 -9999 -9999 -9999 -9999 -9999 -9999 20.0141778615 20.3380335035 18.6523049403 18.5508060935 16.7654833418 17.1147353637 14.6708805595 14.6517905333 14.8669189126 14.4689038482 13.4421725209 13.2678519555 10.3359381554 10.3748174801 9.1741794625 9.85072055347 6.67735943786 7.47891846105 6.98458920626 6.36513457837 4.69437131284 6.16465097894 6.01602389943 5.23590525841 6.71240702511 5.8137696973 4.62447364081 5.25209662825 4.21162231792 3.32871407296 1.95228212749 0.962500255785 0.41262224846 0.769100441345 3.55241577653 0.502369034361 0.489484971186
-9999 -9999 -9999 -9999 -9999 -9999 -9999 -9999 -9999 -9999 -9999 -9999 -9999 -9999 -9999 -9999 -9999 -9999 -9999 -9999 -9999 20.4352135905 19.3069883294 19.3216337793 16.2796699444 15.8611517805 14.6975781328 15.2022793619 14.4453799511 14.189059519 13.3672134795 14.2956108815 11.6025228694 9.15595700609 12.0190077826 10.6632555028 8.15544542781 6.15553608019 5.18810331301 5.66358411647 7.47238766451 7.87754870162 8.38587824739 5.80571753401 4.68694020101 3.56643712449 4.27986140581 4.73641635507 4.43629026485 5.51782155437 5.07968157411 5.1871094029 2.27328231844 0.853288079448 0.250023398492 0.316111197939 0.346988762852
-9999 -9999 -9999 -9999 -9999 -9999 -9999 -9999 -9999 -9999 -9999 -9999 -9999 -9999 -9999 -9999 -9999 -9999 -9999 -9999 -9999 19.6107540418 18.7650413464 18.7203121791 17.4441508544 17.3301160069 15.7888765222 16.0958188044 14.9100360342 14.5694948374 7.2374464437 13.6055338861 12.5252738449 10.6337320127 6.77155758174 7.7848435701 6.49038751932 6.56142705873 5.60233648622 6.9532641785 7.56214540958 7.23517201613 5.5200652656 5.26713381617 6.33521829011 5.99059419146 5.34872890785 5.19757103107 3.26672229716 3.4883538321 4.82461666589 3.61592439047 2.11381400769 0.540339787192 0.420996358997 0.269914079289 0.273801818198
-9999 -9999 -9999 -9999 -9999 -9999 -9999 -9999 -9999 -9999 -9999 -9999 -9999 -9999 -9999 -9999 -9999 -9999 -9999 -9999 -9999 -9999 19.0278549437 19.5716757755 18.5540182403 17.6783769063 15.9516788263 17.0431863653 13.6227579266 14.3278451253 14.5430743071 15.0360668162 11.7110933868 11.0839582294 11.21250988 9.33676548266 8.79889064288 8.24647437207 7.74541340081 7.62826775324 8.05658841044 5.38107054403 5.76980134061 7.44840943375 4.1227108275 3.69624947185 2.90389471732 3.63723668718 4.61151791671 7.29788217841 3.31219537671 4.88851225165 4.70012369001 0.855451893911 0.288855651513 0.254641743313 0.26839879743
-9999 -9999 -9999 -9999 -9999 -9999 -9999 -9999 -9999 -9999 -9999 -9999 -9999 -9999 -9999 -9999 -9999 -9999 -9999 -9999 -9999 -9999 19.2861663233 19.0457598011 18.1954799983 18.1592131678 16.6184477279 16.1928106699 14.3919272577 14.7319868817 13.2391263155 13.4698709999 12.7824625172 11.5958289447 9.49241773393 11.5459356214 8.72234868718 8.01984836052 8.97917901328 9.05315779245 6.13838269642 8.21312985266 5.88502910578 4.66781375972 4.05510927372 4.81803337254 5.70323580861 5.9895863859 3.37019240736 3.29111993352 3.09590574826 6.20515343653 0.588034731356 1.94224738735 0.714952296137 0.601729590604 0.39095624127
-9999 -9999 -9999 -9999 -9999 -9999 -9999 -9999 -9999 -9999 -9999 -9999 -9999 -9999 -9999 -9999 -9999 -9999 -9999 -9999 -9999 -9999 19.4167536804 19.6593712298 19.6902397645 18.4798049303 17.2518843957 17.7631895893 15.4543416609 16.470985878 14.4762567487 13.4686995627 12.1891882814 12.1980555809 12.2698810363 9.61906345634 9.03676457028 11.1733595728 9.8829493535 9.14746908551 8.91338329959 7.19381370582 5.00316948234 6.30397453487 7.5660488748 6.965325803 6.39666457449 5.5088869445 4.05671294649 4.06344675568 4.93871662911 4.03358119811 1.56205562591 1.71950840058 1.94322842584 2.24967828231 0.778327088444
-9999 -9999 -9999 -9999 -9999 -9999 -9999 -9999 -9999 -9999 -9999 -9999 -9999 -9999 -9999 -9999 -9999 -9999 -9999 -9999 -9999 -9999 -9999 20.115663786 19.812340164 18.7217795595 16.9091104096 17.043399609 15.1760329527 16.072435945 14.5473633599 15.221582527 13.9962894444 14.4073035977 11.2784689583 12.0650249701 11.8190844042 10.7440530368 7.38387691938 6.8038999217 5.06276270153 6.77005727777 8.36905595866 8.44171034015 7.10917245629 6.30568216187 3.51591336168 3.17759416039 2.92596825648 3.14279785236 2.45202290471 3.00380459785 2.99583358347 3.37487427019 1.04815304964 0.704922730463 1.89698085328
