data/recharge/transience/oldversion/mHM_recahrge_564.ASC
ncols   80
nrows    72
xllcorner    4374000.0
yllcorner    5656000.0
cellsize      500
NODATA_value  -9999
[rows 0 to 24 of 72, columns 0 to 56 of 80]
-9999 -9999 -9999 -9999 -9999 -9999 -9999 -9999 -9999 -9999 -9999 -9999 29.6823583344 30.7133949206 -9999 -9999 -9999 -9999 -9999 -9999 -9999 -9999 -9999 -9999 -9999 -9999 -9999 -9999 -9999 -9999 -9999 -9999 -9999 -9999 -9999 -9999 -9999 -9999 -9999 -9999 -9999 -9999 -9999 -9999 -9999 -9999 -9999 -9999 -9999 -9999 -9999 -9999 -9999 -9999 -9999 -9999 -9999
-9999 -9999 -9999 -9999 -9999 -9999 -9999 -9999 -9999 -9999 -9999 -9999 27.2576876755 27.3806337994 28.1581356427 -9999 29.8912336481 -9999 -9999 -9999 -9999 -9999 -9999 -9999 -9999 -9999 -9999 -9999 -9999 -9999 -9999 -9999 -9999 -9999 -9999 -9999 -9999 -9999 -9999 -9999 -9999 -9999 -9999 -9999 -9999 -9999 -9999 -9999 -9999 -9999 -9999 -9999 -9999 -9999 -9999 -9999 -9999
-9999 -9999 -9999 -9999 -9999 -9999 -9999 -9999 -9999 -9999 28.2126752133 27.6738766607 28.1423827039 26.2546148013 25.723665138 26.5427257831 27.1180007628 28.3680455769 -9999 -9999 -9999 -9999 -9999 -9999 -9999 -9999 -9999 -9999 -9999 -9999 -9999 -9999 -9999 -9999 -9999 -9999 -9999 -9999 -9999 -9999 -9999 -9999 -9999 -9999 -9999 -9999 -9999 -9999 -9999 -9999 -9999 -9999 -9999 -9999 -9999 -9999 -9999
-9999 -9999 -9999 -9999 -9999 -9999 -9999 -9999 -9999 28.075770592 27.3508131928 26.5165650068 26.0326394976 26.4142086005 25.4670354051 26.1281954591 26.8905174861 29.2661144622 -9999 27.6375162164 -9999 -9999 -9999 -9999 26.4471203341 29.0183247632 -9999 -9999 -9999 -9999 -9999 -9999 -9999 -9999 -9999 -9999 -9999 -9999 -9999 -9999 -9999 -9999 -9999 -9999 -9999 -9999 -9999 -9999 -9999 -9999 -9999 -9999 -9999 -9999 -9999 -9999 -9999
-9999 -9999 -9999 -9999 -9999 -9999 -9999 -9999 29.4876579453 28.6057506965 27.3048583731 27.0694102703 25.7687001097 25.6463079826 25.5731004833 26.1723703245 26.4350284571 26.5925074203 26.9729022647 25.9756123446 25.3698044831 25.934890455 -9999 27.4814316308 26.3671236428 28.4568846284 -9999 -9999 -9999 -9999 -9999 -9999 -9999 -9999 -9999 -9999 -9999 -9999 -9999 -9999 -9999 -9999 -9999 -9999 -9999 -9999 -9999 -9999 -9999 -9999 -9999 -9999 -9999 -9999 -9999 -9999 -9999
-9999 -9999 -9999 -9999 -9999 -9999 28.4757565094 27.9299507458 28.2221021915 28.214455671 27.9771008034 27.239958799 26.2231574909 26.3251933082 25.903106708 26.1120134724 26.4279929884 25.5768379937 25.4067803187 25.0939663267 24.9199629582 25.1502202145 26.116821081 26.9649924627 27.2224757706 27.9096099209 28.1660191288 -9999 -9999 -9999 -9999 -9999 -9999 -9999 -9999 -9999 -9999 -9999 -9999 -9999 -9999 -9999 -9999 -9999 -9999 -9999 -9999 -9999 -9999 -9999 -9999 -9999 -9999 -9999 -9999 -9999 -9999
-9999 -9999 -9999 -9999 -9999 -9999 28.0723044865 28.155446514 27.4622281193 27.0852369126 26.8929882859 26.6340513371 26.1309603081 26.5284059783 25.7568938443 25.1542591619 26.4628269417 21.2259585418 25.1726547573 24.8679862094 24.7686945553 25.7386573987 25.5408065749 26.0228099343 26.7832007319 26.2727683081 27.0260860323 26.8344922556 26.216511099 26.3072979363 26.0113540632 26.5602530802 -9999 -9999 -9999 -9999 -9999 -9999 -9999 -9999 -9999 -9999 -9999 -9999 -9999 -9999 -9999 -9999 -9999 -9999 -9999 -9999 -9999 -9999 -9999 -9999 -9999
-9999 -9999 -9999 -9999 -9999 28.9323517823 27.969888236 27.6854451788 27.6199889213 27.8119009589 27.4306097421 26.5587848109 26.2564980407 26.5857326468 26.3219261875 26.2716222551 21.107237337 11.3538130967 20.1901184121 25.3754444907 25.0047923022 24.9273479364 25.0042926945 25.0952338531 26.2964936604 26.6031248408 26.8819353377 26.8256631426 25.2815284523 25.4431592154 25.4190392824 26.1420860935 25.5427304069 25.6899550227 -9999 -9999 -9999 -9999 -9999 -9999 -9999 -9999 -9999 -9999 -9999 -9999 -9999 -9999 -9999 -9999 -9999 -9999 -9999 -9999 -9999 -9999 -9999
-9999 -9999 -9999 -9999 -9999 29.1286290881 27.0992392583 27.3966869793 27.094193671 26.919861816 26.6231450885 26.6833521474 19.6565443599 16.4358440923 26.5182790388 26.8039012766 23.3164029259 9.80265550247 17.1256532098 22.3870049498 26.3016154064 25.6215302915 25.5467183289 25.662014943 25.2304232062 25.3276107155 26.1125723289 26.0279416908 24.5764868809 23.946877795 22.9660346501 24.5247279259 24.7966787677 25.0150703747 25.3351526101 25.3901996463 -9999 -9999 -9999 -9999 24.4298977168 24.1410322919 -9999 -9999 -9999 -9999 -9999 -9999 -9999 -9999 -9999 -9999 -9999 -9999 -9999 -9999 -9999
-9999 -9999 -9999 -9999 -9999 28.9850832741 28.122491811 27.582855268 26.8866122093 27.5621704411 27.4833572237 27.392155178 26.3998714365 26.0016002494 27.0420636715 27.300433961 25.9102535207 27.6224107886 27.1066331622 26.318053064 26.2861629494 24.8402386621 24.88589642 24.8247127582 25.1956311994 25.5701190293 25.8193934575 25.4654362111 25.2902853538 23.0444983575 16.0859671809 20.534289971 24.3310304453 26.0025175309 26.1710549578 24.8649962965 25.0220247135 -9999 -9999 25.1989940439 24.5914759755 24.8607161874 25.372547521 -9999 -9999 -9999 -9999 -9999 -9999 -9999 -9999 -9999 -9999 -9999 -9999 -9999 -9999
-9999 -9999 -9999 -9999 -9999 -9999 28.9500296162 28.4671337003 27.2846140197 28.0564241663 27.5672016061 27.3125975779 27.5606421278 28.4422110725 26.7366873938 26.6206512168 26.6135566578 26.9607682557 26.4558344584 26.1063791347 25.9480417853 25.5407683238 24.8648463246 25.9611682412 25.4668317302 25.211940135 25.0339998847 25.3261420054 25.049374025 24.4890036046 22.6871295559 24.1868285234 24.6439785934 24.3063401921 24.106449327 23.9975359333 25.4467583704 25.8717527756 24.4965450652 24.1778056479 24.3451049229 24.9818572644 24.954667741 24.5582352577 -9999 -9999 -9999 -9999 26.3500523348 25.7836991272 6.70648939554 -9999 -9999 -9999 -9999 -9999 -9999
-9999 -9999 -9999 -9999 -9999 -9999 -9999 30.4697394791 27.5550245587 27.0743720603 27.678811963 28.3696748474 28.41130612 26.9735872537 28.0658675011 27.8576000468 26.9120553992 26.3498439307 26.1234959035 25.5369458755 25.3818356146 24.931402808 24.7304867228 25.6206675537 25.5681889575 24.7768221332 24.9792451952 24.7269034029 24.6370713187 24.6129237939 24.6895992797 24.2298057503 24.3711755622 24.0550690168 24.0783550131 24.4182490146 24.4088127409 24.9453230036 24.803187906 24.4390753186 24.7625705214 25.0291314408 24.5492129692 23.0197584812 20.7012190885 21.760645484 22.8062580704 21.3543861898 20.3778250491 23.6713502349 22.5611607129 19.4592142954 -9999 -9999 -9999 -9999 -9999
-9999 -9999 -9999 -9999 -9999 -9999 -9999 -9999 28.3509408505 28.4158423217 28.1752651297 27.8434149531 27.4618228674 28.3499339714 27.6414573116 27.7972499956 26.5134789746 27.1156570627 26.4579075683 25.8206517787 26.0047852231 25.9305156738 30.635020175 27.9478949029 25.6686657866 27.1537499897 26.6450407866 24.5151352086 23.8775199952 23.5835136829 23.286394286 23.4264437948 23.4937993739 23.5116003444 23.9700206131 24.3313505799 23.8160902955 24.0697200456 23.963918801 24.1218573122 24.8330009278 24.3738878564 19.4290050102 18.601306592 17.550649206 16.743976883 18.0878862708 17.0275634338 15.7041822081 21.3117638902 21.476883926 21.7981732225 20.1577411989 -9999 -9999 -9999 -9999
-9999 -9999 -9999 -9999 -9999 -9999 -9999 -9999 28.3673170757 28.620363005 27.9515592507 28.2474530788 27.8700119702 27.9856314116 27.8248211023 27.1692886966 26.5495475222 27.0082622637 25.9811100775 25.9060500631 26.4553346812 26.0220550381 34.6427828251 32.3757489275 28.6184161819 24.5765064393 27.5315844923 27.4984422773 24.7231252918 23.9502158428 23.4906783278 23.4677274678 23.5053990935 23.6140654746 23.6482254421 11.1924813159 24.2329323471 23.9315031646 23.6165521514 23.6450392491 23.4188281061 24.2595919071 18.7986026292 18.7378190251 16.7913047559 16.6899474024 17.9717989902 17.2448238841 17.2075216479 22.0838436203 21.3670142907 21.4146797494 20.4662883953 20.7660797172 19.3945838587 19.6817644134 -9999
-9999 -9999 -9999 -9999 -9999 -9999 -9999 -9999 -9999 27.2436529755 27.5575543864 28.4859431953 28.3824201687 28.6389109377 28.1796351259 28.1576043344 28.0633775687 27.2166084059 27.2866672058 27.6861328512 27.9981489195 27.6290185885 28.9377892605 41.7178347905 34.0108035817 32.0643865615 25.3108594639 23.6267781748 22.3263800929 23.7537611935 23.3011583189 23.3299075861 22.9238776206 22.340637436 22.499941197 19.8795595407 23.8247961907 23.7054494916 23.4510866495 23.2937813519 23.0413297106 23.1449721912 16.7549224005 18.1294769342 14.7606258737 13.5180044373 11.9330923466 12.3715771178 18.901820243 19.3927506102 18.9052973412 18.7207635326 18.488110964 19.3678183267 18.8686317434 11.5654291351 7.95062108573
-9999 -9999 -9999 -9999 -9999 -9999 -9999 -9999 -9999 -9999 27.6637686676 28.465781123 28.6014328266 28.9193362662 28.0830983231 28.0745918673 30.9685140696 31.0050599184 30.8437815498 30.6168088602 29.1342344011 28.4818101837 27.0934519268 33.1815323236 29.8146963367 32.4317757058 28.238188627 25.2870312371 20.1354424086 27.3892325323 23.433666206 23.3462841577 23.3053732389 22.9055624217 23.2802205822 23.3150256771 23.5684641717 23.6333275534 23.5182058439 23.5453500309 23.0442367596 23.1473587894 22.4591102898 16.9426343717 17.5745684684 17.7113338669 14.9317010386 13.3986959075 20.4070667037 20.3552505213 19.8670232812 19.4579887067 17.8777781585 18.9856589961 18.0306339333 10.766497534 7.8808502235
-9999 -9999 -9999 -9999 -9999 -9999 -9999 -9999 -9999 -9999 -9999 15.2102745729 20.2838554026 28.747231257 28.0862668055 28.7356164046 30.6669660938 31.0108778692 28.3624374739 27.8511614445 26.7134473982 26.8461981313 26.9284978906 26.397879734 27.6596997156 25.5182461374 25.6227549998 29.646903727 26.9541074724 23.3113542135 23.6469350211 22.913156912 22.0798009693 22.3234262602 22.8641135712 22.4248228655 22.7188166333 22.643998178 22.8974075869 23.0399634476 22.7025447841 22.3962417619 22.4671742685 19.716936023 13.7511783328 12.8477743818 13.250842308 14.2171980217 15.2981004097 19.2147724554 17.7538047859 18.8618711385 16.5607615576 16.0562373049 13.7248100871 13.4623451936 7.88317979698
-9999 -9999 -9999 -9999 -9999 -9999 -9999 -9999 -9999 -9999 -9999 14.6231087037 21.2700582696 27.742742611 27.7223201525 28.6039434908 29.1806710589 29.14855616 26.652347184 26.6100315145 26.8960276335 27.3310488307 26.9532762136 27.0936727957 26.1565969216 26.0668126766 28.4268195764 29.5234173226 22.9770444616 21.9859430791 23.2337656748 22.7523287565 17.1384044685 18.6987932837 19.5800765212 23.0191533448 22.5011283766 22.8531269095 22.5741264525 22.6989330768 22.3077400397 22.6891798909 21.877211566 22.071233809 20.2153582905 15.280512653 16.3342557451 17.6831810563 15.7254314974 13.1926477168 13.1039651515 13.1088661873 9.95885096178 15.7603342397 15.0592244405 14.4108394773 13.2453996842
-9999 -9999 -9999 -9999 -9999 -9999 -9999 -9999 -9999 -9999 -9999 28.7322747158 27.0560755618 27.0116268869 26.5610053102 27.3987110363 27.7875288325 27.4608588638 26.8212128234 26.5559564241 26.0776239369 26.1734096048 25.8871462864 26.057405881 24.8123789561 24.7602631893 24.3577722274 24.1723458059 23.9417380183 24.987030883 22.152997575 25.5945113521 25.9356687302 25.4778134507 17.0180801335 21.1714647591 15.3090522774 13.2615384947 21.8457062825 17.101037284 14.149835008 22.1893876111 22.0757451433 22.7796214368 23.2846565546 23.7916120853 16.0400494138 15.1208722728 13.8090036846 13.7419718047 12.2530903702 13.2952540764 13.2563011595 14.9252156748 15.3866317074 14.6616274574 13.0328512646
-9999 -9999 -9999 -9999 -9999 -9999 -9999 -9999 -9999 -9999 -9999 -9999 28.139139398 26.5335383119 27.0337628808 27.2077398769 26.8950039006 27.6196218533 26.7581561687 26.1804520586 26.597262718 26.052753638 25.4381244383 25.4464133421 24.8145234717 25.0678069285 24.5577020948 24.6628788538 24.062343041 23.8707618984 23.4784550501 23.5718952632 23.5006988143 19.9505875682 18.5380530289 14.1899820279 21.7732129047 13.7976736109 14.9706281161 22.0350776471 22.5367527113 22.0444230578 22.8296079162 23.46104923 23.6579352135 23.8085182103 19.3834617454 15.230763126 12.0600220935 12.9055639965 11.6898504269 10.464923482 8.98593957645 9.09500835422 7.08076724743 8.925400452 5.5058593477
-9999 -9999 -9999 -9999 -9999 -9999 -9999 -9999 -9999 -9999 -9999 28.9104777616 28.7568431633 27.7105360083 27.3208786685 16.4901261629 23.3977131888 27.0074762956 26.2870944447 25.6114389202 25.4416673832 25.3529779442 24.6668968711 24.9574358985 24.7585041247 24.7239673287 24.1298446617 23.6792069263 23.1808487004 22.9630378303 21.7370982679 21.9070004573 21.0483160341 20.9649765128 21.1429088243 16.4860666931 15.1915660576 10.9060924147 10.5345703705 17.9242865961 21.1377797429 20.3686904362 23.1684318736 24.1805280912 24.6850856399 24.451887985 23.3800736212 20.7450324699 14.2147521813 14.3367637671 10.335356477 7.84349962044 6.46400617168 6.50841708429 5.53717219419 6.04957724343 7.12467667059
-9999 -9999 -9999 -9999 -9999 -9999 -9999 -9999 -9999 -9999 -9999 29.4771628913 28.8446709753 28.110571248 27.3143353676 20.8247418121 25.9899083429 27.3296285612 26.3832601789 26.5065084813 21.4730973801 22.2717976547 25.2825485568 24.9843278499 24.849876632 25.1027317965 16.4319061155 17.5123478835 22.5574330489 24.0785981993 22.8483100076 21.9987806819 20.9268801319 20.9680517576 20.9792213965 13.3454780602 12.3979284176 15.5263277246 11.5925658372 14.5288448559 20.3630731526 20.4033381674 22.9290755295 23.4234993168 24.1638239968 23.9420193159 23.0014898759 23.1178015906 20.7235511329 18.5303079166 10.2180169075 10.5428413194 8.63395043176 8.28045962795 7.15922546664 6.68622367674 4.77790187671
-9999 -9999 -9999 -9999 -9999 -9999 -9999 -9999 -9999 -9999 -9999 28.5007385617 28.3469955603 27.5624948104 27.3440930974 27.1813932961 27.5134106672 28.1044259645 27.1223540272 26.9961649204 22.1765963724 10.2639319289 22.0329511061 24.6246764949 18.7546398065 18.7600060791 19.8425866598 21.4065117754 20.0779922403 20.954071398 19.944526788 22.3943015661 21.1791449359 20.9354678994 18.3368960094 9.30906722226 8.06404020926 6.15478060564 10.1584285663 8.82853882353 20.3672466449 21.089807083 21.6095897816 20.476221365 21.0209136323 21.1313768428 21.7029013006 21.73379498 19.9591178953 19.6872704228 11.0265879091 9.6351219368 6.01085899988 5.31021958722 4.55296333171 4.89152383049 5.33880782558
-9999 -9999 -9999 -9999 -9999 -9999 -9999 -9999 -9999 -9999 -9999 -9999 29.1319574314 27.7866177446 27.4366694585 28.3272514407 28.3117075567 27.9338500979 26.5394190397 26.7381141727 26.9453707232 26.9740501978 23.0837330884 19.6475519188 18.0721891227 17.9127489129 15.5460869509 16.0053782283 14.572501976 13.5950165468 11.5696988891 16.7222443037 19.2091781669 19.6363954027 17.8843438652 11.4053845378 9.35490848222 7.25056204769 11.5008843319 12.5341743477 20.2735419435 20.0893142654 21.7495543697 20.8307586077 21.2607584599 20.933887573 20.9901189664 21.235247077 19.3430302348 19.8237860351 16.3641197923 9.44256683039 8.19813584764 8.39056574005 5.06972822483 5.33158761326 4.742505755
-9999 -9999 -9999 -9999 -9999 -9999 -9999 -9999 -9999 -9999 -9999 -9999 29.7377344098 28.0894873797 28.6490310842 30.9105349546 28.9930182554 28.9346565077 27.7378415948 27.5102946719 26.3578608375 26.517374434 26.0552214558 22.9815137153 21.5557024231 22.1482999004 22.4467041435 19.776320831 15.9434999988 17.8602338957 14.5256353862 15.1956553293 20.5227450733 20.9326715089 14.1836303421 12.2287591155 17.5426338427 11.5576822259 14.7007954345 12.5014438337 16.923180154 18.0169787308 17.3417607515 17.2588424437 17.4527486249 16.9424163617 16.6182768434 16.7556307464 14.4662522382 15.5475854615 13.2161197058 12.0891331856 9.1298547089 3.82409767455 2.54423221546 3.22862142799 2.21609259297
