data/recharge/transience/oldversion/mHM_recahrge_353.ASC
ncols   80
nrows    72
xllcorner    4374000.0
yllcorner    5656000.0
cellsize      500
NODATA_value  -9999
[rows 26 to 51 of 72, columns 0 to 56 of 80]
-9999 -9999 -9999 -9999 -9999 -9999 -9999 -9999 -9999 -9999 -9999 -9999 -9999 21.1377174396 20.6195457313 20.6265247261 19.9369529287 19.7949808647 18.1848873268 17.5915973086 16.5646112977 16.9475137283 16.2134192261 13.5534862757 16.4121687842 15.7449861601 13.2900348747 12.0107949515 10.9573072991 11.534580218 9.86077197066 9.50699570614 10.5674255564 9.11602016719 6.97245215649 4.73398634303 9.28913411122 7.70097530808 7.24471301598 5.14074690261 4.47553305241 5.48933473517 3.67700168593 5.00871354354 5.66357356693 6.96848601489 7.99764644546 7.69376420283 5.39247465441 3.3910084003 2.80284320426 2.95787325139 3.28562848978 4.17752214202 4.58317677985 2.68033388009 2.75247553759
-9999 -9999 -9999 -9999 -9999 -9999 -9999 -9999 -9999 -9999 -9999 -9999 -9999 -9999 20.9121132522 20.5066607442 19.1803119161 19.2119454673 18.1735702602 18.5981663319 17.0837816026 17.578049807 16.2261877375 16.1465002864 14.9536346162 14.6543717473 14.6263400766 16.0404595127 12.015675203 10.4210939604 10.2437310562 13.0782223156 12.3644522596 12.2863060178 8.04528982419 7.15368830494 9.18818683669 6.31324431305 5.50779456438 5.1966419816 5.12660732149 4.93433478648 5.2049622524 4.17225430554 3.1462217267 3.60518069151 3.00264336996 3.31195251993 2.7429017096 3.22467410669 3.12766430939 2.42314473823 2.34665602776 3.92858187106 4.99413049617 7.86012109669 8.47093019308
-9999 -9999 -9999 -9999 -9999 -9999 -9999 -9999 -9999 -9999 -9999 -9999 -9999 -9999 5.90952256076 13.0594061297 19.0683757394 19.8769329899 18.9965352362 19.0863281892 18.3641032734 18.0066956361 16.315473544 17.4176012401 16.8136162129 17.4414020061 14.5467985281 14.1219255979 14.1379899022 14.9877649696 11.1905020605 6.02386033005 12.4978015617 18.5261280687 10.3222006154 6.92138681127 9.08153086941 4.80301356267 5.09766880582 5.1898067816 4.43769991506 4.75917839745 4.45488697061 5.01228642696 4.15744846424 3.44046209683 2.82206749318 3.16027195736 3.85186331103 2.96472419833 3.63925150732 4.14116010192 4.68223196173 7.2211265385 8.36262885904 9.33049241161 11.332993128
-9999 -9999 -9999 -9999 -9999 -9999 -9999 -9999 -9999 -9999 -9999 -9999 -9999 -9999 9.00363632206 13.6191860095 19.43568754 20.8880632111 19.6443134514 19.4083315789 18.2591364944 18.4720524066 17.7510246304 17.0990494811 15.9757701997 15.4669897679 14.9798267678 14.7748466456 13.2404084561 13.8333941268 13.0774809158 12.5184814559 11.9316794356 15.3834050469 18.3336841162 6.39585787168 7.97063139649 8.69882035384 4.15905817528 4.72222551909 4.10050070719 4.66817653951 3.99423678669 4.10877020603 3.15547936721 3.51851967533 2.60652285819 3.49494243173 5.7850332503 6.56256125665 5.68471378203 3.48959086008 5.5604804717 5.14862683509 4.53746783535 5.14070974175 5.16410871493
-9999 -9999 -9999 -9999 -9999 -9999 -9999 -9999 -9999 -9999 -9999 -9999 -9999 -9999 22.6557776488 21.798955943 20.8352960078 21.5666183295 20.4171925276 20.359621921 18.8113517331 18.5760514306 17.3879028917 17.6686978892 16.4276009944 16.7666258705 15.1968559977 15.6040836839 14.4469898717 14.0444279023 13.6031901072 14.1083829122 13.2481804677 9.64895313042 7.02706723631 7.08497278392 6.29836331137 12.3277296779 5.32059315044 7.30091708285 5.39801202616 3.8380691154 3.11686440536 3.35610041878 2.8160869714 2.95639983904 4.85403348275 5.5275194764 10.6291681624 11.8779281079 8.87819459343 9.95256476493 6.69375325869 6.71944566586 6.09827764534 5.2113233808 6.13010660859
-9999 -9999 -9999 -9999 -9999 -9999 -9999 -9999 -9999 -9999 -9999 -9999 -9999 -9999 -9999 21.2968678712 20.3537593986 20.3043347231 19.3573782766 18.4220095516 18.0475875285 18.3811735312 17.5095736021 17.6169313509 16.4837419206 16.4733469886 14.9069127234 15.0602711973 7.94947235907 13.8176780582 12.4844917413 12.4320340028 11.4374624053 10.3745098492 7.45356562472 7.50446220494 6.97471058427 6.86961749865 6.54274457256 5.14353056727 3.90671539564 5.48658701843 1.97094396248 2.26511549788 2.67567199684 2.40819253028 2.13810921409 2.4272518097 3.49743313754 4.28327806732 3.29161401698 2.94750554909 4.61422932487 7.22652494315 7.12096095239 7.02902161019 6.45421852386
-9999 -9999 -9999 -9999 -9999 -9999 -9999 -9999 -9999 -9999 -9999 -9999 -9999 -9999 -9999 -9999 20.5345953296 20.5673505677 19.1016279886 20.6520508379 19.9307577717 19.9909168204 17.743625819 17.6241664804 17.2374330923 16.6278495244 15.2561775079 13.6211693719 7.49756975888 12.4898885727 13.9788232149 9.29592791909 6.98798307601 4.76583606777 7.37660991718 7.91204513972 7.61166644828 8.02978191244 7.79193251832 10.0314997018 14.3563507248 13.6589716138 10.5403102122 4.3074737139 1.99613860969 1.42924076851 1.10867189491 3.73788518941 3.07972500024 2.38290037269 3.45017881006 5.20541575243 4.21211905916 3.49706957102 4.22142174115 3.77702847325 3.70616718721
-9999 -9999 -9999 -9999 -9999 -9999 -9999 -9999 -9999 -9999 -9999 -9999 -9999 -9999 -9999 -9999 22.521685211 21.7860530559 20.6566434882 20.9757734629 19.1574328131 18.9268378286 17.7974156763 17.7544189921 16.8665953379 17.308155843 15.5499102976 15.2677733736 8.13450106806 11.6250927536 8.14264091917 5.88058481596 6.76734729159 4.89471318256 8.29797755721 7.67357867357 9.51557366211 8.17796797736 7.7073195139 7.76495473353 10.680303379 8.83755908276 11.346257089 9.54855872473 5.9550978787 3.95334588409 5.06022366461 5.4278932592 2.32202822538 2.92819504188 4.19124964838 4.40018552487 5.88543167465 6.23925226445 7.71020417794 5.70981022595 3.74019593689
-9999 -9999 -9999 -9999 -9999 -9999 -9999 -9999 -9999 -9999 -9999 -9999 -9999 -9999 -9999 20.6709010084 20.4404674578 21.3923789762 21.6987172587 21.2207596237 19.4791742453 18.8635286801 17.5812296807 17.595777537 16.6697347673 17.1855877728 15.8823997634 15.9818471287 10.6736048919 13.514024862 13.5689034351 13.7661860362 13.5130304121 10.386438075 9.81168003773 11.6727718979 10.8585474442 13.4482558666 11.4153672526 6.6476805377 8.75474920327 7.62476387104 4.98060825705 4.88385246715 4.92303492027 3.4740266506 5.47373930366 5.53653675072 3.7412769311 4.26936669582 3.47498333044 2.71318771989 3.18726712046 3.56980090755 4.10016454494 4.22215967594 4.91389947023
-9999 -9999 -9999 -9999 -9999 -9999 -9999 -9999 -9999 -9999 -9999 -9999 -9999 -9999 22.0985589321 21.4671276143 20.7405711229 21.0599734551 21.2422260844 20.9915805313 19.7823634222 19.9546530178 17.9958000264 18.0880055198 16.3249649883 16.4676965301 15.226128954 15.3656010798 14.0731167206 14.1166055879 12.9593927043 13.1653610118 11.4063317849 10.8009426395 9.71539366597 13.4532104552 11.4671450904 8.92044160079 3.60692459505 7.73936032418 8.18231661365 3.93645623488 3.4361713583 3.87391016319 2.39071989263 1.96340610947 4.89408092377 4.08150477912 4.12699764859 3.33170819015 3.06697317163 3.03593082536 3.43324239225 3.34953134989 3.31193100562 3.53199797813 3.82155141433
-9999 -9999 -9999 -9999 -9999 -9999 -9999 -9999 -9999 -9999 -9999 -9999 -9999 -9999 22.3805329707 22.7941943488 21.80024859 21.1989980584 19.204659057 19.7511616892 18.7110204611 19.5171054867 18.0926852634 18.255868192 16.4705987049 16.1588100302 15.0165014301 15.4723787893 14.5853045915 14.5753553627 13.9341053709 14.6542183144 10.7668699763 10.0402560749 8.48349089026 11.961900552 12.7992029173 15.1041574603 9.07884039052 9.28747850086 11.2917673599 10.5246366365 4.74985789743 4.25304833219 3.6273982554 1.85019335955 3.65409839216 6.09825087684 5.91516038822 6.75707726064 6.91800330717 6.86204662396 5.34876763562 4.71712108578 5.50467264726 5.2894309995 4.23683939689
-9999 -9999 -9999 -9999 -9999 -9999 -9999 -9999 -9999 -9999 -9999 -9999 -9999 -9999 -9999 -9999 22.1611093879 22.8461622144 22.2061483506 21.9283484958 20.5016284488 19.2459329014 18.8738269229 18.7995597043 16.8347003139 17.0065504334 11.7275090389 12.1643075838 10.483978312 12.9013150902 13.5630786564 11.466726834 10.1806377078 9.13404729232 9.02219194117 9.08594719369 10.2532459911 8.80589974294 11.4999428903 10.6279579974 6.64597218002 6.30862568948 10.2507962215 8.44814064105 2.3586533037 2.95960849561 2.58390732105 3.11022480513 4.05683325517 4.83094393813 4.85990293329 5.00261482238 4.61350162549 4.00563549491 2.88114052767 3.06558666947 4.70478265816
-9999 -9999 -9999 -9999 -9999 -9999 -9999 -9999 -9999 -9999 -9999 -9999 -9999 -9999 -9999 -9999 23.7242730393 23.5628621391 22.8980703317 21.0657069709 20.3490939241 20.6498382712 17.9404028072 18.1751233282 17.6595759787 17.9631993505 14.6917250885 14.3671288481 13.1506991415 13.6070735748 13.7600350817 13.3350172351 11.1541611868 9.76000846047 7.37283492276 7.75614818157 7.64713086035 8.57163642083 6.07534152815 5.33449260507 6.21015264815 7.65767779113 6.59952980871 7.67454191864 6.93328978874 2.59583007009 1.14235893523 1.99808496831 3.62036907808 2.81082246408 2.33334061143 2.36954044408 1.98195058339 2.24771823726 2.25091294875 2.26358882543 2.2859902447
-9999 -9999 -9999 -9999 -9999 -9999 -9999 -9999 -9999 -9999 -9999 -9999 -9999 -9999 -9999 -9999 -9999 -9999 22.9691522646 21.7480605738 19.7373774172 20.3308171343 19.8238233242 18.753993057 17.2815493271 17.7535489022 14.1755543551 14.7102770789 13.1946217635 13.131672683 10.8631678178 10.0350359345 9.32477652718 9.75293809258 7.27090343016 8.48517542347 8.07981453446 6.45326054276 5.81142744372 6.99390614008 5.38035963538 4.84863047278 4.49821380341 4.46799659357 3.85934984533 4.06014932789 1.46585410734 1.48673638279 2.49477369534 2.26153408398 2.59447464342 2.88568418054 2.02440690016 2.07788179735 2.42295497111 2.58495127592 2.46124717842
-9999 -9999 -9999 -9999 -9999 -9999 -9999 -9999 -9999 -9999 -9999 -9999 -9999 -9999 -9999 -9999 -9999 -9999 -9999 20.923570374 20.2033512899 20.5059392586 19.6026928549 20.1901287826 18.0408823423 17.7292791554 16.4686167449 14.7760301781 11.4739739371 11.1970403756 10.6670891481 11.1895651328 9.16592639503 8.74474755422 6.50373280616 5.76218349558 5.27408229271 6.77125605849 5.88608198797 6.37484738093 4.91692627419 4.53689061792 3.74999767871 4.60105769894 4.63135997602 4.81517578071 3.31722283243 1.3298710168 1.00102930997 2.18692749685 2.0604886363 2.35618397895 1.95057506773 1.93330986959 2.33264954202 2.23699126103 1.89268857701
-9999 -9999 -9999 -9999 -9999 -9999 -9999 -9999 -9999 -9999 -9999 -9999 -9999 -9999 -9999 -9999 -9999 -9999 22.1067526626 22.6762152546 22.2751284564 22.0718249047 19.7049920818 19.2040773558 17.838948263 17.6186308558 15.6865483431 16.9319671777 12.5793955251 11.9782006613 9.26054077282 5.90186804724 9.54004480801 8.93569327819 7.4081532945 8.42729376259 9.24652612112 8.91533283653 8.01782093816 7.55986013618 6.68032282303 4.91317720482 4.31267415829 5.2627473083 4.96109444037 5.27895288317 4.46653731548 5.65243466948 3.28693909581 1.3820275891 2.84005873208 3.79223027519 4.23378303617 4.02040856888 3.1382163349 2.75410884787 2.53178356992
-9999 -9999 -9999 -9999 -9999 -9999 -9999 -9999 -9999 -9999 -9999 -9999 -9999 -9999 -9999 -9999 -9999 -9999 -9999 23.9641037356 22.9428859638 22.6058314265 20.0332735108 19.4754200503 18.5289179313 18.315306245 16.0368839472 16.2429221555 15.5885852145 16.7661932176 10.9226852118 10.9336605415 13.0937847363 9.60323857108 8.77308707767 7.58052311505 5.10774862011 4.52646202336 3.77012985038 3.77393058584 4.02249682577 5.162946697 5.47267632925 6.26501761833 6.21953704726 8.03265869697 5.72244106157 4.545042484 4.01110623532 2.08315625605 0.759117674215 6.25272746639 7.20659149003 7.37581972036 6.61144602673 1.593833625 1.78258895245
-9999 -9999 -9999 -9999 -9999 -9999 -9999 -9999 -9999 -9999 -9999 -9999 -9999 -9999 -9999 -9999 -9999 -9999 -9999 -9999 22.1265869633 22.6092098212 20.0783125933 20.1926281132 17.6185824822 18.1138719629 16.1503341227 16.4258630586 16.0832501672 15.5718336833 14.2785548048 14.0744855107 11.2649006544 10.1535548434 8.02090825347 9.11351823425 7.07647641964 7.71395827434 7.23262856652 6.71613555149 5.26320829264 6.58489109002 6.53254040738 5.82676689777 7.3160183174 6.47885607096 5.52322802898 6.15104069178 5.5091544394 4.99195849486 3.25641773618 1.80804001311 0.84848953365 1.46737752688 6.04711801579 1.10102594116 1.12969303703
-9999 -9999 -9999 -9999 -9999 -9999 -9999 -9999 -9999 -9999 -9999 -9999 -9999 -9999 -9999 -9999 -9999 -9999 -9999 -9999 -9999 22.4688890698 20.6540150354 20.7120966627 17.3586511119 16.8871789634 16.0662579063 16.9433001957 15.3316647289 15.0785064297 14.5397847608 15.2280236718 11.8592829909 8.00045101417 11.5956754489 10.6469886892 8.17999120361 6.76297655636 5.75665359263 6.02870485321 7.55498447696 7.88205600769 8.44881182296 6.24148716743 5.31115427237 4.09233285568 5.04674978586 5.52532804832 5.43778037428 6.55638142262 8.20325045884 6.45997754279 3.64983933144 1.66127794982 0.541341320603 0.684500617578 0.798689739647
-9999 -9999 -9999 -9999 -9999 -9999 -9999 -9999 -9999 -9999 -9999 -9999 -9999 -9999 -9999 -9999 -9999 -9999 -9999 -9999 -9999 21.2810954505 19.9111002765 19.8264047799 18.8829540516 18.7133312838 17.2064976688 18.1876317184 16.3512488486 15.1801925143 6.60472610831 13.9283709633 13.1457682983 10.9979692554 7.29152880937 8.071583284 6.83326008123 7.16119382352 6.2071368816 7.28698114917 7.62032303829 7.35830106159 6.00706569006 5.76957286503 6.83436390119 6.52236368012 6.11223803535 5.9695779963 4.21301154362 4.39399117398 6.85021693157 4.95158018153 3.41390418424 1.05128517765 0.917525155384 0.584211688306 0.629577804068
-9999 -9999 -9999 -9999 -9999 -9999 -9999 -9999 -9999 -9999 -9999 -9999 -9999 -9999 -9999 -9999 -9999 -9999 -9999 -9999 -9999 -9999 20.204068302 20.9739017152 19.6337088454 18.5209601607 16.8285575516 18.3984527477 14.9310023643 15.4716892587 15.6581380057 16.0466086209 12.1254158084 11.1150554384 10.8838326145 9.30090442083 8.91006810313 8.46857274404 7.9863055831 7.82108292484 7.93336646915 5.74649865458 6.13074540488 7.50888194341 4.63260836815 4.15019445918 3.55119938072 4.41315782344 5.71058069811 7.51742010935 3.85717562207 6.42582917059 7.50286917579 1.62357765833 0.62011261471 0.547360113658 0.614218232298
-9999 -9999 -9999 -9999 -9999 -9999 -9999 -9999 -9999 -9999 -9999 -9999 -9999 -9999 -9999 -9999 -9999 -9999 -9999 -9999 -9999 -9999 20.5658058082 20.2256759287 19.2566778834 19.1357432047 17.4130065124 16.8206280035 15.3340877162 15.7061526884 13.949447396 14.1513932351 13.107292461 11.5084002518 9.41846654097 11.1609086894 8.60849830028 8.26346767262 8.91971722029 8.74600411802 6.39749280533 8.06155466099 6.22522584488 5.10822111584 4.58995161292 5.35623843547 6.55472970715 6.63031676421 4.10864428995 4.00598610242 3.99821061166 8.3343657663 1.18383500766 3.26828413994 1.46639624503 1.26974017206 0.894198698896
-9999 -9999 -9999 -9999 -9999 -9999 -9999 -9999 -9999 -9999 -9999 -9999 -9999 -9999 -9999 -9999 -9999 -9999 -9999 -9999 -9999 -9999 20.5447242454 20.8832434343 20.5642246992 19.1324800664 17.9293991666 18.043316526 16.3455269198 17.0834891396 14.9028311569 14.0047502266 12.5361972533 11.9823363537 11.7036048813 9.48399116571 8.82550471191 10.5601146661 9.33635211574 8.76450746086 8.54791711178 7.18189411568 5.35904749266 6.49720563716 7.63022590234 7.14576072969 6.86712571208 6.07173833092 4.84558517406 4.85463656925 6.07125435713 5.09364847793 2.68129714323 2.87689299905 3.39080584129 3.88150164228 1.63410380358
-9999 -9999 -9999 -9999 -9999 -9999 -9999 -9999 -9999 -9999 -9999 -9999 -9999 -9999 -9999 -9999 -9999 -9999 -9999 -9999 -9999 -9999 -9999 21.5015671398 20.8110737378 19.3534782942 17.6919807489 17.7673077661 16.2271685813 16.6641530734 14.9500487669 15.603192363 14.087636315 14.1891918856 10.8432330819 11.5260876772 11.1110992152 10.1944909126 7.37756408868 7.02611156757 5.38206551162 6.83627050217 8.15136670867 8.21211706561 7.27108012831 6.60379700991 4.01693882499 3.62235792279 3.52876431529 3.78207548783 3.16023646118 3.83729142898 4.24617401241 5.30107589223 2.00443881356 1.40037960903 3.55314522461
-9999 -9999 -9999 -9999 -9999 -9999 -9999 -9999 -9999 -9999 -9999 -9999 -9999 -9999 -9999 -9999 -9999 -9999 -9999 -9999 -9999 -9999 -9999 20.0907536233 20.4303759899 19.8743537348 18.4463246108 19.440043164 17.0810536313 17.7819181037 16.21936513 16.7112776438 14.9317630428 14.4463256215 12.1265930381 11.7975010802 10.4267399842 9.51719475097 8.49868281665 7.3150401613 9.96533270698 9.99504433512 9.3210358297 7.44629128389 5.63021134574 6.0279720871 6.72101889944 7.07985035412 5.81624426888 5.68021793235 6.42300758234 6.66564436903 4.55605197031 3.72063114312 3.61279891158 5.35806756723 3.90768256693
-9999 -9999 -9999 -9999 -9999 -9999 -9999 -9999 -9999 -9999 -9999 -9999 -9999 -9999 -9999 -9999 -9999 -9999 -9999 -9999 -9999 -9999 -9999 -9999 21.0047027124 19.9044007609 18.5387096804 18.3987496629 17.0375758253 17.6610926689 15.6175677142 12.2067777448 14.0641244497 14.6371844136 13.7016126506 10.3839028821 8.85589915678 11.0263402393 10.3604846904 11.0586703497 10.6212306188 7.46225846936 5.86730300293 6.91147478007 7.67532223903 7.14310539769 5.32504661118 6.42709017863 7.15470597409 6.19650986748 4.7547215297 3.627536698 3.64466298823 7.46386100931 5.43029434637 3.95013982439 4.26237140379
