data/recharge/transience/oldversion/mHM_recahrge_477.ASC
ncols   80
nrows    72
xllcorner    4374000.0
yllcorner    5656000.0
cellsize      500
NODATA_value  -9999
[rows 25 to 49 of 72, columns 0 to 56 of 80]
-9999 -9999 -9999 -9999 -9999 -9999 -9999 -9999 -9999 -9999 -9999 -9999 9.76686224606 9.79434647562 9.02578796474 8.48993228203 6.73170140434 6.76046325458 5.68365848646 6.37949424849 5.46659988319 5.67637046975 4.90178971577 3.8100756148 4.61749338707 4.83045505003 5.53948254252 5.18529576889 3.44583017991 3.06987467019 2.69797977852 2.51343079872 2.34205986225 2.38984111266 3.93296592774 4.40943419152 5.85577737585 4.49134240552 3.37630400843 2.34151264451 1.97873697002 1.46477759299 1.85804521202 2.37216257423 2.29701851924 2.34267132136 2.34532331433 2.33392218499 2.2888120955 2.44355836426 2.2792781906 1.67877214443 1.50756880642 1.26206609127 1.55402400723 1.39449082313 1.39846082365
-9999 -9999 -9999 -9999 -9999 -9999 -9999 -9999 -9999 -9999 -9999 -9999 -9999 9.22648834555 9.36981405449 9.59600501359 7.88419500655 7.51353546832 6.24524573117 5.82145754543 5.39841343187 6.12814238903 6.14008929199 5.17441052181 4.55949809572 3.77773073283 4.16095643971 3.25970007468 3.2082031265 3.45572033286 2.93018933252 2.72786832319 2.67052077895 2.55879136645 4.72796504279 2.05152335819 4.38636332837 3.63144648356 2.83665375219 1.85634582389 1.63732542593 2.07019406819 1.47172587236 1.46437400989 1.32781068875 1.53939643041 1.93100055142 1.86191098273 1.22695105238 1.01722218631 1.14328809103 1.27640432117 1.43530783406 1.43383776843 1.4081171586 1.59438367003 1.18374028957
-9999 -9999 -9999 -9999 -9999 -9999 -9999 -9999 -9999 -9999 -9999 -9999 -9999 -9999 8.2919020016 8.37101956165 7.29754315082 6.8978770069 6.22659020293 6.56036819438 5.55325566386 6.40621739351 5.91162600194 5.1817347701 3.82113016594 3.76226900547 3.90086614996 4.30703887753 3.3967337964 2.97957092739 2.95489205802 4.10360394072 3.29491184682 2.99915416187 3.73563127337 3.09724882031 4.16506250419 2.50286234093 2.70310225976 2.21175072278 1.90634214579 2.26582049132 2.06021298611 1.67086614621 1.28529741031 1.47978446802 1.75325040747 1.9270101889 1.44114876991 1.41905018544 1.35157336953 1.03468897511 1.00989687236 1.64652478077 1.37021063289 2.41504762402 3.26687650428
-9999 -9999 -9999 -9999 -9999 -9999 -9999 -9999 -9999 -9999 -9999 -9999 -9999 -9999 2.47549005779 5.44672222598 7.73778364334 7.16234975362 6.29987732096 6.56715950625 6.10656920615 6.32577586712 4.9572075504 6.10857831125 5.34994253361 5.42399907181 3.54872010667 3.81175471175 4.04711310001 4.09497725645 2.94619498511 1.72055130777 3.22825345979 3.99028358994 4.01558175693 2.57015692283 4.21973789546 2.32182882247 2.01579186738 2.01009117109 1.46664589746 1.64408781791 1.64629230951 1.91629725255 1.72123492159 1.43010823154 0.781085298616 0.982020475774 1.29934786403 1.62500080908 1.60076667992 1.80252729567 1.99139739583 1.74368539295 2.19939948527 3.12001214387 5.044062533
-9999 -9999 -9999 -9999 -9999 -9999 -9999 -9999 -9999 -9999 -9999 -9999 -9999 -9999 4.66210478188 6.70299887475 8.44030897861 7.64762655219 7.1076292677 7.03802682741 6.10009684161 6.41355294074 6.01214692997 5.50387572964 4.46851784688 4.17989635894 4.28728792671 4.51509068202 3.51643140518 3.86376576519 3.47338825308 3.31357090935 2.96675742804 3.73139438847 6.2154791997 2.248505877 2.9445873312 5.84692172199 1.19427104211 1.80273768985 1.45776919391 1.67437412089 1.46315225012 1.5092140769 1.29226476677 1.46286551896 1.15325255465 1.54948666771 2.39927517707 2.81211746366 2.85020551191 2.23919605136 3.04736249331 2.86560329737 2.59971310088 2.78273635422 2.13803021987
-9999 -9999 -9999 -9999 -9999 -9999 -9999 -9999 -9999 -9999 -9999 -9999 -9999 -9999 10.740537398 9.82483187387 9.40731957514 9.05552684951 8.07891004954 8.87235938546 6.60622667508 6.30597991874 6.0283848257 5.55088003993 4.15009061356 4.49735481145 3.7933141701 4.82173322061 4.00996134689 3.73554111651 3.52493043727 3.85961184577 3.38603701805 2.62408813391 2.32569578099 2.34442164589 2.09679297879 4.47932774307 1.76229307881 2.43992571233 3.04020056052 1.95082101978 1.13420016135 1.23479947134 1.08445767911 1.20162068117 2.06792414177 2.74635830294 4.50023568786 5.01854837258 3.96999656634 4.18585938824 3.10853930726 2.71261633235 2.34804968431 2.04351618983 2.25090582466
-9999 -9999 -9999 -9999 -9999 -9999 -9999 -9999 -9999 -9999 -9999 -9999 -9999 -9999 -9999 8.89536600738 8.5167812053 7.99596305683 8.28320100482 7.46201774118 5.56403879381 5.57832354839 5.62186520069 5.65806803639 4.14563196797 4.56491655392 3.73201149767 4.08905028785 2.76360786462 3.70913030791 2.98552204138 2.9113751144 2.59211433673 2.86029294457 2.46264631284 2.47927750765 2.30517679799 2.27251394539 2.16480753597 1.94686009303 1.52506855723 2.29917385103 1.3669430704 1.27713439897 1.18566393102 1.4300156487 1.56307992501 1.69151683536 2.06558739033 1.95445487762 1.30537072755 1.15706107902 1.85407445708 2.73748119134 2.67541157124 2.64687120135 2.35776200634
-9999 -9999 -9999 -9999 -9999 -9999 -9999 -9999 -9999 -9999 -9999 -9999 -9999 -9999 -9999 -9999 7.95627517756 6.92420090771 6.95173126954 8.22656016737 7.31471269868 7.12218352272 5.23546801814 4.43320430733 4.26593573139 3.9794072856 3.30385023033 3.08244021627 2.24427223634 3.76879242406 4.12945328753 2.86070260383 1.91390821587 1.310189233 2.31377534812 2.49003057421 2.40037072492 2.53808470864 2.4588247024 3.23700991542 5.31241685493 4.74824140863 4.47315342943 2.5981969655 1.42161271551 1.11876156781 0.968249298764 1.77507739413 1.25134113696 0.945935679476 1.37990568041 2.06340855247 1.63064412405 1.3393028648 1.60239705586 1.42335632465 1.36345172451
-9999 -9999 -9999 -9999 -9999 -9999 -9999 -9999 -9999 -9999 -9999 -9999 -9999 -9999 -9999 -9999 7.76036598538 7.99614049629 8.07218453704 7.38230396377 6.07983734737 7.06094118504 5.99008680309 4.79823455901 4.17674609617 4.55902975881 3.55567758727 3.46948624802 2.37377766577 3.20249229038 1.92466656427 1.59603459955 1.87273652241 1.56582374273 2.49305021727 2.41045012568 3.03876398543 2.52080856052 2.43123454012 2.47095530316 3.92498719266 2.91574180901 3.91571944505 4.32540024047 2.91417916288 2.18945196976 2.87452959427 2.17521370095 1.10789644393 1.18444777387 1.68304555808 1.76420288525 2.24200861911 2.36111979899 2.80228673311 2.15202874281 1.37727595151
-9999 -9999 -9999 -9999 -9999 -9999 -9999 -9999 -9999 -9999 -9999 -9999 -9999 -9999 -9999 5.36572109361 5.46265449872 5.94180631717 6.84712185399 6.67727226261 5.91182618543 5.96172837109 4.95735520678 4.48726770099 3.72656354827 3.98590123507 3.46037553588 3.58314763856 2.59761319415 3.43624628825 3.16916036157 3.25162643763 3.18230010029 2.13909746262 1.92247695465 2.51889501871 3.60967016166 3.6998946615 3.78824897439 2.01032319132 3.55760707115 2.78339289529 2.23089806861 2.19882496312 2.39144496498 1.89483168985 1.61132945595 1.66621893455 1.89816134711 1.76219050881 1.40312600803 1.06885141088 1.21987505142 1.38212366758 1.55048222314 1.59907572201 1.87108764128
-9999 -9999 -9999 -9999 -9999 -9999 -9999 -9999 -9999 -9999 -9999 -9999 -9999 -9999 6.29324556138 5.88032610076 5.67143190463 5.1182432058 5.47964791264 6.25049264341 5.4141518479 5.95862664007 4.65583772462 4.82775469882 3.73798137218 3.56084921008 3.07492350748 3.36484434958 3.41601068612 3.41391001553 2.85566295578 2.9182316748 2.20844146204 2.53138624179 3.96839131707 5.7799429755 2.97915163602 2.68393990354 4.08928758126 4.51502486773 3.87369976464 1.82719107537 1.7189482418 1.86515691886 1.49323920277 1.30547197728 1.49663589238 1.91834271299 1.70664192033 1.375529838 1.22522569977 1.21159597871 1.32445516777 1.28926341169 1.22585675875 1.31758819235 1.38535637064
-9999 -9999 -9999 -9999 -9999 -9999 -9999 -9999 -9999 -9999 -9999 -9999 -9999 -9999 6.40351569441 6.7045233717 6.05015031053 4.55297114751 3.87802853593 3.84263738712 4.31392238897 4.9920922602 4.37869972434 4.62526248914 3.58200730521 3.08304744163 2.46956454897 2.67305405354 2.62220697264 3.3260590697 3.15957642265 3.01267803635 3.26186323711 3.10920117236 3.46515657333 4.32041415085 4.19357980592 4.93195018244 3.22071778377 3.29004159919 4.13560278433 3.87645636213 2.12201488863 1.96138956192 1.88720018838 1.2135972622 1.98485447246 2.52830296671 2.2615293881 2.55044842329 2.59221816705 2.5739543773 2.09452790932 1.86174335519 2.15508630379 2.07877000843 1.63643060752
-9999 -9999 -9999 -9999 -9999 -9999 -9999 -9999 -9999 -9999 -9999 -9999 -9999 -9999 -9999 -9999 6.16294596104 6.31648344858 6.29601868137 6.18066028113 5.03933300619 4.50097728701 4.97062951038 4.99480028111 3.79549838952 3.29357500814 2.03722131834 2.17625226056 1.88322797104 2.78053606014 2.84465722843 3.04665016175 3.00651116458 2.57996686849 2.75044407292 2.77562336187 3.23816238328 2.94643415002 4.00993327973 3.85840068311 2.64520476338 2.60440404314 3.80183103375 3.33302341955 1.43636070205 1.66130448074 1.60982973436 1.52325165611 1.56245768149 1.87664420051 1.87709194563 1.93022764382 1.82230178896 1.58298328581 1.10494678127 1.18573649004 1.82935526625
-9999 -9999 -9999 -9999 -9999 -9999 -9999 -9999 -9999 -9999 -9999 -9999 -9999 -9999 -9999 -9999 6.51431767144 6.21415997789 6.08661505107 4.60542592777 4.80553743266 4.83804198943 3.80102797369 4.08896748682 4.10413371985 3.6880032678 3.02267909019 2.86563021619 2.66999871473 3.03395395313 3.41386280952 3.21994308777 2.66659736404 2.60141871328 1.97696769602 2.11929342439 2.24268881078 2.62449840901 1.90823723425 1.78841578087 2.28911776274 2.86490532045 2.0366531672 2.65885233798 3.05015644452 1.46640398529 0.868664825201 1.2983151449 1.40457732537 1.05753788973 0.867245470665 0.884367376601 0.749824408167 0.886682413594 0.918329663529 0.925912288447 0.881422494652
-9999 -9999 -9999 -9999 -9999 -9999 -9999 -9999 -9999 -9999 -9999 -9999 -9999 -9999 -9999 -9999 -9999 -9999 6.16945858432 5.17395562046 4.16436922609 4.74429672552 4.62532646107 4.76110685699 3.87379421225 3.57567161371 2.70374840798 2.83698316482 2.82536585925 2.84029376423 2.25982261943 1.99755825293 1.94485916098 2.24399002843 1.9412028947 2.41095304104 2.41985667289 1.7879344277 1.71526370965 2.45194309342 1.94229778631 1.71922963229 1.58439428003 1.57277960189 1.55459904113 1.86875185381 1.06201358475 1.08193764451 1.56238304697 0.876524795669 0.974977224895 1.06726547611 0.770328408328 0.797008798367 1.01061898992 1.0986760398 0.969986857569
-9999 -9999 -9999 -9999 -9999 -9999 -9999 -9999 -9999 -9999 -9999 -9999 -9999 -9999 -9999 -9999 -9999 -9999 -9999 4.00869534707 4.11895209371 4.47556032513 4.24333138821 5.72215830124 4.31539104234 4.08676956819 3.08272431991 2.74944977171 2.16845680622 2.08214859668 2.14156964079 3.33473586624 2.24456866564 1.75604713305 1.43753408797 1.35329371261 1.31019001988 1.84786795898 1.71161447713 2.08747405132 1.74101073074 1.58410381215 1.35629397704 1.71147027724 1.8623142809 1.94496441479 1.68128850785 0.964057588517 0.818878924293 1.4924072374 1.04197506189 0.935264880233 0.758313067733 0.749063577157 0.982475418733 0.929411681881 0.734977585078
-9999 -9999 -9999 -9999 -9999 -9999 -9999 -9999 -9999 -9999 -9999 -9999 -9999 -9999 -9999 -9999 -9999 -9999 5.2893378034 5.8066107215 6.01575195668 5.8455291209 4.56988893994 4.63834963797 4.19181459495 4.19418939369 3.52415460424 3.19259380848 2.54619047103 2.32809184027 2.30498302047 1.55518895991 2.98971033978 1.90175975134 1.86494791629 2.20501877028 2.64231608513 2.52468653514 2.41490558416 2.37436772829 2.46283387035 1.73887577636 1.68366810283 1.6400066278 2.04135797554 1.73461511589 2.22318844529 2.69429422738 1.89883108046 1.08083553859 1.4997519785 3.40408097862 3.02744750233 2.3746161467 1.63593534365 1.21669010449 1.09427032988
-9999 -9999 -9999 -9999 -9999 -9999 -9999 -9999 -9999 -9999 -9999 -9999 -9999 -9999 -9999 -9999 -9999 -9999 -9999 6.78755692584 6.68572888688 6.32736237554 4.71989412152 4.65003070191 4.63312476103 4.55704357333 3.26685419329 3.74459179641 2.86442563524 3.48255241466 2.78972041438 2.75427902233 2.68934336571 2.28983653831 2.55253332082 2.30912908398 1.20621296023 1.0282713073 0.929994091664 0.930449629946 1.15877523291 1.7596192093 1.67854471835 1.73950591285 1.88076060077 2.71446647586 2.40981495041 1.90719820402 2.19245787492 1.42866963026 0.558883782116 0.934131517948 1.76329277317 1.80840367592 2.94960588003 0.826129646061 0.69866780752
-9999 -9999 -9999 -9999 -9999 -9999 -9999 -9999 -9999 -9999 -9999 -9999 -9999 -9999 -9999 -9999 -9999 -9999 -9999 -9999 5.48557817024 6.08138746877 4.79605960092 4.54133794729 3.84924440016 4.37299698322 3.30685211704 3.90657995153 4.28074604257 3.86576022152 3.18880418463 3.05658030596 1.81486874539 2.97540193195 2.29367653433 2.39507590215 1.89042578372 2.1606334091 2.15408401388 1.97723728588 1.58827822187 2.14780756077 2.49250660626 2.23084884238 2.93736318106 2.59961591758 2.32483361331 2.59105828125 2.44595833964 2.56146963486 2.02751409652 1.3409055857 0.764748197334 0.674250624917 2.04626829776 1.22682862662 1.05601488875
-9999 -9999 -9999 -9999 -9999 -9999 -9999 -9999 -9999 -9999 -9999 -9999 -9999 -9999 -9999 -9999 -9999 -9999 -9999 -9999 -9999 5.75208460728 5.16497111681 5.16843852504 3.65770280462 3.3260220285 3.28066739501 4.13370878497 3.73183180125 3.52191728887 4.57289703208 3.8414438021 2.37526849157 2.19724610015 3.49407245523 2.92693446636 2.33655328406 1.69764753107 1.56411629993 1.67182261596 2.41602132235 2.55637909016 2.99755653305 2.3146679867 2.0336944663 1.50682071818 2.02996995675 2.24236528338 2.3279852553 2.80129091398 3.91804396595 2.54360924591 2.0085799131 1.29807231386 0.438585880791 0.613245669155 0.752424654564
-9999 -9999 -9999 -9999 -9999 -9999 -9999 -9999 -9999 -9999 -9999 -9999 -9999 -9999 -9999 -9999 -9999 -9999 -9999 -9999 -9999 4.71427110053 4.43393326245 4.45085871511 4.34575063572 4.97032167855 3.97905848301 3.50485709253 3.17536901896 3.91918636705 1.97758568097 3.37802058775 2.65672534177 2.6694721799 1.6790615248 2.0553348178 1.80535375729 1.70371447305 1.53541923725 2.09898959614 2.44630653064 2.33455743357 1.89426757387 1.94896687263 2.68709348584 2.55757155862 2.49785449775 2.43639632137 1.75432592389 1.94492307803 1.83372819566 1.14323162248 1.53557583919 0.778551277003 0.851874351267 0.492472643748 0.558895507856
-9999 -9999 -9999 -9999 -9999 -9999 -9999 -9999 -9999 -9999 -9999 -9999 -9999 -9999 -9999 -9999 -9999 -9999 -9999 -9999 -9999 -9999 4.73229746089 5.60533309635 4.82538747507 4.6740323332 3.77265240091 3.7109392601 3.05415529424 3.18125209391 3.14902574603 3.33785743572 2.63138959587 2.9041927484 3.21801471474 2.46879629413 2.45014811225 2.22671936314 2.08174826873 2.21437498515 2.47909477249 1.6001124498 1.87946902597 2.45912297368 1.65577222707 1.51793343991 1.28671582304 1.62524632438 2.22525628285 2.25438923249 0.970105792607 1.63111918764 2.44179908318 1.30171807639 0.51050255871 0.422372363577 0.508827561049
-9999 -9999 -9999 -9999 -9999 -9999 -9999 -9999 -9999 -9999 -9999 -9999 -9999 -9999 -9999 -9999 -9999 -9999 -9999 -9999 -9999 -9999 4.96953326021 4.78238028171 4.56445116524 5.29917091107 4.19922735483 3.17262331813 3.44204199174 3.60052915351 3.15749172001 3.26156254491 3.19598872174 3.20455054308 2.52561898438 3.36830763589 2.42529556395 2.20322913601 2.6683736977 2.68730361204 1.84222117018 2.53406036859 1.918421453 1.49533645626 1.45593224814 2.01348620403 2.58034159272 2.70303322227 1.65191157532 1.52536498423 1.55686612506 2.20889457723 1.00757602192 2.00681800486 1.25009923828 1.11433089174 0.812933720571
-9999 -9999 -9999 -9999 -9999 -9999 -9999 -9999 -9999 -9999 -9999 -9999 -9999 -9999 -9999 -9999 -9999 -9999 -9999 -9999 -9999 -9999 4.87727334162 5.44143870858 5.71496083557 5.41777550304 4.24103534545 4.19455654446 3.63290696188 4.29289556727 3.53536300642 3.07383969175 2.7624602226 3.17751750397 3.52118266176 2.418298712 2.40174625149 3.23466465712 2.83826006786 2.56346391638 2.72343366026 2.12863424982 1.59204087635 2.03907027684 2.65306731128 2.53820386908 2.77844408064 2.42949735269 1.99699133562 2.00083620703 2.63230917685 2.1970267307 1.73922247457 1.81745631217 2.0313994728 2.17471324408 1.30602884023
-9999 -9999 -9999 -9999 -9999 -9999 -9999 -9999 -9999 -9999 -9999 -9999 -9999 -9999 -9999 -9999 -9999 -9999 -9999 -9999 -9999 -9999 -9999 5.85259533402 6.26404597178 5.60552217338 3.90962865528 3.95366349514 3.4876238471 4.05505598612 3.57491095812 3.92778361909 3.51820864974 4.07163854979 3.06740792033 3.42288457705 3.52292636711 3.05311969716 1.98465892444 2.07523964704 1.45030494626 1.99090016243 2.75375718763 2.79115503133 2.48808779891 2.19460941134 1.40899409023 1.32757084335 1.36234515154 1.48520805042 1.22967121905 1.5755552959 1.86481567532 2.69908727504 1.47686362668 0.95749547034 1.90354565251
