data/recharge/transience/oldversion/mHM_recahrge_197.ASC
ncols   80
nrows    72
xllcorner    4374000.0
yllcorner    5656000.0
cellsize      500
NODATA_value  -9999
[rows 0 to 24 of 72, columns 0 to 56 of 80]
-9999 -9999 -9999 -9999 -9999 -9999 -9999 -9999 -9999 -9999 -9999 -9999 9.00215176778 9.35346364533 -9999 -9999 -9999 -9999 -9999 -9999 -9999 -9999 -9999 -9999 -9999 -9999 -9999 -9999 -9999 -9999 -9999 -9999 -9999 -9999 -9999 -9999 -9999 -9999 -9999 -9999 -9999 -9999 -9999 -9999 -9999 -9999 -9999 -9999 -9999 -9999 -9999 -9999 -9999 -9999 -9999 -9999 -9999
-9999 -9999 -9999 -9999 -9999 -9999 -9999 -9999 -9999 -9999 -9999 -9999 13.7125719987 11.5679013167 10.1710460844 -9999 10.8699385421 -9999 -9999 -9999 -9999 -9999 -9999 -9999 -9999 -9999 -9999 -9999 -9999 -9999 -9999 -9999 -9999 -9999 -9999 -9999 -9999 -9999 -9999 -9999 -9999 -9999 -9999 -9999 -9999 -9999 -9999 -9999 -9999 -9999 -9999 -9999 -9999 -9999 -9999 -9999 -9999
-9999 -9999 -9999 -9999 -9999 -9999 -9999 -9999 -9999 -9999 11.0193811887 11.1339171597 12.2843100912 12.6619186955 9.70374425776 8.65756137104 7.47934708594 7.6143444911 -9999 -9999 -9999 -9999 -9999 -9999 -9999 -9999 -9999 -9999 -9999 -9999 -9999 -9999 -9999 -9999 -9999 -9999 -9999 -9999 -9999 -9999 -9999 -9999 -9999 -9999 -9999 -9999 -9999 -9999 -9999 -9999 -9999 -9999 -9999 -9999 -9999 -9999 -9999
-9999 -9999 -9999 -9999 -9999 -9999 -9999 -9999 -9999 11.2089865526 11.1105691646 10.8511136917 10.5470555648 11.1511202688 9.96699497757 9.48107760592 8.48652135767 10.5969824342 -9999 10.9272461542 -9999 -9999 -9999 -9999 9.43555615536 10.0348697641 -9999 -9999 -9999 -9999 -9999 -9999 -9999 -9999 -9999 -9999 -9999 -9999 -9999 -9999 -9999 -9999 -9999 -9999 -9999 -9999 -9999 -9999 -9999 -9999 -9999 -9999 -9999 -9999 -9999 -9999 -9999
-9999 -9999 -9999 -9999 -9999 -9999 -9999 -9999 15.5275416632 13.5950925014 11.0391744054 10.4975857963 9.82227942187 8.98888190502 9.04310367532 8.51471425997 7.95621920816 7.84332734802 7.44276174691 8.48608837092 8.54838584206 9.14011794796 -9999 8.54462191593 11.1325922648 10.9102445406 -9999 -9999 -9999 -9999 -9999 -9999 -9999 -9999 -9999 -9999 -9999 -9999 -9999 -9999 -9999 -9999 -9999 -9999 -9999 -9999 -9999 -9999 -9999 -9999 -9999 -9999 -9999 -9999 -9999 -9999 -9999
-9999 -9999 -9999 -9999 -9999 -9999 13.6894014748 12.1165475217 11.6719131385 12.2580867438 12.6187158091 12.7189405356 11.033801031 10.3816819025 8.860796944 9.67849619655 8.34359348244 7.83000941977 8.32378234888 8.36858800734 8.25501950308 8.84316048533 8.61918437712 8.61982031161 9.59691179075 9.23530198358 10.1307082027 -9999 -9999 -9999 -9999 -9999 -9999 -9999 -9999 -9999 -9999 -9999 -9999 -9999 -9999 -9999 -9999 -9999 -9999 -9999 -9999 -9999 -9999 -9999 -9999 -9999 -9999 -9999 -9999 -9999 -9999
-9999 -9999 -9999 -9999 -9999 -9999 14.2972216538 13.3066830182 10.8466581849 10.4447282069 9.54014885296 9.73707897557 9.31669019476 8.9607570597 8.22479488542 7.15158070496 7.33675790487 6.9690391933 7.86623175545 6.74441315602 7.35361547632 8.7324969503 8.24816464912 8.39463722397 8.43615788098 7.85394553237 10.2922329832 10.9874888751 11.3463429239 10.6197666627 13.6428466973 13.4707913274 -9999 -9999 -9999 -9999 -9999 -9999 -9999 -9999 -9999 -9999 -9999 -9999 -9999 -9999 -9999 -9999 -9999 -9999 -9999 -9999 -9999 -9999 -9999 -9999 -9999
-9999 -9999 -9999 -9999 -9999 17.5332302076 14.8599176365 14.7780154549 13.3841098451 14.2253461985 13.0511159409 11.7098531518 9.10061310398 9.79430897008 9.14189343271 9.12609258099 7.32141649135 5.22051226383 7.65375287296 6.92376534434 7.40134330461 7.06726699226 7.71138919019 8.02929265844 8.7618561863 9.20105554664 9.9065272969 9.67461769689 10.830912622 10.5337342077 10.6897442159 11.3537297992 10.631392834 10.1450547376 -9999 -9999 -9999 -9999 -9999 -9999 -9999 -9999 -9999 -9999 -9999 -9999 -9999 -9999 -9999 -9999 -9999 -9999 -9999 -9999 -9999 -9999 -9999
-9999 -9999 -9999 -9999 -9999 17.7792840151 15.7160154902 15.8138357884 13.6265344505 12.6586680502 11.9716893196 12.7196986838 8.75671230313 7.66792166135 11.283733289 12.4911831628 8.68534935834 3.80788065079 6.25658912377 6.76142829486 7.4126984276 7.67533489115 8.91517329101 8.50439298109 8.17191445772 7.37004795171 8.42928021657 7.61339756462 8.93566206467 9.25121045734 9.32430562658 9.30614867111 9.92834429367 9.38467860176 9.94428472161 9.26908379607 -9999 -9999 -9999 -9999 8.68142021824 8.23084538171 -9999 -9999 -9999 -9999 -9999 -9999 -9999 -9999 -9999 -9999 -9999 -9999 -9999 -9999 -9999
-9999 -9999 -9999 -9999 -9999 16.6482614943 14.8267379774 15.2486613421 14.2478258023 15.0374055833 13.5930792982 13.012427297 11.4112784204 13.0171963181 12.2501875097 10.7017125137 9.39447406112 11.1833803133 9.63586360465 10.2214363803 8.82587633441 7.30986634079 7.11675499281 6.74315669654 7.96143253398 7.71071570694 8.05299393608 7.11301477346 9.42569978335 8.62556938083 6.32048817229 8.33770833868 9.77042349901 9.63642432419 9.18096721782 9.76456619476 9.36479721844 -9999 -9999 9.12066014252 9.50523553174 9.06310654483 9.94857520469 -9999 -9999 -9999 -9999 -9999 -9999 -9999 -9999 -9999 -9999 -9999 -9999 -9999 -9999
-9999 -9999 -9999 -9999 -9999 -9999 17.414326827 18.6563684969 15.3447609543 14.6843376012 12.6716797923 13.7604019118 14.2892506458 14.7812781145 10.2296166762 9.23377194721 9.67127581535 9.37630082141 8.07508305148 7.83201987401 8.18651080663 8.58985252246 8.07196191016 8.81591273906 8.02172159325 7.04817029137 6.25740895607 6.87515824008 7.15549419652 7.13677060791 7.60365379916 8.22415648091 8.06000298488 7.75310538757 8.17842488991 8.59124568868 8.5881886363 7.46983493379 8.63283842895 8.31043629111 7.88681447541 9.73934729387 7.45915982055 6.20222747369 -9999 -9999 -9999 -9999 8.53650889085 7.57125137862 2.0129215537 -9999 -9999 -9999 -9999 -9999 -9999
-9999 -9999 -9999 -9999 -9999 -9999 -9999 17.0210396742 14.1670774855 15.8624323095 15.112914018 13.8593173659 12.2590904736 10.9374010129 10.7105396484 12.5904568009 11.5814773275 11.0999270603 10.6492615842 9.04578898366 7.62205399718 7.67624563278 7.56952216905 7.67079057352 7.24684926927 6.35699448295 6.49217551332 7.07714832433 7.25287620375 6.96692107957 7.78151692961 7.67139109938 8.22990649348 7.6985530803 8.86331324255 8.77759323262 8.70708681819 8.66648272541 8.3992178022 8.37429296899 7.29503896859 7.01397594664 6.7483923759 7.09444272634 6.21619795576 6.88060526946 7.1992149778 6.24866944187 6.00398854301 6.0222186417 5.4802986086 4.23672821993 -9999 -9999 -9999 -9999 -9999
-9999 -9999 -9999 -9999 -9999 -9999 -9999 -9999 13.2066604058 12.6177760235 13.6865083557 14.9728553886 13.5975488484 14.6001201123 13.1744847842 12.2815524004 9.6204997994 9.67860835626 8.06839426478 9.0942581351 11.2517284827 10.8160081433 10.0951687516 10.596393027 10.280057237 10.2385924491 6.86839738536 6.35763645464 5.75677309046 4.93045984079 5.69595000654 6.05605992392 6.39925857691 5.95227603786 6.94713867271 7.2220102255 7.44381581001 7.86140747797 7.02132696909 6.87902054036 6.88345774491 6.7772793028 6.23455021495 5.72620038613 5.4575076941 4.98821262849 5.47669607751 4.86716352699 4.47411749216 4.61028779766 4.22987515518 4.60336780164 3.7411334752 -9999 -9999 -9999 -9999
-9999 -9999 -9999 -9999 -9999 -9999 -9999 -9999 15.823180443 14.1452029624 12.7564649778 12.8434748294 12.1602550381 12.0758048485 10.4389560993 10.1875020433 9.56702119358 10.1861175121 9.10800534994 9.83672533717 10.7684962993 10.5754821064 12.256951806 14.3723819486 12.3649246907 9.69065939754 10.7386560842 8.25667312598 6.2338934997 5.04199076227 5.07581183828 5.6387478677 5.36460957407 5.73049190397 6.83655845042 3.61790157283 8.25334316408 7.50290831511 6.99898041981 6.82211626575 6.48070152157 6.36732351565 5.83034731191 5.80983698985 5.00818502263 4.95086708715 5.40997310501 4.99338937515 4.64019777612 4.67170635156 4.43171974051 4.46278434204 4.19524235838 4.72828817662 3.79969285603 4.20579188442 -9999
-9999 -9999 -9999 -9999 -9999 -9999 -9999 -9999 -9999 17.3887872684 15.1304706038 12.4967309924 12.4789068148 13.1303431315 12.179085481 12.3775861216 13.4020917962 14.0025544073 14.018489177 14.100432515 12.9590720897 10.5602788602 11.2302475194 18.514559385 15.2697028711 13.3132046132 10.0832207173 8.96649056354 5.48444664646 5.28799919425 5.10788235768 5.37217820745 5.19286399678 4.40687359374 5.45503475979 5.81489446815 6.66585585944 6.1508460382 5.63083778934 5.72244638401 5.33919303727 5.54506586787 4.69097217988 6.33055793949 4.71301119691 3.97460074141 3.46250629222 3.43155138606 3.33301079074 3.22660887845 3.30166694871 3.13814896909 3.28521871957 3.66071707751 3.99019208583 3.33536710523 2.69087574473
-9999 -9999 -9999 -9999 -9999 -9999 -9999 -9999 -9999 -9999 13.7808384238 13.7828996953 12.1362293686 12.7234665814 11.3452591421 10.5480821569 10.8294361948 13.2195615162 11.5833294774 9.92782805854 9.20990912336 8.94507130295 7.71083908073 10.6274341129 11.8173038183 13.3547731746 11.6646627857 10.1643280576 7.86291936018 6.64612892082 5.19397658284 5.23171625913 5.95045124009 5.08320457615 6.49553515562 6.01492875891 6.4343722272 6.15845580173 5.69822034822 5.74899623081 5.74086578553 5.74735374047 4.92514763318 5.46973127685 6.70270502062 6.60664913167 5.31694731052 3.87819138265 3.77071168175 3.68968975111 3.99161246019 3.78353822099 3.10800583422 3.65701996641 3.16378500706 3.33287113448 2.64149471983
-9999 -9999 -9999 -9999 -9999 -9999 -9999 -9999 -9999 -9999 -9999 8.92538525928 8.92115858054 11.984973975 11.2315027592 10.5125399237 10.8565750748 10.7167233655 8.61470752788 9.23504384248 9.92017315077 9.80355464168 7.72293742315 6.37095618639 6.83466785231 7.61481441902 9.37142564517 12.2677237826 11.2195761597 5.30067187345 5.63234013864 5.09995586105 4.88108724473 5.11504172159 5.23687751276 4.47392045885 5.15972775532 5.10431020305 5.24681216446 5.24189687185 5.59442770264 4.96002785009 4.95464045481 4.31596375633 3.97482356287 3.7646725134 4.33701214318 5.08053562693 3.9354044136 3.45351637469 2.97911290837 3.56330761962 3.4600798427 3.03719143009 2.42009011399 2.51149729575 2.15280973609
-9999 -9999 -9999 -9999 -9999 -9999 -9999 -9999 -9999 -9999 -9999 7.3221117461 9.83342600011 10.7044573561 11.2688955248 10.670951495 9.34728937397 8.65899175436 9.09131467579 9.20667549359 9.02585755712 10.2595963661 7.65127374889 7.1781144362 6.89268984084 7.77746797864 7.89947781924 9.8683323709 9.05445052316 8.76607119998 10.4810600081 9.73877560906 6.04277532624 6.78722787127 5.4035655288 4.54633496586 5.12759845402 5.26158658327 5.03900061627 5.19784418914 5.97396694253 6.18113716322 4.51268431948 4.61350127942 4.35801984073 4.85403420182 6.44618192337 7.5530055166 6.77869434989 4.6016167275 5.31106726461 5.02298988099 3.38898358829 3.78382253534 3.45306860212 2.89423050205 2.53935370643
-9999 -9999 -9999 -9999 -9999 -9999 -9999 -9999 -9999 -9999 -9999 15.7321508371 14.1620152397 13.369855531 9.75988043852 10.5974144936 9.19336855631 7.60497650636 7.64161708774 8.12088650114 7.94327152549 8.16651035997 7.0324214511 6.03653179097 5.41186312376 5.25574783914 4.88127234897 4.73314076935 5.05472290959 5.71198891285 6.80979859529 9.93819288626 11.5917670903 11.0997556137 6.67367802654 5.28107266945 6.11577846125 4.69355471291 4.13285435486 3.12071320839 2.95405193061 5.09473917904 5.81667260491 6.8047433826 7.2442178879 8.34498784021 5.91029115502 5.20815039838 5.07238374254 5.22711822145 4.4257094917 5.06421194345 5.31161192452 6.0586294035 4.72768240612 3.09300597239 2.27575451462
-9999 -9999 -9999 -9999 -9999 -9999 -9999 -9999 -9999 -9999 -9999 -9999 11.2685216682 12.6795086266 11.6279997189 10.6513974261 9.46519936886 8.73952644341 7.6781517672 8.3417085613 8.26215271831 7.68579400652 7.22809387787 7.25646686225 5.6603571966 5.83513325622 5.01283982596 5.25981413923 4.85449489624 4.53208855847 4.51841704165 4.83417874101 4.67434959354 5.79313683665 7.62224245755 1.96864135151 6.69656951472 5.38685786973 5.06996874129 4.71640386027 5.2697542361 5.16662185758 7.53794287187 8.82844093994 9.22099375949 8.78298804978 6.28082757742 5.29334509463 3.7880221701 4.41101951967 4.09396615265 3.32988394271 2.73116444455 2.77673715655 2.55470872576 2.98650014298 1.02600004774
-9999 -9999 -9999 -9999 -9999 -9999 -9999 -9999 -9999 -9999 -9999 14.4153174265 13.9843413545 15.1205651802 15.1229262438 9.51480909397 9.64382186649 10.0994674813 8.20527817137 8.6451447264 6.86632939053 6.71130656728 5.77995070724 5.98413866528 5.76566713022 5.63941629516 4.64254204521 4.33864383528 4.29519651067 4.07984669701 3.74241081717 3.97462702418 3.64467862541 3.57720852687 3.98105891987 6.28487223704 6.69399372896 4.48495215605 4.11219977199 3.97531899512 4.63518994945 4.36947397891 7.20641671173 8.99697598896 11.1638675071 11.1395902336 8.46185020886 7.79493377472 5.46389682022 5.55711090668 3.75295363664 2.24934710042 1.89039883905 1.91502223345 1.73130870049 2.01902062645 3.23113863384
-9999 -9999 -9999 -9999 -9999 -9999 -9999 -9999 -9999 -9999 -9999 15.0628553743 16.9684921357 16.5695225947 12.9675876354 10.3614002061 11.5144708608 11.0274536481 8.63549825275 8.92850277527 8.17600847353 7.8828535148 6.34728212116 6.52454023156 6.16350264849 6.29858704088 3.68566525867 4.48706954009 5.17811118723 6.68020500666 5.8604763025 4.10705976052 3.5384085737 3.58213257364 3.81374075895 3.91122974313 5.13513337846 6.6194775126 4.7546248908 4.59412513602 3.9487090659 4.69039286557 6.38107383756 6.43007354731 6.75750131542 6.27837853169 6.97626963149 7.32117056849 6.06404456132 6.07476697784 3.54765489084 3.86593912624 3.18809182603 2.9567852266 2.70287153717 2.40526000412 1.63224151261
-9999 -9999 -9999 -9999 -9999 -9999 -9999 -9999 -9999 -9999 -9999 18.7209376541 18.6770266733 16.8684760646 16.767102863 16.4733555206 12.2230088945 12.7926710161 11.6182827976 11.4873315781 7.66063174438 4.54812404995 9.28326415082 9.77878103835 7.35543717749 7.34636175339 7.51121185522 6.76187280934 5.01525367122 4.16169068928 4.10182393344 6.06999852731 6.15903658832 5.57076153316 4.0896433048 3.24714154289 3.40506584397 2.69861796059 4.48490302062 2.9067136343 4.73559135216 4.94900526289 4.55416860711 3.85950836916 3.88336712804 3.90980554052 4.63610063512 4.76430949214 3.96859972511 3.62151773035 2.73811853316 2.40705663877 1.75390744973 1.64225347293 1.50935819793 1.8611953236 2.39425886487
-9999 -9999 -9999 -9999 -9999 -9999 -9999 -9999 -9999 -9999 -9999 -9999 19.1686638066 18.2917888641 15.6999946244 15.542786948 13.7076754903 13.5805954883 11.1013391143 11.9202208479 10.6608336687 11.6602885681 8.22622917727 7.19769832395 6.81983463782 6.70083655108 5.32639675736 5.68938750047 4.95905302234 4.22812833326 3.37171822239 3.57719986095 3.22208996154 3.63704857293 3.58105999062 4.77241617338 3.97988501941 3.2127353613 5.15802684881 5.00773466564 4.48129759397 3.84796618129 4.38044536705 3.73577209318 3.98809203922 4.04375259007 3.91946025859 4.28748090371 3.46229020728 3.41734678626 2.72999486478 1.25350532732 1.37918150592 2.58550638001 1.92742794238 1.84363609888 1.6403610558
-9999 -9999 -9999 -9999 -9999 -9999 -9999 -9999 -9999 -9999 -9999 -9999 22.2189290811 19.4485251541 18.073629778 16.7695405784 14.0543781041 15.0187056297 13.3316425805 12.2817547926 11.3932637635 10.3914468572 9.31619764115 10.4873627421 8.29082234358 9.07360999287 9.20310962325 8.35774147884 6.58878041926 8.21769260716 6.43105594687 6.84366759029 7.41043440219 7.08022152705 5.56527629687 5.13190050793 4.1567386456 5.37805940199 7.00859289983 5.29729520979 5.08527389257 3.48576394223 2.9516313801 2.8874351639 2.89524442532 2.9793945611 2.73904715249 2.87775155842 2.39889991533 2.5421353872 2.32820940457 1.7653404617 1.83708758893 1.40721845049 1.25147919321 1.79799094301 0.956611276985
