data/recharge/transience/oldversion/mHM_recahrge_431.ASC
ncols   80
nrows    72
xllcorner    4374000.0
yllcorner    5656000.0
cellsize      500
NODATA_value  -9999
[rows 25 to 49 of 72, columns 0 to 56 of 80]
-9999 -9999 -9999 -9999 -9999 -9999 -9999 -9999 -9999 -9999 -9999 -9999 26.191246272 25.5825705892 24.2812059636 23.9818812616 21.5668647478 21.6361371712 21.1240201795 21.6484973435 20.9678598371 21.2066108231 21.3095950299 14.2233626991 14.2852525897 13.9269651882 11.024983661 11.2488460775 9.17271050346 8.29588557248 7.26057505615 6.85344620828 9.60917589662 10.7840340724 2.32561342206 12.3461153364 10.1002261543 3.7590439809 2.4027256058 4.22325140472 3.95370071715 4.14846272902 9.15692367113 13.0738649404 13.0623391749 13.1923025555 13.3768957242 13.3457350703 12.9397768241 13.3907930979 11.7650980221 5.53082135862 2.09111456958 1.70621738324 1.63821125915 1.72688618722 1.64271251272
-9999 -9999 -9999 -9999 -9999 -9999 -9999 -9999 -9999 -9999 -9999 -9999 -9999 25.3637579032 24.9643179152 24.8892925062 23.2711261065 22.6550759654 21.5860128073 21.2043495275 20.6195000134 21.4098413817 21.2402266142 19.4428040843 17.2598883426 13.4051361229 10.9653720912 8.9379815745 8.35239018891 8.91229596486 7.39400454198 7.13845517385 12.4955591132 3.39746045992 2.14038216361 9.18046878766 12.426552941 2.64606317342 4.13643387794 3.60400469348 3.20597863369 3.23548672666 2.08707699222 3.23937880267 4.57238879438 7.21415604075 11.0400874414 10.8366775541 5.04181089939 2.46373037638 1.65167579511 1.67038364682 1.71359582565 2.18419286161 5.49234818701 1.38052899003 1.35063518133
-9999 -9999 -9999 -9999 -9999 -9999 -9999 -9999 -9999 -9999 -9999 -9999 -9999 -9999 24.5874160705 24.1602798042 22.6264114156 21.4926182381 21.0023126775 21.5769227133 20.3395056203 21.9827529125 21.0902215719 19.9103570841 15.7040094675 16.2220732064 17.0793509503 15.196991191 9.57086237145 7.84260493098 7.80615442152 12.3040248792 14.8993571715 5.44947751429 2.80261249774 11.3827777512 10.8805348219 3.5068158114 3.77869193461 4.58343279883 4.99042233589 3.26009716409 2.98178728956 2.34497407497 1.8390574416 2.06347786347 1.76658449196 1.92388409262 1.61684240555 1.85278109689 1.74597692501 1.4426243063 1.33377962499 2.4680902596 6.6807816259 8.4874217249 4.41442051816
-9999 -9999 -9999 -9999 -9999 -9999 -9999 -9999 -9999 -9999 -9999 -9999 -9999 -9999 8.10000137146 17.8854885743 22.7863403744 22.1246191525 20.6608925972 20.9463618416 21.0247849951 21.5569548653 19.3653385609 21.1582461609 19.8672731957 19.5126553289 16.0883448378 16.8961220026 16.9875344063 15.4733644343 13.4568107812 10.4612630801 13.8602236986 13.4488610096 2.51498571773 9.72363376913 9.26052946084 2.72650667751 4.02543566881 4.92898335989 2.95594380444 3.12269414622 2.90814171814 2.72592568761 2.15014885856 1.81131897379 1.86553501751 5.7162497856 6.14006933271 1.5859266393 1.80588660632 2.02245407097 2.14910555374 4.79429624946 8.80543092365 10.4850944669 3.04745363929
-9999 -9999 -9999 -9999 -9999 -9999 -9999 -9999 -9999 -9999 -9999 -9999 -9999 -9999 12.7874732513 18.8249434717 23.7403537637 23.2965977916 21.5687690648 21.2397219425 20.219563067 21.2984585229 20.6168143046 20.5242902119 18.3566685439 17.8647321395 17.9882821967 18.7991790774 15.8305501785 16.5992776574 15.1444803874 14.454350315 13.4999990572 7.63263173403 9.80899396442 8.61795978526 9.86234046322 2.18696147128 6.07566787903 5.5726716646 2.74427478663 3.08099616262 2.70723434431 2.7410230838 1.75406878451 1.84700065647 1.45404915833 1.84204157352 2.99815080431 3.04124872793 1.98004729665 1.03290214666 1.25744422929 1.096373632 0.896622977052 1.26658689239 1.85228640744
-9999 -9999 -9999 -9999 -9999 -9999 -9999 -9999 -9999 -9999 -9999 -9999 -9999 -9999 27.1602412504 26.0361868679 24.9350678776 25.0420344261 23.5809619502 24.0997575627 21.6254475807 21.357578982 20.9982007149 20.0143612411 16.0376178685 17.0789824512 15.802107615 18.8495236399 16.0651541894 15.6418882045 14.7926581169 15.5248938908 14.4712393885 12.2154479121 8.712145825 8.75708498475 8.01396286906 9.90762952753 7.04110207014 8.29860675998 1.99958815402 1.96752304787 1.98948096859 2.12291009427 1.65500305601 1.44377766812 2.00337848513 1.6648390793 3.49789932786 4.37996332688 2.33898303047 2.93423551418 1.84335917351 2.52290419741 2.46580224189 2.09674321178 2.30993207358
-9999 -9999 -9999 -9999 -9999 -9999 -9999 -9999 -9999 -9999 -9999 -9999 -9999 -9999 -9999 25.4013950517 24.5623660541 23.8043532666 22.8253733318 22.2462144219 19.7379804274 20.0923870952 20.5576083297 20.3890345586 15.9915784949 17.8398591198 16.3691532491 17.0438170902 12.5873283656 15.2518845114 13.5538228619 13.4584835961 12.263265337 11.9675861354 9.03941752841 9.07818051772 8.54196031874 8.46088090724 8.16087508827 7.8530846111 6.97980990374 8.40780232439 0.531912024759 0.810033419629 1.29737010565 0.783481183518 0.500242366722 0.542019032482 0.885768793382 1.53091442545 1.54853635258 1.42213551929 1.96855188412 3.20452712688 2.95730435132 2.90915810628 2.44276760155
-9999 -9999 -9999 -9999 -9999 -9999 -9999 -9999 -9999 -9999 -9999 -9999 -9999 -9999 -9999 -9999 24.5594308491 23.5559736497 22.4735343388 24.1561015843 22.6939473313 22.0526296566 19.9153637213 18.3303306186 16.5221933415 16.2693499606 13.3318728726 13.6598688121 11.8736960852 14.1551186934 14.1782781531 12.251681349 10.0124387217 7.57834465034 8.64157055817 9.05533564999 8.77126851807 9.08957662385 8.88072231929 10.7213807833 10.4177755621 10.5294598547 4.81066695694 0.766743026611 0.403056569183 0.313422348833 0.263815473156 1.27297854761 1.35683197441 1.12402301492 1.46155742697 2.11693436079 1.67715573023 1.43775637997 1.5939052452 1.45365027261 1.36974247227
-9999 -9999 -9999 -9999 -9999 -9999 -9999 -9999 -9999 -9999 -9999 -9999 -9999 -9999 -9999 -9999 24.3659343557 24.8860931741 24.2287426532 23.6061136417 21.183090839 22.3634499539 20.6896890425 17.9726782267 16.3064587246 17.0693653958 13.7514865746 13.7079861393 11.9303296204 13.3609285742 11.1681129503 9.87018725466 10.4667264237 8.86436616495 9.480708 8.87132481441 10.3793915792 9.20004226033 8.81668390739 8.94317284206 7.18092594891 10.0767565584 7.9129179031 2.66683824036 1.20396324218 0.719632661464 1.04792590785 3.51541698919 1.09554612273 1.30507719865 1.7248097428 1.80251288839 2.31792309453 2.47026893073 2.98174149795 2.11052514265 1.37924001712
-9999 -9999 -9999 -9999 -9999 -9999 -9999 -9999 -9999 -9999 -9999 -9999 -9999 -9999 -9999 21.557561171 21.4253365542 21.0440464961 23.2348478081 22.80598392 21.5788820881 21.6545448749 20.1002935664 18.3606277044 15.8322513597 16.4334329912 14.2343911753 14.4244907142 13.4768602925 14.9923658863 13.9212008406 14.1151617971 13.4691118081 10.7935676903 8.10547607623 4.9417205867 6.55885745935 8.0868826892 8.36577302865 7.55184139052 3.97695705707 1.82403404284 0.775289928873 0.757651591145 0.782749962998 0.546152742814 6.94131800594 6.16046073636 1.40382804603 1.61317184326 1.33918548887 1.11173799227 1.23816196723 1.34927953618 1.46708488518 1.50311079295 1.75360970869
-9999 -9999 -9999 -9999 -9999 -9999 -9999 -9999 -9999 -9999 -9999 -9999 -9999 -9999 23.0194205583 22.5179601094 21.7992779524 16.2394381034 18.7382793253 22.2604350764 20.2790086619 20.9755451713 18.5994759042 18.8901409847 15.7906198909 15.4589352751 13.2712505605 14.6447984583 15.2844002807 15.2811609724 13.1844815554 13.3362750528 9.29686179504 6.4659883012 4.55032028195 3.72358384057 10.0853234234 9.02922869377 0.501847622121 1.83331612782 2.93190714407 0.593725871324 0.533944100392 0.59452972999 0.403580023825 0.347512810464 1.038334054 1.1715626637 1.56033047716 1.30431112808 1.21476283963 1.20570159873 1.30904027132 1.28545430868 1.24268545421 1.30359943568 1.59954865045
-9999 -9999 -9999 -9999 -9999 -9999 -9999 -9999 -9999 -9999 -9999 -9999 -9999 -9999 24.5903108277 24.5190423299 23.196102681 15.9651813884 12.9666140129 14.6770859444 18.0552676826 19.6728430231 18.4431723123 18.8821294384 16.0055395203 14.4761201762 9.24040908976 9.7493369507 9.83412713603 14.9062846789 14.1714257853 10.2626915656 6.15874976733 5.50843293926 4.24550106637 5.16385815275 3.29349466261 4.69390693384 1.66833665189 1.7494524533 2.72474963959 2.34983372652 0.643616461242 0.571822306207 0.495444296123 0.292964862539 0.49827430356 1.48988106938 2.02879775738 2.42149617145 2.43805098863 2.41077581502 1.77666307104 1.57618867503 1.77352213066 1.70452346982 1.41284764383
-9999 -9999 -9999 -9999 -9999 -9999 -9999 -9999 -9999 -9999 -9999 -9999 -9999 -9999 -9999 -9999 23.5110663845 19.1244639039 18.4907166512 18.2205384552 15.686490886 17.8892499659 19.6366942666 19.6415074418 16.5189993661 11.0215752537 6.06933868328 6.44629545628 5.13938755249 7.64498185555 8.72950707063 6.48694246775 5.60665683034 4.77795956863 4.80532989005 4.85213466668 3.88967969699 1.8107573715 3.02626822038 3.77968007215 2.22542028542 1.69531481025 3.5865786184 2.46131281562 0.351444718739 0.418437846237 0.377587292144 0.726503081725 1.40432949464 1.68088440632 1.66801519248 1.71496827395 1.54583924769 1.3681135482 1.03945918842 1.08606496967 1.4893583561
-9999 -9999 -9999 -9999 -9999 -9999 -9999 -9999 -9999 -9999 -9999 -9999 -9999 -9999 -9999 -9999 20.0669330413 19.4778041418 18.7542885081 15.4100822347 14.8441000803 15.661808318 17.724992313 18.6620917448 17.7609213367 12.2133138737 8.93558157098 8.50219937216 7.21455364408 8.16172742628 8.48159844632 8.05754685266 6.32552788596 5.141758641 3.57146533751 3.80263263142 3.78565692413 4.41957189735 2.83465959613 2.42624454455 2.85778235024 3.68636799322 7.34278206335 5.36814306845 1.45429453791 0.334372916235 0.18487677025 0.323041945165 1.18453272864 0.981783338557 0.847594819874 0.857625775338 0.722507493279 0.795267743962 0.774822137671 0.778805347556 0.788344344806
-9999 -9999 -9999 -9999 -9999 -9999 -9999 -9999 -9999 -9999 -9999 -9999 -9999 -9999 -9999 -9999 -9999 -9999 18.9322704935 16.7158194952 13.3675216161 14.7005715531 16.9730922326 19.9150520658 17.2527033433 14.973406537 8.19881651953 8.40873178075 7.34559242035 7.73650212595 6.04723048064 5.49566815496 5.13633648973 5.24968563488 3.51519487854 4.28542003858 4.07010093505 3.0891661855 2.74182588553 3.29171018908 2.44359441384 2.19994028891 1.99758939634 1.98470313968 1.71911453177 1.18029806003 0.228251864035 0.221677625631 0.391634205775 0.738129290477 0.903374116636 0.960507045879 0.733303905787 0.747486957622 0.819516984018 0.861479099668 0.832637981561
-9999 -9999 -9999 -9999 -9999 -9999 -9999 -9999 -9999 -9999 -9999 -9999 -9999 -9999 -9999 -9999 -9999 -9999 -9999 14.5327844362 13.8979726305 14.7212676148 13.5536516081 21.0266565122 18.6891473818 18.2463017245 13.9474331549 8.52542432811 6.38421738026 6.18838056372 5.85698240036 5.89314484096 4.784411213 4.65345899 2.83873758043 2.06469930151 1.86820997653 2.69837770467 2.52856501131 2.81416452705 2.0961566235 1.93483031484 1.60208742538 1.93646017195 1.90347550062 1.98066872749 0.806492910843 0.183985562559 0.151741546312 0.282506303626 0.494974837779 0.764498170689 0.646566670252 0.642124386259 0.728641559002 0.705606306511 0.613726899938
-9999 -9999 -9999 -9999 -9999 -9999 -9999 -9999 -9999 -9999 -9999 -9999 -9999 -9999 -9999 -9999 -9999 -9999 17.5323028406 18.7048523584 18.3174442364 17.9291123208 13.8949493815 19.2088122502 18.4244072566 19.0448170258 17.8350887847 12.7693523355 7.22323242463 6.74373553045 7.79669759624 7.19703885212 5.086541065 3.86797731769 2.51013377037 3.00416605784 3.54015964981 3.33195807403 2.83597073131 2.81596145861 2.89031353757 2.09351480571 1.81662912396 3.79634412835 2.21295218853 3.06218077106 1.79861455438 0.893421982602 0.35449627202 0.18831999167 0.314170335945 0.491690035405 0.894269875837 1.1107998703 0.907306483928 0.828360722819 0.767788974103
-9999 -9999 -9999 -9999 -9999 -9999 -9999 -9999 -9999 -9999 -9999 -9999 -9999 -9999 -9999 -9999 -9999 -9999 -9999 20.709213971 19.7532082968 19.0412406726 14.4217997316 18.8522344523 19.6397674559 19.4495660788 16.8985299516 18.3766766527 10.5266456796 12.5407259091 13.9996362856 13.9421444371 7.18056473679 3.47268065788 3.66701529672 2.9395054058 1.58283069069 1.40816473617 1.17598753653 1.17616466297 1.43319830022 2.09147659079 2.24000800236 5.63071472189 6.28457247131 3.51912056293 2.17472867013 1.57660248308 0.484819035594 0.22678096628 0.109989300242 3.49720089827 4.43002899498 5.37410767512 1.12626264613 0.348398437474 0.505254603466
-9999 -9999 -9999 -9999 -9999 -9999 -9999 -9999 -9999 -9999 -9999 -9999 -9999 -9999 -9999 -9999 -9999 -9999 -9999 -9999 17.2870581858 18.5595543011 14.5948768036 16.6818253461 17.9963331071 19.094133237 16.7768981666 18.7380568553 18.3993604483 17.4530363049 14.7965612802 14.4705733603 5.16080249109 8.14830189612 8.17550932214 6.15043659967 2.51898823781 3.0940686475 2.67836799897 2.60336223407 2.20576702652 2.80135080002 2.65257407687 2.31880368115 2.96931922757 2.5690579025 2.0968644563 2.35398707244 1.84664777383 0.784530566162 0.385439326313 0.249147940164 0.125534863495 0.194330326734 1.78470654954 0.139810349361 0.140118614779
-9999 -9999 -9999 -9999 -9999 -9999 -9999 -9999 -9999 -9999 -9999 -9999 -9999 -9999 -9999 -9999 -9999 -9999 -9999 -9999 -9999 17.7744042795 15.7497623359 16.1111713858 17.6111879605 16.7874056937 17.1472934131 19.173660602 17.4440551079 16.8464053202 14.9097396279 16.2351907103 5.18813271593 9.59775467031 6.02551620714 4.52454559232 3.71105452317 2.57886707286 2.16452404263 2.5179541389 3.2291377819 3.42101338767 3.62293464326 2.38955579957 1.96240807341 1.53486689785 1.81793250262 1.98941450136 1.8965248824 2.30981149809 2.49358666048 2.22473842707 0.910242500283 0.192486393412 0.0777275027107 0.0924209822444 0.100956886926
-9999 -9999 -9999 -9999 -9999 -9999 -9999 -9999 -9999 -9999 -9999 -9999 -9999 -9999 -9999 -9999 -9999 -9999 -9999 -9999 -9999 15.5445306321 14.124808481 14.158502852 17.9100423568 20.2357011531 18.7212435537 13.8535624946 11.314228575 17.5815906727 11.6391882536 15.1108430366 6.10944551179 4.27542627059 2.61131133595 3.61764248919 2.94392636237 2.6502292033 2.1793846511 2.8593646272 3.27095829686 3.12347807231 2.39524627889 2.2336058447 2.5942444201 2.45719768326 2.21911434939 2.16146046962 1.33124296901 1.53298264886 3.74882354376 3.80335987145 0.802234929847 0.163558156053 0.112610043762 0.0822839430339 0.0851080667048
-9999 -9999 -9999 -9999 -9999 -9999 -9999 -9999 -9999 -9999 -9999 -9999 -9999 -9999 -9999 -9999 -9999 -9999 -9999 -9999 -9999 -9999 14.4108064023 16.2959197011 18.6834761906 19.5572491379 17.6954669992 13.3958537289 8.85374095926 9.86528932605 10.5120842232 10.9502253344 6.23875532394 5.38404948018 5.67162302061 4.37249043102 3.69176121986 3.37117764551 2.9176678956 3.00906244227 3.31601784882 2.2586483793 2.34932541573 2.99428914619 1.64008837988 1.47171048714 1.06465812824 1.29106706712 1.62686047533 4.09486730331 3.54689651872 5.15517893838 0.752284700163 0.150144404194 0.0773715593482 0.070566859221 0.0745031138334
-9999 -9999 -9999 -9999 -9999 -9999 -9999 -9999 -9999 -9999 -9999 -9999 -9999 -9999 -9999 -9999 -9999 -9999 -9999 -9999 -9999 -9999 14.9224662502 14.5162885847 18.1468998292 20.7101082971 18.1862269215 10.614217703 9.79404814329 10.1581142238 8.37655085691 8.59607286653 7.70523405597 6.21059062963 4.46546675309 5.96256310444 3.86062952536 3.3125858893 3.67211592107 3.90250920001 2.53669307166 3.38768228588 2.39085864997 1.9524320432 1.68791365578 1.87239514833 2.0196381028 2.28211720721 1.37648993261 1.30242686266 1.22698988996 2.60761021815 0.121996502804 0.248994053801 0.136132419062 0.12402326141 0.0968965250339
-9999 -9999 -9999 -9999 -9999 -9999 -9999 -9999 -9999 -9999 -9999 -9999 -9999 -9999 -9999 -9999 -9999 -9999 -9999 -9999 -9999 -9999 14.5309159694 15.7073883305 19.4952376966 19.9974616891 17.5635949277 12.7519075401 10.5265629568 11.9740100065 9.35044960874 8.3846611431 7.1638409484 6.54310166003 6.34495655175 4.41976044114 3.8978491199 5.21857956091 4.18269807303 3.78412653766 3.51436320134 2.78816680523 1.93747885263 2.37545270849 2.80586146449 2.53221110321 2.25693451821 1.96133970544 1.51141523036 1.51364221137 1.81968171758 1.52809083779 0.231885095474 0.203726171598 0.221387552789 0.244567593578 0.126400865079
-9999 -9999 -9999 -9999 -9999 -9999 -9999 -9999 -9999 -9999 -9999 -9999 -9999 -9999 -9999 -9999 -9999 -9999 -9999 -9999 -9999 -9999 -9999 16.573654799 20.5104979434 20.3413445334 16.7811584587 11.7662566195 10.1979674185 11.4473697462 9.43320634613 10.178730405 8.68027263693 8.91245466815 5.51125544461 6.15771728101 5.73750625922 4.90984989811 3.00695299525 2.79681303798 2.03177478634 2.63060806054 3.02708176525 3.15429677255 2.63069888903 2.34429488363 1.34440664816 1.19981402244 1.12041714415 1.19629183082 0.96717473391 1.16555055414 1.13014950974 0.565939620224 0.166123930354 0.1785955467 0.591935590394
