data/recharge/transience/oldversion/mHM_recahrge_71.ASC
ncols   80
nrows    72
xllcorner    4374000.0
yllcorner    5656000.0
cellsize      500
NODATA_value  -9999
[rows 0 to 25 of 72, columns 0 to 56 of 80]
-9999 -9999 -9999 -9999 -9999 -9999 -9999 -9999 -9999 -9999 -9999 -9999 24.0661641159 24.7974300756 -9999 -9999 -9999 -9999 -9999 -9999 -9999 -9999 -9999 -9999 -9999 -9999 -9999 -9999 -9999 -9999 -9999 -9999 -9999 -9999 -9999 -9999 -9999 -9999 -9999 -9999 -9999 -9999 -9999 -9999 -9999 -9999 -9999 -9999 -9999 -9999 -9999 -9999 -9999 -9999 -9999 -9999 -9999
-9999 -9999 -9999 -9999 -9999 -9999 -9999 -9999 -9999 -9999 -9999 -9999 20.7537190519 20.0558260613 20.1565803236 -9999 26.5257781609 -9999 -9999 -9999 -9999 -9999 -9999 -9999 -9999 -9999 -9999 -9999 -9999 -9999 -9999 -9999 -9999 -9999 -9999 -9999 -9999 -9999 -9999 -9999 -9999 -9999 -9999 -9999 -9999 -9999 -9999 -9999 -9999 -9999 -9999 -9999 -9999 -9999 -9999 -9999 -9999
-9999 -9999 -9999 -9999 -9999 -9999 -9999 -9999 -9999 -9999 21.0522342929 20.6247275008 21.0186338865 20.1235512825 25.2793564689 25.3778437281 25.5100269523 26.0315383337 -9999 -9999 -9999 -9999 -9999 -9999 -9999 -9999 -9999 -9999 -9999 -9999 -9999 -9999 -9999 -9999 -9999 -9999 -9999 -9999 -9999 -9999 -9999 -9999 -9999 -9999 -9999 -9999 -9999 -9999 -9999 -9999 -9999 -9999 -9999 -9999 -9999 -9999 -9999
-9999 -9999 -9999 -9999 -9999 -9999 -9999 -9999 -9999 20.639617521 20.5080380679 20.3051934077 20.0165398483 20.1960062176 25.1336225301 25.5459296255 25.5138617657 26.8291118096 -9999 26.3928193716 -9999 -9999 -9999 -9999 21.2735985349 21.9219379404 -9999 -9999 -9999 -9999 -9999 -9999 -9999 -9999 -9999 -9999 -9999 -9999 -9999 -9999 -9999 -9999 -9999 -9999 -9999 -9999 -9999 -9999 -9999 -9999 -9999 -9999 -9999 -9999 -9999 -9999 -9999
-9999 -9999 -9999 -9999 -9999 -9999 -9999 -9999 21.2447048335 20.8504715448 20.8196147034 20.7252603358 25.2139899604 25.1176753371 25.3123015199 25.6048031804 25.4526794932 25.3889407399 25.6159460393 25.5847355803 25.3977746821 25.7532395466 -9999 26.0331544868 21.0931654652 21.7206574916 -9999 -9999 -9999 -9999 -9999 -9999 -9999 -9999 -9999 -9999 -9999 -9999 -9999 -9999 -9999 -9999 -9999 -9999 -9999 -9999 -9999 -9999 -9999 -9999 -9999 -9999 -9999 -9999 -9999 -9999 -9999
-9999 -9999 -9999 -9999 -9999 -9999 21.4063122906 20.8136207685 20.6612126617 20.6677971611 21.1420617646 20.8262028858 25.4859902804 25.5069929394 25.4786551857 25.6214758122 25.7953786563 25.2041349582 25.1402863454 25.0784536495 25.1127328972 25.2665071646 26.0427828215 25.8078863063 21.0139794705 21.3385381286 21.3188498605 -9999 -9999 -9999 -9999 -9999 -9999 -9999 -9999 -9999 -9999 -9999 -9999 -9999 -9999 -9999 -9999 -9999 -9999 -9999 -9999 -9999 -9999 -9999 -9999 -9999 -9999 -9999 -9999 -9999 -9999
-9999 -9999 -9999 -9999 -9999 -9999 20.9574320332 20.5926198593 20.6632891695 20.4996854267 25.6292144282 25.4261082933 25.5052042211 25.7870341108 27.160967753 26.6743970098 27.4113457316 22.227272689 26.0187876214 26.8907849898 26.65374006 27.3603480972 25.6026453211 25.8511772017 25.6691711883 25.3833344924 20.675767222 20.685835878 20.7144596702 20.7752395151 20.6027081397 20.9196855187 -9999 -9999 -9999 -9999 -9999 -9999 -9999 -9999 -9999 -9999 -9999 -9999 -9999 -9999 -9999 -9999 -9999 -9999 -9999 -9999 -9999 -9999 -9999 -9999 -9999
-9999 -9999 -9999 -9999 -9999 20.9499355113 20.8659642709 20.6023808407 20.7858857176 20.8679281494 26.0587216076 25.5921094731 25.466136059 25.3503674324 27.5112371377 27.3776069072 21.940924622 11.7299900793 21.1403187854 27.0330569754 26.813099925 26.7456856592 25.2396358935 25.3092967626 25.6307299002 25.8740064646 20.6309182847 20.4667265197 20.1978511022 20.294585404 20.3005201072 20.7021074628 20.3913554488 20.4739980887 -9999 -9999 -9999 -9999 -9999 -9999 -9999 -9999 -9999 -9999 -9999 -9999 -9999 -9999 -9999 -9999 -9999 -9999 -9999 -9999 -9999 -9999 -9999
-9999 -9999 -9999 -9999 -9999 21.0112564782 20.3383629988 20.4502374379 20.6682786836 20.5893929635 25.469025638 25.5272469843 18.9818116322 15.5160128263 25.8746480324 26.122146567 24.675502771 10.0684861702 18.063224933 24.1048597549 27.4778714367 27.4417245681 27.1180919073 27.1771717668 25.4174188882 25.2785427107 25.3017758777 25.1746617911 24.8122175215 23.7211380573 22.8873853066 24.3477179518 19.9720765246 20.0902222415 19.7944469649 20.1420680406 -9999 -9999 -9999 -9999 19.8665260228 19.4393885774 -9999 -9999 -9999 -9999 -9999 -9999 -9999 -9999 -9999 -9999 -9999 -9999 -9999 -9999 -9999
-9999 -9999 -9999 -9999 -9999 20.952787739 20.7139509106 20.3319517712 20.5892865293 20.8681105855 25.9084837373 25.8455437284 25.6772382359 25.2546569551 26.1795024915 26.3736255808 27.8477597848 28.6873117067 28.4101162161 28.3646227878 27.7074459538 27.2030078911 26.5903560062 26.5210035065 25.3762973134 25.4584508866 25.0722529129 24.7648313031 25.1901565012 23.1466445751 16.370432279 21.0941255294 19.6956835472 19.9605947044 19.8140248196 19.8659530659 19.90627112 -9999 -9999 20.0771624303 19.7254800735 19.843049494 19.7229407074 -9999 -9999 -9999 -9999 -9999 -9999 -9999 -9999 -9999 -9999 -9999 -9999 -9999 -9999
-9999 -9999 -9999 -9999 -9999 -9999 21.0015461282 20.6566512709 20.4755242792 20.762431003 20.9101830863 20.8137409716 25.8619475299 26.2539034172 25.7272271039 25.6992411407 27.666934973 27.8546169811 27.9169923437 27.6338563184 27.8079824363 27.5833276499 26.9855707521 27.7101591544 26.913410934 26.6290644103 25.1659926016 25.223945233 24.7908225609 24.6873872313 23.211520845 24.5557770744 24.3511909732 24.1752702785 23.9860982927 24.1883138884 19.4508019287 19.3131841337 19.4957012434 19.3168243801 19.340273614 19.7771278778 18.881659032 18.2544788882 -9999 -9999 -9999 -9999 19.787912636 19.3836321509 7.00640082855 -9999 -9999 -9999 -9999 -9999 -9999
-9999 -9999 -9999 -9999 -9999 -9999 -9999 21.3720295303 20.5706430742 20.3978713565 20.9720727941 21.2485537207 26.2464395043 25.724980156 26.0262821651 26.1663793308 27.8497417286 27.4417914356 27.8023835987 27.364628954 27.4179770155 27.1455337107 26.8610732724 27.4003431021 26.8845825248 26.291274513 25.1792097553 25.8734341392 24.7815153589 24.7153235894 24.587937773 24.412475439 24.2730741344 24.1207778338 24.2673349306 24.4454045255 19.303701451 19.468885806 19.6348671222 19.4518436268 18.8708763827 18.8996886837 15.8542772039 12.206015776 13.1345626285 14.128171919 12.1986840322 11.2605111611 11.0069198333 16.975864792 22.1611396676 19.5250344806 -9999 -9999 -9999 -9999 -9999
-9999 -9999 -9999 -9999 -9999 -9999 -9999 -9999 20.7790921138 20.8484780191 20.8066241526 20.6773457165 20.8307723592 21.2279289179 26.2868920467 26.1656373847 25.7425206245 26.0444839735 27.4770387009 27.1936889643 27.1937764556 27.1310059052 30.3914853002 14.3019434213 12.0294299336 13.2378179127 26.3477637471 25.9475949057 25.0758682158 24.2790913964 23.7734610188 24.1093713571 24.0135036631 23.560659762 23.484807602 23.4832100236 23.4483351222 23.7075283358 23.3319422915 23.3310630848 22.3666789803 18.9845893825 11.9247571417 11.3483391334 10.7800259803 10.2370851704 11.3147423638 10.6091252973 10.1714026639 16.6324354444 19.8863363848 20.6098197576 19.8661732727 -9999 -9999 -9999 -9999
-9999 -9999 -9999 -9999 -9999 -9999 -9999 -9999 20.8622537894 20.9417230942 20.7115908286 20.8302364425 21.1632649756 21.2118524679 26.0262150706 25.7153241916 25.8267057163 26.0857688261 27.2831591308 27.2908124191 27.4717303298 27.1712461881 30.128253221 22.9706229689 16.6319476735 10.5010989825 13.8270586553 28.1026164917 24.8416368492 23.4359092637 23.9753629513 24.0736893746 23.5143537039 23.5157984828 23.4316617439 11.1194313541 23.8622888829 23.5682073422 23.1693420616 23.1419171594 22.7499456288 19.2149051611 11.4869878715 11.4415902505 10.2710113498 10.2019914219 11.2374611855 10.7535274981 11.6513639906 20.2937447424 20.1011854761 20.1374239114 20.2548698185 21.1184893033 20.4854155562 20.9332152708 -9999
-9999 -9999 -9999 -9999 -9999 -9999 -9999 -9999 -9999 20.4953456155 20.5558541402 20.9138095792 21.3107235777 21.2583756741 26.4522958881 26.463196886 26.5968580164 26.1871793469 26.1635736461 26.2853014213 26.6382134622 26.0531487377 30.1874442077 34.3547117676 23.8694948481 20.5088027236 13.0620965719 9.68545171102 20.846437283 27.4897937015 26.2131873074 26.4100874581 22.4763938362 21.1866479594 22.714387851 20.780486793 23.6179613769 23.3966590169 22.2633406796 22.2543550711 21.6687310894 21.1470361592 10.1174273073 10.7312866519 8.90204550671 8.16885882629 7.51064679424 7.96338465081 15.2113099066 16.414319143 16.8116538191 16.5474871929 18.3550403013 19.6120618736 20.2303458104 11.7489122213 8.73131433425
-9999 -9999 -9999 -9999 -9999 -9999 -9999 -9999 -9999 -9999 20.4293188641 20.7348457236 21.3681940718 21.3271669755 26.3642878946 26.3195971985 27.0180715178 27.243250833 27.205691634 26.9099870446 26.3267165459 26.0281198327 26.8929693812 31.5826368146 16.4187387025 21.1597139376 17.5355913459 12.8516054367 6.40180583177 20.7524827234 27.3279613261 27.3163775934 24.112793166 22.7002430012 23.5927136946 23.7112412021 23.444495167 23.3731758267 22.3122603646 22.3419282939 21.8572221481 21.6984338554 17.9421258185 10.8441372603 11.4902005681 11.0368100074 9.58789065327 8.7004399439 17.2696407689 17.256980944 17.84495222 17.5123050419 17.307343675 19.1764600296 19.167315776 10.7003986478 8.66955096099
-9999 -9999 -9999 -9999 -9999 -9999 -9999 -9999 -9999 -9999 -9999 11.1023168356 15.0158462361 21.22131793 26.3799933006 26.2511524677 26.7019953022 26.8044911618 26.0301439132 26.2640008113 25.8270860386 25.9085247414 26.2597561659 25.64537275 25.4750750717 9.39024038948 9.6423154844 15.7437812364 17.7296279261 23.6227013375 9.49796974265 26.5373161807 26.1869450319 25.9579805073 22.4361273658 21.3741288616 22.4589221745 22.3965466596 22.0539298286 22.0693558306 21.0717671133 20.3382516777 19.756449364 14.452632458 8.99712731441 7.53497778256 8.69630135712 9.63805687917 12.5502125677 16.3093552106 15.5717052513 16.834184709 19.4086878474 19.5826974723 19.0417380347 18.7055654702 11.7181887907
-9999 -9999 -9999 -9999 -9999 -9999 -9999 -9999 -9999 -9999 -9999 10.4781769385 15.9485147504 20.8309508992 26.1757075508 26.2264723855 25.9887759269 26.0201539422 25.5948716668 25.5818757253 25.8513620435 26.1627609031 26.8271112424 26.1920128114 26.5010308619 26.5474744497 24.9679827043 17.3853150567 9.07716279326 18.8522586581 14.1639721712 10.1322588371 5.54614460892 7.56027201878 12.5631973658 21.0666304579 22.4006111757 22.5560036812 21.8445342821 21.4619198219 19.809832645 21.4295416607 19.1386733323 19.3377625848 15.1447879377 9.96496360833 11.206193748 12.4367768336 11.8184425084 10.0049943315 10.0189283479 10.639987732 11.2004694226 19.3738983648 20.7589537741 19.843950572 19.7182987136
-9999 -9999 -9999 -9999 -9999 -9999 -9999 -9999 -9999 -9999 -9999 21.0393159165 20.577668051 20.5484022667 25.5580543735 25.9808758045 26.5697377083 26.3914771497 26.8890355621 26.9760217356 26.6483331099 26.7246459992 25.6924983185 24.9792485731 28.5021402623 28.7896927709 28.5871434602 28.4220726575 28.2874932852 26.3871987063 16.2741274959 11.6578734189 13.1985491333 13.4900528453 7.31400205068 2.44892901882 3.26385182635 4.39312994324 21.4013673716 18.2544878984 13.8528884534 19.8356066383 19.7733215556 20.6498692922 21.0191825611 19.7045104698 11.0328602615 10.3730646473 10.2904477011 9.83573202288 8.78466030237 9.50259685212 10.3785782726 12.6822544373 20.4444180694 18.4694953527 16.7291344319
-9999 -9999 -9999 -9999 -9999 -9999 -9999 -9999 -9999 -9999 -9999 -9999 21.1491927526 20.5158994183 25.9370475854 25.8718786287 26.8313979023 26.4179359699 26.0706089423 26.8262255363 26.9362608333 26.5980770304 26.4764827487 26.2156481744 29.0045843873 29.1932001132 28.7476743432 28.9277263716 28.3247780692 28.0332000055 27.2901517934 27.5514573832 24.6205565753 14.7735654294 9.854300688 16.0873447254 4.95206298488 2.64353321756 5.76754964367 23.0243578838 20.5007256347 19.7634594767 21.2038146198 22.1519727435 22.1779814231 22.0399067484 14.6605060584 10.45257779 9.005092578 9.51725066294 8.36178335285 7.53874044011 7.21394489677 7.38619449795 8.10433661703 11.5308560772 9.74143783916
-9999 -9999 -9999 -9999 -9999 -9999 -9999 -9999 -9999 -9999 -9999 21.0753039849 21.3726427057 20.7962206399 26.2885455074 15.7279277252 23.6527937028 27.2152777572 26.218923031 26.7872771429 26.2323993276 26.1457332739 28.9844511044 29.1848765597 29.5832960307 29.5028297594 28.7547035836 28.5910660349 28.3702524933 28.0367708768 26.318278555 26.675962996 24.9105973697 24.7861625204 24.2587378881 5.18609450535 3.64724654319 1.8403551673 1.69546657897 20.3357087976 21.6458408825 20.6086243776 22.2498634163 22.9006548378 23.1921386714 23.1037539506 22.4691629388 14.7736216478 10.3164329544 10.3740905513 8.07466049854 5.96174776226 6.39726457062 6.43420037961 6.3206948731 6.83293804775 9.65029891921
-9999 -9999 -9999 -9999 -9999 -9999 -9999 -9999 -9999 -9999 -9999 21.3021524743 21.4550106913 20.9868580978 26.0361074301 20.0864831378 26.8852611813 27.5636272349 27.0722395796 27.047467697 22.5789724844 22.8864759832 29.2704932511 29.4329541319 29.8128294112 29.7864536467 20.2842303279 21.2064287282 28.0192138225 30.1276036204 28.9296617199 26.8728345867 24.7223824044 24.792778965 24.0060927556 9.40645465437 2.21047119708 3.49024681265 1.73572240945 11.215140666 20.5851348146 19.8037637144 21.0059771677 21.7619595021 21.6962967993 21.3973414427 21.8500806125 21.6566426016 17.7869105745 15.1237272713 7.74911129321 7.86972490392 8.23189476215 7.93401756033 7.81572079152 7.38300890516 6.71212624609
-9999 -9999 -9999 -9999 -9999 -9999 -9999 -9999 -9999 -9999 -9999 20.9900158218 20.8606416676 20.3524703904 20.5888672036 20.5135059849 25.8771307386 25.9768282935 27.5056388121 27.5210365853 25.7377856145 11.944013733 25.266960806 23.5844122371 18.1667404318 18.1730750852 21.2990675457 24.0107759404 23.38793273 24.5932530148 24.183378984 28.8022114165 27.8505523189 27.2765367478 24.2447797002 6.31551526742 1.52565064008 1.1145451566 1.63352341591 6.21666577708 21.9263886736 21.8079252842 17.5919778231 16.608683911 17.7709997776 17.6274071193 19.8617222226 19.9737609143 18.6338858973 18.2443637768 11.8470779864 6.80053560984 6.45297799856 6.27548613404 6.55152247982 6.50597842897 7.96585191032
-9999 -9999 -9999 -9999 -9999 -9999 -9999 -9999 -9999 -9999 -9999 -9999 21.1779873475 20.6283047383 20.7878316524 20.5626231737 26.0266766337 26.067671843 27.0142500538 27.4937993717 30.2015866657 30.775406929 22.1095195196 17.7501079418 17.5508249582 17.4059207621 15.8112465301 16.2703005781 15.1481729326 14.155693571 12.2748760628 19.8575224387 23.973461686 24.6925982216 23.4378738711 3.14509638169 1.77721201546 1.27742799388 2.22891595789 8.52131215165 21.7420316059 21.3280395763 19.0949843825 16.1739401132 17.0876824683 17.1959518687 18.7283024323 19.4214865716 17.9344059089 18.4037638538 19.400126542 10.2586049131 9.48045367135 10.9188169231 7.18206249997 7.91981117847 7.87244166305
-9999 -9999 -9999 -9999 -9999 -9999 -9999 -9999 -9999 -9999 -9999 -9999 21.4470042075 20.8416575271 20.3976951104 20.9809186107 25.8905300001 26.0769592763 27.0079883041 26.8642782567 26.9026023331 26.8463051951 26.0529002248 20.5411956455 18.2914498141 19.1763692968 19.3387234133 18.6053461363 16.5032018306 18.3776625932 15.8395263464 16.7570049076 26.524562517 28.3245288666 12.320829537 2.51265115844 1.72834057933 2.65802435854 4.0256914415 7.26224638895 19.5041089461 21.1280801147 19.6082899782 19.3748193753 18.2660675052 17.7939128899 17.9144141264 18.7062791632 17.9725453921 18.9155098111 18.5432054705 16.733178437 15.0127882797 4.73173066513 3.38251934154 4.13753417397 4.12964739055
-9999 -9999 -9999 -9999 -9999 -9999 -9999 -9999 -9999 -9999 -9999 -9999 21.4471398405 21.0909008393 20.4245449283 20.8847893475 25.9637910717 25.7464800137 27.0237167733 27.0887968052 27.1522767211 26.7700329947 29.63824376 18.8994351486 19.2455770806 20.750817599 18.8997765124 18.9352416086 16.8242770859 15.7680363206 14.0534349571 13.473070146 18.8534356103 22.1436640633 2.26999514212 13.5275483009 10.1675723721 2.88142165342 2.45664160797 6.91913062013 6.43919923436 7.59052118654 15.3977197732 19.8195316265 19.2940105009 19.4777589122 19.4784085282 19.4389832699 19.37070014 20.0151268299 19.010516607 10.3412129314 4.05062959832 3.35587814996 3.51694443593 3.63566511232 3.78104418465
