data/recharge/transience/oldversion/mHM_recahrge_576.ASC
ncols   80
nrows    72
xllcorner    4374000.0
yllcorner    5656000.0
cellsize      500
NODATA_value  -9999
[rows 26 to 51 of 72, columns 0 to 56 of 80]
-9999 -9999 -9999 -9999 -9999 -9999 -9999 -9999 -9999 -9999 -9999 -9999 -9999 37.1386952376 35.6210582166 35.0205568705 35.5477188659 37.0829112681 35.9460859012 36.0601391988 33.9914091119 32.6274561243 30.5979591423 26.3197485372 33.5905522466 34.5494389173 32.8902779069 32.8933926503 31.6306723353 31.8828771471 31.0182846677 30.9126662451 27.5016032814 45.6073426938 57.6082166554 19.7141711434 37.3421727788 52.8187792684 34.5410644193 26.7657669716 25.8068909024 30.128368072 27.476147214 29.9726931922 28.8794063119 27.3112024861 25.1093067694 24.603517642 26.4373245132 26.9270418332 22.3260569954 22.6593251669 22.0444820516 21.1430730686 16.5780983562 20.9153844159 17.4276813948
-9999 -9999 -9999 -9999 -9999 -9999 -9999 -9999 -9999 -9999 -9999 -9999 -9999 -9999 36.4909087872 35.2697978206 34.744922934 37.0853304292 35.5076104104 35.8349868339 34.1180856953 33.3218651138 31.3202121073 32.3102569445 33.9786974063 32.8570638771 31.5287139671 32.3326433528 31.765803891 31.7750942079 31.2002784177 28.3163741552 27.3806983707 42.1597650237 53.6658523213 31.6642641494 40.893562383 33.9469985803 28.6713092663 23.7829280096 22.5012370226 28.2590791299 30.0128625528 28.6067478907 25.6588416968 26.9743485387 29.2948683012 28.930306437 28.1284516872 26.4733719993 23.157659137 20.8889860182 19.1058599608 23.1673975278 13.0264435948 20.3788805279 31.4831570276
-9999 -9999 -9999 -9999 -9999 -9999 -9999 -9999 -9999 -9999 -9999 -9999 -9999 -9999 10.2737791352 23.3599073118 35.055244124 37.9956161162 37.7187954722 37.0679757963 35.9802152988 34.2848263287 33.1792232156 32.4089622022 32.0955386388 32.2015820706 32.302306748 30.5456381492 29.5078012181 30.4241618741 23.3948187582 13.3408407507 27.2037445227 32.0531751313 52.2331849829 22.0560142704 41.9083148872 30.0444169615 23.0773802957 21.3555671649 23.2947457807 24.4980691875 24.7139532013 28.1622446079 26.8265211828 25.0984100203 17.1962126259 13.9901072485 15.520229233 22.0975832413 23.1923999496 24.4507291966 24.3449893562 23.1086689848 25.9297274051 28.9209590826 43.4692499133
-9999 -9999 -9999 -9999 -9999 -9999 -9999 -9999 -9999 -9999 -9999 -9999 -9999 -9999 16.3139850892 24.3880511356 34.8697807039 38.6572094299 35.4978537316 35.610184309 34.7799382329 34.4879395351 33.1971352292 33.8655695487 33.0940071476 32.3138430505 30.5082742459 30.2775895214 29.3716178485 29.3646068953 27.9100820171 26.6190617411 27.2204366708 36.9165905342 52.6709264924 17.9433883432 25.9279089993 48.4468523855 11.3110530302 19.2909550068 24.0610815594 24.9886031619 23.6365833326 23.9286018067 23.6842776544 25.3023963719 22.0089205385 24.7309912995 28.1276369336 33.3036438944 36.7360047806 33.5532138833 38.0695090297 36.9796737576 33.1036074305 34.2182827598 25.4115810316
-9999 -9999 -9999 -9999 -9999 -9999 -9999 -9999 -9999 -9999 -9999 -9999 -9999 -9999 37.1728528429 36.2452833541 34.8412969958 35.3962758549 34.6397970455 34.9216837449 35.9044640281 35.9677050431 33.4493535446 34.0359217964 33.9662351185 33.6377898751 31.1029614815 30.3027470026 28.8650377968 29.1969391942 28.0489946673 27.9290136431 27.1198948687 20.4389778078 17.5238953075 17.8535192978 17.5937440294 38.7727081895 16.1002893704 21.4973731822 39.4256192164 30.5609496805 20.3414953609 20.946739882 20.1051655892 22.0844359112 30.2056925801 39.6018683803 49.3763537256 51.1639878857 45.0978832816 45.3706103687 37.1103086051 30.5015033706 24.9816352843 23.5161864266 24.0267317728
-9999 -9999 -9999 -9999 -9999 -9999 -9999 -9999 -9999 -9999 -9999 -9999 -9999 -9999 -9999 36.7587054318 35.817411963 35.6437176108 33.2579356458 34.2376311299 36.0830468917 37.1701181084 34.6323687799 34.0314870785 34.4550634033 32.9552707487 31.3290785815 30.4833837863 15.7066879584 28.3716910272 27.5294500269 27.4787971132 26.0367480494 17.9219434351 17.6296498915 17.6933141588 17.5101882875 17.6188867887 17.4595815052 17.2471238221 16.8043538852 25.9224888777 27.5571693061 25.9030254658 23.6796495691 27.9417590128 29.8748366362 31.6823818645 35.1308346084 31.9724527007 21.4158943606 20.4759685421 23.5733672852 27.365804291 26.224921042 26.1344161221 24.509994432
-9999 -9999 -9999 -9999 -9999 -9999 -9999 -9999 -9999 -9999 -9999 -9999 -9999 -9999 -9999 -9999 35.5612531625 36.9431025396 34.5043610289 35.4630136798 35.7295386561 34.8374442575 34.4193770734 36.150344652 35.1739048735 34.7085809215 33.0985626998 28.8975204493 15.2929607974 24.2891887701 27.2742901808 17.9527899055 11.9828019501 8.16121330953 17.7004386134 17.8337317898 17.618823264 17.6503324653 17.4475376541 23.5050812662 46.6325458491 44.9046476787 50.5068434311 39.1951546164 27.00060805 22.0753447264 18.0863691011 27.6140838365 20.3698452703 18.2306009924 20.6941828677 24.6901742516 21.8855594227 20.082538042 20.7655223083 19.7000254165 18.398423903
-9999 -9999 -9999 -9999 -9999 -9999 -9999 -9999 -9999 -9999 -9999 -9999 -9999 -9999 -9999 -9999 40.9403858383 38.362085462 36.2644258386 38.2023270576 36.2168631536 34.2625417444 32.4284728207 34.5598208802 34.9142342337 34.7491557428 32.7930013805 32.3446454774 16.3800271016 23.4868396508 16.9873445934 12.2482555095 13.8580174824 9.54435286625 15.2825857088 17.459150555 21.4373760578 17.4293768242 17.3214105619 19.3489246946 43.3814140414 33.1971231177 37.2934403877 48.3931493383 40.6760315309 35.6274746603 49.3685357547 27.8620434383 20.4633634269 19.9599472909 22.5897490066 23.0648102477 25.0990041939 25.6257625025 26.4946891639 23.8801771584 18.4875461164
-9999 -9999 -9999 -9999 -9999 -9999 -9999 -9999 -9999 -9999 -9999 -9999 -9999 -9999 -9999 38.6206101982 38.7959946547 38.8609007436 39.5763328802 38.3894026352 36.9060959122 35.7310373565 34.100868455 34.3006551511 34.5853601094 35.2647940546 33.1214872113 32.6442736859 21.4911629568 26.396781965 27.1095193976 27.3769945507 27.0738895989 22.1972767197 24.6925553099 39.4618317863 44.3087732212 40.0766768514 35.6542805389 18.9564310868 46.7038725809 38.635544397 38.2213757779 37.9591694822 36.725191189 32.4354406053 22.6079554589 20.0130634277 21.6088173132 22.2370457522 19.773386579 17.6728395926 18.4057124512 19.4311750546 19.9279605756 20.2217729818 20.1696737901
-9999 -9999 -9999 -9999 -9999 -9999 -9999 -9999 -9999 -9999 -9999 -9999 -9999 -9999 40.278063038 39.6265621235 39.0812417367 39.0950588134 39.0492269141 38.8450896916 38.7002685965 37.4011992521 35.0080762356 34.6739047445 33.032244569 34.7975025127 33.0449966798 31.61785734 28.1398580784 28.3417984373 27.1195059634 27.6535023663 27.5242822277 28.5353635776 30.8051429195 54.3338231802 32.8462258036 34.6093468549 56.9773903541 53.2684934453 46.2497409082 34.6952768775 33.3365038112 34.905445757 27.742198087 25.0435873742 24.5607425662 31.0574863432 22.8860237283 19.8534245003 18.7247621077 18.634018109 19.0767569214 18.8275192202 17.9518966542 18.5271902921 17.2691435115
-9999 -9999 -9999 -9999 -9999 -9999 -9999 -9999 -9999 -9999 -9999 -9999 -9999 -9999 39.7046196432 40.166126872 39.1152477738 39.1113230684 37.342949417 37.6398218592 36.2507555349 36.9299031262 34.9726839986 34.6040069724 32.3748976298 33.632541151 33.2237055906 32.7793799287 29.8176607316 28.4672589363 27.8678156581 28.9181676497 28.0984619213 27.8461965163 27.9839826254 34.2762290204 50.5797334056 53.19878673 44.8206658156 45.1516495933 47.4686393253 46.4798460522 35.0318155277 33.6261718622 31.2201348462 22.738721406 30.8394582987 39.0532177918 28.5901858331 25.767315192 25.6138748596 25.5843626831 22.6803179971 21.4564339303 22.1912676606 21.8316721328 18.6394810398
-9999 -9999 -9999 -9999 -9999 -9999 -9999 -9999 -9999 -9999 -9999 -9999 -9999 -9999 -9999 -9999 40.0041866544 39.2672638586 38.8185030723 38.2427410189 37.4336092767 36.5013243774 35.4618709942 35.1306635613 32.6880511599 34.1052683301 31.8716532762 32.1088283244 30.2988173751 30.8725157599 30.0778562199 29.2035235208 28.0834511345 27.5237251176 26.9335909983 26.9849704655 34.442521808 43.3908098308 45.1496187356 38.5119199055 31.9008701925 34.3805133771 43.2760703401 42.9718843728 26.0062500577 28.8140406026 26.8151809016 40.2308183834 27.0460122699 22.8343197924 22.4665400351 22.7459537872 21.2067490044 19.7581356528 16.191764986 16.6841458924 19.8755190167
-9999 -9999 -9999 -9999 -9999 -9999 -9999 -9999 -9999 -9999 -9999 -9999 -9999 -9999 -9999 -9999 39.9358661588 40.3269916071 40.2342382221 39.1448761483 37.3748365716 37.2748715156 34.6683508425 34.7589421344 33.466061161 34.7168654753 32.5520214564 32.654343797 31.0208637492 30.9607104952 30.4851482783 30.426513281 29.0320801849 27.5176376557 25.3389542837 25.7131572652 25.2551704025 25.839846569 23.3912240317 22.5280049683 23.9359736977 26.0972685089 16.5746052145 22.6327323128 34.7545262451 26.086084612 15.0504763421 21.1236982616 21.8460852763 17.0373985014 15.1911096051 15.3062238588 13.075417407 14.0983975006 13.4661871404 13.490828311 13.2387400925
-9999 -9999 -9999 -9999 -9999 -9999 -9999 -9999 -9999 -9999 -9999 -9999 -9999 -9999 -9999 -9999 -9999 -9999 40.1918235042 39.4424699319 38.1540864926 37.6139074201 35.5277280505 34.2582603736 33.0921769332 33.8896788672 32.2218233199 32.154807327 30.9101514992 30.8337847644 29.4299107764 29.0811781071 28.4400073859 28.0691138147 25.2061017003 26.2115703308 25.5815517372 23.8549135688 22.6429151845 25.4254809196 22.4048184866 21.3807215805 19.5692610985 19.5108249555 18.4685802587 23.9075278877 17.954385796 18.5878945576 23.6352293516 16.733954259 21.9444235602 26.1619406039 13.2779107601 13.5061841083 14.077734455 14.5674931371 13.855551393
-9999 -9999 -9999 -9999 -9999 -9999 -9999 -9999 -9999 -9999 -9999 -9999 -9999 -9999 -9999 -9999 -9999 -9999 -9999 39.4461792059 38.6882525162 38.1104563643 36.9260907806 35.8027607524 33.6167293143 33.3874321448 30.0918811465 31.5216677938 29.6107530902 29.5177077345 28.9086119032 29.8719093184 28.3725412237 27.300402427 24.6675390934 23.7149134122 22.7873744143 24.6851525726 22.0936035934 23.1359264906 20.5445405675 19.8345165159 17.9455275855 19.8168108332 20.3279771711 19.9084668691 21.2662154718 16.7779788745 12.8915904375 22.4003547056 18.1846010894 15.0506929633 12.5216898585 12.4519595455 13.4256392744 13.0836947823 11.3340919171
-9999 -9999 -9999 -9999 -9999 -9999 -9999 -9999 -9999 -9999 -9999 -9999 -9999 -9999 -9999 -9999 -9999 -9999 38.6913801844 38.9064182461 38.8050128289 38.6784045837 36.5584055052 35.9716167129 33.3907604186 33.2059873914 29.3361647084 31.0104255008 30.0112483756 29.9590417762 21.2325886937 11.582251908 25.9138108136 28.6824852979 27.5501162645 28.8638867472 29.200293623 28.997169376 27.5114593134 26.5173928625 23.8465494773 20.5491391511 20.7793309015 19.491532304 23.2310964041 20.1907746242 20.9974645745 31.770006748 27.3700529158 17.0393859563 20.9855322454 45.2557295554 31.9971721909 24.6926249423 18.4131766032 14.7400738214 13.5676153846
-9999 -9999 -9999 -9999 -9999 -9999 -9999 -9999 -9999 -9999 -9999 -9999 -9999 -9999 -9999 -9999 -9999 -9999 -9999 39.7717102752 38.7494694434 38.6610801838 36.4462161301 35.3706277929 33.8922684912 33.4493262514 30.166088465 28.8307279772 29.8420438223 29.9156969742 19.6917700327 19.8112217479 28.535899787 30.5671846418 27.4549435992 26.6329475707 22.340842366 21.0674627369 19.1427558238 19.1710433903 18.6843088259 20.2432486773 17.6265173004 15.4073349836 14.9377203629 21.9150999211 20.864418864 19.7625507795 28.0426255743 22.4222673957 8.2643827825 11.0722708269 23.746253745 16.2596291901 35.6356444965 12.3458810439 11.1993022892
-9999 -9999 -9999 -9999 -9999 -9999 -9999 -9999 -9999 -9999 -9999 -9999 -9999 -9999 -9999 -9999 -9999 -9999 -9999 -9999 39.6805243191 39.4086701633 36.2878234716 35.9624311284 33.7212661059 33.4036013275 29.6342495782 28.9009291825 27.7999659278 27.8112013118 27.1146113232 27.2328721996 29.1882627084 24.5146512139 19.3982659193 23.7979640777 25.1365480477 25.1802290115 24.6030096095 23.336246879 19.9612137696 22.0530851625 22.59554601 21.5325606988 23.7089309796 22.4790320786 20.4877671685 21.5821006839 21.3381250454 28.6500524042 27.4762814928 21.7444025905 9.69938587855 11.1099456144 27.6557085605 15.4764625364 10.8615156482
-9999 -9999 -9999 -9999 -9999 -9999 -9999 -9999 -9999 -9999 -9999 -9999 -9999 -9999 -9999 -9999 -9999 -9999 -9999 -9999 -9999 39.8143819095 36.9236200079 36.5616279335 32.7432720554 32.5960883066 29.7480329115 29.6130425958 28.1301368103 28.2473424137 25.4520759573 27.7662020509 30.2481580799 17.6688682251 28.277377337 28.7307520885 24.071831102 22.4705107643 20.5983862773 20.9005395362 22.9257286314 23.251410138 24.0992710832 22.0545427117 20.2542825098 17.8618539539 19.5212546407 20.3962112009 19.8427672889 22.5016718349 28.773600883 23.3478845529 19.8755611412 17.1625244607 5.97164763968 7.54619513628 8.15349231554
-9999 -9999 -9999 -9999 -9999 -9999 -9999 -9999 -9999 -9999 -9999 -9999 -9999 -9999 -9999 -9999 -9999 -9999 -9999 -9999 -9999 38.9759825344 36.7729562127 36.2642246254 33.4847183659 32.6894241589 30.454823053 31.1160085645 30.3202754508 27.1999395666 12.3058448312 25.5677227082 30.9188192499 30.8791912943 25.151952325 24.672758407 22.4281714938 23.0127346987 21.3281196789 22.7765076903 22.9692364147 22.6829127732 20.8021827994 20.85791488 22.7732659083 22.2927464495 21.3741700756 21.1447299484 17.4775584267 20.8398949218 17.1061819031 11.8900323038 23.8295091636 10.3297165514 10.1909810656 6.43518150573 6.45144807641
-9999 -9999 -9999 -9999 -9999 -9999 -9999 -9999 -9999 -9999 -9999 -9999 -9999 -9999 -9999 -9999 -9999 -9999 -9999 -9999 -9999 -9999 36.6276735803 36.5453791503 34.9714175585 33.5997684941 31.2370952458 32.6208561061 30.9140453373 30.9841897184 29.7918148544 29.8009170013 29.140341119 28.2548181444 26.5718677246 25.632416299 24.833732786 24.4843266091 23.7024366254 23.4818624964 23.3743366567 20.4646109554 20.849378261 22.6481637307 18.6206564962 17.7201407079 16.048642437 18.162515621 20.3730680309 19.1847741371 8.14938994413 14.9458126778 27.4698906554 19.0256054432 6.93332280465 6.09424783591 6.41278343765
-9999 -9999 -9999 -9999 -9999 -9999 -9999 -9999 -9999 -9999 -9999 -9999 -9999 -9999 -9999 -9999 -9999 -9999 -9999 -9999 -9999 -9999 37.2439550983 36.5059402785 34.4935253376 33.7729124559 31.7212932659 32.9896353642 30.7870029549 31.2852992545 30.0076531464 29.9919941289 29.0282922451 27.5100657849 25.6663523733 26.5593097642 24.5212651275 24.3083179827 24.3807984707 24.1965165514 21.4166062435 23.5179135522 20.9691650752 19.2940265853 18.2586418715 20.0427141452 21.9401156804 22.023996835 17.2580557446 16.4081914512 17.7728803683 21.2578589935 14.7495849543 26.5940809451 16.7320627005 14.7717204407 9.47337007098
-9999 -9999 -9999 -9999 -9999 -9999 -9999 -9999 -9999 -9999 -9999 -9999 -9999 -9999 -9999 -9999 -9999 -9999 -9999 -9999 -9999 -9999 37.6418187995 36.8552039007 36.0793397655 34.0699350717 32.5759204282 33.7341977354 31.4948354951 31.8845379965 30.648622888 30.3793161551 29.1427925982 28.0271515705 27.2923159616 26.0389863904 24.9456796231 26.0563162571 24.9771326716 24.6224346443 23.9379339994 22.3240257896 19.4506363077 21.0977910549 22.387175736 22.1477356676 22.332374971 21.134077067 18.6393492031 18.6622907308 20.4177036701 18.7582158446 23.9208006476 26.0806789652 26.7903104724 27.9461451501 17.6217332041
-9999 -9999 -9999 -9999 -9999 -9999 -9999 -9999 -9999 -9999 -9999 -9999 -9999 -9999 -9999 -9999 -9999 -9999 -9999 -9999 -9999 -9999 -9999 37.9022241025 35.7804449121 34.3602939825 32.4128794625 33.2391169767 31.259029173 31.5569415807 30.4892742789 30.8920276668 29.6924418127 29.2424537153 26.8819266781 27.2381417506 26.2865481533 25.8339121568 23.0176777339 24.9151551434 19.7324603331 21.834683788 23.4084578382 23.268704767 22.0039594078 21.1410176914 17.1404404874 16.2412564909 15.6880900452 16.3574977978 14.3315347103 16.143251522 17.6847893168 28.8079729464 20.4352871439 12.4014481793 18.5486974022
-9999 -9999 -9999 -9999 -9999 -9999 -9999 -9999 -9999 -9999 -9999 -9999 -9999 -9999 -9999 -9999 -9999 -9999 -9999 -9999 -9999 -9999 -9999 37.8541404632 36.2647779893 34.423269956 32.394840432 34.2338809613 32.2339058769 32.2734948185 31.2246592222 31.8141580622 30.8084474345 30.2588961518 27.8356843125 27.4129062925 26.3502336865 25.7290674272 22.7043413678 15.7225510229 26.7230536668 27.6983390154 27.3058448512 24.1707580006 19.8003307433 20.3684084701 21.0074280546 22.1372756147 20.4081940227 20.1647118272 21.0851549369 21.4219092293 17.496419907 23.3409524043 15.0050587442 18.6664164885 15.3944707923
-9999 -9999 -9999 -9999 -9999 -9999 -9999 -9999 -9999 -9999 -9999 -9999 -9999 -9999 -9999 -9999 -9999 -9999 -9999 -9999 -9999 -9999 -9999 -9999 37.4993158547 34.7083190485 32.676129155 33.0649524432 32.779041935 32.2304998833 29.012678657 21.7218586924 26.1247676881 30.3135468924 29.263437413 26.9800031487 25.1739037653 27.3762832914 26.2623383862 25.4202511574 28.640741869 25.3831413022 27.349921823 24.7793299437 22.4872788312 21.8307701827 19.0870270974 20.6097835876 21.3695839922 20.3667140347 18.0502297953 18.1361574989 22.1792918608 20.2121938818 22.975933123 15.8240969817 16.216743147
