data/recharge/transience/oldversion/mHM_recahrge_234.ASC
ncols   80
nrows    72
xllcorner    4374000.0
yllcorner    5656000.0
cellsize      500
NODATA_value  -9999
[rows 0 to 24 of 72, columns 0 to 56 of 80]
-9999 -9999 -9999 -9999 -9999 -9999 -9999 -9999 -9999 -9999 -9999 -9999 8.13471773884 8.52650720778 -9999 -9999 -9999 -9999 -9999 -9999 -9999 -9999 -9999 -9999 -9999 -9999 -9999 -9999 -9999 -9999 -9999 -9999 -9999 -9999 -9999 -9999 -9999 -9999 -9999 -9999 -9999 -9999 -9999 -9999 -9999 -9999 -9999 -9999 -9999 -9999 -9999 -9999 -9999 -9999 -9999 -9999 -9999
-9999 -9999 -9999 -9999 -9999 -9999 -9999 -9999 -9999 -9999 -9999 -9999 13.6477785894 10.6558004302 9.08693810008 -9999 9.73845215449 -9999 -9999 -9999 -9999 -9999 -9999 -9999 -9999 -9999 -9999 -9999 -9999 -9999 -9999 -9999 -9999 -9999 -9999 -9999 -9999 -9999 -9999 -9999 -9999 -9999 -9999 -9999 -9999 -9999 -9999 -9999 -9999 -9999 -9999 -9999 -9999 -9999 -9999 -9999 -9999
-9999 -9999 -9999 -9999 -9999 -9999 -9999 -9999 -9999 -9999 10.1970913737 10.1845931957 12.1249552285 12.6225550546 8.87040410535 7.33307783738 5.90337315709 6.01812233267 -9999 -9999 -9999 -9999 -9999 -9999 -9999 -9999 -9999 -9999 -9999 -9999 -9999 -9999 -9999 -9999 -9999 -9999 -9999 -9999 -9999 -9999 -9999 -9999 -9999 -9999 -9999 -9999 -9999 -9999 -9999 -9999 -9999 -9999 -9999 -9999 -9999 -9999 -9999
-9999 -9999 -9999 -9999 -9999 -9999 -9999 -9999 -9999 9.87262442148 10.2552637758 10.0093298684 9.9753474945 10.7025132657 9.42149331142 8.72108559176 7.08392347604 9.5927202034 -9999 10.5518394769 -9999 -9999 -9999 -9999 7.21205474043 7.75199466438 -9999 -9999 -9999 -9999 -9999 -9999 -9999 -9999 -9999 -9999 -9999 -9999 -9999 -9999 -9999 -9999 -9999 -9999 -9999 -9999 -9999 -9999 -9999 -9999 -9999 -9999 -9999 -9999 -9999 -9999 -9999
-9999 -9999 -9999 -9999 -9999 -9999 -9999 -9999 15.3939875948 12.9470554686 10.3191760395 9.78878951967 9.36295784886 8.41843970004 8.61638217548 8.01936592008 6.87775234024 6.52596742754 6.25524071955 7.96422987128 7.65910498067 8.30357523662 -9999 6.69488523293 9.19966279604 8.9223394582 -9999 -9999 -9999 -9999 -9999 -9999 -9999 -9999 -9999 -9999 -9999 -9999 -9999 -9999 -9999 -9999 -9999 -9999 -9999 -9999 -9999 -9999 -9999 -9999 -9999 -9999 -9999 -9999 -9999 -9999 -9999
-9999 -9999 -9999 -9999 -9999 -9999 12.5057214984 10.5285642057 10.6080725859 11.3066622806 12.2623654251 12.5088251375 10.8199702701 10.0224298019 8.40800855154 9.34875755567 7.54488702408 6.94812393783 7.72248125725 7.83838671106 7.34710095273 7.9814326417 7.08015157765 6.79253017367 7.45631075546 7.06671323357 7.53963761638 -9999 -9999 -9999 -9999 -9999 -9999 -9999 -9999 -9999 -9999 -9999 -9999 -9999 -9999 -9999 -9999 -9999 -9999 -9999 -9999 -9999 -9999 -9999 -9999 -9999 -9999 -9999 -9999 -9999 -9999
-9999 -9999 -9999 -9999 -9999 -9999 13.6008134589 12.3185606947 9.84774607051 9.3824511077 8.84385072807 9.20003684425 8.97187244427 8.41841615406 7.81974745909 6.73480011665 6.99990331789 7.47954414547 7.39140987039 6.30466515349 6.62576722966 8.10980053577 7.14777068076 7.053759365 6.32182072461 5.74594104972 7.79785665846 8.80788447457 8.50251549315 7.8101843277 9.78021194078 9.60617333823 -9999 -9999 -9999 -9999 -9999 -9999 -9999 -9999 -9999 -9999 -9999 -9999 -9999 -9999 -9999 -9999 -9999 -9999 -9999 -9999 -9999 -9999 -9999 -9999 -9999
-9999 -9999 -9999 -9999 -9999 16.7763055469 14.3192612883 14.231876011 13.0399691653 14.0444707583 13.1284135041 11.4514355843 8.64632140932 9.50794056231 8.90506414139 8.93756491945 8.23671632444 6.82835869971 8.86569989597 6.48370603552 6.67422138855 6.32506506822 6.60284736829 6.92556804149 6.77472183696 7.21757270965 7.39067207843 7.32481481012 8.01409390657 7.7345539323 7.06623318909 7.63243708986 6.28533967559 5.91483051804 -9999 -9999 -9999 -9999 -9999 -9999 -9999 -9999 -9999 -9999 -9999 -9999 -9999 -9999 -9999 -9999 -9999 -9999 -9999 -9999 -9999 -9999 -9999
-9999 -9999 -9999 -9999 -9999 17.4344714108 15.8467443088 15.9732075663 13.8015469187 12.5531166504 12.1783759812 13.1515677594 10.4802512644 9.67830739315 11.9760965949 13.4815105008 9.75246816312 5.44352353918 8.12960380893 7.41569843616 6.7520933614 7.0549965783 7.9995902854 7.56208039469 6.71001771204 5.81422825903 6.01188272886 5.302093771 6.37932567755 6.53269092537 6.11997738587 6.00522369851 6.22531711895 5.80274115983 6.01688532328 5.56811565447 -9999 -9999 -9999 -9999 5.86643516694 5.58734421305 -9999 -9999 -9999 -9999 -9999 -9999 -9999 -9999 -9999 -9999 -9999 -9999 -9999 -9999 -9999
-9999 -9999 -9999 -9999 -9999 15.9780336353 14.6732591487 15.12192375 14.6213089308 15.6626703443 14.3032341495 13.5316749956 11.8157855245 14.2361504491 13.30192213 11.081099884 9.47661454881 11.8499971239 9.74710403617 10.6589437615 8.25083403547 6.6849827915 6.14774505863 5.77941636909 6.52358695945 6.06951258506 5.70219604893 4.84522408311 6.73377760011 6.20202765394 5.24963671212 5.97502534712 6.10344517508 5.8913069267 5.3038816618 5.93790671317 5.77195932571 -9999 -9999 5.97649500998 6.5993618344 6.2386130123 7.25524148009 -9999 -9999 -9999 -9999 -9999 -9999 -9999 -9999 -9999 -9999 -9999 -9999 -9999 -9999
-9999 -9999 -9999 -9999 -9999 -9999 18.5898508374 20.0746645977 16.5966598927 15.6923427867 13.4352626578 14.9030084642 15.8815507978 16.3945825102 10.6262098261 9.42796689838 9.90890110371 9.5373131871 7.8829751239 7.66608078746 7.68080639939 8.1373649228 7.16670930486 7.94299589213 6.69122166556 5.75182165142 4.31029320085 4.80730158853 4.94395303593 5.06946821645 5.01152654618 5.52163449771 5.00878329131 4.81344094592 5.01797748383 5.46220121782 5.3810141761 4.48653166239 5.83664163854 5.59054388377 5.51082465865 6.99415758233 5.14487190174 4.136959694 -9999 -9999 -9999 -9999 6.64400310508 5.78525714962 2.88031016016 -9999 -9999 -9999 -9999 -9999 -9999
-9999 -9999 -9999 -9999 -9999 -9999 -9999 17.8778786516 14.9915371808 17.3011844766 16.7449391926 15.0297319578 13.0190862085 11.2128366089 10.8289557691 13.5345625739 12.5003168529 11.8960893691 11.1194463173 9.08469110542 7.0682787218 7.13116029048 6.6507753368 6.7464598059 5.95157114557 5.13962493005 4.60051715195 5.27767711923 5.13523953603 4.90904099083 5.08094521451 5.03185101472 5.15867926976 4.83973651895 5.66707017219 5.60118978904 5.50096942724 5.4627768367 5.65739778431 5.63879443442 4.9084381614 4.56478198926 4.39207063807 4.66664217467 4.0442979086 4.65090341725 5.15493195688 4.24589498947 4.1269076745 4.30546173335 4.35162281167 4.04163628695 -9999 -9999 -9999 -9999 -9999
-9999 -9999 -9999 -9999 -9999 -9999 -9999 -9999 13.9645014382 13.1687616972 14.9698774139 16.7428951087 14.9707285456 16.3477314353 14.3951628718 13.2815072437 9.87413762431 9.9393637285 7.86501493244 9.0394826284 11.3405222935 10.7951335675 8.27946707053 6.69826980353 5.97513206433 6.22014272152 4.5434744001 4.89795356211 4.08512814395 3.32183235275 3.75087425841 3.99141990948 4.13960772002 3.75734130972 4.47453177619 4.74694912649 5.00930509945 5.32305279622 4.85662529364 4.71573329882 4.59516502378 4.30822565884 3.90161301565 3.47715277665 3.37184155168 2.98782557893 3.52762689682 3.00684056528 2.76732149444 3.16020613388 3.23539714734 3.55215349521 3.11035850459 -9999 -9999 -9999 -9999
-9999 -9999 -9999 -9999 -9999 -9999 -9999 -9999 17.5109590657 15.2076411636 13.7198370001 13.83380881 13.1010072735 12.9879916468 10.9590841152 10.6548225837 9.7367123884 10.4905251017 9.05426084045 9.91060768801 10.6916805712 10.5013630192 10.1565055235 11.1840161577 8.33016081307 5.30377126351 6.60705715301 5.88224549937 4.2554950515 3.33574442988 3.28941751482 3.67129125707 3.36394204907 3.59576011914 4.49276330978 3.64342053412 5.61600804838 5.05856387585 4.8404490498 4.71351154592 4.62667317429 4.02269775101 3.56043715221 3.54628900034 3.00259702562 2.95691271193 3.46960612014 3.11297633556 2.9728045508 3.4813616031 3.3911742641 3.41529326817 3.54459524957 4.05565498844 3.41456137272 3.75489270895 -9999
-9999 -9999 -9999 -9999 -9999 -9999 -9999 -9999 -9999 19.4962509286 16.8065591808 13.2617661565 13.3647071262 14.1026239369 12.8055047892 13.0371247874 14.2989001098 15.1691544178 15.0576749538 15.1537220788 13.2326873955 10.290404648 10.1896695957 17.0879464749 12.2114222109 9.81116559403 5.90344599497 4.7517642652 2.99388629857 3.85637365139 3.53111929415 3.71226497614 3.47102545967 2.87001123979 3.68834810505 4.51437738057 4.69686133106 4.32334983351 4.03125442309 4.09777695003 3.92878542994 3.92794310912 2.75542901195 3.99890648985 2.79721424646 2.2606221241 1.97260359957 1.98587107435 2.40982442552 2.4376868397 2.58642147569 2.45997595865 2.92616972971 3.34907269997 3.74822951289 2.41503732105 1.8120057774
-9999 -9999 -9999 -9999 -9999 -9999 -9999 -9999 -9999 -9999 14.875474432 14.9270854334 12.9208954854 13.6175748633 11.7312069091 10.7125249943 10.3784412244 13.5955098657 11.2447435981 9.18398458833 8.27908185695 7.86273603484 6.41643062661 8.73795383128 8.00191380062 9.8260033772 7.69982071381 5.93479586707 3.52677807619 3.78541251216 3.70956398256 3.73930754829 4.17614587889 3.42446085167 4.47752682287 4.18202500911 4.52918275789 4.32889825632 4.08030733155 4.11717422143 4.22317909775 4.19308979467 3.42319885918 3.38346500741 4.52449364972 4.36341288891 3.39823960267 2.3308325363 2.89717063396 2.82178730729 3.12753088926 2.96450185768 2.61024663871 3.29718693274 3.03307465372 2.33838467272 1.77451275507
-9999 -9999 -9999 -9999 -9999 -9999 -9999 -9999 -9999 -9999 -9999 11.1925509828 10.9393305825 12.3810684738 11.3572021245 10.096001044 9.87842259688 9.70877979767 7.68019186258 8.57049623272 9.23495132087 8.97870161971 6.34654032156 5.01248412813 4.67455773516 3.76385451628 5.31532068778 8.4120644579 7.57912490961 3.85427155981 2.89470239185 3.56460901363 3.6010390042 3.71498843102 3.66434615682 3.12317986332 3.76885592517 3.72787675091 3.9084134747 3.90496735853 4.21732420794 3.75155462046 3.86931007831 2.941542968 2.47512600556 2.17216894595 2.69087182752 3.37971992458 2.83539540345 2.80985706817 2.47120141759 3.0557386941 3.14911287868 2.88488973335 2.47522810763 2.49629080306 1.69572755869
-9999 -9999 -9999 -9999 -9999 -9999 -9999 -9999 -9999 -9999 -9999 9.6488013253 11.8750888202 10.811170611 11.4325623282 10.2237121596 8.14429039733 7.59088014673 8.66606164118 8.79149975536 8.3893751643 9.72454304678 6.45897248749 5.75262396006 5.57651649764 6.37117188792 5.4488827468 6.52936416843 5.00059501444 5.31840593134 6.62810679836 5.75294878803 2.61415547076 3.13796112197 2.80768864651 3.0683912815 3.74510312063 3.84420472761 3.75416166727 3.87361341676 4.77290660974 4.61280012085 3.53994275702 3.61734194914 3.1565663588 3.16227223184 4.60661225491 5.65876545144 5.07202265137 3.13263606087 3.71279647015 3.51787066137 2.37220013691 3.3678974854 3.38775783132 2.8893096946 2.69653447936
-9999 -9999 -9999 -9999 -9999 -9999 -9999 -9999 -9999 -9999 -9999 16.8601557291 14.681719424 13.6738280488 9.33319277845 9.91110528305 7.66576302624 6.1358360492 6.63910240357 7.21705056446 7.01964352039 7.23667368281 5.63708022967 4.64316985652 4.33978214526 4.33450164129 3.95480409638 3.82870849402 4.01864461415 3.87620164975 3.93596412135 6.26315463174 7.74147511345 7.37043044013 3.31079931043 1.68939672079 2.59038981472 1.68378552456 3.03226761261 3.22900667311 3.7873114038 3.9737284759 4.60043466846 5.32641571673 5.88988741138 6.63082977381 4.25425711719 3.64049095427 3.61668402869 3.66380816884 2.98707460234 3.54749780228 3.96013359045 4.8009250788 4.40517406594 3.85230743196 2.95115998185
-9999 -9999 -9999 -9999 -9999 -9999 -9999 -9999 -9999 -9999 -9999 -9999 11.1832557543 12.8655308757 11.4485815947 10.2804111772 8.41440564294 7.26470018953 6.16814665461 7.50585015295 7.32867800344 6.77187049278 6.17779845711 6.05435969943 4.69591257598 4.85152867775 4.06643266739 4.27891463213 3.86905863575 3.59876055154 3.52315546188 3.78210372762 3.19024705551 3.17435075208 4.36673935608 1.5534829843 3.19799411877 1.98565232069 2.17724936562 3.62460501902 4.13674563923 4.01589705895 5.88080098485 6.89996797881 7.42914684394 7.11247055055 4.75040094086 3.71373008881 2.55915512068 3.05446492362 2.73561526271 2.13211939339 1.76912880684 1.79840858186 1.71112371359 2.41744660183 1.42764139789
-9999 -9999 -9999 -9999 -9999 -9999 -9999 -9999 -9999 -9999 -9999 14.6855470398 13.9591525891 15.3179858585 14.9952269837 11.3777146619 9.68878908464 8.86867212837 6.61821908465 7.43857989562 5.70000663085 5.56207782374 4.71365887074 4.89044624611 4.70348120471 4.5936977117 3.75373444238 3.51874791128 3.48708988574 3.30567391854 2.97257775927 3.15817952278 2.86070222142 2.80890610126 3.10209184748 2.85488640378 3.16204021735 1.39090823153 1.31355962705 2.9724155133 3.72255362569 3.46491487775 5.95054145793 7.33979774801 9.50016552932 9.46375658164 7.25140114639 6.18725534333 3.9592419682 4.01450692108 2.53358392362 1.43354958657 1.25015065425 1.26664799019 1.17832118769 1.37737697893 2.41499471888
-9999 -9999 -9999 -9999 -9999 -9999 -9999 -9999 -9999 -9999 -9999 15.5042142307 17.77357869 17.1890445232 12.4181636636 11.562519153 10.5792436231 9.82757180713 7.42518680323 7.70307863859 7.89559529562 7.03370574713 5.19326446499 5.36720403894 5.05124389671 5.10271894891 4.2726720292 4.85153114185 4.26629043046 5.49363458572 4.68925821351 3.26426214074 2.77906446544 2.81271408499 2.97537363494 1.8304865719 1.87232325603 3.13926129893 1.72609073712 2.56567127595 3.214562571 3.57419082603 5.00528433522 5.21420491556 5.62863604422 5.26943957813 5.99064906141 6.19666330001 4.98194874062 4.7493738016 2.3799425772 2.60035394467 2.17946431476 2.00142160204 1.87827989413 1.65733298521 1.15369264609
-9999 -9999 -9999 -9999 -9999 -9999 -9999 -9999 -9999 -9999 -9999 19.7883504277 19.2458097541 16.8434843209 16.1695499864 15.7971867953 10.2312893312 10.6306448778 9.56148354785 9.70500185382 6.88029320683 5.44329366365 8.45915481541 7.86614880616 5.36047260424 5.34652744672 5.71500493482 5.04028162348 3.62869260694 3.1112615662 3.09477966614 4.85722786539 4.87653536978 4.41633320552 3.23546997019 1.27428105774 0.752407184525 0.438056313814 1.48899628325 1.28907297 3.87724978263 3.96705389989 3.59616178001 2.99578091829 3.15180267632 3.15217311962 4.20738112268 4.31801795201 3.78189091285 3.49081344829 2.16470504769 1.6031260574 1.22681982865 1.15544650281 1.09277777425 1.35580054181 1.79606065205
-9999 -9999 -9999 -9999 -9999 -9999 -9999 -9999 -9999 -9999 -9999 -9999 19.8298401371 18.7547836599 14.9743240901 14.3540657754 11.423990651 11.5605565284 9.04829537898 10.0329236669 8.45489120383 9.7445209611 6.23870025232 5.10704590476 4.8267373566 4.71219253667 3.56353588762 3.89003503534 3.30334007092 2.6927565065 2.03677012459 2.48704087306 2.5777113849 2.89732338812 2.84568604468 1.62998276015 1.09613869299 0.634869862667 2.0471490944 2.55859935208 3.68747760331 3.21865434499 3.71065706647 2.89911521455 3.16210742263 3.20137076122 3.52192319213 3.93210513478 3.35988483606 3.33837124653 2.81897143306 1.79500397264 1.58205100556 1.99414981666 1.31656252597 1.34668547275 1.22558977323
-9999 -9999 -9999 -9999 -9999 -9999 -9999 -9999 -9999 -9999 -9999 -9999 21.9786313687 19.2094417229 16.3774727013 14.2783323341 10.7635016649 11.9258647998 10.2437092583 9.25684890598 8.80117810608 8.00791046265 6.89644999009 8.0934983859 5.9648957173 6.77005746885 7.01472968901 6.19142042702 4.57536738704 6.13049996919 4.45956450193 4.85056916751 5.62954799633 5.54410582938 3.07742908156 1.81897074755 1.11768186918 2.15519131207 3.6092664964 2.61770943894 3.89737219643 3.0018828838 2.66009022673 2.59772429481 2.59819582808 2.63898584214 2.61290827729 2.80801742114 2.48955816682 2.6054771312 2.47520027209 2.15845541092 1.86551697294 0.800121740214 0.601419616435 0.881179789423 0.573311704932
