data/recharge/transience/oldversion/mHM_recahrge_306.ASC
ncols   80
nrows    72
xllcorner    4374000.0
yllcorner    5656000.0
cellsize      500
NODATA_value  -9999
[rows 0 to 24 of 72, columns 0 to 56 of 80]
-9999 -9999 -9999 -9999 -9999 -9999 -9999 -9999 -9999 -9999 -9999 -9999 38.5414243892 40.0110423989 -9999 -9999 -9999 -9999 -9999 -9999 -9999 -9999 -9999 -9999 -9999 -9999 -9999 -9999 -9999 -9999 -9999 -9999 -9999 -9999 -9999 -9999 -9999 -9999 -9999 -9999 -9999 -9999 -9999 -9999 -9999 -9999 -9999 -9999 -9999 -9999 -9999 -9999 -9999 -9999 -9999 -9999 -9999
-9999 -9999 -9999 -9999 -9999 -9999 -9999 -9999 -9999 -9999 -9999 -9999 35.3966416359 33.0855108107 31.6923621236 -9999 31.8867731302 -9999 -9999 -9999 -9999 -9999 -9999 -9999 -9999 -9999 -9999 -9999 -9999 -9999 -9999 -9999 -9999 -9999 -9999 -9999 -9999 -9999 -9999 -9999 -9999 -9999 -9999 -9999 -9999 -9999 -9999 -9999 -9999 -9999 -9999 -9999 -9999 -9999 -9999 -9999 -9999
-9999 -9999 -9999 -9999 -9999 -9999 -9999 -9999 -9999 -9999 33.1707070675 32.8929524877 34.1008431095 33.5417007603 29.5034284594 27.8862247087 25.0992515315 25.3858678387 -9999 -9999 -9999 -9999 -9999 -9999 -9999 -9999 -9999 -9999 -9999 -9999 -9999 -9999 -9999 -9999 -9999 -9999 -9999 -9999 -9999 -9999 -9999 -9999 -9999 -9999 -9999 -9999 -9999 -9999 -9999 -9999 -9999 -9999 -9999 -9999 -9999 -9999 -9999
-9999 -9999 -9999 -9999 -9999 -9999 -9999 -9999 -9999 33.3452260345 32.8163671441 32.3788609474 31.6965597027 32.4219349717 29.995029902 29.3882061189 26.6789323502 30.5654530533 -9999 31.1967827348 -9999 -9999 -9999 -9999 27.5398194249 28.6866483726 -9999 -9999 -9999 -9999 -9999 -9999 -9999 -9999 -9999 -9999 -9999 -9999 -9999 -9999 -9999 -9999 -9999 -9999 -9999 -9999 -9999 -9999 -9999 -9999 -9999 -9999 -9999 -9999 -9999 -9999 -9999
-9999 -9999 -9999 -9999 -9999 -9999 -9999 -9999 37.1144468382 35.2447598642 32.0335794229 31.4013979518 29.6023092453 28.3749212145 27.4568622337 26.8206251133 24.5227650506 24.3020290805 23.9232508563 26.0882067458 25.3090254664 26.2831641173 -9999 25.00293099 29.0625952128 29.1172504115 -9999 -9999 -9999 -9999 -9999 -9999 -9999 -9999 -9999 -9999 -9999 -9999 -9999 -9999 -9999 -9999 -9999 -9999 -9999 -9999 -9999 -9999 -9999 -9999 -9999 -9999 -9999 -9999 -9999 -9999 -9999
-9999 -9999 -9999 -9999 -9999 -9999 36.1465756778 34.0870878263 33.4251548865 33.9695679475 33.8035011415 33.6679432444 31.2237795349 30.5191919235 27.2775223543 28.5074845974 25.2575002121 24.3090753943 25.5217253359 25.7359757897 24.7848804541 25.6994709454 25.0359672341 25.0448222401 27.1214413802 26.6917884541 27.9301409003 -9999 -9999 -9999 -9999 -9999 -9999 -9999 -9999 -9999 -9999 -9999 -9999 -9999 -9999 -9999 -9999 -9999 -9999 -9999 -9999 -9999 -9999 -9999 -9999 -9999 -9999 -9999 -9999 -9999 -9999
-9999 -9999 -9999 -9999 -9999 -9999 35.8941330916 34.703174298 31.6460777557 31.0389215316 29.299148106 29.6942771336 27.8770252314 27.27487324 24.8377200558 23.0877583916 21.7871097159 20.9436935311 22.3200486754 20.7746964326 21.8426391666 24.2417916718 23.7366916214 23.6334427584 23.8921020059 22.9125023135 27.3353741809 28.4071727065 28.5655940731 27.7044399047 29.9371817899 29.8944812327 -9999 -9999 -9999 -9999 -9999 -9999 -9999 -9999 -9999 -9999 -9999 -9999 -9999 -9999 -9999 -9999 -9999 -9999 -9999 -9999 -9999 -9999 -9999 -9999 -9999
-9999 -9999 -9999 -9999 -9999 38.3329983531 36.2397828167 35.8578276424 34.2166147698 34.902729107 33.4933800485 31.9331775706 27.2342873727 28.4319567414 26.3740740401 26.4203873347 21.5447825387 13.3527013346 21.2907336247 21.0175168842 21.9408014797 21.3015407066 22.8048960266 23.3395035627 24.4251099545 25.0411802886 26.7302925707 26.7104092333 27.7572791932 27.4334049116 26.5859086277 27.4895782998 25.5223411158 24.9369912302 -9999 -9999 -9999 -9999 -9999 -9999 -9999 -9999 -9999 -9999 -9999 -9999 -9999 -9999 -9999 -9999 -9999 -9999 -9999 -9999 -9999 -9999 -9999
-9999 -9999 -9999 -9999 -9999 38.5573354992 36.2918908865 36.5061995915 34.261939888 33.3741134608 32.2155999469 32.9487118395 24.2186289827 20.3992253277 29.6535094893 30.9319231624 24.1978889479 10.9363085996 17.9005521403 20.6663448769 19.9653813245 20.8371176612 23.7175786297 23.0904887237 22.5659170454 21.2074176173 22.9405195053 21.7188755707 23.7551847815 23.8259565801 23.1469497601 23.4394411358 24.2243234731 23.5348534359 24.0959113553 23.2478419624 -9999 -9999 -9999 -9999 22.8904365358 22.4658274884 -9999 -9999 -9999 -9999 -9999 -9999 -9999 -9999 -9999 -9999 -9999 -9999 -9999 -9999 -9999
-9999 -9999 -9999 -9999 -9999 37.6672431436 36.0976846524 35.994980411 34.6439729026 35.5477848504 34.0359191811 33.5066167974 30.5392665567 31.953252514 31.0485020922 28.8754931404 25.1469661456 27.869845572 24.5517367095 25.7542562486 22.5769706505 20.2590950628 20.5650564248 19.8013223834 22.2482991441 21.5350657226 22.3072256964 20.6431038876 24.4814981708 23.2685770025 17.6127631967 22.0281317162 23.9780409033 24.1098562975 23.4161573847 23.8712901642 23.3711367206 -9999 -9999 23.8840031755 24.2955410266 23.7184323058 24.7693704194 -9999 -9999 -9999 -9999 -9999 -9999 -9999 -9999 -9999 -9999 -9999 -9999 -9999 -9999
-9999 -9999 -9999 -9999 -9999 -9999 38.6396969472 38.9781107241 36.2592857722 36.0980525531 33.4449085622 34.2997050331 34.10197865 34.3594629826 28.0025660301 26.576087069 26.0415407029 25.6580388973 22.4131174363 22.0562650919 21.7467750497 22.4477869913 21.3328243274 22.6430554587 21.3074523299 19.4645780632 17.5443533146 18.4881333501 19.4629445629 19.3648583326 19.8181618727 20.4386430658 20.5249171775 19.6032529835 20.4160403077 21.3600420789 22.1869867778 20.1568518763 22.4538794932 21.9598369014 21.293562946 23.9427416784 20.5092364889 18.136497468 -9999 -9999 -9999 -9999 21.6242566806 20.1489704607 6.96365120946 -9999 -9999 -9999 -9999 -9999 -9999
-9999 -9999 -9999 -9999 -9999 -9999 -9999 38.8364310119 35.4708260334 36.5340901642 35.5101719175 34.8109089953 32.2395853507 30.3809622049 28.8538649787 31.2763649099 28.8503382958 28.183150679 26.5345128337 24.0747562349 20.6519945639 20.7516828293 20.3920507501 20.6017420658 19.8869994273 18.1342927515 17.6813058839 19.2422361396 19.5077965944 19.052590037 19.9596872898 19.7020720866 20.6288818908 19.7896630354 21.7665010084 21.6572113157 21.7443209452 21.8711030934 22.1237328692 22.0681474044 20.6332904203 20.0092879156 17.5086666882 16.4322964851 14.8013054193 16.0129786509 16.5438263042 15.0874767746 14.3923534997 16.6048257113 16.6534365175 15.7499106561 -9999 -9999 -9999 -9999 -9999
-9999 -9999 -9999 -9999 -9999 -9999 -9999 -9999 34.8072733413 34.309471415 34.6693717153 35.5833164993 33.3614575059 34.5670383231 32.5709746552 31.5511496805 26.2573373461 26.4484479979 22.6153765036 24.2563240193 27.0851829861 26.5157752504 24.3895582609 22.897824186 21.5136519055 22.2853827467 17.919493331 16.7347090693 15.5674321443 14.1889712791 14.6798838441 15.6529417806 16.3836403796 15.6471405057 17.7361646246 17.8185066717 19.1054700932 19.8031210106 18.9861002574 18.6687381863 18.2584279818 16.9595852147 13.9980093651 13.2312659449 12.5362254211 11.8010520253 12.7927374252 11.8237604779 10.8539637382 12.7818188293 12.3603591861 13.2701330714 11.0518103753 -9999 -9999 -9999 -9999
-9999 -9999 -9999 -9999 -9999 -9999 -9999 -9999 37.0461974108 35.7825089911 33.7345231946 33.9238590763 32.2380155487 32.1781498931 29.020107882 28.5059461362 26.0481938699 27.0450216293 24.2962902553 25.3652312343 26.4571447149 26.2235012039 27.7934416918 29.2886493725 25.4154284984 20.3020576268 23.1508515848 20.4544157684 16.4249862871 13.9055016814 14.0985932791 15.075216224 14.9023388145 15.4007718278 17.4549084041 10.0907341074 20.3817962959 19.2576949069 18.9345816862 18.6574131131 18.0895653665 16.6765750265 13.4117442251 13.3566289555 11.8441625426 11.7512544691 12.6879556819 12.0250777712 11.5520862087 13.7059961728 12.7402808326 12.8003372505 11.6983807253 12.592970423 10.0966171061 10.8355591077 -9999
-9999 -9999 -9999 -9999 -9999 -9999 -9999 -9999 -9999 37.1903105428 35.1547519643 33.1193198177 32.365858312 32.9553777188 30.8561495866 31.0723360728 31.4537108177 31.7978412464 31.4748842433 31.6331798794 30.0143967405 26.8664760489 27.5080012852 37.9844046629 30.777755435 27.7074562982 21.0400614146 18.99955693 14.2705144992 13.5706994663 12.9084191393 13.498115029 13.1168853592 11.8586409195 14.7252939486 15.7174991994 17.0994189529 16.263239791 15.6080361529 15.7594173543 15.1992750057 15.4103426553 11.4351108147 13.4117790977 10.7092917745 9.5926004567 8.4096249264 8.52354700764 9.61478917731 9.56899029606 9.34687938742 9.01477990415 9.20197506925 9.84613088026 10.0103188534 7.98544886939 6.03922254388
-9999 -9999 -9999 -9999 -9999 -9999 -9999 -9999 -9999 -9999 33.9378899092 34.2237562697 32.0087154805 32.5739764117 29.7015109984 28.5501469083 28.3848274659 31.698956153 29.1173279378 26.5207619224 24.8370604361 24.1733021976 21.2112260321 26.9072748382 25.0253460619 27.7308328029 23.6836898204 21.0745156342 16.1554849289 16.3819321741 13.3175498772 13.3847760176 14.6850045382 13.0001124904 15.9648205936 15.2951108988 16.7211449686 16.2727667553 15.7277957176 15.8161065423 15.8838288541 15.8355993639 14.1431897321 12.9595192838 13.9179885029 13.4316645581 11.3286201409 9.32941062503 10.7176319217 10.5819863781 10.6820123329 10.2768963355 8.71026725827 9.85251790835 8.48342600315 7.7813881578 5.95552880545
-9999 -9999 -9999 -9999 -9999 -9999 -9999 -9999 -9999 -9999 -9999 20.2250586319 23.9715029593 30.8389921815 28.8039676448 27.6084900969 27.634345614 27.4561481007 23.33132889 24.5510022621 25.0248791367 24.7069850974 20.0287631535 17.5664904433 17.8192700943 17.5225921923 19.4277849463 24.6205059981 22.9882143767 16.9953361169 15.1889321222 12.9623106215 12.6232705371 12.8037330458 13.5405597196 12.0686485957 13.5195393477 13.4170360904 14.1270550489 14.1255455408 14.7375885553 13.7561744447 13.9431228384 12.1225032312 10.1205193708 9.1889381199 10.0547795738 11.2499030138 10.1151936353 9.65083772242 8.15926299784 9.31865821911 8.36442228315 7.74805926921 6.18006900048 6.34981598582 5.11461638836
-9999 -9999 -9999 -9999 -9999 -9999 -9999 -9999 -9999 -9999 -9999 18.5687658672 25.7218679337 28.8351152794 28.756007319 27.7250142302 25.0223745341 24.0488858705 24.508867837 24.6808446564 23.835415429 25.7103553553 20.5209825854 19.208546672 18.0362619923 19.1504681168 19.1008519769 22.1836763338 18.9069560323 21.223530484 21.4179433383 19.7268275625 14.0684739863 15.3885837277 14.0698253642 12.2483719545 13.4532263808 13.7063660589 13.7446995012 14.1528829009 15.5607211717 15.6781051075 13.2211384696 13.3531214544 12.2129233497 11.429002395 13.0076730491 14.4656780441 12.9352579702 10.2022016288 10.496935638 10.4617704844 7.65149768447 9.04794484417 8.06370357834 7.04377050217 6.15081695794
-9999 -9999 -9999 -9999 -9999 -9999 -9999 -9999 -9999 -9999 -9999 35.0459810279 32.1187298546 31.3482366526 25.3937145408 26.4123360637 23.1176808858 20.5728783746 20.5921158123 21.239810538 20.8284809351 21.2428406134 17.4952657927 15.8513959566 13.9457264706 13.7877211593 12.7977153451 12.4828429351 12.8786947989 14.624547765 16.3919094781 20.9111081123 22.6536865742 21.9173485789 14.9326209852 9.50348794276 12.5959611659 11.0895525193 11.4108401605 10.3320878484 9.53467792302 13.1949782552 14.7350778601 16.1036432325 16.9717697337 17.8669000538 12.4824138003 11.5442420392 10.6993206753 10.71638884 8.98509208941 9.90664470219 10.1493939057 11.7197505206 10.0413243706 8.53950158195 5.83753127817
-9999 -9999 -9999 -9999 -9999 -9999 -9999 -9999 -9999 -9999 -9999 -9999 29.0069051261 30.5710314944 28.1134475542 26.5466214515 23.7455300211 22.2936975749 20.0272125771 21.6855666462 21.4225369428 20.332996945 18.457971834 18.2456593693 14.6339796038 14.9932183497 13.0743419907 13.5838621685 12.5129771687 11.8436626855 11.7706801572 12.4099590376 12.509105275 14.5302450287 17.1448106556 9.38155505542 14.5733019147 10.8988526186 13.0067928513 12.0380001161 13.4782575493 13.3700093489 16.995851056 18.5260791567 19.2833122488 18.8308789759 13.9725170431 11.659353949 8.85951085626 9.7096265918 8.50250919531 7.3254883471 6.14032721943 6.28063419037 5.41694047838 7.75642291684 3.73915091307
-9999 -9999 -9999 -9999 -9999 -9999 -9999 -9999 -9999 -9999 -9999 32.9748638406 31.980952133 32.6302390708 31.4961815265 20.2511655846 23.3359438381 23.7816566391 19.2862283894 20.4885213094 16.8653253838 16.5633889812 14.1953789699 14.6041983906 13.7227945164 13.4785592382 11.2397079768 10.7592269808 10.5778247555 10.1330511405 9.25671100748 9.71506095561 9.03847670017 8.9047272082 9.73857891087 13.2775408243 12.9210773831 7.87824339499 7.72035590062 10.004437378 11.3973017148 11.3803314969 17.0613929016 19.2991799228 22.2934340852 22.241145271 18.0405744819 15.5297568988 10.993607561 11.11108818 7.68774142341 5.08387419709 4.16071637891 4.20458364019 3.61556001217 4.14135020399 6.05413011047
-9999 -9999 -9999 -9999 -9999 -9999 -9999 -9999 -9999 -9999 -9999 33.7895243524 34.7601824997 33.9958994763 29.1547173631 24.3593194991 25.884616901 25.2418972869 20.4815620553 20.8336047223 19.5482578488 18.101931018 15.1394399942 15.6555321271 14.475659947 14.6698218291 10.6324191091 11.7428636186 12.7958802712 14.8801194148 13.1397028256 9.97293710987 8.82852279016 8.9141947874 9.42509816724 10.2159560338 9.4333515254 12.7065586099 8.51495554588 11.6129502482 10.3082665979 11.8126644067 16.1012037251 16.0523190711 17.0113378774 16.306278172 16.2809645237 16.6502519598 13.3513043926 12.8807825154 7.25798583023 7.65182405234 6.30779557889 5.94599666325 5.25985858764 4.78063080679 3.31596389685
-9999 -9999 -9999 -9999 -9999 -9999 -9999 -9999 -9999 -9999 -9999 36.0777541662 35.5859331809 33.7555178972 32.6014327219 32.3094379842 26.2731087747 26.948070964 24.2752127481 24.2460719921 18.4397606854 10.3876432827 19.7155558277 18.6764601926 14.0981218124 14.0905407018 14.5533801146 13.9875371664 11.2537239965 9.90590495461 9.59245997925 13.0338119373 12.7328437307 11.8305936062 8.98742870833 7.71884252721 4.90031716678 3.35569675904 7.21134622327 7.66905407115 10.9531644445 11.1396669347 11.2711284735 10.1623793336 10.732089402 10.7091282904 11.9611396109 12.1517592876 9.69300381333 9.06031243815 6.28886130954 4.93177550696 3.59426703178 3.41505311981 2.95803976972 3.49455517351 4.26226607772
-9999 -9999 -9999 -9999 -9999 -9999 -9999 -9999 -9999 -9999 -9999 -9999 36.2739701279 35.075617939 31.9401856883 31.5074356256 28.018039708 27.8869855358 23.4039354778 24.6525639022 21.9980277012 23.56531974 16.4520848739 14.2461828504 13.315758428 13.1384134353 10.8900966614 11.4336292825 10.1783782068 9.04875810991 7.47003311187 8.53768129375 7.69775634121 8.48584077184 8.10323382905 8.74330064263 6.20822817194 4.24535038917 9.0992617175 11.2006882905 10.473139047 9.41349544181 11.2351784003 9.69417499531 10.5256654477 10.705070055 10.7512870856 11.3246475815 8.85065667407 8.71844952581 6.7029248776 4.89245171419 4.7469138931 5.5704840488 3.81147737486 3.68979565568 3.19274422079
-9999 -9999 -9999 -9999 -9999 -9999 -9999 -9999 -9999 -9999 -9999 -9999 38.5198271896 35.888634459 33.4319857637 32.7463596519 27.9686264249 29.2142731238 25.8781704967 24.6442674007 22.7052387938 21.413285151 18.1419667525 18.4300862201 15.1355882873 16.2475456577 16.090564376 15.023723962 12.1634568631 14.3334508882 11.4571952601 12.0659783805 13.7873189753 13.557842922 11.5026486839 8.0331768957 5.6733784725 8.73263472835 12.3337468052 10.4496654904 10.3978141233 8.01373789597 7.09539026664 6.96745478262 6.87419661053 7.01296432262 6.74614965604 7.14598834224 5.83669883082 5.97149106673 5.10837032824 4.72615706688 3.92773892103 2.84962105476 2.11578455691 2.8707653908 1.65904789175
