data/recharge/transience/oldversion/mHM_recahrge_524.ASC
ncols   80
nrows    72
xllcorner    4374000.0
yllcorner    5656000.0
cellsize      500
NODATA_value  -9999
[rows 25 to 49 of 72, columns 0 to 56 of 80]
-9999 -9999 -9999 -9999 -9999 -9999 -9999 -9999 -9999 -9999 -9999 -9999 28.5513465607 27.4472157849 24.096712934 24.7283832339 21.3036754132 20.907202269 19.220650992 20.418218953 18.4692643078 18.0272630028 16.6930743187 14.4874755978 15.0160410404 13.2035601403 18.7387868766 16.4881210374 7.80360080061 6.70373555071 5.4440026028 4.98964569317 6.41645580399 7.08859846928 3.92811509816 8.57832009619 20.3867790423 4.64895716218 2.45352123065 3.1291462887 2.88447851128 2.67955203443 5.81277253839 8.74680047307 8.59818841381 8.74164826502 8.7855470426 8.74755571174 8.29225609646 8.76192953681 7.37623849697 3.36263392868 1.18797374116 0.905292224254 0.980715759891 0.897086768633 0.810158263588
-9999 -9999 -9999 -9999 -9999 -9999 -9999 -9999 -9999 -9999 -9999 -9999 -9999 25.9950188475 25.2883610601 25.2534687169 23.3284769722 23.2961187212 20.4467468766 19.6949056341 18.4715942216 19.3066685768 18.4968797646 15.7868700818 16.6276235658 12.7491299455 11.4940520884 8.74769008102 7.4870433924 8.23948506272 6.3013230589 5.87426202096 9.12848449497 2.8036830493 7.34252777479 5.70529153151 14.6870881909 2.88290874301 3.43342748679 2.61915665169 2.20256740694 2.54821089595 1.40804089782 2.14774182184 2.78661759219 4.39463175712 6.87511716511 6.6822005098 2.81699395775 1.36067631896 0.916915144318 0.959296622899 0.969064738805 0.985486538543 5.32959108262 1.00796541046 0.645468484459
-9999 -9999 -9999 -9999 -9999 -9999 -9999 -9999 -9999 -9999 -9999 -9999 -9999 -9999 25.0239046538 24.6465122039 21.9299954548 22.084124964 20.2492347505 20.9817389534 18.661373545 20.0984798058 18.3967087238 17.9821629358 15.2332619679 14.9619855868 14.8830219353 14.7405100317 8.56547117337 6.81605509442 6.60666422496 15.6699505826 12.4013816824 4.57801865442 3.01382063726 7.54821777342 11.2140235392 2.71721394414 5.61892083819 6.043653278 3.34688949959 3.48761691809 2.33150537661 1.66783338705 1.16877939256 1.38282752106 1.7719215199 3.5397425267 1.13153109364 1.16104393699 1.02450729513 0.775917799188 0.673828399375 2.34605541334 5.94118403015 8.52659517284 5.85466537193
-9999 -9999 -9999 -9999 -9999 -9999 -9999 -9999 -9999 -9999 -9999 -9999 -9999 -9999 10.9619733549 22.7814286072 22.9712617245 22.906361407 21.272788587 21.5510739668 20.3694820585 20.4855850454 17.9647285843 19.6006998276 18.5356835547 18.9025677823 15.1622502202 15.389877808 15.0935292428 14.3380179124 11.2577410151 8.36785477701 11.3534138416 12.495883189 3.46688669754 7.96081500218 13.0386797862 3.31901240579 4.28169325543 5.4023422247 1.90144591911 2.17095403654 2.05849228651 2.12918685789 1.59233754526 1.24067186384 0.614151654255 1.99071111996 4.38905491178 1.56273602454 1.17150302903 1.38811344312 1.47036213505 0.851224619793 1.53154613101 7.19753167558 4.01476090475
-9999 -9999 -9999 -9999 -9999 -9999 -9999 -9999 -9999 -9999 -9999 -9999 -9999 -9999 12.4615750029 19.2174807906 23.2032509154 24.3402334772 22.2488697577 22.0208222845 20.0837585166 20.6449047263 19.6900272765 19.0502171464 17.1085833033 16.6707533781 16.4189802095 16.3070299897 13.7508583237 14.6771026202 12.98407798 12.3808585877 10.8087372283 8.55025780504 13.7648048942 7.92985089985 11.1550390023 22.759297611 6.09010479924 5.61043813311 1.87322931664 2.21244379304 1.82743973403 1.87594091391 1.15101127636 1.27649011978 0.903473846515 1.27568338759 2.5633600572 2.72509898167 1.6317774954 0.731655683392 1.23973385906 1.11728633263 0.728091720341 0.938063270839 1.12665490868
-9999 -9999 -9999 -9999 -9999 -9999 -9999 -9999 -9999 -9999 -9999 -9999 -9999 -9999 29.3781807798 26.7763168624 24.9236942051 25.7566620664 24.8583525283 24.5020495781 21.4067012535 21.2162420631 19.5572299524 19.4200970834 16.3871516879 17.0680707855 15.20953919 16.9768949474 15.3319476221 14.5804933481 13.4057534538 14.3894071787 12.5975070911 9.10188225931 8.90002451159 8.95191671893 7.92309831797 17.0625429559 6.66258138055 9.29866585069 6.76401520938 1.98847816468 1.27612328414 1.39898145307 1.04839130429 0.968783646861 1.58888330546 1.54775061808 4.41177985668 5.41300514654 2.93932888833 3.62481885227 1.63948813312 2.06930001009 1.84688227173 1.44044662686 1.64360807897
-9999 -9999 -9999 -9999 -9999 -9999 -9999 -9999 -9999 -9999 -9999 -9999 -9999 -9999 -9999 25.371205089 24.0548650134 24.7962942209 31.245457253 25.0875856008 19.9612856745 20.0198774341 19.6441690399 19.6619441323 16.5675432111 17.4602835723 15.6921554904 16.1878327195 12.2315534158 15.0603653251 11.6887071151 11.6526843664 10.1235348971 12.8876542456 9.28524952808 9.33153840449 8.51763133311 8.4250141216 7.92533071101 6.81883205018 5.25719113137 8.71590424054 0.355571422576 0.513677329449 0.804350044988 0.518191860218 0.370468306471 0.436562746049 0.69503203132 1.12443734644 0.969752134509 0.855528650328 1.34880994274 2.81098115239 2.43486199515 2.37546948158 1.79129335763
-9999 -9999 -9999 -9999 -9999 -9999 -9999 -9999 -9999 -9999 -9999 -9999 -9999 -9999 -9999 -9999 23.3760987117 22.8240949826 21.4133877153 23.6802922892 22.8049490986 22.3410630909 19.0853835157 17.8472478143 16.9946080426 16.1930829799 13.8223452108 12.9855092516 9.57417285528 15.8171616838 18.6620840203 12.8137869296 10.6291143142 7.15092638501 9.00269939451 9.49418560188 9.00413738094 9.38423753861 9.00849357208 11.9322783072 12.5356136321 9.65086362298 8.43544983154 1.79741989164 0.313302131906 0.215171091268 0.168025729833 0.946038139998 0.900745113158 0.688752655422 0.961934655263 1.67884559043 1.13098095959 0.898219454634 1.02720722028 0.894751626772 0.793352962579
-9999 -9999 -9999 -9999 -9999 -9999 -9999 -9999 -9999 -9999 -9999 -9999 -9999 -9999 -9999 -9999 26.4844014347 25.6687694068 24.1155351711 24.0425569024 21.0845765481 21.3713130409 19.1964958366 18.1950662745 16.5826215663 17.390711119 14.4907495976 14.1515286076 12.199769236 14.0891524858 8.61615431042 7.62293114571 8.92149968625 7.09601341293 10.5912513332 9.27427814868 10.3952484595 7.75923918652 8.93298090978 9.29317103466 7.8530826045 6.05220765159 6.31279904307 4.31232913339 1.58108981352 0.792844076311 2.67709517119 5.46550977915 0.750427999752 0.850948091518 1.23210877222 1.31683322907 1.85337538691 2.03959816906 2.66632746563 1.58027805229 0.80144979434
-9999 -9999 -9999 -9999 -9999 -9999 -9999 -9999 -9999 -9999 -9999 -9999 -9999 -9999 -9999 20.5523388524 20.7846703439 22.0499098417 24.2347658921 23.3704195503 20.9521336062 20.6328775517 18.3627471181 17.4131904871 15.5139209655 16.2097324348 14.3423872658 14.6557551557 11.4248394749 13.4672652778 12.1797944531 12.445299005 11.7503096934 8.58311488135 5.26349506472 1.53943563879 7.03507377464 7.99941090838 14.951835848 7.93144284523 7.97519542607 2.15624564667 0.942604250571 0.910955982978 1.0028096911 0.581580683059 2.66866375566 3.53568659248 2.0354845717 1.26963018335 0.920929488623 0.702079604208 0.776391081519 0.881339010721 0.957246690478 0.992835628503 1.16036924502
-9999 -9999 -9999 -9999 -9999 -9999 -9999 -9999 -9999 -9999 -9999 -9999 -9999 -9999 22.6216903033 21.9275554605 21.296967719 20.7999941889 21.7419752194 22.6855666905 20.556341177 21.2370747698 17.8532398146 18.1141891426 15.4156070492 15.0977272222 13.1435047092 14.1434107072 13.7606690062 13.7551633447 11.1796461923 11.3758734786 7.41200003997 6.37078857189 13.7950008099 11.5973301789 3.98032544813 5.7297806034 11.1484162141 13.8049385103 10.1545577935 0.611044388395 0.523489697051 0.625295857575 0.351553605811 0.277230840864 0.324577051355 0.941818400191 1.21082920128 0.926962826569 0.797328742159 0.78878738475 0.842602266387 0.820630844598 0.747799242525 0.802423249216 0.925401477423
-9999 -9999 -9999 -9999 -9999 -9999 -9999 -9999 -9999 -9999 -9999 -9999 -9999 -9999 22.5998424958 24.2324596993 22.3298593419 18.7935436205 15.1501033451 16.0258273651 17.7596305073 19.2704080163 17.3934506089 17.8040417742 14.7880356845 13.1741863109 8.51868073982 8.96398497032 8.69274476908 12.7863396427 12.0027150472 9.10485659183 6.45215243929 5.8773246837 10.3573364248 9.10449471361 4.4387452656 6.18999606289 2.39782374958 2.50957729483 3.89480761483 3.40011238408 0.814566236468 0.680826915613 0.577143606766 0.245014623758 0.601634276819 1.4971214408 1.9221289153 2.45318264379 2.40968224236 2.36928881314 1.46745801869 1.22111897944 1.41310395772 1.32794461233 0.92299743933
-9999 -9999 -9999 -9999 -9999 -9999 -9999 -9999 -9999 -9999 -9999 -9999 -9999 -9999 -9999 -9999 22.9026220913 25.4144233111 25.2176740163 24.7735359091 19.9652535571 18.2780885771 18.6850515778 18.648905807 15.3260853385 11.4444820982 5.76642478837 6.19621750102 4.70042963542 6.91163950253 7.65781844017 6.37248262313 5.66167366231 4.53262899035 4.69415427757 4.75765285436 4.0245739414 2.11657132046 4.10411002682 4.52096908146 2.16539377838 1.68866462463 5.25229810298 4.60762764952 0.326464139074 0.437641991659 0.381379364238 0.574063121173 1.11550912631 1.43354105232 1.36701395635 1.42583253094 1.18603823738 0.985701547223 0.628671052065 0.670410118257 1.03471551695
-9999 -9999 -9999 -9999 -9999 -9999 -9999 -9999 -9999 -9999 -9999 -9999 -9999 -9999 -9999 -9999 26.9097251952 25.9965435818 25.2048582792 19.0278467381 18.7845532066 19.3430626494 15.9905942689 16.6511991995 16.1734070932 12.9177531361 8.87920836674 8.32233446326 6.90814136921 7.32858842137 8.14468990101 7.54748263543 5.62016089827 4.72813626705 3.01619885456 3.2947353372 3.41876540169 4.25610282576 2.48345016302 2.11970206209 2.75029901604 3.90734415383 4.30628529387 7.1596506485 1.82363734627 0.348025062122 0.146237148647 0.277233948117 0.942827190119 0.714237146282 0.559674167025 0.569305845337 0.439151154609 0.501362878341 0.467269885179 0.470816870219 0.446786396799
-9999 -9999 -9999 -9999 -9999 -9999 -9999 -9999 -9999 -9999 -9999 -9999 -9999 -9999 -9999 -9999 -9999 -9999 25.4938061956 21.5470757028 16.0473391516 18.5116957331 18.1544032585 17.9166830691 15.6141837658 14.2003922819 7.85696571507 8.15686927698 6.91659374237 6.76485022983 4.92044183395 4.26650510105 3.99260867208 4.40974458547 2.95041779499 3.90413977416 3.78753340081 2.57122189763 2.29065524486 3.21630649214 2.2149515732 1.91622776717 1.64418696987 1.63043303358 1.44095982081 1.03540370898 0.193762609707 0.192949221181 0.35400930834 0.502071592952 0.626874239123 0.707119636142 0.447904164009 0.459714993543 0.504711409158 0.542101230514 0.481570251331
-9999 -9999 -9999 -9999 -9999 -9999 -9999 -9999 -9999 -9999 -9999 -9999 -9999 -9999 -9999 -9999 -9999 -9999 -9999 16.4746895531 16.0258664352 17.5073771182 15.9414726738 20.2100729144 16.6420158173 16.1374776662 11.4062007986 7.52502806991 4.69102352761 4.47628295409 4.35479336633 8.80907315556 4.22510982895 3.33377436325 2.08737584649 1.56025284681 1.46152642399 2.31942764245 2.14198054113 2.58333543761 1.8795734379 1.68528422613 1.35039463425 1.74935489275 1.77266540812 1.86843277893 0.729359314647 0.169515378394 0.128234555916 0.305748218081 0.358500409447 0.54639725984 0.418446250947 0.414414745269 0.472409770198 0.451906534595 0.352080611844
-9999 -9999 -9999 -9999 -9999 -9999 -9999 -9999 -9999 -9999 -9999 -9999 -9999 -9999 -9999 -9999 -9999 -9999 22.1045947297 24.1704104223 24.0637252035 23.4225436803 17.0239219251 18.1348651479 16.352464085 16.3835559425 14.6103902277 10.9046455863 5.66164825362 5.09383016737 6.40433495382 7.17069516759 10.27361973 3.01770050161 2.15137168785 2.76325799206 3.72109013183 3.42244706007 2.97527588948 2.86579450142 2.93715649117 1.87603770364 1.65916662195 3.8620268576 6.83431637219 3.90962299058 2.21435150598 1.22186041235 0.521097849808 0.18160492863 0.290027714665 4.11312139095 3.49856471222 2.26883489063 0.764595829295 0.568192854021 0.48139921347
-9999 -9999 -9999 -9999 -9999 -9999 -9999 -9999 -9999 -9999 -9999 -9999 -9999 -9999 -9999 -9999 -9999 -9999 -9999 27.2058781532 26.1811909912 25.0707004536 17.2569982894 17.9030717743 17.1446723328 16.916172017 12.674753697 14.7895088704 7.75324354461 9.90752878162 9.64629019383 9.55666362545 5.81929566418 2.95697342367 5.36152399159 5.48108007316 1.21711688481 1.03582075545 0.89338288542 0.8933309296 1.16666658137 1.91365349634 1.65885949436 2.6675743764 4.06384292642 3.20218206084 2.31935372252 1.53089311983 0.722063610814 0.301812148037 0.0808717796135 0.20327960578 1.91942279355 5.75632168926 6.25693717074 0.230837559957 0.303358052312
-9999 -9999 -9999 -9999 -9999 -9999 -9999 -9999 -9999 -9999 -9999 -9999 -9999 -9999 -9999 -9999 -9999 -9999 -9999 -9999 22.0144269752 24.3070770279 17.5751929516 17.9668828622 15.4537643139 16.5474208002 12.8124249702 15.1211266779 14.6865271028 13.5895667717 11.0196733354 10.6334880244 3.67207358491 8.6850888221 7.07951382034 5.1347893403 2.19817804566 2.78537303652 2.58342352904 2.38716174071 1.89126026782 2.67860929551 2.84126136604 2.38647775656 3.47493536738 2.84720428943 2.20490608071 2.59040310754 1.93264531394 1.04965228344 0.549201689809 0.263448490955 0.104384181738 0.110001086795 3.31078351958 0.272535431528 0.127026232662
-9999 -9999 -9999 -9999 -9999 -9999 -9999 -9999 -9999 -9999 -9999 -9999 -9999 -9999 -9999 -9999 -9999 -9999 -9999 -9999 -9999 22.4235334397 18.8366740406 19.0286181395 14.2419419302 13.2979723353 12.5445282027 15.228999452 12.7218976907 12.0290402539 17.8431722829 13.9115307859 3.81490730083 5.63127232058 7.54922040093 4.30886781297 3.29879939817 2.35522154754 2.02889725475 2.15037178744 3.30473155243 3.58065580462 4.24803802771 2.60187177015 2.08128092888 1.47973031208 1.92541052534 2.18598761788 2.07625342702 2.7485404426 11.1127179115 6.89698045854 0.976907976105 0.229529830892 0.0556283270436 0.074172221981 0.0841244879481
-9999 -9999 -9999 -9999 -9999 -9999 -9999 -9999 -9999 -9999 -9999 -9999 -9999 -9999 -9999 -9999 -9999 -9999 -9999 -9999 -9999 18.1943335519 15.9397781644 16.008755024 15.8845465858 17.0317753828 14.3434254271 11.4849986208 8.29201899716 13.1941452313 7.1398473325 11.7529403222 4.94145807153 3.70123924029 1.97567609809 2.83711364521 2.38445800326 2.53995125251 2.22190708196 2.97331210753 3.36564819296 3.15509633273 2.32272404604 2.2388167833 3.06466717563 2.84341787675 2.54801234194 2.45600408088 1.50113065301 1.59247051301 6.72904434657 4.82590040409 2.89367884043 0.138979969759 0.106990295661 0.0608252152695 0.0617012736003
-9999 -9999 -9999 -9999 -9999 -9999 -9999 -9999 -9999 -9999 -9999 -9999 -9999 -9999 -9999 -9999 -9999 -9999 -9999 -9999 -9999 -9999 16.2026792165 19.6184554539 17.1653265667 16.5020695839 13.5125367985 11.4506341708 6.78582957867 7.05830472585 7.38938062999 7.89373661359 4.59234090747 4.30166704617 5.07456493805 3.5122213585 3.68438123656 3.31269966019 3.2388252615 3.18474916094 3.50859658071 2.05105051262 2.37535451188 3.33602122983 1.70749726892 1.51018935597 1.24228214465 1.65114993261 2.26180091565 2.67366989219 3.81670163472 5.17353077484 1.27661740573 0.231346293592 0.0644535467741 0.0554501061744 0.0583718497651
-9999 -9999 -9999 -9999 -9999 -9999 -9999 -9999 -9999 -9999 -9999 -9999 -9999 -9999 -9999 -9999 -9999 -9999 -9999 -9999 -9999 -9999 17.0985823489 16.3922083367 16.5123167435 17.6890699045 14.6359443238 8.93693159306 7.31035635975 7.79875907756 6.18490413047 6.44084743262 5.98888006699 5.10545074714 3.62038679386 5.45181544123 3.40480576858 3.16529887391 4.15175093396 3.94633185301 2.41312064703 3.6139085391 2.43507081872 1.83135674715 1.6189052037 2.09336925927 2.87118599944 2.87970957491 1.41784214022 1.30195388895 1.61367845615 2.09293444572 0.153693322389 0.561932898581 0.194947131196 0.1612452057 0.0954118674709
-9999 -9999 -9999 -9999 -9999 -9999 -9999 -9999 -9999 -9999 -9999 -9999 -9999 -9999 -9999 -9999 -9999 -9999 -9999 -9999 -9999 -9999 15.9926333098 18.116032248 19.0595460424 17.7356466597 14.2877620566 11.7687873838 8.32808960068 9.4906518929 6.83237249276 5.75646898848 4.89692601587 5.0191364584 5.67260243052 3.38827411297 3.35801482386 5.05176035505 4.32482259775 3.76407555441 3.96432230086 2.88003143259 1.95527996311 2.60606754872 3.51746592929 3.17486528163 3.07338844822 2.52809906521 1.770153607 1.77371735591 2.29853164603 1.78362313896 0.425095940775 0.481909949475 0.555102899822 0.647171321841 0.202569911963
-9999 -9999 -9999 -9999 -9999 -9999 -9999 -9999 -9999 -9999 -9999 -9999 -9999 -9999 -9999 -9999 -9999 -9999 -9999 -9999 -9999 -9999 -9999 19.6839133461 20.0478909975 18.1285166025 13.3432113762 11.0701187972 8.13225940713 8.82347605016 6.93332709056 7.82072724189 6.59079949608 7.47914661299 4.64153499606 5.43508960903 5.76158489173 4.64294979237 2.73148268977 2.74591741461 1.8464425821 2.65625615918 3.78374909692 3.90664108201 3.21581676183 2.73932412412 1.40128066007 1.25932760279 1.15825647278 1.26935272286 0.935345799868 1.21066236649 1.18763340847 1.05786953615 0.279558864407 0.180638229128 0.613263909867
