data/recharge/transience/oldversion/mHM_recahrge_383.ASC
ncols   80
nrows    72
xllcorner    4374000.0
yllcorner    5656000.0
cellsize      500
NODATA_value  -9999
[rows 0 to 24 of 72, columns 0 to 56 of 80]
-9999 -9999 -9999 -9999 -9999 -9999 -9999 -9999 -9999 -9999 -9999 -9999 29.8198178179 30.9061661634 -9999 -9999 -9999 -9999 -9999 -9999 -9999 -9999 -9999 -9999 -9999 -9999 -9999 -9999 -9999 -9999 -9999 -9999 -9999 -9999 -9999 -9999 -9999 -9999 -9999 -9999 -9999 -9999 -9999 -9999 -9999 -9999 -9999 -9999 -9999 -9999 -9999 -9999 -9999 -9999 -9999 -9999 -9999
-9999 -9999 -9999 -9999 -9999 -9999 -9999 -9999 -9999 -9999 -9999 -9999 26.2362002342 24.4537063241 23.7685706764 -9999 24.4644828596 -9999 -9999 -9999 -9999 -9999 -9999 -9999 -9999 -9999 -9999 -9999 -9999 -9999 -9999 -9999 -9999 -9999 -9999 -9999 -9999 -9999 -9999 -9999 -9999 -9999 -9999 -9999 -9999 -9999 -9999 -9999 -9999 -9999 -9999 -9999 -9999 -9999 -9999 -9999 -9999
-9999 -9999 -9999 -9999 -9999 -9999 -9999 -9999 -9999 -9999 26.4737427126 25.2181871282 25.8706600835 24.4889739928 21.6433734923 21.9926503707 20.7885596616 21.2021314815 -9999 -9999 -9999 -9999 -9999 -9999 -9999 -9999 -9999 -9999 -9999 -9999 -9999 -9999 -9999 -9999 -9999 -9999 -9999 -9999 -9999 -9999 -9999 -9999 -9999 -9999 -9999 -9999 -9999 -9999 -9999 -9999 -9999 -9999 -9999 -9999 -9999 -9999 -9999
-9999 -9999 -9999 -9999 -9999 -9999 -9999 -9999 -9999 25.9326604972 25.2276002884 25.1702565619 23.5816274617 24.0954518463 22.690093744 22.5120175329 21.3124463033 24.085595593 -9999 24.2635176004 -9999 -9999 -9999 -9999 21.0329123549 22.2367419901 -9999 -9999 -9999 -9999 -9999 -9999 -9999 -9999 -9999 -9999 -9999 -9999 -9999 -9999 -9999 -9999 -9999 -9999 -9999 -9999 -9999 -9999 -9999 -9999 -9999 -9999 -9999 -9999 -9999 -9999 -9999
-9999 -9999 -9999 -9999 -9999 -9999 -9999 -9999 27.704386673 26.5245036522 24.4146259538 24.3244869882 22.8295074126 22.376156803 23.1142079073 23.4371661165 22.404046213 22.2652594686 20.1827978335 21.1193662624 22.1157685232 22.8965518655 -9999 20.3838056205 21.7531778379 22.3799281713 -9999 -9999 -9999 -9999 -9999 -9999 -9999 -9999 -9999 -9999 -9999 -9999 -9999 -9999 -9999 -9999 -9999 -9999 -9999 -9999 -9999 -9999 -9999 -9999 -9999 -9999 -9999 -9999 -9999 -9999 -9999
-9999 -9999 -9999 -9999 -9999 -9999 28.5609531986 26.7342532193 25.6197708702 25.8135813082 25.5116750365 25.2586519497 23.7258774888 23.5515157422 23.3504194132 23.8624702286 22.8028963187 21.7714190317 20.3123658608 20.2771021173 21.5478198929 22.0432196389 21.0994035987 20.3050229662 21.193271134 21.2267526109 21.7123958929 -9999 -9999 -9999 -9999 -9999 -9999 -9999 -9999 -9999 -9999 -9999 -9999 -9999 -9999 -9999 -9999 -9999 -9999 -9999 -9999 -9999 -9999 -9999 -9999 -9999 -9999 -9999 -9999 -9999 -9999
-9999 -9999 -9999 -9999 -9999 -9999 27.8489548269 26.5713008222 24.3984707906 23.92782751 22.9192518634 23.7154935651 23.7924463568 23.0715324247 21.6956547542 21.403129001 21.0969974279 18.6311243519 20.2942767786 20.3026981355 20.2135095458 21.816687561 21.673419387 21.768102992 19.765877994 19.1648357748 21.372756286 22.0340053424 22.6496946409 22.4104687677 22.9891104455 23.306382649 -9999 -9999 -9999 -9999 -9999 -9999 -9999 -9999 -9999 -9999 -9999 -9999 -9999 -9999 -9999 -9999 -9999 -9999 -9999 -9999 -9999 -9999 -9999 -9999 -9999
-9999 -9999 -9999 -9999 -9999 28.6496371606 27.828074624 27.2920652347 25.7230602248 25.9278779171 24.7348789409 23.6094148185 22.777214649 23.4280026144 22.7143281573 23.2139821772 19.1548063228 10.7540532659 17.626733767 20.5128619123 20.4768148713 20.241293268 20.9195864135 21.1571151576 20.0991832027 20.5415425154 20.8592261227 21.2577828683 21.7655007588 21.7693170783 21.4201568632 22.1902406187 21.0850963859 20.9878230869 -9999 -9999 -9999 -9999 -9999 -9999 -9999 -9999 -9999 -9999 -9999 -9999 -9999 -9999 -9999 -9999 -9999 -9999 -9999 -9999 -9999 -9999 -9999
-9999 -9999 -9999 -9999 -9999 28.5818105552 26.6829999478 26.9294027385 25.7536433866 25.3209176033 24.2680790483 24.5712202832 19.0836811561 16.1579245206 24.2658852648 23.9265205471 20.165801299 9.47326415166 15.9506414285 19.5494061372 20.2429338321 20.4282692959 21.51503379 21.4540381857 21.1512307717 19.9445095869 19.1571503698 18.7967846276 19.009660826 18.7194162777 17.9198876108 18.9803566175 19.9307128588 19.8941651912 19.3895889218 20.0283060749 -9999 -9999 -9999 -9999 19.7194612198 18.8825985602 -9999 -9999 -9999 -9999 -9999 -9999 -9999 -9999 -9999 -9999 -9999 -9999 -9999 -9999 -9999
-9999 -9999 -9999 -9999 -9999 28.2616325603 27.2304502706 26.2730563464 25.7552239493 26.5242817186 25.5166850255 25.2544073764 24.474295908 24.8030230463 25.0611657256 23.933548893 21.3823420169 23.5669257347 22.4018949967 22.7996189015 21.0029550734 20.0270033046 20.0750712979 19.8374765207 20.9634844319 20.6419065044 18.8242280357 17.953729987 19.48911737 18.5807589 14.4474228615 17.4857982202 19.4787896501 19.4613631319 19.1812556627 19.8444995982 19.7689832924 -9999 -9999 20.1407311756 19.7260648434 19.7398124238 19.4370069237 -9999 -9999 -9999 -9999 -9999 -9999 -9999 -9999 -9999 -9999 -9999 -9999 -9999 -9999
-9999 -9999 -9999 -9999 -9999 -9999 28.2160624269 27.3661392421 26.543779295 26.9276114322 25.3889802242 25.5499720846 24.9601693669 25.3460889501 22.9730207951 22.6818164412 22.2976780834 22.4698959952 21.4761738279 21.7308478072 21.5057755781 21.2614363288 20.5694046205 21.9563678298 21.2469593994 20.6141780831 18.8468526814 19.3018279657 19.5693255074 19.7167720517 18.742577757 19.73073314 17.2651622442 17.3257487612 17.5094250347 18.0115379867 18.4864463493 17.8695917509 18.853254008 18.480514052 18.3177739048 19.5022726119 17.4811970309 16.048493221 -9999 -9999 -9999 -9999 17.8671149821 17.0582469464 6.46909276213 -9999 -9999 -9999 -9999 -9999 -9999
-9999 -9999 -9999 -9999 -9999 -9999 -9999 28.3210198056 26.4325442388 26.5012196296 26.2399644535 26.3743569398 24.1749188583 22.6269743458 23.3256244681 24.3017590599 23.2048321352 23.3662098689 22.8907654481 21.7432469497 20.70515481 20.2481293404 20.228865205 21.149646067 20.9875516107 19.8351852214 19.0130210498 19.2341942054 20.0143684666 19.4116409547 19.2054175266 18.7603029967 17.1863448948 16.8699718223 18.1805325302 18.4635563192 18.3763481818 18.5302135325 18.9848820356 18.7074311985 17.2074898745 17.0302296527 13.9871609156 12.7948046226 11.6973482646 12.8721324348 12.7297425039 11.5959250272 11.1614012409 13.5766736952 14.8943969003 13.9717100846 -9999 -9999 -9999 -9999 -9999
-9999 -9999 -9999 -9999 -9999 -9999 -9999 -9999 26.2895621712 26.2888961018 26.0952905669 26.240351913 24.328509772 25.3722685068 24.8717874316 24.2395349162 23.2129597275 23.7420862612 22.2699358044 22.1395937183 22.7892708642 22.5807167344 20.120399753 20.0857522716 19.3406214263 19.732691792 17.6415378923 19.2003976603 17.945070375 17.3730635022 17.4558122584 17.5947417611 17.6359041949 17.5609291505 17.9161619733 18.151069947 17.0100918178 17.5148415 17.083557862 17.3317755908 16.2083833776 13.7098523716 11.3277325362 10.7381672625 11.0024507109 10.421768392 10.136213321 9.44458407355 8.82594272786 11.067460655 12.4663422852 13.1622118326 12.8085503507 -9999 -9999 -9999 -9999
-9999 -9999 -9999 -9999 -9999 -9999 -9999 -9999 27.2184348519 26.9097749984 25.633071799 25.8668104335 24.6830512689 24.7298907591 23.280399764 22.6865093205 22.4977664111 23.177515193 22.2957650574 22.4950581254 22.4581768252 22.5966120209 22.2621072424 23.1663897656 20.9156529157 18.5973218803 20.224723442 18.7827330774 18.9317875164 17.3299275512 17.3168597132 17.5707278837 17.2719820245 17.4918916562 18.1468506727 10.1985627902 17.8001897035 17.2598551789 16.7742192731 16.7328499568 16.2730976303 13.9093946868 10.8795167423 10.8313411353 10.4480178738 10.375715021 10.0601097178 9.58688312466 9.37337390123 12.9858210178 12.5484404193 12.5938407824 13.0281870258 14.0573411376 12.7865791844 13.1328724279 -9999
-9999 -9999 -9999 -9999 -9999 -9999 -9999 -9999 -9999 26.4944676837 25.7355922598 25.5240400845 24.9004285553 24.5824368127 22.9557861064 22.9534363339 23.0073526874 22.5578746263 22.2864236055 22.5618519884 24.7263048426 23.1611904525 21.9054694262 26.7951737704 23.9953560854 22.9512114744 19.481283916 18.1435954953 14.2073925411 18.0450546667 17.1926678733 17.078120428 16.3996906613 15.6642072567 16.4628816908 16.7445171497 18.0571844703 17.7299847058 17.0767116394 16.9809966319 16.3937954831 15.8961069258 10.0285095269 11.5607304271 9.39508846916 8.69915010244 7.89364615494 8.04057349482 10.7135681291 11.3159229047 11.112202817 10.9167779432 11.5550074861 12.6639867218 12.6481441073 8.44579236756 6.40844562542
-9999 -9999 -9999 -9999 -9999 -9999 -9999 -9999 -9999 -9999 24.791452983 25.325853223 24.8329125463 24.5924837852 22.4923474492 22.0487869919 23.6961099233 24.8481340837 23.7738131886 22.6609792108 23.469016537 23.0232516727 21.6108560589 21.4957383888 21.3938070267 23.1430242675 20.9169464418 19.3531628231 16.3711170378 15.257264103 17.6795346663 17.5478339219 17.5821639529 16.330812594 17.9263153837 17.7250457529 17.7206941126 17.6668473929 17.16563314 17.2124174961 16.5795614678 15.9620026382 13.3516901075 11.0210178499 11.9573070005 12.0422780447 10.0067796329 8.54845054113 11.9947290719 12.0681332652 12.0747921272 11.6523106974 11.08363879 11.9442261741 11.725664411 7.99794802507 6.34794907229
-9999 -9999 -9999 -9999 -9999 -9999 -9999 -9999 -9999 -9999 -9999 14.5755865784 18.2094317509 23.5619423333 21.9973941627 21.7460059215 22.4531557077 22.4773864542 22.9980148573 23.7140045142 23.4120712512 23.3554416493 21.1983986878 19.9467154809 18.0477663336 16.7580558854 18.4771603654 21.6661431322 21.662598137 17.8523971074 16.4928932817 15.3939152485 15.5280350625 15.8521195541 16.5175099615 15.7033247548 16.4284860353 16.3255851033 16.397113636 16.5310656857 15.3901597748 14.7276889114 14.5980443579 11.8438238506 9.22642910069 8.19461700128 9.06262667226 9.65254028991 9.78353688642 11.509237509 10.4789986312 11.3386088581 11.265263964 11.011535153 9.9640707173 9.88004473157 6.35424658229
-9999 -9999 -9999 -9999 -9999 -9999 -9999 -9999 -9999 -9999 -9999 13.767521587 19.1107021096 22.4431872878 21.8927399592 22.3741127933 20.9688807162 21.1296044438 22.6036427621 22.6210294452 22.9160398958 23.7965122798 21.3087023331 20.9598345576 20.6075167948 21.3798253044 18.1978359187 19.4286175027 17.7896808896 20.8712415213 19.496413076 17.8933892101 13.0919059058 14.2974659799 12.4563087227 15.2357456038 16.1692354342 16.6118422747 15.9907715593 15.8847389701 15.2095620555 15.3529442043 13.7961060432 14.0879652789 12.0503342086 10.2090115248 11.5475258971 12.9299827749 11.7437565899 9.32063738426 9.7598779553 9.77353732417 7.63558673824 11.1904497733 11.0807087527 10.4642804428 9.81875426638
-9999 -9999 -9999 -9999 -9999 -9999 -9999 -9999 -9999 -9999 -9999 25.9759128872 22.8029585691 22.4661112303 22.8465033817 23.6039943423 22.2397666972 21.2533118844 20.5666507205 21.1322004973 21.268317725 21.4535214405 20.3361090013 19.5819557396 18.5310471233 18.8089360387 18.388288708 18.0842690324 17.478846658 15.9645055092 15.377128673 18.7894922678 18.9099355696 19.8545445087 15.6929584731 11.1122574777 12.6972306532 10.8845605871 13.8620042765 13.1567848769 11.766789858 14.2960533124 14.1232805917 15.0989712069 15.6668119608 15.8396056021 10.9493948425 10.2086002308 9.67855645104 9.37142336476 8.21789074811 9.00336686785 9.28849618215 10.6702354072 10.9943080856 10.3650438235 8.21521316681
-9999 -9999 -9999 -9999 -9999 -9999 -9999 -9999 -9999 -9999 -9999 -9999 23.1744190946 22.4545172803 23.947359449 22.7979375434 22.2181078845 21.8442789431 20.794253584 21.4482462472 21.8736672832 21.1295486302 20.7219686402 20.5727655888 19.0494368341 19.4362468847 18.7012335597 18.9256712158 18.1615451835 17.819040103 17.276215184 17.4473291183 15.2375891066 14.1354849229 17.1173165102 12.2429234673 14.1191078148 11.6815150725 10.8056124439 14.991301897 15.3990489233 13.9669493512 15.3586402476 16.3520007979 16.4259140675 16.5550567516 12.1334370912 10.2987858963 8.25923480421 8.89177062803 7.6366672109 6.84681586887 5.92442063346 6.09044114519 5.61265675468 9.32923193574 6.49707760129
-9999 -9999 -9999 -9999 -9999 -9999 -9999 -9999 -9999 -9999 -9999 24.832484096 24.3539447356 23.3559795665 22.0344539479 14.8418007671 20.6156834639 22.0668136282 20.6483908742 20.7599222654 19.7522616933 19.5800938146 18.5927040538 19.0511128654 18.6042852419 18.5035958238 17.4491412214 17.4392946891 17.3664315224 16.9096280194 15.6928298452 15.9277667653 14.8950199051 14.7056061558 14.617170461 13.3492191534 12.3718129694 9.47235603954 8.95129781891 12.0327951176 13.4307490241 12.577490661 16.1545375699 16.8450443849 17.6483565084 17.4289485419 15.3830313598 12.5068547384 9.32586895442 9.48543062079 7.1677412483 5.11139227363 4.41183631604 4.44667537613 3.98618488631 4.41756140915 5.94180008567
-9999 -9999 -9999 -9999 -9999 -9999 -9999 -9999 -9999 -9999 -9999 25.4434252452 25.5040050788 24.2349409279 21.5754272026 17.9674007496 21.7736104051 22.3026831142 21.5423087276 21.3849977899 18.4597912293 18.1696733797 19.0793275577 19.3260527779 18.8951191045 18.7842909361 14.6200352347 15.0648577914 17.4829436656 18.9757671628 17.5226583496 16.0696146611 14.6611052369 14.6997925081 14.4222351258 10.1596528034 10.3866762093 12.2640455351 9.1621109945 10.0355328484 12.5157634216 12.5517791073 14.4866016167 15.259881311 15.5079983518 15.1328134496 14.5741970227 14.5088089374 12.2781817633 11.3789968545 6.83132300675 7.16305304801 6.07087443093 5.82131446618 5.2941597362 4.91039760169 3.75184089735
-9999 -9999 -9999 -9999 -9999 -9999 -9999 -9999 -9999 -9999 -9999 25.7373126876 25.711843998 23.8601584289 22.7621581794 22.4602596344 22.2775251343 23.2656037326 22.0899472754 22.9339681717 18.9671245023 9.69789626618 18.8640454256 18.0847203037 15.4107185286 15.4441580708 16.202661041 16.386917366 15.1525798357 15.1866074086 14.6330716518 17.3255282312 16.9061167465 16.5253574427 14.3151507582 8.55527120967 7.82961149883 6.25820375494 8.37669043288 6.86100346986 12.7581772372 13.7349599347 12.5293590977 11.7891323079 12.1532308609 12.1582183125 12.6898856233 12.7574508907 11.6065715021 11.4118650465 6.89745319176 4.75353041392 3.81586299149 3.72463188209 3.49029797072 3.71370336399 4.294381099
-9999 -9999 -9999 -9999 -9999 -9999 -9999 -9999 -9999 -9999 -9999 -9999 26.413880164 25.1713478737 23.2868971439 22.4474737786 23.837715658 23.7768032606 21.854505222 22.0451540832 22.0563551047 23.2648209115 16.8982796017 15.1096539175 14.8437613265 14.7047525197 13.2613529358 13.6793808267 12.7223133807 11.7976671718 10.0035711351 12.7891590306 14.1913232153 14.7367422112 13.7456983973 10.7102332309 8.82721121895 6.91495219436 9.67237114395 9.79487788743 12.8468074532 12.8122537909 13.1357886872 11.5860680603 11.7839485206 11.8076670891 11.9462228689 12.1864057234 11.0140697895 11.7686265082 10.3475852487 7.8038609639 7.53455406317 6.14604376452 4.15143407274 4.29748115219 3.91471323256
-9999 -9999 -9999 -9999 -9999 -9999 -9999 -9999 -9999 -9999 -9999 -9999 27.7085496393 25.8891016719 23.9751157593 23.7528762876 20.854904622 21.9075895255 22.9411833381 22.1306448718 21.7489170519 21.7251173869 18.3878100735 17.8040853429 15.6367050415 16.5517013964 16.5553171898 15.9779374693 13.8545918775 15.6544566103 13.4689166586 14.0130502394 16.5435198471 17.2065605189 11.7311618904 10.4864326171 7.84810601019 10.340440692 11.4548828912 10.051220868 12.0488217015 12.1662004584 11.1658170202 11.0925306189 10.6957593648 10.1588644043 9.68501903358 9.85616322143 8.92522905801 9.88885162426 9.15132766837 8.47257518812 6.76187225823 3.04176121312 2.2380778269 2.91238286868 2.01684419187
