data/recharge/transience/oldversion/mHM_recahrge_341.ASC
ncols   80
nrows    72
xllcorner    4374000.0
yllcorner    5656000.0
cellsize      500
NODATA_value  -9999
[rows 0 to 25 of 72, columns 0 to 56 of 80]
-9999 -9999 -9999 -9999 -9999 -9999 -9999 -9999 -9999 -9999 -9999 -9999 6.73746327527 6.8959146216 -9999 -9999 -9999 -9999 -9999 -9999 -9999 -9999 -9999 -9999 -9999 -9999 -9999 -9999 -9999 -9999 -9999 -9999 -9999 -9999 -9999 -9999 -9999 -9999 -9999 -9999 -9999 -9999 -9999 -9999 -9999 -9999 -9999 -9999 -9999 -9999 -9999 -9999 -9999 -9999 -9999 -9999 -9999
-9999 -9999 -9999 -9999 -9999 -9999 -9999 -9999 -9999 -9999 -9999 -9999 7.45814260878 6.34775225788 5.77292535864 -9999 5.75390452184 -9999 -9999 -9999 -9999 -9999 -9999 -9999 -9999 -9999 -9999 -9999 -9999 -9999 -9999 -9999 -9999 -9999 -9999 -9999 -9999 -9999 -9999 -9999 -9999 -9999 -9999 -9999 -9999 -9999 -9999 -9999 -9999 -9999 -9999 -9999 -9999 -9999 -9999 -9999 -9999
-9999 -9999 -9999 -9999 -9999 -9999 -9999 -9999 -9999 -9999 6.84439983269 6.82158954917 7.09544941738 7.0856161058 6.13877074626 5.44589811775 4.765258678 4.83385629098 -9999 -9999 -9999 -9999 -9999 -9999 -9999 -9999 -9999 -9999 -9999 -9999 -9999 -9999 -9999 -9999 -9999 -9999 -9999 -9999 -9999 -9999 -9999 -9999 -9999 -9999 -9999 -9999 -9999 -9999 -9999 -9999 -9999 -9999 -9999 -9999 -9999 -9999 -9999
-9999 -9999 -9999 -9999 -9999 -9999 -9999 -9999 -9999 6.89642361365 6.81583096586 6.74007818401 6.58839007057 6.74656556786 6.35943150617 6.22265022748 5.19508320274 5.78432598877 -9999 6.46507101832 -9999 -9999 -9999 -9999 5.10262068211 5.14577206769 -9999 -9999 -9999 -9999 -9999 -9999 -9999 -9999 -9999 -9999 -9999 -9999 -9999 -9999 -9999 -9999 -9999 -9999 -9999 -9999 -9999 -9999 -9999 -9999 -9999 -9999 -9999 -9999 -9999 -9999 -9999
-9999 -9999 -9999 -9999 -9999 -9999 -9999 -9999 7.96494258025 7.41866016305 6.74487280516 6.61531668683 6.37983284764 6.10524676583 6.02191294202 5.84260224558 5.14555436906 4.88499596287 4.76730823655 5.60409051091 5.496240883 5.71147611596 -9999 4.8844458443 5.47977719297 5.39592999642 -9999 -9999 -9999 -9999 -9999 -9999 -9999 -9999 -9999 -9999 -9999 -9999 -9999 -9999 -9999 -9999 -9999 -9999 -9999 -9999 -9999 -9999 -9999 -9999 -9999 -9999 -9999 -9999 -9999 -9999 -9999
-9999 -9999 -9999 -9999 -9999 -9999 7.50972593876 7.06448292972 6.95502598043 7.09313232507 7.17162744554 7.16723309333 6.72056335561 6.55242967432 5.96230118692 6.25853896805 5.67539968805 5.33116723269 5.66609430705 5.54436087008 5.38569334272 5.59203605236 5.41990451901 4.91924408162 4.9975653748 4.93080306331 5.05278406822 -9999 -9999 -9999 -9999 -9999 -9999 -9999 -9999 -9999 -9999 -9999 -9999 -9999 -9999 -9999 -9999 -9999 -9999 -9999 -9999 -9999 -9999 -9999 -9999 -9999 -9999 -9999 -9999 -9999 -9999
-9999 -9999 -9999 -9999 -9999 -9999 7.70080225289 7.40343613832 6.82337377667 6.70413076259 6.41005348065 6.48559893567 6.25322086384 6.10555026278 5.68721768563 5.28344400954 5.6891867461 4.60447532279 5.68690617245 4.85783342436 5.0268030323 5.54740171524 5.2901334167 5.22789234343 4.73343910201 4.54647871635 5.0168978859 5.56086777152 5.66155385256 5.55426267977 5.78513133624 5.80451641592 -9999 -9999 -9999 -9999 -9999 -9999 -9999 -9999 -9999 -9999 -9999 -9999 -9999 -9999 -9999 -9999 -9999 -9999 -9999 -9999 -9999 -9999 -9999 -9999 -9999
-9999 -9999 -9999 -9999 -9999 8.269249331 7.82500772944 7.75640276502 7.47213106287 7.70403506905 7.45336090095 7.0303929401 6.36440865541 6.57877423796 6.06160269424 6.11112537607 4.52511086084 2.99802970456 5.10408896842 5.03208048586 5.04982490804 4.92755116695 5.09824086089 5.20640617099 4.95760010319 5.11338364524 4.94514145044 5.0616313089 5.54667917254 5.50882454679 5.39739470114 5.51995072074 5.28992261618 5.22750551843 -9999 -9999 -9999 -9999 -9999 -9999 -9999 -9999 -9999 -9999 -9999 -9999 -9999 -9999 -9999 -9999 -9999 -9999 -9999 -9999 -9999 -9999 -9999
-9999 -9999 -9999 -9999 -9999 8.49324223396 8.14867932986 8.18970581514 7.77296298952 7.49807748502 7.32565633723 7.55093789417 4.90881386679 4.09876895027 6.96434659809 7.45577965048 5.21476705013 2.13976420148 3.51807771116 4.14722134264 5.51413111753 5.33123850713 5.56761079448 5.43506575405 5.22350263513 4.75071382354 4.66254621857 4.51336771575 5.1550361337 5.37065716113 5.24738032365 5.29504767193 5.16362016786 5.09172303077 5.06618916495 5.04796127994 -9999 -9999 -9999 -9999 4.87503070427 4.84751155808 -9999 -9999 -9999 -9999 -9999 -9999 -9999 -9999 -9999 -9999 -9999 -9999 -9999 -9999 -9999
-9999 -9999 -9999 -9999 -9999 8.20745696581 7.97343980375 8.02441565986 7.93096604683 8.18315499158 7.84598780819 7.67077349868 7.10995940944 7.40837499146 7.32421685936 6.7422179622 6.03253240091 7.12629790316 6.39541274476 6.29403411805 6.10689959583 5.04883061083 4.94665553288 4.8161209445 5.15826066209 4.91087844836 4.59735298077 4.37276600114 5.0936304271 4.83442054955 3.19503626487 4.24930271717 5.1224080985 4.9803130901 4.87366525148 5.09419823481 5.02551860831 -9999 -9999 5.01669476776 5.03792249394 4.99488763141 5.01650214953 -9999 -9999 -9999 -9999 -9999 -9999 -9999 -9999 -9999 -9999 -9999 -9999 -9999 -9999
-9999 -9999 -9999 -9999 -9999 -9999 8.97816482319 9.29706934899 8.52881083241 8.3785812804 7.75762829509 8.06965897858 8.55488458411 10.468721428 6.66534229369 6.25176480638 6.26148777541 6.15321081572 5.52401057732 5.4387483622 5.48863060756 5.62559823072 5.34528294573 5.62921755855 5.26608189813 4.95133951244 4.24852973319 4.38091396104 4.60808558768 4.80775193361 4.58592107785 4.98918468551 4.74760603035 4.74986140004 4.77913531251 4.9319832794 4.81451281148 4.57111581116 4.94154477314 4.88289775313 4.80908769702 5.09796502051 4.61613689971 4.36445685094 -9999 -9999 -9999 -9999 4.79315229759 4.65434734736 1.23544351122 -9999 -9999 -9999 -9999 -9999 -9999
-9999 -9999 -9999 -9999 -9999 -9999 -9999 8.93909660695 8.21092625868 8.66498366411 8.48242186003 8.14792844016 7.90027945139 7.08203374877 6.23886102683 7.08072826704 6.90964564758 6.84816792624 6.52538404345 5.89460063468 5.26315338897 5.27120909707 5.17001830975 5.23165731227 5.02683183904 4.71298736526 4.40106935537 4.73087499975 4.83634583258 4.73687736488 4.7444365543 4.74035331125 4.79909259307 4.75912395064 4.97232346422 4.97509386272 4.83361365664 4.83476196777 4.91790318309 4.90146700001 4.62522799356 4.56297521848 4.29829626673 4.00351874472 3.74447946807 3.93353537386 3.9820147766 3.78104085271 3.69441849455 4.22349248403 4.20774275243 3.48039454803 -9999 -9999 -9999 -9999 -9999
-9999 -9999 -9999 -9999 -9999 -9999 -9999 -9999 8.33524991745 8.02420058252 8.21492861461 8.57543338194 8.00366243723 8.35021435257 7.83812991418 7.49522602264 6.3311868506 6.36531804455 5.62475536769 5.99631648181 6.52362319295 6.41375117789 7.49144890127 8.51038464031 8.39404297587 8.31946103391 5.83542923683 4.7370411938 4.39317508597 4.15521072609 4.35977128159 4.4244224992 4.52082992875 4.39140902972 4.651352837 4.8964055392 4.77994940701 4.86759447777 4.67292187395 4.62791276536 4.49727041546 4.34562870368 3.70141747907 3.57865177172 3.48120702076 3.36027496744 3.49494355322 3.34700587866 3.22275782395 3.83736086431 3.90900148513 4.04262566092 3.82664380381 -9999 -9999 -9999 -9999
-9999 -9999 -9999 -9999 -9999 -9999 -9999 -9999 8.99052991562 8.49679755939 7.92213775104 7.9593618104 7.59944998212 7.57541760247 6.82930264558 6.72314598146 6.29130145498 6.53583047525 6.00483701026 6.27591638105 6.4009102625 6.35529650103 8.88645228164 10.7149894356 9.53828285954 8.03138468531 8.6458638635 6.31850292482 4.47535436474 4.14591250625 4.22701439428 4.34829209538 4.30645777224 4.36289209734 4.66300028831 2.046457509 4.93639031254 4.79633578232 4.65659341685 4.62006965379 4.52663549591 4.32301314761 3.62344437813 3.59634033492 3.37675298557 3.35926023693 3.47839704288 3.37568386901 3.42073126196 4.02084559743 3.95297956442 3.96256465473 3.91265271673 4.1149232194 3.8494202995 3.99788511241 -9999
-9999 -9999 -9999 -9999 -9999 -9999 -9999 -9999 -9999 9.36593517886 8.63083846736 7.87672418466 7.72570113357 7.92283513508 7.42997555154 7.49441107908 7.56609257759 7.69967407514 7.40030006496 7.39336943254 6.96833182844 6.10022347096 7.16212699031 13.095191046 11.4070310294 10.0950419826 8.46496629538 7.83883332011 5.70978800937 4.46320628543 4.37422711465 4.43843090685 4.3474381296 4.15713680743 4.31208433841 3.8395530977 4.70991444202 4.58542414805 4.41244569642 4.42858990058 4.28993896358 4.31326121578 3.45667671979 3.73611990672 3.27076710084 3.05967387734 2.84087907774 2.8970234935 3.54083267366 3.56025708425 3.60025747897 3.54214832806 3.65411948482 3.8456838502 4.00100583259 3.20050711364 2.60641154419
-9999 -9999 -9999 -9999 -9999 -9999 -9999 -9999 -9999 -9999 8.21663233088 8.37253405072 7.65481363956 7.91063709751 7.15128054013 6.8789053389 6.08947177003 6.88909632268 6.14658950035 5.6760344141 5.38372563808 5.23523696252 4.79422158295 7.61874781396 9.28579665503 10.1225484507 9.50451572767 8.45270962069 7.21181504835 6.58197558019 4.43808907132 4.44225064113 4.6048207449 4.32114725543 4.68450285373 4.58804477332 4.64617998256 4.58403980505 4.43228691672 4.44606329053 4.39055242155 4.38867490381 4.13576256322 3.69306861891 3.88156671369 3.76832235321 3.3947143069 3.08404653746 3.74624312438 3.73827531132 3.8411455579 3.75356712258 3.56862794989 3.80967282422 3.64995917358 3.07285810516 2.58566163044
-9999 -9999 -9999 -9999 -9999 -9999 -9999 -9999 -9999 -9999 -9999 4.72130405472 5.15289882763 7.61581989967 7.0602269588 6.45767868963 5.98766711442 5.95346634412 5.57001032348 6.0409579715 6.17854992428 6.10975676647 5.03001246235 4.44004564213 5.80563010223 7.01643811394 8.64686612649 10.2352320484 9.75960972625 6.40530373195 6.50383840372 4.96877243029 4.52320280892 4.56741480127 4.54705423244 4.30092179395 4.38878073794 4.36868673954 4.36410536607 4.37075244832 4.40916557939 4.25241609042 4.21143214132 3.8683219421 3.22413328689 3.01468350531 3.20976663633 3.483761472 3.63602557654 3.69057570138 3.49399361636 3.72051357193 3.76794872549 3.62376005894 3.34949939921 3.39175951189 2.73308923063
-9999 -9999 -9999 -9999 -9999 -9999 -9999 -9999 -9999 -9999 -9999 3.8267050327 5.4463963587 7.03751691521 7.05131638236 6.53118168566 5.48545746667 5.38519269641 5.98638654083 6.02558711757 5.89838422057 6.27256268106 5.00871673958 4.69037092167 4.88169610236 5.38613418253 6.62668840612 8.3948556465 8.21812157424 8.60220067303 9.19042142903 8.75860144896 6.34077467112 6.64620372008 5.98524541006 4.64029192513 4.36783001055 4.42532927754 4.29091392906 4.25095787796 4.14955992175 4.56638170209 4.0756896066 4.10172207315 3.88787000446 3.5056684043 3.88169595627 4.17690637149 3.99925544449 3.40932660078 3.45025285353 3.47242436706 3.07188563761 3.911157643 3.86023754347 3.59564455193 3.42969652012
-9999 -9999 -9999 -9999 -9999 -9999 -9999 -9999 -9999 -9999 -9999 8.71776996993 7.96352038787 7.74137476758 6.38211623122 6.63943349193 5.35468878038 4.78728311694 5.06317739236 5.47473667717 5.44948957709 5.52788603957 5.01475715486 4.42842216611 4.62391319178 4.63193330456 4.6298252711 4.5612040694 4.77332092612 6.03590603134 7.14726725562 9.02346941987 10.020113341 9.71434041236 7.10368694589 5.63183525839 6.20703320917 5.21802839618 4.4654227655 2.8860474906 2.27301492062 4.33269541595 4.47644063724 4.74486272384 4.79859707763 4.98132623036 3.82642507384 3.62981028026 3.5918867169 3.54107813424 3.19645623347 3.40284436192 3.4809457978 3.90430683164 4.32009634111 3.25179337831 2.86917703909
-9999 -9999 -9999 -9999 -9999 -9999 -9999 -9999 -9999 -9999 -9999 -9999 7.15044204946 7.5471839991 7.02533480801 6.82750215081 6.07907116733 5.30906118551 4.76566438643 5.62101423356 5.57098786255 5.36202175011 5.23362912454 5.20389668109 4.78816490442 4.86308168631 4.69209947865 4.79256780008 4.70842894572 4.57466167748 4.51838156271 4.63740771719 5.22887991384 6.61048816488 7.51533204937 3.8820915626 6.76160222639 5.70769898996 5.4549574673 4.27150269694 4.38324985616 4.36083684397 4.90419623774 5.14368110201 5.17271481349 5.11211437 4.29556449741 3.6525421267 3.18915347487 3.36498895936 3.06764330408 2.83394482143 2.59485405991 2.62984725164 2.50134674972 2.95854648136 1.6143012285
-9999 -9999 -9999 -9999 -9999 -9999 -9999 -9999 -9999 -9999 -9999 8.27274816737 7.83314457091 8.06457658533 7.73124296892 4.47873425091 5.24374744634 6.12708143602 5.15878068375 5.50802438999 4.92605170656 4.87062667474 4.64610203132 4.73107561878 4.85589931189 4.80763789161 4.73381583843 4.53207187799 4.70720744179 4.59540908455 4.32335140523 4.42841884172 4.17616274506 4.13970783524 4.21530799927 6.50336861286 6.58544405427 5.11374143341 4.85192605681 4.454691281 4.2529415644 4.2221955027 4.87331058677 5.19769234624 5.41845778417 5.39644798638 5.16316618858 4.61746026304 3.74393694785 3.73938724696 3.03273882857 2.41617784212 2.21352070351 2.22368005171 2.0925318087 2.24096837617 2.84970634781
-9999 -9999 -9999 -9999 -9999 -9999 -9999 -9999 -9999 -9999 -9999 8.49467232127 8.66527768572 8.47259392674 7.164807638 5.09509753274 6.31592288588 6.18883972335 5.52643241096 5.75129617481 4.87654973201 5.09519019924 4.99142681158 4.91965629271 5.00328905682 5.05673374311 2.884290391 3.40965393303 4.7821814325 5.53851260433 5.15496521934 4.48705067244 4.12186496859 4.14140991587 4.14492815929 5.4707830349 5.6010006793 6.67383043969 5.25773151005 5.41762265957 4.0228126126 4.29511083248 4.67014252359 4.71963764799 4.80986527194 4.70298040343 4.91901998163 4.99373270494 4.64891732279 4.44759166604 2.97189623632 3.04038437302 2.76973300412 2.68002058316 2.54492725261 2.41609509302 2.0302019366
-9999 -9999 -9999 -9999 -9999 -9999 -9999 -9999 -9999 -9999 -9999 9.3699210665 8.7930567979 8.23817370098 7.7886808389 7.71353766979 5.99292235921 5.9706783066 5.72405243852 6.10126846759 4.19242825993 2.03916027485 4.6136786105 5.52693702453 4.78443326247 4.79421520371 5.27402835578 5.19676803784 4.80418944603 4.52830706448 4.47415727524 5.18682109172 5.11751247263 4.92793401963 4.2998682032 4.7527702368 4.17633873339 3.60435492821 4.88846176171 4.315454772 4.36116806201 4.40999284782 4.22037143298 4.00890205527 4.05358330289 4.05478479973 4.38927228662 4.43395777291 4.18638454289 4.04066064072 3.24489913536 2.4996045092 2.18453252371 2.10303063459 2.02260761232 2.15985779785 2.47373879449
-9999 -9999 -9999 -9999 -9999 -9999 -9999 -9999 -9999 -9999 -9999 -9999 8.97768525446 8.65433627571 7.56938065763 7.01689207676 5.93594859576 6.28526584333 5.7948355326 6.01487225455 5.50176371806 6.11014429665 5.07733519684 4.53121665847 4.6198329724 4.57827361935 4.32170903605 4.44178731709 4.30712337367 4.04638130221 3.63707992022 4.18673413164 3.97564325496 4.17567613698 4.07987855465 5.37676282615 4.64935811072 3.98031764768 5.41701315428 5.47452262088 4.26429165193 4.02536742374 4.20889043845 3.92865405267 4.01428059703 4.04293363711 4.11731044838 4.26090415087 3.98917041637 3.96219700814 3.708010041 1.8501523671 2.19829984341 3.05902305123 2.29752523304 2.32100944992 2.20208135318
-9999 -9999 -9999 -9999 -9999 -9999 -9999 -9999 -9999 -9999 -9999 -9999 9.4111269059 8.58966198892 7.39360216933 6.72277160742 5.67746425927 5.93365277375 5.70089938572 5.48026066805 5.68145820419 5.52556334194 5.31023534518 5.30925444584 4.92554166094 5.14337737553 5.46333240618 5.0716036598 4.60333765559 5.11852003156 4.57647456887 4.74688205278 5.37988437121 5.28928249888 6.17785527375 5.57637363693 4.60788443343 5.64532076679 6.66457083299 5.29959442959 4.44929578157 3.96387810317 3.70982581839 3.6761024873 3.67070713065 3.69570574475 3.68069298436 3.80646523267 3.57922431376 3.64324491315 3.55857242019 3.14029726637 3.2084291807 1.96969498237 1.60675325178 1.93001432241 1.48273014569
-9999 -9999 -9999 -9999 -9999 -9999 -9999 -9999 -9999 -9999 -9999 -9999 9.10891014874 8.71516708275 7.63373247385 7.450297577 6.30771497116 6.30179898134 5.44677062436 5.89229438282 5.58892468082 5.63280095669 5.30265726606 3.59893713344 4.32369998662 5.14737348313 6.18676193792 5.29681266955 4.68419956429 4.40318010798 4.08600339182 3.92143759966 4.08992316667 4.87238708186 5.15797118873 5.63462400138 6.13754796854 5.83723556545 4.82344918365 3.20137365529 2.66922950428 2.84084302429 3.53059154005 3.74223666448 3.67217290879 3.72094640628 3.76155227214 3.75309553179 3.77856271383 3.9690560252 3.94892520991 3.18604325081 1.98066815032 1.68854154825 1.69885446643 1.74662134566 1.69404692082
