data/recharge/transience/oldversion/mHM_recahrge_50.ASC
ncols   80
nrows    72
xllcorner    4374000.0
yllcorner    5656000.0
cellsize      500
NODATA_value  -9999
[rows 25 to 49 of 72, columns 0 to 55 of 80]
-9999 -9999 -9999 -9999 -9999 -9999 -9999 -9999 -9999 -9999 -9999 -9999 3.60511891356 4.10067088885 3.79996636085 3.61531253768 2.85179069891 2.90221457649 2.31247503918 2.59831817268 1.97983914192 1.99258983859 1.65181054921 1.09045014229 1.31278999881 1.6118556206 1.89207440728 1.53737985952 1.20918151939 1.12083493531 0.965677488004 0.914492214871 0.83007490676 0.850670584895 1.04601181008 1.05572787951 1.17319202425 1.13942837329 1.09870117418 0.875600277612 0.804094389285 0.671280606531 0.80283852754 0.896429375551 0.901628810239 0.917719544015 0.945564804147 0.941470165687 0.90588059257 0.960677431989 0.889803070429 0.744967730218 0.537723529155 0.432484576252 0.429810952342 0.447094127343
-9999 -9999 -9999 -9999 -9999 -9999 -9999 -9999 -9999 -9999 -9999 -9999 -9999 4.21545046687 3.88374354398 3.93950386766 3.11961343734 3.27495428051 2.60380797725 2.44810587539 2.02864374382 2.17204649929 1.92289649226 1.32751897476 1.46363961177 1.346161796 1.5223809997 1.32647894591 1.25416978795 1.3136223945 1.09205469625 1.03873725326 0.859482117352 1.0330426779 0.979266790726 0.387268660653 0.880178804615 1.0711928358 1.02246390969 0.728671240484 0.650839692957 0.809625276283 0.556480983018 0.607434038093 0.565322280022 0.621320993497 0.667171383345 0.643279390734 0.473702497058 0.371715737313 0.385153187629 0.425402876636 0.454516590202 0.531619626383 0.346851938928 0.335545347203
-9999 -9999 -9999 -9999 -9999 -9999 -9999 -9999 -9999 -9999 -9999 -9999 -9999 -9999 2.90614685238 3.02347408922 2.55392858129 3.20906122087 2.67633642174 2.7480225152 2.19050737883 2.27065173824 1.9661838994 1.75945073609 1.05058821608 1.07219124008 1.02676912885 1.46465726445 1.29738235838 1.19717465679 1.10874857438 1.17581266754 1.00109164001 1.21390322473 1.04590527232 0.657310193125 0.878736261076 0.841753704069 0.823627941616 0.680845857964 0.636312064368 0.742579911017 0.765544404691 0.630206835818 0.473035317506 0.54867898482 0.462235984289 0.504511033278 0.399640659241 0.469343450488 0.454372889129 0.337707612562 0.305718998703 0.439480117402 0.321185262228 0.622492690478
-9999 -9999 -9999 -9999 -9999 -9999 -9999 -9999 -9999 -9999 -9999 -9999 -9999 -9999 0.738405453103 1.59847266266 3.17339671524 3.35342384479 2.96499287509 3.02006991791 2.53846794974 2.43364089987 1.60105700608 1.89658875671 1.33344471091 1.43309013961 1.03887283171 1.35365994169 1.35585088712 1.43473757336 0.800139687889 0.318120063374 1.11778990894 1.85046488495 1.47230637666 0.500044995948 0.870976125498 0.63322265122 0.610908349378 0.549997999994 0.600730917687 0.652594144491 0.621303310787 0.717619164275 0.584924005384 0.483491399003 0.315871467236 0.217481943096 0.262478444108 0.378325678657 0.490019097267 0.558637420741 0.621785492314 0.590893429497 0.598448365008 0.635456686316
-9999 -9999 -9999 -9999 -9999 -9999 -9999 -9999 -9999 -9999 -9999 -9999 -9999 -9999 1.18768162667 1.98430085409 3.32824085989 3.15442948617 2.83082871687 3.05665027431 2.64220776778 2.48441379595 1.99422273298 1.61124213037 1.19746614375 1.16750626664 1.39284914414 1.56798145092 1.23164019373 1.31451998645 1.1287024409 0.992480918827 0.978812437881 1.56370146635 1.63679224823 0.412009136845 0.577306991682 1.27352355759 0.313664742328 0.482443415448 0.565579126806 0.644755048342 0.553720284457 0.570761725379 0.434536402589 0.495225519166 0.346313310393 0.483924530559 0.749832662744 0.834442743511 0.797306906351 0.597703606338 0.804494060733 0.754406854075 0.740267517382 0.801362103826
-9999 -9999 -9999 -9999 -9999 -9999 -9999 -9999 -9999 -9999 -9999 -9999 -9999 -9999 4.54203890842 4.3103514626 3.81427007809 3.41003404008 2.8290692837 3.67710358445 2.76077257495 2.6814835249 2.3105594296 2.04548161758 1.33580721365 1.46875953734 1.27299632163 1.70208331468 1.48400674835 1.34590897762 1.20617206029 1.28383375024 1.14084144028 0.576166823256 0.435149236392 0.43767058867 0.385471816031 0.936991692022 0.339507894619 0.513672667604 0.681310866866 0.519044764599 0.388429938324 0.422413041707 0.352046353031 0.388206435442 0.671997726313 0.82652737901 1.30479223992 1.38737022946 1.15268804665 1.22397499491 0.950220520749 0.887894620483 0.803227326795 0.702187533649
-9999 -9999 -9999 -9999 -9999 -9999 -9999 -9999 -9999 -9999 -9999 -9999 -9999 -9999 -9999 4.07250856473 3.60415217158 3.45264834346 3.93437395106 3.20585643909 2.6241730431 2.64398915309 2.06518754252 2.12148235053 1.33154283318 1.60267871736 1.26030242226 1.46703687413 0.591931761177 1.31353452529 1.06785822111 1.07681788761 0.926761692024 0.577470479125 0.452886731945 0.455062824058 0.411747410429 0.407663492796 0.386163782629 0.349700929774 0.291618120242 0.457838930282 0.394129664301 0.371861138888 0.35443357647 0.403431198995 0.450214442131 0.492794248278 0.688734694296 0.682876188078 0.461817023842 0.405773196142 0.639454751286 0.924620419662 0.906626781487 0.897792057595
-9999 -9999 -9999 -9999 -9999 -9999 -9999 -9999 -9999 -9999 -9999 -9999 -9999 -9999 -9999 -9999 3.61402686693 3.40954095902 3.10935172496 3.43064103943 3.09881954232 3.18359651885 1.92971120585 1.61285179773 1.58073016783 1.69293734147 1.43112324404 1.17255946154 0.47384163519 1.08069975724 1.4076559568 0.65499126363 0.377374139343 0.211511111708 0.447549073679 0.470745976225 0.442110703793 0.459935485087 0.439618378298 0.625011292271 1.18571834043 1.10402063708 1.03257932834 0.705265269717 0.410857211986 0.306652870386 0.244511809033 0.534559626395 0.409789366458 0.303481325716 0.467679760505 0.696402322906 0.590835945408 0.484753066649 0.581756869228 0.516271567783
-9999 -9999 -9999 -9999 -9999 -9999 -9999 -9999 -9999 -9999 -9999 -9999 -9999 -9999 -9999 -9999 3.74689542481 3.69507267831 3.38710673132 3.37758852931 2.87222979253 2.99693576609 2.48436707221 1.91086315412 1.95685519022 2.03975327947 1.61912393674 1.5303547891 0.517369480279 0.916794995739 0.472055551792 0.303732304712 0.329086727768 0.237572600499 0.423841732064 0.46015365655 0.584612319583 0.466273742664 0.436017003818 0.46617121214 0.929916876661 0.685244861244 0.901248517152 1.12545535684 0.81847609483 0.641307919104 0.691164912664 0.458678909674 0.299143839883 0.386414185656 0.572486074564 0.599607831448 0.797517361806 0.834956027697 0.973532173085 0.771426889039
-9999 -9999 -9999 -9999 -9999 -9999 -9999 -9999 -9999 -9999 -9999 -9999 -9999 -9999 -9999 3.3565331544 3.27374111852 3.46647281805 3.54274410191 3.49977902755 2.91910711077 2.80532412897 2.19469128158 2.27657203431 1.90178054442 1.96634855506 1.67076250105 1.71705816103 0.728601265049 1.18677885338 1.19802517992 1.22059578024 1.13572272382 0.597975344514 0.515500169591 1.11672070146 1.01250256778 1.05247805925 0.840491379302 0.40699345238 0.858491817714 0.903362486172 0.833472456109 0.824522105807 0.787398044927 0.652592964189 0.36721066561 0.346606022931 0.46962333768 0.566508287925 0.465681010749 0.351315308729 0.439321836984 0.497798719615 0.572318044812 0.589417691875
-9999 -9999 -9999 -9999 -9999 -9999 -9999 -9999 -9999 -9999 -9999 -9999 -9999 -9999 3.60463692646 3.4897311308 3.32614158356 3.32942709513 3.36858706845 3.40717294997 2.9396060056 3.05706800184 2.3327610815 2.37164890719 1.9006760519 1.86005804382 1.56845898664 1.60785125325 1.36850734431 1.36822863666 1.11003799271 1.12861042791 0.913255251153 1.08067392095 1.29820960751 1.54307931099 0.866364158333 0.703558762531 0.775934011953 0.966760767955 0.839652519304 0.708234657081 0.679654762486 0.726248787157 0.526834153288 0.461570783026 0.575330639748 0.604459071973 0.553420324914 0.442582650887 0.405152028761 0.400516889813 0.477114027241 0.464572642813 0.45433459477 0.488219525162
-9999 -9999 -9999 -9999 -9999 -9999 -9999 -9999 -9999 -9999 -9999 -9999 -9999 -9999 3.58246854121 3.74624450972 3.42833306683 3.18822544562 2.83486890728 2.8849233539 2.68628066113 2.8385105125 2.35450551832 2.412966692 1.85810798278 1.74263784489 1.50361097718 1.5336103659 1.33438894457 1.38864661532 1.23737025271 1.3417607433 1.34616023339 1.2708579114 1.12934064005 1.37022211161 1.43105431643 1.56996823128 1.15659832018 1.17117640937 1.30371189175 1.25414027798 0.803678096307 0.759191307192 0.694117272977 0.47668741566 0.682529805606 0.951127627099 0.831415936459 0.850137964245 0.866784645425 0.861815015958 0.712117663035 0.64081413628 0.741489987878 0.717931084711
-9999 -9999 -9999 -9999 -9999 -9999 -9999 -9999 -9999 -9999 -9999 -9999 -9999 -9999 -9999 -9999 3.45908459379 3.56801447979 3.41071252756 3.37996832819 2.9560545633 2.77316426646 2.49637797802 2.50079649597 1.91212645262 1.89011701831 1.33960738475 1.38142543543 1.11552202908 1.44214239714 1.33928088233 1.36343831549 1.28485089133 1.17357477118 1.11394679261 1.12042765776 1.21477475819 1.17778254242 1.3210495958 1.21622912703 0.901293538965 0.914401634522 1.06686409579 0.891269327727 0.555225935835 0.627443727656 0.573618282266 0.582311474252 0.608374137587 0.658975193369 0.660484773082 0.676919114883 0.628573753882 0.552100530896 0.39182444667 0.421300728896
-9999 -9999 -9999 -9999 -9999 -9999 -9999 -9999 -9999 -9999 -9999 -9999 -9999 -9999 -9999 -9999 3.76344812302 3.69778065211 3.52973346545 3.17915870082 2.93010418644 2.97420502755 2.22118349711 2.27786333016 2.07336165184 2.07205418984 1.64563746954 1.59693422599 1.44421118728 1.56244848322 1.57413134935 1.52673931565 1.31283607827 1.24119903689 0.947788593876 0.992957691463 0.998664821705 1.10246626918 0.815047703236 0.722351881859 0.83041944082 0.982360122314 0.464253015378 0.697678804756 0.964975908589 0.606836897342 0.343713206537 0.491605758282 0.527472540195 0.396852084685 0.310056105186 0.316370059012 0.242596589082 0.28938615734 0.274619528191 0.277174748028
-9999 -9999 -9999 -9999 -9999 -9999 -9999 -9999 -9999 -9999 -9999 -9999 -9999 -9999 -9999 -9999 -9999 -9999 3.54800050671 3.31424416594 2.78852512377 2.9181021239 2.5291558515 2.44099236153 2.01760026261 2.02688260764 1.5374999686 1.40440372722 1.45954081897 1.50880721301 1.24538282904 1.14563229295 1.07500110195 1.17438464052 0.935839790389 1.07605227059 1.04790149086 0.854361178257 0.781488329143 0.916731704002 0.732196795531 0.664011884374 0.60131074972 0.597484829886 0.523101251275 0.633361833071 0.417173143532 0.429299723363 0.57747296546 0.3208384167 0.372881657068 0.448520645693 0.249529618006 0.258649070213 0.303780478237 0.331914508414
-9999 -9999 -9999 -9999 -9999 -9999 -9999 -9999 -9999 -9999 -9999 -9999 -9999 -9999 -9999 -9999 -9999 -9999 -9999 3.03994845332 2.87054696725 2.94872631688 2.62079144911 2.86458960491 2.21725183072 2.16103920116 1.5217440939 1.5120726789 1.28119837042 1.24733117337 1.14119602731 1.3806370943 1.02978946959 0.939010799274 0.761406507978 0.723112692179 0.700762197079 0.879496205161 0.789352450004 0.845444737592 0.675327678825 0.624619916436 0.51891647048 0.639789847522 0.638513693715 0.656683707138 0.568326882895 0.414136947518 0.332531436496 0.567273621845 0.350437183757 0.322827820078 0.242738628079 0.239582946635 0.302967868606 0.285878338182
-9999 -9999 -9999 -9999 -9999 -9999 -9999 -9999 -9999 -9999 -9999 -9999 -9999 -9999 -9999 -9999 -9999 -9999 3.33743172769 3.45837986727 3.30120237541 3.26242299887 2.67189723687 2.61936148578 2.18656415154 2.10246244285 1.53714537542 1.56971717522 1.41203032389 1.34073084841 0.74083829435 0.396819580573 1.05477315355 1.01419961145 0.895697218714 0.991603659084 1.09786494617 1.06914243238 0.995052561623 0.960570312835 0.881327865085 0.674716637769 0.610046923547 0.483773636965 0.608848560282 0.478621142204 0.6160427211 0.869720836125 0.693042283003 0.43799552945 0.591920411392 0.796461239882 0.667799878049 0.600508092476 0.445036499467 0.377647925252
-9999 -9999 -9999 -9999 -9999 -9999 -9999 -9999 -9999 -9999 -9999 -9999 -9999 -9999 -9999 -9999 -9999 -9999 -9999 3.77987223359 3.59072575745 3.51256188614 2.71480866501 2.67110848906 2.36331154388 2.34425732357 1.46643358126 1.36182360243 1.48807584439 1.65056449476 0.669112984242 0.662495956293 1.16877977395 1.07210350559 0.863061787137 0.717296024604 0.681913954567 0.606906048646 0.537107993471 0.537498118156 0.571322383266 0.71701839125 0.615077271834 0.43150955472 0.398515080711 0.86180644115 0.761797650809 0.630114650603 0.760719100336 0.582407246292 0.257805259921 0.414585649681 0.42902824861 0.315775096652 0.671999548249 0.259322327113
-9999 -9999 -9999 -9999 -9999 -9999 -9999 -9999 -9999 -9999 -9999 -9999 -9999 -9999 -9999 -9999 -9999 -9999 -9999 -9999 3.34031672694 3.46634230117 2.73017002144 2.73579790456 2.16747999456 2.30029272927 1.41184036353 1.41563924622 1.65699472844 1.55205629034 1.21881244406 1.18046847894 0.973381601682 0.851874547373 0.494615213377 0.683412441095 0.909138988059 0.984823175138 0.954296842323 0.903317156276 0.724892716698 0.889560959043 0.871149687123 0.792346689049 0.944416392171 0.860985981312 0.739978712823 0.807686979101 0.731056644883 0.815459051889 0.694844414143 0.505989956599 0.297488389856 0.352749396362 0.467112947191 0.406986891153
-9999 -9999 -9999 -9999 -9999 -9999 -9999 -9999 -9999 -9999 -9999 -9999 -9999 -9999 -9999 -9999 -9999 -9999 -9999 -9999 -9999 3.43389068982 2.98869977144 3.00676702047 2.02524507316 1.93510823525 1.38649193395 1.53842515199 1.53596461299 1.49547831584 1.46456307173 1.39837430011 1.1414528293 0.46215395226 1.07909857542 1.21386354428 1.04413334501 0.712654572993 0.739984127597 0.834926473326 1.01163355664 1.04801779807 1.09299016877 0.848883365426 0.733555948777 0.574559582482 0.69444797439 0.750373432331 0.728408106401 0.851507415855 1.24215463061 0.733747170864 0.550559221675 0.512081174121 0.156565767341 0.247110097072
-9999 -9999 -9999 -9999 -9999 -9999 -9999 -9999 -9999 -9999 -9999 -9999 -9999 -9999 -9999 -9999 -9999 -9999 -9999 -9999 -9999 3.2017180285 2.83035766405 2.83008951006 2.26968823015 2.33250080191 1.73229606308 1.50852566256 1.63039912864 1.43163451175 0.314594972624 1.08494403581 1.26801613709 1.20241062832 0.87817932521 0.983904106694 0.884326360788 0.577557053233 0.528785767688 0.894456615313 1.01930987351 0.989775366147 0.823148264853 0.794609526193 0.903090560603 0.870708954957 0.815565327266 0.800065388012 0.539411616119 0.621470456946 0.489978397482 0.249124143816 0.411461229922 0.295187814676 0.358845219941 0.18384936217
-9999 -9999 -9999 -9999 -9999 -9999 -9999 -9999 -9999 -9999 -9999 -9999 -9999 -9999 -9999 -9999 -9999 -9999 -9999 -9999 -9999 -9999 2.86905353656 3.04988826909 2.55785090576 2.4359251032 1.81468946105 1.7592643731 1.59675062789 1.68120851764 1.51970241919 1.57426432873 1.28047022489 1.2865731648 1.30587407665 1.12293217172 0.938880113074 0.797474360605 0.62945997744 0.917898282497 1.056592817 0.788712008463 0.839293957119 1.00269968656 0.641873147805 0.578768764514 0.419071202868 0.456026089561 0.555008475463 0.581264870871 0.170033805248 0.291551681791 0.784048154943 0.541788458595 0.20749193464 0.160206525415
-9999 -9999 -9999 -9999 -9999 -9999 -9999 -9999 -9999 -9999 -9999 -9999 -9999 -9999 -9999 -9999 -9999 -9999 -9999 -9999 -9999 -9999 2.92423423966 2.87863167079 2.49957409529 2.57513509169 2.01109856799 1.84574305252 1.76532172161 1.78673688848 1.55623888575 1.58248856269 1.43150819682 1.35634323168 1.13741782816 1.3389246122 1.07130751105 0.927177409655 1.00742749246 1.12181632542 0.873524488975 1.07091489129 0.851345952717 0.705144608944 0.626056990581 0.733872963225 0.777256195657 0.86795534065 0.564463253542 0.538079399492 0.459703691368 0.602028445406 0.444321684439 0.728368253564 0.51418504451 0.471222592556
-9999 -9999 -9999 -9999 -9999 -9999 -9999 -9999 -9999 -9999 -9999 -9999 -9999 -9999 -9999 -9999 -9999 -9999 -9999 -9999 -9999 -9999 2.89585484366 3.00329050516 2.9694867104 2.81984538827 2.12846868702 2.10345543388 1.76957844266 1.99209596065 1.67949516199 1.56154917166 1.39100408986 1.43976591287 1.409858403 1.14315555954 1.09213798735 1.29494286775 1.19742460261 1.13019393807 1.10119909167 0.945177472888 0.716250437167 0.860147962769 0.991003244846 0.934817504861 0.88989729303 0.807247649232 0.657859397558 0.658881790666 0.778097721138 0.675547352355 0.672455058209 0.71482638845 0.746602545779 0.77771675752
-9999 -9999 -9999 -9999 -9999 -9999 -9999 -9999 -9999 -9999 -9999 -9999 -9999 -9999 -9999 -9999 -9999 -9999 -9999 -9999 -9999 -9999 -9999 3.09489802515 3.06401372306 2.86092433937 1.72570519244 1.58268857861 1.33721361319 1.93878575464 1.6878413845 1.77082764821 1.59034657814 1.6701578495 1.30803320675 1.38860721814 1.35801497655 1.25340105043 0.964020389649 0.954181375356 0.713434021781 0.903673102211 1.04386707375 1.05300122575 0.951217206295 0.875822592482 0.546079697232 0.491605571982 0.470524903401 0.510288100454 0.403386204196 0.510293253392 0.572047763323 0.847050552152 0.598390701592 0.38700654368
