data/recharge/transience/oldversion/mHM_recahrge_81.ASC
ncols   80
nrows    72
xllcorner    4374000.0
yllcorner    5656000.0
cellsize      500
NODATA_value  -9999
[rows 25 to 49 of 72, columns 0 to 55 of 80]
-9999 -9999 -9999 -9999 -9999 -9999 -9999 -9999 -9999 -9999 -9999 -9999 6.42315186884 6.28117399563 5.13897246292 4.93068284815 3.16392778227 3.14675856494 2.28172590158 2.8677823149 2.03445891158 2.06318681215 1.53302549391 0.697523250025 1.04293611267 2.09633930991 1.96055750624 1.82749499808 1.18976886148 0.960483224073 0.658026576559 0.573246172808 0.314888608423 0.297052941645 0.228663700702 0.0917537774247 0.109824636299 0.266078894181 0.181938448153 0.272559957789 0.207897835299 0.116870645459 0.120586736544 0.16388249506 0.144178174622 0.150274826106 0.144453301414 0.142737660046 0.12488795128 0.142096653593 0.115116909207 0.089998557572 0.0656148127573 0.0476302537893 0.0512709348158 0.0515406784266
-9999 -9999 -9999 -9999 -9999 -9999 -9999 -9999 -9999 -9999 -9999 -9999 -9999 5.39188172507 5.39878326597 5.67575467209 4.11609622244 3.97487440155 2.74862152188 2.38511947929 1.95805359275 2.38896086416 2.31267652903 1.89385496467 1.53556005435 1.29956947512 1.48802459574 1.2553305556 1.09207983737 1.2441775503 0.80676050469 0.688579893664 0.360514524005 0.321674174923 0.21167207462 0.0162236694768 0.0554376094158 0.237294265584 0.342392702918 0.213807179483 0.14663674902 0.218516727658 0.0937584565636 0.10146047749 0.068291523719 0.0741722841512 0.0832100183848 0.0777265047674 0.0421615003488 0.035304457923 0.0422223465031 0.0494818823702 0.0546550379503 0.0330197551685 0.0175998154227 0.0385442189279
-9999 -9999 -9999 -9999 -9999 -9999 -9999 -9999 -9999 -9999 -9999 -9999 -9999 -9999 4.50921075769 4.57795806053 3.48979726214 3.45649216944 2.82148829066 3.08812332518 2.14272258149 2.70125429465 2.17046690459 1.76958336408 1.03820587776 0.972603711414 0.973593265667 1.51356843314 1.1194523222 0.952726003821 0.789697536775 0.64692177835 0.534082763267 0.466977122292 0.259126219652 0.0354870186552 0.0502260198568 0.284692991574 0.264225991639 0.0650083941977 0.0437037189553 0.144503240905 0.174582689252 0.117577619071 0.0650072707912 0.0829025825938 0.0604690079676 0.0366672395133 0.0492339450454 0.0610740803912 0.0546857030512 0.0351006196094 0.0304168039715 0.0167538272598 0.0204472234399 0.0440320581468
-9999 -9999 -9999 -9999 -9999 -9999 -9999 -9999 -9999 -9999 -9999 -9999 -9999 -9999 1.66637360569 2.90872050168 3.60247008155 3.60555403782 2.88920735694 3.10597295366 2.6514423138 2.69864933554 1.6621301613 2.44932785242 1.79625068514 1.90965884313 0.808557399949 0.926660219008 0.980093862675 1.09911837802 0.481077110564 0.333302005404 0.532937955986 0.747154319032 0.545280886219 0.0312241060381 0.0516440223874 0.189935354984 0.0584177886388 0.0436942311334 0.0820760170107 0.124024374149 0.132855414005 0.16790961088 0.109996299441 0.0789713120449 0.0121597813808 0.00935446660692 0.0117215978909 0.0280155764893 0.0706825341121 0.0878360759569 0.103622056119 0.0218788604542 0.0114366282228 0.00991600333876
-9999 -9999 -9999 -9999 -9999 -9999 -9999 -9999 -9999 -9999 -9999 -9999 -9999 -9999 2.92501366786 3.96955524505 4.32484009236 3.88755199569 3.4411905023 3.43556547865 2.67074933207 2.84733549423 2.43669555419 1.97828049021 1.28801996106 1.1357225081 1.17060192749 1.2859040875 0.757546059183 0.901206413319 0.665546721415 0.553816621172 0.449488996245 0.58237246185 0.377754326324 0.0274049695411 0.0339104186454 0.368406607484 0.0290317678491 0.0321184712684 0.121363431705 0.158916805765 0.105773620275 0.112673369881 0.0668499569215 0.0822000358573 0.0444173738263 0.0741652555194 0.161577548767 0.171216797764 0.114183406025 0.0546734718238 0.0778038566767 0.0610604435678 0.0611778324646 0.0873926936269
-9999 -9999 -9999 -9999 -9999 -9999 -9999 -9999 -9999 -9999 -9999 -9999 -9999 -9999 7.17557303391 6.10710010422 5.3890863502 5.36573272624 4.06450548313 4.72232052778 3.01468363935 2.77110010389 2.38825191392 2.17847286555 1.36222873301 1.51452251069 1.01210629806 1.48902342317 1.0068838425 0.876828569896 0.716928224346 0.850303016649 0.614607488707 0.155863426451 0.0337148172417 0.03438747304 0.0200057370753 0.079029186645 0.0131277192067 0.0268866326719 0.0354281816312 0.105500821018 0.0631721579362 0.0748695400025 0.0511105145748 0.0618084078937 0.123060972121 0.126013661564 0.265564027936 0.315447426769 0.187570345847 0.24501188527 0.148138773767 0.178132021116 0.165445405247 0.127427697421
-9999 -9999 -9999 -9999 -9999 -9999 -9999 -9999 -9999 -9999 -9999 -9999 -9999 -9999 -9999 5.04189257502 4.42597387373 3.9534992145 4.04308783823 3.23547932217 2.23299489201 2.3295850966 2.18859777349 2.23467084822 1.34428884958 1.48021958539 0.939089911465 1.1053521946 0.708403110501 0.818192782794 0.528171059766 0.524825711496 0.364741577617 0.21785758553 0.0391438394014 0.0398632633419 0.0253117813824 0.0243812512324 0.0183343371193 0.0115339880914 0.00623083099384 0.011035431047 0.0349287020682 0.0420544928576 0.0438010809086 0.0424811646146 0.0306839933578 0.0337990503969 0.0653043017585 0.0943078165335 0.0661305193474 0.0545986705171 0.109170723989 0.234017295017 0.216724047869 0.211731408304
-9999 -9999 -9999 -9999 -9999 -9999 -9999 -9999 -9999 -9999 -9999 -9999 -9999 -9999 -9999 -9999 4.33908943292 3.69881762476 3.47419101009 4.71374820499 3.89961458444 3.71570554213 2.03580138067 1.63047999691 1.51065214181 1.33147163972 0.904531476433 0.66673475484 0.529753298759 0.72986419363 0.757821015035 0.521303456684 0.371484871677 0.226426754217 0.0371294196985 0.0448748204497 0.0341388522678 0.0398277536119 0.0318512185518 0.049442217146 0.112500541824 0.0879522970365 0.0777757041936 0.0753192216936 0.0310155356426 0.022137521855 0.0165061747507 0.0815709286175 0.0653634076471 0.0422379985311 0.0756598541755 0.149996914353 0.10117136753 0.0740014557498 0.0963438712981 0.0798451755588
-9999 -9999 -9999 -9999 -9999 -9999 -9999 -9999 -9999 -9999 -9999 -9999 -9999 -9999 -9999 -9999 4.69348704083 4.85207923396 4.69364011425 4.13904409358 2.84289287865 3.40682781769 2.52123298554 1.89679474362 1.46511825852 1.68855844976 1.04426810527 0.94980867693 0.405035242854 0.599144404596 0.355345297077 0.318838984448 0.307003079235 0.292800552442 0.074343806754 0.0412021651636 0.0521608044231 0.0421139957854 0.0308710164237 0.0288576007648 0.0513328283004 0.0250324894011 0.042413262667 0.246756613515 0.101034030829 0.0605874091561 0.0360769570323 0.0195224331284 0.0419947879623 0.0599222353283 0.104944608116 0.113836643853 0.176841657599 0.194882807072 0.264061702457 0.158794142822
-9999 -9999 -9999 -9999 -9999 -9999 -9999 -9999 -9999 -9999 -9999 -9999 -9999 -9999 -9999 3.01399096172 2.96529858433 3.74476347803 4.05969416793 3.91229629439 2.99848712716 2.88535742733 1.9915175893 1.83034073204 1.28595126216 1.43062462567 1.05506581921 1.12035690144 0.506552692853 0.734726877123 0.628590812027 0.659134171756 0.585384063805 0.270669817808 0.0973156292415 0.135378348668 0.0826162983449 0.106933009234 0.0623029954455 0.0199916820574 0.0481410825954 0.0875142340125 0.11101324322 0.108455045801 0.0981328157788 0.0678837767608 0.00582515579017 0.0137485635163 0.0536862205239 0.119084082395 0.0817676838867 0.0543687307154 0.0683092380747 0.0821340417669 0.0987425785278 0.103525299019
-9999 -9999 -9999 -9999 -9999 -9999 -9999 -9999 -9999 -9999 -9999 -9999 -9999 -9999 3.69442024351 3.45682800076 3.13964186055 3.92587614285 3.60796026393 3.5306226015 2.6731558707 3.11474878721 1.96979812372 2.08482111893 1.29587239485 1.19411173427 0.866801411202 0.940375765808 0.798802942772 0.797259167087 0.518013485543 0.537850633466 0.335943062187 0.503857092628 0.620953665097 0.752100808083 0.0509318647014 0.0329934387109 0.118688456876 0.0933857143175 0.0496776044215 0.0878080133319 0.0749410555828 0.0843073221888 0.0481578870181 0.0400579251882 0.0206129743654 0.10323589212 0.113843899436 0.0792539564542 0.0663615132509 0.065290135389 0.0770527486158 0.0741890420549 0.0697625848294 0.0774371318833
-9999 -9999 -9999 -9999 -9999 -9999 -9999 -9999 -9999 -9999 -9999 -9999 -9999 -9999 4.06599406489 4.56819219398 3.75926365386 3.58733141675 2.97546841461 2.69892999621 2.09031790286 2.52199648424 1.91842430868 2.08492040321 1.25843757516 1.01735289029 0.916336748901 0.990539949457 0.674385457214 0.795502246153 0.644051314058 0.809814522389 1.1768973711 1.00562958535 0.712617399271 0.972641971909 0.603203032674 0.815346296121 0.312062559909 0.323872860553 0.441584988468 0.388710775671 0.115424711885 0.102328581643 0.0842360670258 0.0463882460731 0.07775351032 0.242168977806 0.246630570792 0.282380617957 0.272575078706 0.268334076617 0.16956032023 0.139056711878 0.168025190107 0.157577317383
-9999 -9999 -9999 -9999 -9999 -9999 -9999 -9999 -9999 -9999 -9999 -9999 -9999 -9999 -9999 -9999 3.85846763614 5.15437540928 4.9916845965 4.89418250021 3.58903482626 2.36267935749 2.32590175382 2.34462946071 1.37952949829 1.65619715696 0.862065241422 0.936094028114 0.599112012363 1.03861999385 0.824029490041 1.13141836032 1.03031905505 0.808842270623 0.793272090381 0.805038785391 0.66749874669 0.384204997093 0.563908616264 0.652421343035 0.311837297627 0.261757924725 0.133919275011 0.069526563807 0.0577316084831 0.0702566496573 0.0575500869692 0.098254409421 0.138020632226 0.164914206025 0.154104274707 0.161391676054 0.134531681786 0.107790669664 0.0601081014544 0.0665416232921
-9999 -9999 -9999 -9999 -9999 -9999 -9999 -9999 -9999 -9999 -9999 -9999 -9999 -9999 -9999 -9999 5.73317134314 5.45326663203 5.07974689465 3.82557411773 3.64282992199 3.61463323028 1.67868060221 1.81736531365 1.65441218348 2.09338189657 1.48738379777 1.39282598151 1.12973089147 1.28407341962 1.40480536944 1.28632251149 0.894463737954 0.877038099218 0.500302814253 0.560352008931 0.562312713992 0.727567743499 0.366639426792 0.304181489611 0.398097158718 0.592073603364 0.0468820493722 0.102741605846 0.265793242178 0.0712434229723 0.0320877080581 0.0574270331314 0.117960465561 0.0766364494989 0.0516036632842 0.0531755241872 0.0351435061349 0.0453043686694 0.0407271364056 0.0413317191587
-9999 -9999 -9999 -9999 -9999 -9999 -9999 -9999 -9999 -9999 -9999 -9999 -9999 -9999 -9999 -9999 -9999 -9999 5.15357027756 4.29780625223 3.13236066152 3.59236899798 2.8373500128 2.28388514445 1.51543611556 1.59497373782 1.29132963249 1.34473056493 1.13522853299 1.16172379614 0.730587202072 0.585486432443 0.506988903965 0.684067075042 0.486238313959 0.690086822719 0.636284436823 0.388838630518 0.320385535848 0.511555257435 0.303037249367 0.248249250641 0.151547931001 0.149636828648 0.150149443283 0.145626868708 0.0413415414714 0.0416285434187 0.0707686156196 0.0519076892646 0.0688561022656 0.0907076632396 0.0364990397089 0.0383831632207 0.0468901224379 0.0530798006906
-9999 -9999 -9999 -9999 -9999 -9999 -9999 -9999 -9999 -9999 -9999 -9999 -9999 -9999 -9999 -9999 -9999 -9999 -9999 3.46408855376 3.25129027695 3.53507932782 3.05320302082 3.1844386015 1.88148286509 1.71574058176 1.00043741313 1.24506111347 0.756700656846 0.704845071219 0.655699542679 0.762416479341 0.482443052648 0.420936805846 0.303560794242 0.286063945263 0.259478256187 0.427218029781 0.341393703883 0.434536148304 0.273700941078 0.234011501519 0.159743742367 0.235684143077 0.227490679696 0.24223445095 0.115016690782 0.0432569231042 0.0319726581488 0.0681327159557 0.0534386154394 0.0585612690442 0.0373030035171 0.0365994236968 0.0490406859042 0.045218915905
-9999 -9999 -9999 -9999 -9999 -9999 -9999 -9999 -9999 -9999 -9999 -9999 -9999 -9999 -9999 -9999 -9999 -9999 4.54164247904 4.98916204346 4.79150239991 4.64835530942 3.32218933391 2.34228890652 1.80249152579 1.71805537101 1.01546073997 1.15394608831 0.984891349324 0.851944760609 0.164483880238 0.0881631331729 0.303518832107 0.531958591718 0.440083861432 0.560382118339 0.704201139497 0.655638420059 0.547215540511 0.527448120829 0.47747930943 0.272921586566 0.213192071785 0.0396112129109 0.0627145061116 0.034757428883 0.203660496559 0.198072880328 0.0910863711401 0.044198240743 0.0461105991541 0.135111851191 0.138512691992 0.140487496764 0.0850179661767 0.0664385845612
-9999 -9999 -9999 -9999 -9999 -9999 -9999 -9999 -9999 -9999 -9999 -9999 -9999 -9999 -9999 -9999 -9999 -9999 -9999 5.95238538808 5.57701559733 5.26983169662 3.48621922215 2.55100226342 2.15275074325 2.10226114 0.953473052707 1.0989691778 0.91500818966 1.21698148502 0.511391110072 0.498135076846 0.666526249662 0.663165820158 0.257045450931 0.180339774876 0.252750520489 0.205640811743 0.164064664647 0.163999601243 0.181164114269 0.313979882224 0.105463282812 0.0392320864123 0.0364975098706 0.276595607605 0.329977105825 0.20754324847 0.136715899506 0.0715229573167 0.0161395544199 0.00726362458424 0.00849399164664 0.0144058090776 0.0391155588002 0.0348078909906
-9999 -9999 -9999 -9999 -9999 -9999 -9999 -9999 -9999 -9999 -9999 -9999 -9999 -9999 -9999 -9999 -9999 -9999 -9999 -9999 4.56141022559 5.05673053826 3.54451988167 2.99090528235 1.63199144046 1.97842534746 0.979712471045 1.18069446615 1.21993278733 1.01370007145 0.645809783101 0.596742134623 0.420402074961 0.282359056481 0.12599794528 0.190134813632 0.462364566483 0.571514238346 0.518486072665 0.463347176804 0.291272378273 0.462240026655 0.466923438756 0.382871697006 0.544356323605 0.440053667713 0.311064039739 0.374155044719 0.268871585211 0.188519883135 0.107935158433 0.0640650587941 0.0280511773566 0.00946838812036 0.00995925350741 0.0369798358046
-9999 -9999 -9999 -9999 -9999 -9999 -9999 -9999 -9999 -9999 -9999 -9999 -9999 -9999 -9999 -9999 -9999 -9999 -9999 -9999 -9999 4.79751275414 3.94039459855 3.92217246084 1.47270740683 1.27239918448 0.950864558131 1.32807895934 0.926301167745 0.82845932765 0.718247731948 0.831657805634 0.654351965486 0.147071166275 0.607108005186 0.940012043085 0.690096842604 0.403914540712 0.351043179068 0.407561723092 0.620614182413 0.67752511872 0.750908922248 0.448408840789 0.321766860219 0.201252311858 0.280208812675 0.327614143256 0.300839324021 0.415789035732 0.620789846517 0.0954732856743 0.127816898159 0.061474646656 0.0149033173723 0.022463860017
-9999 -9999 -9999 -9999 -9999 -9999 -9999 -9999 -9999 -9999 -9999 -9999 -9999 -9999 -9999 -9999 -9999 -9999 -9999 -9999 -9999 3.97849383926 3.3925811515 3.40704499458 2.19146228957 2.3282120387 1.39190870282 1.4676795074 1.13382316488 0.939668337908 0.407803216443 0.62305163524 0.839228014664 0.843086956945 0.435774460265 0.587725005522 0.467938374047 0.380740863724 0.3136240983 0.555619563853 0.633480561414 0.589153269672 0.373201491344 0.368597278745 0.503090603653 0.463721364835 0.391586959408 0.375529009476 0.183998349821 0.214988730361 0.0468397036361 0.0165820835767 0.015663137761 0.0342377252827 0.0333362067323 0.0171540616443
-9999 -9999 -9999 -9999 -9999 -9999 -9999 -9999 -9999 -9999 -9999 -9999 -9999 -9999 -9999 -9999 -9999 -9999 -9999 -9999 -9999 -9999 3.5947189251 4.24495461793 2.67150571705 2.23286003896 1.32315619554 1.7822550928 1.28939130606 1.32237013757 0.961080882379 1.06486528044 0.854105705046 0.997342556798 1.11953632569 0.771939910293 0.711321553729 0.606239744357 0.490892225336 0.59340760368 0.670874250887 0.344592873265 0.39014264143 0.589241866033 0.252403592939 0.213806857986 0.137299123849 0.193946787303 0.279739600856 0.0687204848315 0.0135573265161 0.0115034378285 0.0709083540813 0.0654453645752 0.0200533860165 0.015960847926
-9999 -9999 -9999 -9999 -9999 -9999 -9999 -9999 -9999 -9999 -9999 -9999 -9999 -9999 -9999 -9999 -9999 -9999 -9999 -9999 -9999 -9999 3.76680606544 3.63203209699 2.48453450235 2.67491285495 1.62793212067 1.71344050695 1.5839709191 1.64599934923 1.21199249272 1.27013488531 1.14614662404 1.16051410373 0.798183072514 1.1960231227 0.728088937128 0.615173151789 0.781548326233 0.815615849195 0.428286333539 0.692909263114 0.402882939871 0.271981702361 0.219344796267 0.333063809067 0.422907894522 0.464859721454 0.189658030534 0.132358466074 0.0433230252346 0.0325657733312 0.0489675536797 0.114921417597 0.0571220162098 0.0501169915976
-9999 -9999 -9999 -9999 -9999 -9999 -9999 -9999 -9999 -9999 -9999 -9999 -9999 -9999 -9999 -9999 -9999 -9999 -9999 -9999 -9999 -9999 3.6793501723 4.09356464946 3.41906431669 2.81931427328 1.8419833597 2.46794884116 1.65459571731 2.09410036112 1.41210319607 1.15836217033 0.903966859112 1.15271686047 1.26887664785 0.75529269533 0.718975349922 1.09209903223 0.890367814651 0.769733930018 0.759825806656 0.528580127772 0.298848159022 0.437799772301 0.596134671074 0.537345120619 0.50950487819 0.410688432945 0.266275149462 0.266940584302 0.365065304791 0.272864086377 0.11110610792 0.114896199248 0.122676090123 0.135110009146
-9999 -9999 -9999 -9999 -9999 -9999 -9999 -9999 -9999 -9999 -9999 -9999 -9999 -9999 -9999 -9999 -9999 -9999 -9999 -9999 -9999 -9999 -9999 4.39176205135 3.78079205994 2.95642282189 1.62345364745 2.3415335984 1.55745004439 1.94872520728 1.43555800101 1.62973475935 1.29277201174 1.59863473838 1.05132418546 1.22038956941 1.2313261283 1.00805405628 0.530352481934 0.488915801855 0.292331425783 0.478813416209 0.683207924653 0.701880603437 0.538384765071 0.445280460641 0.184301951823 0.160715739052 0.144944552313 0.167066201185 0.107340859065 0.16199538036 0.177368554306 0.217042950129 0.0813800045697 0.0514108752291
