data/recharge/transience/oldversion/mHM_recahrge_577.ASC
ncols   80
nrows    72
xllcorner    4374000.0
yllcorner    5656000.0
cellsize      500
NODATA_value  -9999
[rows 0 to 25 of 72, columns 0 to 56 of 80]
-9999 -9999 -9999 -9999 -9999 -9999 -9999 -9999 -9999 -9999 -9999 -9999 15.2433162377 15.4869537182 -9999 -9999 -9999 -9999 -9999 -9999 -9999 -9999 -9999 -9999 -9999 -9999 -9999 -9999 -9999 -9999 -9999 -9999 -9999 -9999 -9999 -9999 -9999 -9999 -9999 -9999 -9999 -9999 -9999 -9999 -9999 -9999 -9999 -9999 -9999 -9999 -9999 -9999 -9999 -9999 -9999 -9999 -9999
-9999 -9999 -9999 -9999 -9999 -9999 -9999 -9999 -9999 -9999 -9999 -9999 13.8058696733 13.2796720421 13.0086712424 -9999 13.9073290058 -9999 -9999 -9999 -9999 -9999 -9999 -9999 -9999 -9999 -9999 -9999 -9999 -9999 -9999 -9999 -9999 -9999 -9999 -9999 -9999 -9999 -9999 -9999 -9999 -9999 -9999 -9999 -9999 -9999 -9999 -9999 -9999 -9999 -9999 -9999 -9999 -9999 -9999 -9999 -9999
-9999 -9999 -9999 -9999 -9999 -9999 -9999 -9999 -9999 -9999 13.9033718625 13.8922319901 13.9306626948 13.7420256173 14.2648785477 13.9992068257 13.6069371819 13.7676607056 -9999 -9999 -9999 -9999 -9999 -9999 -9999 -9999 -9999 -9999 -9999 -9999 -9999 -9999 -9999 -9999 -9999 -9999 -9999 -9999 -9999 -9999 -9999 -9999 -9999 -9999 -9999 -9999 -9999 -9999 -9999 -9999 -9999 -9999 -9999 -9999 -9999 -9999 -9999
-9999 -9999 -9999 -9999 -9999 -9999 -9999 -9999 -9999 13.9027234494 13.833318364 13.7289290175 13.6631017824 13.7237385115 14.2611343134 14.3731472485 13.8797682232 14.0700547355 -9999 14.5500677281 -9999 -9999 -9999 -9999 13.3903799415 12.9210041353 -9999 -9999 -9999 -9999 -9999 -9999 -9999 -9999 -9999 -9999 -9999 -9999 -9999 -9999 -9999 -9999 -9999 -9999 -9999 -9999 -9999 -9999 -9999 -9999 -9999 -9999 -9999 -9999 -9999 -9999 -9999
-9999 -9999 -9999 -9999 -9999 -9999 -9999 -9999 14.2822738966 14.1392194953 14.7049964124 14.626822261 14.4229607037 14.3903729978 14.3459934074 14.4712187275 14.0519417825 13.5930633666 13.8945384724 14.3178560768 14.1754828678 14.2932552085 -9999 13.8118001363 13.3256713317 13.0619443253 -9999 -9999 -9999 -9999 -9999 -9999 -9999 -9999 -9999 -9999 -9999 -9999 -9999 -9999 -9999 -9999 -9999 -9999 -9999 -9999 -9999 -9999 -9999 -9999 -9999 -9999 -9999 -9999 -9999 -9999 -9999
-9999 -9999 -9999 -9999 -9999 -9999 14.0606512874 13.9821684324 14.0477236317 14.0627288262 14.8452676042 14.7012629684 14.5255323847 14.533157482 14.4160081523 14.4622338066 14.2307338673 14.0948643003 14.0012235716 14.145546055 14.0779017629 14.127020757 14.2487535331 13.6975965933 12.5372415595 12.5739050552 12.7131445898 -9999 -9999 -9999 -9999 -9999 -9999 -9999 -9999 -9999 -9999 -9999 -9999 -9999 -9999 -9999 -9999 -9999 -9999 -9999 -9999 -9999 -9999 -9999 -9999 -9999 -9999 -9999 -9999 -9999 -9999
-9999 -9999 -9999 -9999 -9999 -9999 14.1165172686 14.1053774287 14.0847730557 14.0329487119 14.7456189216 14.6824380979 14.584296789 14.6856299186 14.4673625775 14.3259313835 13.9444964822 10.8650176522 12.8987338468 14.1355686778 14.0851415869 14.300215005 14.2327603033 14.2309611081 13.5707781175 13.3708138494 12.5008129979 13.3547955108 13.3834704645 13.3727838145 13.3951805786 13.4456308575 -9999 -9999 -9999 -9999 -9999 -9999 -9999 -9999 -9999 -9999 -9999 -9999 -9999 -9999 -9999 -9999 -9999 -9999 -9999 -9999 -9999 -9999 -9999 -9999 -9999
-9999 -9999 -9999 -9999 -9999 14.1418595416 14.1193508352 14.0842820787 14.1394795784 14.2015378385 14.9028681462 14.713563961 14.3435938008 14.0695608208 14.589295337 14.531935791 10.6967444 5.57201228163 10.1980958266 14.0928221303 14.1427268782 14.1302841691 14.1189833098 14.136726612 13.8598229683 13.9784040191 12.4809539713 12.8925777256 13.2753434808 13.2840945621 13.2576797196 13.3482249624 13.2314743778 13.2324386112 -9999 -9999 -9999 -9999 -9999 -9999 -9999 -9999 -9999 -9999 -9999 -9999 -9999 -9999 -9999 -9999 -9999 -9999 -9999 -9999 -9999 -9999 -9999
-9999 -9999 -9999 -9999 -9999 14.1855842789 14.0590068703 14.0985018859 14.1471674724 14.102200244 14.8094842618 14.8350768556 10.7766220589 8.74265550556 14.6745508104 14.6465714798 12.5126634426 4.94592114804 8.74666518669 12.1723090012 13.8665989688 14.0583883992 14.2599413925 14.2919389182 14.1858978776 14.0312481117 13.3344915452 13.4537941394 13.8912752952 12.8825143329 12.3368983013 13.3093312324 13.8718855581 13.8984791599 13.1415107395 13.1594641916 -9999 -9999 -9999 -9999 12.9841076967 12.9404868726 -9999 -9999 -9999 -9999 -9999 -9999 -9999 -9999 -9999 -9999 -9999 -9999 -9999 -9999 -9999
-9999 -9999 -9999 -9999 -9999 14.1412920278 14.1624158546 14.1134830152 14.1364128956 14.2379332436 14.9977754557 14.9700617376 14.7229085646 14.4371920271 14.7934463566 14.857303639 14.4759757944 14.5119023535 14.1949436461 14.44583998 13.8498549181 14.0955038675 14.1328965888 14.1247093005 14.1803073173 14.1390012691 13.5397859645 13.2487509219 13.8917757948 12.8103773599 8.98525123686 11.7584631116 13.7987251645 13.7689196577 12.6581634362 13.1258002405 13.0982792061 -9999 -9999 13.0837349498 13.0211835852 13.0320120886 12.9619068763 -9999 -9999 -9999 -9999 -9999 -9999 -9999 -9999 -9999 -9999 -9999 -9999 -9999 -9999
-9999 -9999 -9999 -9999 -9999 -9999 14.3148533602 14.2980975545 14.1813509483 14.2611620877 15.0135550883 14.9945667925 14.6836541626 14.2609795169 14.6248113641 14.7216492875 14.6914477071 14.7825942064 14.5937625729 14.5068483853 14.3896097614 14.2885646492 14.1457266532 14.3751411127 14.2545946831 14.2118755739 13.4709653911 13.5505738136 13.918605627 14.0161756052 13.2027210279 13.9441129305 13.7253720202 13.8827099802 13.7857961393 13.8113945511 13.523230545 13.3344969903 13.0223573705 12.9842506964 13.7091503752 13.8200709943 13.1896037312 12.8300044005 -9999 -9999 -9999 -9999 11.9241711543 11.859611995 3.8339084662 -9999 -9999 -9999 -9999 -9999 -9999
-9999 -9999 -9999 -9999 -9999 -9999 -9999 14.5113915479 14.1868496396 14.1665461304 15.0870762159 15.1747463421 14.7671120423 14.8121334361 14.5667391325 14.7270124763 14.6910117248 14.6070107482 14.4793742404 14.3583520962 14.2706676234 14.1617875062 14.1234726298 14.3186834618 14.2862036704 14.1253908071 13.9167341979 13.9798962021 14.045495138 14.0143843727 13.8027863939 13.8132053868 13.7889117237 13.795274409 13.8265429494 13.8828705968 13.7041025073 13.7207541707 13.0403307025 13.0085579875 13.4253600795 13.2873531412 12.337685413 11.3753313608 11.0153383145 11.1251854798 10.2839639856 10.1978039628 10.0388845677 11.2733843489 12.4934402237 10.7488697114 -9999 -9999 -9999 -9999 -9999
-9999 -9999 -9999 -9999 -9999 -9999 -9999 -9999 14.2030675209 14.3214206925 14.2502520548 14.2410503588 14.9938797004 15.1716801472 14.9798431644 14.9947591997 14.6887703554 14.8165361416 14.6423747275 14.4831284291 14.451162573 14.4416495238 18.6359033988 23.1353022545 23.1712279981 22.5704049831 16.7586925688 13.9952477918 13.8116571795 13.3004743193 13.7239343318 13.5442713233 13.719081808 13.5186537015 13.7507660765 13.5841438221 13.7474599404 13.8403039628 13.7601945499 13.7828480952 13.5077848174 12.7841878407 10.9688106095 10.8919087434 10.7465098888 10.6604858239 10.6950933667 10.6120891935 10.4013312069 11.8374477722 12.1903485922 12.2336445587 12.3192436864 -9999 -9999 -9999 -9999
-9999 -9999 -9999 -9999 -9999 -9999 -9999 -9999 14.3957652323 14.3853445627 14.199448061 14.2371442674 15.0404735547 15.0583932741 14.9757628816 14.8538611687 14.6927190621 14.7899492243 14.5193963488 14.4967302505 14.5492671192 14.4620830023 20.5424626921 24.3849838353 23.7032646839 22.9603808247 22.3724501595 16.8898258931 13.5342956759 13.3949325752 13.4102580783 13.3918601868 13.3378945588 13.4123632121 13.7711192716 5.91301796264 13.8701944951 13.8142442416 13.7059863012 13.7082985564 13.6648047054 13.0545643433 10.9592446519 10.8996868131 10.6946375128 10.677164129 10.6846272383 10.6231598 10.7888560646 12.3774914129 12.1789326251 12.184970716 12.6971728675 12.8616083963 12.3658489501 12.418484048 -9999
-9999 -9999 -9999 -9999 -9999 -9999 -9999 -9999 -9999 14.226044567 14.1981345341 14.244498175 15.1351776449 15.2071090978 15.1353868765 15.1385328472 15.0524071802 14.8879797394 14.7863670289 14.8239925198 14.858485366 14.5537678389 16.6948908451 25.3400541774 24.436915154 24.0139616466 22.7092559175 22.1430434327 17.2310831378 13.7893277433 13.6618033915 13.5979302605 13.5042630451 13.0208133348 13.1839467637 11.6636592765 13.8132096478 13.7906015376 13.7334671338 13.7050876575 13.6447803214 13.5880732286 11.5425802088 11.398112624 10.9200626253 10.4400276434 10.1441417255 10.2978950753 11.8083627665 11.9972178392 11.8199581889 11.798981512 12.1227211063 12.3774697466 12.1794080335 10.5475409123 9.3138038334
-9999 -9999 -9999 -9999 -9999 -9999 -9999 -9999 -9999 -9999 14.188467623 14.1689014027 15.1187687307 15.0908963687 15.1120014185 15.1105051658 14.5258089469 14.7327677266 14.4046471036 14.3559718254 14.2075491323 14.0088476721 13.6752651236 19.6850911235 23.6913246937 23.9473198047 22.7917668699 22.7730089034 21.6524497991 18.3533540901 13.6907948422 13.6686848641 13.6367270904 13.5633061734 13.699556353 13.7048505421 13.7665751449 13.7776236055 13.7458291636 13.7508485973 13.6461804454 13.7132486843 13.4617209896 11.7938012447 11.5493539666 10.8462204507 10.9584601805 10.7970324004 12.550756436 12.4698126592 12.0522929046 11.9635290124 11.7192573703 12.3066535043 12.0042981319 10.247084294 9.29650605807
-9999 -9999 -9999 -9999 -9999 -9999 -9999 -9999 -9999 -9999 -9999 7.44581859404 10.2983061233 15.0848485584 15.118111324 14.8946345869 14.3063490949 14.3466742176 14.6860464444 14.858565198 14.6560601107 14.6418829765 14.2423952533 13.6100762662 16.5536495227 21.0909159419 22.67964504 23.4210600539 22.0866584962 14.203622645 18.3171925722 14.4029620689 13.19816702 13.2846262714 13.0531151537 13.0981515594 13.5360730083 13.5231502149 13.5724317256 13.5974051152 13.5931049364 13.5744031613 13.5685554239 12.7680216273 11.0370543405 10.6069056427 10.6255726036 11.0970718281 11.861046324 12.3583143329 11.8675837113 12.3200271958 11.8631282975 11.7815379514 11.3152469421 11.2816476116 9.70018039382
-9999 -9999 -9999 -9999 -9999 -9999 -9999 -9999 -9999 -9999 -9999 7.14417010524 11.4924043889 15.0327015748 15.0272857853 14.8398282634 14.110000471 14.4541825362 14.6752359876 14.66766593 14.6890578459 14.773974471 14.2137945442 13.7044934497 14.0729567482 14.3679837157 17.3557636009 20.8003856659 21.648312196 20.2031624019 21.4582637109 21.5522081822 19.0408488024 19.5101601992 17.5764892475 14.3188118308 13.5007769201 13.5595281649 13.516030924 13.0805511155 11.8837416214 13.6243613545 13.4824182518 13.502150427 12.8053960029 11.3307664826 11.2244261687 11.3248665563 10.9844783816 10.8353223886 10.2239628096 10.3603895524 10.1034252205 11.7267446483 11.5633426443 11.4272795485 11.1126217416
-9999 -9999 -9999 -9999 -9999 -9999 -9999 -9999 -9999 -9999 -9999 14.2404528507 14.9320602252 14.9135469843 14.8160270617 14.9347991248 14.217985294 14.0690746068 14.5022272281 14.6954957978 14.5915937169 14.6101803486 14.3347410302 13.7525521393 14.0509107999 14.0986929706 13.9090079394 13.8743345224 13.8215221371 16.203906982 18.7181778176 21.1605204004 22.1402843755 21.9085251633 19.4381297292 20.825900578 19.9634813424 18.820511511 13.9729165507 10.1019603761 7.88930877047 13.3940024331 13.4575666952 13.5674344699 13.6096072446 13.2392779496 11.1839519852 11.0745316753 10.7398105126 10.7115995219 9.83958278652 9.98217893927 9.80573138143 10.4056621712 11.4654046843 9.52873456885 8.70023694624
-9999 -9999 -9999 -9999 -9999 -9999 -9999 -9999 -9999 -9999 -9999 -9999 15.0911767139 14.8224141021 14.9212850305 14.7529582976 14.7346708791 14.395379451 13.9410748092 14.6762384167 14.695870746 14.5873820467 14.3978104937 14.3743300835 14.1119740454 14.1623799328 13.9467992085 13.968183019 13.7600638159 13.7221203946 13.5961618152 13.6159152602 15.0355632989 18.2139539448 18.8872077778 9.82084487987 20.4874612189 19.644019606 18.8576560674 13.1897801258 13.3410015047 13.3947100183 13.5746214949 13.6698455913 13.6949014386 13.7000035841 12.2848511014 11.0842644117 10.4846957921 10.5783415853 9.99463768015 9.57844800537 9.17759840646 9.1934658416 8.68252740402 8.42229067219 4.7542875891
-9999 -9999 -9999 -9999 -9999 -9999 -9999 -9999 -9999 -9999 -9999 15.1985748518 15.1646672225 15.0089250268 14.9914092139 8.61499030763 12.4970934779 14.9406750214 14.5417997209 14.5636291135 14.4327079055 14.412434945 14.1733355678 14.233180179 13.9956028202 13.9853925979 13.545500339 13.6328282079 13.4221423092 13.3640513594 13.1173909334 13.1499937884 12.9736392337 12.9464994882 12.9414370602 19.3621527043 19.6987182414 18.5501583669 17.8526253907 13.3678471505 13.001615876 12.6697937116 13.5550655824 13.7786929531 13.8902053105 13.8627398772 13.4919044053 12.0722014735 10.8399701405 10.7800826379 9.67134864558 8.94382320297 8.472513463 8.478347861 8.06915090616 8.2218396865 8.67264421587
-9999 -9999 -9999 -9999 -9999 -9999 -9999 -9999 -9999 -9999 -9999 15.2993975495 15.2273043109 15.0963454777 14.9386748869 11.4394724172 14.5044139553 14.8445114421 14.7314496681 14.5804250392 11.4770965127 11.6078404599 14.1041818518 14.2465822685 14.0240637299 14.0253063161 8.95799681154 9.16085966273 12.8215234972 13.6288169903 13.3573898503 13.1691899422 12.9397126675 12.9458495951 12.9127420726 17.3272656227 18.929323394 19.5028110403 18.1710055308 16.1948265284 12.9214621642 12.4554972144 13.0621457691 13.4227359224 13.5866841871 13.6272893716 13.4906658416 13.4782022827 12.5504546776 12.0689046342 9.55010713916 9.45567976768 9.07118718188 8.90714540416 8.52359982678 8.40235944536 7.85808179936
-9999 -9999 -9999 -9999 -9999 -9999 -9999 -9999 -9999 -9999 -9999 14.1568521495 14.068593254 13.956623995 14.9281635832 14.9016783514 14.6748839612 14.5764316441 14.6340330571 14.8793739825 12.3624194443 5.45769645417 11.3829506249 13.2396036064 12.0058376327 12.0362138104 12.3822017502 12.9026208225 12.7382571433 12.9590723747 12.9142497471 13.4398962316 13.2294382204 13.1790006939 12.7767414467 16.9726854403 17.0400384357 16.0820342582 17.8551959343 16.2704264449 12.7992636154 12.7307923341 12.785813074 12.0963881116 12.2276464311 12.2447553468 13.0812975672 13.1230246452 12.4842727698 12.4176269935 10.6496402628 9.40504161323 8.67759537569 8.41341361676 7.90495103618 8.06566366974 8.1728780463
-9999 -9999 -9999 -9999 -9999 -9999 -9999 -9999 -9999 -9999 -9999 -9999 14.165294398 13.9966627054 14.9118096081 14.6733504578 14.310893202 14.7003255114 14.6806442768 14.7547113539 14.4241635525 14.8070575471 13.1487152044 12.2842306606 11.9608076806 11.9378824467 11.5031429852 11.5507081693 11.2449938276 11.1179355158 10.7911274559 12.3110842393 12.8295802273 12.9212315536 12.6811145617 18.4173246892 17.6078961002 16.8286494516 18.3603363131 17.0091503666 12.7649412585 12.5821417466 12.9854132361 12.4809547064 12.4494250764 12.2155598283 12.6987061238 13.0363234198 12.3999934178 12.2950113348 11.6852670043 6.37805525604 7.04160395714 9.76212059569 8.15444545723 8.16197180943 7.7689789939
-9999 -9999 -9999 -9999 -9999 -9999 -9999 -9999 -9999 -9999 -9999 -9999 14.168636884 13.9224644571 13.7905799892 13.331925084 14.1243626732 14.3963884438 14.6536528848 14.4823386343 14.6750257154 14.7220472579 13.9331040781 12.6160103404 12.1978468639 12.2807976225 12.0677240178 11.9779274989 11.4482885944 11.6558826643 11.3221214091 11.4781603046 12.9927604779 13.2524546524 16.929659396 18.6729007942 19.4851821338 18.0348020033 18.9890493861 15.9118125481 12.0108001689 12.2591482837 12.0504314587 12.0389464712 11.9974400286 12.0732652572 12.0090126955 12.0933049307 11.659574995 11.5692298969 11.1082082912 10.2764079627 10.2053590053 8.09148649684 6.62994623513 7.20238936964 5.93411605252
-9999 -9999 -9999 -9999 -9999 -9999 -9999 -9999 -9999 -9999 -9999 -9999 14.221827635 14.0686262544 13.8700027287 13.8242403115 14.8105833173 14.7187806288 14.4528533378 14.7427204202 14.6049012931 14.6166941282 14.4494264121 9.38813009594 10.1510539221 11.7598153316 11.853420902 12.0361074848 11.4675365682 11.350860688 11.0487718141 10.932345503 12.0741019131 14.2768196472 19.5428435583 15.0236614472 16.6235720868 18.2374288753 17.1093275939 10.3054523899 9.11483843878 10.4321078269 11.7586229787 12.0832281921 12.0040696934 12.0019062611 11.9242970362 11.9385255898 11.6359296214 11.7236049682 11.2178935585 10.2666647133 7.8613307128 7.27358063035 7.75789628475 6.88403353295 6.22878516945
