data/recharge/transience/oldversion/mHM_recahrge_515.ASC
ncols   80
nrows    72
xllcorner    4374000.0
yllcorner    5656000.0
cellsize      500
NODATA_value  -9999
[rows 0 to 24 of 72, columns 0 to 56 of 80]
-9999 -9999 -9999 -9999 -9999 -9999 -9999 -9999 -9999 -9999 -9999 -9999 35.4267492674 36.8025482923 -9999 -9999 -9999 -9999 -9999 -9999 -9999 -9999 -9999 -9999 -9999 -9999 -9999 -9999 -9999 -9999 -9999 -9999 -9999 -9999 -9999 -9999 -9999 -9999 -9999 -9999 -9999 -9999 -9999 -9999 -9999 -9999 -9999 -9999 -9999 -9999 -9999 -9999 -9999 -9999 -9999 -9999 -9999
-9999 -9999 -9999 -9999 -9999 -9999 -9999 -9999 -9999 -9999 -9999 -9999 28.1306414254 26.4755156771 25.2038482731 -9999 23.0653637605 -9999 -9999 -9999 -9999 -9999 -9999 -9999 -9999 -9999 -9999 -9999 -9999 -9999 -9999 -9999 -9999 -9999 -9999 -9999 -9999 -9999 -9999 -9999 -9999 -9999 -9999 -9999 -9999 -9999 -9999 -9999 -9999 -9999 -9999 -9999 -9999 -9999 -9999 -9999 -9999
-9999 -9999 -9999 -9999 -9999 -9999 -9999 -9999 -9999 -9999 27.4109025862 25.913279468 27.0112383652 26.9524661597 23.160075518 21.9169817158 18.0373474635 18.239153026 -9999 -9999 -9999 -9999 -9999 -9999 -9999 -9999 -9999 -9999 -9999 -9999 -9999 -9999 -9999 -9999 -9999 -9999 -9999 -9999 -9999 -9999 -9999 -9999 -9999 -9999 -9999 -9999 -9999 -9999 -9999 -9999 -9999 -9999 -9999 -9999 -9999 -9999 -9999
-9999 -9999 -9999 -9999 -9999 -9999 -9999 -9999 -9999 26.4111767227 26.2883054699 27.0300024261 25.4238559591 25.8819491174 25.0486979563 23.4073891156 20.3963368292 22.4278089444 -9999 25.8744028336 -9999 -9999 -9999 -9999 21.0871442326 22.3114332806 -9999 -9999 -9999 -9999 -9999 -9999 -9999 -9999 -9999 -9999 -9999 -9999 -9999 -9999 -9999 -9999 -9999 -9999 -9999 -9999 -9999 -9999 -9999 -9999 -9999 -9999 -9999 -9999 -9999 -9999 -9999
-9999 -9999 -9999 -9999 -9999 -9999 -9999 -9999 29.7982566228 28.2591196538 25.6392239031 25.7408546856 25.2990745009 24.7155932988 23.6304014448 23.2400053683 19.1804668622 17.7302691231 18.6583853042 22.9063856452 22.3292269639 22.9008148412 -9999 19.1433543944 23.2835183858 23.3502631675 -9999 -9999 -9999 -9999 -9999 -9999 -9999 -9999 -9999 -9999 -9999 -9999 -9999 -9999 -9999 -9999 -9999 -9999 -9999 -9999 -9999 -9999 -9999 -9999 -9999 -9999 -9999 -9999 -9999 -9999 -9999
-9999 -9999 -9999 -9999 -9999 -9999 30.0092346088 27.6389268994 26.8115754421 27.2312300425 26.9012926659 27.2716487479 26.1640204389 25.7566138448 23.5121614944 24.2011248969 20.6121570735 19.632675951 24.5216343749 22.8205993052 22.0337754517 22.5867634875 21.8084855796 19.8343798562 21.8374976779 21.3482608068 22.9063582026 -9999 -9999 -9999 -9999 -9999 -9999 -9999 -9999 -9999 -9999 -9999 -9999 -9999 -9999 -9999 -9999 -9999 -9999 -9999 -9999 -9999 -9999 -9999 -9999 -9999 -9999 -9999 -9999 -9999 -9999
-9999 -9999 -9999 -9999 -9999 -9999 30.6636206349 28.9960174223 26.0995846908 25.7402675673 24.5060953285 26.1641926564 24.4959485456 22.4653861884 20.3807739527 21.0479192175 19.5825479996 21.0281957159 28.6813861782 19.2184202819 19.9855293325 21.482118989 21.7647985458 20.503490534 19.7387682178 18.4592736085 22.8621575295 24.4105274254 26.5030389295 26.0330629908 27.3460406485 27.3174868415 -9999 -9999 -9999 -9999 -9999 -9999 -9999 -9999 -9999 -9999 -9999 -9999 -9999 -9999 -9999 -9999 -9999 -9999 -9999 -9999 -9999 -9999 -9999 -9999 -9999
-9999 -9999 -9999 -9999 -9999 32.2419467296 30.9742429814 30.8056997848 28.2121064965 28.5992202053 27.1261879609 26.0946350469 23.0081725338 24.3386228935 21.6441997284 22.9767501361 20.3825313254 12.5986452152 23.4397083773 19.8149034954 20.0430288187 19.6840325777 21.1905960679 21.5270892049 20.9819926029 21.4237873301 22.5896880856 22.4559955296 26.0719972118 25.8968558675 25.3195928201 25.8521474427 24.548834246 24.1616907179 -9999 -9999 -9999 -9999 -9999 -9999 -9999 -9999 -9999 -9999 -9999 -9999 -9999 -9999 -9999 -9999 -9999 -9999 -9999 -9999 -9999 -9999 -9999
-9999 -9999 -9999 -9999 -9999 32.6978926697 31.6040456135 31.7346307063 29.69780242 29.092017021 27.843475062 28.3166848893 20.718124676 19.5453914575 25.5216565767 25.0517450657 19.3334157339 10.7071649618 19.5795048705 20.9700605634 18.648073402 19.2511187456 21.7332002531 21.3100534715 21.4743943586 18.8690985003 19.2488712885 18.029038813 22.2304580239 23.0652381266 26.8882754796 26.0638596671 23.6329156223 23.1689865773 21.9688317911 22.948173856 -9999 -9999 -9999 -9999 22.5661687485 22.0621717611 -9999 -9999 -9999 -9999 -9999 -9999 -9999 -9999 -9999 -9999 -9999 -9999 -9999 -9999 -9999
-9999 -9999 -9999 -9999 -9999 32.1845022983 31.4665859879 30.6391855669 29.9903584048 30.6326228063 29.0601454021 28.6792905796 26.2260293258 26.7254544627 26.3056039745 23.738584288 20.3121068489 26.1543628145 26.7360891094 22.5205679356 20.0460816597 19.0430769305 19.8413904258 19.4483184964 21.2534504171 19.3503232658 19.1679775656 17.403595543 21.507423715 23.5106110981 17.6321549166 19.7509842687 23.4821361974 21.5150874339 19.9520688047 23.3592185825 22.869414091 -9999 -9999 23.3410664266 23.224523901 22.8360607194 22.1108228911 -9999 -9999 -9999 -9999 -9999 -9999 -9999 -9999 -9999 -9999 -9999 -9999 -9999 -9999
-9999 -9999 -9999 -9999 -9999 -9999 32.7756839824 32.5277556944 31.63622071 31.5518833413 29.2890598989 29.8598102423 31.0299951393 34.5672759138 24.3702164647 23.3768161476 22.1535376405 21.836478005 19.596446969 20.9298050811 20.4186397585 20.8406204956 20.3417268381 21.1506967901 20.6625848176 19.6700030644 16.0203941128 16.0211513147 17.6969459978 20.0874608411 19.1535865188 20.5541469838 18.5817752235 18.55195933 19.0219382656 21.2586237949 20.0828287683 17.4226919845 22.0626868157 21.7652355918 21.0769316249 22.7402576496 18.184316965 15.7066452754 -9999 -9999 -9999 -9999 18.5541251629 17.3582420372 6.4348048477 -9999 -9999 -9999 -9999 -9999 -9999
-9999 -9999 -9999 -9999 -9999 -9999 -9999 32.4326779901 31.160719837 31.7987100663 30.7404558058 30.2160300042 30.7518090194 28.053558851 23.4428531267 25.3737541852 24.028861893 24.8983179029 23.6716570039 22.1747358716 19.801440028 19.8465436639 19.8145289602 19.9475664534 19.8820816224 18.9474576078 16.7671868987 17.5944709828 20.1318590395 19.0012597521 18.2670901576 18.0870827524 18.9140565602 19.1262852976 21.6612729452 21.597670089 20.3177535123 19.6473128421 21.8670028509 21.8312783674 18.5244960585 17.4646273937 12.8866218048 11.5569260617 10.174610782 11.162373174 11.8341707816 10.3982876617 9.96630349555 12.8216723927 14.5278537891 12.3832563725 -9999 -9999 -9999 -9999 -9999
-9999 -9999 -9999 -9999 -9999 -9999 -9999 -9999 32.9927397292 30.7326503345 30.5920974819 31.1559382822 28.2889639531 29.1597150449 28.3632346127 27.812214856 24.5529428788 24.6742585316 21.9961975467 22.91623551 24.7363873258 24.4047104354 16.0936094915 14.4100059448 14.3377686994 14.0780882167 13.7032582481 18.0773682897 15.9400353213 13.8984377253 15.6701495101 15.1956604465 15.9375050614 15.2886424579 16.808305399 19.6672929991 19.6313747348 20.07116049 19.4560208427 19.3593122927 16.3652208719 12.5521483064 9.53574209633 8.85085032314 8.38120152367 7.75970619933 8.57548323007 7.74976322293 7.16649743612 9.67449003113 11.4279006358 11.960864236 10.7771130609 -9999 -9999 -9999 -9999
-9999 -9999 -9999 -9999 -9999 -9999 -9999 -9999 32.2656756691 31.5603684825 30.0063926444 30.134106729 28.5444578407 28.5189231127 26.6073291239 26.3284474948 23.0991890327 23.7384892668 22.9389850157 23.5511230272 23.3623103312 24.2309293419 17.8534082757 19.7147159991 16.6322060534 13.325118355 15.1468551588 15.4401752688 15.6280216408 13.4843533174 13.4430291977 14.7562065893 13.804394141 14.8664774041 18.537040338 12.8978499023 20.7647058063 19.7462559696 19.422359425 19.2633000862 18.5182900526 12.8009457143 8.9905187261 8.96253159186 7.78636860582 7.71109478134 8.48417018168 7.91923979476 7.74998350181 12.2822072352 11.6896077712 11.7311550083 11.7583147533 14.4390094855 12.5589381932 13.0088133103 -9999
-9999 -9999 -9999 -9999 -9999 -9999 -9999 -9999 -9999 32.265432438 30.9365658267 29.7777758148 28.8811434825 28.0717500506 26.2399087856 26.3161022525 26.4821306935 26.7709897858 26.7600191647 26.9088077352 26.1346002606 24.3964099183 21.1325678233 26.9260635511 21.4354869491 19.3338349015 14.2424787126 12.4920722258 8.79359250008 16.4986108289 14.7500433512 14.5605257579 14.0329579941 12.2440481838 14.1629085936 15.823519758 17.9940751736 17.513533371 16.8376011253 16.9184827975 16.1673310215 14.5315712005 7.26980856733 8.88343717765 6.82836400621 5.98288290474 5.27988545294 5.38646297156 8.2172919247 8.9785865758 8.98330171356 8.75982034543 9.58652063842 12.1723452183 12.2587121889 6.83671138506 5.03638686521
-9999 -9999 -9999 -9999 -9999 -9999 -9999 -9999 -9999 -9999 29.2530836285 29.428041246 28.6744844553 27.8760550823 25.594172386 24.9148198923 24.1583446234 26.4230407762 24.9504164767 22.6604012842 21.7248255696 20.9995286329 18.2413637449 15.9783423591 16.275361659 19.7008127156 16.9283265597 13.9988281197 10.8731239209 9.89377169697 16.0277319943 16.0598521775 16.6086799441 13.8621848891 17.0310444748 16.8523218244 17.7713166491 17.5173842775 16.9054652105 16.9551879206 16.5523540934 14.9404943712 11.0876310716 8.08941197965 9.55875177978 9.32311408381 7.52545997527 6.07859951318 9.71076523908 10.0322666964 9.89333865306 9.61522457562 8.57958742317 10.5288079404 11.3182143402 6.40946702613 4.98057717751
-9999 -9999 -9999 -9999 -9999 -9999 -9999 -9999 -9999 -9999 -9999 18.530850315 23.9180488503 29.8866267919 25.2560528194 24.5176852217 23.9314544211 23.7818179271 21.597970585 23.6053422058 24.6847267185 23.7937917304 19.2337351908 16.3710770575 12.5209768767 9.60701675639 13.3028599703 17.7943450247 16.7321025071 20.8333759947 17.9837741735 12.1098500601 12.4695982313 12.9790612533 13.6599605014 12.290469608 15.4495929452 15.3910941361 15.5212704789 15.524110557 13.6399351451 12.7810821045 12.5679413178 8.73336023657 6.78317093607 5.63272274588 6.11638675319 7.23152572291 7.2176350314 9.49807497165 7.95721198008 9.99155604615 10.7632613457 10.4192654343 9.34853711239 9.09576798173 5.24840729139
-9999 -9999 -9999 -9999 -9999 -9999 -9999 -9999 -9999 -9999 -9999 17.2658659141 23.1242629696 25.9768937708 25.4011033987 24.965816814 22.0151177448 21.4162135352 24.4627278465 24.5943012097 23.9830701495 24.9747484751 19.548546387 17.4597017459 17.0678824569 19.4429897763 13.0720319694 13.4475105739 12.1154864594 12.8982197074 14.4991745551 13.6750277798 7.52806426005 8.24048255126 7.7782831148 12.8899658975 15.4070649391 15.5564640916 15.3029853326 15.4012493741 19.4561309416 13.8737065699 11.9557080963 12.1746553804 9.3506305205 7.84261150194 9.43624341702 10.6996739147 9.72837933699 7.0990215701 7.50789370321 7.3107533019 5.51326073366 10.1465247668 10.5337135073 9.86474314221 9.32935183744
-9999 -9999 -9999 -9999 -9999 -9999 -9999 -9999 -9999 -9999 -9999 30.8459209515 27.6994199057 27.2265090914 24.8705074122 24.1518374399 20.5218377852 18.1400416791 19.5785026837 20.9455506 22.2212428737 22.4293567238 18.2270013498 15.5629217799 15.7897677062 17.5956525961 16.9335012152 16.7543271417 15.0769589133 11.374434471 9.12846077619 13.7909551376 16.396088037 16.6616556335 9.26478557295 11.5014207763 8.29808937575 5.6711815904 11.8083789504 10.4631123453 12.8083049113 12.6971630378 12.675755633 13.5687646775 14.2562921158 14.5205487983 8.76766341091 8.00599881847 7.74941386438 7.38263959896 6.1765253578 6.92124470184 7.32818771096 8.40759843964 10.0608560896 9.29605787545 12.822088947
-9999 -9999 -9999 -9999 -9999 -9999 -9999 -9999 -9999 -9999 -9999 -9999 27.2499232287 27.6725120996 26.0899598706 25.5835208462 22.5935051538 20.4152870258 17.9659661864 22.4432450633 22.5326995547 21.9749634894 20.4988956728 19.5406505603 18.0484660904 18.2509017426 17.092875748 17.374867918 16.5327094856 16.1532198903 15.777554753 16.1359418321 12.2117692262 8.54655433345 10.5449319075 12.9764328318 15.4516584889 7.09984712915 5.66840443431 13.9362016503 14.4661133656 12.3595255066 14.2160665617 15.3586338066 15.671244953 15.4985943177 9.62756456303 8.09795270944 6.35634977703 7.02475140599 5.81873712428 4.83899128192 4.15991792873 4.22998976535 3.82592449452 5.2601172915 4.87735711296
-9999 -9999 -9999 -9999 -9999 -9999 -9999 -9999 -9999 -9999 -9999 29.3178733835 28.6958774346 27.9844337408 26.7234678768 18.7836053593 24.7847441279 22.1842534552 18.5939684185 21.2496036742 19.528855731 19.3698526374 17.7732620744 18.0012874328 17.2904427302 17.1530733948 16.0224073688 15.5781375456 15.3530325704 15.0794251519 13.9625523281 14.2339883901 13.3378311296 13.2557772016 13.336806646 8.2153131502 8.20777618382 5.05460459921 4.36741815484 8.95627087442 11.6152136016 10.4283102318 16.8963525883 16.8079476063 18.8128447897 18.7348959019 15.6525422285 10.705227751 7.33750808748 7.46389080562 5.33903175426 3.50975180292 3.04619166101 3.07347442803 2.7914841553 3.118983896 4.48248497187
-9999 -9999 -9999 -9999 -9999 -9999 -9999 -9999 -9999 -9999 -9999 29.8329527313 30.3821343213 28.9668219487 25.8102073836 19.8287350866 22.7686541888 22.6321781508 21.4355937141 21.8132618646 22.4989915769 24.2056810577 20.7664848943 18.5633743928 17.716695555 17.267788128 12.9913758765 18.4553829037 17.0317814383 17.9558039007 16.2977164337 14.3882963019 13.2112543337 13.2609476419 13.1543049682 5.55512641286 5.92412098682 8.09913045433 5.27727304395 5.78756048011 10.6457130858 10.4612990961 12.9497137001 14.3305876774 14.7791774635 14.1046934007 14.2723352321 14.1380633994 10.5381634486 9.32718006821 5.06845728353 5.30665546904 4.48468036574 4.2181551041 3.86699404235 3.53959512456 2.63859766287
-9999 -9999 -9999 -9999 -9999 -9999 -9999 -9999 -9999 -9999 -9999 31.1506332499 31.0400196899 28.9616709136 27.8323022672 27.5858555657 23.4081785348 23.3275569559 21.9238596327 23.7022942581 17.2745138545 11.2860943849 20.5070116812 15.3508422269 11.4793981651 11.4652909009 12.717067234 14.1918821423 12.0032048043 12.5182962416 12.278533843 16.2356987431 15.4502190387 14.8885479827 12.4639091657 4.05166132743 3.53779999287 2.38986873931 4.46513665105 3.44711682527 11.2370190027 12.9736279286 10.9985162377 9.39118688412 9.58990987211 9.60811544133 11.4612703954 11.9685641193 10.8063834223 10.742405756 5.54946069943 3.60868445153 2.9893329699 2.827512191 2.81745119443 2.82375804726 3.38225473206
-9999 -9999 -9999 -9999 -9999 -9999 -9999 -9999 -9999 -9999 -9999 -9999 31.4969581522 30.7049311832 28.4749432807 27.0925187266 23.9893678197 24.2011791354 21.5660624614 22.4896018226 20.6180517183 22.992052862 13.4147679972 11.0582383102 10.7844756515 10.6331595832 9.16849920001 9.62194064341 8.77657283356 7.86978279993 6.60158883259 9.62617266666 12.3829260948 12.855478625 11.924916023 5.50783888461 4.39778304928 2.96404052866 5.51365255182 5.3730198733 11.2782267937 12.0836940853 11.8121391023 9.64767193306 9.63018918292 9.70537436993 10.2620549387 11.4784987502 10.1542503541 11.7747730475 10.1676758919 6.35389459534 7.37544665275 5.14117304401 3.30171227742 3.54049375838 3.27512045539
-9999 -9999 -9999 -9999 -9999 -9999 -9999 -9999 -9999 -9999 -9999 -9999 32.3872232144 30.7890642985 28.6872918653 27.6543914186 24.0461861526 24.9933093399 22.9337196001 22.5427821644 22.0489416392 22.253097636 16.112014027 14.8260014046 12.7661510311 16.8149473393 15.2287939838 12.5575913648 10.3172883434 12.386306173 9.85405886032 10.444762162 14.5817685438 15.9643284474 6.99146228562 5.82950908608 8.17330714935 6.22836485383 7.95527103056 6.04360202698 10.2036596036 11.1972429322 10.5118581502 10.4444812391 10.4502960144 9.15659975886 8.53335464516 8.63564213334 7.90257643475 9.71602713148 8.88444086116 8.10758070478 6.11334723232 2.17705446674 1.55187306735 2.03398801466 1.53424691055
