data/recharge/transience/oldversion/mHM_recahrge_543.ASC
ncols   80
nrows    72
xllcorner    4374000.0
yllcorner    5656000.0
cellsize      500
NODATA_value  -9999
[rows 0 to 25 of 72, columns 0 to 56 of 80]
-9999 -9999 -9999 -9999 -9999 -9999 -9999 -9999 -9999 -9999 -9999 -9999 11.8262911649 12.0300497317 -9999 -9999 -9999 -9999 -9999 -9999 -9999 -9999 -9999 -9999 -9999 -9999 -9999 -9999 -9999 -9999 -9999 -9999 -9999 -9999 -9999 -9999 -9999 -9999 -9999 -9999 -9999 -9999 -9999 -9999 -9999 -9999 -9999 -9999 -9999 -9999 -9999 -9999 -9999 -9999 -9999 -9999 -9999
-9999 -9999 -9999 -9999 -9999 -9999 -9999 -9999 -9999 -9999 -9999 -9999 12.5149988909 11.0960838014 10.5201239603 -9999 11.0846491999 -9999 -9999 -9999 -9999 -9999 -9999 -9999 -9999 -9999 -9999 -9999 -9999 -9999 -9999 -9999 -9999 -9999 -9999 -9999 -9999 -9999 -9999 -9999 -9999 -9999 -9999 -9999 -9999 -9999 -9999 -9999 -9999 -9999 -9999 -9999 -9999 -9999 -9999 -9999 -9999
-9999 -9999 -9999 -9999 -9999 -9999 -9999 -9999 -9999 -9999 12.0704345122 10.9240725319 11.910503173 11.895851338 10.0664937907 9.94138550245 9.93993917516 10.1011317958 -9999 -9999 -9999 -9999 -9999 -9999 -9999 -9999 -9999 -9999 -9999 -9999 -9999 -9999 -9999 -9999 -9999 -9999 -9999 -9999 -9999 -9999 -9999 -9999 -9999 -9999 -9999 -9999 -9999 -9999 -9999 -9999 -9999 -9999 -9999 -9999 -9999 -9999 -9999
-9999 -9999 -9999 -9999 -9999 -9999 -9999 -9999 -9999 11.0531883705 11.8512923509 11.8856504143 11.025462445 11.1878433866 11.4894317402 11.0289040732 10.3297884579 11.1831755344 -9999 11.8849586406 -9999 -9999 -9999 -9999 9.78961763918 10.4506176555 -9999 -9999 -9999 -9999 -9999 -9999 -9999 -9999 -9999 -9999 -9999 -9999 -9999 -9999 -9999 -9999 -9999 -9999 -9999 -9999 -9999 -9999 -9999 -9999 -9999 -9999 -9999 -9999 -9999 -9999 -9999
-9999 -9999 -9999 -9999 -9999 -9999 -9999 -9999 12.1287061423 11.4530708439 10.9568785813 11.823156353 11.6472067681 11.3473062777 11.2422335016 11.1129361614 10.2699380556 10.0826759514 10.0243092444 10.9416199821 10.7083035035 10.9703158392 -9999 9.99973363678 10.3454873045 10.6376476112 -9999 -9999 -9999 -9999 -9999 -9999 -9999 -9999 -9999 -9999 -9999 -9999 -9999 -9999 -9999 -9999 -9999 -9999 -9999 -9999 -9999 -9999 -9999 -9999 -9999 -9999 -9999 -9999 -9999 -9999 -9999
-9999 -9999 -9999 -9999 -9999 -9999 13.1334973062 11.5103774655 10.8187258343 11.0040267216 11.535966898 12.5805085328 12.0942935415 11.8832832632 11.2093263542 11.5128221939 10.6732041727 10.3717411546 9.80002201711 10.7871598059 10.5585065063 10.7855475053 10.6892537389 10.132644199 10.3192671354 10.2636100135 10.4637080675 -9999 -9999 -9999 -9999 -9999 -9999 -9999 -9999 -9999 -9999 -9999 -9999 -9999 -9999 -9999 -9999 -9999 -9999 -9999 -9999 -9999 -9999 -9999 -9999 -9999 -9999 -9999 -9999 -9999 -9999
-9999 -9999 -9999 -9999 -9999 -9999 13.5558181156 12.8152121883 10.9563106909 10.7464436411 10.8998313686 11.9315869176 11.6327666878 10.4722584663 10.4620728904 10.5851422132 11.0371668319 7.98779966422 8.04469578178 10.0982647305 10.2207879204 10.8217225778 10.5562727951 10.3700948115 9.89454638722 9.68752660052 10.3826217468 11.1036797388 11.230696473 11.0419081173 11.52827249 11.5369743489 -9999 -9999 -9999 -9999 -9999 -9999 -9999 -9999 -9999 -9999 -9999 -9999 -9999 -9999 -9999 -9999 -9999 -9999 -9999 -9999 -9999 -9999 -9999 -9999 -9999
-9999 -9999 -9999 -9999 -9999 14.1221091908 13.6054112713 13.5019920734 12.8432703471 12.4047878896 12.0094188486 11.7499036677 10.9460789244 10.2697153911 11.1701543079 11.4315701881 8.19413768346 4.01636610485 6.73596561429 9.80210906242 10.2664189112 10.1383998172 10.3152963619 10.431315218 10.0848038437 10.3607999728 10.2340852426 10.3275290537 11.0086465899 10.9412324815 10.7283841408 10.9683590684 10.501658179 10.3994960538 -9999 -9999 -9999 -9999 -9999 -9999 -9999 -9999 -9999 -9999 -9999 -9999 -9999 -9999 -9999 -9999 -9999 -9999 -9999 -9999 -9999 -9999 -9999
-9999 -9999 -9999 -9999 -9999 14.562124022 14.1358950886 14.1842360911 13.5772840173 13.2501055022 12.9883045732 13.2446419221 8.68799718029 6.32235699449 12.4528662031 11.9146857035 8.58018187612 3.11988743671 5.92222450626 7.66355475183 10.9737877969 10.5221650156 10.8199945323 10.699319148 10.4246973873 9.69372703431 9.73305723885 9.53568343145 10.2571818436 9.84344432337 8.18758875155 8.92013523817 10.3693214377 10.2551220235 10.0621578817 10.2406074851 -9999 -9999 -9999 -9999 10.2975197572 10.1279065211 -9999 -9999 -9999 -9999 -9999 -9999 -9999 -9999 -9999 -9999 -9999 -9999 -9999 -9999 -9999
-9999 -9999 -9999 -9999 -9999 14.2186958906 13.9238791824 13.6034482791 13.7622924553 14.0621283728 13.5918470296 13.3933482139 12.6398534357 12.9313042069 12.8447884953 11.327058474 9.9957793864 10.1783272671 9.81245318776 11.6088579714 11.5196982912 10.2352358921 10.1365281943 9.99904969878 10.3521888946 9.96926108413 9.64631789993 9.27604823852 10.3398535915 8.77204945615 5.93783718152 8.73791962123 10.2790793434 9.42815186405 9.04435309413 10.300744119 10.2844581641 -9999 -9999 10.4007742604 10.4929177857 10.4146160286 10.4115203582 -9999 -9999 -9999 -9999 -9999 -9999 -9999 -9999 -9999 -9999 -9999 -9999 -9999 -9999
-9999 -9999 -9999 -9999 -9999 -9999 15.1770844383 14.5989646336 14.5937682338 14.43127967 13.6243159771 13.9686056093 13.1909109338 12.8729474442 11.736965779 11.6590111401 10.9748173261 10.8492109298 10.7444304528 10.9091409933 10.8233315152 10.913790816 10.5231775649 10.9088644094 10.455835538 10.1160401589 8.94964960064 9.3513962898 9.55762530776 9.81341383225 9.30056266181 9.93897044485 9.07100900576 9.68909185778 9.69547664594 10.0199402811 9.40068063443 9.23009288402 10.2270530836 10.1106783071 10.0878932072 10.6062660934 9.19727448262 8.81532998606 -9999 -9999 -9999 -9999 9.71952133248 9.42215379191 2.66149658863 -9999 -9999 -9999 -9999 -9999 -9999
-9999 -9999 -9999 -9999 -9999 -9999 -9999 14.1525433361 14.2335453982 14.7456883865 14.4391925698 14.074461829 10.9941436248 10.2003833291 10.6732223064 11.8206544071 12.0924582641 12.3558719535 11.938511706 11.2944747235 10.5503594718 10.5127740112 10.3354291239 10.4850897909 10.227552151 9.82850615582 9.38981457816 9.73136795478 9.89624532265 9.61416514745 9.38653024251 9.48242536941 9.36280127565 9.50698437259 10.0530687821 10.0733012333 9.9824021246 9.99791086956 10.2042016565 10.1561266708 9.2690596032 9.02096945093 9.01358009387 8.76075973654 8.40295231888 8.65790194226 8.81744207612 8.51090409195 8.35458929018 8.82538348492 8.54218353379 7.25270265662 -9999 -9999 -9999 -9999 -9999
-9999 -9999 -9999 -9999 -9999 -9999 -9999 -9999 12.9777845846 14.047397356 14.2393067574 14.6366642763 13.655760895 13.9860079282 13.7238416871 13.3673061245 12.0384483366 12.1107988878 11.216389082 11.5226311133 12.102147833 11.9508307332 14.0787147752 20.9101687963 20.7368694697 20.2396866479 11.6884652876 9.68986415294 8.97690103634 8.33466203703 8.95177079475 8.74677392221 8.90034614658 8.70016196729 9.25665048641 9.30747218737 9.77477505117 9.89398915281 9.77074262845 9.76509040331 9.35455288854 9.13203959042 8.25678867809 8.06398042405 7.92061323147 7.72572129543 7.97878820578 7.75431215908 7.55109122808 8.23649117931 8.0947820562 8.24908790313 7.9772189226 -9999 -9999 -9999 -9999
-9999 -9999 -9999 -9999 -9999 -9999 -9999 -9999 15.0861006317 14.562492894 13.9159806176 13.964436364 13.5225730864 13.5016398718 12.711284371 12.5725080163 11.5718815314 11.9286416413 11.5425111088 11.7966754443 11.8268593529 11.8777508388 16.6970146535 23.0998647308 21.2891105907 20.3480274095 20.3497802525 12.1278481808 8.93521270149 8.55632614698 8.51160033603 8.51990868908 8.49367768514 8.54199118254 9.52484300071 3.79115665752 9.82073367088 9.78553400074 9.7193446103 9.68054323104 9.64927590221 9.19461499175 8.14341477991 8.09209895494 7.75718934246 7.72795215923 7.95269380663 7.79502809666 7.87865346508 8.26308119475 8.11917879543 8.13557387935 8.46440795965 8.93226530755 8.54717565643 8.69395986915 -9999
-9999 -9999 -9999 -9999 -9999 -9999 -9999 -9999 -9999 15.4498179939 14.7195154942 13.9273380631 13.7709519652 13.0964279656 12.1468013959 12.0372946096 12.1308072785 12.4166492521 12.3169716089 12.3736254573 12.5520956776 11.681149749 12.918501651 24.5705418726 21.9971750153 21.6115533694 19.7226165772 19.4211167583 11.891072189 9.21049353812 8.97631343742 8.83399543298 8.71821689963 8.05105267853 8.53606784291 7.59928037555 9.60215712873 9.45782328874 9.35361999432 9.35052166642 9.29266054812 8.98582381875 7.7306421533 8.2510176145 7.75703769733 7.21989296194 6.89130818145 6.99285964733 7.62982319391 7.55945755477 7.55174545226 7.47984744373 7.95141845516 8.5047759071 8.60266887388 8.00367664695 6.94773863881
-9999 -9999 -9999 -9999 -9999 -9999 -9999 -9999 -9999 -9999 13.9552193606 14.118565768 13.6840750659 13.3992698108 11.7998715123 11.3328744388 11.9086182203 12.6742181914 11.9600546499 11.5461406233 11.0434507521 10.8914700235 10.1290631887 14.831106734 21.1466740345 21.8562341504 20.6181226868 19.8965785592 18.4862432367 13.5532387056 9.08568119836 9.06925772564 9.2215884572 8.54265509711 9.50886966383 9.29676778404 9.50504626011 9.44765697632 9.38222289889 9.39964932358 9.39479039051 9.16141716225 7.93231684824 8.18957927026 9.1333288471 8.24845984549 8.15060210483 7.51585718238 7.69902408687 7.69220479429 7.96113011104 7.78338332512 7.54820237394 8.24817274333 8.19481099038 7.78633333871 6.91837352122
-9999 -9999 -9999 -9999 -9999 -9999 -9999 -9999 -9999 -9999 -9999 6.63708837439 7.10755143996 11.8884325399 12.1352910262 11.6859986373 12.091026627 12.0661538415 11.5329153305 12.0278324673 11.9354136546 11.8253696233 10.3957698278 9.66640000836 11.4161951505 17.032834978 19.513907159 21.9353080278 20.295871395 12.3237800741 14.1257197618 8.5417014799 7.63736430141 7.90064682907 8.33195637652 8.26194289213 9.06830486764 9.03894222518 9.20439137885 9.23304657356 8.82112388942 8.08274574991 8.36338206099 8.71270912605 8.33779572041 7.33836806076 7.64764868852 8.50246346285 7.81350388487 7.59753282719 7.67111702682 8.21435676023 8.29814028927 8.06363646688 7.64931928554 7.73992580666 6.97994499492
-9999 -9999 -9999 -9999 -9999 -9999 -9999 -9999 -9999 -9999 -9999 5.76764132348 8.62906967289 12.8602783293 12.6516548499 12.3446143282 11.4566523493 11.391938906 11.8986156823 11.9113985329 11.6341944784 12.0890344825 10.2179272689 10.0147753205 9.98064053778 10.550363285 12.5606002201 16.9047114166 18.3588291673 16.4970793747 17.3940130869 17.0082208907 13.5404116888 15.1053250156 12.6369776382 9.58769394822 9.01452739873 9.12137509162 9.08758817846 8.78395566717 7.27191880743 8.23386961806 7.75241160289 8.1021756577 9.04718932497 8.76658386854 9.10096112163 9.44156954643 9.03432106523 8.28108350588 7.69054168526 7.73873356941 7.22995499003 8.49247897086 8.21921009039 7.95449402157 7.74889486416
-9999 -9999 -9999 -9999 -9999 -9999 -9999 -9999 -9999 -9999 -9999 14.8754725603 14.0273715599 13.7721862175 12.5330490981 12.229436369 11.2467300442 10.7505131894 10.7353906026 11.2705764108 11.2108741291 11.2930286229 10.3572453029 9.53416561808 9.55013258111 9.67975064166 9.37297658676 9.28626818264 8.92023098656 10.6835338537 13.1471449235 17.4086249422 18.7948886234 20.3550496461 15.9898493906 16.7199106623 16.3075586486 14.8727871484 9.4024002799 6.70037387112 4.6691105746 8.2142797705 8.07475641239 8.43336460411 9.41941909999 10.4261729736 8.97925680395 8.73756557082 8.47613944259 8.33192609556 7.1521320574 7.42675972213 7.44503045175 8.10750570706 8.68463308975 6.90208847103 5.80981155487
-9999 -9999 -9999 -9999 -9999 -9999 -9999 -9999 -9999 -9999 -9999 -9999 13.3410927092 13.6700663329 13.1792129559 11.6217463089 11.2273272707 11.0704768854 10.5364516559 11.582138171 11.365134968 11.1231756482 10.6752983232 10.5568280252 9.83215611113 9.93209200567 9.45579384732 9.55656189629 9.24180922197 9.1006305161 8.97392651116 9.08227124035 10.2097977866 13.9737267065 16.2870642367 8.77445982471 17.4686520946 15.6603297456 14.9528829222 8.89488115372 9.22575312205 7.82298783757 8.63256268415 9.06452085466 9.2107791626 9.65114278173 9.49283111514 8.76376667683 7.98068345005 8.19815432142 7.22861950439 6.64037871403 6.22588972406 6.25879402562 5.87536662531 6.16431513139 3.3160383996
-9999 -9999 -9999 -9999 -9999 -9999 -9999 -9999 -9999 -9999 -9999 14.3901077791 14.2001566303 14.1523969465 13.0986870183 6.95641462565 9.12223438942 11.9108404962 10.9230098856 11.6118537595 10.7168465956 10.6524891067 10.0187825667 10.1359251233 9.8214510865 9.77177910603 8.9139385456 9.08426149509 8.97118307263 8.83478657363 8.53381805101 8.63618810609 8.40207280125 8.34883000016 8.4994279111 16.0278732777 15.8693044456 13.3859200147 12.2888499325 8.7433806219 8.58009359006 7.09814699032 9.90803872426 9.99558256325 9.94184149452 9.78538726425 9.99311060773 9.48390480799 8.27636407412 8.12913157614 6.94187193306 5.82687007358 5.39695702283 5.41250263604 5.10575949129 5.35114413458 6.31405504012
-9999 -9999 -9999 -9999 -9999 -9999 -9999 -9999 -9999 -9999 -9999 14.6246156965 15.1103894066 14.709585777 13.4517287508 9.91771060232 11.8719232362 12.1047158381 11.6487585093 11.6059164553 8.70776502933 8.51406592757 9.19589846049 10.3271518272 9.97110934597 10.0611191573 5.66380301968 5.84085658609 8.23267348552 9.8197731493 9.3563855868 8.69473355357 8.33021535888 8.34909855801 8.4227777901 13.2069448369 14.0249431699 15.152443404 12.8253012098 11.6588752311 7.67557540718 6.9603279367 8.06255875526 9.10246008458 8.74962954176 8.52229377684 8.5669877303 8.67902713832 8.27850134088 8.30311659609 6.68984294885 6.73740977714 6.30305485179 6.12964539706 5.84214372432 5.64166888615 4.99722463256
-9999 -9999 -9999 -9999 -9999 -9999 -9999 -9999 -9999 -9999 -9999 15.5233224882 15.4785815821 14.5199209995 13.911328095 13.6701145808 11.8282011781 12.3096072009 11.8379952499 12.5862827027 9.13884238086 3.67055276061 8.64307372823 11.4210316135 9.93743859604 9.95700955882 10.1663172854 9.73624504851 9.34480232047 8.97685137226 8.78169147547 9.37781167757 9.25052405112 9.0660484491 8.41110852791 12.1889089227 12.0553988961 10.1943902766 12.7671199987 11.2847866569 8.02347245761 8.96362338902 8.11818743468 7.30963707899 7.46408497952 7.49305439281 7.82897447602 7.77924851218 8.3208673442 8.37347726107 7.49852628172 6.04977713153 5.57289775203 5.43813060049 5.19490094079 5.26835085667 5.75629922593
-9999 -9999 -9999 -9999 -9999 -9999 -9999 -9999 -9999 -9999 -9999 -9999 15.6833333768 15.3224030702 14.3995017445 13.4073008428 12.3527954549 12.8154613745 12.0450107378 12.3335002928 11.5445476745 12.4849521431 10.9489819953 10.1475680215 9.75450174281 9.70457106434 8.97415591063 9.11165313772 8.65911252369 8.35441896423 7.76298319595 8.60339493733 8.08927893367 8.30872888487 8.17773191193 13.9002572843 12.8399261642 11.3409123152 13.5899173131 12.5494812311 8.5181908937 8.48267189767 8.52867942103 7.61688911357 7.62383566044 7.46531126853 7.51561459395 7.55164686101 7.83658516662 8.44253188185 7.97246781153 4.40213972383 4.8139431558 7.10692729199 5.7364984413 5.71837988452 5.4381125684
-9999 -9999 -9999 -9999 -9999 -9999 -9999 -9999 -9999 -9999 -9999 -9999 16.4613785892 15.555411763 14.3726658212 13.5878699974 12.4168359769 12.8515693422 12.4484759449 12.1873697571 12.0825006146 11.8770536122 11.3307659924 11.224253166 10.1420104732 10.0615391505 10.1844665157 10.049587958 9.15348849048 9.75174330803 8.88017526283 9.09951792739 9.68405383409 9.50007909705 13.0898134181 13.8342326851 14.5691207659 13.8490287593 15.3785884843 12.6388540156 8.93579166336 8.30092995363 8.02544904031 7.99445885045 8.02930656602 7.8511069094 7.19839699569 6.81807600419 6.82545996445 7.80506128698 7.54382629043 6.93695264519 7.11010560944 5.27752102941 4.37811372506 4.97095836335 3.91584502385
-9999 -9999 -9999 -9999 -9999 -9999 -9999 -9999 -9999 -9999 -9999 -9999 14.7555231724 15.3052418319 14.8510491143 14.4465109956 13.2671148902 13.3410665701 12.1916586352 12.9907238167 12.0902896532 11.9839841305 11.1029078781 7.45334805646 8.03751176755 10.306885192 10.4359735256 9.19485699537 9.24355464759 8.92230765082 8.31006996875 8.11302441035 8.47827410187 9.5455330706 14.3771056465 13.0017623161 14.3972796785 14.4994309661 13.0020707618 7.44586113054 6.51990624492 7.1276672521 8.06254112916 8.08261371872 8.02093206912 8.04299486592 8.04458028743 8.05896079113 7.95700822564 8.16401520158 7.99401271111 7.29616611823 5.26849231858 4.71729113657 4.91120190979 4.64202895956 4.35415859105
