data/recharge/transience/oldversion/mHM_recahrge_257.ASC
ncols   80
nrows    72
xllcorner    4374000.0
yllcorner    5656000.0
cellsize      500
NODATA_value  -9999
[rows 0 to 24 of 72, columns 0 to 55 of 80]
-9999 -9999 -9999 -9999 -9999 -9999 -9999 -9999 -9999 -9999 -9999 -9999 2.26951629674 2.27232943491 -9999 -9999 -9999 -9999 -9999 -9999 -9999 -9999 -9999 -9999 -9999 -9999 -9999 -9999 -9999 -9999 -9999 -9999 -9999 -9999 -9999 -9999 -9999 -9999 -9999 -9999 -9999 -9999 -9999 -9999 -9999 -9999 -9999 -9999 -9999 -9999 -9999 -9999 -9999 -9999 -9999 -9999
-9999 -9999 -9999 -9999 -9999 -9999 -9999 -9999 -9999 -9999 -9999 -9999 5.1736578274 4.0676488788 3.26636277124 -9999 3.3234179551 -9999 -9999 -9999 -9999 -9999 -9999 -9999 -9999 -9999 -9999 -9999 -9999 -9999 -9999 -9999 -9999 -9999 -9999 -9999 -9999 -9999 -9999 -9999 -9999 -9999 -9999 -9999 -9999 -9999 -9999 -9999 -9999 -9999 -9999 -9999 -9999 -9999 -9999 -9999
-9999 -9999 -9999 -9999 -9999 -9999 -9999 -9999 -9999 -9999 4.04094109046 3.96779684806 4.42326773585 4.60811605975 3.04346928198 2.74432853154 2.23334203001 2.30947226135 -9999 -9999 -9999 -9999 -9999 -9999 -9999 -9999 -9999 -9999 -9999 -9999 -9999 -9999 -9999 -9999 -9999 -9999 -9999 -9999 -9999 -9999 -9999 -9999 -9999 -9999 -9999 -9999 -9999 -9999 -9999 -9999 -9999 -9999 -9999 -9999 -9999 -9999
-9999 -9999 -9999 -9999 -9999 -9999 -9999 -9999 -9999 4.05648612992 4.04938687871 3.97170680703 3.64447087474 3.8962949319 3.3145801803 3.07189187808 2.64488329571 3.29167155855 -9999 3.20857242523 -9999 -9999 -9999 -9999 2.27053093893 2.47789648135 -9999 -9999 -9999 -9999 -9999 -9999 -9999 -9999 -9999 -9999 -9999 -9999 -9999 -9999 -9999 -9999 -9999 -9999 -9999 -9999 -9999 -9999 -9999 -9999 -9999 -9999 -9999 -9999 -9999 -9999
-9999 -9999 -9999 -9999 -9999 -9999 -9999 -9999 6.12841736362 5.11047709799 3.90360449337 3.78346365632 3.38666884098 3.05390032643 2.87775590578 2.67856834535 2.33714882927 2.26709903959 1.96463203899 2.21846409966 2.03468351667 2.21764930819 -9999 2.0582044 2.71718457934 2.65311494692 -9999 -9999 -9999 -9999 -9999 -9999 -9999 -9999 -9999 -9999 -9999 -9999 -9999 -9999 -9999 -9999 -9999 -9999 -9999 -9999 -9999 -9999 -9999 -9999 -9999 -9999 -9999 -9999 -9999 -9999
-9999 -9999 -9999 -9999 -9999 -9999 5.23534712837 4.39881434192 4.19347424401 4.46222436297 4.63598803552 4.79772339524 3.90326716002 3.61911633465 2.80785870874 3.12275277845 2.40920742234 2.24981196864 2.18462949951 2.18309349322 1.9477709089 2.12669650084 2.01335201269 2.09104754901 2.23290860154 2.11864454051 2.20930603996 -9999 -9999 -9999 -9999 -9999 -9999 -9999 -9999 -9999 -9999 -9999 -9999 -9999 -9999 -9999 -9999 -9999 -9999 -9999 -9999 -9999 -9999 -9999 -9999 -9999 -9999 -9999 -9999 -9999
-9999 -9999 -9999 -9999 -9999 -9999 5.61832987736 5.08959424756 3.89968647287 3.71682425397 3.29607101271 3.51348195963 3.14807967525 2.87060652047 2.42483527248 2.12769921543 1.99906144651 2.33332318975 1.99604747084 1.57991720119 1.58917409459 1.97797027124 1.66454916148 1.75411348854 1.78544387119 1.62445242216 2.10645301522 1.97471398851 1.85021613047 1.68075860277 2.14311547624 2.09698698442 -9999 -9999 -9999 -9999 -9999 -9999 -9999 -9999 -9999 -9999 -9999 -9999 -9999 -9999 -9999 -9999 -9999 -9999 -9999 -9999 -9999 -9999 -9999 -9999
-9999 -9999 -9999 -9999 -9999 6.97398230301 5.9086532403 5.87030364922 5.22505839786 5.58646442344 4.89747233422 4.27427704959 3.02750473819 3.24254202426 2.79608196944 2.83707758646 2.44384969483 2.68705263782 2.64337670761 1.63463848377 1.60121878807 1.51232983223 1.52790951255 1.6089103707 1.80544064487 1.94691492888 2.03843679549 1.71081981105 1.73137535339 1.6636062098 1.47374984599 1.6082046433 1.2615040627 1.17960858793 -9999 -9999 -9999 -9999 -9999 -9999 -9999 -9999 -9999 -9999 -9999 -9999 -9999 -9999 -9999 -9999 -9999 -9999 -9999 -9999 -9999 -9999
-9999 -9999 -9999 -9999 -9999 7.18840005255 6.51228494227 6.56561453687 5.53782475881 5.04549400893 4.56291894888 4.93211036608 3.4321659624 3.33838846196 3.63377992904 4.06710287031 2.22796587793 1.61629205528 2.02880727524 1.54840581037 1.54100498748 1.59270880244 1.75266049638 1.64454259589 1.41395080589 1.18940467755 1.57492816219 1.31676152752 1.23935708401 1.22267142636 1.08723788701 1.11189527013 1.13891847958 1.05263681085 1.02689862764 0.963071134184 -9999 -9999 -9999 -9999 0.986811300583 0.81600883688 -9999 -9999 -9999 -9999 -9999 -9999 -9999 -9999 -9999 -9999 -9999 -9999 -9999 -9999
-9999 -9999 -9999 -9999 -9999 6.57165419314 6.02239175091 6.19468811502 5.87135252997 6.30590818486 5.38139478596 5.07780679508 4.03914520327 4.79111930576 4.08529724155 3.24631184651 2.36726230101 3.15714490984 2.37912826903 2.59085969592 1.93382952946 1.48798560385 1.31005365195 1.22576655372 1.35761434382 1.33199972251 1.45071233232 1.26691915085 1.35103565205 1.09611772248 0.874618059543 0.950717043802 1.11433745965 1.05793058371 0.999249306688 1.0356400124 0.951912423432 -9999 -9999 0.931718728044 0.98775777127 0.925292503918 1.02244929733 -9999 -9999 -9999 -9999 -9999 -9999 -9999 -9999 -9999 -9999 -9999 -9999 -9999
-9999 -9999 -9999 -9999 -9999 -9999 7.64101109608 8.31769795839 6.61641824046 6.23813193338 4.91329691506 5.47409676159 5.36275894956 5.93985940871 3.03150130691 2.65488186477 2.44562518019 2.33386195539 1.76447932414 1.73426060729 1.64617111551 1.75965986116 1.4618479763 1.64120762254 1.30253121032 1.11103721345 0.991929132283 1.18433572955 0.920188310392 0.897362963062 0.77569212978 0.951823695223 0.853267181889 0.862900346323 0.901850161462 0.859680990034 0.864902215295 0.890961482247 0.82844258962 0.78871635979 0.730914461715 0.965293910713 0.766031572209 0.743786271465 -9999 -9999 -9999 -9999 1.14511881665 0.982297937818 0.256977185741 -9999 -9999 -9999 -9999 -9999
-9999 -9999 -9999 -9999 -9999 -9999 -9999 7.31495705891 5.95287594664 6.91735943223 6.21574101215 5.52223016995 4.24328523647 3.51553023174 3.10551447995 3.97032243934 3.23897795299 3.11276236595 2.65437778458 2.09985151958 1.50054972051 1.51638493999 1.34441535441 1.36421565014 1.14130700865 0.972764564599 1.05436530654 0.996565775494 0.932649357824 0.857548864663 0.86568706674 0.836685297267 0.876003650525 0.776223817115 0.896171387928 0.883976904106 1.01277773661 0.957001825458 0.798923420415 0.796274447945 0.634722229674 0.662682173764 0.801266652228 0.949313667974 0.793667506842 0.863406930897 1.03829696714 0.828068557216 0.792604813333 0.714146343202 0.462564055824 0.330983356725 -9999 -9999 -9999 -9999
-9999 -9999 -9999 -9999 -9999 -9999 -9999 -9999 5.45990823395 5.13744985471 5.23589263939 5.91807623053 4.7085265119 5.21366270453 4.19146903444 3.75132754628 2.4122138277 2.42907837379 1.71815845626 2.01326889033 2.47281935638 2.32735117534 1.37230939682 1.05117099105 0.911515721923 0.908974968203 0.694202484779 0.83370331011 0.65450708211 0.58764854638 0.664780971962 0.697256922662 0.6381678256 0.637857909458 0.635989925859 0.692922771847 0.678559980827 0.725349227347 0.614707726808 0.63562501309 0.780063611536 0.756334030516 0.75422308306 0.6610678109 0.626115046676 0.546895949952 0.64691214208 0.541428088126 0.49399611559 0.482634837376 0.491019375324 0.504160966 0.329765331521 -9999 -9999 -9999
-9999 -9999 -9999 -9999 -9999 -9999 -9999 -9999 6.87874666138 5.92551946371 4.77882939029 4.81970465555 4.09129227397 4.05268806239 2.99644988715 2.90488064384 2.334837396 2.55055960569 2.01670905375 2.24182953815 2.27890931128 2.25048463804 1.6724692944 1.95425964387 1.28036908592 0.808030176102 0.927494638507 0.907285725074 0.850787798811 0.718338173201 0.533170755638 0.629444573525 0.537380745554 0.607631037572 0.633717177704 0.517440775169 0.771919720867 0.683892632575 0.612709014499 0.594607260408 0.543287695112 0.560498641876 0.678143608497 0.676139126164 0.54944210037 0.540331040927 0.634910046663 0.562577627741 0.504517959078 0.5341810022 0.517073567908 0.521052317054 0.372484288106 0.438459242733 0.322496131209 0.361400729627
-9999 -9999 -9999 -9999 -9999 -9999 -9999 -9999 -9999 7.02154820312 5.50170263874 4.23880487666 3.88568360714 4.02626966373 3.20983686596 3.26490787872 3.3613132496 3.65051458397 3.38805591988 3.42392315235 2.77647463131 2.0215788039 1.77369155202 3.16761036363 1.88223128476 1.63767612273 0.911943830225 0.630979394149 0.435426580999 0.63026589382 0.577629833263 0.607718471294 0.556788774406 0.498166193034 0.436864238392 0.469078465378 0.577426807559 0.525831952516 0.452760190107 0.461350057337 0.408814492465 0.46688602292 0.448358061687 0.731497330352 0.480491969168 0.375730750942 0.323332919498 0.315187137234 0.332861735319 0.340331062747 0.366862359799 0.347203863585 0.27869515575 0.301493249775 0.348241585747 0.227335551922
-9999 -9999 -9999 -9999 -9999 -9999 -9999 -9999 -9999 -9999 4.76773339892 4.81128468027 3.74968346148 3.93527256992 2.887109741 2.58337544375 2.56326073925 3.41153514277 2.64850719401 2.16787932128 1.80882853655 1.82947499033 1.33427894467 1.31535523192 1.12463111844 1.94279984862 1.6518905922 0.879404957843 0.46537840742 0.455569845194 0.524427336609 0.529312935396 0.56767941417 0.508738382217 0.632067850089 0.536619944895 0.55427782842 0.526667864577 0.458914468652 0.463574054932 0.444268871981 0.432445845699 0.279156514493 0.350156798378 0.635765830112 0.803437394099 0.556611925422 0.371207199194 0.383262898868 0.37357263205 0.451713763938 0.426339396941 0.311962971604 0.297526144648 0.270542380256 0.233069329091
-9999 -9999 -9999 -9999 -9999 -9999 -9999 -9999 -9999 -9999 -9999 3.45153235285 2.72687838585 3.21951927305 2.58134589358 2.32059118707 2.54847806874 2.5005150485 1.70349642831 1.77435248996 1.79411528555 1.79449558559 1.39270165923 1.11702242654 0.876762801678 0.770685328499 1.12099470602 1.3132578641 0.812051291034 0.187762991395 0.201020007036 0.425753446272 0.41942339322 0.471595071484 0.478263664966 0.410247150956 0.421247080195 0.416181773076 0.4071298586 0.406548462824 0.395730028437 0.333220056873 0.319851032217 0.227090274298 0.242382814435 0.318175630104 0.311859348854 0.371081665399 0.229095156245 0.303090964191 0.308540330137 0.354641865413 0.335177769936 0.254758506481 0.206894741159 0.204934773086
-9999 -9999 -9999 -9999 -9999 -9999 -9999 -9999 -9999 -9999 -9999 2.7536063984 2.70956792115 2.75390467575 2.66233413608 2.51270336294 2.0752289718 1.806351202 1.67532472276 1.70379082449 1.52784261701 1.8255215913 1.19955351768 1.28997519289 0.969430099714 1.19009817027 0.88557244015 0.77825235151 0.586640691786 0.369828462871 0.629758933054 0.759953617529 0.473634636688 0.382688976683 0.348358332232 0.379793088756 0.418505857061 0.430589948112 0.38917781318 0.380812577077 0.401402049477 0.425055733172 0.281085751848 0.293383824646 0.237649457704 0.365591817931 0.600317164026 0.701061571737 0.624617342332 0.334954860513 0.547339967295 0.405874925087 0.224567561548 0.28407702002 0.301435475529 0.249272391684
-9999 -9999 -9999 -9999 -9999 -9999 -9999 -9999 -9999 -9999 -9999 4.4169445413 3.51713708849 3.225908443 1.93601596367 2.16977045204 1.82306805233 1.32406221926 1.10960683364 1.23611797465 1.15402072793 1.19555582274 1.08574956897 0.977245102015 0.670316439989 0.631000977658 0.557792292971 0.53824450954 0.53730942217 0.450030672046 0.379825520565 0.686745200275 1.14225301372 0.881545010455 0.234456320049 0.200803346504 0.262814203796 0.169290310435 0.277241566964 0.24799688169 0.272974468262 0.346194428303 0.367498142371 0.44410381235 0.493724711965 0.587063435666 0.460143144544 0.3768379826 0.393070736576 0.458160326352 0.519498484361 0.631128226709 0.712933129347 0.639640135905 0.401036023953 0.280790898215
-9999 -9999 -9999 -9999 -9999 -9999 -9999 -9999 -9999 -9999 -9999 -9999 2.55566877487 3.02025141582 2.46791217589 2.14559148013 1.75983734121 1.71813665709 1.33852011007 1.31302844533 1.21288132865 1.10703030136 0.987502352493 1.03321890652 0.690315596289 0.715775089541 0.575119500251 0.608724481153 0.527784515346 0.488352780781 0.45480276079 0.491163025004 0.353815073598 0.304138671129 0.305649646136 0.0548681894202 0.2539096045 0.211075226317 0.186329702187 0.353421108518 0.380705220655 0.340008020415 0.507055746633 0.626761530453 0.65160882911 0.625891016166 0.414648592084 0.386608597495 0.253236719599 0.34017304874 0.460824582985 0.351587146739 0.292985464706 0.283933275126 0.237130103904 0.147161836241
-9999 -9999 -9999 -9999 -9999 -9999 -9999 -9999 -9999 -9999 -9999 3.28887667973 2.93065625775 3.26170942516 2.94702481183 2.10492589121 1.44943630524 1.5461605159 1.1751384168 1.17704718066 0.837546420936 0.814770590627 0.659649701457 0.687464387564 0.648605199048 0.631484348172 0.499200580345 0.464508292545 0.451090324941 0.426187075753 0.358445500849 0.382439766332 0.32305305228 0.316880248479 0.329357053881 0.281863980076 0.305516573349 0.178798388189 0.176877136882 0.249442762356 0.322822086729 0.302136480771 0.556273263818 0.708218957704 0.936299225169 0.928158672839 0.676132283738 0.634310249578 0.433376323187 0.440424765749 0.367690133754 0.226879666052 0.202252006782 0.205355045691 0.196430928131 0.231034520337
-9999 -9999 -9999 -9999 -9999 -9999 -9999 -9999 -9999 -9999 -9999 3.51533656049 4.01308091149 3.80675214045 2.39362925018 1.82492454661 1.71803553264 1.67992958421 1.17308031459 1.23915598736 1.14181096868 1.16530704739 0.745081990836 0.764715774408 0.703479306867 0.697968640546 0.502659341382 0.632687042501 0.503790632961 0.756330464742 0.594176879923 0.396290324412 0.31328349705 0.317348139469 0.314579027947 0.159914810821 0.237352541424 0.423650725478 0.307846662413 0.223417887545 0.260431537752 0.396567071059 0.489030151565 0.453367187904 0.469973754817 0.429146720767 0.507508658325 0.523204747183 0.401241773446 0.428923957718 0.398658791079 0.450622952742 0.382266707055 0.346524301024 0.3342436442 0.289751713483
-9999 -9999 -9999 -9999 -9999 -9999 -9999 -9999 -9999 -9999 -9999 4.26643000014 3.94012538893 3.23224352913 2.93263851488 2.8207167034 1.6066828464 1.86418034825 1.43177593524 1.47567510546 0.763602498587 0.698928835017 0.762811948492 1.16618296467 0.789499067828 0.78579594046 0.779936317334 0.614838973409 0.406938066312 0.346101244819 0.333094268905 0.593373546479 0.566102687833 0.503122094861 0.331151006002 0.116339921476 0.0966357104115 0.0654793029117 0.219502593004 0.10761086462 0.330932673112 0.423778440371 0.440735025731 0.370909512795 0.346914741051 0.361920646232 0.336425639434 0.346279371175 0.318587942186 0.292672817958 0.233658651514 0.256395945891 0.157152798078 0.149277856149 0.137088024659 0.208046262251
-9999 -9999 -9999 -9999 -9999 -9999 -9999 -9999 -9999 -9999 -9999 -9999 4.12572336537 3.79768705193 2.71891577149 2.53979354256 2.21452707324 2.1004779855 1.43528596266 1.50729307755 1.33476837691 1.51424731658 0.844561560105 0.728638526768 0.68765407009 0.666869938734 0.474641552141 0.529815398764 0.432785808366 0.33922836747 0.241217604655 0.255481419844 0.277050996198 0.313914487015 0.287384290581 0.180307886094 0.128833662645 0.100473282532 0.213747943219 0.197937856586 0.322585313536 0.280579573164 0.327269703969 0.376962069875 0.413722169112 0.416897493354 0.306361240773 0.308985943739 0.271301882487 0.280641992417 0.235107448308 0.0814609390373 0.0664572762501 0.179353238876 0.142359897419 0.138918168552
-9999 -9999 -9999 -9999 -9999 -9999 -9999 -9999 -9999 -9999 -9999 -9999 4.47428289442 3.45717154097 2.71559662683 2.68677691266 2.01774061967 2.10891212094 1.68116779538 1.36544853484 1.22058976192 1.04966330226 0.833803602283 1.28496605885 0.844475416224 1.00911017585 1.08156985225 0.907771108917 0.617538799858 0.915333593679 0.599094941464 0.653535305556 0.626051974755 0.641434831784 0.259691006655 0.200257491458 0.132822142487 0.220298563553 0.371120881434 0.249139492718 0.345618128682 0.262075687494 0.226011297287 0.22483167425 0.262739451247 0.269447394783 0.229585363082 0.212731348846 0.191116279663 0.21491580531 0.206919410982 0.154293479935 0.154205022856 0.0868111199354 0.0803056494128 0.121764965748
