data/recharge/transience/oldversion/mHM_recahrge_61.ASC
ncols   80
nrows    72
xllcorner    4374000.0
yllcorner    5656000.0
cellsize      500
NODATA_value  -9999
[rows 25 to 49 of 72, columns 0 to 56 of 80]
-9999 -9999 -9999 -9999 -9999 -9999 -9999 -9999 -9999 -9999 -9999 -9999 14.8358171716 14.8009930929 13.2213066907 12.3937113564 10.260475337 10.7046324724 8.73484834757 8.89740435806 7.76751748536 7.98623935738 6.78392572113 3.89244772951 3.34253433332 3.1195445287 2.49101862747 2.43554499692 1.85876792038 1.6890241247 1.37423084665 1.30318945894 2.0466946351 2.31506451478 0.289782841127 2.6443117582 1.852191528 0.436454139434 0.340720149636 0.719325562007 0.711220643436 0.72032885896 1.93731326722 3.04845236023 3.11840066808 3.14173095127 3.28652472513 3.28184449059 3.1099039422 3.19892422432 2.64433064578 0.999686601426 0.362879342822 0.296086127147 0.291781030425 0.308710548816 0.308111394627
-9999 -9999 -9999 -9999 -9999 -9999 -9999 -9999 -9999 -9999 -9999 -9999 -9999 14.5692334692 13.9707146679 14.1097203349 11.7332123644 11.2968262539 9.68644979538 9.57705746388 8.53911554641 8.9430160075 8.19083165907 7.44541519442 5.63260270639 4.04468109454 2.89765684659 2.29810247732 1.94236141118 2.06493118795 1.59638718695 1.556723717 3.16257696112 0.533999012363 0.30760716758 2.94330065849 3.27810682058 0.388729360403 0.7682060744 0.692453024095 0.611093033887 0.575994747422 0.349519132885 0.536153409844 0.809263346783 1.43730453771 2.39121313927 2.35468752596 0.92268389541 0.406709478126 0.286587140259 0.291440869091 0.309528085725 0.4217145738 1.36311204189 0.259877372792 0.272336371687
-9999 -9999 -9999 -9999 -9999 -9999 -9999 -9999 -9999 -9999 -9999 -9999 -9999 -9999 13.2029811818 13.2403616971 11.4453102131 10.7351047093 9.38999700621 9.64030513353 8.28543216746 9.1809677408 8.17732846636 7.489564723 5.35870981063 5.60795935264 5.42999896768 4.39544377172 2.27616983019 1.8339167652 1.7027280128 2.97741157223 3.78714281148 0.872195182881 0.383814409802 3.20185360189 2.52499922082 0.637488144119 0.724726619072 0.929190683996 1.00046480567 0.612526123992 0.495945704115 0.391531875961 0.304289459179 0.341552746007 0.284633739192 0.323687056653 0.261235451601 0.300917368958 0.30524166815 0.251092537549 0.238592721138 0.484778048695 1.89086089931 2.17606705148 0.947733800487
-9999 -9999 -9999 -9999 -9999 -9999 -9999 -9999 -9999 -9999 -9999 -9999 -9999 -9999 4.71063805828 9.947433513 12.2933961686 11.3890884637 10.2667730205 10.4565934573 9.71589636416 10.1637031613 8.2531339364 9.20211471629 7.95996600615 7.73027188057 5.89517185022 6.37621004292 5.77007089352 4.99343968936 3.98327967892 3.25409226964 3.95451426467 3.82439653601 0.431367677332 3.40239606696 2.32040272717 0.561657841747 0.876071988433 1.0665202655 0.620857572129 0.646550242939 0.576746909929 0.517626858199 0.38997213075 0.328749423683 0.337532450367 1.25410156912 1.3581314766 0.285295113414 0.340151266096 0.382820330632 0.440535843703 0.999321647948 2.48620722159 3.21593168935 0.768122203052
-9999 -9999 -9999 -9999 -9999 -9999 -9999 -9999 -9999 -9999 -9999 -9999 -9999 -9999 7.25865125933 10.6025592605 12.6268843291 11.6740967558 10.6296105308 10.6131724929 9.3695820359 9.7959958372 8.78361130947 8.74256286228 7.30705324727 7.16620190106 6.67494374825 7.03456820051 5.46308686967 5.66413639421 4.66829523735 4.39890253663 3.84553686063 1.67367392553 2.23084996829 3.15518374322 3.27558565951 0.460305415832 1.82407963569 1.22732675291 0.566087186197 0.630878831045 0.542678046589 0.546740539366 0.319921717969 0.335288721254 0.250636651496 0.320688428597 0.524246824074 0.532098553373 0.38884701489 0.209840814488 0.289212515373 0.251070618247 0.240163174187 0.321289186106 0.469257900754
-9999 -9999 -9999 -9999 -9999 -9999 -9999 -9999 -9999 -9999 -9999 -9999 -9999 -9999 15.8588684655 15.3446664164 14.3235440653 13.9323423787 12.9516357606 13.4877207953 11.5008188852 11.3651244161 10.4032665202 9.5951509132 6.94841230248 7.40725214824 6.37881016953 7.6658734482 6.09820110354 5.95584955509 5.10474909976 5.29786493118 4.68672967596 4.10645779192 3.51927321146 3.53702269968 3.04432657564 3.02067696767 2.59369844307 2.81307456647 0.456697975268 0.433561796316 0.437137360364 0.463486043596 0.344750622163 0.29165952892 0.422976400752 0.365579876004 0.708662016238 0.893446949402 0.550556917201 0.667567417079 0.481724959191 0.616994895961 0.636562395677 0.544032237782 0.674081361839
-9999 -9999 -9999 -9999 -9999 -9999 -9999 -9999 -9999 -9999 -9999 -9999 -9999 -9999 -9999 14.7847323827 13.7649493795 13.3197707983 13.2542960525 12.4864635672 10.2858926346 10.3925398821 10.0275151986 9.8995448605 6.92692071267 7.90265958957 6.70673227396 7.00920811605 4.82056047947 5.78345312355 4.77917899936 4.75874228846 4.10290515458 4.25515634584 3.64657001439 3.66171289153 3.24316265354 3.21277581959 3.02637259576 2.84104345627 2.43889804499 2.63428716581 0.11510290591 0.171550231517 0.268352696731 0.162508393107 0.112125242651 0.122697141825 0.222076472321 0.355786567053 0.353985810139 0.324090726455 0.475450201403 0.754653855388 0.752857065209 0.741862100941 0.710590247561
-9999 -9999 -9999 -9999 -9999 -9999 -9999 -9999 -9999 -9999 -9999 -9999 -9999 -9999 -9999 -9999 14.3210185067 13.3735947749 13.1576250466 14.0432201727 12.7179402177 12.2396590284 9.9910178269 8.92641311289 7.81069524633 7.83877633825 6.35959188217 6.34190180626 4.61537520771 5.6241069401 5.31783986506 4.45896990449 3.70272403801 2.87049267754 3.78607395427 3.95222190401 3.69794899669 3.82273446783 3.6664345582 4.29282770779 3.03581034943 3.14022249161 1.20168924121 0.211857833953 0.105568154684 0.078035333846 0.0649781276453 0.311459978986 0.333801677607 0.274722618635 0.380632999791 0.553412243899 0.472951486227 0.403494088139 0.485483313489 0.441356947081 0.443247843894
-9999 -9999 -9999 -9999 -9999 -9999 -9999 -9999 -9999 -9999 -9999 -9999 -9999 -9999 -9999 -9999 13.4843153886 13.918625065 13.9487538242 12.9802125172 11.7273157514 12.8030385229 10.6810603337 8.90803141297 8.01976352436 8.32544572001 6.5888379588 6.48407204541 4.79995833431 5.33051895889 3.99483171993 3.5063960333 3.56127633251 3.10585196205 3.94619342189 3.87815549582 4.28421304726 3.86604986221 3.64164290001 3.6685552047 2.05985087302 3.43678992436 2.11758684552 0.598150377647 0.308228206844 0.19463300209 0.275973578212 0.847275312883 0.267650980291 0.320446816544 0.45138750153 0.471949512781 0.649740725692 0.689288695469 0.881342652515 0.642819708398 0.446518902671
-9999 -9999 -9999 -9999 -9999 -9999 -9999 -9999 -9999 -9999 -9999 -9999 -9999 -9999 -9999 12.4720532135 12.3962609365 11.5700990967 13.6512572836 13.5006560502 12.4106972987 12.8784829906 10.7370438941 9.67340250021 8.08409045412 8.31573211214 7.05487884632 7.11675944333 5.49896032796 6.18435875927 5.46123303869 5.51835504913 5.09595093907 4.08351444271 2.40741249833 1.54289458064 2.22626966954 3.02341605135 3.27911010005 3.37784337178 1.25810718665 0.569185810125 0.289758496519 0.283974876619 0.291587045535 0.209272603226 2.51888023103 1.9598646913 0.423827274684 0.458887365155 0.397751397324 0.32645318832 0.391323414573 0.42858637377 0.500823695002 0.513481176857 0.618486623581
-9999 -9999 -9999 -9999 -9999 -9999 -9999 -9999 -9999 -9999 -9999 -9999 -9999 -9999 13.0982342738 12.8936260738 12.565966333 7.24889979502 9.97807496535 13.173186135 11.565045261 11.9913333435 9.74885760072 9.89017026781 8.08182654395 7.93803936709 6.71111791974 7.26615723932 6.48794155173 6.48888503839 5.25342665836 5.30047221476 3.45328185548 2.10936908452 1.41677483279 1.00888769996 3.625771747 3.42915002391 0.197025922067 0.597226337467 0.912727279559 0.221223402209 0.205330096107 0.227728759891 0.153465245542 0.130067399799 0.337713728355 0.347867035976 0.44357403825 0.368351921734 0.358811604895 0.355954582999 0.415126611876 0.407122286139 0.420981724566 0.442799795906 0.55122046017
-9999 -9999 -9999 -9999 -9999 -9999 -9999 -9999 -9999 -9999 -9999 -9999 -9999 -9999 14.3899765883 14.3405520362 13.4087566489 7.23988583946 5.64887904681 6.98245216948 10.6513567797 11.5840677801 10.2416833899 10.4535529272 8.08842839716 7.34098885289 3.83308377257 3.91986449648 3.90261979449 6.36504637551 5.83121234011 3.71300631323 1.97348835892 1.78859596131 1.4120502494 1.67043594344 1.02863475821 1.40692722335 0.622052516925 0.643396003111 0.93453451758 0.829433430938 0.311180335384 0.279961250205 0.2543178102 0.147909358595 0.250339974238 0.54847909052 0.698487669089 0.819484634345 0.829616278362 0.821774468036 0.643648893033 0.572542575783 0.669570748257 0.644537812371 0.558750580517
-9999 -9999 -9999 -9999 -9999 -9999 -9999 -9999 -9999 -9999 -9999 -9999 -9999 -9999 -9999 -9999 13.5167678919 8.75160428521 8.3381771159 8.19493559745 7.18992733703 10.2012571314 10.7616429429 10.7789119597 8.2856687096 4.58325963903 2.39164689288 2.50761883858 1.98569330079 2.71054935511 3.09085810641 2.09680351999 1.81775052304 1.58057073279 1.56776262337 1.5812929834 1.30011881279 0.679918099094 1.03556266119 1.30846630504 0.836778273123 0.673929669073 1.34798496527 0.976610297527 0.180372414661 0.215648170757 0.190124381653 0.277223591356 0.488864155559 0.58760821867 0.584972477475 0.600996679344 0.56142297936 0.495949707117 0.385857298113 0.404643719245 0.594724133711
-9999 -9999 -9999 -9999 -9999 -9999 -9999 -9999 -9999 -9999 -9999 -9999 -9999 -9999 -9999 -9999 9.63381585284 9.25051026926 8.8386957159 7.0894271123 6.7537289599 7.34618038227 9.76104843398 10.3631276449 9.38030009918 5.19074434647 3.3341084169 3.18975893885 2.66521315266 2.9176154886 2.97253248794 2.84150517437 2.2330998771 1.78982155438 1.29634625958 1.36947588729 1.37863767519 1.57849099929 1.07799248675 0.94436909829 1.11285645326 1.4030217584 2.98613912751 2.14179265281 0.721861740862 0.215240023656 0.112222861499 0.190012991558 0.487682133951 0.402158612753 0.342750650841 0.346878366582 0.291848479786 0.322497269047 0.306953682499 0.308552508366 0.331196245788
-9999 -9999 -9999 -9999 -9999 -9999 -9999 -9999 -9999 -9999 -9999 -9999 -9999 -9999 -9999 -9999 -9999 -9999 8.94191353473 7.73560065102 6.06311913059 6.68658701469 7.86316867954 10.9685607021 9.16405619609 7.28628478025 3.10233775611 3.07327379814 2.68510369018 2.78776235601 2.22895034768 2.06274489494 1.91014760381 1.87878566797 1.27817642505 1.51984016307 1.46899576836 1.15240017924 1.04281075357 1.25447690412 0.959172901369 0.865781191986 0.825669871482 0.820339177719 0.679363568534 0.539877670335 0.142910837946 0.142191033631 0.236400605937 0.309635535055 0.363813626869 0.388690259203 0.29652313489 0.302544731811 0.326320967006 0.34489333402 0.351312521852
-9999 -9999 -9999 -9999 -9999 -9999 -9999 -9999 -9999 -9999 -9999 -9999 -9999 -9999 -9999 -9999 -9999 -9999 -9999 6.81280365625 6.48015405352 6.86755384996 6.44615946852 13.032032872 10.514940016 10.3161128844 6.25452741245 3.25968289156 2.39490359752 2.33602224918 2.17001469275 2.23636829252 1.84665061202 1.79924028651 1.11361090367 0.823538870226 0.786076362549 1.09177717699 1.0643484816 1.18578010185 0.924004772609 0.854602868984 0.717081439175 0.868166266304 0.85174606214 0.886698946561 0.450226824246 0.143893105902 0.116515938 0.229228467581 0.260469890474 0.358133434329 0.303004053025 0.300822355307 0.340599458663 0.328596321026 0.291118718231
-9999 -9999 -9999 -9999 -9999 -9999 -9999 -9999 -9999 -9999 -9999 -9999 -9999 -9999 -9999 -9999 -9999 -9999 8.30813562185 8.95752610311 8.70104143276 8.48747459177 6.52203345635 12.076913567 10.3972736994 10.7674996124 8.54199373086 5.42743763261 2.6487064437 2.50444387016 2.88378312813 3.14140938312 1.98232985072 1.41749078424 0.965494123777 1.11942779542 1.33641792426 1.27282696431 1.15097631063 1.16585059795 1.25115441463 0.923023941768 0.813267778126 1.82620622636 1.1608742735 1.52869453684 0.809472267619 0.58356711082 0.305724393794 0.156762007673 0.299300418925 0.354866371157 0.492593665654 0.542599081083 0.435583900546 0.393927384694 0.372632636286
-9999 -9999 -9999 -9999 -9999 -9999 -9999 -9999 -9999 -9999 -9999 -9999 -9999 -9999 -9999 -9999 -9999 -9999 -9999 10.6254169094 10.0665954322 9.61511814539 6.92916727656 11.849065277 11.4875883619 11.413232222 8.2768815584 8.89352759104 4.26780532966 5.06663315026 5.74402654186 5.71875679254 2.65282663067 1.2736195144 1.48348640257 1.24195156518 0.7400569 0.665705684294 0.592835724356 0.593104752388 0.716676805323 1.02019064837 1.25101094514 2.74913442399 3.02830348628 1.79690700973 1.09433795901 0.826704493772 0.435856217503 0.239387240065 0.107656324845 2.21212357626 2.75375642696 3.19467279247 0.993022906865 0.213608333568 0.279984164382
-9999 -9999 -9999 -9999 -9999 -9999 -9999 -9999 -9999 -9999 -9999 -9999 -9999 -9999 -9999 -9999 -9999 -9999 -9999 -9999 8.60362048523 9.31740561489 7.01372647877 9.22652610618 10.7387418741 11.2426299599 8.1561701373 9.03165490135 8.27083896152 7.95884669775 6.73877532595 6.63848904734 1.94641248923 3.05724511621 3.32364038246 2.28889704015 1.11355247056 1.33436056149 1.23229449323 1.20462099847 1.05144757556 1.30615490498 1.28845984412 1.14624810395 1.44922985273 1.27235827435 1.05683469217 1.17830783402 0.978358565969 0.599875030789 0.373212445276 0.234237023116 0.117506751505 0.260952034178 1.40957363023 0.160316270812 0.171378576721
-9999 -9999 -9999 -9999 -9999 -9999 -9999 -9999 -9999 -9999 -9999 -9999 -9999 -9999 -9999 -9999 -9999 -9999 -9999 -9999 -9999 9.15486560526 7.80238293623 8.10653268735 10.351236089 10.0055637999 8.77359585944 9.52607828387 8.44441849516 8.25862750168 7.16737359745 7.56294863223 1.89647191256 4.0469968363 2.22414072796 1.78572446376 1.67386840158 1.28734056794 1.1793478238 1.28261511303 1.60600402735 1.68664740374 1.79745906978 1.29133484925 1.0862037508 0.851861963477 1.01949133967 1.11209866865 1.07543717518 1.29267794642 1.38592680834 1.48909815804 0.607608916332 0.237870433369 0.0705645559336 0.0996300268755 0.126715188533
-9999 -9999 -9999 -9999 -9999 -9999 -9999 -9999 -9999 -9999 -9999 -9999 -9999 -9999 -9999 -9999 -9999 -9999 -9999 -9999 -9999 7.95808928439 6.99146870408 7.00588422222 9.53381779214 11.6132705325 9.27004070103 6.02155117012 4.7099247443 8.28631403317 5.00517909236 6.94701460189 2.24463087578 1.57215974308 1.13764397164 1.53181506921 1.37057576777 1.33164313236 1.22308636759 1.50575707903 1.62321165322 1.56036979672 1.24795930696 1.18731859381 1.4038594211 1.33688526965 1.2311559525 1.20172943685 0.822872509605 0.867544396815 2.31341529817 2.30752229415 0.770575533896 0.151510209132 0.143034180806 0.0789543343701 0.090788680484
-9999 -9999 -9999 -9999 -9999 -9999 -9999 -9999 -9999 -9999 -9999 -9999 -9999 -9999 -9999 -9999 -9999 -9999 -9999 -9999 -9999 -9999 7.39759504037 8.37798105037 11.0478229431 12.5108941142 10.2579399603 6.2867059548 3.56030274838 3.99192917856 4.45124114605 4.601272793 2.45014155802 2.07224110707 2.32342380146 1.86446630274 1.79860180448 1.67521335948 1.60350619431 1.61603793309 1.73840021875 1.24891136876 1.31846638536 1.62554263308 0.98094485848 0.88854078556 0.726089683886 0.900339675691 1.13561751649 2.5460840779 2.08929465908 3.39557312531 1.03646640837 0.243444872301 0.0893521718335 0.0741496200234 0.0896986977924
-9999 -9999 -9999 -9999 -9999 -9999 -9999 -9999 -9999 -9999 -9999 -9999 -9999 -9999 -9999 -9999 -9999 -9999 -9999 -9999 -9999 -9999 7.66406535552 7.45135258412 10.7868078944 13.0734106456 10.430308297 4.86789588453 3.83535558291 3.9643878646 3.28223552887 3.35474300604 3.02942774834 2.38307036399 1.89753926092 2.42323363862 1.79110984067 1.64049221862 1.90398834398 1.91796060261 1.38263045644 1.77022280855 1.33857069105 1.11779703902 0.989840562183 1.12323146418 1.33062869144 1.37702379499 0.854859548702 0.860127541868 0.972203332054 2.16210201577 0.186150192306 0.403305474811 0.231636150867 0.205142055118 0.149822875691
-9999 -9999 -9999 -9999 -9999 -9999 -9999 -9999 -9999 -9999 -9999 -9999 -9999 -9999 -9999 -9999 -9999 -9999 -9999 -9999 -9999 -9999 7.66215726549 8.27539923581 12.6480701875 14.0076107497 10.2511842129 5.91288909101 4.30861071735 4.77484485482 3.76449830034 3.4334925643 2.97919601197 2.57978173097 2.62534169847 1.93571031281 1.85324629802 2.36282406565 2.09705944607 1.93171524833 1.90051117448 1.56347151878 1.17736359366 1.40968203044 1.66724347145 1.54229345215 1.46849982442 1.29555405811 1.02584106311 1.02745703452 1.24308842486 1.05187357496 0.38377077913 0.388709579982 0.441624928956 0.480410207839 0.268807347592
-9999 -9999 -9999 -9999 -9999 -9999 -9999 -9999 -9999 -9999 -9999 -9999 -9999 -9999 -9999 -9999 -9999 -9999 -9999 -9999 -9999 -9999 -9999 8.75155753904 13.3962973142 14.1715417029 9.68046857951 5.33489690544 4.08755066222 4.58283559742 3.79151844273 4.05258687708 3.50321285558 3.44657213329 2.33062073516 2.55957109557 2.55630176956 2.24639523908 1.5912941258 1.49503219633 1.18708387318 1.48673120226 1.73851023296 1.79561608338 1.57994082204 1.43113382022 0.882699834645 0.796645351298 0.755275524797 0.80838895366 0.658306208222 0.79890514049 0.825762707536 0.703907788736 0.310142514542 0.226914057352 0.585408665188
