data/recharge/transience/oldversion/mHM_recahrge_451.ASC
ncols   80
nrows    72
xllcorner    4374000.0
yllcorner    5656000.0
cellsize      500
NODATA_value  -9999
[rows 0 to 24 of 72, columns 0 to 55 of 80]
-9999 -9999 -9999 -9999 -9999 -9999 -9999 -9999 -9999 -9999 -9999 -9999 3.46610071318 3.60569639798 -9999 -9999 -9999 -9999 -9999 -9999 -9999 -9999 -9999 -9999 -9999 -9999 -9999 -9999 -9999 -9999 -9999 -9999 -9999 -9999 -9999 -9999 -9999 -9999 -9999 -9999 -9999 -9999 -9999 -9999 -9999 -9999 -9999 -9999 -9999 -9999 -9999 -9999 -9999 -9999 -9999 -9999
-9999 -9999 -9999 -9999 -9999 -9999 -9999 -9999 -9999 -9999 -9999 -9999 5.70900523641 4.40768087458 3.43204154716 -9999 3.58772043115 -9999 -9999 -9999 -9999 -9999 -9999 -9999 -9999 -9999 -9999 -9999 -9999 -9999 -9999 -9999 -9999 -9999 -9999 -9999 -9999 -9999 -9999 -9999 -9999 -9999 -9999 -9999 -9999 -9999 -9999 -9999 -9999 -9999 -9999 -9999 -9999 -9999 -9999 -9999
-9999 -9999 -9999 -9999 -9999 -9999 -9999 -9999 -9999 -9999 4.43511461604 4.31978396605 4.70024117612 4.89694176089 3.2275133116 2.84882104367 2.2526849688 2.30085333431 -9999 -9999 -9999 -9999 -9999 -9999 -9999 -9999 -9999 -9999 -9999 -9999 -9999 -9999 -9999 -9999 -9999 -9999 -9999 -9999 -9999 -9999 -9999 -9999 -9999 -9999 -9999 -9999 -9999 -9999 -9999 -9999 -9999 -9999 -9999 -9999 -9999 -9999
-9999 -9999 -9999 -9999 -9999 -9999 -9999 -9999 -9999 4.55284015171 4.43109435049 4.35507114938 3.87722065202 4.13350099511 3.50822232976 3.26127603752 2.63847727503 3.47666120283 -9999 3.29914015546 -9999 -9999 -9999 -9999 2.08744258892 2.19866637641 -9999 -9999 -9999 -9999 -9999 -9999 -9999 -9999 -9999 -9999 -9999 -9999 -9999 -9999 -9999 -9999 -9999 -9999 -9999 -9999 -9999 -9999 -9999 -9999 -9999 -9999 -9999 -9999 -9999 -9999
-9999 -9999 -9999 -9999 -9999 -9999 -9999 -9999 6.50032392147 5.36570345392 4.06219791253 3.95425845109 3.52697046841 3.1888340462 3.00142483742 2.80251169653 2.37624701121 2.2848679688 1.97888476987 2.33620456786 2.1516855198 2.3378357275 -9999 1.96537734357 2.60570310129 2.50001775765 -9999 -9999 -9999 -9999 -9999 -9999 -9999 -9999 -9999 -9999 -9999 -9999 -9999 -9999 -9999 -9999 -9999 -9999 -9999 -9999 -9999 -9999 -9999 -9999 -9999 -9999 -9999 -9999 -9999 -9999
-9999 -9999 -9999 -9999 -9999 -9999 5.83437250092 4.79413582213 4.41286981646 4.68299413592 4.81476372592 5.0259091664 4.05344693487 3.76358015242 2.93217470233 3.24936465582 2.48417639633 2.34072469044 2.12760269252 2.28926653943 2.06218908982 2.24354117805 1.99912732952 1.96915265894 2.05494755428 1.94709336555 2.00672300371 -9999 -9999 -9999 -9999 -9999 -9999 -9999 -9999 -9999 -9999 -9999 -9999 -9999 -9999 -9999 -9999 -9999 -9999 -9999 -9999 -9999 -9999 -9999 -9999 -9999 -9999 -9999 -9999 -9999
-9999 -9999 -9999 -9999 -9999 -9999 5.79139533642 5.11807522765 3.83325229531 3.6605453609 3.26096843737 3.45882709652 3.14927336566 2.89663534636 2.50303091899 2.1892342025 1.9616596854 2.05443048554 2.36148188608 1.72308624132 1.76452389678 2.17644924752 1.85879929054 1.87710096695 1.7169453143 1.57598898973 2.06339658928 2.22277809476 2.0261497909 1.84757330574 2.34397125092 2.29613264401 -9999 -9999 -9999 -9999 -9999 -9999 -9999 -9999 -9999 -9999 -9999 -9999 -9999 -9999 -9999 -9999 -9999 -9999 -9999 -9999 -9999 -9999 -9999 -9999
-9999 -9999 -9999 -9999 -9999 7.4817981503 6.09784698344 6.01561645782 5.19144511748 5.55343895927 4.84106525076 4.20036028836 2.91633316072 3.11891392337 2.86183845412 2.89494704406 2.13070741319 1.89324340517 2.67481718292 1.63611827174 1.77815296223 1.68363580269 1.71193111183 1.79820641848 1.81418398955 1.96358101605 1.94146405904 1.88110540027 1.8987234337 1.82726410129 1.63236062498 1.77728563953 1.41222982764 1.32407479568 -9999 -9999 -9999 -9999 -9999 -9999 -9999 -9999 -9999 -9999 -9999 -9999 -9999 -9999 -9999 -9999 -9999 -9999 -9999 -9999 -9999 -9999
-9999 -9999 -9999 -9999 -9999 7.27015845475 6.27247862808 6.33325145759 5.15580191521 4.63429484981 4.23959840899 4.62302537979 2.92914886363 2.9312782256 3.64140745141 4.0800985287 2.21630369514 1.24119225244 1.80817172622 1.6055406176 1.73142248902 1.82665271096 2.07120988052 1.94917811131 1.70609413555 1.45478146699 1.61267867625 1.42745620167 1.54938682233 1.39235589306 1.38826841813 1.29502421507 1.44974811219 1.34440836537 1.34946027431 1.26697321791 -9999 -9999 -9999 -9999 1.34472293061 1.24281278781 -9999 -9999 -9999 -9999 -9999 -9999 -9999 -9999 -9999 -9999 -9999 -9999 -9999 -9999
-9999 -9999 -9999 -9999 -9999 6.53721098887 5.724671822 5.87229967552 5.51989513492 6.0052091497 5.10864766159 4.77967570785 3.88620021454 4.68128193353 4.12821730842 3.26117759542 2.5206105009 3.3145544549 2.56744617619 2.82668026364 2.14609679614 1.72747993397 1.56560396955 1.46917220326 1.64980973472 1.55984172702 1.52357602442 1.29466412059 1.70949882098 1.28024230788 0.890596638423 1.26183176669 1.41849606326 1.35291390429 1.26339754901 1.35522419644 1.31017776641 -9999 -9999 1.33823037949 1.48635004761 1.39914658755 1.5488574612 -9999 -9999 -9999 -9999 -9999 -9999 -9999 -9999 -9999 -9999 -9999 -9999 -9999
-9999 -9999 -9999 -9999 -9999 -9999 7.08912882811 7.74655033067 5.87617644059 5.46740911913 4.38549197999 4.9737056279 5.40336174131 6.81400889889 2.94136023399 2.65745961891 2.63547343837 2.5250505578 2.02418678643 1.98192210714 1.99452671604 2.12381641234 1.85538233603 2.07688181915 1.72002382822 1.46854486771 1.14787872525 1.35154398524 1.29874011681 1.2618885864 1.22283087872 1.37734059312 1.24525175183 1.22041200796 1.2630028937 1.33388131948 1.27250426684 1.16047194677 1.40188327865 1.33828090415 1.31649382776 1.70474939704 1.17346778445 0.993760196182 -9999 -9999 -9999 -9999 1.40155152434 1.20194983232 0.339555477722 -9999 -9999 -9999 -9999 -9999
-9999 -9999 -9999 -9999 -9999 -9999 -9999 6.57019823984 5.16747160829 6.21015523899 5.79200425668 5.02561569635 4.17920265382 3.3328239222 3.12353146757 4.10780327434 3.4831167504 3.31238252515 2.99112595238 2.38501580818 1.82217524527 1.83887676488 1.71166298844 1.7395823614 1.51759696656 1.29951245407 1.2532569832 1.38609051494 1.29618143385 1.21003620556 1.27436921649 1.26278909826 1.28091426094 1.16086578939 1.37041527496 1.35361258847 1.37793850625 1.3954790542 1.35622520278 1.3509581727 1.11588888904 1.04825153612 1.03341071402 1.1877075358 0.989164907659 1.1657970475 1.22375756839 0.967656638142 0.870937470763 0.862213799217 0.775895910907 0.621432846026 -9999 -9999 -9999 -9999
-9999 -9999 -9999 -9999 -9999 -9999 -9999 -9999 4.79592566709 4.20491656809 4.72563811539 5.46902484299 4.56646101881 5.12594882636 4.39357371033 3.88251766795 2.68176501916 2.70202120417 2.06600150208 2.40762070885 3.08665559726 2.91370545308 2.10413691054 2.23633308086 2.06048248823 2.02350659571 1.09852222971 1.27179715063 1.03304318238 0.883026705713 0.981805256427 1.0727283058 1.06456091027 0.991232410148 1.13433843249 1.07752040577 1.28149647062 1.36502202505 1.24190772708 1.21968971563 1.22483660369 1.14154227086 1.08376487396 0.952559814536 0.893066061334 0.785937451635 0.864353246459 0.730723948217 0.618354062026 0.682766360147 0.635102526099 0.699187380841 0.536631989504 -9999 -9999 -9999
-9999 -9999 -9999 -9999 -9999 -9999 -9999 -9999 5.99324879451 4.98109226292 4.25147986629 4.29281185637 3.91835229452 3.87877514565 3.07923071094 2.9822868643 2.60334028842 2.8375417094 2.41212408105 2.67112277206 2.86152872097 2.8230776145 2.95645260618 4.15034849805 2.98151473614 1.79967500177 2.17643964334 1.42955898105 1.15648595541 0.93806594015 0.901631295126 0.968776324738 0.91481917308 0.948988469207 1.1400134236 0.687004424413 1.37315122443 1.29182544894 1.23695866194 1.20227717711 1.18953969313 1.01463282991 0.978405683543 0.973355542092 0.790419667467 0.777997107628 0.848898589899 0.756926651386 0.65927836514 0.756566375654 0.666559176431 0.671547442768 0.636543212641 0.750788670944 0.564042350668 0.624384542346
-9999 -9999 -9999 -9999 -9999 -9999 -9999 -9999 -9999 6.82034476749 5.40265331906 4.00128237303 3.95759235397 4.10761781763 3.55553802931 3.61201841985 3.98652255889 4.34108919748 4.2548809095 4.29692797276 3.67854694509 2.70420205206 2.57455763483 6.3794584335 4.51663618356 3.61909199345 2.07957151914 1.52454348349 0.771928551859 1.0355180343 0.970048109448 0.999870085407 0.93850795005 0.796110118458 0.954283537512 0.93790477627 1.26065949176 1.15192940818 1.09074173759 1.10929800978 1.08873116075 1.0851273647 0.815761001771 1.24332132867 0.832262148341 0.657072632368 0.535502254253 0.537168314731 0.559400947333 0.564689705979 0.532338829474 0.505910720276 0.532767308174 0.627843981026 0.6379906506 0.464861534631
-9999 -9999 -9999 -9999 -9999 -9999 -9999 -9999 -9999 -9999 4.5470596159 4.57228672902 3.80353552266 3.97628003697 3.20510181297 2.8755793124 2.9954307921 4.09369760163 3.21465900672 2.63074472852 2.32052719812 2.2405333391 1.79688349379 2.27715334925 2.79416902553 3.70122574325 2.89738880257 2.09382206462 1.10893225371 0.957136674593 0.976124921776 0.984174197264 1.10577344781 0.909026321765 1.24332657365 1.10467272998 1.21126460887 1.15340182368 1.10477942537 1.11533679489 1.17480498349 1.15397773488 0.927983504203 1.0406021954 1.46034102476 1.3267039521 0.980709560291 0.627867488522 0.683176866347 0.637273683493 0.652364324316 0.616118915696 0.488594386893 0.614357980165 0.508820499374 0.459234700173
-9999 -9999 -9999 -9999 -9999 -9999 -9999 -9999 -9999 -9999 -9999 3.38275913436 3.05078946844 3.68524358298 3.17365317595 2.83149109812 3.03207960628 2.97421588214 2.26054508902 2.44086051963 2.5909580545 2.54911177335 1.8620973791 1.46014478915 1.23401131243 1.140442677 1.88192491984 3.12712674842 2.75846649189 1.02594381751 0.774873759063 0.905740084559 0.974910428774 1.00858168794 0.963821564967 0.85987204613 1.03060092156 1.01826257815 1.10343997954 1.10272712059 1.22415051161 1.05111129624 1.14417660678 0.950493061931 0.877660275326 0.689007223448 0.818913601043 1.08405131031 0.736115672875 0.653040898756 0.547046505121 0.675132536415 0.638698959977 0.556849635789 0.42521573802 0.432689789766
-9999 -9999 -9999 -9999 -9999 -9999 -9999 -9999 -9999 -9999 -9999 2.58720997275 2.93775518106 3.08397277765 3.24610035552 2.99845862942 2.45455136604 2.2632128813 2.35824650302 2.38835267677 2.27570764226 2.6939569046 1.7820503842 1.68879668886 1.60564498488 1.82289323026 1.44394024132 1.89571195152 1.59104006675 2.1009942408 2.32080587477 1.96936078784 0.723590503057 0.8902106681 0.735906027501 0.840516357233 1.02311542764 1.05334820536 1.05638384181 0.993391145907 1.30127710312 1.29358984628 1.02141955443 1.0610183597 1.00875519653 1.1117773435 1.54135054548 1.94459363759 1.54565544628 0.889969647076 0.840761890449 0.785872885263 0.49027747919 0.676741621538 0.590436910115 0.501920461725
-9999 -9999 -9999 -9999 -9999 -9999 -9999 -9999 -9999 -9999 -9999 5.37029312351 4.49860736852 4.11371260373 2.68762799566 2.93679895461 2.3857275893 1.86452527261 1.82376523215 1.99905925163 1.94199196848 2.00905986915 1.65501384527 1.38229679114 1.21796928041 1.17654039074 1.07889124961 1.04093776849 1.0883097594 0.968923842886 1.01519007362 1.93782189181 2.76172694913 2.62421406089 1.02929947032 0.402516905571 0.645807898313 0.414088318585 0.846930299985 0.694295638856 0.73795626343 1.08271149776 1.37970198616 1.61554924411 1.8710343059 2.25735874319 1.38639797455 1.17480272643 1.05036782049 1.03869263068 0.65707404938 0.793533446067 0.792159756049 0.989064570805 0.799060669237 0.528604842455
-9999 -9999 -9999 -9999 -9999 -9999 -9999 -9999 -9999 -9999 -9999 -9999 3.26493180173 3.85140340116 3.40044348502 2.78618599443 2.39395228781 2.24138650511 1.86983059264 2.11468447783 2.03774569142 1.86600473942 1.72316252944 1.71661360737 1.28512587261 1.33271354101 1.11271641296 1.17714258802 1.05835977991 0.976803133314 0.943493951033 1.02078182124 0.808032546648 0.815475393101 1.3283401342 0.502611758852 0.842991827637 0.449806769134 0.55454604126 1.03716748439 1.24774247096 1.1321543066 1.80420714128 2.16584612888 2.3307408934 2.28539553825 1.43420828075 1.19927453218 0.742264549097 0.885799847484 0.614918256134 0.470414519806 0.345060762438 0.352923059661 0.319097422998 0.445726299714
-9999 -9999 -9999 -9999 -9999 -9999 -9999 -9999 -9999 -9999 -9999 4.55488807964 4.28428111572 4.76246695897 4.61395966982 3.12723623783 2.61850091399 2.63836272619 2.01851228762 2.20034518052 1.61609083217 1.57307360685 1.30949984764 1.36426528628 1.32136518072 1.28725002088 0.914340212769 0.969881051159 0.962292711691 0.90702944271 0.786446827318 0.840656144602 0.743867597114 0.729274055181 0.813126504133 0.680370175706 0.767040792956 0.245217381826 0.199287936767 0.823122169727 1.06077631615 0.937263461094 1.76147292846 2.18226184512 2.74223145333 2.70794056615 1.94994330884 1.81290938438 1.07907021058 1.06487031391 0.554553341381 0.311258912959 0.247387847001 0.250337860709 0.213659245024 0.247437908174
-9999 -9999 -9999 -9999 -9999 -9999 -9999 -9999 -9999 -9999 -9999 4.88226103597 5.90329214707 5.57991409959 3.76841451955 2.76721655854 3.05816815513 2.94317235599 2.17959422515 2.17648576629 1.97632391144 2.22314418705 1.24426911079 1.51240054581 1.43043610338 1.44964015305 0.69881140492 1.03591667988 0.99406913356 1.60811967035 1.31081915098 0.871988431603 0.720974796566 0.730319155956 0.777532186035 0.446405116407 0.361287572661 0.760296992119 0.305198680333 0.682760253774 0.880826544135 0.991080311548 1.42561071644 1.45092722335 1.46751385136 1.38521879187 1.47709988831 1.54107952916 1.1554045093 1.14486081175 0.508961738801 0.562120732959 0.424291119998 0.388711618924 0.331604535734 0.293946529829
-9999 -9999 -9999 -9999 -9999 -9999 -9999 -9999 -9999 -9999 -9999 6.82773620881 6.5830098328 5.38502977702 5.19163904381 5.00501980548 3.10861677219 3.45753780435 2.92138127138 3.03471019618 1.57781076449 1.18147084142 2.22798692804 2.57877202566 1.75974500961 1.75395166244 1.79203331446 1.31512735235 1.01490982267 0.835728473725 0.813040680874 1.31918226015 1.31601041008 1.17334267564 0.831357697659 0.289087681679 0.115958492218 0.0618916975659 0.225507565986 0.304947875264 1.00067371153 1.12797621898 0.977322734159 0.78457461347 0.787810043769 0.790877944515 0.953456173714 0.946282579739 0.807083416647 0.747866268384 0.46436713029 0.251514362563 0.171860091237 0.243130242456 0.222515622583 0.255076308942
-9999 -9999 -9999 -9999 -9999 -9999 -9999 -9999 -9999 -9999 -9999 -9999 6.89514835996 6.3455378664 4.84019896912 4.52809024877 3.81542187206 3.83558581512 2.84292471633 3.08675305117 2.60393768172 3.13552443821 1.931004119 1.6439904317 1.55151777957 1.50831469524 1.11257534476 1.22257719747 1.02245427306 0.823128382752 0.60709978756 0.673849096096 0.642611312006 0.728901825644 0.722449455083 0.301978052691 0.170502544585 0.0923888497188 0.339180837647 0.598762509106 0.973943048846 0.84921732459 0.948483423018 0.770628105317 0.818890202203 0.808499579907 0.788700700511 0.854796297325 0.70127783332 0.716487049663 0.549077725106 0.254865104545 0.241625015565 0.420561259199 0.270202635826 0.285097443009
-9999 -9999 -9999 -9999 -9999 -9999 -9999 -9999 -9999 -9999 -9999 -9999 8.49509710469 6.60307312303 5.47404508435 4.95993502956 3.69567121261 4.09369390178 3.4489810824 2.95188507247 2.76249186858 2.45554480223 2.04415530274 2.89003182884 1.85866657127 1.98425532246 2.23343529641 1.9771433139 1.3578971896 1.96159954027 1.32556063537 1.45427101321 1.50371493454 1.44772405606 0.681341612562 0.272138102035 0.164932828304 0.332961460517 0.720327719669 0.601495035644 1.00888609452 0.726608664642 0.635800305666 0.62283551488 0.621049985204 0.622166190097 0.557628371593 0.565745905885 0.476037413985 0.521868576193 0.459454968149 0.406379788128 0.327708567309 0.154901562574 0.11143248261 0.155424094559
