data/recharge/transience/oldversion/mHM_recahrge_426.ASC
ncols   80
nrows    72
xllcorner    4374000.0
yllcorner    5656000.0
cellsize      500
NODATA_value  -9999
[rows 0 to 24 of 72, columns 0 to 55 of 80]
-9999 -9999 -9999 -9999 -9999 -9999 -9999 -9999 -9999 -9999 -9999 -9999 1.1703205417 1.18745761934 -9999 -9999 -9999 -9999 -9999 -9999 -9999 -9999 -9999 -9999 -9999 -9999 -9999 -9999 -9999 -9999 -9999 -9999 -9999 -9999 -9999 -9999 -9999 -9999 -9999 -9999 -9999 -9999 -9999 -9999 -9999 -9999 -9999 -9999 -9999 -9999 -9999 -9999 -9999 -9999 -9999 -9999
-9999 -9999 -9999 -9999 -9999 -9999 -9999 -9999 -9999 -9999 -9999 -9999 3.13677723774 2.22299330122 1.73867919233 -9999 1.89584898371 -9999 -9999 -9999 -9999 -9999 -9999 -9999 -9999 -9999 -9999 -9999 -9999 -9999 -9999 -9999 -9999 -9999 -9999 -9999 -9999 -9999 -9999 -9999 -9999 -9999 -9999 -9999 -9999 -9999 -9999 -9999 -9999 -9999 -9999 -9999 -9999 -9999 -9999 -9999
-9999 -9999 -9999 -9999 -9999 -9999 -9999 -9999 -9999 -9999 2.32800347788 2.32376293093 2.71997849676 2.86958160401 1.84199150482 1.61649086429 1.29922341175 1.35166228113 -9999 -9999 -9999 -9999 -9999 -9999 -9999 -9999 -9999 -9999 -9999 -9999 -9999 -9999 -9999 -9999 -9999 -9999 -9999 -9999 -9999 -9999 -9999 -9999 -9999 -9999 -9999 -9999 -9999 -9999 -9999 -9999 -9999 -9999 -9999 -9999 -9999 -9999
-9999 -9999 -9999 -9999 -9999 -9999 -9999 -9999 -9999 2.36455765924 2.33654221684 2.27738090855 2.13478713319 2.32819284844 1.97373210401 1.82379612579 1.61700145626 2.08469896722 -9999 2.16608232108 -9999 -9999 -9999 -9999 1.75216484572 1.85139972758 -9999 -9999 -9999 -9999 -9999 -9999 -9999 -9999 -9999 -9999 -9999 -9999 -9999 -9999 -9999 -9999 -9999 -9999 -9999 -9999 -9999 -9999 -9999 -9999 -9999 -9999 -9999 -9999 -9999 -9999
-9999 -9999 -9999 -9999 -9999 -9999 -9999 -9999 4.17438881159 3.30781902053 2.38679063006 2.23005267887 2.02878503248 1.77621260075 1.76456612953 1.61248770303 1.50862328714 1.42331890282 1.30308110391 1.50375700633 1.48423957389 1.64048010916 -9999 1.54156006402 2.25047178484 2.15475077227 -9999 -9999 -9999 -9999 -9999 -9999 -9999 -9999 -9999 -9999 -9999 -9999 -9999 -9999 -9999 -9999 -9999 -9999 -9999 -9999 -9999 -9999 -9999 -9999 -9999 -9999 -9999 -9999 -9999 -9999
-9999 -9999 -9999 -9999 -9999 -9999 3.43671628928 2.74486759129 2.57525942743 2.78518509151 2.96370277007 3.03210466875 2.43117001766 2.20801446997 1.71078431964 1.95533622299 1.56426648684 1.45152458633 1.48802405936 1.47547055987 1.41048986508 1.56269715725 1.56047844418 1.56458081841 1.7528414312 1.65332494179 1.85336342882 -9999 -9999 -9999 -9999 -9999 -9999 -9999 -9999 -9999 -9999 -9999 -9999 -9999 -9999 -9999 -9999 -9999 -9999 -9999 -9999 -9999 -9999 -9999 -9999 -9999 -9999 -9999 -9999 -9999
-9999 -9999 -9999 -9999 -9999 -9999 3.62885834155 3.15228585253 2.34436926975 2.21202474668 1.96361043977 2.06335699448 1.92315808328 1.77927813681 1.55272804575 1.29350097541 1.32015678723 1.22843962997 1.28181523172 1.1102405683 1.21412958747 1.56386776164 1.38773414175 1.45168455408 1.46740506986 1.31740746084 1.87021827949 1.97493963582 2.06284685953 1.86717428675 2.67263065658 2.61605475438 -9999 -9999 -9999 -9999 -9999 -9999 -9999 -9999 -9999 -9999 -9999 -9999 -9999 -9999 -9999 -9999 -9999 -9999 -9999 -9999 -9999 -9999 -9999 -9999
-9999 -9999 -9999 -9999 -9999 4.77406240168 3.86771082906 3.80862781484 3.32372860551 3.67527260995 3.23384752931 2.70574052635 1.8571600898 1.97506704285 1.82220573924 1.84315603812 1.32593547488 1.50687107546 1.60518367237 1.15626584337 1.22481214557 1.14629404906 1.25905056556 1.33513641689 1.53355623433 1.66085014749 1.78915385376 1.60703106399 1.92522220927 1.84680296476 1.83853585473 2.00781706174 1.77805370522 1.66332092211 -9999 -9999 -9999 -9999 -9999 -9999 -9999 -9999 -9999 -9999 -9999 -9999 -9999 -9999 -9999 -9999 -9999 -9999 -9999 -9999 -9999 -9999
-9999 -9999 -9999 -9999 -9999 4.83598382269 4.26261611808 4.30877235521 3.5277825285 3.12020598336 2.88768217381 3.19237356324 1.92255928344 1.84699800245 2.58125223389 3.03508709957 1.57343724555 1.03612787803 1.31148070051 1.03547367402 1.27500789523 1.31262810309 1.59420897315 1.48301137862 1.38108896628 1.12359677506 1.44397794413 1.21974538538 1.47896856532 1.43621358579 1.40139670889 1.47854093406 1.6824996985 1.55453612043 1.6615016535 1.54059520735 -9999 -9999 -9999 -9999 1.63585365129 1.46479199897 -9999 -9999 -9999 -9999 -9999 -9999 -9999 -9999 -9999 -9999 -9999 -9999 -9999 -9999
-9999 -9999 -9999 -9999 -9999 4.28236951107 3.84064098466 3.98816983095 3.81138624664 4.18884606478 3.57260783444 3.31420478159 2.67916180292 3.2787256015 2.97322753919 2.32055872591 1.83760493283 2.48651881104 1.91499399069 2.10028958935 1.65270777851 1.20021717946 1.14384947963 1.05964147259 1.32403720242 1.25657026656 1.3514910337 1.14012116709 1.58551194449 1.26505192844 1.05292267595 1.21971014034 1.64572212624 1.5482317791 1.45343019024 1.65493313352 1.61005791244 -9999 -9999 1.61517355755 1.76980948613 1.659890143 1.88391631429 -9999 -9999 -9999 -9999 -9999 -9999 -9999 -9999 -9999 -9999 -9999 -9999 -9999
-9999 -9999 -9999 -9999 -9999 -9999 5.18616649193 5.85350267584 4.36983659999 4.03670835853 3.18245180507 3.66025576718 3.88562237862 4.38366019555 2.14608616696 1.83262214143 1.90418889298 1.81084835445 1.40363400719 1.35944012579 1.4305236204 1.54443836411 1.39346892591 1.5879247435 1.36368012239 1.1424641956 0.967847755574 1.14393455279 1.11532471505 1.13672262878 1.09210127162 1.3567488565 1.27197248593 1.26936447876 1.3815949629 1.43444187375 1.38270015995 1.22376080102 1.51582355301 1.44293463366 1.39187375857 1.83369944128 1.29385203835 1.10767786153 -9999 -9999 -9999 -9999 1.78595680728 1.53198343173 0.459827211881 -9999 -9999 -9999 -9999 -9999
-9999 -9999 -9999 -9999 -9999 -9999 -9999 4.89842717868 3.79460073176 4.64164497298 4.32334356909 3.6996659426 2.94775775966 2.4392792913 2.22599958277 3.01091686021 2.57662177659 2.43597512476 2.22351943774 1.69893216983 1.28570394087 1.30143691792 1.26721779126 1.28853396071 1.18063471355 0.989478592006 1.07726729769 1.11729316454 1.17103207637 1.08645193878 1.20147304677 1.18776617158 1.32573972378 1.20522035529 1.49572710503 1.47564724441 1.55109738115 1.50086933208 1.46225695993 1.45702302279 1.16349358299 1.11396614096 1.22959352447 1.44682503847 1.23032775928 1.39320012623 1.58473545961 1.27174946254 1.22192289859 1.13870993616 0.917615373607 0.642493742537 -9999 -9999 -9999 -9999
-9999 -9999 -9999 -9999 -9999 -9999 -9999 -9999 3.42889913251 3.15326808049 3.54412094925 4.15682552344 3.41270706887 3.8786716629 3.25808428689 2.84633535336 1.87836801138 1.89370360707 1.41991271924 1.70841008694 2.38281386032 2.22810327403 1.52278154498 1.35777474479 1.2966497835 1.29873518444 0.867634917624 1.00591553685 0.852629894718 0.681057311074 0.908550537618 0.937119252156 0.997047143068 0.912173399722 1.07792265337 1.20042847123 1.24149605673 1.32598888606 1.17617409744 1.17025842522 1.21882045848 1.17123394781 1.17953719507 1.03797804174 0.998369008466 0.876741609252 1.02287859436 0.862078520853 0.783444295512 0.808329449451 0.799277426307 0.850359993816 0.659837176041 -9999 -9999 -9999
-9999 -9999 -9999 -9999 -9999 -9999 -9999 -9999 4.65544408568 3.81622797438 3.14629307042 3.18045016909 2.8513382686 2.81796740428 2.16623979596 2.08733632962 1.83565694185 2.02851994224 1.71176519483 1.93504082858 2.18753129308 2.14658393681 2.05969311659 2.65709187735 1.93685646927 1.13393782336 1.48152387808 1.15476152433 0.972765933526 0.784750618275 0.709387677123 0.826866822372 0.763509827444 0.85295239861 1.1012603322 0.699010408413 1.41172885471 1.24939515836 1.17186050139 1.13570275405 1.09008762448 1.00135306134 1.06491979162 1.06063567533 0.881264402606 0.86707766751 1.00454822884 0.894260107624 0.822371200298 0.86400223253 0.840134550296 0.846475701608 0.779843129755 0.91505999665 0.721244101964 0.807387936243
-9999 -9999 -9999 -9999 -9999 -9999 -9999 -9999 -9999 5.18356539415 4.03222792787 2.88535516193 2.8350038111 3.04397385803 2.65256957472 2.71939274846 3.10187185747 3.38828071489 3.36964655642 3.39202070912 2.87732721549 1.97794297867 1.93541539406 4.4977375279 3.16107881689 2.3901492422 1.35347882951 1.02805475118 0.633312924162 0.838432949615 0.817711194253 0.853694911755 0.829663684389 0.668187351938 0.750618445345 0.81508233686 1.085558716 0.983774775099 0.894096399257 0.911742947953 0.851853394344 0.889170185902 0.772565089945 1.2028522569 0.809876673939 0.631170051018 0.544094456584 0.539985515302 0.575180340057 0.574024783045 0.60820439378 0.576867408609 0.585701725616 0.663860833965 0.757669599402 0.537654583933
-9999 -9999 -9999 -9999 -9999 -9999 -9999 -9999 -9999 -9999 3.36969446094 3.40025888369 2.71741462413 2.92420259267 2.35467801618 2.08597951103 2.03397673171 2.89838843822 2.27901933783 1.78876752038 1.58434327013 1.56117244947 1.21424704915 1.51858592865 1.73218883625 2.55228784341 2.15796847349 1.35520714887 0.80633869947 0.768321831068 0.794544375885 0.802365539304 0.945619413566 0.790433219667 1.07686004759 0.954195443651 1.03967322221 0.985342998698 0.906920772709 0.916605533621 0.92968955691 0.91930950488 0.724794098286 0.851931863559 1.27241035487 1.30476770315 0.982342367429 0.645587662132 0.686693493208 0.66101302853 0.745240023296 0.703958194655 0.565239929143 0.654776159395 0.588844022753 0.533957286558
-9999 -9999 -9999 -9999 -9999 -9999 -9999 -9999 -9999 -9999 -9999 2.45653852965 1.90163590935 2.52735071558 2.25286467029 1.89985451695 2.08597339575 2.04024947398 1.51546827542 1.67119796687 1.86805484739 1.84079454338 1.35976854548 1.00173335843 0.930126171429 0.908014637278 1.45705432578 2.18963111382 1.6175809021 0.393890851749 0.446578006188 0.719516834675 0.719221796698 0.786456528578 0.749334691706 0.636744541964 0.794552725767 0.784309487476 0.817578674208 0.816515431879 0.882737699297 0.766786306935 0.773424933878 0.592843430416 0.575542231985 0.569692696719 0.644094742546 0.832641758241 0.597842477287 0.592720461644 0.53750084854 0.669065601001 0.661128646082 0.544036817944 0.44092601874 0.44779234716
-9999 -9999 -9999 -9999 -9999 -9999 -9999 -9999 -9999 -9999 -9999 1.72919090407 1.9662742667 2.08089294172 2.26838152379 2.02848678778 1.64148796554 1.43832207551 1.5985597009 1.62932003075 1.58590338511 1.93617992652 1.22343209452 1.18084015813 1.08444373253 1.37903893049 1.14252837478 1.34989694249 1.13520122153 0.80020170596 1.43333150623 1.48290644982 0.714480007104 0.730101959762 0.642421745002 0.648343016756 0.788831175056 0.813451181193 0.779203870495 0.775535224172 0.871960721903 0.989103031576 0.696194884018 0.712953420157 0.622581316871 0.799224908168 1.24436455388 1.53154500163 1.3347922604 0.745142981247 0.937108397047 0.80615901372 0.496158268828 0.653235065837 0.641098321597 0.53025416471
-9999 -9999 -9999 -9999 -9999 -9999 -9999 -9999 -9999 -9999 -9999 3.73458386991 3.11382050705 2.81434151293 1.72853680078 1.9886737394 1.55532774262 1.0933308661 1.08539912108 1.26967165548 1.2818219828 1.3344516815 1.16956524271 0.926578714754 0.804944576711 0.780823427877 0.740929412088 0.711954877476 0.78979670931 0.724806412029 0.801914369347 1.46537282779 2.20485531123 1.86542567521 0.55246370308 0.410891579062 0.557904440283 0.345639560908 0.568304773277 0.457528100759 0.523628478439 0.778236017973 0.910899210227 1.09332308733 1.18825262266 1.43020863586 1.01235886192 0.840111808709 0.838268236727 0.892342432452 0.745103596713 0.901150236823 0.979819936251 1.09337849017 0.840580292011 0.494416753373
-9999 -9999 -9999 -9999 -9999 -9999 -9999 -9999 -9999 -9999 -9999 -9999 2.13679537217 2.59714748993 2.28126642446 1.9852396376 1.70316001755 1.47911294233 1.16725834941 1.35743405764 1.35614169844 1.22232350664 1.16981335286 1.19296729473 0.865228056919 0.901697026694 0.766707222631 0.817128341805 0.756013266405 0.692095593476 0.688732870256 0.751029940135 0.598225223641 0.625510146301 0.740611950451 0.13700917697 0.605238263317 0.434000275193 0.421466416679 0.712386320308 0.818991911172 0.790583425802 1.23819781292 1.51462106679 1.60509715078 1.51290049239 1.0081652799 0.860201046123 0.559158886182 0.707209124668 0.691784731628 0.515969955497 0.412407117894 0.409530918284 0.359825588883 0.302506325445
-9999 -9999 -9999 -9999 -9999 -9999 -9999 -9999 -9999 -9999 -9999 2.98061740105 2.8254965484 3.21731110365 3.26027672816 2.09456215133 1.49646321833 1.70673630836 1.26934424917 1.36122041352 0.997563426978 0.966119279105 0.818925698566 0.858638262316 0.86379591277 0.838212776285 0.709569316895 0.638478424419 0.658693443681 0.617511177083 0.54488742045 0.586083082118 0.517805905895 0.506689167061 0.565195622401 0.56598014514 0.642864716626 0.317223011965 0.279963143455 0.516091246293 0.683977959999 0.606971146934 1.15937929037 1.51298816221 2.04209880372 2.03285869555 1.43129698256 1.39401492387 0.881706232565 0.893786234821 0.567879965111 0.323579624197 0.275499188428 0.279259984508 0.254056767497 0.295895794932
-9999 -9999 -9999 -9999 -9999 -9999 -9999 -9999 -9999 -9999 -9999 3.2218289615 4.03992642073 3.8220890843 2.48431905102 1.81299019169 1.97321164456 1.8647254032 1.35613596422 1.44635689522 1.24897300574 1.26694619114 0.950622058495 0.969057020081 0.946245228551 0.953945633452 0.634443428678 0.771603899997 0.76267751899 1.1557648866 0.951134181445 0.609984830354 0.500250268812 0.507522359192 0.537060355671 0.338067417584 0.419266258288 0.727431136597 0.437078280268 0.486019643497 0.571684100788 0.697309618846 0.91403451247 0.924301639547 0.998552646671 0.923566682715 1.11815306026 1.17305910984 0.940611408264 0.966233935421 0.554825844592 0.613084998596 0.500075909544 0.452217523691 0.412749516485 0.361638829437
-9999 -9999 -9999 -9999 -9999 -9999 -9999 -9999 -9999 -9999 -9999 4.50422126922 4.40672903547 3.56808861261 3.55632053098 3.43519509791 1.95753188595 2.15022187524 1.84333894448 1.94261691958 0.974531645198 0.860488326992 1.29735193479 1.79890582335 1.25493607355 1.24935178494 1.26938792914 0.977548485371 0.656293496149 0.532400184139 0.532942653145 0.937598184948 0.945943055891 0.834673657375 0.568411374418 0.229333068266 0.173502493083 0.116538485653 0.347909686685 0.226736169887 0.683959716458 0.772303096394 0.705611255243 0.555187802323 0.544407858137 0.558630415264 0.68158908391 0.707562382714 0.60955325131 0.552342295487 0.417829481226 0.368842758798 0.253547729257 0.237205102742 0.216291106129 0.283809402019
-9999 -9999 -9999 -9999 -9999 -9999 -9999 -9999 -9999 -9999 -9999 -9999 4.63663871622 4.23124907353 3.18116748391 2.93207255935 2.44488705487 2.44909067251 1.8158226547 1.99489344386 1.6844447144 2.05863536217 1.28744687875 1.12348838276 1.08972605763 1.05580911298 0.7695653719 0.860030350772 0.722078324817 0.562609585526 0.40737226464 0.424167050722 0.431473086264 0.496414793716 0.486029712895 0.318982849763 0.231752947781 0.170725364425 0.395713761909 0.450076972549 0.641671353532 0.543752267602 0.618103830481 0.565143789771 0.612574890173 0.611917176669 0.56522452047 0.629454171707 0.527366459122 0.523021085535 0.429548569482 0.158361589647 0.133074774229 0.347798760604 0.235638983674 0.241582852764
-9999 -9999 -9999 -9999 -9999 -9999 -9999 -9999 -9999 -9999 -9999 -9999 5.64680703819 4.27701033139 3.56011556378 3.11966987226 2.32329695589 2.56890536476 2.1905644396 1.80363241052 1.76598044448 1.5349102765 1.30281520625 2.07575553108 1.38567634546 1.64840515426 1.78444092485 1.47737835693 1.00729253567 1.49648645117 1.00049838144 1.09665975988 1.06610198642 1.04716357461 0.516824709135 0.34160252013 0.237162190839 0.389434314199 0.682755755679 0.469423976941 0.689799444631 0.479385158443 0.413207188412 0.407483956063 0.44674889984 0.458566215669 0.418431704824 0.419135103835 0.363814901189 0.384194120415 0.359517306461 0.254497674171 0.266287570407 0.129916504253 0.0981459398549 0.144840650605
