data/recharge/transience/oldversion/mHM_recahrge_169.ASC
ncols   80
nrows    72
xllcorner    4374000.0
yllcorner    5656000.0
cellsize      500
NODATA_value  -9999
[rows 0 to 25 of 72, columns 0 to 56 of 80]
-9999 -9999 -9999 -9999 -9999 -9999 -9999 -9999 -9999 -9999 -9999 -9999 17.9196247639 18.3639816163 -9999 -9999 -9999 -9999 -9999 -9999 -9999 -9999 -9999 -9999 -9999 -9999 -9999 -9999 -9999 -9999 -9999 -9999 -9999 -9999 -9999 -9999 -9999 -9999 -9999 -9999 -9999 -9999 -9999 -9999 -9999 -9999 -9999 -9999 -9999 -9999 -9999 -9999 -9999 -9999 -9999 -9999 -9999
-9999 -9999 -9999 -9999 -9999 -9999 -9999 -9999 -9999 -9999 -9999 -9999 15.3332756054 14.7631197339 14.3588674226 -9999 14.5148305778 -9999 -9999 -9999 -9999 -9999 -9999 -9999 -9999 -9999 -9999 -9999 -9999 -9999 -9999 -9999 -9999 -9999 -9999 -9999 -9999 -9999 -9999 -9999 -9999 -9999 -9999 -9999 -9999 -9999 -9999 -9999 -9999 -9999 -9999 -9999 -9999 -9999 -9999 -9999 -9999
-9999 -9999 -9999 -9999 -9999 -9999 -9999 -9999 -9999 -9999 14.8031328953 14.8001137504 15.178580422 15.1062826641 13.6777361209 12.2894889606 11.0641220756 11.0712941751 -9999 -9999 -9999 -9999 -9999 -9999 -9999 -9999 -9999 -9999 -9999 -9999 -9999 -9999 -9999 -9999 -9999 -9999 -9999 -9999 -9999 -9999 -9999 -9999 -9999 -9999 -9999 -9999 -9999 -9999 -9999 -9999 -9999 -9999 -9999 -9999 -9999 -9999 -9999
-9999 -9999 -9999 -9999 -9999 -9999 -9999 -9999 -9999 14.8875295183 14.7705423301 14.6138809587 14.5069871985 14.7163305787 13.9348923956 13.4707325391 11.609700432 13.4121546794 -9999 14.4517920787 -9999 -9999 -9999 -9999 13.0316914397 13.4643478017 -9999 -9999 -9999 -9999 -9999 -9999 -9999 -9999 -9999 -9999 -9999 -9999 -9999 -9999 -9999 -9999 -9999 -9999 -9999 -9999 -9999 -9999 -9999 -9999 -9999 -9999 -9999 -9999 -9999 -9999 -9999
-9999 -9999 -9999 -9999 -9999 -9999 -9999 -9999 16.2396301425 15.7209443349 14.7900755598 14.5989705768 14.021396856 13.6203376699 13.2131620418 12.9562002615 11.1100420399 10.9907291584 11.2647323444 13.0581103301 12.8078026135 13.1290730576 -9999 11.7965217226 13.6731067617 13.7802609866 -9999 -9999 -9999 -9999 -9999 -9999 -9999 -9999 -9999 -9999 -9999 -9999 -9999 -9999 -9999 -9999 -9999 -9999 -9999 -9999 -9999 -9999 -9999 -9999 -9999 -9999 -9999 -9999 -9999 -9999 -9999
-9999 -9999 -9999 -9999 -9999 -9999 15.4809750007 15.1240201348 15.1730777492 15.3392029573 15.33380894 15.3019792845 14.5706720539 14.2895377603 13.1283248324 13.5406514237 11.8080605202 11.3578435998 12.741775474 12.9721561959 12.6393920338 12.9549610024 12.0836600231 11.823628471 13.2114469185 13.1096401365 13.782396416 -9999 -9999 -9999 -9999 -9999 -9999 -9999 -9999 -9999 -9999 -9999 -9999 -9999 -9999 -9999 -9999 -9999 -9999 -9999 -9999 -9999 -9999 -9999 -9999 -9999 -9999 -9999 -9999 -9999 -9999
-9999 -9999 -9999 -9999 -9999 -9999 15.9021993137 15.7781299662 15.0146762208 14.8548781061 14.1786866626 14.3552968236 13.5615384307 13.2709644404 12.4059104382 11.869872938 11.4549172666 10.6380345981 11.4114558136 11.3607720865 11.7389960843 12.5351555737 12.4925729958 11.9281480366 11.8803866634 11.5235018609 13.6894371984 14.5373906264 14.8829015844 14.7209499528 15.1869025227 15.2362943835 -9999 -9999 -9999 -9999 -9999 -9999 -9999 -9999 -9999 -9999 -9999 -9999 -9999 -9999 -9999 -9999 -9999 -9999 -9999 -9999 -9999 -9999 -9999 -9999 -9999
-9999 -9999 -9999 -9999 -9999 16.8475091545 16.0284770756 16.0437799344 15.7360230743 15.9735675896 15.5807879068 15.1228978943 13.2764466214 13.4749635542 12.9636375892 12.9702449366 10.8206917594 6.22522106721 10.3375028957 11.4123814046 11.7720276771 11.5810358399 12.1868111747 12.3620088408 12.1791998195 12.3562668956 13.5174288359 13.8622731189 14.6385565189 14.588507936 14.4776994928 14.7329231246 14.3748418426 14.2706543263 -9999 -9999 -9999 -9999 -9999 -9999 -9999 -9999 -9999 -9999 -9999 -9999 -9999 -9999 -9999 -9999 -9999 -9999 -9999 -9999 -9999 -9999 -9999
-9999 -9999 -9999 -9999 -9999 17.062298245 16.3585113861 16.406346062 15.8262625062 15.5857618378 15.3258781543 15.5445185006 12.0435747845 10.028146571 14.3800957205 14.9160944026 12.3267694862 5.78518765931 9.62070368298 11.1364107209 11.333810931 11.6375566443 12.645640663 12.4326539283 12.323107207 11.7872847442 11.8921939583 11.5416616588 13.4194290784 12.9863044345 12.6537748387 13.1325542405 13.8956929104 13.7660821496 13.9328913199 13.8062355414 -9999 -9999 -9999 -9999 13.1577342848 13.3086197526 -9999 -9999 -9999 -9999 -9999 -9999 -9999 -9999 -9999 -9999 -9999 -9999 -9999 -9999 -9999
-9999 -9999 -9999 -9999 -9999 16.8752768873 16.302038987 16.3369081932 15.9434002892 16.1669930317 15.8183112629 15.6603779411 14.7158221582 15.2383458864 14.8172891409 14.1211954848 12.9318491877 13.8556246459 12.7634834588 13.3129888338 12.0939117989 11.4966537026 11.6482678583 11.4362281993 12.2719662542 11.6147313848 11.6842363422 11.0572169716 13.4383585777 12.781566313 9.72919528267 12.0851462558 13.7960964733 13.8292786328 13.5078647842 13.8797294675 13.7438366445 -9999 -9999 13.8942083464 13.6992111122 13.6230587776 13.7267131649 -9999 -9999 -9999 -9999 -9999 -9999 -9999 -9999 -9999 -9999 -9999 -9999 -9999 -9999
-9999 -9999 -9999 -9999 -9999 -9999 17.0903001641 17.2728121457 16.4408103345 16.3963841266 15.760720147 15.9951899634 15.9664907606 15.929574342 14.2076125011 13.6976299335 13.454780881 13.2942296954 12.2670785694 12.1830730661 12.1402895251 12.3600488178 12.035392892 12.4746966376 12.0983406744 11.5012464533 9.98871122755 10.1572306186 11.4322049935 11.7457135438 11.6611184436 12.1289888705 12.1558922974 11.7511330699 11.9786086445 12.8222719886 12.8533835728 11.8456033379 13.3349206787 13.2054300441 12.9633016485 13.5565158122 12.234151113 11.2259325816 -9999 -9999 -9999 -9999 12.0695028663 11.6294830843 3.97580894966 -9999 -9999 -9999 -9999 -9999 -9999
-9999 -9999 -9999 -9999 -9999 -9999 -9999 17.2498409423 16.247556505 16.5094582971 16.3095229012 16.1099359443 15.488104438 14.842271365 14.1073336768 15.0571629407 14.5258787658 14.2019816078 13.7328130147 12.8585256818 11.7997647261 11.8194437463 11.7517270495 11.8343032153 11.6849144713 11.1669222443 10.0392655816 11.2937448461 11.694903528 11.6199842989 11.8641105568 11.856254345 12.2144021732 12.1783199923 12.945000086 12.9215829283 12.4052401334 12.5650201322 13.2994570893 13.25272421 12.6856211244 12.2068961104 9.93395013804 9.03529290986 7.94810099957 8.59390537222 8.97667935444 8.27794048381 7.9083149453 9.6323986293 10.3572960471 9.87650263072 -9999 -9999 -9999 -9999 -9999
-9999 -9999 -9999 -9999 -9999 -9999 -9999 -9999 16.1907638353 16.0975961565 16.1213888006 16.3461680845 15.9913553576 16.290009129 15.2475639047 15.3019689241 13.7192720901 13.7633194493 12.5117094391 13.0571914316 14.0825079802 13.8899245429 12.1042015197 11.188549476 11.0313273036 11.1132945058 9.96463657645 10.9093626055 10.4332138399 9.52774463664 9.67259785605 10.0336723044 10.5355422791 10.0017583347 11.1791531731 11.2742348773 11.9424477726 12.1761476956 11.921828692 11.641209846 10.5371160065 9.17649999546 7.48517370721 7.09967774991 6.78952610942 6.41856498649 6.84779873491 6.37198579294 5.9334203217 7.39458925223 8.01227411406 8.4882996925 7.9287162429 -9999 -9999 -9999 -9999
-9999 -9999 -9999 -9999 -9999 -9999 -9999 -9999 16.7246339675 16.4430620712 15.8926179652 15.9402457463 15.5778920387 15.5611019982 14.8293466519 14.6992554432 13.6554057135 13.9863091215 13.0682195405 13.4451570159 13.8886743099 13.7828587654 13.5336492893 13.9303517613 12.6120022321 10.5390639499 11.7270568094 11.1575961754 9.98278617819 8.80932073172 9.70233381143 9.89508940548 9.90353813253 9.92865233313 11.221936329 6.47468582209 12.361768972 12.0014615695 11.8963351788 11.8092555166 11.4740806635 9.28101483716 7.19471911139 7.16234660429 6.44236943642 6.39477323237 6.7958715854 6.47006742724 6.29579521002 8.61573606889 8.1501338144 8.17357934697 8.18245618229 8.59518866313 7.84461814291 8.11068562547 -9999
-9999 -9999 -9999 -9999 -9999 -9999 -9999 -9999 -9999 16.8858229131 16.3712980213 15.9155018336 15.6945273017 15.9661550442 15.544544643 15.6145368094 15.7894882395 15.95344164 15.8847611721 15.9322091031 15.3687462145 14.4514794509 14.1105247915 17.4129885137 14.9991370244 13.9950839493 11.6392291818 10.2923750487 7.6003803005 9.75257642523 9.22830206756 9.4029953341 9.1194067314 8.35380651254 10.0064161376 10.2617955817 11.0200786309 10.7491737505 10.4489932641 10.4917871353 10.1628071526 9.79431736519 6.00404715304 6.97441286392 5.71163809409 5.2829169013 4.74559460381 4.80378724709 6.33261127637 6.6673579181 6.56725317882 6.42597253206 7.23545644225 7.8058042445 7.81569575658 5.16526700491 4.07029682186
-9999 -9999 -9999 -9999 -9999 -9999 -9999 -9999 -9999 -9999 16.1347413076 16.1799472691 15.6067306729 15.8242489279 15.2176911127 14.8425123955 14.2389665955 15.4172982606 14.4746134583 13.4916380889 13.0587315816 12.5915525462 11.6128083268 13.4097094635 12.8557097228 13.9979004713 12.5527470047 11.5800601526 9.47278435727 8.604688469 9.95635369105 9.97432525963 10.3410348611 9.28061397187 10.4167084835 10.4634095852 10.8913937048 10.7500065091 10.4887036505 10.5172520293 10.3829569739 10.3024907047 8.67360590722 6.95757034626 7.3663944669 7.23976249054 6.05050528737 5.09807323772 7.18224127045 7.15736846448 7.12146106821 6.94805219509 6.62376315804 7.68181821231 7.2285571973 4.94248123475 4.03039658943
-9999 -9999 -9999 -9999 -9999 -9999 -9999 -9999 -9999 -9999 -9999 9.33301661364 11.7112685982 15.5627784645 15.0710429782 14.5802296619 13.6657292634 13.6178931346 12.4268432159 13.2358731218 13.4343012539 13.144536975 10.9770983869 10.1570614325 9.43252430103 9.13999384947 10.8519782298 12.7269356196 12.8322663111 11.4087279727 10.1029932871 9.51794203064 9.66973418377 9.54758798374 9.55864362439 8.92615331453 9.80825277614 9.77223197201 9.86050849146 9.86488387886 9.82762191386 9.42120155819 9.33807574291 7.3043267146 5.60006836016 4.99911113775 5.78685278621 6.23322899463 6.24910320405 6.9871176848 6.17646165044 6.83927549565 6.78993982068 6.89686799551 6.3028252845 6.22387668764 4.12609406579
-9999 -9999 -9999 -9999 -9999 -9999 -9999 -9999 -9999 -9999 -9999 8.7369621634 12.7321245085 15.1409514321 15.0610744132 14.2092855834 12.9126555855 12.7192485651 13.7011631876 13.7560111626 13.3205862443 13.9126524344 11.7190089276 10.7074072749 11.0850119874 11.2161446241 10.1146587065 11.6235944061 10.6311276484 12.9977959846 12.7940569724 11.6593568725 8.10122523392 8.91796008367 7.41857674763 8.73415076956 9.77939590383 9.87395439283 9.72497870556 9.6841072501 9.7188299228 10.1263616778 9.01901029628 9.10254618045 7.51519023655 6.09960482588 7.02742706606 7.92179197723 7.35467787056 5.93464572995 6.28975802187 6.44505358461 5.18929261141 7.08683068763 7.12253887892 6.67446560416 6.24840630194
-9999 -9999 -9999 -9999 -9999 -9999 -9999 -9999 -9999 -9999 -9999 16.5925516898 15.9396803214 15.7579723417 14.0859759677 13.8676652657 12.1356572325 11.510128197 12.3188017921 12.5009304205 12.4031411996 12.5216614893 10.482639196 9.6834073978 10.0534663289 10.3608127479 10.0498184289 9.93957929361 9.97210175455 9.15156443929 9.25164093264 11.6745448446 12.263848107 12.257053143 10.3152383086 7.41078887664 8.45017237789 7.08139985883 8.46075283129 8.19329621743 7.39816536472 9.30409461036 9.63113040119 10.1810362648 10.3687299369 10.0629720383 6.88754013441 6.42232391472 6.20494473604 6.09757311955 5.25966135913 5.74926604261 5.96305249704 7.02999712357 7.39001048372 7.08005412813 6.06566274736
-9999 -9999 -9999 -9999 -9999 -9999 -9999 -9999 -9999 -9999 -9999 -9999 15.2246927939 15.502826016 14.899798984 14.3987912877 12.5908948282 11.8228152143 11.1238829476 12.6353156345 12.5826007133 12.2673801928 11.6277321303 11.2263666211 10.6247883807 10.7424889958 10.1473424576 10.3151756857 9.95324058195 9.71961985289 9.6272627691 9.84793698647 8.7625122075 8.27559214176 11.1372196941 8.28953633779 9.36694629009 7.79030231623 7.52033695147 9.19586183417 9.51838595554 9.32603930966 10.5512587267 11.1831779365 11.2833492478 11.0947972856 7.89255102716 6.47891469396 5.27900033041 5.63177238739 4.88253861567 4.38871736795 3.83417300085 3.96097704076 3.9038680309 6.15775458618 4.63729314272
-9999 -9999 -9999 -9999 -9999 -9999 -9999 -9999 -9999 -9999 -9999 16.1409122633 15.8304192266 16.0547289376 16.0313089365 10.0472641122 12.5779699219 13.1647494204 11.3991628191 12.4385060212 11.3738209985 11.2851036167 10.5789971318 10.713460004 10.8351025407 10.7521298385 10.1648062096 10.0564254093 10.0761225612 9.88756607355 9.44354958651 9.64030187435 8.97443447795 8.91387767662 9.04029929135 8.79991373479 9.1555476646 7.08909115156 7.02457557277 8.2829665527 8.85286384877 8.55241854486 10.6559291063 11.4471799671 12.3905824641 12.3785907769 10.7325637304 8.40820088703 6.41074626875 6.52851031076 4.85151730161 3.39546874794 2.99005640341 3.01297324373 2.75275015087 3.05566070238 4.52431813257
-9999 -9999 -9999 -9999 -9999 -9999 -9999 -9999 -9999 -9999 -9999 16.3206157507 16.3899800952 16.3437553613 15.3958503679 12.5513237386 14.0140552954 13.9480868764 12.4548681098 12.5134267978 11.2994909584 10.8975511245 10.8211301296 11.0313681685 11.0875836793 10.9451416772 9.03695317535 9.39677974867 10.6299573505 11.7197736433 11.01709276 9.74976087871 8.88106650316 8.91765405984 8.91023335128 6.38527901411 7.68364420433 8.90449389443 7.05168531659 7.20834682766 8.33203108347 8.17299129438 9.98142513006 10.3215269186 10.5755009741 10.2856388037 10.18540385 10.1919171158 8.40504226169 7.66001248856 4.51714774682 4.75094407235 4.10168747563 3.93452608413 3.6389763144 3.38091079853 2.79481147001
-9999 -9999 -9999 -9999 -9999 -9999 -9999 -9999 -9999 -9999 -9999 16.912206552 16.7393570685 16.4205132261 16.0540359235 16.0026693632 14.3615068829 14.1702828906 13.7492400018 13.6440085098 11.361132315 6.13835683128 11.2542418449 10.2159542069 8.48459724761 8.48155031442 9.37799220636 9.554479208 8.80008903107 8.85568072931 8.9226244525 11.1641901685 10.9892836885 10.620777331 9.31087987736 5.81320772489 6.06218956142 5.35009497327 6.80062083101 5.35476027016 9.02156360567 8.79806732634 7.80263114345 7.29881325168 7.69434920176 7.60364817569 8.75227954738 8.81442581605 7.956087746 7.72706547705 4.62191556004 3.30424166121 2.88620068296 2.80348263051 2.73336988241 2.97606577803 3.51778988794
-9999 -9999 -9999 -9999 -9999 -9999 -9999 -9999 -9999 -9999 -9999 -9999 16.9051001296 16.6165583328 15.7468089434 15.7615142052 14.1810507125 14.3403551941 13.0938121456 13.8820707606 12.7562378692 13.3532807031 9.24495496445 7.9620003281 8.079532045 7.9869718066 7.21122829155 7.51247381449 7.04172605969 6.39701727606 5.65746727237 7.42717289126 8.79667415172 9.1688861285 8.88821919559 7.53705786877 6.70756618807 5.64919804371 7.90194291135 7.81378217568 8.87552134697 8.51856874761 8.64166667772 6.99799707534 7.27115909502 7.34738556573 8.10561385755 8.49162334187 7.57031671099 7.66887098203 6.80784206168 5.13026612153 5.30807012808 4.45804808595 3.37805379627 3.40600472427 3.1135953918
-9999 -9999 -9999 -9999 -9999 -9999 -9999 -9999 -9999 -9999 -9999 -9999 17.4655857018 16.922902794 16.2112557074 15.7423705778 13.9706156749 14.4571063828 13.5942924546 13.6005978227 13.1390437701 12.9046309044 10.6593230822 9.96089183282 8.62567504501 9.19089670461 9.58904555211 9.1702872366 8.22974547079 9.44891067104 8.1751665975 8.54956777609 10.947786335 11.4789490446 8.46814146849 7.81684619037 6.42650757789 8.07836695828 9.32925645718 7.79458611499 8.28116789185 8.273740967 7.61751665414 7.50590017335 6.87086720348 6.77278550997 6.71213718074 7.12327628912 6.50541499719 6.81051067089 6.57213789689 6.20494504691 5.13071926493 2.80654804036 2.40517726602 3.05371152031 2.0460203838
-9999 -9999 -9999 -9999 -9999 -9999 -9999 -9999 -9999 -9999 -9999 -9999 17.4637708052 17.1349870128 16.0117820188 15.777830378 14.4401610797 14.8116650643 13.5490082185 13.5333240264 13.3621493974 13.1314692087 12.1999087735 8.82872370879 9.47711933938 10.2241166827 9.08682925573 9.35364308317 8.44538285135 7.74762276889 7.00058981949 6.61725158438 7.42898038442 8.29745136223 7.1030998417 10.2156132902 9.92814137985 8.32723895412 7.0223073559 5.50623531071 4.62493483514 4.26372732278 6.1627392494 7.71546367497 7.3420075559 7.4370887176 7.31832274455 7.29531992271 7.02704316273 7.3399107471 6.94417333764 4.66101566702 3.12221992742 2.55644960872 2.49641026313 2.70312176963 2.61222024664
