data/recharge/transience/oldversion/mHM_recahrge_73.ASC
ncols   80
nrows    72
xllcorner    4374000.0
yllcorner    5656000.0
cellsize      500
NODATA_value  -9999
[rows 26 to 51 of 72, columns 0 to 56 of 80]
-9999 -9999 -9999 -9999 -9999 -9999 -9999 -9999 -9999 -9999 -9999 -9999 -9999 40.5456203478 37.2694880278 35.9550642031 38.4553338949 41.807481411 35.4963228033 34.1162968067 30.5188883763 30.2742682962 28.8124215639 24.4645414007 32.2380491961 33.8071952618 30.4230740892 28.0649477676 24.9853498475 25.4207847049 22.4423703125 22.515949683 27.379221888 20.7874926522 6.54298838821 12.723342059 20.1046265465 7.72825448532 14.0874136406 11.9436778164 10.7766971702 11.3438525043 8.29898792986 12.4369287261 16.0103027469 20.3607418818 22.8272973072 22.6064799936 16.2878073955 9.90538935367 7.15046928926 7.07548720748 7.31097953487 7.32299907663 8.89410627102 6.64223641265 6.93150417712
-9999 -9999 -9999 -9999 -9999 -9999 -9999 -9999 -9999 -9999 -9999 -9999 -9999 -9999 38.5289269413 36.1949837731 35.2863847644 43.0279485636 37.0576133863 37.5040304635 31.7265112847 30.5675191116 29.5603295078 30.2081724295 31.0250424252 30.2109765078 29.5927116691 32.6012244232 27.1972363948 24.6129593582 23.4651269228 28.2831593072 27.1623468572 27.9511097215 7.52924321457 17.8535634533 18.8588701102 12.9887953041 12.357739711 10.3406209586 9.95637443492 10.7069941286 10.0275448557 8.85764173949 7.42665031044 7.95616053043 7.0197267782 6.39390721136 6.61956723414 7.14154417412 7.26660811926 6.42343182187 6.21098769748 6.44730114929 8.74703749423 12.7805612523 11.2865541697
-9999 -9999 -9999 -9999 -9999 -9999 -9999 -9999 -9999 -9999 -9999 -9999 -9999 -9999 11.2755986544 24.6874423228 35.3833539197 45.1637647176 43.4967715402 42.3151788519 36.4195061303 32.5192150459 30.1209112919 29.9020982012 29.5518111291 30.8999250819 29.9165729086 29.3326334663 28.8690320805 30.5659975444 23.2916120832 13.1033348788 27.1279227313 32.358605205 9.11428467068 14.4526692597 17.4016461359 11.1016144757 9.62478007419 9.82514613113 9.6429668887 10.3710836614 9.93690401915 10.0267947402 8.2825418358 7.5069253994 5.04794755266 7.52785474806 8.18826026504 5.84873075225 7.39531164828 7.91684480877 8.7038694139 10.1869032857 15.4108370297 16.5184555593 11.321110061
-9999 -9999 -9999 -9999 -9999 -9999 -9999 -9999 -9999 -9999 -9999 -9999 -9999 -9999 17.1422675147 25.1788891572 36.6102309315 46.4013679355 40.8163693643 41.2323609668 37.5825216373 34.8891727481 31.2537520293 30.3859276145 29.9868445151 29.9144437418 29.3773785523 29.2740532974 28.7601282444 28.7749416734 27.8626835847 26.4781946011 27.0580736605 34.442021927 23.5862652251 12.2479286658 15.5546499253 11.677436779 8.1990204446 9.58293846832 10.0032927359 10.6565295234 9.47269594177 9.56683976341 7.2757342711 7.59225301067 6.13364261685 7.11126940139 9.30416886245 9.79395223068 8.21818357214 5.22652399155 5.36905738726 4.32137583266 5.00824403055 7.16265346161 10.1466212325
-9999 -9999 -9999 -9999 -9999 -9999 -9999 -9999 -9999 -9999 -9999 -9999 -9999 -9999 41.0783142447 39.2106066376 36.1422400979 38.6425442199 35.2244059558 36.2507688315 34.1994978256 34.260932655 31.7831436516 32.3952720798 33.0395685061 32.0024491366 29.7000302103 29.3794228968 28.7057908347 28.7890881662 28.0988367288 28.0682695078 27.5050460669 20.4760043822 12.7099887167 12.7364357788 11.6166692638 19.4266350246 10.5310552826 13.655707785 6.47144526042 8.96322855987 7.88515074356 8.21388724922 6.97548967744 6.78257964914 8.87760083569 7.74385465081 10.3562234775 11.9556994488 8.65563013647 10.7743514529 9.52503808914 11.1656341417 10.9540353367 10.0885074979 11.7097693588
-9999 -9999 -9999 -9999 -9999 -9999 -9999 -9999 -9999 -9999 -9999 -9999 -9999 -9999 -9999 40.4978670124 38.394170254 38.4369258964 34.0113621196 34.632322273 36.9056462418 37.8432170799 31.4886111226 31.8897055762 33.4664845098 31.026261749 29.4529682602 29.316932433 15.5569951389 28.0486341537 27.7558762612 27.7505282438 26.5298116212 18.8821496854 12.8874234435 12.9078296337 11.940545502 11.8938157759 11.3854189119 10.9870069505 9.98387113782 13.332357002 3.4391478493 4.99995177256 6.48026499984 4.83521561635 2.92021776997 2.96236924844 5.42164731214 8.43485421253 7.81999444914 7.42110931564 9.2476944982 11.7440731768 11.8887319783 11.8074063655 12.0203768238
-9999 -9999 -9999 -9999 -9999 -9999 -9999 -9999 -9999 -9999 -9999 -9999 -9999 -9999 -9999 -9999 37.8623001591 41.5142075474 33.9754638368 35.7264409544 36.7446837647 38.7203004831 31.9713305995 35.397739881 34.6737306088 33.3351351319 30.6466571536 26.7811595474 15.0614335279 24.2421573677 28.082564073 18.3826063685 12.3769283055 8.43747732606 13.006363245 13.2201985499 12.5835702137 12.7417365194 12.3355797098 16.0657335341 22.162005052 21.7930388858 12.0846443686 4.04756468896 2.65704543002 2.31108981151 2.08036055918 7.16563292584 7.20974173101 6.36906054432 7.93246320859 9.76776444531 9.24751022898 8.45674535589 9.5146967074 9.02761060818 9.17535797862
-9999 -9999 -9999 -9999 -9999 -9999 -9999 -9999 -9999 -9999 -9999 -9999 -9999 -9999 -9999 -9999 53.2652807624 45.0899132727 36.4229661839 43.6441636077 38.900383126 34.5989713634 31.9388337875 36.3720139983 34.5833067198 34.4239714771 30.6752494659 29.8826532501 16.1399471911 23.3424265667 17.1571209837 12.2462937218 13.8769219808 9.59994954246 13.1936345965 13.126354255 15.3620457768 12.7935128969 12.3033442018 13.2822821146 16.7741853427 17.9377194978 16.6487244396 8.15336117737 4.6691486114 3.58055968291 3.75679993845 7.81143610146 6.31895815231 7.03866660492 8.72777182966 8.94458861903 10.9452751147 11.2868225739 12.9184125657 11.0590092461 9.21635250474
-9999 -9999 -9999 -9999 -9999 -9999 -9999 -9999 -9999 -9999 -9999 -9999 -9999 -9999 -9999 47.2092057482 47.5715710123 47.4744403216 50.8584530446 48.5732435744 39.0897012557 34.8532131372 31.3028233278 35.1587625071 34.098535197 34.7365873252 30.9811286722 30.8644099711 20.942203965 26.3482709572 27.8039000135 27.9486301521 27.6656065794 22.4647927731 21.7897099451 16.0373707708 17.7384152766 20.5612411836 18.8304165646 12.6306250812 11.4118453903 7.11041440586 5.11368940635 5.05413947318 4.70587967997 3.91927923536 12.0239579515 11.2140530402 7.17151429091 8.37124338678 7.90026686297 7.01550459082 8.04094265379 8.49065244055 9.51054965377 9.64523332717 10.4602022582
-9999 -9999 -9999 -9999 -9999 -9999 -9999 -9999 -9999 -9999 -9999 -9999 -9999 -9999 51.4865483505 49.1399288393 48.1104953294 49.6756995916 50.3687813569 49.4968222685 45.9641734299 43.6233488722 36.5616133036 36.1198007437 32.6421742678 34.2928938358 30.9079434935 30.0831328178 28.3290917739 28.4509315651 27.7670703048 28.0290629731 27.8942941416 24.046394671 19.8725998858 15.476332205 21.5165798611 18.7483012195 4.60728860584 7.36861912003 9.24258206699 4.42821279249 4.25635937013 4.48679006286 3.36015340955 3.10443417741 3.91460467827 7.56958552759 8.2364000092 7.39022122158 7.44712529121 7.40983133245 8.33384428533 8.22908759339 8.59875128316 8.86308810701 9.45098393361
-9999 -9999 -9999 -9999 -9999 -9999 -9999 -9999 -9999 -9999 -9999 -9999 -9999 -9999 46.3712892755 49.8282700756 46.4233904075 48.5130284345 45.903733546 45.5119165286 39.2440747672 40.1137934879 36.6751331578 36.168812573 31.2400346751 32.5023047552 31.9226108623 32.1014446801 30.4430722621 28.9066521039 28.1764814027 29.1447027736 19.1554333651 18.487130142 16.2917418753 19.8583216181 14.326912952 18.3195025515 8.9244910369 9.15567376366 12.2695392148 11.0238586623 5.04869794122 4.74303112568 4.31555362713 3.29248960613 4.15630216911 10.1926130239 10.867350724 11.6496532265 11.7748985167 11.7303222326 10.3026381571 9.67915903105 10.591214765 10.3920273115 9.71345662755
-9999 -9999 -9999 -9999 -9999 -9999 -9999 -9999 -9999 -9999 -9999 -9999 -9999 -9999 -9999 -9999 48.0230561195 49.1688304122 48.6951181375 47.6645686147 43.8312717195 39.8549917789 37.2841339078 36.8444620662 31.4887630756 35.2898998744 25.8542534763 26.2367456433 22.926870057 25.6703956462 27.1280943324 21.1953882174 18.6380512535 17.6398499492 16.9128733007 16.9758763685 17.3923432083 11.6126151846 14.0251805936 15.0119050645 11.3427062904 10.0086455537 12.8211226077 9.79668684988 3.6238137399 3.96065991052 3.60782474166 6.83223657554 9.02870103671 9.79340240982 9.81761129759 9.96104004314 9.5675990673 8.92668027651 7.78969465414 8.01395623362 10.1367404267
-9999 -9999 -9999 -9999 -9999 -9999 -9999 -9999 -9999 -9999 -9999 -9999 -9999 -9999 -9999 -9999 51.6660251931 52.4233790271 52.401016757 50.2876959752 44.3884934296 43.7971504982 35.4935298831 35.3790160565 32.8446936722 36.9490639284 27.5901207977 27.3308665613 24.8323930431 25.3171582382 24.7361829872 24.4412915706 21.849149009 18.6241992519 15.3898029133 15.7883250226 15.4513568131 16.362962939 12.9345358373 11.2905471903 11.9998313628 13.5374765636 12.1043646547 12.8965557696 9.29177244719 3.94124841494 2.77533364849 4.20624720112 8.68331807775 7.70979061123 6.94767412525 6.99867849298 6.10706508883 6.54084690263 6.26673448623 6.28035424741 6.76675428165
-9999 -9999 -9999 -9999 -9999 -9999 -9999 -9999 -9999 -9999 -9999 -9999 -9999 -9999 -9999 -9999 -9999 -9999 52.3269960824 50.9019645496 45.1701700981 44.6728563219 38.9045508206 34.7579243734 32.5047136159 34.8692561896 27.4190467508 27.2888108415 25.0305102487 24.9892472338 22.6010631634 21.9301321322 20.8266899 20.1968685101 15.2767627303 16.5116214305 15.8876197217 14.1852343035 13.0524025569 13.19677408 11.0763727063 10.4656003571 9.46943937862 9.43346695854 8.48668669164 8.12704151223 3.1577767162 3.09819280879 4.90081219901 6.93569235586 7.36790919865 7.77765085211 6.18820116669 6.28214218259 6.53008311424 6.7507759241 7.04736916722
-9999 -9999 -9999 -9999 -9999 -9999 -9999 -9999 -9999 -9999 -9999 -9999 -9999 -9999 -9999 -9999 -9999 -9999 -9999 49.7451549319 46.3995175599 45.739388699 43.5667657692 38.511923736 33.7332775756 33.2902957781 31.3194832318 27.7580453623 23.0092927847 22.795039759 21.5456225997 21.8468389033 19.7708012641 19.4466010066 14.9604160403 12.6773360784 12.257846445 14.0606548036 12.9768634663 12.8257725753 10.4643833997 10.0317838025 8.92552185529 9.97572585397 9.55458265278 9.75678378097 6.96763534085 3.08583724468 2.73914572101 4.12973489056 6.01789053984 6.80473889429 6.04118927051 6.01156197379 6.4910786408 6.34106407489 5.88832541123
-9999 -9999 -9999 -9999 -9999 -9999 -9999 -9999 -9999 -9999 -9999 -9999 -9999 -9999 -9999 -9999 -9999 -9999 48.6094704011 48.9952804412 46.8665321423 46.6809459088 43.3838035247 38.8413560735 33.5027234288 31.4655254938 28.5286688615 32.5397998825 23.8347640063 23.415404865 17.3171602595 10.541078621 18.3067815963 18.102297172 14.2781318846 15.3095872517 16.3775476661 16.022952741 14.7160868725 14.0763542542 12.4385815118 10.4629261875 9.63322835458 10.002616827 8.71840109051 9.16945831055 9.0370186353 7.56351508396 4.44570056321 3.14611483952 3.96387186736 6.14291167292 8.68151361715 8.6735480928 7.55293585681 7.08319797041 6.9140910222
-9999 -9999 -9999 -9999 -9999 -9999 -9999 -9999 -9999 -9999 -9999 -9999 -9999 -9999 -9999 -9999 -9999 -9999 -9999 51.8474356252 50.0939676079 49.9403844522 43.3519512316 38.3422810329 34.7221206058 34.2164730262 29.0133784617 28.576235872 29.181700847 30.5174534018 20.3901697326 20.455760994 24.0429485959 16.3751042758 14.176297218 12.6902768554 11.862627537 11.1968857933 10.2303552502 10.2416449487 10.4020206928 11.1464037583 10.0094886006 11.8582220841 11.2402592385 12.8243803679 10.6051674822 9.37827983434 5.86018407445 3.83400426286 2.32457960541 12.1504579195 13.3309974856 10.6813063993 8.93219988944 5.09609188669 5.72297302427
-9999 -9999 -9999 -9999 -9999 -9999 -9999 -9999 -9999 -9999 -9999 -9999 -9999 -9999 -9999 -9999 -9999 -9999 -9999 -9999 51.8284554713 51.3573454695 43.1873268018 40.7620608472 34.5699211566 34.1743504493 28.971951387 28.6208587802 28.3192292321 28.3151245853 27.9344677764 27.9712461004 22.541308181 17.3854300879 14.779871515 15.8746390767 14.1828469224 14.981618448 14.3092953488 13.882965556 12.1934921736 13.4516864109 12.2098461696 11.3325178117 12.6838181801 11.8411337429 10.3972531129 11.033277191 10.050728229 7.61246180154 5.17027487168 4.04289047623 2.64717552132 2.88732890701 9.54735204106 2.97973545239 3.07004357921
-9999 -9999 -9999 -9999 -9999 -9999 -9999 -9999 -9999 -9999 -9999 -9999 -9999 -9999 -9999 -9999 -9999 -9999 -9999 -9999 -9999 52.6406104758 46.1821253188 45.3530477011 32.5034635967 32.3749425978 28.9031081151 29.3581261014 28.4537447406 28.5350425139 26.764718641 28.3004507608 20.6490946382 14.2147880923 18.6986154993 17.7480214429 15.6420859743 14.0661178833 13.2965339933 13.6405693927 14.9382552546 15.2464996765 15.2497424469 12.1815535753 10.8857516831 9.49654616633 10.2846307714 10.7900250998 10.2693713871 11.3511189473 12.5418093685 9.82764147381 7.69154486905 3.8273139716 1.98244846842 2.32455661857 2.5640853117
-9999 -9999 -9999 -9999 -9999 -9999 -9999 -9999 -9999 -9999 -9999 -9999 -9999 -9999 -9999 -9999 -9999 -9999 -9999 -9999 -9999 51.0593411844 45.88151616 45.0546977838 34.568953564 32.4113689733 29.4248941183 32.9521787671 29.747004224 27.2659430717 12.3631736096 26.0430238711 23.4268127055 17.9175337322 14.3365131748 15.4856905819 14.2799001887 14.2437214018 13.4876673656 14.8836788293 14.9925300367 14.742452587 13.1223712727 12.3088561373 12.4618617249 12.1448089554 11.3802754281 11.2387990323 8.87423238578 9.16417302288 10.3284006779 8.19443519186 6.19524896484 3.2055958532 2.74836820937 2.0895142258 2.19859887448
-9999 -9999 -9999 -9999 -9999 -9999 -9999 -9999 -9999 -9999 -9999 -9999 -9999 -9999 -9999 -9999 -9999 -9999 -9999 -9999 -9999 -9999 44.1628463463 44.1189062909 38.2499408426 35.5446178756 29.7308476775 34.0128739271 25.794164994 27.1037972345 28.2650271908 28.4946576564 21.7255846135 18.4019387593 18.2274644145 16.6950506614 16.2094455016 15.7117258781 15.226486081 15.3163830735 15.5178250628 13.3116584262 13.4178019816 14.7686120639 10.4123005848 9.56253531112 8.36088562824 9.41522008985 10.5371650923 12.2531525702 6.17683596918 10.3667365739 9.1042241502 3.57472233073 2.15413919502 1.97530309077 2.12853549931
-9999 -9999 -9999 -9999 -9999 -9999 -9999 -9999 -9999 -9999 -9999 -9999 -9999 -9999 -9999 -9999 -9999 -9999 -9999 -9999 -9999 -9999 44.9770018523 44.0134691883 37.6764705284 35.7241567117 30.5236141508 31.9626674676 25.9810727597 26.3389483423 24.0130200964 24.1552456714 22.5572786965 18.9110326813 16.8015955575 18.4939023969 16.038655275 15.620368887 16.345849173 16.2673586973 13.9963831626 15.6428536079 13.5089543214 12.3309371626 11.1923932572 11.0224185792 11.7726918932 11.938359699 9.02472938206 8.64119106499 7.52073975204 12.7745663751 3.12744495766 4.86536560201 3.38785889433 3.1865931838 2.70212539292
-9999 -9999 -9999 -9999 -9999 -9999 -9999 -9999 -9999 -9999 -9999 -9999 -9999 -9999 -9999 -9999 -9999 -9999 -9999 -9999 -9999 -9999 47.6107328182 46.3987012619 40.69224263 37.051329519 33.2908190476 34.5015163409 27.6754792621 28.1269581088 25.0886179714 24.410345249 22.6217722057 19.9119155952 19.2355859594 17.054595192 16.3357432841 18.0037553077 17.0265612577 16.4997808648 15.9147920315 14.5954480631 12.3858092662 13.547424807 14.442623057 13.6988794362 12.2964008427 11.5249033407 9.7975361958 9.80867659719 10.5992383024 9.66927895311 4.89700415293 4.72734688305 5.04349034324 5.36397381916 3.56380847247
-9999 -9999 -9999 -9999 -9999 -9999 -9999 -9999 -9999 -9999 -9999 -9999 -9999 -9999 -9999 -9999 -9999 -9999 -9999 -9999 -9999 -9999 -9999 48.0963613879 40.0771925559 37.4667036259 33.0322837093 34.2655678664 27.2367143145 27.8116456762 25.1050872023 25.6148509486 23.81172433 22.8017872402 18.3687807613 19.055197369 18.5583277738 17.6411995966 15.1262020974 14.7458880086 12.7402458406 14.2398251583 15.0478224885 15.1489012226 14.1268227452 13.4881624479 9.74047750503 8.73996511458 8.19517706879 8.54370921589 7.3327108824 8.2593535634 8.49983031499 7.70855506527 4.0886787027 3.81549881307 6.99004217442
-9999 -9999 -9999 -9999 -9999 -9999 -9999 -9999 -9999 -9999 -9999 -9999 -9999 -9999 -9999 -9999 -9999 -9999 -9999 -9999 -9999 -9999 -9999 49.6186534492 43.3191410623 39.7042642451 33.0465646677 36.9002502919 29.473646995 30.3583994199 26.8430817474 27.2042158112 24.9388472347 24.5288390038 20.3669665183 19.6650861855 18.1314783422 17.2520813169 14.6753203753 12.9378507352 17.2696102492 17.2017213721 16.496564834 14.6979375072 12.7098709211 13.1106757136 13.2359962385 12.9872212767 10.843585237 10.7065009744 11.0527836513 11.2680633854 8.94063307888 7.89335143616 7.47886609493 9.39258695075 7.59939239874
-9999 -9999 -9999 -9999 -9999 -9999 -9999 -9999 -9999 -9999 -9999 -9999 -9999 -9999 -9999 -9999 -9999 -9999 -9999 -9999 -9999 -9999 -9999 -9999 45.2871992918 40.2341222311 33.3529949179 34.5620097352 30.6481411612 30.1316886836 25.012771499 19.8184875747 22.6752882902 24.7716887521 23.4675768709 18.5934384687 16.6090434312 18.6425728079 17.1328428962 18.4025486053 17.8487487862 14.5045068979 12.4908304467 13.9057375025 14.6884071405 14.1903898892 11.8879432884 12.9524786637 13.0331945312 11.9136044895 9.94549000427 8.30877709981 7.16203640047 10.9527174569 9.42828791945 7.90518337989 8.02051617491
