data/recharge/transience/oldversion/mHM_recahrge_113.ASC
ncols   80
nrows    72
xllcorner    4374000.0
yllcorner    5656000.0
cellsize      500
NODATA_value  -9999
[rows 0 to 24 of 72, columns 0 to 56 of 80]
-9999 -9999 -9999 -9999 -9999 -9999 -9999 -9999 -9999 -9999 -9999 -9999 1.02657904975 1.04374713068 -9999 -9999 -9999 -9999 -9999 -9999 -9999 -9999 -9999 -9999 -9999 -9999 -9999 -9999 -9999 -9999 -9999 -9999 -9999 -9999 -9999 -9999 -9999 -9999 -9999 -9999 -9999 -9999 -9999 -9999 -9999 -9999 -9999 -9999 -9999 -9999 -9999 -9999 -9999 -9999 -9999 -9999 -9999
-9999 -9999 -9999 -9999 -9999 -9999 -9999 -9999 -9999 -9999 -9999 -9999 2.55541830126 1.73144490389 1.52421322598 -9999 2.00174009915 -9999 -9999 -9999 -9999 -9999 -9999 -9999 -9999 -9999 -9999 -9999 -9999 -9999 -9999 -9999 -9999 -9999 -9999 -9999 -9999 -9999 -9999 -9999 -9999 -9999 -9999 -9999 -9999 -9999 -9999 -9999 -9999 -9999 -9999 -9999 -9999 -9999 -9999 -9999 -9999
-9999 -9999 -9999 -9999 -9999 -9999 -9999 -9999 -9999 -9999 1.59192817364 1.58765336224 2.16347286463 2.28649014414 1.72387179333 1.60413988136 1.4752012288 1.55002584387 -9999 -9999 -9999 -9999 -9999 -9999 -9999 -9999 -9999 -9999 -9999 -9999 -9999 -9999 -9999 -9999 -9999 -9999 -9999 -9999 -9999 -9999 -9999 -9999 -9999 -9999 -9999 -9999 -9999 -9999 -9999 -9999 -9999 -9999 -9999 -9999 -9999 -9999 -9999
-9999 -9999 -9999 -9999 -9999 -9999 -9999 -9999 -9999 1.37017677088 1.60592900012 1.55446539598 1.67171805505 1.83401722846 1.84642944314 1.74499394654 1.89310557027 2.35084975957 -9999 2.58273456341 -9999 -9999 -9999 -9999 2.96016838656 3.13080119761 -9999 -9999 -9999 -9999 -9999 -9999 -9999 -9999 -9999 -9999 -9999 -9999 -9999 -9999 -9999 -9999 -9999 -9999 -9999 -9999 -9999 -9999 -9999 -9999 -9999 -9999 -9999 -9999 -9999 -9999 -9999
-9999 -9999 -9999 -9999 -9999 -9999 -9999 -9999 2.49743023787 1.9428886233 1.6142569332 1.50626633326 1.60512075411 1.39044144444 1.63556188394 1.48540043407 1.75586069567 1.61602181904 1.62694080876 1.75136474383 1.99253026 2.21264324088 -9999 2.38566662522 3.70360275747 3.5399902161 -9999 -9999 -9999 -9999 -9999 -9999 -9999 -9999 -9999 -9999 -9999 -9999 -9999 -9999 -9999 -9999 -9999 -9999 -9999 -9999 -9999 -9999 -9999 -9999 -9999 -9999 -9999 -9999 -9999 -9999 -9999
-9999 -9999 -9999 -9999 -9999 -9999 1.88543597049 1.43006559386 1.46887613164 1.60567153208 2.04523723524 2.10292814194 1.94809097636 1.75783617959 1.58252277813 1.82470286641 1.79905229592 1.6694942375 1.76093166666 1.7159884747 1.88846156886 2.10304338483 2.46634071513 2.43343037071 2.88915345749 2.72519447553 3.32842534183 -9999 -9999 -9999 -9999 -9999 -9999 -9999 -9999 -9999 -9999 -9999 -9999 -9999 -9999 -9999 -9999 -9999 -9999 -9999 -9999 -9999 -9999 -9999 -9999 -9999 -9999 -9999 -9999 -9999 -9999
-9999 -9999 -9999 -9999 -9999 -9999 1.93223960037 1.61595401255 1.34228492869 1.2536384595 1.29914253184 1.37512967469 1.52779483284 1.39657159982 1.43518709522 1.17397606347 1.42783852594 1.3484356434 1.76372799494 1.31239308444 1.63130121308 2.13054645461 2.0515873349 2.26001551012 2.45498086934 2.18969991809 3.28104501024 3.31103321722 3.58689711174 3.24711697783 5.01894044446 4.92333467918 -9999 -9999 -9999 -9999 -9999 -9999 -9999 -9999 -9999 -9999 -9999 -9999 -9999 -9999 -9999 -9999 -9999 -9999 -9999 -9999 -9999 -9999 -9999 -9999 -9999
-9999 -9999 -9999 -9999 -9999 2.23487917874 2.05646230282 1.98305290671 1.99997844035 2.22455643604 2.26005403356 1.86489334005 1.48142572765 1.54814248267 1.72118280309 1.73813749887 1.29437760838 1.22316365128 1.93705427886 1.3750528596 1.64664930686 1.53370361045 1.85403508081 1.97089947921 2.60588505572 2.84163071011 3.14997514304 2.78073493051 3.34836585032 3.2114062465 3.52401725558 3.84095741908 3.69486099669 3.46395528349 -9999 -9999 -9999 -9999 -9999 -9999 -9999 -9999 -9999 -9999 -9999 -9999 -9999 -9999 -9999 -9999 -9999 -9999 -9999 -9999 -9999 -9999 -9999
-9999 -9999 -9999 -9999 -9999 2.34125320226 2.26822793574 2.29521831504 2.13479869782 1.863122605 1.99188905796 2.22281960171 1.06578312529 0.924925145786 2.42114655976 2.90500689783 1.45266375582 0.729844225564 1.1450341423 1.0553053983 1.72228189241 1.79801260167 2.33984231903 2.17285943333 2.16573199309 1.80576786182 2.55261432679 2.14398328498 2.56127567576 2.41104620492 2.49821488385 2.69099863241 3.25915704171 3.01322275463 3.3501362563 3.06808868695 -9999 -9999 -9999 -9999 3.06016545432 2.67518083511 -9999 -9999 -9999 -9999 -9999 -9999 -9999 -9999 -9999 -9999 -9999 -9999 -9999 -9999 -9999
-9999 -9999 -9999 -9999 -9999 2.04688041017 2.02157760489 2.12181306378 2.32260367851 2.57192726374 2.5125299399 2.31418417688 2.19172406112 2.61199283137 2.81289595982 2.16994204665 1.9843765628 2.76885948132 2.38243243715 2.62339763692 2.26142133422 1.64635287433 1.66025620818 1.53215033224 2.06528477745 2.06576370999 2.40187089382 2.00275006323 2.83383041196 2.12115780649 1.46662575167 2.05642330447 3.18867799313 3.11250300257 3.09826238739 3.2924657888 3.18161630658 -9999 -9999 3.02418372716 3.24029136211 3.03799916608 3.42008906233 -9999 -9999 -9999 -9999 -9999 -9999 -9999 -9999 -9999 -9999 -9999 -9999 -9999 -9999
-9999 -9999 -9999 -9999 -9999 -9999 2.80272376031 3.20695592272 2.62665248726 2.41080367043 2.18418432247 2.54392322392 3.20982432705 4.32839367992 1.98083697017 1.65795885728 2.03021363897 1.92078837485 1.68535297906 1.62310530128 1.92455396643 2.08403948365 2.0098242425 2.29848167339 2.07978986684 1.73918431433 1.683544772 2.02469867583 1.97555049354 1.91190475877 1.95588726515 2.44243478052 2.45352645664 2.4184288275 2.69800106147 2.68368440484 2.72081815783 2.51108794281 2.68305796868 2.5508875436 2.39785995042 3.17975820807 2.36415477597 2.04782083647 -9999 -9999 -9999 -9999 2.89087211668 2.47997477557 0.348365508972 -9999 -9999 -9999 -9999 -9999 -9999
-9999 -9999 -9999 -9999 -9999 -9999 -9999 2.64724828402 2.25347474348 2.8020055906 3.04291706694 2.57398811258 2.38605806056 1.97902218653 2.09201368103 2.9115738669 2.80061546426 2.62702624636 2.72924674867 2.0594889035 1.72045981026 1.7426410885 1.82185086261 1.85373783331 1.79094936016 1.48758819721 1.89893709236 1.86488762779 1.98788468581 1.83987586016 2.25030099097 2.18669925684 2.53446799023 2.25306498133 2.80031907458 2.76210241369 3.01131289661 2.91672934675 2.58581978503 2.57639949362 2.11909510665 2.11657678106 2.30687863632 2.41379784355 1.99657269504 2.25197757304 2.41263963545 1.96402958319 1.83702005111 1.8999165751 1.35866874118 0.756607613413 -9999 -9999 -9999 -9999 -9999
-9999 -9999 -9999 -9999 -9999 -9999 -9999 -9999 2.09193963621 1.88341935279 2.48654431097 2.94591365058 2.81856892312 3.22165614075 3.20352580604 2.70499305341 1.97188874172 1.98907914937 1.66210767008 2.0215789328 3.02551577361 2.82595155314 2.19909642039 1.62183936445 1.62138636561 1.65911780552 1.46659135094 1.57489717623 1.42105106349 1.16183514231 1.65505108266 1.73156022451 1.82730433284 1.73905357991 1.99126005116 2.11170836898 2.16611627556 2.32066875363 1.99678316792 2.01880524618 2.30083105094 2.27422033904 1.9538081216 1.73111926215 1.64177154142 1.44751318274 1.61004162565 1.36621095408 1.2318392436 1.36897865429 1.25547342925 1.33303573141 0.979996527113 -9999 -9999 -9999 -9999
-9999 -9999 -9999 -9999 -9999 -9999 -9999 -9999 2.88628410368 2.32764111637 2.18690800175 2.21304237512 2.30159408004 2.27264643871 1.97165098363 1.89431130933 1.9347185046 2.15315118349 2.02576414989 2.30306425341 2.78689046315 2.71995468632 2.82200973577 3.18445643197 2.42282650986 1.40374295087 2.02828954595 1.95139752212 1.73853975043 1.39375903678 1.28889827352 1.53227543218 1.44835611624 1.63557084839 1.96037816945 0.913578188272 2.47235505797 2.18505464589 1.98936268709 1.92662060423 1.82505404565 1.94560316747 1.77372710385 1.76724922746 1.4546098491 1.4317111305 1.58241885582 1.41558828301 1.33076035289 1.39378676193 1.3267967115 1.33778379829 1.19609639425 1.40663378823 1.07449750927 1.21021920502 -9999
-9999 -9999 -9999 -9999 -9999 -9999 -9999 -9999 -9999 3.4835255563 3.0217291233 2.11999442969 2.40142986749 2.61469467643 2.57292061678 2.64350360234 3.3308187483 3.63488601803 3.84784982855 3.87758264066 3.48268265549 2.42807141598 2.70455812517 5.07169180408 3.6502833565 2.88000031843 1.72223916698 1.2659233264 1.02292741608 1.33621614557 1.39913886285 1.47845551786 1.50171942644 1.23450327975 1.31834745173 1.26475834086 1.83873174232 1.65941715243 1.48580182693 1.51718741645 1.39343585393 1.55446418688 1.33962638344 1.98101590308 1.35588177877 1.03088718445 0.892275917318 0.898022824912 0.96449116108 0.927203868391 0.982472744149 0.925161197904 0.914314082405 1.02401564342 1.16075512777 0.98673088298 0.791989822157
-9999 -9999 -9999 -9999 -9999 -9999 -9999 -9999 -9999 -9999 2.52409682741 2.56543596386 2.29577798265 2.503550062 2.26079624407 1.9834340519 2.35357503979 3.28203259359 2.84186969204 2.25998561064 2.12999724751 2.13493361467 1.76997634531 2.05812399274 2.10549840517 3.06947143386 2.65302371486 1.71577772743 1.01882219071 1.13307563684 1.295509647 1.30900885182 1.61848919259 1.3977387181 1.90192193888 1.64471714699 1.75848785529 1.66224046132 1.50853476947 1.52570734015 1.52841408058 1.51340437004 1.20042967653 1.45539870792 2.12777690618 2.09045253816 1.66279512352 1.11598016872 1.13498066674 1.08649415949 1.23283309193 1.15803895766 0.886479795898 1.01620060175 0.888597396165 0.985145321247 0.775433187426
-9999 -9999 -9999 -9999 -9999 -9999 -9999 -9999 -9999 -9999 -9999 1.30011580089 1.13679584702 2.28355095624 2.26246884653 1.99705070263 2.57470892349 2.51806058584 1.95188841003 2.00474341839 2.31150835455 2.345694453 1.99512103326 1.48128593709 1.45854896865 0.944721919497 1.6204657683 2.56348609019 2.1858271561 0.561016171856 0.566716786133 1.1055973426 1.12433695845 1.2670988241 1.32757041415 1.11476353467 1.30934056042 1.29110524 1.3265092036 1.32455619444 1.41863591139 1.1942655803 1.17508399085 1.01364922081 0.998142198712 0.929924315179 1.11279004193 1.43324353402 1.06562817097 0.97499876078 0.891676596914 1.13532957128 1.12772183655 0.889335226006 0.701426469391 0.730463158754 0.658339697081
-9999 -9999 -9999 -9999 -9999 -9999 -9999 -9999 -9999 -9999 -9999 0.751713723762 1.24573113991 1.85359340393 2.2744644363 2.22758139266 2.01980346879 1.74682660178 1.79347949813 1.82953176232 1.89403476927 2.32867925861 1.71251576129 1.75577491159 1.55909789536 1.97657080903 1.7546334354 1.66186021931 1.35925809279 1.15505038602 1.98227049934 1.84937713726 0.818452750666 0.931718201802 1.07696486743 1.1285014498 1.29925165682 1.34295360749 1.25927732666 1.240780915 1.32993840772 1.57346044232 1.02661434986 1.06965340481 1.05300722359 1.35616637929 2.03380531748 2.43597718796 2.207823425 1.3439500713 1.60491038711 1.4264272432 0.964548781989 1.12480250739 1.05020641494 0.862426321873 0.768201866979
-9999 -9999 -9999 -9999 -9999 -9999 -9999 -9999 -9999 -9999 -9999 3.22937515784 3.01838952153 2.72138804593 1.80520648912 2.26083637857 2.08070197786 1.41479998275 1.35707323153 1.54493699002 1.5716502046 1.63775275903 1.68645447692 1.39238032331 1.10178020109 1.01165864183 0.954141306472 0.914362986187 1.04488642126 1.00780623609 0.971130665232 1.80347265161 2.79000946762 2.48818988315 0.912986667216 0.4916456455 0.791646045717 0.464097752257 0.960425049105 0.576072886377 0.556991539788 1.22572413964 1.37155155359 1.67348470526 1.81487307031 2.32250819758 1.68047874656 1.42685133814 1.47247574927 1.56049412465 1.27033434561 1.51363823314 1.65568818369 1.86785826713 1.48172623426 0.713556824555 0.596598189112
-9999 -9999 -9999 -9999 -9999 -9999 -9999 -9999 -9999 -9999 -9999 -9999 2.02031251791 2.48607292006 2.41623955723 2.09485629048 2.12774015577 1.97524886288 1.64669201788 1.62869236201 1.66508667084 1.49696129578 1.51123164049 1.60945678432 1.12558668649 1.1747724143 0.989548049774 1.05923440666 0.999619884306 0.906519079658 0.954124646423 1.04939032019 0.94885967001 0.858618736711 1.22359925547 0.2246686405 0.96076014548 0.584896161736 0.611860325793 1.16654939151 1.30994102407 1.22168213414 1.92069440406 2.38376959377 2.4515922678 2.32305732799 1.74918481505 1.45712731713 1.02775017917 1.26835743779 1.20756816617 0.890104832541 0.720785829397 0.720311437325 0.681595309479 0.555651311299 0.171111853336
-9999 -9999 -9999 -9999 -9999 -9999 -9999 -9999 -9999 -9999 -9999 2.80579809151 2.86227895523 3.29381560609 3.69354381932 1.49946710469 1.53127205369 2.14169664561 1.79888718719 1.74757577858 1.30709034788 1.2650420944 1.09706136042 1.15211163069 1.17082795535 1.13474181972 0.909247807388 0.820925652023 0.842283439988 0.783579058183 0.749413855305 0.812940900757 0.767938672114 0.749957838534 0.895012990412 0.804012863449 0.96719856324 0.391758887386 0.352274144658 0.927469611333 1.11928884107 1.01083336855 1.77154753323 2.33505716745 3.05559666783 3.03905960364 2.27232071387 2.27620650404 1.55573421622 1.56407883508 1.05766425975 0.585545062398 0.509187774665 0.516442525003 0.476724568384 0.560353039739 0.963927973325
-9999 -9999 -9999 -9999 -9999 -9999 -9999 -9999 -9999 -9999 -9999 3.03675228627 4.06434198184 3.88653921845 2.78205439509 1.49415772136 2.37740095056 2.33417932814 1.74104957043 1.8476312883 1.44294105457 1.75708680754 1.2656247363 1.30462496312 1.28857893842 1.31960764091 0.571820542253 0.787032611524 0.951168286003 1.55414345772 1.3820605491 0.850179486139 0.739545223467 0.751306804112 0.846065203065 0.48203740283 0.555307500151 1.05080944288 0.535682253353 0.871860226539 0.898139486612 1.23762814469 1.45051071877 1.43659845387 1.47871961206 1.35647791797 1.69505880542 1.81167263479 1.60023103214 1.71205303826 1.01349780763 1.11123276264 0.934130833569 0.844986252522 0.786357524229 0.687365619336 0.455746862866
-9999 -9999 -9999 -9999 -9999 -9999 -9999 -9999 -9999 -9999 -9999 4.42086897319 4.54651229238 3.77799458792 4.09302287656 3.97381278645 2.59868597064 2.96615000401 2.60250821483 2.60127891015 1.16328559918 0.718075679089 1.59761476014 2.54844119218 1.7274379288 1.72051003482 1.87200865723 1.51713084469 1.01589802813 0.789650602952 0.840555311373 1.44184960783 1.55941689024 1.36766585388 0.970880191539 0.330416719672 0.204666522958 0.119378174169 0.467172797921 0.384470343963 1.15687869789 1.37413613858 1.26621277552 0.973832255948 0.891178161849 0.921919838014 1.05021650272 1.08935346387 1.01080744409 0.916192694579 0.841985183894 0.745927778648 0.561358493325 0.51266198716 0.491739864696 0.607101648585 0.793342918945
-9999 -9999 -9999 -9999 -9999 -9999 -9999 -9999 -9999 -9999 -9999 -9999 4.76137304909 4.38069229493 3.62197847059 3.49674436808 3.44258075786 3.35782208483 2.57297165786 2.7330651072 2.56878605539 2.92784945589 1.88461960779 1.5343248163 1.51645302074 1.47297323234 1.09679204307 1.21856878619 1.05428955744 0.82948795864 0.661290646622 0.701345026273 0.665628412308 0.776332285909 0.817199854537 0.446587954759 0.302768071374 0.181792623925 0.607812580416 0.780698368498 1.0969687404 0.91728296915 1.02014389109 1.01096773891 1.04093829657 1.03314706157 0.881073326729 0.959138738463 0.852766784062 0.86388820309 0.725929813064 0.193502860637 0.211789903069 0.76543213001 0.553151160614 0.564290578549 0.501013973786
-9999 -9999 -9999 -9999 -9999 -9999 -9999 -9999 -9999 -9999 -9999 -9999 5.81430210039 4.54407099958 4.26671582582 4.10334098118 3.41578389164 3.68759055355 3.32272539095 2.71480613963 2.61549857852 2.21825455737 2.12130493007 2.85732014375 2.02405410929 2.37457204484 2.6011780354 2.20611089253 1.62760543344 2.32081855235 1.69927649818 1.86320005912 1.99967557045 1.87145487683 0.935903765352 0.542779824349 0.342952959013 0.67319912398 1.2457319829 0.892678024455 1.37853802423 0.864092923858 0.743307638898 0.734613740952 0.833332696537 0.860168261181 0.732906916132 0.706997845079 0.611805102797 0.684792834229 0.655327536105 0.420459822815 0.532055917807 0.30717529628 0.245786794836 0.369189730144 0.237999099727
