data/recharge/transience/oldversion/mHM_recahrge_237.ASC
ncols   80
nrows    72
xllcorner    4374000.0
yllcorner    5656000.0
cellsize      500
NODATA_value  -9999
[rows 0 to 24 of 72, columns 0 to 56 of 80]
-9999 -9999 -9999 -9999 -9999 -9999 -9999 -9999 -9999 -9999 -9999 -9999 26.6292658137 27.8351664357 -9999 -9999 -9999 -9999 -9999 -9999 -9999 -9999 -9999 -9999 -9999 -9999 -9999 -9999 -9999 -9999 -9999 -9999 -9999 -9999 -9999 -9999 -9999 -9999 -9999 -9999 -9999 -9999 -9999 -9999 -9999 -9999 -9999 -9999 -9999 -9999 -9999 -9999 -9999 -9999 -9999 -9999 -9999
-9999 -9999 -9999 -9999 -9999 -9999 -9999 -9999 -9999 -9999 -9999 -9999 26.5257111757 23.3775089988 21.9472928814 -9999 22.8967149077 -9999 -9999 -9999 -9999 -9999 -9999 -9999 -9999 -9999 -9999 -9999 -9999 -9999 -9999 -9999 -9999 -9999 -9999 -9999 -9999 -9999 -9999 -9999 -9999 -9999 -9999 -9999 -9999 -9999 -9999 -9999 -9999 -9999 -9999 -9999 -9999 -9999 -9999 -9999 -9999
-9999 -9999 -9999 -9999 -9999 -9999 -9999 -9999 -9999 -9999 24.3150662065 23.4471584756 25.1692140822 24.7135676453 20.813304708 20.0200557832 18.5636581506 18.8720225055 -9999 -9999 -9999 -9999 -9999 -9999 -9999 -9999 -9999 -9999 -9999 -9999 -9999 -9999 -9999 -9999 -9999 -9999 -9999 -9999 -9999 -9999 -9999 -9999 -9999 -9999 -9999 -9999 -9999 -9999 -9999 -9999 -9999 -9999 -9999 -9999 -9999 -9999 -9999
-9999 -9999 -9999 -9999 -9999 -9999 -9999 -9999 -9999 23.8560727581 23.7965053628 23.4888348562 22.5165201949 23.1999464488 21.8737663757 21.3854271671 19.7775052234 23.0367876457 -9999 23.638895889 -9999 -9999 -9999 -9999 20.9586024617 22.2906377007 -9999 -9999 -9999 -9999 -9999 -9999 -9999 -9999 -9999 -9999 -9999 -9999 -9999 -9999 -9999 -9999 -9999 -9999 -9999 -9999 -9999 -9999 -9999 -9999 -9999 -9999 -9999 -9999 -9999 -9999 -9999
-9999 -9999 -9999 -9999 -9999 -9999 -9999 -9999 29.0629305232 26.2642206065 23.1071141813 23.0579172947 21.9781571801 21.1981845009 20.8774225517 20.6181151082 19.1026823721 18.8268802821 18.6955344278 20.5321000445 20.0261827545 20.7554987602 -9999 19.7017530137 22.7587058776 23.1481377442 -9999 -9999 -9999 -9999 -9999 -9999 -9999 -9999 -9999 -9999 -9999 -9999 -9999 -9999 -9999 -9999 -9999 -9999 -9999 -9999 -9999 -9999 -9999 -9999 -9999 -9999 -9999 -9999 -9999 -9999 -9999
-9999 -9999 -9999 -9999 -9999 -9999 28.1830995536 25.2547832412 24.0358008053 24.6310573258 25.0076561591 25.350858569 23.282845078 22.7102601349 20.8359349127 21.6489082595 19.832510665 19.0449464574 20.0727342836 20.1323599747 19.6202104041 20.196603337 20.198073716 19.7196405109 21.1498837223 20.9004524738 21.9995551484 -9999 -9999 -9999 -9999 -9999 -9999 -9999 -9999 -9999 -9999 -9999 -9999 -9999 -9999 -9999 -9999 -9999 -9999 -9999 -9999 -9999 -9999 -9999 -9999 -9999 -9999 -9999 -9999 -9999 -9999
-9999 -9999 -9999 -9999 -9999 -9999 28.3057822361 26.5475249576 22.9400356747 22.3969875505 21.6113764222 22.37667186 21.4071831439 20.5192108242 19.5462769735 18.8572000025 18.73344789 17.1062555859 18.4396795957 18.1100512479 18.5021875994 20.022144806 19.5360264534 19.4368228014 19.192748334 18.4228311616 21.574084246 22.1523201647 22.5113718233 21.9340214663 23.9699573033 24.0911508296 -9999 -9999 -9999 -9999 -9999 -9999 -9999 -9999 -9999 -9999 -9999 -9999 -9999 -9999 -9999 -9999 -9999 -9999 -9999 -9999 -9999 -9999 -9999 -9999 -9999
-9999 -9999 -9999 -9999 -9999 32.0816578268 28.8445344807 28.3633697052 26.1503966734 26.8255339243 25.2712321212 23.6139299242 20.6520881712 21.0873912874 20.7156665415 20.9161660376 18.0800427334 11.46674056 16.8024508785 18.2811654077 18.6097453986 18.2939363786 18.9172307906 19.2081035259 19.5614729991 20.1445153518 21.1009378626 20.7185210611 21.7162941851 21.5415312012 21.2879938578 22.0924174627 20.9402181573 20.6244397902 -9999 -9999 -9999 -9999 -9999 -9999 -9999 -9999 -9999 -9999 -9999 -9999 -9999 -9999 -9999 -9999 -9999 -9999 -9999 -9999 -9999 -9999 -9999
-9999 -9999 -9999 -9999 -9999 32.5373322568 29.2964030814 29.5623189182 26.6608392941 25.5194235534 24.5760093312 25.3915723901 19.9322663553 17.7182842666 23.3246984004 23.8959487228 18.8826266653 10.1529117898 16.3517283221 17.4009785182 18.155485555 18.4525423889 19.7794406945 19.4714837445 18.9992032498 17.794667225 18.6695994716 17.7932532596 19.1945251087 18.7323377001 18.1588126801 18.9361876766 19.9701327534 19.6450002659 19.8398914972 19.7423210344 -9999 -9999 -9999 -9999 19.9338621439 19.4181387351 -9999 -9999 -9999 -9999 -9999 -9999 -9999 -9999 -9999 -9999 -9999 -9999 -9999 -9999 -9999
-9999 -9999 -9999 -9999 -9999 31.0733822644 28.7141487545 28.5298320679 27.2781670881 28.5628392585 26.7799436377 26.0561475468 23.5069969443 25.3410986137 24.6285387267 22.4042073752 19.928494035 22.4019689931 20.8952186849 21.6780171905 19.4325193057 18.0938305153 18.0575873921 17.7033762679 18.8121202764 18.2071349382 18.1758292882 17.0290876297 19.5651948359 18.2328293366 15.1321229086 17.4295368868 19.703688317 19.3749946274 18.9928123045 19.9486002843 19.8773136128 -9999 -9999 20.1846993552 20.5206458749 20.2600021928 20.9047650881 -9999 -9999 -9999 -9999 -9999 -9999 -9999 -9999 -9999 -9999 -9999 -9999 -9999 -9999
-9999 -9999 -9999 -9999 -9999 -9999 32.5115440262 33.0287262525 29.3234634944 28.8783957474 25.9472035107 27.0909140562 27.2323046588 27.4680643412 21.9099167967 21.1044791696 20.8218385565 20.6443788703 19.2685224519 19.2116557676 19.0737584809 19.3029551689 18.5188402934 19.4912016125 18.5516943445 17.6153219637 15.0623442749 15.7886898222 16.9276580889 17.4044574877 16.7397962401 17.9532925285 17.3999305377 17.3777584674 17.7424099933 18.4661007997 18.4279483769 17.134317012 19.2452027944 18.9263951362 18.8147048119 20.4136971694 17.9269911935 16.0121046404 -9999 -9999 -9999 -9999 20.211635811 18.8684484664 7.89982548559 -9999 -9999 -9999 -9999 -9999 -9999
-9999 -9999 -9999 -9999 -9999 -9999 -9999 32.0350807093 28.0145480642 29.8521377607 28.9203482294 27.7217579106 24.5758303756 22.7024764927 22.158905201 24.5157847523 23.0019081878 22.6920169883 21.8304347433 20.1157520057 18.3988073276 18.3250053695 18.0581380556 18.3650488811 17.8861718806 16.8587618716 15.4839790815 16.9532387243 17.503845305 17.0650092233 17.2162932623 17.1383844814 17.5829584891 17.3451765598 18.6782573017 18.7099657893 18.5124835872 18.5275293784 19.1447014217 19.0375505268 17.7315558643 17.2703309918 13.6860104867 12.4502607473 10.7331668537 12.3512100197 13.3741811763 11.2019655763 10.8797518723 14.2757842069 16.2806522707 14.9886332116 -9999 -9999 -9999 -9999 -9999
-9999 -9999 -9999 -9999 -9999 -9999 -9999 -9999 26.995626511 26.4725709113 27.4046200282 28.8166167082 26.2256602472 27.8557660263 26.3463503707 25.0838519632 21.2775741471 21.5454794156 19.4043494956 20.1083596493 21.9361108458 21.5089798569 16.9557209513 12.4196143248 11.3343941869 11.8411912078 12.0338304743 15.9432735068 14.5593277628 12.7211959449 13.736825136 14.160630653 15.0121691174 14.0615671141 16.0888473059 16.7224112083 17.3677940811 17.7691745271 17.3652235737 17.1737210007 15.8622905634 12.8674478015 9.7372209548 8.81581581716 8.49188769089 7.67047257791 8.93989951231 7.82461658107 7.32097239729 10.4015424231 12.3059941401 13.3200029935 12.2912677904 -9999 -9999 -9999 -9999
-9999 -9999 -9999 -9999 -9999 -9999 -9999 -9999 30.3412627912 28.3511108693 26.2304601264 26.4513643638 25.1630409995 25.1208603056 23.0796885401 22.5978309062 20.8517254953 21.6320762863 20.1746911757 20.7777753681 21.4700576758 21.3389932491 19.8988544311 19.9821069717 15.3592050493 10.0978788526 12.8902504267 14.4481168221 14.4176951114 12.1113438751 12.8366564925 13.5684473926 13.3440983311 13.7274366043 16.4529601791 10.3506463129 18.0959534525 17.4654056189 17.2976599593 17.151621928 16.8959655624 12.6163804942 8.99010920354 8.96597078556 7.69931576142 7.60251929448 8.81538445309 8.05186076121 8.13599926498 13.0153083196 12.6955345429 12.7555216824 13.2784396537 14.8497013706 13.1881318216 13.9371373118 -9999
-9999 -9999 -9999 -9999 -9999 -9999 -9999 -9999 -9999 31.1652868068 28.3797736728 25.7607951584 25.3800707447 25.523894045 23.6592215457 23.7543016173 24.4439464793 24.7918793876 24.7011209044 24.956497672 24.0076059076 21.3230035038 20.9086443437 29.7080157044 21.0461319793 18.0007872157 11.4087705768 8.90246969226 7.11545072702 13.3778571369 12.4071061703 12.6308223225 12.2064657251 10.5756269578 13.2943829282 14.4752098865 16.1292515997 15.481620269 14.8807612407 15.0096956516 14.4119085185 13.7460657274 6.78719241242 8.93434296815 6.53271952177 5.59097281718 5.00177557983 5.15734447493 8.51947171473 9.19666442521 9.62831400405 9.31195480245 10.9755191381 12.5083684681 13.335027706 7.33266907126 5.37306743222
-9999 -9999 -9999 -9999 -9999 -9999 -9999 -9999 -9999 -9999 26.4526293666 26.7200635103 25.061265172 25.2550022516 22.7511894223 21.8589767076 22.9378976138 25.9475267284 23.8685525417 21.7097035073 20.2342235189 19.7911158825 17.7740602076 18.2122037131 14.748836405 18.4228039886 14.6906113963 11.3354067643 6.76171193742 7.86030459522 13.3454960755 13.4026864263 14.4245704011 12.254289457 15.2158513225 14.815443466 15.8340854207 15.4893552352 14.977714147 15.0493008223 15.0156831606 14.7038581336 10.8482253156 8.00544540007 10.0037632139 9.91421955316 7.69007285134 5.8235139051 10.2032464545 10.1063242381 10.9231909607 10.5323641809 9.94958545125 12.0462624051 11.7932284485 6.83651436479 5.29551424186
-9999 -9999 -9999 -9999 -9999 -9999 -9999 -9999 -9999 -9999 -9999 17.6042398193 19.3679492986 23.9066403479 22.3083560175 21.4628307928 22.6157978104 22.516633574 19.4153962295 20.4437208874 20.5941706103 20.3628342345 17.1297830973 14.984779297 11.0981898803 6.96748480903 9.76046574585 14.8716471791 14.6100792328 14.5368306283 7.90274127472 10.4500918827 11.6725665308 11.8345906812 12.2283974545 11.0262485739 13.2393180457 13.1576562468 13.5505670001 13.5446204287 13.4263416501 12.1573480884 12.2578109475 8.58471463213 6.02901833412 5.04769999532 6.3234747762 7.60708906152 7.82494686903 9.55726729234 8.82040846139 10.437140405 10.9301329153 10.6025405015 9.7316691852 9.55629248868 5.67801908383
-9999 -9999 -9999 -9999 -9999 -9999 -9999 -9999 -9999 -9999 -9999 16.1677238638 20.755278809 22.5341858635 22.5080560505 22.0313627948 20.3080468262 19.6254043808 20.1439458537 20.2289475491 19.838047894 21.0351856809 17.4146478145 16.3229872172 15.8800830136 17.0959389723 11.7038236086 12.0288477686 8.96965259253 13.2737931817 12.584791042 10.3135944792 4.71746832685 5.74345739401 5.92707650928 10.3597103895 13.1909195445 13.3891881478 13.2422366555 13.2434190135 13.8502672445 13.7007640965 11.3686835843 11.6996464819 9.38638106918 7.21272230014 9.76386881395 11.8388715498 10.8406085543 7.46003814059 8.4918462398 8.43469969017 6.49370380074 10.9970736036 11.6818569164 10.6142389943 10.2726476323
-9999 -9999 -9999 -9999 -9999 -9999 -9999 -9999 -9999 -9999 -9999 28.3253485244 25.0454818196 24.2570752531 20.5805264472 21.104315492 18.9839003015 17.2061746338 17.4623215331 18.1920618852 18.1797700442 18.3820624831 15.5626368014 13.6830289201 13.3463262159 13.8874597684 13.0467487366 12.8168848146 12.6793453482 9.27673798921 6.99702258897 10.8226066637 13.3203855238 13.2941979032 7.59922959198 2.85509619044 4.76631854693 2.96099830832 9.76289823306 11.322288144 11.1615452739 12.0960676431 12.6641758896 13.9718001727 15.4228784359 15.6117676215 9.07368955022 8.01912615312 8.09539319544 8.01946554395 6.83598292162 7.92755050931 8.9730579549 11.0473235548 12.7306668081 12.2203625463 9.81623370278
-9999 -9999 -9999 -9999 -9999 -9999 -9999 -9999 -9999 -9999 -9999 -9999 23.0036146768 23.6874962064 22.3231048684 20.9635823389 19.3517317246 18.4374640157 16.8767347145 18.6330251152 18.5493405114 17.9589930125 16.9687352094 16.5597319651 14.4622286867 14.7091059561 13.2492897969 13.630503701 12.7594750358 12.2642155932 12.1698413046 12.6531356883 9.38077030959 6.06821571795 9.68198672761 9.66107670854 6.51381990482 3.62733953619 3.91993905537 12.0051411392 12.969290543 11.8283775324 14.9682665785 16.6163750286 17.2753113439 17.1656662034 11.1014438419 8.14508808181 6.24770014139 7.06189428067 6.24527802395 5.16446893897 4.55064106518 4.67370843076 4.59228953056 8.1306512688 7.31793433604
-9999 -9999 -9999 -9999 -9999 -9999 -9999 -9999 -9999 -9999 -9999 26.0983859541 25.2869271251 25.5969283357 24.2720257329 17.1857097237 18.6946992092 19.6110511153 16.8493345513 18.07359211 16.0233927751 15.8270336048 14.2325372547 14.5082962583 13.8337547212 13.6454899648 11.911298477 11.5373811014 11.3519491133 11.0274191347 10.3747959799 10.7156755331 10.1701874792 10.0719072876 10.6492316782 4.99062512881 5.5487403355 2.30985436379 2.29633270847 8.63432201845 11.3534081978 10.2012382539 16.4888697831 17.8884580355 19.8029769512 19.6546352239 18.0636480249 12.8835099134 8.50204269703 8.59606767507 5.89973475201 3.62779431153 3.29134421755 3.32713466971 3.18582516826 3.6377401314 6.04986425104
-9999 -9999 -9999 -9999 -9999 -9999 -9999 -9999 -9999 -9999 -9999 27.0307897732 28.5635918312 27.3957838417 22.8933927969 19.694295799 20.2282638625 20.2255272339 18.2294765903 18.3781300048 16.2000892851 15.679818242 14.8919879511 15.2050919264 14.3863205422 14.1775602182 11.765589535 12.38038786 12.4560039175 14.7255207866 13.4313205368 10.909932116 10.0155523133 10.0790247889 10.4081804701 3.53302867912 3.14485959328 5.34680454347 2.82248663647 5.00663980191 10.0139632997 10.1672331059 14.0659849587 14.7884818006 15.5056712088 14.7200027221 15.7457726112 15.8554909193 12.4259556871 11.0289158578 5.5626414045 5.93560433738 5.17453559845 4.84647477811 4.67074767275 4.21387079745 3.2659310072
-9999 -9999 -9999 -9999 -9999 -9999 -9999 -9999 -9999 -9999 -9999 30.0797695355 29.5439096866 26.7666102797 25.5779928942 25.1216326392 20.5512005675 21.4113774192 19.7127780463 20.3146962499 15.6719403775 9.7267841453 17.9524867685 15.2478652031 10.2223417355 10.1943046827 11.2346214646 11.1548674313 9.35999426618 9.31077448394 9.41240007508 13.5597074258 13.4388094602 12.6437733459 10.2982839656 2.33886171332 1.18783573612 0.670348110072 2.30825366513 2.51523719853 11.1966917486 11.7516747198 10.5869309454 9.36891774432 10.1734719322 10.0962475428 12.3865259938 12.575203701 11.9053624255 11.4763160837 6.13457856117 3.72473947046 3.21876745689 3.1025199703 3.09394507736 3.44320835084 4.58997596299
-9999 -9999 -9999 -9999 -9999 -9999 -9999 -9999 -9999 -9999 -9999 -9999 30.5228566728 28.8221840181 25.2469015676 24.4870817111 22.4593503748 22.2452968043 19.3868208252 20.0775698776 18.7747493189 20.2769934636 12.5329417289 9.93709845226 9.34744478742 9.16287750025 7.20791984141 7.73004095832 6.75416350745 5.77754096311 4.70882761532 7.17516073984 9.33145635565 9.92563828424 9.58378587289 2.6698250716 1.79071236717 0.94089754558 3.42086555724 4.41218146755 11.1937414973 10.5305938818 11.576086988 8.974655409 9.80225679579 9.94300606965 11.0731954353 11.8305610405 10.9080126721 11.3463619814 10.0688754897 8.10918058335 6.86672376106 5.62434923344 3.64046961851 3.90890032046 3.75140748063
-9999 -9999 -9999 -9999 -9999 -9999 -9999 -9999 -9999 -9999 -9999 -9999 33.5158752623 29.534172423 26.6676243993 26.6586369546 22.5012812235 23.3634005754 21.0550675531 19.9848270996 19.2683978733 18.7971308372 15.1356779129 15.3128641436 11.2554589009 12.7188685861 13.0092209012 11.7129360458 8.90634036279 11.5596462094 8.64046856027 9.35942806782 13.5957364566 14.5529758691 5.41196303411 3.01744099101 1.67819890426 3.63734631202 6.19001874545 4.52247160133 10.0344557132 9.89459302827 9.1862659917 9.03932990971 8.89771238194 8.74482872163 8.62369123249 8.88061989225 8.41524749894 9.28356009601 8.92393066471 8.02415955856 6.48532544208 2.12431211407 1.56422080416 2.14354232853 1.70418738436
