data/recharge/transience/oldversion/mHM_recahrge_332.ASC
ncols   80
nrows    72
xllcorner    4374000.0
yllcorner    5656000.0
cellsize      500
NODATA_value  -9999
[rows 24 to 47 of 72, columns 0 to 52 of 80]
-9999 -9999 -9999 -9999 -9999 -9999 -9999 -9999 -9999 -9999 -9999 -9999 0.174984100683 0.11795993995 0.071955431195 0.06947050881 0.0437077899161 0.0478054341572 0.0374011611976 0.0240887773471 0.0251309857238 0.0204945489712 0.0122314463919 0.0288963343644 0.0150735553325 0.0189026492191 0.0193810174959 0.0147408625689 0.00890910454224 0.0142525497742 0.00900208181937 0.00961463162081 0.00558204705515 0.00564499611053 0.00339129492211 0.00568939804702 0.00511690850463 0.00624737100773 0.00913187027178 0.00530003698347 0.00279984285732 0.00175756706537 0.00143074846515 0.00144130474217 0.00168686820804 0.00165832154341 0.00114909466721 0.00103976092433 0.000859624829149 0.000972425871869 0.000843784002775 0.000637652647065 0.000675251994738
-9999 -9999 -9999 -9999 -9999 -9999 -9999 -9999 -9999 -9999 -9999 -9999 0.105586404019 0.109195408796 0.0887419676324 0.0934724781164 0.0491957874592 0.0416153762584 0.0252471306561 0.0461524222635 0.0228039717559 0.0228605859437 0.0143458172389 0.00404299038682 0.00646537398168 0.0159767839318 0.0269538968449 0.017040487958 0.00965328161616 0.00746950329645 0.0059061296302 0.00514886226088 0.00222485966358 0.00196238526127 0.0051812576753 0.00188673402163 0.00298382615901 0.00663348111501 0.00538096301138 0.00510258355742 0.00404612081632 0.00176616758995 0.00121579781103 0.00141103077517 0.00123455238416 0.00128384845091 0.00117288922925 0.00116113867922 0.00106347776463 0.00120598162622 0.00111298171859 0.00135513029501 0.00175817484675
-9999 -9999 -9999 -9999 -9999 -9999 -9999 -9999 -9999 -9999 -9999 -9999 -9999 0.0772310936435 0.0797678730552 0.0872874738697 0.0569760712114 0.0515196242874 0.0285239769539 0.0206007072016 0.0148776250314 0.0253943880257 0.0206413611325 0.0130965889947 0.00983153571139 0.00757714713272 0.0103003862909 0.00974100021376 0.00890640683863 0.0105068528894 0.00755724039896 0.00624483646773 0.00244748201328 0.00311079475562 0.00521618151237 0.000489989636842 0.00156994496664 0.00584754089196 0.00634910613449 0.00367148975567 0.00300371819926 0.00374034968736 0.00227921046525 0.00187723345302 0.00110518405611 0.000924536609107 0.000887766790745 0.000828064382771 0.000706480560226 0.000896968543488 0.00124015865703 0.00146414317365 0.0015666008007
-9999 -9999 -9999 -9999 -9999 -9999 -9999 -9999 -9999 -9999 -9999 -9999 -9999 -9999 0.0553779483212 0.0580527579622 0.0403231395629 0.0432895737685 0.033077484211 0.0378754168658 0.0212200344997 0.0282695530039 0.0206022447101 0.0166172482605 0.00787012081398 0.0063868385122 0.00582160691561 0.0109213577465 0.00847813111986 0.0075991869526 0.00715118865979 0.00468460887496 0.00412888442511 0.00411841058964 0.00580471943733 0.000905748456894 0.00134304117121 0.00544089506435 0.00460569184195 0.00153996698111 0.00122136920573 0.0029626007545 0.0035734586659 0.00267155662347 0.00185210506543 0.00219972119623 0.00187231496536 0.00141664257397 0.00161347784521 0.00188043918044 0.00157235717204 0.00111678140314 0.000993201525075
-9999 -9999 -9999 -9999 -9999 -9999 -9999 -9999 -9999 -9999 -9999 -9999 -9999 -9999 0.0557287816496 0.0307238934968 0.0385725699758 0.0384206779913 0.0267450550085 0.0298315521553 0.0217937838036 0.0238346658997 0.00982190773715 0.0195551829014 0.0108278063951 0.0157319015767 0.00418824736826 0.00586812991675 0.00644626682131 0.00702405915861 0.00318292607661 0.00256510945405 0.00517862206144 0.0424199820989 0.020289664264 0.00156704206864 0.00151340625142 0.0038237943478 0.00146778579472 0.00111200704322 0.00186033882213 0.00255264594285 0.00287717184408 0.00321978043058 0.00256767171204 0.00200826664718 0.000588534444556 0.000383520552095 0.000495017197173 0.00105325061787 0.0018249371585 0.00215675946399 0.0022655260279
-9999 -9999 -9999 -9999 -9999 -9999 -9999 -9999 -9999 -9999 -9999 -9999 -9999 -9999 0.033845498657 0.0381673559835 0.0463279480596 0.0475029156214 0.041997923369 0.0418159186288 0.0292009072794 0.0288225471136 0.0223099807173 0.0122397280635 0.00655428381109 0.00502622636333 0.0074296836936 0.00820199474876 0.00462687569745 0.00577807887282 0.00460207130676 0.00351862394825 0.00355090615071 0.00862621180993 0.0210216008633 0.00198085681751 0.00278329742917 0.0253358015432 0.0021982465821 0.000899682241347 0.00249911364554 0.00310452949992 0.00241436217403 0.00252720093122 0.00179954041367 0.00206765172876 0.00141817998329 0.00209502591485 0.00366736752216 0.00444202235576 0.00366413130352 0.00236033414666 0.00303156545019
-9999 -9999 -9999 -9999 -9999 -9999 -9999 -9999 -9999 -9999 -9999 -9999 -9999 -9999 0.102485813066 0.0732906210714 0.0601106497897 0.0616573920473 0.0396540649014 0.0522690682332 0.0196161631918 0.0178483305563 0.0157483987801 0.014487749335 0.00866016203532 0.0100385344951 0.00630017773646 0.0100027358915 0.00758465028253 0.00570735437639 0.00510581272922 0.00634456748656 0.00454815084864 0.00174724500404 0.00215060253204 0.00218874204728 0.00168270149866 0.00589028203485 0.00132660199916 0.00263191543225 0.00157382891458 0.0027364788632 0.00159341737338 0.00183852295664 0.00139034380453 0.00154869529245 0.00284526544495 0.00367797939229 0.00577831428117 0.00633916849635 0.00447594799656 0.00532277032152 0.0033851135107
-9999 -9999 -9999 -9999 -9999 -9999 -9999 -9999 -9999 -9999 -9999 -9999 -9999 -9999 -9999 0.0512513836585 0.0421819980411 0.0377950244294 0.0524805258655 0.0261689356133 0.0141650896791 0.0139440489051 0.0121848461818 0.0148065477355 0.00851490367843 0.00888622356058 0.00498895812559 0.00723071877468 0.00912890305189 0.00540656145276 0.00345278874013 0.0035557261264 0.00263540802239 0.00588964835625 0.00244238414564 0.0024801471828 0.0020628355893 0.00199860181989 0.00171720823648 0.000579987123708 0.000278425073876 0.000440597529068 0.00152863171803 0.00164307148013 0.00152550709247 0.00165867357006 0.00136812847722 0.00150231751857 0.00205043411729 0.00225081171421 0.00129253384985 0.00110659837461 0.00189188580912
-9999 -9999 -9999 -9999 -9999 -9999 -9999 -9999 -9999 -9999 -9999 -9999 -9999 -9999 -9999 -9999 0.0324114936006 0.0243387523601 0.0222491494634 0.037261690764 0.0239484363226 0.0321924202074 0.0102961173469 0.00785087385163 0.00920766822671 0.00727011220886 0.00576163899592 0.00312639937183 0.00382191767839 0.00522001234142 0.00782198731432 0.00563603081415 0.0169429857745 0.00984486758618 0.00217715067016 0.00255870698796 0.00224078604317 0.00254849860758 0.00224587645745 0.00341941809623 0.00230858576198 0.00185479230092 0.00216233383219 0.00251349993126 0.0012530339868 0.000893875765492 0.000635870433111 0.00213807544653 0.00126910277481 0.000860984804817 0.00130520374719 0.00231403234761 0.00148034694927
-9999 -9999 -9999 -9999 -9999 -9999 -9999 -9999 -9999 -9999 -9999 -9999 -9999 -9999 -9999 -9999 0.0368689533507 0.0353949465267 0.0305621859372 0.0272723652595 0.0160468054938 0.0218033972541 0.0186041855098 0.0120448037983 0.00844665142194 0.00999666946995 0.00690953041309 0.00551759560211 0.00391074579309 0.00389165561536 0.00268023263477 0.00280991838293 0.00297480313929 0.00382558532542 0.00363786941377 0.00237940006903 0.00332908141741 0.00266737555043 0.00218767482399 0.00211121384742 0.00115747925842 0.000673062869019 0.00116584586273 0.00603420275863 0.00350854550505 0.00232976448116 0.00160315752015 0.000732529241602 0.000859505802123 0.00117819096392 0.00171439217012 0.0018339012256 0.00234376127538
-9999 -9999 -9999 -9999 -9999 -9999 -9999 -9999 -9999 -9999 -9999 -9999 -9999 -9999 -9999 0.0143692209432 0.0139146871556 0.0199420289889 0.0209182114569 0.0196257277847 0.0117922781851 0.0108350079519 0.00790826530082 0.00943946620777 0.00741304658438 0.008410756132 0.00699541307468 0.00771660806693 0.00320383223857 0.0042945708923 0.00470612459141 0.00498814055496 0.0050675841205 0.00206707876164 0.00099512286237 0.00215636092569 0.00171977710422 0.00674072641708 0.00431925494501 0.00146952961368 0.0011813028109 0.00206110339373 0.00260714540334 0.00255582645406 0.00261792018969 0.00186651295888 0.00021265157819 0.000431643929236 0.00107039548189 0.00204422359754 0.0012664916837 0.000868416415983 0.000942217912619
-9999 -9999 -9999 -9999 -9999 -9999 -9999 -9999 -9999 -9999 -9999 -9999 -9999 -9999 0.0223952604979 0.0177815631198 0.0151652601769 0.0287811580002 0.0182218583611 0.0165830339025 0.0120833372636 0.0151280169125 0.0104384015133 0.011202339163 0.00746270090899 0.0068019872063 0.00560643105143 0.00570221710594 0.00506621888549 0.00505594405409 0.00375274719864 0.00392638601966 0.00252709928648 0.00505126115669 0.0117783513231 0.0126575234878 0.000947955656607 0.000689139184651 0.0030676189166 0.00226245324352 0.00119667429835 0.00224678266163 0.00182874522715 0.00204207163868 0.00132218410564 0.00108966225272 0.000815979763322 0.00237910705779 0.0019716052852 0.00141005458863 0.00104959926548 0.00103343947042 0.0010533989989
-9999 -9999 -9999 -9999 -9999 -9999 -9999 -9999 -9999 -9999 -9999 -9999 -9999 -9999 0.0177202020495 0.0220348609401 0.0169134420842 0.0210107279082 0.018694322856 0.0132000975242 0.00881807814459 0.0112362101857 0.00940065856805 0.0104351156158 0.00772772761945 0.00606369456703 0.00757510915087 0.00724988771625 0.00491198716399 0.0052797616723 0.00496988485964 0.00643840419413 0.0148713441327 0.0121554453036 0.010391749827 0.0148074414563 0.00926131042555 0.0121652203028 0.00570291948196 0.00587931560283 0.00766883479946 0.00688900664533 0.00258715158158 0.002308154174 0.00188898560314 0.000974515880124 0.00174493651032 0.0051447841002 0.0036345309266 0.00383857295917 0.00329309155395 0.00324939382811 0.00195924337504
-9999 -9999 -9999 -9999 -9999 -9999 -9999 -9999 -9999 -9999 -9999 -9999 -9999 -9999 -9999 -9999 0.0176946981781 0.0491020053687 0.0502591141302 0.0479613660631 0.026416232267 0.010362231294 0.0120136508378 0.0121337599796 0.00861440813601 0.0134511682666 0.00906502876133 0.00972369382057 0.00705721202982 0.00889969780071 0.00712580955736 0.0124785488534 0.0125565273267 0.00938437488284 0.0106688682425 0.0108585892244 0.0109606202769 0.0066577415282 0.0103151542613 0.011178159427 0.00518551803863 0.00468044929754 0.0027690523649 0.00148782624051 0.00125231108335 0.00155950361194 0.00126151390679 0.00205068598355 0.00202870439504 0.00224861562478 0.00190636420134 0.00199267342448 0.0015746567721
-9999 -9999 -9999 -9999 -9999 -9999 -9999 -9999 -9999 -9999 -9999 -9999 -9999 -9999 -9999 -9999 0.0490400592081 0.0430631148031 0.0414859811618 0.0237321671545 0.0282343909451 0.0251537939023 0.00786907261145 0.00868317092449 0.0096181593487 0.017159122553 0.0168143799951 0.0156932925567 0.0128922796982 0.0118336155793 0.015471231345 0.0136978228236 0.0098509705242 0.010074365154 0.00635606189298 0.00718198978657 0.00774830296428 0.0104254816448 0.00494694349868 0.00374225203296 0.00527774958415 0.00835133195222 0.000761412728692 0.00143312191888 0.00495409528046 0.0013242815637 0.00049337290092 0.000999742553192 0.00154990229342 0.000963366398881 0.000605364667786 0.000622589085983 0.000419221128199
-9999 -9999 -9999 -9999 -9999 -9999 -9999 -9999 -9999 -9999 -9999 -9999 -9999 -9999 -9999 -9999 -9999 -9999 0.0428024586302 0.0294521467996 0.0218336403905 0.0275480432619 0.0183258997492 0.0116187210704 0.00862819702778 0.00954367796896 0.0142642330344 0.0149374652513 0.0111730555639 0.0104112505136 0.00688709572386 0.00544007075233 0.00522506321419 0.007276672786 0.00616104567689 0.00904367540391 0.00891405407889 0.00518899884025 0.0044856099788 0.00667596292532 0.00389894275733 0.00315008611144 0.00190062285071 0.00187535975728 0.00202877012863 0.00234861950457 0.000671287965378 0.000680316200417 0.0011427164422 0.000696926696186 0.000846055674784 0.00118606766648 0.000436502716875
-9999 -9999 -9999 -9999 -9999 -9999 -9999 -9999 -9999 -9999 -9999 -9999 -9999 -9999 -9999 -9999 -9999 -9999 -9999 0.0189117377032 0.0203722392765 0.0234531060197 0.0209592841649 0.0146739975198 0.00969344079357 0.00870526939046 0.00650087236837 0.0105643620399 0.00665348021881 0.00616016539697 0.00677599024787 0.0104893452139 0.0059926239569 0.00481603560609 0.00401758466363 0.00385819738459 0.00353799157221 0.0060496115243 0.0052603556808 0.0064223925662 0.00376412732053 0.00316834665178 0.00201475453029 0.00311313115561 0.00315064624015 0.00336075441625 0.00168931832796 0.00056600261956 0.000360407501984 0.000973063285406 0.000687663413211 0.000686188797614 0.000416707971466
-9999 -9999 -9999 -9999 -9999 -9999 -9999 -9999 -9999 -9999 -9999 -9999 -9999 -9999 -9999 -9999 -9999 -9999 0.0310754941248 0.0379073659395 0.042436525448 0.0397942768732 0.0253990761779 0.00960146808542 0.00917221004366 0.00758884608172 0.00555069547293 0.00719736117793 0.00899288571013 0.00760824950214 0.00176538322042 0.00269268154386 0.00391681381491 0.00604579509877 0.00601189690039 0.00778439336166 0.0104406394164 0.00962831370473 0.00868988126779 0.00816018085924 0.00719422434699 0.00375431562415 0.00281478461387 0.000788724707304 0.00128195645362 0.000640249898937 0.00277967353829 0.00349845786392 0.00140699966378 0.000548556547311 0.000696995945753 0.00228624756472 0.00196162545392
-9999 -9999 -9999 -9999 -9999 -9999 -9999 -9999 -9999 -9999 -9999 -9999 -9999 -9999 -9999 -9999 -9999 -9999 -9999 0.04731327969 0.0460134182948 0.0404125988627 0.0256367164828 0.00991692835961 0.0102375070625 0.00992046500601 0.00568012946514 0.00666533644846 0.00683430529482 0.0094541380556 0.00456617806511 0.00437835898013 0.00688566057415 0.00858958957536 0.00464758102546 0.00300984968161 0.00359510281958 0.00286861032593 0.00236607360729 0.00236730184799 0.00272212250375 0.0047229871436 0.00151076770649 0.000739266995821 0.000672468473069 0.00388313433485 0.0046452954284 0.00271192941093 0.00197423344434 0.000852749978651 0.000152350283495 0.000180672291305 0.00020383366036
-9999 -9999 -9999 -9999 -9999 -9999 -9999 -9999 -9999 -9999 -9999 -9999 -9999 -9999 -9999 -9999 -9999 -9999 -9999 -9999 0.029666485049 0.0368787094929 0.0264149509922 0.0142273382365 0.0071790205811 0.00916832765667 0.00630811200481 0.00724247707767 0.00968370537958 0.00771530784959 0.0056983806202 0.00521291913475 0.00429343090119 0.00541452284045 0.00237420681606 0.00305841707096 0.00700896027017 0.00896637107163 0.00871221714725 0.00766646269042 0.00480062614631 0.00809336380673 0.00744311942629 0.00575994020892 0.00854128879476 0.00653134532629 0.00430987497733 0.0054389430405 0.00360461943604 0.00282289574495 0.00141059958503 0.000702151598976 0.000231910444238
-9999 -9999 -9999 -9999 -9999 -9999 -9999 -9999 -9999 -9999 -9999 -9999 -9999 -9999 -9999 -9999 -9999 -9999 -9999 -9999 -9999 0.0292090940051 0.0268562569169 0.0252409941423 0.00680599232855 0.00579865503802 0.00550137037223 0.00775653013538 0.00664725227634 0.00607654709069 0.0101247336079 0.00787477812804 0.00720680113231 0.00235692953464 0.00856389639443 0.0142743734647 0.0117241358032 0.00745142003333 0.00622156460073 0.00661933373424 0.0111479698248 0.0124596299093 0.0139385906666 0.00659057209177 0.00431003817108 0.00242601721571 0.00353495611319 0.00430970197864 0.00381208075477 0.00582987385277 0.0248052672329 0.00133713652249 0.00129035829144
-9999 -9999 -9999 -9999 -9999 -9999 -9999 -9999 -9999 -9999 -9999 -9999 -9999 -9999 -9999 -9999 -9999 -9999 -9999 -9999 -9999 0.0201717288545 0.0204065119141 0.0205365638182 0.0114610489441 0.0119804128726 0.0089272078005 0.00999868496027 0.00839877582548 0.00646969535217 0.00521455384847 0.00528917488768 0.00920993217092 0.0107409950969 0.00589176069659 0.0083844744688 0.00737206794943 0.00831818191042 0.00725932416459 0.0109089109804 0.0114332258448 0.010439220781 0.00600524795823 0.00551670636806 0.00760290446996 0.00685079248699 0.00540823211502 0.00512649378287 0.00230583984152 0.00257623427457 0.00257822030075 0.00101006526626 0.000241963747669
-9999 -9999 -9999 -9999 -9999 -9999 -9999 -9999 -9999 -9999 -9999 -9999 -9999 -9999 -9999 -9999 -9999 -9999 -9999 -9999 -9999 -9999 0.0221087390271 0.0308233445254 0.0118728346625 0.00892089599999 0.00696186509889 0.00978419994472 0.0120344533593 0.0110058936941 0.00858485694061 0.00974182387559 0.00980520285446 0.0132266550021 0.0183076505398 0.0112714729999 0.0133893019716 0.0115729326289 0.011438316537 0.0112389994763 0.0119103340813 0.00529141797166 0.00636212559537 0.0105731920329 0.00348206720037 0.00275059015904 0.00184767130544 0.00301453778929 0.0044537711807 0.000972562846146 0.000529396725777 0.000312887861853 0.000912214642153
-9999 -9999 -9999 -9999 -9999 -9999 -9999 -9999 -9999 -9999 -9999 -9999 -9999 -9999 -9999 -9999 -9999 -9999 -9999 -9999 -9999 -9999 0.0242112681534 0.022541978841 0.0106404747139 0.0114709707122 0.00936296482821 0.0133308886379 0.0155614086941 0.0159390882827 0.0134702841378 0.0143582287483 0.0152730957322 0.0165009253484 0.0117404976299 0.0200334345699 0.0119892573315 0.0110147540625 0.0159691653354 0.0148850129136 0.00685807130617 0.0124172386837 0.00661470268869 0.00413707977942 0.003323015477 0.00479321882991 0.00704094432175 0.00704088374761 0.00211065571083 0.0013810282031 0.00048659785635 0.000558324635743 0.00033284897674
