data/recharge/transience/oldversion/mHM_recahrge_221.ASC
ncols   80
nrows    72
xllcorner    4374000.0
yllcorner    5656000.0
cellsize      500
NODATA_value  -9999
[rows 25 to 49 of 72, columns 0 to 55 of 80]
-9999 -9999 -9999 -9999 -9999 -9999 -9999 -9999 -9999 -9999 -9999 -9999 2.27944808034 2.07393747339 1.75556545381 2.07553317282 1.3843733372 1.24857972444 1.07821374248 1.40770946016 0.891434992422 0.785483983939 0.616821173472 0.301710442982 0.482672078676 0.853243034323 1.0941384835 0.895084545604 0.644608464588 0.543923957974 0.456488704727 0.414415028881 0.306818200262 0.312493250853 0.432815345538 0.439364563752 0.547622043184 0.592508301454 0.483223619269 0.411153362464 0.361018326157 0.267976495828 0.282867615664 0.301595772206 0.294698495331 0.303930605543 0.308219649212 0.305844322854 0.298802910862 0.331101787517 0.321029782612 0.310518645907 0.216421551924 0.170067075301 0.179579302251 0.181199535986
-9999 -9999 -9999 -9999 -9999 -9999 -9999 -9999 -9999 -9999 -9999 -9999 -9999 1.72209029178 1.80794641608 1.90800981137 1.77375946975 1.95089870461 1.41627666466 1.1819726967 0.8928504541 0.978189234764 0.848133962841 0.553204928947 0.747126431797 0.683105564482 0.727257605721 0.677077754556 0.605043137547 0.673845428956 0.530101958274 0.473672335293 0.287529201139 0.402364417363 0.409786277826 0.142208808785 0.357930568382 0.494492746428 0.490713621133 0.303951897962 0.267681172628 0.34050827883 0.213557618917 0.250895103005 0.223035913176 0.221201893738 0.219993686669 0.207619297812 0.181063448207 0.154248800961 0.150775808277 0.166523527254 0.182285239176 0.170133839716 0.1213447822 0.140357215595
-9999 -9999 -9999 -9999 -9999 -9999 -9999 -9999 -9999 -9999 -9999 -9999 -9999 -9999 1.69979191187 1.70715895479 1.45084646554 1.79083254474 1.57167822119 1.69104090158 1.12526412812 1.13413690725 0.846368183993 0.792479370141 0.766242979085 0.649772470432 0.642339201106 0.814972067404 0.624748969435 0.543605744063 0.53153724246 0.458952351178 0.380115698775 0.549213842331 0.472969886614 0.243104747078 0.336231255666 0.387935221545 0.364427843532 0.196022042588 0.180833152522 0.280756067249 0.337115478033 0.250074673116 0.182382217405 0.215275301322 0.188885342143 0.158559589324 0.170951363251 0.198634475849 0.178113606989 0.13077228368 0.120922161658 0.120045462486 0.138661173079 0.262207468762
-9999 -9999 -9999 -9999 -9999 -9999 -9999 -9999 -9999 -9999 -9999 -9999 -9999 -9999 0.508653808746 0.770131391225 1.40552805735 1.85911719728 1.58872020965 1.6837170594 1.412473452 1.15503961675 0.786538016311 1.01172994928 0.846787665118 1.00009797731 0.508743056161 0.461394513199 0.480831302058 0.5565874153 0.284094957816 0.153786192982 0.40133358774 1.22555788007 0.996883586702 0.218635106308 0.326790491796 0.270346113062 0.179611468521 0.159172583983 0.195789121888 0.238072786506 0.257119690718 0.293056513385 0.241902851004 0.191348261273 0.085959517488 0.0630531796927 0.0815321954941 0.129219968962 0.201402830031 0.236693726778 0.267538986291 0.207904362468 0.187869302612 0.20967342471
-9999 -9999 -9999 -9999 -9999 -9999 -9999 -9999 -9999 -9999 -9999 -9999 -9999 -9999 0.590628895255 0.844493796814 1.45569920801 1.92820072367 1.81529649696 1.82290165623 1.47200910681 1.41449291758 1.17405222447 0.864642353217 0.662309596227 0.558475950978 0.559013256835 0.557507613804 0.383254067835 0.446404282069 0.390250246172 0.334269452505 0.33185201115 0.769648805497 1.11921995636 0.202163564211 0.257186805321 0.952965911293 0.126727600554 0.136171876386 0.219737982781 0.261746493505 0.222591535035 0.23085598014 0.173353759657 0.196597212917 0.14329855016 0.203293780588 0.383508192129 0.453184527674 0.393117625589 0.236227333232 0.375466837113 0.341179162399 0.286117900034 0.327541207224
-9999 -9999 -9999 -9999 -9999 -9999 -9999 -9999 -9999 -9999 -9999 -9999 -9999 -9999 2.52803165808 2.09341536944 1.89022967071 2.22530266469 1.66511165262 1.70801831578 1.21780699596 1.09550777248 0.871216828487 0.982767932126 0.925825021535 0.936757777917 0.612509810264 0.631176765013 0.507986717021 0.432349190166 0.406579752982 0.470115658401 0.39574800248 0.199733960943 0.207895624195 0.21071109384 0.17812272204 0.446000207988 0.144736503922 0.223010864257 0.226590020856 0.22064348537 0.152957122185 0.169274123046 0.14025557704 0.147851989898 0.28008614797 0.366102644057 0.68874014693 0.765415144922 0.563145952772 0.642219704415 0.414846772823 0.393118581944 0.33107115984 0.263484377549
-9999 -9999 -9999 -9999 -9999 -9999 -9999 -9999 -9999 -9999 -9999 -9999 -9999 -9999 -9999 1.70044144003 1.5373277787 1.58661405611 1.49354756847 1.14246640858 1.08744604133 1.16051615139 0.875496901916 0.926198885994 0.916240789109 0.747506304937 0.496136786178 0.539925485305 0.289489852484 0.417640586198 0.311702760416 0.313837973789 0.27051423463 0.262302773601 0.228651384611 0.231199670995 0.209568145561 0.204573243702 0.192198457371 0.139618722907 0.0886617215499 0.136850825711 0.111832756525 0.130762389423 0.1491302706 0.139740742823 0.1363284178 0.157405614214 0.212762338938 0.238156878876 0.155926794548 0.135992182927 0.233557286001 0.438035157685 0.413372536621 0.405791156124
-9999 -9999 -9999 -9999 -9999 -9999 -9999 -9999 -9999 -9999 -9999 -9999 -9999 -9999 -9999 -9999 1.42185961581 1.46977436532 1.22664169944 1.67854553366 1.60488511482 1.58829659073 0.913980522634 0.911648329161 0.965942101316 0.833074230396 0.657700966707 0.392332090825 0.214344245704 0.357937818298 0.456826368187 0.276930963976 0.31792448132 0.191079605106 0.201896777771 0.227596938853 0.218364940953 0.239042682767 0.230877672595 0.310498484614 0.477412764942 0.426671260802 0.41202263698 0.248416973205 0.125723058326 0.0853025659997 0.0655585653327 0.202646582493 0.143599235903 0.104920992724 0.157945236229 0.271569490487 0.191361130818 0.15086701622 0.182662663354 0.158055454809
-9999 -9999 -9999 -9999 -9999 -9999 -9999 -9999 -9999 -9999 -9999 -9999 -9999 -9999 -9999 -9999 2.22038335715 2.11969663422 1.77147698409 1.86869867841 1.21181342716 1.13666750057 0.98093859535 1.1136053971 0.926110860332 1.03977069435 0.74912055368 0.648735458319 0.242127188817 0.295172886856 0.189064512381 0.157414017617 0.179485851393 0.16176662089 0.226550325157 0.215909373458 0.28908550107 0.246521757304 0.226690909813 0.218709618479 0.313351421692 0.213966297486 0.329877516704 0.566039385067 0.36239603762 0.245074824013 0.257750284267 0.137756436759 0.104818809629 0.135009911346 0.202059395221 0.215502691688 0.30470371124 0.330938626283 0.429813130043 0.277839584295
-9999 -9999 -9999 -9999 -9999 -9999 -9999 -9999 -9999 -9999 -9999 -9999 -9999 -9999 -9999 1.44966095652 1.42037327187 1.7645598682 1.83081202338 1.77018229058 1.3026834628 1.05216042273 0.84137357727 0.995809095389 0.803737948161 0.878188232281 0.725152341375 0.752012696471 0.261430828624 0.34568940243 0.349704520372 0.363704955791 0.370330803091 0.196628481277 0.144512350258 0.34953360369 0.327042431349 0.449195666688 0.335742210759 0.151374793077 0.272670833815 0.306218429394 0.269548700253 0.264281843961 0.285318448386 0.207159289101 0.085504252516 0.098313205276 0.140740492224 0.210776347161 0.155203244369 0.113986426237 0.130500956529 0.151005455822 0.170318251956 0.176992270979
-9999 -9999 -9999 -9999 -9999 -9999 -9999 -9999 -9999 -9999 -9999 -9999 -9999 -9999 1.72218969497 1.62815337087 1.49036499913 1.97850638418 1.71472117036 1.61765258667 1.32341809081 1.50580868373 1.08807066001 1.14145922891 0.807567179696 0.756639537819 0.619068543395 0.564611519485 0.379066353525 0.37865927992 0.298264900619 0.308269734939 0.251192497793 0.376940060738 0.573392071585 0.734232885527 0.258147811436 0.188999307471 0.217645885772 0.316930393951 0.25881402312 0.207602871165 0.186287145744 0.209877525082 0.1452837525 0.118131594867 0.184629567954 0.222213871372 0.203158224488 0.153992803518 0.132797541377 0.13111184985 0.14362437681 0.139087675943 0.128754634559 0.140064186313
-9999 -9999 -9999 -9999 -9999 -9999 -9999 -9999 -9999 -9999 -9999 -9999 -9999 -9999 1.58883313447 1.96426074335 1.67041625349 1.74272334759 1.47101200992 1.32115093002 1.03720531876 1.21233155622 1.00374557235 1.07713728748 0.773242110155 0.653621835865 0.653362152432 0.602609915682 0.387578040361 0.374628832188 0.346905308527 0.436224222696 0.594338545353 0.517635151747 0.464367886126 0.641996293712 0.622298575188 0.748080147381 0.451642700709 0.46266305579 0.591328402811 0.548783350929 0.259691012343 0.234495471679 0.214794700628 0.114280451093 0.219806843623 0.405772781791 0.333944558336 0.364821425912 0.366718121778 0.362631444868 0.256601834817 0.215109684992 0.260260785057 0.245707331783
-9999 -9999 -9999 -9999 -9999 -9999 -9999 -9999 -9999 -9999 -9999 -9999 -9999 -9999 -9999 -9999 1.71054633263 2.55618868488 2.50302427195 2.44909166495 1.79469347882 1.15880730165 1.18217141536 1.19002684943 0.833763660365 0.99871529655 0.588156228285 0.628237936045 0.427732223718 0.499407816928 0.454473349641 0.547849886656 0.529670522379 0.432141734912 0.469592273185 0.4753876204 0.541778062681 0.438050880261 0.615432759577 0.574837188558 0.334053674878 0.324181522766 0.382108587689 0.283081270325 0.146554961446 0.180457944253 0.16390067058 0.178408535941 0.200920866396 0.232998148177 0.226358747316 0.235725703498 0.208626606905 0.172538097475 0.109210097491 0.118286157543
-9999 -9999 -9999 -9999 -9999 -9999 -9999 -9999 -9999 -9999 -9999 -9999 -9999 -9999 -9999 -9999 2.67103487749 2.52307062659 2.37380452976 1.75022217773 1.75279058407 1.71794643279 0.864359264196 0.921533828596 0.907945441405 1.15292533347 0.920272330568 0.868697002898 0.628569261346 0.566478525412 0.65513687799 0.60663303053 0.478974613399 0.443555610028 0.310606737811 0.339224088781 0.365379971163 0.446205041451 0.270170924544 0.217375493189 0.292656461452 0.407973129676 0.12197366206 0.183137907533 0.381123119598 0.158655070674 0.0697113707262 0.116026745623 0.161135566384 0.114504366857 0.0879290953612 0.0898065409025 0.0701469203098 0.0843632899507 0.0827693004595 0.0834743178549
-9999 -9999 -9999 -9999 -9999 -9999 -9999 -9999 -9999 -9999 -9999 -9999 -9999 -9999 -9999 -9999 -9999 -9999 2.41280739708 1.97868730357 1.50447856163 1.72811765629 1.40867131184 1.12004783078 0.843335433195 0.895626523529 0.812698002062 0.799229778124 0.54403822222 0.518819079959 0.385962142651 0.327991625883 0.319752132972 0.383767373249 0.303487830106 0.398202172879 0.401864845444 0.274774706472 0.254292985993 0.332756747928 0.234809464219 0.201916597425 0.16410378729 0.162630167475 0.165682816886 0.193411674488 0.0921680399108 0.0965034010548 0.142693472608 0.0919028396772 0.107724938008 0.136960652561 0.0723823716277 0.0752145960811 0.0923144738892 0.101293737395
-9999 -9999 -9999 -9999 -9999 -9999 -9999 -9999 -9999 -9999 -9999 -9999 -9999 -9999 -9999 -9999 -9999 -9999 -9999 1.49614666226 1.47053643963 1.60338105113 1.43586951767 1.37257124797 0.94182298149 0.857199987211 0.484519475301 0.56209400824 0.359728566538 0.34092229582 0.352666610197 0.460792094309 0.318548116885 0.274716489985 0.220929179692 0.197495797809 0.192880700072 0.287027258812 0.25903287708 0.291096894486 0.206119493218 0.183800014697 0.146976132466 0.195108062706 0.208902839464 0.218604917962 0.159864278688 0.0860638011066 0.0625886960483 0.142702381739 0.0938505320619 0.0929346293601 0.0692078490557 0.0682800152334 0.0879785543919 0.0826088158384
-9999 -9999 -9999 -9999 -9999 -9999 -9999 -9999 -9999 -9999 -9999 -9999 -9999 -9999 -9999 -9999 -9999 -9999 2.00468299451 2.22778355785 2.22668822483 2.15293205348 1.57183285705 1.04668475279 0.907672830738 0.786987527005 0.444157346706 0.494382117468 0.441859798086 0.394748611186 0.161740294048 0.11658289643 0.264543771368 0.312846591567 0.286084003677 0.347552063203 0.438177372081 0.414947782322 0.389378897714 0.364684139971 0.327879073033 0.205849767816 0.18169038229 0.104343941038 0.136703245316 0.103099851838 0.208503347712 0.31411143139 0.208082814041 0.0946239661939 0.160340122601 0.250884711252 0.223144209652 0.198115576253 0.136721172292 0.112006230167
-9999 -9999 -9999 -9999 -9999 -9999 -9999 -9999 -9999 -9999 -9999 -9999 -9999 -9999 -9999 -9999 -9999 -9999 -9999 2.60267247035 2.4537731924 2.29820471595 1.59199976837 1.08721400067 1.00053768774 0.98002580959 0.512682579657 0.471877637182 0.411200269566 0.508622427245 0.258856102789 0.253194685079 0.379163934138 0.358802550532 0.236916086561 0.182572997819 0.180511921142 0.150744733023 0.134404907685 0.134599569276 0.158316753274 0.22291735642 0.146544211094 0.102487587083 0.100939007634 0.275770207207 0.278582342554 0.19974857902 0.234503838682 0.143530872868 0.0413722722243 0.0717028654779 0.0793988523526 0.114932790972 0.170068257938 0.0626056373039
-9999 -9999 -9999 -9999 -9999 -9999 -9999 -9999 -9999 -9999 -9999 -9999 -9999 -9999 -9999 -9999 -9999 -9999 -9999 -9999 1.95343120873 2.19276662009 1.62003239356 1.29687402424 0.788414627677 0.930098645496 0.526792095391 0.497417476218 0.503159322652 0.432216516023 0.332801168739 0.312568660757 0.280743095523 0.234633945104 0.143751019486 0.18902212208 0.297636496029 0.347928403869 0.346431105918 0.313706830293 0.232042018921 0.32701947884 0.325596490657 0.272409730608 0.390201596925 0.324499767963 0.26448340113 0.310454365997 0.266932671625 0.273782399676 0.205328546133 0.113987747117 0.0498324662751 0.067317169711 0.0859407892042 0.0783368132649
-9999 -9999 -9999 -9999 -9999 -9999 -9999 -9999 -9999 -9999 -9999 -9999 -9999 -9999 -9999 -9999 -9999 -9999 -9999 -9999 -9999 2.0055350367 1.71554720595 1.69469786752 0.725802827777 0.641719108107 0.483909747943 0.524012512375 0.392533803791 0.363569869546 0.417529986874 0.410326710671 0.356676850831 0.135939689909 0.357275608087 0.479345059851 0.382694966421 0.281212678428 0.251174473189 0.263062302304 0.385677733743 0.413718621364 0.466669548552 0.282402266914 0.226557162995 0.15665417945 0.21632915166 0.246764655967 0.250732879226 0.334305535282 0.756106958187 0.179399139707 0.160850679031 0.108598641198 0.0240036323236 0.0360549543563
-9999 -9999 -9999 -9999 -9999 -9999 -9999 -9999 -9999 -9999 -9999 -9999 -9999 -9999 -9999 -9999 -9999 -9999 -9999 -9999 -9999 1.63060151714 1.46152519482 1.46750560723 1.02860972351 1.07521778826 0.713481802737 0.648114117665 0.469747543728 0.39554633541 0.222850205442 0.326317317665 0.439645434084 0.419920741123 0.25350327472 0.317424412347 0.280116052714 0.299740803479 0.27280460305 0.365201418374 0.391629713652 0.369766177525 0.271077882812 0.253008844793 0.332845279245 0.309843270544 0.287634359928 0.277385631266 0.180064512148 0.191210011105 0.151677748923 0.0797267818226 0.0727482310463 0.0508360422103 0.0599449411227 0.0274955400858
-9999 -9999 -9999 -9999 -9999 -9999 -9999 -9999 -9999 -9999 -9999 -9999 -9999 -9999 -9999 -9999 -9999 -9999 -9999 -9999 -9999 -9999 1.53056659682 1.83361418899 1.12403914323 0.949799249035 0.644252605572 0.690985732244 0.558881621746 0.528064211369 0.450740652041 0.488105167139 0.424901403512 0.457944154483 0.531852595282 0.383295957018 0.415353146867 0.377754779736 0.366589058973 0.363476331482 0.381946547816 0.225159672723 0.260464715978 0.362506091347 0.178955966213 0.152886042744 0.129072812777 0.176415795168 0.261256008752 0.138451096144 0.0610529399086 0.0801136455054 0.224599018406 0.11677764799 0.0292480496031 0.0234599556473
-9999 -9999 -9999 -9999 -9999 -9999 -9999 -9999 -9999 -9999 -9999 -9999 -9999 -9999 -9999 -9999 -9999 -9999 -9999 -9999 -9999 -9999 1.60999046613 1.54739153852 1.05240412407 1.11337720291 0.807335613884 0.825829873093 0.630522242054 0.643250886391 0.539648438653 0.562163182615 0.549569378335 0.521539071395 0.393895129776 0.564661231816 0.381917280447 0.361796187852 0.459109685593 0.434575134831 0.266998099172 0.392310233608 0.267033704055 0.197130263002 0.178015366446 0.21999605293 0.314389725892 0.312426183363 0.158484097696 0.1324941707 0.0901698250025 0.144721477099 0.0806776745723 0.209041412867 0.108209988996 0.0915298987777
-9999 -9999 -9999 -9999 -9999 -9999 -9999 -9999 -9999 -9999 -9999 -9999 -9999 -9999 -9999 -9999 -9999 -9999 -9999 -9999 -9999 -9999 1.54466660887 1.73294722356 1.33307054417 1.10151304361 0.850314537208 1.11008914201 0.685357300221 0.800914858327 0.607845518988 0.509289782394 0.441102112537 0.50929301041 0.572161903534 0.361494062681 0.358822860676 0.515700755433 0.436979291015 0.386425810908 0.403619845474 0.299666688557 0.201724023522 0.272791055155 0.367153887824 0.327612474719 0.31309431015 0.258527705939 0.195739039191 0.196225304348 0.282441546041 0.218617319109 0.161808632418 0.183812696458 0.211561162607 0.230515543305
-9999 -9999 -9999 -9999 -9999 -9999 -9999 -9999 -9999 -9999 -9999 -9999 -9999 -9999 -9999 -9999 -9999 -9999 -9999 -9999 -9999 -9999 -9999 1.87496863415 1.46483372471 1.14974500107 0.7719278879 1.08383668642 0.670880139789 0.743016839542 0.616622063644 0.697389096421 0.600546534008 0.714320041196 0.481417329273 0.551813981179 0.575884236155 0.479585723661 0.283816371118 0.272054024475 0.188199121282 0.276155892088 0.393611697449 0.40158514295 0.338340945085 0.289534280487 0.142715206033 0.12156494478 0.12204597779 0.135722589431 0.105927873658 0.143489985828 0.17202778046 0.272809828493 0.132428459622 0.0651287308614
