data/recharge/transience/oldversion/mHM_recahrge_153.ASC
ncols   80
nrows    72
xllcorner    4374000.0
yllcorner    5656000.0
cellsize      500
NODATA_value  -9999
[rows 25 to 49 of 72, columns 0 to 56 of 80]
-9999 -9999 -9999 -9999 -9999 -9999 -9999 -9999 -9999 -9999 -9999 -9999 13.4924546485 13.3051843718 11.577691349 10.4916837068 7.65317719596 7.85780901023 6.35375423867 7.29839141007 6.37519539817 6.5512980958 5.53621582246 4.13410807634 5.27676176386 6.73026160716 5.55640282808 5.46417114375 4.20382775772 3.53961148359 2.96687159023 2.66868592848 2.2523962853 2.16179271607 2.97280058886 2.38475087464 2.8474526889 3.87389358524 2.87430517892 2.35658116787 1.96411239569 1.25715212508 1.62390489957 2.22904748107 2.13816780401 2.20369212329 2.21528439401 2.19667737724 2.16026339199 2.37463251453 2.19621555512 1.53184476867 1.29860336815 1.00977511501 1.07728207071 1.15268227862 1.16506383321
-9999 -9999 -9999 -9999 -9999 -9999 -9999 -9999 -9999 -9999 -9999 -9999 -9999 12.0297773277 12.3805820819 12.900480916 9.76917350154 9.01347993119 7.20718820635 6.5999662905 6.36017671606 7.43551730512 7.91317697381 8.08691782984 5.57408984616 4.4971129126 4.58452088829 3.96514220113 3.84232071558 4.27831185849 3.40868494742 3.04878414038 2.71562916559 2.25265588911 3.0366152796 0.784501785701 2.01939915201 3.31465155111 2.88839609885 1.82116092561 1.49843566753 2.12154885501 1.28515409603 1.2777994315 1.07102310766 1.2577334507 1.66462589962 1.5803053603 0.928733343519 0.737188342198 0.868437510821 1.00447268853 1.16346309122 1.26931820917 1.03247575595 0.890951771907 0.878681365258
-9999 -9999 -9999 -9999 -9999 -9999 -9999 -9999 -9999 -9999 -9999 -9999 -9999 -9999 10.5814199236 10.7100931859 8.84880769964 7.83504603859 7.07257685236 7.64272750464 6.41800167093 8.07289453108 7.29718634469 6.19556576116 3.9639606561 3.97646645229 4.35786373193 5.34542018573 4.07690556379 3.4426679208 3.4191877881 4.00759931511 3.69249919589 2.87987139803 3.46364963984 1.35034997696 1.77535061713 2.41108151445 2.07040094494 1.34517291393 1.22658925351 1.6929978185 2.08443342995 1.53842023148 1.04889494852 1.27840178961 1.04685659819 1.00720418068 0.94475077883 1.1836392859 1.09092852593 0.755666378957 0.716006209903 0.922708564138 1.23346075592 2.17112777613 2.0507102918
-9999 -9999 -9999 -9999 -9999 -9999 -9999 -9999 -9999 -9999 -9999 -9999 -9999 -9999 6.09988476344 10.2553822338 9.31966957957 8.25062780956 7.14469649859 7.60393368376 7.29929920628 7.85065531498 5.92021093377 7.97322733556 6.87744104732 6.78084582192 3.94853201948 4.37493859008 4.82435299276 4.99247075309 3.73924980968 2.9350437176 3.58825567723 4.56447005054 4.47094279757 1.37400232957 1.81435389215 1.60685960526 1.26868578016 1.18237400383 1.25810732623 1.51089894395 1.51899774629 1.89515056673 1.60456804923 1.23756727771 0.67290167116 0.577656040585 0.722453769861 0.920313392286 1.35894170768 1.61037900887 1.8419334873 1.37637993204 1.07032991399 1.11605946345 4.4713430668
-9999 -9999 -9999 -9999 -9999 -9999 -9999 -9999 -9999 -9999 -9999 -9999 -9999 -9999 10.0481035987 12.8584775664 11.0183914099 9.07392804864 8.42769036341 8.30121119869 7.05891139075 7.78968544207 7.53694482107 6.89699710633 5.3610125567 4.90756559972 5.17070730781 5.4454152726 3.98785968413 4.5333952362 3.92287874067 3.68687438915 3.20100610255 3.10669518367 5.37760212695 1.23769892599 1.49030776721 3.13560587124 1.04848833568 1.00680812633 1.28568413164 1.58287766833 1.27110228116 1.33568562517 1.07248345317 1.27753662597 0.892717046353 1.34913083274 2.52847611841 2.82934576453 2.42612989376 1.64924337951 2.55397628608 2.43835869582 2.0684188069 2.19742534131 1.76999799731
-9999 -9999 -9999 -9999 -9999 -9999 -9999 -9999 -9999 -9999 -9999 -9999 -9999 -9999 16.4101600681 14.274150151 13.1670465589 12.7213117003 10.7893603356 12.0991019145 8.5755842571 8.10017227446 7.73914754575 6.91078490816 4.74216136955 5.32225033859 4.44086852264 6.12299629097 4.95615591286 4.47524696885 4.18048728798 4.7319211224 3.98304377366 2.798452432 1.42805342288 1.45098255139 1.05185479068 2.43371652231 0.774687304787 1.20668971325 1.17121110874 1.21363592708 0.878413438001 1.00027846074 0.830022790839 0.9926498669 1.83659482912 2.32615870807 4.29706204419 4.93722811907 3.61982849783 3.923281416 2.62718576507 2.53791979091 2.2449263211 1.83084957419 2.06815296464
-9999 -9999 -9999 -9999 -9999 -9999 -9999 -9999 -9999 -9999 -9999 -9999 -9999 -9999 -9999 12.2216243159 11.2597689151 10.1069229719 10.8103807792 9.04812521683 6.4171672325 6.63925758911 7.22818539921 7.22639564347 4.6911996742 5.51252832567 4.46355026868 5.00761518988 5.06376103369 4.44021989993 3.32422891669 3.30699273043 2.77139084954 3.53977329348 1.61064192029 1.63407937479 1.27985747638 1.24152564228 1.09629127967 0.781076861019 0.444471013675 0.697473590055 1.04800820855 0.916300354739 0.818438734175 1.04021844633 1.20580546588 1.33238208865 1.57524996648 1.53715046065 1.03971819899 0.88434125062 1.62893187951 2.90888253641 2.74759912305 2.70133520223 2.2158709781
-9999 -9999 -9999 -9999 -9999 -9999 -9999 -9999 -9999 -9999 -9999 -9999 -9999 -9999 -9999 -9999 11.2806508188 9.32848579468 9.53390448683 12.0741637523 10.3362196464 9.67018420111 6.7341116192 5.30241779561 5.06231059266 4.65465146724 3.73459833904 3.746770426 4.13044340019 4.62428348789 4.36018909103 4.17059236667 3.62153530606 2.60488326699 1.47244893025 1.71529350055 1.52685587548 1.72462556078 1.57523499605 2.09756632166 3.27568291005 2.86180917979 2.38133738882 1.97704492579 1.2009595042 0.930603544244 0.767952808061 1.42060734469 1.01053351493 0.701215958783 1.11486096461 1.92971146139 1.34822240923 1.03802579867 1.28106394038 1.09434861977 1.00923844726
-9999 -9999 -9999 -9999 -9999 -9999 -9999 -9999 -9999 -9999 -9999 -9999 -9999 -9999 -9999 -9999 10.6898045106 11.3729019891 11.8949388355 10.1639061213 7.90976497228 9.79154408828 7.87741668022 5.70378925172 4.90296968645 5.51336627395 4.1010689947 4.02423925217 3.71914966478 4.01103030473 3.15084874532 2.99717145222 3.14301549132 3.04848556193 2.33846302514 1.60252710781 2.05456254855 1.80045051364 1.53670747156 1.42303354853 1.92285682606 1.28110315633 1.90944168893 4.00422868369 2.73963547978 1.96140068946 1.68950219448 0.930483194232 0.67858435732 0.93919963578 1.45631752882 1.55365544629 2.10849961655 2.27257885544 2.85371238419 1.92775390757 1.02225116734
-9999 -9999 -9999 -9999 -9999 -9999 -9999 -9999 -9999 -9999 -9999 -9999 -9999 -9999 -9999 7.24532454939 7.27293768261 8.43321128074 9.62596402774 9.30636376713 8.17440042856 8.41737785735 6.68148535632 5.59650250862 4.39038271412 4.797784169 4.0509877024 4.2154409502 4.00583306004 4.36604172613 3.82192297813 3.95666699441 3.82042250918 2.52928987941 1.83649853839 2.56160713238 2.056754369 2.67262725658 2.02130716353 0.992383049278 1.5896844438 2.23967824111 2.24009365241 2.20653878365 2.3769995009 1.85128562505 0.466004751333 0.731728636085 1.14622466063 1.58374559832 1.13509513693 0.80252526702 0.919161146023 1.07688297774 1.2084141984 1.2576153852 1.50973361608
-9999 -9999 -9999 -9999 -9999 -9999 -9999 -9999 -9999 -9999 -9999 -9999 -9999 -9999 8.71329167868 8.17088601959 7.6431121851 7.98030037118 7.69001078326 8.48997711071 7.03020440302 8.02073087703 5.87272171471 6.16414583091 4.41535051483 4.12838879769 3.4488774484 3.94109541471 4.17262613485 4.16754097244 3.31454609872 3.41008044389 2.38369560611 2.75173794306 3.0537271868 5.19338647631 1.79850475061 1.2772170255 1.89677110392 2.12786876698 1.67079976956 1.88703970979 1.70854281263 1.85972055694 1.43909670672 1.25467122286 1.22144475316 1.58157319566 1.52051883041 1.14417864842 0.952155651588 0.938890120678 1.01994278817 0.987064889993 0.895869733011 0.981348804251 1.00180319455
-9999 -9999 -9999 -9999 -9999 -9999 -9999 -9999 -9999 -9999 -9999 -9999 -9999 -9999 10.0612486842 10.6752248729 9.27650700556 7.51833291244 6.19517366756 5.72310670595 5.73066798069 6.85520795981 5.67777539757 6.09948125052 4.4003215569 3.6320551661 3.03493872872 3.409140571 3.26190893887 4.13809379988 3.81851001028 3.89436838345 4.69009763708 4.14151819927 3.33722410144 4.73341259471 4.87380127733 5.85852344929 3.6491707763 3.7288146984 4.60866791087 4.30459835494 2.29193512869 2.12030527343 1.99900216394 1.29409404714 1.98250686473 2.47900932011 2.31641779805 2.67538463363 2.58097106751 2.55151172932 1.8421409032 1.56945881916 1.86422084231 1.77077963907 1.24578719238
-9999 -9999 -9999 -9999 -9999 -9999 -9999 -9999 -9999 -9999 -9999 -9999 -9999 -9999 -9999 -9999 9.49844948711 11.2282181364 11.014562088 10.780244186 8.12975680544 6.15802184277 6.69608545346 6.74074860119 4.74904124175 4.51438143072 2.57940274797 2.8053020573 2.331413353 3.6980216066 3.66320811978 4.314745783 4.2257947445 3.48230858111 3.7221970862 3.76500280933 3.93393806184 3.23446344441 4.61168453989 4.76322981675 2.94849433876 2.80585087949 2.75192367454 1.98787596753 1.52351913668 1.75998250278 1.59638745132 1.34223228061 1.43829426523 1.76350209841 1.65217163501 1.71508087402 1.52722342269 1.27268178951 0.786036934767 0.85786235299 1.44929646808
-9999 -9999 -9999 -9999 -9999 -9999 -9999 -9999 -9999 -9999 -9999 -9999 -9999 -9999 -9999 -9999 12.3308947766 11.6796786508 11.0394051496 8.02671230185 8.1011572381 8.10567370253 5.01051945964 5.45683275763 5.31651476306 5.38384926091 4.32512447774 4.04521945564 3.67918487352 4.21392176863 4.83279589152 4.47387981143 3.49081666674 3.51710725738 2.45478345364 2.69654380358 2.85915450596 3.4890240386 2.28298006169 2.15653003669 2.81702512831 3.74303208832 1.38769751139 2.00557367227 3.2140003854 1.62652508031 0.948040314728 1.24910315427 1.23772329288 0.873545119643 0.638789531617 0.655245234165 0.508714462215 0.631800582766 0.610758193615 0.618357174445 0.569233891977
-9999 -9999 -9999 -9999 -9999 -9999 -9999 -9999 -9999 -9999 -9999 -9999 -9999 -9999 -9999 -9999 -9999 -9999 11.2142488671 9.16544941945 6.85907777642 7.9793689989 7.02908960554 6.63154365417 4.93383275262 4.69989805914 3.7296870985 3.9650037601 3.86170579638 3.87506215825 2.82583339966 2.37875694296 2.2535011291 2.81762273196 2.39613243366 3.18344912068 3.14828076532 2.11369387446 1.96179851219 3.17816188009 2.29454987782 1.97334631678 1.6707607888 1.65491864701 1.60127288226 1.85402148833 1.12751203249 1.15819620479 1.39652590263 0.666566728621 0.766040533999 0.88168439293 0.525619009838 0.548813497247 0.688813137868 0.765309425392 0.641656628114
-9999 -9999 -9999 -9999 -9999 -9999 -9999 -9999 -9999 -9999 -9999 -9999 -9999 -9999 -9999 -9999 -9999 -9999 -9999 7.20885907404 6.92586711349 7.61291542056 6.7671800476 8.31947701087 5.61634652837 5.23031674367 3.95698401541 3.80803307983 2.74827485723 2.59945036935 2.63675513659 2.88027714908 2.18189283661 1.98055890173 1.62528354038 1.61006313185 1.53236355929 2.29175917136 2.02707115444 2.64325014854 2.07177805694 1.84045295122 1.42626256646 1.924196406 2.01998386652 2.12329980099 1.59027701914 1.08768557264 0.886568130375 1.46334294383 0.793199518449 0.71139022359 0.518594917425 0.510197622018 0.684023232267 0.638443453022 0.462677107279
-9999 -9999 -9999 -9999 -9999 -9999 -9999 -9999 -9999 -9999 -9999 -9999 -9999 -9999 -9999 -9999 -9999 -9999 9.80668115544 10.8780952477 10.6424578732 10.3002292392 7.39605798487 6.36714085214 5.41171807899 5.52028755447 4.57697916091 4.30329464648 3.38969821273 3.01887729731 1.95804401322 1.54050144348 2.14436949324 2.33994819138 2.33601030945 2.8479194001 3.51196246536 3.32018408621 3.08329809159 3.0427149685 3.13739664041 2.06778399457 1.76902227055 0.992547360549 1.28225356581 0.988493692857 1.97302112703 2.70803588467 1.94811124688 1.14059708354 1.45561090208 2.04444706987 1.68618014925 1.50263700491 1.07224699117 0.889550871042 0.765984559685
-9999 -9999 -9999 -9999 -9999 -9999 -9999 -9999 -9999 -9999 -9999 -9999 -9999 -9999 -9999 -9999 -9999 -9999 -9999 12.6754396876 11.7463634235 11.0385094024 7.55739209911 6.4250466046 6.00777715521 5.88529434294 3.89513940133 4.76606798175 3.59415576978 4.56521029073 4.25100305184 4.17162622301 3.29131200019 2.95659724657 2.25076128116 1.76651781325 1.44726924394 1.20552504895 1.05756735178 1.05746661373 1.24949571172 2.11048093568 1.53572224261 1.08038534363 1.07423674405 2.86272588934 2.56399873166 1.86650523873 2.11606503828 1.49092866711 0.586482799814 0.467401498923 0.541668611302 0.756148431932 1.15989349719 0.564195741006 0.422002334876
-9999 -9999 -9999 -9999 -9999 -9999 -9999 -9999 -9999 -9999 -9999 -9999 -9999 -9999 -9999 -9999 -9999 -9999 -9999 -9999 9.39468708168 10.5493204361 7.6961443991 6.68618485487 4.72669964185 5.58513559688 3.92491373583 5.02423382873 5.44550124041 4.76687050932 3.60860973952 3.40682991245 2.22532761429 2.83228660864 1.95981877647 2.24695442501 2.3835055866 2.80171024029 2.74770351162 2.48712554472 1.78613296051 2.63187437617 3.00301106712 2.63528278468 3.45701667306 2.97464284281 2.45270997474 2.81048859424 2.40887203065 2.3934791321 1.91842535016 1.28707074177 0.76291297851 0.574270375325 0.615192505364 1.00324462587 1.01801605062
-9999 -9999 -9999 -9999 -9999 -9999 -9999 -9999 -9999 -9999 -9999 -9999 -9999 -9999 -9999 -9999 -9999 -9999 -9999 -9999 -9999 9.55342283108 8.09360457911 8.08401457119 4.32339137823 3.8159152011 3.67745393012 5.1477259236 4.25000179256 3.92041692928 3.89112368922 4.1459257406 3.08721902351 2.0299117771 3.72775828156 3.80364747011 3.00629876563 2.05278856686 1.85348183632 2.01844603594 2.93260701963 3.13799265664 3.5422162259 2.62573344913 2.10170920331 1.45363037977 1.98333048497 2.24040686305 2.25259621731 2.8604198401 3.40433347959 1.55556232807 1.45938771933 1.21108627657 0.421220892835 0.602082802 0.727093074106
-9999 -9999 -9999 -9999 -9999 -9999 -9999 -9999 -9999 -9999 -9999 -9999 -9999 -9999 -9999 -9999 -9999 -9999 -9999 -9999 -9999 7.67219321507 6.82952586516 6.86133720743 5.66681956133 6.40715662431 4.71272396817 4.60984468038 3.93143397912 4.62071017946 3.32926512711 3.71890118726 3.33789948841 3.3823594099 2.00225308935 2.52371108982 2.18985009981 2.11330191406 1.88968370542 2.70538821427 2.97832814523 2.8157254621 1.99023432539 2.09591334368 2.95944882612 2.78536169888 2.56797862392 2.48788061654 1.59408539896 1.71126517111 1.2047910377 0.622960320275 0.582500559027 0.70740035355 0.837024458885 0.477606629978 0.531692577506
-9999 -9999 -9999 -9999 -9999 -9999 -9999 -9999 -9999 -9999 -9999 -9999 -9999 -9999 -9999 -9999 -9999 -9999 -9999 -9999 -9999 -9999 7.02855685957 8.48335938822 6.07803947875 5.56404842115 4.12520441807 4.76004219078 3.7626192515 3.85328077752 3.51050404297 3.788618593 3.01393986969 3.50127091296 3.97396122625 2.93057743338 2.96667718852 2.65284036682 2.44064023625 2.59445007789 2.79969468276 1.60654540809 1.84257461112 2.60223906593 1.52933395056 1.39280130564 1.07045796866 1.45371614373 2.04950338369 1.2958653929 0.50028482068 0.477971342429 1.60142458107 1.2385781422 0.489809253419 0.399770874173 0.471930731477
-9999 -9999 -9999 -9999 -9999 -9999 -9999 -9999 -9999 -9999 -9999 -9999 -9999 -9999 -9999 -9999 -9999 -9999 -9999 -9999 -9999 -9999 7.41593807448 7.11154108631 5.68006690759 6.51910384274 4.66339994623 3.98543602736 4.33137706037 4.55575903793 3.75105262114 3.90383271834 3.77942539024 3.92741463778 3.01157118342 4.18836066494 2.91241525922 2.62717243735 3.23253410866 3.2418349352 1.92630954527 2.87394291243 1.89352620641 1.36902229256 1.243084104 1.96033243834 2.57408440917 2.68694788035 1.39504101804 1.21562656344 0.827033865519 0.933174708552 0.979671845571 1.85300270369 1.17030582442 1.051468422 0.767347558472
-9999 -9999 -9999 -9999 -9999 -9999 -9999 -9999 -9999 -9999 -9999 -9999 -9999 -9999 -9999 -9999 -9999 -9999 -9999 -9999 -9999 -9999 6.88416150073 7.78139320498 7.03321404277 6.28350035825 4.54994823172 5.31925597789 4.34465471915 5.26408180774 3.96912828476 3.34936638077 2.87642739763 3.58324208839 4.04567019592 2.60654171659 2.60038909272 3.68799126559 3.1246120787 2.76661556323 2.87419614748 2.12130788905 1.37852310311 1.90077767711 2.52586850325 2.39275685543 2.6077559068 2.20040172432 1.67674708192 1.68029847719 2.30527580083 1.8320565721 1.487379872 1.62128018328 1.78480531341 1.90246746325 1.16540122352
-9999 -9999 -9999 -9999 -9999 -9999 -9999 -9999 -9999 -9999 -9999 -9999 -9999 -9999 -9999 -9999 -9999 -9999 -9999 -9999 -9999 -9999 -9999 8.43548509724 7.82460194542 6.55918021755 4.09173315966 4.94323025975 4.14018122363 4.91065581006 4.02619559878 4.52189639657 3.8756550088 4.7134080932 3.45565729503 3.91681755732 4.06956360957 3.4507573464 2.00770211172 1.84171773014 1.28884111597 1.94537957756 2.77461099587 2.82395933535 2.32522343857 1.98081477922 1.08274475389 1.03086954726 1.0260700198 1.15137516392 0.861924670405 1.20445593392 1.42050718401 2.16585528761 1.29025784125 0.782617060635 1.3760511983
