data/recharge/transience/oldversion/mHM_recahrge_444.ASC
ncols   80
nrows    72
xllcorner    4374000.0
yllcorner    5656000.0
cellsize      500
NODATA_value  -9999
[rows 0 to 24 of 72, columns 0 to 56 of 80]
-9999 -9999 -9999 -9999 -9999 -9999 -9999 -9999 -9999 -9999 -9999 -9999 28.3449931134 28.9390035044 -9999 -9999 -9999 -9999 -9999 -9999 -9999 -9999 -9999 -9999 -9999 -9999 -9999 -9999 -9999 -9999 -9999 -9999 -9999 -9999 -9999 -9999 -9999 -9999 -9999 -9999 -9999 -9999 -9999 -9999 -9999 -9999 -9999 -9999 -9999 -9999 -9999 -9999 -9999 -9999 -9999 -9999 -9999
-9999 -9999 -9999 -9999 -9999 -9999 -9999 -9999 -9999 -9999 -9999 -9999 24.3804461653 23.736046827 23.5027258027 -9999 23.3806539926 -9999 -9999 -9999 -9999 -9999 -9999 -9999 -9999 -9999 -9999 -9999 -9999 -9999 -9999 -9999 -9999 -9999 -9999 -9999 -9999 -9999 -9999 -9999 -9999 -9999 -9999 -9999 -9999 -9999 -9999 -9999 -9999 -9999 -9999 -9999 -9999 -9999 -9999 -9999 -9999
-9999 -9999 -9999 -9999 -9999 -9999 -9999 -9999 -9999 -9999 23.8535711821 23.528738426 24.3777711146 24.1147247794 22.4523784792 22.1020628533 20.9565308957 21.2575880769 -9999 -9999 -9999 -9999 -9999 -9999 -9999 -9999 -9999 -9999 -9999 -9999 -9999 -9999 -9999 -9999 -9999 -9999 -9999 -9999 -9999 -9999 -9999 -9999 -9999 -9999 -9999 -9999 -9999 -9999 -9999 -9999 -9999 -9999 -9999 -9999 -9999 -9999 -9999
-9999 -9999 -9999 -9999 -9999 -9999 -9999 -9999 -9999 22.8552143356 23.7179719835 23.5296755372 23.6377752986 23.8121285737 22.8884144335 22.823839819 21.7768562115 22.5902718615 -9999 24.0086695261 -9999 -9999 -9999 -9999 22.5843803581 23.2328729215 -9999 -9999 -9999 -9999 -9999 -9999 -9999 -9999 -9999 -9999 -9999 -9999 -9999 -9999 -9999 -9999 -9999 -9999 -9999 -9999 -9999 -9999 -9999 -9999 -9999 -9999 -9999 -9999 -9999 -9999 -9999
-9999 -9999 -9999 -9999 -9999 -9999 -9999 -9999 24.2234380652 23.7323299408 22.9223211153 23.0655829167 22.415890593 22.1972665848 21.7410560817 21.7487870763 20.8366440647 20.2314131339 21.2530472971 22.2519881863 21.7704459632 22.0588218673 -9999 21.3841476655 22.9044732256 23.199841584 -9999 -9999 -9999 -9999 -9999 -9999 -9999 -9999 -9999 -9999 -9999 -9999 -9999 -9999 -9999 -9999 -9999 -9999 -9999 -9999 -9999 -9999 -9999 -9999 -9999 -9999 -9999 -9999 -9999 -9999 -9999
-9999 -9999 -9999 -9999 -9999 -9999 23.2709901583 22.8159579863 23.2746475197 23.4015037907 23.3868927574 23.5458204081 22.7725293792 22.6512762851 21.7712822522 22.0090027159 21.3436677027 20.9107344572 22.1611872802 22.0357791242 21.5821440017 21.7858531979 22.3114889077 21.6092096138 22.5768541256 22.5705540783 22.5295778656 -9999 -9999 -9999 -9999 -9999 -9999 -9999 -9999 -9999 -9999 -9999 -9999 -9999 -9999 -9999 -9999 -9999 -9999 -9999 -9999 -9999 -9999 -9999 -9999 -9999 -9999 -9999 -9999 -9999 -9999
-9999 -9999 -9999 -9999 -9999 -9999 23.4248280042 23.3096007614 22.6847083448 22.509313023 22.2079582947 22.4954912145 21.6259978206 21.2638022295 20.5052255427 20.3122333618 20.1249596798 16.7997621899 20.6105966715 20.0598518796 20.3555151172 20.9669456904 21.3731979676 21.3530590645 21.3371485798 20.7888539144 22.6499451274 23.5501795942 23.4298924394 23.3061302614 23.3658313106 23.4578541212 -9999 -9999 -9999 -9999 -9999 -9999 -9999 -9999 -9999 -9999 -9999 -9999 -9999 -9999 -9999 -9999 -9999 -9999 -9999 -9999 -9999 -9999 -9999 -9999 -9999
-9999 -9999 -9999 -9999 -9999 24.227057863 23.5197195676 23.4643521752 23.5046762889 23.5145212756 23.0896950271 22.7290276991 21.3985572 21.2809046287 20.9939291181 21.0462069484 16.459158588 9.24569765765 16.8912213461 20.1499983419 20.4348812008 20.3292102115 21.0939049436 21.1980453447 21.8165998097 22.0318595932 22.5744278953 22.6712154762 23.1356500512 23.1086082057 22.6455021734 22.9533917108 22.183304821 22.1079844387 -9999 -9999 -9999 -9999 -9999 -9999 -9999 -9999 -9999 -9999 -9999 -9999 -9999 -9999 -9999 -9999 -9999 -9999 -9999 -9999 -9999 -9999 -9999
-9999 -9999 -9999 -9999 -9999 24.5890403666 23.8586542042 23.9162595213 23.6487946796 23.4681961048 23.0062267584 23.1518838314 16.5578314412 13.7844439097 22.0010864481 22.0579436705 17.9301140873 7.77095268843 13.6202362182 17.4510532665 19.7175878359 19.7051109987 20.7787796119 20.7220257768 20.9057064871 20.380684268 20.6506977826 20.2492602726 21.6836300389 20.936787999 20.9847907969 21.671042862 22.0161039384 21.93812021 21.8049367744 21.9410024074 -9999 -9999 -9999 -9999 20.8620106695 20.6260029564 -9999 -9999 -9999 -9999 -9999 -9999 -9999 -9999 -9999 -9999 -9999 -9999 -9999 -9999 -9999
-9999 -9999 -9999 -9999 -9999 24.4358602306 23.901561726 23.8473788607 23.7097561049 23.9294956953 23.4324978902 23.3201199168 22.1416326164 21.9899723311 22.3158913354 21.7696162622 20.1812202347 21.5055860482 21.1150562015 20.7235736084 20.0872974343 19.5037187839 20.1683548996 20.0578060867 20.8430908941 20.6044701246 20.6595035587 19.9454636762 21.6578570695 20.4376761515 14.5837598939 18.4252388353 21.8655286505 21.4939876875 20.6510996004 21.9321552166 21.7495869589 -9999 -9999 21.5107309006 21.0684998341 21.0096239376 21.5067245369 -9999 -9999 -9999 -9999 -9999 -9999 -9999 -9999 -9999 -9999 -9999 -9999 -9999 -9999
-9999 -9999 -9999 -9999 -9999 -9999 24.7664521654 24.7212144465 24.032000632 24.0706535621 23.7739529535 23.8994945108 23.8028139174 24.1133600626 21.9122048201 21.7784030717 21.0661552861 21.0545283543 20.376283947 20.3664714373 19.9762738197 19.9386531514 19.7811345178 20.2726884455 20.229853291 19.9316352396 18.7067728215 18.7017685075 19.547118924 20.0645010636 18.7945621964 19.9520521387 19.5535211838 19.8275295361 19.968570017 20.4679530607 20.5216066912 19.3213107612 21.1295202472 20.970497457 20.6471106188 21.3001600516 19.261389154 17.8399172053 -9999 -9999 -9999 -9999 18.8164405284 18.1812058314 5.62332674675 -9999 -9999 -9999 -9999 -9999 -9999
-9999 -9999 -9999 -9999 -9999 -9999 -9999 24.8420187889 23.9263023131 24.0603105599 24.149292728 24.085012771 23.5458997975 22.7678099338 21.1829985947 21.9698615805 21.555415791 21.6055097807 20.9937496436 20.4928232946 19.6771767864 19.5543774933 19.6270037762 19.9203838427 20.087280908 19.6325033273 19.1964737275 19.3651665387 20.1186646933 19.8903504609 19.4651557162 19.3519157583 19.7383674309 19.8210104754 20.6078990946 20.6754826523 20.631067981 20.4458044783 21.1369816652 21.0468890701 19.7330159166 19.1027575178 14.1370835732 11.1420239504 9.46979013662 10.1779314081 10.6631042403 9.56868148332 9.05166955664 13.8579789353 16.0095182833 13.7288783503 -9999 -9999 -9999 -9999 -9999
-9999 -9999 -9999 -9999 -9999 -9999 -9999 -9999 23.9934518183 23.8768903828 24.3807863869 24.5001786797 23.7485147431 24.039363787 23.4220272452 23.3115310396 21.6848118307 21.8282144572 20.6629708618 20.7363611694 21.4555939231 21.3548626194 21.7246703272 14.6073497478 13.4525314418 14.0451276521 19.2508202349 18.6775303289 18.1204165119 17.0896323585 17.7289032751 17.446594855 17.8664045928 17.6007850151 18.4149126976 18.9510808663 19.4319684187 19.6314352225 19.5557349864 19.5700131155 18.2979613331 14.2145616065 8.96433635051 8.42899947988 7.85218733377 7.36797469628 7.90604248037 7.27721327734 6.65912184621 10.8207065748 13.2506739326 13.616631552 12.4317128647 -9999 -9999 -9999 -9999
-9999 -9999 -9999 -9999 -9999 -9999 -9999 -9999 24.2834671728 24.1157800676 24.2116820365 24.271060289 23.6091781371 23.6140302295 22.9583902138 22.7852447879 21.5343432851 21.812220677 20.7771065837 20.9213743668 21.4401297261 21.3258620502 22.1116291985 21.6375172247 17.20490756 12.1477077044 15.1125907377 20.1643038333 18.0117491161 16.9700976957 16.7249166231 17.2995013845 16.8009223397 17.3761051543 18.8169177219 9.44101147712 19.7714006537 19.5020793132 19.4652524135 19.4218622614 18.9551484811 14.7467282738 8.55388236255 8.51476374254 7.39657108521 7.33654575606 7.83591241765 7.40391911544 7.54377941147 14.2313980445 13.4272077423 13.4590627664 13.5434449276 15.6375983739 13.8545207523 14.1566734755 -9999
-9999 -9999 -9999 -9999 -9999 -9999 -9999 -9999 -9999 24.1934852409 24.3439744682 24.1206512865 23.7328118595 23.7087100459 22.8423073245 22.8372714119 22.7987725557 22.7982337924 22.9047383323 22.9755995748 22.9403517334 22.3026614934 22.6125432803 30.4335260033 22.8614479795 20.2517910946 13.121251257 10.7504712127 13.2094117214 17.5977835219 16.912988791 16.876714566 16.5101486408 15.4337386122 16.4337868406 15.2422048381 18.3768180367 18.2049519542 17.9046399435 17.8905220976 17.4613595426 16.9049842785 7.66855302571 8.40590999158 6.63173766759 5.82002451208 5.10811009977 5.36271064397 9.93471746183 11.0703519189 10.7883230349 10.6156000594 11.4092485506 13.5846997161 13.3748565861 6.75944941982 4.65013627262
-9999 -9999 -9999 -9999 -9999 -9999 -9999 -9999 -9999 -9999 24.1471334268 24.2935546578 23.7072677067 23.761478248 22.6221465429 22.3730665359 22.2547454276 22.8233016805 22.6014150901 21.9489140582 21.4417671578 21.0931042625 19.6211082966 21.375653225 16.3532191469 20.8975300053 17.0322200158 12.8008741405 8.12839366699 13.5764157191 17.2955147186 17.2548524521 17.3188412478 16.4246754974 17.6753686936 17.6779344551 18.2431516583 18.1865951761 17.9429798421 17.9655026694 17.5906569568 17.180405308 13.3280011979 8.03717027168 8.95412157705 8.38315692283 7.08121720116 6.21714858446 11.7519747023 12.126214597 11.528383058 11.2900213385 10.1730705024 12.2766128908 12.7072033168 6.12786358475 4.61366300676
-9999 -9999 -9999 -9999 -9999 -9999 -9999 -9999 -9999 -9999 -9999 13.3618131438 16.7997064264 23.409932359 22.3243846253 21.9676533922 22.0956546646 22.1137997894 21.380010845 21.9103607109 21.7232710505 21.6055718943 19.8991603862 18.6605762749 17.8150488505 9.11394362172 11.9755533741 17.0444435148 15.694413023 22.1855389642 15.835123823 15.8179565217 14.868885645 15.2194519732 15.8953901941 15.1440071238 16.7349229141 16.6960226212 16.8390776677 16.8787878862 15.9935686967 15.3416986621 15.1324954481 10.5468490361 6.71001389151 5.64213405755 5.71696474005 6.92842657518 8.01076185557 11.5254182577 9.78975624339 11.9427795378 11.9885458179 11.7334743304 10.690207009 10.3442554507 5.41923154834
-9999 -9999 -9999 -9999 -9999 -9999 -9999 -9999 -9999 -9999 -9999 12.4190133922 17.8641531858 22.8981220198 22.4351625439 22.2525526115 21.3193677597 21.2576679755 21.8102699265 21.8453480629 21.5508102838 21.9172305988 19.9429163215 19.1367107312 18.6879100449 19.5474563925 17.8575304597 14.5452727395 10.2260915923 13.4648390267 13.2090516341 11.4509176252 5.0878215617 6.17763010224 9.95590166564 16.0695585205 16.6575792419 16.8057546628 16.6857558898 16.3580123156 16.3455422738 15.8759526899 14.5421861797 14.8045767819 11.2516013219 7.65672179947 8.45182969362 9.27936731876 8.3572357652 6.72565353021 6.42175967013 6.4269647872 5.32314817511 11.0276633619 11.5438218821 11.0755584562 10.5681723034
-9999 -9999 -9999 -9999 -9999 -9999 -9999 -9999 -9999 -9999 -9999 24.2933433424 23.2725571938 23.1319156659 21.4817156509 21.6054045669 20.060579927 19.3215429458 19.8587333429 20.2609342507 20.4585754052 20.5311599219 19.1668797022 17.9299364687 17.673126944 18.129369694 17.7003095054 17.5960968841 17.0108204558 15.8846380889 10.3331532859 11.8205849856 14.4480763819 13.7270073402 6.88411685056 4.62490671556 4.22973868714 3.54280575971 14.4510809561 11.7394501737 10.4120297252 14.7238834607 14.6214391741 15.2370525182 15.891551689 15.0170279613 7.86850547695 7.32918733253 6.90376556127 6.67216857156 5.36187047487 5.87031226679 6.0434389132 7.0718721623 10.5593514774 9.93007479947 11.0685925108
-9999 -9999 -9999 -9999 -9999 -9999 -9999 -9999 -9999 -9999 -9999 -9999 22.9431617015 22.9331699762 21.9752439886 21.6808767834 20.7431746631 20.1173275519 19.0734094421 20.4345672701 20.6524872227 20.3938620168 19.5151012661 19.3643470858 18.244626475 18.372564125 17.8074418941 17.8999444635 17.3663960153 17.2258883077 16.9135964046 17.0078659759 15.832364041 9.71687942201 8.50433652037 13.9625242234 9.3830170663 3.21122071042 4.35590066388 15.4276807062 15.7553587345 14.4423701094 15.5958749192 16.2029954474 16.4102890418 16.4945438668 10.0909310211 7.39264548785 5.93957806537 6.41254026143 5.30182258752 4.39586040944 3.85040071419 3.8787332712 3.35663526115 5.01486326764 4.71239951124
-9999 -9999 -9999 -9999 -9999 -9999 -9999 -9999 -9999 -9999 -9999 23.6239076729 23.5252935542 23.4829639127 22.5546426008 13.8506325706 18.3851666063 20.5761495432 18.9596913324 19.4595704841 18.8789397681 18.8168172388 17.9512314051 18.0963271968 17.4842786316 17.4412199555 16.7106635989 16.7089390343 16.4877758442 16.3283042985 15.5958036671 15.6995134446 15.1119457661 15.0500445933 14.9602766401 4.61064162602 4.38187420627 1.94019180301 1.43845318654 11.3256440857 13.634482077 12.0389691235 16.952716674 17.1990136981 18.0091996132 17.9183470776 16.3550302715 10.0151151659 6.54123738266 6.54756712157 4.69979904827 3.29875313596 2.90314798694 2.92093441081 2.67147367698 2.88628581238 3.81209206046
-9999 -9999 -9999 -9999 -9999 -9999 -9999 -9999 -9999 -9999 -9999 23.8190858311 23.9830500114 23.7935881766 22.4331244452 17.1355137677 20.2823654069 20.5743821148 19.6988501332 19.7156626992 16.7442328001 17.4282299245 18.3358847606 18.234242661 17.6125771879 17.4737925469 11.5175345184 12.921059599 16.0361225034 17.2515747047 16.4299291598 15.760219662 15.0302407001 15.0498042482 14.8722232641 5.85457487749 2.50622462669 4.42044899922 2.09083934558 6.30489686237 12.7439504782 11.920660739 14.1767231155 15.8052007449 16.0419250237 15.5816102551 15.3527379269 15.0895840894 11.1150027421 9.36102672237 4.51671675077 4.54411050628 3.93483043541 3.70758654223 3.39866516846 3.1765679204 2.5558474007
-9999 -9999 -9999 -9999 -9999 -9999 -9999 -9999 -9999 -9999 -9999 24.2321510741 24.5120746216 24.1030154766 23.4139072081 23.3044444326 20.9754321548 20.8652499355 19.9614836295 20.5454487679 16.1392540437 8.04088674979 15.3558589448 14.608440123 10.5218792599 10.5285985026 12.0250124852 13.8838343872 13.2719441695 14.4491041874 14.0283552628 16.1541477146 15.5101057561 15.3153989555 13.8972556519 3.61903809823 1.12403537385 0.736999567889 1.51747271076 3.32315690422 12.7581295758 13.9251502187 12.5239701597 10.7159830341 10.8976498508 10.9301726454 12.7435840738 13.2216132376 12.0476520021 12.1076979023 5.96745761598 3.35176505433 2.96405337855 2.90174768957 2.88939015132 2.7712240002 3.14207647168
-9999 -9999 -9999 -9999 -9999 -9999 -9999 -9999 -9999 -9999 -9999 -9999 24.7077021479 24.3696276872 23.4395144051 23.0239947607 20.9246910557 21.2576571791 19.9326704996 20.2683944868 19.3249081069 19.9465674276 13.4596109003 10.6257396559 10.0809661609 9.97860953307 8.71732183139 9.00148500252 8.21653278694 7.64919754564 6.5580459991 11.0852966827 14.2604548082 14.495514526 13.5710067122 2.34045819016 1.4354552122 0.938346555183 2.04933650536 4.66015610657 12.9666664515 13.3438843456 13.4673178214 11.3151691048 11.069501294 11.0246189611 11.577471031 12.8514481342 11.480067948 12.6275458125 11.0949521173 5.93469799877 6.16087771039 5.00635168319 3.01835911802 3.36988708266 3.19736019499
-9999 -9999 -9999 -9999 -9999 -9999 -9999 -9999 -9999 -9999 -9999 -9999 25.0025237603 24.4136902394 24.0944468443 23.4751775145 21.5490890798 21.9370239072 20.6623125142 20.6961103824 19.9056037487 19.9363351631 16.4901175311 12.7671093075 10.8628848663 12.5163780285 11.6624960297 10.6333937301 8.83095296408 10.1280204765 8.22722510627 8.74171485317 14.5328852304 15.4693741335 6.36683318331 2.01033093078 1.78556363459 2.18332645105 3.7400420225 4.13072845505 10.4362022083 12.234526319 11.5210254514 11.4773563325 11.328979442 10.5497657826 9.66724611069 9.65155932246 8.93029421387 10.3422218616 9.54910977451 8.75986249033 6.76799938934 1.90148973194 1.27209754699 1.55790391554 1.45051848267
