data/recharge/transience/oldversion/mHM_recahrge_85.ASC
ncols   80
nrows    72
xllcorner    4374000.0
yllcorner    5656000.0
cellsize      500
NODATA_value  -9999
[rows 26 to 51 of 72, columns 0 to 56 of 80]
-9999 -9999 -9999 -9999 -9999 -9999 -9999 -9999 -9999 -9999 -9999 -9999 -9999 37.1538572013 36.0829816354 35.5622304818 35.7295992749 36.7510649668 34.4941436471 33.8751543656 32.1586054311 31.9353435296 30.466507357 26.2334885055 33.0509311931 33.0237419174 30.8226163376 29.2673553464 26.5589494224 27.2258730081 24.0184205229 23.6726512863 25.4656367214 28.4887593378 19.0992086002 14.0698525539 23.4710945151 20.1119222794 19.086221685 14.5073877782 12.8756888288 15.437290408 11.6974185099 13.8209073039 14.364267431 17.0577934007 19.6962072475 19.4088619574 13.5705138651 10.1558415584 9.31663037202 9.67987926431 10.2286856543 12.057966315 10.919833509 9.01323269213 9.36606637
-9999 -9999 -9999 -9999 -9999 -9999 -9999 -9999 -9999 -9999 -9999 -9999 -9999 -9999 36.8616762589 35.8823452601 34.3157019828 36.85579377 34.886092108 35.1802841158 33.0746731877 32.343524565 31.1132238889 31.9073580524 32.572261395 31.617982047 30.8824003308 32.2391386798 28.3198380343 25.9294517244 24.6569072975 27.3955557249 26.2205859809 31.7366749461 20.9520142734 20.8855890148 24.3700522865 18.0998686553 14.8285933355 15.1593143064 14.6129168416 14.0862876292 14.275377468 12.648228521 10.2429665823 11.2043441821 9.61695436633 10.5157050169 8.92528805018 10.027622285 10.0364415986 8.48702631219 8.19874996873 11.4932095832 9.56623377149 14.1395233775 17.4358121779
-9999 -9999 -9999 -9999 -9999 -9999 -9999 -9999 -9999 -9999 -9999 -9999 -9999 -9999 10.3974134589 24.0573171586 35.3125962652 37.2242380367 37.2973207581 36.9280753443 34.9476792021 33.2851450734 31.8234276213 31.7725127472 31.464005605 32.8542506641 31.0992929316 30.2281643674 29.5294143909 30.2780936215 23.7958991437 13.8963829433 25.849568004 29.3474913633 22.213953621 15.6625750397 23.5056901763 14.0933734965 14.5577333629 14.7235857279 13.1249070402 13.4345052919 12.2688229286 13.9454151998 12.2005344212 10.8583566745 9.84882164392 9.77695741817 10.4173782106 9.65983526182 10.7584072607 11.620492624 12.6016687222 16.2306872434 17.9360391037 18.0823061898 21.5071993845
-9999 -9999 -9999 -9999 -9999 -9999 -9999 -9999 -9999 -9999 -9999 -9999 -9999 -9999 16.209956871 24.5086519544 35.246520636 38.400155446 36.6292453189 36.5864432049 35.1003636797 34.2717110124 32.9482240801 32.3172410467 31.7472985379 31.5538987164 30.5651834246 30.3665884031 29.0762651211 29.3272786349 27.483732189 26.4244178644 25.710950079 31.5589781973 29.7634885315 13.0671688539 17.0534275726 18.9944712383 9.45700684743 13.8595369913 12.0007120537 12.9846338745 11.3888116291 11.6258552769 10.1048142372 11.0143481378 8.68262228776 10.5464046922 13.8179375405 15.29778358 14.9416010165 11.4780228842 13.6322712488 12.1815967348 12.8474258884 14.8828147408 14.560162085
-9999 -9999 -9999 -9999 -9999 -9999 -9999 -9999 -9999 -9999 -9999 -9999 -9999 -9999 37.6818844135 36.9196263193 35.7784702412 36.8592510024 34.873959705 35.0961251752 34.6257384879 34.6613445509 32.8997959855 33.339152648 33.1631119148 33.031847987 30.8770261306 30.6039787903 29.2881711467 29.2567141512 27.8054079336 28.0476106262 26.7389526504 20.2554163042 13.359788974 13.3816252012 12.397802432 23.0780734392 11.3654448321 15.215386395 14.8193927769 11.5478246612 9.4336947697 9.95977464854 8.83992120496 9.74152242597 13.772924205 15.4235289671 20.9709530497 22.3205535759 18.7866718389 20.3391372111 17.1815756707 16.3031573505 14.9467456462 13.837033985 15.3342929075
-9999 -9999 -9999 -9999 -9999 -9999 -9999 -9999 -9999 -9999 -9999 -9999 -9999 -9999 -9999 37.3036525802 36.599570236 36.6412662796 33.9488040039 34.2063642102 35.6931392969 36.1971593252 32.9307674974 33.1443344483 33.4486917769 32.4462439297 30.5695351041 30.4076694779 16.6308584785 28.6210138701 26.9079052011 26.8567603529 25.1396588564 18.2360507901 13.5093811008 13.5270259491 12.6490497078 12.6117133681 12.0609449896 11.8703457773 10.9871710777 15.7435432414 8.50239582908 9.25080182469 9.11377670906 9.61657387841 8.23593006297 8.60045471425 12.4315880444 13.7674360796 10.6536081723 9.9262796871 12.9095284507 16.0726089928 16.0335991077 15.943537489 15.7060940502
-9999 -9999 -9999 -9999 -9999 -9999 -9999 -9999 -9999 -9999 -9999 -9999 -9999 -9999 -9999 -9999 36.3417380141 37.3070109578 34.048530604 34.9832669339 35.204870418 35.9271761358 33.0768456354 34.5974050993 34.0977977605 33.3942629058 31.6369430388 28.0789341277 16.0878623794 25.250711138 27.4981256002 19.2437518537 12.9889912672 8.84094115656 13.5285127702 13.7152609405 13.0996123058 13.2399504359 12.7784897585 16.6968539072 27.1707830078 26.5261296023 21.4899816669 12.1902157517 7.89535712256 6.64744455362 5.78012033211 12.1176637793 10.1631600411 8.57400482344 11.0100874471 13.8335831287 12.5490841128 11.2721083603 12.6208439309 11.8536987105 11.7861549583
-9999 -9999 -9999 -9999 -9999 -9999 -9999 -9999 -9999 -9999 -9999 -9999 -9999 -9999 -9999 -9999 38.5796773382 37.5882377539 35.3223195894 37.7257649287 35.9857638956 33.9921166855 32.6366561603 34.5024938313 33.7377952803 33.8186763646 31.6791066047 31.1015547975 17.1542894198 24.2911662627 17.9536620775 13.039179545 14.6703210129 10.2625877609 13.7383232742 13.6320710758 15.9851191281 13.2873611238 12.7501289113 13.8451825012 24.1487803178 20.8153053288 23.4963244163 19.6965057407 13.6452014783 10.8843769249 11.4950711854 14.2248344377 8.36651245673 9.83658646847 12.3211475481 12.6545709111 14.9007115909 15.3193470844 16.9098057101 14.7602780745 11.8504408881
-9999 -9999 -9999 -9999 -9999 -9999 -9999 -9999 -9999 -9999 -9999 -9999 -9999 -9999 -9999 36.6821179573 36.8866985779 37.9918737425 37.6970169656 37.0718719414 36.0441696497 34.2108945126 32.40488038 33.7593251898 33.249009463 33.8102216535 31.881105694 31.7909302359 22.1098027929 27.0881710561 27.0428137645 27.2870317856 26.6182614207 22.2297873172 23.7715919908 26.7724861599 25.184879794 24.6267241779 21.7410324663 13.3270409311 20.8129507149 18.3937630064 14.6480926266 14.506977824 13.6561971593 11.6193635143 14.3754974108 14.1332228711 11.6912333882 12.3345383755 11.0954135584 9.50276361329 10.6867719196 11.4433355261 12.5529528073 12.7562466361 13.5004768107
-9999 -9999 -9999 -9999 -9999 -9999 -9999 -9999 -9999 -9999 -9999 -9999 -9999 -9999 37.9163721666 37.2865452 37.071876944 37.0369356759 38.7836207292 37.2423247411 37.9452913844 37.2826746155 34.4407363261 34.2736861983 32.2843612164 33.2627626645 31.4938652984 30.9831806809 28.425106911 28.550818224 26.66121649 27.0199636765 25.2114905173 23.4177633264 20.9031939151 28.0972984873 25.8407457642 22.5031220813 13.2457555415 18.9047833184 19.7260303488 13.1225182442 12.3751311998 13.033712524 9.91607030484 9.07982021433 11.9402543236 13.1823415286 12.0915705394 10.6994281828 10.2877867748 10.2214571519 11.1825113715 11.0134325846 11.0949233499 11.5312955057 11.289896948
-9999 -9999 -9999 -9999 -9999 -9999 -9999 -9999 -9999 -9999 -9999 -9999 -9999 -9999 38.1874383897 37.7290550699 38.2349373053 38.5200843226 36.0418367143 37.9410974996 36.2184827497 36.5947609562 34.4241495335 34.2610585254 31.5935697832 32.101834308 30.390858204 30.5701123394 28.4017822519 28.4692674408 27.408745955 27.6455825972 22.5887139783 21.8604262333 19.3385294283 24.960112311 27.114268402 29.6046009188 21.609263913 21.8900847823 24.1724837382 23.1862755576 14.539238132 13.8203311646 12.6342655483 9.61398319273 12.185874727 16.3520062438 15.0021995288 16.1455833594 16.0839817757 16.0350332042 14.208216339 13.3626506484 14.3709696126 14.1132095426 12.6080535868
-9999 -9999 -9999 -9999 -9999 -9999 -9999 -9999 -9999 -9999 -9999 -9999 -9999 -9999 -9999 -9999 38.7911782273 39.0178359205 38.2923630575 38.1383192307 37.761636421 36.799722539 34.9351363698 34.7218542778 31.9203295445 32.4665242262 26.423986496 26.9507057452 23.947669446 26.1903664024 26.9200261168 23.7783394844 22.0245849286 20.8879513998 20.3124371125 20.3841789069 23.1767618625 22.8810767703 24.7831834704 23.310060193 18.3261085036 18.3022561099 21.7813128042 19.9367507433 10.657939807 11.6588837338 10.6425411679 12.1226829734 12.3673553752 13.8084170592 13.6346363607 13.8332768515 13.2074013901 12.2623626963 10.1341114849 10.5310614583 13.4253573695
-9999 -9999 -9999 -9999 -9999 -9999 -9999 -9999 -9999 -9999 -9999 -9999 -9999 -9999 -9999 -9999 36.675699062 36.5594015616 38.508216757 37.2865510945 36.3851140822 37.512320521 33.9356565012 33.9664950332 32.7159089063 33.1895358996 28.8141697316 28.4774098767 26.1276644011 26.3599772252 26.1829160719 25.7522766881 23.0972216622 21.4599350394 18.2280520584 18.7403425488 18.4625736018 19.5570388726 16.3893232597 15.5620923996 16.6139585854 18.4470058969 14.5139713706 17.4483578649 18.2759895467 11.5615608143 7.89309604964 10.6506182459 11.9600658069 10.3998567028 9.01292103322 9.11315459847 7.75751409342 8.58128241924 8.27413730782 8.31009859968 8.55616429759
-9999 -9999 -9999 -9999 -9999 -9999 -9999 -9999 -9999 -9999 -9999 -9999 -9999 -9999 -9999 -9999 -9999 -9999 38.5521496812 37.775137099 35.8668423956 36.3598352084 35.6725368618 33.8802077634 32.3596802721 33.2190589326 28.2996477099 28.2417342807 26.0302421927 25.851130072 22.9031956985 21.8587348939 20.770572974 21.4219696634 18.0836669971 19.6376031002 18.9940477512 16.8175965912 15.7416597437 17.9822143606 15.3751197427 14.4903569095 13.8368260163 13.7843471706 11.9877640739 13.9201486325 8.91318068765 8.97647702147 11.8921510662 9.55355650024 9.48589883452 9.88297713287 7.89469080002 8.06452249844 8.76152171883 9.18656327387 9.05162825814
-9999 -9999 -9999 -9999 -9999 -9999 -9999 -9999 -9999 -9999 -9999 -9999 -9999 -9999 -9999 -9999 -9999 -9999 -9999 36.8708771921 36.1209626077 36.3787149342 35.8552036001 35.5086649806 33.1204480135 32.8262963923 29.9384254755 27.9172769889 23.1007051057 22.7602088896 21.7767587345 21.6781481348 19.4662763673 19.2302499665 16.604410824 16.2448391025 15.758883492 17.6569983179 15.8876496662 16.8632633747 14.6093115962 13.9535208824 12.2560897149 13.9112938095 13.5169718488 13.8379443271 12.6908090732 8.90326747933 7.72760506341 11.2078210117 9.84110620739 9.0914392478 7.7209409331 7.66299274413 8.67388223196 8.39338699234 7.32258130051
-9999 -9999 -9999 -9999 -9999 -9999 -9999 -9999 -9999 -9999 -9999 -9999 -9999 -9999 -9999 -9999 -9999 -9999 37.8246711506 38.2107523389 37.6857085986 37.5507245906 35.547093206 35.3711949869 32.9203899897 32.2450748511 29.2611361468 30.4136087139 24.4251297109 23.7161791621 19.8854686234 11.6735767612 20.4954097015 20.320790515 18.947363125 20.1455028305 21.0962233991 20.7733698738 19.5313470869 18.9067561197 17.2310094867 14.6053497485 13.3392870419 14.2852737522 13.7963030657 13.9633763877 12.849041363 16.3888755513 12.6408504928 9.06352022795 11.5555676082 13.8047747526 13.6408761571 12.0665305611 10.4952881635 9.77095908265 9.24268151036
-9999 -9999 -9999 -9999 -9999 -9999 -9999 -9999 -9999 -9999 -9999 -9999 -9999 -9999 -9999 -9999 -9999 -9999 -9999 36.4959448526 36.2411777408 36.0271463648 35.4841835025 35.380026355 33.5373031418 33.2202262253 29.6658851304 29.3336726428 27.6930710495 29.0044034518 20.8733434165 20.9475618699 24.9403745178 21.0021517551 19.3913002591 18.3422558508 15.7105148369 14.6912113777 13.4761782966 13.4878320237 13.2500557912 15.0257432096 15.4847891365 14.9229665968 13.5022180373 18.0940890818 14.9082724288 13.5704135032 14.2694189256 11.0840495917 6.78903778939 16.6560311382 16.3805224919 11.0593032305 15.8978483517 8.20418486569 7.21050660743
-9999 -9999 -9999 -9999 -9999 -9999 -9999 -9999 -9999 -9999 -9999 -9999 -9999 -9999 -9999 -9999 -9999 -9999 -9999 -9999 35.6425641493 35.978782932 35.5297242526 36.516610854 33.0946338394 33.1228679559 29.5933829905 29.4649081678 28.4343446616 28.1091117407 26.7155242985 26.6060323372 23.1359411533 20.1536341916 17.1733840154 19.7622440802 18.2132927495 18.6794271623 18.2854873746 17.4283994442 14.6519094748 16.6318946129 16.6936587155 15.8254081433 17.3958916877 16.4158345867 14.6367437355 15.452671058 14.6112510758 15.6464630646 12.9449650012 10.2219351879 7.11582751475 9.04241541388 15.8507918696 8.30845723911 8.46590557468
-9999 -9999 -9999 -9999 -9999 -9999 -9999 -9999 -9999 -9999 -9999 -9999 -9999 -9999 -9999 -9999 -9999 -9999 -9999 -9999 -9999 35.4605825652 35.9812575045 36.6306979719 31.9097591706 31.6053184782 29.4802870664 30.0464850216 28.1045455103 27.9504301638 25.9165805172 27.4428385175 23.5397695549 16.0392517868 22.695097111 21.6900364084 18.5808560413 16.9372012613 15.8876323771 16.1328902146 17.8249153246 18.1889875017 18.6308141528 16.5735495227 14.901802248 12.868797537 14.1611956444 14.8471768743 14.3047550182 15.6471882755 14.9421537672 14.5141061473 12.0421418805 10.0511443985 4.98267733043 6.20293605265 6.93215185636
-9999 -9999 -9999 -9999 -9999 -9999 -9999 -9999 -9999 -9999 -9999 -9999 -9999 -9999 -9999 -9999 -9999 -9999 -9999 -9999 -9999 34.6394148102 35.3286519206 35.2846702173 33.3196244822 32.4396799547 30.4881742513 30.9537367747 28.3588231979 27.5743780549 13.1605493948 25.6936629233 24.8668351293 22.203481256 17.8159462212 18.2200374375 16.8545359365 17.5211968464 16.6904243391 17.9761367632 17.8924414542 17.5923322758 15.5811619077 15.6185088385 16.8939844389 16.5176621806 15.6083411518 15.4301554239 12.5745298614 12.6499416435 12.5662417019 9.40931193994 12.0678151906 7.50469747286 7.59785043322 5.37641386764 5.72111093101
-9999 -9999 -9999 -9999 -9999 -9999 -9999 -9999 -9999 -9999 -9999 -9999 -9999 -9999 -9999 -9999 -9999 -9999 -9999 -9999 -9999 -9999 35.1275720064 35.8172745045 35.1199386707 33.4798538418 30.6129191271 31.8324762122 26.2028743814 26.7829157164 27.0138335538 27.4132631588 22.6034737943 21.3572751816 21.0526122568 19.3051053718 19.2289601085 18.7324219984 18.4346051351 18.174954325 18.1786068202 15.3042778268 15.6479936164 17.3723434292 13.6163735056 12.8890757951 11.5294903665 13.3338825493 14.8707409556 15.769200628 7.06641371531 11.1292251476 17.6553973688 10.1052567803 5.59835938336 4.94928573336 5.41677053332
-9999 -9999 -9999 -9999 -9999 -9999 -9999 -9999 -9999 -9999 -9999 -9999 -9999 -9999 -9999 -9999 -9999 -9999 -9999 -9999 -9999 -9999 35.4102134835 35.1561353982 34.7577775711 33.7674571312 31.2320875522 30.1934417049 26.3821248959 26.8168607769 24.4246724487 24.6515624586 23.3673253838 21.5675213007 19.4388905537 21.3269532543 18.7484814032 18.4783001352 19.3968257332 19.0774156692 16.2544977286 18.3255228334 15.7745349244 14.1123664818 13.0540168498 14.834419852 16.2341275471 16.2015265291 12.2764582344 12.371729 12.0958563657 18.1576940203 8.8043722405 13.0104511875 9.48740854654 8.91331742219 7.28954085013
-9999 -9999 -9999 -9999 -9999 -9999 -9999 -9999 -9999 -9999 -9999 -9999 -9999 -9999 -9999 -9999 -9999 -9999 -9999 -9999 -9999 -9999 35.0760734157 35.4107120893 36.7256840308 34.7304428675 32.1747127821 31.2912732526 27.8802546877 28.2712134697 25.3000209826 24.2631007747 22.3888688879 21.8745599484 21.6923118157 19.2205009867 18.6841034236 20.6093916291 19.5629401309 18.9398355109 18.4987009783 16.8941850396 14.2198957673 15.8368379986 17.0208218236 16.695911334 16.4747103817 15.5347270075 13.4076183707 13.4224994413 14.5744742424 13.3531431948 12.2941372926 12.6967493151 12.9759271613 13.5228222464 9.67052328389
-9999 -9999 -9999 -9999 -9999 -9999 -9999 -9999 -9999 -9999 -9999 -9999 -9999 -9999 -9999 -9999 -9999 -9999 -9999 -9999 -9999 -9999 -9999 35.8538827687 36.6802202774 34.9438893114 31.9711352863 30.6598258679 27.650231148 27.8521316839 25.3525726019 26.0594431192 24.2369780705 24.2750458057 20.7812239715 21.5097234139 21.1698976513 20.2218106523 17.2303723973 16.5710898409 14.3156181803 16.4408548139 17.893791727 17.8813917672 16.6340272329 15.8369311179 12.1213004385 11.5002226703 10.9405394853 11.5020030316 9.73515607139 11.2548851493 12.0363482548 15.5319204421 10.7211295873 8.4661461927 11.7529844747
-9999 -9999 -9999 -9999 -9999 -9999 -9999 -9999 -9999 -9999 -9999 -9999 -9999 -9999 -9999 -9999 -9999 -9999 -9999 -9999 -9999 -9999 -9999 33.5983973076 36.7810585391 35.2933612512 32.3565362268 33.1810578911 29.1238532952 29.5614254254 26.7349857053 27.1680520044 24.9243727951 24.5692593409 22.1334708783 21.743165178 20.3727353516 19.346619869 18.1699545278 14.6815066254 20.3036369572 20.6047185367 20.1057415333 17.7996859656 14.4904317299 15.0496966044 15.5424066185 16.3696596179 14.6939102269 14.517055067 14.9679921989 15.2265395522 12.1579183579 10.215250142 9.96361806964 12.8157422448 10.1518231694
-9999 -9999 -9999 -9999 -9999 -9999 -9999 -9999 -9999 -9999 -9999 -9999 -9999 -9999 -9999 -9999 -9999 -9999 -9999 -9999 -9999 -9999 -9999 -9999 37.2368377437 35.4627972529 32.5486993912 32.9466713268 29.740862889 29.6358753986 26.1645376037 21.299487218 24.2860594345 24.7895053017 23.929929196 20.1571484402 18.5512043517 21.2003154536 20.7747831732 21.3859362953 21.2984625677 18.1239356998 16.1028947351 16.8335119277 17.0626176795 16.4562842607 13.7280453769 15.1852728535 15.6331636921 14.7294357452 12.5851275617 10.5073714735 11.0380216537 13.9222950992 12.7653049237 10.6505881605 10.8029395196
