data/recharge/transience/oldversion/mHM_recahrge_243.ASC
ncols   80
nrows    72
xllcorner    4374000.0
yllcorner    5656000.0
cellsize      500
NODATA_value  -9999
[rows 0 to 25 of 72, columns 0 to 56 of 80]
-9999 -9999 -9999 -9999 -9999 -9999 -9999 -9999 -9999 -9999 -9999 -9999 38.0215423828 39.0435577055 -9999 -9999 -9999 -9999 -9999 -9999 -9999 -9999 -9999 -9999 -9999 -9999 -9999 -9999 -9999 -9999 -9999 -9999 -9999 -9999 -9999 -9999 -9999 -9999 -9999 -9999 -9999 -9999 -9999 -9999 -9999 -9999 -9999 -9999 -9999 -9999 -9999 -9999 -9999 -9999 -9999 -9999 -9999
-9999 -9999 -9999 -9999 -9999 -9999 -9999 -9999 -9999 -9999 -9999 -9999 33.1042128483 31.8371092663 31.3770098373 -9999 29.51418746 -9999 -9999 -9999 -9999 -9999 -9999 -9999 -9999 -9999 -9999 -9999 -9999 -9999 -9999 -9999 -9999 -9999 -9999 -9999 -9999 -9999 -9999 -9999 -9999 -9999 -9999 -9999 -9999 -9999 -9999 -9999 -9999 -9999 -9999 -9999 -9999 -9999 -9999 -9999 -9999
-9999 -9999 -9999 -9999 -9999 -9999 -9999 -9999 -9999 -9999 32.18438653 31.4062607064 31.9889156975 31.1570569642 28.3992937631 28.8559929439 28.3305047381 28.9672164275 -9999 -9999 -9999 -9999 -9999 -9999 -9999 -9999 -9999 -9999 -9999 -9999 -9999 -9999 -9999 -9999 -9999 -9999 -9999 -9999 -9999 -9999 -9999 -9999 -9999 -9999 -9999 -9999 -9999 -9999 -9999 -9999 -9999 -9999 -9999 -9999 -9999 -9999 -9999
-9999 -9999 -9999 -9999 -9999 -9999 -9999 -9999 -9999 32.7187684434 31.666971166 31.4106440838 30.8072065489 31.0095726117 29.2180141357 29.3874828313 28.8231857856 29.2687183049 -9999 30.2732290833 -9999 -9999 -9999 -9999 29.7545911819 30.4603693278 -9999 -9999 -9999 -9999 -9999 -9999 -9999 -9999 -9999 -9999 -9999 -9999 -9999 -9999 -9999 -9999 -9999 -9999 -9999 -9999 -9999 -9999 -9999 -9999 -9999 -9999 -9999 -9999 -9999 -9999 -9999
-9999 -9999 -9999 -9999 -9999 -9999 -9999 -9999 32.5805135192 31.9661195205 30.4618215206 30.7818879293 29.3035617811 29.1347494981 28.2268093907 28.4827602804 27.6530585624 27.2743043046 28.0049411986 28.3257659553 27.5855646174 27.9846894393 -9999 28.2298072433 29.8465753121 30.3488793988 -9999 -9999 -9999 -9999 -9999 -9999 -9999 -9999 -9999 -9999 -9999 -9999 -9999 -9999 -9999 -9999 -9999 -9999 -9999 -9999 -9999 -9999 -9999 -9999 -9999 -9999 -9999 -9999 -9999 -9999 -9999
-9999 -9999 -9999 -9999 -9999 -9999 34.4208327236 33.2995628585 31.5950022805 31.6551571012 30.943081272 31.0771909087 29.6764578146 29.6500871016 28.3835404591 28.6049661078 28.0252814749 27.3854128826 27.9903752892 27.8373975038 27.2862471395 27.4921870807 28.6724759776 28.2620068573 29.6091776773 29.7707110402 30.6866882417 -9999 -9999 -9999 -9999 -9999 -9999 -9999 -9999 -9999 -9999 -9999 -9999 -9999 -9999 -9999 -9999 -9999 -9999 -9999 -9999 -9999 -9999 -9999 -9999 -9999 -9999 -9999 -9999 -9999 -9999
-9999 -9999 -9999 -9999 -9999 -9999 33.7221947515 33.1306742234 30.6201598856 30.3932574593 29.6113566308 30.0718007163 28.6858810615 28.1819830046 27.3376759098 27.223200079 27.470022047 22.4765296306 26.6893795248 26.5593592074 26.5698270139 27.296581677 27.3829534052 27.5267840822 28.0054357803 27.6443475386 29.7013281225 29.8826112634 31.7834464212 31.7477484012 31.6223781532 31.8842087331 -9999 -9999 -9999 -9999 -9999 -9999 -9999 -9999 -9999 -9999 -9999 -9999 -9999 -9999 -9999 -9999 -9999 -9999 -9999 -9999 -9999 -9999 -9999 -9999 -9999
-9999 -9999 -9999 -9999 -9999 34.4506898736 33.6328649849 33.2655460519 31.3837270796 31.2754149456 30.233734054 29.7953433619 28.344638647 28.1354793281 27.944845153 28.0871581362 22.0570366229 11.7845297352 21.721928501 26.7743548672 26.7185818402 26.6380823208 27.0076819395 27.0981318345 27.9984778135 28.4236205712 29.690998926 29.0695829273 31.2808530727 31.3288519685 31.060911698 31.4783951925 29.8430271563 29.8580910267 -9999 -9999 -9999 -9999 -9999 -9999 -9999 -9999 -9999 -9999 -9999 -9999 -9999 -9999 -9999 -9999 -9999 -9999 -9999 -9999 -9999 -9999 -9999
-9999 -9999 -9999 -9999 -9999 34.6170482995 33.139387095 33.2937762305 31.3927751306 31.2365481607 30.2692550608 30.3756198384 21.3710188442 17.5147223454 28.7081738234 28.3480342232 23.490074125 9.63881721301 17.5706451605 23.0674875725 26.8403265386 26.5203753037 27.0819331064 27.1163135739 27.0514685741 26.5258524628 27.4621577223 27.0164134671 27.5828275574 26.4705061378 25.718657713 27.2317207891 28.4880362488 28.5484016148 28.7974281311 29.0351285149 -9999 -9999 -9999 -9999 29.4892721552 28.8971804731 -9999 -9999 -9999 -9999 -9999 -9999 -9999 -9999 -9999 -9999 -9999 -9999 -9999 -9999 -9999
-9999 -9999 -9999 -9999 -9999 34.4554155582 33.5738852094 33.084025247 31.3499222297 31.714845598 30.8375141245 30.7358582578 29.0312698342 28.6379824878 29.1082879071 28.4188680775 26.4276647249 28.0211961981 27.8121946568 27.5164485855 27.1115341228 26.2108916435 26.5231041319 26.4458191606 26.9814973144 26.9317258977 27.2450515655 26.9671845217 27.7858197849 25.7339415101 17.9331253096 23.4313242239 28.2162343249 28.1764378538 28.4192550757 28.8054151717 28.935050851 -9999 -9999 30.8730162125 29.2778328533 29.3791387619 29.1589527407 -9999 -9999 -9999 -9999 -9999 -9999 -9999 -9999 -9999 -9999 -9999 -9999 -9999 -9999
-9999 -9999 -9999 -9999 -9999 -9999 34.3663021586 33.8794763063 33.0588744016 33.3758130157 31.3103822492 31.298875333 30.9071896091 32.4840962406 28.5256852405 28.4610869362 27.5593902911 27.6825632904 27.3414339782 27.2676032659 26.9355543946 26.7233381764 26.3777118535 27.0882442924 26.8326025076 26.5987593549 25.3424712614 25.7347426091 26.3507764781 26.4683617926 24.9499928807 26.4309565233 26.313361792 26.8048039379 27.0709083284 27.1039548172 27.7146961096 28.1317841511 28.4140873864 28.2023295588 28.2678308214 28.8074174532 27.7259820123 27.7791424601 -9999 -9999 -9999 -9999 29.4786489341 29.0651126804 7.74256830384 -9999 -9999 -9999 -9999 -9999 -9999
-9999 -9999 -9999 -9999 -9999 -9999 -9999 34.6563516584 33.0991912727 32.9956201087 31.5765139188 31.7651186014 30.3864931237 29.2359866252 27.8266149986 28.5322750038 28.1223699205 28.1478742638 27.5742283313 27.0754028815 26.5493042512 26.2764055784 26.2562639061 26.7831361912 26.8079590271 26.2543758472 25.919836426 26.1227160765 26.6095012885 26.42290284 26.1112710179 26.0341689226 26.4122135758 26.4235143839 27.1761433276 27.376399437 28.0630194813 28.0812392759 28.5638068572 28.3561862658 27.611914258 27.8730317553 28.0500439019 25.9040477755 24.7537908732 25.2499679443 25.9966603195 25.4573341646 25.1278201406 28.0198877867 26.1090850711 22.4154255251 -9999 -9999 -9999 -9999 -9999
-9999 -9999 -9999 -9999 -9999 -9999 -9999 -9999 33.3740768539 33.2865414719 32.1098009634 32.0790408112 30.5730710153 31.0687612803 30.5330345924 30.2481353456 28.305076184 28.6193254871 27.5843769145 27.3564269954 27.6598357773 27.5801235818 34.6992064256 38.8982176386 37.4376776283 38.1601716142 30.5868326642 25.6684500664 25.2920053748 24.444498464 25.0442031737 24.8371747391 25.3604849948 25.1139717717 25.9448840655 26.0909821395 26.5391105344 26.7873926921 27.0894768726 27.2827111118 27.3740449147 27.1772151536 23.6442201301 23.3024018642 22.8626161528 22.5060837253 23.3466654261 22.9301173223 22.4253310195 25.8722489553 25.4474028227 25.6409474881 24.7741640915 -9999 -9999 -9999 -9999
-9999 -9999 -9999 -9999 -9999 -9999 -9999 -9999 33.5268506737 33.5035069961 31.9315244876 32.0635189273 30.8308198497 30.8722576878 29.9178898923 29.5830404179 28.0288282281 28.3937349839 27.4453342103 27.4823123244 27.746637029 27.6061102942 38.7659879222 41.850592123 39.2287035469 36.7186130274 38.351660971 31.0831557855 25.1558066656 24.4273983888 24.7026716435 24.7198753861 24.8861331519 24.9854987799 26.0044760461 11.5821543185 26.9223040627 26.6691933057 26.8684885114 26.8697054269 26.7842377847 27.3400004467 23.4551719264 23.3515338173 22.5690844274 22.5141055021 23.2993405017 23.0076502047 23.4848961823 25.79840349 25.3626139232 25.3969982684 25.0657116148 25.4739820944 24.8588160711 25.0813430167 -9999
-9999 -9999 -9999 -9999 -9999 -9999 -9999 -9999 -9999 32.9959701472 31.7128267168 31.8775410779 31.0638721666 30.7468065494 29.3644008469 29.2665529335 28.890819624 28.6417022288 28.5548333351 28.6835703285 29.1338271947 28.3018056567 31.2983756701 46.6084787167 41.0780839336 40.0524071261 36.0811186553 35.6176238807 30.4741916675 24.8222706816 24.5382072745 24.524002793 24.4259405536 23.6441345524 24.421293371 21.7420063875 26.203412697 26.0791573085 26.0725729637 25.9787609502 25.9503621789 25.8389055006 22.6090980313 22.9076760992 21.473608111 20.8364202284 19.9691191168 20.3889115972 23.7653207611 23.5736532136 23.464231258 23.3617994464 23.6582757666 24.3245673923 24.487808318 21.8106485388 18.9669093935
-9999 -9999 -9999 -9999 -9999 -9999 -9999 -9999 -9999 -9999 31.4029756832 31.7566417363 31.129641015 30.9675480677 29.1675426124 28.9206455484 29.1880326785 29.6187760759 29.2997856121 29.0397194708 28.1026428116 28.0239946422 26.4648727526 36.9867449954 39.3101323805 39.9558105817 37.1447142147 36.22921312 32.8616722323 32.6044902732 24.8122648734 24.747201391 24.9916774607 24.4565614587 25.4879059135 25.4796177165 26.0166557496 26.0334693106 26.1236539515 26.1467685734 25.9869353142 25.9916494722 25.7915482409 23.2830509534 23.4938435972 22.7621322244 21.6955105263 21.0891638333 24.0389609696 24.1471389625 24.1665282948 23.7549195184 23.2061844478 24.0295648914 23.7437419418 21.0993138068 18.9053323336
-9999 -9999 -9999 -9999 -9999 -9999 -9999 -9999 -9999 -9999 -9999 16.864525234 21.3280843778 30.4904536715 29.065974297 28.6787577985 29.8944706715 29.9747423712 28.6826764404 29.0079287652 28.2515591574 28.2660701396 26.7811590369 25.9393892111 30.1273872276 35.0336936967 35.0933019222 38.8026357146 36.3252091381 23.2594216644 29.8564469725 25.0925374411 23.4899195111 23.634374223 24.332837075 24.0281165973 25.0412628586 24.9819008112 25.4355576626 25.5377267287 25.3301285409 24.8373641276 25.2305860633 25.3462680726 21.6662378949 20.5219422924 21.1379410624 22.142321827 23.2024958047 23.4257901236 22.7961111982 23.4773277644 23.0620350139 22.8924403752 22.157814301 22.3642603615 19.4134457305
-9999 -9999 -9999 -9999 -9999 -9999 -9999 -9999 -9999 -9999 -9999 15.6713707141 22.6272860618 30.0146766346 29.2316235649 29.2661080804 29.0723586128 28.8075994846 28.3296397893 28.3252278802 28.1255934247 28.5029443071 26.7033255402 26.389375896 26.0767804989 26.6756416117 31.6462156408 37.2485098054 34.5688853171 32.3007913147 33.3499486967 32.7276587371 29.2619002653 31.3704404745 31.3323208511 25.9581614859 24.8855300987 25.148619854 25.1826297053 24.7786668596 23.3764786322 24.9988300635 24.5757534686 24.8515924739 25.7820123562 22.4394573221 22.8912666164 23.7090670507 22.7987981419 21.6807628727 21.048925478 21.5412746285 20.3367666506 23.7837053821 23.1325602753 22.6295439872 22.251988218
-9999 -9999 -9999 -9999 -9999 -9999 -9999 -9999 -9999 -9999 -9999 31.9471162039 29.9614562542 29.8597216573 28.5262997126 28.7242135545 27.5497771814 26.9378071934 26.9514872731 27.4657385536 27.3267058504 27.4025308265 26.3393130093 25.3959506515 25.2409305339 25.3375591075 24.835451303 24.6897139535 24.4758545769 28.8820776149 32.2372580821 34.9008890946 35.3712982205 36.3077645522 29.7459936777 24.5035670633 28.3337991405 28.1590514845 25.7933885237 18.6646569827 14.8238766259 24.4774663643 24.5228406767 25.1388855797 26.1370775606 27.3185302396 22.9530767237 22.4717055055 21.7304219804 21.5061023451 20.0077742612 20.5679756719 20.7165020382 22.3763698918 24.0144427212 19.2978787903 18.509289686
-9999 -9999 -9999 -9999 -9999 -9999 -9999 -9999 -9999 -9999 -9999 -9999 30.3291200444 29.7522201124 28.9821830148 28.5638674674 27.7473478824 27.5601530725 26.4903851664 27.5153638703 27.6252255358 27.2796677667 26.5884856169 26.517821285 25.4556408178 25.6324735648 24.9849556076 25.1066163947 24.5910831577 24.402087869 24.3229262468 24.4301156307 27.3630062497 32.180877096 32.0402958162 16.1571418322 29.9507684445 26.4497066941 31.0306233451 24.3736337798 25.0465412739 24.0877158226 25.174583684 25.7076346118 26.1036686253 26.4501381188 25.60663419 22.5259301835 20.6967691374 21.0599241941 19.6965526557 18.991035053 18.2277861588 18.3732436998 17.2434236161 17.9364650644 9.80784912035
-9999 -9999 -9999 -9999 -9999 -9999 -9999 -9999 -9999 -9999 -9999 31.310091441 30.9697105044 30.3573574324 28.8682400925 17.2334478548 24.2360046846 27.9811985892 26.6913574664 26.9480691089 26.3918348271 26.3161171322 25.5117106597 25.720716059 25.0772532297 25.0238687198 24.13178225 23.9721826408 23.7524203112 23.5318360093 23.1791079372 23.3262661546 23.0941286703 22.996795216 23.3848598527 30.0691002127 28.2723773822 21.8031383005 21.4942099707 24.6068719363 24.0597599818 23.1026295533 26.0650051295 26.6104281511 26.9657659146 26.7553778218 26.4921000868 25.4965703928 21.8043702776 21.7173199219 18.9879233982 16.879411824 15.8517701531 15.8858846754 15.1862422918 15.7352436843 17.5725210076
-9999 -9999 -9999 -9999 -9999 -9999 -9999 -9999 -9999 -9999 -9999 31.6100611597 31.2736860276 30.7300753096 29.2473766592 22.0503863762 27.0996329189 27.8805648852 27.3672391327 27.4110509117 22.5552990505 23.6354875256 25.8736837807 25.8423872131 25.2255023742 25.4116943598 16.1363377041 17.3734641395 23.0699529838 24.6988389592 24.2394893598 23.4106636371 22.9686044171 22.9955675468 23.2638722361 28.8575101882 23.8929016831 27.44850824 22.3559179028 28.7580284327 23.2370718664 23.0607867678 25.1404856012 25.8377580301 26.3247047348 26.1400151551 25.587994458 25.7939432142 25.1175052089 24.5214301191 18.7259340127 18.7816461737 17.6730678653 17.3963375435 16.7330402722 16.3206156008 14.8354108443
-9999 -9999 -9999 -9999 -9999 -9999 -9999 -9999 -9999 -9999 -9999 31.6333459609 31.7555456189 31.0049407105 29.8288200976 29.6408394202 27.7035473826 28.1294349139 27.4409570254 28.1710884834 22.8825615056 10.1813311346 22.3030264326 26.1005135005 22.8967690856 22.9361843058 23.72790759 24.610728269 23.746014971 23.7701315761 23.5825469536 24.3493851082 24.1030969771 23.894999114 22.9022458401 25.4724905583 16.7291979233 13.019428945 20.529121425 25.5453770757 23.390004028 23.8736797621 23.8661394672 23.177755809 23.789509637 23.8679024841 24.2520330079 24.2844824154 23.669978016 23.6146355339 20.3191575831 16.3751558081 14.9701181508 14.7849856441 14.0847007822 14.4474450625 15.5598905136
-9999 -9999 -9999 -9999 -9999 -9999 -9999 -9999 -9999 -9999 -9999 -9999 32.1502843228 31.4712018819 30.2591687901 29.5489151257 28.0976411296 28.5255492429 27.5504468324 27.7099081564 27.1660382868 28.0241249237 25.4520210776 23.3883258824 22.6218389118 22.5417205434 21.1526501699 21.3851079295 20.5577806166 20.0092744604 18.9493931832 22.1863824134 22.4929708168 22.8391112809 22.5224826341 23.995728052 19.3610150235 15.0905351709 23.3735009667 28.3912635412 23.7446534896 23.3593187202 24.3111967259 23.2776049711 23.7536461158 23.6623397149 23.6617556754 23.8522969788 23.0998093631 23.4054228714 22.3105523128 12.6700308357 13.7946716607 18.8509359238 15.1359125729 15.2047029311 14.7458870588
-9999 -9999 -9999 -9999 -9999 -9999 -9999 -9999 -9999 -9999 -9999 -9999 34.0956376247 33.0722033037 30.9581629892 31.5119334511 29.4475034309 29.3545628006 28.2773222758 27.9173336784 27.7333886111 27.7864419259 27.6295292056 25.2392409479 23.7191095953 24.1664780031 23.8086703488 23.427801442 21.8792054411 22.823635065 21.2824447207 21.7517977536 25.0103989892 24.5942639041 29.260155459 22.861879559 18.5535377308 23.5685256245 28.0335944355 26.3035000347 24.00926925 22.954176545 22.4046339526 22.3350918976 22.1636709606 22.2660426509 21.8508713549 21.8852313723 21.2341505736 21.7981766516 21.0031172837 19.4542916485 19.3490043132 13.8375069572 10.9547996024 12.3309787826 10.6047473738
-9999 -9999 -9999 -9999 -9999 -9999 -9999 -9999 -9999 -9999 -9999 -9999 33.4866266147 33.3504561266 31.1634504608 31.7666081899 29.7932591866 29.4419752761 28.1217680381 28.8081681097 27.7775478884 27.5153627439 26.8962806623 19.572797218 20.4666825831 23.7627969699 25.0855455586 23.5951350024 22.0226967554 21.4797404408 20.2479904954 19.87532644 22.159933651 25.8087177008 21.2850169169 23.5929455387 25.7741707915 24.2970291042 21.4864091475 17.6519223574 16.1192988773 18.829133282 22.2900247749 22.5312378941 22.3946113846 22.4113932608 22.4032436659 22.4417419811 22.0594894785 22.4040502455 21.8881675541 19.5410539014 13.0320660472 11.6268951344 11.2968022342 11.5196965754 11.0726620757
