data/recharge/transience/oldversion/mHM_recahrge_590.ASC
ncols   80
nrows    72
xllcorner    4374000.0
yllcorner    5656000.0
cellsize      500
NODATA_value  -9999
[rows 0 to 24 of 72, columns 0 to 56 of 80]
-9999 -9999 -9999 -9999 -9999 -9999 -9999 -9999 -9999 -9999 -9999 -9999 23.0106703771 23.3234384935 -9999 -9999 -9999 -9999 -9999 -9999 -9999 -9999 -9999 -9999 -9999 -9999 -9999 -9999 -9999 -9999 -9999 -9999 -9999 -9999 -9999 -9999 -9999 -9999 -9999 -9999 -9999 -9999 -9999 -9999 -9999 -9999 -9999 -9999 -9999 -9999 -9999 -9999 -9999 -9999 -9999 -9999 -9999
-9999 -9999 -9999 -9999 -9999 -9999 -9999 -9999 -9999 -9999 -9999 -9999 21.2407487168 20.2469170488 19.471359223 -9999 18.6631617 -9999 -9999 -9999 -9999 -9999 -9999 -9999 -9999 -9999 -9999 -9999 -9999 -9999 -9999 -9999 -9999 -9999 -9999 -9999 -9999 -9999 -9999 -9999 -9999 -9999 -9999 -9999 -9999 -9999 -9999 -9999 -9999 -9999 -9999 -9999 -9999 -9999 -9999 -9999 -9999
-9999 -9999 -9999 -9999 -9999 -9999 -9999 -9999 -9999 -9999 20.7612431751 19.8086719902 20.4725624192 20.4357813792 17.666768277 17.3421484928 16.2144483988 16.3229331944 -9999 -9999 -9999 -9999 -9999 -9999 -9999 -9999 -9999 -9999 -9999 -9999 -9999 -9999 -9999 -9999 -9999 -9999 -9999 -9999 -9999 -9999 -9999 -9999 -9999 -9999 -9999 -9999 -9999 -9999 -9999 -9999 -9999 -9999 -9999 -9999 -9999 -9999 -9999
-9999 -9999 -9999 -9999 -9999 -9999 -9999 -9999 -9999 20.2512053247 20.4487133032 20.5943764618 19.7256596798 19.88965467 19.1418841654 18.4895794019 16.9336895773 17.7545301609 -9999 19.4969163208 -9999 -9999 -9999 -9999 17.7221082706 18.1941040406 -9999 -9999 -9999 -9999 -9999 -9999 -9999 -9999 -9999 -9999 -9999 -9999 -9999 -9999 -9999 -9999 -9999 -9999 -9999 -9999 -9999 -9999 -9999 -9999 -9999 -9999 -9999 -9999 -9999 -9999 -9999
-9999 -9999 -9999 -9999 -9999 -9999 -9999 -9999 21.0632926447 20.5120860665 19.3359463765 19.9710964269 19.1596692713 18.8658516173 17.8387666187 17.6695046551 15.9323231714 15.4269709031 16.0648071185 17.4974109859 16.9190309704 17.1670548856 -9999 16.1720900377 18.1933000325 18.2664443932 -9999 -9999 -9999 -9999 -9999 -9999 -9999 -9999 -9999 -9999 -9999 -9999 -9999 -9999 -9999 -9999 -9999 -9999 -9999 -9999 -9999 -9999 -9999 -9999 -9999 -9999 -9999 -9999 -9999 -9999 -9999
-9999 -9999 -9999 -9999 -9999 -9999 21.9209812096 20.8293721017 19.9411386158 20.1158751247 19.896855872 20.6572134227 19.5799004657 19.3720853387 17.7860402326 18.08990462 16.1207823186 16.009747505 16.9906719746 17.4148801009 16.7861267309 17.0211876983 17.1928243485 16.3672636682 17.7745916386 17.6415133155 18.5074882235 -9999 -9999 -9999 -9999 -9999 -9999 -9999 -9999 -9999 -9999 -9999 -9999 -9999 -9999 -9999 -9999 -9999 -9999 -9999 -9999 -9999 -9999 -9999 -9999 -9999 -9999 -9999 -9999 -9999 -9999
-9999 -9999 -9999 -9999 -9999 -9999 22.1200150896 21.6622306015 19.5556070222 19.3519456975 18.7155282211 19.8240837251 18.2544517335 16.9294649757 15.7907397791 16.1236071534 14.3368649154 11.9201372538 14.0885555027 14.9087861028 15.2847772353 15.8779636738 16.359029503 15.9993874956 16.1305886131 15.7748025196 18.0368246568 18.8847913999 19.6466509699 19.4697342793 19.8763881597 19.8817629586 -9999 -9999 -9999 -9999 -9999 -9999 -9999 -9999 -9999 -9999 -9999 -9999 -9999 -9999 -9999 -9999 -9999 -9999 -9999 -9999 -9999 -9999 -9999 -9999 -9999
-9999 -9999 -9999 -9999 -9999 23.0764970123 22.2180201203 22.166043471 21.0851259939 20.8113543238 19.871702143 19.6076610411 17.0133899426 16.5740090229 16.5100099945 16.8387005829 11.8398785493 6.23830404887 11.4739615775 14.6537343532 15.3165611657 15.1743145956 16.1249573913 16.2534629 16.6069016565 16.873234977 17.8848073408 18.0348359165 19.4518263899 19.3886253577 19.1215091493 19.341372284 18.8756615049 18.7517865008 -9999 -9999 -9999 -9999 -9999 -9999 -9999 -9999 -9999 -9999 -9999 -9999 -9999 -9999 -9999 -9999 -9999 -9999 -9999 -9999 -9999 -9999 -9999
-9999 -9999 -9999 -9999 -9999 23.3860354267 22.5610655714 22.611002779 21.5834094134 21.3593824426 20.5796986562 20.7728484491 13.850550443 11.3284004918 18.2971529879 17.5027322635 12.4860692768 5.16391802747 9.48178406937 12.2713713455 13.6093792975 14.096182201 15.7570094065 15.6130475192 15.9689642126 15.0476735385 15.740552799 15.4257356619 17.3166592779 16.136911808 15.663747152 16.604626878 17.9826510423 17.8282243251 17.4874401318 17.8382833987 -9999 -9999 -9999 -9999 17.4353646997 17.2499036451 -9999 -9999 -9999 -9999 -9999 -9999 -9999 -9999 -9999 -9999 -9999 -9999 -9999 -9999 -9999
-9999 -9999 -9999 -9999 -9999 23.1749300527 22.5040710854 22.2358671872 21.6960538624 21.9232778968 21.0378765457 20.8909990466 19.0600300988 19.1488681752 18.6494340276 17.0288380502 14.4241270535 15.3532588373 14.8839199879 15.7022296773 14.2315641735 14.3133670489 15.0385255484 14.8834577456 15.8855828211 15.2976147904 15.7356369646 15.1074255762 17.2406705669 15.9788973846 11.3105013515 14.9714231628 17.9094785367 16.719581579 16.2005947442 17.9561312309 17.7022619938 -9999 -9999 18.0080395455 17.6603714101 17.5449043521 17.0709603661 -9999 -9999 -9999 -9999 -9999 -9999 -9999 -9999 -9999 -9999 -9999 -9999 -9999 -9999
-9999 -9999 -9999 -9999 -9999 -9999 23.415014933 23.0476060272 22.5061693635 22.462096859 21.2791854304 21.4978013502 20.3350639507 20.0913624466 17.5550239442 17.5511696128 15.9330657073 15.7753929624 14.9390427132 15.3225967262 14.7742619479 14.9028256854 14.7384830641 15.0721611403 15.0858335779 14.7060290472 13.3965196361 13.7430164171 14.681532527 15.2620029999 14.5005672471 15.4122557215 14.6901707045 15.2838811931 15.610473338 16.2967065294 16.0273295223 15.401576643 16.9486199569 16.8315892443 16.4181453808 17.0108010551 14.9067551901 14.1638893599 -9999 -9999 -9999 -9999 14.8322819079 14.4174069869 4.25169223529 -9999 -9999 -9999 -9999 -9999 -9999
-9999 -9999 -9999 -9999 -9999 -9999 -9999 22.9019322576 22.3073610773 22.5784717442 21.8111208132 21.6067749631 18.8902125425 18.2227923915 15.826131213 17.2643760874 16.9055388645 17.4690486222 16.3743824459 15.7577229959 14.5223702875 14.517666346 14.5416692382 14.6329454628 14.8030245187 14.4041315987 13.9577811006 14.3204321482 15.3162241136 14.9722125857 14.6535680187 14.6833858547 15.062749722 15.3056080699 16.3867208296 16.376635266 16.4256191975 16.3485712032 16.8940715835 16.8657327468 15.4033583593 14.8281410538 11.4352421576 9.06916058197 7.95926268835 8.425756811 8.81496426559 8.15977139917 7.77679316446 11.6818891005 12.7031443101 10.8292632075 -9999 -9999 -9999 -9999 -9999
-9999 -9999 -9999 -9999 -9999 -9999 -9999 -9999 21.9744694016 22.1235606223 21.8310569022 22.0554519676 20.7043294942 20.9713124625 20.1162196207 19.8442217252 17.5435145379 17.5887748855 15.8358906406 16.1820771488 16.9666565526 16.8207761163 13.5576988173 8.24928988012 8.0819393356 7.96297819329 12.6333455907 13.4381535149 12.7878293771 11.8841921136 12.6653114407 12.4198953112 12.9027445622 12.7891598413 13.7440419631 13.7794002902 14.8860550222 15.1526442279 15.0771642539 15.0467229733 13.9041904967 11.2399176801 7.2179579823 6.89194805134 6.47676250531 6.17590847969 6.66507227212 6.27194120326 5.82848825053 9.15215870602 10.7562356689 10.9903280151 9.88406312194 -9999 -9999 -9999 -9999
-9999 -9999 -9999 -9999 -9999 -9999 -9999 -9999 22.7623213674 22.4523070568 21.616774423 21.6607070718 20.6917794124 20.6766770626 19.2497820429 19.1391336114 16.9202962256 17.2560592282 16.194371683 16.4499536602 16.5294530107 16.7436834631 12.6601711488 11.3346903402 9.40778913513 7.56697921956 8.5329061193 13.3555320204 12.6416821678 11.9829946939 11.9297432862 12.1975030258 12.3273972283 12.565627019 14.1215467029 6.33105448861 15.2857443289 15.0280478792 15.0518045527 14.9925933004 14.5515712251 11.3257577079 6.96839479503 6.9444761665 6.19413678927 6.15622826801 6.62169580173 6.35210959751 6.50812990835 11.4345737305 10.8609195166 10.8800560098 10.5126256338 11.462081707 10.097817885 10.3011607026 -9999
-9999 -9999 -9999 -9999 -9999 -9999 -9999 -9999 -9999 22.727709424 21.9150722798 21.4510924473 20.7749087324 20.1644022009 18.2488434451 18.1354358364 17.8167435136 18.1353108919 18.0356509791 18.0972587683 18.0453504013 17.3107850157 16.3873494161 16.1000674586 11.4308227779 10.5497380681 7.98038703851 6.88230803899 8.98859653035 12.2336761602 11.7284644492 11.561565851 11.4630515666 10.6076181305 11.6536463575 11.0472082713 13.5960473476 13.4047668642 13.1741992273 13.2001046408 12.8036707084 12.2430230667 6.07451474779 6.52398643133 5.41078766561 4.90595493317 4.38941288594 4.57675605082 8.09952405007 8.84464497292 8.64489383438 8.53533172748 8.75942688546 9.75577204101 9.56128467888 5.31288975825 3.7104549041
-9999 -9999 -9999 -9999 -9999 -9999 -9999 -9999 -9999 -9999 21.3631543379 21.1787557768 20.6022649945 20.0353279888 17.8946212673 17.4253895227 17.4445680355 18.2339247677 17.5060504216 16.9846873063 16.3959183332 16.1719929427 14.4223368027 13.8502951526 9.27357379295 10.9204058351 9.4781151457 7.97364642831 6.05868345728 10.0594947514 11.999819369 12.0052876424 12.3033892548 11.1715784091 12.922705146 12.7424380364 13.4990227793 13.4029641305 13.2046176021 13.2258370123 12.9609156035 12.4173213175 9.59072203274 6.19350633579 6.78721895364 6.45929852331 5.62166036807 5.05121636713 9.19482215933 9.1654695976 9.13384719231 8.98684284132 8.22653669289 9.17977223736 9.10145407001 4.85845106954 3.68440482319
-9999 -9999 -9999 -9999 -9999 -9999 -9999 -9999 -9999 -9999 -9999 10.8889180745 12.7545942792 19.3835991822 17.8065239161 17.3995698057 17.6226881533 17.5805072468 16.7131647874 17.3293910102 17.1244067208 16.8840945033 14.6023574836 13.568820471 11.8146949213 6.08367115697 7.61199276064 9.825515107 9.54974867022 9.43540539311 7.68166276635 9.70504754732 9.32293402272 9.64839015108 10.6935475411 10.4146012401 11.7685638415 11.7408334892 11.9640262455 11.973097807 10.9839165318 10.2967156974 10.2741226754 7.97155325362 5.43084567063 4.56219425407 4.79097003867 5.44072896554 5.97342505215 8.2583045835 7.92544144065 8.7493341034 8.3915943511 8.16528127338 7.32978251534 7.16978896411 3.99793460898
-9999 -9999 -9999 -9999 -9999 -9999 -9999 -9999 -9999 -9999 -9999 10.1974261454 14.5441467478 19.3981954767 18.3342963623 18.1723377493 16.9825198662 16.9560518632 17.4278867435 17.4657469482 16.8160282876 17.2481281937 14.5220489319 13.9759146617 13.3748983282 14.0791873595 11.7744600601 8.90273933583 6.50737823338 6.56589724267 7.19688652067 6.56005579897 3.6548953491 4.7193198706 7.33719551832 11.0719557265 11.7391884203 11.8189103777 11.8581729434 11.2162258456 10.0362854663 10.6481719521 9.73374408453 10.0228509493 8.51836052995 6.01553200693 6.38948052838 6.9099070205 6.24199782607 5.26775524436 4.91603960097 4.98490635994 4.1897958572 7.88620190027 7.94365168164 7.49912739708 6.98595942737
-9999 -9999 -9999 -9999 -9999 -9999 -9999 -9999 -9999 -9999 -9999 21.6816661946 20.1468728478 19.9021550003 17.8029740002 17.3492905548 15.7075653489 15.116306543 14.9546070205 15.4646226683 15.6799521441 15.7629817622 13.8329299224 12.8375925247 12.2298149554 12.6609796958 12.1010838362 12.0165429792 11.1858056666 10.0371167883 6.79811145174 6.85101882647 8.11981541811 8.64635015979 5.71216026399 8.24343736896 4.70485601789 3.73224667378 9.99895204334 7.75963443588 6.21627407191 9.83519683076 9.61184320241 10.0041045515 10.8708298728 10.8152132312 6.14473517161 5.81332292056 5.40550420083 5.19187943974 4.37023387288 4.72833266116 4.81134013629 5.58784030414 7.52662776267 6.56487879341 5.46568847447
-9999 -9999 -9999 -9999 -9999 -9999 -9999 -9999 -9999 -9999 -9999 -9999 19.6382094853 19.9774526482 18.4102648285 17.0164521508 15.8670563253 15.5744689183 14.5622509343 15.9244905136 15.8176962336 15.5870413064 14.4301094203 14.2216999013 12.8437605199 12.9363565382 12.1777876367 12.2959269813 11.7365446706 11.5721852927 11.4128875698 11.5600089032 10.5878575092 7.05219466387 5.40531119547 5.70333959418 7.69276376776 4.18553837671 4.2241287205 10.5560937211 10.9274118424 9.45308144532 10.2837448846 10.7598405638 10.9382748914 11.2324964446 7.69390730455 5.85304216644 4.78692903955 5.08219521763 4.26720072055 3.76601523391 3.35199075963 3.38702032608 2.85248115379 3.68441505543 2.40597764993
-9999 -9999 -9999 -9999 -9999 -9999 -9999 -9999 -9999 -9999 -9999 20.8653515271 20.4368337413 20.2873010231 18.2330830173 10.4848494941 13.74956274 15.833317699 14.0535706315 14.9943055614 13.976933763 13.9118282248 12.7988214297 12.9059307184 12.1196260233 12.064209943 10.5777056492 11.0255350127 10.6900213064 10.5610419417 10.0440838945 10.1699073439 9.79142779837 9.7473243914 9.88259312992 4.44788786806 4.67332649747 3.16626895742 2.83723105331 7.90255933857 9.2813857589 7.55829563806 12.3934475072 12.262641243 12.7981700628 12.683940864 11.8212097453 7.5747605666 5.13022557338 5.06906388399 3.80490060267 2.89064495101 2.51637881413 2.52969937762 2.27870595318 2.44080969987 2.98464901245
-9999 -9999 -9999 -9999 -9999 -9999 -9999 -9999 -9999 -9999 -9999 21.0486807676 21.1357332438 20.7522174048 18.5852186562 13.9659578132 15.7389636624 15.9541524781 15.0360743718 14.7184561535 11.6801968526 11.6638389247 12.4956676859 13.1255257194 12.2874705893 12.1636043939 7.18167780224 7.75090494639 10.4185377683 11.7086209952 11.0249845064 10.2398380834 9.72509760045 9.7495633973 9.79500855636 4.8095598393 3.57519231043 4.51689648845 3.22368979552 5.02898052113 8.4270460376 7.20269798119 9.65354491912 11.1160880189 11.1918703928 10.9157967613 10.5923141639 10.4923870297 7.89564008696 6.73390000156 3.69434085882 3.76474566496 3.23824683813 3.10080941665 2.80413719877 2.64555592285 2.12538719623
-9999 -9999 -9999 -9999 -9999 -9999 -9999 -9999 -9999 -9999 -9999 21.7238008251 21.6735913911 20.9008890684 19.6774382356 19.4152899887 16.0461424239 16.3652505769 14.980562944 16.0641042277 11.8698382305 5.42623784547 10.7078711573 10.6144450332 7.69478229573 7.69528878593 8.45479154402 9.47999267028 8.98958104719 9.48771244875 9.21157115248 10.8990190984 10.4143588493 10.1952215932 8.9108260123 3.34887846028 2.47865719781 1.88762914781 2.9495451086 3.13546180977 8.58102877347 9.70133143842 9.02102031617 7.95087975178 8.42464899003 8.43696869172 9.27743215976 9.35161595267 8.77492905845 8.83654507877 4.66044847817 3.86172545662 2.61302492365 2.31148733821 2.17565744064 2.16604981749 2.40725152008
-9999 -9999 -9999 -9999 -9999 -9999 -9999 -9999 -9999 -9999 -9999 -9999 21.8289483728 21.5561148414 20.2575739442 19.0424768542 16.2848317464 16.9386571926 15.2444445803 15.5830452279 14.3877606177 15.3086837695 9.88314324265 8.00716002234 7.41896626348 7.35597969509 6.36955693929 6.55394197005 5.95628244452 5.58021310193 4.85598327258 7.620336815 9.05010805786 9.29330716578 8.6521925472 3.18779314766 2.85012939896 2.23513983515 3.38786377726 3.95813122107 8.95586744152 9.18659325633 9.59537014166 8.37230232087 8.67641812994 8.47586832102 8.75296038335 9.10435091462 8.28793201664 9.16831626831 7.82702978695 3.62543948936 3.28862211612 3.73994696747 2.3072694097 2.47962145634 2.30845467977
-9999 -9999 -9999 -9999 -9999 -9999 -9999 -9999 -9999 -9999 -9999 -9999 22.6636656005 22.0341358404 20.4074169344 19.2641059163 16.9637934586 17.4713509539 16.0944273373 16.2491870597 15.3604027689 15.2950636452 12.1030934612 9.66588283345 8.63543189441 8.91664492597 9.25593283073 8.15124232531 6.71786198186 7.52181774181 6.17889248277 6.50111059773 9.88036999584 10.5678340363 5.16236289151 4.05584888826 7.18780628911 3.55022260025 4.46454042218 3.9355989723 7.65807185152 8.41564792683 8.04620942934 8.00824605362 8.04891283305 7.56464655118 6.96450949165 6.70803964231 6.25428894955 7.40562123819 6.57068289637 6.01599180914 4.67901401819 1.68174073953 1.19636954615 1.44962974995 1.14244243006
