data/recharge/transience/oldversion/mHM_recahrge_287.ASC
ncols   80
nrows    72
xllcorner    4374000.0
yllcorner    5656000.0
cellsize      500
NODATA_value  -9999
[rows 25 to 49 of 72, columns 0 to 56 of 80]
-9999 -9999 -9999 -9999 -9999 -9999 -9999 -9999 -9999 -9999 -9999 -9999 23.9429546769 23.2164966078 21.3624767138 20.4059755616 15.8867652832 16.2624078988 13.6260397477 14.5248551728 12.3517606064 12.5125587391 10.5787888794 8.34373197541 9.27185474816 9.90297869399 7.06874080869 7.40718303844 5.75641304826 5.0363521114 4.23361510457 3.91608289538 4.38181816923 4.41699393855 1.21421862103 5.2445632653 4.87425290621 2.22043554087 1.63331575615 2.95215210189 2.84606360203 2.4570745989 4.14361474462 5.65595740352 5.64643076926 5.75645443965 5.92198012757 5.89127854602 5.67281566578 6.03076407565 5.35842730256 3.22219559394 1.56023525935 1.22025901269 1.18755908707 1.28829723461 1.24772959424
-9999 -9999 -9999 -9999 -9999 -9999 -9999 -9999 -9999 -9999 -9999 -9999 -9999 22.2350465778 22.2957047641 22.7379267221 19.2901625289 19.1338499113 15.6619901166 14.8373653947 13.1335503101 14.0025549605 13.9058297749 14.0297960257 10.2297478066 8.25360081124 7.20278233164 5.9571997094 5.57945743629 6.06972604626 4.83476331556 4.52706484805 5.48702680042 2.31129998452 1.11423001784 2.88673067028 5.04408648679 1.68431997691 3.14262897817 2.52258569977 2.21191080962 2.48118185951 1.48836700215 2.0800251197 2.36812156732 3.17091539665 4.33421308834 4.190992435 2.27426683519 1.37749381934 1.12451364057 1.18629611747 1.30425306436 1.61401070335 2.18356192361 1.00426319809 1.01245405887
-9999 -9999 -9999 -9999 -9999 -9999 -9999 -9999 -9999 -9999 -9999 -9999 -9999 -9999 20.9007295443 20.8854533787 18.2790912595 17.6415038701 15.4796198204 16.2727023327 13.2134108947 14.9757218926 13.0794247336 11.5836812578 8.7829655595 8.79387495985 9.07090220141 9.12851281726 6.1953114403 5.13633283066 4.98565663634 6.72560557661 6.89348869548 3.64523107848 1.54068125529 3.89551811329 4.49792788468 2.48169430686 2.64354784593 2.52859192089 2.70865276702 2.29967599474 2.31821136365 1.73127293514 1.27887954373 1.49375385818 1.199257981 1.18884854142 1.07918304432 1.31162375857 1.26253438829 0.961446998418 0.909260549786 1.36706886527 2.8040505591 4.24506730056 3.2223887091
-9999 -9999 -9999 -9999 -9999 -9999 -9999 -9999 -9999 -9999 -9999 -9999 -9999 -9999 7.306562738 16.2449360669 18.6047342498 18.5807422593 16.3959893326 17.026404496 15.6656027189 15.612774779 12.4425615548 14.7341157778 13.069321352 12.719106184 8.62906412635 8.709815164 9.13089571463 8.92612627784 7.36792211733 5.67497591629 6.50378485925 6.61045098763 1.74837654564 3.50180243702 3.88469219626 1.84742888566 2.21104035474 2.51658335558 1.99622591829 2.22419462865 2.11592289725 2.15407252828 1.66848278761 1.33607394191 0.898472064226 1.8605887248 2.20917266729 1.06197736316 1.42898420706 1.65444169157 1.87911336784 2.8518291451 3.77014158588 4.28246029487 3.33245226629
-9999 -9999 -9999 -9999 -9999 -9999 -9999 -9999 -9999 -9999 -9999 -9999 -9999 -9999 12.0415685075 17.7449939719 20.5882238446 19.267814046 17.6389990739 17.4984237279 14.8365790629 15.7835816676 14.3552742153 13.6858468698 11.1862036999 10.4554348747 9.845485535 10.4573458209 8.03523999994 8.75827765895 7.65518174166 7.45693553769 6.2962171397 4.42569673694 5.96120875001 3.11689553642 3.45307430144 1.60943165647 2.48511901123 2.44780254879 1.89777395254 2.21726488878 1.8922136929 1.94159318871 1.24855154307 1.37146148646 0.992008658574 1.37221674464 2.62256248466 2.74858577965 1.81814693493 0.851360353339 1.1204324803 0.870992447541 0.805776822175 1.2546103465 1.77389500372
-9999 -9999 -9999 -9999 -9999 -9999 -9999 -9999 -9999 -9999 -9999 -9999 -9999 -9999 25.1906398483 23.7876961412 22.7519761147 22.686190734 20.1003092482 20.884797161 17.3466948002 16.577719637 14.8648699726 14.1306749469 10.6826198124 11.4158489404 9.26585110596 11.3041231788 9.05812855594 8.71233532994 8.00834657203 8.69686857856 7.67335562693 6.11074119448 3.4368135885 3.47226715325 2.8806223367 4.44779569213 2.25897857967 2.91465637061 1.05151654798 1.39083477436 1.3305366906 1.46162964745 1.14303655055 1.0759111006 1.72169249998 1.53402739073 3.37534391585 4.08702906839 2.37150880419 3.15481140103 1.97205782539 2.58667528808 2.52145148124 2.03831753924 2.46990538237
-9999 -9999 -9999 -9999 -9999 -9999 -9999 -9999 -9999 -9999 -9999 -9999 -9999 -9999 -9999 22.0514445497 21.0073126776 19.8221457183 18.9745124535 17.7422352713 14.5686871217 15.1462969191 14.5800554658 14.3171310056 10.6063308907 11.4277348092 9.25663881201 9.66045858964 7.92100618312 8.56262698172 6.87128827109 6.76776076859 5.85054867768 5.9047720032 3.7006904515 3.73212561675 3.29305463269 3.22873112187 2.9899379951 2.70222179699 2.00387954637 2.5792331662 0.383870494188 0.596651267813 0.916752934039 0.606292395239 0.352913362251 0.374355473232 0.750847510087 1.32890451315 1.23863706664 1.09639283852 1.79101977204 3.35896055273 3.19932636244 3.13423196723 2.6627200229
-9999 -9999 -9999 -9999 -9999 -9999 -9999 -9999 -9999 -9999 -9999 -9999 -9999 -9999 -9999 -9999 20.3865676346 18.8283077139 18.3130244265 20.8811582644 19.6265246705 18.0678586882 14.0101019641 12.4271652022 11.4543139691 10.9256219119 8.72431602583 9.05013557774 7.50898025123 8.59334333978 7.588069364 7.16965499945 5.41313089309 3.93207617883 3.58253900807 3.91743406168 3.69029346439 3.94730584009 3.78142286232 4.66417795252 6.54666208092 6.29396105847 3.30699257901 0.579855175899 0.298971031713 0.233563995178 0.20032443295 1.11927064649 1.11025975235 0.844320813935 1.25905146278 2.04286502477 1.56924697001 1.26961170092 1.552790583 1.36672409159 1.31241562495
-9999 -9999 -9999 -9999 -9999 -9999 -9999 -9999 -9999 -9999 -9999 -9999 -9999 -9999 -9999 -9999 20.9010103626 21.5334829424 21.4456145591 20.0316753035 16.5386894544 18.2343514066 14.7648756266 12.7251849792 11.2891731594 12.1713336935 9.29015625674 9.32184317579 7.45819567543 7.96669743917 6.31204686125 5.58306948369 5.90045400663 5.04605383452 4.4010213739 3.76856621512 4.53256549269 4.03776767386 3.73047901164 3.6113688443 4.18365493688 4.26030161597 4.71501142526 2.43648522779 0.990908386647 0.542003186427 0.652572346721 1.65657036764 0.807858067758 1.05000294676 1.57459492733 1.66748735222 2.38861098016 2.59867468167 3.50953144615 2.24269806708 1.32538240635
-9999 -9999 -9999 -9999 -9999 -9999 -9999 -9999 -9999 -9999 -9999 -9999 -9999 -9999 -9999 15.6756564303 16.0182663953 16.8655790821 19.625460329 19.2598268445 17.3810107823 17.2610847271 13.9591835067 12.5957625588 10.4414395419 11.0654523494 9.43448535814 9.58179507688 8.43663873647 8.86993069139 7.56306218705 7.73934581911 7.39361956369 5.84031651591 4.65616810506 3.30649526521 3.76299458386 4.3279120024 3.93563990627 2.806077578 2.39808497369 1.41263814269 0.67908808513 0.660969245234 0.695302630483 0.460825771646 2.09793320177 2.41548373071 1.21833979127 1.54867570898 1.23082224222 0.942878065597 1.12203932707 1.26783056912 1.4720038572 1.52156473327 1.86404270068
-9999 -9999 -9999 -9999 -9999 -9999 -9999 -9999 -9999 -9999 -9999 -9999 -9999 -9999 17.23792378 16.8528860795 16.5045086635 13.8526550213 15.8984851509 18.3062433056 15.7721093775 17.0670217553 13.0356237112 13.4415750139 10.4762202199 10.0277702719 8.4581211627 9.0458980501 8.46710980106 8.46098331333 6.88192313799 7.01417904498 5.06679601104 4.43498790233 3.58241425623 3.58310681182 5.33725095116 3.95299624569 0.409486974265 1.28088563846 1.89598483129 0.483632192159 0.446247084507 0.499323167815 0.339773771367 0.292826084814 0.610684612478 1.13323370008 1.48066361088 1.16748870046 1.07180115753 1.06043871924 1.21485453182 1.18447034549 1.1643358784 1.24760689822 1.50083107878
-9999 -9999 -9999 -9999 -9999 -9999 -9999 -9999 -9999 -9999 -9999 -9999 -9999 -9999 17.8645906399 18.8245038655 17.2728731706 12.5158564736 10.5743373275 11.0782057795 12.9892905467 14.7100596373 12.8333138403 13.4222211644 10.0451907312 8.73221991505 6.40147732697 6.72508508977 6.18976601583 8.25663966173 7.74996266869 6.79252274762 5.74560710262 5.0037502364 3.79951250061 5.19723351369 3.43637038056 4.90341601534 1.75163810796 1.84329343393 3.04305957389 2.60991780319 0.615781040843 0.534757711384 0.464637778142 0.274001417175 0.474348282135 1.6482315914 2.2088565118 2.82435669559 2.88494939149 2.84297892995 1.98066460631 1.70056603163 2.04529488091 1.94177189054 1.53000943161
-9999 -9999 -9999 -9999 -9999 -9999 -9999 -9999 -9999 -9999 -9999 -9999 -9999 -9999 -9999 -9999 17.5206779681 15.9931440678 15.8984544188 15.6738860008 13.5853996566 13.3254798643 14.2605747564 14.3204675421 10.5605364056 8.38758683697 4.63997378872 4.97012544925 3.94995178268 5.63680209351 6.07178018877 5.47785601315 5.11103461662 4.21361906759 4.4445492126 4.49618856544 4.03488275582 1.94156660334 3.50433706847 4.09635318351 2.26893581223 1.74483507789 3.08824517006 1.9530233396 0.328284320407 0.390653373631 0.357977048059 0.723175989533 1.38038413894 1.77453639457 1.77175898697 1.83506611897 1.65911611303 1.41311265916 0.985950849479 1.05269251531 1.68785911133
-9999 -9999 -9999 -9999 -9999 -9999 -9999 -9999 -9999 -9999 -9999 -9999 -9999 -9999 -9999 -9999 16.6101072773 16.0527209167 15.923545812 12.8461373578 12.9056116728 13.3435099967 11.4548352846 12.220551899 11.8538072565 9.76275406975 7.15474865595 6.7254498624 5.60884021988 6.21023556379 6.98163815955 6.53778701369 5.27777990816 4.60539284625 3.24102513611 3.48993007841 3.66499653011 4.37697642719 2.80384583244 2.38933617029 2.95601568415 3.90347475406 4.26540927757 4.12993708418 1.70576188965 0.343024140152 0.193872121637 0.35521672758 1.21648643386 0.940525317091 0.765203199237 0.779497784937 0.624919334551 0.728512148421 0.718117662237 0.724468334624 0.740259461911
-9999 -9999 -9999 -9999 -9999 -9999 -9999 -9999 -9999 -9999 -9999 -9999 -9999 -9999 -9999 -9999 -9999 -9999 16.0831120433 14.0824946496 11.4243675923 12.7670549506 12.8182544528 13.8446224631 11.3111453546 10.2130046064 6.33969590073 6.33716792028 5.47651568357 5.81311655756 4.58521988416 4.05212310011 3.94025188595 4.34432887504 3.18086047898 4.00786182195 3.97937646665 2.88478937763 2.63266500012 3.39025016529 2.46756925682 2.17428514845 1.91685886167 1.90118565391 1.67425193895 1.23980302348 0.242062418472 0.234740593629 0.447643103548 0.670478557818 0.828499275709 0.903423234364 0.639359394676 0.659012686087 0.783111598473 0.845967153677 0.806314010694
-9999 -9999 -9999 -9999 -9999 -9999 -9999 -9999 -9999 -9999 -9999 -9999 -9999 -9999 -9999 -9999 -9999 -9999 -9999 11.5726712325 11.7585006194 12.5886074151 12.1197512676 17.2485764885 13.0828057039 12.4397952362 8.05361919362 5.95190268952 4.50221554821 4.32467177353 4.35965240102 4.30575432016 3.62038512977 3.5331316849 2.45406650663 1.9054174927 1.83822080177 2.77342725803 2.58759767858 2.98142613234 2.19538680565 1.98935537136 1.59347758265 2.02268444566 2.0040436457 2.10635125676 0.899993582655 0.209585258131 0.175264621454 0.340825093673 0.518675977468 0.739878993465 0.588320133776 0.581676303819 0.731559508878 0.695768214797 0.567498919895
-9999 -9999 -9999 -9999 -9999 -9999 -9999 -9999 -9999 -9999 -9999 -9999 -9999 -9999 -9999 -9999 -9999 -9999 14.3983011935 15.4280769648 15.8068871383 15.4758645373 12.684456163 14.6717617151 12.7824853626 12.962427988 9.81444526655 7.80221868854 5.25958866049 4.82412257165 5.11970368424 3.88198538865 3.9282288955 3.3389528044 2.52423724969 3.18164469632 4.27186382638 3.97126484259 3.49497808313 3.28730178644 3.18783451889 2.19168615559 1.86244912097 2.17566415282 1.59132779121 1.85405996137 1.89626114484 1.09791155331 0.414175503389 0.221671382205 0.340175815913 0.641590673587 1.11155011247 1.28496991439 1.00986263479 0.889315287763 0.811970513801
-9999 -9999 -9999 -9999 -9999 -9999 -9999 -9999 -9999 -9999 -9999 -9999 -9999 -9999 -9999 -9999 -9999 -9999 -9999 17.7325227863 17.8793292529 17.2353849763 13.234786114 14.8904166217 14.4617387359 14.2732758295 9.79687456618 10.2129252302 6.8758426652 8.32885645541 9.20437095221 9.15834793121 5.9228249943 3.48533940901 3.55216122334 2.69767568958 1.63738343318 1.40242347733 1.21401771206 1.21384836212 1.49255321435 2.29264591432 2.09921058059 3.44961853976 3.62495958338 3.85613343803 2.46211241533 1.73003954054 0.617426824933 0.283436007489 0.123651453876 1.44892896623 1.79385354162 2.03703575301 1.03396914722 0.379355779902 0.487136809197
-9999 -9999 -9999 -9999 -9999 -9999 -9999 -9999 -9999 -9999 -9999 -9999 -9999 -9999 -9999 -9999 -9999 -9999 -9999 -9999 15.6313632121 16.7828403399 13.40203974 13.9680421152 12.47640857 13.8072959051 9.65836878712 10.5336909719 10.869287085 9.98847463996 8.29788706735 7.99800728556 4.13824618715 5.92574055626 5.46666863015 5.05808339263 2.77316772035 3.38260826792 3.16770581674 2.96435945929 2.3203140658 3.11660013468 3.03504468734 2.61768158006 3.4340956244 2.93924102376 2.36307316792 2.68996196639 2.12382481579 1.00778334075 0.506783725521 0.320316429507 0.162643551745 0.152699780076 0.978210086851 0.200212228188 0.212758820403
-9999 -9999 -9999 -9999 -9999 -9999 -9999 -9999 -9999 -9999 -9999 -9999 -9999 -9999 -9999 -9999 -9999 -9999 -9999 -9999 -9999 16.4744732049 14.8354281105 15.074286535 11.72458228 10.8617772503 9.97845982531 11.2471656836 9.97759393886 9.38832717806 8.68172288666 9.58111700378 5.12191247413 6.15059025667 6.49933615496 5.15107727494 3.9907250026 2.7568722876 2.41476551985 2.77672660115 3.69027509778 3.93098906867 4.23860741854 2.74685557005 2.20593802159 1.63098102545 2.04471590821 2.27292087324 2.19511326533 2.73512768612 2.75121945043 2.04429101631 1.0882035674 0.274625558644 0.0996063117486 0.12753027091 0.15401238214
-9999 -9999 -9999 -9999 -9999 -9999 -9999 -9999 -9999 -9999 -9999 -9999 -9999 -9999 -9999 -9999 -9999 -9999 -9999 -9999 -9999 14.3733550732 13.2579864786 13.296618926 13.1827122081 14.9784385027 11.6955932417 9.29093269449 7.7653800325 10.6167907397 7.28865309266 9.20080103004 5.63579590568 4.5473881758 2.6011933708 3.53714534638 3.06468989568 2.92809565003 2.56831157986 3.33359432284 3.74365260145 3.55742097073 2.61962509912 2.49366720789 3.02624999642 2.85123035657 2.57510120597 2.49965448917 1.4918069818 1.68627215514 2.16838480856 1.54757545312 0.514743094688 0.208128951628 0.165439159872 0.108227743864 0.121835241908
-9999 -9999 -9999 -9999 -9999 -9999 -9999 -9999 -9999 -9999 -9999 -9999 -9999 -9999 -9999 -9999 -9999 -9999 -9999 -9999 -9999 -9999 14.0089217374 15.798477234 15.505060622 15.4499266789 12.1611007161 10.5536152955 7.09318968253 7.44587281831 7.62993187465 8.03891893239 5.45794919773 5.23723409186 5.84205459304 4.31936398711 3.9967979755 3.65733235771 3.39261933089 3.38174321687 3.72609478639 2.37277962742 2.54559110034 3.3790477777 1.76996676863 1.56068656405 1.12802753139 1.4625164159 1.96592393784 3.09486428272 1.58712453713 2.1146795393 0.94360849858 0.225981926733 0.107047922735 0.0935189120813 0.109818861295
-9999 -9999 -9999 -9999 -9999 -9999 -9999 -9999 -9999 -9999 -9999 -9999 -9999 -9999 -9999 -9999 -9999 -9999 -9999 -9999 -9999 -9999 14.5142839099 14.116560612 14.8812004342 16.9726850721 13.1086763178 9.14732213649 7.81068281075 8.14965490762 6.87044761397 7.10024186163 6.70204021757 5.97047941297 4.42358053104 6.20209039755 4.07515846988 3.53921200754 4.19970760604 4.36552577312 2.7374402189 3.81437265575 2.60071395608 2.0163312378 1.73426232862 2.09670961162 2.40354350709 2.68646136999 1.5103952252 1.38314417577 1.02219874759 1.85399433649 0.179560046799 0.372355074583 0.220571361474 0.198605671408 0.158142364223
-9999 -9999 -9999 -9999 -9999 -9999 -9999 -9999 -9999 -9999 -9999 -9999 -9999 -9999 -9999 -9999 -9999 -9999 -9999 -9999 -9999 -9999 14.5686998268 15.7151685967 18.4228061844 18.1423206 13.7217305205 12.0913303645 8.85945732645 10.1134649386 7.92969668452 6.91974317257 6.02796901655 6.18607474537 6.51127471102 4.27494716923 3.96905600742 5.5273975702 4.50026878512 4.02947954047 3.85882137608 2.97539735741 1.97309624421 2.54422187033 3.16903589782 2.86908435139 2.64334194064 2.25447246009 1.71545576786 1.71840703041 2.22591483291 1.81193385799 0.355792020763 0.315362194927 0.373968492923 0.413948671443 0.232580029156
-9999 -9999 -9999 -9999 -9999 -9999 -9999 -9999 -9999 -9999 -9999 -9999 -9999 -9999 -9999 -9999 -9999 -9999 -9999 -9999 -9999 -9999 -9999 16.5115655552 19.6619478827 18.5677984936 12.7499638243 10.9947046259 8.54803126457 9.56822560839 8.02159355874 8.81657648947 7.60150942126 8.50430283722 5.50987149233 6.28356135778 6.17230821791 5.15010113432 3.10346497188 2.81507854957 2.01012173273 2.77880997928 3.43561216452 3.54564116127 2.94493942214 2.5759018441 1.37743523565 1.21795665626 1.16749709684 1.27357108728 1.00951143444 1.29204975796 1.35677678182 0.858849424238 0.277038851781 0.255980552378 0.864594816094
