data/recharge/transience/oldversion/mHM_recahrge_432.ASC
ncols   80
nrows    72
xllcorner    4374000.0
yllcorner    5656000.0
cellsize      500
NODATA_value  -9999
[rows 0 to 24 of 72, columns 0 to 56 of 80]
-9999 -9999 -9999 -9999 -9999 -9999 -9999 -9999 -9999 -9999 -9999 -9999 31.8019619225 32.6992677889 -9999 -9999 -9999 -9999 -9999 -9999 -9999 -9999 -9999 -9999 -9999 -9999 -9999 -9999 -9999 -9999 -9999 -9999 -9999 -9999 -9999 -9999 -9999 -9999 -9999 -9999 -9999 -9999 -9999 -9999 -9999 -9999 -9999 -9999 -9999 -9999 -9999 -9999 -9999 -9999 -9999 -9999 -9999
-9999 -9999 -9999 -9999 -9999 -9999 -9999 -9999 -9999 -9999 -9999 -9999 27.0673587608 26.336095066 27.1331774539 -9999 18.654192233 -9999 -9999 -9999 -9999 -9999 -9999 -9999 -9999 -9999 -9999 -9999 -9999 -9999 -9999 -9999 -9999 -9999 -9999 -9999 -9999 -9999 -9999 -9999 -9999 -9999 -9999 -9999 -9999 -9999 -9999 -9999 -9999 -9999 -9999 -9999 -9999 -9999 -9999 -9999 -9999
-9999 -9999 -9999 -9999 -9999 -9999 -9999 -9999 -9999 -9999 27.899777544 27.5745309372 28.0865562206 27.2202701641 27.1180700082 27.4050450742 26.6937903878 28.163897693 -9999 -9999 -9999 -9999 -9999 -9999 -9999 -9999 -9999 -9999 -9999 -9999 -9999 -9999 -9999 -9999 -9999 -9999 -9999 -9999 -9999 -9999 -9999 -9999 -9999 -9999 -9999 -9999 -9999 -9999 -9999 -9999 -9999 -9999 -9999 -9999 -9999 -9999 -9999
-9999 -9999 -9999 -9999 -9999 -9999 -9999 -9999 -9999 27.4710596745 27.4800069079 27.1518917911 27.0758813075 27.2497292786 27.119005734 27.5298366502 27.7598978761 24.8423138482 -9999 28.4753204147 -9999 -9999 -9999 -9999 28.1934982978 28.9898668624 -9999 -9999 -9999 -9999 -9999 -9999 -9999 -9999 -9999 -9999 -9999 -9999 -9999 -9999 -9999 -9999 -9999 -9999 -9999 -9999 -9999 -9999 -9999 -9999 -9999 -9999 -9999 -9999 -9999 -9999 -9999
-9999 -9999 -9999 -9999 -9999 -9999 -9999 -9999 28.2791494379 27.8172735663 27.4852829327 27.4183238952 27.1503504572 27.0807953836 26.9007591277 27.1593373616 27.2905760485 25.9732046181 27.9190433451 27.3993356844 26.971980113 27.2740824378 -9999 28.1434840489 28.1286849439 28.9347139033 -9999 -9999 -9999 -9999 -9999 -9999 -9999 -9999 -9999 -9999 -9999 -9999 -9999 -9999 -9999 -9999 -9999 -9999 -9999 -9999 -9999 -9999 -9999 -9999 -9999 -9999 -9999 -9999 -9999 -9999 -9999
-9999 -9999 -9999 -9999 -9999 -9999 27.5216687713 26.7809864165 27.5813153025 27.6015236664 27.8305168773 27.5543582025 27.3693264735 27.3986044837 27.0437563088 27.1519892391 27.3857481011 26.9596793703 27.0728144817 27.0482595346 26.7280401314 26.8472737804 28.2415871341 28.0551278877 27.9554113142 28.3837629783 28.5981177145 -9999 -9999 -9999 -9999 -9999 -9999 -9999 -9999 -9999 -9999 -9999 -9999 -9999 -9999 -9999 -9999 -9999 -9999 -9999 -9999 -9999 -9999 -9999 -9999 -9999 -9999 -9999 -9999 -9999 -9999
-9999 -9999 -9999 -9999 -9999 -9999 26.5186861742 26.8788516926 27.3785676495 27.216800897 27.368770242 27.3405437457 27.035867372 27.0378489258 26.6010092598 26.4040301437 26.7338667528 21.3504397772 25.0033942911 26.4589100115 26.3999665934 26.9562681042 27.0310504839 27.4775994362 27.9896488554 27.4535651174 27.2405515195 26.7305962817 26.9426647227 27.0091369685 27.3894052394 27.7198942264 -9999 -9999 -9999 -9999 -9999 -9999 -9999 -9999 -9999 -9999 -9999 -9999 -9999 -9999 -9999 -9999 -9999 -9999 -9999 -9999 -9999 -9999 -9999 -9999 -9999
-9999 -9999 -9999 -9999 -9999 27.4327399646 27.0605787514 26.7757864036 27.5671192071 27.6515638603 27.7072674673 27.3130943161 26.9200665332 26.6093427491 26.9309776508 26.9333594734 21.0225557731 11.3858468418 20.4365498537 26.6247137923 26.54964438 26.5182459282 26.7272687998 26.7716166794 27.8738523588 28.1938511966 27.8960574757 25.6117139561 26.4228973766 26.5153817953 27.0699845901 27.4845030352 27.0858545133 27.1798214573 -9999 -9999 -9999 -9999 -9999 -9999 -9999 -9999 -9999 -9999 -9999 -9999 -9999 -9999 -9999 -9999 -9999 -9999 -9999 -9999 -9999 -9999 -9999
-9999 -9999 -9999 -9999 -9999 27.738159568 26.7318584563 26.8494453537 27.4882680679 27.3928721994 27.4740765523 27.5183455501 20.0811784754 16.4131198982 27.3361371322 27.2901400928 23.4185366711 9.64415298205 17.1621560958 23.0045778643 26.6014990333 26.4178646459 26.7994999882 26.899892821 26.9155555486 26.6072648007 27.4912568381 25.9412643121 26.4474577806 25.47931557 24.2608066795 25.9857423123 26.7429110763 26.8759909411 26.7944233533 27.0089353144 -9999 -9999 -9999 -9999 26.6374109126 26.0794093 -9999 -9999 -9999 -9999 -9999 -9999 -9999 -9999 -9999 -9999 -9999 -9999 -9999 -9999 -9999
-9999 -9999 -9999 -9999 -9999 27.6512310798 27.1206819859 26.8589308847 27.4241759929 27.716102562 27.8820999747 27.8272105819 27.2545023566 26.7203581431 27.6092148737 27.5749760194 26.5835052872 27.3738256167 27.0811391449 27.1244280717 26.6406188702 26.1817596957 26.464552396 26.4468827425 26.7540739448 27.0755739147 27.3178650112 26.9670746813 25.8681812878 24.8115318249 17.306998269 22.4077269177 26.4875360719 26.7558106644 24.7379142352 26.6929782092 26.7006182409 -9999 -9999 26.7496717154 26.3157869827 26.459391351 26.421063429 -9999 -9999 -9999 -9999 -9999 -9999 -9999 -9999 -9999 -9999 -9999 -9999 -9999 -9999
-9999 -9999 -9999 -9999 -9999 -9999 27.7247350854 27.4687245752 26.9411874683 27.2535661236 27.8922339147 27.802734362 28.027643555 28.2486968322 27.3679698998 27.4188135605 27.2108705459 27.4189465123 27.2187460134 27.0898445203 26.8415105774 26.5209650527 26.2227812933 26.9275831407 26.7189845533 26.766061486 26.3423447922 26.4292746909 25.1913342172 26.2757469598 24.5038794581 26.0078658096 25.9925582456 26.5115732634 26.5079998743 25.9712699714 26.6592972511 25.4578362647 26.3927062587 26.2256536255 26.2427699913 26.5893180383 26.1190604193 25.6619253823 -9999 -9999 -9999 -9999 26.9827900752 26.5466584447 6.64265174359 -9999 -9999 -9999 -9999 -9999 -9999
-9999 -9999 -9999 -9999 -9999 -9999 -9999 28.325102954 27.0320806727 26.86418167 27.9964997332 28.287931931 28.1469191719 27.5915936459 25.8778424737 27.0155277146 27.0458303862 27.1953960109 26.9764424406 26.6703971231 26.4899550705 26.1643213706 26.1682029858 26.776576159 26.842272858 26.3558081411 26.6697510119 25.3446204899 26.55741663 26.281119589 25.2115718298 24.541165593 26.1358229554 25.8774945939 26.3362820445 26.5300251039 26.7165004438 26.7798672287 26.5629664792 26.3631920611 25.1493115228 25.9518642117 24.4096383659 19.2429932687 16.6742533657 16.6985906622 18.856543673 17.4108520107 16.8053750706 24.630710301 20.5411629263 16.6242403493 -9999 -9999 -9999 -9999 -9999
-9999 -9999 -9999 -9999 -9999 -9999 -9999 -9999 27.1443589223 27.4175665818 28.1817504001 28.0516471563 28.0212589174 28.4813574576 28.7997565348 28.6505505753 27.41132331 27.7404205246 27.2675808066 26.8290263342 26.9704406459 26.9389343581 32.0611162686 23.4563682773 21.7621962588 22.7505764841 28.8171192576 25.7758942775 25.460616391 22.9457553667 25.3474868101 25.0736827703 25.2647205392 25.2388909162 24.8112916408 25.5633162392 25.8319153289 26.0332468673 26.1465097043 26.4861138507 26.548218999 24.5147066949 16.0773264068 15.3142426098 14.4856006231 13.7737705783 14.8715104151 13.9475781386 13.067647051 20.7267396444 23.1431377283 21.7241185075 17.9450252459 -9999 -9999 -9999 -9999
-9999 -9999 -9999 -9999 -9999 -9999 -9999 -9999 27.4536459446 27.5359945209 28.0588354173 28.1996878157 28.2644324522 28.3217470087 28.4364348239 28.0786113359 27.3131314516 27.5776234369 26.9254971033 26.8579419037 27.1839988775 27.0029875511 32.3620931903 31.1407461066 26.1190233186 20.2182658321 23.9355061686 29.6100406457 25.9848208504 25.1664456502 19.78289549 24.6628868737 19.7575309911 24.7096091522 25.46594813 11.4730777553 26.1538494733 25.950359153 25.9455345954 25.9598229251 25.697075532 25.0831340143 15.5076682363 15.4363035257 13.8239635401 13.732404217 14.7693671186 14.1352925478 14.7433923986 23.6472605976 23.1185650387 23.1545628371 21.2929070395 23.4772976117 22.2321977499 22.4309033054 -9999
-9999 -9999 -9999 -9999 -9999 -9999 -9999 -9999 -9999 27.0842077287 27.9532988289 28.35220859 28.5302923005 28.586407106 28.3651438329 28.3290427892 28.1963343477 27.7297342119 27.76144564 27.8969559678 28.3913630682 27.828817559 30.4760310929 42.9810604435 33.3526844255 30.2671984582 20.6049816661 18.9064461201 21.1287335704 25.3288191512 24.8065284669 24.7889235669 24.4843849671 23.529550853 22.7776469754 21.2593305047 25.4841803731 25.4018923624 25.1519795803 25.0473379826 24.7170345828 24.8544264356 13.9759201978 14.8792024681 12.2203748661 11.0756216752 9.91623671819 10.4177258436 18.7135455375 20.4098989394 20.1193111456 19.8729322394 17.6038974049 21.862587469 21.7556678166 12.4737386286 8.81828713537
-9999 -9999 -9999 -9999 -9999 -9999 -9999 -9999 -9999 -9999 27.9208396326 28.2796675272 28.6131139498 28.6895315621 28.2927187218 28.2506131653 27.7721928534 26.3505754911 28.6683554953 27.7204844671 27.3230832649 27.6352573389 24.3620929067 27.3973350926 24.3625402315 31.0642551613 25.9621829072 19.8393661462 14.81704483 21.2414509116 24.7675255908 24.676009792 24.6217788956 24.4022550372 25.0942111996 24.9492801326 25.3121370049 25.3531408931 25.2002383646 25.2204666632 24.7331383009 24.7095355787 22.9986758011 14.3505249245 15.2733709184 14.8850191811 12.6791408356 11.6071370127 21.1136848164 21.5219383424 21.0314304761 20.7102065467 15.661592272 19.295374632 21.1105090726 11.3691210371 8.75654842277
-9999 -9999 -9999 -9999 -9999 -9999 -9999 -9999 -9999 -9999 -9999 15.2055128235 20.0553613936 28.4635386127 28.1674057679 28.1112691813 29.9913887832 30.2195519527 29.0003846805 28.8804229932 27.7899043846 27.9072921972 27.7009046289 27.0207130666 28.4726947494 17.9854935069 21.3618956704 27.1009821591 25.4162333925 27.4070562176 18.4717438888 24.0219910411 19.1867681474 22.3749562306 23.6806403515 21.0652034905 24.2624682627 24.2033924223 24.3953474151 24.5053343405 23.9322604047 23.5798080005 23.5912579475 18.6595521545 12.1228739249 10.6833936564 9.77804071181 12.5040688154 14.9831332034 20.4813463269 16.3934569414 20.8229591094 20.0853277194 19.7471024947 17.4661986238 17.0347382325 9.76139674076
-9999 -9999 -9999 -9999 -9999 -9999 -9999 -9999 -9999 -9999 -9999 14.3177660473 21.4400664169 28.1513082056 28.0238762098 28.3769773846 28.9359714767 27.9449683502 27.5674256042 27.6268669157 27.6985938052 27.9332926363 27.3770070259 27.4974795783 24.3211978412 27.2103403075 28.3261505704 24.2392653864 18.2074908926 25.9679700576 22.2293471724 19.0434041621 10.8436632923 11.5714428262 17.6307142547 24.4800040334 24.0900726694 24.3686673431 24.1506987737 23.7467821771 21.9239306743 23.7869588188 23.062500537 23.2716746022 19.6675376491 13.4989197473 14.5184803714 15.6126713894 14.191403314 12.2123808365 11.850780641 11.1472758133 9.18284920662 18.4421058543 18.6886393337 18.0307050871 17.3782244915
-9999 -9999 -9999 -9999 -9999 -9999 -9999 -9999 -9999 -9999 -9999 28.6135480488 27.8601737878 27.8304538985 27.3529589791 27.9306614267 27.7781530606 25.0930890019 25.9161294365 26.9522999794 27.0242174474 27.0760817279 27.0303010374 26.6427967511 25.4149246803 25.7170265908 25.3853568323 25.2482490271 24.8883398575 24.8209389063 18.3132549608 20.8531280177 22.7150484668 22.338056398 15.2988750113 7.16939520506 9.78163203646 7.82670685218 23.25413872 17.7692404938 14.6400466021 23.0792436573 22.9843698728 23.5193396948 24.1256452864 24.4710027575 13.9592745897 13.1693129786 12.3415933557 12.1428761553 10.5053896017 11.288835522 11.3119964884 11.3993333071 17.9286886614 16.6607367663 13.904563871
-9999 -9999 -9999 -9999 -9999 -9999 -9999 -9999 -9999 -9999 -9999 -9999 28.4767969329 27.6446533849 27.6079630848 27.4186614213 27.5427663998 27.8316845249 26.4656412445 26.9088184831 27.3530941757 27.0199101284 26.6719893457 26.7024268132 25.7294667262 25.9221748492 25.5401135552 25.6014902482 25.1236789586 25.0090944758 24.7262334366 24.7576286368 24.2696128898 16.939181951 18.0558029707 18.7861836538 12.928194743 8.14682904202 9.74428927114 23.132860375 23.5422636318 22.795310594 23.587572048 24.0812493419 24.2866262193 24.4965213987 18.0552134921 13.2626254766 10.8911491589 11.6635135003 10.1352273313 8.89475687579 7.9732953617 7.77305268036 6.05796526296 9.61017696853 8.63062544393
-9999 -9999 -9999 -9999 -9999 -9999 -9999 -9999 -9999 -9999 -9999 28.776414522 28.873256268 28.1990876925 27.7355852113 16.5504649076 23.3332787271 27.5275784054 26.9041031417 26.1486639182 26.2612784291 26.1989233985 25.5921716509 25.8122457395 25.2771603668 25.2488551408 24.7266981986 24.6552542864 24.4385448534 24.2283126226 23.2755506135 23.4190904975 22.6301409548 22.5374893545 22.4839158406 10.2759816261 10.0726163278 5.73394120204 4.33302795453 16.8213471153 21.9357330822 19.1550754655 24.5211007523 25.1111702047 25.5691075989 25.4073816628 24.5049270518 18.0523171667 12.1960808193 12.2567997556 9.19501749385 6.82730758327 6.01939420835 6.05278112577 5.5502858553 5.89278870108 6.60023716737
-9999 -9999 -9999 -9999 -9999 -9999 -9999 -9999 -9999 -9999 -9999 29.109372395 28.9493110926 28.4399836156 27.8582524478 21.1432037796 26.3637280974 26.6858979101 26.945104879 26.8587554736 21.7419604587 22.356090778 25.774102805 25.8246903305 25.3526279689 25.5970475181 16.7555461872 17.5545064862 23.4413800466 24.9291475195 24.2721305837 23.501586095 22.5082710934 22.5369686839 22.3605451674 11.0070280376 6.99751907675 10.1353119987 6.13976659699 11.6500082587 21.1409550103 20.2425776597 19.9041242923 23.5606196068 24.3314312287 23.5530954812 23.9418589987 24.044717637 20.2526472929 17.3977864751 8.96824035429 9.00910128426 7.89087904126 7.48712768985 6.88742669793 6.49139397333 4.78625557226
-9999 -9999 -9999 -9999 -9999 -9999 -9999 -9999 -9999 -9999 -9999 28.592617602 28.6287102959 28.0807510908 28.1620527022 28.0638732067 27.161819582 26.5522342099 26.6444645029 27.4768249574 22.585638505 10.2626654206 22.8286270919 22.2423948009 16.4853837228 16.4945621911 18.552614695 20.9881281957 20.2264078431 21.7782475835 21.1356541783 24.0921238876 23.1967382524 22.9511825636 20.9270905036 7.14396842171 3.44380692801 2.52811280116 4.7528597878 7.08175884026 21.2607427635 22.0805588758 21.9424493106 19.109418653 17.32222602 18.1683533681 20.5040919586 22.725892735 21.3092652877 21.1996674935 11.1830407272 6.55611019589 5.58021810499 5.4963873295 5.27163234323 5.25682851456 5.92300249675
-9999 -9999 -9999 -9999 -9999 -9999 -9999 -9999 -9999 -9999 -9999 -9999 29.1014392308 28.3029838841 28.3118640497 27.9552494812 27.3002899565 27.4334601149 27.1731103317 26.773555258 27.2021920249 26.9391819232 20.6943120664 16.7418338067 15.8600245811 15.7137728285 13.8596019443 14.2842240431 13.1506109548 12.2753149213 10.5631079779 17.0025257019 21.3447429254 21.7289398308 20.410526225 5.91892084982 4.34331937215 2.99011470207 5.90053427128 9.7060635967 21.3556066247 21.2929389287 22.6970956161 20.6374023717 21.0461472601 21.0198965642 17.9731830693 22.357522413 20.7338563487 21.3725017456 18.6103484945 10.9252266009 9.57093404034 9.06824418089 5.53185475563 6.03816262648 5.71073907408
-9999 -9999 -9999 -9999 -9999 -9999 -9999 -9999 -9999 -9999 -9999 -9999 29.0833854298 28.0796035214 28.6339694515 30.0752813824 29.27751403 28.3285147256 27.8733927854 27.345885961 27.1359090717 27.2876239336 25.2204230023 19.9736201874 17.0496882083 18.034346147 17.7050396464 16.8611097596 14.2138960364 16.0739841484 13.1710146972 13.9047377848 22.0482104815 23.315252781 11.7177690802 5.87530745532 3.61874143729 6.2459921729 9.1063090437 8.45733751341 17.4833451429 19.9394781897 19.3606174808 19.2935348736 19.2335072014 18.4926741549 17.7187757479 17.7536571943 16.4298753718 17.7817462084 16.2711403093 14.4320517008 11.8029118425 3.78824487895 2.52335315754 3.05962543095 2.68619227274
