data/recharge/transience/oldversion/mHM_recahrge_500.ASC
ncols   80
nrows    72
xllcorner    4374000.0
yllcorner    5656000.0
cellsize      500
NODATA_value  -9999
[rows 25 to 49 of 72, columns 0 to 55 of 80]
-9999 -9999 -9999 -9999 -9999 -9999 -9999 -9999 -9999 -9999 -9999 -9999 5.57124553528 5.49486783574 4.47248832761 4.31890161502 2.85049215793 2.85672747125 2.12659734713 2.70343865667 2.21494631931 2.18963649509 1.80369686931 0.849154506276 1.08588012078 1.7817038266 1.27129274869 1.14441286756 0.984730838 0.768256194818 0.635160597959 0.55347775286 0.641389313051 0.646531336572 0.345341208507 0.458242072653 0.61467703237 0.576430636093 0.369023028648 0.438736903499 0.396454167793 0.274767189787 0.606164549806 0.961682061465 0.916434556394 0.946449938608 0.934202290481 0.925777005831 0.882926348428 0.977768419159 0.83288215727 0.375874501286 0.16144921033 0.115841501119 0.112128753277 0.12481653425
-9999 -9999 -9999 -9999 -9999 -9999 -9999 -9999 -9999 -9999 -9999 -9999 -9999 4.28768697518 4.51512001207 4.79333433662 3.51127167836 3.04655792399 2.3011159153 2.01337779719 1.97787315816 2.55342667472 2.66961102386 2.24140464284 1.7613738338 1.24220007894 0.957500913363 0.926992908523 0.869513146954 1.01641688109 0.773900180353 0.677040047098 0.93701298577 0.22857083623 0.404908826303 0.197741188519 0.501465607199 0.431454365912 0.512312176838 0.346404799061 0.287253797253 0.363051579288 0.184987679844 0.254004323971 0.300800443611 0.470549305463 0.754739318984 0.71595389194 0.292280717452 0.146714883635 0.116285680655 0.130952333069 0.145789222434 0.153853991608 0.28046023725 0.104843464455
-9999 -9999 -9999 -9999 -9999 -9999 -9999 -9999 -9999 -9999 -9999 -9999 -9999 -9999 3.75669680474 3.86692248157 3.0194682251 2.57605481987 2.29670790731 2.52824227271 2.06478012679 2.82236050091 2.43356583033 2.11850291216 1.24204099255 1.22063917807 1.39712997912 1.71856067806 1.00383558046 0.744223979087 0.803045981714 1.24198439604 1.22692120141 0.425496189384 0.416996478571 0.298753355138 0.409120793244 0.36799415067 0.384931989353 0.302643868647 0.238344422876 0.293840988432 0.360964413947 0.232040034619 0.14915225521 0.187613171403 0.175955455857 0.243251535597 0.128836423101 0.168079645817 0.143813567516 0.0963457087184 0.085818167987 0.157545428918 0.404494166182 0.642686558757
-9999 -9999 -9999 -9999 -9999 -9999 -9999 -9999 -9999 -9999 -9999 -9999 -9999 -9999 2.49073411156 3.91314417048 3.06636774954 2.56826182342 2.20742497317 2.38504869949 2.30302178575 2.61824219582 1.83221969447 2.75860270256 2.26988537541 2.32139293821 1.23663902521 1.44720155778 1.62796229296 1.61033531954 1.08310202969 0.717097217544 1.3689943016 2.22336324214 0.711405722746 0.460705237493 0.469924487536 0.237536659691 0.267786675991 0.286326173145 0.258868069022 0.309229145888 0.303655753493 0.331067167073 0.257865570317 0.184636177475 0.0804837866687 0.128257928837 0.232591637121 0.158935378796 0.19970909523 0.250743427783 0.282162174878 0.172826228139 0.175290674706 0.245624243952
-9999 -9999 -9999 -9999 -9999 -9999 -9999 -9999 -9999 -9999 -9999 -9999 -9999 -9999 2.43353970256 3.47740722985 3.58786869308 2.9531651108 2.80395760524 2.7653580471 2.35735455669 2.61359871737 2.60552202524 2.22562547043 1.62703802691 1.45698419576 1.75061425014 1.77579520335 1.3023875765 1.51260366245 1.3996893246 1.33713636521 1.20157556313 0.90560990673 1.71971070632 0.478435367287 0.560641694039 1.26280828335 0.445352392165 0.262871052081 0.248378099753 0.31468069201 0.255484356846 0.265875560473 0.163809081903 0.191931949958 0.130387173096 0.209777704204 0.521891288553 0.575182877364 0.375152740657 0.184607528007 0.352197047968 0.325956329419 0.226483042366 0.253733014233
-9999 -9999 -9999 -9999 -9999 -9999 -9999 -9999 -9999 -9999 -9999 -9999 -9999 -9999 5.95531634794 4.82873145986 4.44904582473 4.39317729611 3.87913537933 4.16129317133 2.75796971867 2.55228696112 2.45887169919 2.27489378063 1.4870709436 1.69440030558 1.44186032773 2.04786761526 1.58284047318 1.50336384037 1.50257887825 1.73410075551 1.53066527388 0.598945226522 0.544439782232 0.55440429257 0.472551330428 0.97055000721 0.370684237379 0.543168778954 0.308318338304 0.181287597098 0.181320362789 0.207746512213 0.153489995055 0.149298840405 0.298889065281 0.357867386472 0.980792025309 1.22249786178 0.704743785817 0.849523146162 0.414670588102 0.455992984123 0.383465163289 0.277002624647
-9999 -9999 -9999 -9999 -9999 -9999 -9999 -9999 -9999 -9999 -9999 -9999 -9999 -9999 -9999 3.82648858599 3.53447583742 3.32508694229 5.96601141634 3.35327619079 1.85805322359 1.96278734078 2.33351583019 2.3828252933 1.46604690266 1.77706306021 1.4522038866 1.69310139191 1.80388590731 1.37713712358 1.16291943688 1.08013794055 0.990385765038 1.36536599478 0.623571895201 0.633855738124 0.587138162841 0.567715092711 0.539790908891 0.313315596626 0.167286617317 0.220561873737 0.082161684102 0.0833187380503 0.1176001547 0.0975080339766 0.114508000511 0.137466175612 0.16738523991 0.198439793797 0.147088053682 0.122469218849 0.248837035848 0.63047818411 0.538495774362 0.522898040585
-9999 -9999 -9999 -9999 -9999 -9999 -9999 -9999 -9999 -9999 -9999 -9999 -9999 -9999 -9999 -9999 3.36338782295 2.68611172629 2.90272305898 4.07418187781 3.33281680134 3.26635282698 2.06875844548 1.54069846906 1.58161416186 1.40483663407 1.15966512017 0.993875951644 0.965583205132 1.75217450082 2.13735489685 1.62993543776 2.15110112277 1.35567297982 0.608105690269 0.72118386629 0.725321882129 0.827565379986 0.820281913871 1.04501224597 0.985865662 0.862774645414 0.641285212027 0.301527050248 0.116369635053 0.0744296225935 0.0571727510654 0.202253806029 0.156404397467 0.105554985932 0.16916649849 0.360209352252 0.204842444571 0.14746357946 0.179690669979 0.146901832618
-9999 -9999 -9999 -9999 -9999 -9999 -9999 -9999 -9999 -9999 -9999 -9999 -9999 -9999 -9999 -9999 3.21696777592 3.42560834615 3.7954265731 3.09356309966 2.40321075898 3.08245989958 2.54609688019 1.75155671919 1.50138836094 1.72347962357 1.28692566546 1.25497083081 1.40816364263 1.3049743683 0.722685818781 0.71243190718 0.953101328541 1.02151878631 1.06707309552 0.668409378879 0.993227713621 0.904769471624 0.799043778674 0.716624791364 0.513359366579 0.391678818757 0.567896849601 0.875867902227 0.463789258211 0.266519788512 0.312735005126 0.324195228336 0.0953994177614 0.143962312606 0.238484465902 0.26105188099 0.398461939326 0.449990715947 0.624992907339 0.325892378261
-9999 -9999 -9999 -9999 -9999 -9999 -9999 -9999 -9999 -9999 -9999 -9999 -9999 -9999 -9999 1.74609263901 1.85792618762 2.25082296247 2.82122704425 2.7002757422 2.33460824342 2.41926194474 1.91918835298 1.62160176555 1.31332180626 1.45704811691 1.27552859116 1.34789502721 1.05753350494 1.50819816049 1.42874523822 1.48572409492 1.56482166702 0.898564261097 0.347309791029 0.305908522146 0.509201466527 0.98662615713 1.0302992541 0.545861306129 0.482071587245 0.381153041186 0.29265461172 0.284604800382 0.351719119646 0.226014595341 0.16091665303 0.261253380439 0.274873600983 0.299884945908 0.18653392267 0.125267026197 0.137449438061 0.165726361593 0.181487102615 0.191298234335
-9999 -9999 -9999 -9999 -9999 -9999 -9999 -9999 -9999 -9999 -9999 -9999 -9999 -9999 2.2960350224 2.03806114761 1.97911842907 2.08344603799 2.12285550165 2.39928573587 2.01551033895 2.37484716098 1.72483840206 1.82864196761 1.32244089144 1.22262809944 1.06716764281 1.252333187 1.42966260401 1.42753159817 1.21912964571 1.25789941008 0.842436056259 0.6620178319 1.11196650961 1.0705117666 0.439476613211 0.33675112964 0.554304025687 0.646829021834 0.523332179897 0.197493626957 0.177420783453 0.20748483126 0.143901689478 0.111355992108 0.148149501833 0.241876484154 0.281999851495 0.195088489571 0.151326886705 0.148927010605 0.155183034335 0.149322581563 0.125703944177 0.139917073557
-9999 -9999 -9999 -9999 -9999 -9999 -9999 -9999 -9999 -9999 -9999 -9999 -9999 -9999 2.59888166054 2.76892601795 2.43596532063 1.80699203202 1.40989971531 1.32689614466 1.52224618355 1.90971774144 1.63793453429 1.78593799031 1.31087897846 1.03511105791 0.796008798827 0.874793101579 0.953047609981 1.42316643572 1.48108598229 1.26561964971 1.25803444232 0.986645415496 0.906090301128 1.25804003342 1.04100489779 1.48706858101 0.65448165324 0.68229314591 1.12253370211 0.9839618419 0.322400918631 0.278365782623 0.262679032638 0.115168861525 0.281548446076 0.484089079864 0.541559834667 0.711722442252 0.687981259123 0.674514112846 0.38847418249 0.303686908406 0.37814779242 0.3481604008
-9999 -9999 -9999 -9999 -9999 -9999 -9999 -9999 -9999 -9999 -9999 -9999 -9999 -9999 -9999 -9999 2.51299933686 3.50681262461 3.65822980335 3.5320079047 2.33003723461 1.65030203953 2.00053221631 2.01719981425 1.43500891661 1.17456018739 0.544816630611 0.606306605557 0.51625072336 0.87031858396 1.07362100668 1.03473134982 1.04669234045 0.763887311797 0.946007963342 0.96354551225 0.918664509964 0.505670012637 1.11343388378 1.25588895831 0.586899215304 0.490259344501 0.788775374411 0.531315518686 0.15800889186 0.20718729686 0.19064543023 0.161216316937 0.265913375467 0.364740305832 0.337346276769 0.356793459359 0.291905724018 0.225650276635 0.118209990205 0.130407853309
-9999 -9999 -9999 -9999 -9999 -9999 -9999 -9999 -9999 -9999 -9999 -9999 -9999 -9999 -9999 -9999 4.08633938996 3.71262392439 3.60443311843 2.08393644419 2.3031709404 2.29334035344 1.38966913845 1.55226154853 1.67122024619 1.50402106545 1.11605687958 1.01577584308 0.979773148357 1.05728816304 1.44938606425 1.29563343445 0.989660117307 0.848975896213 0.558850001388 0.630727822113 0.760104037408 1.01557660685 0.573829813888 0.482007709499 0.742125969839 1.15051642112 0.722251450168 0.84745729135 0.743661522201 0.189507907399 0.0726316100063 0.128043967932 0.237876296113 0.158592429716 0.112022901744 0.114953088634 0.0851229707913 0.105422111588 0.100835744606 0.102127872652
-9999 -9999 -9999 -9999 -9999 -9999 -9999 -9999 -9999 -9999 -9999 -9999 -9999 -9999 -9999 -9999 -9999 -9999 3.70375054834 2.61269963382 1.74821315383 2.24278952398 2.0604603002 1.97326318516 1.52893602869 1.37804693226 0.927081030929 1.0009814194 0.965722701906 0.932183662814 0.678228463259 0.544475251164 0.58194470441 0.711567539865 0.542252506289 0.795646126016 0.87089977027 0.517249572462 0.505436988433 0.829784070406 0.56051935049 0.461750317864 0.406502008501 0.401876064012 0.379376837895 0.326823839306 0.101881912197 0.106428337453 0.163931951605 0.103230248195 0.134757683657 0.159725740478 0.0878446611268 0.0916114057265 0.11410023295 0.127683251269
-9999 -9999 -9999 -9999 -9999 -9999 -9999 -9999 -9999 -9999 -9999 -9999 -9999 -9999 -9999 -9999 -9999 -9999 -9999 1.71772625863 1.77850585121 2.07807452622 1.91313752492 2.67179137487 1.82105204921 1.67018304831 1.25899419734 0.923074282452 0.589189102084 0.547386483743 0.641384745551 0.668145893656 0.436564306437 0.520334842238 0.374987716239 0.286622774006 0.305314781613 0.550642907227 0.559055934121 0.728770662562 0.532763713948 0.460006600552 0.352820854422 0.499143965287 0.543186028756 0.5812998703 0.26912773242 0.0986523678406 0.0709749056511 0.191351340553 0.100984459996 0.133613029968 0.093449806157 0.0919950006801 0.119125951646 0.110888653587
-9999 -9999 -9999 -9999 -9999 -9999 -9999 -9999 -9999 -9999 -9999 -9999 -9999 -9999 -9999 -9999 -9999 -9999 2.92005776119 3.50452422926 3.69385869061 3.49420982563 2.19844604387 1.90574595778 1.74174913581 1.73082297303 1.59676260526 1.28890496305 0.789185544364 0.66917869784 0.462277414492 0.614390171735 0.697901136467 0.502628415965 0.453064358025 0.626600849583 1.01923490867 0.924074792236 0.896142297336 0.859366053877 0.939250529247 0.531395461808 0.425331414772 0.442978372171 0.627745943584 0.424996345651 0.507682191825 0.608060251422 0.324675948012 0.115710625774 0.207400296946 0.560186345256 0.515332401129 0.445424401874 0.204692335826 0.159002916958
-9999 -9999 -9999 -9999 -9999 -9999 -9999 -9999 -9999 -9999 -9999 -9999 -9999 -9999 -9999 -9999 -9999 -9999 -9999 4.61493540765 4.44842010487 4.01281564713 2.34716033013 1.94909835645 2.02011263294 1.97049850209 1.29632005797 1.73535241328 1.07102941046 1.52364566216 1.3480306182 1.32023015259 1.04865540099 0.615189213697 0.807822451698 0.668073102483 0.288466315768 0.231553973441 0.223997753176 0.223947501955 0.321498790466 0.609990489183 0.485478316429 0.577783295451 0.687867932906 1.17832289142 0.829773660325 0.507019891659 0.431364662181 0.212671321072 0.0386133204482 0.0801337538697 0.17571431826 0.486363592589 0.409183553114 0.0649003925017
-9999 -9999 -9999 -9999 -9999 -9999 -9999 -9999 -9999 -9999 -9999 -9999 -9999 -9999 -9999 -9999 -9999 -9999 -9999 -9999 3.05204610052 3.71348154653 2.42163037983 2.02142101377 1.51426483753 1.84952347249 1.32459073085 1.8567573862 2.20379856774 1.86918263403 1.53930909357 1.4434770321 0.602530672411 1.07681471242 0.916484441037 0.803571803817 0.606851996034 0.800309236345 0.846653852616 0.754656732911 0.572296887212 0.896449237737 1.00481298953 0.817049852256 1.27969116406 1.01111852535 0.779094822449 0.949676820247 0.730050925533 0.561784009265 0.361734576586 0.167471963164 0.0624198782447 0.0527467851762 0.174174079732 0.136170754127
-9999 -9999 -9999 -9999 -9999 -9999 -9999 -9999 -9999 -9999 -9999 -9999 -9999 -9999 -9999 -9999 -9999 -9999 -9999 -9999 -9999 3.22692232862 2.72592662183 2.70149564859 1.3936582969 1.20208591025 1.26270751505 1.93342598586 1.65867323758 1.50053200587 2.77058432483 1.81197386798 0.763712493654 0.748837999117 1.52915684348 1.21461448985 1.02606368366 0.666446523747 0.651827818685 0.693820125105 1.15526816515 1.27176936966 1.54543403123 0.890322442315 0.676567579096 0.430735887019 0.632554590533 0.743767258096 0.748706085835 1.05390763042 1.66718396031 0.612990610999 0.316904587055 0.167974796492 0.023836434642 0.0432708940922
-9999 -9999 -9999 -9999 -9999 -9999 -9999 -9999 -9999 -9999 -9999 -9999 -9999 -9999 -9999 -9999 -9999 -9999 -9999 -9999 -9999 2.24205170838 2.06157319087 2.07893409485 1.88497562592 2.24606073464 1.72878107073 1.51640623552 1.23596660525 1.84990473008 1.00081558449 1.57483560943 0.996938885629 0.83672868326 0.443490201829 0.688885415649 0.678642814483 0.703887467121 0.693580517273 1.04409660785 1.18090969236 1.09218185197 0.731155843577 0.715711741409 1.09377566284 0.999193725195 0.900537227649 0.860563560832 0.499544840787 0.482713102354 0.739589875388 0.41156854393 0.188666924329 0.0649441423593 0.0802865866326 0.0290839697951
-9999 -9999 -9999 -9999 -9999 -9999 -9999 -9999 -9999 -9999 -9999 -9999 -9999 -9999 -9999 -9999 -9999 -9999 -9999 -9999 -9999 -9999 2.25230412458 3.07818455163 2.12852956022 1.94068352655 1.51273864175 1.56089172244 1.14011269602 1.14032456347 1.25986343425 1.398126986 0.937047650934 0.994028728281 1.45071302134 0.894883915816 1.1165950165 0.964189309589 0.985620858166 1.02824105798 1.1644179637 0.587826009459 0.720356256717 1.10491003483 0.510920519608 0.440215342023 0.355277137201 0.512455007555 0.797071534549 0.689080355281 0.359774480666 0.318438766834 0.468663138611 0.188357669934 0.0322664980086 0.023308895901
-9999 -9999 -9999 -9999 -9999 -9999 -9999 -9999 -9999 -9999 -9999 -9999 -9999 -9999 -9999 -9999 -9999 -9999 -9999 -9999 -9999 -9999 2.45819945221 2.29686563846 1.9525577681 2.35857902208 1.78425592704 1.23758665227 1.33100909701 1.41162291992 1.20580416467 1.27886711468 1.37661512949 1.24461825347 0.932027723872 1.58765781818 1.0138039038 0.928990567324 1.41489429468 1.3319196113 0.72745981422 1.20705146282 0.743906306268 0.510564844614 0.457535972752 0.674898005567 1.04352358353 1.03966277713 0.437539325764 0.393513022084 0.254529823586 0.379131347621 0.117628408964 0.402543770625 0.170600591576 0.138372859215
-9999 -9999 -9999 -9999 -9999 -9999 -9999 -9999 -9999 -9999 -9999 -9999 -9999 -9999 -9999 -9999 -9999 -9999 -9999 -9999 -9999 -9999 2.28409580464 2.79529481179 2.68220841512 2.33253195963 1.75448757803 1.92055340091 1.50096298617 1.86267777244 1.36997791572 1.06316415356 0.985247211763 1.14862184143 1.57617599738 0.791274458593 0.90341261155 1.53216264854 1.33052280595 1.11473849761 1.27942445328 0.856897107289 0.543351978208 0.79340324601 1.16943878747 1.0423869578 1.07829710121 0.849291985661 0.589609683891 0.591160105376 0.885028436133 0.6469199338 0.297944975437 0.341583250704 0.399556025566 0.448594326122
-9999 -9999 -9999 -9999 -9999 -9999 -9999 -9999 -9999 -9999 -9999 -9999 -9999 -9999 -9999 -9999 -9999 -9999 -9999 -9999 -9999 -9999 -9999 3.1770601214 3.08679426511 2.45904006879 1.56091633107 1.78448190624 1.43632229075 1.67414716977 1.40037357586 1.66517231548 1.51053012588 1.89579797703 1.21379525288 1.49243848088 1.79955206322 1.37760623823 0.736422683605 0.61114880151 0.47552124205 0.772142805398 1.27013251819 1.31524912082 1.04815787675 0.859042678817 0.383557869066 0.339364218132 0.332246517911 0.377183225396 0.267742110102 0.386494456473 0.428396804579 0.61935032846 0.221619276967 0.0916822849375
