data/recharge/transience/oldversion/mHM_recahrge_555.ASC
ncols   80
nrows    72
xllcorner    4374000.0
yllcorner    5656000.0
cellsize      500
NODATA_value  -9999
[rows 26 to 51 of 72, columns 0 to 56 of 80]
-9999 -9999 -9999 -9999 -9999 -9999 -9999 -9999 -9999 -9999 -9999 -9999 -9999 20.9871201377 20.4278945404 20.5278444549 18.1172016607 18.0516841864 16.400020926 16.0192897807 15.1227080888 15.8725581547 15.2586356744 12.9758486537 14.4960770213 13.8326418504 13.9989487201 12.3082835524 11.9062353515 12.2703718138 11.0818903049 10.9208761547 11.5442822118 14.8897321215 19.1311217514 7.91331888692 16.3254141675 14.3034616021 10.3573410308 7.08283678292 6.45371660342 7.72749694982 5.99399461915 7.36823327554 8.11424670612 9.64380500034 9.69281528366 9.5113706599 7.58470022427 5.31570829587 4.29446515742 4.46434977137 4.44380926111 4.3441277573 5.08048678826 4.82687619383 3.33358649805
-9999 -9999 -9999 -9999 -9999 -9999 -9999 -9999 -9999 -9999 -9999 -9999 -9999 -9999 18.9698159704 18.8107878206 17.0733839579 17.5768790349 16.3449216763 16.6561512903 15.2961128787 16.1002406064 15.3407284989 14.8210229723 12.736012176 12.7067723972 12.7737009043 14.3064337381 12.8265928751 11.5864627333 11.3936639889 12.08639054 12.0147976448 17.3911527313 14.6442882415 12.0275809588 16.3909919433 9.49179386626 9.16085206605 7.90824923845 6.7190843495 8.06879986145 7.44956595845 6.50290557996 5.30723486927 5.79516912596 6.51352490166 7.50765029198 5.0509205604 4.98252115618 4.63204144104 3.884121552 3.49994679056 5.83212903738 4.47876165597 7.38934267853 10.2560226675
-9999 -9999 -9999 -9999 -9999 -9999 -9999 -9999 -9999 -9999 -9999 -9999 -9999 -9999 5.67144904669 11.4891191987 18.2310350692 18.0792073619 17.0464721276 17.1824395687 16.3422103089 16.4928986716 14.4870497131 15.5488580436 14.293242245 14.4202690202 12.7899156328 13.6797490256 13.680747806 14.1159090967 10.2407253521 5.62794646397 12.9536641367 18.3725245113 17.8333982661 9.2589946269 17.1063449597 8.95242113796 7.24367858118 7.25853372444 5.85300795242 6.3192902796 6.20356129134 7.02129493621 6.19978244536 5.47362571831 3.24545119365 3.85528488062 4.91074421145 5.91138724791 4.92865821521 5.4081614326 5.51834990744 4.92613402503 6.63067805666 10.9263712393 13.0806301092
-9999 -9999 -9999 -9999 -9999 -9999 -9999 -9999 -9999 -9999 -9999 -9999 -9999 -9999 9.27983424366 14.0558217738 18.8269854494 18.3609628448 17.9534835026 18.5311498281 17.2481205571 17.4802653587 15.6210739032 14.9368616362 13.6980868485 13.0634055674 13.7831142473 14.3332899747 13.1711515935 13.4925646748 12.6872254533 12.0928547088 12.0023174006 18.7849083961 22.0235803115 7.94948400099 11.2061406816 22.8056717297 4.33665445711 6.6540435136 5.94894057743 6.43658178512 5.76055950252 5.8726948458 5.11699829643 5.55189318719 4.42720558048 5.37239280075 7.24939520323 8.80631597016 8.79777418064 6.7900765486 8.77530128759 8.3397810224 6.94497027095 7.48529005104 5.54489511256
-9999 -9999 -9999 -9999 -9999 -9999 -9999 -9999 -9999 -9999 -9999 -9999 -9999 -9999 21.993219888 21.1266402374 20.1245964003 19.2667626081 17.1120123345 18.4661529566 17.1403158779 17.0408820777 16.4276810701 15.6570487861 13.8468706829 15.0341074841 13.771057668 14.8707324553 13.2164828372 13.6269997187 12.9607762079 13.2320866868 12.4516911397 9.98905038253 8.27412131035 8.30130114576 7.83941758567 17.085537805 7.12400031092 9.89464879049 14.7788554822 7.9931051417 4.73489538127 4.99119030961 4.43036308572 4.7858127043 7.18815810917 9.81654067195 14.4264456599 15.4621161924 12.2669928184 12.8531033931 9.12407064286 7.68134465214 6.03301972924 5.35904102649 5.64919785722
-9999 -9999 -9999 -9999 -9999 -9999 -9999 -9999 -9999 -9999 -9999 -9999 -9999 -9999 -9999 20.4007805422 19.534185143 18.2916084387 17.7755515392 17.2280929847 16.2337788956 16.4529830736 15.9404782264 15.9835433626 13.8422045341 14.5866809122 13.6139520506 14.0279902883 7.29121181938 12.9472348544 12.3122843 12.041852873 10.7982087649 8.92437485136 8.46316994979 8.48573450128 8.14020779769 8.09470861086 7.8484035232 7.53714088299 6.86810254283 10.893916758 5.48447011105 5.32311594302 5.0382294978 5.5017120974 5.73835729424 6.2830117445 7.32267255046 6.94542559059 4.4475380591 4.12395991206 5.27389767053 7.3043380631 6.78429067354 6.72077047175 5.87806883013
-9999 -9999 -9999 -9999 -9999 -9999 -9999 -9999 -9999 -9999 -9999 -9999 -9999 -9999 -9999 -9999 19.1976782426 18.352241988 17.8273925507 18.9549763767 17.8120747859 18.3963623689 15.3014442489 14.5470157129 14.3840110047 14.2831951422 13.3669056141 11.9238207353 6.89576912742 11.0034514846 12.0885380846 8.04929135176 5.32178425498 3.68762891194 8.3344626555 8.57197701796 8.35681037797 8.53547189947 8.34400025184 11.1534897294 19.0083153868 17.1911067804 17.7219112137 11.9648435957 5.57330019992 4.31281015852 3.28761927149 6.27012940698 4.39110944174 3.67502029248 4.45456049827 5.96039398376 4.79121132733 4.19619248941 4.44965035896 4.10220385748 3.73341807513
-9999 -9999 -9999 -9999 -9999 -9999 -9999 -9999 -9999 -9999 -9999 -9999 -9999 -9999 -9999 -9999 19.327487075 19.1678127413 18.7141051496 18.3344462049 17.0117634166 17.7126513939 16.2942384181 14.8712151069 14.6543774164 14.9538858769 13.6742371821 13.3915526437 6.57435143803 10.5069155087 7.36744139647 5.2740962862 5.89988385846 4.25018169914 8.06683564242 8.68164270682 10.6219267999 8.44985415983 8.30813491151 8.95603444346 16.2843554499 11.998122941 15.1826676549 15.7231532819 10.917466504 8.58543009782 12.2923164889 9.38783503164 4.07176173972 4.24686468961 5.09797876385 5.27718147319 6.10379531365 6.37966892453 7.00892288265 5.58865298477 3.76028589773
-9999 -9999 -9999 -9999 -9999 -9999 -9999 -9999 -9999 -9999 -9999 -9999 -9999 -9999 -9999 17.0847300883 17.1193115681 17.8042568772 18.4676104942 18.1818227878 16.8486941518 16.8128976559 15.2567840693 14.9177011417 14.1035560332 14.4310085364 13.4922272317 13.606112902 9.62628516904 12.4308712239 12.4225098879 12.5586794978 11.8684297475 9.51083765445 11.1423018153 12.3762049498 16.6449146725 16.2208616126 15.6393142677 8.29951456028 16.7287717185 12.8513569139 10.043115632 9.92684985918 9.62671196343 7.83290521404 7.33002671251 6.92199105938 6.5110880416 5.37109049731 4.37064280605 3.67498006494 3.82147893258 4.1498222078 4.2592154616 4.3536508784 4.47159103759
-9999 -9999 -9999 -9999 -9999 -9999 -9999 -9999 -9999 -9999 -9999 -9999 -9999 -9999 17.9642454242 17.636222555 17.3274492941 16.8111001147 17.7871592765 17.9086647854 16.7116233932 16.9713549225 15.1488926579 15.2451903802 13.9035618092 13.9690579688 13.0830882655 14.2311892918 13.0705291855 13.1105846313 12.1031951482 12.2788701207 11.4822247478 11.1078517158 13.0657415194 22.5475233661 12.8607461971 12.5600862561 21.2093193451 21.3822558016 18.4235658952 8.83697716806 8.04479171706 8.64841864691 6.19602179006 5.40110601483 5.32763569433 6.69477089892 5.23373546774 4.53130002222 4.01484167306 3.98539278319 4.03485771778 3.95823608466 3.63449153331 3.81323124759 3.6623797186
-9999 -9999 -9999 -9999 -9999 -9999 -9999 -9999 -9999 -9999 -9999 -9999 -9999 -9999 18.0239607336 18.3430462081 17.4102690556 16.203941789 14.9692416073 15.5160414344 15.3987852505 15.9688879496 14.8985109575 15.0578678174 13.3785494821 13.1409160288 12.4099973334 12.825624024 12.8427355434 12.9658627562 12.4149376575 12.7567501554 10.5196629241 10.3365699829 10.7770278917 14.7701064694 17.6298501762 19.3141844546 14.4434775475 14.6283444957 16.0604246105 15.4593559518 9.62613734077 9.01950579483 7.98508623204 5.1683083729 7.69390265377 8.70246704199 6.42539488615 7.22368764205 6.98462768573 6.95441400163 5.45794770712 4.9824113861 5.17988493699 5.03355879079 3.9223959674
-9999 -9999 -9999 -9999 -9999 -9999 -9999 -9999 -9999 -9999 -9999 -9999 -9999 -9999 -9999 -9999 17.6196230561 17.3991921959 17.1338198801 16.9626896401 16.1034217486 15.7448030844 15.4467002148 15.423344082 13.6243698484 13.4672094151 10.4646859114 10.728914224 9.88034972621 12.3147286391 12.7222890888 11.0471846425 10.1638308405 9.47732740746 9.33998010045 9.38366493877 12.4361088856 13.9218868332 15.6770588912 13.3528663194 9.66332606673 10.284845274 14.7134617543 14.8700842452 6.13212288948 7.07926018418 6.24648858428 5.7325608476 4.96551320894 5.73932817838 5.44732588505 5.55961810379 4.89676128691 4.41632321035 3.20781089543 3.35646297132 4.25660643536
-9999 -9999 -9999 -9999 -9999 -9999 -9999 -9999 -9999 -9999 -9999 -9999 -9999 -9999 -9999 -9999 17.8135923171 17.646097667 17.4112807957 16.0912782082 15.5985649129 15.8822539559 14.2211166346 14.410986607 13.9796090231 13.8562272873 11.9364612269 11.7860704056 11.7951243017 12.3952724622 12.4908942776 12.2546803407 10.9138792218 9.77748563823 8.14233074371 8.40580578025 8.28055904317 8.87130192152 7.18959445256 6.7240279349 7.32928171167 8.40516916448 5.6747064755 8.22457542403 10.7651284948 6.60517157214 3.36426209635 5.00191315556 4.64520147343 3.95229432344 3.214123862 3.25050233099 2.55431413216 2.84514906126 2.58761853293 2.59671138861 2.37880663581
-9999 -9999 -9999 -9999 -9999 -9999 -9999 -9999 -9999 -9999 -9999 -9999 -9999 -9999 -9999 -9999 -9999 -9999 17.4677507899 16.5867828345 15.1830035852 15.5833720692 15.2673606234 14.9065167614 13.7245193308 13.8835630283 11.759473714 12.6179389162 12.0601388168 12.1295960217 10.8114107299 10.3155285759 9.89153536091 9.97906537036 8.06521907228 8.8763413889 8.56496722485 7.44378584341 6.91694843036 7.99786410898 6.67976029716 6.24900592192 5.55789932878 5.53408075343 5.08254738769 6.65105682329 4.12470508835 4.25620395734 5.50415668307 3.72136868669 3.40745833507 3.70801368066 2.60757937272 2.66996951397 2.75985458339 2.90769786634 2.54131638484
-9999 -9999 -9999 -9999 -9999 -9999 -9999 -9999 -9999 -9999 -9999 -9999 -9999 -9999 -9999 -9999 -9999 -9999 -9999 15.5533237448 15.2950291606 15.50395951 14.9957830375 16.0762975283 14.2220226011 13.9956294316 13.3582351844 12.5624068916 10.9008016046 10.7410691804 10.4372552596 11.6967140893 9.91521575022 9.25893877936 7.61774135346 7.11247868996 6.77598091459 7.78240769766 6.93111016156 7.36459505771 6.23055488118 5.9369549814 5.15354642172 5.8945373408 5.72573402655 5.89739445596 5.85749465938 4.07295041253 2.91105860899 5.45136666151 3.58671965814 3.23910334565 2.52011106155 2.50051795952 2.65083453611 2.5545417412 1.97022233128
-9999 -9999 -9999 -9999 -9999 -9999 -9999 -9999 -9999 -9999 -9999 -9999 -9999 -9999 -9999 -9999 -9999 -9999 16.4774360518 16.907801699 16.786082547 16.6384434792 15.0580284485 15.2584028695 14.0869328747 14.0333242844 12.8173247691 13.4169510377 11.5361248167 11.2063570941 8.39011153871 4.85945778767 10.4081620514 9.42457089928 8.58991617603 9.34852630385 9.87673486113 9.68640356892 9.02418240954 8.60857735366 7.62402773 6.23169125474 5.88632091049 6.19192918245 7.90235713467 6.43117901287 6.72692303522 9.55674908594 7.13624401548 3.94923543708 4.82725059812 13.6908445586 9.74690336706 6.43433170055 3.88091620442 3.04184733195 2.55688869326
-9999 -9999 -9999 -9999 -9999 -9999 -9999 -9999 -9999 -9999 -9999 -9999 -9999 -9999 -9999 -9999 -9999 -9999 -9999 17.9616801249 17.6185579846 17.3443594381 15.1237866295 15.2981314845 14.5150107931 14.3925053503 11.9658814383 12.3078094244 12.9018007765 13.449553363 8.7779285536 8.85319886847 11.8626424723 9.91010041486 9.21534816281 8.94927397812 6.73331881297 6.24449630437 5.61362142035 5.62415052191 5.62744345052 6.42510071668 5.73324846376 5.4894403877 5.26141135625 7.19196198321 6.41255876662 5.88807357336 7.96696951072 5.7500166985 1.80282833717 3.37724963999 7.22652167718 6.51331256471 11.7502248829 2.32515459621 1.93492812963
-9999 -9999 -9999 -9999 -9999 -9999 -9999 -9999 -9999 -9999 -9999 -9999 -9999 -9999 -9999 -9999 -9999 -9999 -9999 -9999 16.888567842 17.2829940377 15.1625219684 15.5072260212 13.8235842637 14.2371253173 12.4836662311 12.5093047609 13.1876597064 12.864490356 11.9273295215 11.8288131303 10.7574722809 9.12000540764 7.34266234782 8.65377088551 8.10676376988 8.35831938748 8.12487904526 7.62733095673 6.35448719355 7.29428883287 7.35955844721 6.8892653747 7.78819001599 7.19003018634 6.26025110223 6.71433052557 6.33796834272 8.46015839685 6.59664844194 4.25720384016 2.00933618074 2.39257610081 9.8232801963 4.1310376396 1.96984658366
-9999 -9999 -9999 -9999 -9999 -9999 -9999 -9999 -9999 -9999 -9999 -9999 -9999 -9999 -9999 -9999 -9999 -9999 -9999 -9999 -9999 17.1842622836 15.8042183771 15.8946019581 13.189474616 12.8432934071 11.7006401936 12.9516531095 12.7406774554 12.3163013521 10.8234745288 12.2576746973 10.984999196 6.61736605971 10.9713057252 10.380557237 8.37909069456 7.00689619207 6.65261165758 6.98557403148 7.94907506944 8.14151219044 8.50561697131 7.32776189914 6.47475540379 5.503646074 6.03465895486 6.39182873089 6.00934110287 6.74723875002 10.109009065 7.92679651566 5.63403526516 3.95422783377 1.07465510414 1.44125952012 1.45159162716
-9999 -9999 -9999 -9999 -9999 -9999 -9999 -9999 -9999 -9999 -9999 -9999 -9999 -9999 -9999 -9999 -9999 -9999 -9999 -9999 -9999 16.2860720665 15.2349181757 15.1807844994 14.1822847063 14.2661642925 13.6703194795 13.4249836047 13.2700682278 12.3940412004 5.23555958058 11.3483512097 12.1183574794 10.782073239 8.1209836507 8.33875297762 7.51094712337 6.49349234796 5.89791901228 7.56607257394 7.97905788931 7.82308739697 6.88428793023 6.85262170297 7.56122375568 7.33745103072 6.79829296961 6.70170296396 4.94841185834 5.41939685546 5.86481291396 4.29123085594 8.45690541847 2.27175721045 2.03436531866 1.18193274956 1.08326766484
-9999 -9999 -9999 -9999 -9999 -9999 -9999 -9999 -9999 -9999 -9999 -9999 -9999 -9999 -9999 -9999 -9999 -9999 -9999 -9999 -9999 -9999 15.2791150295 15.9147508184 15.1442655401 14.4995073426 12.8871616688 13.6625907677 12.4132197679 13.0605039522 12.9249528264 13.0744135689 11.18149916 10.3640301578 10.0959463095 9.11035084114 8.45722459743 7.93594733037 7.00879014034 7.97792810583 8.3312850927 6.9298463301 7.11411579857 7.97126060433 6.05249089665 5.69276624588 4.58035988962 5.09919910872 5.69656240031 5.82487565742 2.99032273231 6.59044879431 9.1536926336 4.51028822296 1.34280862527 1.14425991964 1.10313491805
-9999 -9999 -9999 -9999 -9999 -9999 -9999 -9999 -9999 -9999 -9999 -9999 -9999 -9999 -9999 -9999 -9999 -9999 -9999 -9999 -9999 -9999 15.5294902205 15.3038904776 14.8673543908 15.0188864465 13.1798531553 12.6165341871 13.0231501816 13.1358796769 12.1570828695 12.2616686634 11.6352289364 10.4426940774 9.17239665107 10.244730792 8.71742211903 8.22541515111 8.56913123051 8.81277088626 7.37058948037 8.41180340835 7.17114043403 6.40322487975 5.89485549138 6.64768870806 7.03072952969 7.32402624738 5.12900701117 4.83629923105 5.38307555712 8.67953310042 3.40611145729 6.9986102135 3.59438740487 3.13566535177 1.76484130946
-9999 -9999 -9999 -9999 -9999 -9999 -9999 -9999 -9999 -9999 -9999 -9999 -9999 -9999 -9999 -9999 -9999 -9999 -9999 -9999 -9999 -9999 15.5381989511 15.8679668693 16.3041317177 15.4646880214 13.7152041469 13.5070228438 13.0859275722 13.9538887698 12.7634236528 12.2667427869 11.4534035156 10.8251030918 10.672917126 9.32385941017 8.96827766214 10.0255311897 9.35660938133 9.01726840344 8.86354833917 8.00549059057 6.74427282983 7.51222884768 8.04549528287 7.87144362856 7.6831240935 7.13982067216 5.86468653487 5.87381758362 6.3177797177 5.64622089839 6.25397032712 6.92223553772 6.6805224093 7.11350054197 3.56535932031
-9999 -9999 -9999 -9999 -9999 -9999 -9999 -9999 -9999 -9999 -9999 -9999 -9999 -9999 -9999 -9999 -9999 -9999 -9999 -9999 -9999 -9999 -9999 16.2868522307 16.6115376724 15.6496321268 13.0923679149 13.0060426899 12.2420567041 13.7185021518 12.7756698803 13.1373220123 12.3182725607 12.2359209025 10.1651773067 10.5741260651 10.3400167551 9.80437254807 8.13213671105 8.13703827981 6.79822454835 7.7729439705 8.60754705898 8.58674033798 7.85102889976 7.4369975303 5.45606302554 5.12305664805 4.69481736639 4.95343510603 3.95707930664 4.6277835265 4.88283559237 8.35558335565 4.67102395976 2.73204711328 4.29330848523
-9999 -9999 -9999 -9999 -9999 -9999 -9999 -9999 -9999 -9999 -9999 -9999 -9999 -9999 -9999 -9999 -9999 -9999 -9999 -9999 -9999 -9999 -9999 15.5162190003 15.9894348371 15.033870337 12.8003671237 13.2106106509 12.4877762014 13.9629556294 13.5903136363 13.6975291112 12.8409793078 12.6487546909 11.1053633318 10.8558107903 10.0923921275 9.51263886031 8.11302687969 6.52871949718 10.2948885506 10.5419269713 10.3234616018 8.88108420688 7.02979994454 7.29687169064 7.39963524337 7.8578926497 6.73194256902 6.62914131253 6.68123552785 6.83867866651 4.93291800705 6.00953769671 3.75231739396 5.09176367084 3.66132535642
-9999 -9999 -9999 -9999 -9999 -9999 -9999 -9999 -9999 -9999 -9999 -9999 -9999 -9999 -9999 -9999 -9999 -9999 -9999 -9999 -9999 -9999 -9999 -9999 17.0338906139 15.4498038838 13.0260929604 13.7850427997 12.8565385018 12.7512787139 11.1047293212 8.64973583866 11.5777659681 12.7667401944 12.2361540396 10.0335230852 9.10026651663 10.596133523 9.82344232729 9.95356256522 10.9840987992 9.16410195999 8.36551099523 8.96280291613 8.32791249665 8.0028467202 6.49472826097 7.20897052486 7.27263885696 6.7658980251 5.43609011336 4.84873891316 6.33263778296 7.18163097369 6.91583384665 4.044268004 3.94615675184
