data/recharge/transience/oldversion/mHM_recahrge_601.ASC
ncols   80
nrows    72
xllcorner    4374000.0
yllcorner    5656000.0
cellsize      500
NODATA_value  -9999
[rows 0 to 25 of 72, columns 0 to 56 of 80]
-9999 -9999 -9999 -9999 -9999 -9999 -9999 -9999 -9999 -9999 -9999 -9999 33.2508206452 34.2646573721 -9999 -9999 -9999 -9999 -9999 -9999 -9999 -9999 -9999 -9999 -9999 -9999 -9999 -9999 -9999 -9999 -9999 -9999 -9999 -9999 -9999 -9999 -9999 -9999 -9999 -9999 -9999 -9999 -9999 -9999 -9999 -9999 -9999 -9999 -9999 -9999 -9999 -9999 -9999 -9999 -9999 -9999 -9999
-9999 -9999 -9999 -9999 -9999 -9999 -9999 -9999 -9999 -9999 -9999 -9999 29.4220496662 29.3136957305 29.6891849867 -9999 31.0691650007 -9999 -9999 -9999 -9999 -9999 -9999 -9999 -9999 -9999 -9999 -9999 -9999 -9999 -9999 -9999 -9999 -9999 -9999 -9999 -9999 -9999 -9999 -9999 -9999 -9999 -9999 -9999 -9999 -9999 -9999 -9999 -9999 -9999 -9999 -9999 -9999 -9999 -9999 -9999 -9999
-9999 -9999 -9999 -9999 -9999 -9999 -9999 -9999 -9999 -9999 30.0951057569 29.5192981539 29.8553021891 28.2810921414 27.8939567639 28.5329030131 29.0460090644 30.052339542 -9999 -9999 -9999 -9999 -9999 -9999 -9999 -9999 -9999 -9999 -9999 -9999 -9999 -9999 -9999 -9999 -9999 -9999 -9999 -9999 -9999 -9999 -9999 -9999 -9999 -9999 -9999 -9999 -9999 -9999 -9999 -9999 -9999 -9999 -9999 -9999 -9999 -9999 -9999
-9999 -9999 -9999 -9999 -9999 -9999 -9999 -9999 -9999 29.837494768 29.2924113674 28.7296942564 28.2043687763 28.4857317064 27.8439267709 28.3274384325 28.78645368 30.432517164 -9999 29.7242165851 -9999 -9999 -9999 -9999 28.7064625409 30.5353093431 -9999 -9999 -9999 -9999 -9999 -9999 -9999 -9999 -9999 -9999 -9999 -9999 -9999 -9999 -9999 -9999 -9999 -9999 -9999 -9999 -9999 -9999 -9999 -9999 -9999 -9999 -9999 -9999 -9999 -9999 -9999
-9999 -9999 -9999 -9999 -9999 -9999 -9999 -9999 30.6474409563 30.0260673874 29.114028862 28.9987157916 28.0005905575 27.9628394526 27.4657279886 28.0702313685 28.114208174 28.3142337733 28.9431786059 28.1901881341 27.3381982935 27.8177200583 -9999 29.3548848079 28.3207970475 29.9970335645 -9999 -9999 -9999 -9999 -9999 -9999 -9999 -9999 -9999 -9999 -9999 -9999 -9999 -9999 -9999 -9999 -9999 -9999 -9999 -9999 -9999 -9999 -9999 -9999 -9999 -9999 -9999 -9999 -9999 -9999 -9999
-9999 -9999 -9999 -9999 -9999 -9999 30.2880919839 29.8009553704 29.8102627201 29.7752601319 29.5726359488 29.0075568221 28.3003142448 28.4330138097 27.7861982039 27.8950565621 27.7604155398 27.2051838394 27.3701927358 27.3875588386 26.9291463871 27.0804489733 28.4130098808 28.8860051239 28.7630410219 29.415192661 29.4710807868 -9999 -9999 -9999 -9999 -9999 -9999 -9999 -9999 -9999 -9999 -9999 -9999 -9999 -9999 -9999 -9999 -9999 -9999 -9999 -9999 -9999 -9999 -9999 -9999 -9999 -9999 -9999 -9999 -9999 -9999
-9999 -9999 -9999 -9999 -9999 -9999 29.8953410525 29.8711386262 29.1746269564 28.8933728066 28.7815071962 28.6922936446 27.8987054293 28.1096646489 26.8743463636 26.5856685982 26.5850592985 21.0559040902 25.1937510768 26.2098541829 26.1821737439 26.9949542425 27.4383948036 27.8468208203 28.7025557385 28.2688475795 28.3576475763 28.8843399575 28.3829002635 28.5179027791 28.1542391222 28.6810329819 -9999 -9999 -9999 -9999 -9999 -9999 -9999 -9999 -9999 -9999 -9999 -9999 -9999 -9999 -9999 -9999 -9999 -9999 -9999 -9999 -9999 -9999 -9999 -9999 -9999
-9999 -9999 -9999 -9999 -9999 30.2900686949 29.803947396 29.5934467506 29.2026200357 29.2991287457 28.9945745839 28.3584199861 27.5537316837 27.5083269537 27.343515883 27.348157806 20.941382019 11.2498418805 20.1419533716 26.4142578718 26.4360974432 26.4246921665 26.9643193867 27.0064331822 28.4552524049 28.7063339828 28.2603621475 28.6694787297 27.5423955949 27.7140809681 27.7880465746 28.4302518159 28.005671189 28.2013086837 -9999 -9999 -9999 -9999 -9999 -9999 -9999 -9999 -9999 -9999 -9999 -9999 -9999 -9999 -9999 -9999 -9999 -9999 -9999 -9999 -9999 -9999 -9999
-9999 -9999 -9999 -9999 -9999 30.2963600817 29.0022426082 29.2234243551 28.8221256558 28.7230840237 28.4730081592 28.4834168518 20.5609583974 16.9486306457 27.8547520166 27.6836913632 23.3633942028 9.68872910214 16.9454249701 22.9640897253 26.4910366784 26.1744587516 26.8440536897 27.058053964 27.1261919948 27.4214497437 28.0565867195 28.1657862261 27.1449365821 25.7987755857 24.711025852 26.6755163235 27.4123604339 27.6934208304 27.8000472921 28.0791162417 -9999 -9999 -9999 -9999 27.1873236268 26.9455256953 -9999 -9999 -9999 -9999 -9999 -9999 -9999 -9999 -9999 -9999 -9999 -9999 -9999 -9999 -9999
-9999 -9999 -9999 -9999 -9999 30.2041942165 29.7883049404 29.2497853987 28.6357069716 29.13977725 29.0874838558 29.0413872929 27.9276010367 27.3493978567 28.2502158532 28.4257453333 26.4685484744 27.616731238 27.0991751446 26.8427163536 26.2807281711 25.8260093833 26.4833948881 26.5011814885 27.1276502686 27.5472547393 27.997456587 27.643177025 27.6757457694 25.2946726998 17.6352822541 22.8226624794 26.9605162063 28.3433546759 28.2766007221 27.4846977985 27.741017226 -9999 -9999 27.7380075835 27.2817256054 27.6016848754 27.9643209793 -9999 -9999 -9999 -9999 -9999 -9999 -9999 -9999 -9999 -9999 -9999 -9999 -9999 -9999
-9999 -9999 -9999 -9999 -9999 -9999 30.1632198493 29.6665360493 29.1178254522 29.7128145461 29.1756926322 28.9274313858 28.6963922415 29.0240726423 27.9878071627 28.1260834777 27.5628447462 27.9626156653 27.4878326615 27.2840545087 26.8887257167 26.3052362678 25.9605742215 27.068962979 27.0409690862 26.9780633638 27.5545663341 27.6851620869 27.4769408142 26.8925849225 24.9194703002 26.4729278682 27.1704017676 26.8971704403 26.839044829 26.8150594426 27.8704161913 28.1724223362 27.2394165664 26.947502095 27.2813998247 27.7206023895 27.4241666678 26.9221003128 -9999 -9999 -9999 -9999 28.4117652189 28.0129806326 7.66503663959 -9999 -9999 -9999 -9999 -9999 -9999
-9999 -9999 -9999 -9999 -9999 -9999 -9999 31.1718074087 29.3496784195 28.9482351405 29.1700901184 29.7633477796 29.341773053 28.5190394263 29.0196664844 28.7891958404 27.7111770188 27.3424003862 26.8187837635 26.4565636886 26.3671852757 25.8111008377 25.9270459631 26.9550836768 27.3419996773 26.6457020279 27.1437287106 26.6547030522 27.0266491818 27.0180036575 27.1264071581 26.6309439759 26.8616173858 26.661076935 26.8632710306 27.2328695548 27.0388425637 27.5521558889 27.5810196519 27.2091137303 27.4100681854 27.5583210963 27.2046480671 25.1978556673 22.8952941951 23.7761801009 24.5027246354 23.3283367629 22.385838395 26.3132496476 25.5586630431 22.062070597 -9999 -9999 -9999 -9999 -9999
-9999 -9999 -9999 -9999 -9999 -9999 -9999 -9999 29.8105420489 30.0251196103 29.5839800398 29.279283811 28.8652875121 29.5494393393 29.1292463581 29.3195276292 28.0600517836 28.6099679718 27.7947569524 26.9485403805 27.0599869085 27.0354699547 34.6412336598 33.9540467759 31.5910758484 33.7960727054 30.8117436935 25.962591626 25.9166790442 26.2194967067 25.3363275616 25.5038838976 25.7320826444 26.0290453826 26.4980561963 26.0719207284 26.4791238938 26.7666696649 26.9691904474 27.1523833437 27.6910567637 27.220668837 21.4014582968 20.7179099329 19.560628446 18.8582798795 20.0603485669 19.1541024318 17.8483654715 24.3169230101 24.5216973426 24.7926343752 23.5338192967 -9999 -9999 -9999 -9999
-9999 -9999 -9999 -9999 -9999 -9999 -9999 -9999 29.9038798401 30.1347452352 29.4413221318 29.6721238256 29.4071551881 29.5059932353 29.4702728633 28.9312162562 27.9328843886 28.3024919162 27.1085080836 26.928880467 27.4287702685 27.1551379986 40.1780107266 40.3675565188 36.0713437972 30.0371990903 34.9982602457 31.0403047934 27.094004856 26.6181961231 26.1754267993 25.8840660394 26.3370431422 26.3067476926 26.0217222021 11.56805501 26.8797176591 26.6749133449 26.6025961024 26.6572201158 26.5337303917 27.4283140423 20.9199541339 20.8267768124 18.9200369369 18.8256151858 19.9619623458 19.3387477336 19.7144695642 25.0081710181 24.3159030418 24.3661916816 23.68822345 23.9044896321 22.5339161229 22.7553915383 -9999
-9999 -9999 -9999 -9999 -9999 -9999 -9999 -9999 -9999 28.991144267 29.0227905687 29.8632204027 29.8078944958 29.8444813664 29.4892905344 29.4517973168 29.1255088361 28.3222601881 28.3998412255 28.7511837253 29.2072627779 29.0363189371 31.7443666502 51.21731964 42.5653155138 40.1221609387 31.81623784 29.2190769891 29.863590224 25.0792944984 24.8358365535 24.8707612098 25.0249249981 25.1261581463 24.6977050189 21.4818296584 26.2335732265 26.2121867622 26.1461316071 25.9431042442 25.8052833427 25.87448781 19.40290492 20.1023091142 16.8519646572 15.5953110429 13.9238695052 14.5452872763 22.1077186316 22.4744756253 22.0068424444 21.8640678256 21.4843328736 22.1610092947 21.8407375856 14.358612739 9.91543524477
-9999 -9999 -9999 -9999 -9999 -9999 -9999 -9999 -9999 -9999 29.0260107982 29.5475253089 29.9444463759 29.955850867 29.4656872913 29.5191082407 31.4019178934 31.3045277075 31.3319189203 31.2910660313 30.259527933 29.714990331 29.1033786402 39.0055615489 37.0649242619 40.7230095233 35.9943639966 31.709844242 24.1912187311 34.3624868188 24.9521779214 24.7786221561 25.0120870364 25.0425394016 25.1820274275 25.3976888677 25.98340948 26.1248478383 26.2078520754 26.2272092649 25.7190678389 25.7929543465 25.4137305976 19.5567719758 19.7753367955 19.3935640061 16.9797052573 15.7822592749 23.2229829249 23.3301376479 22.9414942708 22.4208930646 21.0188423091 21.7676796477 21.0833849998 13.2549794893 9.84011324365
-9999 -9999 -9999 -9999 -9999 -9999 -9999 -9999 -9999 -9999 -9999 15.6056037361 20.7427910819 29.8794752078 29.3419183532 29.8445987597 31.222816184 31.5126172621 29.8677226384 29.476059029 28.3981770038 28.4453789016 28.8161069637 28.7532076672 32.6050566478 31.0062122828 31.5397023096 37.1311892963 33.7538346193 28.5119802479 29.2404612709 24.7900767355 23.3807660697 23.5658514097 25.3195138749 25.0518523232 24.8751515209 24.7923098867 25.165185433 25.3502135659 24.8121850412 24.5927092519 24.7643300589 23.0641950377 15.782678936 14.589170163 14.8504345782 16.2087951522 18.401140308 21.8899708244 20.821677367 21.6089104352 19.9642784312 19.6029562543 17.6720192297 17.3455582684 10.2338975588
-9999 -9999 -9999 -9999 -9999 -9999 -9999 -9999 -9999 -9999 -9999 15.043278999 22.244248164 29.2740058763 29.0266629768 29.7178002989 30.1213852214 30.2392361758 28.4701010377 28.4169157895 28.7004604387 28.967053968 28.8728792507 29.2963192456 28.106022257 27.5989910218 33.2038805176 38.322492019 28.303094188 26.95533823 28.3912799477 27.6072250983 20.0159151006 22.817532308 27.4493582048 25.8397685681 24.5846111495 25.0226024868 24.8158245819 24.4713060653 22.980342336 24.5933971185 24.113814962 24.349201752 23.4472189197 17.3436514089 18.0700220512 19.2476689138 17.4895591373 15.335426059 14.7803315476 15.0192872757 12.1352043876 19.5046556345 18.9992634041 18.3571434455 17.1692325739
-9999 -9999 -9999 -9999 -9999 -9999 -9999 -9999 -9999 -9999 -9999 29.9798027698 28.4990116244 28.5033252097 28.2749926363 28.7814824077 29.1692163404 29.1806476102 28.67315837 28.2864567054 27.9738976868 28.0340197978 27.6211932585 28.6335132105 25.9872458674 25.9136493809 25.6294760316 25.4267980776 25.0712441144 28.8377662302 29.362821027 31.470284601 31.5287767336 30.791211053 19.8048039101 26.4406927531 16.1885678792 14.1221990649 24.0724717905 17.9031234543 14.7837558027 23.7951970499 23.7263394356 24.4024390129 25.1275892958 25.804119031 17.5439109644 16.681281684 15.4210192906 15.310989489 13.4607626135 14.4527091122 14.4826593271 16.5598660539 19.0805223252 16.8608123374 15.8318162769
-9999 -9999 -9999 -9999 -9999 -9999 -9999 -9999 -9999 -9999 -9999 -9999 29.7476648838 28.257699663 28.5388432351 28.3686518393 28.300835814 29.0930870469 28.7337931801 27.9421876792 28.4641893354 27.9939938899 27.037121459 26.9929815375 25.8544276777 26.1397936985 25.8638414029 25.9095581257 25.3380719054 25.2136612689 24.7669991789 24.7267544653 26.6205645368 26.631803944 21.4678591875 16.9137402111 25.0902057194 14.1401504416 16.8955655073 23.0976804615 24.2548725308 23.4919200274 24.2960689402 24.8031254616 25.1606510443 25.4501746774 21.9664185338 16.7839714173 13.7220408774 14.5388827444 13.0376832207 11.7216934367 10.3086494683 10.4141858605 8.30046629542 10.7283407301 6.57497095622
-9999 -9999 -9999 -9999 -9999 -9999 -9999 -9999 -9999 -9999 -9999 30.2410029879 30.1698035879 29.0385731495 28.4543908076 16.8186827579 24.3008743256 28.4508238239 27.7084885212 26.8258031524 26.8195590191 26.7324347447 25.636740937 25.9677292877 25.373945492 25.3529905073 24.5480737228 24.4998270875 24.3228003245 24.0108848623 23.4928330459 23.5856476216 22.492184239 22.3390483007 22.2474291927 17.5492869478 15.9420734205 10.3330472016 9.27428180792 21.5721230938 22.1041915439 21.4446175062 25.1002130828 25.8446798488 26.3987887182 26.1583518926 25.4182654939 22.3727995146 15.5643099991 15.5744295038 11.6384098028 8.98367219504 7.50979121645 7.54996914593 6.63181510874 7.12427262819 8.33267587116
-9999 -9999 -9999 -9999 -9999 -9999 -9999 -9999 -9999 -9999 -9999 30.70001225 30.1117591786 29.3358965634 28.6440853457 21.8138563127 27.2383830919 28.696451817 27.7479460667 27.5360456463 21.9515002228 22.7161072532 25.9608432859 25.8895805147 25.4182917177 25.6720213 16.5278702848 17.2699782899 23.1240165319 24.4681407354 24.1440411715 23.6463964031 22.3155224346 22.3308698525 22.1361857165 17.5641883552 12.0861641192 16.038083405 10.6946571253 18.4613771331 21.4619134739 21.4621603821 24.8946991872 25.4572038932 26.4312791916 26.2400167488 25.031467084 25.1462136834 23.094771969 20.9721153561 11.4855264741 11.6564684054 9.65187713002 9.26673632476 8.20754430368 7.7404593896 5.90000648197
-9999 -9999 -9999 -9999 -9999 -9999 -9999 -9999 -9999 -9999 -9999 29.7167675654 29.5848309338 28.7927878404 28.6525576166 28.5113982488 28.8811196882 29.326862127 28.4732074593 28.3352596732 23.4311471569 10.6052939555 22.72224152 27.4980424872 21.7601119834 21.7850778857 23.4564225042 25.2627815497 24.5569163949 24.4234723909 23.5226343809 24.0775772847 23.2051349915 23.0869164263 21.6781567845 11.9034289197 6.75168969154 5.02841075703 8.95600943126 11.0805170181 21.2584371684 21.666001214 23.0014908337 22.2127753633 23.0114972028 23.1346475169 23.5221021143 23.5405813576 21.9320914063 21.7765407228 13.1943701624 10.7735885624 6.88043177324 6.41093864902 5.67628232772 5.95778357238 6.51996962362
-9999 -9999 -9999 -9999 -9999 -9999 -9999 -9999 -9999 -9999 -9999 -9999 30.2652790498 29.0976803009 28.966157889 29.4804067509 29.4991546204 29.1329231001 27.8015141119 27.9315293132 28.5153676097 28.3414179518 26.3164257264 22.4931176737 21.1970508508 21.055879902 18.7878088941 19.2193288497 18.0937750662 17.136053474 14.8306774731 21.4327502823 21.9372084707 22.2843500174 21.3080664729 11.0236864977 8.20803439746 6.16929684345 10.6581516756 15.1272521883 21.4086805319 21.0846729372 23.1517455739 22.4818342944 23.064075327 22.8979171149 22.8123097225 23.0039027339 21.366393518 21.664112521 19.1191677402 10.6109258489 9.10957369254 10.0785331022 6.00056110715 6.44540798665 5.88163791657
-9999 -9999 -9999 -9999 -9999 -9999 -9999 -9999 -9999 -9999 -9999 -9999 28.5504548258 27.0514904 29.6794777 31.561642978 30.3161567437 30.0974522943 29.1412239284 29.032305593 27.7943792264 28.1757743821 28.0343803049 25.6456978907 24.285040418 24.6731107241 25.2042132072 22.8525294668 19.4358221531 21.2601954847 17.956567656 18.7580803043 23.8009601614 23.3905079969 18.5401493087 12.7355589183 22.0582173132 10.7493619011 14.3130840549 12.8428858872 19.6158605305 20.0329111039 19.3091222241 19.2582514283 19.3360762275 19.2047621542 18.9415542359 19.0391848791 17.5535478115 18.3408719214 16.4099485284 15.0360937742 12.1000410035 4.38344522387 2.85086668389 3.53304215117 2.7739917738
-9999 -9999 -9999 -9999 -9999 -9999 -9999 -9999 -9999 -9999 -9999 -9999 28.7891987086 27.9436016564 28.7667397355 29.982692238 29.376905656 28.9861848128 29.625786361 29.415584334 28.4344663452 27.3665590256 26.6305103319 20.8742725156 22.0451818491 23.7101408622 27.3558542017 24.5518726727 19.7352907516 18.7089793244 16.1991955683 15.6206627934 19.6473474451 23.5404694493 20.4533187292 24.9676349697 28.1661543253 11.396971299 8.3447965545 9.30112505636 8.27832003312 9.64529660794 16.5853125452 19.4265037971 19.3380108071 19.3573150537 19.4641446633 19.5078478864 18.6235795165 19.0168162472 16.7568218903 10.024560438 3.99964580811 3.29431718452 4.56563483959 3.09997652319 2.71959194179
