data/recharge/transience/oldversion/mHM_recahrge_290.ASC
ncols   80
nrows    72
xllcorner    4374000.0
yllcorner    5656000.0
cellsize      500
NODATA_value  -9999
[rows 26 to 51 of 72, columns 0 to 56 of 80]
-9999 -9999 -9999 -9999 -9999 -9999 -9999 -9999 -9999 -9999 -9999 -9999 -9999 50.5715319689 46.8675561777 45.9786740072 46.4242100318 49.7888990401 44.4947363139 43.3767558854 40.9291765374 41.1074281279 39.6514568081 34.329417995 41.4113412878 41.5594366655 37.8282188339 33.696141686 30.515979673 31.8725137723 26.9889399074 26.3938964654 33.362774936 23.0680833219 10.480703476 19.7431253646 32.9417896756 14.2414850555 20.4154575847 15.9833477578 14.5777312198 16.7199557018 11.768103366 16.3605382624 19.4386138694 25.0270413763 28.7472136399 28.2304251862 18.7562788932 11.8184016398 9.16452832804 9.39007951135 9.82291751538 11.8568371073 15.1658868967 7.98627452446 7.92768847853
-9999 -9999 -9999 -9999 -9999 -9999 -9999 -9999 -9999 -9999 -9999 -9999 -9999 -9999 47.2393272582 45.500424723 43.7572868632 50.0085809193 45.2229779324 45.9323270967 42.2032971679 41.7932410281 40.28636367 40.5625759709 40.1976882653 38.8910305493 38.4379205098 41.2298328609 33.8170780206 29.2674238181 28.1872033799 36.0336332013 34.7044458489 32.0836707164 13.2206783751 27.9877974795 31.8682185269 17.1320645491 16.801334548 17.8165553468 18.1065170961 15.6040315269 15.6580956394 13.0202218054 10.4308307941 11.5957736178 9.83298997688 10.6027355781 8.97677785721 10.1312973067 9.79877639178 8.08372118355 7.60486856635 11.534720303 14.7944309945 21.6551198985 20.54355285
-9999 -9999 -9999 -9999 -9999 -9999 -9999 -9999 -9999 -9999 -9999 -9999 -9999 -9999 14.3526460144 31.1237722041 44.2157525645 51.3507846362 50.1108850079 49.61839815 45.3944327843 43.2347292008 40.4233623158 41.0708788221 40.3797775918 42.1034079169 38.9369131096 38.6075384218 38.442975798 39.8035060354 31.1686347907 18.2878259523 35.1944794546 41.1858429221 15.7791865983 21.5819933196 28.4200810206 13.0630198121 16.1563798798 17.1712890668 13.76691969 14.4912010594 13.6574751461 14.6049394346 11.8226611772 10.1708261526 8.30768523511 12.8454514823 14.2023465498 8.56024751138 10.0638437694 11.1482927305 12.1102351235 18.7899410969 24.9794389713 26.7699062033 20.6435106982
-9999 -9999 -9999 -9999 -9999 -9999 -9999 -9999 -9999 -9999 -9999 -9999 -9999 -9999 21.7002068237 32.1606917774 45.1803019416 52.5590022947 48.7990019571 49.1430675579 45.8037515833 44.5172636885 42.5356974864 41.27774777 40.1651248253 39.7141380756 39.1899355199 39.3961614673 37.6331267215 38.1086797334 36.2411748541 34.6581860391 34.3808274297 39.9897579661 37.0001445867 18.4048265855 23.707864195 15.3625957696 13.7663329616 17.1798364739 12.8765209911 14.2194204081 12.6186128238 12.8635794461 9.58767607552 10.3517381566 7.93076269295 9.92932663727 15.1687109921 16.5635254059 13.1541899754 7.52927254914 9.00708652698 7.26277537432 7.15009156558 10.2855377284 12.6761662745
-9999 -9999 -9999 -9999 -9999 -9999 -9999 -9999 -9999 -9999 -9999 -9999 -9999 -9999 51.0298605888 49.1163889077 46.0024400657 47.7591685433 45.0512231727 46.367375079 45.0627532439 45.0967063851 43.3040072926 43.3117385314 42.6833939748 42.6738704515 39.5599328527 40.2775625807 38.7681772419 38.4150445062 37.0635089265 37.4400614763 36.108473732 27.87467343 19.2410489522 19.2926112836 17.741888172 30.4056942988 16.1494973995 21.1235990073 11.0207372626 10.7035514665 9.3438721555 9.93622396719 8.42589086763 8.45918457451 12.4874488865 12.1586456977 21.8489270407 24.6035140473 16.6540648415 20.5370745214 14.4526489159 16.4006618194 15.1683827692 13.1515720441 15.257523503
-9999 -9999 -9999 -9999 -9999 -9999 -9999 -9999 -9999 -9999 -9999 -9999 -9999 -9999 -9999 49.4543065298 47.1751093586 46.9781814374 44.897913104 44.191423491 45.6219090861 46.5707983843 42.8863147872 43.1940292591 43.0903640815 41.8335167135 39.2428924219 39.4627707492 22.5070219363 37.6693327738 35.7922692079 35.7692034899 33.9292484675 25.0024118105 19.6020551401 19.6439899464 18.3421292592 18.2534770913 17.5903108257 16.7888558902 15.322926763 20.9480738212 4.17963078214 5.91802155981 7.73642830831 6.02886489497 3.80170216208 3.95888841132 7.32522630658 11.1929025509 9.52564447475 8.74731020536 12.1110094532 18.2884726802 17.6583283512 17.4344636019 16.0321322032
-9999 -9999 -9999 -9999 -9999 -9999 -9999 -9999 -9999 -9999 -9999 -9999 -9999 -9999 -9999 -9999 47.4642444305 50.0272759274 44.1651675375 46.3355962216 46.6502301456 47.8993978044 43.3352197959 45.0494243859 44.9444971362 43.7461407024 41.2186300858 36.5375347739 21.6651257609 33.9302172471 37.649429321 25.9589260578 17.6302829632 11.8732441925 20.4696804291 20.9412205071 19.45486067 19.788837267 19.2276492338 24.8763953916 35.3737965636 34.5547522135 23.1873717048 5.73005950999 3.23520300501 2.67179165191 2.30792611746 8.99161382387 8.43544352828 6.93502062685 9.39722361931 13.142261624 11.0533049401 9.52689604872 10.973689695 10.0331661869 9.66274194797
-9999 -9999 -9999 -9999 -9999 -9999 -9999 -9999 -9999 -9999 -9999 -9999 -9999 -9999 -9999 -9999 57.9564161542 53.7699520235 46.7171271154 52.3847933094 47.4308603672 45.0315550494 43.529392668 45.1261543358 44.5465058728 44.9032888393 41.593186182 40.7966504763 22.8414530195 32.3344268219 23.6366673319 17.3820649545 19.5811121871 13.8627169976 20.2845572412 20.7340018901 23.712792068 19.9012972459 19.1611291664 20.5051931156 27.460773029 27.8410803634 28.3392601731 16.6760526623 8.14700419597 5.13321757461 6.36262873559 14.3324749663 6.79050415491 8.11462401442 10.9788148083 11.4225204073 14.707682418 15.5503810386 18.9245222321 14.151890041 9.73292504739
-9999 -9999 -9999 -9999 -9999 -9999 -9999 -9999 -9999 -9999 -9999 -9999 -9999 -9999 -9999 53.2417988204 53.4649723817 54.8152633374 56.5773907734 54.9391618463 48.4248793234 45.2362453774 43.1372047676 44.7350050916 44.3058309684 45.4350983317 42.5511764933 42.4880602627 29.5274950016 36.3526742593 36.773157257 37.1031124495 36.4202610089 29.6342656509 30.7475174701 24.9323481776 28.045052222 31.2721506924 28.6163544436 19.0751758293 19.975367688 11.9780372541 6.75922148419 6.62069385838 6.28557364641 4.57560115243 17.8506315493 16.9899693127 8.97172715635 10.207010884 8.85236120121 7.31465799883 8.49973553578 9.28499733685 10.3499027341 10.5976514969 11.7795859143
-9999 -9999 -9999 -9999 -9999 -9999 -9999 -9999 -9999 -9999 -9999 -9999 -9999 -9999 56.7403365582 55.0036486621 54.0220344048 55.5767160826 56.3984150128 55.1698411734 53.337389778 52.3127491329 46.1320799447 45.9166334193 42.71877428 44.2316983244 41.7131484066 40.9642201517 38.3678467114 38.5270276988 36.2170733279 36.6904937532 33.9453595982 29.3704343939 24.114435045 24.9575105402 32.0733936149 28.1043168826 5.02289752093 12.3478696293 16.0452984067 5.15933755433 4.8929649311 5.33695590724 3.61024781415 3.21660429059 5.85638869341 9.05990429984 9.92051568823 8.38319946343 8.03271816917 7.97039277638 9.00520279591 8.83447567693 8.7412668277 9.19144930066 9.83440772101
-9999 -9999 -9999 -9999 -9999 -9999 -9999 -9999 -9999 -9999 -9999 -9999 -9999 -9999 55.4309912092 57.2603446316 55.0917241256 54.4022148706 50.6802061966 51.6593860412 49.2915523903 50.767833091 46.7635207904 46.5959367305 42.4899458757 42.980330403 40.2156434671 41.4756319945 39.6043769234 39.1403399663 37.8015324115 38.2039348349 27.8807529544 25.8988208931 21.7520911551 28.7471560289 23.5784429361 29.7436684239 14.0368383546 14.5611978213 20.1329955379 18.0916625392 5.91791402488 5.31094026808 4.51668027549 2.99536582782 4.44880961243 12.5469445669 13.5148784168 15.4851371941 16.2127821252 16.0729437741 12.3933556343 11.1494811657 12.5158818931 12.0841136946 10.0811674638
-9999 -9999 -9999 -9999 -9999 -9999 -9999 -9999 -9999 -9999 -9999 -9999 -9999 -9999 -9999 -9999 56.3705337425 57.7873855442 57.1642462252 56.5179530271 53.2579659685 50.1682415441 48.1291917499 47.7249699286 43.1426271873 43.1403388619 32.3819945871 33.5161274107 28.2129107735 33.8681335925 36.1520547481 29.102983454 26.2446169709 23.5688992953 23.2413913165 23.3975474259 23.9304483791 16.0264848023 22.3996859145 22.7142668883 14.6112808226 12.6396922239 20.5895925465 15.205379641 3.44701641497 3.94692067274 3.56912072107 6.90726612484 9.89311141411 11.3824378395 11.7033350918 11.9905121719 10.9496296188 9.76619923782 7.42972904569 7.79432570921 10.8993110857
-9999 -9999 -9999 -9999 -9999 -9999 -9999 -9999 -9999 -9999 -9999 -9999 -9999 -9999 -9999 -9999 60.4958597166 60.2826270955 59.7207930485 55.8208780974 53.1571360711 53.6540111581 46.2472806699 46.6646918915 45.1306737525 45.3682871209 39.7918888471 38.9026453615 34.3940292186 35.3482267265 35.7206044317 34.6382340695 29.7320234239 25.6700041652 19.7608772098 20.6481083083 20.5839451321 22.7853263804 16.2314962856 14.154707526 15.7458248459 18.8627069378 19.2586631932 20.2425369951 11.5528953169 3.56123732628 2.16183690835 3.58135354275 8.61398786881 7.10877846101 6.00959259743 6.08815161572 4.92447593572 5.50924604805 5.29343990697 5.32234454917 5.57472750816
-9999 -9999 -9999 -9999 -9999 -9999 -9999 -9999 -9999 -9999 -9999 -9999 -9999 -9999 -9999 -9999 -9999 -9999 59.8427088468 57.3457168414 51.9374354258 53.1605886627 49.4123123178 46.7930811787 44.3917544696 45.3175352759 38.2720531117 38.148746151 34.263319097 34.2238104431 28.9290551447 27.0794947376 25.8613418302 26.335376122 19.5291686895 22.3533931 21.5931382995 17.8166164379 15.8421247915 17.8323778669 13.9683726825 12.8336705719 11.5524518696 11.4890239111 9.6885127826 8.72439206937 2.56403430015 2.5098119368 4.2619773323 5.78886172171 6.5811088885 7.28255173593 5.01598694958 5.13282641242 5.65012636322 5.97724444368 5.9469390806
-9999 -9999 -9999 -9999 -9999 -9999 -9999 -9999 -9999 -9999 -9999 -9999 -9999 -9999 -9999 -9999 -9999 -9999 -9999 54.6991662363 53.8121921347 54.4014958546 52.1006008095 51.5045504892 46.3571792162 45.7026967022 41.8953082123 38.6019351673 29.7858851745 29.1651935037 28.1116047738 29.2974283486 24.7157119585 23.9352051197 17.3815850729 14.688395072 13.9957881114 17.6516981393 15.6582227355 16.4326462285 12.641102437 11.8448157696 9.82096220838 11.5693559406 10.9571478023 11.3140305026 6.59481256391 2.26718951473 1.88199630753 3.22968657167 4.52399486011 5.54224258943 4.51171711363 4.47456999044 5.1703244614 4.97860867919 4.21763306731
-9999 -9999 -9999 -9999 -9999 -9999 -9999 -9999 -9999 -9999 -9999 -9999 -9999 -9999 -9999 -9999 -9999 -9999 57.2683547039 58.4330412194 58.1256309388 57.718668733 52.3293468991 50.7127993908 45.9146429671 44.6254403072 40.1090725755 43.1345286831 32.2672004486 30.9068390951 28.5235200643 17.5008932623 26.4399871936 23.1221357794 18.091733837 20.7472371369 23.8802032961 22.9496371536 20.2956430185 18.8964825335 16.3055262483 12.6318416334 10.9754925182 15.019398345 11.4816395434 12.9829318634 10.1074467573 7.96516684317 3.70958305551 2.26413336073 3.12527616496 5.50392324809 7.85204844219 8.22001802505 6.62292544123 5.97850616496 5.51358425297
-9999 -9999 -9999 -9999 -9999 -9999 -9999 -9999 -9999 -9999 -9999 -9999 -9999 -9999 -9999 -9999 -9999 -9999 -9999 61.7901454858 60.6620471867 60.09778338 53.1135536827 50.7766850892 47.7116263009 47.0013535384 40.9984567343 40.3986147611 41.2286938698 42.7372062849 29.5186265354 29.6271037509 34.2904859527 23.1654537714 22.9748574326 19.4864882537 13.3344205881 12.052897643 10.370993219 10.3774623115 10.6891529868 13.0683970862 12.5806306911 17.6100378712 16.9004941655 17.6447066789 12.1055014187 9.76027514614 4.94254898411 2.72249881566 1.39416487495 13.2427158685 15.3343779791 13.8812667215 9.10592315714 3.25888649024 3.74463030011
-9999 -9999 -9999 -9999 -9999 -9999 -9999 -9999 -9999 -9999 -9999 -9999 -9999 -9999 -9999 -9999 -9999 -9999 -9999 -9999 59.4417520652 60.27298433 53.172600163 52.7597752407 46.5580454169 46.7412843083 40.893337238 40.6270901841 40.5095258207 40.1452695908 38.668837021 38.5619241483 29.7988877368 29.2447564218 24.1243796077 25.6690400788 18.0671545047 19.8037230293 18.4629143379 17.4194385008 13.7735328419 16.4760897995 15.0693125626 13.5782040746 15.8556418969 14.2781742084 11.7586039997 12.8624024399 10.8349271173 7.07198339507 4.08556370035 2.84618472839 1.60268083065 1.7529339937 9.14180272875 1.83044566636 1.8736814991
-9999 -9999 -9999 -9999 -9999 -9999 -9999 -9999 -9999 -9999 -9999 -9999 -9999 -9999 -9999 -9999 -9999 -9999 -9999 -9999 -9999 60.2720667607 55.7912127334 55.6992701657 45.0284376478 44.3784915763 40.9704857936 41.8330638612 40.5004425509 40.4448947127 38.7224684629 40.210228481 31.1016486072 24.36559309 30.8288893156 27.1780092118 21.1407820828 17.6633871248 15.5991193959 16.3091972688 18.6573584309 19.3616093359 19.450023611 14.2866540414 11.844170683 9.60706219091 10.8019797101 11.6327317978 10.8424042038 12.6675377012 14.0272027426 11.9858230976 6.60079936552 2.42436838438 1.03806459251 1.26136980949 1.4192334402
-9999 -9999 -9999 -9999 -9999 -9999 -9999 -9999 -9999 -9999 -9999 -9999 -9999 -9999 -9999 -9999 -9999 -9999 -9999 -9999 -9999 57.814729435 54.2080707826 53.873404747 47.2387240732 46.3706273003 43.0686165994 44.6467691353 43.1192158065 39.5227121332 18.7030212377 37.1841348346 34.2005973067 27.4294138578 18.3539826697 20.8271602879 18.096900093 18.1011373067 16.0210703044 18.9561548681 18.8026381572 18.2436732612 14.5861684306 13.7785779897 14.6773336753 14.0959458569 12.6681378641 12.4149432109 8.71213399826 9.08869153188 13.6869341319 11.0574640386 5.04656869294 1.9310215904 1.55411151184 1.10815074116 1.17519496942
-9999 -9999 -9999 -9999 -9999 -9999 -9999 -9999 -9999 -9999 -9999 -9999 -9999 -9999 -9999 -9999 -9999 -9999 -9999 -9999 -9999 -9999 54.6814978236 56.1784834097 51.230567471 48.531095412 43.4444593117 46.3871131745 40.2040798561 41.8184991479 42.1749132026 42.6187229334 32.3722687707 28.8507270012 27.830281886 23.6840750752 22.1522318941 21.0099706917 19.0940306787 19.3195077422 19.0128913812 14.3997446956 14.3667579161 17.1373689085 10.1844357578 9.18260510114 7.46251868219 8.89283056064 10.6136434559 15.8480691074 8.7913444791 13.6237604861 6.94809640316 2.05867882323 1.09140725578 0.981425906538 1.08114454223
-9999 -9999 -9999 -9999 -9999 -9999 -9999 -9999 -9999 -9999 -9999 -9999 -9999 -9999 -9999 -9999 -9999 -9999 -9999 -9999 -9999 -9999 55.624068693 54.6885553524 50.3434764516 49.3417727577 45.0103057491 44.340935682 41.2349139991 42.1311265769 37.2095074998 37.7515825697 34.92409125 30.1521093104 23.9780939726 28.6472047902 21.6979603364 20.7211059094 21.8113123967 21.580649422 15.7584878662 19.2848140561 14.5574276907 12.3517211869 10.5205938639 11.3403380356 12.6125787973 12.9305680308 8.38659127493 8.08640166042 7.10377163786 13.1964341076 1.71306182066 3.0733889061 1.94545937386 1.78806675149 1.44767363927
-9999 -9999 -9999 -9999 -9999 -9999 -9999 -9999 -9999 -9999 -9999 -9999 -9999 -9999 -9999 -9999 -9999 -9999 -9999 -9999 -9999 -9999 55.82640132 56.2350001403 54.5687713507 50.6986551106 46.3589113332 47.2147244467 44.2738967325 45.6430875756 40.9872234432 38.5695947238 34.370975065 31.9755939796 30.7172909813 24.5970201557 22.142256903 26.5793707129 22.7126946393 21.3452682626 19.2154148057 16.3941001568 11.8783818056 14.0036267217 15.5610383775 14.4295277846 12.7463733791 11.4295460918 9.02285030991 9.03576789989 10.4964420199 9.0678352502 2.96020284742 2.71689794017 3.01463692107 3.27199993945 2.00038052583
-9999 -9999 -9999 -9999 -9999 -9999 -9999 -9999 -9999 -9999 -9999 -9999 -9999 -9999 -9999 -9999 -9999 -9999 -9999 -9999 -9999 -9999 -9999 57.7746130991 54.3991536697 51.2521484442 45.8535076541 45.8538395388 43.5959646459 44.8623697037 41.145691229 42.7614585433 38.2780072722 38.4546002502 28.2013539109 30.1803258769 28.1548471293 25.5799109992 18.2445099219 17.4151741976 12.7915396053 15.6975992432 17.049488095 17.2729475097 14.8796772911 13.6551504704 8.32698941676 7.40917980043 6.86735324776 7.30869146479 5.96760533095 7.1211653988 7.36356963159 5.8287884678 2.35421725233 2.17917103559 5.37356646854
-9999 -9999 -9999 -9999 -9999 -9999 -9999 -9999 -9999 -9999 -9999 -9999 -9999 -9999 -9999 -9999 -9999 -9999 -9999 -9999 -9999 -9999 -9999 55.6573626115 55.3819160531 52.5186740541 46.7992782393 48.8907798991 45.4393953722 46.4660498417 44.6790521059 45.6068493733 41.4048169316 40.3234969557 31.8953877595 30.9075424336 25.6829586836 23.3898597894 20.2454501057 20.8945097403 21.3066907578 21.0275590734 18.0428789073 14.5991827578 11.2443835355 11.932595315 12.5512542178 12.6943489568 10.0124025399 9.81475073962 10.719841401 11.0781684672 7.85365320493 6.55838984443 6.24403048387 8.8476697103 6.66542548215
-9999 -9999 -9999 -9999 -9999 -9999 -9999 -9999 -9999 -9999 -9999 -9999 -9999 -9999 -9999 -9999 -9999 -9999 -9999 -9999 -9999 -9999 -9999 -9999 57.4255273455 52.9983327223 47.2767223998 47.7202376808 45.6919356304 46.1466411678 42.4653190127 33.4436110188 39.7264868983 40.8947229778 36.5738888502 26.9814826397 21.8149117819 27.1944482717 23.6642304627 27.1207129633 22.4553976088 14.8782121381 11.0764599567 13.9517473535 14.8696162073 13.9076532177 10.241045878 12.0610079914 12.7831322237 11.0791164692 8.5807577225 6.61491559969 6.16243371158 12.7987405878 8.89956470462 6.78876667052 7.21858234729
