data/recharge/transience/oldversion/mHM_recahrge_203.ASC
ncols   80
nrows    72
xllcorner    4374000.0
yllcorner    5656000.0
cellsize      500
NODATA_value  -9999
[rows 25 to 49 of 72, columns 0 to 56 of 80]
-9999 -9999 -9999 -9999 -9999 -9999 -9999 -9999 -9999 -9999 -9999 -9999 14.2272177868 14.1349810843 13.0988555717 11.1778228918 8.48741133904 8.89423571079 7.06597692494 7.50286199399 6.75405161425 7.57541649787 6.47533322752 5.10312140609 5.12600564561 4.82351225521 3.44452717237 3.59789970289 2.86253805443 2.50093533581 2.13000646202 1.97224935878 2.68374802907 2.86283680625 1.22223698207 4.60407279177 3.93428403755 1.95645932702 1.405722389 1.55558592552 1.47708612276 1.29676704102 2.94009054522 4.51046893703 4.553526555 4.60078181422 4.69854752208 4.68721313934 4.51348184485 4.68111605897 3.99551387481 1.80276555496 0.845453980957 0.657808592473 0.649749839744 0.714161788241 0.702489507842
-9999 -9999 -9999 -9999 -9999 -9999 -9999 -9999 -9999 -9999 -9999 -9999 -9999 15.1319781428 14.3503120898 14.668587271 10.5625695079 9.85998723844 7.97561715928 7.69333159468 7.27685938931 8.21667688791 8.52942614204 8.8249125456 5.40602482439 4.09364860377 3.75948062579 2.85229906047 2.89460897974 3.1473108263 2.5311592188 2.38037499331 3.92967832595 1.19934830214 1.36323273975 3.60024670969 5.06513873202 1.65339208975 1.77408563829 1.34909488052 1.18569535258 1.34747929823 0.809657065168 1.10350446011 1.4372568796 2.30920541459 3.75757703661 3.6864967048 1.57317960338 0.78915147552 0.614313065982 0.656521661307 0.736021064748 1.14243163398 2.34638822749 0.564421808161 0.566132976739
-9999 -9999 -9999 -9999 -9999 -9999 -9999 -9999 -9999 -9999 -9999 -9999 -9999 -9999 12.098795679 12.2021476248 10.0063866803 8.93460936936 7.68929749049 8.09500586061 7.02646709268 8.3951079231 8.1570348652 6.71283723679 4.40357710094 4.6170415307 4.83075200099 4.6447385987 3.26145862387 2.66477729094 2.62881680879 4.02342958434 4.80984102171 1.77580854266 1.68749578625 4.48263008308 4.41178606476 1.41323836893 1.40968563035 1.82988053167 2.06256154405 1.27712214748 1.28569625356 0.951751453921 0.689057926464 0.814072335353 0.655145772717 0.795697649323 0.591664398944 0.73140670838 0.702545814056 0.528604103494 0.502547504472 1.26039360966 2.88416804291 3.78433505024 2.63058072721
-9999 -9999 -9999 -9999 -9999 -9999 -9999 -9999 -9999 -9999 -9999 -9999 -9999 -9999 6.80827112976 12.1495711161 11.1237831547 9.85940087206 8.52895297392 8.86705060654 8.25485689921 8.94697997922 7.14800403871 8.59592470547 7.45095825241 7.18676762053 5.03573713539 5.56271960834 6.1960371414 5.64854247642 5.21378023061 4.74970361019 4.72033083109 4.2064839956 1.66842024588 4.1414615255 4.05799049459 1.06980312407 1.73895857808 2.14814688952 1.22112385312 1.28926975703 1.17859073281 1.22928741058 0.993691644916 0.781375312056 0.891345757265 2.36819790277 2.58185375193 0.723276631409 0.855989700171 1.0066722951 1.15450951963 2.66135867231 4.15164918772 4.83751649407 2.948121774
-9999 -9999 -9999 -9999 -9999 -9999 -9999 -9999 -9999 -9999 -9999 -9999 -9999 -9999 10.9279892041 14.3754471619 13.0769392466 10.4381280954 9.3562738398 9.2885736968 7.90387904913 8.58097284132 8.07055889955 7.86932218 6.43840739931 6.16773728286 6.05865142348 6.96787935425 5.66645942131 6.01231542884 5.38098658256 5.24203152888 4.64240346267 2.43245621843 4.68059074591 3.667364697 4.22541621176 1.15517826664 2.50422600214 2.31299446663 1.06284620451 1.23637859228 1.05882834589 1.0835527558 0.719159255321 0.803885884774 0.578968319812 0.823150301555 1.56250144463 1.6967334026 1.33621588828 0.781844211917 1.40417484959 1.35740900287 1.09393133389 1.15081493969 1.09331966132
-9999 -9999 -9999 -9999 -9999 -9999 -9999 -9999 -9999 -9999 -9999 -9999 -9999 -9999 18.2545175317 16.941813163 15.4005033965 13.9632079278 12.2988305869 13.7988546619 10.2687507771 10.0026424785 10.0694042228 8.43649645935 5.83949741635 6.39857592519 5.54593388499 7.69203685202 6.34543951198 6.20434410015 5.73345010369 6.08373372746 5.4901730946 5.91592972352 3.99946781355 4.02583593019 3.59562613939 4.71272583994 3.05216142579 3.65094544803 1.28114525953 0.839171074751 0.81621769956 0.886077401938 0.688763023108 0.648902945805 1.1211908606 1.25980335491 2.85497270727 3.385166365 2.2829465316 2.5512676155 1.53513307963 1.62330773346 1.50591820076 1.22747287225 1.44202363124
-9999 -9999 -9999 -9999 -9999 -9999 -9999 -9999 -9999 -9999 -9999 -9999 -9999 -9999 -9999 15.6230352726 14.195166052 12.4852054522 12.6286354051 11.9283490411 8.45118460539 8.59799054692 8.91445407855 8.81968068273 5.80255917715 6.91814748511 5.85024187165 6.25248504808 6.32544863104 6.07573094967 5.1801823253 5.12271801184 4.5490399408 5.81409321447 4.19369772943 4.21704707527 3.89928500936 3.85220601826 3.69353164634 3.50063562661 3.03882845244 3.74273205664 0.401973561767 0.422505354703 0.561733974171 0.459532502582 0.518544867511 0.604755824066 0.754096392381 0.889404894785 0.718341775685 0.630137132524 1.0816273674 1.94916209446 1.85487920518 1.82188836118 1.54426498919
-9999 -9999 -9999 -9999 -9999 -9999 -9999 -9999 -9999 -9999 -9999 -9999 -9999 -9999 -9999 -9999 14.8369485888 12.3026642814 12.2146737911 13.7996411326 11.929878509 11.3397570067 8.70133282632 7.31236737247 6.55391194459 6.38727152667 5.13643105667 5.77344359495 6.18394207166 6.36242319235 5.5858090749 5.69105354378 4.82489348032 3.84210945643 4.19826073952 4.44833260189 4.2818873383 4.47590596424 4.36071901808 5.3420857181 5.82432013873 5.79664840746 3.22466928208 1.02001701658 0.512582944474 0.357724776619 0.28541338774 0.809023047194 0.692810221981 0.521305485852 0.770040111285 1.29917999819 0.951597276469 0.752031034713 0.924017277763 0.801397213056 0.753632715418
-9999 -9999 -9999 -9999 -9999 -9999 -9999 -9999 -9999 -9999 -9999 -9999 -9999 -9999 -9999 -9999 12.9882575901 13.6175758343 13.6132509509 12.1864813125 10.2143822299 12.6453714783 10.3519781507 7.38530581188 6.55226804951 7.03174146509 5.39846841777 5.46057765866 5.85717080944 6.04033740054 5.20550394402 4.92158712845 5.04584373528 4.51674302402 4.86360806703 4.33631244629 5.15286251247 4.54467706227 4.3219322223 4.35129288176 4.18239749639 5.07011783611 4.60269653922 2.55019226487 1.55640519912 1.01558290577 1.28922158091 2.05854144659 0.498913009451 0.652183234589 0.985776296923 1.04917462888 1.4695553912 1.58504021063 2.03766898626 1.36758641172 0.762077809126
-9999 -9999 -9999 -9999 -9999 -9999 -9999 -9999 -9999 -9999 -9999 -9999 -9999 -9999 -9999 10.7379096657 10.5987045541 10.7216240798 12.6113346905 12.3517831844 10.877576464 11.3330644589 9.1588423558 7.82893393982 6.39922615876 6.74245739657 5.67578874663 5.77243857265 6.29359988011 6.64268355765 5.75069099942 5.84294505885 5.54516829113 4.73711328583 4.20993348589 3.46882142402 3.95693590094 4.60072791515 4.58357810499 3.7997494061 2.82526055553 2.03355699154 1.20529550635 1.18020834631 1.29008126589 0.918570277408 3.54680655605 3.26316816303 0.967121308296 1.06135818672 0.799040124864 0.596721014995 0.686175599979 0.786518827809 0.902927215839 0.936877333927 1.14129272743
-9999 -9999 -9999 -9999 -9999 -9999 -9999 -9999 -9999 -9999 -9999 -9999 -9999 -9999 11.9263808664 11.5189861307 10.9095312687 8.27559368334 9.44219867161 11.709038088 9.7192144897 10.4924572403 8.00335422491 8.23440548361 6.41323145639 6.17779971367 5.17479961798 5.8239475629 6.45838571833 6.4568449583 5.41319448167 5.48185600513 3.75812106699 2.75885235483 2.16148156541 3.17040853391 5.69478304628 4.85147839075 0.690887431075 1.87487573809 2.42989217156 0.911706230943 0.819333635916 0.926180902333 0.639082223443 0.522767263712 1.40860058021 0.89137354949 1.01056579238 0.778012597832 0.684898000999 0.676881039721 0.749695905308 0.72853986924 0.694487244488 0.749890944911 0.871930686593
-9999 -9999 -9999 -9999 -9999 -9999 -9999 -9999 -9999 -9999 -9999 -9999 -9999 -9999 13.4646060228 13.7610830225 12.2261814521 8.01859563653 6.48422739279 6.83637948151 8.48420760488 9.63128077934 8.2315859709 8.57513649155 6.45629495162 5.63523074811 3.6216813716 3.893735134 4.06535224231 6.32195197861 5.9547007138 4.45866314519 3.46905829997 3.08889144611 2.38299188469 3.33409227077 3.33590287255 4.1883711127 2.29923540375 2.36419812222 3.1251119014 2.86414700779 1.23949194726 1.111514707 1.01686373079 0.537410995925 1.04815421543 1.31648981924 1.51008383297 1.8861746627 1.88458615317 1.86216702402 1.34290304488 1.14583653786 1.36590558488 1.29740013026 0.962284530102
-9999 -9999 -9999 -9999 -9999 -9999 -9999 -9999 -9999 -9999 -9999 -9999 -9999 -9999 -9999 -9999 12.4052312428 10.9069771728 10.5993049742 10.3846182532 8.11201992113 8.48233836858 9.05955733156 9.09291717987 6.74954138886 4.82779455052 2.61984085837 2.80660625457 2.25420040071 3.57446665326 3.87357149547 3.37669524653 3.14758141168 2.65079730792 2.78892156773 2.81799577145 2.72828661787 1.98689099812 3.12286970999 3.26474799691 1.88669514461 1.68093357337 3.21969616135 2.56095140984 0.685938963161 0.847994135427 0.774188267471 0.602133260077 0.931223213627 1.22998124051 1.20010722883 1.24495573995 1.11556860846 0.935470351184 0.614092920495 0.659223639775 1.08870223168
-9999 -9999 -9999 -9999 -9999 -9999 -9999 -9999 -9999 -9999 -9999 -9999 -9999 -9999 -9999 -9999 12.364342917 11.7628573231 11.0921353496 8.40843656822 8.07126199752 8.2874646147 7.61840321398 8.1917785132 7.64347227112 5.63443333229 4.04952173659 3.8242775872 3.27417239064 3.92873032641 4.21820397175 3.98367550955 3.18489818447 2.85468931515 2.0353306758 2.19040828476 2.31536894925 2.7444710321 1.84725500149 1.66934163811 2.10853656726 2.77322611935 4.22518020054 3.74319433713 2.02236362352 0.783166395275 0.361629346427 0.537305398373 0.863784976924 0.651815599953 0.520507886516 0.530055451737 0.429169125068 0.496448914353 0.488144364329 0.492220528154 0.482084029835
-9999 -9999 -9999 -9999 -9999 -9999 -9999 -9999 -9999 -9999 -9999 -9999 -9999 -9999 -9999 -9999 -9999 -9999 11.2541834129 9.38640340434 7.04302880339 7.97042700966 7.79779017219 9.15428846474 7.32239437279 6.24835912268 3.61033715942 3.64658906017 3.32185739426 3.69316312147 2.85289046275 2.5429483507 2.41598641503 2.63808565223 1.99733135671 2.50828430037 2.51025535205 1.82341523509 1.68801754701 2.37359864084 1.75081575209 1.53329675124 1.4741467173 1.46173335278 1.21658851017 1.12709391704 0.466432103974 0.484922118479 0.656929241738 0.47407007402 0.561143633694 0.601616906833 0.438620609111 0.451418922252 0.533058368932 0.57781718014 0.525069313551
-9999 -9999 -9999 -9999 -9999 -9999 -9999 -9999 -9999 -9999 -9999 -9999 -9999 -9999 -9999 -9999 -9999 -9999 -9999 7.77077139132 7.36195480725 7.93423036514 7.12066197488 11.2276746088 8.39168318338 8.0700745882 5.37483113659 3.62563635726 2.88746373249 2.78230658634 2.71290915522 2.65323457561 2.25816059214 2.21672871677 1.55842280615 1.28808569348 1.23775752951 1.82667913453 1.71086706894 2.06733161758 1.60732099898 1.45008792415 1.16461006155 1.5004955245 1.52680596685 1.61128326029 0.926812355891 0.451725645777 0.345587542239 0.709878927948 0.42829376119 0.540653983388 0.428906083378 0.424453457426 0.520697133929 0.494776500945 0.398992084999
-9999 -9999 -9999 -9999 -9999 -9999 -9999 -9999 -9999 -9999 -9999 -9999 -9999 -9999 -9999 -9999 -9999 -9999 9.998479879 10.9916750919 10.6284367928 10.310307015 7.5308981871 9.64791964105 8.21601735131 8.5641359412 7.0609607304 5.06502643432 3.34210653533 3.08103516985 3.96821131702 3.53049073239 2.62897021975 2.08372625652 1.72321146202 2.09044071249 2.62668979285 2.47712087043 2.27886786876 2.24933722557 2.34846641589 1.60477188794 1.37096945929 2.7129085266 1.88342361575 2.4597162317 1.46603595211 1.67361278533 1.09512204191 0.500985544356 1.04758217838 0.968459296887 0.985512982214 0.983925207361 0.743503722094 0.642846762474 0.568116418879
-9999 -9999 -9999 -9999 -9999 -9999 -9999 -9999 -9999 -9999 -9999 -9999 -9999 -9999 -9999 -9999 -9999 -9999 -9999 13.0733396251 12.2091742064 11.5330410441 7.82187478689 9.49453824164 9.09122016667 8.98317054772 6.41821906258 7.24461010984 4.47828852437 5.40072815179 6.79642631635 6.77027756025 3.57975757537 2.22046565637 2.69224886428 2.20985896584 1.14268398599 0.977438043596 0.863684606286 0.863800416962 1.05971540581 1.68341464939 2.14595208807 3.82950767071 3.99881333268 3.35521887766 1.99383976876 1.43711614851 1.26953770825 0.773125321076 0.296143370417 3.15341075465 3.57158700859 3.49939909851 1.93192882484 0.304657729926 0.362264814
-9999 -9999 -9999 -9999 -9999 -9999 -9999 -9999 -9999 -9999 -9999 -9999 -9999 -9999 -9999 -9999 -9999 -9999 -9999 -9999 9.99016381791 11.0678611127 7.94110915539 8.34904296464 7.9534330208 8.72199826425 6.34098098374 7.43591707351 7.88029427021 7.40331332267 6.26102650967 6.1170907173 2.554707624 4.57312369125 4.71693202527 3.95092562198 1.86827139783 2.22498189155 2.14632025384 2.00312929007 1.58397238465 2.1446426806 2.31358528792 2.02877022788 2.69309731431 2.31581464891 1.91103482426 2.17984317591 1.82237068067 1.50232471073 1.09884229423 0.610979772448 0.298631672504 0.804093249352 2.31681502606 0.455548041826 0.482396485376
-9999 -9999 -9999 -9999 -9999 -9999 -9999 -9999 -9999 -9999 -9999 -9999 -9999 -9999 -9999 -9999 -9999 -9999 -9999 -9999 -9999 10.3314896114 8.60369752001 8.69390290182 7.39754606134 6.91460701255 6.44586293309 7.61501177515 7.40619602301 7.1052797591 6.26515463661 6.83222023629 2.89835282915 5.16730839592 4.0808123738 3.00863193415 2.54926431558 1.70536841445 1.55623854493 1.84482916725 2.4986273566 2.65231146591 2.97149652558 2.1494028001 1.76589202062 1.28420627354 1.66803442455 1.86216363689 1.84082692892 2.29782470611 2.12680891016 2.43716827044 1.03047583572 0.612622473701 0.133142638469 0.221051714433 0.297722801421
-9999 -9999 -9999 -9999 -9999 -9999 -9999 -9999 -9999 -9999 -9999 -9999 -9999 -9999 -9999 -9999 -9999 -9999 -9999 -9999 -9999 8.61723231938 7.47808244605 7.50255288558 7.75494647493 9.2301897259 7.18458602345 5.45229837478 4.84848934701 7.68504153923 5.99870722617 6.58522705843 3.11491578034 2.64783814677 1.68148018446 2.21052255977 1.97367407269 1.78954847528 1.62457503259 2.13199199782 2.53218898266 2.41161100814 1.83657291582 1.83193755797 2.4214654906 2.28439832461 2.11255845387 2.05067729381 1.21001123595 1.38417457145 2.9904491061 2.58319458643 1.2846025132 0.296485356266 0.358796568971 0.158530088679 0.187996072094
-9999 -9999 -9999 -9999 -9999 -9999 -9999 -9999 -9999 -9999 -9999 -9999 -9999 -9999 -9999 -9999 -9999 -9999 -9999 -9999 -9999 -9999 7.68118878289 9.00813035751 8.68922910176 9.17482459371 7.13247145782 5.62991734552 3.81658991439 4.28883120358 4.42248732131 4.63585817371 2.99128161331 2.931016148 3.37300168041 2.58849338825 2.40283253236 2.19677013588 2.11225667807 2.1436166606 2.52482354462 1.63222980811 1.81371356636 2.38386389494 1.41408800463 1.27518231875 0.908979978044 1.20511887352 1.67424471845 3.70436821063 2.34367150097 3.66453433318 2.29345894377 0.649909956376 0.167921620741 0.126564234709 0.162482895669
-9999 -9999 -9999 -9999 -9999 -9999 -9999 -9999 -9999 -9999 -9999 -9999 -9999 -9999 -9999 -9999 -9999 -9999 -9999 -9999 -9999 -9999 8.03561949492 7.75500691694 8.3308311984 10.0285156885 7.46494560235 4.55674852936 4.39013379128 4.57297596554 3.79294155736 3.90357824962 3.67038427674 3.32444709174 2.64670557931 3.54105208652 2.54869722411 2.14618038953 2.62070925922 2.82590966878 1.87639663227 2.58187250594 1.85165351763 1.44336102811 1.29923933554 1.72046798482 2.01499380661 2.27864403851 1.26601596679 1.27364941526 1.45193222148 3.26824973257 0.457558393885 1.17058891095 0.607193973457 0.517404944023 0.331602128828
-9999 -9999 -9999 -9999 -9999 -9999 -9999 -9999 -9999 -9999 -9999 -9999 -9999 -9999 -9999 -9999 -9999 -9999 -9999 -9999 -9999 -9999 7.6502610969 8.4708645019 9.93102064978 10.2687436156 7.29087452586 5.81665838142 4.37379702453 5.29776741788 4.09127540159 3.62163575615 3.16884756719 3.2409553457 3.51336108808 2.42567703787 2.42583058482 3.26201549073 2.82668547448 2.55367823002 2.65000434563 2.07073033857 1.47191305106 1.88452681632 2.38869936174 2.23639408338 2.30888392911 1.97583652865 1.51836273271 1.52129910401 2.00459971168 1.61927386904 0.880561564865 1.0102191577 1.16325132353 1.2713883296 0.636968521394
-9999 -9999 -9999 -9999 -9999 -9999 -9999 -9999 -9999 -9999 -9999 -9999 -9999 -9999 -9999 -9999 -9999 -9999 -9999 -9999 -9999 -9999 -9999 9.09112748103 10.7709829285 10.5210503343 6.73940249713 5.25165984239 4.14336445364 5.0328188578 4.13126241182 4.49523913321 3.92661324584 4.26699165039 3.0537929322 3.41137601668 3.57198796823 3.07360873522 1.98994575639 1.80333752131 1.41864384831 1.93875915449 2.52248827372 2.58662769067 2.22994146292 1.96125217944 1.13542445824 1.04262031872 1.01218521478 1.1058047499 0.875587697636 1.12489812379 1.22479107938 1.5085424162 0.719404901365 0.37328457352 0.948288236647
