data/recharge/transience/oldversion/mHM_recahrge_178.ASC
ncols   80
nrows    72
xllcorner    4374000.0
yllcorner    5656000.0
cellsize      500
NODATA_value  -9999
[rows 25 to 49 of 72, columns 0 to 56 of 80]
-9999 -9999 -9999 -9999 -9999 -9999 -9999 -9999 -9999 -9999 -9999 -9999 14.2764415314 13.887226516 14.0256889771 12.2420556695 9.9500682089 10.4047399323 9.23894282491 10.0414639305 9.35612838857 9.94698406077 8.73404892825 6.61121169784 7.72055505081 9.29132609709 6.90472149123 7.24018637534 5.79040492777 4.96631220486 4.28208129097 3.90662474522 4.01945494238 3.99412622935 3.75151926672 4.8973166677 4.87032206784 5.24618720845 4.01370271472 3.35150730306 2.92747574054 2.18851922337 3.39863314148 4.67288730466 4.52356833141 4.63130448605 4.64414145906 4.61406580459 4.49822878548 4.84661846064 4.42349541884 2.80002127541 1.79586598379 1.34603327939 1.36194183214 1.53284782626 1.51807864561
-9999 -9999 -9999 -9999 -9999 -9999 -9999 -9999 -9999 -9999 -9999 -9999 -9999 13.9581667155 15.4659030593 15.978056529 13.2331497639 12.7065515081 11.0076456278 10.3483377674 10.1611564122 11.1533665988 12.2197247493 12.5733427893 8.67976446605 7.01166067938 6.87527654334 5.54454823017 5.68554850249 6.25255033207 5.10667862456 4.69540945332 5.19377485935 3.36795019293 4.02827545579 2.33405041014 4.40886935341 4.61307953342 4.15228815061 2.72663437007 2.29151126968 3.14917989351 1.77876778792 2.07470239225 2.06837490626 2.68912654255 3.67115804866 3.5282938416 1.90279443094 1.2211148873 1.17679055139 1.32971318534 1.54804185287 2.14856812238 1.67035825302 1.12141275802 1.11638160044
-9999 -9999 -9999 -9999 -9999 -9999 -9999 -9999 -9999 -9999 -9999 -9999 -9999 -9999 13.1298477249 13.2351206023 12.2485428749 11.2967865462 10.7237698976 11.4320661776 10.0614091411 12.0920087773 11.4460696851 9.51536250973 6.62651074771 6.7378413724 7.30830684763 8.03770864791 6.19236999247 5.16847022276 5.20468508439 6.5488996808 6.723644015 4.46875996314 4.70481517691 3.50705009151 4.25746380738 3.35143363252 2.9123191353 2.63440905953 2.67864039618 2.54767875465 3.08993935297 2.18413299764 1.42859211504 1.77684603889 1.35711515011 1.4809737246 1.19476019256 1.57038835848 1.45366449773 0.995681623348 0.936809354894 1.70822368392 1.95860942832 3.21427878197 3.46932345088
-9999 -9999 -9999 -9999 -9999 -9999 -9999 -9999 -9999 -9999 -9999 -9999 -9999 -9999 7.30977650947 13.1670180814 13.4514065016 12.7483477701 11.6370761609 12.2228331514 11.9214342012 12.4431270919 10.0398421961 12.5057437508 11.19965729 10.8239253934 7.09023522165 7.429405437 8.62777942781 8.6540267433 7.29894491252 6.27758605391 6.47617190129 6.50413520298 4.845777815 2.93158296123 3.95827532431 2.25083182636 2.53549289531 2.71771266658 2.11740183752 2.43518935256 2.31845353789 2.82205188603 2.32188552557 1.71553316846 1.36602567075 1.617424212 1.81349659527 1.37725460386 1.86663035742 2.28175739001 2.61777560468 2.8869522421 2.56208165769 2.64721343433 5.90860728171
-9999 -9999 -9999 -9999 -9999 -9999 -9999 -9999 -9999 -9999 -9999 -9999 -9999 -9999 12.4171945533 16.4950202707 15.9943229273 13.4492938602 12.8616412336 12.7567969563 11.2131569325 12.236261694 11.9709793027 11.3320161273 9.20393778079 8.5122690029 8.58603285492 9.50632977836 7.40712276446 8.20975048683 7.38198277331 7.0904138502 6.16813844335 4.76016852175 7.07645537466 2.52450449726 2.91839207548 3.24196509415 1.96088218003 2.46506295749 2.00639662449 2.43771741594 1.98285974156 2.06521503386 1.48674013925 1.7791942472 1.18370841929 1.87046386976 3.77277096726 4.17083302731 3.47245776347 2.30682625747 3.56664233928 3.44642728896 2.89850188006 3.03710348771 2.42358999027
-9999 -9999 -9999 -9999 -9999 -9999 -9999 -9999 -9999 -9999 -9999 -9999 -9999 -9999 21.0688456242 18.8232109679 18.8814311781 18.0043161135 16.1047851614 17.7718830584 14.1399151085 13.484992334 13.1893399359 11.7882526019 8.56127443984 9.45198917336 8.09907639893 10.8726632721 8.95366410189 8.47829049891 8.02091710258 8.84307492821 7.71517600002 6.30451526101 2.85918171623 2.8908548433 2.34489323862 4.31338213063 1.80150281857 2.47477093465 2.18841764028 1.69540672507 1.41185462358 1.59740770149 1.238419963 1.35019005325 2.70706165741 3.42603856443 6.15870117491 6.9706430435 5.11973417622 5.59104963249 3.74939187463 3.71791402141 3.2777256062 2.61969942703 2.99027669442
-9999 -9999 -9999 -9999 -9999 -9999 -9999 -9999 -9999 -9999 -9999 -9999 -9999 -9999 -9999 16.7003409766 16.8071306524 15.0232482656 15.746791076 14.387040004 11.1775387785 11.6123533793 12.3334747802 12.1304751666 8.48523551452 9.78861086472 8.22487023972 8.77386509531 8.8177417198 8.28607557891 6.68296393783 6.58987956892 5.63956295095 6.38037804804 3.10258953801 3.13285185767 2.69030328106 2.63401115869 2.36026888772 2.14288907287 1.58434540693 2.25579067127 1.40977713866 1.10942347162 1.09965966282 1.3038823935 1.76767865222 1.99013522725 2.22520865688 2.15149885598 1.38993667093 1.1694484735 2.31535234916 4.32248932837 4.0326520428 3.96453930761 3.22080170731
-9999 -9999 -9999 -9999 -9999 -9999 -9999 -9999 -9999 -9999 -9999 -9999 -9999 -9999 -9999 -9999 16.960011767 14.4893512952 15.0536757368 18.0184887249 16.682040417 15.2607666654 12.1335257735 10.0432912011 9.49748263404 9.00906913038 7.49148790667 7.92731424956 8.52417887817 8.87321437751 8.04970491386 8.30705176196 6.62785747937 4.87227441467 3.05648550149 3.38016280858 3.07702992583 3.33589871414 3.08060707972 3.9391305076 6.68881746575 6.25262857785 4.50088649365 3.02967954706 1.80695972455 1.34819067546 1.07688940227 2.00008870136 1.37190219151 0.932249222475 1.51452297364 2.89530912865 1.88589009754 1.3914395594 1.75438952832 1.46020896909 1.31527991007
-9999 -9999 -9999 -9999 -9999 -9999 -9999 -9999 -9999 -9999 -9999 -9999 -9999 -9999 -9999 -9999 16.2759798914 17.1540829256 18.3250493207 16.2937444158 13.5293845444 16.1417782317 13.6676313588 10.3449668313 9.35560293295 10.2875376975 8.0479653964 8.07351175738 8.01658006974 8.20430792332 7.27641524425 6.69570394146 7.01824362675 6.13116557546 4.26034026885 3.23244163657 3.91018768765 3.43225557846 3.02964132961 2.92140137346 4.67956843891 3.77569049295 4.90021956516 6.04008133953 4.11347615295 2.99169882004 2.71693400289 2.12809135731 0.877595797339 1.26609807605 2.07885100319 2.24859791933 3.18037037822 3.44640514016 4.29353737126 2.84707055555 1.33434911917
-9999 -9999 -9999 -9999 -9999 -9999 -9999 -9999 -9999 -9999 -9999 -9999 -9999 -9999 -9999 11.3606163232 12.18847649 13.4189124359 15.7818348472 15.3813938917 14.5550935544 14.8770384048 12.6017822986 10.7158136476 8.8941971911 9.55798107658 8.33097294972 8.52249543408 8.81886698482 9.10249679529 8.0325786147 8.2551583432 7.89074226067 6.28851203501 5.39204851844 5.34693857983 4.68272049463 4.68575643555 3.90148585537 2.36756054073 3.55684155428 4.13980564589 3.41537901208 3.36209579121 3.59756835515 2.79983244793 1.70858099268 2.22184247081 1.86655631923 2.38046446835 1.57602197326 1.07481008349 1.23071360344 1.47050384386 1.67489911894 1.75643291419 2.15658301963
-9999 -9999 -9999 -9999 -9999 -9999 -9999 -9999 -9999 -9999 -9999 -9999 -9999 -9999 13.0458416562 12.5421935108 12.6830487442 12.0915510553 12.6696873347 14.3512913561 12.7118944412 14.0581519849 11.1292117117 11.5619609587 8.93306650997 8.46165189791 7.31758182834 8.11542557147 8.66480083778 8.65699506126 7.17677787657 7.34125701001 5.26672424399 5.14473948904 4.58964823072 7.74355046638 5.50855273244 4.10459355619 2.47749078938 3.6426028149 3.58310202608 2.87164976326 2.56606854526 2.80832661656 2.15185089235 1.84940804818 2.47379618388 2.29872223461 2.24222256064 1.60680355467 1.28834236436 1.26865953233 1.38190735629 1.3318309534 1.19194115851 1.3170249414 1.4303536239
-9999 -9999 -9999 -9999 -9999 -9999 -9999 -9999 -9999 -9999 -9999 -9999 -9999 -9999 15.0339242711 15.80933454 14.9593968342 11.5779353647 10.0810892095 9.76775630431 10.9601127483 12.6898070269 11.1346460159 11.7783831048 9.18998372619 7.830010071 6.31147485417 6.86816043182 6.74983571017 8.82619995609 8.33152225294 7.82967629677 7.83412779859 6.96307407198 5.34358927561 7.81347154423 7.85843756844 9.37337156548 5.85512011071 5.9815251262 7.28771634863 6.81643167074 3.57224446342 3.29489319148 3.05751153666 1.91884403052 3.01074788778 3.46383589471 3.51572404301 4.35607098734 4.18629764339 4.13728491243 2.8702072553 2.37961197809 2.86578030453 2.70186011598 1.76336226922
-9999 -9999 -9999 -9999 -9999 -9999 -9999 -9999 -9999 -9999 -9999 -9999 -9999 -9999 -9999 -9999 15.2382907957 16.1568025942 16.3745468388 16.0836382723 13.2450176482 11.4773783641 12.6674444873 12.7316787391 9.76942579625 8.49934481592 4.99856309056 5.40749225174 4.52512345636 6.78974819815 7.13965217783 7.39452844925 7.09759185669 5.88719913282 6.27729489642 6.34739359705 6.53068577893 5.28514697305 7.39616353573 7.57339161024 4.61333385045 4.38246087232 5.06865957506 4.028611519 2.2985003504 2.67837872575 2.41055085372 1.62245427043 1.98633229787 2.77136418537 2.56704684538 2.68232588691 2.303064952 1.83986726806 1.04251973213 1.14414894354 2.1221556587
-9999 -9999 -9999 -9999 -9999 -9999 -9999 -9999 -9999 -9999 -9999 -9999 -9999 -9999 -9999 -9999 17.6351383802 16.8403411554 16.6184848374 12.7060534808 13.1930530868 13.3445048718 10.2590421256 11.0368536353 11.0155135865 9.97337696681 8.14171913758 7.64526347643 6.71691061742 7.68166034745 8.6505591008 8.0951222093 6.47433214598 6.21763948675 4.35399953012 4.74809455271 4.99365197315 6.07243269771 3.88650128092 3.52530672349 4.59664897346 6.16289833748 3.90289833626 4.6965368551 5.03161351762 2.50861960461 1.35370923731 1.80483525693 1.80801881397 1.24397403849 0.878110803173 0.902048372156 0.666450775515 0.834865148083 0.798382718382 0.809021051883 0.739783966839
-9999 -9999 -9999 -9999 -9999 -9999 -9999 -9999 -9999 -9999 -9999 -9999 -9999 -9999 -9999 -9999 -9999 -9999 16.8373602454 14.2140287266 11.4643655814 13.0269666098 12.4935882681 12.8485868551 10.38922696 9.64886010226 7.11403815007 7.19930417379 6.83046026086 7.15307349412 5.486693395 4.75924689442 4.53528825887 5.30564799747 4.25904044026 5.56351547763 5.48628426997 3.76272452268 3.44184517628 5.27607321795 3.71242205343 3.17678622182 2.8334655587 2.80387463021 2.47249049881 2.75351592103 1.65559219908 1.72029861584 2.03542647234 0.868775431124 0.995806026619 1.10194022442 0.688893378342 0.720123205143 0.905928336836 1.01331101962 0.838505532702
-9999 -9999 -9999 -9999 -9999 -9999 -9999 -9999 -9999 -9999 -9999 -9999 -9999 -9999 -9999 -9999 -9999 -9999 -9999 11.6780440718 11.6959145265 12.669748643 11.8487860742 15.6405185106 11.8356852124 11.1738107821 8.30586781007 6.83315308488 5.49144709863 5.24419663681 5.30157189162 5.3105081919 4.33773611742 4.15007092718 3.15473475578 2.88315491886 2.7250667759 4.17355365083 3.65977329489 4.58033322654 3.43279685733 3.03710652598 2.30211178134 3.11877755517 3.20142712236 3.40161611564 2.34356353855 1.62556579629 1.26806311815 2.23589218568 0.939849217105 0.984230616827 0.687839081754 0.676352783843 0.898111789991 0.834494975821 0.583283486414
-9999 -9999 -9999 -9999 -9999 -9999 -9999 -9999 -9999 -9999 -9999 -9999 -9999 -9999 -9999 -9999 -9999 -9999 15.2016663637 16.600227448 16.7754921847 16.3256282971 12.6908140342 12.7889166806 11.501017588 11.9076783244 10.0627489689 8.39687360056 6.534026645 5.9368254495 5.5353393525 3.81133749477 4.59872757267 4.52711475362 4.34927293625 5.3351291808 6.54114142331 6.19964122772 5.75091439738 5.54833454354 5.31674942171 3.4256482729 2.81659250783 2.71994687533 2.55031196863 2.61747135044 3.04756248808 4.28008645055 3.05399365037 1.71707898023 2.4953505264 2.78278800835 2.3879776325 2.14684368328 1.44956502229 1.19448815207 0.991650321478
-9999 -9999 -9999 -9999 -9999 -9999 -9999 -9999 -9999 -9999 -9999 -9999 -9999 -9999 -9999 -9999 -9999 -9999 -9999 19.0813357046 18.4183652857 17.497273511 13.1597608821 12.9780632678 12.7924306996 12.5923226544 9.37194298622 10.3783865926 7.80610918111 9.56125937415 10.7060707902 10.6175168796 7.20107252324 5.69588468612 5.14337014659 4.30744217686 2.63885225418 2.15335704977 1.84570915519 1.8451790539 2.18998324052 3.63100907168 3.52355343632 3.62809347132 3.39704212307 5.91394627316 4.24592926704 2.98315728901 3.37981170973 2.35327643167 0.908292570745 1.73412187952 1.70683769192 1.51989576078 2.05867993298 0.605700395952 0.532383738053
-9999 -9999 -9999 -9999 -9999 -9999 -9999 -9999 -9999 -9999 -9999 -9999 -9999 -9999 -9999 -9999 -9999 -9999 -9999 -9999 15.3112571245 16.8573419087 13.3614252745 12.5729722225 10.6391701605 12.097672803 9.25520737182 10.7858264831 12.0355599696 10.8846792669 8.80783777927 8.4281755155 5.038999803 6.83773519585 5.98554563597 6.15626842842 4.54053228872 5.28320467532 5.20520130517 4.66165900529 3.26617974457 4.72063861932 5.15824045839 4.46465281318 5.89112090834 5.04154348316 4.04880710748 4.6830175704 3.87063456033 3.81687643249 2.96029594828 1.88650971855 1.03580116208 1.22161195734 1.58658386757 1.46873822629 1.48501497068
-9999 -9999 -9999 -9999 -9999 -9999 -9999 -9999 -9999 -9999 -9999 -9999 -9999 -9999 -9999 -9999 -9999 -9999 -9999 -9999 -9999 15.6624338217 14.1261461714 14.1858386559 10.1474196368 9.22329991266 9.11657756934 11.1656185979 10.285981518 9.61051378543 9.06849249517 10.0672958316 6.74692792267 6.40217168082 8.22960416099 7.45895874566 5.76340362138 3.76768633644 3.37573153034 3.89383593003 5.50233702813 5.88810970074 6.49877703436 4.61626337641 3.62221499148 2.47629401482 3.34552877697 3.80634807886 3.74655939674 4.79765184469 4.24527592229 3.05879051912 2.1148137427 1.84409224415 0.467378288231 0.788153136606 1.01408870186
-9999 -9999 -9999 -9999 -9999 -9999 -9999 -9999 -9999 -9999 -9999 -9999 -9999 -9999 -9999 -9999 -9999 -9999 -9999 -9999 -9999 13.0303396451 12.2487688401 12.2956737667 12.0624683829 13.7236974119 11.025015176 9.4621963337 8.52426777133 11.0422758376 9.01093949078 9.56527522638 7.11971879755 6.74992797735 3.91876976798 4.88921435291 4.25150608127 4.07531313861 3.61698504497 4.81442621022 5.58921664331 5.28129775454 3.71066958973 3.76829558863 5.20214348793 4.88227868131 4.40460846541 4.25777094668 2.40336845654 2.70703621541 2.23460589295 1.34942592265 1.35175516297 0.902970909597 1.21524721284 0.565095260631 0.662160834248
-9999 -9999 -9999 -9999 -9999 -9999 -9999 -9999 -9999 -9999 -9999 -9999 -9999 -9999 -9999 -9999 -9999 -9999 -9999 -9999 -9999 -9999 12.787023893 14.9737520117 13.0052828467 12.6274634345 10.4174521713 10.0484476701 7.60014182653 8.10716088334 8.09767749411 8.59771818523 6.49077312184 7.03377472457 7.83956526435 5.82802598836 5.56040204107 5.0491313285 4.80853659258 4.75801642948 5.43708374581 3.18799730566 3.58285995113 5.00242845573 2.73792605443 2.43814621201 1.66816620796 2.38056211351 3.39742559516 3.65758709923 1.29225639201 1.66445639779 3.5376884728 1.99400402325 0.601886579684 0.441327506175 0.574818737521
-9999 -9999 -9999 -9999 -9999 -9999 -9999 -9999 -9999 -9999 -9999 -9999 -9999 -9999 -9999 -9999 -9999 -9999 -9999 -9999 -9999 -9999 13.3805745097 12.9141176613 12.3595153117 14.2262926374 11.3529467016 8.67078464867 8.69320259093 9.09890893096 7.81819583883 8.08668475063 7.86974004028 7.78735465483 5.98503511495 8.24286974827 5.73464806906 4.85781991273 5.97700393761 6.34472671017 3.79267471779 5.58092921195 3.67663844274 2.69206477473 2.38319484655 3.48545906937 4.21048386414 4.76902229818 2.3557797168 2.18436453626 1.86538996252 2.8544007198 1.522993717 3.07718342406 1.85913542075 1.64721321334 1.12702040691
-9999 -9999 -9999 -9999 -9999 -9999 -9999 -9999 -9999 -9999 -9999 -9999 -9999 -9999 -9999 -9999 -9999 -9999 -9999 -9999 -9999 -9999 12.7976312474 14.178780738 14.7638297083 14.1062819845 11.1680373787 11.2333914576 8.90750466486 10.5578215814 8.46871296868 7.33307105981 6.47004598972 7.42270669996 8.23281565393 5.39578988291 5.30826514736 7.45921168543 6.31118583018 5.59863004182 5.73940897226 4.26415354221 2.7650818592 3.76844726538 4.91766999788 4.58001286084 4.74739509488 3.96262307684 2.92328906551 2.9296086451 4.03216752082 3.14781991808 2.48855634165 2.76323252657 3.02900504172 3.23769646296 1.92103921439
-9999 -9999 -9999 -9999 -9999 -9999 -9999 -9999 -9999 -9999 -9999 -9999 -9999 -9999 -9999 -9999 -9999 -9999 -9999 -9999 -9999 -9999 -9999 15.1668681569 16.062896938 14.5618382854 10.1997150848 10.0699834402 8.53997234108 9.94682767023 8.56986329167 9.45448929302 8.34637152139 9.72374537408 7.07896441007 7.98354088836 8.19160200333 6.99678140492 4.13481439005 3.70280387061 2.64896261257 3.93324609636 5.49547100207 5.57281524925 4.52204874758 3.86309010541 1.98301603937 1.81070594047 1.77379099766 1.99215945835 1.46342045542 2.04504990934 2.33989275633 3.70272915362 2.12001998772 1.08880593216 2.14724049241
