data/recharge/transience/oldversion/mHM_recahrge_545.ASC
ncols   80
nrows    72
xllcorner    4374000.0
yllcorner    5656000.0
cellsize      500
NODATA_value  -9999
[rows 25 to 49 of 72, columns 0 to 56 of 80]
-9999 -9999 -9999 -9999 -9999 -9999 -9999 -9999 -9999 -9999 -9999 -9999 7.99899399717 7.41665439289 6.41029019718 6.56363313623 4.9520545563 4.8858252666 4.36858089896 5.14306831894 4.23307216689 3.71690501988 2.98258748335 1.1935840327 1.85626062052 4.222786285 1.65270952236 1.82385307505 2.88670670599 2.47865025054 2.0215061821 1.83337765814 1.09237903466 1.03050918763 1.09118682396 0.546233687629 0.293827109785 1.44842355328 1.2250069043 1.19025979059 0.918312925784 0.585930727805 0.512922682746 0.571018113743 0.503858995251 0.52887791395 0.51799591037 0.511135053862 0.535705773974 0.61783898658 0.684840809317 0.653624032026 0.564750994356 0.433576146174 0.40427392196 0.531120566987 0.570023684563
-9999 -9999 -9999 -9999 -9999 -9999 -9999 -9999 -9999 -9999 -9999 -9999 -9999 5.72466073843 6.29449687519 6.60593433783 5.93965748178 5.87906686767 4.80657694428 4.28075072466 3.86605614509 4.19155860013 4.06130295817 3.41210866256 3.45957021586 3.14633412594 2.16588627862 2.72950289258 2.42217484611 2.67175223035 2.09366415 1.87446563874 0.954927800403 1.2591378465 0.575878463938 0.115948436201 0.221446406334 1.37188990062 1.3155629561 0.842333465012 0.634316123965 0.883718443128 0.498926874039 0.533419464128 0.388691808763 0.366609810343 0.363701462165 0.334699473586 0.293895324815 0.26739558408 0.33311222909 0.380015230381 0.491554582208 0.507767817142 0.351125158596 0.292714144959 0.435880344072
-9999 -9999 -9999 -9999 -9999 -9999 -9999 -9999 -9999 -9999 -9999 -9999 -9999 -9999 6.00087535431 5.91916188921 5.29514296782 5.21692009114 4.90858933036 5.26840737997 4.22432854261 4.82720744509 3.71934211687 3.36761221295 2.50972056915 2.4064619786 2.5570446426 3.37317551419 2.50866273264 2.19188698203 2.08647043711 1.13789079249 1.19858737111 1.69978504103 1.49997582651 0.21676932888 0.2221953267 1.18558057245 0.371340111713 0.183683041255 0.24088690334 0.374453703306 0.823189146302 0.599163448316 0.385102041766 0.468780195711 0.239327918709 0.17442224038 0.265006530509 0.417759480834 0.412609633587 0.284515956997 0.300271236117 0.183084946644 0.462829441302 0.687602710219 0.492656950096
-9999 -9999 -9999 -9999 -9999 -9999 -9999 -9999 -9999 -9999 -9999 -9999 -9999 -9999 2.33119868966 3.02278266319 4.46059508426 5.01567138847 4.51172565792 4.78406775664 4.47038639788 4.23639951893 3.05966796338 4.12383702136 3.43621551487 3.53438302564 1.72962010577 1.64677664934 1.73067470044 2.04709071083 1.0668448043 0.44554425329 1.24513958493 4.04838088013 3.21595391016 0.326809415955 0.208187470528 0.343391263343 0.208971236076 0.144093936244 0.521879798186 0.61944061818 0.574062670245 0.703641182887 0.560813549942 0.426710573404 0.181068639402 0.0633440529236 0.0803455500411 0.172900809225 0.514419872579 0.617088007704 0.794546294552 0.554009861629 0.348908979814 0.196261320575 1.73175083784
-9999 -9999 -9999 -9999 -9999 -9999 -9999 -9999 -9999 -9999 -9999 -9999 -9999 -9999 3.29840881971 3.97938958491 5.31654889943 5.42434946908 5.20824815582 5.15261678543 4.30635080163 4.60019301391 4.17295028704 3.52088897984 2.70204804173 2.23235182125 2.11743767414 2.04268917816 1.30844619026 1.58243332701 1.34325932452 1.28476833427 1.03207193157 1.86018595552 2.30584335801 0.336593245446 0.338796726931 0.81504714498 0.273535719671 0.110686178993 0.500693826128 0.630184783104 0.47254561133 0.498831266664 0.370893145387 0.440999846708 0.295641946804 0.452167937695 0.907843619963 0.998733193148 0.877353806754 0.524588392071 0.871534575986 0.780388783711 0.732706443735 0.880095096507 0.901040993299
-9999 -9999 -9999 -9999 -9999 -9999 -9999 -9999 -9999 -9999 -9999 -9999 -9999 -9999 7.47818871221 6.31254598823 6.10340140094 6.68550884606 5.12861059113 5.38541010532 4.15594997732 3.86517639362 3.03104631535 3.20492051755 2.61151196121 2.84386130063 2.00172911112 2.15589509195 1.46878088411 1.38130956024 1.29746461521 1.55675930808 1.21609928898 0.333060738006 0.303362008843 0.308854571096 0.242600322595 0.500239785969 0.187093728502 0.281511433551 0.154585129442 0.242126995964 0.305244929053 0.353713819473 0.283429824371 0.336192672286 0.624687710465 0.732861826402 1.33859456129 1.50162716892 1.20301563446 1.40486375685 1.05771739065 1.12284122748 1.13435921868 0.907254537078 1.14144438964
-9999 -9999 -9999 -9999 -9999 -9999 -9999 -9999 -9999 -9999 -9999 -9999 -9999 -9999 -9999 5.16534764054 5.00621263 4.56725560951 3.95600662589 3.13631342119 2.99271823976 3.54264111032 3.21620659583 3.22613196338 2.50069345883 2.50879685057 1.68940925227 1.81536656064 1.12661760604 1.18918727661 0.912905857361 0.840787911523 0.692847704831 0.838884373491 0.346748282027 0.352370055042 0.299704137155 0.289943301616 0.257710098356 0.103497018611 0.052162702128 0.0694751348705 0.276183977616 0.276924548148 0.27486034787 0.302388980857 0.285902648073 0.31942215476 0.440195466316 0.505896270041 0.392185708828 0.331937669023 0.710585808467 1.34493211648 1.41172471432 1.38586828324 1.22906704186
-9999 -9999 -9999 -9999 -9999 -9999 -9999 -9999 -9999 -9999 -9999 -9999 -9999 -9999 -9999 -9999 4.38731058019 4.12445182576 3.97357297976 5.35979269803 4.86091566007 4.43698833025 2.90077808138 2.58478467757 2.54054172864 2.27042409849 1.76099911483 1.40478343175 0.581535200128 1.00637695457 0.997335548284 0.78171618136 1.41444618091 0.817758038565 0.285235242124 0.338019621107 0.310623795182 0.355078617835 0.328419963749 0.418060670352 0.353801824773 0.390614811227 0.305922283745 0.386309696901 0.279266883234 0.203969986667 0.162562625257 0.481075633546 0.368943519056 0.25113130513 0.445526216762 0.807600950735 0.60463182068 0.459704077655 0.641112887994 0.542755571937 0.552448750543
-9999 -9999 -9999 -9999 -9999 -9999 -9999 -9999 -9999 -9999 -9999 -9999 -9999 -9999 -9999 -9999 5.37171446907 5.51890148942 5.51943211532 5.01018366942 3.58939618155 3.74688046561 2.91452407158 2.82639203088 2.41156725783 2.7420738382 1.95940637968 1.91083622934 0.688756654226 0.800593285858 0.474852761409 0.36393745186 0.420991265464 0.417838486547 0.467958703436 0.313278882144 0.476700673673 0.506686232286 0.319762380452 0.286990237621 0.210032734867 0.16954200942 0.277912773288 0.979571503664 0.756463279966 0.510284338497 0.300822795815 0.124630030094 0.191002103384 0.342065874299 0.592974527026 0.636344910282 0.987601898552 1.07170330483 1.52131859079 0.996706219543 0.559849136704
-9999 -9999 -9999 -9999 -9999 -9999 -9999 -9999 -9999 -9999 -9999 -9999 -9999 -9999 -9999 3.06329294641 3.22883599446 4.1060692497 4.36371207992 4.20707398214 3.62179671079 3.30015053115 2.68192993933 2.54128465108 2.0045189307 2.21340614925 1.82361047107 1.87297586548 0.783767560364 1.16373584204 0.969209734252 1.02336650818 0.999827952367 0.470568102924 0.171588198344 0.863690852947 0.291349113886 0.895921299465 0.3552179893 0.188218575934 0.178578294433 0.440884635742 0.560624756222 0.550162879815 0.608591568953 0.44353845086 0.0785086213857 0.100582016653 0.246981332178 0.637799218155 0.482853840009 0.33557278857 0.425864921691 0.502061876959 0.631322535741 0.658829706737 0.878807254251
-9999 -9999 -9999 -9999 -9999 -9999 -9999 -9999 -9999 -9999 -9999 -9999 -9999 -9999 3.40682106299 3.50576356883 3.41125894019 4.41626473883 4.01458008319 3.80990569998 3.22326943478 3.7171000647 2.75296367964 2.90244028646 2.01698264429 1.87065165856 1.51815781034 1.55805170816 1.05683265775 1.05462496239 0.770709881093 0.806950525012 0.599521708707 0.725172826874 0.411474617095 0.703799621763 0.362472819708 0.153376045377 0.185046842693 0.172603644299 0.145514583605 0.451012630805 0.399400671544 0.444171996366 0.320440207037 0.268389420867 0.309317326814 0.559510370394 0.610746547807 0.447308409417 0.401384044983 0.395552518391 0.474359251945 0.45840073377 0.460826219291 0.506694992726 0.579207762673
-9999 -9999 -9999 -9999 -9999 -9999 -9999 -9999 -9999 -9999 -9999 -9999 -9999 -9999 3.42903171617 4.28564158153 3.9210619454 3.93492562025 3.42407626848 3.12376458725 2.47737294829 2.94684219896 2.43685926963 2.63936249485 1.94187385811 1.60738748906 1.70133993319 1.76937852524 1.10907548328 1.03522567238 0.910692574044 1.30063014262 1.78066051818 1.34764450394 0.319160382261 0.888164705399 1.42774660187 1.76719476871 0.989681637244 1.01592212519 1.33104503037 1.2230153272 0.569532610308 0.514005643181 0.480929157055 0.26730608357 0.510741766956 1.09705205852 1.0404598529 1.1620006198 1.24171322034 1.22629242506 0.953631437269 0.798336568141 1.05900835029 1.00049137821 0.745782500964
-9999 -9999 -9999 -9999 -9999 -9999 -9999 -9999 -9999 -9999 -9999 -9999 -9999 -9999 -9999 -9999 4.02661774629 5.70139681795 5.71993379676 5.60060084479 4.28816668499 2.81651176399 2.92712213161 2.94863266828 2.11589881598 2.59210736432 1.56812426417 1.68744083542 1.33648798177 1.50763255296 1.34890991706 1.68686423746 1.57959467611 1.27166006993 1.36815147022 1.38605793061 1.40004177065 0.996235899029 1.45942161693 1.51166267674 0.862289120202 0.791603184016 0.478110461859 0.262287420179 0.332851459233 0.404579638885 0.381645099658 0.505981380474 0.623063520998 0.733921157713 0.766934332948 0.798798617924 0.774564521045 0.633392372137 0.417417484497 0.457830156744 0.87561595281
-9999 -9999 -9999 -9999 -9999 -9999 -9999 -9999 -9999 -9999 -9999 -9999 -9999 -9999 -9999 -9999 5.93818202286 5.61594746566 5.38622247903 3.9835215937 4.09478276477 4.05333413066 2.05924278619 2.20966691906 2.21923777975 2.85183371709 2.35235484316 2.22850306734 1.82642568774 1.6942309398 1.93830290452 1.78627406813 1.34702215218 1.26611650079 0.845157833539 0.932442166808 0.994556151473 1.2405666808 0.732991950863 0.598272376318 0.859003915607 1.21579720269 0.291688027279 0.203314955792 1.01543708674 0.374047379456 0.189805193243 0.316788114076 0.528591807899 0.359251834133 0.286045847056 0.293898425538 0.240528324303 0.303521490042 0.329773215041 0.334128284127 0.333223222625
-9999 -9999 -9999 -9999 -9999 -9999 -9999 -9999 -9999 -9999 -9999 -9999 -9999 -9999 -9999 -9999 -9999 -9999 5.47149415713 4.50131958593 3.5230199151 4.03843259621 3.49522673887 2.75663509532 2.04003346974 2.21987610961 2.0979513972 2.20849293229 1.60151120277 1.54691392602 1.08327518043 0.896160700926 0.837609720593 1.0559388883 0.82404485267 1.11475403819 1.10556625631 0.721180912655 0.666240038632 0.954898121429 0.673627321845 0.564792628363 0.509327069966 0.503720264073 0.495552114583 0.539050412916 0.242499283945 0.248508252807 0.405409113052 0.259224601131 0.361132485901 0.461780598561 0.249257702452 0.26115454305 0.375317868707 0.42021493755 0.378849358991
-9999 -9999 -9999 -9999 -9999 -9999 -9999 -9999 -9999 -9999 -9999 -9999 -9999 -9999 -9999 -9999 -9999 -9999 -9999 3.42558198877 3.33378226795 3.63842367083 3.24697703435 3.20726151631 2.17283240736 1.96389336351 1.36995423325 1.60117114971 1.0340069307 0.970924055917 0.989021795488 0.36897067516 0.407434222418 0.713584318509 0.558512774965 0.50840438484 0.480991076363 0.7531064363 0.688792907863 0.816904578929 0.599519953872 0.522286906423 0.417522545241 0.59048375343 0.687176424393 0.721435159477 0.490639459078 0.239518817682 0.192644529057 0.411767241844 0.313482840589 0.331221979781 0.253657573757 0.249248539908 0.371861851511 0.345085089075 0.260979524665
-9999 -9999 -9999 -9999 -9999 -9999 -9999 -9999 -9999 -9999 -9999 -9999 -9999 -9999 -9999 -9999 -9999 -9999 4.59628992743 5.10158024799 5.04587984408 4.8800429511 3.5391571736 2.35231799317 2.08130750466 1.99289551719 1.23430611485 1.43021643199 1.30982999128 1.1500282664 0.228112814464 0.23295442857 0.171994330699 0.84636424025 0.752364870287 0.938857852667 1.19208668419 1.11760514862 1.05856765075 1.00689948393 0.990453309867 0.598188074607 0.452644888126 0.121157021819 0.141117691957 0.125979818099 0.395149054517 0.900345372382 0.579996981572 0.272223923594 0.427592084409 0.435142643177 0.484518482558 0.519167899988 0.51476959644 0.49317460636 0.449290445779
-9999 -9999 -9999 -9999 -9999 -9999 -9999 -9999 -9999 -9999 -9999 -9999 -9999 -9999 -9999 -9999 -9999 -9999 -9999 5.67747350656 5.24609305243 4.89814517829 3.44621667627 2.3529245992 2.19863356557 2.14588708175 1.34446768658 1.27811001916 1.16659051433 1.54069081356 0.675095373483 0.652234279049 1.00417111055 0.997841819324 0.347791287778 0.203200275551 0.44489803188 0.367887322607 0.327092773982 0.327236415685 0.421128010718 0.653961089059 0.476604780373 0.242640708376 0.2262287163 1.26019396389 1.04162699499 0.708301964011 0.736088842781 0.431470471613 0.130441656287 0.113393713654 0.151211902668 0.378108364747 0.354490890536 0.245824988941 0.237071091006
-9999 -9999 -9999 -9999 -9999 -9999 -9999 -9999 -9999 -9999 -9999 -9999 -9999 -9999 -9999 -9999 -9999 -9999 -9999 -9999 4.1226979266 4.66197780307 3.50717569603 2.86855062214 1.65103447682 2.01650753885 1.35330142149 1.3586626267 1.45360011848 1.17217658057 0.778855253921 0.707300714527 0.755642571204 0.370964639743 0.181299311179 0.303145739642 0.775917232209 0.936481641811 0.93851175398 0.845835412716 0.64763399682 0.961173479876 1.06920862358 0.891552728122 1.36696805093 1.13746516401 0.987978411595 1.16351965769 1.03001910878 0.903155111517 0.681920993003 0.394484497978 0.188852812186 0.120296412152 0.170737586656 0.278411304136 0.294489697618
-9999 -9999 -9999 -9999 -9999 -9999 -9999 -9999 -9999 -9999 -9999 -9999 -9999 -9999 -9999 -9999 -9999 -9999 -9999 -9999 -9999 4.03023204608 3.52384467274 3.49385250865 1.48211580501 1.26690253031 1.1524229807 1.38515146305 0.940135232874 0.832697775525 0.728042743334 0.73498978218 1.02937885237 0.264036878053 0.67194720731 1.35119683243 1.05728725789 0.754296494261 0.659907780847 0.695817299001 1.15851539217 1.24924178292 1.5336572953 0.95055681377 0.813902014908 0.541444699703 0.834291793672 0.955809588283 1.03508347105 1.36956767922 1.07737767043 0.261074976736 0.510158110635 0.406806980855 0.0981425442464 0.148906073756 0.18920423468
-9999 -9999 -9999 -9999 -9999 -9999 -9999 -9999 -9999 -9999 -9999 -9999 -9999 -9999 -9999 -9999 -9999 -9999 -9999 -9999 -9999 3.21090459172 2.96791759631 2.98157667383 2.30692147252 2.40620978522 1.7741339107 1.88410254301 1.31723815018 1.11916780179 0.366553125247 0.703376801703 1.18732019263 1.16342843482 0.664436326717 0.870133085766 0.750711046729 0.852215914454 0.781991712723 1.00002800089 1.1785656242 1.10757305846 0.855756191146 0.820629020723 1.20632244119 1.12332931619 1.11621143411 1.07621468096 0.729990459641 0.655545853546 0.492883776818 0.255715920414 0.141971874181 0.209122183062 0.231986686744 0.112807321579 0.126151680622
-9999 -9999 -9999 -9999 -9999 -9999 -9999 -9999 -9999 -9999 -9999 -9999 -9999 -9999 -9999 -9999 -9999 -9999 -9999 -9999 -9999 -9999 2.9916645185 3.64831540851 2.31999932958 1.8631943055 1.45767877292 1.88825201103 1.56957388574 1.44630463377 1.203612236 1.33277472214 1.1608153209 1.29314754654 1.53249254882 1.08390331287 1.20358867887 1.0918017371 1.14823794205 1.07485222454 1.20394308946 0.678356563619 0.866671975421 1.2278545015 0.670833055368 0.573719557057 0.502764196846 0.738172840236 1.15038829622 0.550184075852 0.186751089368 0.123003202303 0.635908394022 0.44036179251 0.126240116866 0.100579459082 0.11731694759
-9999 -9999 -9999 -9999 -9999 -9999 -9999 -9999 -9999 -9999 -9999 -9999 -9999 -9999 -9999 -9999 -9999 -9999 -9999 -9999 -9999 -9999 3.16238319989 3.02816190394 2.14544950158 2.26895685662 1.71967711155 1.92074174318 1.8197621262 1.79984221096 1.50149224078 1.57100198823 1.54938169214 1.49012412066 1.1171102045 1.630930812 1.10153522357 1.03545227512 1.37798399099 1.30254052676 0.819239385383 1.238490553 0.890670021852 0.637805707713 0.623369607116 0.845073604623 1.28146642051 1.27527491057 0.661437647966 0.59770808024 0.213125846897 0.303197012921 0.318128226757 0.775189629407 0.407820124518 0.349754371822 0.219412884672
-9999 -9999 -9999 -9999 -9999 -9999 -9999 -9999 -9999 -9999 -9999 -9999 -9999 -9999 -9999 -9999 -9999 -9999 -9999 -9999 -9999 -9999 2.89906275072 3.30064026755 2.64051970604 2.07143040921 1.74246040763 2.48061106723 1.85799674946 2.11891821152 1.63363409601 1.34389261239 1.18755257641 1.41966727965 1.6644301657 1.02116278407 1.06774296629 1.56665005569 1.38185026177 1.21323169803 1.37878181936 1.00802476933 0.721255094355 0.994597552292 1.42045785208 1.28961514035 1.34173374178 1.11776974145 0.875553480575 0.877525218204 1.27535836967 0.991132246779 0.641329158767 0.700780120263 0.796487466437 0.86831599715 0.428475812684
-9999 -9999 -9999 -9999 -9999 -9999 -9999 -9999 -9999 -9999 -9999 -9999 -9999 -9999 -9999 -9999 -9999 -9999 -9999 -9999 -9999 -9999 -9999 3.60373355481 2.9505549488 2.18611820229 1.5546477071 2.34059680844 1.80665874616 1.96054138428 1.65999572193 1.8872412289 1.66220346053 1.99710172597 1.39070934753 1.60344446559 1.75293205367 1.4538431323 0.871024800513 0.604200509058 0.606963051354 0.924969872601 1.44894515352 1.47895022661 1.30766555785 1.11782875012 0.578640188908 0.502609994249 0.522088592106 0.590037799647 0.444579616624 0.63465709897 0.761277009424 1.08421349613 0.515150970396 0.286879204643 0.675264119875
