data/recharge/transience/recharge529.asc
ncols                  80
nrows                 72
xllcorner      4374000.0
yllcorner      5656000.0
cellsize            500
NODATA_value       -9999
[rows 0 to 25 of 72, columns 0 to 56 of 80]
-9999 -9999 -9999 -9999 -9999 -9999 -9999 -9999 -9999 -9999 -9999 -9999 37.3482831761 38.3612465904 -9999 -9999 -9999 -9999 -9999 -9999 -9999 -9999 -9999 -9999 -9999 -9999 -9999 -9999 -9999 -9999 -9999 -9999 -9999 -9999 -9999 -9999 -9999 -9999 -9999 -9999 -9999 -9999 -9999 -9999 -9999 -9999 -9999 -9999 -9999 -9999 -9999 -9999 -9999 -9999 -9999 -9999 -9999
-9999 -9999 -9999 -9999 -9999 -9999 -9999 -9999 -9999 -9999 -9999 -9999 33.3316630735 32.1637868463 32.2684213625 -9999 37.3600900674 -9999 -9999 -9999 -9999 -9999 -9999 -9999 -9999 -9999 -9999 -9999 -9999 -9999 -9999 -9999 -9999 -9999 -9999 -9999 -9999 -9999 -9999 -9999 -9999 -9999 -9999 -9999 -9999 -9999 -9999 -9999 -9999 -9999 -9999 -9999 -9999 -9999 -9999 -9999 -9999
-9999 -9999 -9999 -9999 -9999 -9999 -9999 -9999 -9999 -9999 36.0042395444 35.5822727459 35.9401262024 34.2117821872 34.6108172746 35.2009106245 36.3778835447 37.3164414343 -9999 -9999 -9999 -9999 -9999 -9999 -9999 -9999 -9999 -9999 -9999 -9999 -9999 -9999 -9999 -9999 -9999 -9999 -9999 -9999 -9999 -9999 -9999 -9999 -9999 -9999 -9999 -9999 -9999 -9999 -9999 -9999 -9999 -9999 -9999 -9999 -9999 -9999 -9999
-9999 -9999 -9999 -9999 -9999 -9999 -9999 -9999 -9999 33.7126598611 35.2810881333 34.543793423 34.1386195344 34.4555164858 34.5689744484 35.2843051417 36.1867283023 37.6918624856 -9999 36.7312034384 -9999 -9999 -9999 -9999 35.4565910415 36.0332161384 -9999 -9999 -9999 -9999 -9999 -9999 -9999 -9999 -9999 -9999 -9999 -9999 -9999 -9999 -9999 -9999 -9999 -9999 -9999 -9999 -9999 -9999 -9999 -9999 -9999 -9999 -9999 -9999 -9999 -9999 -9999
-9999 -9999 -9999 -9999 -9999 -9999 -9999 -9999 34.6379682797 34.0397651412 35.3956405575 35.2131061154 34.9179894098 34.8720236291 34.8981482134 35.5629904865 35.7358917641 36.0373650633 36.613662786 35.6658484718 34.9315748137 35.463314966 -9999 37.0111176792 34.9515547933 35.7119959748 -9999 -9999 -9999 -9999 -9999 -9999 -9999 -9999 -9999 -9999 -9999 -9999 -9999 -9999 -9999 -9999 -9999 -9999 -9999 -9999 -9999 -9999 -9999 -9999 -9999 -9999 -9999 -9999 -9999 -9999 -9999
-9999 -9999 -9999 -9999 -9999 -9999 34.2303461628 33.6747737986 33.8379530611 33.7990149953 35.9216918896 35.2330415335 35.2730139895 35.4247371949 35.2513086219 35.3731787475 35.4086121321 34.808244068 34.6213682243 34.6895645742 34.475417719 34.6408392394 36.2599128127 36.6606519372 34.7975708337 35.2996664252 35.2922668437 -9999 -9999 -9999 -9999 -9999 -9999 -9999 -9999 -9999 -9999 -9999 -9999 -9999 -9999 -9999 -9999 -9999 -9999 -9999 -9999 -9999 -9999 -9999 -9999 -9999 -9999 -9999 -9999 -9999 -9999
-9999 -9999 -9999 -9999 -9999 -9999 34.1588794495 33.7987108295 35.680604743 35.3539024639 36.1455306982 35.8731585464 35.5056338415 35.946952287 34.8052526293 34.2941037572 34.6319622421 27.3392960563 32.0117156092 33.9499962091 33.9599412677 34.8877195705 35.0905021136 35.5033606214 36.6713538851 36.2458309037 34.608522543 35.9480405981 33.4146900893 33.5682294472 33.3125516116 33.8643575605 -9999 -9999 -9999 -9999 -9999 -9999 -9999 -9999 -9999 -9999 -9999 -9999 -9999 -9999 -9999 -9999 -9999 -9999 -9999 -9999 -9999 -9999 -9999 -9999 -9999
-9999 -9999 -9999 -9999 -9999 33.906802225 33.8853497217 33.439300948 35.6589021324 35.8057080426 36.3848311011 35.6236803162 35.3679026678 35.1683176579 35.3213234161 35.1773848062 27.1668821148 14.4327592254 25.6626460934 34.2033736374 34.2569258148 34.2528271419 34.5410911252 34.5851137332 36.0897570046 36.5243525323 34.6871982671 35.2396442853 32.5590698629 32.7485069115 32.9974647054 33.6538018428 35.3431108179 35.5820348296 -9999 -9999 -9999 -9999 -9999 -9999 -9999 -9999 -9999 -9999 -9999 -9999 -9999 -9999 -9999 -9999 -9999 -9999 -9999 -9999 -9999 -9999 -9999
-9999 -9999 -9999 -9999 -9999 33.9087924205 32.9276852366 33.1403197401 35.2215611813 35.1035169711 35.8236153199 35.8388604315 26.2669733964 21.3260922739 35.3940305003 35.3714503998 30.2693279236 12.429219298 21.6039540553 29.511899159 34.4901742761 34.0251857131 34.7254392977 34.9960807279 34.8428672348 34.9727657355 36.2121127367 36.245411567 34.523260878 32.7770828713 31.1436401416 33.7035282464 34.2596452493 34.6211700061 34.9433936466 35.2976796996 -9999 -9999 -9999 -9999 34.2492727596 33.997575313 -9999 -9999 -9999 -9999 -9999 -9999 -9999 -9999 -9999 -9999 -9999 -9999 -9999 -9999 -9999
-9999 -9999 -9999 -9999 -9999 33.8327709505 33.6775491567 33.243845388 35.0039571932 35.5956285061 36.5574421671 36.5003701917 35.6685456393 34.918331408 35.8479721057 36.2269841369 34.3519107885 35.4274480016 34.7855536674 34.6532801285 34.2875344437 33.5911243317 34.3475161406 34.3838982519 34.8508004446 35.3066341615 35.9973891862 35.8982437809 35.6264835195 31.8966677031 22.2596858831 28.9859834539 33.703241716 35.1669716127 35.6296440587 34.5704771548 34.8972247284 -9999 -9999 33.2881017363 34.3203670452 34.7153943158 34.7251436934 -9999 -9999 -9999 -9999 -9999 -9999 -9999 -9999 -9999 -9999 -9999 -9999 -9999 -9999
-9999 -9999 -9999 -9999 -9999 -9999 33.9633451992 33.6016002421 33.1640754254 33.7566295688 35.7639709599 35.4711337168 36.2675896689 36.596568086 35.7872481949 36.0370648314 35.5146623564 36.0131993118 35.5834881097 35.1443159098 34.814445139 34.0902402507 33.8038730426 35.1053080656 35.0121107291 34.9876280833 35.7461525743 36.1054032375 35.6933783639 34.5492044109 32.1538979029 34.1476891799 35.1755557019 35.2513755104 34.8248906427 34.3822964478 35.4740140642 36.2638060531 34.055028815 33.7191244365 34.0229662447 34.4531803825 35.2781449333 35.2546702392 -9999 -9999 -9999 -9999 34.9009429064 34.6880084214 9.75690570816 -9999 -9999 -9999 -9999 -9999 -9999
-9999 -9999 -9999 -9999 -9999 -9999 -9999 34.9676979347 33.4018963801 32.990149789 35.7569809425 36.4464293373 36.831895219 35.7902597081 37.0438010239 36.7318163212 35.5441550684 35.0502800305 34.5092877326 34.1239514802 34.1994933561 33.5335217749 33.7810718691 35.0261392935 35.4399100135 34.6108408991 35.6237519799 35.0674864395 34.8212177702 34.7389280436 34.9673805263 34.5096647937 34.8189528121 34.4490221057 34.2532925574 34.7346198916 34.9149017072 35.9590898083 34.4775836715 34.0334225133 34.380930487 34.8516561345 36.3779917669 33.7439261776 32.4766655545 32.8526553404 31.5472908204 31.1536336261 30.6616550894 34.0337526629 33.6031052185 29.0162205873 -9999 -9999 -9999 -9999 -9999
-9999 -9999 -9999 -9999 -9999 -9999 -9999 -9999 33.7201960524 34.1004846953 36.2388393983 35.8968550566 36.4595163716 37.2539275089 37.0902480551 37.1019983135 35.6403929131 36.2834442239 35.6553136543 34.630548036 34.6881438251 34.6691121476 42.1124912063 51.7886974486 49.5983753795 51.4178005979 39.424435284 33.9430726529 34.0822584768 34.7610718939 33.6303864918 33.9443338054 33.9883139425 34.3573312695 34.5816278235 33.8127251581 34.0668931372 34.3942018342 34.6512197286 34.890879413 36.2104951306 36.544229393 32.4407699819 32.1404228943 31.5041714978 31.16840955 31.6626107494 31.2826678631 30.2569017194 34.1109174191 33.6795683913 33.8005615753 32.6686068249 -9999 -9999 -9999 -9999
-9999 -9999 -9999 -9999 -9999 -9999 -9999 -9999 33.9651031919 34.1975168524 36.0817263948 36.3382854978 36.9957652479 37.108955786 37.2659848666 36.6725699232 35.6238757708 36.0428035022 34.815120321 34.5942892981 35.2386897452 34.8091544891 46.5447178818 54.6743533271 52.4205961481 48.8135634261 51.6475569822 39.3379921193 35.7049731785 35.5582151549 35.2859372784 34.3033153704 35.107702431 34.6494430484 33.7891186869 14.7639080484 34.5039328768 34.3004421735 34.1966008753 34.278830561 34.1325317767 36.8139100177 32.3099144626 32.1801357935 31.2439291295 31.1885055502 31.619350817 31.3521932086 31.7497549454 33.8831470412 33.2980303299 33.3458492977 32.3038097914 31.6487052486 31.4360368807 31.5116360404 -9999
-9999 -9999 -9999 -9999 -9999 -9999 -9999 -9999 -9999 33.0431883762 35.6301003049 36.5759069716 37.3831959711 37.5309304948 37.4937080943 37.4572791536 37.0783496197 36.1927505273 36.0659533653 36.2754676326 37.0224635504 36.304463816 39.4202988756 59.2466332506 55.9793764651 54.9346774181 49.7899300079 48.6516741677 41.4407964447 33.4598304003 33.8220703263 33.6680326234 33.5141465222 34.1710703836 32.8673942894 28.2753056849 34.1573830512 34.1884097933 33.9777964071 33.6913854292 33.5902075804 33.9175518404 32.4051355047 32.1877283045 30.5880434613 29.7362566546 28.2100727655 29.0047290352 32.4659285403 32.2611472024 31.7893811693 31.7789346645 30.9480602989 30.8391792692 30.6146647574 27.9421640271 22.8121357026
-9999 -9999 -9999 -9999 -9999 -9999 -9999 -9999 -9999 -9999 35.7132955921 36.3971013461 37.5570453397 37.7360746861 37.4769505193 37.5561102382 39.3792096312 39.321738278 39.2639295251 39.0322338906 38.0710577212 37.490309842 37.2873524969 47.4226919252 53.6242463932 54.9567674183 51.3225984836 49.5614808323 44.8927454225 42.3724862937 33.6041002937 33.3097716952 32.955130032 33.5475149661 33.4416091345 33.5509518807 33.8477024787 34.0688423527 34.0513881239 34.0703302363 33.4087400197 33.8242829689 34.5721652025 32.87750723 32.6707243385 31.711788513 30.2713943935 30.3116418568 32.7827574461 33.1487779963 32.6648502166 31.8481968377 30.9082030298 30.8122540247 29.9227958433 26.6930219922 22.7464712372
-9999 -9999 -9999 -9999 -9999 -9999 -9999 -9999 -9999 -9999 -9999 19.3306250612 25.9611710668 37.3814752422 37.3846032133 37.4205691887 38.8260221537 39.0846097382 38.3210460244 37.8685733993 35.8519536954 36.0802436673 36.6066369151 36.9683771314 41.4415588727 50.1412490358 49.8079043111 52.3691881708 47.8899969507 33.1188257925 45.0451995207 35.166335355 33.4255662725 33.3958707544 33.8060464375 33.9028580566 32.9007953888 32.7946548518 33.228064591 33.4979592593 33.2086176449 33.223463555 33.5329718835 33.863732351 29.5380570771 29.3564165221 28.4321225972 29.6174146597 31.512586497 31.5636527521 30.634344955 30.6884498005 29.2412082177 29.0093467897 27.9029938542 28.0659902141 23.7328112279
-9999 -9999 -9999 -9999 -9999 -9999 -9999 -9999 -9999 -9999 -9999 18.3326359183 27.8798500791 36.98028598 37.0308217998 37.1306339737 37.9055189134 38.2614160729 36.2878751367 36.119582358 36.2092995829 36.4906928015 36.3187961388 37.4987646558 36.4303377537 35.6215220386 41.949475484 48.7896654793 48.5437199756 43.6482927077 46.3586603176 46.9578097489 43.8200643139 45.0335107295 41.54316435 34.5182456968 32.4965366681 33.090339816 32.7743590938 32.1752080012 29.698641538 32.8735956024 32.7959087121 33.0530931576 33.5964678421 30.6613436513 30.144293666 30.6952497038 29.0358652817 28.5421458917 27.6222118044 28.0907859568 26.0334600408 29.5599607312 28.7301089696 28.3100686787 27.6109767534
-9999 -9999 -9999 -9999 -9999 -9999 -9999 -9999 -9999 -9999 -9999 36.6146043506 35.9890768474 35.9986697483 35.8591699058 36.4591318482 37.1989319004 37.4468195508 36.1175990805 35.79362398 35.3594707886 35.4226266347 35.4888294416 36.6408208747 34.5127594311 33.9332850641 33.6207222099 33.357146554 33.3689761364 38.6039345971 44.0775834425 49.8426228401 48.5194091763 47.4195180252 37.1396757928 41.0644250163 37.227171511 38.25018882 33.5796080268 24.6392365363 19.1801084708 32.1482042424 31.9249644817 32.6060346693 33.2315963315 33.7439725375 29.7111596668 29.2552719701 27.6272552904 27.9718625503 26.2946676624 26.8029766527 26.36186314 27.8955674323 28.8309132317 23.5304181099 22.4736190548
-9999 -9999 -9999 -9999 -9999 -9999 -9999 -9999 -9999 -9999 -9999 -9999 37.3320220794 35.646211279 36.1413150405 35.9767412136 35.969163417 37.0823642858 36.6746433914 35.5065408842 35.9251023719 35.39142937 34.5742491623 34.6038342299 33.796981156 34.1659888496 33.9337863534 33.9513614109 33.4927289818 33.4139924635 33.0807609852 32.9025119557 36.0578460993 42.7558085704 41.3847049229 22.3299676945 43.4344050332 35.3077589431 41.5830033072 31.7431056495 32.2362612611 31.8114577567 32.2756363294 32.7358850222 32.9919963607 33.3795494701 32.8157106888 29.3063056221 26.6142086772 27.0672648399 26.1024703534 25.0898425351 23.6591832799 23.7373574774 20.7986230502 21.9771223799 12.1760097318
-9999 -9999 -9999 -9999 -9999 -9999 -9999 -9999 -9999 -9999 -9999 37.6594109323 37.5698633511 36.4202566438 36.2901764721 21.5012346086 30.2807565989 35.9662157275 35.5372656886 34.427482209 34.2863799306 34.1947601406 33.4804919167 33.9150922777 34.0883066625 34.0848935974 33.7784575168 33.8666065886 33.778165333 33.4035123338 32.8723135503 32.8942826998 32.4298364913 32.2209824552 32.0522831751 40.6769337293 36.7802642114 30.8101302499 28.8821487077 32.8116919647 31.295073167 31.0137969288 32.2232755184 33.2603449759 33.2921675282 33.0370212311 32.5344329797 32.7350208988 27.8773433562 27.9391040681 24.2880908374 21.9779999149 20.0446172068 20.081940287 18.5676776487 19.1308032456 19.9995843646
-9999 -9999 -9999 -9999 -9999 -9999 -9999 -9999 -9999 -9999 -9999 38.1443509885 37.5013131655 36.737087722 36.4797858551 27.8303890753 34.4252491082 36.2405523181 35.3191812979 35.0626718919 27.8441669801 28.724774198 33.7659701965 33.7448562605 34.07820544 34.4936946728 22.470399419 23.0937892074 31.7497110375 33.4488035582 32.997318209 32.9234761846 32.2041530879 32.2050510236 31.9583661749 40.5297178903 32.7872595741 36.6040127278 30.5394832928 38.1179570357 30.8390196448 31.0579536091 32.7572892563 33.0780712651 33.7001686342 33.799056163 32.5029589941 32.6810852265 31.645553244 31.5680172157 24.2546501626 24.0605243301 22.0915336938 21.7381205208 20.2565032785 19.7946756191 17.1677255152
-9999 -9999 -9999 -9999 -9999 -9999 -9999 -9999 -9999 -9999 -9999 36.176425853 36.0476900147 35.2927886686 35.8766909866 35.7291787935 36.1925751017 37.2265795796 35.6027393736 35.7289716387 29.6341694321 13.0755741559 28.1814870345 35.0825513953 33.8334935222 33.9093414917 34.5431833749 34.8354160531 34.0241899532 33.805082114 33.0780449504 32.9332502477 32.2514867661 32.2635045737 31.3010637147 35.877602227 23.7732188453 20.3274481075 27.0504007537 34.9641047315 31.0440261247 30.8569125508 31.2908499986 31.0479051122 31.7073344753 31.9167872203 31.4623572417 31.2927538674 29.7286719614 29.5626446993 26.755382434 21.1467111895 18.6246435075 18.0915396133 16.352084931 16.8202264372 17.1085427232
-9999 -9999 -9999 -9999 -9999 -9999 -9999 -9999 -9999 -9999 -9999 -9999 36.7464989427 35.5398262759 36.1395100424 36.2022631347 37.248655002 37.0974227123 35.2974806605 35.177909594 35.7148605755 36.2410625909 35.0744180836 33.7950315959 33.664925932 33.5956111682 32.3022824401 32.4878166237 31.3755880471 30.8814675386 29.0786324305 32.7583203952 31.4862389202 31.8259366166 30.9777206252 32.6669264972 26.3709953219 22.7537202865 29.6070274773 38.1110080093 31.2042080256 30.4611838402 31.2482935182 31.2842416507 31.5550956963 31.3879473945 30.8313468745 30.8187361672 29.3492308962 28.9365513199 27.4672977675 16.2616089225 17.7133747307 22.7036563434 16.6841378024 17.0826718309 16.1008504758
-9999 -9999 -9999 -9999 -9999 -9999 -9999 -9999 -9999 -9999 -9999 -9999 34.6507433197 33.4899669405 35.6287611355 36.8073528423 37.6743955594 37.6230247238 36.8531919967 36.1825484157 35.1347832611 35.3976499686 35.4914498637 34.7377307879 33.7249431343 34.2542139245 34.2440533333 33.7835075076 32.0300477302 32.7999895296 30.6293248437 31.2343908162 32.8429262288 32.3741596992 39.2029957329 30.0277231948 33.1291542982 29.5034860303 33.8729627986 32.8791826895 30.5623734104 30.012729374 28.9834870385 28.9640200979 28.6279270246 29.1538504529 28.8293318654 29.0016945988 27.8703462192 27.4305905558 26.2986338633 24.3592796747 24.5236017475 15.2286061083 10.8335504575 12.1953683407 10.2287316493
-9999 -9999 -9999 -9999 -9999 -9999 -9999 -9999 -9999 -9999 -9999 -9999 34.9786107179 34.2661275996 35.1138001257 36.1986221087 37.1511543818 36.417382239 36.757190301 37.0429505799 36.0918708732 34.4924660133 34.2550273229 25.1742802551 28.3810444066 32.6737312398 34.6352891979 34.5211008107 32.1413291673 31.6757707959 29.6645807772 29.3062772312 31.9330314309 34.6624683375 33.2472351643 30.1885602712 36.121074112 32.3205656555 26.7703043007 23.0232668703 20.9997862064 25.778284417 29.7118287655 29.2163224933 28.7813387909 28.6259109595 28.2164638521 28.3592043744 27.6545176803 27.9360119288 26.8787055479 23.8316136602 13.7870845613 12.262964574 11.9446637042 11.3526743505 10.1350275927
