data/recharge/transience/recharge182.asc
ncols                  80
nrows                 72
xllcorner      4374000.0
yllcorner      5656000.0
cellsize            500
NODATA_value       -9999
[rows 0 to 25 of 72, columns 0 to 56 of 80]
-9999 -9999 -9999 -9999 -9999 -9999 -9999 -9999 -9999 -9999 -9999 -9999 41.1899021451 42.7958840255 -9999 -9999 -9999 -9999 -9999 -9999 -9999 -9999 -9999 -9999 -9999 -9999 -9999 -9999 -9999 -9999 -9999 -9999 -9999 -9999 -9999 -9999 -9999 -9999 -9999 -9999 -9999 -9999 -9999 -9999 -9999 -9999 -9999 -9999 -9999 -9999 -9999 -9999 -9999 -9999 -9999 -9999 -9999
-9999 -9999 -9999 -9999 -9999 -9999 -9999 -9999 -9999 -9999 -9999 -9999 37.6395235603 35.1421336798 35.7704969565 -9999 38.7594920331 -9999 -9999 -9999 -9999 -9999 -9999 -9999 -9999 -9999 -9999 -9999 -9999 -9999 -9999 -9999 -9999 -9999 -9999 -9999 -9999 -9999 -9999 -9999 -9999 -9999 -9999 -9999 -9999 -9999 -9999 -9999 -9999 -9999 -9999 -9999 -9999 -9999 -9999 -9999 -9999
-9999 -9999 -9999 -9999 -9999 -9999 -9999 -9999 -9999 -9999 40.0361368896 38.5128857593 39.3361343938 35.8603783307 34.3035419011 37.5123063874 38.0864383642 39.2158312155 -9999 -9999 -9999 -9999 -9999 -9999 -9999 -9999 -9999 -9999 -9999 -9999 -9999 -9999 -9999 -9999 -9999 -9999 -9999 -9999 -9999 -9999 -9999 -9999 -9999 -9999 -9999 -9999 -9999 -9999 -9999 -9999 -9999 -9999 -9999 -9999 -9999 -9999 -9999
-9999 -9999 -9999 -9999 -9999 -9999 -9999 -9999 -9999 38.6078056765 38.052379121 36.938727354 35.6515424535 36.273566847 34.9663217633 36.6147693154 37.2571390665 42.1783749652 -9999 40.4658864575 -9999 -9999 -9999 -9999 36.6986910259 38.1915978142 -9999 -9999 -9999 -9999 -9999 -9999 -9999 -9999 -9999 -9999 -9999 -9999 -9999 -9999 -9999 -9999 -9999 -9999 -9999 -9999 -9999 -9999 -9999 -9999 -9999 -9999 -9999 -9999 -9999 -9999 -9999
-9999 -9999 -9999 -9999 -9999 -9999 -9999 -9999 40.5232718124 39.1470201023 37.658653687 37.574103895 34.4968886708 34.4054926098 33.0081920183 34.390817219 39.3456278173 39.1153495596 40.1798526706 35.5329854917 33.7803516026 34.906924992 -9999 38.7969174812 35.8064988439 37.4483648904 -9999 -9999 -9999 -9999 -9999 -9999 -9999 -9999 -9999 -9999 -9999 -9999 -9999 -9999 -9999 -9999 -9999 -9999 -9999 -9999 -9999 -9999 -9999 -9999 -9999 -9999 -9999 -9999 -9999 -9999 -9999
-9999 -9999 -9999 -9999 -9999 -9999 40.6343349206 39.0254146204 38.6303979482 38.5729473127 38.8391479128 37.6364454853 35.1900819629 35.484073396 33.7360399768 33.9716203818 36.7288907439 35.4832844513 34.4076200101 33.5819831044 32.8249672093 33.1500877836 42.5125476881 37.9261516287 35.4521779051 36.4046860091 35.94664494 -9999 -9999 -9999 -9999 -9999 -9999 -9999 -9999 -9999 -9999 -9999 -9999 -9999 -9999 -9999 -9999 -9999 -9999 -9999 -9999 -9999 -9999 -9999 -9999 -9999 -9999 -9999 -9999 -9999 -9999
-9999 -9999 -9999 -9999 -9999 -9999 38.8497504588 37.8959460239 37.412085894 36.7643425903 35.487999469 36.0150424862 33.5608806133 33.2056904161 31.1275602191 31.1921534037 32.1957298176 25.5519372936 31.1264683206 31.6918960259 31.4731931388 32.9890294965 34.3437818421 37.8835842681 37.4186975051 36.711862523 35.578592204 39.6083922802 38.9972756933 39.3602905558 39.4826616416 40.8257995547 -9999 -9999 -9999 -9999 -9999 -9999 -9999 -9999 -9999 -9999 -9999 -9999 -9999 -9999 -9999 -9999 -9999 -9999 -9999 -9999 -9999 -9999 -9999 -9999 -9999
-9999 -9999 -9999 -9999 -9999 37.3742183252 38.4601558177 37.4506036014 37.6400298475 37.8160276624 36.0738889757 34.720796067 32.5300005626 33.1247728603 32.0324551243 32.5582539078 25.6794422816 13.8020516931 24.7984658067 32.0800283957 31.9595146947 31.9581092258 33.2629192409 33.3364608112 39.1190091522 39.6438924373 34.6989687188 38.6353326064 37.1045253739 37.5165361225 38.8311899975 40.3846952972 40.511834958 41.0980448035 -9999 -9999 -9999 -9999 -9999 -9999 -9999 -9999 -9999 -9999 -9999 -9999 -9999 -9999 -9999 -9999 -9999 -9999 -9999 -9999 -9999 -9999 -9999
-9999 -9999 -9999 -9999 -9999 36.7425365557 35.709227488 36.1125566021 36.7371806889 36.5038170742 35.3937044595 35.4372547095 24.3086959195 20.4379206309 33.193059318 32.295764782 27.0718747857 11.5810986648 20.2701040233 27.1976913944 30.8220182904 30.0967278973 32.7548372854 33.2154841242 34.2615798616 33.4875041989 36.8591290317 38.532296221 35.6498256861 34.6108354809 33.5142602729 36.7724352464 38.8233830743 39.7244635197 39.6392896013 41.2306118893 -9999 -9999 -9999 -9999 39.3325233155 37.1478296197 -9999 -9999 -9999 -9999 -9999 -9999 -9999 -9999 -9999 -9999 -9999 -9999 -9999 -9999 -9999
-9999 -9999 -9999 -9999 -9999 36.547282275 37.1147616588 36.0952319238 36.3466784914 37.4535185654 36.7937558716 36.6745561659 33.3919155302 32.7772900632 34.016996236 33.5783157291 30.4823953827 32.89948347 32.5205442802 31.9567482891 30.5734034609 29.5161248141 32.1483864196 32.213340468 33.9127435282 36.5091845139 37.1591835353 36.1277832715 37.5628423271 33.8201910427 23.4652303723 30.5955883696 37.5366620143 39.8107283643 40.3833528107 39.4464764773 40.1297103165 -9999 -9999 39.0265283253 37.7865875532 38.6637589528 38.2010289957 -9999 -9999 -9999 -9999 -9999 -9999 -9999 -9999 -9999 -9999 -9999 -9999 -9999 -9999
-9999 -9999 -9999 -9999 -9999 -9999 36.4762622371 35.6356721754 35.982784121 37.0586643476 37.4574310953 36.9412446341 36.3522925382 38.5188951077 32.8343696079 33.2362183107 31.9861010733 32.6468031237 32.6243277554 32.915440358 31.2533363178 30.2191715122 31.1025869915 33.0899000268 33.7731344438 34.0673566911 39.3664462982 40.24952157 35.7851780079 33.9266664098 31.0874044849 33.442237925 36.1308157185 37.62538004 39.0364171532 36.0878537347 39.4197679493 38.334698243 38.0803287334 37.3356405036 38.0846467871 38.9808235144 38.6492788618 34.9998577249 -9999 -9999 -9999 -9999 37.5195598718 36.8789398191 10.1869582974 -9999 -9999 -9999 -9999 -9999 -9999
-9999 -9999 -9999 -9999 -9999 -9999 -9999 38.1135771037 36.3771752186 35.6851114911 37.4898266034 38.7635562797 37.0725137828 35.7543886492 35.1858697238 35.0484022675 31.9429812122 32.2028396992 32.062743025 31.4672014389 30.3273258657 29.382852018 31.0534823453 32.9428473246 34.4829596749 33.1204345347 40.0793796559 33.0850254296 35.0697536582 33.7645192453 33.7856960086 32.5444754112 35.3904967052 33.9028921364 36.187300538 37.3069635506 38.6060209322 40.0452322037 39.0760647727 38.0450434568 37.1258092084 38.6805389208 35.4358873883 33.4039769933 33.4263619766 37.8818123178 32.9750963047 31.6657670283 31.435565791 34.136993371 35.2502686275 29.3470814996 -9999 -9999 -9999 -9999 -9999
-9999 -9999 -9999 -9999 -9999 -9999 -9999 -9999 37.1182931578 37.3388276793 37.4306801328 36.8617163904 35.907035799 37.3563223212 39.6432101916 37.9057074993 33.3648047677 34.5028781111 33.5834972227 32.1099627186 31.9824606485 31.9420065863 38.2679192739 58.0235157822 58.6033377888 57.4759429055 36.2087552843 30.1393889235 31.220557853 33.4021842144 33.8809341548 33.0886505357 32.7925250169 34.9571758035 33.1668330278 32.7620059578 33.8041874688 34.5593237669 36.2194278841 38.442705952 39.159791626 37.0675450624 35.0082144994 34.1702139019 34.3339809299 33.4582468018 32.3241833987 31.3835715921 31.0472365698 34.8116131021 36.6179259736 38.0872574418 31.4867469091 -9999 -9999 -9999 -9999
-9999 -9999 -9999 -9999 -9999 -9999 -9999 -9999 37.2196636895 37.5893031844 37.1349035864 37.5851117622 37.5094451833 37.7245325294 37.1560203801 35.9995574387 32.5354011767 33.2813663773 32.3774165325 32.0776160546 32.2356020666 32.1614662995 44.9712635018 61.7035693162 59.3764888922 56.9311389741 59.0957631425 35.5225579151 38.0288455395 39.608805825 33.4242498916 33.4853689559 34.2686724597 35.1206686228 32.6972759069 14.2291831823 34.8146237078 34.3629115753 35.1689657101 35.3686461366 34.990418295 41.9180783309 34.732944803 34.2655112767 33.7470089404 33.5857064392 32.2113382247 31.5389016737 32.426527786 35.1349095358 35.6816256467 35.8034524498 30.6648365561 30.9431319 29.4565877097 29.5752465724 -9999
-9999 -9999 -9999 -9999 -9999 -9999 -9999 -9999 -9999 35.6034521115 36.4092687299 37.9931440926 38.5978813592 37.9434168362 36.0413446787 35.9328590135 35.063825577 33.5156041609 33.6955406415 34.1006521285 35.84175296 34.4331129665 35.8315542524 68.5556501547 65.1496880137 67.2150542228 57.3758731253 52.6965869894 38.363544531 29.899087248 30.8709466239 30.0898376104 31.6093829267 34.5256420315 29.5707215742 26.1922505213 32.8552136614 32.9325933567 33.0303842594 32.4517847321 32.3242364562 33.8559179544 34.9738521897 36.4177786518 34.1347640757 32.9096389185 31.1998011744 31.5636994208 35.0594448597 34.8704992646 34.4768261791 34.4379834235 27.2211673168 27.5180108322 27.3221667181 28.1602317651 23.2030856964
-9999 -9999 -9999 -9999 -9999 -9999 -9999 -9999 -9999 -9999 36.339478813 37.5003647223 38.9046007378 38.4311408833 35.9424974273 35.9643484601 42.1264182323 40.4211993084 43.1327058326 43.9033081613 40.7510242263 40.3534275145 37.9884489462 44.9507718033 62.4622342688 68.8511196833 64.5836402154 56.250474094 50.1564784803 38.6061350664 28.2481856081 27.8895873334 28.2256142937 29.9367678599 32.4447526673 31.5102451073 32.2836451968 32.7065236916 33.1747270901 33.2096583375 31.9389939188 31.6531746956 32.171244025 33.7249243309 34.8141284914 37.4492181232 33.8921305263 32.8260338893 35.0901438163 36.0079200644 36.7951667236 34.6671952374 30.1669960648 26.1164923542 25.9930240413 27.3234580777 23.122465845
-9999 -9999 -9999 -9999 -9999 -9999 -9999 -9999 -9999 -9999 -9999 19.9392619151 26.1649442202 37.4942907188 35.3075577617 36.0259654335 39.9039940504 40.4038692821 41.9294840143 39.4698343136 35.5179027752 36.689552386 40.8922249133 40.3058586988 43.6230252308 52.5232545539 58.7707083371 62.9794093162 51.6610248783 33.4472275631 37.561469085 26.8626650589 24.9576866091 25.4384386082 28.8910973598 29.0809789762 29.630354507 29.4540320154 31.0044847868 31.4547657021 29.3521453793 28.884901342 29.7858552481 31.4742395941 30.2128074852 31.4743275137 29.6482274973 29.1626341458 27.560082117 30.2808710715 31.4780688447 29.9480632238 24.4952334588 22.325334257 20.9115297321 21.0536407084 19.0460178916
-9999 -9999 -9999 -9999 -9999 -9999 -9999 -9999 -9999 -9999 -9999 19.0669525593 27.0648502505 36.1336537925 34.8657264224 38.7387022663 37.8706447739 40.651722076 34.3011204493 34.1904280082 34.5091517493 35.0461141265 35.7376173776 41.5733240259 34.0970138942 35.9483086536 41.6288874919 47.4899708834 45.8262248331 45.521133905 46.5783729595 46.5726459302 49.2778167659 40.2093762082 40.3634562066 30.1080918665 28.9672436867 29.946885388 30.2470833865 29.7060800947 27.0631695468 28.3273548915 28.2953876879 28.9275534116 30.9593384897 32.3697869847 32.3716002863 31.8371764632 29.0557268821 27.2823272145 30.1111642308 27.2069063265 20.3451970845 22.8121091846 22.1196943135 21.4892422587 20.8553029741
-9999 -9999 -9999 -9999 -9999 -9999 -9999 -9999 -9999 -9999 -9999 38.2464940749 34.6383422398 34.6150405177 33.1251380707 36.5866369117 38.5369967296 37.6602840285 31.9045875245 32.3140942388 32.1979644219 32.299849423 36.8152560899 39.7199569687 28.3687149172 27.6869278439 27.0612264147 26.7983736363 25.6949511412 30.5032014903 35.9137258039 44.6246831238 56.6752129322 52.923692407 41.9366897178 35.0126160091 40.7318882063 37.2303442945 27.11065397 19.3302890587 15.8664618992 25.4881390016 25.8147601131 26.8603698916 29.3944204089 32.2491930218 30.898630566 30.1833442286 27.4424311554 28.1475670406 31.2771012123 32.5599197596 32.5337084541 30.4868735694 22.0562542387 18.0549337586 16.3675873447
-9999 -9999 -9999 -9999 -9999 -9999 -9999 -9999 -9999 -9999 -9999 -9999 37.4929845361 34.5041605764 33.6684455735 32.8778023749 36.2093754646 38.702587546 38.2429846176 32.449405 33.0624595832 32.2356837314 31.6878436634 32.8021823655 27.5901231037 27.9954070564 27.3749226868 27.4264821464 26.6797322607 26.5554956773 26.5445394828 26.4243708384 29.6181405186 37.4149924869 40.2920561758 22.5499123165 42.8424625069 38.4875535137 37.2482014351 25.349461255 27.0597807203 24.7480908609 26.4950733129 27.2841314209 28.6034364175 29.5663828384 31.2309526438 30.2600081691 26.0102968267 27.3590003762 30.0544789669 29.0835626195 27.5495730576 27.3982101525 19.3871549851 18.1241585138 9.28561984148
-9999 -9999 -9999 -9999 -9999 -9999 -9999 -9999 -9999 -9999 -9999 39.1658804999 38.6193664528 35.8152060672 33.1536660682 19.9355315866 28.0490372823 33.6736683164 33.3939530255 29.3599905892 28.8287014453 28.7043748401 26.6194301545 27.0016084978 25.5905664752 25.5626167167 25.2529736261 25.2150033043 25.3106445859 25.0128984141 24.7529829154 24.8355376891 24.5893694269 24.4396272512 24.4949936727 38.6003455394 36.4355539037 31.0438549804 30.8596021204 24.0462333259 23.7221112494 22.6592607593 29.8471778745 30.4986063108 30.691354602 30.1887937033 29.4846065335 32.6543799713 26.2982213307 26.2076477585 24.5916093615 23.7944796293 21.2683937658 21.3502542301 19.856028375 20.6313875077 17.3926692587
-9999 -9999 -9999 -9999 -9999 -9999 -9999 -9999 -9999 -9999 -9999 40.141087808 38.5778813811 36.4782271836 33.7844908771 25.2674396629 30.7121530028 32.3161537024 30.663001893 30.317181018 23.6856417257 24.8118120575 26.9826879349 26.9401264816 25.6606258885 25.9073998819 16.437776145 17.3792205662 23.9420343368 25.5623857791 25.3106790346 24.8903156482 24.4185945257 24.4315510194 24.3990637909 31.3543746221 33.2787881132 38.3811313579 37.0386319387 28.7650904232 23.0000897146 24.7934794569 29.6624630231 29.8516550634 31.1781003626 31.1044912316 28.8460304088 29.0489561336 26.8469785102 28.7256819817 27.8152633571 28.1380204738 25.1471294062 24.615293074 23.0708992474 22.2040328173 15.2073789817
-9999 -9999 -9999 -9999 -9999 -9999 -9999 -9999 -9999 -9999 -9999 37.8781475752 37.3565271674 35.8365671443 34.5724185986 34.2645827445 32.4959899405 35.6032987878 31.009175204 32.161705198 23.6603863644 10.4297392069 23.2620599516 29.472563339 23.5963948783 23.7387874831 24.2278268625 24.7487701069 24.1192540797 24.1300650099 23.8518333919 24.9851084672 24.4241840371 24.2561378358 22.8197048539 27.2111716722 24.6459005512 21.9688124435 27.6400593237 25.9986432098 22.9377338946 24.263507755 30.6074180758 30.3943563375 30.7043612058 31.85309854 26.7152501094 26.7044274248 23.2508389659 23.2679510093 21.5226227369 21.0644990227 13.8212833134 13.6908020923 12.2176428689 13.5053427818 14.3819897972
-9999 -9999 -9999 -9999 -9999 -9999 -9999 -9999 -9999 -9999 -9999 -9999 38.6202627835 36.4600186506 35.7278676665 35.0176573283 37.9155388155 36.1287823062 32.1714879247 30.4299618448 30.8475604624 30.8702269833 28.9003116599 26.6088479568 23.3790850808 23.2731997409 21.7642866174 21.9693624622 21.2420335101 20.7065426296 19.5585626256 22.6382508105 22.9326113383 23.3080826774 22.4285734417 29.9017168343 26.6389087982 23.4828733718 29.7540312874 29.2786923433 23.2414185648 23.1570624248 25.3527538511 31.9915628115 33.4539435208 32.9535310123 26.936021254 25.8813354874 22.5451492443 23.7838514585 20.8273971341 12.2872227562 13.217880474 17.676446418 13.0730906349 13.1727460454 12.9256540148
-9999 -9999 -9999 -9999 -9999 -9999 -9999 -9999 -9999 -9999 -9999 -9999 38.1915130436 35.9688877107 36.8372366723 37.4768792572 37.2585846114 38.9784109289 36.2618750267 33.2728851462 30.9410524362 31.0422307712 29.9681169072 29.5021790158 25.6100740613 26.2205575135 24.4212353856 24.158366496 22.0730416339 23.050258755 21.3076209055 21.7608200863 24.1187982979 24.2471233342 29.2955493833 28.7436527174 24.7476913336 29.0570687221 33.4203239745 28.6520546171 22.3730563252 22.069278226 21.180797747 21.1580112287 21.4594145491 21.2540379968 20.4025550061 20.0886994442 18.9576159744 19.8876578805 18.5210666993 16.9069309071 16.9195824625 11.3271028292 9.0279886009 10.5671264647 8.08510001669
-9999 -9999 -9999 -9999 -9999 -9999 -9999 -9999 -9999 -9999 -9999 -9999 38.4734445192 37.2108703034 36.6847844385 38.3668612212 38.8373903675 35.5012580132 35.2361610377 38.5604342338 31.4391228443 29.9146222178 27.8386079743 21.6617874245 22.4291216527 26.0175883331 25.0199805603 24.2349541919 22.1554736229 21.6446890745 20.1812963298 19.7520916824 21.7687954848 24.7331824106 27.1267632894 30.5748090296 31.8217043251 29.7010982026 27.1926640983 17.2106355002 15.3274921181 17.9073033594 20.9525693932 21.3607287432 21.1084916426 21.0167331127 20.9057737939 21.0265289374 20.1877000048 20.581994158 19.1693371674 17.5793218333 11.2706927619 9.7721005142 9.29742921473 9.73062267777 9.19183756804
