data/recharge/transience/recharge326.asc
ncols                  80
nrows                 72
xllcorner      4374000.0
yllcorner      5656000.0
cellsize            500
NODATA_value       -9999
[rows 0 to 25 of 72, columns 0 to 56 of 80]
-9999 -9999 -9999 -9999 -9999 -9999 -9999 -9999 -9999 -9999 -9999 -9999 24.9147372305 25.2306519111 -9999 -9999 -9999 -9999 -9999 -9999 -9999 -9999 -9999 -9999 -9999 -9999 -9999 -9999 -9999 -9999 -9999 -9999 -9999 -9999 -9999 -9999 -9999 -9999 -9999 -9999 -9999 -9999 -9999 -9999 -9999 -9999 -9999 -9999 -9999 -9999 -9999 -9999 -9999 -9999 -9999 -9999 -9999
-9999 -9999 -9999 -9999 -9999 -9999 -9999 -9999 -9999 -9999 -9999 -9999 24.4149349859 23.6655919 23.0803319722 -9999 22.5170818184 -9999 -9999 -9999 -9999 -9999 -9999 -9999 -9999 -9999 -9999 -9999 -9999 -9999 -9999 -9999 -9999 -9999 -9999 -9999 -9999 -9999 -9999 -9999 -9999 -9999 -9999 -9999 -9999 -9999 -9999 -9999 -9999 -9999 -9999 -9999 -9999 -9999 -9999 -9999 -9999
-9999 -9999 -9999 -9999 -9999 -9999 -9999 -9999 -9999 -9999 23.2273892721 22.6134797833 23.423416114 23.4379441592 21.4903609048 21.1836562512 20.7082817106 20.874206967 -9999 -9999 -9999 -9999 -9999 -9999 -9999 -9999 -9999 -9999 -9999 -9999 -9999 -9999 -9999 -9999 -9999 -9999 -9999 -9999 -9999 -9999 -9999 -9999 -9999 -9999 -9999 -9999 -9999 -9999 -9999 -9999 -9999 -9999 -9999 -9999 -9999 -9999 -9999
-9999 -9999 -9999 -9999 -9999 -9999 -9999 -9999 -9999 22.8187060099 23.137063805 23.0953966426 22.7507125331 22.9054101958 22.3078455167 21.9977743584 21.141360615 21.7812977887 -9999 22.5254813361 -9999 -9999 -9999 -9999 20.5874362959 21.1233564043 -9999 -9999 -9999 -9999 -9999 -9999 -9999 -9999 -9999 -9999 -9999 -9999 -9999 -9999 -9999 -9999 -9999 -9999 -9999 -9999 -9999 -9999 -9999 -9999 -9999 -9999 -9999 -9999 -9999 -9999 -9999
-9999 -9999 -9999 -9999 -9999 -9999 -9999 -9999 23.1249651365 22.5957215295 21.8969208244 22.353908503 21.9104631219 21.6434407951 21.3162705899 21.1803858274 20.3837117853 20.1474248169 20.4155141574 21.1771466721 20.5102544465 20.7388782963 -9999 19.9982823477 20.8517038619 21.0426183604 -9999 -9999 -9999 -9999 -9999 -9999 -9999 -9999 -9999 -9999 -9999 -9999 -9999 -9999 -9999 -9999 -9999 -9999 -9999 -9999 -9999 -9999 -9999 -9999 -9999 -9999 -9999 -9999 -9999 -9999 -9999
-9999 -9999 -9999 -9999 -9999 -9999 23.4200302668 22.5919008288 22.0631506227 22.2220688666 22.3670720508 22.9888646611 22.2921761701 22.1068546234 21.2768525692 21.5453767911 20.7158111517 20.4644341162 21.0812007792 21.0850485819 20.383518179 20.5931456515 20.260565031 20.126669088 20.7726862419 20.7023355612 20.9692793432 -9999 -9999 -9999 -9999 -9999 -9999 -9999 -9999 -9999 -9999 -9999 -9999 -9999 -9999 -9999 -9999 -9999 -9999 -9999 -9999 -9999 -9999 -9999 -9999 -9999 -9999 -9999 -9999 -9999 -9999
-9999 -9999 -9999 -9999 -9999 -9999 23.1340025941 22.8003300749 21.2286068318 21.067291534 20.9783494788 21.5498039152 21.0054492741 20.3234112437 20.0067094309 19.8837045449 20.4887878955 16.2324236741 20.1118551158 19.4759114959 19.3659659259 19.9023259544 19.6270484926 19.5963942241 19.4375278418 19.210790402 20.2485144433 20.4659872958 20.2412602622 20.0482114145 19.8544482039 19.8417197516 -9999 -9999 -9999 -9999 -9999 -9999 -9999 -9999 -9999 -9999 -9999 -9999 -9999 -9999 -9999 -9999 -9999 -9999 -9999 -9999 -9999 -9999 -9999 -9999 -9999
-9999 -9999 -9999 -9999 -9999 24.0360551567 23.2771828212 23.2658263851 22.5533244208 22.3444132015 21.9052474543 21.6796182834 20.7187223276 20.2677325593 20.5225483042 20.6012698009 15.7931405283 7.94796486615 15.6554119248 19.5832996515 19.3994077706 19.2767067807 19.4130345292 19.5238905599 19.5114025134 19.7165506521 20.3601123644 19.8686208716 20.0562455873 19.9817148173 19.0843074471 19.2936084523 18.2036388166 18.0863161611 -9999 -9999 -9999 -9999 -9999 -9999 -9999 -9999 -9999 -9999 -9999 -9999 -9999 -9999 -9999 -9999 -9999 -9999 -9999 -9999 -9999 -9999 -9999
-9999 -9999 -9999 -9999 -9999 23.7327570756 23.1410120561 23.1752425546 22.3046098071 22.0420196225 21.7591207474 21.9669559365 14.9511405784 12.0947469348 21.2457735584 21.0129438857 16.6606735761 6.40590088323 12.350482354 15.907855511 19.2980050065 18.794602378 19.2025921753 19.0845275492 18.7336062322 18.3940150027 18.625482262 18.2817373322 18.5494174367 17.9328667174 17.0969530849 17.6472498177 17.83597821 17.702008346 17.4702705656 17.4098899118 -9999 -9999 -9999 -9999 17.511227446 17.3808422898 -9999 -9999 -9999 -9999 -9999 -9999 -9999 -9999 -9999 -9999 -9999 -9999 -9999 -9999 -9999
-9999 -9999 -9999 -9999 -9999 23.4640858626 22.9586767005 22.8374072195 22.4565713938 22.6820376072 22.2333256342 22.0759459028 21.2333443883 21.0954771387 21.5542654641 20.5491704214 19.3483657209 20.3827707176 20.2826404227 20.2273137986 19.7811557984 18.6088469152 18.5791380814 18.4455073364 18.6697390026 18.5238913987 18.5028176365 18.1968758304 18.6647882516 16.8778084202 10.9376689009 14.7411130394 17.7685089747 17.3563706625 16.7688467748 17.5055930899 17.3382450144 -9999 -9999 17.7205755667 17.7367298217 17.6401645993 17.857099587 -9999 -9999 -9999 -9999 -9999 -9999 -9999 -9999 -9999 -9999 -9999 -9999 -9999 -9999
-9999 -9999 -9999 -9999 -9999 -9999 23.3452807135 23.1023553688 22.7782545346 22.6387223387 21.8256836628 22.1060101738 22.2138019226 23.7750407044 20.4812417649 20.2502765106 19.6700004609 19.5619000689 19.1533985366 19.142705213 18.6724148159 18.769835443 18.2885007795 18.6004266465 18.1307615456 17.8032112152 16.8755005706 17.0881537221 17.1445635386 17.1884761906 15.6958928429 16.8889723047 16.3489920579 16.6087520981 16.5660328947 16.7800162124 16.8307803164 16.6678865134 17.1307515892 17.0268872843 16.8609669525 17.3710310561 16.4439956259 16.4548926505 -9999 -9999 -9999 -9999 17.3036096146 17.0331150107 4.0770311001 -9999 -9999 -9999 -9999 -9999 -9999
-9999 -9999 -9999 -9999 -9999 -9999 -9999 22.7482893836 22.4887817214 22.8996319666 22.4674476475 22.1738011065 21.1951209213 20.2894009048 19.4586505497 20.4088056416 20.4646143483 20.5967159098 20.0475646025 19.5091341845 18.4451701591 18.4293440942 18.117523193 18.2182202555 17.8989081826 17.5384532878 17.1101239418 17.3651256488 17.2327294894 17.1231386621 16.7100632473 16.6837347255 16.5401249869 16.6000641352 16.8574931897 16.8557642689 16.9568873401 16.9479506552 17.0867458493 17.0588071362 16.5499114226 16.3196512832 15.8044839994 14.8308977027 14.0707478373 14.2051197391 14.8931825793 14.6074601053 14.4059637556 15.9725374716 15.1620469814 12.5235246284 -9999 -9999 -9999 -9999 -9999
-9999 -9999 -9999 -9999 -9999 -9999 -9999 -9999 21.6700718464 21.5131477966 21.8792289014 22.1976620084 21.4325564917 21.6861004389 21.3296304655 21.1390826933 19.8748803213 19.9245478655 18.9012067897 19.1881909641 19.8439740794 19.7210481218 20.9033096227 23.3697297447 22.6532316957 22.6604134433 18.2681015977 16.5330164999 15.9948509575 15.5501470631 15.4795869334 15.475695236 15.4003554733 15.3740597349 15.7129908576 15.9999574389 16.0805828681 16.2165618013 16.0674340649 16.0458081197 15.864330503 15.1510168893 13.3466364245 13.1716222613 12.8639419637 12.6824399914 13.106032533 12.8900217494 12.6086663695 14.0262504715 14.2167999689 14.3324312816 13.5061782516 -9999 -9999 -9999 -9999
-9999 -9999 -9999 -9999 -9999 -9999 -9999 -9999 22.3364804703 21.922975109 21.6235894411 21.6580454346 21.2220764211 21.2033979242 20.6412644793 20.5354934519 19.656500788 19.9184477846 19.2014565557 19.423697678 19.6913774348 19.6565622793 22.5752710385 24.8345418935 23.2820327593 22.3922907174 22.3642207629 18.7343248229 16.0937319202 15.6207938189 15.184423379 15.3768865881 15.1266357824 15.2722204541 15.7101125322 6.63016470639 16.3322372947 16.1082013759 16.0383773691 15.9902155128 15.7261230862 15.0011139833 13.2453883515 13.197221043 12.7120199603 12.6844839532 13.0818698644 12.9311916639 13.0308206065 14.604261837 14.2762026779 14.2910835675 13.724434447 13.9621749797 13.0391241236 13.2253363081 -9999
-9999 -9999 -9999 -9999 -9999 -9999 -9999 -9999 -9999 22.0676980126 21.5537232451 20.905884117 20.7853874049 20.4576481966 19.7309679362 19.690655152 19.8902817162 20.0811503256 20.2658817143 20.3207474648 20.3995398915 19.8730239623 20.5914317295 26.8453268832 23.770063954 23.7337338847 21.9945566549 21.3999125507 17.6836904779 15.4431991523 14.9458817759 15.033567919 14.6690486657 14.2762601968 14.3062030343 12.3467830854 15.4106855137 15.2499343843 14.9357095675 14.9523836227 14.6127700529 14.6065348399 12.2737840346 12.6067290444 11.8964204631 11.5602347056 11.085326864 11.2190587485 12.5815034029 12.6904751858 12.6045432407 12.5208434023 12.3390499863 12.5566878548 12.4900813609 11.0685551828 9.79765373864
-9999 -9999 -9999 -9999 -9999 -9999 -9999 -9999 -9999 -9999 21.036593852 21.1109000081 20.6953746146 20.5879080629 19.4804277302 19.169186435 19.6226110054 20.1965389408 19.9288562673 19.524667339 19.2130480278 19.1302952091 17.9808306823 21.9799749468 23.3210116354 24.0219242829 22.7641486153 22.0077593102 20.1756456865 18.6068056395 14.9882144012 14.987081283 14.9497481833 14.4763365125 15.1639462517 15.012380538 15.3232954482 15.2461789612 14.9632341954 14.9817738561 14.7437874014 14.6439443307 13.1843743026 12.2944134603 12.7683041635 12.5130735607 11.9537234869 11.5567323512 12.7613602462 12.8115802441 12.9732086092 12.8367842398 12.2319585184 12.5226622611 12.0466814688 10.8404473446 9.7630917636
-9999 -9999 -9999 -9999 -9999 -9999 -9999 -9999 -9999 -9999 -9999 10.4066808362 12.9041486255 19.6281486863 18.9021331659 18.6643807305 19.4725574007 19.449033259 18.7489896209 19.0605977343 19.0799887886 19.0169223443 17.7344851464 17.1605164805 18.664783369 21.6597377432 22.2280529232 23.1541191318 21.1539727955 12.4954329843 16.5004690997 14.6787018915 13.5730647334 13.7858909945 14.3261956965 14.0475324244 14.3190471517 14.2920175327 14.2911773516 14.3042859497 13.7931886758 13.2800905425 13.1927661834 12.6597747725 11.4584549779 11.1603532336 11.2511665093 11.6339878719 11.2707271392 11.9234628329 11.7943370786 12.1711814416 11.5245766449 11.2444278742 10.5227893427 10.5598982603 9.35450093786
-9999 -9999 -9999 -9999 -9999 -9999 -9999 -9999 -9999 -9999 -9999 9.39807917857 14.1164884095 19.3520556141 19.2268687922 19.1034616189 19.0051034139 18.74129486 19.0208601338 19.0525260137 18.8538245523 19.2375702565 17.7549359455 17.4564963697 17.0472895907 17.4187537024 19.0453817423 21.3830057976 20.5447246345 18.3682320363 19.0299360307 18.8610622619 16.0642228565 17.7137610749 17.0281835115 14.713298346 14.2855369339 14.3679649305 14.1882170328 13.9076010902 12.4265228454 13.5643233754 12.7848661836 12.9926445218 12.8086168802 11.9020683735 12.0850364939 12.3941528291 11.8896183428 11.3116230877 11.2130805218 11.258643541 10.3360697401 11.5054049123 11.156175588 10.8358647403 10.4950127308
-9999 -9999 -9999 -9999 -9999 -9999 -9999 -9999 -9999 -9999 -9999 20.3840595004 19.6479872178 19.447442365 18.1726906735 18.082706841 17.5692142415 17.1360376959 17.3493607454 17.5972185853 17.7711987897 17.842549442 17.0157996284 16.5173931901 16.0199001155 15.9931491381 15.662153917 15.5800921816 15.2934090286 16.9077720696 18.1711952515 20.0257605041 19.9950382563 20.6334061026 16.7495959654 16.6204096565 16.8476872404 16.4402973043 13.7318830507 9.4586703575 7.29077964057 13.0565639623 12.8020970391 13.1224537905 13.6368716002 14.0198387242 11.8941915022 11.6596444948 11.234448469 11.2644149275 10.7394045639 11.0013412768 11.0094800092 11.5235072721 11.4308028669 8.76708386688 8.33313801725
-9999 -9999 -9999 -9999 -9999 -9999 -9999 -9999 -9999 -9999 -9999 -9999 19.0141117929 19.3155175087 18.7020180777 18.1969657842 17.5716751065 17.4312694516 17.1298732749 17.6840201748 17.8955287095 17.6923797552 17.1579065678 17.1300586324 16.1554231458 16.2438217413 15.7379112357 15.8452147265 15.3769057071 15.2226500778 14.887130835 15.0219256932 15.5468663806 17.8269206185 17.17179521 8.12161744323 16.933409941 16.4113274396 16.5917501728 13.4320952475 13.5989348043 12.7983487411 13.3240330726 13.6908045257 13.7104401774 13.9323904276 12.7182634131 11.6864318529 10.7188556737 10.958792934 10.5983133487 10.2333434594 9.78805137773 9.83126754949 9.03047592689 8.51747640219 3.99638412153
-9999 -9999 -9999 -9999 -9999 -9999 -9999 -9999 -9999 -9999 -9999 19.1550446084 19.285116675 19.3505015335 18.5700685023 10.3892951805 14.5514343695 17.2318739578 16.4620666284 16.8368666456 16.3697277705 16.3137295631 15.7822327955 15.8809967634 15.5927663406 15.544305308 15.2402640524 14.9227291555 14.775826624 14.6430652802 13.9502647468 14.0705085055 13.4741172257 13.4264925484 13.3366505597 17.4550734132 16.5686933212 14.9849998581 14.0188306548 12.7299497269 12.7172893434 11.700814252 14.4807661407 14.6741556209 14.8835756424 14.7904198281 14.1652480482 12.7406669611 11.0969738713 11.0417675478 10.0188305164 9.04055688945 8.42446973007 8.44523591005 7.98762936667 8.2844700021 8.91018221155
-9999 -9999 -9999 -9999 -9999 -9999 -9999 -9999 -9999 -9999 -9999 19.3279544578 19.9801589753 19.7488284115 18.6902832896 13.4475621422 16.9558543573 17.4281472627 16.8828615156 16.9879953448 14.3175265197 14.8681300765 16.1408957448 16.0649865778 15.73990288 15.7310591033 9.42318634264 10.5408892621 14.2996946424 15.7260429454 14.8750678611 14.1379357002 13.4053930062 13.4280447004 13.2499620283 16.0277577902 15.4703649912 16.3258369012 14.3945055752 14.5878471347 12.0595987777 11.5353153438 13.1193054116 13.9428327008 13.8161947743 13.5670897295 13.1862399823 13.2284057011 11.9252447522 11.6657694291 9.96252943843 10.0320924853 9.40718768277 9.26748007876 8.84307192059 8.61902026733 7.58800381117
-9999 -9999 -9999 -9999 -9999 -9999 -9999 -9999 -9999 -9999 -9999 19.7649211458 20.2954576438 19.663859005 19.1539735982 18.9938747773 17.3714702852 17.6042563356 17.0476562495 17.4382947726 13.3934555353 5.80444557607 12.7409283565 15.5271683846 14.0852119436 14.1057932835 14.5589111322 14.8639182579 14.2723590118 14.2003286187 13.756840312 14.7732170535 14.2385364529 14.0451198503 12.8183628613 14.9567566351 13.4494653092 12.206163074 13.9500449159 13.7461345182 12.2538275919 12.8374002248 12.6237391449 12.1187821625 12.2299244364 12.2528315493 12.1345599846 12.1722449714 11.683913842 11.6787185464 9.97650527065 8.69724419855 7.62312816582 7.55061629149 7.00703709491 7.42299309048 7.80716623871
-9999 -9999 -9999 -9999 -9999 -9999 -9999 -9999 -9999 -9999 -9999 -9999 20.427427545 20.1939412182 19.4132763457 18.8646825737 17.6310343784 17.8916451158 17.0915561708 17.3634206269 16.9276566629 17.3346442771 15.139909617 14.1965177442 13.9316630596 13.8879371987 13.2759027064 13.4053149718 12.9479396412 12.6407800899 11.7736010273 13.0867319869 12.9558522681 13.1964067183 12.5525933222 15.5842062587 14.0701482356 13.0454278778 14.485234465 14.6600437207 12.5086243134 12.3221760173 12.793154478 12.2574497194 12.3537550918 12.280843582 11.8966625442 11.9540172948 11.2775083994 11.6275243887 10.5724847414 5.46605990237 6.05960916078 9.03188677824 7.5315521403 7.44696865093 7.115266752
-9999 -9999 -9999 -9999 -9999 -9999 -9999 -9999 -9999 -9999 -9999 -9999 21.2744238269 20.6406542048 19.7183095682 19.4720829369 18.280270639 18.2725763528 17.5902110117 17.6119471581 17.2658228296 17.053628172 15.869787259 14.9631216417 14.3314595141 14.5544535832 14.494121849 14.2359796035 13.3331767886 13.8416141353 12.8370034888 13.0579530529 14.258932047 14.3961120135 15.7135126311 15.1870188957 14.0440432147 14.7379941273 15.7898384919 14.3714489882 12.189852624 11.8227563123 11.2757133899 11.2460950354 11.1436778544 11.1340188268 10.4356447468 10.2192394415 9.66513240306 10.2763725854 9.59608322547 8.47071364736 8.67764628327 7.13874524385 6.07441932447 6.75791687725 5.36208711172
-9999 -9999 -9999 -9999 -9999 -9999 -9999 -9999 -9999 -9999 -9999 -9999 20.1780881009 20.4829934317 19.9355006618 19.7514655784 18.4575961246 18.6452903447 17.6271078239 18.0338981724 17.3316313892 17.1601956036 16.4738324006 10.9149523603 11.8653093853 14.0736650094 15.6956033332 14.3631151934 13.4097934064 13.1203844548 12.2994832956 12.0995429202 12.5557676579 14.097006137 15.1040718659 12.3756914005 13.4887245701 14.9136991918 14.0255508686 10.3811739092 9.35400622058 10.0743173557 10.9396579034 11.3082802979 11.0221891517 11.0775252671 10.9315102679 10.9247405362 10.4421727479 10.669533963 10.0403239614 9.29013089966 7.18653371589 6.53663895419 6.32200265594 6.40040595989 6.06525723207
