data/recharge/transience/recharge19.asc
ncols                  80
nrows                 72
xllcorner      4374000.0
yllcorner      5656000.0
cellsize            500
NODATA_value       -9999
[rows 0 to 25 of 72, columns 0 to 56 of 80]
-9999 -9999 -9999 -9999 -9999 -9999 -9999 -9999 -9999 -9999 -9999 -9999 15.5680939682 15.9568371796 -9999 -9999 -9999 -9999 -9999 -9999 -9999 -9999 -9999 -9999 -9999 -9999 -9999 -9999 -9999 -9999 -9999 -9999 -9999 -9999 -9999 -9999 -9999 -9999 -9999 -9999 -9999 -9999 -9999 -9999 -9999 -9999 -9999 -9999 -9999 -9999 -9999 -9999 -9999 -9999 -9999 -9999 -9999
-9999 -9999 -9999 -9999 -9999 -9999 -9999 -9999 -9999 -9999 -9999 -9999 16.5897677684 14.7559335346 13.7758235291 -9999 13.778965792 -9999 -9999 -9999 -9999 -9999 -9999 -9999 -9999 -9999 -9999 -9999 -9999 -9999 -9999 -9999 -9999 -9999 -9999 -9999 -9999 -9999 -9999 -9999 -9999 -9999 -9999 -9999 -9999 -9999 -9999 -9999 -9999 -9999 -9999 -9999 -9999 -9999 -9999 -9999 -9999
-9999 -9999 -9999 -9999 -9999 -9999 -9999 -9999 -9999 -9999 15.0424979757 14.5502267823 15.7084026277 15.6522066255 13.1176365759 12.884033057 12.1025624819 12.4753340724 -9999 -9999 -9999 -9999 -9999 -9999 -9999 -9999 -9999 -9999 -9999 -9999 -9999 -9999 -9999 -9999 -9999 -9999 -9999 -9999 -9999 -9999 -9999 -9999 -9999 -9999 -9999 -9999 -9999 -9999 -9999 -9999 -9999 -9999 -9999 -9999 -9999 -9999 -9999
-9999 -9999 -9999 -9999 -9999 -9999 -9999 -9999 -9999 14.6340715438 14.8612979932 14.7070555525 14.3855389755 14.751170117 13.8346749335 13.6178326894 12.9036559716 14.0441643572 -9999 14.7026475511 -9999 -9999 -9999 -9999 12.9571781342 13.3632672076 -9999 -9999 -9999 -9999 -9999 -9999 -9999 -9999 -9999 -9999 -9999 -9999 -9999 -9999 -9999 -9999 -9999 -9999 -9999 -9999 -9999 -9999 -9999 -9999 -9999 -9999 -9999 -9999 -9999 -9999 -9999
-9999 -9999 -9999 -9999 -9999 -9999 -9999 -9999 16.8173167381 15.6923060934 14.3072831835 14.3777205338 13.7980437642 13.3038185363 13.0652210339 12.8743056051 12.4352453447 12.0615727089 12.2278146417 12.8440447443 12.288513909 12.7347368502 -9999 12.3644656854 13.7781474158 13.8161823718 -9999 -9999 -9999 -9999 -9999 -9999 -9999 -9999 -9999 -9999 -9999 -9999 -9999 -9999 -9999 -9999 -9999 -9999 -9999 -9999 -9999 -9999 -9999 -9999 -9999 -9999 -9999 -9999 -9999 -9999 -9999
-9999 -9999 -9999 -9999 -9999 -9999 16.6635864447 15.254376632 14.6480643085 14.9511946355 15.2540549825 15.6204529674 14.5478288778 14.2019524541 13.0223711398 13.5237591615 12.7381706571 12.2666497337 12.6488484918 12.6131421851 12.031730078 12.4113282053 12.8198574732 12.3862765066 12.846189834 12.7475292804 13.0634651672 -9999 -9999 -9999 -9999 -9999 -9999 -9999 -9999 -9999 -9999 -9999 -9999 -9999 -9999 -9999 -9999 -9999 -9999 -9999 -9999 -9999 -9999 -9999 -9999 -9999 -9999 -9999 -9999 -9999 -9999
-9999 -9999 -9999 -9999 -9999 -9999 16.8204292375 16.030426794 14.1345515475 13.8439623505 13.5015934715 13.9532005739 13.3510084624 12.7937927939 12.1544309513 11.6285119847 11.5941822001 8.77491301819 11.143021427 11.0848878941 11.2164165474 12.2240443554 11.8048599549 12.1088422304 11.920456209 11.4729639268 12.829996313 13.0590595602 13.0411350007 12.7034488167 13.2548273068 13.2603051255 -9999 -9999 -9999 -9999 -9999 -9999 -9999 -9999 -9999 -9999 -9999 -9999 -9999 -9999 -9999 -9999 -9999 -9999 -9999 -9999 -9999 -9999 -9999 -9999 -9999
-9999 -9999 -9999 -9999 -9999 18.2842607717 17.0540411487 16.8707391868 15.9053761821 16.0941902476 15.4523142685 14.7061106349 13.0019013494 12.9690720494 12.9014329061 12.9947416169 8.60250653396 5.1442202172 9.46050744061 11.2289269787 11.2986918418 11.0870724395 11.3920012246 11.5895803265 12.1601326237 12.5459474852 12.6622524767 12.2901129727 12.6622181978 12.5404806104 11.8648969192 12.2677547003 11.189102369 11.0094456276 -9999 -9999 -9999 -9999 -9999 -9999 -9999 -9999 -9999 -9999 -9999 -9999 -9999 -9999 -9999 -9999 -9999 -9999 -9999 -9999 -9999 -9999 -9999
-9999 -9999 -9999 -9999 -9999 18.8269551143 17.6902272637 17.7776629458 16.3834835477 15.8238541053 15.3678933974 15.7967138679 9.34450383155 7.54750430063 14.6721631699 14.9735417909 10.2010517467 3.70584823484 6.71695341273 9.04921781598 11.102231954 11.2267603366 11.9870799475 11.7966712753 11.3566523181 10.5807055371 11.4559080707 10.9227998122 11.1157970589 10.4585183234 9.61582390094 10.4556333098 10.9050740889 10.7056635812 10.6189380149 10.5300028459 -9999 -9999 -9999 -9999 10.7697525299 10.1835680678 -9999 -9999 -9999 -9999 -9999 -9999 -9999 -9999 -9999 -9999 -9999 -9999 -9999 -9999 -9999
-9999 -9999 -9999 -9999 -9999 18.2341449284 17.341894973 17.2994118927 16.6974962537 17.2211690022 16.3991558322 16.0639014927 14.7382509588 15.1547620706 15.3392736802 14.0700981833 12.4168375712 14.0270426422 13.0206249339 13.3869512032 11.9138531269 10.9455850656 10.8570846616 10.6311282536 11.1958789825 11.1447516634 11.2203662112 10.641147077 11.3863816054 9.83535048776 5.76431045115 8.2852180289 10.7628374022 10.584346139 10.3141623364 10.6512745099 10.4879196351 -9999 -9999 10.7145351721 10.795425486 10.6467463439 10.9107605833 -9999 -9999 -9999 -9999 -9999 -9999 -9999 -9999 -9999 -9999 -9999 -9999 -9999 -9999
-9999 -9999 -9999 -9999 -9999 -9999 19.3442096919 19.5743704307 18.0686569029 17.7881757069 16.3696957092 16.9565798997 17.200277657 19.1318702198 14.1071560812 13.552863722 13.2660356729 13.1446690901 12.1564142223 12.0610540227 11.7764228893 11.8906687842 11.237203573 11.8981705105 11.1586162384 10.6407310683 9.84016112935 10.3598906135 9.97855815733 10.0078346129 8.94509831808 10.0384086194 9.72802298993 9.92164925884 10.0528269479 10.0017182258 10.0743441541 9.97178890514 10.2955388612 10.1083941639 9.96737785739 10.8356753156 9.7449298632 9.28228337498 -9999 -9999 -9999 -9999 10.9626672606 10.4262263175 2.14804966394 -9999 -9999 -9999 -9999 -9999 -9999
-9999 -9999 -9999 -9999 -9999 -9999 -9999 18.8868732064 17.4350625972 18.3348044445 17.7803785532 17.1562535023 15.7237754742 14.6361257165 14.1017293343 15.4498526233 14.590527917 14.4173582838 13.7149602329 12.6475617802 11.3166411092 11.2319724187 10.9361103344 11.2139434792 10.7901638003 10.1263854396 10.2262336258 10.1143115443 10.1758105805 9.86172713379 9.61283791154 9.51110749697 9.83250242086 9.51209560451 10.1301235898 10.1554663209 10.5102121268 10.4038033509 10.2434503686 10.1759419239 9.39110099645 9.50535496561 9.92193414307 9.76807261553 9.1394288856 9.6048492595 9.93608152484 9.34873667538 9.10938988212 9.59164238106 8.454760691 6.53934194861 -9999 -9999 -9999 -9999 -9999
-9999 -9999 -9999 -9999 -9999 -9999 -9999 -9999 17.2946838427 16.9331773781 17.4118836278 18.1139196972 16.8119190843 17.4961981327 16.863169002 16.1584954033 13.7601319742 13.9035870655 12.3761671475 12.843483251 13.990090757 13.7315472048 15.695720107 26.3761594223 26.4494508083 24.8055512162 12.1163588808 9.64529802873 8.89511236547 8.4402013931 8.87952029405 8.82798518087 8.87534220478 8.7177166862 9.01067044901 9.28038976809 9.47126341529 9.70875219829 9.42303726297 9.53694407102 9.6736485503 9.80658136565 8.88085889949 8.5436342617 8.28372963109 7.94753709086 8.42579177568 8.00193275549 7.68826216983 8.39141720966 7.93438264787 8.15955634633 7.34765497601 -9999 -9999 -9999 -9999
-9999 -9999 -9999 -9999 -9999 -9999 -9999 -9999 18.7645764152 17.8340242043 16.844853023 16.9332830389 16.193828581 16.1603111862 14.9523236168 14.6985099451 13.5436210448 14.0193620196 12.8832294672 13.290653758 13.7058369559 13.6141775032 19.4031215194 30.2663376202 28.3658581578 25.6442034668 24.5545701177 12.7547391847 9.55813129248 8.90514127104 8.26926904259 8.59097109975 8.33279715496 8.60406454627 9.10017039126 3.24808206112 9.89763680703 9.53521247753 9.35125456336 9.28058961133 9.05587275974 9.60683211308 8.6561922422 8.59606803335 7.98606178199 7.93899135235 8.37892068914 8.0860433328 8.06273900407 8.21333274498 8.01552532723 8.04167430665 7.67184922376 8.15108935135 7.36186951181 7.62878449282 -9999
-9999 -9999 -9999 -9999 -9999 -9999 -9999 -9999 -9999 19.6099726709 18.239539089 16.8412910563 16.5565830702 16.6169255667 15.4670036195 15.4957809317 15.8097812118 16.0921515752 16.053820311 16.1340369874 15.573931149 13.9794167673 14.9430724995 31.5917596542 30.2716646425 29.2111741674 25.2923042226 23.4983764054 12.6658860754 9.0287624541 8.72956510838 8.72440115591 8.43771391884 7.97814071382 7.91145968219 6.939610645 9.17796504116 8.93245050954 8.59618135835 8.60224020419 8.32719424384 8.43076875975 7.94781936776 8.84199508158 7.6812356572 7.01872816255 6.54382599414 6.60900690282 7.04450906319 6.8271963539 6.92426804561 6.79806001233 6.88165308015 7.24372425686 7.51044357406 7.25457020006 6.25800525663
-9999 -9999 -9999 -9999 -9999 -9999 -9999 -9999 -9999 -9999 17.3087422058 17.434593173 16.3755329157 16.5273650567 14.9486390335 14.4008026409 14.8424549337 16.1524306277 15.2815663555 14.3832906514 13.4936040151 13.3681129622 11.7907994256 17.3937746828 27.6869044226 29.4792101137 27.3582278003 25.2773742686 21.20512663 14.3021328717 8.56625345472 8.54070410777 8.68610035063 8.32457407056 9.09942543786 8.75160035074 9.02243248574 8.91903269543 8.64146710089 8.67014753955 8.50478098744 8.45739332109 8.13385369304 8.62933808423 9.24266884768 8.79906210071 8.15982472488 7.16222014793 7.32307192 7.29683233156 7.54074242963 7.29031293062 6.75645927044 7.09095351419 6.85667787243 7.129396112 6.20431447028
-9999 -9999 -9999 -9999 -9999 -9999 -9999 -9999 -9999 -9999 -9999 8.29909774222 9.63761640648 15.987722163 14.9003204731 14.3415111109 15.2564451641 15.23096157 13.6571499575 14.0115161786 13.8431527127 13.8556325562 12.2426303527 11.2078398669 13.3139886247 21.1931780754 24.4099298733 27.9334194632 25.9323736945 16.2024829301 17.2285333879 8.99687918151 7.97131433924 8.24104404322 8.32004014792 7.92369034649 8.2814870372 8.23500966736 8.32566794066 8.36299713848 8.2097187289 7.75822578139 7.78635141195 8.17439743439 7.48118749644 6.88778956073 7.49789583841 8.25821544368 7.72907871576 6.9992316877 6.71254650574 7.24653964778 7.0934494845 6.64568855791 6.05449673707 6.20995671625 5.8941174265
-9999 -9999 -9999 -9999 -9999 -9999 -9999 -9999 -9999 -9999 -9999 7.14688773683 10.695305373 15.1765677375 15.0470491015 14.8969428766 14.0931709534 13.6787261192 13.462749965 13.5246317947 13.1764712176 13.9633662284 11.808377253 11.8512525113 10.8802052766 11.7693950148 14.1994921226 19.9324005214 22.5866653391 23.4734139075 24.0513618105 23.1164162232 17.4096351625 18.1260546364 13.427136414 8.84781149626 8.20406132787 8.36570165277 8.14660081911 7.99821474054 7.44298587166 8.22667692207 7.39325173782 7.52905745003 8.14069752792 8.2036233116 9.14625994365 9.73477660855 9.31744874355 7.96948207891 8.15343649969 8.11113045967 7.02080794275 7.41268326804 6.96889112486 6.50219030287 6.20623923137
-9999 -9999 -9999 -9999 -9999 -9999 -9999 -9999 -9999 -9999 -9999 18.7548278428 17.0117148981 16.5676169895 13.9424884487 14.611222497 13.431206143 12.2340319589 11.7070771725 12.2513320743 12.1767289254 12.324079068 11.5656682758 10.8972379249 9.75933133637 9.64101849341 9.24060812762 9.09448593369 9.06052577162 11.5862500676 15.7849872982 22.4059772356 24.9723399241 24.4423877214 18.4027041117 13.0299532103 15.8475350258 14.3334075831 8.3223900547 5.26284231735 4.04240079438 7.87407404571 7.95792183939 8.47806079092 8.98562267861 10.1247470265 8.98915099852 8.51862787445 8.39582651741 8.35050004315 7.49402779049 7.99093620774 8.29796193615 9.14150525212 8.24879454267 5.74515918952 5.11371831957
-9999 -9999 -9999 -9999 -9999 -9999 -9999 -9999 -9999 -9999 -9999 -9999 15.6599628613 16.2169413937 15.0731957426 14.3108798166 13.5868993357 13.2357149613 12.1434232135 12.4766369462 12.4608017765 12.0212510484 11.3835137005 11.5131770928 9.90427447971 10.0803058023 9.38094590105 9.55495141173 9.06232189372 8.82137092311 8.59652563926 8.78593468571 9.90552701759 15.1317430895 19.5428122463 10.7660112458 17.5931194908 14.0783069695 15.0480088832 7.86375345374 8.19614681963 7.73245956444 8.72871335315 9.32480979943 9.52523023091 9.57677157186 9.48290462494 8.57406200138 7.41578885591 7.87102575188 7.30973915212 6.58342863746 6.07445422245 6.15356294435 5.89950878076 6.37105969882 3.11634704064
-9999 -9999 -9999 -9999 -9999 -9999 -9999 -9999 -9999 -9999 -9999 17.8471008164 17.3163293961 17.6074895558 16.5747137597 8.36648385552 10.8357319592 13.6190455003 12.1201560882 12.1571209093 10.961730066 10.8473496648 9.96505787558 10.1708299275 9.84584867905 9.76264299864 8.9928855918 8.81600823269 8.72147149233 8.49531952521 7.9633720907 8.13703572732 7.67357800486 7.59409192221 7.72336392834 16.7490895503 16.3193302886 10.824569193 10.3556959284 7.97252179966 7.76203584455 7.42450802851 9.57436966328 10.3400776828 11.2366665449 11.1450220403 10.2375191317 10.4726466824 8.74280714614 8.72695079177 7.1267581232 5.42754308945 4.98211467013 5.01252762837 4.75073041541 5.17665457977 6.84622492554
-9999 -9999 -9999 -9999 -9999 -9999 -9999 -9999 -9999 -9999 -9999 18.2826547859 18.961641862 18.4808905493 15.8057468201 10.5694014779 13.5511139693 13.8397556157 12.3241320543 12.4364063755 9.16112027935 9.77079480285 10.3744316998 10.5047910904 10.0978064982 10.2768741014 5.38175863098 5.89484024215 8.71062818818 10.2254359734 9.38337694769 8.2373821375 7.56427184516 7.59516728254 7.5982595021 13.0851418676 12.5337631651 16.2331666321 11.1976622012 12.3436668214 7.2087944736 7.76136713593 8.95802422465 9.03496815681 9.29287360514 9.02924754055 9.21697296741 9.4447151556 9.07582138172 9.34705574664 6.85884869588 7.05614855241 6.51253273054 6.25808560221 6.01364291853 5.66665555831 4.73398588661
-9999 -9999 -9999 -9999 -9999 -9999 -9999 -9999 -9999 -9999 -9999 20.3103440214 20.078206109 18.7635884583 17.7830668136 17.5402268847 14.4223110039 15.0732705491 13.6183692621 13.9434645473 9.21269397811 3.9181620154 9.92045208145 13.2321918655 11.4071517726 11.438064412 11.6626109831 11.1123045174 9.74197238156 8.93063552467 8.60656643832 9.63349417647 9.32354688782 9.00239484983 7.76038373541 11.5189212133 7.66945566332 5.70404607676 10.0481966195 10.8674395488 7.87068677886 8.35263351513 8.29982674849 7.62894943968 7.78890692667 7.84978647167 8.16758319862 8.24040034153 7.79130830323 7.57248163395 6.82160274143 5.66602133826 4.88439555907 4.74465652425 4.54186798684 5.05080357466 5.95110162219
-9999 -9999 -9999 -9999 -9999 -9999 -9999 -9999 -9999 -9999 -9999 -9999 20.4422260016 19.7858316022 17.6119759773 17.1065100006 15.6141524044 15.642547462 13.6080067669 13.8400571861 13.0935990523 13.9132666383 12.41444257 11.4933270752 11.0642924555 10.972494011 9.74671659584 10.0532434756 9.24262181076 8.5454761337 7.42992918891 8.29271342686 7.33934683496 7.68598941087 7.37516866753 12.6699650237 9.12266507892 6.90045205843 12.0822239075 13.9016065115 7.84548834175 7.44492556295 8.01949053422 7.64908418269 7.93063343308 7.91807082242 7.71991865605 7.8832534342 7.35771790986 7.42454821593 6.74914359869 3.95643754348 4.72664999702 6.60661837272 5.40297483748 5.21815292707 4.94127636897
-9999 -9999 -9999 -9999 -9999 -9999 -9999 -9999 -9999 -9999 -9999 -9999 22.0721392064 20.5608814289 18.6841986417 18.3935311344 16.107763252 16.5293329593 15.0902129495 14.2145587786 13.5419470136 13.0804728647 12.7789530555 13.4811121888 11.97641693 12.5124587517 12.4397354226 11.9451386017 10.4919702629 11.6157473825 10.1090366248 10.4765944325 10.4391505738 9.99010616918 14.4118545028 11.6063020254 8.66352991653 12.2459172582 16.2797932211 13.3605678171 8.79435760962 7.36970137183 6.89271079568 6.85231327247 6.97787738654 7.05292869628 6.80916401713 6.80565933482 6.3855186197 6.61013847896 6.30807773971 5.64460297182 5.8306881544 4.81944352905 4.12726081382 5.05989702698 3.65711085005
-9999 -9999 -9999 -9999 -9999 -9999 -9999 -9999 -9999 -9999 -9999 -9999 20.8397991493 20.6224418695 18.8194708957 19.049720555 16.2917218607 16.0067678897 14.4451744521 15.5789769929 13.7143188883 13.254132837 12.0505609534 8.08708718764 10.2587502074 12.5855039139 12.5417454519 12.1870418733 10.6852357988 9.99513662529 8.91347181442 8.49202914905 8.21166171372 9.32612731568 10.5905846456 14.4138806288 15.0588957978 12.9173229774 10.8327541603 7.21783933765 5.98205707534 6.05481276484 6.79776563882 6.94516155661 6.80468533116 6.87854318558 6.93264784447 6.92966378243 6.87563051652 7.23937248098 7.17621610933 6.9242115224 5.0810077589 4.24047042198 4.35629499286 4.54764484059 4.5284135425
