data/recharge/transience/recharge403.asc
ncols                  80
nrows                 72
xllcorner      4374000.0
yllcorner      5656000.0
cellsize            500
NODATA_value       -9999
[rows 0 to 23 of 72, columns 0 to 54 of 80]
-9999 -9999 -9999 -9999 -9999 -9999 -9999 -9999 -9999 -9999 -9999 -9999 0.693811836241 0.701006078378 -9999 -9999 -9999 -9999 -9999 -9999 -9999 -9999 -9999 -9999 -9999 -9999 -9999 -9999 -9999 -9999 -9999 -9999 -9999 -9999 -9999 -9999 -9999 -9999 -9999 -9999 -9999 -9999 -9999 -9999 -9999 -9999 -9999 -9999 -9999 -9999 -9999 -9999 -9999 -9999 -9999
-9999 -9999 -9999 -9999 -9999 -9999 -9999 -9999 -9999 -9999 -9999 -9999 1.736147154 1.21842533875 0.937154272452 -9999 0.964694833459 -9999 -9999 -9999 -9999 -9999 -9999 -9999 -9999 -9999 -9999 -9999 -9999 -9999 -9999 -9999 -9999 -9999 -9999 -9999 -9999 -9999 -9999 -9999 -9999 -9999 -9999 -9999 -9999 -9999 -9999 -9999 -9999 -9999 -9999 -9999 -9999 -9999 -9999
-9999 -9999 -9999 -9999 -9999 -9999 -9999 -9999 -9999 -9999 1.23209845824 1.19154990146 1.36164603747 1.43002578522 0.871226092405 0.706585178371 0.530575401925 0.548156912494 -9999 -9999 -9999 -9999 -9999 -9999 -9999 -9999 -9999 -9999 -9999 -9999 -9999 -9999 -9999 -9999 -9999 -9999 -9999 -9999 -9999 -9999 -9999 -9999 -9999 -9999 -9999 -9999 -9999 -9999 -9999 -9999 -9999 -9999 -9999 -9999 -9999
-9999 -9999 -9999 -9999 -9999 -9999 -9999 -9999 -9999 1.24019517937 1.23169388511 1.2070957077 1.08345099868 1.17090372306 0.987211159692 0.898982234752 0.668777025783 0.878773318595 -9999 1.01560355801 -9999 -9999 -9999 -9999 0.693478871502 0.729842694628 -9999 -9999 -9999 -9999 -9999 -9999 -9999 -9999 -9999 -9999 -9999 -9999 -9999 -9999 -9999 -9999 -9999 -9999 -9999 -9999 -9999 -9999 -9999 -9999 -9999 -9999 -9999 -9999 -9999
-9999 -9999 -9999 -9999 -9999 -9999 -9999 -9999 1.90674460575 1.52965072318 1.10683887334 1.07422802195 0.944240488367 0.832943697836 0.780777415428 0.717172431914 0.56646331194 0.509500804107 0.479361238134 0.628163895763 0.614479965411 0.676346982879 -9999 0.55689249959 0.836226429131 0.795059167638 -9999 -9999 -9999 -9999 -9999 -9999 -9999 -9999 -9999 -9999 -9999 -9999 -9999 -9999 -9999 -9999 -9999 -9999 -9999 -9999 -9999 -9999 -9999 -9999 -9999 -9999 -9999 -9999 -9999
-9999 -9999 -9999 -9999 -9999 -9999 1.66751862306 1.32613432782 1.21147965602 1.30298553856 1.35804964299 1.43614287219 1.1220638981 1.02339579959 0.758146703709 0.862317779727 0.629416652142 0.569604184419 0.62317389628 0.616828666643 0.585570605783 0.645305224067 0.619092029257 0.570392608099 0.641311449135 0.6051290176 0.684974379049 -9999 -9999 -9999 -9999 -9999 -9999 -9999 -9999 -9999 -9999 -9999 -9999 -9999 -9999 -9999 -9999 -9999 -9999 -9999 -9999 -9999 -9999 -9999 -9999 -9999 -9999 -9999 -9999
-9999 -9999 -9999 -9999 -9999 -9999 1.70200543482 1.48457470749 1.04685829676 0.989135959601 0.858305564757 0.924741950435 0.818610144974 0.733495443058 0.607815535099 0.519919745289 0.521928985703 0.466014078116 0.49848013119 0.406997727342 0.458091948539 0.581493507032 0.537465717296 0.539861513617 0.514997174916 0.459944925518 0.660993319699 0.737455086385 0.759474946756 0.689202452779 0.939180010611 0.918377680824 -9999 -9999 -9999 -9999 -9999 -9999 -9999 -9999 -9999 -9999 -9999 -9999 -9999 -9999 -9999 -9999 -9999 -9999 -9999 -9999 -9999 -9999 -9999
-9999 -9999 -9999 -9999 -9999 2.27854364345 1.81148207184 1.78716744492 1.50962898516 1.6245447009 1.37933534563 1.17180973347 0.792638094835 0.828757148035 0.718081300235 0.733237497933 0.508729425047 0.700615500643 0.613231232994 0.426196830747 0.461840933956 0.434536435339 0.491425540991 0.518576385073 0.558472660876 0.608460061117 0.631378861587 0.593515330347 0.709863803026 0.681819673165 0.64170845034 0.70035195026 0.579026761744 0.5418667303 -9999 -9999 -9999 -9999 -9999 -9999 -9999 -9999 -9999 -9999 -9999 -9999 -9999 -9999 -9999 -9999 -9999 -9999 -9999 -9999 -9999
-9999 -9999 -9999 -9999 -9999 2.2443056333 1.91767935844 1.93821929829 1.53785810026 1.36232622851 1.21450988352 1.33997628657 0.799079863534 0.860971198306 0.971335500634 1.11129316917 0.501143168536 0.412036484695 0.470879167822 0.326063230756 0.467780686998 0.466554108362 0.578638325035 0.540599014814 0.510272921978 0.416860710198 0.492587468309 0.423170340509 0.523105571611 0.497592249036 0.461870415053 0.493654386908 0.542902307605 0.502023305407 0.501985038625 0.474673477798 -9999 -9999 -9999 -9999 0.467951121383 0.411783536842 -9999 -9999 -9999 -9999 -9999 -9999 -9999 -9999 -9999 -9999 -9999 -9999 -9999
-9999 -9999 -9999 -9999 -9999 1.99426017235 1.73224387778 1.77833317517 1.65999772554 1.82379944603 1.49736932083 1.39022911891 1.07217222859 1.28913065653 1.12150015744 0.842772741932 0.600278901931 0.861995840626 0.664670450121 0.704834001277 0.600074609784 0.427354373879 0.425723928134 0.397455164396 0.491304556625 0.45747266656 0.471657074561 0.392888552808 0.55192814417 0.421612158709 0.331264363844 0.371302270849 0.531083743045 0.486616473914 0.441172038878 0.509856732427 0.478269007636 -9999 -9999 0.4699769052 0.499455701301 0.467441882018 0.501540081851 -9999 -9999 -9999 -9999 -9999 -9999 -9999 -9999 -9999 -9999 -9999 -9999
-9999 -9999 -9999 -9999 -9999 -9999 2.24464986372 2.4668148167 1.83582200199 1.69921362569 1.29656624192 1.4888587173 1.56029758791 1.98514043391 0.795201413567 0.680806618997 0.654600055213 0.62143290636 0.487856379942 0.476581836952 0.501523884405 0.539215431878 0.497456470427 0.563034944905 0.492109022498 0.417224491269 0.337952265932 0.395982340463 0.3878005539 0.400815994902 0.345182677291 0.453178261986 0.401866105644 0.408788707204 0.42490150287 0.441970004701 0.412300707848 0.373177112437 0.435838188454 0.414812991651 0.384495837775 0.510548851381 0.339583946356 0.289786930283 -9999 -9999 -9999 -9999 0.408315846953 0.345029694969 0.0992574807991 -9999 -9999 -9999 -9999
-9999 -9999 -9999 -9999 -9999 -9999 -9999 2.05965735137 1.59960607067 1.94813657098 1.75720062666 1.50532857305 1.15505991984 0.901183807248 0.762314761489 1.05472333472 0.897122464607 0.865515639958 0.774724277443 0.591197277056 0.453974078117 0.459002902193 0.455452583056 0.462752280265 0.430272147081 0.366253487861 0.383566544903 0.396591667238 0.412444942158 0.381050564159 0.396283464008 0.390843040378 0.418119883614 0.381694384242 0.46074643635 0.454598784505 0.463679714911 0.446218307192 0.420385377066 0.418869066099 0.318753861124 0.301535947919 0.296624891351 0.386694452175 0.320181876171 0.352017619005 0.410223687719 0.319055307018 0.292229621308 0.233424607897 0.172737852715 0.112336839619 -9999 -9999 -9999
-9999 -9999 -9999 -9999 -9999 -9999 -9999 -9999 1.4265219768 1.30207400314 1.41841018679 1.65898057806 1.31462365716 1.48962880288 1.22820615076 1.07371213691 0.688194198421 0.693791004332 0.511119266924 0.60952556093 0.846760954655 0.791293103327 0.415976772756 0.48873657528 0.50619982037 0.470855339728 0.26372900118 0.365538058373 0.303113248567 0.246658854252 0.312970473301 0.320175146638 0.322093073558 0.302129141858 0.32997880571 0.383336019436 0.37091470237 0.394286255365 0.335670012152 0.337704036018 0.349188314736 0.309851720715 0.336264305593 0.293810590773 0.272140215539 0.237388205511 0.264156336682 0.220259841411 0.189363332161 0.15986970251 0.155987040234 0.163390859028 0.110500604137 -9999 -9999
-9999 -9999 -9999 -9999 -9999 -9999 -9999 -9999 1.90611710291 1.56709426867 1.26324203808 1.27683498924 1.11112200276 1.09840161974 0.821662381868 0.792353772193 0.663809438964 0.733517291394 0.610723348044 0.688104928086 0.774008577654 0.762228066931 0.599326897563 0.968923150951 0.727265555975 0.451626749951 0.540241366605 0.347044945722 0.342404833686 0.280867890223 0.248492743788 0.286248854293 0.256143511795 0.28481648287 0.343225387483 0.218351660965 0.419865853015 0.371759630918 0.334440501997 0.324365429763 0.297028177568 0.254243198544 0.301740948621 0.300568448644 0.238613354127 0.234618192076 0.259107852935 0.228961507375 0.184644748709 0.18335263144 0.164597795021 0.165927827526 0.138740604 0.171778305877 0.117312874467
-9999 -9999 -9999 -9999 -9999 -9999 -9999 -9999 -9999 2.09618920456 1.59528316008 1.15283802346 1.1074574846 1.15090688244 0.960943888009 0.979388088399 1.0864951384 1.19237667987 1.17351547508 1.17949970584 1.02939299926 0.720268687846 0.61882739598 1.75568936319 1.2349023961 0.93733298413 0.57490950919 0.443958545966 0.190528852108 0.308766755903 0.290665301109 0.300094404236 0.28072862285 0.232893633915 0.229874529404 0.225959232617 0.326863483729 0.296992166914 0.256741107214 0.26159805238 0.232135755944 0.246141669928 0.219412163743 0.370929179862 0.238743268953 0.179193263833 0.145708221993 0.138058138555 0.111912531858 0.116220063263 0.11316996483 0.107123262227 0.0982434976555 0.114463166676 0.120496600462
-9999 -9999 -9999 -9999 -9999 -9999 -9999 -9999 -9999 -9999 1.32409665865 1.35520427573 1.06579134165 1.13108449926 0.853971980373 0.755571842072 0.701534299181 1.00573179132 0.779270827446 0.616169084566 0.560430225032 0.542383910032 0.429311072192 0.432192746257 0.689017501648 1.01059122564 0.899940896486 0.574110091835 0.378150154872 0.225853262163 0.281095286568 0.283569233542 0.314569153815 0.267162554098 0.343768408723 0.302505741371 0.313379855814 0.297441986316 0.260290273695 0.262972603781 0.252410873652 0.248325197217 0.164852691622 0.20614177643 0.337087132573 0.380422865237 0.270524267705 0.169356580104 0.144514998523 0.13728247693 0.14208090439 0.133628461376 0.0937790816921 0.110345386287 0.0929754083574
-9999 -9999 -9999 -9999 -9999 -9999 -9999 -9999 -9999 -9999 -9999 1.0723696656 0.726361585834 0.972967595544 0.82051972675 0.698697019259 0.71434092063 0.698898772925 0.554448629887 0.611851702518 0.68458321335 0.668668565409 0.492998963339 0.364526710438 0.298195365356 0.377831755724 0.701303096914 0.983944558585 0.711231614447 0.197182681418 0.194261099657 0.243145043722 0.243265639148 0.265581072065 0.247942417323 0.215135855978 0.243010037498 0.239992725022 0.235829222379 0.235559662136 0.236498533345 0.202451196786 0.194229013031 0.136337410897 0.141466934972 0.167989239278 0.15825372623 0.200928923347 0.109640009875 0.121497636367 0.10209216412 0.133986692276 0.119299942835 0.0910316653519 0.0654511835931
-9999 -9999 -9999 -9999 -9999 -9999 -9999 -9999 -9999 -9999 -9999 0.768905462349 0.727266672676 0.804536295858 0.838545963748 0.751575706102 0.565183888178 0.520436393531 0.59516690952 0.605851725159 0.589727715702 0.709881183874 0.451034236549 0.421516196415 0.406190755754 0.509193439904 0.357178688387 0.495135120175 0.527142500117 0.353382000856 0.607189901301 0.662834289639 0.334729391322 0.308207823677 0.188206570407 0.203432067009 0.241285961699 0.248589829664 0.225179463772 0.221073672215 0.231979785364 0.25717372028 0.172343102314 0.178715875526 0.135319175167 0.20707932858 0.319713278328 0.386411246394 0.309025793793 0.159204900639 0.214730741713 0.156839746811 0.0766869966798 0.101555566562 0.096505422213
-9999 -9999 -9999 -9999 -9999 -9999 -9999 -9999 -9999 -9999 -9999 1.44276595841 1.17158770291 1.06086282532 0.645477553171 0.716797409667 0.53755863994 0.390438375027 0.412933213075 0.471672390774 0.482170908243 0.499796233195 0.439518365132 0.344920509186 0.321053396894 0.31380268317 0.300323587608 0.289907429878 0.309769555796 0.256909534129 0.29107313275 0.64959528834 0.997033877192 0.847318157211 0.242254132651 0.256504181238 0.272022775096 0.167879900397 0.156376009059 0.112061281737 0.123751669674 0.207222323932 0.222863804177 0.268227718196 0.286600821317 0.340100210238 0.246664339602 0.201432422889 0.188541802982 0.217834519819 0.189848199538 0.231786724291 0.233873321481 0.214328004699 0.121385899291
-9999 -9999 -9999 -9999 -9999 -9999 -9999 -9999 -9999 -9999 -9999 -9999 0.817141681788 0.985467002987 0.84365996464 0.737900367426 0.603449890947 0.520609442386 0.414813170089 0.504235665096 0.507266339808 0.462337632073 0.44499504213 0.449982406722 0.342824996848 0.35550832339 0.309613565097 0.327404257784 0.299314404694 0.276543112861 0.262115227855 0.283453476805 0.197377466169 0.21380983933 0.286558644868 0.0527744626434 0.262630084973 0.227902527437 0.163137711409 0.205278593333 0.222210629025 0.205890754645 0.305849115406 0.379499732086 0.383161934918 0.36765027175 0.213910224837 0.206640941222 0.122234916689 0.162906638505 0.183916155593 0.128296897413 0.0935778070861 0.0896731520627 0.0646308093144
-9999 -9999 -9999 -9999 -9999 -9999 -9999 -9999 -9999 -9999 -9999 1.13262301532 1.05167044599 1.18218515635 1.14171137963 0.82874233968 0.512612237986 0.610655268534 0.457728742827 0.496384001237 0.379342731315 0.36897192942 0.322710037928 0.336316330764 0.344216020734 0.335212829212 0.295465323785 0.267344433173 0.272870858347 0.257458818439 0.213909400831 0.228444665801 0.189227158976 0.185489310864 0.190365102799 0.284486325404 0.318120117397 0.20474109567 0.168153409389 0.140699003626 0.182995564443 0.163676762369 0.303256244255 0.395532835962 0.509741784435 0.504278639692 0.330006335651 0.326466501519 0.208352473766 0.209768051507 0.140404520613 0.0800375138636 0.0615950018397 0.0625786025744 0.0516062230175
-9999 -9999 -9999 -9999 -9999 -9999 -9999 -9999 -9999 -9999 -9999 1.22194729592 1.49561363209 1.40428312384 0.903003902518 0.634975067037 0.679963404254 0.663233288271 0.495066122202 0.5287830297 0.429284501179 0.418692955558 0.370430879309 0.373597598895 0.373134186127 0.37378077415 0.203694024393 0.256581852502 0.286491464212 0.455998002825 0.356991257109 0.236865768524 0.183352014233 0.185761767138 0.181622818323 0.129664958709 0.249734572746 0.383273311611 0.269308243728 0.143771322246 0.150806814649 0.191880917339 0.235750817447 0.240597567111 0.238127409725 0.219076165725 0.245758607019 0.255599101849 0.177555674849 0.190534202729 0.14072291549 0.159915801669 0.122455511143 0.108189808424 0.091898354649
-9999 -9999 -9999 -9999 -9999 -9999 -9999 -9999 -9999 -9999 -9999 1.67002125048 1.5989499592 1.28436729834 1.23084982842 1.18339149343 0.6688329966 0.729920291585 0.640888995906 0.682122472354 0.315647526293 0.291738796293 0.462438835201 0.61190136091 0.476460522583 0.47466683796 0.492621109598 0.382979145926 0.264713169998 0.22042742495 0.206675279348 0.351812916341 0.330022020578 0.292869479361 0.187523759806 0.113297191483 0.137501044917 0.112188579848 0.22834813615 0.0890930425104 0.177964467385 0.212920170726 0.193836798148 0.14257552891 0.127427674726 0.131608082754 0.147335018844 0.15333497111 0.121960886699 0.110672533051 0.0792419791875 0.101518745034 0.0569779908483 0.0522825330148 0.0415079283278
-9999 -9999 -9999 -9999 -9999 -9999 -9999 -9999 -9999 -9999 -9999 -9999 1.68335603441 1.53511723799 1.13193926186 1.01061287628 0.802178194399 0.839622912976 0.632624858182 0.69224192448 0.594347700079 0.730183934679 0.443455788163 0.399095460894 0.417232684346 0.405072528349 0.323914586578 0.358251375582 0.31179155064 0.248233866512 0.175615090814 0.165332298228 0.158791551023 0.18034720632 0.161963852705 0.206500754201 0.16299517934 0.149711711598 0.215598312239 0.157203680086 0.170086955651 0.144807691045 0.158865162608 0.153538889401 0.15101461102 0.147042641757 0.123010602421 0.136444945646 0.10438585895 0.104491640125 0.0753596903489 0.024100782518 0.01764203581 0.0573604187678 0.0448639326852
