data/recharge/transience/recharge433.asc
ncols                  80
nrows                 72
xllcorner      4374000.0
yllcorner      5656000.0
cellsize            500
NODATA_value       -9999
[rows 0 to 24 of 72, columns 0 to 56 of 80]
-9999 -9999 -9999 -9999 -9999 -9999 -9999 -9999 -9999 -9999 -9999 -9999 10.2103981733 10.3718923803 -9999 -9999 -9999 -9999 -9999 -9999 -9999 -9999 -9999 -9999 -9999 -9999 -9999 -9999 -9999 -9999 -9999 -9999 -9999 -9999 -9999 -9999 -9999 -9999 -9999 -9999 -9999 -9999 -9999 -9999 -9999 -9999 -9999 -9999 -9999 -9999 -9999 -9999 -9999 -9999 -9999 -9999 -9999
-9999 -9999 -9999 -9999 -9999 -9999 -9999 -9999 -9999 -9999 -9999 -9999 9.28520086959 9.07377402667 8.94254102804 -9999 5.87515233193 -9999 -9999 -9999 -9999 -9999 -9999 -9999 -9999 -9999 -9999 -9999 -9999 -9999 -9999 -9999 -9999 -9999 -9999 -9999 -9999 -9999 -9999 -9999 -9999 -9999 -9999 -9999 -9999 -9999 -9999 -9999 -9999 -9999 -9999 -9999 -9999 -9999 -9999 -9999 -9999
-9999 -9999 -9999 -9999 -9999 -9999 -9999 -9999 -9999 -9999 9.11134131021 9.0729311842 9.23187638506 9.16103486581 8.79479000301 9.06040658192 7.68609433084 7.91094802724 -9999 -9999 -9999 -9999 -9999 -9999 -9999 -9999 -9999 -9999 -9999 -9999 -9999 -9999 -9999 -9999 -9999 -9999 -9999 -9999 -9999 -9999 -9999 -9999 -9999 -9999 -9999 -9999 -9999 -9999 -9999 -9999 -9999 -9999 -9999 -9999 -9999 -9999 -9999
-9999 -9999 -9999 -9999 -9999 -9999 -9999 -9999 -9999 9.14929513997 9.10459388355 9.03164062094 9.00536432342 9.06380399096 8.63090567232 9.21167966208 8.81072135381 7.43884950971 -9999 8.7392020098 -9999 -9999 -9999 -9999 8.10469126332 8.30125436734 -9999 -9999 -9999 -9999 -9999 -9999 -9999 -9999 -9999 -9999 -9999 -9999 -9999 -9999 -9999 -9999 -9999 -9999 -9999 -9999 -9999 -9999 -9999 -9999 -9999 -9999 -9999 -9999 -9999 -9999 -9999
-9999 -9999 -9999 -9999 -9999 -9999 -9999 -9999 9.5997073135 9.43699197403 9.08242372513 9.08948287102 8.78213657077 8.69980887746 8.46485436946 8.41487272716 8.74840627197 7.63214377274 8.72410560251 8.33067450215 8.13303396347 8.2233895621 -9999 7.94203114416 8.40540908421 8.47046292097 -9999 -9999 -9999 -9999 -9999 -9999 -9999 -9999 -9999 -9999 -9999 -9999 -9999 -9999 -9999 -9999 -9999 -9999 -9999 -9999 -9999 -9999 -9999 -9999 -9999 -9999 -9999 -9999 -9999 -9999 -9999
-9999 -9999 -9999 -9999 -9999 -9999 9.50875088436 9.9015967064 9.29010812561 9.33044789613 9.22872512352 9.2536418079 8.90129443033 8.84994356941 8.45127440641 8.54743189766 8.97652711067 8.82603420067 9.01219451362 8.33892714549 8.08286564106 8.16565347791 9.00074096371 8.65906257879 8.33694600701 8.30970533478 8.43869606148 -9999 -9999 -9999 -9999 -9999 -9999 -9999 -9999 -9999 -9999 -9999 -9999 -9999 -9999 -9999 -9999 -9999 -9999 -9999 -9999 -9999 -9999 -9999 -9999 -9999 -9999 -9999 -9999 -9999 -9999
-9999 -9999 -9999 -9999 -9999 -9999 9.59857594703 9.67040862598 9.31422071263 9.26278882769 9.06155857176 9.09320158376 8.74041367581 8.68236367433 8.33606714938 8.18001079285 7.90482835945 6.41062855752 8.16038190012 7.84340891133 7.86931081124 8.09072614852 8.08742322431 8.91411660182 8.69275930987 7.91631351755 8.31739068066 8.45923065284 8.78686947661 8.74340392841 8.7406020467 8.75058783993 -9999 -9999 -9999 -9999 -9999 -9999 -9999 -9999 -9999 -9999 -9999 -9999 -9999 -9999 -9999 -9999 -9999 -9999 -9999 -9999 -9999 -9999 -9999 -9999 -9999
-9999 -9999 -9999 -9999 -9999 10.0390214544 9.74534948507 9.69531616524 9.53146368997 9.56560511175 9.34085666252 9.21507518132 8.72163682117 8.67290984955 8.49510393652 8.47796750474 6.18216461974 3.24114798836 6.52568828074 7.89567607477 7.88311013396 7.83075604419 7.99985498744 8.04584383239 8.93549793805 8.97325180752 8.93022288282 7.97133476858 8.6987899059 8.68954093026 8.50309978108 8.58003104301 8.3124091803 8.26961330778 -9999 -9999 -9999 -9999 -9999 -9999 -9999 -9999 -9999 -9999 -9999 -9999 -9999 -9999 -9999 -9999 -9999 -9999 -9999 -9999 -9999 -9999 -9999
-9999 -9999 -9999 -9999 -9999 10.2358356701 9.84171931636 9.88099598467 9.68327624612 9.61819833119 9.41671137389 9.46495292543 6.70676309716 5.36865753393 8.9662065783 9.03706757742 7.3626806222 2.93642210242 5.3129933629 6.78854626261 7.77180956511 7.83416018924 8.14588611849 8.09584561373 8.25270921627 7.93557321055 8.34580083839 7.51320641202 8.18003423034 7.79088490346 8.00799334958 8.29186785241 8.26213135827 8.20939145745 8.2828020623 8.20287967265 -9999 -9999 -9999 -9999 9.0455221021 8.28885279543 -9999 -9999 -9999 -9999 -9999 -9999 -9999 -9999 -9999 -9999 -9999 -9999 -9999 -9999 -9999
-9999 -9999 -9999 -9999 -9999 10.1704981919 9.91793205012 9.87761557823 9.69382606283 9.79483729806 9.57726649339 9.53648954786 9.1034749816 9.01904136943 9.07265381743 8.93479651848 8.40789007071 9.11678079265 8.88651620364 8.41884289837 7.97785861278 7.77838972796 7.87715907804 7.81822559065 8.01770066061 8.76285680103 8.61376981851 7.76292472936 7.95362570386 7.5933841949 5.30625373178 7.02603303802 8.23472995103 8.14389372708 7.43672651713 8.24210512436 8.22777148799 -9999 -9999 8.42264517788 8.4232256373 8.39186566509 8.52536332881 -9999 -9999 -9999 -9999 -9999 -9999 -9999 -9999 -9999 -9999 -9999 -9999 -9999 -9999
-9999 -9999 -9999 -9999 -9999 -9999 10.2821626177 10.2686933497 9.92609393425 9.9914260207 9.74766823095 9.77777617393 9.85373203251 10.18486064 9.10588417719 9.02106722358 8.79316314974 8.77937603169 8.41514780883 8.37221005925 8.13011905527 8.174305679 7.99872054142 8.13520714574 8.00226393952 8.05316535462 8.17741119406 7.82625093147 7.41603873867 7.7825049417 7.33107126704 7.75741069591 7.68852831727 8.4841794959 8.58733692287 7.85126514975 8.50030049781 7.47754369294 8.30870535522 8.26648735457 8.23403774041 8.44095688508 8.64149622326 7.68163865035 -9999 -9999 -9999 -9999 8.15815548564 8.00901248299 2.21858343335 -9999 -9999 -9999 -9999 -9999 -9999
-9999 -9999 -9999 -9999 -9999 -9999 -9999 10.4361961233 9.90860702551 9.92014028439 9.87808803061 9.88288456415 9.99113555337 9.80560065869 8.56670434733 9.03047384089 8.90359325599 8.92741747471 8.68293183208 8.49873241942 8.02833795502 8.02246961213 7.92193665593 7.96494002825 7.89680483875 7.73545931647 8.38861136279 7.48620619183 7.99505471826 7.76435418658 7.48490144595 7.33923434017 7.78452282118 7.73355367452 7.99264172404 7.99085393075 8.88681649927 8.38389398778 8.29241943356 8.28004002635 7.91541496266 7.8806951522 7.06023142387 5.42434601803 4.84026667508 4.87697656053 5.38483914793 5.02829121611 4.89845598422 6.88095277305 6.52009764941 5.46614105461 -9999 -9999 -9999 -9999 -9999
-9999 -9999 -9999 -9999 -9999 -9999 -9999 -9999 10.3190367816 10.027473286 9.9834010481 10.0063727843 9.75056861382 9.88855047325 10.0809855361 10.0340801843 8.99508468288 9.03924938202 8.61016033639 8.68072464231 8.81176030205 8.77764206691 8.25493332312 6.3161227434 5.84555265098 6.13714139979 7.58717696666 7.52275814785 7.36224794996 6.62070434912 8.03208310937 7.42325467874 7.55252566849 7.80262101206 7.37782336763 7.67109451294 7.8373829964 7.90525022019 7.92301604437 8.6830476008 8.44456414497 7.07811976922 4.67744682439 4.48343327792 4.31410618917 4.12670496776 4.43151301921 4.18634795037 3.96249335531 5.92395669215 6.75713827017 6.45446042817 5.56532963305 -9999 -9999 -9999 -9999
-9999 -9999 -9999 -9999 -9999 -9999 -9999 -9999 10.1687125096 10.124876049 9.91410040026 9.94892440212 9.71753337361 9.72292196154 9.43526135815 9.37070264259 8.98638185893 9.06882557107 8.69070943056 8.74845239139 8.81404404934 8.7659624231 8.3685303726 8.11391960047 6.91930922165 5.47677559955 6.36968501045 7.73697564931 8.04587704374 7.28452800655 5.87755310051 7.04670875837 5.90244401377 7.08279120421 7.54474611614 3.32145082069 7.94964447713 7.85421179856 7.91109616954 7.88676902066 7.81168174044 7.32274008675 4.52964083682 4.51498160417 4.13818045035 4.11431233652 4.40474734132 4.23695614804 4.42416265375 7.00354046645 6.80759400368 6.81725437171 6.41125977355 7.75430301891 6.46429873833 6.57133614474 -9999
-9999 -9999 -9999 -9999 -9999 -9999 -9999 -9999 -9999 10.0785949654 9.99988353918 9.98287488394 9.84107973933 9.88194196197 9.56696915959 9.56363689499 9.46300822708 9.42256676982 9.36126310595 9.39282692447 9.31740792442 9.11575062775 9.13964318912 10.656752533 8.58038022654 7.92291954921 5.7007149242 5.23068350084 6.6141884203 8.05775673318 7.77802864061 7.85524307056 7.71238682426 6.86361904673 6.73515165674 6.29089332381 7.62112773838 7.53569816122 7.48547787642 7.49647337061 7.41984393691 8.17781610287 4.58949667485 4.80043294247 4.11447891117 3.5149924328 3.20331608838 3.36054421648 5.64452051551 6.04090986959 5.98069760328 5.91557084066 5.49878676104 6.40170527935 6.36558955901 3.9199789119 2.84407623483
-9999 -9999 -9999 -9999 -9999 -9999 -9999 -9999 -9999 -9999 9.94975720513 10.0342335164 9.83636655693 9.88559891456 9.502322542 9.4364978043 8.99941985795 8.85288978671 9.13654744674 8.71205681942 8.61140594347 8.60669700799 7.53658993261 7.61730567381 6.65685103151 8.09010561544 6.89201536733 5.52236195687 4.24359011619 6.02347540985 7.04677306882 7.04869286329 7.14156599633 7.63362309163 7.52473211285 7.28832773005 7.57716483359 7.53459016432 7.4998292052 7.50971410654 7.49333942701 7.47727443644 6.53678377432 4.41771627046 5.09432241288 4.6488923821 4.32512707592 4.00924079191 6.23178542476 6.88282070645 6.23883919822 6.15519930436 4.92676764285 5.92173646365 6.11124421894 3.60342814163 2.82454118305
-9999 -9999 -9999 -9999 -9999 -9999 -9999 -9999 -9999 -9999 -9999 5.32461213134 7.06115790641 10.1343741406 9.50515967986 9.43287651391 9.36060295285 9.36428685323 9.58151387632 9.72546195642 9.55284520508 9.56016291836 9.1134675081 8.10798473558 8.3001381915 5.37548514883 5.84699912545 7.27971351862 6.86739483319 6.34749477754 5.13608210098 6.71161758385 5.95672126454 6.56183239978 6.91597088427 6.24538253987 7.13152525328 7.11736329665 7.25405214632 7.25914088548 7.23129837307 7.04441744551 7.10430800251 5.62322187419 3.85836582684 3.74884659922 3.24331945038 4.1550088692 4.92722934533 6.73057967974 5.18050925523 6.88233169056 6.61847735037 6.20980743265 5.36405390286 5.26960546278 3.23434112021
-9999 -9999 -9999 -9999 -9999 -9999 -9999 -9999 -9999 -9999 -9999 4.98480426015 7.3444067027 9.66610362501 9.49754782258 9.96945919538 9.13312523451 8.92262588212 9.0689538534 9.09693699761 8.9582750155 9.08083709183 9.03376427387 8.26916983261 7.46433810104 8.99915628976 8.25000456646 6.76240892538 5.22888203163 6.88264339406 6.11420951734 5.59827474414 3.32010056673 3.60135772002 5.73576186141 6.73121973149 7.11624604976 7.15720475432 7.20019211443 7.00699214712 7.00919168578 7.27644015781 6.95863389399 7.00730526541 5.91473869902 4.5976123947 4.90482685295 4.88010583918 4.50077579094 4.04880645027 3.92353701987 3.70896027697 3.1280894602 5.60686408415 5.73997837815 5.54045162712 5.32426662037
-9999 -9999 -9999 -9999 -9999 -9999 -9999 -9999 -9999 -9999 -9999 10.149297985 9.75509473961 9.71636052348 9.24713534962 9.87286175553 9.39115734859 8.14833333108 8.53665070139 8.79824637842 8.73057856556 8.75677152448 9.04042473346 8.54597744875 7.66020825247 7.76814549593 7.54230673915 7.5020211406 7.36475997 6.97723856169 5.47296120215 6.18146914788 6.63928513119 6.20135355322 4.41452052107 2.2106102335 2.97598863024 2.52383636658 6.56151514093 5.30465106714 4.30634009976 6.9711397406 7.14208443569 7.34491217933 7.60120902438 7.19551286924 4.42305509143 4.19285636649 3.97248860428 4.27062371958 3.57486227658 3.68448484777 3.68974736754 3.75040645045 5.58523931617 4.97324652871 4.46509947943
-9999 -9999 -9999 -9999 -9999 -9999 -9999 -9999 -9999 -9999 -9999 -9999 9.73760781119 9.63442925915 9.40302032475 9.46582007796 9.62180615758 9.45037918796 8.42932463462 8.8067856686 8.79370640273 8.70564964762 8.82810955122 9.05511127341 7.85177541135 7.89547280076 7.57912220581 7.63443102637 7.37955752365 7.30027169674 7.18178676519 7.2546951685 6.76703467476 5.09492856264 5.19555610539 4.41707557736 3.76571166605 2.51487580839 3.12923101234 6.83975679885 7.09601941046 6.90144912544 7.4687361326 7.68830210246 7.85648918426 7.83660802028 5.61353610613 4.22057628217 3.53051532181 3.93571674693 3.60317789543 2.95896333645 2.66028383948 2.60339853685 2.07002976599 3.21030457312 2.52651921748
-9999 -9999 -9999 -9999 -9999 -9999 -9999 -9999 -9999 -9999 -9999 10.0554612723 9.96024073785 9.87993933701 9.60559958378 5.62406197866 7.85446362548 9.63488196206 9.16418391392 8.61637035465 8.3785470458 8.35337110847 7.93504804357 7.986180492 7.68767941988 7.66095069257 7.29867935484 7.2309519541 7.10776206215 7.03999492997 6.70632919937 6.7739889909 6.52113346208 6.49645761593 6.54035606092 3.21216648664 3.11229337216 1.98959992559 1.42088875435 5.43752009521 6.63326221908 6.07870010677 7.83816893519 8.08408982765 8.42718027065 8.40473199765 7.81417976243 5.5974910721 3.98392522824 4.00449000827 3.20607046533 2.33617916685 2.07408086066 2.08546319938 1.91652415649 2.03215459855 2.33187704179
-9999 -9999 -9999 -9999 -9999 -9999 -9999 -9999 -9999 -9999 -9999 10.1482940311 10.1055752809 9.99165769851 9.55732847519 7.34122818825 8.93463387849 9.03241986542 8.74414832971 8.74281076322 7.16439370663 7.4696238085 8.29686149724 8.08693341486 7.76853079444 7.69121311161 4.99468135799 5.25338637106 6.93659568609 7.61696597527 7.2314688876 6.81163589961 6.48438949225 6.49760158059 6.49143685879 3.53434555384 2.30490730798 3.24061459415 2.08218216478 3.88102135015 6.35596641709 6.56985936182 6.4705592487 7.44621128549 7.70876194812 7.45097327755 7.57981084499 7.51709616646 6.19578544502 5.78280513785 3.24014797166 3.03482268493 2.77092622829 2.55486246189 2.35905917146 2.22916962523 1.69640782281
-9999 -9999 -9999 -9999 -9999 -9999 -9999 -9999 -9999 -9999 -9999 10.1791449682 10.1468712535 9.95961385733 9.81676277524 9.77810598132 9.2157352042 9.01391838398 8.92092747851 9.09634262284 7.29978533571 3.34350589756 6.70327275687 6.74303629711 5.1794354061 5.17987590025 5.7090587717 6.31845255134 6.03918064358 6.35077295058 6.21110969118 7.22625255677 6.9802491167 6.85859108525 6.21152239594 2.41549424349 1.15235728356 0.879924148269 1.70054383514 2.45935924936 6.43875276226 7.33093253386 7.16359076812 5.91399947163 5.49757199268 5.71214127637 6.45524737605 6.96358472626 6.43348030438 6.37223988161 4.18823025434 2.5409334358 2.17468071133 2.13854169288 2.04174345388 2.04420797676 2.10744895088
-9999 -9999 -9999 -9999 -9999 -9999 -9999 -9999 -9999 -9999 -9999 -9999 10.2687330242 10.0555490503 9.81951049936 9.7259102094 9.14302443198 9.27203812361 9.40584992196 9.00820240544 9.0098091188 8.79084766564 6.32940282956 5.27153402082 5.00051468287 4.95923259648 4.39876416869 4.52366516408 4.17492519258 3.9131593565 3.41208472047 5.20312555867 6.21969977701 6.35582718905 6.05759039026 1.95159202543 1.43349752789 1.11705645657 1.94561588845 3.28005664835 6.46106457218 6.35856369264 7.03485766914 6.72224282724 6.3430984933 6.35365344024 5.78458859853 6.83039577626 6.23345979766 6.36790068945 5.7357408969 3.16224260203 2.91609859614 3.10224571682 1.92986729232 2.0915195611 1.96745969759
-9999 -9999 -9999 -9999 -9999 -9999 -9999 -9999 -9999 -9999 -9999 -9999 10.4545896794 10.1203640313 10.1961578925 9.95097113519 9.46864865918 9.43373671899 9.20995262369 9.15951905203 8.94572959144 8.91038903254 7.48188017526 6.21430982655 5.35556466785 5.60350291405 5.49492576222 5.30599632337 4.53949319822 5.07322930134 4.26749617666 4.48533775633 6.6299668668 7.06712212107 3.85153443289 1.90914954045 1.20037790911 2.02037578662 2.9928877816 2.78999646296 5.48964528971 5.98485363416 5.95731585703 6.1823410544 6.58681768995 6.4687372213 6.18932162642 5.59778053501 5.24344461038 5.53317842103 5.14821882535 4.646563697 3.97111849736 1.37462648381 0.917328013335 1.11078324218 0.968853494618
