data/recharge/transience/recharge486.asc
ncols                  80
nrows                 72
xllcorner      4374000.0
yllcorner      5656000.0
cellsize            500
NODATA_value       -9999
[rows 0 to 24 of 72, columns 0 to 56 of 80]
-9999 -9999 -9999 -9999 -9999 -9999 -9999 -9999 -9999 -9999 -9999 -9999 2.42917979135 2.49379387434 -9999 -9999 -9999 -9999 -9999 -9999 -9999 -9999 -9999 -9999 -9999 -9999 -9999 -9999 -9999 -9999 -9999 -9999 -9999 -9999 -9999 -9999 -9999 -9999 -9999 -9999 -9999 -9999 -9999 -9999 -9999 -9999 -9999 -9999 -9999 -9999 -9999 -9999 -9999 -9999 -9999 -9999 -9999
-9999 -9999 -9999 -9999 -9999 -9999 -9999 -9999 -9999 -9999 -9999 -9999 3.98587011078 3.16568255802 2.67176769979 -9999 3.4555594296 -9999 -9999 -9999 -9999 -9999 -9999 -9999 -9999 -9999 -9999 -9999 -9999 -9999 -9999 -9999 -9999 -9999 -9999 -9999 -9999 -9999 -9999 -9999 -9999 -9999 -9999 -9999 -9999 -9999 -9999 -9999 -9999 -9999 -9999 -9999 -9999 -9999 -9999 -9999 -9999
-9999 -9999 -9999 -9999 -9999 -9999 -9999 -9999 -9999 -9999 3.12998524929 3.1073792875 3.4879210245 3.5978864775 2.69894586069 2.50302491204 2.44061772956 2.49031365505 -9999 -9999 -9999 -9999 -9999 -9999 -9999 -9999 -9999 -9999 -9999 -9999 -9999 -9999 -9999 -9999 -9999 -9999 -9999 -9999 -9999 -9999 -9999 -9999 -9999 -9999 -9999 -9999 -9999 -9999 -9999 -9999 -9999 -9999 -9999 -9999 -9999 -9999 -9999
-9999 -9999 -9999 -9999 -9999 -9999 -9999 -9999 -9999 3.112349434 3.12430936375 3.06600482802 2.93039556358 3.1157324076 2.84407965019 2.67174028632 2.64159645195 3.43703621657 -9999 3.1220143788 -9999 -9999 -9999 -9999 3.19996001528 3.3154223708 -9999 -9999 -9999 -9999 -9999 -9999 -9999 -9999 -9999 -9999 -9999 -9999 -9999 -9999 -9999 -9999 -9999 -9999 -9999 -9999 -9999 -9999 -9999 -9999 -9999 -9999 -9999 -9999 -9999 -9999 -9999
-9999 -9999 -9999 -9999 -9999 -9999 -9999 -9999 4.34200661748 3.72007137651 3.01507519393 2.87837654485 2.74166193056 2.49053383272 2.53358303778 2.3785604842 2.43443978958 2.54363851336 2.22419743155 2.30869720042 2.30259373859 2.49162698067 -9999 2.70686632004 3.66676437339 3.5355275201 -9999 -9999 -9999 -9999 -9999 -9999 -9999 -9999 -9999 -9999 -9999 -9999 -9999 -9999 -9999 -9999 -9999 -9999 -9999 -9999 -9999 -9999 -9999 -9999 -9999 -9999 -9999 -9999 -9999 -9999 -9999
-9999 -9999 -9999 -9999 -9999 -9999 4.03382067722 3.2293156197 3.13946873929 3.31148889889 3.50531230802 3.57250513439 3.12361435779 2.91817032324 2.48064041373 2.73391348433 2.3456935681 2.27145257056 1.77060728699 2.24373247825 2.20978306355 2.39286103503 2.39025693258 2.63137575953 3.01500058863 2.89205282628 3.28525575616 -9999 -9999 -9999 -9999 -9999 -9999 -9999 -9999 -9999 -9999 -9999 -9999 -9999 -9999 -9999 -9999 -9999 -9999 -9999 -9999 -9999 -9999 -9999 -9999 -9999 -9999 -9999 -9999 -9999 -9999
-9999 -9999 -9999 -9999 -9999 -9999 4.00111494686 3.44015953741 2.797143037 2.68074351533 2.49060539282 2.58403530156 2.52848231881 2.38804881953 2.21898096571 1.93042533732 1.86221332121 1.19888969762 1.25317476125 1.76755730585 1.90352636707 2.32589348728 2.10960558158 2.15508423312 2.46728558988 2.36349093797 3.18002827502 3.05437100673 2.99697050929 2.75384921334 3.98506341773 3.91789143586 -9999 -9999 -9999 -9999 -9999 -9999 -9999 -9999 -9999 -9999 -9999 -9999 -9999 -9999 -9999 -9999 -9999 -9999 -9999 -9999 -9999 -9999 -9999 -9999 -9999
-9999 -9999 -9999 -9999 -9999 4.60672788333 4.02908367243 3.92740057476 3.58367568984 3.82593753133 3.55293667412 3.13276569148 2.30364174364 2.14958585714 2.50514965422 2.52412313991 1.3061031735 0.9278976267 1.36321468102 1.64378484464 1.91895704313 1.82155258442 1.94753922086 2.04163965947 2.40432496607 2.58536488817 3.00201145978 2.82406300613 2.81989946533 2.72267146923 2.89305461392 3.12496725907 3.01313590127 2.8448469302 -9999 -9999 -9999 -9999 -9999 -9999 -9999 -9999 -9999 -9999 -9999 -9999 -9999 -9999 -9999 -9999 -9999 -9999 -9999 -9999 -9999 -9999 -9999
-9999 -9999 -9999 -9999 -9999 4.48428458533 4.01655598915 4.04924238612 3.53598526035 3.23374537282 3.11448124765 3.35200105817 1.81010306673 1.21244936718 3.03774057216 3.39313790283 1.93358496833 0.644629305023 0.996938943976 1.22172469804 1.83784642592 1.93798983776 2.22784727001 2.10661837592 1.97772043651 1.75447231524 2.47007543158 2.24126788125 2.20911425957 1.82340414537 1.3951899132 1.60921119756 2.62863902122 2.45588277302 2.684065402 2.4968399737 -9999 -9999 -9999 -9999 2.3984250731 2.23499405285 -9999 -9999 -9999 -9999 -9999 -9999 -9999 -9999 -9999 -9999 -9999 -9999 -9999 -9999 -9999
-9999 -9999 -9999 -9999 -9999 4.12560881749 3.74181696764 3.82406365974 3.73386639724 3.9959516347 3.64132917859 3.45038713882 3.04913298017 3.54017344418 3.37558394014 2.80615255516 2.45465452822 2.27624445742 1.77276561825 2.7848833835 2.24993077753 1.83376078094 1.71283373555 1.61398601421 1.91650110134 1.86303228702 2.2748643882 2.07024151857 2.5631127007 1.55563201493 1.096952731 2.03272903832 2.57575483745 2.61942455488 2.90339831726 2.65279902513 2.57348182827 -9999 -9999 2.47132371735 2.61989327549 2.4858860419 2.71305549346 -9999 -9999 -9999 -9999 -9999 -9999 -9999 -9999 -9999 -9999 -9999 -9999 -9999 -9999
-9999 -9999 -9999 -9999 -9999 -9999 4.36582647863 4.70127962605 3.83690297881 3.62983347295 3.12885569777 3.4686162444 3.01084145178 2.41213234909 2.34842836671 2.1990481599 2.34515285747 2.26234932771 1.90520118472 1.85904950308 1.95396449874 2.06508013414 1.8792383076 2.09008111259 1.83674179231 1.58730922297 1.64023501125 1.97540519794 1.86017436636 1.62557220566 1.77012530675 1.98261474076 2.13880481538 2.01750694231 2.23088778078 2.24532119832 2.34663867946 2.47300665499 2.28546589572 2.19087975165 2.12957897369 2.6755340269 2.24739719264 2.14309112052 -9999 -9999 -9999 -9999 2.72168627999 2.43564846006 0.472904388683 -9999 -9999 -9999 -9999 -9999 -9999
-9999 -9999 -9999 -9999 -9999 -9999 -9999 4.16825633526 3.4666719992 4.00437940615 3.91477263806 3.50504350401 2.12123964989 2.02791345017 2.79704664465 3.45007552301 3.00258345352 2.82535920541 2.694869396 2.19571799974 1.79641424789 1.80840658147 1.74544455997 1.77686434325 1.63744495029 1.41810983929 1.64703145402 1.75336658951 1.67938781569 1.57668003098 1.99046243238 1.95340189252 2.13728983425 1.89032749137 2.27228655832 2.24880067366 2.41546543532 2.54318978497 2.21961741219 2.21052341266 2.06045623628 2.11518754725 2.53400283988 2.92186889683 2.63474778881 2.86843829753 2.85393118724 2.54311010297 2.40420816592 2.12460731855 1.68027631847 1.366358829 -9999 -9999 -9999 -9999 -9999
-9999 -9999 -9999 -9999 -9999 -9999 -9999 -9999 2.3179338394 2.86857188709 3.22070795702 3.62138123716 3.23446307699 3.55922711575 3.25935753132 2.8988908791 2.16493764525 2.18340048395 1.77287563025 2.03360943417 2.56164646377 2.43431817441 2.51601152784 3.55537089353 3.64936840028 3.36742975118 1.61625494069 1.36045135102 1.25910912894 1.27596363253 1.33031982859 1.559060079 1.58311543867 1.5781082624 1.7876994561 1.47614800487 1.87299353111 1.98816623665 1.8284796505 1.79959956451 2.17132891934 2.51289104579 2.7166930317 2.54250858626 2.47005483646 2.31073116135 2.39700990016 2.19779550363 2.01671515963 1.80844581677 1.50660335165 1.62595843293 1.29513672782 -9999 -9999 -9999 -9999
-9999 -9999 -9999 -9999 -9999 -9999 -9999 -9999 3.83029081671 3.31066876801 2.94551689315 2.97185196663 2.83705249142 2.81276253156 2.3568655166 2.28544258125 2.12287503056 2.29340276201 2.03802848803 2.23451122001 2.40094971742 2.36729214229 3.34770391843 4.93866755612 4.31514909236 3.46650897327 3.58561778572 1.95992387688 1.57844797447 1.39679541948 1.45363559857 1.46248547472 1.62290046769 1.57623857072 1.66523393198 0.541442278072 1.97252862222 1.89206570033 1.82072757523 1.77500661154 1.77083335494 2.1122359882 2.58216695825 2.5706522882 2.32003150999 2.30003149092 2.37504567274 2.23849341589 2.02649850692 1.67675865058 1.56452418901 1.57386656633 1.3191817034 1.30265783776 1.05775921943 1.15995234038 -9999
-9999 -9999 -9999 -9999 -9999 -9999 -9999 -9999 -9999 4.15501804584 3.48762040646 2.72143637141 2.74241312945 2.87978239241 2.62489696626 2.67310056217 2.92850120378 3.11809163031 3.0639500328 3.08848013246 2.69074564445 2.06865989791 2.3512505215 5.61406049892 4.95723149027 4.44139472902 3.70955111043 2.97623992933 1.49635085016 1.07560425748 1.15780509748 1.20739419823 1.26813166666 1.25450942869 1.37460320556 1.14728611827 1.63835140497 1.51199408443 1.47546829656 1.49798492331 1.49928536245 1.60675213897 2.16920544635 2.80723365569 2.31081206754 2.07099532865 1.87714786056 1.84155417325 1.40687498124 1.31498822078 1.2955971322 1.24230329 1.15389663928 1.08605633082 1.13664203213 1.33616604891 1.22153987647
-9999 -9999 -9999 -9999 -9999 -9999 -9999 -9999 -9999 -9999 3.04249409595 3.06973729685 2.65019496016 2.78644185152 2.40067519627 2.19295119306 2.58577610287 3.28936252369 2.71826895942 2.38183237679 2.10847272896 2.10973556647 1.83041874366 2.67615440305 3.95381089688 4.64303313774 4.44044117785 3.7474676464 2.90782033206 1.72032781099 1.11469927415 1.12277274154 1.3571130669 1.20627001618 1.62897192844 1.42769305015 1.58056108888 1.51350925167 1.49291800015 1.50591963923 1.60576474911 1.59573786631 1.62627584211 2.32748264963 2.80598454739 2.9515800071 2.46675053165 1.92991936812 1.49826062916 1.38941792136 1.52252354074 1.45345904134 1.22794627296 1.17105489286 0.921401430468 1.39270796038 1.20508627103
-9999 -9999 -9999 -9999 -9999 -9999 -9999 -9999 -9999 -9999 -9999 1.17281977746 1.0218534851 1.81464430675 2.23141117903 2.09383352214 2.52997338949 2.4933990762 1.81377090367 1.79007603114 1.8000866929 1.8122253909 1.57058298751 1.43934711653 1.62342291176 2.50740621451 3.49585657497 3.93449969637 3.65968648199 1.04389095194 1.09014653508 1.09704014306 1.23355164103 1.23172067369 1.32053944369 1.23401812121 1.25310085042 1.23943202429 1.37176849146 1.37130299025 1.59295582101 1.44360002443 1.55747399005 1.62301758565 1.96024862016 1.96794559368 2.22728425798 2.30975840481 1.61761435836 1.25853473298 1.2425934153 1.1879130267 1.10041164829 0.959452444683 0.772015541239 0.810287073654 0.949110813561
-9999 -9999 -9999 -9999 -9999 -9999 -9999 -9999 -9999 -9999 -9999 0.932966687963 1.39237745314 2.10466396087 2.24080778691 2.16464704009 2.13094456412 1.92962339006 1.65462425303 1.65997380424 1.59971687725 1.8683353693 1.46328791037 1.62388815789 1.43964569746 1.41460060469 1.81073805022 2.43459884146 2.88682131312 3.14802247768 3.76682764998 3.61221876199 2.74232312918 2.67268251172 1.7771352411 1.17810781582 1.2444215889 1.27823767461 1.3183257058 1.21101822916 1.1532733464 1.75468518196 1.44658878064 1.46459356974 1.63983667631 2.2433762665 2.76999543455 3.13401764473 2.81535138351 2.05227070623 2.28961115143 2.16521096445 1.60680889761 1.24536697881 1.05365959598 0.89829522909 0.777322456324
-9999 -9999 -9999 -9999 -9999 -9999 -9999 -9999 -9999 -9999 -9999 3.25495232046 2.79348777184 2.58448861444 1.76025664644 1.96352499486 1.97592822914 1.6390942583 1.35714687829 1.36759783812 1.28442670208 1.32513014402 1.22656624354 1.27292806984 0.942066591256 0.846625276562 0.789488865061 0.764312560851 0.845225705071 1.11390190906 1.72972664509 2.92000463005 4.10383623671 3.87862601605 2.8531095689 1.75488785968 2.89102568532 2.11025734995 1.1777466095 0.833959681223 0.649576290765 1.37164587778 1.7850319162 2.0447663154 2.22867954246 2.78340289431 2.49894653341 2.27495857155 2.1816115568 2.21044426745 1.99452917807 2.22194204415 2.22924219757 2.438266844 1.47689752693 0.846513374664 0.58715405751
-9999 -9999 -9999 -9999 -9999 -9999 -9999 -9999 -9999 -9999 -9999 -9999 2.09736866863 2.43117423499 2.19008122469 1.60511723371 1.6347825729 1.80091362724 1.64333617165 1.41887379414 1.34396448996 1.23897806211 1.1700469972 1.188486685 0.916357375217 0.947299101155 0.811999340856 0.853624651713 0.815001197256 0.759725606866 0.809592106846 0.866638836514 1.03431968362 1.63722844278 2.82599630138 0.625948600674 2.03212742756 2.65833295762 2.24085880891 1.23902082928 1.48985275935 1.48038085045 2.232183404 2.5776608268 2.7743614565 2.65400726275 2.31606142312 2.30196110089 1.76403526242 1.96472699589 1.86432063341 1.66510226396 1.39213395093 1.41283080802 1.38807500362 1.39765722541 0.309522108346
-9999 -9999 -9999 -9999 -9999 -9999 -9999 -9999 -9999 -9999 -9999 2.74577621348 2.53920244756 2.79242800614 2.75254738953 1.07492363583 1.00574707369 1.65481453769 1.43515731461 1.41260361449 1.05067954871 1.02438542917 0.879951243379 0.914242776903 0.8955879664 0.874721652261 0.631685092005 0.669544501749 0.677980710078 0.643262958539 0.658423469489 0.697496931373 0.710586137617 0.69786375228 0.842617299049 2.36062336048 2.99516808923 2.3629564809 2.74012341683 1.22994967239 1.26730610816 1.35582484833 1.88286094478 2.31083789102 2.88303895427 2.87303167634 2.2346106391 2.67766879104 2.17724772336 2.19166172331 1.71475198456 1.26527111365 1.12710750874 1.13562646201 1.04911971715 1.15879204325 1.56049152131
-9999 -9999 -9999 -9999 -9999 -9999 -9999 -9999 -9999 -9999 -9999 2.91872398568 3.34029056539 3.1890775147 2.24437622017 1.61209187401 1.90093795417 1.92675082318 1.37959233683 1.34504582238 0.811840604705 0.819648287077 0.758408000261 1.00434731542 0.96181638613 0.997128910884 0.430347591773 0.466878877083 0.663696883288 1.05448611581 1.02359484878 0.719956044989 0.690810463994 0.698718162928 0.808920999764 1.39681555912 2.65014375511 3.23653612135 2.92036036294 1.9096465886 1.11365732266 1.49443165275 1.97909135664 1.73239239715 1.8101268101 1.74429213773 1.85039114219 1.96078416874 1.84225771696 2.03395938493 1.66739252763 1.80436239921 1.56469497178 1.4932473521 1.39464660826 1.2941065391 0.998560226674
-9999 -9999 -9999 -9999 -9999 -9999 -9999 -9999 -9999 -9999 -9999 3.7034519549 3.44944312079 2.9193002487 2.81244303231 2.73705238853 1.92269698028 2.28921268346 1.83195717289 1.74102566819 0.938196981621 0.404056592117 1.02293337001 1.96967485763 1.64363169036 1.64263748333 1.56065348961 1.03634523109 0.900535971828 0.697633771646 0.744614434638 1.01527917427 1.14597071547 1.03923718764 0.864645286781 1.33891157617 1.91035279569 1.7334888299 2.57756405578 1.42742042928 1.20571432255 1.29961859 1.33037500007 1.28076673101 1.29669294418 1.30100299327 1.27890711939 1.21540927038 1.05312668255 0.966512398522 1.08840476069 1.04758626236 0.712083085319 0.941123232437 0.853981459859 1.10247071726 1.3195946705
-9999 -9999 -9999 -9999 -9999 -9999 -9999 -9999 -9999 -9999 -9999 -9999 3.59053550608 3.34086453682 2.59656503198 2.58028875008 2.56467519772 2.45145068098 1.75347165118 1.83691202592 1.72674761994 1.91846987363 1.63189347446 1.57661377247 1.52845721294 1.50288714496 1.24423108439 1.31750144109 1.21270544044 1.06507537498 0.978466785714 0.749726056885 0.617543481801 0.690450238284 0.76442718064 2.04622422785 2.09036195439 1.86516682833 2.75427879349 1.92043821122 1.13487759051 0.98801314105 1.13081004936 1.17602849335 1.31681877371 1.32361869452 1.20526071729 1.10761593217 0.942061769906 0.920355096623 0.786651617035 0.330358758612 0.353899482949 1.12242039983 1.05281563522 1.00089557907 0.896959803852
-9999 -9999 -9999 -9999 -9999 -9999 -9999 -9999 -9999 -9999 -9999 -9999 4.04177888328 3.25068776239 2.76005705321 2.8980381433 2.36377423621 2.51371376987 2.14264587831 1.79201037442 1.59302747339 1.37679688411 1.50712002338 2.19238015027 1.61104424032 1.41595189743 1.72789278368 1.82202202771 1.53890935622 1.89395120214 1.63417926657 1.70331972911 1.41034540526 1.26203456017 1.63609505832 2.20132144078 1.49573283454 2.42223196551 3.01248567466 2.09521371924 1.34674860139 0.85689829885 0.768274817683 0.753573826009 0.759065519712 0.779961194746 0.771236690146 0.796489059512 0.698030145931 0.70613012121 0.677023510985 0.600796989147 0.644289387149 0.825779355111 0.84848843886 1.0490929982 0.699585737237
