data/recharge/transience/recharge559.asc
ncols                  80
nrows                 72
xllcorner      4374000.0
yllcorner      5656000.0
cellsize            500
NODATA_value       -9999
[rows 25 to 49 of 72, columns 0 to 55 of 80]
-9999 -9999 -9999 -9999 -9999 -9999 -9999 -9999 -9999 -9999 -9999 -9999 3.21882678166 2.99720894019 2.44811321798 2.58541662546 1.76520418076 1.74644661382 1.52351476619 1.77278727966 1.41413903185 1.24388359455 1.01626058317 0.575686485572 0.914789649785 1.69377001009 0.74172293691 1.16730793178 1.04780479909 0.863903851412 0.707846222428 0.628325514601 0.452593572408 0.446022958557 0.485500367441 0.434103205573 0.614804593828 1.07875596997 0.764261949958 0.5787158686 0.481584746152 0.317246994423 0.389898754033 0.473157952749 0.46749978237 0.482110778474 0.496069375971 0.492328020494 0.496246737029 0.548283373413 0.525344759667 0.417488913124 0.280202695839 0.209679195785 0.202726296752 0.223651150172
-9999 -9999 -9999 -9999 -9999 -9999 -9999 -9999 -9999 -9999 -9999 -9999 -9999 2.39587943011 2.56478062443 2.71588754441 2.34253431177 2.34855206001 1.79501559238 1.59604884148 1.42252916387 1.51182574435 1.47505502578 1.24044008592 1.2952315614 1.16672036648 1.12854840812 1.04528108316 0.925902380007 1.0430711024 0.815124370697 0.717866590133 0.480376863086 0.564060581078 0.691409793154 0.194407268459 0.470511557285 0.846901366848 0.752190883989 0.425860502808 0.362717737645 0.50523712648 0.297961618491 0.332342399558 0.304065930535 0.337517457209 0.411045926137 0.388752764033 0.276074499254 0.20728022306 0.202747022715 0.230751235276 0.251166133222 0.261899071591 0.298755963369 0.214770856692
-9999 -9999 -9999 -9999 -9999 -9999 -9999 -9999 -9999 -9999 -9999 -9999 -9999 -9999 2.37723513369 2.37013251234 2.02172353009 2.03799464869 1.821905362 1.98298817488 1.5225890627 1.78003251232 1.35160144901 1.2502368896 1.00203597421 0.946200686396 1.0083550219 1.29246953119 0.969100180277 0.821255515397 0.754605727923 0.736966202066 0.634752191439 0.77345836539 0.836556013627 0.28456418901 0.430709577293 0.584389912839 0.369133097904 0.253816617998 0.266163606048 0.354081504476 0.511688422608 0.363450352246 0.249938750607 0.309118033043 0.287287879233 0.305998712338 0.220167839079 0.261255453104 0.251144976595 0.171943160789 0.152174917001 0.242123193848 0.337081216394 0.537170602885
-9999 -9999 -9999 -9999 -9999 -9999 -9999 -9999 -9999 -9999 -9999 -9999 -9999 -9999 0.991440088399 1.47472847379 1.90467984291 2.09087677398 1.79035565749 1.91350577794 1.74753068247 1.66433273047 1.26142589085 1.63672019188 1.42866394027 1.41049484955 0.818663262027 0.74517340804 0.788482871719 0.896564602719 0.573455410801 0.331035115153 0.591593553983 1.32618303875 1.31743843732 0.400368379459 0.425179104421 0.291066321298 0.228045084755 0.264824096269 0.318737961038 0.37483604728 0.381822396531 0.463643155831 0.393283233203 0.294030988065 0.132938873723 0.151724917155 0.219279975117 0.294601606577 0.322355227637 0.392092073806 0.42657171695 0.335813309425 0.33619269737 0.492149486771
-9999 -9999 -9999 -9999 -9999 -9999 -9999 -9999 -9999 -9999 -9999 -9999 -9999 -9999 1.31673674107 1.8655747068 2.15798239363 2.24164439272 2.07109911626 2.06432576856 1.67121576628 1.80663547498 1.66217198897 1.45382871538 1.11999416701 0.959031516885 0.92239973321 0.885701707684 0.627182204002 0.731852079758 0.660558045998 0.6312448654 0.544269667537 1.00357570137 1.41667745823 0.435469452639 0.565030156962 1.15172703758 0.265358699558 0.208852276696 0.30732996762 0.380740727761 0.320441367689 0.335418843693 0.255682444467 0.304402497699 0.215499132085 0.335212665103 0.695452896907 0.85471707445 0.72226782915 0.429671993933 0.692126533436 0.639512234216 0.47452513406 0.537940007651
-9999 -9999 -9999 -9999 -9999 -9999 -9999 -9999 -9999 -9999 -9999 -9999 -9999 -9999 3.54821611487 2.95293290268 2.69852650187 2.91556248929 2.21971681648 2.27961871307 1.80794300666 1.65015071963 1.30848409407 1.40912897857 1.1167794285 1.20163874423 0.889421502288 0.982728854785 0.779551269951 0.698131836218 0.682830992402 0.787398496326 0.677366024772 0.516244836392 0.471169228206 0.476794808923 0.418986505532 0.883836361601 0.346465687241 0.485621136058 0.322350775514 0.235381079195 0.215392644131 0.245965749702 0.202710619281 0.224492893628 0.493691455411 0.701195500192 1.46115599654 1.68790156159 1.1540194735 1.29481264647 0.755237285735 0.68098930327 0.520920814001 0.408312612172
-9999 -9999 -9999 -9999 -9999 -9999 -9999 -9999 -9999 -9999 -9999 -9999 -9999 -9999 -9999 2.36753851943 2.16937847181 2.09274364136 2.06787814821 1.57526722031 1.3801517438 1.47750856605 1.41639932979 1.39738687293 1.10389591351 1.10334521042 0.827942331302 0.835523124809 0.751029809272 0.674094938923 0.526075660172 0.495630076206 0.468268153363 0.870117485766 0.513970728321 0.519372223176 0.48117849779 0.470956719578 0.452961769573 0.25397740908 0.159302817246 0.233670186141 0.197470736196 0.181771785475 0.200783622006 0.219098169217 0.26892548588 0.313803880427 0.408842805441 0.410231796732 0.237107043122 0.20048392291 0.375206281948 0.739148085055 0.66142389258 0.648634242122
-9999 -9999 -9999 -9999 -9999 -9999 -9999 -9999 -9999 -9999 -9999 -9999 -9999 -9999 -9999 -9999 2.07306393948 1.99495785833 1.8393102026 2.52841851659 2.2578512903 2.01753045772 1.37734463434 1.21451029513 1.1618796155 1.04369411389 0.829214291336 0.692412999144 0.448656262289 0.794641551607 0.901799071883 0.716784886439 0.799192922581 0.538512929767 0.476962182152 0.531632637384 0.51613422684 0.561886361911 0.552973397354 0.718946647184 0.790941758001 0.710540776253 0.559901180685 0.606404825012 0.235096670853 0.154023837464 0.113395386172 0.347657967896 0.225851334816 0.153956044781 0.248095759314 0.468556806499 0.30157696971 0.224811883643 0.272476786586 0.228056230621
-9999 -9999 -9999 -9999 -9999 -9999 -9999 -9999 -9999 -9999 -9999 -9999 -9999 -9999 -9999 -9999 2.62563398607 2.72288633585 2.66106791138 2.37551910151 1.63889850436 1.71175398639 1.34987343458 1.29426521513 1.0972928627 1.23212377924 0.905387812263 0.883536905304 0.625173968687 0.60512077351 0.372736833347 0.336151088194 0.410753159516 0.393009054608 0.66292989048 0.515320106958 0.684255067671 0.575203059715 0.543627260354 0.527860358286 0.593294571382 0.347303756374 1.02061705162 1.24553779378 0.750209351384 0.485787640471 0.385390307912 0.327468620998 0.15046419778 0.209267837542 0.336128620537 0.362477142743 0.508295116789 0.556014808675 0.701536433418 0.441442693007
-9999 -9999 -9999 -9999 -9999 -9999 -9999 -9999 -9999 -9999 -9999 -9999 -9999 -9999 -9999 1.63819136795 1.65342885103 2.09127657968 2.2130855846 2.12840085323 1.78376504767 1.67985314627 1.33291163142 1.23149930408 0.98887701896 1.08053011851 0.907367383143 0.925713230409 0.534629883011 0.678892794156 0.61186946939 0.636604513383 0.60981207099 0.387874580449 0.300187079055 0.567580094122 0.398919433939 0.822758466832 0.766384943152 0.406345380312 0.376142699416 0.638904424697 0.502941446872 0.492119536513 0.56073879588 0.38984892055 0.180119757761 0.251308878101 0.331460328734 0.365646375835 0.246663029976 0.169848531961 0.193392951866 0.229792668809 0.256339011008 0.268638823222
-9999 -9999 -9999 -9999 -9999 -9999 -9999 -9999 -9999 -9999 -9999 -9999 -9999 -9999 1.96906274139 1.87283106003 1.74576580648 2.28503711549 2.01745445555 1.92644982215 1.57869673438 1.81223997397 1.31826839147 1.38322014686 0.992086939628 0.931158262859 0.777100933256 0.797468559219 0.645878085075 0.645314279184 0.521819690717 0.53947593344 0.419630699573 0.478113321024 0.544945670079 0.919213377204 0.699530629297 0.28242196668 0.425216465559 0.466098490421 0.458638013209 0.366403445329 0.336427989939 0.38257900202 0.262464374821 0.208729763745 0.252343074396 0.337634982705 0.328409047431 0.250069912865 0.203824841779 0.20075237584 0.216448605542 0.208536509769 0.184214993294 0.203141535747
-9999 -9999 -9999 -9999 -9999 -9999 -9999 -9999 -9999 -9999 -9999 -9999 -9999 -9999 2.17287568377 2.48222787345 2.13905958078 2.13272880594 1.78968651207 1.61287558048 1.29469878164 1.53168398638 1.26259194181 1.35565929474 1.0023303469 0.847443753352 0.842751347194 0.893644447782 0.662544460152 0.664104601305 0.616643780532 0.754382897444 1.00372041242 0.892696201318 0.489841414823 1.16715702139 1.21411578063 1.53419380722 0.843777338129 0.868572694593 1.20076675039 1.09693374259 0.475406144749 0.42232821393 0.393981631589 0.189872279971 0.417296003963 0.431720186931 0.412244924221 0.659043594193 0.65168017785 0.644009599133 0.431250354744 0.355857005006 0.424835556338 0.399764520393
-9999 -9999 -9999 -9999 -9999 -9999 -9999 -9999 -9999 -9999 -9999 -9999 -9999 -9999 -9999 -9999 2.19864074701 3.1557916887 3.08889812515 3.01852704935 2.23045660885 1.44711983404 1.49106578092 1.50046056844 1.08089624106 1.27839504113 0.773553115395 0.835587962083 0.654405986895 0.813937073385 0.762577194892 0.92565736077 0.894023291934 0.720479809407 0.786953715293 0.797366122995 0.960095336192 0.755217751867 1.1861598568 1.12981984956 0.621015421809 0.59816947066 0.492322468389 0.474074998907 0.25233530926 0.320937159689 0.29514721784 0.200017186151 0.248930423353 0.400148977122 0.38376095413 0.401158613319 0.343934218713 0.276432798157 0.157889607387 0.1730415536
-9999 -9999 -9999 -9999 -9999 -9999 -9999 -9999 -9999 -9999 -9999 -9999 -9999 -9999 -9999 -9999 3.46486374966 3.27940306212 3.0861534535 2.26498936364 2.25954498965 2.23114670718 1.14392984979 1.22212527537 1.21034717604 1.51754578757 1.24656337592 1.17606517323 0.966712406125 0.95784732442 1.1038709784 1.02061050237 0.783551116072 0.742868817354 0.49859354488 0.550882182104 0.593213136641 0.738608891868 0.440053936781 0.364365106637 0.52093471572 0.741336926019 0.288780236187 0.40233856994 0.764335593559 0.269988014564 0.104749659684 0.192595023774 0.227404880195 0.173549386367 0.127207259371 0.130507742854 0.0987959353721 0.122416333789 0.120687638958 0.121923797901
-9999 -9999 -9999 -9999 -9999 -9999 -9999 -9999 -9999 -9999 -9999 -9999 -9999 -9999 -9999 -9999 -9999 -9999 3.13496557615 2.56711253765 1.94613570462 2.22957038243 1.85381559185 1.48593557961 1.12419975348 1.18324540493 1.09206584312 1.12015732859 0.904161305322 0.875301205688 0.620810396726 0.515723718801 0.49090019144 0.614705426922 0.485644873604 0.658568840578 0.659258820327 0.428786816189 0.396332799126 0.584214475154 0.40791350008 0.341446523098 0.30300369596 0.299721494124 0.286494600377 0.343474509737 0.146544724525 0.153898601896 0.250034394864 0.127519732215 0.132993786788 0.162486887643 0.102284812609 0.106857832749 0.13625570851 0.151339539722
-9999 -9999 -9999 -9999 -9999 -9999 -9999 -9999 -9999 -9999 -9999 -9999 -9999 -9999 -9999 -9999 -9999 -9999 -9999 2.06408151458 1.97481810681 2.14623160513 1.90007701271 1.88038618585 1.27588233359 1.17035317955 0.823246437927 0.946059812995 0.605050513076 0.569392467718 0.577824807235 0.403195684335 0.325999165966 0.421671071226 0.323865268046 0.297125126751 0.281002775447 0.448823399088 0.399832035174 0.4835668147 0.346676471157 0.301689756048 0.236200154294 0.333550899578 0.330267116791 0.394644379078 0.282674208098 0.134920654721 0.0928047130026 0.250650242893 0.121672528002 0.130546808505 0.100041404242 0.0984814280046 0.131661361978 0.12278076934
-9999 -9999 -9999 -9999 -9999 -9999 -9999 -9999 -9999 -9999 -9999 -9999 -9999 -9999 -9999 -9999 -9999 -9999 2.75051032111 3.05065027615 2.96749976667 2.87088903736 2.06869571679 1.41901687178 1.22936325773 1.20374442423 0.84973802786 0.909015945782 0.763292787159 0.672442792451 0.297961510472 0.268614044858 0.326062008355 0.499498506928 0.458076747825 0.578364288002 0.73908037504 0.694208139564 0.647943501516 0.611376256507 0.581339665578 0.34606264231 0.254444904266 0.159468872141 0.229757761102 0.186034263138 0.378734515781 0.629451411489 0.394546043357 0.151875209779 0.251712479662 0.525536490359 0.51706264416 0.373040785734 0.220281798364 0.172424222421
-9999 -9999 -9999 -9999 -9999 -9999 -9999 -9999 -9999 -9999 -9999 -9999 -9999 -9999 -9999 -9999 -9999 -9999 -9999 3.57514602355 3.28871125532 3.08588832682 2.1478200718 1.51187230644 1.37960126773 1.34989281944 0.879495345047 0.890574134009 0.748749534613 0.951896992973 0.554570412948 0.542153718559 0.714821858831 0.572848398064 0.36738953481 0.311288054025 0.256555315417 0.207962768906 0.177731675921 0.177878646235 0.223870405207 0.36328359021 0.326802218582 0.288025915886 0.267231977567 0.677342127647 0.527201888791 0.368422673655 0.469987537143 0.260643479149 0.047941892342 0.108207709394 0.208620113745 0.494707391034 0.472207208902 0.0861170504754
-9999 -9999 -9999 -9999 -9999 -9999 -9999 -9999 -9999 -9999 -9999 -9999 -9999 -9999 -9999 -9999 -9999 -9999 -9999 -9999 2.64281897496 2.95483999361 2.18318743404 1.79481044737 1.08401089516 1.27916601239 0.879096683215 0.936505082498 0.940867031957 0.806063619118 0.598143856902 0.560236344775 0.449457322343 0.428119560892 0.347699889868 0.420137559459 0.463162055506 0.556928551542 0.549338206799 0.487931902416 0.35256907757 0.533046762061 0.585849350472 0.487568097292 0.735464118504 0.605531108662 0.498909187603 0.590363837539 0.519945284203 0.563451096671 0.361650877271 0.164580800462 0.0709504891397 0.0678864767175 0.282162441597 0.208113226543
-9999 -9999 -9999 -9999 -9999 -9999 -9999 -9999 -9999 -9999 -9999 -9999 -9999 -9999 -9999 -9999 -9999 -9999 -9999 -9999 -9999 2.71675785353 2.32295841315 2.30230730301 1.03123659473 0.912056765314 0.820283538707 0.983659596485 0.714169884478 0.621327432903 0.989997404043 0.689458883 0.655904954434 0.340021959162 0.785794909998 0.829070567636 0.617711609604 0.441423883061 0.366440247859 0.386106966537 0.635380391898 0.687235567901 0.827045739143 0.510032651859 0.415874023029 0.270280393187 0.407113820284 0.470447167189 0.48684188047 0.589814212078 0.675258676834 0.314582615617 0.325185065745 0.194373417017 0.0287945660954 0.0476209044199
-9999 -9999 -9999 -9999 -9999 -9999 -9999 -9999 -9999 -9999 -9999 -9999 -9999 -9999 -9999 -9999 -9999 -9999 -9999 -9999 -9999 2.21405950563 1.98977233179 1.99499252567 1.45997791087 1.53013691965 1.11051849646 1.14299951826 0.855797657129 0.768203908485 0.393937274101 0.622673049358 0.751854059307 0.739148808686 0.398520971189 0.518413050844 0.431537034105 0.503478465294 0.44185274297 0.571844786538 0.646297003083 0.605886650792 0.444914811776 0.430359532028 0.6288216339 0.582649818267 0.553242845615 0.532675399635 0.33835801892 0.257147214386 0.396429079753 0.26817691742 0.217227172824 0.0767735605209 0.0850435112281 0.0338809783095
-9999 -9999 -9999 -9999 -9999 -9999 -9999 -9999 -9999 -9999 -9999 -9999 -9999 -9999 -9999 -9999 -9999 -9999 -9999 -9999 -9999 -9999 2.09025069787 2.48408846151 1.58102870714 1.32885218144 0.997374132415 1.29171784117 1.00855257501 0.937775655327 0.784757874275 0.855392837031 0.717634927395 0.802528332503 0.915941435626 0.645781178239 0.700462411725 0.636381743543 0.643615601189 0.601684317986 0.64923003908 0.351838597797 0.437938918208 0.635419956678 0.320922892645 0.273019406828 0.233481919795 0.348693347394 0.537662905291 0.30407904315 0.176354126604 0.224919864674 0.616271457974 0.223843308993 0.0387776023635 0.029397172482
-9999 -9999 -9999 -9999 -9999 -9999 -9999 -9999 -9999 -9999 -9999 -9999 -9999 -9999 -9999 -9999 -9999 -9999 -9999 -9999 -9999 -9999 2.19847671427 2.11167367661 1.47613531892 1.56557895264 1.1594141507 1.2599166953 1.08938024588 1.14031440302 0.92851864229 0.968654946953 0.930534809459 0.912798772567 0.665093728215 0.972257250154 0.63367752951 0.599990390093 0.778467551981 0.729960579663 0.431065508913 0.668969442625 0.450690871957 0.31432550887 0.293814342893 0.414534280192 0.632925353376 0.624851268876 0.299580032006 0.269705812022 0.194634492191 0.461536590343 0.144124095578 0.45066710562 0.191324163972 0.155339905587
-9999 -9999 -9999 -9999 -9999 -9999 -9999 -9999 -9999 -9999 -9999 -9999 -9999 -9999 -9999 -9999 -9999 -9999 -9999 -9999 -9999 -9999 2.11673430687 2.3576070075 1.87497562994 1.53387903577 1.21757883636 1.67210849688 1.227855587 1.36889789316 1.02808004921 0.856012968188 0.72633173676 0.877231766278 0.997055502721 0.611390457512 0.609852298782 0.904624388366 0.770176255913 0.67222844988 0.73286883769 0.52304281373 0.343348873414 0.489946370286 0.701144290701 0.634040562709 0.655284205245 0.535152741662 0.397250369632 0.398358402085 0.584344622717 0.445226365045 0.352140503083 0.405822260801 0.460854198117 0.510731036001
-9999 -9999 -9999 -9999 -9999 -9999 -9999 -9999 -9999 -9999 -9999 -9999 -9999 -9999 -9999 -9999 -9999 -9999 -9999 -9999 -9999 -9999 -9999 2.54861081663 2.06715268137 1.60418127909 1.11721527284 1.59042314166 1.22134363273 1.27375518209 1.04219764258 1.17637831759 1.00678200792 1.20848567654 0.834122771239 0.961309894368 1.01302683604 0.837789661545 0.474291539989 0.305660545172 0.300562908088 0.476253050424 0.742110321092 0.757148370147 0.641196579077 0.53937622622 0.256159706491 0.221574364116 0.226896211455 0.258471076878 0.191201265863 0.275952645234 0.338175338831 0.625296526804 0.263976091814 0.111234880802
