data/recharge/transience/recharge43.asc
ncols                  80
nrows                 72
xllcorner      4374000.0
yllcorner      5656000.0
cellsize            500
NODATA_value       -9999
[rows 25 to 49 of 72, columns 0 to 56 of 80]
-9999 -9999 -9999 -9999 -9999 -9999 -9999 -9999 -9999 -9999 -9999 -9999 21.9677513517 21.430145476 18.9458187108 18.9926343735 14.2189560249 14.2132911475 11.6561027619 13.4002645544 10.9177133547 10.3228623197 8.29684544831 5.52757652939 6.63889473491 9.39789580762 8.75555203701 8.1734647996 6.39049599086 5.55654073436 4.69947098084 4.28955578113 3.22183573248 3.24408578723 4.21601954172 2.85623792407 3.70277039085 5.27798253603 4.07611758341 3.50433751936 2.92797750036 2.14310230735 2.34595124555 2.79203310282 2.59694054927 2.69074727728 2.63056533437 2.60447505116 2.52878180853 2.82339593114 2.68459983982 2.27493297902 1.6046536034 1.20895911372 1.21616471999 1.30910829265 1.24009808739
-9999 -9999 -9999 -9999 -9999 -9999 -9999 -9999 -9999 -9999 -9999 -9999 -9999 19.7020187131 19.7790039501 20.2543859232 17.5335998746 16.7519994739 13.2573082985 12.1098104231 10.8286346319 12.1256791696 11.7307595127 10.9880620153 8.96327485872 7.87242065457 7.30847799443 6.81211629889 6.11294558276 6.66233369324 5.42598003857 4.94923485406 3.56677777026 4.20483566149 4.28307521166 0.966205739472 2.45920374512 4.64948606442 4.18975712836 2.75113598786 2.24406919618 3.16568587146 1.90787756295 2.14118952799 1.75305021496 1.86502776405 2.07873164365 1.95855904594 1.37213913427 1.0814340894 1.11945708597 1.2776425284 1.41322179957 1.4874219076 1.17750919665 1.00657979271 0.944262256882
-9999 -9999 -9999 -9999 -9999 -9999 -9999 -9999 -9999 -9999 -9999 -9999 -9999 -9999 18.7595876218 18.8390014942 16.0608861615 15.1163276275 13.3227617886 14.1938181051 11.2699552047 13.3655612703 10.7470824466 9.87383901143 6.86679626295 6.6236572676 6.70322672916 8.51935226545 6.43009547472 5.59342379098 5.44428909798 5.64994062316 4.8277366414 5.29624866743 4.85466319878 1.62763693337 2.15125175714 3.6467164822 3.04716764445 1.6962675541 1.54692762314 2.44244498207 3.0500938626 2.27802561825 1.51169964754 1.84854240569 1.44750278613 1.2969017383 1.23711340055 1.57074035935 1.3922056804 0.939189685647 0.83571343023 0.968099161846 1.43020463069 2.35916426756 2.06422362816
-9999 -9999 -9999 -9999 -9999 -9999 -9999 -9999 -9999 -9999 -9999 -9999 -9999 -9999 6.94571761157 13.5407021746 16.3321549321 15.8439186202 13.4084778423 14.1112606499 12.6564508659 12.9680051485 9.57070416411 12.3876638247 10.3546300793 10.4364454898 6.0308184698 6.12001747097 6.30022939706 6.87412976723 5.21760444623 3.47759874441 4.54928085209 7.54498754552 6.9898304053 1.74646726664 2.33096194808 2.48064864781 1.63392859233 1.4811485995 1.82247458439 2.21067030331 2.22193894838 2.76641856941 2.30693943471 1.7700623959 0.82169206248 0.64470684591 0.784139823525 1.16950625599 1.77855460512 2.12606258404 2.34022678599 1.55457952868 1.0905427936 1.16739156436 4.79788212715
-9999 -9999 -9999 -9999 -9999 -9999 -9999 -9999 -9999 -9999 -9999 -9999 -9999 -9999 10.1891756558 14.5810574723 17.8846180959 17.0183340733 15.3549683675 15.1897594619 12.5050337076 13.3395721614 12.1515859304 10.928069518 8.26438396092 7.41983569967 7.35175464846 7.20349222238 5.11425685854 5.8932409812 5.1561002344 5.05877105162 4.15055092231 6.28515290307 7.44920229759 1.66739159193 2.09015113549 5.56071338792 1.36722764853 1.18533275652 1.9120123061 2.35185503047 1.85251265401 1.9514726019 1.52806700458 1.82909806787 1.21310129302 1.87431445515 3.43687478671 3.81604957806 3.18891076233 2.09851229631 3.03168162782 2.79885477283 2.37442861239 2.63045474909 2.08814686798
-9999 -9999 -9999 -9999 -9999 -9999 -9999 -9999 -9999 -9999 -9999 -9999 -9999 -9999 23.6227676075 21.5432003316 20.1188159575 20.6822044602 17.7855832467 18.3006479789 13.801993467 13.0245914346 10.9388025934 10.9869160836 8.09213028839 8.75563215571 6.94409978026 8.24973907229 6.47373841161 5.9130788429 5.54495902907 6.32126343831 5.23064411641 3.03124007288 1.81109907637 1.83530555783 1.48062099933 3.46920757929 1.14366916162 1.74216513322 1.61627154573 1.78126901037 1.26210238053 1.44978769392 1.16246890193 1.40589661865 2.5831939552 3.20745928801 5.27881318564 5.86758951643 4.42603241707 4.87092224539 3.34487321743 3.26065124337 2.80599736037 2.29433176569 2.52650820206
-9999 -9999 -9999 -9999 -9999 -9999 -9999 -9999 -9999 -9999 -9999 -9999 -9999 -9999 -9999 19.4577324979 18.0276718774 17.4725327503 16.4545742771 13.816682697 10.9359914638 11.3261502372 11.1508288005 11.1762477803 8.01539493521 8.60989870149 6.70498291424 7.23596878406 6.13869917522 5.92619325804 4.30755395263 4.24083192454 3.54093362254 4.17050771322 1.99811594474 2.021450747 1.74256906648 1.69929752594 1.54578054982 1.04857426533 0.607961751932 0.873591432811 1.25056146188 1.1621806083 1.12796856874 1.32563803101 1.41402721533 1.59134614665 2.04898076233 2.09740163183 1.36020125777 1.14978329027 2.10014923525 3.69248869949 3.39730944122 3.34376735267 2.70210458416
-9999 -9999 -9999 -9999 -9999 -9999 -9999 -9999 -9999 -9999 -9999 -9999 -9999 -9999 -9999 -9999 17.4139998216 16.0221694249 15.1376106029 18.508100867 16.031813072 15.2981417722 10.6554101409 9.03329424037 8.48914025035 7.69163652567 6.17620645112 5.97133328794 4.84427382687 6.39037159427 5.6456316768 5.61519369355 5.06232718787 3.28068186099 1.82436063946 2.06313071603 1.89590589296 2.08711466854 1.94260880026 2.57102552561 3.76740758748 3.33256620484 3.00896391207 2.57393014839 1.38359753886 0.96659231686 0.73908114131 1.98234162711 1.3742077462 0.928215031052 1.48912644742 2.6097211845 1.78190528315 1.36331099707 1.65237003093 1.40482534398 1.26939696863
-9999 -9999 -9999 -9999 -9999 -9999 -9999 -9999 -9999 -9999 -9999 -9999 -9999 -9999 -9999 -9999 18.4699785568 18.9277472795 18.3923446713 16.8474332486 12.7610958421 14.0615038526 11.2417295405 9.81394937182 8.10211428752 9.00127573153 6.75167279426 6.61357902278 5.09492308899 5.66034686653 4.23854861425 3.51915925328 3.78648669872 3.38590777026 2.60859425345 1.95369249134 2.49098652825 2.15792307369 1.90516893169 1.82206087074 2.4043314512 1.46884621468 2.50087867264 5.15087294136 3.48519172623 2.47641987431 2.06856678554 1.09493110611 0.886814181539 1.27425094962 1.96451356839 2.09815063013 2.77386442966 2.9798435123 3.5953025746 2.48804069794 1.28636794213
-9999 -9999 -9999 -9999 -9999 -9999 -9999 -9999 -9999 -9999 -9999 -9999 -9999 -9999 -9999 13.6136534993 13.1242392826 15.3016215354 15.7556123575 15.3178795635 12.9437398049 12.8531984011 10.2384357631 9.29878809444 7.32447078581 7.94212100496 6.64748974654 6.89316639997 5.7678697663 6.08034294704 5.10493753089 5.30095370052 5.0153159073 3.76078394451 2.38089143349 3.31751765223 2.61153701713 3.65186184295 2.78809810818 1.33670380647 1.97899854053 2.94524088277 2.91256700857 2.8676293178 3.03888398267 2.33818724479 0.575310711745 0.833146067473 1.52738867222 2.2303886335 1.55043830367 1.08062198703 1.23736008608 1.45506945602 1.62500059269 1.69216221025 2.00850331552
-9999 -9999 -9999 -9999 -9999 -9999 -9999 -9999 -9999 -9999 -9999 -9999 -9999 -9999 15.8589475065 15.0643870107 13.6976207723 14.4400997253 13.8016209854 14.1882717265 11.721623832 13.1280219855 9.7906541339 10.2193701588 7.36177810257 6.92371344159 5.73024897619 6.17977329088 5.49505006628 5.48742383304 4.35909084806 4.49998303829 3.37288331718 4.34474880695 5.19356672581 7.08638388926 2.22502856703 1.45900668756 2.49844552159 2.75180472486 2.12057545195 2.46178211216 2.18359165712 2.39417797921 1.7561879547 1.47978786405 1.57542546683 2.25217870776 2.13458596536 1.59043633731 1.29204509995 1.27352834418 1.37598392522 1.33007262947 1.19720819136 1.31359021695 1.33810781714
-9999 -9999 -9999 -9999 -9999 -9999 -9999 -9999 -9999 -9999 -9999 -9999 -9999 -9999 16.8763746678 18.0071427283 15.6832798796 13.6109807972 11.2451894015 11.0205352005 9.74637724696 11.2915289884 9.2943385701 9.90899266517 7.39376140815 6.29972276849 5.95452655163 6.36579120777 5.30857255689 5.56386449754 5.04879959591 5.97147924162 6.56348377912 5.9140652343 4.79299125772 6.59448738048 6.48126025225 7.58759167867 4.87971351993 4.97720733006 5.93324502519 5.57417067692 3.00325278791 2.76914037401 2.56426452701 1.55327205587 2.52647513014 3.57452349283 3.23786424796 3.70578159595 3.56696730602 3.53087931208 2.58947255984 2.21434485383 2.58436048278 2.4601930351 1.73511724423
-9999 -9999 -9999 -9999 -9999 -9999 -9999 -9999 -9999 -9999 -9999 -9999 -9999 -9999 -9999 -9999 15.9920151446 17.6541794919 16.7226131868 16.4548372583 13.2060053486 10.6424322168 10.7643406368 10.8265259084 7.91742925693 8.36721950717 5.27887174158 5.59600890718 4.68164527992 6.09674757685 5.81527808725 6.48127242057 6.01593002503 5.12161876488 5.31311182352 5.36508317735 5.57437438686 4.6962356785 6.15798782104 6.12292549191 3.8494877817 3.712512408 3.3925867507 2.56307391211 1.8953864032 2.23228958065 1.99697253666 1.83152456145 2.02677062207 2.50278048819 2.3406862328 2.42870441372 2.15472921808 1.7940015964 1.08040629781 1.18395380604 2.01474922818
-9999 -9999 -9999 -9999 -9999 -9999 -9999 -9999 -9999 -9999 -9999 -9999 -9999 -9999 -9999 -9999 18.2646182617 17.5394591129 16.3181090205 12.9956050129 12.6927571704 12.8700014807 8.31004009486 8.85312249199 8.52197787936 9.20114546887 7.53102378199 7.21403994074 6.59010463822 6.67125145133 7.22651168362 6.80867313767 5.39276914184 5.14765406642 3.7033419253 4.00301483094 4.11378593433 4.87584826869 3.20584141061 2.82052325896 3.61601855722 4.74026233917 1.44794265807 2.22533208078 4.20475266189 2.07908906736 1.05165932437 1.62556924435 1.79760755965 1.26153891208 0.898559270062 0.923781403533 0.686233473866 0.876003222153 0.856387071713 0.867625207029 0.800650312732
-9999 -9999 -9999 -9999 -9999 -9999 -9999 -9999 -9999 -9999 -9999 -9999 -9999 -9999 -9999 -9999 -9999 -9999 16.5107531721 14.2517780786 11.3119946001 12.5594929868 11.6195300431 10.5434809649 7.97259527909 8.17485245291 6.89973874851 7.28089075112 6.39142376981 6.23283293231 4.65620105147 4.00536472569 3.71448519702 4.47265031864 3.62907944621 4.59603459632 4.46444253002 3.18229858561 2.90178782994 4.10302742082 2.96863364276 2.55587273749 2.10028095434 2.07973571832 2.05396683135 2.3997762484 1.33723998184 1.38431595694 1.89530949965 0.939236866471 1.08646531878 1.27693674394 0.713016793491 0.749248540361 0.977119120616 1.09254606739 0.913664005369
-9999 -9999 -9999 -9999 -9999 -9999 -9999 -9999 -9999 -9999 -9999 -9999 -9999 -9999 -9999 -9999 -9999 -9999 -9999 11.8380734837 11.1517897171 11.9035946231 10.6766949791 12.3901864427 8.69647750266 8.10460795243 6.23722213869 6.57035557085 4.61715427224 4.39764920617 4.35054466272 4.67233882662 3.52627363299 3.29748564524 2.69641449666 2.56541420758 2.39283772203 3.4308945658 3.02766277409 3.58925070611 2.68396190714 2.38377185574 1.83491998118 2.48054630048 2.60534817554 2.74392776334 2.05811680743 1.29569113896 1.01429546704 1.97626276198 1.11311454956 1.048542203 0.741878065622 0.728361959505 1.01341200017 0.940465096065 0.659042524613
-9999 -9999 -9999 -9999 -9999 -9999 -9999 -9999 -9999 -9999 -9999 -9999 -9999 -9999 -9999 -9999 -9999 -9999 14.6929714519 15.8677502293 15.2185501356 14.8438339535 11.2797189419 9.78007906462 8.40618591386 8.24568607551 6.56241668002 6.75933735012 5.5254496524 5.00961678603 2.27796873233 1.69402930037 3.08513710601 3.89653637171 3.61566507189 4.29216302561 5.02144187995 4.78960376118 4.46587527974 4.29930701848 4.03745163523 2.67894839739 2.27070427871 1.06180346017 1.5819334957 1.08540705238 2.5354196485 3.60166435167 2.60730425745 1.42436425425 1.97326136372 2.91321481092 2.5443297708 2.24843793282 1.60756142767 1.33085279212 1.14119128209
-9999 -9999 -9999 -9999 -9999 -9999 -9999 -9999 -9999 -9999 -9999 -9999 -9999 -9999 -9999 -9999 -9999 -9999 -9999 17.5687564491 16.1004791232 15.3297810472 11.3332976449 9.9932302145 9.08207568317 8.9116204315 5.96305747061 6.71787870041 5.47430758206 6.77621371387 4.90591182254 4.83523378976 5.01077739663 4.44955997263 2.80197541778 2.21164605451 2.26520682468 1.90559255939 1.65398860571 1.65435964524 1.88767071004 2.82962169272 1.86568109282 1.16150813093 1.15574512366 3.51136171231 3.36985085462 2.48450974775 2.96706891832 2.03948674367 0.689805381897 0.652492298022 0.76298772762 1.15553760507 1.67871019878 0.829198327195 0.65027256325
-9999 -9999 -9999 -9999 -9999 -9999 -9999 -9999 -9999 -9999 -9999 -9999 -9999 -9999 -9999 -9999 -9999 -9999 -9999 -9999 13.5693487528 14.8049234324 11.4823790176 10.8047781921 7.27310171283 8.49077267441 6.06711279827 7.05283924159 7.12154926282 6.17042108549 4.54832533852 4.26001339524 3.70183934074 3.16337083252 1.97736375603 2.55599625776 3.5591957137 4.06140951343 3.98588746999 3.63139651508 2.66760683978 3.71873978031 3.89407733066 3.38772934645 4.45777324095 3.85037453666 3.22779522828 3.68694552699 3.21803943161 3.3381714065 2.71291648575 1.77366024578 0.959970679173 0.79229694582 0.892253075424 1.43485011076 1.52077860286
-9999 -9999 -9999 -9999 -9999 -9999 -9999 -9999 -9999 -9999 -9999 -9999 -9999 -9999 -9999 -9999 -9999 -9999 -9999 -9999 -9999 13.6460953046 11.7740888717 11.8335399584 6.79046409084 6.04210786617 5.51444766 7.09099570567 5.25674275308 4.7671359925 5.04781165691 5.15525330703 4.4194251611 1.86270906726 4.47819248042 5.29542522054 4.24673434026 3.26893418344 2.8739441934 2.98658645694 4.13573519262 4.39167382355 4.87842788043 3.4497490543 2.82344074945 1.96800431202 2.71069524104 3.04334254832 3.09285091575 3.87404902798 5.76858378877 2.01804543712 2.1339834394 1.84056514164 0.482370906779 0.801553583947 1.09736075132
-9999 -9999 -9999 -9999 -9999 -9999 -9999 -9999 -9999 -9999 -9999 -9999 -9999 -9999 -9999 -9999 -9999 -9999 -9999 -9999 -9999 11.6257485557 10.4142099955 10.4455482605 9.13894534212 9.73484528077 7.18268833815 7.47107609625 5.8649808644 5.92260036106 3.36856030339 4.80969374069 5.14641204305 4.87984593372 3.03407802835 3.66049292477 3.22783170619 3.48185929553 3.15781828128 4.02521664974 4.19227392239 3.98935852281 2.98745138133 2.96076495714 3.91606890168 3.69500768208 3.46004055412 3.35709300358 2.31746118061 2.36753919864 1.65284420388 0.848398332337 0.822772563372 0.940682870983 1.24211598404 0.574843269582 0.72002114816
-9999 -9999 -9999 -9999 -9999 -9999 -9999 -9999 -9999 -9999 -9999 -9999 -9999 -9999 -9999 -9999 -9999 -9999 -9999 -9999 -9999 -9999 10.6345882604 12.2173368501 9.4876416085 8.33788677974 6.15293112552 7.49373298663 5.9910046985 5.84400122387 5.09584338796 5.4907233494 4.56444116912 4.85607612445 5.35023283226 4.08995693313 4.38304088341 4.04499183358 3.90219536061 3.9127820556 4.05550560747 2.49289727762 2.87354026586 3.86368589427 2.22752572648 1.95788255597 1.68219743802 2.33346073287 3.23945906782 1.58201822188 0.671353921192 0.73992790085 2.64722444221 2.00405552956 0.665232020387 0.500496209847 0.691432750939
-9999 -9999 -9999 -9999 -9999 -9999 -9999 -9999 -9999 -9999 -9999 -9999 -9999 -9999 -9999 -9999 -9999 -9999 -9999 -9999 -9999 -9999 11.060490292 10.7244082107 8.96508198513 9.65242915548 7.11844386542 6.74384475505 6.48430903243 6.70151521095 5.57781486909 5.76819848306 5.52137840826 5.3408515901 4.18763086718 5.60615896286 4.08602940816 3.90875621618 4.74756744928 4.54646796756 2.94044020345 4.14920923497 2.94212065681 2.18883660676 2.01324054973 2.75909667693 3.77063486896 3.73322687117 2.04835303276 1.75247497377 1.1431997364 1.43110825924 1.55634728303 2.983905807 1.96600205171 1.75898021375 1.30645635345
-9999 -9999 -9999 -9999 -9999 -9999 -9999 -9999 -9999 -9999 -9999 -9999 -9999 -9999 -9999 -9999 -9999 -9999 -9999 -9999 -9999 -9999 10.5150876055 11.4943102384 10.6274537826 9.2421036933 7.13969559854 8.04926672601 6.60815954292 7.40496876492 5.71626510705 4.93250476787 4.25668179817 4.8746892931 5.39737360038 3.66960814745 3.7286424081 5.07239936521 4.47555802712 4.02728235946 4.25876263018 3.28180402407 2.29107693348 3.05711459839 3.94851190658 3.67631829176 3.77692256216 3.2293569243 2.56789229646 2.57319227078 3.5030360256 2.84550473748 2.61516995021 2.83218243159 3.18020687133 3.36627318036 2.23091968535
-9999 -9999 -9999 -9999 -9999 -9999 -9999 -9999 -9999 -9999 -9999 -9999 -9999 -9999 -9999 -9999 -9999 -9999 -9999 -9999 -9999 -9999 -9999 12.2244089549 11.5562997552 9.61447963481 6.55805384868 7.99344734456 6.51524097755 7.00209956501 5.78402032777 6.36641880432 5.53361725832 6.33458775994 4.69325363118 5.24426212964 5.53870306145 4.78090517964 3.05854620175 2.84477342742 2.08558421867 3.04829413877 4.23331078349 4.28935546446 3.68153240444 3.21510983363 1.75568104856 1.56463074826 1.59818555414 1.79422128747 1.37115228081 1.91912987514 2.30832919035 3.66177084308 2.35965801454 1.36723742534 2.47402909543
