data/recharge/transience/recharge506.asc
ncols                  80
nrows                 72
xllcorner      4374000.0
yllcorner      5656000.0
cellsize            500
NODATA_value       -9999
[rows 0 to 25 of 72, columns 0 to 56 of 80]
-9999 -9999 -9999 -9999 -9999 -9999 -9999 -9999 -9999 -9999 -9999 -9999 33.0466372731 33.7457496727 -9999 -9999 -9999 -9999 -9999 -9999 -9999 -9999 -9999 -9999 -9999 -9999 -9999 -9999 -9999 -9999 -9999 -9999 -9999 -9999 -9999 -9999 -9999 -9999 -9999 -9999 -9999 -9999 -9999 -9999 -9999 -9999 -9999 -9999 -9999 -9999 -9999 -9999 -9999 -9999 -9999 -9999 -9999
-9999 -9999 -9999 -9999 -9999 -9999 -9999 -9999 -9999 -9999 -9999 -9999 30.5014907079 29.4434806083 29.3437080167 -9999 30.4591406787 -9999 -9999 -9999 -9999 -9999 -9999 -9999 -9999 -9999 -9999 -9999 -9999 -9999 -9999 -9999 -9999 -9999 -9999 -9999 -9999 -9999 -9999 -9999 -9999 -9999 -9999 -9999 -9999 -9999 -9999 -9999 -9999 -9999 -9999 -9999 -9999 -9999 -9999 -9999 -9999
-9999 -9999 -9999 -9999 -9999 -9999 -9999 -9999 -9999 -9999 29.8447297882 28.9164977468 30.111892008 29.4735043824 27.8518002906 27.8892832747 28.2146315274 28.8256076137 -9999 -9999 -9999 -9999 -9999 -9999 -9999 -9999 -9999 -9999 -9999 -9999 -9999 -9999 -9999 -9999 -9999 -9999 -9999 -9999 -9999 -9999 -9999 -9999 -9999 -9999 -9999 -9999 -9999 -9999 -9999 -9999 -9999 -9999 -9999 -9999 -9999 -9999 -9999
-9999 -9999 -9999 -9999 -9999 -9999 -9999 -9999 -9999 28.7611402712 29.3164462099 29.1985382397 28.8911934868 29.131215707 28.7664361094 28.6123638085 28.4234403829 29.925868099 -9999 30.4388084192 -9999 -9999 -9999 -9999 29.6536716468 30.5112589662 -9999 -9999 -9999 -9999 -9999 -9999 -9999 -9999 -9999 -9999 -9999 -9999 -9999 -9999 -9999 -9999 -9999 -9999 -9999 -9999 -9999 -9999 -9999 -9999 -9999 -9999 -9999 -9999 -9999 -9999 -9999
-9999 -9999 -9999 -9999 -9999 -9999 -9999 -9999 29.8312666172 29.1299948957 28.4578081361 28.8662388337 28.4840276147 28.2418677001 28.0334332979 28.2091326512 27.7939553479 27.6923544549 28.4169160815 28.8285136045 28.281055607 28.7155595546 -9999 29.0158119663 29.794742703 30.3965397058 -9999 -9999 -9999 -9999 -9999 -9999 -9999 -9999 -9999 -9999 -9999 -9999 -9999 -9999 -9999 -9999 -9999 -9999 -9999 -9999 -9999 -9999 -9999 -9999 -9999 -9999 -9999 -9999 -9999 -9999 -9999
-9999 -9999 -9999 -9999 -9999 -9999 30.1157751863 28.6147228135 28.5417813557 28.6868355438 29.0809995349 29.4277887597 28.9336082704 28.8371535352 28.1538123886 28.4283786653 27.9137290657 27.4294979183 27.8799067195 28.3124633742 27.9649512247 28.2118668163 29.0350984842 28.8724018518 29.6395534107 29.8483323951 30.3721034391 -9999 -9999 -9999 -9999 -9999 -9999 -9999 -9999 -9999 -9999 -9999 -9999 -9999 -9999 -9999 -9999 -9999 -9999 -9999 -9999 -9999 -9999 -9999 -9999 -9999 -9999 -9999 -9999 -9999 -9999
-9999 -9999 -9999 -9999 -9999 -9999 30.4228136815 29.6627909008 28.1539351629 27.8877194274 27.9859428229 28.7131182537 28.0978865072 27.3370931478 26.9151552606 26.8827544815 27.8899417231 21.6221211784 24.9179895241 26.9000469173 27.1277345579 27.9977977484 28.2074382049 28.1722407444 28.7066440685 28.3753884032 29.7234551989 30.2724786816 30.4407467749 30.3704017811 30.5108834861 30.7446650665 -9999 -9999 -9999 -9999 -9999 -9999 -9999 -9999 -9999 -9999 -9999 -9999 -9999 -9999 -9999 -9999 -9999 -9999 -9999 -9999 -9999 -9999 -9999 -9999 -9999
-9999 -9999 -9999 -9999 -9999 30.8106214521 30.258831461 30.0512641345 29.439482234 29.2754163799 28.9889786072 28.5310933671 27.4414401764 26.9123265051 27.633475191 27.8979344107 21.6053414618 11.1612138296 20.1345251557 26.9645117913 27.2888707066 27.1785178913 27.7830902999 27.8988754372 28.6892455394 29.0320800548 29.5632561375 29.64948698 29.9502262829 29.9752674632 29.8117259428 30.2539303826 29.7296010101 29.7185202674 -9999 -9999 -9999 -9999 -9999 -9999 -9999 -9999 -9999 -9999 -9999 -9999 -9999 -9999 -9999 -9999 -9999 -9999 -9999 -9999 -9999 -9999 -9999
-9999 -9999 -9999 -9999 -9999 31.3237234831 30.4643267113 30.5660328677 29.9376183771 29.7245623598 29.4131002217 29.5751207894 21.0509359672 16.714940781 28.8593193221 28.5276893546 23.464108596 9.35542191535 17.0320855231 22.6391032693 27.7698103671 27.0481133947 27.8405607233 27.8534109437 27.8379844443 27.2726174128 28.2915911767 28.0644793996 28.3056076675 27.4316345689 25.4404057205 27.2704566687 28.8711610042 28.887304963 28.8089320304 29.1242308382 -9999 -9999 -9999 -9999 28.6467377704 28.4025469413 -9999 -9999 -9999 -9999 -9999 -9999 -9999 -9999 -9999 -9999 -9999 -9999 -9999 -9999 -9999
-9999 -9999 -9999 -9999 -9999 31.1226360312 30.643840386 30.2391781831 29.9633648907 30.3013641518 30.01237368 29.8780052144 28.8069874276 28.5514176097 29.3007798665 28.3753861319 26.791933083 27.5895342911 27.4445113936 28.1320979732 28.1270722197 26.6016457493 27.1198243599 27.0112313189 27.7787616077 27.5787296987 28.0476023722 27.6804107692 28.6913374005 25.9699329192 18.1438945249 24.0531398256 28.6040836077 28.5190571586 28.5107685167 28.9397321707 28.942752159 -9999 -9999 29.2610872823 28.855946751 28.9072740299 28.7730071528 -9999 -9999 -9999 -9999 -9999 -9999 -9999 -9999 -9999 -9999 -9999 -9999 -9999 -9999
-9999 -9999 -9999 -9999 -9999 -9999 31.7508651241 31.2660701428 30.9137910456 31.0604246856 30.3053542773 30.3798588266 30.1190355973 29.977108509 28.3874449404 28.3230259584 27.7452852703 27.809239064 27.4791945154 27.5886689777 27.3422247065 27.1280089031 26.8307185158 27.6596835133 27.4684816368 27.1485835106 26.5240960076 26.9264223075 27.1529856731 27.0967525338 25.4804394665 27.0692357075 26.9220476161 27.1644179489 27.3219141758 27.6788943415 28.0275206445 28.0616961642 28.3781357084 28.1567775047 28.0858501545 28.7363405954 27.4573889097 27.0538320801 -9999 -9999 -9999 -9999 28.2962285669 27.8543988907 7.6586511756 -9999 -9999 -9999 -9999 -9999 -9999
-9999 -9999 -9999 -9999 -9999 -9999 -9999 31.5800088953 30.8366474608 30.9176818911 30.6968821493 30.74730435 28.8383858009 27.9619628186 28.1164079106 28.8478107735 28.5375600282 28.6007027983 28.1282142581 27.5040755634 26.871192311 26.5793203792 26.6589713728 27.2756408134 27.424428888 26.7287183441 26.7237516955 26.737139415 27.2548552556 26.9188856053 26.9055710242 26.67639421 26.9725660538 26.8997215936 27.7188830588 27.899828144 27.9466858774 28.2271867815 28.489831109 28.3006751469 27.5100482835 27.4804154844 26.8658344818 24.3131717748 22.5058802348 23.2185244067 23.6028956209 22.6951735349 21.988114947 26.3144344465 25.372889741 21.8462806292 -9999 -9999 -9999 -9999 -9999
-9999 -9999 -9999 -9999 -9999 -9999 -9999 -9999 30.5035606594 30.9762209911 30.8629496939 30.9301709488 30.0911232391 30.5196745983 30.2618060287 30.1088436732 28.5054441143 28.7789334362 27.7359411199 27.6276788359 28.3328165427 28.218408268 33.2908180672 37.9555133447 35.9347102418 37.7958952868 29.9839638407 25.9206689996 25.3708722237 25.1455742895 25.1035076161 25.1906166085 25.3939066733 25.4789752117 26.1742695813 26.3969105058 26.8123174865 27.05586908 27.121701374 27.1949896322 27.0840845265 26.5025573818 21.8156305093 21.2639178448 20.5028858577 19.9426113648 20.602996371 19.9064523557 18.9424866799 24.1700652372 24.4106126905 24.6846831479 23.4400480973 -9999 -9999 -9999 -9999
-9999 -9999 -9999 -9999 -9999 -9999 -9999 -9999 31.4057450132 31.259143595 30.6617749045 30.7662695106 30.2668867487 30.2917640241 29.7507576556 29.4574193417 28.0695806776 28.484411919 27.7084655331 27.8279536918 28.2574485601 28.2158125213 38.0464793349 43.3331357304 39.451550472 34.5931723294 38.7793276616 30.4083422584 26.1704267159 25.5347385747 25.3800932774 25.2150371362 25.4787371752 25.4842996029 26.2273339725 11.4202475473 27.1323070579 26.9068055361 26.9089076393 26.8901437021 26.6303398747 26.6366915285 21.4485744749 21.3490912667 20.0058189785 19.9273587453 20.5262216502 20.0458054502 20.504666807 24.9084681943 24.3461133896 24.3847533531 23.6044117161 24.1006023726 23.1122481156 23.3552227668 -9999
-9999 -9999 -9999 -9999 -9999 -9999 -9999 -9999 -9999 31.0285671076 30.6596447505 30.5732878259 30.3345079028 29.932707976 29.0257964177 28.9797828239 29.0290223601 28.9143970755 29.0285091936 29.1504439993 29.5555354063 28.7879863751 31.0217734931 50.6609850965 43.6026199114 41.9128514244 35.5997766728 33.4831564339 30.1771447343 24.9285900751 24.7299663513 24.5770996714 24.4091003713 24.2458504754 24.1813694074 21.3694804004 26.0929663025 25.9366145876 25.7798775846 25.6729065629 25.4833388525 25.1754516756 20.5680905466 21.0133111444 18.8315617806 17.8181010419 16.5044396022 17.0928631674 22.4689794061 22.6168816564 22.3710367965 22.2470334441 22.007608494 22.7215148195 22.6730996902 17.5105977298 13.453579833
-9999 -9999 -9999 -9999 -9999 -9999 -9999 -9999 -9999 -9999 30.2200997823 30.4813138582 30.3502938557 30.1139812051 28.7485003701 28.4416301357 29.5601329122 30.0956786089 29.879015111 29.4884548864 28.7965048751 28.4843176109 27.4502687998 36.2693783695 39.299905886 42.5612384729 39.128640617 35.3557125717 29.7370111762 32.3161291946 24.8872092129 24.7541096958 24.8414423636 24.2370866439 25.4339668624 25.3288081135 25.8698757905 25.882127516 25.8403528241 25.8680933269 25.541486949 25.2000581684 24.2848084726 20.7553349819 21.4983201515 20.9054924241 19.0900939703 18.2717259543 23.0181692603 23.2145012131 23.1877547205 22.7162775506 21.7181996334 22.2395504041 21.8656518018 16.4604998648 13.3809524265
-9999 -9999 -9999 -9999 -9999 -9999 -9999 -9999 -9999 -9999 -9999 15.8405654051 19.2234659302 28.6712673996 28.3426588903 28.0711110038 29.2181426388 29.2989528252 28.3210801496 28.6286691552 28.2229234166 28.1119899326 27.0170595043 26.4137595162 30.0694261444 32.780254931 34.2132583233 39.0655743506 36.0608228141 28.0684509637 34.0874918528 24.3233958433 23.0554665252 23.1894267272 24.3412927557 24.0694955375 24.5150760653 24.4392011284 24.8459657276 24.9807154273 24.2477394027 23.6985307458 23.9809688152 23.4851761136 18.5843968331 17.4381823317 17.4727699419 18.8328739903 20.6583109832 22.1591596762 21.4450961145 22.0379787301 21.4820887573 21.1056977372 20.0234815137 20.1057973838 14.5625287535
-9999 -9999 -9999 -9999 -9999 -9999 -9999 -9999 -9999 -9999 -9999 14.6091692308 21.5078897748 28.9303598934 28.5883961264 28.5330978869 28.3196298232 28.2642163048 28.1779797405 28.1603445592 28.0831536979 28.5533089941 26.9001360059 26.9593703131 26.4677097129 26.6804677074 31.2019013724 37.764335781 32.7162285207 30.3457612915 32.9622249819 32.5006115655 25.9166412402 27.9529731966 30.2161683874 25.4099238791 24.2965725923 24.6510280461 24.5340795747 24.1554872304 21.6158733509 23.9396997796 23.2366329656 23.5362776355 23.7934279733 19.9350519597 20.4361678359 21.3385659399 19.9317678295 18.278738426 17.6944742667 17.9285489394 16.031087437 21.6539656086 21.1046783077 20.5699166038 19.9202176435
-9999 -9999 -9999 -9999 -9999 -9999 -9999 -9999 -9999 -9999 -9999 30.3093436507 29.072722074 28.915898531 27.53796842 27.4587217007 26.7606916688 26.32961135 26.2111020811 26.4761662405 26.7071702035 26.8027415264 25.8508708117 25.6037025941 24.6918448782 24.8269725753 24.5904787155 24.4040334752 23.9791672983 27.6590367453 31.5908321887 34.8197863893 35.5831996816 35.6540654208 24.5419417882 28.0145252529 23.8193176413 21.8179867161 24.5704744699 18.042083335 13.9279037602 22.9984681247 23.1173871206 23.8336321361 24.7348363874 25.8733653039 19.8850305781 19.2104873163 18.1646143935 18.027248518 16.248838345 17.0165417505 16.8987322851 18.4917697718 21.3685011174 17.6633302707 15.8996722569
-9999 -9999 -9999 -9999 -9999 -9999 -9999 -9999 -9999 -9999 -9999 -9999 29.0569740762 28.8807091641 28.1557165381 26.9667505937 26.5065910599 26.5933381189 26.1076603987 26.7103679741 27.0217431659 26.6349481659 25.9858471966 25.8154790524 24.9335268341 25.1617060883 24.7911133723 24.9019219435 24.5087064676 24.3273259721 24.1511286008 24.2021804182 26.4203761276 31.0896434338 28.464317059 18.8697972748 32.1075255803 21.7597041064 24.4691760477 23.43413788 24.0929132642 22.6966387852 23.9060033722 24.5518142045 24.9431326054 25.2021263799 23.3339797578 19.2901097657 16.741944502 17.4144061119 15.8766472303 14.6841930058 13.2903836805 13.3870156916 11.9401767413 13.957489706 8.10088768074
-9999 -9999 -9999 -9999 -9999 -9999 -9999 -9999 -9999 -9999 -9999 29.499209591 29.380026692 28.9425556628 27.7974533063 16.0720108696 22.0504321281 26.2695315514 25.2285076175 25.5537978029 24.99882971 24.9107647665 24.2555627337 24.5126085521 24.1404937801 24.0893648042 23.6298077174 23.5483967137 23.5850088256 23.2835052119 22.7524123071 22.8772187279 22.4429136635 22.2877410413 22.4427507953 25.1239582421 23.8231312454 17.9145246569 17.1770721268 22.6162217982 22.4237197379 21.6294038074 24.9644446107 25.3584328818 25.9534869203 25.7810221038 24.9524417654 22.8323283196 17.8670998989 17.8888008695 14.8061698124 12.2445249019 10.929075457 10.9716673677 9.99065808813 10.5624252612 12.0478022901
-9999 -9999 -9999 -9999 -9999 -9999 -9999 -9999 -9999 -9999 -9999 29.7543072704 29.8517762778 29.3332987416 27.9999015674 21.2361712796 25.7291260248 26.5070529843 25.8946826299 25.911207114 20.8579071971 20.8951125391 24.1078862341 24.6398140299 24.2860407163 24.4440487643 15.7101602444 16.2198225034 22.3029279621 24.3336923095 23.7025808908 22.9553508897 22.2588836623 22.2807288182 22.3125684577 24.4621567814 19.7238274117 23.7160284869 18.8275221492 25.6563803629 21.4929668586 21.7599962308 23.9173573417 24.4368984675 24.9035981767 24.7062124965 24.0656370558 24.1990205793 22.9053337868 22.1193047205 14.6752832067 14.7388112538 13.1445469096 12.7638652263 11.7416114973 11.2500407123 9.22724587453
-9999 -9999 -9999 -9999 -9999 -9999 -9999 -9999 -9999 -9999 -9999 29.6178414387 29.7309479749 28.9239776323 28.2619610109 28.0614270882 26.0704134097 26.526204601 25.6753347831 26.3835433703 21.0858970244 9.24861747439 20.4188912352 25.1826576145 21.4867200656 21.5216348774 23.5889992075 24.0177139851 23.3979092137 23.0525681527 22.6356046245 23.3749238269 22.9198947937 22.74271723 21.6054971676 19.0858255634 13.6819815771 11.306716911 16.5441604107 18.9802020223 21.4474129555 22.3939736946 22.3112875758 21.8379263113 22.3686072938 22.4747367225 22.5005212526 22.4404591935 21.6470189283 21.6146657497 16.8647959656 11.9417900672 10.1217033541 9.96964178505 9.16835008209 9.54999815445 10.0706772429
-9999 -9999 -9999 -9999 -9999 -9999 -9999 -9999 -9999 -9999 -9999 -9999 30.0124293341 29.5270549137 28.735536237 27.9795880155 26.6346074231 26.8890381289 25.6773669959 25.9384385641 25.6696772777 26.4598687305 24.532815661 21.5001974919 21.0607502402 20.9477315435 19.6337317593 19.9733703216 19.1571012498 18.392999424 16.9647652259 22.0463061211 21.3570527341 21.7480598975 21.1929903543 18.5599725283 15.5196282549 12.8056225799 18.6059737882 23.1601155374 21.7999604635 21.6913800452 22.4438615239 21.8966829558 22.3241399011 22.2736184902 21.9347834136 21.9532075444 21.0229705505 21.6561950612 20.3726640394 11.3220723499 11.9058648475 14.2907570914 9.71827658644 10.1320895652 9.32168194636
-9999 -9999 -9999 -9999 -9999 -9999 -9999 -9999 -9999 -9999 -9999 -9999 30.3625692676 29.6122547162 28.5001696222 28.24671063 26.7018268008 26.9834611161 26.0817519982 25.9817984015 25.5410839149 25.5530130108 25.2143668305 23.2863671074 21.9064067469 22.9883838085 22.7932225987 21.853317333 20.0578371107 21.4064670146 19.414596954 20.091648316 23.2124996097 22.9223117245 25.5247225402 17.8942273976 22.0789761132 18.6166948161 22.6520065196 20.3890427747 21.8308467916 21.1030648605 20.4055710273 20.3639318819 20.4090637126 20.2190796824 19.7322634394 19.6777454725 18.9307833947 19.8268743751 18.9699521086 17.4976697475 16.4182770005 8.08327956606 5.76079255648 6.86242663977 5.43062975424
-9999 -9999 -9999 -9999 -9999 -9999 -9999 -9999 -9999 -9999 -9999 -9999 29.3858524026 29.5335277408 28.8013264448 28.6333247449 27.2596195434 27.2450038543 26.1673321793 26.7212968913 25.7445843466 25.3911006647 24.7527224194 17.8773876054 19.715091146 22.3015316679 24.4977273754 23.3047141748 20.273223441 19.5032173991 18.0236801635 17.5417732074 21.3423414194 23.721696782 20.5431083156 23.5084691612 31.433877009 21.2596619692 16.2463282309 13.3993473884 12.0383011756 14.5452388554 20.4073972266 20.5882349287 20.4807484766 20.4219846277 20.4121593047 20.4999514695 20.1052877513 20.4742078337 19.6524751677 14.8419418651 7.55072683688 6.44770556869 6.72745936967 6.19995386114 5.61264203398
