data/recharge/transience/recharge340.asc
ncols                  80
nrows                 72
xllcorner      4374000.0
yllcorner      5656000.0
cellsize            500
NODATA_value       -9999
[rows 0 to 25 of 72, columns 0 to 56 of 80]
-9999 -9999 -9999 -9999 -9999 -9999 -9999 -9999 -9999 -9999 -9999 -9999 20.2208542428 20.6824848956 -9999 -9999 -9999 -9999 -9999 -9999 -9999 -9999 -9999 -9999 -9999 -9999 -9999 -9999 -9999 -9999 -9999 -9999 -9999 -9999 -9999 -9999 -9999 -9999 -9999 -9999 -9999 -9999 -9999 -9999 -9999 -9999 -9999 -9999 -9999 -9999 -9999 -9999 -9999 -9999 -9999 -9999 -9999
-9999 -9999 -9999 -9999 -9999 -9999 -9999 -9999 -9999 -9999 -9999 -9999 21.3735956913 19.5527755615 18.7134485948 -9999 19.2517413466 -9999 -9999 -9999 -9999 -9999 -9999 -9999 -9999 -9999 -9999 -9999 -9999 -9999 -9999 -9999 -9999 -9999 -9999 -9999 -9999 -9999 -9999 -9999 -9999 -9999 -9999 -9999 -9999 -9999 -9999 -9999 -9999 -9999 -9999 -9999 -9999 -9999 -9999 -9999 -9999
-9999 -9999 -9999 -9999 -9999 -9999 -9999 -9999 -9999 -9999 19.8794998436 19.126410918 20.2452743027 20.0916411429 17.9285241107 17.4561782827 16.7752693216 17.1018748987 -9999 -9999 -9999 -9999 -9999 -9999 -9999 -9999 -9999 -9999 -9999 -9999 -9999 -9999 -9999 -9999 -9999 -9999 -9999 -9999 -9999 -9999 -9999 -9999 -9999 -9999 -9999 -9999 -9999 -9999 -9999 -9999 -9999 -9999 -9999 -9999 -9999 -9999 -9999
-9999 -9999 -9999 -9999 -9999 -9999 -9999 -9999 -9999 19.2164749661 19.6230506767 19.5230232294 18.8509277183 19.2153524674 18.9966329465 18.5646551823 17.6568424419 19.0486864926 -9999 20.0189459186 -9999 -9999 -9999 -9999 18.9974977659 19.6278237551 -9999 -9999 -9999 -9999 -9999 -9999 -9999 -9999 -9999 -9999 -9999 -9999 -9999 -9999 -9999 -9999 -9999 -9999 -9999 -9999 -9999 -9999 -9999 -9999 -9999 -9999 -9999 -9999 -9999 -9999 -9999
-9999 -9999 -9999 -9999 -9999 -9999 -9999 -9999 20.801110261 19.74885488 18.5576136865 18.8479603784 18.4795994401 17.886087515 17.8760535608 17.5998206977 16.8781228485 16.5074557163 16.63157946 17.749503494 17.9317333732 18.4429698327 -9999 18.0368224472 19.7411822231 19.9054085645 -9999 -9999 -9999 -9999 -9999 -9999 -9999 -9999 -9999 -9999 -9999 -9999 -9999 -9999 -9999 -9999 -9999 -9999 -9999 -9999 -9999 -9999 -9999 -9999 -9999 -9999 -9999 -9999 -9999 -9999 -9999
-9999 -9999 -9999 -9999 -9999 -9999 20.8457819142 19.2766093629 18.6896393223 19.0131046823 19.5398800301 20.0875211885 19.2642107916 18.9111979234 17.8037163129 18.4216314195 17.4838133907 16.8505443137 17.6349122193 17.5242989686 17.6441169872 18.0978672619 18.6921372227 18.1025610909 18.9574325723 18.8579615556 19.8102171858 -9999 -9999 -9999 -9999 -9999 -9999 -9999 -9999 -9999 -9999 -9999 -9999 -9999 -9999 -9999 -9999 -9999 -9999 -9999 -9999 -9999 -9999 -9999 -9999 -9999 -9999 -9999 -9999 -9999 -9999
-9999 -9999 -9999 -9999 -9999 -9999 20.5343088906 19.7293627721 17.8542083259 17.5375302706 17.3404882165 18.0981640117 17.7331401316 16.8271333811 16.4074760432 15.9019231556 16.526807732 12.6020235891 16.1173805642 15.727059434 16.6385622887 17.8163423538 17.9308958678 18.0607864951 18.1716029133 17.6669757823 19.5746383536 20.4033269815 21.06509189 20.7054564332 22.2822603924 22.3521031715 -9999 -9999 -9999 -9999 -9999 -9999 -9999 -9999 -9999 -9999 -9999 -9999 -9999 -9999 -9999 -9999 -9999 -9999 -9999 -9999 -9999 -9999 -9999 -9999 -9999
-9999 -9999 -9999 -9999 -9999 21.5635125416 20.7376268979 20.5678336342 19.839850807 19.82997849 19.3620855567 18.6895463711 17.3768840082 17.4523094985 17.3673998681 17.6031240091 12.578273861 7.2061014488 13.2792707623 15.9911531568 16.7229930468 16.4617641284 17.4449511253 17.6890401582 18.5302275759 18.9648519236 19.3675422736 19.2995070984 20.6285633423 20.5039995364 20.8053738882 21.2892407393 20.9985716668 20.7751474552 -9999 -9999 -9999 -9999 -9999 -9999 -9999 -9999 -9999 -9999 -9999 -9999 -9999 -9999 -9999 -9999 -9999 -9999 -9999 -9999 -9999 -9999 -9999
-9999 -9999 -9999 -9999 -9999 21.3909711127 20.6207749256 20.7093028316 19.901176388 19.4023803613 19.1652543166 19.5677793075 12.7628843911 10.4517076929 18.8411371955 18.9139632803 13.9456891575 5.34065720721 10.0263863595 12.9356222917 16.9159811162 16.8651466896 18.3066861923 18.0571546949 18.2439401401 17.3509476482 18.4560360557 17.8909926144 19.3361418235 18.5670899276 18.2420388801 19.3896013241 20.4571104746 20.2094487813 20.5095981478 20.3826323256 -9999 -9999 -9999 -9999 20.0532577174 19.5169628323 -9999 -9999 -9999 -9999 -9999 -9999 -9999 -9999 -9999 -9999 -9999 -9999 -9999 -9999 -9999
-9999 -9999 -9999 -9999 -9999 20.8903834186 20.3929269571 20.1611836445 20.1394990704 20.5953421004 20.1224448954 19.8366442567 18.8614506755 19.1692236393 19.4759652987 17.9623682774 16.3964105993 18.5099709227 18.0906704747 18.2110218948 17.9589512343 16.4318381675 16.9146215897 16.6261454167 18.0693166935 17.842968721 18.2375749549 17.4558238006 19.6144721274 17.5680605835 11.5658379458 15.9790904972 20.2689191002 19.9577382602 19.6811299097 20.5311722589 20.4126791007 -9999 -9999 20.3046054618 20.3182143893 20.144661114 20.2998110875 -9999 -9999 -9999 -9999 -9999 -9999 -9999 -9999 -9999 -9999 -9999 -9999 -9999 -9999
-9999 -9999 -9999 -9999 -9999 -9999 21.4548184169 21.2908199887 20.6360241089 20.4674425325 19.5437762224 20.0466424437 20.8216522386 22.5361041308 17.8494960799 17.1459381358 17.2144795225 17.0459140482 16.7183707605 16.6761445165 17.377416014 17.5615359278 17.6386886823 18.4036018324 18.2665918062 17.5357212801 17.0047754588 17.5829843503 18.1766775114 18.2162457055 17.5686941833 19.1801396116 18.9577722678 19.0887747768 19.4262291339 19.6641851993 19.4919693308 18.9625828642 19.8067185537 19.5504102605 19.2747814419 20.4342590477 18.5053674141 17.6164109102 -9999 -9999 -9999 -9999 19.0158244078 18.3470279115 4.30465514594 -9999 -9999 -9999 -9999 -9999 -9999
-9999 -9999 -9999 -9999 -9999 -9999 -9999 20.849440466 20.1657736893 20.8185847516 20.6954975025 20.2607140045 19.2554242503 17.6537519998 17.1207539418 18.6027768537 18.6908689002 18.7196453687 18.6393231656 17.4308684823 16.8481569235 16.7838483594 17.2523321907 17.5363914617 17.7502716856 16.8915915192 17.4862840494 17.7173176376 18.3764177003 18.0557580647 18.7278364766 18.6090295931 19.1390209945 18.8428666824 19.8362818988 19.8748960467 19.9008929752 19.8531248059 19.7383481798 19.6442837952 18.4529853987 18.3135899748 17.4247781504 15.8945327158 14.5392667133 15.2871761108 15.3490783836 14.4697280449 13.8953062866 16.5373283308 15.865616258 12.7108164126 -9999 -9999 -9999 -9999 -9999
-9999 -9999 -9999 -9999 -9999 -9999 -9999 -9999 19.8022859723 19.3286693766 20.0258589575 20.5558962201 19.7188261616 20.2823276446 20.185633376 19.6214882883 17.8791542912 18.0131441059 17.0888908055 17.7047257491 19.506909113 19.2692830521 22.6025914828 27.0342142865 26.9951812723 27.3187434008 20.3593285792 17.4555697453 17.1086931446 16.3155743279 17.4234068532 17.5422234675 17.9370419533 17.6561490114 18.4515395873 18.8352957589 18.9348625773 19.2706862155 18.6703782468 18.6936680402 18.469712913 17.748114351 14.4321653054 13.9243172831 13.3252825173 12.8185304603 13.2247662296 12.591778729 11.8742248958 14.9314648218 15.1601330507 15.5702765487 14.4254716851 -9999 -9999 -9999 -9999
-9999 -9999 -9999 -9999 -9999 -9999 -9999 -9999 20.8627154498 20.1491489837 19.5118821803 19.5966186948 19.3300332714 19.2991853706 18.4603282638 18.1964941534 17.5113468721 18.0798788603 17.7416308727 18.2387434249 19.2139489459 19.1569445576 25.9338574769 32.089550781 29.6682233858 25.9830023213 28.711672566 21.3490643644 17.7003583071 16.6711283325 16.793439362 17.2296636229 17.134637584 17.4742014772 18.4870726604 7.21178537216 19.54025991 19.0110632655 18.5700542934 18.454544363 18.0934190342 17.6684795525 14.0759037437 14.0039651211 12.8654463894 12.7973212949 13.1549402341 12.7190251764 12.8293808214 15.7540901476 15.2858410782 15.3242077518 14.90054417 15.6698417377 14.4524696755 14.9075218195 -9999
-9999 -9999 -9999 -9999 -9999 -9999 -9999 -9999 -9999 21.0811158592 20.3691540386 19.2326557248 19.4436317069 19.2265626308 18.6495917085 18.651233496 19.4424274453 19.6182890471 20.0274798654 20.1107855318 20.5389453716 19.1110902132 21.7660221455 36.2170696535 33.4326220914 31.7116579362 27.4840535387 25.8000716366 20.6997469143 17.2042248817 17.2778368449 17.3808355259 17.2664485551 16.5227039463 16.8278133347 14.8260083518 18.5038597144 18.1127366688 17.5873338223 17.6064157017 17.1684487306 17.2638499429 13.2073750423 14.1557165474 12.2317606142 11.3957409924 10.4288683723 10.7406170108 13.9805247488 14.1468378456 14.0368168763 13.8316140314 13.8504089511 14.6303996196 14.8205172442 11.3895814966 8.72763197353
-9999 -9999 -9999 -9999 -9999 -9999 -9999 -9999 -9999 -9999 19.4939923272 19.7958524921 19.3216140933 19.3544239039 18.1322088367 17.5272538318 18.4355378628 19.6921672146 19.2985098319 18.3781274921 18.2613116288 18.0169870293 17.559146744 23.7642021544 29.5691024723 32.0496896543 30.1739093106 27.4887208039 23.84566954 22.5602012191 17.2845074256 17.2568931856 17.8927907992 17.1018907304 18.3970126447 18.0092282449 18.2664244933 18.0947995835 17.6584888408 17.7043595697 17.4675290851 17.3911526253 15.9986949802 13.9130838314 14.7208511076 14.1499230488 12.6403030502 11.4960077473 14.7479779687 14.7685853941 14.9744703655 14.6020223255 13.5876551079 14.3197761597 13.6841377999 10.7602794326 8.66263505912
-9999 -9999 -9999 -9999 -9999 -9999 -9999 -9999 -9999 -9999 -9999 10.0568136794 12.0017635365 18.7704426536 18.1333239301 17.5035632086 18.5585649187 18.5201044341 17.7498858055 18.328764546 19.1560042879 19.0679893253 18.0654850813 16.8131284609 20.2928451676 23.4417942126 26.9931535443 31.5147275554 30.8764282258 20.8522136894 22.8465115431 17.7971096412 16.7118792697 17.01185726 17.3562081148 16.6665198068 17.2461066023 17.1736517042 17.2493800558 17.3017415607 17.1551475556 16.3601514575 16.3246179808 15.2821165603 12.1850808615 11.0983558208 11.7275217355 12.7427520232 13.3947672878 14.4487658879 13.6728150416 14.5133526426 14.3908762856 13.8124018521 12.6296064225 12.7507335146 9.45820705988
-9999 -9999 -9999 -9999 -9999 -9999 -9999 -9999 -9999 -9999 -9999 8.50765354614 12.9406440742 17.8672024391 18.4010211648 18.0958793934 17.4090042838 17.00329161 17.9859682293 18.0626263452 18.5337113857 19.3775786241 17.8298853784 17.5307519768 17.8597662473 18.8172535842 22.4064461113 26.658826066 26.228695054 27.895632597 28.2504836346 26.5300008117 19.8401981288 21.6822639544 21.2179334859 17.8130257785 17.1330879597 17.3775171633 16.9711130363 16.7429410538 15.8074882068 17.1944833328 15.6676777956 15.892745763 15.4868187736 13.2435779892 14.2503974463 15.3255189635 14.330663483 12.3452868063 12.1676025093 12.3508118935 10.7509237464 14.6123508388 14.2402811132 13.4155511152 12.6296333085
-9999 -9999 -9999 -9999 -9999 -9999 -9999 -9999 -9999 -9999 -9999 20.3509452774 19.4681184304 19.0691358553 17.3667490296 17.7852074822 17.0784704931 15.8274646223 16.333528702 16.9677966624 17.6138105341 17.793860027 17.5777675153 16.7139586109 16.7044148296 16.6515501707 16.9358156325 16.7306610973 17.3528517949 20.3372011931 23.1761681838 27.9338888903 29.4907826736 29.9260532706 23.0288978706 17.7522135629 19.5548442956 17.2136765208 17.1554835474 11.357478032 8.76542002892 16.5741512809 16.7586079925 17.5941244612 18.0918549077 19.0129009111 13.9253116252 13.2441398558 12.7702989975 12.5270555741 11.1331245765 11.8790996531 12.0340237212 13.5993843663 15.3408442894 11.6124534239 10.2612755814
-9999 -9999 -9999 -9999 -9999 -9999 -9999 -9999 -9999 -9999 -9999 -9999 18.2533037937 18.8161980757 18.6272218607 17.8066541461 17.3713414763 16.8234819047 16.4905121935 17.2918703926 17.9385619556 17.4189617318 17.7197142204 17.7333884574 17.0201491302 17.2473960735 17.1305597945 17.381324375 17.3643009184 17.0054432895 17.0585976805 17.3523755973 18.9774054043 22.7696743828 24.8149134246 14.2824473536 21.6395539105 18.0793154322 18.1414177926 16.6859816809 17.1046300267 16.3681318969 18.0245898335 18.8372056918 18.967294548 18.9864848157 16.103362846 13.325006927 11.3960228349 12.0019196985 10.697577542 9.80841723364 8.81253356748 8.9395313869 8.2386850866 10.2705032909 5.67486311196
-9999 -9999 -9999 -9999 -9999 -9999 -9999 -9999 -9999 -9999 -9999 19.4493639042 19.546328582 19.6168089053 19.2731234976 10.7577961463 14.7034510961 17.5273868086 16.7399724866 17.1402164779 16.5255404811 16.3810991605 16.2845305383 16.5458772487 17.1311390835 17.0134585894 16.8988727446 16.5652848326 17.1699198809 16.8283559623 16.2839350621 16.5582656787 16.0084898779 15.8773102955 16.1922335554 20.6075086031 19.9343795464 15.4568344847 14.5398008425 16.5669119249 16.3465801008 15.7313096503 18.3964285964 19.3507439586 19.9637926546 19.8230275298 19.0462385918 16.5730940125 12.8803085789 12.882095488 10.3748004502 8.17127363376 7.32026717301 7.35741467929 6.76359035984 7.26595717847 9.02039857027
-9999 -9999 -9999 -9999 -9999 -9999 -9999 -9999 -9999 -9999 -9999 19.8520530179 20.919650666 20.369219713 18.9357048435 13.131060789 17.5450799717 17.8890338623 17.3104070132 17.6037496876 14.3909875035 14.7292097853 16.9545322467 16.9897260138 17.4869723632 17.6663883178 10.2014871451 11.3123662736 17.0135187362 19.2677777855 18.4527442802 16.713971577 15.8271027709 15.8791321037 15.986999341 19.1971479953 16.8069561593 19.6879453838 15.4373499325 18.5970234723 15.3908703227 15.9996678187 17.3273934474 17.7194539618 17.827556794 17.4247271987 17.7508616944 17.9782076658 16.4760601133 15.6514696375 10.1558012052 10.3748902301 9.22901632356 8.91744783877 8.28613395175 7.84982053722 6.42778190739
-9999 -9999 -9999 -9999 -9999 -9999 -9999 -9999 -9999 -9999 -9999 20.9226257818 21.2240130286 19.9923832807 19.882294732 19.6492860597 17.8063914619 18.3520999351 18.280785696 18.9003993869 13.8313901873 6.18468837638 15.0784421329 18.2504447813 16.1945786696 16.2360325475 17.9415055085 18.1058247286 17.3305473775 16.7319256012 16.6846942091 18.4821402618 18.3599672996 17.8894665527 16.2801467555 15.8502742777 12.7967730567 10.8263368506 14.2814131477 14.2947631567 16.2549349709 16.8364704569 16.1559277131 15.4121164134 15.4561897628 15.5118085456 15.9448264223 16.0418985189 15.4996504169 15.2062173983 11.5508450504 8.23218456515 7.03155899648 6.82552974136 6.44915879056 6.78453811146 7.64020294779
-9999 -9999 -9999 -9999 -9999 -9999 -9999 -9999 -9999 -9999 -9999 -9999 21.5818795423 20.9580675108 20.1304307784 19.1791928866 18.7023279814 18.9508962209 18.2620700878 18.6361864241 18.6966098302 19.7173464649 17.2096548747 15.4175074913 15.7709726277 15.6575923933 15.0312764063 15.3632649483 15.0177800779 14.2680906414 13.0416634702 15.6294632327 15.2933261225 15.8750585751 15.6411909403 16.5774211609 14.1690933413 11.9266113902 15.9508026458 17.6790048627 16.225908704 15.6340933417 16.0818021386 15.2955953189 15.4786722577 15.5059090757 15.2399602298 15.4646808325 14.7339061917 15.0528562139 14.0080985772 6.98510913483 7.99995966499 10.430944004 7.30401063273 7.46598605532 6.9701761087
-9999 -9999 -9999 -9999 -9999 -9999 -9999 -9999 -9999 -9999 -9999 -9999 22.6434749277 21.1916099709 20.1938136406 19.6929307011 18.6144281059 19.0858363691 18.9758251055 18.2912169674 18.8228650725 18.3970615574 18.1948689928 17.5967001667 16.5858791997 17.2146363956 17.9087329172 17.1859256671 15.9630153782 17.3786909815 15.7868090101 16.3381725207 19.1087320285 18.8274310499 20.5081381264 16.7044851124 13.730996724 16.6951463583 19.2473777304 16.459703919 16.6296086832 15.3721871167 14.5152974189 14.4306057609 14.4023727996 14.3560828813 13.8017112417 13.883002671 13.1109738206 13.8531754486 13.3507818086 11.7389270792 11.8177224744 6.26444708502 4.83023538887 5.80538405502 4.42971515781
-9999 -9999 -9999 -9999 -9999 -9999 -9999 -9999 -9999 -9999 -9999 -9999 21.1277293639 21.1305736193 20.6449158481 20.5681051909 19.1802340754 19.0375302723 18.486474869 19.5437709386 18.8978010704 18.6026811217 18.197545271 11.5866394726 14.3667127441 17.2129215872 18.3872337752 17.5557829856 16.1820881325 15.4051781947 14.3696114958 13.8834005221 15.3810866051 17.6063284721 15.5463733829 19.3766524935 19.9984012256 17.225343149 14.3656806185 10.6767786237 9.24978313708 10.473049953 13.8912220981 14.6304420092 14.3188016708 14.4288162328 14.4015120126 14.4044749381 14.2850902513 14.8850685105 14.5047627764 11.0478772021 6.14337446586 5.21778686657 5.09388167204 5.24583843466 4.96418420747
