data/recharge/transience/recharge262.asc
ncols                  80
nrows                 72
xllcorner      4374000.0
yllcorner      5656000.0
cellsize            500
NODATA_value       -9999
[rows 25 to 49 of 72, columns 0 to 54 of 80]
-9999 -9999 -9999 -9999 -9999 -9999 -9999 -9999 -9999 -9999 -9999 -9999 1.81640025496 1.93858008044 1.90354410258 1.34321497939 0.992031489193 1.07818880196 0.75531231574 0.89040495126 0.844620914299 1.1038414819 0.961034516922 0.291129898324 0.245383021747 0.306113455048 0.31575497097 0.279716574662 0.211305489143 0.176321350841 0.153655336175 0.13994217143 0.292672279701 0.343160931348 0.0220324866582 0.189674516236 0.157126622168 0.0438042775879 0.0301754457257 0.0924919905114 0.0952064462911 0.10094712783 0.381627927988 0.731630257859 0.736839202375 0.747760834503 0.767820799652 0.764676516224 0.756407558717 0.793023931409 0.667080113228 0.186205920414 0.0563539883252 0.0432429668751 0.0456863299004
-9999 -9999 -9999 -9999 -9999 -9999 -9999 -9999 -9999 -9999 -9999 -9999 -9999 2.01760200792 2.02714190672 2.11007623585 1.18168552088 0.962916262613 0.778170105514 0.732338044906 0.771894883696 1.03707463781 1.18802793866 1.03942755301 0.526722786239 0.285908164922 0.284170219971 0.162817340788 0.199872014701 0.224256391336 0.182556198229 0.171881729761 0.583982759071 0.0417763036457 0.023089216361 0.15436727977 0.241105036879 0.0338736963925 0.0901793732349 0.0841022929941 0.0747070677686 0.0776441382748 0.0475933351947 0.0828616298133 0.14344494083 0.298990077428 0.644105088248 0.628766391609 0.183925443921 0.0659901271179 0.0414395348552 0.042470891631 0.048569174292 0.0566360155553 0.188655396495
-9999 -9999 -9999 -9999 -9999 -9999 -9999 -9999 -9999 -9999 -9999 -9999 -9999 -9999 1.33915366858 1.38704311602 1.05841599763 0.825642369675 0.739789008885 0.798029626351 0.728716955278 1.03455907408 1.19626017388 0.842327874363 0.40912880427 0.439471041251 0.492559213585 0.431469294842 0.253109087639 0.178784668904 0.199780455625 0.417969241911 0.802476728622 0.083511882354 0.0313258138973 0.20172854285 0.170648742155 0.0698710129698 0.0935673420234 0.0735292124612 0.08127590516 0.0699050576005 0.0763398044512 0.0554920120679 0.0422160256936 0.0491562483726 0.042893148752 0.0407483923809 0.0402338171438 0.0473832477256 0.0451545770311 0.034906080843 0.0343998597063 0.059143493786 0.296708069469
-9999 -9999 -9999 -9999 -9999 -9999 -9999 -9999 -9999 -9999 -9999 -9999 -9999 -9999 1.54728853858 1.29878133965 1.2741834428 0.866934515807 0.745090406235 0.790999919022 0.788323971617 1.01223897548 0.704902923638 1.02267540614 0.804991563781 0.797127109415 0.50002773134 0.726749914664 0.935757636937 0.738746419619 0.596110313043 0.627406325586 0.804059344074 0.67102078863 0.0439350644658 0.202246175441 0.165542731597 0.0629137219255 0.0707312705939 0.0834502488027 0.059047318652 0.0707759356846 0.0764672772784 0.0728843421202 0.0593760180663 0.04722323406 0.0382770083647 0.160228060281 0.184659656446 0.0380241102636 0.0548254075644 0.0640635815818 0.0738796528249 0.114493502547 0.211399544017
-9999 -9999 -9999 -9999 -9999 -9999 -9999 -9999 -9999 -9999 -9999 -9999 -9999 -9999 2.35366073532 1.95680516105 1.64785018173 0.98208623088 0.90442431105 0.900687128755 0.800541082786 0.896156077859 0.892752594102 0.820861906074 0.628868403448 0.606721399536 0.786838226225 1.01825973038 0.838026862774 0.901275233289 0.841797770314 0.724721712358 0.758392722087 0.209635715864 0.225644701086 0.177266771374 0.210338621564 0.048236676571 0.158666286546 0.0942634218345 0.0663718529496 0.0787331293487 0.0684036375074 0.0699808852216 0.0444685209875 0.0484806350708 0.0377679941444 0.0519684008625 0.104878931318 0.100296695945 0.0573979245742 0.0237278797293 0.0344915374329 0.0279471465134 0.023292291608
-9999 -9999 -9999 -9999 -9999 -9999 -9999 -9999 -9999 -9999 -9999 -9999 -9999 -9999 2.71326635282 2.32550397572 2.12074733063 1.58228685196 1.41341586727 1.9268343372 1.09660570079 1.08338963879 1.3647257486 0.879275622587 0.502067309706 0.586132309524 0.586090819389 1.13276916346 0.965910818931 0.922631228358 0.897721545299 0.968432537565 0.893816839168 0.454060727155 0.200233670389 0.202926492037 0.172071422583 0.22770606784 0.135989930528 0.180307842437 0.0310774854235 0.0488394157905 0.0519959447024 0.0571041163456 0.0442586831349 0.0402442129477 0.0578944660126 0.0429202270629 0.0901384373013 0.119346010906 0.0659920788641 0.0891640245227 0.0579374803264 0.0902933988232 0.0968398685258
-9999 -9999 -9999 -9999 -9999 -9999 -9999 -9999 -9999 -9999 -9999 -9999 -9999 -9999 -9999 1.99882639632 1.83228959299 1.37003861006 1.7708921558 1.51829163157 0.782879670398 0.768440902248 0.976428721624 0.990640236811 0.497276714143 0.718017485343 0.660742617618 0.800203264675 0.892510509243 0.847981311388 0.791099567382 0.783974969866 0.680606484364 0.541677444219 0.221229375508 0.223870534545 0.202347782602 0.197338281229 0.186918768532 0.163577047229 0.125065766098 0.162079999792 0.00827691463223 0.0146719849705 0.0291451811234 0.0160251101114 0.00787834437254 0.00872536023925 0.0176738919774 0.037511643427 0.0444437747861 0.0395503837966 0.0666502632795 0.131410221437 0.125110551734
-9999 -9999 -9999 -9999 -9999 -9999 -9999 -9999 -9999 -9999 -9999 -9999 -9999 -9999 -9999 -9999 1.86306393897 1.15714664169 1.33010873507 1.65948138556 1.26344439016 1.26807175504 0.837225808741 0.584417742084 0.564784051598 0.546877039662 0.467808351194 0.442460342274 0.794019798178 0.756187382385 0.92847550562 0.745631697395 0.790200291733 0.686623117255 0.21392820248 0.242642032598 0.233568714802 0.257931838549 0.250344467678 0.321655547442 0.248733301248 0.245561620485 0.100855782129 0.0153630399161 0.00708932153047 0.00506200492304 0.00422283996902 0.0369956778389 0.0422940483124 0.0328337558445 0.0468010072449 0.0780797822091 0.0568792358458 0.0459836076463 0.056126759822
-9999 -9999 -9999 -9999 -9999 -9999 -9999 -9999 -9999 -9999 -9999 -9999 -9999 -9999 -9999 -9999 1.1486751519 1.27155667615 1.48080110263 1.1247365144 0.996352285666 1.67429922798 1.36168927228 0.635262522807 0.581485357271 0.643558102776 0.50916826391 0.468384045747 0.627124177798 0.691291052203 0.631426606328 0.698114171153 0.710788760617 0.846939161155 0.370584221389 0.229426508803 0.304768453242 0.267170303239 0.245387394153 0.233582126941 0.138686615058 0.216963191312 0.165655477686 0.0662520774746 0.0308789549009 0.01606411077 0.021999042137 0.0817411111625 0.0320735843947 0.0400862947301 0.0588382965376 0.0625422860266 0.0892901661014 0.0975498362182 0.134477924726
-9999 -9999 -9999 -9999 -9999 -9999 -9999 -9999 -9999 -9999 -9999 -9999 -9999 -9999 -9999 0.787726853564 0.791179278403 0.756408573055 1.06506307277 1.02894597283 0.945604985781 1.09822315896 0.880071117922 0.676902651823 0.553469060566 0.595677310452 0.529145823216 0.557259531066 0.61554707053 0.839760616479 0.914125076438 0.932256085175 0.929376415464 0.592110790904 0.211889937177 0.0869067854 0.139425973049 0.206677586719 0.220916076435 0.181179554623 0.0801436148719 0.0364455445793 0.0177864414111 0.0172509075077 0.0210242639033 0.0128160749105 0.141585414975 0.175949597295 0.0458616925277 0.0625105990136 0.0475876931491 0.0368673465514 0.0421286514978 0.0473873790889 0.054135539048
-9999 -9999 -9999 -9999 -9999 -9999 -9999 -9999 -9999 -9999 -9999 -9999 -9999 -9999 0.966297388656 0.881186720953 0.828358989287 0.429591337118 0.579368733162 0.937373318055 0.793353727632 0.900814145938 0.692550379732 0.723583757727 0.55650181981 0.526507449051 0.466750749819 0.593443457804 0.958432003492 0.957715206978 0.845735787724 0.858530931767 0.487601783627 0.257324801721 0.180921698923 0.0864870416728 0.221272580034 0.191078309905 0.0103295298084 0.0347121629965 0.0553060677243 0.0123406715699 0.0106204881757 0.012365584409 0.00830436593434 0.00673228456423 0.0211866996658 0.0374810819877 0.0598362488613 0.0466326263233 0.0415502708611 0.0411327626357 0.0454544012683 0.044375638295 0.0430818491314
-9999 -9999 -9999 -9999 -9999 -9999 -9999 -9999 -9999 -9999 -9999 -9999 -9999 -9999 1.18242028492 1.17876912037 1.01535293056 0.410199298045 0.283755481072 0.33084049787 0.64758930184 0.807722956219 0.703607207877 0.749881365415 0.576132907099 0.459993578159 0.213444463309 0.228091666011 0.368219658786 0.924451367112 0.961679091975 0.50682867349 0.251237663392 0.209850679394 0.16291464932 0.185097129198 0.0868717451653 0.137381182452 0.046874797442 0.0491749396275 0.0845780201989 0.0715942456467 0.0185198626204 0.0157559167277 0.0140118643714 0.00658766188688 0.0146442961361 0.061108872504 0.0922981520112 0.114579622261 0.115391753036 0.113529148279 0.0787198317483 0.0665246728107 0.0825219042911
-9999 -9999 -9999 -9999 -9999 -9999 -9999 -9999 -9999 -9999 -9999 -9999 -9999 -9999 -9999 -9999 1.04047901387 0.800736874592 0.797597869467 0.762741652811 0.507751976243 0.620816204106 0.817000577942 0.822327574495 0.614267018261 0.274947126809 0.112337733161 0.122507280255 0.102826763511 0.261536081014 0.370490583656 0.239445072103 0.21532508037 0.167763472625 0.190049400993 0.192874682811 0.135316402515 0.0488526831147 0.102485614169 0.160437207316 0.0835119675302 0.0579568902429 0.101461038953 0.0597451171956 0.00852398925648 0.0109572657803 0.00976687967202 0.02313945487 0.0560645820874 0.0693700855594 0.0681298996143 0.0708102221661 0.0648017328183 0.0547540415855 0.0391095195924
-9999 -9999 -9999 -9999 -9999 -9999 -9999 -9999 -9999 -9999 -9999 -9999 -9999 -9999 -9999 -9999 0.985253700575 0.865539228791 0.801997811058 0.43684403339 0.486668039825 0.517384820543 0.617807179317 0.707520024664 0.721749955341 0.344227672544 0.227916644643 0.208780899423 0.206327890488 0.29778743418 0.36212004515 0.331284159897 0.247732731435 0.192813708745 0.128260908764 0.140731924034 0.152572262514 0.193120608612 0.114693005308 0.0993012050526 0.134011207856 0.196201361164 0.268627373957 0.188750376352 0.0631398864928 0.00939584511787 0.0043782573282 0.0091861274606 0.049040022028 0.0376184133027 0.0313107088063 0.0318269168918 0.0275935908147 0.0314611446559 0.0324703443644
-9999 -9999 -9999 -9999 -9999 -9999 -9999 -9999 -9999 -9999 -9999 -9999 -9999 -9999 -9999 -9999 -9999 -9999 0.830686137857 0.552541721679 0.366356225478 0.47316811725 0.560791287843 0.845016466713 0.676662013168 0.467789997909 0.195924682142 0.200631809719 0.234410261344 0.272084215106 0.207663789917 0.179250940626 0.177049560443 0.18761595744 0.125393800442 0.168803547273 0.170199289595 0.113182762679 0.104747935827 0.155132321638 0.106188348701 0.0908846198185 0.0756539719549 0.0749354645152 0.0739351045003 0.0440827906737 0.00584080056276 0.00566442403165 0.0117028637147 0.02489427001 0.0355565248579 0.0408172152942 0.0281091649322 0.0288265971612 0.0350689604817
-9999 -9999 -9999 -9999 -9999 -9999 -9999 -9999 -9999 -9999 -9999 -9999 -9999 -9999 -9999 -9999 -9999 -9999 -9999 0.378971887692 0.389480753605 0.455148595818 0.426096361607 1.12931758756 0.813658391124 0.775100405906 0.559702201153 0.233970623018 0.210792082357 0.200861380401 0.21070320944 0.227119288931 0.182208375305 0.170569381231 0.101608155271 0.0721251903044 0.0684255967973 0.109652282903 0.107397420429 0.134643624864 0.0972697973557 0.086284692873 0.0671360915577 0.0888224363324 0.0928856943108 0.098292870643 0.0308674577871 0.00497107167597 0.00397825827877 0.00945721471975 0.0181770284746 0.0326539580593 0.027404852167 0.027142395315 0.034017974124
-9999 -9999 -9999 -9999 -9999 -9999 -9999 -9999 -9999 -9999 -9999 -9999 -9999 -9999 -9999 -9999 -9999 -9999 0.656634815432 0.815066249303 0.861415478438 0.80326936627 0.474764198095 0.872204365228 0.787567042757 0.837301466744 0.926095000144 0.484025014451 0.256280588078 0.22934135927 0.192271126853 0.26564572107 0.148531332044 0.134553494687 0.0952054207924 0.12054384985 0.162741271366 0.150162630187 0.136331287752 0.138348936612 0.15660035584 0.0970407424304 0.0814085160168 0.126346676976 0.0866133892917 0.101882584472 0.091247425456 0.0406900252771 0.0138175998017 0.0054459963632 0.0115862120828 0.0222979006208 0.0450227035939 0.0608537632195 0.0471630960408
-9999 -9999 -9999 -9999 -9999 -9999 -9999 -9999 -9999 -9999 -9999 -9999 -9999 -9999 -9999 -9999 -9999 -9999 -9999 1.20299722342 1.10663402171 0.962434752613 0.531013909409 0.843161790393 0.929765697595 0.912724903905 0.707217182562 1.01624135236 0.501644832601 0.680457921344 0.919354403814 0.906114608495 0.323757070636 0.134949016602 0.135968588406 0.102834492798 0.0632664836516 0.0544134945552 0.0475628245978 0.0475421823336 0.0603124969405 0.10386690761 0.0886106853557 0.205775286048 0.241988209542 0.180124804525 0.124465847676 0.0765620500221 0.0213802355291 0.00797825156979 0.00283959481426 0.0918324949086 0.127087940484 0.19335952614 0.0548041846062
-9999 -9999 -9999 -9999 -9999 -9999 -9999 -9999 -9999 -9999 -9999 -9999 -9999 -9999 -9999 -9999 -9999 -9999 -9999 -9999 0.688274889925 0.869219419887 0.54842017017 0.621816220612 0.755980235225 0.870912339532 0.710989328643 1.06396478456 1.45215395963 1.32595492757 1.14055727462 1.10329307573 0.208608426093 0.350587017209 0.401530253875 0.231857494977 0.112848575997 0.146540329343 0.134903542259 0.127097647525 0.100460239324 0.144919944635 0.152096196406 0.126782464299 0.185419735534 0.149276085475 0.117965602052 0.140194872778 0.104275561248 0.0375871096314 0.0172506898429 0.00906706761724 0.0039006387098 0.00606327279452 0.0581352805758
-9999 -9999 -9999 -9999 -9999 -9999 -9999 -9999 -9999 -9999 -9999 -9999 -9999 -9999 -9999 -9999 -9999 -9999 -9999 -9999 -9999 0.766995415614 0.636773552152 0.652002997244 0.752989360672 0.682378366856 0.761791091862 1.14148952039 1.35669403463 1.28349266713 1.15476711403 1.3538898277 0.209354175248 0.561185013165 0.264770087759 0.226442580187 0.194412687835 0.103411568753 0.095612254371 0.122285574508 0.174259519339 0.189806725067 0.21495190285 0.130186475419 0.100113570736 0.0697012432168 0.0943713862795 0.107804186939 0.110117516658 0.148472727365 0.234208802264 0.113279478264 0.0467623718014 0.00766064578501 0.00238362117431
-9999 -9999 -9999 -9999 -9999 -9999 -9999 -9999 -9999 -9999 -9999 -9999 -9999 -9999 -9999 -9999 -9999 -9999 -9999 -9999 -9999 0.524678012271 0.47977687701 0.484239928809 0.743196127207 1.06510013066 0.898132697258 0.547027401578 0.577380896129 1.27434168725 1.17636351024 1.09661068433 0.279089000212 0.180426336162 0.107174800091 0.163167170591 0.139070402822 0.0900394201947 0.0726840995401 0.137330913791 0.177765065034 0.166013155687 0.112512311813 0.108990293781 0.151746780589 0.139952959965 0.127034703593 0.122091197926 0.06395770298 0.08133200434 0.185090936983 0.143813369554 0.0275161763399 0.00556251705284 0.00413039224439
-9999 -9999 -9999 -9999 -9999 -9999 -9999 -9999 -9999 -9999 -9999 -9999 -9999 -9999 -9999 -9999 -9999 -9999 -9999 -9999 -9999 -9999 0.554454889232 0.768426942794 0.875838871296 1.02921243299 0.880826248276 0.517152729849 0.342453378909 0.466479369033 0.603899952975 0.645271317619 0.294474367767 0.254705648774 0.316507723454 0.215244931599 0.171943284807 0.145144590141 0.10477333866 0.138028007387 0.171754385163 0.0993648479639 0.107487222974 0.152405196352 0.0761973611167 0.0672599124921 0.0398383649876 0.0491918971834 0.0750171690339 0.168688137027 0.136533494367 0.156144892628 0.0388553047387 0.00631723200696 0.00260244458883
-9999 -9999 -9999 -9999 -9999 -9999 -9999 -9999 -9999 -9999 -9999 -9999 -9999 -9999 -9999 -9999 -9999 -9999 -9999 -9999 -9999 -9999 0.604191387675 0.565455260001 0.817400117054 1.18706951651 0.930711658557 0.324200627562 0.467867405298 0.492138106744 0.414631638747 0.432759166494 0.407455991294 0.319800910844 0.222182006403 0.342413569488 0.200467974244 0.149872852945 0.182672486572 0.216271117865 0.116925881763 0.177115690682 0.110247458191 0.0828153831807 0.0723395344832 0.0944218658 0.10495662681 0.135161049842 0.068587349432 0.0589252594649 0.0492115987583 0.0928048161148 0.00456211672207 0.013686700377 0.00626398512525
-9999 -9999 -9999 -9999 -9999 -9999 -9999 -9999 -9999 -9999 -9999 -9999 -9999 -9999 -9999 -9999 -9999 -9999 -9999 -9999 -9999 -9999 0.580825437079 0.715683857923 1.11115002793 1.24873870376 0.850594689014 0.482895770079 0.444601811191 0.653534207988 0.503580293391 0.423275260813 0.363158011418 0.339120470667 0.360267458082 0.211693666674 0.191329010352 0.292611554359 0.217983754178 0.188441335466 0.181597981483 0.130820623848 0.0825990295343 0.109942646989 0.14481095976 0.130005106931 0.131476306993 0.106959111926 0.0817021649342 0.081859703754 0.120773277975 0.0930534169316 0.0112881614913 0.0105219270745 0.0141821869476
-9999 -9999 -9999 -9999 -9999 -9999 -9999 -9999 -9999 -9999 -9999 -9999 -9999 -9999 -9999 -9999 -9999 -9999 -9999 -9999 -9999 -9999 -9999 0.822530596555 1.29146863649 1.29761674013 0.742018277713 0.429899430655 0.393616729086 0.603679890024 0.511609713355 0.579148483198 0.489993669169 0.531011962718 0.29156116291 0.344082877272 0.337412556544 0.267604972818 0.136661846443 0.125364497615 0.0841246690038 0.12067538215 0.157985440454 0.16583976268 0.131757515453 0.111870389247 0.058335068815 0.0521056413025 0.0526234367248 0.0578842818739 0.0475283812606 0.0623856326964 0.0666927733091 0.03433227538 0.00842053313392
