data/recharge/transience/recharge438.asc
ncols                  80
nrows                 72
xllcorner      4374000.0
yllcorner      5656000.0
cellsize            500
NODATA_value       -9999
[rows 24 to 47 of 72, columns 0 to 54 of 80]
-9999 -9999 -9999 -9999 -9999 -9999 -9999 -9999 -9999 -9999 -9999 -9999 6.56471463042 4.96275651974 3.94728550827 3.73963234271 2.68304065494 2.92859659167 2.29793337404 1.87317594771 1.67979595522 1.42981290288 1.13267565246 1.80756225489 0.925122017449 0.774308636775 1.09169232559 1.18478325734 0.773554041636 1.2483568902 0.827590428671 0.926570315253 1.13665765863 1.14459634485 0.411101589407 0.190246891755 0.0579620977793 0.261129222845 0.604670369593 0.444176615202 1.07721397233 0.804938847735 0.768578023073 0.753945275239 0.873901676257 0.907194793121 0.872496652148 0.898215258262 0.770719188294 0.80722403025 0.697971573909 0.611440968559 0.434642334164 0.171151914129 0.105012609127
-9999 -9999 -9999 -9999 -9999 -9999 -9999 -9999 -9999 -9999 -9999 -9999 5.68307981489 5.09224330191 3.88869277012 4.41771292173 2.56447680578 2.45232137034 1.937289324 2.51626296734 1.79695008132 1.56742660391 1.17785025295 0.389825957396 0.52408203841 1.60088839054 0.41764204101 0.428020205773 0.84619017637 0.635025666621 0.514983626309 0.440015600916 0.400201978437 0.398420069977 0.0923332345175 0.183641787659 0.0873483790685 0.237544432656 0.186610556062 0.40077000451 0.394107453068 0.282288235764 0.55710081451 0.777235743896 0.80328630488 0.837484879349 0.894233183681 0.883944074452 0.883101528206 1.00177356028 0.883214419782 0.512676983356 0.181375725231 0.128736420238 0.0854978861701
-9999 -9999 -9999 -9999 -9999 -9999 -9999 -9999 -9999 -9999 -9999 -9999 -9999 3.76573456754 3.90160924367 4.16528283508 3.37198222237 3.3160165109 2.35008049927 2.00184644542 1.6481420004 1.88008741369 1.8277300545 1.5448688112 1.30782135673 0.994983090337 0.576058116863 0.757672851545 0.654265467831 0.785941710824 0.570957268716 0.483556165434 0.454426883492 0.152967407238 0.0386355297851 0.0452695334542 0.0852557853998 0.174860322038 0.395666128447 0.274907989333 0.245070955493 0.313833657296 0.167544326445 0.255409153527 0.318299889339 0.434882780836 0.667178547027 0.623381625573 0.336363733814 0.182634633867 0.129976386861 0.142366450893 0.14094785607 0.176909161978 0.16401001309
-9999 -9999 -9999 -9999 -9999 -9999 -9999 -9999 -9999 -9999 -9999 -9999 -9999 -9999 3.7017373654 3.62723502003 2.89509774433 2.83994046959 2.44576444951 2.69065815887 1.88015566159 2.2353881066 1.62119679943 1.41849482471 1.11900833605 0.91655414274 1.02665331706 1.29420277465 0.732175345106 0.546536353172 0.585988734456 0.47118759727 0.606890284539 0.337074917004 0.157040835851 0.0754539709282 0.0807119985281 0.256298715961 0.107019500018 0.0738629782731 0.131374011435 0.128989943761 0.330408868996 0.210975951957 0.150370483494 0.188941851113 0.102918177931 0.0879690061266 0.116007204792 0.195419787289 0.155620430639 0.106107010568 0.0847402135349 0.0694407479722 0.285147982149
-9999 -9999 -9999 -9999 -9999 -9999 -9999 -9999 -9999 -9999 -9999 -9999 -9999 -9999 1.8121927633 2.49667947262 2.39796600014 2.81934947691 2.30972267801 2.49277601366 2.20098647473 2.03531176696 1.31663875426 1.92967075981 1.54230162149 1.67794255677 0.680856373983 0.679567171997 0.756349598843 0.825110249724 0.470258717479 0.257811760941 0.669708089985 2.01320729375 0.341472448798 0.148203998904 0.057756478058 0.0529496139692 0.0690308901311 0.0600818231552 0.194334071241 0.22899607637 0.242516211952 0.259476296234 0.214227202464 0.153789327478 0.108214909432 0.117473055552 0.14274886501 0.073313497052 0.180030157096 0.223204488542 0.2238605343 0.330106562712 0.209177109921
-9999 -9999 -9999 -9999 -9999 -9999 -9999 -9999 -9999 -9999 -9999 -9999 -9999 -9999 2.17488140527 2.63476136899 2.95226612713 3.21271442162 2.92444349176 2.81366751129 2.18823080161 2.2899264258 1.97396470357 1.56446028799 1.12756653661 0.899109256928 0.906221633938 0.878600395418 0.554025132353 0.683142719417 0.619602140398 0.593217927635 0.53296741551 0.530819152168 0.741844397142 0.168737115218 0.164875719208 0.0930133576539 0.17346903872 0.0542177413627 0.175046418228 0.22750664438 0.200682143018 0.210083078337 0.137802046567 0.159821520513 0.122723499635 0.193838191278 0.50358035033 0.517411963393 0.239641456097 0.088670138162 0.112984417383 0.0895454679389 0.0564448571056
-9999 -9999 -9999 -9999 -9999 -9999 -9999 -9999 -9999 -9999 -9999 -9999 -9999 -9999 5.1615739854 4.12546620356 3.6419423325 4.19433696661 2.96522179233 3.00596506558 2.1181480313 1.93357917371 1.43656590266 1.552382051 1.1822421388 1.30352036777 0.838745532026 0.964126324635 0.632366263624 0.596747368193 0.594373892354 0.730154179327 0.62718978721 0.160218634229 0.141164317594 0.144057026854 0.123152327212 0.186535935549 0.104073781347 0.14337124651 0.0193877558605 0.0418352269509 0.107678142909 0.125084348103 0.101162682197 0.0962319119624 0.19719268954 0.1626757394 0.498113820241 0.657533183904 0.27732115306 0.40164501035 0.173699327064 0.271408357183 0.230424275288
-9999 -9999 -9999 -9999 -9999 -9999 -9999 -9999 -9999 -9999 -9999 -9999 -9999 -9999 -9999 3.20199321749 2.82017781128 2.60458385084 2.87970420995 1.85550348226 1.43839119913 1.75164200757 1.52156085653 1.54098700295 1.16948587439 1.11669693429 0.688982567785 0.779307893219 0.60818432675 0.498161211039 0.40941032558 0.369797759703 0.341719565332 0.463786575795 0.164300878007 0.167314621682 0.156893609386 0.151072216712 0.152048809552 0.0490949940868 0.0244742336826 0.0252734129873 0.0212233953053 0.0353690416042 0.0722796025439 0.0423519761586 0.026051156386 0.0293575228425 0.0607849167699 0.125265342212 0.109225432428 0.0915870692981 0.165682622686 0.420746250736 0.327316680118
-9999 -9999 -9999 -9999 -9999 -9999 -9999 -9999 -9999 -9999 -9999 -9999 -9999 -9999 -9999 -9999 2.57003262801 2.40784193409 2.20164537426 3.19583181482 2.78015705236 2.53941445351 1.43743789393 1.25390778105 1.21855322703 1.05350667729 0.753033325891 0.559012197275 0.306763746855 0.521266413572 0.53982601086 0.439098100766 0.921900127648 0.543227005979 0.126179708579 0.153203978541 0.154531806962 0.180024608524 0.184959947069 0.223414515665 0.133151849328 0.156499427781 0.071071625018 0.0210722962654 0.0150285538636 0.0103706843049 0.0092093140279 0.0853531045804 0.0849677848152 0.0573741774416 0.0918768906852 0.191586869032 0.107348286936 0.0778999685313 0.08892452815
-9999 -9999 -9999 -9999 -9999 -9999 -9999 -9999 -9999 -9999 -9999 -9999 -9999 -9999 -9999 -9999 3.3648021386 3.46920698162 3.32890317705 2.96288847956 1.9150285708 2.00502879127 1.48496792198 1.47979795289 1.14042075187 1.32953513425 0.859501071125 0.827870083848 0.42278168413 0.383621879284 0.217679730077 0.206108035396 0.259111145181 0.278553573059 0.252541094024 0.14049732854 0.247186382387 0.283926296055 0.179399974211 0.153120469734 0.0590033493132 0.0723570597138 0.109257673978 0.170966348994 0.0794422525427 0.0361204982496 0.0257920368884 0.0471741381768 0.0376825955687 0.0783863825713 0.128404966734 0.14018460859 0.205176612321 0.231900797192 0.310774229364
-9999 -9999 -9999 -9999 -9999 -9999 -9999 -9999 -9999 -9999 -9999 -9999 -9999 -9999 -9999 1.89734103686 1.91902839082 2.48599125844 2.71170627505 2.59648009693 2.0549644032 1.8437037607 1.36853501147 1.30261416972 0.956858149527 1.07504439288 0.829578520827 0.869462058773 0.335293323556 0.509424754921 0.423492879842 0.448668418955 0.469422972988 0.210555868289 0.0575448168897 0.13482581445 0.0443232229263 0.274199170622 0.11382964959 0.0814286779603 0.0219089564117 0.0366167154119 0.0275272362043 0.0265291108047 0.0342812342186 0.0196196443294 0.0288140313369 0.0474556331649 0.0313580910993 0.111746451451 0.0721373212252 0.0486677295312 0.0537119153873 0.0645386159839 0.0685537680101
-9999 -9999 -9999 -9999 -9999 -9999 -9999 -9999 -9999 -9999 -9999 -9999 -9999 -9999 2.9713972818 2.21233116664 2.04487370215 2.72108615342 2.36743937076 2.30788124291 1.8130404019 2.14785441005 1.42949559198 1.52235680392 0.964550280182 0.882313850977 0.669876403489 0.699349977874 0.455963113559 0.454896601894 0.333194114897 0.349292808523 0.216663288082 0.170553216484 0.0710452800638 0.0641079268809 0.0971045750842 0.0314607571419 0.00280612020592 0.00820052968906 0.0120353087504 0.0158549985849 0.0152119017272 0.0180314020865 0.0123837628895 0.0098924828724 0.0330507441212 0.0685127761642 0.106348075963 0.0732797582749 0.0587279986829 0.0578146915591 0.0605166173557 0.0582800217289 0.0479139335931
-9999 -9999 -9999 -9999 -9999 -9999 -9999 -9999 -9999 -9999 -9999 -9999 -9999 -9999 2.68011780276 2.90861669118 2.48462591816 2.37831404245 1.86118937354 1.66663724123 1.35613680962 1.68670762082 1.30852168631 1.43790756228 0.928569718206 0.727075379067 0.575339665669 0.584150736216 0.331737390496 0.42207596943 0.388865386652 0.420997565628 0.463408306729 0.286321219449 0.0440828994527 0.141510290256 0.149479782453 0.259849529917 0.0604349748419 0.0649408013006 0.146882081659 0.117007927702 0.0185076496063 0.01536217225 0.0145314784499 0.00658411405167 0.0163223757824 0.116426431112 0.163966151078 0.201544981982 0.19916193969 0.194689489753 0.107198771496 0.0842231310403 0.10211212781
-9999 -9999 -9999 -9999 -9999 -9999 -9999 -9999 -9999 -9999 -9999 -9999 -9999 -9999 -9999 -9999 2.56234137645 3.99525487104 3.94143211276 3.83085758499 2.55960426232 1.5371131983 1.62574622158 1.64019652042 1.02729376325 1.0684902384 0.416099734598 0.466536479724 0.289153840482 0.378492100921 0.38139313165 0.41188040091 0.369757504094 0.253355894942 0.298493298383 0.305236559807 0.228745819321 0.0636465302148 0.175795204211 0.247688077999 0.102263883834 0.0676616875649 0.0615265509643 0.020508086022 0.00864310608024 0.0112407593865 0.0107791681844 0.0342234332975 0.0817511077814 0.0991509491993 0.0944186433089 0.0998336827646 0.0810361014323 0.0631767901942 0.0330834623753
-9999 -9999 -9999 -9999 -9999 -9999 -9999 -9999 -9999 -9999 -9999 -9999 -9999 -9999 -9999 -9999 4.39180526723 4.07999708206 3.80264531774 2.49703620878 2.4890940095 2.46523608829 1.08039337779 1.19247256101 1.15103687059 1.33093571217 0.864975441617 0.786101128746 0.520504854906 0.457806822049 0.57836596501 0.502357121108 0.313544705416 0.25159320691 0.129176516426 0.150119994497 0.171588183044 0.24740728815 0.105068065139 0.0759049130204 0.128262827735 0.22324747803 0.100996265075 0.0390917916562 0.0639706861157 0.00661478142808 0.00321609099643 0.007213162203 0.0470106502343 0.0292224109438 0.0213832036498 0.0219970164286 0.016422076997 0.0207238647253 0.0201315611634
-9999 -9999 -9999 -9999 -9999 -9999 -9999 -9999 -9999 -9999 -9999 -9999 -9999 -9999 -9999 -9999 -9999 -9999 3.8845180171 2.96902557505 1.98654011467 2.43760870211 1.92999887998 1.54730606028 1.04235440115 1.04203383294 0.714084644078 0.750841830898 0.413320838407 0.393350152904 0.224104075929 0.170416684333 0.158412734861 0.207276784479 0.124449446744 0.200078928037 0.203580473652 0.10588637667 0.0948167874588 0.148827874271 0.0907768840756 0.0715549080795 0.0666325008774 0.0657179984595 0.0626043014552 0.03860978082 0.00438645811869 0.00422633938709 0.010053773994 0.0173585874837 0.03052145682 0.0421255804328 0.0169929556486 0.017788780422 0.0229022846246
-9999 -9999 -9999 -9999 -9999 -9999 -9999 -9999 -9999 -9999 -9999 -9999 -9999 -9999 -9999 -9999 -9999 -9999 -9999 2.06914127502 1.94341577381 2.20843254707 1.84175080886 2.00011857331 1.19257836747 1.06369002349 0.536788389758 0.462421583613 0.208282696588 0.190300532559 0.184288547087 0.0536349927797 0.0484183088436 0.113819337644 0.0630983433005 0.0435004344893 0.040139287279 0.0852582389748 0.0795388514109 0.100846798852 0.0610992320257 0.0509432505559 0.0377250310622 0.0578509980191 0.0692950353766 0.0736252763661 0.0209317136715 0.00270700497941 0.00231060282885 0.00574693416657 0.0111773029446 0.0183397935886 0.0128412634114 0.0126145111827 0.0176566113645
-9999 -9999 -9999 -9999 -9999 -9999 -9999 -9999 -9999 -9999 -9999 -9999 -9999 -9999 -9999 -9999 -9999 -9999 3.12671314407 3.60578263495 3.51073992986 3.35311952587 2.0866675502 1.39498233257 1.1346895149 1.06767019386 0.567589839027 0.511880629101 0.296765180652 0.243200778327 0.0468125506883 0.070722243733 0.0237958612959 0.115040008332 0.0741024624005 0.109018042224 0.17413559005 0.153493260109 0.13037629696 0.120933757738 0.123784712716 0.0608890732246 0.0380457788751 0.0147072061485 0.00853570154095 0.0115632813168 0.0246213903781 0.0287518259408 0.00793168546221 0.00319195086593 0.00620034519377 0.00471299274675 0.00991583977435 0.0176423104391 0.0187039323984
-9999 -9999 -9999 -9999 -9999 -9999 -9999 -9999 -9999 -9999 -9999 -9999 -9999 -9999 -9999 -9999 -9999 -9999 -9999 4.31605091102 3.90341738619 3.57665004678 2.10035255678 1.41033180827 1.26144395527 1.22693767507 0.61676001559 0.585324362195 0.320725952018 0.483112874692 0.237519719453 0.229293213858 0.200492068409 0.115480026507 0.0428277729144 0.0197998370861 0.0282218342806 0.0214912369503 0.0176153885158 0.0176042513679 0.0268271690482 0.0560613917863 0.0386749886307 0.0382438625051 0.039737988015 0.162920232733 0.0872439184015 0.0458899759049 0.0107746405475 0.0035628044633 0.00127368216874 0.0110373028844 0.00862187866169 0.0563596377939 0.0049334326821
-9999 -9999 -9999 -9999 -9999 -9999 -9999 -9999 -9999 -9999 -9999 -9999 -9999 -9999 -9999 -9999 -9999 -9999 -9999 -9999 2.85481636324 3.35353137931 2.15607151769 1.68891232347 0.912206376902 1.1428518578 0.633913652939 0.623767042388 0.598992721165 0.472482264748 0.289519173828 0.261320119429 0.12122490615 0.0899380709902 0.04546913716 0.0520104430817 0.0723547295381 0.106284982705 0.0971338982807 0.0861870200233 0.0592706962636 0.105089510831 0.104879266395 0.0785320921043 0.145411535434 0.106450706267 0.0809802496703 0.102937600021 0.0729891467532 0.0217656741879 0.00885184638137 0.00482544259764 0.00187242573117 0.00105621811686 0.00220589861592
-9999 -9999 -9999 -9999 -9999 -9999 -9999 -9999 -9999 -9999 -9999 -9999 -9999 -9999 -9999 -9999 -9999 -9999 -9999 -9999 -9999 2.83513293607 2.25515160895 2.23559531615 0.789273057518 0.664434465367 0.532523910981 0.61674085888 0.367677441894 0.321274210349 0.336735545032 0.255642552669 0.155676551473 0.0682351576333 0.103355425749 0.191019636001 0.129604965272 0.073274993121 0.0569765031239 0.0632753061035 0.121604583486 0.139298461243 0.174306237446 0.0689040411159 0.0508561807385 0.0291440678265 0.0495613799702 0.0600700700143 0.0634418679783 0.0978888323234 0.057624806011 0.00841575477695 0.0121018968354 0.00314679135344 0.000853408735192
-9999 -9999 -9999 -9999 -9999 -9999 -9999 -9999 -9999 -9999 -9999 -9999 -9999 -9999 -9999 -9999 -9999 -9999 -9999 -9999 -9999 2.10148878908 1.77675798676 1.78940635286 1.2155895767 1.35626699957 0.856159507492 0.681672184967 0.367665862928 0.445071667639 0.150689482334 0.239682535626 0.206437485182 0.151214858001 0.0544577318903 0.0979290454018 0.0743465236409 0.0876888048909 0.071611456911 0.108884622339 0.125500194187 0.112537413311 0.0658276944436 0.0581430148268 0.0923917800984 0.0823008629328 0.0756079050426 0.0715364388697 0.0388306405808 0.0326990222418 0.0560976243022 0.0312073026486 0.00114981261398 0.00218741275865 0.0016621434708
-9999 -9999 -9999 -9999 -9999 -9999 -9999 -9999 -9999 -9999 -9999 -9999 -9999 -9999 -9999 -9999 -9999 -9999 -9999 -9999 -9999 -9999 1.81026567907 2.37469390415 1.29124621883 1.06754769485 0.699124175968 0.708615597858 0.393822372469 0.358928183178 0.28179219753 0.323875125869 0.179733346519 0.185405240207 0.240996989332 0.126903156193 0.133401748099 0.1122632266 0.104592537912 0.0968065424478 0.104259706387 0.0409547539308 0.0526472716665 0.0941382047609 0.0299604387753 0.0235541823375 0.019008283982 0.0311443550986 0.0566602146288 0.0485530575207 0.0206426578738 0.0068206033838 0.00656876209996 0.0021024321764 0.000814519957
-9999 -9999 -9999 -9999 -9999 -9999 -9999 -9999 -9999 -9999 -9999 -9999 -9999 -9999 -9999 -9999 -9999 -9999 -9999 -9999 -9999 -9999 1.95266362257 1.84114638984 1.17610910792 1.32930861368 0.858004755044 0.746598529616 0.493770977162 0.491199365177 0.322158510348 0.347651665554 0.304739936949 0.251167065456 0.133894654467 0.272927613391 0.116585963872 0.102447166531 0.152257229641 0.14061556813 0.0546048427227 0.109685250554 0.0549746453641 0.033294980083 0.0293903226626 0.041002495804 0.0713870768447 0.0724205636476 0.0276037260615 0.024800452767 0.0044248218673 0.00903511863781 0.0015519170041 0.00413708319398 0.00209687565889
