data/recharge/transience/recharge252.asc
ncols                  80
nrows                 72
xllcorner      4374000.0
yllcorner      5656000.0
cellsize            500
NODATA_value       -9999
[rows 0 to 25 of 72, columns 0 to 56 of 80]
-9999 -9999 -9999 -9999 -9999 -9999 -9999 -9999 -9999 -9999 -9999 -9999 54.9492518507 56.9563335833 -9999 -9999 -9999 -9999 -9999 -9999 -9999 -9999 -9999 -9999 -9999 -9999 -9999 -9999 -9999 -9999 -9999 -9999 -9999 -9999 -9999 -9999 -9999 -9999 -9999 -9999 -9999 -9999 -9999 -9999 -9999 -9999 -9999 -9999 -9999 -9999 -9999 -9999 -9999 -9999 -9999 -9999 -9999
-9999 -9999 -9999 -9999 -9999 -9999 -9999 -9999 -9999 -9999 -9999 -9999 46.2894683304 43.978924574 43.2769229647 -9999 44.2936792076 -9999 -9999 -9999 -9999 -9999 -9999 -9999 -9999 -9999 -9999 -9999 -9999 -9999 -9999 -9999 -9999 -9999 -9999 -9999 -9999 -9999 -9999 -9999 -9999 -9999 -9999 -9999 -9999 -9999 -9999 -9999 -9999 -9999 -9999 -9999 -9999 -9999 -9999 -9999 -9999
-9999 -9999 -9999 -9999 -9999 -9999 -9999 -9999 -9999 -9999 46.2313775505 44.998001503 46.1642054204 44.2398911871 41.7850808739 41.4256561882 39.7551468534 40.7802011747 -9999 -9999 -9999 -9999 -9999 -9999 -9999 -9999 -9999 -9999 -9999 -9999 -9999 -9999 -9999 -9999 -9999 -9999 -9999 -9999 -9999 -9999 -9999 -9999 -9999 -9999 -9999 -9999 -9999 -9999 -9999 -9999 -9999 -9999 -9999 -9999 -9999 -9999 -9999
-9999 -9999 -9999 -9999 -9999 -9999 -9999 -9999 -9999 45.4869773942 45.0137266998 44.4490908308 43.4670266158 43.9954142238 42.6242602976 42.9480445955 40.9141195905 44.8058687161 -9999 45.3648464944 -9999 -9999 -9999 -9999 42.0648498598 43.7635161383 -9999 -9999 -9999 -9999 -9999 -9999 -9999 -9999 -9999 -9999 -9999 -9999 -9999 -9999 -9999 -9999 -9999 -9999 -9999 -9999 -9999 -9999 -9999 -9999 -9999 -9999 -9999 -9999 -9999 -9999 -9999
-9999 -9999 -9999 -9999 -9999 -9999 -9999 -9999 47.6813033802 46.2576722114 44.2190178125 44.2257294943 42.7951332016 42.4744273149 41.8302673253 42.3713863516 39.9425299982 39.2295716659 40.1521406062 42.5391558391 41.2190470246 42.1322766698 -9999 40.5413934169 43.35461552 44.360439805 -9999 -9999 -9999 -9999 -9999 -9999 -9999 -9999 -9999 -9999 -9999 -9999 -9999 -9999 -9999 -9999 -9999 -9999 -9999 -9999 -9999 -9999 -9999 -9999 -9999 -9999 -9999 -9999 -9999 -9999 -9999
-9999 -9999 -9999 -9999 -9999 -9999 48.5102231759 46.406670957 45.3078741293 45.4904529294 45.3715080123 44.9347923454 43.5559629687 43.530921627 42.1655485269 42.617845618 41.3860416835 39.7638230975 41.6467208901 41.4836131957 40.5447654782 41.0693021456 42.2335604591 40.3682439319 41.9912390799 42.1861571696 43.2991738965 -9999 -9999 -9999 -9999 -9999 -9999 -9999 -9999 -9999 -9999 -9999 -9999 -9999 -9999 -9999 -9999 -9999 -9999 -9999 -9999 -9999 -9999 -9999 -9999 -9999 -9999 -9999 -9999 -9999 -9999
-9999 -9999 -9999 -9999 -9999 -9999 47.1978552578 46.0997217253 44.0809121976 43.5926496271 43.1637412635 43.676562862 42.4211652837 41.8178149768 40.1875883994 39.8674638782 39.9987814669 34.0497252715 39.0010774061 38.9366265651 39.0621137552 41.0813227063 40.9531513528 40.5709495775 39.6422860377 38.5464865421 42.3190324838 43.4937349552 44.1540610515 44.0460493106 44.1249402593 44.6857874222 -9999 -9999 -9999 -9999 -9999 -9999 -9999 -9999 -9999 -9999 -9999 -9999 -9999 -9999 -9999 -9999 -9999 -9999 -9999 -9999 -9999 -9999 -9999 -9999 -9999
-9999 -9999 -9999 -9999 -9999 47.8710106037 47.0342067648 46.2705237303 45.172330691 45.3770222681 44.6617446069 43.4916577815 41.6433597138 41.8428470324 41.5846400312 41.9849623901 34.242783988 19.3357199572 32.7478482588 39.3137243815 39.3989799858 39.1153824321 40.0328467666 40.2990163749 40.3426618305 41.1978334305 41.8127075464 42.0507169545 43.0316324468 43.1249726601 42.6827681526 43.6338589424 42.3246780195 42.2778882088 -9999 -9999 -9999 -9999 -9999 -9999 -9999 -9999 -9999 -9999 -9999 -9999 -9999 -9999 -9999 -9999 -9999 -9999 -9999 -9999 -9999 -9999 -9999
-9999 -9999 -9999 -9999 -9999 48.065818978 45.9102835118 46.2115927657 44.9184031218 44.5891739153 44.0598006857 44.2447663095 32.6617411693 27.4945990053 43.1405777822 42.969808695 36.8211361891 16.7694871545 28.5961042356 36.1662076423 38.9408050362 38.862650025 40.6611424515 40.6111174927 40.1741751007 38.061387052 38.5978648842 37.8942879379 40.0340841726 39.0687956787 37.6636040804 39.7313192633 41.1306621069 41.1285568722 40.6860144881 41.4875269081 -9999 -9999 -9999 -9999 41.6891129032 40.7161268146 -9999 -9999 -9999 -9999 -9999 -9999 -9999 -9999 -9999 -9999 -9999 -9999 -9999 -9999 -9999
-9999 -9999 -9999 -9999 -9999 47.7257967903 46.7334777374 45.9947821075 44.7979937095 45.6288309577 45.2642386968 45.0650780885 43.0974801042 42.7010069563 43.9945134463 43.224650094 40.0703081258 43.0494428358 42.1416198398 42.1609117656 39.9282014723 38.206449773 38.850302444 38.5701934084 39.980153258 38.8552660265 38.0941382144 36.6095106357 40.3933777202 38.2233915855 28.1535506301 35.2130259917 40.5856630141 39.9779037832 39.2503656044 41.1776583231 41.3097982452 -9999 -9999 42.1580714521 41.6688123267 41.776551225 41.6822612414 -9999 -9999 -9999 -9999 -9999 -9999 -9999 -9999 -9999 -9999 -9999 -9999 -9999 -9999
-9999 -9999 -9999 -9999 -9999 -9999 47.9711973308 47.3973720087 46.1184673611 46.7699382908 45.3384519909 45.246895659 45.3003546291 46.739726406 42.4931319197 42.370062423 41.7277146634 41.9640762807 40.5604300598 40.857381067 40.1317627611 39.7915873256 38.7527364597 40.6181590211 39.6803806989 38.8486498185 34.5543614527 35.0506918534 37.0025947984 38.2009596906 36.0659079034 38.0792411912 36.8216052999 37.4190959101 37.6838635549 39.0863933922 38.9883477919 37.367812502 40.7146305234 40.2498580508 40.3149663999 41.7588660661 38.3012077122 35.8833726481 -9999 -9999 -9999 -9999 40.6447818173 39.1091728899 13.0568166677 -9999 -9999 -9999 -9999 -9999 -9999
-9999 -9999 -9999 -9999 -9999 -9999 -9999 48.9809407251 46.1990733838 45.98394634 45.8521283649 46.38709576 45.3197194532 43.694933189 42.8890925944 43.8756629504 42.6308313692 42.516989971 41.8788786251 40.7267804556 39.0518952559 38.4641521001 38.3070964491 39.5341955127 39.3875350695 37.9067450391 35.3934796448 36.7588147761 38.4830583731 37.5188424982 36.6248605882 36.4068228465 37.0777074685 37.1037339189 39.3062985294 39.6367236588 39.0368442497 39.2684680551 40.9165791526 40.5427963454 38.2498826948 37.413341839 31.3987701504 26.9684148869 24.6913587571 26.8137659251 27.7770887176 25.3301911649 24.6806849345 32.4011178243 35.2040893361 32.7889777968 -9999 -9999 -9999 -9999 -9999
-9999 -9999 -9999 -9999 -9999 -9999 -9999 -9999 46.5257152366 46.5606082034 46.2049902489 46.0731236797 44.8328694924 45.9811409078 46.234044631 45.4997749755 42.4690204037 43.1700569061 41.34198898 41.0247655078 41.8509390466 41.6682802318 37.3126835559 33.7976118793 33.0384183371 32.4719017449 33.120743948 36.4171217397 34.3660236582 32.3731054665 33.2687192543 33.0489143156 34.1275198395 33.2801289609 35.5237736967 36.6533796442 37.7687679473 38.3970178732 38.4877608712 38.6212894833 36.1025919564 30.6924842309 23.3063293438 22.0672666254 21.4881907937 20.3207355898 22.0319791928 20.4994006128 19.407381266 26.5467267551 29.8501668443 31.1954904493 29.5006828837 -9999 -9999 -9999 -9999
-9999 -9999 -9999 -9999 -9999 -9999 -9999 -9999 47.0736944779 47.0299413569 45.8217100464 46.1300080154 45.3540125115 45.4585430519 44.7853141485 44.0335665706 41.8992520532 42.6412962874 41.2187489053 41.3242265808 41.9078216628 41.7383810158 40.3065163514 44.4076751961 38.4970052555 31.2817529987 33.9014076252 35.2228260505 34.1449897834 31.4084185215 32.515085484 32.7757342554 32.7801594308 32.9895395814 36.4534149146 19.1790119786 38.7964476229 38.0437553511 38.1050850636 38.0334084258 37.6449686815 31.2202155338 22.345680408 22.2685468151 20.3847207882 20.2389460198 21.8638380219 20.8143913475 20.8796782439 31.3009955667 30.0964635185 30.1773620876 30.4912409336 32.8258795266 30.4435651243 31.0563604091 -9999
-9999 -9999 -9999 -9999 -9999 -9999 -9999 -9999 -9999 45.9377437872 45.4747789102 45.9560520836 45.6876036921 45.5883889795 44.4385578116 44.4206053826 44.3577044169 43.5591201873 43.5873947457 43.879901858 44.5510713959 42.7116439284 41.647553692 56.9748486038 47.0577934513 43.3881363578 34.213230925 29.153714124 24.2566661694 34.3386001264 32.5992202197 32.1342842808 31.3731630557 29.1069072151 32.4739652188 32.2325490743 36.7082191193 36.2889344864 35.9175906297 35.7926095314 35.3846115411 33.9326397605 19.3321134819 22.1573426207 18.4999330112 17.0450274316 15.6190499116 15.9299000641 23.9011006968 25.4408299848 25.1464474955 24.7723251674 26.8071584758 29.5771128133 29.4503981708 17.9714071734 13.887214223
-9999 -9999 -9999 -9999 -9999 -9999 -9999 -9999 -9999 -9999 45.069417439 45.818793439 45.7793654608 45.7624596153 44.0546228339 43.6940456026 45.2506937744 46.4570431523 46.0106095655 44.5993162819 42.6039124336 41.7534112247 38.8615134339 39.1657030309 38.517824371 44.0673023325 38.6374425217 33.9686676269 26.159992895 25.8748910213 34.1219941941 33.966257562 34.2864734854 31.5157012807 35.1797914811 35.1084854456 36.2813773449 36.2085092596 36.0316523893 36.0910749767 35.6215974001 34.8624927986 29.6663983794 21.4219051082 23.5551662054 23.3609353643 19.7740529471 17.0231408962 26.850539755 26.8657499392 26.8428426457 26.2013528041 25.1124323599 28.1052310151 27.9208575824 16.957001454 13.7690291861
-9999 -9999 -9999 -9999 -9999 -9999 -9999 -9999 -9999 -9999 -9999 25.5483073456 32.8242659102 44.8717620872 43.4717132048 42.9475025535 44.7664727904 44.8873977957 42.0323286806 43.3839938166 42.5868987451 42.3839833335 38.2176785715 35.7233854867 31.2091169613 24.7689099307 31.8057511057 38.9046952211 39.6836602526 43.8891305373 29.7342676717 29.3211634801 30.0363953887 30.2610321881 31.5264860445 30.32953997 33.8371721676 33.7110354298 34.3964538991 34.5680136821 33.1948306543 31.6767475999 32.0994947872 25.5219807417 18.4488036484 16.3025398247 18.1897317845 19.8672291117 20.6493267422 25.7070445989 23.6216497281 25.8848858592 25.9953144756 26.0022056818 24.1184417053 23.6310056427 14.0771024366
-9999 -9999 -9999 -9999 -9999 -9999 -9999 -9999 -9999 -9999 -9999 24.1879798725 34.5537426217 43.7309296347 43.3228839784 43.6387027393 42.1028427763 41.9430592815 42.1719192012 42.1622664951 42.2124244823 43.0712668385 38.7572214763 37.2698220272 37.0720318941 38.5594129099 32.1310717351 31.4490185061 29.5153749175 41.608705434 37.084000187 32.3996526823 20.806665233 22.5121676508 21.3909196914 30.6304125301 33.5389622175 34.0638290167 33.8946591526 33.4426691809 32.2537384457 32.8283854736 30.677823818 31.26621834 27.1721987233 20.2480871807 22.8130634238 25.3768364368 23.3192977124 19.0678538727 19.7800332902 19.9655646393 16.3119618791 25.908690704 26.0757832129 24.9997451226 23.8128083712
-9999 -9999 -9999 -9999 -9999 -9999 -9999 -9999 -9999 -9999 -9999 46.0731459669 43.498231066 43.3043644051 41.5275221835 42.0998695128 39.2613072322 37.7909257978 38.2325564606 39.2769839958 39.9274240989 40.138303597 36.5625233494 34.1742580452 34.3975468977 35.5914293084 34.9251578761 34.5795919476 33.4560025148 29.6151367429 24.0961246508 32.3323985615 37.0943259645 36.9228190903 29.9276363499 18.0606462967 22.848174537 17.6677920057 29.6738929605 27.5424702454 24.2128711981 31.0183248577 31.3392305938 32.9297625331 34.7606276882 34.7265856255 22.054511796 20.6609677176 19.7103384968 19.2841124637 16.9650981293 18.5011575672 19.1395558415 21.9934669034 25.2799726706 24.8568119926 21.0279951317
-9999 -9999 -9999 -9999 -9999 -9999 -9999 -9999 -9999 -9999 -9999 -9999 44.2126102443 42.9925916051 42.5262849877 41.6337183766 40.1426615031 38.7717103631 36.972088198 39.9832426554 40.645216279 39.7714720733 38.3612321439 37.5813664972 35.8725522653 36.3239655592 35.2900341775 35.5529254763 34.5867330687 34.1818252168 33.7284412782 33.9500084786 30.0380307744 22.6979203386 32.1482298192 31.9417792433 26.9650735521 20.3900644367 19.0315434266 31.8495375467 33.1504677466 30.3067627414 33.5846340454 35.1652367408 35.9316190845 36.1536343044 26.2725495031 20.8293384643 17.0722355245 18.1814392537 15.9141591103 14.3282207949 12.6639291767 12.9568074555 12.2164294501 19.9302335122 16.2701975305
-9999 -9999 -9999 -9999 -9999 -9999 -9999 -9999 -9999 -9999 -9999 45.3620939202 45.1319109394 44.0131287728 42.7777980067 26.8398467189 36.2457212873 40.086782302 36.6060137036 38.0637790589 36.756913326 36.5594517211 35.0811320203 35.5876601292 34.7688314775 34.6464728323 33.3619519265 33.191939786 33.0967766834 32.5433706216 31.103048228 31.4325296584 30.3221594585 30.0913930331 30.3400134174 22.417690417 24.0593483867 16.4989400875 16.5619781904 26.1724422602 29.7336674077 27.4011386337 35.827517539 36.9761074803 38.813346921 38.4976103332 35.5320876014 26.9897083599 19.6138790323 19.7688153313 15.0371991767 11.0150160829 9.72767035625 9.79511762272 8.9531060176 9.81387644502 13.1385288047
-9999 -9999 -9999 -9999 -9999 -9999 -9999 -9999 -9999 -9999 -9999 46.0367193887 45.8343660118 44.7135552289 42.565805019 33.4028003252 39.6276505597 40.3449137608 38.9183376381 38.8859521115 33.5417887093 33.7546540413 35.7860610415 35.9305609793 35.1318238939 34.9638426446 26.9656047091 27.9432158934 32.6587885989 35.3204152722 33.7427557881 31.6296613067 30.0285012515 30.0872879936 30.0628356915 16.7973289333 18.8270216541 23.6255170763 17.5765889673 19.1854571307 27.7777601628 26.7564536519 32.5077501896 34.097048722 34.92121534 34.3073329745 33.4976569483 33.4029829902 27.6814144644 24.343195256 14.3890403018 15.013993871 13.0350411526 12.5212995505 11.5629741689 10.8004917357 8.63087978547
-9999 -9999 -9999 -9999 -9999 -9999 -9999 -9999 -9999 -9999 -9999 45.5100338631 45.5780509962 44.2022410204 43.4065851079 43.1435095651 40.184283473 41.0960268789 39.2608745942 40.6388544793 33.6343009949 16.9975132066 35.0476454598 32.0199943157 24.4359229041 24.4254612356 27.4852837752 29.7758619775 28.3441821146 29.1396631324 28.8500043184 33.7010123345 32.7746503688 32.140508915 29.0570698503 13.569556124 11.9012875365 8.82377661114 15.6343411972 13.2671576261 28.3555864684 29.9121130352 27.3261586932 25.5118304509 26.8635051684 26.729229519 29.2750944909 29.4423428853 27.4464095504 27.2390045811 15.0176050908 10.4627411234 8.79704062724 8.59104310438 8.07661124502 8.60998614886 9.89377420093
-9999 -9999 -9999 -9999 -9999 -9999 -9999 -9999 -9999 -9999 -9999 -9999 46.4547286957 44.9541050504 43.7578446464 43.0909051007 41.792320051 41.8657276975 38.9216535477 39.6007589829 38.5683841755 40.9730092115 28.9192492248 23.7669516868 23.2947198281 23.0396129243 20.5164309244 21.2916858718 19.9202124644 18.3170848524 16.1333593203 24.0809704505 28.7196566515 29.4761249701 28.2082933551 17.2051664236 14.3863165692 10.3975001696 18.9574017656 18.1855797553 28.8752759774 28.8499702637 29.6173705301 25.2073344233 26.0024001399 26.0105717232 27.5607160295 28.538913074 26.2203023662 27.7212306181 24.7991621831 19.4789465161 18.0164616991 13.5459952373 9.55841400465 9.74667746396 8.95655843262
-9999 -9999 -9999 -9999 -9999 -9999 -9999 -9999 -9999 -9999 -9999 -9999 47.8463301756 45.8111603636 44.4516409358 45.9473566993 41.9808179125 42.8395157651 40.5961918709 39.5497485706 38.9923400496 39.1597553157 33.9177745998 29.6340439438 25.4181675642 27.15752982 27.6917798136 26.2332966698 22.6295295125 26.0709046045 22.0279782923 23.1592170038 32.1307893347 33.5868965159 20.166894597 17.9122154385 13.2614302863 19.1985686295 24.1740877561 18.6810087508 26.2272557425 27.5626611665 26.0496216303 25.8642463822 24.8388968236 23.8236639467 22.7912256612 23.2795158635 21.3513827417 23.8281192394 21.6374048507 20.4889011249 15.3294892565 7.48886391587 5.99545459475 7.40832790138 5.33480561215
-9999 -9999 -9999 -9999 -9999 -9999 -9999 -9999 -9999 -9999 -9999 -9999 47.5098434747 46.5949763032 44.4854903892 46.1395291072 42.7413656761 42.1258257254 40.1245871594 41.5894451243 39.220560882 38.8097063734 37.3952615405 29.9375879748 31.8230523254 31.6437705614 26.658737433 26.8869250884 23.2104025025 21.3516746779 19.0285896371 18.0934018068 23.0864191914 26.3551049756 15.4271381163 34.1407163693 31.243824198 20.0997895019 15.9683240531 14.0797567655 12.7054863633 12.4543249784 20.6143719695 26.3000004698 25.6890610397 25.7928718705 25.5217464864 25.5339763872 24.3007766132 24.9837867152 21.8635896067 13.1225896301 7.75206209803 6.46040616023 6.20596809232 6.59790087914 6.27992122426
