data/recharge/transience/recharge31.asc
ncols                  80
nrows                 72
xllcorner      4374000.0
yllcorner      5656000.0
cellsize            500
NODATA_value       -9999
[rows 0 to 24 of 72, columns 0 to 55 of 80]
-9999 -9999 -9999 -9999 -9999 -9999 -9999 -9999 -9999 -9999 -9999 -9999 3.67507993065 3.81696752253 -9999 -9999 -9999 -9999 -9999 -9999 -9999 -9999 -9999 -9999 -9999 -9999 -9999 -9999 -9999 -9999 -9999 -9999 -9999 -9999 -9999 -9999 -9999 -9999 -9999 -9999 -9999 -9999 -9999 -9999 -9999 -9999 -9999 -9999 -9999 -9999 -9999 -9999 -9999 -9999 -9999 -9999
-9999 -9999 -9999 -9999 -9999 -9999 -9999 -9999 -9999 -9999 -9999 -9999 6.7615128758 5.12075956972 4.31455952214 -9999 4.6261280132 -9999 -9999 -9999 -9999 -9999 -9999 -9999 -9999 -9999 -9999 -9999 -9999 -9999 -9999 -9999 -9999 -9999 -9999 -9999 -9999 -9999 -9999 -9999 -9999 -9999 -9999 -9999 -9999 -9999 -9999 -9999 -9999 -9999 -9999 -9999 -9999 -9999 -9999 -9999
-9999 -9999 -9999 -9999 -9999 -9999 -9999 -9999 -9999 -9999 5.04332946844 4.91606964256 5.92740941614 6.19369869778 4.17138254619 3.37900554615 2.68975131666 2.73971434195 -9999 -9999 -9999 -9999 -9999 -9999 -9999 -9999 -9999 -9999 -9999 -9999 -9999 -9999 -9999 -9999 -9999 -9999 -9999 -9999 -9999 -9999 -9999 -9999 -9999 -9999 -9999 -9999 -9999 -9999 -9999 -9999 -9999 -9999 -9999 -9999 -9999 -9999
-9999 -9999 -9999 -9999 -9999 -9999 -9999 -9999 -9999 4.84300847772 5.05267823405 4.95489296619 4.84427401544 5.19107898811 4.60363365202 4.2174743432 3.25001756805 4.4926199942 -9999 5.20957751015 -9999 -9999 -9999 -9999 3.4428953245 3.74558054148 -9999 -9999 -9999 -9999 -9999 -9999 -9999 -9999 -9999 -9999 -9999 -9999 -9999 -9999 -9999 -9999 -9999 -9999 -9999 -9999 -9999 -9999 -9999 -9999 -9999 -9999 -9999 -9999 -9999 -9999
-9999 -9999 -9999 -9999 -9999 -9999 -9999 -9999 7.63797436988 6.28355908994 4.93983280254 4.79746414296 4.54840725843 4.08056403356 4.12774464831 3.83379535709 3.11510486368 2.9277763247 2.82962819324 3.83331840441 3.68503431329 4.00538863313 -9999 3.05361441575 4.35878063973 4.23564189893 -9999 -9999 -9999 -9999 -9999 -9999 -9999 -9999 -9999 -9999 -9999 -9999 -9999 -9999 -9999 -9999 -9999 -9999 -9999 -9999 -9999 -9999 -9999 -9999 -9999 -9999 -9999 -9999 -9999 -9999
-9999 -9999 -9999 -9999 -9999 -9999 6.3429780941 5.23174106278 5.10102265286 5.44525176274 5.91789426733 6.19028320391 5.28124269333 4.87630580663 4.02416453057 4.48948466476 3.52959547626 3.21188456846 3.73061745759 3.77476774806 3.53263005857 3.84668817579 3.3851314325 3.10854098526 3.51017954478 3.31489738838 3.61791017884 -9999 -9999 -9999 -9999 -9999 -9999 -9999 -9999 -9999 -9999 -9999 -9999 -9999 -9999 -9999 -9999 -9999 -9999 -9999 -9999 -9999 -9999 -9999 -9999 -9999 -9999 -9999 -9999 -9999
-9999 -9999 -9999 -9999 -9999 -9999 6.95055086524 6.23098964716 4.73748020096 4.50815529416 4.20996934497 4.47479321595 4.27670688836 3.90598935235 3.59970429498 3.13628906355 3.26256599887 3.33134924114 3.32990848244 2.89366390399 3.05309783829 3.77300657257 3.35979570964 3.22947711457 2.83835921698 2.56307898628 3.63744121937 4.24542692016 4.28980346717 3.93984114511 5.01776490028 4.92168734111 -9999 -9999 -9999 -9999 -9999 -9999 -9999 -9999 -9999 -9999 -9999 -9999 -9999 -9999 -9999 -9999 -9999 -9999 -9999 -9999 -9999 -9999 -9999 -9999
-9999 -9999 -9999 -9999 -9999 8.9653973002 7.3540448222 7.30707743543 6.50219736508 6.95081464255 6.35554484361 5.5152008146 4.08131278086 4.34711343379 4.15012170827 4.1944881206 3.79196699439 4.3819369538 4.10916404361 2.99131621639 3.07535063346 2.91003664492 3.09907931019 3.25374115116 3.05723094898 3.27872298599 3.43257915811 3.40562608312 4.04457635718 3.90391731452 3.60724554935 3.89363988405 3.26942708037 3.08169015391 -9999 -9999 -9999 -9999 -9999 -9999 -9999 -9999 -9999 -9999 -9999 -9999 -9999 -9999 -9999 -9999 -9999 -9999 -9999 -9999 -9999 -9999
-9999 -9999 -9999 -9999 -9999 9.32236947274 8.20815910984 8.28234891042 6.91526294738 6.23442792885 5.93537633551 6.46213791149 5.42919771666 5.71868136345 5.70491590134 6.37974056391 4.08172644138 3.41849977838 4.24019824327 3.02087963849 3.03319100322 3.14114192215 3.63018518453 3.41654957166 3.06590641022 2.52732286727 2.62015110539 2.2886010966 3.02305453699 3.00224239933 2.80558292017 2.86884769544 3.10064255037 2.89358920599 3.01375605861 2.83849362782 -9999 -9999 -9999 -9999 3.14849132859 3.02213669643 -9999 -9999 -9999 -9999 -9999 -9999 -9999 -9999 -9999 -9999 -9999 -9999 -9999 -9999
-9999 -9999 -9999 -9999 -9999 8.43285670792 7.52383540469 7.72337024258 7.38119912119 7.9943565264 7.10654794949 6.66959832001 5.6604695609 6.86291896492 6.43319271045 5.10293098102 4.1602185261 5.47188793549 4.50497748156 4.92173183948 3.75372147243 2.94155815092 2.75373561088 2.58583587767 2.97784542905 2.6735343481 2.48054991529 2.07705897463 3.1169227247 2.78025711225 2.72941784884 2.69195814701 3.0416738494 2.79834639945 2.54333096699 3.0230562609 3.01376400219 -9999 -9999 3.19675909414 3.54825951205 3.35866528156 3.86474996054 -9999 -9999 -9999 -9999 -9999 -9999 -9999 -9999 -9999 -9999 -9999 -9999 -9999
-9999 -9999 -9999 -9999 -9999 -9999 9.83472176091 10.7190201618 8.45962000001 7.91646537263 6.55267702159 7.37554413362 7.91067200063 8.54136399443 4.88383877307 4.29579166396 4.39674215603 4.20689720425 3.43265355814 3.35900176168 3.31493746554 3.53565483638 3.08620012799 3.44577463255 2.90056561971 2.4788440147 1.72793789211 1.95068545537 2.10842976647 2.26660458426 2.13642774059 2.51321214983 2.25881033632 2.24829436988 2.40874570178 2.6715735651 2.58982354798 2.11729523655 3.04886188674 2.9240653504 2.93008905394 3.70583964039 2.59960636812 2.05181929097 -9999 -9999 -9999 -9999 3.12030815489 2.68907222722 1.68537432527 -9999 -9999 -9999 -9999 -9999
-9999 -9999 -9999 -9999 -9999 -9999 -9999 9.20604347021 7.51804338774 8.89928268486 8.48490948661 7.44271207163 6.14773996479 5.08916397886 4.83246588241 6.2894114683 5.76646920023 5.52480803644 5.06986649237 4.0433933377 3.03318792576 3.06397362128 2.84994262083 2.88973899839 2.56525254774 2.20991039624 1.90401611107 2.22636379639 2.29704043614 2.16956576007 2.20231653727 2.20229628574 2.35879644689 2.24547512283 2.77113263719 2.73832320744 2.71217730275 2.67340902257 2.95700725837 2.94814397003 2.49599410959 2.26330813906 1.98081545927 2.25680183096 1.99766597335 2.30810505241 2.54864197554 2.04205599999 1.90653865326 1.84510474319 1.8361957479 1.57625380314 -9999 -9999 -9999 -9999
-9999 -9999 -9999 -9999 -9999 -9999 -9999 -9999 6.88857118975 6.45127116006 7.32373114964 8.36053699566 7.20126130088 7.99703606973 6.91015430448 6.2668792696 4.42536416089 4.45494463434 3.38628670993 3.94162520519 5.08771340679 4.80663177249 2.53770837692 2.9466600946 2.79638186422 2.60515835688 1.43383371619 1.98094712342 1.62905184838 1.25540944902 1.56667605844 1.61384606456 1.78626691396 1.58590561154 2.02110578226 2.24629513134 2.45540373943 2.60382969753 2.47582004127 2.40712300412 2.28142625268 1.965154703 2.01675771059 1.78883088454 1.74912122807 1.55057556431 1.76735083555 1.50617734327 1.32788058358 1.35461840177 1.36413981843 1.49724261573 1.18316274137 -9999 -9999 -9999
-9999 -9999 -9999 -9999 -9999 -9999 -9999 -9999 8.93542610248 7.56380805065 6.63569708883 6.69602753601 6.22245043253 6.16165664623 5.04529482765 4.89293970604 4.30909198468 4.68737047857 3.94802455597 4.3700092883 4.72651597714 4.65785961005 3.53634096653 5.34007008633 3.88036942791 2.52138087323 2.73901021207 1.87278723075 1.64825088236 1.28228262943 1.29660838729 1.45511287695 1.3937004448 1.50114973769 2.09547874287 1.89323638718 2.74787169837 2.47502058298 2.46827555081 2.40522001494 2.4230454351 1.83964514188 1.83169601099 1.82539990036 1.55773005984 1.53447585532 1.73778633882 1.5587937614 1.35387161776 1.58071483942 1.43028931995 1.4404788673 1.39572357674 1.68578715945 1.26765506374 1.40023611806
-9999 -9999 -9999 -9999 -9999 -9999 -9999 -9999 -9999 10.1276061927 8.30789669313 6.31294055161 6.29471364728 6.54899533839 5.72190168773 5.81513909823 6.41902290932 6.93793051258 6.86937490158 6.92963111542 5.94233711566 4.39516739622 3.54859525872 8.05518377025 5.60778228774 4.37807829293 2.59778135761 2.06758101349 0.870575169958 1.50574821802 1.41294441233 1.45444979215 1.42555182729 1.12002145813 1.50374099025 1.73253660844 2.22137375855 2.04219898631 2.00303434894 2.03607901376 2.03657168781 1.98384051908 1.41443599275 2.15332103434 1.52732269419 1.24470091495 1.05818737978 1.03256651494 1.04532565515 1.08425977384 1.05469915665 1.00344184532 1.07726815238 1.30564934224 1.3266609728 0.809359818445
-9999 -9999 -9999 -9999 -9999 -9999 -9999 -9999 -9999 -9999 7.13744519062 7.1728952736 6.06054704266 6.34952463668 5.17386229082 4.65520207986 4.53748682699 6.21196094602 4.92850132516 3.91549489358 3.41885603105 3.24826445074 2.48248829492 2.58377432196 3.42738788827 4.48147805725 3.54451604417 2.62567514055 1.72241898307 1.07711285802 1.47338318725 1.48558912899 1.74074717887 1.40902879479 1.99883669276 1.85269636049 2.14106033868 2.04497469462 2.02711241401 2.045262481 2.1891892482 2.16101813381 1.67621197364 1.73887919053 2.44209033648 2.40646197845 1.78599330069 1.18606241929 1.28634335231 1.25325761227 1.27673869492 1.21005947099 0.952523436736 1.25108606096 1.06510308305 0.80324463425
-9999 -9999 -9999 -9999 -9999 -9999 -9999 -9999 -9999 -9999 -9999 7.04226549587 5.35467477762 5.64993374143 4.97550335502 4.36176769399 4.32973267803 4.24334429326 3.20751903786 3.66387905691 3.91665495266 3.78733948337 2.46015181453 1.86262106721 1.35543317808 1.51659354798 2.46934177827 3.76855150185 3.0515384993 1.17673153568 1.0277865436 1.18968556659 1.34246670484 1.41255473307 1.45491066595 1.25012458324 1.70776687542 1.68915376717 1.88837952775 1.88640686115 2.12445924147 1.8476675814 2.01076405412 1.48889447928 1.36686059449 1.2417821909 1.41889027995 1.80428304657 1.24197114041 1.21784861282 0.9805725659 1.25532373066 1.19204045585 1.06637142752 0.802821829829 0.800591220647
-9999 -9999 -9999 -9999 -9999 -9999 -9999 -9999 -9999 -9999 -9999 5.75363259733 5.63417654255 4.88066835063 5.09061258482 4.50252177246 3.48726377014 3.20561688695 3.71110113475 3.76913641465 3.50371251645 4.12447608609 2.4572159102 2.16747012656 2.0296818016 2.45160716938 1.55366973636 2.13764184564 2.13343350861 1.83524466271 2.78515250771 2.70190165402 1.36503864865 1.42960667855 0.964476214372 1.20484667537 1.69726811092 1.74219863078 1.81326050258 1.79048003974 2.11772183268 2.26933719589 1.80730326924 1.87042564967 1.62243926529 1.74001603487 2.46935155003 3.07488899679 2.5650661484 1.51388647566 1.70183470693 1.5197702899 0.863863224715 1.22854106301 1.11759248413 0.945812510524
-9999 -9999 -9999 -9999 -9999 -9999 -9999 -9999 -9999 -9999 -9999 8.16962868701 6.85662157716 6.30921109443 4.07068880882 4.29925124276 3.18975759671 2.48297049916 2.60560208916 2.92098815942 2.81703007897 2.91086557993 2.12828455852 1.66458911446 1.52439896834 1.53847182229 1.36892556309 1.32366286397 1.38672856834 1.077637 1.19628399449 2.5060702879 3.83872670766 3.55799538719 1.56307701836 1.20345171612 1.71165678766 1.07396879114 1.30362440554 1.20244789252 1.59550419502 1.92342758826 2.31916170442 2.69460976712 3.09905758416 3.43668785903 2.21824993279 1.89539657676 1.75759974236 1.81415022851 1.38901933651 1.65296309685 1.69978113785 1.89465343835 1.42629849849 1.02268034448
-9999 -9999 -9999 -9999 -9999 -9999 -9999 -9999 -9999 -9999 -9999 -9999 5.0498103264 5.91756919425 5.10245070291 4.46591788152 3.5254598259 2.99879478515 2.42710603931 3.08936392454 2.94948535187 2.71041346686 2.34661208389 2.30339016526 1.67423221649 1.73254617908 1.4093513504 1.48742193787 1.3456881516 1.2483688056 1.27602323818 1.37272085914 1.04827284867 1.01345639462 1.86500287113 0.529324289568 1.83143209126 1.41300763437 1.27068262591 1.67715137136 2.04910017415 1.90569180646 2.98487205582 3.51627235022 3.82958413835 3.72514628549 2.28244888411 1.93387460051 1.22647543503 1.48496079479 1.26490947477 0.985248061924 0.73832301831 0.741814375822 0.611715800425 0.653593378306
-9999 -9999 -9999 -9999 -9999 -9999 -9999 -9999 -9999 -9999 -9999 6.87232267389 6.4636433986 7.1530163848 6.80390962555 6.19191618118 3.79798116069 3.71803742542 2.59992660933 2.989511403 2.17917756056 2.12378714186 1.69479895569 1.76236388436 1.60497028486 1.56452161593 1.22860192894 1.13785157132 1.11413591893 1.05441626353 1.00525820071 1.06897039334 1.03321358739 1.0147769028 1.19631761836 1.52165652959 1.98730734497 1.08225980131 1.07052768177 1.1897651383 1.72555855654 1.53450848145 2.96913927677 3.63929673208 4.64335352718 4.6068367664 3.40926753052 2.90643727059 1.88576718812 1.89799407772 1.12614170654 0.642651176232 0.502560678441 0.509907476978 0.422884518263 0.501565486025
-9999 -9999 -9999 -9999 -9999 -9999 -9999 -9999 -9999 -9999 -9999 7.31621496293 8.64090552464 8.23932613869 5.58009370979 5.31104856079 4.36808007598 4.12602943738 2.98061665832 3.1053285447 2.78957589421 2.4631609913 1.89476625473 1.94850109172 1.73462873291 1.7312710365 1.16929776643 1.40108631341 1.24947137601 1.82621153974 1.62469922035 1.10570670755 1.0041162953 1.01614947019 1.14705156493 0.69675468269 1.33696838972 1.9834609882 1.36305580543 1.04834131553 1.45038172212 1.59437293532 2.3804462319 2.50855327101 2.67946980062 2.49516542379 2.70999730681 2.79423703821 2.03871911594 1.97869232679 1.07006940475 1.19368998004 0.915883872062 0.8355598429 0.710480497362 0.618999089273
-9999 -9999 -9999 -9999 -9999 -9999 -9999 -9999 -9999 -9999 -9999 9.82763890312 9.53567301371 8.0210780264 7.58554860773 7.35016174611 4.3843939816 4.63805860844 3.93084623137 4.08389449423 2.30038061021 2.47708546463 3.09135731022 2.93423198615 1.97794739677 1.96965414798 1.92010737213 1.57198999105 1.09738912913 0.944001719621 0.992358919989 1.67294190025 1.76644537088 1.58394763778 1.19117660698 0.595440221868 0.705214511432 0.470700108308 1.21029207865 0.647595166583 1.66124490753 1.77386877074 1.59699394133 1.29891038418 1.35598262496 1.35942354902 1.72883041534 1.77933117546 1.4914920416 1.38014213648 0.785568162004 0.68887176194 0.451466364661 0.420212135281 0.351860098124 0.463674900249
-9999 -9999 -9999 -9999 -9999 -9999 -9999 -9999 -9999 -9999 -9999 -9999 9.93595084357 9.2289846178 7.038363328 6.62900661788 5.07235306157 5.14593597575 3.75370253193 4.1893772232 3.31354043984 3.98807587027 2.17791450994 1.88197609512 1.73624690724 1.68647887051 1.19778211958 1.32798406121 1.11729658455 0.882165826471 0.692220073525 0.767838505678 0.904139605744 1.01562027783 1.04385987001 1.07815367241 0.90380315056 0.645108411881 1.47802843528 1.21546154093 1.60723852399 1.40336729272 1.64856253176 1.27734002282 1.37893861724 1.38917570441 1.4336211299 1.61125102897 1.30569976307 1.31900784656 1.00222231449 0.5500671447 0.432453566907 0.671733998456 0.447254332172 0.423924275536
-9999 -9999 -9999 -9999 -9999 -9999 -9999 -9999 -9999 -9999 -9999 -9999 12.4047074559 9.89597349381 8.09628503147 6.96339906963 4.96018785487 5.54210927896 4.48963651394 3.96118202606 3.64033951125 3.27579363417 2.447457904 3.47974314192 2.29678714296 2.70903562213 2.82525217954 2.40599911425 1.69349797626 2.42581491428 1.72079394776 1.86185161845 2.02147018097 2.02477777736 1.12061444659 1.2027823376 0.932692631191 1.42551082919 2.27859130491 1.4469545653 1.59176984433 1.21850404838 1.08824118225 1.06592745089 1.0784768286 1.08964026416 0.991091596591 1.02934931312 0.855902249855 0.928692686813 0.799132043136 0.599013924281 0.51649630898 0.337092873458 0.280615958704 0.417889152749
