data/recharge/transience/recharge516.asc
ncols                  80
nrows                 72
xllcorner      4374000.0
yllcorner      5656000.0
cellsize            500
NODATA_value       -9999
[rows 0 to 24 of 72, columns 0 to 56 of 80]
-9999 -9999 -9999 -9999 -9999 -9999 -9999 -9999 -9999 -9999 -9999 -9999 31.5236169915 32.291648129 -9999 -9999 -9999 -9999 -9999 -9999 -9999 -9999 -9999 -9999 -9999 -9999 -9999 -9999 -9999 -9999 -9999 -9999 -9999 -9999 -9999 -9999 -9999 -9999 -9999 -9999 -9999 -9999 -9999 -9999 -9999 -9999 -9999 -9999 -9999 -9999 -9999 -9999 -9999 -9999 -9999 -9999 -9999
-9999 -9999 -9999 -9999 -9999 -9999 -9999 -9999 -9999 -9999 -9999 -9999 25.8579455304 25.0299849435 23.9963449332 -9999 22.2063465927 -9999 -9999 -9999 -9999 -9999 -9999 -9999 -9999 -9999 -9999 -9999 -9999 -9999 -9999 -9999 -9999 -9999 -9999 -9999 -9999 -9999 -9999 -9999 -9999 -9999 -9999 -9999 -9999 -9999 -9999 -9999 -9999 -9999 -9999 -9999 -9999 -9999 -9999 -9999 -9999
-9999 -9999 -9999 -9999 -9999 -9999 -9999 -9999 -9999 -9999 24.364931572 23.8784384149 24.7469160826 24.8207937014 21.9720412763 21.1824355817 18.6823123173 18.8424754893 -9999 -9999 -9999 -9999 -9999 -9999 -9999 -9999 -9999 -9999 -9999 -9999 -9999 -9999 -9999 -9999 -9999 -9999 -9999 -9999 -9999 -9999 -9999 -9999 -9999 -9999 -9999 -9999 -9999 -9999 -9999 -9999 -9999 -9999 -9999 -9999 -9999 -9999 -9999
-9999 -9999 -9999 -9999 -9999 -9999 -9999 -9999 -9999 24.3103503411 24.14363483 24.1897171958 23.7019595653 24.0260637199 22.7604165825 22.1620396573 20.0167836514 21.2248782679 -9999 23.2461893915 -9999 -9999 -9999 -9999 20.4792711432 21.2747567824 -9999 -9999 -9999 -9999 -9999 -9999 -9999 -9999 -9999 -9999 -9999 -9999 -9999 -9999 -9999 -9999 -9999 -9999 -9999 -9999 -9999 -9999 -9999 -9999 -9999 -9999 -9999 -9999 -9999 -9999 -9999
-9999 -9999 -9999 -9999 -9999 -9999 -9999 -9999 25.8911780565 25.1887563302 23.6167771264 23.6741458832 22.6289030991 22.1964155898 20.9962450587 20.7408266869 18.5472549892 17.7934652922 18.6850652507 20.6458620306 19.945035991 20.3100374054 -9999 18.9410141901 21.5121210725 21.6348100489 -9999 -9999 -9999 -9999 -9999 -9999 -9999 -9999 -9999 -9999 -9999 -9999 -9999 -9999 -9999 -9999 -9999 -9999 -9999 -9999 -9999 -9999 -9999 -9999 -9999 -9999 -9999 -9999 -9999 -9999 -9999
-9999 -9999 -9999 -9999 -9999 -9999 25.5441158744 24.9191131421 24.2433318871 24.535761622 24.4860148409 24.7973535489 23.2558335039 22.9402288511 20.9155471111 21.3646795817 19.3233669328 18.7662123322 21.5805432927 20.586080298 19.7524845471 20.0995898366 20.1537434392 19.3317445779 20.8378515668 20.5952779567 21.0597822618 -9999 -9999 -9999 -9999 -9999 -9999 -9999 -9999 -9999 -9999 -9999 -9999 -9999 -9999 -9999 -9999 -9999 -9999 -9999 -9999 -9999 -9999 -9999 -9999 -9999 -9999 -9999 -9999 -9999 -9999
-9999 -9999 -9999 -9999 -9999 -9999 25.7896738609 25.6124031455 23.7725930314 23.5275960829 22.4665852035 23.1222258879 21.3406037303 20.4958762569 18.7641245484 18.6900146093 17.6323958095 16.9801615364 22.0622010605 17.3760801377 17.874071154 18.7515041729 19.2432528327 18.9354708093 19.097678331 18.3523087572 20.6456187654 21.5728419933 22.6219224276 22.3100799755 22.8044094397 22.7688353923 -9999 -9999 -9999 -9999 -9999 -9999 -9999 -9999 -9999 -9999 -9999 -9999 -9999 -9999 -9999 -9999 -9999 -9999 -9999 -9999 -9999 -9999 -9999 -9999 -9999
-9999 -9999 -9999 -9999 -9999 27.2311732665 26.1117830292 26.1275133091 25.3107796347 25.5172933745 24.3286072862 23.6624288095 20.8492243093 21.4549081604 19.5057719196 19.8710961828 16.4406452999 9.89015056558 18.1847382318 17.7288299034 17.9163855491 17.705658599 18.9002118853 19.0914811123 19.7756745578 20.0229843724 20.5033371791 20.4411370075 22.3434802218 22.2223864902 21.5090137324 21.8388170804 20.8081960225 20.604382294 -9999 -9999 -9999 -9999 -9999 -9999 -9999 -9999 -9999 -9999 -9999 -9999 -9999 -9999 -9999 -9999 -9999 -9999 -9999 -9999 -9999 -9999 -9999
-9999 -9999 -9999 -9999 -9999 26.8001230514 26.568655664 26.6085180047 25.7103229698 25.356443331 24.2254803429 24.5721779256 17.4678878828 15.2222269234 21.6563808481 21.8144540636 16.6875144311 8.24460069375 14.4416033741 16.6513292279 16.5547332738 16.832302897 18.6391487753 18.41647896 18.7438421874 17.717283516 18.515135695 17.791077382 19.9730820464 19.9385977511 21.7240606172 21.5397935589 20.439060873 20.1975508678 19.9238096178 20.009728948 -9999 -9999 -9999 -9999 18.7037546844 18.4293552827 -9999 -9999 -9999 -9999 -9999 -9999 -9999 -9999 -9999 -9999 -9999 -9999 -9999 -9999 -9999
-9999 -9999 -9999 -9999 -9999 26.5975647998 26.4534479944 26.4340022385 25.8980131 26.1819865379 25.0075241856 24.7444878797 22.4146647549 22.6975233933 22.1790315182 20.8677741438 18.1440523103 21.4147385084 20.8753501692 18.732019696 17.3712337039 16.656018124 17.5639967217 17.3339589337 18.6208891541 17.9775693944 18.4420816988 17.4053370198 19.828027916 19.9040635763 14.5934463564 17.1835073099 20.3385174953 19.6741744397 18.6183311217 20.2045803551 19.1166226046 -9999 -9999 19.5008059139 19.0469999293 18.8599985274 18.6288874855 -9999 -9999 -9999 -9999 -9999 -9999 -9999 -9999 -9999 -9999 -9999 -9999 -9999 -9999
-9999 -9999 -9999 -9999 -9999 -9999 27.3475188781 27.4902806656 26.4139714023 26.3286039284 25.2419231164 25.6150863865 25.7606280025 26.4961762542 21.3154699378 20.6920565854 19.3941642255 19.2106112819 17.6141339072 17.936013007 17.3243094202 17.532804238 17.3264005718 17.8113139778 17.7696045874 17.2035962408 15.5417160178 15.6253967308 16.7449864729 17.6867203323 16.6968005123 17.8003119281 17.3006147501 17.3272377566 17.6592283548 18.4964750152 18.4022669418 16.8627631969 18.9965254738 18.8224405689 18.2328446418 19.1524996787 16.8504101676 15.3619487993 -9999 -9999 -9999 -9999 16.6181662184 15.9299628019 5.03389479957 -9999 -9999 -9999 -9999 -9999 -9999
-9999 -9999 -9999 -9999 -9999 -9999 -9999 27.3842006688 26.181381729 26.5005695686 26.0552506282 25.7116577541 25.4578251929 24.2108938811 20.2771718299 21.6577948641 20.5045911552 20.7247410036 19.5176685791 18.6017442465 16.9593712079 16.9657601175 17.0292644223 17.1430241508 17.3411556978 16.7659278209 15.9738940145 16.4342564908 17.7123406361 17.2673717351 16.9399264501 16.809280881 17.5134480223 17.5332642079 18.7371251865 18.7166725255 18.4217693972 18.1174417849 18.9029203119 18.8686407102 17.2353356486 16.5356445728 12.680195582 10.9672947658 9.74886335566 10.4477291 10.3881389264 9.45156648501 9.47752946796 12.5310287973 13.6607389596 11.7018282074 -9999 -9999 -9999 -9999 -9999
-9999 -9999 -9999 -9999 -9999 -9999 -9999 -9999 26.3797415049 25.7402574146 25.4418516542 25.7451669115 24.7058471042 25.1922177569 23.8043926397 23.4590849724 20.5427527655 20.6059697344 18.4976627615 19.0193841622 20.3064434071 20.0926243089 15.5709963491 13.7354284957 13.4858605871 13.5416157734 13.7513320934 15.6712286452 14.8684547854 13.6089903622 14.4432977559 14.2801723179 14.8735130101 14.5151221932 15.6144562311 16.8411689431 17.0884218906 17.341530358 17.0364320195 16.9871773762 15.4792746208 12.3700912794 9.09827945101 8.59843844252 8.10890789067 7.63984282063 8.2514220297 7.63829585772 7.09114739143 9.76704840431 11.2785358804 11.6535677775 10.3243928924 -9999 -9999 -9999 -9999
-9999 -9999 -9999 -9999 -9999 -9999 -9999 -9999 26.4626854638 26.1258311472 25.1510590233 25.1956296321 24.2702787396 24.2387914924 22.5894220205 22.4330905043 20.0857287856 20.4873747872 19.0348718701 19.4125768679 19.8657262008 19.9779596131 16.9050815427 17.9733720482 15.6364504002 12.6776871923 14.6200107474 14.9986177619 14.7529005877 13.3615498893 13.1949805578 14.0427778007 13.5976881905 14.2582510903 16.2071003201 9.57930313101 17.7145367123 17.1517185191 17.0028757065 16.9116050024 16.2626714614 12.4912221222 8.7153742314 8.67942332866 7.66736053688 7.60822153548 8.18416335953 7.76417812845 7.69771102915 12.0868806395 11.4534951362 11.4835144602 10.9385154318 12.2439576591 10.6144459969 10.9105732905 -9999
-9999 -9999 -9999 -9999 -9999 -9999 -9999 -9999 -9999 26.2285541874 25.3269423953 24.5770192764 24.1872835576 24.1207998802 22.4441852736 22.4898710016 22.3800635917 22.6900498825 22.7282433704 22.8133180885 22.1334410231 21.0348064165 19.4426927229 24.0895323434 19.4699190831 18.0801012825 13.8055845554 12.0053546712 9.74725228347 14.1266907177 13.1451821308 13.2472671798 12.883716743 11.7867103079 13.2519278211 13.2420184002 15.564863428 15.2752985583 14.7838611661 14.8258738586 14.193950697 13.5983006248 7.24534542352 8.30419344252 6.61007020129 5.99240560715 5.29611153213 5.43163880895 8.29525896211 8.99270750805 8.83038278636 8.66255093247 8.87475050302 10.198920434 10.0486350406 5.89706465061 4.3299605232
-9999 -9999 -9999 -9999 -9999 -9999 -9999 -9999 -9999 -9999 24.8247873031 24.8673573015 24.0396777014 24.0065956506 21.9966084105 21.5184459942 20.8082165498 22.0540515688 21.302351153 20.0660261469 19.4531921102 19.0790820627 16.9570957862 16.7414583912 15.7612691077 18.5326356306 16.1397020722 13.5879446417 10.4986037344 10.4273594174 13.7359256969 13.7477200168 14.0646287707 12.7584494281 14.7064485996 14.6156902117 15.4218142296 15.274110698 14.8283492716 14.8598280762 14.4306167617 13.8441153234 10.6942548377 7.65800232719 8.46561307873 8.45504578316 6.94259447087 5.96982617864 9.44959817148 9.66973016449 9.51026609117 9.29357691836 8.24057385518 9.43561778173 9.411594518 5.52528398902 4.28964908675
-9999 -9999 -9999 -9999 -9999 -9999 -9999 -9999 -9999 -9999 -9999 14.0637789685 18.115279252 24.3739281543 21.3082765653 20.8000246078 20.589480682 20.512453389 19.0897039802 19.9443249473 20.2700982344 19.916072037 17.1749025185 15.6034029724 13.3182701328 10.7833305706 13.3149777523 16.3291520242 14.9066543061 17.1786288761 16.0002438865 11.4898586877 11.2673201698 11.6291763977 12.5020384197 11.5933970422 13.3884346715 13.3483709261 13.4751640847 13.4846921779 12.4677998174 11.8592359859 11.6105090281 8.44889905182 6.12261018804 5.55137473767 5.78383575606 6.52195982488 6.70734583161 8.80867716636 7.64946246514 8.96544303899 8.56457813387 8.32832493679 7.37754986948 7.20750228367 4.30689537627
-9999 -9999 -9999 -9999 -9999 -9999 -9999 -9999 -9999 -9999 -9999 13.0470635251 18.9020854501 22.2553765214 21.4708421664 21.174109193 19.5332484688 19.1989188591 20.28872445 20.3929116737 19.8274797882 20.4463753362 17.3735750836 16.2673818314 15.5535875117 16.7961952323 13.4350703167 13.6601219531 11.853891832 12.1091821568 13.261620979 12.6824990192 7.884221791 8.52912492037 8.53442593429 11.8219326971 13.3508102494 13.4614113936 13.3235780208 13.3205437956 14.8364510468 12.5739810613 11.157025906 11.3233802202 8.82082023728 6.92329974507 7.81947372159 8.62548108421 7.8033942917 6.20796975534 6.53386981001 6.43570505655 4.89233618119 8.11769294586 8.16718950938 7.73330053391 7.27322874989
-9999 -9999 -9999 -9999 -9999 -9999 -9999 -9999 -9999 -9999 -9999 24.2440425203 23.1570113296 22.8096397555 20.0398042871 20.0214110456 17.7548607193 16.5207781954 17.093174963 17.6912731304 18.2317138135 18.351374858 16.1240974742 14.6084534258 14.0709905118 14.7663212643 14.3035833186 14.1871671177 13.4919924695 11.6144629827 9.76554443521 13.2292434738 14.8677979601 14.7589797826 8.50696667462 10.6194299091 7.78693602609 5.78016263356 10.612874348 8.86154229822 9.19632843832 11.279207098 11.349516961 11.9466788033 12.4254766117 11.9933503054 7.3732298165 6.85395941922 6.47330178184 6.37738041856 5.60992074042 6.14974917634 6.34219020557 7.12958871058 7.91827365987 7.13574224908 8.17988737632
-9999 -9999 -9999 -9999 -9999 -9999 -9999 -9999 -9999 -9999 -9999 -9999 22.172295323 22.6591894929 20.8852372636 20.8400965267 18.7856938198 17.6386673305 16.2507027763 18.18772907 18.4236668415 18.0961915757 16.968763954 16.629822334 15.0302482367 15.1584155662 14.4089762091 14.5787781262 13.9624983116 13.7264755654 13.428518029 13.6463826473 11.5649445478 8.9409745403 9.69832378909 10.5982560239 13.6880390676 6.78558583825 6.09674758913 11.7023222836 12.0660700598 11.0378069891 12.3484818422 13.0584367665 13.2411364726 13.1750431969 8.60387317005 6.91643947929 5.50573977545 5.96847568882 5.31395714454 4.60753967664 4.01161344654 4.06648027858 3.45007661109 4.47841956036 3.62001149416
-9999 -9999 -9999 -9999 -9999 -9999 -9999 -9999 -9999 -9999 -9999 23.2007356782 22.843131767 23.0143380349 21.7304404457 14.5159550179 18.2872594587 18.1085268721 15.7955846259 16.8080357087 15.7273638141 15.6366964508 14.5375272433 14.6810453161 14.0521338871 13.9720204638 13.2806369352 12.9874469979 12.8175319756 12.6355357166 11.7464517939 11.9217795319 11.22707522 11.1675914347 11.1634874633 7.88328851657 7.75540303348 5.08078082879 4.52495482043 8.33698121277 10.1984033366 9.23545248877 13.9948831519 14.3373165924 15.5237826129 15.4663347684 13.2484129653 9.23523065784 6.38864657501 6.47409689735 4.7158231709 3.3553709036 2.88229722897 2.90324209822 2.59431933808 2.84771858915 3.69290915899
-9999 -9999 -9999 -9999 -9999 -9999 -9999 -9999 -9999 -9999 -9999 23.4789245818 23.9778487511 23.6514174355 21.1083146296 16.2293155415 18.302474125 18.3050018334 16.9442843803 17.146860929 16.3194027228 17.3364574456 16.002088866 14.9968642277 14.2972878254 14.003671851 9.9956333665 12.5954459717 13.5293218475 14.3392579789 13.1863564639 12.0208570822 11.1377935918 11.1705900982 11.0418493294 5.86161005383 5.87669184805 7.78053923836 5.32837352316 6.02944740403 9.50271469238 9.22633544611 11.7063178585 12.797623168 13.1655386389 12.7330245885 12.4013376888 12.2696070888 9.17359015823 8.14460060323 4.56492994857 4.7198012759 3.97739379601 3.78256189302 3.41103214845 3.16737577349 2.37120059474
-9999 -9999 -9999 -9999 -9999 -9999 -9999 -9999 -9999 -9999 -9999 24.247776862 23.7265162576 22.9286751678 22.7088333053 22.5389318818 18.873539827 18.7450065088 17.4708752496 18.1656057516 13.6605792602 7.98817674427 14.070350166 12.04683919 9.25099747788 9.25167410734 10.2432971821 11.4834004658 10.2217422119 10.7188840783 10.4082972671 12.9931772639 12.2212441034 11.8906360879 10.2593240344 4.23883790328 3.43923469262 2.52099037981 4.40825227608 3.6802228871 9.73077248107 10.5343207205 9.91104972909 8.846130277 9.29787725085 9.31499400768 10.3624377294 10.6905401088 9.22233648094 9.14685143175 4.8769530599 3.46572645018 2.79343003987 2.51072484418 2.32983381365 2.41559517195 2.74488023123
-9999 -9999 -9999 -9999 -9999 -9999 -9999 -9999 -9999 -9999 -9999 -9999 23.9048023258 23.5903214167 22.6489016399 22.0181869864 19.0949642599 19.2926987113 17.3207459145 17.8487501422 16.5065175934 17.2688925677 10.935811548 9.10175609036 8.8260250706 8.7286975815 7.72405492914 8.01856557525 7.41927309527 6.80771767423 5.81019408027 8.40826125323 10.2955284633 10.614304657 9.89716182783 5.32039412988 4.18789941181 3.04392977922 5.29860460355 5.41869552223 9.78196030634 9.94468250278 10.4893503363 9.0157530244 9.33114085258 9.3764219221 9.54396670393 10.3444978489 8.76053838086 9.49946212151 7.96484656715 4.79629212937 5.32471042268 4.07679505031 2.60093098021 2.77181407072 2.54075787503
-9999 -9999 -9999 -9999 -9999 -9999 -9999 -9999 -9999 -9999 -9999 -9999 24.9500759166 24.1921367382 23.2869428125 21.955310551 19.4759774974 20.0917783226 18.3193212598 18.2861337519 17.3646864024 17.3154591795 12.9501659425 11.294399128 10.1128648825 12.3906233426 11.4597452308 9.89526870107 8.34969463937 9.60776515346 7.84920588624 8.25377890959 11.4491696197 12.3982374692 6.80057061396 5.44385533297 7.52021804754 5.67554690756 7.25432542544 5.59490466025 8.30854044912 9.08685072903 8.53449899947 8.48857812112 8.44521197643 7.90277597306 7.39673597796 7.45064605182 6.66692639358 7.60684816818 6.70132877056 6.12865627454 4.61640375907 1.78230537566 1.25773165881 1.60376615395 1.20204237907
