data/recharge/transience/recharge179.asc
ncols                  80
nrows                 72
xllcorner      4374000.0
yllcorner      5656000.0
cellsize            500
NODATA_value       -9999
[rows 0 to 24 of 72, columns 0 to 56 of 80]
-9999 -9999 -9999 -9999 -9999 -9999 -9999 -9999 -9999 -9999 -9999 -9999 2.63873321017 2.76883966341 -9999 -9999 -9999 -9999 -9999 -9999 -9999 -9999 -9999 -9999 -9999 -9999 -9999 -9999 -9999 -9999 -9999 -9999 -9999 -9999 -9999 -9999 -9999 -9999 -9999 -9999 -9999 -9999 -9999 -9999 -9999 -9999 -9999 -9999 -9999 -9999 -9999 -9999 -9999 -9999 -9999 -9999 -9999
-9999 -9999 -9999 -9999 -9999 -9999 -9999 -9999 -9999 -9999 -9999 -9999 2.47246838905 2.17525724287 2.05234546421 -9999 2.37446822996 -9999 -9999 -9999 -9999 -9999 -9999 -9999 -9999 -9999 -9999 -9999 -9999 -9999 -9999 -9999 -9999 -9999 -9999 -9999 -9999 -9999 -9999 -9999 -9999 -9999 -9999 -9999 -9999 -9999 -9999 -9999 -9999 -9999 -9999 -9999 -9999 -9999 -9999 -9999 -9999
-9999 -9999 -9999 -9999 -9999 -9999 -9999 -9999 -9999 -9999 2.32506344656 2.04285415411 2.2750825921 2.31914225467 1.99654847945 1.68972234706 1.51245905951 1.50922283268 -9999 -9999 -9999 -9999 -9999 -9999 -9999 -9999 -9999 -9999 -9999 -9999 -9999 -9999 -9999 -9999 -9999 -9999 -9999 -9999 -9999 -9999 -9999 -9999 -9999 -9999 -9999 -9999 -9999 -9999 -9999 -9999 -9999 -9999 -9999 -9999 -9999 -9999 -9999
-9999 -9999 -9999 -9999 -9999 -9999 -9999 -9999 -9999 1.9853900967 2.12654343371 2.29187011591 2.00919171094 2.09121628266 2.34981178841 2.01598568801 1.65362499752 2.17333215198 -9999 2.5506622951 -9999 -9999 -9999 -9999 1.76639258502 1.92044116749 -9999 -9999 -9999 -9999 -9999 -9999 -9999 -9999 -9999 -9999 -9999 -9999 -9999 -9999 -9999 -9999 -9999 -9999 -9999 -9999 -9999 -9999 -9999 -9999 -9999 -9999 -9999 -9999 -9999 -9999 -9999
-9999 -9999 -9999 -9999 -9999 -9999 -9999 -9999 2.50813190739 2.23486222862 2.03954501062 2.07384131121 2.26965068471 2.14748387963 2.249673206 2.17261462032 1.62664750985 1.57956867266 1.53092161182 2.19023854381 2.2521881009 2.35185032479 -9999 1.68108012149 1.99818717709 2.01070699829 -9999 -9999 -9999 -9999 -9999 -9999 -9999 -9999 -9999 -9999 -9999 -9999 -9999 -9999 -9999 -9999 -9999 -9999 -9999 -9999 -9999 -9999 -9999 -9999 -9999 -9999 -9999 -9999 -9999 -9999 -9999
-9999 -9999 -9999 -9999 -9999 -9999 2.38857200161 1.93757636227 1.97081003947 2.04989983155 2.27334429422 2.3850551186 2.45209420351 2.35555489635 2.2237573161 2.35197002934 1.83103673107 1.70787489825 2.11004088023 2.16594986373 2.20194487268 2.29771436306 1.88931432224 1.69899751201 1.82530406646 1.76997346103 1.88540944428 -9999 -9999 -9999 -9999 -9999 -9999 -9999 -9999 -9999 -9999 -9999 -9999 -9999 -9999 -9999 -9999 -9999 -9999 -9999 -9999 -9999 -9999 -9999 -9999 -9999 -9999 -9999 -9999 -9999 -9999
-9999 -9999 -9999 -9999 -9999 -9999 2.4802172633 2.14824690369 1.8964444801 1.83673371108 1.85174867827 2.1600478143 2.2269481761 1.88817547224 1.91477365869 1.98420235587 1.98022057867 2.13540475726 2.00330725966 1.95852702308 2.07567639492 2.31251021205 2.21359480726 1.88424579421 1.65241151997 1.5616930217 1.92010906106 2.23031341383 2.29007991173 2.20235250665 2.72103595566 2.70466659961 -9999 -9999 -9999 -9999 -9999 -9999 -9999 -9999 -9999 -9999 -9999 -9999 -9999 -9999 -9999 -9999 -9999 -9999 -9999 -9999 -9999 -9999 -9999 -9999 -9999
-9999 -9999 -9999 -9999 -9999 1.79996313713 2.55700545471 2.55939306438 2.33151239914 2.3980653229 2.36590213004 2.17957447888 1.93726506582 2.02481387218 2.09740312175 2.29773396222 2.31737512684 1.76902332384 2.10069345464 1.96865262026 2.0853841586 2.03009508347 2.12358395027 2.17492203625 1.75665558927 1.80976492213 1.83578318585 1.95889675912 2.2203985201 2.18542334257 2.3422810205 2.43257376911 2.33132478707 2.2721614456 -9999 -9999 -9999 -9999 -9999 -9999 -9999 -9999 -9999 -9999 -9999 -9999 -9999 -9999 -9999 -9999 -9999 -9999 -9999 -9999 -9999 -9999 -9999
-9999 -9999 -9999 -9999 -9999 1.81275705905 2.43998328457 2.4530590436 2.54915667346 2.41402226034 2.455516147 2.56695558783 2.60166343361 2.50763659351 2.57725840343 2.50671020898 2.19159171173 1.6651767626 2.42247152744 2.15611967009 2.00356708315 2.09915863507 2.33641425879 2.27017909916 2.20035921294 1.84657235623 1.65524263283 1.57857520992 2.0853282068 2.15481203504 2.14373228887 2.17282677323 2.30109946317 2.23236132312 2.10268539289 2.23233919293 -9999 -9999 -9999 -9999 2.17997960021 2.21661633411 -9999 -9999 -9999 -9999 -9999 -9999 -9999 -9999 -9999 -9999 -9999 -9999 -9999 -9999 -9999
-9999 -9999 -9999 -9999 -9999 1.71828702063 2.3387773091 2.18105390802 2.6351239528 2.74968991008 2.70217476495 2.61450203181 2.52807971859 2.81593913163 2.74708083958 2.21166171903 2.03562943103 2.381285097 2.36283173701 2.54921574812 2.22631198443 2.06235912714 2.0383315438 1.97787287441 2.17768090055 1.81187916144 1.61283698651 1.44872675938 2.03259357943 2.16236156766 2.21730747142 2.26941165142 2.2763803026 2.01466213264 1.88938454918 2.28990161331 2.28770003683 -9999 -9999 2.11597647502 2.38396005791 2.33064855279 2.31526278804 -9999 -9999 -9999 -9999 -9999 -9999 -9999 -9999 -9999 -9999 -9999 -9999 -9999 -9999
-9999 -9999 -9999 -9999 -9999 -9999 2.62682351569 2.54638025347 2.48902179624 2.40983073159 2.47851600867 2.63420791096 2.77677223006 2.70500937819 2.1108238816 1.97087493937 2.08836950877 2.03555637247 1.92770279215 2.09941472211 2.20114884057 2.26628312587 2.19189436571 2.3259994892 2.19608576327 2.0287563777 1.44150004103 1.4612275305 1.778403061 2.05692163847 2.12771628111 2.22809556262 1.86803470027 1.80691868367 1.81404567512 2.23351711894 1.95615360383 1.62116567063 2.25207824131 2.20684529912 2.20846014277 2.45658983513 1.87757881278 1.54042394311 -9999 -9999 -9999 -9999 1.99216717817 1.8446537635 1.20345385422 -9999 -9999 -9999 -9999 -9999 -9999
-9999 -9999 -9999 -9999 -9999 -9999 -9999 2.34538977758 2.34288911273 2.55299136017 2.83326524209 2.65423238099 2.22317881552 1.95723069492 1.98526907616 2.35787515875 2.467011217 2.59709895068 2.58157821169 2.2964062892 2.10100671926 2.10635684248 2.10785281691 2.13271223466 2.0740120492 1.92556868162 1.46850461665 1.80692003444 2.0534343583 1.91436643466 1.95688006288 1.95048526927 1.90432351633 1.93038287316 2.27156589875 2.26340094996 1.8441653022 1.88322270431 2.22480001438 2.21777497959 1.91462746578 1.76496878633 1.47181909237 1.52127688309 1.43017431872 1.630435989 1.62593771391 1.4282350074 1.41152316436 1.47284861925 1.84146668929 1.89898224895 -9999 -9999 -9999 -9999 -9999
-9999 -9999 -9999 -9999 -9999 -9999 -9999 -9999 2.20744435893 2.15038222348 2.53442305252 2.71237954841 2.44936738835 2.60443530172 2.61077001434 2.5431132606 2.2866439457 2.29958812757 2.12213729176 2.28296348296 2.65918359204 2.58637304988 2.14130326308 2.72490756296 2.89062563747 2.65770939514 1.67333207583 1.957497122 1.64843960761 1.44965586667 1.57584856825 1.62947047551 1.72673321047 1.60582914962 1.87575041335 2.06878738572 2.16002511282 2.23191551323 2.11704875696 2.05057938287 1.62175740061 1.45232837186 1.42155806256 1.31441807504 1.3158668372 1.21491266264 1.31844463108 1.1903608008 1.1433426643 1.25864765366 1.35824151952 1.49669221047 1.5430007062 -9999 -9999 -9999 -9999
-9999 -9999 -9999 -9999 -9999 -9999 -9999 -9999 2.55142942726 2.34077369761 2.40517273241 2.41849919288 2.45717390028 2.4453614162 2.29479250489 2.25395359142 2.04866936226 2.15845564445 2.28627784986 2.40613613126 2.40658788502 2.54734086446 2.81120241243 3.8975334096 3.26303394635 2.67565196297 2.95048076413 1.9644430713 1.56663473927 1.26943517466 1.52360215399 1.58896439814 1.57348740142 1.58167917368 2.06142222089 1.76967279027 2.2890311865 2.1792354586 2.11002457411 2.08509910641 2.08115569183 1.50867329767 1.3396970895 1.33151761208 1.22112998504 1.20846328792 1.30414313229 1.21618979015 1.18387465709 1.40474969842 1.39422616764 1.40032836195 1.6084619953 1.89917841543 1.79814281631 1.88028707424 -9999
-9999 -9999 -9999 -9999 -9999 -9999 -9999 -9999 -9999 2.7005362239 2.70130397747 2.34387236268 2.46192412703 2.28937334364 2.24315145514 2.25919858028 2.50530235138 2.6173636885 2.67864465877 2.70233683249 2.60371942647 2.2479955426 2.31185804309 4.93109768183 4.16335495782 3.69270993856 2.96144868571 2.5872281541 1.15405453291 1.86496747227 1.67280993169 1.64338581113 1.58200928644 1.38155532824 1.67888379368 2.08971597061 2.08801783592 2.00737652084 1.94952355497 1.96212945508 1.92887378897 1.68947343012 1.08930612874 1.41436911214 1.16763202627 1.04493614525 0.976742358997 0.973144625626 1.13102781878 1.16306311587 1.20814944122 1.17152884861 1.44201717779 1.73588450094 1.82477403175 1.32830374165 1.13555963211
-9999 -9999 -9999 -9999 -9999 -9999 -9999 -9999 -9999 -9999 2.28706918828 2.28533913876 2.40796735913 2.24588992803 2.10916262222 1.97265814729 2.03006340778 2.48142109748 2.18646750483 1.87192804947 1.83210029207 1.70250213013 1.70378773198 2.03626202638 3.11960891325 3.70372983357 3.33706372745 2.94994830841 2.43625217838 1.50268260635 1.93020823755 1.93516658962 2.05706599608 1.58878036304 1.99666752796 1.97031147186 2.04947853872 2.00759499683 1.96127328704 1.96974687224 1.99396794874 1.79201093844 1.4847885341 1.37849789594 1.69191760811 1.62603132855 1.37347893807 1.04912066805 1.29189882494 1.28926878807 1.35841012275 1.31027157089 1.31880359276 1.54286561158 1.64155366908 1.29607909272 1.12270771825
-9999 -9999 -9999 -9999 -9999 -9999 -9999 -9999 -9999 -9999 -9999 2.13537860946 2.14888174879 2.13744631623 2.12080580162 1.96602662161 1.82551987307 1.8043811219 1.64180241311 1.95173613667 2.3022632671 2.09682181785 1.56523653264 1.34111645826 1.2677984525 1.38109007906 2.33778540667 3.46408572675 4.10376859187 3.57041428173 2.24682835481 1.58816986648 1.70357390845 1.70223507591 1.70665081121 1.54033086817 1.85763553866 1.84695580861 1.89377092169 1.89531102127 1.76315225634 1.62155935644 1.65315099366 1.33468614892 1.28007567202 1.01174136675 1.27432955437 1.41974424803 1.27029261296 1.31786976453 1.19321295765 1.35145825652 1.66157792033 1.64474107006 1.54670291446 1.54237460742 1.16081366616
-9999 -9999 -9999 -9999 -9999 -9999 -9999 -9999 -9999 -9999 -9999 1.96343446894 2.30058445431 1.97534070108 2.1674676448 1.94443134743 1.5885825402 1.56482158368 2.16907225394 2.18568635328 2.23294674025 2.42352571796 1.77513547845 1.46960563435 1.73110457001 1.83862635055 1.53514160681 2.14590877629 2.50138814185 3.48949493195 3.63562315875 3.08012028846 1.5587308591 1.82044103048 1.19997177768 1.65474741786 1.84880958898 1.87715290142 1.85368775926 1.83261292778 1.85773534159 1.81247230983 1.54933240649 1.58372688418 1.44441110754 1.43393184571 1.81759644492 2.10620562469 1.99242643575 1.40730133708 1.58120061238 1.55296808542 1.27572556399 1.75805880396 1.81714845316 1.66511430094 1.58001148538
-9999 -9999 -9999 -9999 -9999 -9999 -9999 -9999 -9999 -9999 -9999 2.66616547125 2.44622526562 2.33453452265 2.17634134807 1.91987838872 1.58679714371 1.45708409927 1.78548021289 1.88633395254 2.08302936157 2.11715923644 1.55747686665 1.31114482069 1.62918243022 1.87743782531 1.85910316684 1.82900729076 1.70352674693 1.44843951143 1.51336952629 2.74994035407 3.58667425118 4.0013413933 3.12496020496 1.90910045474 2.45200762961 1.61390622858 1.68802559789 1.82335334849 1.88285621141 1.67006814479 1.76345463467 1.92483008244 2.03345285057 2.26452966367 1.70430795035 1.55286891087 1.56756150561 1.43879640046 1.24959898379 1.40710715399 1.52640089536 1.7509724567 1.78771055416 1.78524051132 1.52510233625
-9999 -9999 -9999 -9999 -9999 -9999 -9999 -9999 -9999 -9999 -9999 -9999 2.23431757144 2.41894503508 2.4531793345 2.0579352149 1.75960576773 1.51089456856 1.48461677347 2.10953485973 2.13474408827 2.0443865938 2.00211690805 1.82675462363 1.95123748082 1.98551262 1.88622097014 1.93331165198 1.89075948721 1.82626441564 1.83521724303 1.89721150455 1.61931652255 1.51218350559 3.28427826259 2.69537924861 2.83974950532 2.15768983233 1.49428504796 1.90793198337 1.92803909601 1.65189055586 2.03664159651 2.23538765579 2.28181263386 2.25014123573 1.66772756756 1.57065482938 1.28984117298 1.40167371771 1.14474365341 0.995382652201 0.869478273551 0.905208369495 0.987621753014 1.55687845842 1.22758184658
-9999 -9999 -9999 -9999 -9999 -9999 -9999 -9999 -9999 -9999 -9999 2.49418412756 2.53066205523 2.4613731667 2.60154944301 2.42355877173 2.39924490313 2.03441965657 1.73321924735 2.16758325226 1.94087284725 1.91593354713 1.95288358606 1.99227194936 2.05010977794 2.0258370273 1.86203658604 1.83537551809 2.33393587811 2.27321034477 2.22575654773 2.28889004224 2.21064516209 2.1903697545 1.81535476531 2.23926881066 3.05382455636 2.02660944807 2.01796190753 2.03534456868 1.71718806409 1.56783483039 2.19113390829 2.24462816342 2.47523367343 2.46278718537 2.15435566712 1.83228098147 1.47101103081 1.50064048071 1.14079255753 0.754851528145 0.699560443994 0.706199527612 0.670233960158 0.75809288561 1.20432711308
-9999 -9999 -9999 -9999 -9999 -9999 -9999 -9999 -9999 -9999 -9999 2.58341674793 2.93983233798 2.67441117307 2.38094875717 2.45785499223 2.29892062843 2.21678715909 2.17247986973 2.18763592274 2.22359687111 1.97750732131 2.02155797472 2.08779197808 2.12587131223 2.10623585069 2.10026134192 2.15065738705 2.53550838394 2.92233985294 2.78142286385 2.32492887625 2.17960479275 2.19158415434 1.77829353185 1.1534427974 2.30491255496 2.92274531804 2.13686287256 1.71099436343 1.53949038223 1.50827481587 1.75880274464 1.8802845996 1.87867930413 1.79041992635 1.9037384148 1.92778125199 1.68542038469 1.60235341795 1.06901585506 1.14529671824 1.03474845956 0.982613890008 0.942440622264 0.862138991731 0.694205648099
-9999 -9999 -9999 -9999 -9999 -9999 -9999 -9999 -9999 -9999 -9999 2.94863736173 2.97324074927 2.5117045542 2.67891784761 2.62664297241 2.22377957256 2.20538373169 2.3408694754 2.56944776173 2.22997218516 1.85195353541 2.89117806852 2.27974950233 1.87354097476 1.87339187953 2.02892588821 1.94481177981 2.13424646311 2.07098474665 2.16810207789 2.89502418565 2.99979046695 2.85083621986 2.53121924482 1.33694260709 1.84094532991 1.3515386853 2.12905048579 1.19690567421 1.73779680482 1.93171365362 1.37838972029 1.22921161698 1.28532444589 1.27137611698 1.526663624 1.54387362973 1.48390259634 1.45978932847 1.00544175406 0.775882390741 0.67999761813 0.659737936465 0.903742985477 0.983721626764 0.913745004356
-9999 -9999 -9999 -9999 -9999 -9999 -9999 -9999 -9999 -9999 -9999 -9999 3.04026373348 2.9213280887 2.78784058503 2.50004600106 2.23425639358 2.31323408506 2.22182052865 2.42443992505 2.36986485639 2.80382179292 1.96541937303 1.71505073685 1.74893328511 1.72104150113 1.50405082968 1.58715583429 1.82431437614 1.61021132753 1.4294718131 1.78798166795 2.18856476292 2.31120475052 2.37453580455 2.32566372557 2.14864557276 1.51668226109 2.62007669548 2.02615245721 1.72408935268 1.79166936685 1.54360745684 1.16513182819 1.18053771626 1.19343654884 1.37672201459 1.45684960727 1.36861115518 1.56821970535 1.50408791968 1.29514391356 1.30893410705 1.16035863297 1.16900169126 1.18894924222 0.852303088483
-9999 -9999 -9999 -9999 -9999 -9999 -9999 -9999 -9999 -9999 -9999 -9999 3.14126875856 2.81119999423 2.65247175019 2.29742525189 2.05913987852 2.27691473489 2.30538693802 2.30665566003 2.42674047244 2.43581165671 2.2138172088 2.41184406274 1.98249008957 2.17896950711 2.28630477177 2.13550807298 2.31624038087 2.81883655668 2.4340228085 2.5646013198 3.16424008289 3.28377840374 2.30454200997 2.70712894093 2.13503893331 3.01282472787 3.39267803726 2.49678271974 2.44131453846 2.29826760945 1.61359565135 1.58679315759 1.47762056592 1.29717360072 1.23924680432 1.31092441258 1.23036597592 1.49293756845 1.92885214566 1.76992969174 1.5364839017 0.856302700986 0.770008376965 1.03643909651 0.689941757418
