data/recharge/transience/recharge196.asc
ncols                  80
nrows                 72
xllcorner      4374000.0
yllcorner      5656000.0
cellsize            500
NODATA_value       -9999
[rows 0 to 25 of 72, columns 0 to 56 of 80]
-9999 -9999 -9999 -9999 -9999 -9999 -9999 -9999 -9999 -9999 -9999 -9999 8.80757855302 8.94941714888 -9999 -9999 -9999 -9999 -9999 -9999 -9999 -9999 -9999 -9999 -9999 -9999 -9999 -9999 -9999 -9999 -9999 -9999 -9999 -9999 -9999 -9999 -9999 -9999 -9999 -9999 -9999 -9999 -9999 -9999 -9999 -9999 -9999 -9999 -9999 -9999 -9999 -9999 -9999 -9999 -9999 -9999 -9999
-9999 -9999 -9999 -9999 -9999 -9999 -9999 -9999 -9999 -9999 -9999 -9999 13.4500306177 11.6221210932 11.1403861857 -9999 12.3291705871 -9999 -9999 -9999 -9999 -9999 -9999 -9999 -9999 -9999 -9999 -9999 -9999 -9999 -9999 -9999 -9999 -9999 -9999 -9999 -9999 -9999 -9999 -9999 -9999 -9999 -9999 -9999 -9999 -9999 -9999 -9999 -9999 -9999 -9999 -9999 -9999 -9999 -9999 -9999 -9999
-9999 -9999 -9999 -9999 -9999 -9999 -9999 -9999 -9999 -9999 11.2169479918 10.9939180936 12.8307898564 13.1416529016 11.0689017936 10.4962968183 10.0942419532 10.2665907438 -9999 -9999 -9999 -9999 -9999 -9999 -9999 -9999 -9999 -9999 -9999 -9999 -9999 -9999 -9999 -9999 -9999 -9999 -9999 -9999 -9999 -9999 -9999 -9999 -9999 -9999 -9999 -9999 -9999 -9999 -9999 -9999 -9999 -9999 -9999 -9999 -9999 -9999 -9999
-9999 -9999 -9999 -9999 -9999 -9999 -9999 -9999 -9999 10.4263582949 11.268779487 11.0768945315 11.3212691844 11.8130719061 11.6718626051 11.1724637502 11.0742746997 12.8470857968 -9999 13.2617908092 -9999 -9999 -9999 -9999 11.3436533966 12.0674391192 -9999 -9999 -9999 -9999 -9999 -9999 -9999 -9999 -9999 -9999 -9999 -9999 -9999 -9999 -9999 -9999 -9999 -9999 -9999 -9999 -9999 -9999 -9999 -9999 -9999 -9999 -9999 -9999 -9999 -9999 -9999
-9999 -9999 -9999 -9999 -9999 -9999 -9999 -9999 13.9256199543 12.4138897877 11.2905504191 11.1777679364 11.3698933748 10.6320512299 11.3540081739 10.8617394463 11.0019545555 10.9012719631 10.6793819075 11.5333197242 11.435582774 12.0117933642 -9999 11.3851851342 12.9898230908 12.9602211028 -9999 -9999 -9999 -9999 -9999 -9999 -9999 -9999 -9999 -9999 -9999 -9999 -9999 -9999 -9999 -9999 -9999 -9999 -9999 -9999 -9999 -9999 -9999 -9999 -9999 -9999 -9999 -9999 -9999 -9999 -9999
-9999 -9999 -9999 -9999 -9999 -9999 12.3668174742 10.9399229658 10.9061216778 11.3658278566 12.608148058 13.0250734578 12.4366480586 11.8637637694 11.1849644259 11.9460132881 11.1826880437 10.7442475514 11.3339214351 11.4141657002 11.1471073734 11.7212984466 11.2184154831 11.4841831579 11.8913589971 11.5727264799 11.7447716673 -9999 -9999 -9999 -9999 -9999 -9999 -9999 -9999 -9999 -9999 -9999 -9999 -9999 -9999 -9999 -9999 -9999 -9999 -9999 -9999 -9999 -9999 -9999 -9999 -9999 -9999 -9999 -9999 -9999 -9999
-9999 -9999 -9999 -9999 -9999 -9999 13.0522646872 12.2051292362 10.6422193332 10.2935928903 10.4261862613 10.8603614212 11.259321878 10.6332295515 10.8237989482 9.90038587719 10.6446732817 9.97971969468 11.3971150493 10.2932527573 10.6124854947 12.022023032 11.0035478187 11.1707402586 10.9631685927 10.4301775594 11.9308544122 12.0766371131 11.4428984361 10.8868135236 12.2503796882 12.1313561694 -9999 -9999 -9999 -9999 -9999 -9999 -9999 -9999 -9999 -9999 -9999 -9999 -9999 -9999 -9999 -9999 -9999 -9999 -9999 -9999 -9999 -9999 -9999 -9999 -9999
-9999 -9999 -9999 -9999 -9999 14.6211163401 13.4697640021 13.3811230032 13.0301937315 13.509560179 13.4202867928 12.3596591807 10.9060009885 11.1642715209 11.8220034302 11.8446736683 10.080539172 6.11090937925 10.390075564 10.4582929839 10.6627800594 10.3133676382 10.48044877 10.7900331372 11.1211390423 11.5251062766 11.6469853644 11.1319714694 11.0435073115 10.8160758437 10.137694843 10.6194615462 9.31721439012 8.99530128286 -9999 -9999 -9999 -9999 -9999 -9999 -9999 -9999 -9999 -9999 -9999 -9999 -9999 -9999 -9999 -9999 -9999 -9999 -9999 -9999 -9999 -9999 -9999
-9999 -9999 -9999 -9999 -9999 15.015065095 14.3191640404 14.3960450215 13.5085566571 12.7072160306 12.9632138182 13.6186399725 9.51583902346 8.14733409967 14.1037780299 14.8516507809 11.1388464827 4.88509068439 8.72075450716 10.0265966229 10.7205424575 11.0724999752 11.7617924194 11.3642102539 10.4316220943 9.67198326737 10.4623432939 9.64380379737 9.66580508511 9.24596035211 8.38278077608 8.83428513518 9.03553804319 8.66295648115 8.5231438699 8.12751203794 -9999 -9999 -9999 -9999 7.5746492476 7.07749708051 -9999 -9999 -9999 -9999 -9999 -9999 -9999 -9999 -9999 -9999 -9999 -9999 -9999 -9999 -9999
-9999 -9999 -9999 -9999 -9999 14.1604618968 13.6238665919 13.8709322795 14.0215947056 14.6735785458 14.3791825774 13.8743920144 13.3698584613 14.5444707274 14.9343670475 13.2945859363 12.6697151841 14.4697559441 13.562821398 14.1545196995 12.1842483133 10.7097462508 9.98684031745 9.60481281775 10.2339197526 10.0283588685 10.0618311619 9.28047232032 10.1330097234 8.6623668105 5.39182512143 7.31238436678 8.92400165376 8.89766374749 8.28047737516 8.44436931291 7.93079665871 -9999 -9999 7.68781795264 7.87144321648 7.60041876074 8.12413892993 -9999 -9999 -9999 -9999 -9999 -9999 -9999 -9999 -9999 -9999 -9999 -9999 -9999 -9999
-9999 -9999 -9999 -9999 -9999 -9999 15.8234936769 16.6355169368 15.0112247711 14.4546991375 13.5441253765 14.4968997268 15.7694632725 17.1465841231 12.8465200479 11.8925530177 12.7626096972 12.4414290512 11.5055412603 11.292532528 11.4441999474 11.8629412586 10.8704776114 11.6066739778 10.2696997143 9.34902185968 8.44390158257 9.1157560051 8.417232301 8.29010996461 7.57951106846 8.53395748436 7.97147079007 7.76886131676 7.69288328699 7.78540026182 7.67183806708 7.32205904475 7.31695093356 7.11027370854 6.74141742823 7.88707259509 6.76685086585 6.27934418335 -9999 -9999 -9999 -9999 8.1031470148 7.45855057747 1.46998020109 -9999 -9999 -9999 -9999 -9999 -9999
-9999 -9999 -9999 -9999 -9999 -9999 -9999 15.2782718724 14.0201939186 15.4475467187 15.6755464466 14.5837108187 13.7195516766 12.353463581 13.0915113261 14.9022382759 14.7020199729 14.3312929796 14.1101569457 12.5628557669 10.8535147368 10.9099316095 10.3709681535 10.4744811379 9.53855920714 8.67517247238 8.57432791742 8.85327556961 8.4049890362 8.14351085727 8.27282376863 8.12117290207 8.05578234638 7.58045257014 7.96881188842 7.91373741893 7.88472608238 7.80092202122 7.17134815205 7.15269744896 6.3887732113 6.44314958008 6.67263632405 6.8909781283 6.26098181722 6.67222881198 7.07956158498 6.39862363122 6.34754179726 6.40353409739 5.43657652635 3.76351369615 -9999 -9999 -9999 -9999 -9999
-9999 -9999 -9999 -9999 -9999 -9999 -9999 -9999 13.2130377598 12.6725704779 14.281505037 15.41190821 14.9163290404 15.7847911375 15.2414375105 14.4362177967 12.4176124407 12.4749667756 11.0653338522 12.0994745044 14.0219383105 13.6415676386 12.6787492588 12.7363767775 11.9597103508 12.047812024 8.64617020016 8.16514433208 7.12258134457 6.59921297072 6.73423814222 7.10490658004 6.77544566752 6.59734597552 6.74376608157 6.87279191239 6.73309633138 7.01325051742 6.20910711102 6.20343221305 6.49962684513 6.51325758062 6.01345415704 5.64312780159 5.45307715723 5.0992050455 5.60413263446 5.13990519 4.99047617223 5.1980325733 5.10535319357 5.33195699958 4.47263772746 -9999 -9999 -9999 -9999
-9999 -9999 -9999 -9999 -9999 -9999 -9999 -9999 15.3885539846 13.9656025326 13.4617435463 13.5385630829 13.6608606928 13.5835741617 12.7164104076 12.4798590447 12.2678797287 12.897261913 12.1133765922 12.8419834771 13.6121653794 13.416414384 14.7174318148 16.2404338997 13.721261495 11.3877439135 12.056751524 9.94333302072 7.90548053216 6.9065669886 6.22123611165 6.76649652833 6.12442930488 6.4590498675 6.64292014013 3.01121897888 7.27019834327 6.77650715349 6.1919318171 6.07853918087 5.69669179361 5.96718854054 5.72627727744 5.70382195215 5.1181219933 5.07355689888 5.55382480836 5.23652848185 5.14534994373 5.26809921869 5.26880889912 5.29451885205 4.73999248171 5.15363820165 4.41112696683 4.76490472433 -9999
-9999 -9999 -9999 -9999 -9999 -9999 -9999 -9999 -9999 16.4667410514 15.242276747 12.9579929269 13.5836055969 13.9636239563 13.5419080315 13.6514490993 14.9499366344 15.4498922187 15.5945743867 15.686407217 14.9400414202 12.9644927427 13.4294530325 19.7098644494 15.9339209563 14.7830388614 11.5518865078 10.2632267571 6.88990439381 6.76282421619 6.25510211037 6.50215065656 5.98276834372 5.51163995468 5.46356547399 5.0528151606 6.21336188235 5.85933600245 5.19922067383 5.25970840291 4.78303605683 5.03287655641 4.5762790976 5.77059226706 4.62878281436 4.10480206655 3.80006852126 3.78427723913 4.02642180269 3.92816924 4.20669202533 4.05400146128 3.93214448952 4.17259012783 4.66326632349 4.08902962298 3.55770188647
-9999 -9999 -9999 -9999 -9999 -9999 -9999 -9999 -9999 -9999 14.0054091788 14.047508498 13.2889260071 13.6883219314 12.7547782075 11.9476043341 13.0767811923 15.1847843444 14.0365586738 12.5276416481 11.8583081326 11.6764210899 10.3442055827 13.0267995851 13.2412578841 15.2517135259 13.6232181201 11.4958440827 8.81035865178 7.81584318475 6.22995713807 6.26285863721 6.44851283682 5.8101508443 6.5262225113 6.09548328159 6.05357531157 5.86398708926 5.24536869178 5.28004079376 5.04488281157 4.98897010351 4.14656707153 4.661855518 5.78982094019 6.04508646329 5.13380331372 4.11097898316 4.24371941074 4.21011961208 4.83088513512 4.64023660449 4.04286881458 4.15006176966 3.9028725398 4.07694333444 3.50774744827
-9999 -9999 -9999 -9999 -9999 -9999 -9999 -9999 -9999 -9999 -9999 7.60860049987 8.21831317616 12.6563920535 12.3790042201 11.7372368684 12.8420074979 12.7138287594 10.899270682 11.2991263002 11.9321284447 11.860919982 10.1959552752 8.97333914327 9.25790792334 10.018700189 11.3510405577 13.2544320301 11.4827449416 4.20781447632 5.53551874466 5.98350958855 5.55338105451 5.81046873189 5.68766372008 5.05733177778 5.10987603571 5.06780151361 4.865876247 4.86380181375 4.71046604918 4.19396169459 4.03254705732 3.76377118516 3.66898950104 3.72638222862 4.1568948662 4.6288700546 3.837631533 3.76190743384 3.75991660369 4.151028624 4.14819939404 3.64069459663 3.19043169257 3.27690719597 3.05843458581
-9999 -9999 -9999 -9999 -9999 -9999 -9999 -9999 -9999 -9999 -9999 6.24290503409 9.19682524968 11.5853730501 12.5496928035 12.1461833445 11.4407383274 10.7200652322 11.1136617235 11.2205600644 11.0894646489 12.2297431358 9.96265000213 9.77631952274 8.9982933972 9.75376209138 9.68795967512 11.1824967568 9.72927457986 8.25183134253 9.91859279769 9.95888835387 7.11933560408 7.23018425907 5.83627307384 5.07669294321 5.0840232902 5.18686371475 4.71636278945 4.64407151789 4.33174913875 4.94410784099 3.68115671226 3.79478705462 3.85236693616 4.34803250895 5.68508389626 6.35535278179 6.17785514987 4.53902630472 5.68469730385 5.29550645011 4.00798525445 4.30461806684 4.20822140448 3.65849958354 3.46879408036
-9999 -9999 -9999 -9999 -9999 -9999 -9999 -9999 -9999 -9999 -9999 14.8203268598 14.1324701886 13.463667679 10.8339489645 11.5843082349 10.9590718666 9.3601267395 9.4263310328 9.83078560675 9.7415936179 9.94910931121 9.08086492319 8.42964297296 7.26485928051 7.10745596957 6.5888580875 6.43580392881 6.42509945592 6.89698622918 7.33993479196 9.95915025193 11.1188089031 10.7654355538 6.24185297652 5.36855186599 5.89673823849 4.74141382758 4.09339910663 2.70601629912 2.2032257574 4.32697111285 4.4398802874 5.03735209523 5.38615045752 6.29913848053 5.29173946684 4.78561221032 4.99990788761 5.17780933241 5.26929454233 5.84975347117 6.46904871622 6.83177168633 5.64132620358 3.53049494494 3.07740669488
-9999 -9999 -9999 -9999 -9999 -9999 -9999 -9999 -9999 -9999 -9999 -9999 11.6845594502 12.8726780223 12.4820715428 11.4771202399 10.9156790072 10.529397717 9.78745422107 10.043762053 10.0383882563 9.5014278338 9.09979118473 9.15979694335 7.5201741299 7.69571715775 6.72321906637 6.97243575607 6.3176574508 5.99300943909 5.65438227921 5.95688514375 5.45166126012 6.32913054767 6.96632662802 1.61037212924 6.12147785166 5.30561622548 4.77341334588 4.45880347816 4.61756408575 4.27955992774 5.48200848485 6.26061684286 6.37298804589 6.24969995801 5.4176683912 4.84743414622 3.97927144873 4.51067993508 4.85814243613 4.22548866472 3.88241427628 3.91149373314 3.73260733682 3.54650669804 1.20003843842
-9999 -9999 -9999 -9999 -9999 -9999 -9999 -9999 -9999 -9999 -9999 13.2617067661 13.4268854896 14.3110699889 14.6663367865 8.08701547476 9.59694755033 10.9857219342 9.68070391958 9.97523877144 8.45112212668 8.30385308849 7.45529972833 7.65739968063 7.46263173357 7.33631929742 6.2065596553 5.94365489681 5.73458521308 5.50609900796 4.85211549714 5.08435586065 4.45081553942 4.38662687109 4.45806237166 6.33573307611 6.29071832896 4.55658782683 4.28023688462 3.89960471247 4.1687671797 3.98824350392 5.96149322327 6.96812943588 8.17330300254 8.11720087409 7.06820463701 6.73871352714 5.41953180426 5.49470494236 4.59493151726 3.20425249747 2.97223803454 3.00292431671 2.91204287207 3.29585030272 4.72893101901
-9999 -9999 -9999 -9999 -9999 -9999 -9999 -9999 -9999 -9999 -9999 13.7737599568 15.8573725923 15.5152572528 13.1082480777 9.34709287972 11.866179938 11.834838461 9.9666306265 10.1997138336 8.86733290692 9.13849712904 7.96639608634 8.18264158105 7.85551684198 7.96784200544 4.74480090311 5.51714418167 6.35102011557 8.02800949993 6.86360326845 5.21553585714 4.34982675645 4.39125855475 4.31158859461 4.2856274996 5.15886101798 6.56927724905 5.02700647443 4.45304883975 3.56317785241 4.48464791154 5.47413026678 5.37288926255 5.50044314408 5.14269686126 5.80057193851 6.03554763574 5.58570230486 5.71093711245 4.56748125175 4.8889589811 4.46572316306 4.22571972398 4.15917469823 3.79219171955 2.78021088135
-9999 -9999 -9999 -9999 -9999 -9999 -9999 -9999 -9999 -9999 -9999 16.0082012193 16.548321114 15.0813337832 15.5000908892 15.2143805385 12.2602432933 12.9531514153 12.2331303192 12.0983364944 8.03050446702 4.47455546487 8.71716419753 10.8731400099 8.58914230229 8.58043373993 8.64597915097 7.9760154574 6.17835486994 5.36749507935 5.07947087454 6.94408068993 6.6437539534 6.14258609407 4.52213560294 3.60670139243 3.57537105011 2.90575048057 4.53307089067 3.0093424278 4.34056574533 4.82815768741 4.76922295429 4.30300856597 4.36545958295 4.42782920302 4.50303481904 4.58061460584 4.3489911423 4.13021628364 3.64472386164 3.31167767332 2.56207794103 2.46906551748 2.38879124366 2.97192824713 3.78160211995
-9999 -9999 -9999 -9999 -9999 -9999 -9999 -9999 -9999 -9999 -9999 -9999 16.9337297193 16.2466179079 14.7868686293 14.5919553541 13.8578934101 13.6460057698 11.8389426791 12.4805539012 11.6718877484 12.4378161519 9.41708161034 8.43038549439 8.06898769341 7.95224834603 6.52231593516 6.88213865012 6.00886539677 5.28047057117 4.2345352859 4.53268511184 3.99363559207 4.38995921179 4.07025891492 4.96323121884 4.08299949008 3.3942507131 4.94601255883 4.66109771172 4.26994816976 3.83756575482 4.24889998276 4.17823020394 4.57687869633 4.6516074304 4.17905679437 4.20689804487 3.86036963539 3.97904803449 3.52652242655 1.42296137428 1.69251277318 3.53855117803 2.89313200977 2.80631544949 2.67508990088
-9999 -9999 -9999 -9999 -9999 -9999 -9999 -9999 -9999 -9999 -9999 -9999 18.5990380759 16.4509861597 16.012634504 15.2202192609 13.7451555001 14.3801974563 13.3630076339 12.3817867035 11.811870769 10.9336388941 10.1050440792 11.2273837712 9.16780304676 9.90552718692 9.89332179191 9.16046895177 7.37868776881 8.89641567855 7.02797868944 7.40446123682 7.6089785848 7.33998494574 5.69656439006 5.24983749052 4.19401892849 5.34276592591 6.65382790799 5.26855961963 4.98113973866 3.68553245104 3.25136535017 3.20962660763 3.40402241279 3.47015025367 3.21631094013 3.16849173244 2.94008201197 3.26447733801 3.21876431344 2.5261993865 2.78478092712 2.12429504159 1.98692657432 2.73830227546 1.66127292075
-9999 -9999 -9999 -9999 -9999 -9999 -9999 -9999 -9999 -9999 -9999 -9999 17.2061526883 16.6627629547 15.7098147485 15.9569026588 13.618634395 13.5605069768 12.5832578511 13.8085372659 12.246328317 11.431918342 9.88272678241 5.43684434939 7.62738448763 10.3898544595 10.3311877972 9.52444969093 7.64510974502 6.79749350194 5.67615625762 5.25753665911 4.39184041105 4.44733048116 4.76951092979 2.84580301618 3.72155449229 5.57324253415 4.47958701929 3.80984809749 3.20857967681 2.50380795625 2.85227339247 3.27425766153 3.17261917904 3.27693433885 3.42222821124 3.39218212352 3.50819278486 3.8777870115 3.98424904594 3.35228768754 2.57081594132 1.97483815298 2.15566836839 2.32771437756 2.40593819185
