data/recharge/transience/recharge600.asc
ncols                  80
nrows                 72
xllcorner      4374000.0
yllcorner      5656000.0
cellsize            500
NODATA_value       -9999
[rows 0 to 24 of 72, columns 0 to 56 of 80]
-9999 -9999 -9999 -9999 -9999 -9999 -9999 -9999 -9999 -9999 -9999 -9999 37.2128767784 38.2433288033 -9999 -9999 -9999 -9999 -9999 -9999 -9999 -9999 -9999 -9999 -9999 -9999 -9999 -9999 -9999 -9999 -9999 -9999 -9999 -9999 -9999 -9999 -9999 -9999 -9999 -9999 -9999 -9999 -9999 -9999 -9999 -9999 -9999 -9999 -9999 -9999 -9999 -9999 -9999 -9999 -9999 -9999 -9999
-9999 -9999 -9999 -9999 -9999 -9999 -9999 -9999 -9999 -9999 -9999 -9999 33.0318724569 32.510778187 32.4634912456 -9999 33.2534356191 -9999 -9999 -9999 -9999 -9999 -9999 -9999 -9999 -9999 -9999 -9999 -9999 -9999 -9999 -9999 -9999 -9999 -9999 -9999 -9999 -9999 -9999 -9999 -9999 -9999 -9999 -9999 -9999 -9999 -9999 -9999 -9999 -9999 -9999 -9999 -9999 -9999 -9999 -9999 -9999
-9999 -9999 -9999 -9999 -9999 -9999 -9999 -9999 -9999 -9999 32.6659330354 32.0996469057 32.8216835541 31.5218271658 29.4559903353 29.8074522836 29.5547215388 30.511511049 -9999 -9999 -9999 -9999 -9999 -9999 -9999 -9999 -9999 -9999 -9999 -9999 -9999 -9999 -9999 -9999 -9999 -9999 -9999 -9999 -9999 -9999 -9999 -9999 -9999 -9999 -9999 -9999 -9999 -9999 -9999 -9999 -9999 -9999 -9999 -9999 -9999 -9999 -9999
-9999 -9999 -9999 -9999 -9999 -9999 -9999 -9999 -9999 32.5293397398 31.9414380795 31.4831214358 30.9825872744 31.3706406088 29.6627084123 29.869907234 29.6955083546 32.0775349669 -9999 31.8770008879 -9999 -9999 -9999 -9999 31.1160385631 33.2550930776 -9999 -9999 -9999 -9999 -9999 -9999 -9999 -9999 -9999 -9999 -9999 -9999 -9999 -9999 -9999 -9999 -9999 -9999 -9999 -9999 -9999 -9999 -9999 -9999 -9999 -9999 -9999 -9999 -9999 -9999 -9999
-9999 -9999 -9999 -9999 -9999 -9999 -9999 -9999 33.986324152 33.1216266638 31.3409209161 31.1588024861 29.6241544221 29.3687512837 28.3152596398 28.7290012006 28.063096767 28.2814208607 29.1752795451 29.0330896725 27.9374619573 28.6253539841 -9999 30.3405327699 31.1861070789 32.7989758006 -9999 -9999 -9999 -9999 -9999 -9999 -9999 -9999 -9999 -9999 -9999 -9999 -9999 -9999 -9999 -9999 -9999 -9999 -9999 -9999 -9999 -9999 -9999 -9999 -9999 -9999 -9999 -9999 -9999 -9999 -9999
-9999 -9999 -9999 -9999 -9999 -9999 33.4817814304 32.7216922051 32.5434632922 32.6436020143 32.1020718563 31.6636578388 30.1872948679 30.1536258345 28.5670766952 28.9161905661 28.4247149213 27.2927580933 28.7524739521 28.232015189 27.419201899 27.7772405093 29.428038974 29.9837306656 31.5661510808 31.9754124414 32.9884604953 -9999 -9999 -9999 -9999 -9999 -9999 -9999 -9999 -9999 -9999 -9999 -9999 -9999 -9999 -9999 -9999 -9999 -9999 -9999 -9999 -9999 -9999 -9999 -9999 -9999 -9999 -9999 -9999 -9999 -9999
-9999 -9999 -9999 -9999 -9999 -9999 33.2888277394 33.0511312115 31.4781613074 31.1442705196 30.3055677707 30.4546214841 28.7701683962 28.6218128487 26.7065458049 26.2718294454 27.6810172526 22.4969052134 26.8706778789 25.3765208945 25.7186198287 27.0413149477 27.7257088707 27.9968802696 29.8597422951 29.2966506287 31.7782859491 31.8031448949 32.1007328297 32.0363518454 32.337557052 32.7893793042 -9999 -9999 -9999 -9999 -9999 -9999 -9999 -9999 -9999 -9999 -9999 -9999 -9999 -9999 -9999 -9999 -9999 -9999 -9999 -9999 -9999 -9999 -9999 -9999 -9999
-9999 -9999 -9999 -9999 -9999 34.6468193648 33.2997933272 33.114490207 32.083172319 32.300352349 31.3402778154 30.5013830405 28.8692342557 29.2607597531 27.5530086966 27.8363933302 22.4417451812 12.2223556863 21.7808042676 26.020376208 25.9855271581 25.8386940406 27.0527565583 27.2154696501 29.5184266686 29.9270898215 31.5667403096 31.3810826302 31.224258114 31.3058105309 31.3123045955 32.0570196464 31.4526975864 31.4987491947 -9999 -9999 -9999 -9999 -9999 -9999 -9999 -9999 -9999 -9999 -9999 -9999 -9999 -9999 -9999 -9999 -9999 -9999 -9999 -9999 -9999 -9999 -9999
-9999 -9999 -9999 -9999 -9999 34.9615070468 33.1008570371 33.2859534554 31.966710299 31.7196974983 30.7484704517 30.9036503608 21.9597808971 18.3202628291 28.8553980523 29.0732319588 24.1238900698 10.4103195229 18.012662241 22.4493828643 26.9985225263 25.6600708338 26.7886516697 26.8492348782 27.1463161931 26.7873802391 29.1931499288 28.7525524542 28.5552841488 28.5800790988 27.7938933309 29.3111378534 29.6812364501 29.7588268996 29.9894066676 30.2094831064 -9999 -9999 -9999 -9999 28.9666499502 28.5772142373 -9999 -9999 -9999 -9999 -9999 -9999 -9999 -9999 -9999 -9999 -9999 -9999 -9999 -9999 -9999
-9999 -9999 -9999 -9999 -9999 34.7636982305 33.5858385493 33.1792694855 31.9151303575 32.4532291421 31.5856891442 31.4380536716 29.2508494797 28.9827483146 29.4620721563 29.0458817249 26.0738612598 28.9396968098 28.1763100576 26.726766655 27.3580346539 24.5923609593 25.7544626034 25.6140321167 27.0665547359 27.135832748 28.64968789 28.180890243 29.1752008737 27.0650554088 19.2548537241 24.2741757279 29.2189453505 30.2281451493 30.2683621245 29.8480080288 29.8405638639 -9999 -9999 30.2000236085 29.281954004 29.4078909529 29.3308590014 -9999 -9999 -9999 -9999 -9999 -9999 -9999 -9999 -9999 -9999 -9999 -9999 -9999 -9999
-9999 -9999 -9999 -9999 -9999 -9999 34.7744667945 34.4877647089 33.0282516414 33.3963789955 31.9928261103 31.9838104926 31.8083299808 32.3879938948 28.9707527412 28.6103157584 27.5225754817 27.7630586721 26.5209513426 26.4132938688 25.8119422004 25.4221232521 25.0632128828 26.3695718391 26.3442234272 25.8969401283 25.8150136402 26.2760933597 26.5147231079 26.1766409041 24.3909824412 26.0816658321 26.8023939146 26.4594328635 26.8855106036 27.232427239 28.6297851353 28.608976614 28.2268317306 27.8724416769 27.5461034834 28.5358587633 27.0672093323 26.3444971172 -9999 -9999 -9999 -9999 27.7129715743 26.915550891 7.12325477676 -9999 -9999 -9999 -9999 -9999 -9999
-9999 -9999 -9999 -9999 -9999 -9999 -9999 35.4547318158 33.03796267 32.9638117819 32.4030620565 32.6792576951 32.0141435581 30.3572523618 29.6221637437 29.9477659308 28.2024639386 27.9636006499 27.0111414574 26.1101025462 25.1073937263 24.6186855165 24.8389863753 25.8284092464 26.3201623131 25.2853206253 25.6723469291 25.5012640822 26.3579422759 26.1066375075 26.3181237386 25.7432393785 26.5629929071 26.2719420804 27.3705789804 27.6841029354 27.8218858945 28.260540707 28.4315793717 28.1133338178 27.3189891969 27.2358342263 24.7933537069 21.8457468495 19.0683114201 20.2564378903 20.8425825815 19.1764338282 17.9914544923 23.4808917558 22.8450792677 19.6042352181 -9999 -9999 -9999 -9999 -9999
-9999 -9999 -9999 -9999 -9999 -9999 -9999 -9999 33.4680690685 33.2464519039 32.7489848312 32.7171223576 31.3924470957 32.1426288823 31.0901180193 31.0412885125 28.3497831531 28.8472927969 26.9505050946 26.5911433631 27.5188148637 27.3603340073 29.0174498473 24.1748188874 22.5213589025 24.180435551 25.2999798761 23.8938973296 23.4959296869 23.1678134115 22.8807122004 23.1286816655 23.5247582196 23.6674419693 24.624515467 25.7471789171 25.4663465094 25.7596104435 25.8057660654 25.9179845605 25.832787951 24.0633605672 17.5993700158 16.730557165 15.5635550463 14.7300744709 15.6569473656 14.5723454558 13.1963084019 19.5808753567 20.2273006928 20.698572072 18.2148475343 -9999 -9999 -9999 -9999
-9999 -9999 -9999 -9999 -9999 -9999 -9999 -9999 33.6398156892 33.5731569632 32.4804565411 32.673083083 31.616284647 31.6776274451 30.710493856 30.2043805665 28.0485180737 28.5890724517 26.7356482525 26.8269796277 27.5834680561 27.387561853 32.8558290493 30.731160323 26.6164927878 21.0591157263 25.6955344705 26.3221192093 24.7386864003 23.6001220583 23.2234998534 23.2634867012 23.6149150293 23.7987094917 24.5330983893 12.1833276511 26.003998751 25.5435078551 25.4851231025 25.4647990352 24.8411627834 23.8477428637 16.9338119536 16.8724837687 14.7774562142 14.6725233109 15.5387625404 14.7957750259 14.7645763313 21.4477663027 20.2557029632 20.3095464444 18.6451665742 19.3976680879 17.5010696003 17.8313767479 -9999
-9999 -9999 -9999 -9999 -9999 -9999 -9999 -9999 -9999 32.9837305643 32.3338623848 32.5253181277 31.9143129427 31.9661378005 30.7059682965 30.7172403673 30.3680562711 29.8121375957 29.9375566093 30.2801728425 30.2869257787 29.5474116045 29.7142697961 40.7546406892 32.2125167734 29.6614229308 22.2718277215 19.8365914131 22.8193306328 23.1143130599 22.6170212357 22.6587945241 21.4668869816 21.1418680824 21.5643938715 19.3883336788 23.8030213344 23.5751459986 23.1391957207 23.0064024111 22.4575829465 22.2747737092 14.4980098288 15.8753395778 12.4563176455 11.2200197342 9.69308852737 10.1316203554 16.4122272113 16.9707504752 16.4272857706 16.2149428563 16.0214022359 17.0745870381 16.636581234 9.83306068043 6.5191063234
-9999 -9999 -9999 -9999 -9999 -9999 -9999 -9999 -9999 -9999 32.0381231162 32.7225486985 32.0720246952 32.3259155587 30.4627727576 30.261867337 31.8410307768 32.4198628016 32.0928411568 31.4856207069 30.2096494111 29.7249047051 27.6070315308 32.7711715109 26.5063224579 30.2815894481 26.279372994 22.1889676691 17.0242870989 28.3888974689 22.8701540449 22.730735043 22.01086751 21.3382092954 22.6600903739 22.6442742866 23.4908071058 23.5020499171 23.2214598128 23.2603281646 22.5600353438 22.3207261919 20.3417784444 14.8823163126 15.6410044343 15.4583900508 12.7499863646 11.2173331477 17.8859380699 17.882519831 17.4851250121 17.0350907263 15.4162506839 16.4897642894 15.8253838465 9.04119704081 6.45625358958
-9999 -9999 -9999 -9999 -9999 -9999 -9999 -9999 -9999 -9999 -9999 17.6219023295 22.584681707 31.6108661151 29.9156079767 30.1286312671 31.6702200554 31.8317430116 29.2737666183 29.2725369129 28.2471016432 28.2131768737 26.7809095109 26.0607989555 25.8135457375 19.2871711349 21.078860484 26.5633194285 26.3322625476 24.9891127216 22.8291798624 21.5335044057 20.6278093914 20.9067775506 21.1471474084 20.5194554103 21.0677656765 20.975835957 21.3778104066 21.5228029075 20.5833949557 20.0291078997 19.942355925 17.047392154 11.2226772725 10.0191281418 10.3888762515 11.6404908991 12.7337281935 16.1476661722 14.8936818046 16.0183313958 15.5627691859 15.058126839 12.955028417 12.6745635792 6.9053938063
-9999 -9999 -9999 -9999 -9999 -9999 -9999 -9999 -9999 -9999 -9999 16.7000308588 23.7736095037 30.497515469 29.7319830817 30.2172686281 30.2973427263 30.0240183826 28.449916514 28.4470503649 28.1690669883 28.8091262783 26.770165523 26.950898912 25.2887614049 25.4438675886 26.1580885885 27.0632544096 20.0781325705 19.7503014588 21.5374421425 20.5288192677 12.9886451997 15.3877536837 17.9012276369 20.6761113551 20.8177349695 21.2332742539 21.0057492418 21.3704358387 21.4303241348 20.5193052117 19.2121777366 19.4680972572 17.4097818208 12.6946991242 13.7465751535 15.0944821308 13.3295611723 10.8615686077 10.5403201117 10.6183073114 8.49608656295 14.8124520923 14.4562154466 13.6553202568 12.4308203831
-9999 -9999 -9999 -9999 -9999 -9999 -9999 -9999 -9999 -9999 -9999 32.6073704275 30.3798651769 30.2224980478 28.0958628985 28.5863665799 27.8834779993 27.1795570673 26.2741025905 26.2899574792 26.1818457966 26.313356145 24.7537803329 24.6737790446 23.4387928932 23.5571747956 22.9989541772 22.7664822286 22.2817098687 23.3138969035 20.1937100737 22.4704700553 23.1535315303 22.8094506956 14.1362606862 19.9593278168 10.7184428632 8.53841845449 19.5767185407 15.3572135227 12.4817729935 18.8201912955 18.8291632005 19.6562297401 20.4113674673 20.9356615407 12.7231297268 11.846826162 10.8080543601 10.6520636041 8.95386194907 9.86551815717 9.9242415877 11.6778677808 14.0684282117 13.3612048405 13.3356498851
-9999 -9999 -9999 -9999 -9999 -9999 -9999 -9999 -9999 -9999 -9999 -9999 30.7359745705 29.9744472014 28.8236486289 28.8019939682 27.3525868604 27.5802261281 26.3733429607 26.2456483784 26.6840880738 26.0981327316 24.6611523077 24.540403267 23.7254129676 24.0250819853 23.2482161848 23.4140290097 22.6821657492 22.4219068315 21.9631379851 22.0873062339 21.7419080056 17.8430992077 15.2023318161 14.1909702897 18.4610309877 9.11377298744 9.96684607637 19.8238529713 19.6275352985 18.5590215204 19.8431813543 20.6643481084 21.0319520444 21.1507173596 16.0345126441 11.9519836673 9.21734112218 9.98728813571 8.57484839338 7.4265996435 6.27707194198 6.36285575706 5.32250524869 7.34674450191 5.05155350249
-9999 -9999 -9999 -9999 -9999 -9999 -9999 -9999 -9999 -9999 -9999 31.7457978363 31.3968463471 30.7659180696 29.4222746727 18.012428671 23.9593508108 26.6138829116 24.6908545122 24.5006362432 23.6675057961 23.5391803769 23.2834442169 23.6212982559 22.8347387458 22.7611844527 22.4990995902 21.8381869365 21.5603392012 21.2179703754 20.1609764555 20.3492516818 19.4973743372 19.3648778196 19.3052070156 11.2835638688 10.5871239908 6.3393357083 5.54605748085 17.121784376 18.2996031081 17.3651954014 20.9945795588 21.799882351 22.9647206662 22.7825535486 20.7084417935 16.3262569627 10.4803755087 10.5191114043 7.34640214182 5.24596823443 4.53169983136 4.56353438928 3.94647036916 4.31467466292 5.48597005425
-9999 -9999 -9999 -9999 -9999 -9999 -9999 -9999 -9999 -9999 -9999 32.1768681052 31.9031596085 31.2526781011 29.166897658 22.3264422857 26.0077147154 27.0259821983 25.1644698864 25.6836588252 21.8024549368 22.6284206403 24.3783171966 23.8103056522 23.0455399308 23.130882185 15.8074291843 17.7340829255 21.1790417569 22.7801686125 21.5844815938 20.4603796473 19.32829373 19.3625887272 19.148693498 10.7411245292 7.60920999394 10.6257665879 6.58166689598 11.9184706391 17.4376078886 17.3940330963 19.8022701028 20.4582809631 21.2287890414 20.8956878994 19.8829640674 19.9628468366 16.5646711846 14.5016886183 7.15149415084 7.36124477403 6.23295740861 5.91481625792 5.15077751739 4.78460945738 3.57119900412
-9999 -9999 -9999 -9999 -9999 -9999 -9999 -9999 -9999 -9999 -9999 32.1150241078 32.2490054785 31.3868791656 30.2915739867 30.1316654134 27.7942948585 28.3627640634 25.9912658086 26.2321865935 20.6040890064 10.2726660524 21.2059808584 23.9567148796 18.1377436531 18.1356045501 20.1348473371 21.7109461629 20.2228345183 20.2709448188 19.525135904 21.2160475458 20.3137312027 20.0205037302 17.9584013115 6.68945931908 3.89888189793 2.74914782861 5.3321877795 6.13123498308 17.4178819667 18.1983888593 17.1344656012 15.9596660827 16.5748424178 16.6205093641 17.5709412058 17.6607872669 15.7658357388 15.562995991 8.51550756491 7.04844658749 4.24871878844 3.95325340469 3.5441637951 3.70980213319 4.13611711548
-9999 -9999 -9999 -9999 -9999 -9999 -9999 -9999 -9999 -9999 -9999 -9999 32.7686752418 31.8686887963 30.3951101665 30.5404174738 28.8342264666 28.5041610207 25.5052918098 25.860366698 25.3984603085 25.7967215778 22.1017827147 18.288353546 17.3837715872 17.2112184901 15.0537810051 15.5861182122 14.1252665355 13.0367735649 10.957228244 16.574243792 18.1795367894 18.6141637607 17.4823098079 6.54758437966 4.87107897766 3.46648460953 6.5170403992 9.02280773856 17.5025530762 17.3237933115 17.385872449 16.1916953208 16.754702928 16.6360855599 16.7470704572 17.1918794563 15.1015796507 15.7526743125 13.6812893739 7.78199084613 6.3732702869 6.62246075206 3.81710929885 4.16045745609 3.72588991128
-9999 -9999 -9999 -9999 -9999 -9999 -9999 -9999 -9999 -9999 -9999 -9999 33.6394045044 32.4417421514 31.646186834 32.5008929336 29.9612834658 30.0587000883 27.3560245877 27.0764393555 25.1554173098 25.1643670063 24.1754821545 22.0279579926 20.92958398 21.4376456333 22.8923673053 19.3652054555 15.4729519024 17.7332510294 14.2751712101 15.0888951108 20.3603822101 20.3329942129 11.4594472762 7.9038513393 15.2860373174 6.59065869214 9.03018680299 7.85722050859 15.072579905 15.9346158006 14.751637826 14.6589251318 14.4779015099 14.02253166 13.1098364429 13.2418701709 11.6945728134 12.8313004288 11.2083212331 10.2191701675 7.57975879948 2.48142960479 1.59353320129 2.03345145138 1.55761254902
