data/recharge/transience/recharge97.asc
ncols                  80
nrows                 72
xllcorner      4374000.0
yllcorner      5656000.0
cellsize            500
NODATA_value       -9999
[rows 0 to 24 of 72, columns 0 to 55 of 80]
-9999 -9999 -9999 -9999 -9999 -9999 -9999 -9999 -9999 -9999 -9999 -9999 0.0366521475307 0.0373369769553 -9999 -9999 -9999 -9999 -9999 -9999 -9999 -9999 -9999 -9999 -9999 -9999 -9999 -9999 -9999 -9999 -9999 -9999 -9999 -9999 -9999 -9999 -9999 -9999 -9999 -9999 -9999 -9999 -9999 -9999 -9999 -9999 -9999 -9999 -9999 -9999 -9999 -9999 -9999 -9999 -9999 -9999
-9999 -9999 -9999 -9999 -9999 -9999 -9999 -9999 -9999 -9999 -9999 -9999 0.0493683941556 0.0442345530345 0.0439876564939 -9999 0.100225180953 -9999 -9999 -9999 -9999 -9999 -9999 -9999 -9999 -9999 -9999 -9999 -9999 -9999 -9999 -9999 -9999 -9999 -9999 -9999 -9999 -9999 -9999 -9999 -9999 -9999 -9999 -9999 -9999 -9999 -9999 -9999 -9999 -9999 -9999 -9999 -9999 -9999 -9999 -9999
-9999 -9999 -9999 -9999 -9999 -9999 -9999 -9999 -9999 -9999 0.0446488796306 0.0437438685453 0.0485930332824 0.049314119152 0.108112727401 0.0894436009006 0.106056023385 0.10437513787 -9999 -9999 -9999 -9999 -9999 -9999 -9999 -9999 -9999 -9999 -9999 -9999 -9999 -9999 -9999 -9999 -9999 -9999 -9999 -9999 -9999 -9999 -9999 -9999 -9999 -9999 -9999 -9999 -9999 -9999 -9999 -9999 -9999 -9999 -9999 -9999 -9999 -9999
-9999 -9999 -9999 -9999 -9999 -9999 -9999 -9999 -9999 0.0408503070908 0.0445235896573 0.0438572974986 0.043088308771 0.0448319056725 0.109221136377 0.105257151323 0.113501831281 0.154802033649 -9999 0.102340222227 -9999 -9999 -9999 -9999 0.0413908131205 0.0455505706657 -9999 -9999 -9999 -9999 -9999 -9999 -9999 -9999 -9999 -9999 -9999 -9999 -9999 -9999 -9999 -9999 -9999 -9999 -9999 -9999 -9999 -9999 -9999 -9999 -9999 -9999 -9999 -9999 -9999 -9999
-9999 -9999 -9999 -9999 -9999 -9999 -9999 -9999 0.0540812484149 0.0480309038878 0.063116926795 0.0619729894213 0.119539680712 0.113187421265 0.172727955574 0.166606511954 0.163883627002 0.1609188031 0.117689013673 0.151842168022 0.182194171848 0.190286031338 -9999 0.117877436069 0.064201488884 0.0650102843721 -9999 -9999 -9999 -9999 -9999 -9999 -9999 -9999 -9999 -9999 -9999 -9999 -9999 -9999 -9999 -9999 -9999 -9999 -9999 -9999 -9999 -9999 -9999 -9999 -9999 -9999 -9999 -9999 -9999 -9999
-9999 -9999 -9999 -9999 -9999 -9999 0.0438445392023 0.0395950944357 0.0426675662933 0.0442548558818 0.0696414872958 0.0706578022066 0.128877115439 0.123947877176 0.170648331811 0.180470919951 0.186433104753 0.175053587007 0.146437196432 0.150281683761 0.178136503642 0.186056849704 0.126670403539 0.118340235185 0.0565311569003 0.0546898426598 0.0443827183761 -9999 -9999 -9999 -9999 -9999 -9999 -9999 -9999 -9999 -9999 -9999 -9999 -9999 -9999 -9999 -9999 -9999 -9999 -9999 -9999 -9999 -9999 -9999 -9999 -9999 -9999 -9999 -9999 -9999
-9999 -9999 -9999 -9999 -9999 -9999 0.0467658988708 0.0444573624612 0.0495580887881 0.0482010718492 0.0901605602499 0.0907564623138 0.176636421264 0.175236839842 0.230522350023 0.207688871383 0.243691999729 0.240833791853 0.228897419178 0.228392478318 0.228136631736 0.254782566134 0.196981881997 0.188840841666 0.109038330665 0.103384460431 0.0464381350817 0.0535871718594 0.0506144716147 0.0484792180854 0.0589416781618 0.0585520603786 -9999 -9999 -9999 -9999 -9999 -9999 -9999 -9999 -9999 -9999 -9999 -9999 -9999 -9999 -9999 -9999 -9999 -9999 -9999 -9999 -9999 -9999 -9999 -9999
-9999 -9999 -9999 -9999 -9999 0.0476239392933 0.048260655329 0.0482697437498 0.0582038099583 0.0604355293518 0.113510287916 0.104326052844 0.174088238756 0.181546601197 0.247740361207 0.24151322804 0.26599942494 0.137198342646 0.221096336951 0.230345815168 0.229122431962 0.222688545388 0.188788551621 0.193567124199 0.117918613 0.121268787951 0.0438352534945 0.0479045406185 0.0488671582307 0.0480275021121 0.0496123022193 0.0518170756566 0.0498009697463 0.0483684019707 -9999 -9999 -9999 -9999 -9999 -9999 -9999 -9999 -9999 -9999 -9999 -9999 -9999 -9999 -9999 -9999 -9999 -9999 -9999 -9999 -9999 -9999
-9999 -9999 -9999 -9999 -9999 0.04708465584 0.0481105398878 0.0484133427116 0.0587843407248 0.0559252465251 0.108563371698 0.11339238858 0.197133032673 0.176023341062 0.241666063647 0.268091002992 0.314431842056 0.175877097868 0.290796586508 0.281095514041 0.275860470767 0.289659933913 0.261207311553 0.253359762458 0.206171473567 0.195628156186 0.125696751308 0.121050935495 0.115255142495 0.111612409441 0.110865725155 0.113087105504 0.0941235330669 0.0896306690363 0.0470232019675 0.0455079496689 -9999 -9999 -9999 -9999 0.0374838130849 0.0377665274557 -9999 -9999 -9999 -9999 -9999 -9999 -9999 -9999 -9999 -9999 -9999 -9999 -9999 -9999
-9999 -9999 -9999 -9999 -9999 0.0444421507329 0.0460376427335 0.0465673868746 0.0606342190419 0.0633412716285 0.119482196454 0.115492113011 0.207828274612 0.231782187234 0.25683782466 0.240069549372 0.303800342189 0.336299899589 0.32631569398 0.349634961566 0.308436830303 0.283481868482 0.22654691988 0.219375755468 0.203888730145 0.193337462916 0.122311988015 0.106799421698 0.120526652881 0.110960690978 0.11753057596 0.11853840066 0.092720162518 0.0939267460767 0.0429933207338 0.0468418316749 0.044666702438 -9999 -9999 0.0401053012227 0.0413105477217 0.0401736823124 0.04237014986 -9999 -9999 -9999 -9999 -9999 -9999 -9999 -9999 -9999 -9999 -9999 -9999 -9999
-9999 -9999 -9999 -9999 -9999 -9999 0.0503589281978 0.0528996039307 0.0521106772671 0.0503924282625 0.0644892320604 0.0682692153375 0.140635109665 0.14080621575 0.204102376588 0.19081818632 0.264337928808 0.258850058743 0.277072697465 0.266696190448 0.305761022432 0.315605204538 0.287495716845 0.304846975736 0.255130175852 0.232345090092 0.176878398931 0.172736240345 0.194864849307 0.197018052789 0.206781095478 0.221504119573 0.172036240789 0.159444694856 0.134076723052 0.149987843951 0.0939261921955 0.073906737994 0.0753491684544 0.0729170675108 0.0722004686397 0.0865136257445 0.0699216397142 0.0529409046894 -9999 -9999 -9999 -9999 0.0576229989887 0.0502592921658 0.0494090092019 -9999 -9999 -9999 -9999 -9999
-9999 -9999 -9999 -9999 -9999 -9999 -9999 0.0488146431607 0.0489052586836 0.0535515416903 0.0735283696665 0.0689136480762 0.127160299804 0.116452111536 0.206354017895 0.235168936502 0.304962733689 0.283203349786 0.328019258766 0.292559681033 0.291793170378 0.293028371873 0.275961498721 0.278508215914 0.237918971836 0.219918983017 0.175395706647 0.221183567844 0.197264988635 0.193827320487 0.217117198492 0.214556523063 0.173363337775 0.169474179724 0.153528549965 0.152507977058 0.0861261741681 0.0884356026879 0.0736766042136 0.0734298627067 0.0685095716832 0.0641900260331 0.0578054489112 0.0717622700093 0.0694094166145 0.0829140218162 0.0622219299357 0.0516953758982 0.0503189368175 0.0393151843483 0.0624251961684 0.0651959174598 -9999 -9999 -9999 -9999
-9999 -9999 -9999 -9999 -9999 -9999 -9999 -9999 0.0471941819747 0.0459128906856 0.0517187422469 0.0554567044463 0.105276027678 0.112061690473 0.157009615276 0.154868440187 0.220041769998 0.221055301192 0.253541295521 0.273341450731 0.294742939438 0.286657669504 0.284620996638 0.372111640222 0.385363458226 0.348058378685 0.204361266355 0.264502480413 0.233542709989 0.207296961915 0.214834602192 0.23146089384 0.219755432697 0.202983766672 0.205163615878 0.204632726816 0.165706537117 0.172745308477 0.129919354128 0.124634586757 0.104571309149 0.0967699616582 0.11157809997 0.101082908444 0.103496893785 0.0935383985712 0.0876573573596 0.076744062308 0.0736700494796 0.0696649645583 0.0774751812064 0.0887886232425 0.1206495703 -9999 -9999 -9999
-9999 -9999 -9999 -9999 -9999 -9999 -9999 -9999 0.054573539226 0.0498721767973 0.0491330814854 0.0494224315552 0.0950899662794 0.0946624654754 0.141687951878 0.139323019327 0.223895793556 0.233721724821 0.273645062962 0.287861525963 0.29320436148 0.282285737936 0.368066751497 0.546135004574 0.47706336604 0.361159342643 0.368493948767 0.244842694682 0.228392058169 0.177161754106 0.215057115802 0.225186907763 0.198234631384 0.200755294964 0.202720495159 0.183224409001 0.178731452041 0.167269131701 0.129545061984 0.127332538293 0.124904709153 0.101954288432 0.103239886279 0.102779210443 0.0939759576659 0.0927780205584 0.0864358643657 0.0789553449972 0.0736778960882 0.076570628363 0.0803674054219 0.0808211348163 0.126355052047 0.138043881977 0.149637857462 0.157943762045
-9999 -9999 -9999 -9999 -9999 -9999 -9999 -9999 -9999 0.0583246880135 0.05631090186 0.0490428256327 0.0902588649397 0.0949268471745 0.174004244692 0.176078715356 0.22829820774 0.236674477815 0.235432754798 0.237349423646 0.234226675767 0.204768363091 0.274262094115 0.555427304767 0.582963851652 0.518958683286 0.422546665174 0.325999427206 0.152508902843 0.249633206006 0.2335711877 0.243498349765 0.223216894515 0.196166994093 0.221133900586 0.248373774065 0.208464330328 0.19811714047 0.173238761673 0.174923313793 0.161981728387 0.1534337313 0.0925212112431 0.132824798782 0.106873761888 0.0935014208799 0.0885300844627 0.0868279213205 0.0928084223814 0.0965750415902 0.10210865754 0.0984549004181 0.143226138901 0.160535574979 0.174261591685 0.121527432062
-9999 -9999 -9999 -9999 -9999 -9999 -9999 -9999 -9999 -9999 0.0521914327818 0.052158525069 0.088541534709 0.0922832966718 0.165300023188 0.156937661306 0.181644344828 0.220351818732 0.18796472561 0.161145560715 0.165818331222 0.151399451944 0.213474643084 0.251141261163 0.44752492504 0.515304656809 0.464860793584 0.420250705413 0.302917496253 0.178108117839 0.257935638458 0.259040426134 0.268453807181 0.229087212797 0.24074868729 0.236873485809 0.203772151793 0.198245761574 0.174542883678 0.175513856225 0.169435271121 0.168046968684 0.136346168713 0.13758666391 0.178685920357 0.16389304838 0.137883520814 0.0936321175338 0.111515632079 0.111089855059 0.117021876035 0.112415247855 0.126342476921 0.157144082916 0.153898135818 0.120242945246
-9999 -9999 -9999 -9999 -9999 -9999 -9999 -9999 -9999 -9999 -9999 0.0468959051256 0.115838019152 0.123721909907 0.189390033727 0.177966352756 0.142680125591 0.141165899516 0.147696792973 0.168666180927 0.215070571375 0.20645347846 0.196567166562 0.167768238855 0.174691131732 0.194041257796 0.329361346725 0.457007584675 0.505789162595 0.441093544399 0.285190657847 0.250328308874 0.283768369541 0.278720712259 0.245211089028 0.217442464124 0.223186124871 0.221713508971 0.20228797822 0.202229709696 0.201836572279 0.186600912961 0.173626023248 0.133018420106 0.115542590022 0.0928720562807 0.135745019057 0.154234768119 0.137868445917 0.140615283618 0.122873882733 0.14274549966 0.174987692353 0.177775276116 0.171134632798 0.168874356679
-9999 -9999 -9999 -9999 -9999 -9999 -9999 -9999 -9999 -9999 -9999 0.0434178303645 0.127993068196 0.115254907527 0.189326676957 0.167446609983 0.12588137028 0.12631420061 0.17966989853 0.181043794614 0.209277897866 0.227081258014 0.23566245332 0.185444700267 0.260615503801 0.268356844267 0.212983429894 0.297609390708 0.353006340583 0.495662980089 0.523510615297 0.445028100822 0.209187344851 0.243139250379 0.13565410839 0.192815136465 0.222270257172 0.22588581368 0.197294101684 0.194588989267 0.204266404511 0.214933675066 0.16350612607 0.165897409388 0.137226817903 0.132233168034 0.19065172755 0.234549211217 0.231129553627 0.154930133634 0.189757598233 0.188493748787 0.149065438427 0.191867284888 0.204772034818 0.18508065294
-9999 -9999 -9999 -9999 -9999 -9999 -9999 -9999 -9999 -9999 -9999 0.0576271055649 0.144605451179 0.138614504273 0.204365608055 0.201447752054 0.186245288264 0.180037527214 0.240102163081 0.245303501732 0.233111052099 0.237043536374 0.229634054358 0.189770874993 0.253026194004 0.257454358457 0.257059770678 0.252313422971 0.270404329751 0.207631383448 0.206687599046 0.377790064824 0.470209200887 0.463990818472 0.34531497275 0.195715204454 0.241956401226 0.158554866676 0.190477285805 0.218897421412 0.226157657846 0.2180413651 0.212824707113 0.236361650081 0.222062731317 0.229904550855 0.176672034439 0.156726112808 0.172343849209 0.17029566523 0.137220398799 0.158384738801 0.174951081255 0.216427749985 0.222296852165 0.209769007746
-9999 -9999 -9999 -9999 -9999 -9999 -9999 -9999 -9999 -9999 -9999 -9999 0.121040048859 0.130322511461 0.228888492153 0.217441849459 0.21381868226 0.177108431509 0.19576287517 0.246016545587 0.238832462755 0.228624971347 0.265079192248 0.254930967099 0.269712010937 0.275007380965 0.261254964994 0.269052342594 0.263742194711 0.253094540058 0.249845857757 0.260116383735 0.195077007226 0.16615421015 0.369768493041 0.29591635357 0.288512149622 0.20561019188 0.153147669552 0.234709488227 0.225279600351 0.219681637756 0.253828589234 0.285115614656 0.264709233982 0.255004858681 0.182635043826 0.159107321752 0.132671327592 0.148208743752 0.12325090226 0.103438781102 0.0867071182702 0.0932902305566 0.116287957479 0.185401552224
-9999 -9999 -9999 -9999 -9999 -9999 -9999 -9999 -9999 -9999 -9999 0.0900564146866 0.110603910379 0.119494005662 0.241016198613 0.188442054692 0.279384151808 0.272047651129 0.273666342366 0.30520873326 0.278583141063 0.274554586091 0.281806173597 0.288017130888 0.312336775357 0.308063091557 0.279981603079 0.275224968239 0.278209132764 0.270020737745 0.26281109087 0.271581277616 0.25682856376 0.254287396638 0.259259611155 0.24785477603 0.297131231928 0.172257769722 0.157404855242 0.226314549341 0.241305920656 0.231313890173 0.220107164472 0.257363351148 0.257106824802 0.256665165999 0.236210952072 0.209871505768 0.187680142463 0.193414104129 0.144290058756 0.0863842219883 0.0791003470856 0.0799978673109 0.0763654802033 0.088305606285
-9999 -9999 -9999 -9999 -9999 -9999 -9999 -9999 -9999 -9999 -9999 0.0931269952277 0.128737575595 0.129218498313 0.211401461098 0.209378582662 0.310454985847 0.300562532584 0.305102375957 0.308837110093 0.316693605546 0.293418860427 0.293565764528 0.304204418899 0.325739580003 0.323026537721 0.305537190439 0.317425912789 0.302185411348 0.363977485863 0.34140391178 0.276571192967 0.252844434428 0.254467409788 0.253300986291 0.126086735142 0.20411137489 0.279009822574 0.164155364097 0.158195004265 0.219170657845 0.214967778791 0.199231405518 0.207921638337 0.179117406543 0.169157945818 0.207310719988 0.210925788255 0.212728098946 0.200812079577 0.130145457332 0.142637659991 0.125709116923 0.118210575321 0.113957524459 0.102441530366
-9999 -9999 -9999 -9999 -9999 -9999 -9999 -9999 -9999 -9999 -9999 0.0739018063855 0.0635981071247 0.0578503315182 0.164658258933 0.16147555036 0.262658690714 0.25593254057 0.365733064326 0.349731016158 0.329244520625 0.264853836481 0.446828550356 0.356583976561 0.305510673693 0.304936202074 0.328325622639 0.303369928237 0.259712803003 0.247903330129 0.276937126747 0.382560355883 0.398265519026 0.375422430825 0.326675888693 0.132903577306 0.144270900886 0.10745082692 0.176322046404 0.118889525138 0.269039348177 0.261045838104 0.180038664698 0.161708402584 0.150987260422 0.14493283399 0.185914676291 0.188201940881 0.203707397085 0.193957338692 0.126466636114 0.0943548006871 0.0852505994269 0.0822142727852 0.0832371936133 0.0955006531601
-9999 -9999 -9999 -9999 -9999 -9999 -9999 -9999 -9999 -9999 -9999 -9999 0.0652344351147 0.0623391657535 0.149900675586 0.154124896043 0.257913777113 0.264831396472 0.336319811101 0.370182636784 0.383916900636 0.408982937961 0.298211767061 0.266454999321 0.282086554228 0.277094572835 0.23950890623 0.254716887067 0.233754119996 0.202505301305 0.18546263128 0.225878455766 0.279476937867 0.296766158384 0.304810638473 0.225975699179 0.176356554406 0.124399047472 0.23939727903 0.204479693714 0.260881296845 0.242643166875 0.209420381259 0.146508414456 0.126272615445 0.128970547848 0.165026255942 0.176492112694 0.187977849371 0.19111843835 0.192804771701 0.171980266019 0.172611749922 0.142255522197 0.111738040992 0.113075278954
-9999 -9999 -9999 -9999 -9999 -9999 -9999 -9999 -9999 -9999 -9999 -9999 0.0644296507455 0.0568623323933 0.0589996261864 0.0516917347943 0.163200016738 0.183569574295 0.290726155801 0.291226923058 0.357028809157 0.336554728345 0.326609431925 0.384321757439 0.319089610641 0.354897589955 0.384374235688 0.352939338727 0.306404118869 0.386085324031 0.341680326023 0.361569792292 0.431440475998 0.449668277347 0.239663413499 0.260079250166 0.184100596715 0.286989815492 0.358383801183 0.251003616173 0.280577558347 0.264032917607 0.233142612075 0.228356921544 0.201861771045 0.196287776954 0.191802887884 0.209951081842 0.199824896781 0.212374347226 0.213951430452 0.193923734972 0.174288491344 0.0902981021343 0.0830938478898 0.112171122027
