data/recharge/transience/recharge456.asc
ncols                  80
nrows                 72
xllcorner      4374000.0
yllcorner      5656000.0
cellsize            500
NODATA_value       -9999
[rows 0 to 25 of 72, columns 0 to 56 of 80]
-9999 -9999 -9999 -9999 -9999 -9999 -9999 -9999 -9999 -9999 -9999 -9999 38.3279917726 39.4813505987 -9999 -9999 -9999 -9999 -9999 -9999 -9999 -9999 -9999 -9999 -9999 -9999 -9999 -9999 -9999 -9999 -9999 -9999 -9999 -9999 -9999 -9999 -9999 -9999 -9999 -9999 -9999 -9999 -9999 -9999 -9999 -9999 -9999 -9999 -9999 -9999 -9999 -9999 -9999 -9999 -9999 -9999 -9999
-9999 -9999 -9999 -9999 -9999 -9999 -9999 -9999 -9999 -9999 -9999 -9999 34.3111070062 32.8759498217 32.8559699827 -9999 36.6577568141 -9999 -9999 -9999 -9999 -9999 -9999 -9999 -9999 -9999 -9999 -9999 -9999 -9999 -9999 -9999 -9999 -9999 -9999 -9999 -9999 -9999 -9999 -9999 -9999 -9999 -9999 -9999 -9999 -9999 -9999 -9999 -9999 -9999 -9999 -9999 -9999 -9999 -9999 -9999 -9999
-9999 -9999 -9999 -9999 -9999 -9999 -9999 -9999 -9999 -9999 34.3467666655 33.7422540455 34.5325876539 32.7252368323 31.4978915592 32.23742376 34.0478842877 35.3332967679 -9999 -9999 -9999 -9999 -9999 -9999 -9999 -9999 -9999 -9999 -9999 -9999 -9999 -9999 -9999 -9999 -9999 -9999 -9999 -9999 -9999 -9999 -9999 -9999 -9999 -9999 -9999 -9999 -9999 -9999 -9999 -9999 -9999 -9999 -9999 -9999 -9999 -9999 -9999
-9999 -9999 -9999 -9999 -9999 -9999 -9999 -9999 -9999 33.9672468363 33.555010432 32.8086552004 32.5015418838 32.8612865427 31.696178956 32.3635994278 33.3242857586 35.9590405743 -9999 34.4435010443 -9999 -9999 -9999 -9999 35.1344921479 36.3236215622 -9999 -9999 -9999 -9999 -9999 -9999 -9999 -9999 -9999 -9999 -9999 -9999 -9999 -9999 -9999 -9999 -9999 -9999 -9999 -9999 -9999 -9999 -9999 -9999 -9999 -9999 -9999 -9999 -9999 -9999 -9999
-9999 -9999 -9999 -9999 -9999 -9999 -9999 -9999 34.912602911 34.1341202138 33.0328908105 32.9607409548 31.6537317261 31.5630156448 31.2051949499 31.9955090407 32.6375656427 33.2448375806 33.8559798818 32.5867178867 31.4822695933 32.1758876307 -9999 34.7933349883 34.5996399254 35.8785531978 -9999 -9999 -9999 -9999 -9999 -9999 -9999 -9999 -9999 -9999 -9999 -9999 -9999 -9999 -9999 -9999 -9999 -9999 -9999 -9999 -9999 -9999 -9999 -9999 -9999 -9999 -9999 -9999 -9999 -9999 -9999
-9999 -9999 -9999 -9999 -9999 -9999 35.4592655303 33.7198566214 33.7890397887 33.7852722439 33.6615475092 33.0926786203 32.087536519 32.2228910351 31.6291501625 31.8071454111 32.0595476938 31.3877795875 31.3866663737 31.3379673383 30.8950719887 31.1276286583 33.1519679061 33.9517737635 34.5038077985 35.2206807918 35.5508484355 -9999 -9999 -9999 -9999 -9999 -9999 -9999 -9999 -9999 -9999 -9999 -9999 -9999 -9999 -9999 -9999 -9999 -9999 -9999 -9999 -9999 -9999 -9999 -9999 -9999 -9999 -9999 -9999 -9999 -9999
-9999 -9999 -9999 -9999 -9999 -9999 35.0454296498 33.90375553 32.8159230432 32.4697731536 32.4099005703 32.2984695342 31.467785577 31.7331844165 30.8500166693 30.3648020564 31.9363648441 25.6064199226 30.2346238083 31.160607811 30.4040439628 31.6049213557 31.736675862 32.117291243 33.7800586692 33.6084137068 34.3086604612 34.3143727199 33.4995729705 33.6230334115 33.1496970745 33.7458415298 -9999 -9999 -9999 -9999 -9999 -9999 -9999 -9999 -9999 -9999 -9999 -9999 -9999 -9999 -9999 -9999 -9999 -9999 -9999 -9999 -9999 -9999 -9999 -9999 -9999
-9999 -9999 -9999 -9999 -9999 34.6966187161 34.1788040704 33.5872701779 33.0792088364 33.1613894521 32.8312043301 32.0299599726 31.201122149 31.3529263417 31.532424065 31.4797575643 25.5923660548 13.7890002071 24.3045272641 31.4781680183 30.7703374898 30.7462227901 31.0507223224 31.1200699202 32.9074291295 33.4476210078 34.0392989645 34.0790426573 32.5180713008 32.7044484858 32.6247699376 33.383105905 32.7545495232 32.9473316345 -9999 -9999 -9999 -9999 -9999 -9999 -9999 -9999 -9999 -9999 -9999 -9999 -9999 -9999 -9999 -9999 -9999 -9999 -9999 -9999 -9999 -9999 -9999
-9999 -9999 -9999 -9999 -9999 34.9274737217 33.2577898955 33.48922415 32.6267571059 32.4697251745 32.1407806012 32.1897204343 23.2566369605 19.116484916 31.7488443209 31.6402812697 27.8390080547 11.7790118883 20.9803520442 28.3216562079 32.5549783421 32.0521679821 31.873738813 32.1704973544 31.2790416703 31.2418431084 33.3310348432 33.3547129573 31.2181677395 29.7129346417 28.415514957 30.6202993067 31.6526505094 31.9649097084 32.0709883583 32.4573729209 -9999 -9999 -9999 -9999 31.3461849283 31.0704618181 -9999 -9999 -9999 -9999 -9999 -9999 -9999 -9999 -9999 -9999 -9999 -9999 -9999 -9999 -9999
-9999 -9999 -9999 -9999 -9999 34.7892928374 34.0167149159 33.5641212582 32.4498355498 33.04712882 32.9461206225 32.8642562003 31.515587626 30.9455683616 32.317269033 32.5299865794 31.3308678288 33.2200698132 33.5463056605 33.0179732342 32.3929217884 31.5398447286 31.3205687255 31.337362295 31.2761047255 31.6693291175 32.6997413464 32.8349026889 32.4330688236 28.9572691591 20.1601937876 26.0970703296 31.1016071031 32.3079731066 32.9739904483 31.8083507968 31.9740387793 -9999 -9999 32.2815305534 31.4774680369 31.784234298 31.7160954577 -9999 -9999 -9999 -9999 -9999 -9999 -9999 -9999 -9999 -9999 -9999 -9999 -9999 -9999
-9999 -9999 -9999 -9999 -9999 -9999 34.887551857 34.4885644671 33.4677520233 34.0586645515 33.1662979807 32.9406614043 32.9883408754 33.7202176752 31.6762978264 31.9159396975 31.7210269078 32.2625415097 32.7942554459 32.412350546 32.8949123084 32.066924263 30.9408081172 32.5292292023 32.1009406914 32.0006723222 31.9380992177 32.5950561745 31.9274511792 30.6503602818 28.3014309817 30.1531149772 30.9053456773 31.0568713001 30.8807209767 30.5980272111 31.7359249831 33.0733560546 31.2182473764 30.8843245397 31.0356584152 31.5887890642 31.2628345378 31.4861290642 -9999 -9999 -9999 -9999 32.7881898654 32.3350501199 8.74413567516 -9999 -9999 -9999 -9999 -9999 -9999
-9999 -9999 -9999 -9999 -9999 -9999 -9999 35.9131889574 33.6521013607 33.3142383237 33.2802872564 33.8845966823 33.5436545709 32.1393781237 33.0041623307 32.7245661224 31.893475067 31.3799512426 31.7971232418 31.2646961928 32.1427684936 31.3679280571 30.8856155442 32.3637212782 32.5308352039 31.5137881685 31.7828138729 31.2273352167 30.9891460568 30.7612172577 30.9536545016 30.445362102 30.5726630849 30.1741773456 30.4772574909 30.9440132721 31.2282485973 32.1741178452 31.5829720187 31.1749955997 31.1533676902 31.529858221 31.1975599542 27.01900514 24.3713153003 25.3929315705 25.8962719942 24.5024293111 23.5150289417 30.4311099576 29.0970357254 25.0837422892 -9999 -9999 -9999 -9999 -9999
-9999 -9999 -9999 -9999 -9999 -9999 -9999 -9999 33.9860539289 34.1886889253 33.8464866705 33.5823720448 32.9666403266 33.8148243665 33.4736417405 33.4132911771 31.7952863807 32.5350260521 32.6146586649 31.4936737856 31.0328008541 30.9902799877 39.7412134548 40.509181822 37.2085539502 40.4706070493 36.108620171 31.5637533845 30.6689691511 31.4202133372 30.1190641609 30.5184201502 30.2404670084 30.676706913 30.3047792583 29.6401450811 29.811915624 30.1993083 30.4334205426 30.6552747224 31.6695561346 31.1466976796 23.9382963422 23.1531452252 22.019420031 21.2465347715 22.0610720891 21.0738452828 19.7442162179 27.7089436869 28.3471811439 28.6333373138 27.1353663624 -9999 -9999 -9999 -9999
-9999 -9999 -9999 -9999 -9999 -9999 -9999 -9999 34.2351313524 34.3840265492 33.6439986251 33.8972900583 33.4424206392 33.5526166982 33.5062199862 32.8301924018 31.6866385132 32.2134072268 31.7088689076 31.4894421679 31.6082451195 31.1510041808 45.6928133889 46.9275405308 42.2580897361 35.3585317064 41.3300581533 36.3274857893 32.6595954007 32.2874736215 31.8001595286 30.862583597 31.3730583849 30.9576603908 29.5665512665 13.2347756699 30.3550384697 30.0712712994 29.9838617185 30.0483547807 29.7869658221 31.3165700324 23.3647571876 23.2790165913 21.3063233622 21.2055028677 21.9527528985 21.2737480343 21.8750418441 28.9013409443 28.1539742989 28.2049945648 27.1763166927 27.1325124036 27.003104397 27.1990798779 -9999
-9999 -9999 -9999 -9999 -9999 -9999 -9999 -9999 -9999 33.2768724554 33.1369046546 33.905054048 33.7997838638 33.9135333963 33.3612497312 33.3000407276 33.0988903551 32.1021859524 32.2190565418 32.4863589113 33.5767580995 32.6129415739 35.1568491766 54.450373175 48.7542817812 46.4129691967 37.8286940002 35.3647964114 36.3924416663 31.2787954921 31.4603506148 31.1928705212 30.7165710625 31.3090859474 29.3032813546 25.4441245376 29.9197530242 29.8945384892 29.652761086 29.3798992363 29.1500545984 29.3024995641 22.7178843468 23.2440303089 20.5485247572 19.2496507637 17.5159079426 18.331053217 26.7184210322 27.0423511591 26.6507936725 26.520673245 26.2888904188 26.7868868476 26.7276212739 19.0034302687 13.9579504268
-9999 -9999 -9999 -9999 -9999 -9999 -9999 -9999 -9999 -9999 33.1615063771 33.8318700313 33.9563471975 34.150965142 33.2846983852 33.2834611526 36.357749046 36.5112903972 36.5481156197 36.6941883644 35.251359402 34.8719706214 34.1606982161 42.7201767065 42.8736734856 46.9651517259 42.3313159331 37.3877408738 29.133888393 37.4833272604 31.3177608817 30.9944090354 30.3944263342 30.6417187501 30.1203848934 30.1187462315 29.5773761628 29.774133205 29.7343902242 29.7598683475 29.0312135749 29.2204452068 29.0561679911 22.913820662 24.0009417732 23.5076014268 20.8643465847 19.9040672562 27.6267154138 27.9310880491 27.6365412249 27.005555696 25.8385790817 26.4916268715 25.9403953488 17.6009762786 13.8670279465
-9999 -9999 -9999 -9999 -9999 -9999 -9999 -9999 -9999 -9999 -9999 18.0102022088 23.4305209101 33.6056398598 32.9565667195 33.0396539975 36.2777023132 36.6050209546 34.8257397675 34.2019117567 32.1051904064 32.3812806633 33.7676814452 34.1722730937 37.4765924211 36.3669894598 36.7656757933 43.2266540351 39.9458112708 34.3339079268 41.0921324583 31.5597153583 30.1156282333 30.1635312754 31.1248678006 31.1274287662 29.4790745656 29.3613889957 29.5982092833 29.8626251569 29.2494462769 29.0079422255 29.1872022729 28.2530398044 20.1912435598 19.1706113399 19.0836459145 20.77067062 24.2142998832 27.0218707738 25.7841679065 26.5988284492 26.3936631451 26.0746714337 25.0483823315 25.0063405637 16.5797318876
-9999 -9999 -9999 -9999 -9999 -9999 -9999 -9999 -9999 -9999 -9999 17.0319033421 24.9240200191 32.9039972664 32.6366061938 32.8387155939 34.9393504261 34.9949223011 32.2322749748 32.0093264838 32.4727851473 32.8640617817 33.3422934535 34.9138367253 33.930151075 32.9148339856 38.850891287 44.4526478434 36.1299139063 34.7636003012 36.6007935751 35.5549734935 26.077687858 29.5000305095 34.2498863232 31.4961035594 29.0536451574 29.689177096 29.119967073 28.6217335027 26.9571347669 28.8378053214 28.3339370504 28.6656768228 28.341794348 21.893726549 22.6470399866 23.8829033358 22.1636893234 20.1394691462 19.5452789843 19.9021692918 18.1573400638 26.487464072 26.1146632475 25.563454535 24.9001965404
-9999 -9999 -9999 -9999 -9999 -9999 -9999 -9999 -9999 -9999 -9999 33.8530701223 32.0083228553 31.9744111328 31.254207554 31.8986478382 33.1098207854 33.23203678 32.5310985882 32.198688312 31.9262682696 32.0134148567 32.4838564219 33.8206559362 32.5205413958 31.9372520119 31.8357713091 31.5042299823 31.3759854954 35.5873112268 38.070363429 40.7488519712 39.3225173716 38.300377004 23.709986634 21.8337984157 18.6670001989 18.8180174206 30.5381452134 22.6171609265 17.8969060326 29.0020786371 28.0230063456 28.81208538 29.5313509847 30.5525361162 22.1591388496 21.268449445 20.1027220889 20.1687576527 17.8753290882 18.8453382951 18.7865124412 21.0347990913 26.5984783418 21.8165199891 21.8891182337
-9999 -9999 -9999 -9999 -9999 -9999 -9999 -9999 -9999 -9999 -9999 -9999 33.1850070806 31.5841273014 31.6626952957 31.4889785926 31.4915065322 32.8143345887 33.3713202524 31.9552215077 32.5883736708 31.9438846905 31.4895283013 31.4718239117 31.807272373 32.2580787834 32.2252605011 32.2674110765 31.8042741831 31.677869403 31.18182731 31.001721565 33.2320257245 35.8368477316 30.304343527 22.2133947664 31.0110223632 15.2324524695 22.8857783003 29.2173793675 29.4727737344 28.544119048 28.5829437959 29.1853905974 29.3532383171 29.8114827871 27.4494925855 21.3739027578 18.3367578264 19.1931330783 17.5011580531 15.84286152 14.1386204135 14.2566870863 13.0506992534 16.4453375998 11.0239915641
-9999 -9999 -9999 -9999 -9999 -9999 -9999 -9999 -9999 -9999 -9999 33.6579528386 33.6818280111 32.5854004565 31.5957418552 18.9439437277 27.4817539422 32.1722577689 32.8448006275 31.7181598722 31.725197302 31.610399745 31.4415023703 31.9617550227 31.6852204546 31.6715446735 31.450991555 31.6004327438 31.6919482024 31.1632174568 30.4350853216 30.4896031029 29.8164164338 29.5483542735 29.3520526115 23.5725825716 19.5703087296 10.1956446828 8.26574067456 29.4211996003 28.7906847155 27.9331915179 29.0027355802 29.9910739106 29.6207025198 29.3140768408 29.3266576681 27.1393418222 20.4113302809 20.5178804659 16.8207656146 13.3829075102 11.948753728 12.0057516542 10.9680307901 11.6776378427 13.8857981221
-9999 -9999 -9999 -9999 -9999 -9999 -9999 -9999 -9999 -9999 -9999 34.1653565265 33.7586099031 32.9890469483 31.8744199206 24.2249303262 30.7534716315 32.5448025024 32.6695998708 32.4126492959 26.1752824314 27.1815098746 31.8949239175 31.8004130611 31.6995040245 32.103449574 21.1916212392 22.1312236472 29.7281583888 31.3856354196 30.7873234282 30.5424701888 29.5234383289 29.5293155638 29.2215346776 26.8993962645 12.7937218656 19.5846169599 10.8178595359 28.8715221166 28.0658941952 27.9959783823 28.8462749559 29.5228361741 29.6411239789 29.6547878399 28.8954709814 29.0958328397 28.3874284851 26.8829011888 16.6329116398 16.6166155678 14.820982679 14.3026710299 13.1757637828 12.5470071647 10.3216723431
-9999 -9999 -9999 -9999 -9999 -9999 -9999 -9999 -9999 -9999 -9999 33.3243986272 33.5091759366 32.6905417386 32.1027432133 31.9090715311 31.5623284239 32.9255801526 32.204579096 32.4161030753 27.774699096 12.4719173808 27.6863829916 34.7187289959 30.1002633777 30.1255494845 32.8245416411 33.7441697107 32.4701351061 31.7844529258 31.0082240893 30.8138046909 30.0768920966 30.0635279637 28.9751373092 19.7986631363 6.2152186925 4.46439071404 8.17575833917 19.368131464 28.1852600265 28.6107847015 28.5505988587 28.0061331037 27.8668006932 28.0489729591 28.0127583871 27.7977075771 27.397440499 27.2566357263 20.5300691408 13.3132633805 11.3863654548 11.4006861119 10.6960389091 11.0466407056 11.8956332306
-9999 -9999 -9999 -9999 -9999 -9999 -9999 -9999 -9999 -9999 -9999 -9999 34.2216702485 32.9942603319 32.399156565 32.387483594 33.0177875201 32.8673522208 31.9039650095 31.7981532613 33.8291678283 34.5551739475 33.8226465838 29.9291740148 29.4253814114 29.2576221082 27.4376882802 27.9400072535 26.6117697401 25.4704048165 22.8383673902 30.4513825661 28.9555736762 29.3958792444 28.5485887139 13.3648520581 7.66639204299 5.42016610074 10.8441866792 24.7951275546 28.4673892437 28.0039355853 28.5716102528 28.3106278196 27.8040146205 27.6377716001 27.2377118195 27.2258642879 26.873026743 27.0128146817 26.0269171723 14.953185124 16.0613756954 17.0294408835 11.1565689707 11.8577595683 11.0368669117
-9999 -9999 -9999 -9999 -9999 -9999 -9999 -9999 -9999 -9999 -9999 -9999 35.2599690675 33.8404976046 33.0910410501 35.6151540179 34.1052059428 33.9002827407 33.405122112 32.6721683461 31.9424422034 32.1639543383 34.5593364666 32.8480324226 30.902986873 33.4190099938 32.4323985843 30.4141904955 27.5631568605 29.659990775 26.3851208161 27.4277775041 31.3447549885 30.430884111 29.1880037831 10.6016682656 11.7642109957 12.2466853893 17.44827089 19.9888211982 28.8281066856 28.1127521944 27.0625290055 27.0297619973 26.7830566111 26.8654567256 26.3750761867 26.4128055672 25.5068685623 25.8837943075 24.9413828341 23.0118422779 21.1481360936 8.65018417622 5.82504046009 6.9647947637 6.10989651741
-9999 -9999 -9999 -9999 -9999 -9999 -9999 -9999 -9999 -9999 -9999 -9999 35.3792200334 34.7248270728 32.5885088682 33.6996661108 33.0372840997 32.2090964897 33.3297107635 33.7618176994 33.1254781127 31.1761369673 32.336810466 25.6927259647 29.1848836767 31.7663505196 35.3592837658 34.6386672285 27.9202969404 26.726779258 24.3306504076 23.6304298482 29.2747803389 31.5965683251 11.6566354369 25.6640867198 39.3908224568 15.4005576655 8.86145265963 15.0328154648 13.7861970446 17.012992726 26.4341040662 27.3000112122 26.9046103814 26.7885221259 26.5118155367 26.6340662951 26.1648485778 26.5386872044 25.5421641278 17.6548862781 7.5535905953 6.36247156547 6.20078055123 6.221322643 5.79729292848
