data/recharge/transience/recharge610.asc
ncols                  80
nrows                 72
xllcorner      4374000.0
yllcorner      5656000.0
cellsize            500
NODATA_value       -9999
[rows 25 to 49 of 72, columns 0 to 55 of 80]
-9999 -9999 -9999 -9999 -9999 -9999 -9999 -9999 -9999 -9999 -9999 -9999 10.7298752645 10.4225809056 9.93606872183 9.08168920101 6.66009622393 6.71010084628 5.53626000166 6.53942078922 5.31466473839 5.65824839431 4.58940134988 3.29455073789 3.47025307344 3.88866254969 3.9305496791 3.34953003104 2.25588294812 1.8788747971 1.47337403156 1.3138358685 1.40075934774 1.35248329346 0.965423767197 1.31183621994 1.45285817131 0.8221920415 0.465195877644 0.786541680341 0.739938725174 0.569099621809 1.20614052542 1.84199047394 1.87982560447 1.92793484736 2.04183346931 2.02752963433 2.02490689228 2.19213755457 1.94000733927 0.967822858479 0.367354197064 0.267661490642 0.301441081426 0.279034552043
-9999 -9999 -9999 -9999 -9999 -9999 -9999 -9999 -9999 -9999 -9999 -9999 -9999 10.100892143 10.5175464539 10.8769845426 8.52960487122 8.06029030851 6.58172747785 5.97818154609 5.45232717925 6.35565520349 6.47184337176 5.44588625546 4.1076300058 3.12909665116 2.97529534878 2.29067252293 2.19323765764 2.45012715606 1.80745064765 1.63344206667 1.90516890134 0.549587520472 0.695818126813 0.477829589055 1.07587094719 0.569075851911 0.854744090915 0.625814461436 0.517871876432 0.61304071636 0.314672652707 0.482800856178 0.626837480264 0.941875376218 1.56478848502 1.50037805455 0.70765105219 0.359871836879 0.265212262601 0.285139304248 0.302420214342 0.313261751915 0.659735796221 0.192824647672
-9999 -9999 -9999 -9999 -9999 -9999 -9999 -9999 -9999 -9999 -9999 -9999 -9999 -9999 9.0221276892 9.32816073772 7.71326163254 7.19713791868 6.58399486846 7.05086571331 5.67578719992 6.84503822963 6.14107986124 5.06290445651 3.13090452596 3.10636816836 3.17060586352 3.69053365899 2.4661992863 1.95728885022 1.77913977454 2.98551454626 2.45431972016 0.979843917251 0.606444797702 0.764566869453 0.891968213987 0.636194782364 0.782379394631 0.657369361902 0.462504692323 0.54348993912 0.589500807868 0.388308659871 0.276429330371 0.340062481235 0.364976817585 0.755731264304 0.3643938517 0.343987454218 0.309144416365 0.21903715741 0.192728954554 0.364617501814 0.788025475556 1.36921272381
-9999 -9999 -9999 -9999 -9999 -9999 -9999 -9999 -9999 -9999 -9999 -9999 -9999 -9999 4.53384093111 9.41543137717 8.42354142806 7.95598293214 6.78473962715 7.15605212067 6.73915504132 7.02955261505 5.04230535909 6.65356714173 5.44334068782 5.60393095065 3.0105453564 3.38616575255 3.70006944002 3.69183782725 2.29043568946 1.27123715271 2.43138318284 2.57363646732 0.773650064074 0.622891988812 0.87289900161 0.448308135235 0.573342292722 0.416951965939 0.425878600135 0.505705240717 0.505485029808 0.513822019274 0.403358668729 0.296652909949 0.15033420178 0.185961921354 0.442512243638 0.234517090974 0.371413342352 0.454395929275 0.496906279296 0.267295977387 0.364676944611 0.70098742482
-9999 -9999 -9999 -9999 -9999 -9999 -9999 -9999 -9999 -9999 -9999 -9999 -9999 -9999 6.73346516276 7.98473468952 9.72643366545 8.61201236704 7.88520553563 7.8125037566 6.76228066655 7.1563541123 6.48865282446 5.77745706939 4.2950894687 4.0261389495 3.97584967483 4.42889057907 3.1062256594 3.49425975558 2.92650912949 2.79355616684 2.26657650788 2.18580317294 2.08859980046 0.538976884803 0.573454362977 1.27457836687 0.436667489044 0.45329372924 0.409677867793 0.514891630354 0.429829646652 0.446184438772 0.27221894933 0.3071759508 0.234409050661 0.357821768174 0.911332386739 0.953338422323 0.5211710015 0.205820935187 0.348562527428 0.309163790927 0.189047885671 0.27544520944
-9999 -9999 -9999 -9999 -9999 -9999 -9999 -9999 -9999 -9999 -9999 -9999 -9999 -9999 13.9419207156 12.2535752874 11.6225047869 12.2824107044 12.3283072454 13.2132783414 7.56732451826 7.1813150733 7.03403757177 6.21767029667 4.18656665435 4.66872196717 3.60257549063 5.05491073793 3.63384643036 3.52513019396 3.10544643442 3.48565813742 2.8181942596 1.5686183658 0.577456747188 0.588238266047 0.413333853794 0.845593764657 0.278816656395 0.409364729876 0.450445034475 0.265675226408 0.262019188231 0.295680074721 0.232741313167 0.20931169113 0.423021344454 0.386386996868 1.40236424735 1.77434474828 0.914457098678 1.1797987351 0.501767549353 0.697809828339 0.647288405114 0.486676013418
-9999 -9999 -9999 -9999 -9999 -9999 -9999 -9999 -9999 -9999 -9999 -9999 -9999 -9999 -9999 10.7640127498 10.232892956 10.92575885 14.124593354 8.95314275175 6.08276778407 6.22476247789 6.33406767334 6.37997312414 4.1450251557 4.79233234645 3.5471355378 3.85906364002 3.6499135967 3.19795206411 2.51821771147 2.24289168328 1.72649306222 1.97947412502 0.662406514317 0.673241719819 0.519320424706 0.501323496809 0.416527904951 0.373491547752 0.229345527258 0.324588463893 0.0531763388588 0.0864705314968 0.167791033986 0.0971366107092 0.0702136019438 0.0818518385671 0.167301868369 0.303391457378 0.276988770148 0.237172462903 0.434002433628 1.01645411953 0.889886605031 0.865133642481
-9999 -9999 -9999 -9999 -9999 -9999 -9999 -9999 -9999 -9999 -9999 -9999 -9999 -9999 -9999 -9999 10.3576001708 8.81250663588 8.68573273836 10.549793862 9.17219457058 8.78969620829 6.20195952326 5.07753703472 4.68319904699 4.34278757956 3.2560302386 2.91958181469 2.05531422251 3.73928410687 3.72284882464 3.1783988459 2.30534756378 1.39078934961 0.573616928157 0.683122660044 0.570173133775 0.654843673577 0.558300825422 0.708055826484 1.17251938652 1.03659001826 0.857628264533 0.115478177651 0.0461020404392 0.0309599927322 0.0278601288954 0.217503955779 0.22938428721 0.163987325239 0.26672438766 0.518996813437 0.341073079793 0.258314275176 0.319868560315 0.270669774981
-9999 -9999 -9999 -9999 -9999 -9999 -9999 -9999 -9999 -9999 -9999 -9999 -9999 -9999 -9999 -9999 9.44715627088 9.86463190772 10.5763366882 9.58064709832 7.44146435801 8.85707544229 7.46886040131 5.62211864074 4.63581105296 5.14763275497 3.59408084591 3.50527098943 2.92973604495 2.75745300229 1.48255656507 1.30495329409 1.46547117108 1.61943090716 0.986311059524 0.674499363622 0.821744212339 0.746528502642 0.542741376979 0.478232313515 0.46612249122 0.502660852958 0.363344816077 0.735768344684 0.301319638081 0.125222648198 0.625398236815 0.405672837885 0.140710955791 0.213730304716 0.359315913775 0.389220206537 0.610286606903 0.682282152518 0.967822265541 0.53033522516
-9999 -9999 -9999 -9999 -9999 -9999 -9999 -9999 -9999 -9999 -9999 -9999 -9999 -9999 -9999 7.80518156126 7.82508388005 8.51246792022 8.71837051569 8.48707036663 7.85658062517 7.84283006 6.36159360681 5.73802918472 4.36358619997 4.71914038428 3.70641125895 3.86949108494 2.32459465293 3.51693379136 2.88807799037 2.98183245403 2.38814866371 1.64465820278 0.337966005393 0.304540490275 0.704950964588 0.70752441336 0.549780821983 0.291178689956 0.551426208608 0.154240229473 0.13175040788 0.126266457533 0.161305300015 0.0844791435357 0.202438097433 0.185140202023 0.207667126935 0.338319990703 0.247102008926 0.177189524623 0.213370915972 0.248904883717 0.290740448282 0.303648920494
-9999 -9999 -9999 -9999 -9999 -9999 -9999 -9999 -9999 -9999 -9999 -9999 -9999 -9999 9.05169664659 8.57702367951 8.13683048067 7.45009887244 6.83654409621 7.89863793233 7.15011979903 7.94528192629 5.98376545503 6.23241357537 4.38578044407 4.1328016928 3.20406254576 3.60307678116 3.43552241506 3.43162421943 2.53378196589 2.60035190019 1.60816308683 1.55662224414 1.77897862323 1.76562259012 0.347706000091 0.482869773779 0.630689230755 0.687755146297 0.380053273075 0.0759192038255 0.067970051386 0.081916974648 0.0503221693953 0.0393973644275 0.0519007752042 0.217187324459 0.310020589223 0.231691144082 0.207208271317 0.2044828084 0.235750511762 0.228413299936 0.21559356846 0.235063506294
-9999 -9999 -9999 -9999 -9999 -9999 -9999 -9999 -9999 -9999 -9999 -9999 -9999 -9999 10.074588427 10.7826880494 9.61611139009 7.24014490406 5.7391994799 5.63658812141 6.13602802758 7.14091551123 6.00008073379 6.36538073856 4.47079868676 3.74874296804 2.55576560919 2.77128318968 2.41985974095 3.40334848385 2.92371847517 2.64782181582 2.18487664364 1.84762964025 1.38075293763 1.83466159349 1.10889240489 1.65052687342 0.483536225766 0.513031502962 0.876379417825 0.736929039073 0.117091362103 0.0944045064845 0.0841505065206 0.0348221998821 0.0955058498956 1.11181650839 0.975435671757 0.716291494026 0.746809264525 0.731931281093 0.447572579747 0.360426139613 0.458616796883 0.426623658476
-9999 -9999 -9999 -9999 -9999 -9999 -9999 -9999 -9999 -9999 -9999 -9999 -9999 -9999 -9999 -9999 9.79628069141 10.2876797414 9.87108081616 9.68418936962 7.34973352982 6.40246326471 6.87207189292 6.90925104754 4.77769520355 3.93610428958 1.86403668599 2.0283389758 1.4243195795 2.42917065652 2.39374921508 2.23983124199 1.89522144863 1.48059653308 1.46971799914 1.49202743591 1.10670740084 0.455984628105 0.988667013716 1.15288038519 0.481223571038 0.342684409113 0.811634510127 0.39128136815 0.0467585561243 0.0626661897571 0.05904240167 0.530459918395 0.555361284164 0.37586165554 0.381291308386 0.40103457601 0.348442159173 0.280803506285 0.175983893404 0.190435049865
-9999 -9999 -9999 -9999 -9999 -9999 -9999 -9999 -9999 -9999 -9999 -9999 -9999 -9999 -9999 -9999 11.3141860408 10.8118915935 10.1266884463 7.62547005015 7.38748297266 7.50118206333 5.49863724789 5.94164913148 5.44166819101 4.67615738493 3.19848914997 2.9850290717 2.34445594327 2.73730441744 2.87497637778 2.6626938267 1.84482707049 1.58823711761 0.891354412135 0.996311217892 0.992608491994 1.28767234278 0.634527120282 0.505166934444 0.707407580655 1.08169801318 0.653398694742 0.694729342185 0.387548892363 0.0498894200465 0.022168969934 0.0463062442947 0.217445875576 0.159221411151 0.128350209574 0.131119920098 0.106647995295 0.126307571836 0.128024679496 0.129319175766
-9999 -9999 -9999 -9999 -9999 -9999 -9999 -9999 -9999 -9999 -9999 -9999 -9999 -9999 -9999 -9999 -9999 -9999 10.264716981 8.59874579882 6.29401615761 7.28169133695 6.66229408576 6.96393210216 5.10815596455 4.66775908175 2.79171457382 2.87562183614 2.35085335386 2.52165940074 1.67420386103 1.40942761084 1.2071702326 1.41418717654 0.866627936624 1.22262968862 1.12314938162 0.686285775582 0.571197644966 0.871118302286 0.533232212904 0.437248310752 0.369278475142 0.365139694932 0.334950697004 0.218821539559 0.03003266077 0.029324559509 0.0647473027627 0.102985082116 0.193090912643 0.544401151669 0.1092810959 0.112932417749 0.140949482855 0.153851537692
-9999 -9999 -9999 -9999 -9999 -9999 -9999 -9999 -9999 -9999 -9999 -9999 -9999 -9999 -9999 -9999 -9999 -9999 -9999 7.04660878796 6.50823631371 7.11640214668 6.25639263002 8.51038848767 5.83085134161 5.49337281586 3.4534149657 2.67937606306 1.79661169936 1.70173584583 1.53620599507 1.78850794711 0.879679272361 1.02420106045 0.561386616469 0.402340104824 0.342427702823 0.632091818568 0.552710887835 0.699873034654 0.446867467391 0.383837101503 0.289276050552 0.408036901084 0.388053101239 0.471234456763 0.152910049855 0.0254340789278 0.0206958416289 0.0513361008264 0.0690482887855 0.115171440205 0.102339282989 0.101098616289 0.132237447868 0.125084161246
-9999 -9999 -9999 -9999 -9999 -9999 -9999 -9999 -9999 -9999 -9999 -9999 -9999 -9999 -9999 -9999 -9999 -9999 9.27652060013 10.1391340687 9.64048415667 9.36732220592 6.77496979902 6.90228855102 5.65311339151 5.62751938237 4.09787519261 3.42411868136 2.2073342355 1.96960513313 1.17100524821 0.857331735075 1.18340968922 0.958750753918 0.603776027132 0.820177491811 1.09591962659 0.990445383268 0.806335564766 0.777904739197 0.794291756885 0.445582042146 0.301028432837 0.368625281189 0.442010300979 0.340818384715 0.357487525834 0.241676757923 0.0826973275548 0.0291889221261 0.0487531958177 0.656880197742 0.437385996103 0.480493124757 0.178084466519 0.165043837316
-9999 -9999 -9999 -9999 -9999 -9999 -9999 -9999 -9999 -9999 -9999 -9999 -9999 -9999 -9999 -9999 -9999 -9999 -9999 11.6298674799 10.6404645247 10.0929762017 7.03203904385 6.93689132728 6.25560056299 6.15016514912 3.7391564253 4.22606634971 2.74254922893 3.48808174618 2.34263648837 2.30727204644 1.76144305235 1.06822273526 1.18642427472 0.746013431545 0.282558030359 0.228019450397 0.177909440333 0.17782103664 0.245701832642 0.472292839181 0.379284137635 0.333362108341 0.515085066419 0.903335680239 0.64183905184 0.377134409547 0.128577570354 0.0461396552003 0.0141308063971 0.0121638664738 0.189476295793 0.321899917238 0.604707411913 0.0584699064288
-9999 -9999 -9999 -9999 -9999 -9999 -9999 -9999 -9999 -9999 -9999 -9999 -9999 -9999 -9999 -9999 -9999 -9999 -9999 -9999 8.77444485336 9.70780254523 7.15551587206 6.67175869004 5.12341904888 5.88920911889 3.78776897096 4.42060283003 4.53994105362 4.02907354949 2.8536301268 2.70635621859 1.06034797404 1.68712562771 0.78422533543 0.69598483991 0.610129838131 0.826463097709 0.716684110781 0.654360963989 0.46964322902 0.742191039646 0.77042829447 0.619156918184 0.980882745055 0.778040643473 0.60407876935 0.731367207729 0.54486849356 0.221935286162 0.115761389487 0.0566275347499 0.0204013434239 0.0134014938136 0.142230682649 0.028658513648
-9999 -9999 -9999 -9999 -9999 -9999 -9999 -9999 -9999 -9999 -9999 -9999 -9999 -9999 -9999 -9999 -9999 -9999 -9999 -9999 -9999 8.35079689673 7.4075000837 7.44983134645 4.76857554038 4.29029862325 3.63296648124 4.55012420683 3.70405550862 3.19011162363 4.11542890038 3.08744168797 1.25665379961 1.07668653073 1.5062954522 1.45755060124 1.03299529811 0.558909594363 0.453134788532 0.571395304034 0.94489676925 1.03835019098 1.23470173611 0.66965195023 0.511980089065 0.326243302718 0.48744206496 0.572500698784 0.581110162493 0.756552691595 1.1876312016 0.672934515827 0.209885519321 0.0441206111015 0.0122645045446 0.0161468912024
-9999 -9999 -9999 -9999 -9999 -9999 -9999 -9999 -9999 -9999 -9999 -9999 -9999 -9999 -9999 -9999 -9999 -9999 -9999 -9999 -9999 6.85627901644 6.30160010001 6.33113322269 5.75526462071 6.62510208032 4.60764423007 3.80796890992 3.01199299069 3.85973353762 1.59151590275 2.86174287154 1.59931577506 1.30807539436 0.576522537968 0.912807117121 0.689774185175 0.569606738214 0.438623194565 0.736273362974 0.965879364409 0.894227042744 0.596521128332 0.562126037078 0.828097183392 0.757010258945 0.691152712931 0.661039723166 0.332197095455 0.323204640432 0.429517535631 0.235658343644 0.120609159543 0.0291406493224 0.0222762309769 0.0134350356655
-9999 -9999 -9999 -9999 -9999 -9999 -9999 -9999 -9999 -9999 -9999 -9999 -9999 -9999 -9999 -9999 -9999 -9999 -9999 -9999 -9999 -9999 6.54243277634 7.81529938466 6.16723727989 5.95416002606 4.19873011924 3.95096000348 2.49963948318 2.79314767037 2.50096311134 2.69522961297 1.57569848105 1.5727058887 1.76250472619 1.17384162848 0.991091029377 0.85142818672 0.717081362692 0.784449232588 0.983726723912 0.489140656109 0.588944865474 0.91013825595 0.383605435421 0.325534798067 0.213779991741 0.299007804146 0.493691238388 0.555580852574 0.265770049797 0.337244860904 0.117024895513 0.0405462605727 0.0141601289202 0.012178496553
-9999 -9999 -9999 -9999 -9999 -9999 -9999 -9999 -9999 -9999 -9999 -9999 -9999 -9999 -9999 -9999 -9999 -9999 -9999 -9999 -9999 -9999 6.88562777875 6.61695507305 5.8289577342 6.78557996234 4.74327572554 3.36844173311 3.01917018328 3.15424366244 2.35425775406 2.45216564865 2.13565365852 1.90200890078 1.21633727539 1.90118653507 1.06122376428 0.831882638407 1.07801058859 1.18564979375 0.610566594051 1.01884657878 0.608961324703 0.411500113839 0.359683506888 0.500679039524 0.653194040649 0.776303221346 0.345664466163 0.312844005917 0.18936277338 0.144602332659 0.028042898667 0.0974259314389 0.0384308320674 0.032430879605
-9999 -9999 -9999 -9999 -9999 -9999 -9999 -9999 -9999 -9999 -9999 -9999 -9999 -9999 -9999 -9999 -9999 -9999 -9999 -9999 -9999 -9999 6.50426677468 7.30795624998 6.90219768732 6.52040691628 4.6407859503 4.57649445981 3.00991360809 3.77557012396 2.57671715033 2.16385999463 1.68514022485 1.83239764734 1.95945360947 1.10276452008 1.01948730678 1.6264439248 1.27655742597 1.08384899703 1.10654560283 0.746274063942 0.436615576316 0.644904726666 0.948889432159 0.82850481022 0.807857871148 0.636730625877 0.448347819043 0.449445394902 0.689925386304 0.510119818615 0.080018119549 0.0815590009267 0.109485251481 0.130768229609
-9999 -9999 -9999 -9999 -9999 -9999 -9999 -9999 -9999 -9999 -9999 -9999 -9999 -9999 -9999 -9999 -9999 -9999 -9999 -9999 -9999 -9999 -9999 7.87481413084 7.58921509772 6.75364145861 4.15208042388 4.10318889473 2.82610562096 3.52520633479 2.61482404286 2.93614161576 2.32048073005 2.70233856584 1.58180226572 1.87273809062 1.8731287152 1.48351517569 0.724240720907 0.564247848103 0.409112330032 0.671403973911 1.01880580068 1.0647328426 0.850386356694 0.694837293657 0.301340118659 0.262393561298 0.263390860624 0.295141560099 0.22869611197 0.315452913671 0.348016511091 0.239707082375 0.0574304237328 0.0436603992997
