data/recharge/transience/recharge393.asc
ncols                  80
nrows                 72
xllcorner      4374000.0
yllcorner      5656000.0
cellsize            500
NODATA_value       -9999
[rows 0 to 25 of 72, columns 0 to 56 of 80]
-9999 -9999 -9999 -9999 -9999 -9999 -9999 -9999 -9999 -9999 -9999 -9999 15.2833145548 15.9734949713 -9999 -9999 -9999 -9999 -9999 -9999 -9999 -9999 -9999 -9999 -9999 -9999 -9999 -9999 -9999 -9999 -9999 -9999 -9999 -9999 -9999 -9999 -9999 -9999 -9999 -9999 -9999 -9999 -9999 -9999 -9999 -9999 -9999 -9999 -9999 -9999 -9999 -9999 -9999 -9999 -9999 -9999 -9999
-9999 -9999 -9999 -9999 -9999 -9999 -9999 -9999 -9999 -9999 -9999 -9999 16.0170629856 13.8973008631 12.2909340425 -9999 12.4931995312 -9999 -9999 -9999 -9999 -9999 -9999 -9999 -9999 -9999 -9999 -9999 -9999 -9999 -9999 -9999 -9999 -9999 -9999 -9999 -9999 -9999 -9999 -9999 -9999 -9999 -9999 -9999 -9999 -9999 -9999 -9999 -9999 -9999 -9999 -9999 -9999 -9999 -9999 -9999 -9999
-9999 -9999 -9999 -9999 -9999 -9999 -9999 -9999 -9999 -9999 14.3584336453 13.3912578714 14.4921735456 14.8027684959 11.3062578258 10.1632482346 8.6241488901 8.72965478077 -9999 -9999 -9999 -9999 -9999 -9999 -9999 -9999 -9999 -9999 -9999 -9999 -9999 -9999 -9999 -9999 -9999 -9999 -9999 -9999 -9999 -9999 -9999 -9999 -9999 -9999 -9999 -9999 -9999 -9999 -9999 -9999 -9999 -9999 -9999 -9999 -9999 -9999 -9999
-9999 -9999 -9999 -9999 -9999 -9999 -9999 -9999 -9999 13.8131059461 13.976529923 14.1824437038 12.8014348111 13.3383060522 12.7327291228 11.5931882894 9.73946819338 11.9238780987 -9999 12.9880427348 -9999 -9999 -9999 -9999 9.4782629886 10.0721443573 -9999 -9999 -9999 -9999 -9999 -9999 -9999 -9999 -9999 -9999 -9999 -9999 -9999 -9999 -9999 -9999 -9999 -9999 -9999 -9999 -9999 -9999 -9999 -9999 -9999 -9999 -9999 -9999 -9999 -9999 -9999
-9999 -9999 -9999 -9999 -9999 -9999 -9999 -9999 16.9530342938 15.5339997635 13.1757292144 13.3418881278 12.8213337057 11.9736768945 11.6903841442 11.1472319113 9.18703481956 8.91741820338 8.37020691599 10.4770960149 10.2489586472 10.8296586013 -9999 8.94734251371 10.8745866751 10.781987303 -9999 -9999 -9999 -9999 -9999 -9999 -9999 -9999 -9999 -9999 -9999 -9999 -9999 -9999 -9999 -9999 -9999 -9999 -9999 -9999 -9999 -9999 -9999 -9999 -9999 -9999 -9999 -9999 -9999 -9999 -9999
-9999 -9999 -9999 -9999 -9999 -9999 16.9401354956 14.7050347895 13.8503873801 14.3818437925 14.600359919 15.3547497192 13.9745550262 13.367678731 11.5062228954 12.3234113096 9.75531650304 9.21102227045 10.1655349639 10.3518307109 9.95178491623 10.5387881872 9.4529182747 9.04844180324 9.72597832826 9.41058253566 9.90554373837 -9999 -9999 -9999 -9999 -9999 -9999 -9999 -9999 -9999 -9999 -9999 -9999 -9999 -9999 -9999 -9999 -9999 -9999 -9999 -9999 -9999 -9999 -9999 -9999 -9999 -9999 -9999 -9999 -9999 -9999
-9999 -9999 -9999 -9999 -9999 -9999 17.4315382926 16.1494543427 13.1330557112 12.717025331 11.8268766591 13.0031358607 12.2526474877 10.8931005456 10.0798369622 9.5854966177 9.07906515796 9.50556714424 9.56682307656 8.47819328844 8.97518878614 10.3827411858 9.72114227345 9.22554319327 8.70833146899 8.17481573551 10.123948112 10.9864418498 11.4173649555 10.8640877214 12.3869262742 12.2842588071 -9999 -9999 -9999 -9999 -9999 -9999 -9999 -9999 -9999 -9999 -9999 -9999 -9999 -9999 -9999 -9999 -9999 -9999 -9999 -9999 -9999 -9999 -9999 -9999 -9999
-9999 -9999 -9999 -9999 -9999 19.5752773123 17.8120945283 17.7637572745 15.921820007 16.167522402 14.9880988499 13.9709661364 11.1604241824 11.8289739205 11.2162477564 11.6681471138 9.93505738621 5.30833947564 8.85656306115 8.5909345516 9.02562337423 8.67488053477 9.18281660036 9.5021333163 9.07709099711 9.453079619 9.78724586127 9.78241741537 11.0183978371 10.7896082595 10.3507431209 10.8420380725 9.75630482554 9.4030455165 -9999 -9999 -9999 -9999 -9999 -9999 -9999 -9999 -9999 -9999 -9999 -9999 -9999 -9999 -9999 -9999 -9999 -9999 -9999 -9999 -9999 -9999 -9999
-9999 -9999 -9999 -9999 -9999 19.6232255967 18.2830339942 18.3530321646 16.6793025753 15.983407583 15.1419543012 15.7359132408 11.846855021 10.0197580686 13.782830899 13.7635352545 10.302424743 4.7648700223 8.43405836959 9.39041362344 8.76965984779 9.24638083429 10.4502826045 10.0701811387 9.53396984204 8.19605586091 8.6906739655 8.00561793487 9.32242040093 9.926939312 9.649473135 9.55509778278 9.76664514228 9.35552289043 9.33850592451 9.22829081694 -9999 -9999 -9999 -9999 9.63239471998 9.36030092758 -9999 -9999 -9999 -9999 -9999 -9999 -9999 -9999 -9999 -9999 -9999 -9999 -9999 -9999 -9999
-9999 -9999 -9999 -9999 -9999 19.0753159365 17.7891534403 17.4038013744 17.0750276222 17.5888073649 16.3717372417 15.9655922553 14.2762077678 15.5724436432 14.6314185416 12.2928284594 10.30474519 12.0970110819 11.2260550745 12.00044335 10.1776611241 8.95712109494 8.69202911539 8.31093949965 9.34781510911 8.49348598808 8.36019596229 7.49242220329 9.48419617039 9.72227545321 7.44039427976 9.31158857439 9.64291736813 8.94994033486 8.55031260185 9.58971607205 9.51770337278 -9999 -9999 9.74904089169 10.3206740933 10.0039024826 10.4248645193 -9999 -9999 -9999 -9999 -9999 -9999 -9999 -9999 -9999 -9999 -9999 -9999 -9999 -9999
-9999 -9999 -9999 -9999 -9999 -9999 19.2122509856 18.8947521885 17.839636157 17.487972864 15.8009570952 16.5315000358 16.5128764933 16.4186210798 12.2766190542 11.4482473911 11.1546793396 10.8448277074 9.74842812306 9.90342409685 10.0742688756 10.4675066805 9.81530816094 10.5199265205 9.61943922984 8.6648863101 7.07561141455 7.59028823239 7.86637501119 8.37066533966 8.86709124818 9.06396623762 8.24784128791 8.17441259147 8.43149188885 9.23321561292 8.95045357796 8.00768396351 9.73157175589 9.4769912039 9.41000440237 10.7900191272 8.78701911041 7.63628747153 -9999 -9999 -9999 -9999 9.5636888224 8.83720619864 3.02141961907 -9999 -9999 -9999 -9999 -9999 -9999
-9999 -9999 -9999 -9999 -9999 -9999 -9999 18.2806533523 17.1456710216 18.1106138547 17.3621789141 16.6364421436 13.9339402416 12.6018047547 11.8314165931 13.6886244919 13.1316184605 13.3402739696 12.6199471347 11.1291206253 9.49606584085 9.55057440948 9.32072147861 9.42750288715 8.87538440157 7.99546413602 7.23542085917 8.02598645893 8.45270613839 7.953413753 8.2570387441 8.15993614726 8.36364446242 8.16844437731 9.4449191642 9.38408299761 8.9793345724 8.91027467028 9.55673492294 9.53109301848 8.50064380806 8.24456846749 7.81472661055 7.77662353117 7.24919230215 7.78207402785 7.91918755453 7.2695938128 7.02494484323 7.36608949421 7.37547624808 6.90198233174 -9999 -9999 -9999 -9999 -9999
-9999 -9999 -9999 -9999 -9999 -9999 -9999 -9999 16.5173156336 16.0994066064 16.5310901054 17.2859958935 15.5271209501 16.1533151688 15.3827192962 14.8116790338 12.1755822256 12.23521569 10.4045114765 11.4113028009 13.1168593358 12.7610516198 12.2524459893 13.2249077792 13.1454870628 12.8543715749 8.93783594841 8.14007316494 7.04727116166 6.26338621977 6.89556647113 7.18038330127 7.42011382391 7.05917385683 7.99086485232 8.46912280179 8.95300861367 9.32442300393 8.8424461752 8.68738352461 8.28530597099 8.00038218092 7.41840715297 7.06596605567 6.93128630634 6.58593151582 6.8885705173 6.44447293044 6.05964492424 6.34610255798 5.90269948627 6.35397337217 5.5278659129 -9999 -9999 -9999 -9999
-9999 -9999 -9999 -9999 -9999 -9999 -9999 -9999 18.0883823252 17.1272486894 15.9032318971 15.9725229077 15.1144242269 15.0519113294 13.2885084648 13.048621724 11.5398197851 12.1614052022 11.4255127079 12.0955318112 12.3636581364 12.5636005659 14.2487017768 16.1270572036 14.2847195239 12.6392364621 13.2992369008 10.2921547771 7.42167509038 6.18287338152 6.38786645435 6.88469372428 6.65953299734 6.92493248462 8.2825471888 4.86405862415 9.63404164762 9.03092418105 8.81687693075 8.66736232455 8.58899253026 7.81513602327 7.15608219797 7.1229844041 6.61058373321 6.56546038254 6.84044728696 6.53623188215 6.25431116875 6.49438114603 6.09987337627 6.13138603559 5.89437847243 6.64457819684 5.61382680103 6.00234221 -9999
-9999 -9999 -9999 -9999 -9999 -9999 -9999 -9999 -9999 18.544857422 17.1928960075 15.6166374523 15.3135556418 14.8878266981 13.6651590888 13.7089947445 14.1139958422 14.5341132848 14.4126967427 14.4769528089 14.0187849154 12.1549806394 12.8207887468 19.5622976671 16.3609193485 15.1358474172 12.8552685472 12.456449947 7.72854521953 7.26247434365 6.84654244479 6.96791898048 6.77934012871 6.05848002899 7.42578249513 8.49192466694 8.77601610295 8.31353597099 7.9975637193 8.07986874521 7.90475920508 7.66577149916 6.57430874841 7.69390694753 6.69638290854 6.11406486097 5.63402756018 5.62123389624 5.36675698976 5.24125026608 5.16863833978 4.9857034128 5.22624685287 5.84277317057 5.94637665174 5.42488557777 4.65813172497
-9999 -9999 -9999 -9999 -9999 -9999 -9999 -9999 -9999 -9999 15.8377198337 15.8431273421 15.0677729866 14.7395102622 12.9663520827 12.1677254471 12.3895589184 14.1895493131 12.8483396202 11.4468535713 10.7510095735 10.3939922921 9.31841748241 12.5032492885 14.0631576964 15.067938451 13.8256040408 12.9410501708 11.7203723351 9.46757419525 7.23702164631 7.27244810953 7.97704374912 6.70609416811 8.46487129677 8.08333018428 8.56558564897 8.31875526792 8.06273871597 8.11099499421 8.285714887 8.03959334533 7.02722577506 7.36297064086 8.33670576068 7.98460728727 7.13460097935 6.03499659321 5.77507578658 5.73328041408 5.91713669987 5.68649510298 4.94079301148 5.63719637852 5.1379890349 5.43666859192 4.60745380176
-9999 -9999 -9999 -9999 -9999 -9999 -9999 -9999 -9999 -9999 -9999 9.27764175077 10.6144019315 14.1193181019 13.0532953536 12.2862091001 12.2948111189 12.1774752327 10.3256537723 11.2654712804 12.2518393084 11.6828601108 9.37431083429 8.05113590538 8.95911696913 10.2056778168 12.4592952854 15.4612368148 15.4409380041 9.66320035155 10.3511914752 7.22026331142 6.99496868526 7.15334923837 7.47067335013 6.6474717855 7.7271264613 7.66976450345 7.97517571729 7.97523238547 8.12948455787 7.34168211846 7.57628285086 7.12090440204 6.98869665136 6.24447357194 6.82119532201 7.61509844819 6.34901318801 5.7658088283 5.02242704352 5.70174675234 5.69475785851 5.35158354662 4.53726793951 4.62141042755 4.12795932168
-9999 -9999 -9999 -9999 -9999 -9999 -9999 -9999 -9999 -9999 -9999 8.39521512923 11.7508785059 13.2465745465 13.3978214704 12.5749658064 10.9396669802 10.4145170216 11.6793046852 11.7881965552 11.5262682735 12.6276692575 9.53506794965 8.87720519992 8.80402965763 9.66058978356 10.1897628776 12.8941257891 12.7418796414 13.1377998215 13.9308503319 13.1119368126 9.69283609727 10.577882303 8.80854593363 7.18039768476 7.68882639891 7.8321331857 7.75931396847 8.04296232019 8.65545895609 8.36313173011 7.0292021208 7.20368217874 7.35718958333 7.65655881814 8.6184972836 9.34917233207 8.69995845434 7.10346635599 7.08009762021 7.03762603065 5.7132489959 6.17853607635 5.59367693496 4.99996714726 4.41212689156
-9999 -9999 -9999 -9999 -9999 -9999 -9999 -9999 -9999 -9999 -9999 17.1340901089 15.4618251636 15.0092781665 12.5315186161 12.380965426 10.7292816365 9.36639825709 9.6439299345 10.2429379146 10.5112578123 10.7314434894 8.81930468257 7.8479011681 7.54646825636 7.83087474591 7.53931135576 7.36775358858 7.50204465698 8.69476286985 10.3412199697 13.4106156003 15.084819849 15.823778961 12.7845021329 10.7099083404 12.0216196477 10.1142363754 7.42114736241 6.8281994852 5.95680003044 7.8188818017 8.4452624551 9.2415095153 9.85776483976 10.9274590467 8.46525660805 7.98302719309 7.68181312323 7.48826585264 6.32277790268 6.78554585606 6.75568559547 7.51200962438 6.8193753468 5.86274900418 4.4281026715
-9999 -9999 -9999 -9999 -9999 -9999 -9999 -9999 -9999 -9999 -9999 -9999 14.0782853809 15.0014085608 14.0727533537 12.568436759 11.0172481161 10.2858590176 9.4023598798 10.9088163091 10.8290125032 10.2529121047 9.80564117948 9.40278241835 8.28214154816 8.47809735535 7.69098873759 7.96815539579 7.59003529038 7.21815131386 7.21256729684 7.56926579645 7.87608435886 10.1499525119 13.2596262195 6.4904015666 12.6737548043 11.2959051471 10.3125951185 7.70347915937 8.43651134368 7.70083963306 9.70943005734 10.3719177939 10.5132744726 10.5626772462 8.81527776826 8.04171913459 6.68882497297 7.14092501962 6.0951024435 5.46448593154 4.71051507902 4.78642437373 4.63780691194 5.53484932418 2.69773908634
-9999 -9999 -9999 -9999 -9999 -9999 -9999 -9999 -9999 -9999 -9999 16.1291545751 15.6634440842 15.6739954144 14.8594654791 9.37629705988 12.090444291 11.7836639876 9.83130070018 11.074352511 9.34880740571 9.1894803334 8.33558972939 8.56053218007 8.53343989642 8.39452527797 7.38911986213 7.15764054832 7.25185588367 6.98991800934 6.57180278441 6.8315619506 6.46044973332 6.38490706189 6.84878118791 11.9073982854 12.6186754502 10.1657152 9.8229255797 7.24714696733 7.65159715292 7.15572249838 10.2338339076 10.8222129798 11.3522603002 11.2614378059 10.4343050758 9.41738418275 7.72081680228 7.64724813561 6.02229601452 4.52426427836 3.9752904077 4.00315586076 3.6086157731 3.96299362565 5.17603685676
-9999 -9999 -9999 -9999 -9999 -9999 -9999 -9999 -9999 -9999 -9999 16.5175335396 17.1926862956 16.4920445135 14.3261952455 11.5934318667 12.8503674002 12.4212595875 11.0765299536 11.2829861511 10.8029138561 10.0988998703 8.84464081219 9.13274635365 8.96320571389 9.09060709681 6.896580826 7.5807560778 8.66783780029 9.84918377896 8.92613619754 6.98415406725 6.34310193757 6.3899487718 6.66024745732 8.83529858475 10.8014969263 12.0920708893 10.259266744 9.28664598937 6.72491134461 7.34789519642 8.90857968172 9.20290020193 9.24518282736 8.79471482928 9.08522206941 9.30450879201 8.1328304319 8.04776347621 5.74908640901 5.97463711975 5.2763587291 5.07143442745 4.65823037108 4.36892263993 3.42989768884
-9999 -9999 -9999 -9999 -9999 -9999 -9999 -9999 -9999 -9999 -9999 17.9240205445 17.6967039572 16.2678663898 15.6414994807 15.3816515032 12.7431055663 13.0895784052 12.4428158442 13.2007972631 10.151747882 5.07140741557 11.2049231797 11.3389266811 9.51684806642 9.52068095406 9.96308119276 9.51924738056 8.05305767768 7.08614782827 7.06799284758 9.20928579581 9.25018489021 8.6777192117 7.11572774328 8.55777562744 9.5245022278 8.19727677758 10.3897652959 8.1392610478 7.56166135873 8.12568386411 7.15138510726 6.44841012044 6.48825825415 6.47920630325 7.10136499768 7.19664001186 6.70669614832 6.43848710289 5.24129043319 4.60800744979 3.91815592372 3.84430599136 3.56467007743 3.96046914801 4.4206029851
-9999 -9999 -9999 -9999 -9999 -9999 -9999 -9999 -9999 -9999 -9999 -9999 17.9795409905 17.4793697864 15.9742369615 14.8726845248 13.4408812894 13.6055207147 12.1536472596 12.8327685398 11.8797693727 13.2571351738 10.2377718922 9.25990404039 9.12356281528 9.03046621941 8.12010815935 8.41377638867 7.91147932448 7.26512699436 6.45738974721 6.5131500458 6.09737188334 6.55080677683 6.53320879198 10.8207473128 10.2437217902 8.96436986587 11.3086596315 10.2375210351 7.52879880456 7.0324361209 7.34025685717 6.23133409221 6.41429099977 6.48729590574 6.47314729091 6.7301414066 6.08745201962 6.32454491756 5.42797781745 3.83882137227 4.20514719697 5.37145544296 4.46463525172 4.25817347482 3.74363327948
-9999 -9999 -9999 -9999 -9999 -9999 -9999 -9999 -9999 -9999 -9999 -9999 19.052944993 17.8181693443 15.927094803 15.0849253249 13.2887207646 13.9315093211 13.0838227959 12.6166624723 12.461185332 12.2043852662 11.1336546092 11.4173253284 10.0561869697 10.6039684841 10.7455733664 10.2305494139 9.06782000716 10.1689661093 8.97406517036 9.2856738596 10.1490082362 9.99527211149 10.7240044565 11.369489218 10.1354339407 11.7834672086 13.1022334819 10.6434165497 8.35761933978 6.62777268255 6.05672723373 5.97609401626 5.88337846614 5.82342973391 5.35840232661 5.43499408699 4.93405180873 5.44067673632 5.02243950141 4.72954038711 4.17695127349 4.26260693403 3.77467198398 4.46457034244 3.02991688763
-9999 -9999 -9999 -9999 -9999 -9999 -9999 -9999 -9999 -9999 -9999 -9999 17.4588593525 17.4817116748 16.6051116034 15.8472480811 13.7928807176 13.9062762791 12.7072420841 13.483420592 12.4799084309 12.608655562 11.3021575351 8.63461459768 9.93270679868 11.3082635101 10.7167517188 10.4844134461 9.25893774596 8.61570998531 7.8932078187 7.52180208709 6.77575037582 7.2962149658 10.6702160054 9.87049972767 10.9073641779 12.053765861 10.5946202281 7.14835793228 6.20192760669 5.68407011595 5.65098401516 6.11832278843 5.88303292165 6.00971739238 5.92820913366 5.89655928819 5.71997126062 6.14270061706 5.86563400278 5.76207791912 4.67083391605 4.057857058 3.89955121944 4.10025488638 3.86193873305
