data/recharge/transience/recharge453.asc
ncols                  80
nrows                 72
xllcorner      4374000.0
yllcorner      5656000.0
cellsize            500
NODATA_value       -9999
[rows 0 to 24 of 72, columns 0 to 55 of 80]
-9999 -9999 -9999 -9999 -9999 -9999 -9999 -9999 -9999 -9999 -9999 -9999 10.1889989084 10.7325718925 -9999 -9999 -9999 -9999 -9999 -9999 -9999 -9999 -9999 -9999 -9999 -9999 -9999 -9999 -9999 -9999 -9999 -9999 -9999 -9999 -9999 -9999 -9999 -9999 -9999 -9999 -9999 -9999 -9999 -9999 -9999 -9999 -9999 -9999 -9999 -9999 -9999 -9999 -9999 -9999 -9999 -9999
-9999 -9999 -9999 -9999 -9999 -9999 -9999 -9999 -9999 -9999 -9999 -9999 11.8251207941 9.59955724104 8.34551663987 -9999 8.1307491927 -9999 -9999 -9999 -9999 -9999 -9999 -9999 -9999 -9999 -9999 -9999 -9999 -9999 -9999 -9999 -9999 -9999 -9999 -9999 -9999 -9999 -9999 -9999 -9999 -9999 -9999 -9999 -9999 -9999 -9999 -9999 -9999 -9999 -9999 -9999 -9999 -9999 -9999 -9999
-9999 -9999 -9999 -9999 -9999 -9999 -9999 -9999 -9999 -9999 9.44016982996 8.83986080927 10.2095523387 10.5531203955 7.68627096742 6.77908244186 5.40883399358 5.50478544228 -9999 -9999 -9999 -9999 -9999 -9999 -9999 -9999 -9999 -9999 -9999 -9999 -9999 -9999 -9999 -9999 -9999 -9999 -9999 -9999 -9999 -9999 -9999 -9999 -9999 -9999 -9999 -9999 -9999 -9999 -9999 -9999 -9999 -9999 -9999 -9999 -9999 -9999
-9999 -9999 -9999 -9999 -9999 -9999 -9999 -9999 -9999 8.8423408024 9.29531360573 9.32117871334 8.74963045181 9.18803884163 8.67040172347 8.0049782337 6.50164063198 7.99373068155 -9999 9.31130435908 -9999 -9999 -9999 -9999 6.46820789751 6.89282523978 -9999 -9999 -9999 -9999 -9999 -9999 -9999 -9999 -9999 -9999 -9999 -9999 -9999 -9999 -9999 -9999 -9999 -9999 -9999 -9999 -9999 -9999 -9999 -9999 -9999 -9999 -9999 -9999 -9999 -9999
-9999 -9999 -9999 -9999 -9999 -9999 -9999 -9999 11.8614254622 10.1447316171 8.49813474343 8.61027786725 8.3860347207 7.7601429147 7.75210054327 7.34774989908 6.10900467451 5.56137954186 5.55657966474 7.2445055456 7.08901989678 7.53535830724 -9999 5.86406420964 7.84161949486 7.67389448583 -9999 -9999 -9999 -9999 -9999 -9999 -9999 -9999 -9999 -9999 -9999 -9999 -9999 -9999 -9999 -9999 -9999 -9999 -9999 -9999 -9999 -9999 -9999 -9999 -9999 -9999 -9999 -9999 -9999 -9999
-9999 -9999 -9999 -9999 -9999 -9999 10.7367364157 9.09694980778 8.66065195741 9.09598872233 9.73612068319 10.3753711866 9.32465080736 8.81057117231 7.61113009216 8.23485768998 6.72989169361 6.28235281991 7.36201748312 7.1825746451 6.87211627392 7.314989601 6.78885512567 6.06173836347 6.60773002348 6.31105983867 6.81293828373 -9999 -9999 -9999 -9999 -9999 -9999 -9999 -9999 -9999 -9999 -9999 -9999 -9999 -9999 -9999 -9999 -9999 -9999 -9999 -9999 -9999 -9999 -9999 -9999 -9999 -9999 -9999 -9999 -9999
-9999 -9999 -9999 -9999 -9999 -9999 10.9205278383 9.98556981773 7.88649611818 7.58743911828 7.2999333366 8.03998201346 7.74814397961 6.86557175706 6.52776586174 6.12834861445 5.97186089451 7.2388950115 11.32260234 5.73610082508 6.08090450434 7.10688341935 6.65151737846 6.46772811819 5.71032141817 5.1599441817 6.92070424357 7.86696868286 8.24795670422 7.74840365587 9.28184878656 9.15289785298 -9999 -9999 -9999 -9999 -9999 -9999 -9999 -9999 -9999 -9999 -9999 -9999 -9999 -9999 -9999 -9999 -9999 -9999 -9999 -9999 -9999 -9999 -9999 -9999
-9999 -9999 -9999 -9999 -9999 13.3183850515 11.4979297988 11.4376239634 10.297759529 10.6170086003 9.92170937999 8.97048826841 7.12279580891 7.69999683537 7.36411625874 7.5800562186 7.26869109004 5.04741942257 9.91552394891 5.64472300857 6.11388775809 5.86930078738 6.26638416261 6.49575314426 6.30365698635 6.64967155108 6.67020930778 6.60104557394 7.89881071272 7.6954764882 7.29148045211 7.71708913225 6.77213471096 6.48230266446 -9999 -9999 -9999 -9999 -9999 -9999 -9999 -9999 -9999 -9999 -9999 -9999 -9999 -9999 -9999 -9999 -9999 -9999 -9999 -9999 -9999 -9999
-9999 -9999 -9999 -9999 -9999 13.2203067499 12.0408042545 12.1282600344 10.5784407969 9.81129946469 9.52038213205 10.123670314 7.66445587176 8.40994555017 9.28581094955 9.67185387305 6.38639517069 4.30890532324 8.15744034273 6.32120179154 5.84143285839 6.10220708188 7.05283230948 6.74757482432 6.38011457764 5.42461424246 5.43904907401 4.86131057239 6.30393916594 6.26993560182 8.61118689119 6.96331383471 6.57400200552 6.24403261125 6.20573484017 6.06400281337 -9999 -9999 -9999 -9999 6.11827001963 5.79441797082 -9999 -9999 -9999 -9999 -9999 -9999 -9999 -9999 -9999 -9999 -9999 -9999 -9999 -9999
-9999 -9999 -9999 -9999 -9999 12.2423084792 11.2396860571 11.2573743976 11.1068995564 11.8250040076 10.8560314424 10.3600427188 9.22643241816 10.4523644383 10.1469964705 8.19708337356 6.92112154188 10.330583624 9.87675122095 8.34726685379 6.84527706862 5.8862336795 5.75559266967 5.49502563791 6.22913182766 5.72270257451 5.32036092327 4.49977421373 6.3826176562 6.17250627331 4.80026265695 5.52431439195 6.48033916271 5.92211932097 5.19714999087 6.35548951396 6.16127184422 -9999 -9999 6.23180385381 6.55623944059 6.28587724576 6.57267282632 -9999 -9999 -9999 -9999 -9999 -9999 -9999 -9999 -9999 -9999 -9999 -9999 -9999
-9999 -9999 -9999 -9999 -9999 -9999 13.3478726878 13.8251358686 11.9210566352 11.3098915365 9.95110534348 10.8491593686 13.4998831842 15.7860545308 7.98870446784 7.30502049041 7.34703531618 7.09648287446 6.32748136926 6.38862367692 6.49425139596 6.80515193181 6.33499290135 6.86482451136 6.20082470034 5.53755753573 4.08122893203 4.39677649969 4.84750109175 5.31683028383 5.21097219545 5.74598123404 5.06950032674 5.11940886054 5.29172873853 5.80079205968 5.44521049895 4.44372914162 6.06999183107 5.87980615381 5.68775567685 6.80041563431 4.79942273415 3.81638318989 -9999 -9999 -9999 -9999 5.13982910969 4.51570920287 1.57425107664 -9999 -9999 -9999 -9999 -9999
-9999 -9999 -9999 -9999 -9999 -9999 -9999 12.2898445926 10.8748885973 12.4203538625 12.0950554535 10.9229233748 11.6382277174 9.05750315664 7.4190331679 9.33233872434 9.04884624121 9.04524048837 8.618998515 7.32033164165 6.08189330465 6.12720662229 5.97490686325 6.03718095529 5.66599917074 5.07912565507 4.55457907184 5.01202842294 5.37475755124 5.03600583904 5.07239037969 5.03904312104 5.2753363716 5.11275266183 6.00033019152 5.94735461642 5.73756771721 5.54363956778 5.93011301717 5.91664950578 4.81492807101 4.39333751338 3.37619435511 3.26623263076 2.68233716332 3.13187793052 3.31467252868 2.65143760901 2.4340254819 3.04684154023 3.3211358959 2.73638926507 -9999 -9999 -9999 -9999
-9999 -9999 -9999 -9999 -9999 -9999 -9999 -9999 11.8053189698 9.44311855742 10.596536626 11.7177080722 10.4650097978 11.3230844916 10.6331102416 9.84433995598 7.73495973786 7.77293169332 6.50253066739 7.26452001001 8.94958909847 8.59560985163 4.78370312811 4.10258138408 3.85433186477 3.86578748853 3.33919208255 4.89632347904 4.17119866493 3.26961977102 4.06491452738 4.05263063645 4.3145795916 3.93537671603 4.60227149922 4.86882272297 5.34286145939 5.59895452966 5.19641398554 5.12966824071 4.52772161445 3.57953578455 2.76211878944 2.44510495689 2.28994919257 2.02837511448 2.26203094903 1.92652180214 1.67562761519 2.280356917 2.50258075102 2.71826926118 2.30782128368 -9999 -9999 -9999
-9999 -9999 -9999 -9999 -9999 -9999 -9999 -9999 12.0779350924 10.5955435953 9.86729220771 9.93157441726 9.58272384605 9.51572790126 8.37814020473 8.19489744171 7.36037547292 7.86365167273 7.27322043206 7.82505288627 8.36751877729 8.40638096013 6.17175416028 7.3036851137 5.39624046047 3.35947305929 4.3141993501 4.12887401759 4.11062423631 3.27089067118 3.30202203924 3.72916391241 3.39606692193 3.7196534033 4.89420146233 4.19538526232 5.73667457399 5.3878720058 5.18439920908 5.08171507926 4.91943217785 3.52213743967 2.50233123787 2.4960627503 2.03656572679 2.00675493332 2.22354836395 1.99315390916 1.86043916596 2.85071284872 2.61144065511 2.62799870541 2.76922239113 3.45613080352 2.78418030091 3.00128285741
-9999 -9999 -9999 -9999 -9999 -9999 -9999 -9999 -9999 13.2410095533 11.5157117526 9.39948193107 9.56800244064 9.47892183947 8.67958294488 8.75068780522 9.69372365479 10.3219305255 10.5667355794 10.6614277734 9.87063121947 8.00869075928 6.66077444643 11.0254832315 7.78527125083 6.31784582436 3.68672149664 2.92143281918 1.92783475968 4.14351361794 3.75291179475 3.85038135936 3.6691613784 2.90460899839 3.76030764128 4.01509514107 4.95537598412 4.65062338637 4.39807483161 4.45334647459 4.27378240536 4.05414777471 2.05966031158 2.89405220061 2.00328443067 1.60261847664 1.33934781992 1.37203411636 1.93239739376 2.0611503594 2.02740921848 1.93963040849 2.26766994665 2.87423044115 2.95428604229 1.5954537117
-9999 -9999 -9999 -9999 -9999 -9999 -9999 -9999 -9999 -9999 10.0624255961 10.0456129113 9.29909984432 9.29248605318 8.03562763795 7.38347102292 7.47367537226 9.43110392852 8.25311909013 6.8627821835 6.45670352302 6.1617006953 5.13591593779 4.60336082446 4.8942666804 6.36459066389 4.97345121307 3.67413686662 2.13021468277 2.21885749667 4.01078033586 4.03523280486 4.42272550434 3.62861822074 4.72638281772 4.48770339575 4.81944839139 4.65544658386 4.43817620748 4.46838918382 4.51671613385 4.3035876797 3.06871410944 2.51148451432 3.38446505656 3.13158666865 2.36389990618 1.64690269217 2.41029334317 2.38230750952 2.4097115128 2.2980224459 1.93638928396 2.61824863354 2.49950463739 1.50180948766
-9999 -9999 -9999 -9999 -9999 -9999 -9999 -9999 -9999 -9999 -9999 7.47784113887 8.52364653253 10.0270766686 7.83517275912 7.12782735991 7.26651323912 7.15126726056 6.11960319634 6.84452033327 7.64202990931 7.33442518742 5.4470677484 4.14941999533 2.98755271361 1.84544448064 3.11431658922 5.50254452705 5.17332036267 3.56077478118 2.66051286536 3.05982174687 3.31597149473 3.52485068223 3.5340549044 3.0646547497 4.03841305403 4.00483237138 4.17414999343 4.17057788176 4.16053877313 3.63140937337 3.7445949318 2.73192732991 2.09413127494 1.61797477221 1.90564720287 2.48782674083 2.14055292296 2.42168159978 1.97850003239 2.64210315404 2.71365623739 2.49745347788 2.0688851033 2.04441275579
-9999 -9999 -9999 -9999 -9999 -9999 -9999 -9999 -9999 -9999 -9999 6.44665096865 8.03599632131 7.70301890155 8.07940252523 7.53473537929 6.11005400946 5.76955872632 7.0151724113 7.11354389218 6.98297941467 7.84794437126 5.43464553606 4.69997241322 4.7595813035 5.73239055432 3.39231916794 3.75101283465 2.97905566997 3.76081095951 4.20549680913 3.5349010643 1.14490989755 1.56830420643 1.68218255764 3.02527381496 4.0197437868 4.10008070753 4.04742710252 3.87161936477 5.19179763816 4.26063145919 3.37304559779 3.51504116982 2.97232617975 2.58793047002 3.44345746927 4.20111352456 3.55906655465 2.23345491307 2.24656821102 2.16432866497 1.49379099882 2.68999082276 2.65133889394 2.33149323719
-9999 -9999 -9999 -9999 -9999 -9999 -9999 -9999 -9999 -9999 -9999 11.1719182071 9.88554328504 9.29429956581 7.04929533906 7.2169504818 5.73679170495 4.60015367096 5.16123114514 5.71778860454 5.97809530582 6.12164595499 4.98163260937 3.84590872699 3.96545456187 4.20027081516 4.01440976905 3.91671301303 3.91317119612 2.73853032609 2.02412845 3.64559325277 4.97372150888 4.91547074794 1.92708447029 0.963850495943 1.17884926468 0.733392104492 2.92496510062 2.61192528707 3.13002424876 3.64570202098 4.10222517317 4.66136327458 5.22713836106 5.66826580666 3.10670006124 2.70270111101 2.53997597955 2.47838098698 1.72728793725 2.04884962599 2.13956371273 2.69097664334 3.00559243235 2.29630072288
-9999 -9999 -9999 -9999 -9999 -9999 -9999 -9999 -9999 -9999 -9999 -9999 8.04083778623 9.01380456442 8.30626971092 7.46220558737 6.36298189487 5.56123362844 4.74969732804 6.12897536639 6.18058786053 5.8130457274 5.50513382021 5.31721999777 4.47081395896 4.58551549638 4.10045076706 4.26497309394 3.99807300063 3.78304910174 3.72334160369 3.93108529643 2.72818048292 1.76126032348 2.57465163969 1.80734846935 2.16171228389 0.795736575398 0.978942861326 3.76607893709 4.21825378653 3.65126323363 5.09517315465 5.86034207403 6.12256274706 6.05789930061 3.59979334036 2.75031525179 1.89360515317 2.2027875127 1.64013595646 1.23691445219 0.950470119793 0.973165628645 0.905812449567 1.44329203642
-9999 -9999 -9999 -9999 -9999 -9999 -9999 -9999 -9999 -9999 -9999 9.73595057932 9.56626993051 10.0999193449 9.79954400544 7.61969055745 8.1099349155 6.59868471308 5.21644779508 5.95193453937 4.93023608905 4.836127681 4.27989971156 4.4058333195 4.33929780739 4.25858796645 3.41725200886 3.5469747174 3.57885838688 3.4362993233 3.10846127082 3.25349335979 2.98434347675 2.94434375123 3.15980278973 1.25944619981 1.34643024983 0.38451893074 0.273855227824 2.49311688252 3.50204102326 2.91701599344 5.47492733769 6.18883095467 7.32180456835 7.25715578984 5.75261794306 4.13541731758 2.53153560227 2.53318441182 1.50605776409 0.822545016607 0.673071976335 0.682084374411 0.5960282148 0.698897629815
-9999 -9999 -9999 -9999 -9999 -9999 -9999 -9999 -9999 -9999 -9999 10.1985409527 11.9458863002 11.3353396655 8.67267104337 6.5340443899 7.28680855465 6.99941031432 5.97061124686 6.03807970461 6.8210635072 7.2314665953 4.39450734415 4.74451651567 4.59308029203 4.55907578543 2.69218516455 4.61790887413 3.78498224508 5.12809970381 4.44132535798 3.33638542931 2.92108212127 2.94734608382 3.06101482318 0.951641528539 0.579595706883 1.27851545627 0.448894952893 1.39123764984 2.95731539556 2.96384986269 4.03945717852 4.53133749653 4.59456135571 4.26258676991 4.6236609675 4.70932272329 3.48930057647 3.16367551788 1.37378879177 1.48154000286 1.17711393352 1.07373022969 0.948906707866 0.837693433126
-9999 -9999 -9999 -9999 -9999 -9999 -9999 -9999 -9999 -9999 -9999 12.9086406963 12.9384111536 11.0050862049 10.7022501017 10.4049211463 7.16817359892 7.44711596445 6.91566200148 7.40830947705 4.48798840928 3.83601480727 6.55564349413 5.23717198696 3.59710405145 3.58506967794 3.98031364834 3.70342926704 3.06419047043 2.85669257956 2.84294964562 4.33736848557 4.29741095708 3.95767422875 3.04445426873 0.581926416641 0.18202308034 0.0960966935303 0.322809453784 0.613334574361 3.30651601762 3.73089409646 3.08941327153 2.40355023017 2.45487976727 2.46193180325 3.15936695626 3.29689300643 3.04588767043 2.91179286326 1.50729817135 0.648457139878 0.455253148665 0.695982644628 0.660756563559 0.74116799891
-9999 -9999 -9999 -9999 -9999 -9999 -9999 -9999 -9999 -9999 -9999 -9999 13.3827720921 12.5969078122 10.4006310674 9.64297128805 7.95849618519 8.14568747559 6.78368722872 7.31448813685 6.41686200623 7.42924737512 4.17377315123 3.36419537983 3.24709818302 3.17460952693 2.52892073658 2.72729237482 2.39797615274 2.01724788286 1.57766972111 2.20259969823 2.59568860931 2.83295064982 2.75556718899 0.501561124979 0.263794807936 0.142112088868 0.52347003154 1.14097027526 3.30177183823 3.10480346076 3.29516776585 2.46748279985 2.52726755353 2.51180418862 2.6477517059 3.03882676287 2.70320568799 2.92651385619 2.40962635717 0.994043137656 0.976444470062 1.34659097281 0.798517465982 0.873992109454
-9999 -9999 -9999 -9999 -9999 -9999 -9999 -9999 -9999 -9999 -9999 -9999 15.3159534228 12.9816597884 11.14569137 9.79435269319 7.68624315403 8.40308090723 7.47829109047 6.90191433779 6.69778591926 6.35499341343 4.79506331438 5.3280040793 3.85651988435 4.97132872632 4.91212836283 3.95032532058 2.93768506856 3.96154210633 2.87869957336 3.1391361077 4.32714365849 4.50626112978 1.3847023378 0.438467023687 0.315685986254 0.548366008288 1.23228570016 1.12117062657 3.08833289148 2.74737051359 2.49201162277 2.45383566742 2.48374170294 2.38180281342 2.11943349135 2.12556165498 1.91634439112 2.25914369649 2.06603252409 1.84551441322 1.38080449778 0.426764105143 0.289391674147 0.407108023352
