data/recharge/transience/recharge183.asc
ncols                  80
nrows                 72
xllcorner      4374000.0
yllcorner      5656000.0
cellsize            500
NODATA_value       -9999
[rows 0 to 25 of 72, columns 0 to 56 of 80]
-9999 -9999 -9999 -9999 -9999 -9999 -9999 -9999 -9999 -9999 -9999 -9999 47.0486131034 48.4501079171 -9999 -9999 -9999 -9999 -9999 -9999 -9999 -9999 -9999 -9999 -9999 -9999 -9999 -9999 -9999 -9999 -9999 -9999 -9999 -9999 -9999 -9999 -9999 -9999 -9999 -9999 -9999 -9999 -9999 -9999 -9999 -9999 -9999 -9999 -9999 -9999 -9999 -9999 -9999 -9999 -9999 -9999 -9999
-9999 -9999 -9999 -9999 -9999 -9999 -9999 -9999 -9999 -9999 -9999 -9999 41.548949953 39.4435465557 37.7815263738 -9999 36.029978167 -9999 -9999 -9999 -9999 -9999 -9999 -9999 -9999 -9999 -9999 -9999 -9999 -9999 -9999 -9999 -9999 -9999 -9999 -9999 -9999 -9999 -9999 -9999 -9999 -9999 -9999 -9999 -9999 -9999 -9999 -9999 -9999 -9999 -9999 -9999 -9999 -9999 -9999 -9999 -9999
-9999 -9999 -9999 -9999 -9999 -9999 -9999 -9999 -9999 -9999 39.3862764803 37.4683347138 39.0492892527 37.9291118374 34.2259490636 36.3132457835 39.3188671512 43.431676076 -9999 -9999 -9999 -9999 -9999 -9999 -9999 -9999 -9999 -9999 -9999 -9999 -9999 -9999 -9999 -9999 -9999 -9999 -9999 -9999 -9999 -9999 -9999 -9999 -9999 -9999 -9999 -9999 -9999 -9999 -9999 -9999 -9999 -9999 -9999 -9999 -9999 -9999 -9999
-9999 -9999 -9999 -9999 -9999 -9999 -9999 -9999 -9999 38.9364533188 38.1992786808 38.2102020423 37.1500209067 37.4847206727 35.4113825017 35.2720434237 41.0238706437 35.3854441289 -9999 37.1218303053 -9999 -9999 -9999 -9999 51.5091227061 54.1513907497 -9999 -9999 -9999 -9999 -9999 -9999 -9999 -9999 -9999 -9999 -9999 -9999 -9999 -9999 -9999 -9999 -9999 -9999 -9999 -9999 -9999 -9999 -9999 -9999 -9999 -9999 -9999 -9999 -9999 -9999 -9999
-9999 -9999 -9999 -9999 -9999 -9999 -9999 -9999 39.3539004172 38.2834890511 35.283374603 35.9867173063 34.8704278814 34.5698017924 33.8590749472 33.9008517909 32.8877955552 33.0510912025 35.9327483515 34.7610680757 34.280528674 34.6900919129 -9999 44.1114069732 50.0656872657 52.6496811971 -9999 -9999 -9999 -9999 -9999 -9999 -9999 -9999 -9999 -9999 -9999 -9999 -9999 -9999 -9999 -9999 -9999 -9999 -9999 -9999 -9999 -9999 -9999 -9999 -9999 -9999 -9999 -9999 -9999 -9999 -9999
-9999 -9999 -9999 -9999 -9999 -9999 46.0449091827 42.0785818687 37.529906171 37.6868121094 35.9940224201 36.6735763327 35.387901698 35.236424568 33.9183933344 34.2734807428 33.4681169269 32.843318222 34.5566459952 34.3799287354 34.0081168992 34.2802977445 36.9507757425 43.7445540077 50.0380297694 51.4707263763 54.9558040562 -9999 -9999 -9999 -9999 -9999 -9999 -9999 -9999 -9999 -9999 -9999 -9999 -9999 -9999 -9999 -9999 -9999 -9999 -9999 -9999 -9999 -9999 -9999 -9999 -9999 -9999 -9999 -9999 -9999 -9999
-9999 -9999 -9999 -9999 -9999 -9999 42.8896192017 40.5116938343 35.161371182 34.8147150711 34.2152564024 34.9913420385 33.6905077333 32.7446152715 31.8340740503 31.7267751168 32.0968294713 26.5304498906 32.500483286 31.4981977986 32.2940625832 33.1545215365 34.0592648442 34.2025191148 44.4832951916 43.7216557387 49.3154423679 39.0669441804 42.4128555576 42.4422693207 41.8624004671 42.4359794705 -9999 -9999 -9999 -9999 -9999 -9999 -9999 -9999 -9999 -9999 -9999 -9999 -9999 -9999 -9999 -9999 -9999 -9999 -9999 -9999 -9999 -9999 -9999 -9999 -9999
-9999 -9999 -9999 -9999 -9999 46.5491175839 42.5301978716 41.3769328062 36.9338571899 36.5821948174 35.3150914384 34.8762678032 33.2418170681 32.7803940562 32.6392796164 32.8192803677 25.7893064232 13.7434303324 26.3496520302 31.7110002633 32.4062205934 32.2637322595 33.6761463691 33.8072520823 39.760633093 41.5297475206 50.8318565328 40.4211697023 41.3391572129 41.4895756029 40.9190956132 41.7611211462 41.1599683878 41.3042413704 -9999 -9999 -9999 -9999 -9999 -9999 -9999 -9999 -9999 -9999 -9999 -9999 -9999 -9999 -9999 -9999 -9999 -9999 -9999 -9999 -9999 -9999 -9999
-9999 -9999 -9999 -9999 -9999 47.7875180181 42.2754388685 42.5359143341 37.3683458292 37.0538398623 35.3596323575 35.5667644363 24.8016359353 20.2377209101 34.0343134005 33.6468476498 27.0155020947 10.8619802934 20.5217710369 26.2956688072 31.5804029734 31.1867748942 33.1742765858 33.1019015481 33.7555316638 33.0652391423 43.632998551 39.6974273933 35.4466273819 34.1823205167 33.4667232414 35.1898866331 37.5599196859 37.6879111641 37.8477667501 38.8299510701 -9999 -9999 -9999 -9999 41.8329768532 37.7434707198 -9999 -9999 -9999 -9999 -9999 -9999 -9999 -9999 -9999 -9999 -9999 -9999 -9999 -9999 -9999
-9999 -9999 -9999 -9999 -9999 47.4389224017 42.9696830455 41.76390323 37.3812420521 37.9433858178 36.0552967907 35.8821452137 34.2254429907 33.8774857053 34.5224679645 33.2609668533 30.6984276406 32.5652466949 32.4714850212 32.3440873652 32.2389056525 30.8421544955 32.352760897 32.204334425 33.6659564614 33.5360923991 41.5184891322 42.8371002718 35.6947298064 32.8423771216 22.7986843659 29.88274997 37.1283202294 37.2448934398 40.1587436294 38.3302642051 38.3356572865 -9999 -9999 40.8364554791 38.2992401369 38.5400898434 37.1001673178 -9999 -9999 -9999 -9999 -9999 -9999 -9999 -9999 -9999 -9999 -9999 -9999 -9999 -9999
-9999 -9999 -9999 -9999 -9999 -9999 45.982371094 44.4045268468 41.7995470705 42.2622564706 37.0918730236 37.2119022183 36.3379968808 38.8198985125 33.5874904385 33.3398298353 32.2344680599 32.1981775772 31.6354522235 31.6643567201 31.3353927016 31.3449154117 31.5673906649 32.198964146 32.6153023927 32.2278498177 31.730643342 34.6798937373 33.2422889105 33.3958941539 31.5713416003 33.6024534205 33.8404780306 34.3644901143 35.2787847218 34.8580743036 36.5595111638 46.4555144662 36.6517196289 36.3528650246 35.8209032778 36.5695643807 37.0160830199 45.9230501768 -9999 -9999 -9999 -9999 48.8636900607 48.0856023552 8.93065758094 -9999 -9999 -9999 -9999 -9999 -9999
-9999 -9999 -9999 -9999 -9999 -9999 -9999 45.975877478 41.7787869404 41.7347563091 37.731528816 37.8147351309 35.3872513544 33.892992017 32.4622236511 33.6017391613 33.2629557709 33.3673957852 32.6213996163 31.8890916301 30.9374905159 30.8126580615 31.3476603921 31.6887665049 32.4204600111 31.8251973029 32.4953479113 32.3926817586 33.5504505376 33.2640162532 33.2085938262 33.1295154642 34.0142675201 33.9460589968 34.9553262658 35.1383646561 40.6110060809 38.8648545355 36.8765775471 36.573770273 34.8287914531 36.9626530807 50.0377324723 49.7983923268 45.5897997828 38.1868752328 49.9510483252 49.1685932502 47.6984883605 46.8543139983 30.5874483761 26.0061036123 -9999 -9999 -9999 -9999 -9999
-9999 -9999 -9999 -9999 -9999 -9999 -9999 -9999 41.7956507982 41.7964142237 39.512462321 39.6216206993 35.7292893479 36.2515760186 35.9064702268 35.5158542285 33.2375944944 33.4730946632 31.9337046208 32.0573606087 33.3868737939 33.2471011103 38.519336751 44.0793535339 43.3999554214 44.1978003705 35.3511166169 30.6428950046 30.640958278 29.4082512496 30.5943259364 30.3591663417 31.4127462655 31.0995120041 32.4970649677 32.9548270861 33.5657769191 33.7910779512 33.9858039274 34.1539837922 41.6041153071 45.7319114917 37.2976476094 36.6529032121 32.944021477 32.340409494 38.7330428141 38.0253495124 35.4157028979 38.233501094 33.0587750041 29.6630051762 26.5688800616 -9999 -9999 -9999 -9999
-9999 -9999 -9999 -9999 -9999 -9999 -9999 -9999 42.3822385333 42.2430778008 39.1354797273 39.354785253 35.7491612837 35.7691231903 34.9364135181 34.6268457226 32.8726004605 33.2924913504 32.1149774546 32.3245400751 33.2890507609 33.2163003849 42.626407809 47.3190139885 44.5174724226 42.4464805526 45.9216843778 36.0954052796 30.4859071221 29.843281824 29.817594232 30.0495300065 30.6045900447 30.8495725029 32.6659643353 14.6022389135 33.9559907044 33.6537332197 33.809493808 33.7876534475 33.3520802753 33.5009306407 37.1556155963 36.7195498637 32.5808977605 32.4609068919 38.6452852025 38.1308713786 36.6414671376 36.9372540161 32.7336041662 32.8078387492 27.428386518 28.3535342858 25.614336023 25.9300825308 -9999
-9999 -9999 -9999 -9999 -9999 -9999 -9999 -9999 -9999 41.7918186355 38.8549325777 38.9007575921 35.8076449605 35.4139180154 34.0205231386 33.9256358822 33.9638528914 33.9664968767 34.3344792031 34.4488529523 35.0219313334 34.0385435972 37.0868637153 58.5625365911 48.5254012454 49.4798831434 41.3856589919 40.0166880707 33.8207262207 28.9826036734 28.6829800814 28.6203409122 28.8773565815 27.9013860799 29.2653729176 26.0159913061 32.1551551619 31.9640900907 31.7685294239 31.7404502767 31.2980773342 30.9605341969 28.9005364755 29.9823751736 25.1983463281 24.1341355465 21.9451008411 22.3061894383 25.843067272 25.9277687944 25.4920527891 25.3421247566 23.8514163137 24.9525928049 24.4923190345 20.6514359855 16.9178484471
-9999 -9999 -9999 -9999 -9999 -9999 -9999 -9999 -9999 -9999 37.7545062087 38.3560702127 35.7813652828 35.6535428823 33.6869302749 33.2654434045 34.0160186893 34.6893433867 34.6766563417 34.8334482811 33.5774699069 36.0013512969 31.5940048587 42.3805025717 46.3260256861 52.6040966659 51.3449590373 41.0533413713 37.3305128341 35.9887711391 28.8806305458 28.8570668345 29.5729390096 28.5486184514 30.9159235925 30.7955242952 31.9910694674 31.9370755683 31.816919066 31.8440612941 31.4500536292 31.2466936221 28.1318412655 24.9246693418 25.5968493925 26.752763369 23.558004701 23.4279997069 26.2123906822 26.3230356153 26.3877375089 25.9413559164 23.4468616518 24.3827302087 23.6180655945 19.8686675617 16.8507260964
-9999 -9999 -9999 -9999 -9999 -9999 -9999 -9999 -9999 -9999 -9999 19.8347844402 23.9200527255 34.8007217205 33.2562579145 32.7482390807 43.8053993387 44.1601899614 33.8709951967 33.8216262772 33.3821344545 33.3716566578 31.414320124 31.3332978626 34.7120684142 47.0627929664 51.2924187397 47.1636748127 39.7964912792 26.1215478044 31.7302120933 27.297972937 25.5954921147 25.8823733277 27.5124188558 27.0589068632 29.2211820225 29.1592992275 29.8299028634 29.8835316992 28.6234133686 27.3947456774 27.4876372596 25.9364642192 22.1772489058 22.0628683729 20.768979143 21.8543375153 21.4646579338 23.6502113621 23.3927084202 24.3970172529 22.0296673385 21.5524359587 19.9945410674 19.9728856261 16.3198232909
-9999 -9999 -9999 -9999 -9999 -9999 -9999 -9999 -9999 -9999 -9999 18.2973336162 25.6259866798 34.2631560666 33.6129123833 33.5479835529 42.0808915354 35.4661314527 33.1913341888 33.2075515225 33.0941729729 33.5976699425 31.0632881418 32.0994243705 30.1738074859 31.0828543076 36.3679405526 41.4277609021 36.5478414587 34.443626383 35.1522711105 34.1681606671 35.8862451895 32.7589624295 34.631602511 29.3782201309 29.108873554 29.333233721 29.5960047078 29.1353233722 26.6891767001 27.8853678184 26.4378500617 26.972123758 26.211823848 23.5177098652 23.5023740653 24.026178041 22.3536177765 20.8274143888 20.4796365233 20.1243589925 17.481053652 21.8596995752 21.1812169432 20.6028156294 19.8800219597
-9999 -9999 -9999 -9999 -9999 -9999 -9999 -9999 -9999 -9999 -9999 39.1079059276 34.5147453499 34.3235796673 32.3056767725 32.430846832 33.6098669782 30.1612379232 30.1756704977 30.8537470576 31.4099779741 31.5091479908 30.0019223657 28.9078561486 28.0713028443 28.3553872758 27.9822968848 27.8265881578 27.4898309061 30.8794934728 33.3223110391 36.4963170132 40.4554911232 40.065180571 31.4576878907 28.0967279412 30.6761363176 29.8272912738 27.3363033031 19.776032492 15.9030215319 26.0862990477 25.8310173516 26.5729522188 28.3493358057 29.0928624142 23.2735748712 22.6736451182 21.1185699208 21.0886680827 21.1336594313 21.8683320609 21.6525341064 21.9718575195 22.0091861978 18.1654066945 16.2828977233
-9999 -9999 -9999 -9999 -9999 -9999 -9999 -9999 -9999 -9999 -9999 -9999 34.3470985336 34.1432173046 32.9763781439 32.3387442986 31.279924897 33.5508515959 29.6611812416 31.06535539 31.6852421649 31.3234046112 30.3545513907 30.2011900999 28.6099500288 28.7709314342 28.1280015987 28.3172525685 27.8185934343 27.5357430915 27.5948791895 27.8331250481 29.9227121888 33.9721583368 33.0676473048 17.3008253813 31.8897579195 29.3398128409 31.274924438 26.4513195496 27.3966401243 25.3620098492 26.9633182014 27.7645345327 28.3406439363 28.8569041433 25.6088154845 22.7408508021 19.8885465549 20.5786906091 20.6720623059 19.8441154731 18.9361577401 18.5115608866 14.4020481681 15.5277642012 8.16111893805
-9999 -9999 -9999 -9999 -9999 -9999 -9999 -9999 -9999 -9999 -9999 35.8741944016 35.0255554679 34.6523380286 32.9379101148 19.3594554551 26.4160571705 30.6975355555 28.7438603288 29.5535555525 28.8476669859 28.7602717595 27.4862366582 27.6753918869 26.859886289 26.7721846208 26.1559608617 25.8030907132 25.9608067351 25.7184233822 25.0140023188 25.2391972032 24.7448109557 24.6553885151 25.040200035 31.0750742695 28.9692082533 24.4129251325 22.7396954471 24.2017112888 24.8509590135 22.7467998062 30.5179135074 30.8430790793 31.9606119676 31.770495231 30.504918943 26.5425127586 20.8974037159 20.7090957525 17.7275804009 16.2978569748 14.6288486423 14.6749846659 13.6163139128 14.1288789624 14.8110214717
-9999 -9999 -9999 -9999 -9999 -9999 -9999 -9999 -9999 -9999 -9999 36.3065887704 35.7247922341 35.162208895 33.2461613691 24.7619150009 30.0368553271 30.7718776189 29.745852904 29.9038376108 25.2739295964 26.6919677974 28.0118358342 27.9948613005 27.1227666238 27.0523203767 17.0453358262 18.9444924062 25.385300817 27.6363297424 26.7144266965 25.3642578212 24.6157215077 24.658335767 24.8811053248 28.3146426494 25.6382941416 27.9244589485 26.4326858899 26.6403875239 23.3922867465 22.796404463 28.0734901108 29.3161025459 29.9688010495 29.5382319172 28.4559453214 28.5195196529 24.1121294844 23.2507551423 18.6732392725 18.8019200962 16.9905749097 16.6078899265 15.5540081036 15.0359817032 11.8776251166
-9999 -9999 -9999 -9999 -9999 -9999 -9999 -9999 -9999 -9999 -9999 37.5243490846 38.9732541596 36.9569026096 34.0757345143 33.8420279504 30.805694501 31.3185974008 29.7903121308 30.7378849764 24.0143115592 10.7681137241 22.7616434356 25.9813009256 22.093662518 22.1254518575 23.587492827 24.6658147054 24.1134520373 24.3110663965 24.0296537284 26.2951282521 25.6918774215 25.3015096083 23.3045651596 23.9689142207 21.127615697 18.2852137436 22.3845956142 22.809439551 23.7088432153 24.7979700904 25.6959895191 24.5635074019 25.6480499684 25.861296781 25.7050742573 25.7988639525 24.0914963045 24.0970929631 18.4927931609 15.3815287653 12.482834696 12.2789781831 11.5510508136 11.8163968786 12.9849351453
-9999 -9999 -9999 -9999 -9999 -9999 -9999 -9999 -9999 -9999 -9999 -9999 39.6560965205 38.4576982412 34.4545665515 33.6079229741 31.4132307386 31.8646050146 29.984034756 30.3609455116 29.0516837929 30.2229213556 25.1009877001 22.5857295927 21.7192920527 21.6190662295 20.4280652087 20.7355057712 20.1185067778 19.4135042892 18.1301443172 22.1812004464 23.2587009206 23.7135925921 22.8180277724 25.2117620305 22.5289501399 19.9778016382 24.0152652547 25.9058567097 24.332667122 24.1326774407 25.8466662149 25.1005702327 26.6349613504 26.4744513221 25.1018791292 25.2751454785 23.1619971697 24.2728566638 21.6993109731 11.7673354535 12.4556296607 16.5243612569 12.7377443679 12.7636535822 12.2373555358
-9999 -9999 -9999 -9999 -9999 -9999 -9999 -9999 -9999 -9999 -9999 -9999 44.7838293666 42.8520295429 36.6951253102 46.6490909832 40.6126162471 34.4422079273 31.1655626321 30.7847345477 30.2314286423 30.099722955 27.2527267854 24.6881443431 22.9688809243 23.5035674815 23.4474013119 22.8424939802 21.1268605103 22.3367604376 20.4552564222 20.9950756531 25.3096040768 25.8819697539 27.3500524024 24.2501314239 21.8140085679 24.3039897121 27.4101186774 25.0427447689 22.9792414851 22.9071810051 22.1651816979 22.0687102407 21.9453978192 21.6473508 20.547605537 20.2031574293 19.2094453237 20.9996523201 19.5273619114 17.7221928156 17.1158084841 11.6174505566 9.40573247024 10.882960621 8.37671194
-9999 -9999 -9999 -9999 -9999 -9999 -9999 -9999 -9999 -9999 -9999 -9999 43.0610243644 42.9108736601 37.6926605237 43.9159924114 33.200098219 33.0185955693 30.9309533237 31.9189454556 30.1335554448 30.1151521974 28.7126118357 19.2002727473 20.0753897377 23.3220032845 25.1465403616 23.1603566845 21.3208558107 20.6385774852 19.2180372753 18.7770473613 21.4791367154 25.2716429825 23.4893812036 23.350036699 25.2960472409 24.753261001 23.2481271266 16.4161383413 14.8371673486 16.931185645 20.9614419154 22.2672003927 22.106220003 22.2149586091 22.2879028331 22.2751684122 21.3282703295 21.7827408869 20.3059864003 17.2145808838 11.550571286 10.1307521625 9.8035397224 10.0828728533 9.51472144217
