data/recharge/transience/recharge313.asc
ncols                  80
nrows                 72
xllcorner      4374000.0
yllcorner      5656000.0
cellsize            500
NODATA_value       -9999
[rows 0 to 24 of 72, columns 0 to 56 of 80]
-9999 -9999 -9999 -9999 -9999 -9999 -9999 -9999 -9999 -9999 -9999 -9999 26.4494559407 27.3534056834 -9999 -9999 -9999 -9999 -9999 -9999 -9999 -9999 -9999 -9999 -9999 -9999 -9999 -9999 -9999 -9999 -9999 -9999 -9999 -9999 -9999 -9999 -9999 -9999 -9999 -9999 -9999 -9999 -9999 -9999 -9999 -9999 -9999 -9999 -9999 -9999 -9999 -9999 -9999 -9999 -9999 -9999 -9999
-9999 -9999 -9999 -9999 -9999 -9999 -9999 -9999 -9999 -9999 -9999 -9999 24.0349267956 22.7729807632 23.0731652984 -9999 24.8590046128 -9999 -9999 -9999 -9999 -9999 -9999 -9999 -9999 -9999 -9999 -9999 -9999 -9999 -9999 -9999 -9999 -9999 -9999 -9999 -9999 -9999 -9999 -9999 -9999 -9999 -9999 -9999 -9999 -9999 -9999 -9999 -9999 -9999 -9999 -9999 -9999 -9999 -9999 -9999 -9999
-9999 -9999 -9999 -9999 -9999 -9999 -9999 -9999 -9999 -9999 24.9584867203 24.4472484393 24.7847521099 23.0492138016 22.2593998336 23.9105813293 24.6536312079 25.7222061871 -9999 -9999 -9999 -9999 -9999 -9999 -9999 -9999 -9999 -9999 -9999 -9999 -9999 -9999 -9999 -9999 -9999 -9999 -9999 -9999 -9999 -9999 -9999 -9999 -9999 -9999 -9999 -9999 -9999 -9999 -9999 -9999 -9999 -9999 -9999 -9999 -9999 -9999 -9999
-9999 -9999 -9999 -9999 -9999 -9999 -9999 -9999 -9999 24.4444840813 24.1089082963 23.4318903376 22.9298823162 23.2619519158 22.2761151628 23.2609809382 24.3610730944 25.6691717793 -9999 24.8764652568 -9999 -9999 -9999 -9999 24.7862191094 25.62965838 -9999 -9999 -9999 -9999 -9999 -9999 -9999 -9999 -9999 -9999 -9999 -9999 -9999 -9999 -9999 -9999 -9999 -9999 -9999 -9999 -9999 -9999 -9999 -9999 -9999 -9999 -9999 -9999 -9999 -9999 -9999
-9999 -9999 -9999 -9999 -9999 -9999 -9999 -9999 25.3474458632 24.6681199711 23.8421608286 23.7244163111 22.1450413189 22.066271838 21.4405591044 22.1636426516 23.4250147213 23.3694950184 24.3073693968 22.5118023778 21.7977262436 22.4155411117 -9999 25.3719992801 24.066448822 25.0639573781 -9999 -9999 -9999 -9999 -9999 -9999 -9999 -9999 -9999 -9999 -9999 -9999 -9999 -9999 -9999 -9999 -9999 -9999 -9999 -9999 -9999 -9999 -9999 -9999 -9999 -9999 -9999 -9999 -9999 -9999 -9999
-9999 -9999 -9999 -9999 -9999 -9999 25.0708811893 24.483182518 24.4064100883 24.3804040695 24.4431482636 23.8203365291 22.5555934164 22.6955273848 21.8280046145 21.9912690204 23.039000678 22.1872729168 21.8263831691 21.5013577833 21.2770656443 21.4845862863 25.0044888034 24.8314221605 23.8616641844 24.4893279117 24.3562406539 -9999 -9999 -9999 -9999 -9999 -9999 -9999 -9999 -9999 -9999 -9999 -9999 -9999 -9999 -9999 -9999 -9999 -9999 -9999 -9999 -9999 -9999 -9999 -9999 -9999 -9999 -9999 -9999 -9999 -9999
-9999 -9999 -9999 -9999 -9999 -9999 24.1784228263 23.8449200957 23.7733441384 23.432050526 22.9426043556 22.851346577 21.6711274477 21.9120740831 21.0224196161 20.6474938453 21.1530830627 17.124448585 20.320172291 20.6059053874 20.6717885877 21.6683901913 21.9772857007 23.1983941053 24.5949472471 24.1813691447 23.8009299827 24.5906108709 24.1857574542 24.3367604768 24.4555903687 25.1071329172 -9999 -9999 -9999 -9999 -9999 -9999 -9999 -9999 -9999 -9999 -9999 -9999 -9999 -9999 -9999 -9999 -9999 -9999 -9999 -9999 -9999 -9999 -9999 -9999 -9999
-9999 -9999 -9999 -9999 -9999 23.6965954504 24.0011244712 23.5399645354 23.8889931977 24.0566768257 23.3220732548 22.5310506023 21.3909749455 21.7444204633 21.602641106 21.6072021282 17.1928479056 9.1531765135 16.3805035264 20.863631344 20.9643920665 20.9321186586 21.3782345815 21.4414754383 24.4369213158 25.0061438432 23.4583812079 24.0322323287 23.2233378465 23.4193174035 24.0100689529 24.8011003015 24.9256806014 25.1913511135 -9999 -9999 -9999 -9999 -9999 -9999 -9999 -9999 -9999 -9999 -9999 -9999 -9999 -9999 -9999 -9999 -9999 -9999 -9999 -9999 -9999 -9999 -9999
-9999 -9999 -9999 -9999 -9999 23.3201093933 22.5583527921 22.7609672055 23.1582118808 23.0392808493 22.544093694 22.577828486 15.7952344377 13.1557333828 21.7344211612 21.6068623688 18.4762203247 7.79659780072 13.7364164972 18.4163602767 21.0056224782 20.68296511 21.4400753976 21.6736906463 21.7733017569 21.5700284826 24.263015574 24.0905575614 21.834323109 21.0587341139 20.3299854038 22.0569710842 23.2452090362 23.6260850099 23.9830810704 24.5739960078 -9999 -9999 -9999 -9999 24.6998328271 23.584556197 -9999 -9999 -9999 -9999 -9999 -9999 -9999 -9999 -9999 -9999 -9999 -9999 -9999 -9999 -9999
-9999 -9999 -9999 -9999 -9999 23.2358256911 23.2636334185 22.8432287427 22.9621859758 23.5151839072 23.3078992742 23.2391122281 21.5939400307 21.2271030398 22.2172545167 22.3472073006 20.6655159492 22.132339354 21.7034125298 21.3949026438 20.9631074967 20.2816424526 20.9436386778 20.944155639 21.6515972449 22.5637699939 23.9201648327 23.8213648529 22.7255821565 20.585955383 14.309231438 18.6322608941 22.6256296116 23.9364455069 25.0794367258 23.7645744016 24.2508026931 -9999 -9999 24.3837868647 23.989907799 24.4270479526 24.5264023363 -9999 -9999 -9999 -9999 -9999 -9999 -9999 -9999 -9999 -9999 -9999 -9999 -9999 -9999
-9999 -9999 -9999 -9999 -9999 -9999 23.1359781772 22.8367930655 22.6912181092 23.2333403778 23.5282622103 23.2708270314 23.1055050215 24.1703296004 21.5172106955 21.692042916 21.4966124491 21.9183830028 21.699224817 21.4644250365 21.3320640314 20.7338650993 20.514253381 21.7466467993 21.6762061026 21.6676554475 22.6458452655 23.151021161 22.1975616091 21.411933522 19.8687515868 21.190736383 22.0812420734 22.532667725 22.9529236641 21.8056928307 23.8384619486 25.2082921084 23.318344446 22.9231676049 23.3754974489 23.9592456449 24.4229986449 23.7733532194 -9999 -9999 -9999 -9999 25.7173980533 25.3270381061 6.74312683293 -9999 -9999 -9999 -9999 -9999 -9999
-9999 -9999 -9999 -9999 -9999 -9999 -9999 24.0773797868 22.8914773395 22.5399331511 23.5422645014 24.1737644927 23.7629599718 22.9395139375 22.3666018655 22.3762973216 21.4962501092 21.3024522684 21.0978448516 20.6424199966 20.7476643561 20.145621197 20.4508546813 21.5719489047 22.0011723238 21.1408798554 22.8425738536 21.3097635963 21.8348090865 21.472423325 21.509555767 20.9562078767 21.7304724352 21.1094905577 21.8734014579 22.3937964044 24.3118494215 24.5186071885 23.7885390453 23.2807279854 23.0626875509 24.2979240388 24.8105840376 24.2823556302 24.0762416177 25.3043631968 24.1760121545 23.6464444131 23.4702929749 24.0008359294 22.8914892923 19.5497482804 -9999 -9999 -9999 -9999 -9999
-9999 -9999 -9999 -9999 -9999 -9999 -9999 -9999 23.2182038248 23.3350325533 23.3733473897 23.0935485902 23.1432238264 23.9276406268 24.2030995683 23.6566117885 21.6804277591 22.2972689314 21.7513132587 20.8926413513 21.1212169882 21.0797859163 26.4535137106 33.1230955296 31.8190755289 33.1901477623 24.2560724937 20.6188057519 20.5550650328 20.9294460116 20.8041780667 20.7058661855 20.7872196285 21.328748183 21.2990276738 20.9472099098 21.1425656687 21.5556253197 22.1402159955 22.9693255419 25.0605981658 25.1044357795 23.5572542412 23.1346531384 22.4949768841 21.9880279531 23.2740828765 22.7356026012 22.1108856274 23.3963052093 23.1731141553 23.27397242 21.1318661599 -9999 -9999 -9999 -9999
-9999 -9999 -9999 -9999 -9999 -9999 -9999 -9999 23.2664702023 23.456523792 23.2220400949 23.4466988478 23.6923212866 23.7992247016 23.4015838685 22.7853593243 21.5324889082 21.9720813016 21.0629675122 20.9024033022 21.5149449093 21.200920019 30.9562143538 36.3111342363 34.264488579 30.9812344011 34.0944000028 24.2769822951 22.4078525138 21.9973929609 21.1361400339 20.9839102355 21.257509965 21.4134343086 20.8930986477 9.39156306818 21.715600408 21.42583011 21.616243284 21.6983657037 21.6519930738 24.6401419978 23.3630129443 23.1927752052 22.0742153054 21.9941108533 23.2166828554 22.8464821289 22.9276096181 23.1945527291 22.7020093973 22.7772204062 20.7660763788 20.7691972379 20.2711746856 20.4462035589 -9999
-9999 -9999 -9999 -9999 -9999 -9999 -9999 -9999 -9999 22.4371421078 22.8391595383 23.6163214661 24.1879165075 24.2234932685 23.3208166042 23.282751403 22.8815723408 22.0063027445 22.0462950354 22.268166262 23.1102856815 22.2843973637 24.014299836 43.3713069944 37.9518015083 37.0851754023 32.5143780903 30.7056511117 25.5435916757 20.658171425 20.7627991453 20.6338325268 20.4090968826 20.6693102084 19.8165605165 17.6542172177 21.3000800207 21.2730279614 21.2520085794 20.9616938898 20.9580556508 21.4850001993 20.9116556626 21.9191144968 19.5324774773 18.7063829783 17.2265938579 17.646256114 20.2575977805 20.1783164113 20.1114567182 20.0116822536 19.0146311291 19.4254499728 19.7292990019 17.9856377607 13.9672214672
-9999 -9999 -9999 -9999 -9999 -9999 -9999 -9999 -9999 -9999 22.879053511 23.4530017563 24.3415802399 24.430337013 23.2631503211 23.2856052107 25.3519828504 24.9295395341 25.6783784166 25.8409620639 24.4165975823 24.4978896816 23.1710870077 29.9236851283 35.6101727365 37.5005188787 34.588613995 32.3275986708 27.8766489141 27.1041289702 20.4323473341 20.1889026692 19.9477636224 20.2701179604 20.683416485 20.6022062659 20.9593635806 21.153104817 21.3379587261 21.364166739 20.8139042534 20.9389854456 21.1980671588 21.2651670287 21.5754357079 21.8800990425 19.646269287 18.4110400341 20.7173239279 21.099095982 21.3837357005 20.3978858418 19.3130521387 18.8639215038 18.6315998592 17.0977968558 13.863171405
-9999 -9999 -9999 -9999 -9999 -9999 -9999 -9999 -9999 -9999 -9999 12.447927868 16.7316102627 24.0184851714 22.9709482411 23.1083700041 25.5019218778 25.7846893692 24.8047398138 24.1781479152 22.3645018096 22.861441956 23.5538980014 23.3055166476 26.0998468476 33.4188825258 32.7458385526 35.0088583885 32.8729803516 24.5654519847 27.6156066714 20.099588507 19.0215339924 19.3620207601 20.5871314658 20.3536772754 20.0173520496 19.9081697582 20.4062052701 20.6651848243 20.1968772939 19.9810565996 20.4213614813 20.6099640158 17.7882576513 17.3465032983 18.2163546278 18.8442242649 19.1628731306 19.332205139 18.8759442794 19.0751683436 18.3597881499 17.7846024706 16.9237792071 17.1232019865 13.5644260666
-9999 -9999 -9999 -9999 -9999 -9999 -9999 -9999 -9999 -9999 -9999 11.874913161 17.4777400239 23.2433851953 22.6439576241 23.9620247145 24.429696595 25.0106791086 21.9460681691 21.8915429665 22.1551407955 22.4860950347 22.6012333497 23.9216787819 22.1852678631 22.6244725196 26.6776829523 33.2900104716 30.6636637251 31.6650888084 30.6777044179 29.4880849982 25.9169532695 27.2920412278 26.3993501101 20.8230280863 19.6156632841 20.2092548937 19.9313238915 19.703656316 18.7911005823 19.8457900778 19.5448405236 19.8680308896 20.5985195318 19.0862719209 20.2092285989 21.230791553 20.102993214 18.0346135594 18.9133944092 19.2345063718 16.0978550855 18.5936912689 18.1782867521 17.5111271562 17.0710125299
-9999 -9999 -9999 -9999 -9999 -9999 -9999 -9999 -9999 -9999 -9999 23.794310594 22.461203403 22.4416569368 21.474183666 23.0442894122 23.5374068464 22.9901736489 21.2608758861 21.4404907854 21.3631366998 21.4363145609 22.2747556569 22.7010453957 20.728155728 20.4308714588 20.3049527992 20.0560996639 19.9555454227 23.2591197119 28.8696454019 32.6357207382 32.2051351446 31.9831436581 25.1346220728 18.3635051602 22.3765179676 21.9851959725 20.0843322142 15.4267431233 12.3013847093 19.1541104736 18.9947282871 19.8692707866 20.8887040196 21.9748401092 19.9690292948 19.1727627487 18.2528494066 18.2392578443 17.5518603309 18.5226505341 19.1335821251 20.7511785383 18.6671645034 15.8542818849 14.3214839741
-9999 -9999 -9999 -9999 -9999 -9999 -9999 -9999 -9999 -9999 -9999 -9999 23.7155933982 22.1434632837 21.825987216 21.6804211025 22.6434834904 23.5727768256 22.6728499172 21.256022112 21.8959115163 21.3721988903 21.0729049932 21.3780776884 20.3727968545 20.7029189982 20.5852030199 20.6386016407 20.3154072357 20.1928887663 20.0148000824 19.9098834394 21.7251356785 28.0030278493 27.618970648 16.7993732469 24.4966880899 20.532897964 24.8794562878 19.1418309766 19.7098438883 18.7051315242 19.6165126696 20.2709375118 20.7586635833 21.2074955894 21.3889446848 19.2713231635 16.3930696016 17.1944583626 16.6332678066 15.581993424 14.3812839531 14.6331605643 12.8096892061 16.9897249955 9.71713413596
-9999 -9999 -9999 -9999 -9999 -9999 -9999 -9999 -9999 -9999 -9999 24.4381506513 24.4581542893 23.29682589 21.9630390855 13.0509776137 18.6781516523 22.098215569 21.6875890787 20.4333421992 20.4123256308 20.3185313739 19.9109362158 20.2991453906 19.8616372183 19.8403003822 18.8687160308 18.8945099668 18.9501985175 18.6694220334 18.1695428574 18.2460600872 17.9030623133 17.7603479618 18.4023805522 24.0337000145 19.554475431 14.3767521101 14.3124715859 17.6266443886 18.5851172346 17.9452655289 20.06523678 21.0211522537 21.4271393961 21.1037904986 20.7297390794 22.2589062051 18.5273404909 18.6997260788 15.2582998966 12.0497106384 10.671892793 10.7361474916 9.84353100389 10.6911766581 13.2010536963
-9999 -9999 -9999 -9999 -9999 -9999 -9999 -9999 -9999 -9999 -9999 24.9090902407 24.470342708 23.6507455253 22.1393020797 16.6462976472 20.6498749095 21.6254830075 21.3072776054 21.1116507935 17.0278305521 17.6758597771 20.2634850969 20.2228304162 19.9078843822 20.1573888089 12.9283114623 13.4585974144 18.0772480651 19.1178941144 18.6914262801 18.297486147 17.7393048288 17.7522818883 18.2842243107 21.9959379964 16.1966874597 19.5460798791 15.0878952543 19.390461962 17.8551343888 18.2498972052 19.8974787581 20.4460517613 21.4587749815 21.3634459004 20.5104296069 20.6369400238 20.2229380934 20.641977532 15.0264102048 15.4243930478 13.6570755178 13.2454585317 12.3399289241 11.6426297808 9.18758859587
-9999 -9999 -9999 -9999 -9999 -9999 -9999 -9999 -9999 -9999 -9999 23.6625578338 23.4255781989 22.736237254 22.6736644437 22.510633252 21.6197630874 22.7100746457 21.3758695101 21.7919649719 17.9674902216 7.96811183601 17.7898461509 22.4216323596 20.1515773836 20.1764752968 19.4002886223 19.9156128175 19.0634107863 18.7628218918 17.8690651148 18.2386672005 17.6753200171 17.5781041535 16.2155175412 14.6296358362 9.60512913686 7.15016700199 12.3137994427 13.9070700612 17.8200778931 18.4439358756 19.1241602644 18.6659413914 19.4026852754 19.6833142541 19.1917827255 19.1906107505 18.3558141462 18.2106222096 14.7987464143 10.8970476698 8.43529800201 8.26776814623 7.01011758808 7.73659528444 9.62168934683
-9999 -9999 -9999 -9999 -9999 -9999 -9999 -9999 -9999 -9999 -9999 -9999 24.0436695274 22.9816240065 23.0069200629 22.8803539594 23.2928962965 22.8793407303 21.491200026 21.1274086176 21.9029420431 22.1917516307 22.1151490802 20.6237999847 19.7290772453 19.6173798733 16.3880418082 16.7289139056 15.7818287082 14.9813903836 12.7653078475 16.4643719754 16.5896250162 16.8732537172 15.907648325 15.0119523128 11.4146973995 8.51325294113 14.4712339419 17.6324017699 18.0549462594 17.6719695309 18.7729853595 18.8091814718 19.5167842982 19.363100154 18.5840670388 18.5050184295 17.7195254279 17.9832212407 17.0174508165 11.7281752471 12.7322778894 12.3779257398 8.03969943677 8.12161072402 8.34470990398
-9999 -9999 -9999 -9999 -9999 -9999 -9999 -9999 -9999 -9999 -9999 -9999 23.7658545079 22.6869920963 23.2616489715 24.1755487787 23.9968264729 24.3387366301 22.9892977815 21.9930712947 21.3619062237 21.5499888171 22.1957736853 22.3114300032 20.8649270475 21.3879887043 21.0736280692 20.6764449025 16.7166483731 17.8356714802 14.9291220283 15.3977300865 18.0637101616 17.700217438 18.0220835855 13.3715587925 9.6444467232 13.5657775611 17.7693518107 16.1988327492 16.5760554708 16.2995952258 15.8544318736 15.7893185408 16.6066588744 16.5886408042 16.4619824518 16.5483078132 15.7626075702 16.274454992 14.5898009373 13.8028297994 11.5003145642 6.11850311761 4.56895690491 5.73979230253 4.13722633118
