data/recharge/transience/recharge505.asc
ncols                  80
nrows                 72
xllcorner      4374000.0
yllcorner      5656000.0
cellsize            500
NODATA_value       -9999
[rows 0 to 25 of 72, columns 0 to 56 of 80]
-9999 -9999 -9999 -9999 -9999 -9999 -9999 -9999 -9999 -9999 -9999 -9999 40.6727790501 41.7925211849 -9999 -9999 -9999 -9999 -9999 -9999 -9999 -9999 -9999 -9999 -9999 -9999 -9999 -9999 -9999 -9999 -9999 -9999 -9999 -9999 -9999 -9999 -9999 -9999 -9999 -9999 -9999 -9999 -9999 -9999 -9999 -9999 -9999 -9999 -9999 -9999 -9999 -9999 -9999 -9999 -9999 -9999 -9999
-9999 -9999 -9999 -9999 -9999 -9999 -9999 -9999 -9999 -9999 -9999 -9999 36.5761325863 35.2138553934 34.9848161202 -9999 37.2657154654 -9999 -9999 -9999 -9999 -9999 -9999 -9999 -9999 -9999 -9999 -9999 -9999 -9999 -9999 -9999 -9999 -9999 -9999 -9999 -9999 -9999 -9999 -9999 -9999 -9999 -9999 -9999 -9999 -9999 -9999 -9999 -9999 -9999 -9999 -9999 -9999 -9999 -9999 -9999 -9999
-9999 -9999 -9999 -9999 -9999 -9999 -9999 -9999 -9999 -9999 36.767636148 36.1255264834 37.0744859615 35.4679987271 33.467105613 34.0910182493 35.1777818983 36.2269370885 -9999 -9999 -9999 -9999 -9999 -9999 -9999 -9999 -9999 -9999 -9999 -9999 -9999 -9999 -9999 -9999 -9999 -9999 -9999 -9999 -9999 -9999 -9999 -9999 -9999 -9999 -9999 -9999 -9999 -9999 -9999 -9999 -9999 -9999 -9999 -9999 -9999 -9999 -9999
-9999 -9999 -9999 -9999 -9999 -9999 -9999 -9999 -9999 37.1875566087 36.0254312768 35.3315037938 35.1466388998 35.4992842336 33.7297002996 34.2635761724 34.7381656802 37.0473596323 -9999 35.5391507004 -9999 -9999 -9999 -9999 36.214125924 37.2915468045 -9999 -9999 -9999 -9999 -9999 -9999 -9999 -9999 -9999 -9999 -9999 -9999 -9999 -9999 -9999 -9999 -9999 -9999 -9999 -9999 -9999 -9999 -9999 -9999 -9999 -9999 -9999 -9999 -9999 -9999 -9999
-9999 -9999 -9999 -9999 -9999 -9999 -9999 -9999 38.1010610263 37.2574988529 35.7928949196 35.7683804172 34.2384368325 34.1018880907 33.4935948787 34.1378741522 34.3429408564 34.7916756176 34.9721511404 34.0545503764 32.9630341981 33.5616827542 -9999 35.2859094181 36.2597028092 37.2857925362 -9999 -9999 -9999 -9999 -9999 -9999 -9999 -9999 -9999 -9999 -9999 -9999 -9999 -9999 -9999 -9999 -9999 -9999 -9999 -9999 -9999 -9999 -9999 -9999 -9999 -9999 -9999 -9999 -9999 -9999 -9999
-9999 -9999 -9999 -9999 -9999 -9999 39.1102276112 37.1541738871 36.8273513175 36.8535922712 36.4618117204 36.009539868 34.7079223623 34.789128632 33.8504124317 34.0660710978 33.8865875882 33.2937575063 33.1256122678 33.038469085 32.466821671 32.7072808922 34.1179047538 34.726180547 36.1821400583 36.6873395428 36.9067495575 -9999 -9999 -9999 -9999 -9999 -9999 -9999 -9999 -9999 -9999 -9999 -9999 -9999 -9999 -9999 -9999 -9999 -9999 -9999 -9999 -9999 -9999 -9999 -9999 -9999 -9999 -9999 -9999 -9999 -9999
-9999 -9999 -9999 -9999 -9999 -9999 38.6812256008 37.438727611 36.084064505 35.7258538626 35.3752011537 35.35060267 34.2603828182 34.4266465612 33.3072312664 32.7844057249 33.2821014675 26.8606412655 31.5573327921 32.3264300666 32.1127849771 33.2151513477 33.1338227561 33.473169874 34.5940615166 34.3659607576 36.1665871347 36.0657177943 35.300463653 35.3397945896 35.0475654953 35.4871417452 -9999 -9999 -9999 -9999 -9999 -9999 -9999 -9999 -9999 -9999 -9999 -9999 -9999 -9999 -9999 -9999 -9999 -9999 -9999 -9999 -9999 -9999 -9999 -9999 -9999
-9999 -9999 -9999 -9999 -9999 38.6815954276 37.8137296597 37.2103728669 36.5405331158 36.6135625269 35.9670749237 35.1613547069 34.0002331134 34.0474307183 33.99494956 33.9341579072 26.7458368131 14.3736741782 25.3679939228 32.6367557832 32.4117376504 32.3535539431 32.5478384911 32.6350752682 34.001877043 34.4448328608 35.9266429854 35.8770558062 34.5144308121 34.6351589985 34.4452100433 35.0638214268 34.3840930051 34.4881761327 -9999 -9999 -9999 -9999 -9999 -9999 -9999 -9999 -9999 -9999 -9999 -9999 -9999 -9999 -9999 -9999 -9999 -9999 -9999 -9999 -9999 -9999 -9999
-9999 -9999 -9999 -9999 -9999 38.7462533289 37.2798984891 37.5106066259 36.2160405941 36.0198958348 35.4456011875 35.5318697185 25.5641183417 20.9978702651 34.458885158 34.4080783122 29.3300646848 12.3253271039 21.5405205313 28.7788728627 32.8431203295 32.4815234895 32.9603490162 33.1493849197 32.7697339049 32.6818172863 34.2327871536 34.1306274844 32.6062696007 31.0776287099 30.5322917249 32.6516032416 33.5539276298 33.7401914633 33.7414050125 33.9787295442 -9999 -9999 -9999 -9999 32.6272621197 32.3869038217 -9999 -9999 -9999 -9999 -9999 -9999 -9999 -9999 -9999 -9999 -9999 -9999 -9999 -9999 -9999
-9999 -9999 -9999 -9999 -9999 38.5761447009 37.994177536 37.5275811726 36.0737674868 36.6786726845 36.2796929299 36.172908861 34.5696721501 34.0071042115 35.018352179 35.0561588175 33.0467785049 34.8501602166 34.2178535929 33.7763295021 32.8818158503 32.0252792258 32.3287249787 32.2958408848 32.7446620927 33.0413579211 33.7367242021 33.6827748653 33.5578946139 30.2840445546 21.6665969502 27.9328931438 33.1270905016 33.9937600027 34.3704567585 33.5458301859 33.4567324779 -9999 -9999 33.5728133655 32.780312649 32.9535048132 32.8025594931 -9999 -9999 -9999 -9999 -9999 -9999 -9999 -9999 -9999 -9999 -9999 -9999 -9999 -9999
-9999 -9999 -9999 -9999 -9999 -9999 38.69252957 38.2786400351 36.9280726807 37.4544079263 36.4179841092 36.2701710444 36.0851165371 36.7879821171 34.4029054415 34.5421128411 34.1001487862 34.5095711078 34.0645731365 33.7218325791 33.35407055 32.7344709079 32.1488519197 33.4733279821 32.9902565932 32.7949999957 32.9559981249 33.4779567615 32.970285063 32.0427437907 29.7437007877 31.6193828955 31.9682283576 32.1096997564 31.8845455801 31.7421745753 33.3433754249 34.2824628224 32.7661168532 32.4960920943 32.3318663197 32.8901991263 32.3315127286 32.339460541 -9999 -9999 -9999 -9999 32.7670761113 32.3470146302 8.8277770276 -9999 -9999 -9999 -9999 -9999 -9999
-9999 -9999 -9999 -9999 -9999 -9999 -9999 39.5686673779 37.0560018431 36.8021593343 36.6422809429 37.1305366912 36.3824772608 35.0443274567 35.4861719241 35.3924209035 34.4087999343 33.9644355554 33.509099683 32.9124318438 32.685518032 32.0491405543 32.0472206815 33.2049629626 33.2199459864 32.3334195159 32.8820586764 32.5517657709 32.3036990338 32.1122015048 32.1852432009 31.787213661 31.7708804458 31.4813419519 31.6847003533 32.01992769 32.9513997663 33.6715897532 33.0043685211 32.7112740684 32.4303364061 32.7187373835 31.0006440681 26.4376143084 23.8307546087 24.8047843658 25.1372975899 23.834465871 22.7976634678 30.0781892488 29.3195718775 25.2756668773 -9999 -9999 -9999 -9999 -9999
-9999 -9999 -9999 -9999 -9999 -9999 -9999 -9999 37.2863990941 37.4401715819 36.9602306064 36.7854414389 35.9691347093 36.7480235851 36.1515809164 36.0384726309 34.2625062233 34.8687809907 34.0292599585 33.2300919348 33.4156884054 33.3428869888 37.9225500557 32.9052220787 30.369137698 32.8701852714 34.7267208886 31.7233884994 31.3548696623 31.6901827236 30.7428014139 31.0632620011 30.8323460073 31.1321296753 31.3577494833 30.9325929752 30.9523298268 31.282400816 31.2014743185 31.3433901171 31.7372507028 30.4444404615 22.6913504386 21.9412872593 20.7686447129 20.0427946217 21.3506056236 20.3943651128 19.0559972623 26.7636724527 28.3166540821 28.6306898982 25.9257724152 -9999 -9999 -9999 -9999
-9999 -9999 -9999 -9999 -9999 -9999 -9999 -9999 37.6162589699 37.6847049553 36.7358548918 36.9625979592 36.3214029002 36.4104349235 35.9807971236 35.4009640155 34.167897917 34.6554224305 33.4097304081 33.2936194757 33.8495981871 33.4529444749 41.336014991 38.659740676 34.4720612264 28.9727814243 33.8214721098 35.2042122054 32.8492032428 32.2626432475 31.7458571196 31.2770899415 31.4471095108 31.2900033632 30.8069231724 13.9324898399 31.4544395182 31.1514481453 30.8778095259 30.9043206224 30.4552642724 30.6158392344 22.1300998444 22.0627590784 20.0923596239 19.9980934538 21.2463833632 20.5919130366 20.9929028356 29.2579211568 28.2991357979 28.3383732571 26.2132775486 26.5041547685 25.004110224 25.2804254798 -9999
-9999 -9999 -9999 -9999 -9999 -9999 -9999 -9999 -9999 36.5793634763 36.2942775149 36.8147435796 36.5289317918 36.5913669113 35.8418030828 35.7933295927 35.5150354815 34.7656267875 34.72750154 34.955631046 35.6519398156 34.7385570529 36.552975399 47.7496232976 39.8517806577 37.8091067215 30.6860368066 28.3505731053 32.5640366075 31.0834829954 30.9791050638 30.8765173265 30.4322254978 30.5821770371 29.6966433768 26.0009894373 30.931538907 30.8398695144 30.3954811022 30.219190129 29.7584312584 29.8852942294 21.0688024536 21.7761434083 18.6850911765 17.514013694 15.8327609402 16.5189443311 24.6715519074 25.57445801 24.9333741135 24.7654094239 24.2989537944 24.9201031907 24.5059477312 16.2790149959 11.8643052468
-9999 -9999 -9999 -9999 -9999 -9999 -9999 -9999 -9999 -9999 36.2134179285 36.7910412946 36.637038253 36.7879978792 35.7124284816 35.6313559856 37.9904831881 38.2947159597 38.0299078683 37.9474723486 36.5834742016 36.2354236973 35.3229108607 41.2690382126 34.767680276 38.4240509244 34.4887996976 30.3394941624 24.3485925165 32.8616853493 30.923899347 30.7012133237 30.33354742 30.3090874515 30.6220353631 30.5678917875 30.6542153805 30.7557276983 30.4628588952 30.4885252755 29.7410391811 29.8552860729 28.4099319382 21.1884353199 21.7941952122 21.566921768 18.8358877291 17.8274833674 26.0247199097 26.306504181 25.7761356265 25.3777322833 23.7318732568 24.6814074833 23.6445368495 15.0809591763 11.7880457247
-9999 -9999 -9999 -9999 -9999 -9999 -9999 -9999 -9999 -9999 -9999 19.6129597561 25.2351363231 36.0810511017 35.3335063202 35.3488185706 37.7625526496 38.0041687725 36.2721515726 35.88607423 34.2531179104 34.4545399234 34.6377550851 34.6175731406 36.2038340658 28.8666961507 29.5007104381 34.4687869355 31.4774572511 28.1780528334 33.8925233415 30.6034944434 29.4606403172 29.5998470211 30.6253682586 30.3618882342 29.7966873386 29.7020408378 29.7816217285 29.964240287 29.2680909058 28.8892371116 28.7856448017 25.9600283119 17.9210870579 17.0897267712 17.060743756 18.4439678492 20.9901098627 25.3161409713 23.6466229045 24.8044036925 23.2796026321 22.9015708971 21.0963176146 20.8673163616 13.2546599325
-9999 -9999 -9999 -9999 -9999 -9999 -9999 -9999 -9999 -9999 -9999 18.4416249954 27.0067042128 35.470358949 35.130664889 35.2805889352 36.5480252522 36.516147091 34.3730416123 34.2164916115 34.4404762784 34.8661107337 34.3412227193 35.3213573052 34.3266904999 33.7821271273 36.4589870444 36.5635597874 28.3842089493 26.5890797567 28.916537575 28.2744098696 21.5915411316 23.722182574 29.0436684765 30.5847175418 29.4782977894 29.9644077935 29.4011320673 28.8945018898 27.0246477472 28.9300100098 28.0141122704 28.3313974622 26.146872024 19.5736693328 20.2449532377 21.468290862 19.6247204838 17.6171969218 17.2621028696 17.5124989152 15.1372649521 22.6341381532 22.3398518968 21.6880212485 20.587513048
-9999 -9999 -9999 -9999 -9999 -9999 -9999 -9999 -9999 -9999 -9999 36.3792375999 34.7648166085 34.6908092493 33.7546975876 34.3029562653 34.884878954 34.7485628544 33.7949822922 33.6032886789 33.3627223942 33.4543254639 33.4506063422 34.1447127916 32.3313389495 31.927559617 31.6627194151 31.3897492261 31.1828183252 33.4146839824 30.5326427878 31.7815894127 31.4742640887 30.9728135787 20.0527696294 23.6590482118 18.9577671108 17.06974849 29.2160455048 22.1083564694 17.6146295612 28.4167807595 27.8983673846 28.6606323976 29.1623994672 29.4139338493 19.7092986331 18.8467464578 17.579051058 17.6636756423 15.7471052194 16.6825694587 16.4964850834 18.3404355437 22.1280387235 18.8974601094 18.2605979542
-9999 -9999 -9999 -9999 -9999 -9999 -9999 -9999 -9999 -9999 -9999 -9999 35.4802766584 34.3413709704 34.2196630282 33.9942938498 33.7621419631 34.6316715561 34.3199355744 33.4433157895 33.9000491093 33.3461402696 32.7536894982 32.7438477629 31.9064819327 32.2715551634 31.9732075646 32.0548054059 31.4827458326 31.3187880792 30.8339644265 30.7733901451 31.6877799507 28.6089666297 24.2885575336 18.0605027933 28.1090102027 17.0451586744 19.7587323638 28.6600249391 28.9199346714 27.9568813359 28.5912460277 29.2209662641 29.1826268095 29.5327822463 24.5163941864 18.9522503668 15.8457404298 16.6920812947 15.2444033243 13.8772834084 12.2398380489 12.3504529993 10.8102036367 13.395196095 8.54213368941
-9999 -9999 -9999 -9999 -9999 -9999 -9999 -9999 -9999 -9999 -9999 35.8058525826 35.755987332 34.9977151407 34.1385251656 20.4616832218 28.7745916424 33.6269208261 33.2097260177 32.4546587255 32.1985564548 32.0918778988 31.5421647506 31.9625008483 31.5545091378 31.5210666504 31.0514239281 31.1131670008 31.0637321648 30.6359816787 29.8210249913 29.9205323364 29.1800423988 28.9621154097 28.7562112163 20.8477014032 19.6111032595 14.2195765471 13.3447854537 27.5292408349 27.9144194208 26.8521854876 29.3287943568 30.2055846827 30.2417121786 29.999210625 29.0382393638 24.2952843855 17.8014382379 17.9120588973 14.2219896558 11.3517194564 9.90832537535 9.95634283725 8.91201979462 9.49825301644 10.9859674838
-9999 -9999 -9999 -9999 -9999 -9999 -9999 -9999 -9999 -9999 -9999 36.2225644973 35.9983457479 35.3889789556 34.2793236645 26.1377507074 32.4463124431 33.9521921107 33.1725985875 33.0130553186 26.945319368 27.862204009 32.0184794128 31.9281819742 31.6363637488 31.9019722854 20.9991891381 22.2846422461 29.5373219126 31.3415601114 30.5326327075 29.990917973 28.932814725 28.9479685628 28.6121822899 21.1073335545 15.8506689184 19.5829251351 14.8452164487 23.7041395106 27.0852112009 26.9030144619 28.7102687472 29.5044481254 29.6978339484 29.5708672289 28.3821241936 28.5027852736 25.6748884215 23.4142620042 14.0892283584 14.210790925 12.296775395 11.8845747529 10.7315952186 10.2109381713 8.10945072382
-9999 -9999 -9999 -9999 -9999 -9999 -9999 -9999 -9999 -9999 -9999 35.4556827439 35.6085850793 34.8859323051 34.4214328653 34.2506221113 33.6043266009 34.5600127681 33.449100804 33.6556995498 27.8691650366 12.6863946188 27.5589017359 32.3349217707 26.1811452902 26.1890949598 29.3930695293 31.3970522774 30.2198053334 30.4572101217 29.7743821864 30.5692877175 29.8066127787 29.7011289743 28.2995526038 15.8098168092 10.5766996331 8.74360555358 13.171051927 15.9580852223 27.2463784719 27.7253053891 27.5852632726 26.8613358565 26.971292383 27.0802278903 27.1105833723 27.0946053882 25.5531486084 25.3920838251 16.8811738122 11.363336455 9.38724297081 9.03275224637 8.11905339155 8.57570555745 9.01552510356
-9999 -9999 -9999 -9999 -9999 -9999 -9999 -9999 -9999 -9999 -9999 -9999 36.1499068059 35.2158076214 34.6385970818 34.5321420334 34.674408507 34.6326542257 33.2186728268 33.2348726149 33.8676399596 34.470857742 31.0990420459 26.1520949734 25.4496621766 25.2772313025 23.1476299263 23.6973370116 22.3070548646 21.1176651021 18.9545286661 27.8005863759 28.3153109403 28.787287979 27.821817278 15.0219779031 12.2006748607 9.97369214077 15.0591090519 20.4834103385 27.5170851601 27.0134777105 27.8004377908 27.0902836772 26.9512648636 26.8797982814 26.3242468219 26.5911050244 24.9726052348 25.1484533086 23.0243194899 12.246522065 12.8643700906 13.4258470576 8.51561481103 9.03140006431 8.17726677583
-9999 -9999 -9999 -9999 -9999 -9999 -9999 -9999 -9999 -9999 -9999 -9999 36.6130449532 35.4728943892 34.9916050353 36.5153296603 35.2276129338 35.1985502983 34.3669463718 33.871821593 33.1921384494 33.2623933903 33.4068792618 29.6018818391 27.3849538931 30.2024934385 29.077574523 27.0970185059 24.2115050533 26.4122581328 23.1779230825 24.2075675473 30.5595422715 30.2317408446 24.0977805125 14.761205102 18.941771336 15.4204038696 19.1635216633 17.800955512 26.4489216949 26.7275204342 25.4100444776 25.3603383905 24.8974675841 24.9890350003 24.0699424443 24.1007756573 22.6101850633 23.1114438924 21.2618729541 19.5626975051 16.8103031973 6.86486204348 4.70747914576 5.72617198355 4.47032117976
-9999 -9999 -9999 -9999 -9999 -9999 -9999 -9999 -9999 -9999 -9999 -9999 36.5506710563 36.0702497591 34.6821294619 35.4122288758 34.6957697797 34.1769233193 34.359455517 34.7808845755 34.0784892296 32.6014577652 32.504673791 24.775847733 27.2885415745 28.7154464208 33.6237882259 32.334995468 24.5885440319 23.3377902787 21.0659124568 20.3709877462 26.9250958679 29.4659286818 17.3885713378 21.9215692565 32.2785356903 18.1470500735 13.0236926074 13.3333650661 12.1733286801 14.5987166747 23.4946992194 25.6089547211 24.950000858 24.9149580853 24.40323094 24.4684605534 23.4086737096 23.8043195072 21.6246747583 14.1866063844 6.36971511387 5.33711095823 5.62365252612 5.10625567828 4.5738840306
