data/recharge/transience/recharge436.asc
ncols                  80
nrows                 72
xllcorner      4374000.0
yllcorner      5656000.0
cellsize            500
NODATA_value       -9999
[rows 25 to 49 of 72, columns 0 to 55 of 80]
-9999 -9999 -9999 -9999 -9999 -9999 -9999 -9999 -9999 -9999 -9999 -9999 4.48578241597 4.52623108684 3.89968332417 5.47218257412 3.01549816375 2.773054961 2.36815543458 3.00329515812 2.22308483817 1.93162616079 1.56117243448 0.516122459236 0.866316147376 1.98943706917 0.764402760791 0.781350151189 1.37518906821 1.1904862585 0.999760876876 0.916859068691 0.805772180105 0.744856898563 0.275836034532 0.461649417876 0.215145197295 0.489823483891 0.396118008775 0.66229498365 0.625897329628 0.518124480213 0.725821300145 0.822592461153 0.827084168195 0.855246228219 0.899131817852 0.890958881865 0.898147842059 0.995625250401 0.967764946949 0.732723733126 0.339229332685 0.262467367998 0.206312110761 0.270007499645
-9999 -9999 -9999 -9999 -9999 -9999 -9999 -9999 -9999 -9999 -9999 -9999 -9999 4.08528497896 4.12663633234 4.29969793125 3.61319053995 3.70939883245 2.9394907109 2.62893110166 2.20634251666 2.36234442601 2.22687844472 1.89451561723 1.91297298012 1.66927863615 1.16016233721 1.38793636884 1.24648775859 1.36669210732 1.09447302785 1.00775375508 0.784446645728 0.477872019098 0.147028876386 0.142816296782 0.219160017247 0.421859360402 0.710355631243 0.548203899344 0.482398446618 0.552283283547 0.332450306019 0.465481407937 0.518873298806 0.61269310855 0.702443131446 0.662863360237 0.491705579942 0.318320055274 0.257548861585 0.274058413014 0.289071035207 0.359962178352 0.167787291346 0.129169794153
-9999 -9999 -9999 -9999 -9999 -9999 -9999 -9999 -9999 -9999 -9999 -9999 -9999 -9999 3.54010460684 3.332303305 3.010284361 3.42373163842 3.06536203451 3.23347330184 2.509286147 2.63970598513 2.07376495203 1.88656957137 2.25443648483 1.515710459 1.58575189876 1.91710481973 1.35057522483 1.13664631759 1.12445205131 0.55655793322 0.767578959311 0.785291398684 0.414532238172 0.234873608477 0.236096598219 0.556622879656 0.265951412333 0.180875235478 0.306829816647 0.296204746031 0.531077948585 0.390409942679 0.290104970229 0.34209669499 0.182875142924 0.130512731559 0.217313105515 0.322906684747 0.292538422952 0.220133880684 0.199310782889 0.136063333154 0.244320032307 0.399386660181
-9999 -9999 -9999 -9999 -9999 -9999 -9999 -9999 -9999 -9999 -9999 -9999 -9999 -9999 0.846950511994 1.12764733353 2.60204242769 3.71067942777 3.18639706865 3.32411660485 2.98465054497 2.73413662351 1.93712867226 2.36474746046 1.86512300098 2.11698272845 1.19318999177 1.16330189904 1.21715567808 1.40065149258 0.711090814399 0.228486232436 1.10018547032 2.46768967926 0.669602153106 0.191433922658 0.181985988967 0.206376225064 0.209886407758 0.173981330585 0.448613445313 0.494243213644 0.481016669219 0.493897584393 0.39472613249 0.311485767101 0.253994893546 0.160974869411 0.152769916441 0.143200332599 0.340787955748 0.398178867834 0.432421308723 0.705381201389 0.60702578014 0.249913657056
-9999 -9999 -9999 -9999 -9999 -9999 -9999 -9999 -9999 -9999 -9999 -9999 -9999 -9999 2.29691909762 2.30623312794 3.574927885 4.1419436912 3.86030446956 3.6958474338 3.18197579919 3.04111325724 2.59546940915 1.99972986741 1.66759479124 1.37581240872 1.36835187178 1.3935360644 0.981954788431 1.13559519986 1.03422959644 0.988587943333 0.891452897892 0.94847257378 0.822467004943 0.166087731069 0.181272723495 0.116239019705 0.167989589007 0.152537431887 0.412788270324 0.48885020803 0.425345084097 0.437412249662 0.289390686112 0.320231557149 0.241016624885 0.338511510118 0.653445172288 0.6758251181 0.430099814011 0.209934452193 0.263441544756 0.221269246273 0.180832581888 0.264242779623
-9999 -9999 -9999 -9999 -9999 -9999 -9999 -9999 -9999 -9999 -9999 -9999 -9999 -9999 5.6132423294 4.90040678985 4.4325912473 4.58624940367 2.8743976545 3.63037954168 2.9195167374 2.83323577855 2.27201510742 2.36722157936 2.03885778521 2.13058488118 1.49656175535 1.54081454891 1.0164120988 1.08055365977 1.08325199776 1.23987024407 1.11238150633 0.288700406609 0.169611569221 0.172457304496 0.14958684532 0.232550242818 0.130269248397 0.182087998865 0.0893876169159 0.182927910521 0.304707569738 0.334248114715 0.265782586931 0.245023127561 0.413943449092 0.364619492337 0.784043629903 0.942179664938 0.535642759873 0.695560892646 0.426656058577 0.579101096161 0.556614570183 0.449577584288
-9999 -9999 -9999 -9999 -9999 -9999 -9999 -9999 -9999 -9999 -9999 -9999 -9999 -9999 -9999 4.19455383006 3.78180002423 2.94037148892 1.76428770194 1.59599709434 2.27402855817 2.78677806391 2.24638125312 2.30801503944 2.1235959711 1.84353895946 1.21460676835 1.32160995506 0.409306156377 0.756309475942 0.836706610091 0.744319262337 0.705746912483 0.292512858752 0.191832372417 0.194698148232 0.182266345259 0.176736666953 0.173364355929 0.125176237037 0.092550799402 0.116668851722 0.0929542715698 0.13719525701 0.216928755043 0.141144801521 0.0959947920766 0.105050208544 0.18581846925 0.31565856824 0.284397540331 0.250714243354 0.406750911316 0.758490638913 0.69957276421 0.685611477471
-9999 -9999 -9999 -9999 -9999 -9999 -9999 -9999 -9999 -9999 -9999 -9999 -9999 -9999 -9999 -9999 3.88663276738 3.69369710264 3.42386241161 4.17133365261 3.7820000854 3.84573995001 2.35584139698 2.31057651494 2.23658839096 2.05508010734 1.59536837707 1.15134372681 0.361962786751 0.560514757392 0.562256719857 0.427970084422 0.441892893387 0.261974846951 0.173112637433 0.202538365772 0.203276037796 0.230318453585 0.232615109877 0.284329096507 0.448110755411 0.538258160022 0.272416395858 0.113760430005 0.0768590581236 0.0575643905295 0.0490980302149 0.259576110794 0.256327870368 0.194677879223 0.287192007062 0.479631595952 0.351266353107 0.280811352375 0.337813852629 0.295230932188
-9999 -9999 -9999 -9999 -9999 -9999 -9999 -9999 -9999 -9999 -9999 -9999 -9999 -9999 -9999 -9999 4.56767458942 4.57802523767 4.24930612609 4.09589694228 3.10454586605 3.18847239992 2.62645492176 2.74840302528 2.17693547219 2.36750704295 1.74197770004 1.66567166386 0.332115459004 0.484910344826 0.39408673784 0.246530454648 0.296540417429 0.257865146361 0.232247343275 0.188777518446 0.282679426589 0.310281736049 0.226798436874 0.202438070278 0.277190223279 0.312342270785 0.437527430795 0.47717366178 0.251276392082 0.145992251027 0.119200241607 0.13101152257 0.144374612134 0.242264252601 0.363575615497 0.386516741953 0.546146376745 0.592538657102 0.774781340551 0.499941137897
-9999 -9999 -9999 -9999 -9999 -9999 -9999 -9999 -9999 -9999 -9999 -9999 -9999 -9999 -9999 3.63703576276 3.60719533418 4.15220331231 4.30227360025 4.20327630353 3.48341477808 3.17594916366 2.55433245182 2.61507940601 2.1481885677 2.29081177904 1.91384266713 1.97027862871 0.690035596289 1.20945152918 1.08338108879 1.12544222596 1.1587895371 0.603512665938 0.230765260528 0.707798411436 0.273035835911 0.417352335147 0.197035154332 0.139567609893 0.148512170264 0.241200348517 0.159682662121 0.155774023449 0.16781885057 0.113691225609 0.179981466765 0.188054413912 0.139267597663 0.357562458206 0.278481599714 0.213375304625 0.249027445232 0.282091205537 0.324576308001 0.336102198778
-9999 -9999 -9999 -9999 -9999 -9999 -9999 -9999 -9999 -9999 -9999 -9999 -9999 -9999 7.73619369742 3.95197957289 3.73320124228 4.05428302165 3.97228040082 3.95132286825 3.32187141563 3.63316758534 2.77240984841 2.86546590231 2.15578762119 2.05389940935 1.6952762177 1.64848713784 1.15203792915 1.15047487878 0.923854500998 0.954100909049 0.781226877425 0.661626710081 0.24989361635 0.343264767943 0.611038832299 0.245561013742 0.0258151570419 0.0660301399438 0.0967436637001 0.114754997907 0.106118581073 0.119585528256 0.0811132955857 0.0684204173817 0.187934809828 0.258501108336 0.344551303778 0.266210859719 0.242258176368 0.239674422369 0.270014495545 0.263051200221 0.255043568016 0.27348683612
-9999 -9999 -9999 -9999 -9999 -9999 -9999 -9999 -9999 -9999 -9999 -9999 -9999 -9999 7.1044466176 4.8718303023 4.38855698424 4.00083865863 3.35685250492 3.374655083 3.04172496038 3.39669308616 2.87743610372 3.02090488447 2.29250252119 2.02363501812 1.72657915445 1.68245825652 1.26831001938 1.29810157679 1.19136775559 1.38967355179 1.27018452948 1.00363074668 0.280036369066 0.683370843709 0.661104455054 0.930912188967 0.345785328753 0.362558051393 0.585912375965 0.505514548148 0.138311597451 0.121653174939 0.107940359557 0.0598230154185 0.112483160335 0.4355977201 0.547100949767 0.630432941749 0.652214186058 0.643162140004 0.454917104292 0.386308804246 0.472422432119 0.447555196555
-9999 -9999 -9999 -9999 -9999 -9999 -9999 -9999 -9999 -9999 -9999 -9999 -9999 -9999 -9999 -9999 4.46106229011 5.14105461955 4.95880481365 4.88018319418 3.91259693875 3.26663607532 3.21865502709 3.23260977072 2.42056887333 2.36738870087 1.31727945538 1.39584732779 1.00451458985 1.32651965876 1.3486336026 1.25039935949 1.13162209071 0.924634491213 0.983053202749 0.995063595515 0.844942955253 0.385366504271 0.669689345484 0.802233570236 0.447938058947 0.346629280365 0.374048909739 0.182952997235 0.0735969208731 0.0895360141753 0.0827188148164 0.183780782666 0.342507390895 0.395153671119 0.399143983487 0.414470443385 0.376123675398 0.317513401989 0.224537521915 0.238826129437
-9999 -9999 -9999 -9999 -9999 -9999 -9999 -9999 -9999 -9999 -9999 -9999 -9999 -9999 -9999 -9999 5.7791039142 5.55035509543 5.22322806697 4.19265267907 3.99326848105 4.06700630658 2.82154537164 2.95194060297 2.83283132132 2.83786794486 2.09743597635 1.99929167223 1.58379457217 1.598556003 1.75961277164 1.64620017606 1.26976723806 1.05563049062 0.700639461756 0.762150583364 0.799702698027 0.974830250796 0.56400748915 0.446164092801 0.578106794271 0.799096994886 0.549633558827 0.290396084917 0.34411374318 0.0733501321475 0.0395398667222 0.0717546975018 0.269848149732 0.203658393035 0.172658808147 0.175547689869 0.149743279764 0.17209791098 0.178403333751 0.179749878609
-9999 -9999 -9999 -9999 -9999 -9999 -9999 -9999 -9999 -9999 -9999 -9999 -9999 -9999 -9999 -9999 -9999 -9999 5.28289439175 4.57932240796 3.57091070937 3.95242018397 3.63549722582 3.36673605885 2.69178567358 2.72003722295 1.91927754505 1.91227859489 1.51106612493 1.48631022232 1.10595981667 0.957479584402 0.908060464598 1.0092414425 0.68581333031 0.891764933988 0.878207955968 0.608643963201 0.545549158181 0.664460990177 0.472249010211 0.413026460424 0.381010063472 0.378028704327 0.343262945848 0.246589947021 0.049416525914 0.0481958684939 0.0912633852371 0.148062948882 0.208911149767 0.250280960273 0.153001460414 0.157329227827 0.192950293286 0.206706217365
-9999 -9999 -9999 -9999 -9999 -9999 -9999 -9999 -9999 -9999 -9999 -9999 -9999 -9999 -9999 -9999 -9999 -9999 -9999 4.02310010035 3.79062178581 4.03462273755 3.6660315595 4.22411607189 3.19378831171 3.00967042429 2.02354531306 1.80762363546 1.18503646502 1.13167014134 1.09896366847 0.47628492124 0.551165261693 0.83975069756 0.541916127147 0.404460156279 0.375378010609 0.589692543182 0.543605838713 0.597405090251 0.419166176811 0.38024388535 0.311712846929 0.394649818037 0.411576515156 0.428186941988 0.181610996655 0.0413627486578 0.0353646869934 0.0681336529556 0.117695681907 0.170699631555 0.143327023565 0.14187399818 0.182351328948 0.174353278248
-9999 -9999 -9999 -9999 -9999 -9999 -9999 -9999 -9999 -9999 -9999 -9999 -9999 -9999 -9999 -9999 -9999 -9999 4.95042232888 5.33594666101 5.11630040488 4.99435677956 3.83781232822 3.53921798934 3.11444073131 2.96423026399 1.9276459078 2.01026765945 1.41316801429 1.28228705516 0.422153846763 0.237686201797 0.25278905933 0.789997166418 0.545914791831 0.680801426366 0.862600023617 0.804696213365 0.699448137669 0.665715206935 0.631183920944 0.418501218101 0.323531367068 0.171071133992 0.0882648148935 0.149236173523 0.246232057365 0.2211166933 0.0878790040762 0.0441721946899 0.0757388898924 0.0616067974288 0.11084135978 0.163764185629 0.192893036288 0.216938127607
-9999 -9999 -9999 -9999 -9999 -9999 -9999 -9999 -9999 -9999 -9999 -9999 -9999 -9999 -9999 -9999 -9999 -9999 -9999 6.22182286322 5.81386890432 5.55850943016 4.10935800521 3.85638086024 3.60048031109 3.55157977776 2.32845514047 2.12431094143 1.77400088119 2.16842022147 1.08485758083 1.06726219239 1.30300087853 0.811636430615 0.363337683985 0.22096136184 0.335138017619 0.284044363243 0.236684643094 0.236715428909 0.300013263796 0.448976828509 0.397701593408 0.477218899072 0.415942733687 0.824825250596 0.515202384685 0.3590899431 0.122908447278 0.0555813053806 0.0267341411134 0.301858279312 0.200317704582 0.197255341008 0.0721985541987 0.0910963071079
-9999 -9999 -9999 -9999 -9999 -9999 -9999 -9999 -9999 -9999 -9999 -9999 -9999 -9999 -9999 -9999 -9999 -9999 -9999 -9999 4.96975092375 5.38551872367 4.15947833366 4.06711652289 3.07011909344 3.43117070177 2.33900176002 2.20751304837 2.2602721211 1.97913919442 1.50231738687 1.41504999097 0.962342627482 0.530367990703 0.369957596699 0.497444927617 0.593586045755 0.742591668856 0.666038858531 0.626190452666 0.491217313535 0.668043548521 0.613168239722 0.51526477837 0.719059360987 0.60137533898 0.49380883356 0.565863237315 0.454210500579 0.199592573482 0.101161694629 0.0647544342464 0.0334865060681 0.0312782271239 0.0700495695379 0.0301803038707
-9999 -9999 -9999 -9999 -9999 -9999 -9999 -9999 -9999 -9999 -9999 -9999 -9999 -9999 -9999 -9999 -9999 -9999 -9999 -9999 -9999 5.21475100787 4.56614368093 4.60266106054 3.07151359465 2.82051036248 2.38128922271 2.53796906842 1.96265263947 1.80301232529 1.01023387535 1.35575771054 1.17796671006 0.581110922376 0.862008254983 1.16653502538 0.916551080427 0.628520814192 0.534625151373 0.587547869002 0.819470588052 0.880849988977 0.947683651444 0.539534101979 0.439121069936 0.32554102639 0.418498139335 0.465369349085 0.465039220299 0.588451921726 0.25540732543 0.131580696771 0.182826992435 0.0525742053665 0.0211679085117 0.0260131082143
-9999 -9999 -9999 -9999 -9999 -9999 -9999 -9999 -9999 -9999 -9999 -9999 -9999 -9999 -9999 -9999 -9999 -9999 -9999 -9999 -9999 4.5135821638 4.08821596171 4.09806781649 3.77514832453 3.97498355961 3.11517433958 2.74279300085 2.12735644591 2.1341763791 0.61682316662 1.37460480716 1.39902806396 1.06608621997 0.598017302755 0.835934765096 0.679604153977 0.642695781381 0.535968445775 0.760352679042 0.83299545367 0.785692519431 0.564977313995 0.508564453849 0.614498056044 0.574805341366 0.528763866613 0.512619211549 0.340217060674 0.325824699703 0.195409939763 0.139356786862 0.0389526157044 0.0430044417086 0.0324295427763 0.0226828180983
-9999 -9999 -9999 -9999 -9999 -9999 -9999 -9999 -9999 -9999 -9999 -9999 -9999 -9999 -9999 -9999 -9999 -9999 -9999 -9999 -9999 -9999 4.33068431671 4.8962478869 4.23259108657 3.89005955277 3.11617606185 3.0647249886 2.20165145556 2.23753042597 2.11657953787 2.25106434636 1.49337679732 1.37521737469 1.47836735663 1.08056682383 0.99257954377 0.889694271765 0.758823347106 0.802322779474 0.841970530773 0.510513046585 0.550669151099 0.755699767833 0.362029389971 0.313845862829 0.249973692149 0.310748522545 0.420276060336 0.583732016825 0.142502804761 0.149723510275 0.142537295081 0.0406663508422 0.0210810181704 0.0188474890703
-9999 -9999 -9999 -9999 -9999 -9999 -9999 -9999 -9999 -9999 -9999 -9999 -9999 -9999 -9999 -9999 -9999 -9999 -9999 -9999 -9999 -9999 4.4856518143 4.36266360253 4.06681418632 4.29488996285 3.51445360088 2.91281389106 2.41513356291 2.47108291607 2.03147972363 2.09877737204 1.90532427087 1.59086704139 1.10929254126 1.56669815635 0.968175715589 0.872750154878 1.01429082296 1.01365967172 0.594723370552 0.864848922787 0.563431200699 0.433219905032 0.378731074665 0.422460891649 0.524449055397 0.550815773254 0.314882640757 0.297248128109 0.11434683944 0.248256455343 0.0330223993052 0.0671973285952 0.0390265147765 0.0355445743565
-9999 -9999 -9999 -9999 -9999 -9999 -9999 -9999 -9999 -9999 -9999 -9999 -9999 -9999 -9999 -9999 -9999 -9999 -9999 -9999 -9999 -9999 4.4494403479 4.80328967335 4.87794621892 4.4403142437 3.78984040388 3.67336267274 2.78441144932 3.08589203605 2.42028926742 2.11305040919 1.76736592595 1.7419768501 1.72266875061 1.11816819452 0.9803656478 1.39793178066 1.0856526162 0.95990318153 0.902266216124 0.67312914116 0.436007925151 0.564851317479 0.717356064151 0.622009946218 0.539222997933 0.458145202936 0.354931747235 0.355552738575 0.463666458908 0.378323479862 0.0616594952418 0.0535777345947 0.0603194534328 0.0668301919286
-9999 -9999 -9999 -9999 -9999 -9999 -9999 -9999 -9999 -9999 -9999 -9999 -9999 -9999 -9999 -9999 -9999 -9999 -9999 -9999 -9999 -9999 -9999 5.06731532394 5.16972708312 4.5577681158 3.56920222158 3.56973069253 2.68365307355 2.92719964912 2.44683304292 2.67980879832 2.25383009116 2.42558619448 1.46369736286 1.66482931899 1.5591014008 1.30143421729 0.715467064893 0.546031389286 0.445164177059 0.624287999972 0.785986247231 0.817283870498 0.660228396155 0.569614619288 0.292895912946 0.250941584397 0.244463977625 0.265749217235 0.214350340629 0.272168057336 0.283419833189 0.151912463497 0.046049658106 0.0476758187341
