data/recharge/transience/recharge581.asc
ncols                  80
nrows                 72
xllcorner      4374000.0
yllcorner      5656000.0
cellsize            500
NODATA_value       -9999
[rows 0 to 24 of 72, columns 0 to 56 of 80]
-9999 -9999 -9999 -9999 -9999 -9999 -9999 -9999 -9999 -9999 -9999 -9999 0.611142493839 0.613054859906 -9999 -9999 -9999 -9999 -9999 -9999 -9999 -9999 -9999 -9999 -9999 -9999 -9999 -9999 -9999 -9999 -9999 -9999 -9999 -9999 -9999 -9999 -9999 -9999 -9999 -9999 -9999 -9999 -9999 -9999 -9999 -9999 -9999 -9999 -9999 -9999 -9999 -9999 -9999 -9999 -9999 -9999 -9999
-9999 -9999 -9999 -9999 -9999 -9999 -9999 -9999 -9999 -9999 -9999 -9999 1.94039365189 1.50334132119 1.38327463473 -9999 1.80097771398 -9999 -9999 -9999 -9999 -9999 -9999 -9999 -9999 -9999 -9999 -9999 -9999 -9999 -9999 -9999 -9999 -9999 -9999 -9999 -9999 -9999 -9999 -9999 -9999 -9999 -9999 -9999 -9999 -9999 -9999 -9999 -9999 -9999 -9999 -9999 -9999 -9999 -9999 -9999 -9999
-9999 -9999 -9999 -9999 -9999 -9999 -9999 -9999 -9999 -9999 1.17436123523 1.14773270501 1.51612099276 1.61128362989 1.15581525514 1.06127213504 1.0232713539 1.04855389707 -9999 -9999 -9999 -9999 -9999 -9999 -9999 -9999 -9999 -9999 -9999 -9999 -9999 -9999 -9999 -9999 -9999 -9999 -9999 -9999 -9999 -9999 -9999 -9999 -9999 -9999 -9999 -9999 -9999 -9999 -9999 -9999 -9999 -9999 -9999 -9999 -9999 -9999 -9999
-9999 -9999 -9999 -9999 -9999 -9999 -9999 -9999 -9999 1.04158332397 1.17345277928 1.14559443757 1.14812403784 1.26587964065 1.24522627429 1.12354570304 1.18408397765 1.70133603248 -9999 1.59904999151 -9999 -9999 -9999 -9999 1.26913815505 1.64194400137 -9999 -9999 -9999 -9999 -9999 -9999 -9999 -9999 -9999 -9999 -9999 -9999 -9999 -9999 -9999 -9999 -9999 -9999 -9999 -9999 -9999 -9999 -9999 -9999 -9999 -9999 -9999 -9999 -9999 -9999 -9999
-9999 -9999 -9999 -9999 -9999 -9999 -9999 -9999 1.87137032432 1.41490509998 1.09552717548 1.03133903804 1.06195092724 0.91929885716 1.05014815106 0.954485076842 1.02332104773 1.09263877155 0.958266286493 1.04293511435 1.12919372976 1.2503662294 -9999 1.2849162889 1.65275861192 1.75463312313 -9999 -9999 -9999 -9999 -9999 -9999 -9999 -9999 -9999 -9999 -9999 -9999 -9999 -9999 -9999 -9999 -9999 -9999 -9999 -9999 -9999 -9999 -9999 -9999 -9999 -9999 -9999 -9999 -9999 -9999 -9999
-9999 -9999 -9999 -9999 -9999 -9999 1.38498012897 1.02742469589 1.0469831143 1.15047771661 1.41171507787 1.47549044578 1.30114604599 1.16732687385 1.01625028592 1.17073788113 0.858430631546 0.878283175956 0.83174713997 1.02266843113 1.07217331761 1.18993764247 1.15442587287 1.32887270921 1.54933884033 1.46405269006 1.62162947405 -9999 -9999 -9999 -9999 -9999 -9999 -9999 -9999 -9999 -9999 -9999 -9999 -9999 -9999 -9999 -9999 -9999 -9999 -9999 -9999 -9999 -9999 -9999 -9999 -9999 -9999 -9999 -9999 -9999 -9999
-9999 -9999 -9999 -9999 -9999 -9999 1.43168009604 1.1994629912 0.906310899386 0.846175168907 0.839120849383 0.906985711867 0.977793682359 0.879256938552 0.891550485695 0.744159731011 0.719907261918 0.962760152128 1.0872844264 0.787088488338 0.921827090039 1.18905634912 1.0741435697 1.11096775009 1.31910516731 1.21891333866 1.69730967803 1.51864413166 1.4847883298 1.34134979291 1.97550531037 1.93192831412 -9999 -9999 -9999 -9999 -9999 -9999 -9999 -9999 -9999 -9999 -9999 -9999 -9999 -9999 -9999 -9999 -9999 -9999 -9999 -9999 -9999 -9999 -9999 -9999 -9999
-9999 -9999 -9999 -9999 -9999 1.91236440106 1.54871019135 1.52166205841 1.39786608055 1.55330025918 1.48025397189 1.21069290259 0.707195579638 0.747796207906 1.0628427464 1.00073952947 0.909240829762 0.97146056138 1.43273916 0.690190020376 0.929986452852 0.870138718536 0.974555961721 1.03341419197 1.26163513249 1.33027799327 1.61002875623 1.4013342479 1.38371167378 1.32645605109 1.34314271514 1.46937668397 1.308015522 1.22253316909 -9999 -9999 -9999 -9999 -9999 -9999 -9999 -9999 -9999 -9999 -9999 -9999 -9999 -9999 -9999 -9999 -9999 -9999 -9999 -9999 -9999 -9999 -9999
-9999 -9999 -9999 -9999 -9999 1.84977500561 1.65181473817 1.67306986418 1.44158519757 1.24740614089 1.268262908 1.42421819857 0.79164763663 0.70535587819 1.44654205372 1.51285896879 0.84925518259 0.582245586024 0.82726848234 0.706351566814 0.823154995783 0.841047230609 1.23773710967 1.15385257059 1.07806497221 0.969790564402 1.37493276501 1.17445304132 1.12306484856 0.933896856275 0.963101727899 0.92675422225 1.24713001795 1.15248855366 1.26710840097 1.14936814604 -9999 -9999 -9999 -9999 1.22865515795 1.13266745906 -9999 -9999 -9999 -9999 -9999 -9999 -9999 -9999 -9999 -9999 -9999 -9999 -9999 -9999 -9999
-9999 -9999 -9999 -9999 -9999 1.59244053774 1.45877695802 1.51289749054 1.57804931451 1.76183559167 1.62040392118 1.48673726653 1.3437301661 1.71104685441 1.68796578235 1.27156872466 1.14461072634 1.2460700521 1.10725878676 1.50858320471 1.0468870595 0.93981750222 0.897494656166 0.834263621566 1.03825127174 1.01695351268 1.22862700509 1.10146633968 1.25736610262 0.887972006769 0.64352506926 1.01134447751 1.21987804883 1.29745873493 1.34826267656 1.2345355489 1.21550853245 -9999 -9999 1.2047847271 1.36210378558 1.27952312281 1.54368475088 -9999 -9999 -9999 -9999 -9999 -9999 -9999 -9999 -9999 -9999 -9999 -9999 -9999 -9999
-9999 -9999 -9999 -9999 -9999 -9999 1.96639034563 2.24623702608 1.71986475745 1.5690480824 1.33988188137 1.57473238782 1.41712163666 1.94173141179 0.996699980033 0.958267933596 1.14997460877 1.08991304015 0.968811217714 0.946099731549 1.09042057468 1.17422044204 1.10232056934 1.24947504928 1.09134108657 0.917152292768 0.99157244705 1.10133947714 0.980738105618 0.913942143182 0.974519803605 1.10083031622 1.12468123811 0.994280420801 1.07200776376 1.11898787884 1.26129434259 1.16766837735 1.15438997972 1.10041058977 1.07701448991 1.40586539945 1.26159005202 1.11961808122 -9999 -9999 -9999 -9999 1.66758589324 1.45663530159 0.351960450146 -9999 -9999 -9999 -9999 -9999 -9999
-9999 -9999 -9999 -9999 -9999 -9999 -9999 1.80873780046 1.46049634241 1.84457542567 1.90382201988 1.59421796182 1.00063278143 1.00634064742 1.34556174107 1.73814596 1.61665058653 1.5060798561 1.54571359416 1.17985104022 0.984114012416 0.995530125743 1.00676614337 1.02306843506 0.950092973594 0.802867550471 0.900637129494 0.95470888688 0.934074814392 0.889925770296 1.1034411735 1.04797598206 1.10859575693 0.989134382576 1.16572821389 1.15049070499 1.18088298428 1.18878953995 1.11493588679 1.11092210287 1.08625123925 1.13628235939 1.41229050943 1.77641232715 1.64705866028 1.83142883763 1.90084133287 1.64164412586 1.59401223875 1.23855999703 0.990747892644 0.829531527331 -9999 -9999 -9999 -9999 -9999
-9999 -9999 -9999 -9999 -9999 -9999 -9999 -9999 1.05148513755 1.16651175421 1.48048314928 1.76987980554 1.61115632793 1.85453908899 1.73414264978 1.50208623836 1.11579944442 1.12515435075 0.951286193517 1.14047697635 1.66515907622 1.5569001002 1.35239279861 1.63923032029 1.73914744152 1.62570488255 0.851461774987 0.864150305268 0.798497735033 0.810971776297 0.79271412001 0.925174384236 0.907183677577 0.902372137972 0.990335159885 0.799895018807 0.937462984623 1.07854357248 0.942880031901 0.925080980691 1.08213572612 1.27553307373 1.67143844118 1.53781025588 1.52390620518 1.4012731007 1.50761261467 1.35127630452 1.28073841605 1.01572795061 0.871658873918 0.950638156498 0.76527506462 -9999 -9999 -9999 -9999
-9999 -9999 -9999 -9999 -9999 -9999 -9999 -9999 1.81783680664 1.45007058226 1.29468736931 1.31074937197 1.32803035954 1.31099855465 1.12448014438 1.08115463002 1.07762092924 1.1959943231 1.1427206592 1.29026909838 1.52469670259 1.50024200597 1.85377121825 2.71606136796 2.24797625225 1.59848000696 1.83444976881 1.1019293161 1.0270028934 0.816548044364 0.80703849156 0.906887574872 0.871540746903 0.910210217267 0.862497647324 0.484095267303 1.14481385549 1.01921380297 0.939436709009 0.911991290829 0.891021685363 1.0847629737 1.56585591134 1.55949318304 1.40715048735 1.3921549926 1.49028551679 1.38319836784 1.25780070752 0.934289287104 0.910688239956 0.916808072286 0.736304540719 0.774952112308 0.647935056693 0.72046060367 -9999
-9999 -9999 -9999 -9999 -9999 -9999 -9999 -9999 -9999 2.10204863691 1.74778318674 1.2054833921 1.33336497572 1.41318795431 1.35414509952 1.38786324443 1.75698877334 1.93392619107 2.08043097304 2.11770998082 1.88696721071 1.40256743018 1.55392540895 3.73340249277 3.06025282033 2.83316268386 2.2256954715 1.51296481562 0.767151429874 0.74384389411 0.744874005347 0.819771136535 0.795904256689 0.789437058805 0.833794854814 0.845127406555 0.950633496885 0.866866057213 0.789272613925 0.803761041045 0.75907262902 0.825462464972 1.11956101971 1.62626506933 1.30758902566 1.20940025987 1.12610349882 1.08587887635 0.770168291306 0.721592141856 0.758345100197 0.72366620226 0.642636178233 0.638028028252 0.710361227297 0.818906446113 0.801094332918
-9999 -9999 -9999 -9999 -9999 -9999 -9999 -9999 -9999 -9999 1.42120790334 1.19221931562 1.17896059858 1.12395668755 1.18999811064 1.04167950267 1.51351944743 2.02449837124 1.78825406652 1.41685409464 1.31944936069 1.30865561392 1.21973956258 1.50929600573 2.21551125187 3.11461018451 2.98248791 2.13295027829 1.42467192715 0.638147292819 0.750695190737 0.757420192507 0.888947389546 0.763636021954 0.96283274774 0.87684946417 0.912928447383 0.868126127803 0.799918080946 0.807935127664 0.822672743684 0.81423890574 0.716233610998 1.20480535739 1.66236508362 1.90619829263 1.45027830176 1.10150851087 0.731642628494 0.746592983111 0.89338999082 0.849018390148 0.71156238836 0.664940199765 0.560743307074 0.87293287934 0.787861890725
-9999 -9999 -9999 -9999 -9999 -9999 -9999 -9999 -9999 -9999 -9999 0.750784113845 0.643686138918 0.96664378052 1.14361992533 1.10414627781 1.48795526198 1.45671527048 0.968942481967 0.998521177309 1.2173136821 1.19857926646 1.07998332452 0.962947631211 1.00279083772 1.45425374965 2.23280362688 2.45369540242 2.00241900807 0.262425509142 0.436350331495 0.756794148704 0.844043784298 0.864159591865 0.967262457516 0.793117857711 0.7700812892 0.76080166569 0.776129910457 0.775321342783 0.834444338725 0.727861648393 0.729482030833 0.716606921394 0.967201820706 1.1029172729 1.26671391087 1.303984764 0.809293727475 0.67980148273 0.647101039273 0.660735098251 0.655678912357 0.578982959459 0.47981820718 0.499201206345 0.583056046041
-9999 -9999 -9999 -9999 -9999 -9999 -9999 -9999 -9999 -9999 -9999 0.471889155377 0.767873070189 0.961315483947 1.16944232967 1.16674953576 1.18290577748 0.983139331709 0.969453535497 0.988183804766 1.04696050781 1.27285673345 1.0697313913 1.11702817946 0.997654551447 1.06384559491 1.13247705495 1.49983000501 1.68752618068 1.8777526379 2.3397607779 2.26775510194 1.59584978734 1.38262874468 0.912080552966 0.668657603444 0.764776836468 0.787177323608 0.74208037509 0.611687356816 0.706661593422 0.920652814613 0.657107090664 0.674883946804 0.724477812431 1.15095714824 1.65154310164 1.94264374154 1.83228332889 1.22551148611 1.68972712468 1.54265090297 1.04543783891 0.744165568872 0.680186061906 0.520582476265 0.425749721276
-9999 -9999 -9999 -9999 -9999 -9999 -9999 -9999 -9999 -9999 -9999 1.64296897734 1.48844221581 1.33276182504 0.901605471741 1.0303580898 1.1256727114 0.874850434179 0.825467995102 0.826448248022 0.859638686516 0.893700034495 0.865772035726 0.88872386112 0.693233404169 0.651487112395 0.658278736859 0.63426894406 0.731136659744 0.782128000967 1.08123701909 1.93972691818 2.79949226331 2.61644405284 1.32164682307 0.367720437091 1.49212329538 1.02645829461 0.656418254195 0.443759528443 0.388570137638 0.79269149559 0.890153979288 1.05340240249 1.11702085628 1.44265228901 1.49412017181 1.32110612311 1.37740497215 1.44032354845 1.49488218012 1.67585013747 1.75415827763 1.79661402784 0.974720897408 0.479607215247 0.428091889084
-9999 -9999 -9999 -9999 -9999 -9999 -9999 -9999 -9999 -9999 -9999 -9999 0.995936338553 1.22778516254 1.2031193547 0.805387615331 0.881937698699 0.9925995476 0.990063402828 0.857308241991 0.907877088917 0.821227659532 0.859823480986 0.868287466055 0.716258570337 0.744323682642 0.679712030253 0.72110214254 0.704726264866 0.648888061275 0.667787197066 0.723496901857 0.682632792928 0.959947491272 1.70866970957 0.167446281927 0.751838179793 1.31470014056 1.07479683045 0.752096032442 0.831814044333 0.799452914269 1.18078121132 1.41996672821 1.46446314559 1.38785504887 1.2784468676 1.34187351916 1.04978768634 1.20681290787 1.30675945783 1.18900809277 1.01261770244 1.03038734856 1.05640198216 1.05186732588 0.177198046921
-9999 -9999 -9999 -9999 -9999 -9999 -9999 -9999 -9999 -9999 -9999 1.29961912537 1.3212852583 1.51110044776 1.67220844722 0.717539125154 0.706549096747 0.960595152897 0.858461308771 0.880957579055 0.704644712696 0.683459247081 0.645370147371 0.674730350489 0.748185531329 0.727516308206 0.53072078497 0.60273816477 0.65479637725 0.616364381627 0.581602074648 0.622179420615 0.579262735804 0.567779047634 0.644142370489 1.39080932024 1.7721263388 1.30106953454 1.55168618574 0.735720847733 0.774973859675 0.823014977129 1.11599021963 1.42183388091 1.81378254195 1.80706030657 1.39719229065 1.75571092416 1.49254475148 1.54034453369 1.30545698471 0.940670936743 0.847836971777 0.85592989631 0.79219654008 0.893761165328 1.19564628939
-9999 -9999 -9999 -9999 -9999 -9999 -9999 -9999 -9999 -9999 -9999 1.41551613365 1.94553649877 1.827269847 1.27857148009 0.886545215838 1.16261695405 1.14187512379 0.878012374011 0.749599020933 0.776743918364 1.06502271285 0.586562384361 0.755886520327 0.814531955372 0.831876812921 0.442918850003 0.632500754808 0.715435094634 1.10611058193 0.972227077122 0.645550276252 0.561147361671 0.568630762035 0.615069568838 0.765671176922 1.48489880563 1.96619135947 1.7448504229 1.0235544883 0.654354103878 0.959895119461 1.14974408262 1.03824886458 1.05218352124 0.954001311792 1.10082923216 1.16762927333 1.12464321885 1.29218969371 1.3015739002 1.42509944655 1.24100505772 1.18985948063 1.11756504118 1.02123788781 0.707716616321
-9999 -9999 -9999 -9999 -9999 -9999 -9999 -9999 -9999 -9999 -9999 2.02108133424 2.05500215471 1.62473012507 1.75748223332 1.68738741682 1.20929705725 1.39667429143 1.29305062611 1.21319381447 0.698118412689 0.405274787951 1.03590982769 1.67996836533 1.48049005084 1.47649394046 1.51517088593 1.11151570388 0.786550405488 0.601704009595 0.63532022328 0.99384094458 1.06180510335 0.948278352423 0.715182352566 0.749608480028 0.98181884312 0.920500339573 1.41930478625 0.767524438291 0.831999489501 0.882390504854 0.845320859896 0.869315480966 0.860292779824 0.863182058832 0.780197706848 0.791484085853 0.731638140991 0.66953942817 0.725272529865 0.387751658677 0.37299681014 0.646293002812 0.573082045333 0.784052241769 0.895365705922
-9999 -9999 -9999 -9999 -9999 -9999 -9999 -9999 -9999 -9999 -9999 -9999 2.17120236018 1.96680455598 1.58377089967 1.620739112 1.70436621537 1.50780426867 1.17386036426 1.29082147091 1.32856844172 1.42053188952 1.28302227633 1.24712648667 1.33429430903 1.30336067578 1.11748926761 1.21194310068 1.13603888038 0.944515493477 0.799365893886 0.587625898557 0.520218072134 0.591659971929 0.621396518087 1.19615810298 1.12463769206 0.977478334212 1.59644303661 1.15879695956 0.787370633909 0.674846434635 0.756505858376 0.742309240464 0.823422696304 0.880610209867 0.734638721017 0.710748298743 0.639636629965 0.634041181955 0.549582444301 0.172043569566 0.225077110811 0.774176355764 0.730821288868 0.689547190022 0.594367741403
-9999 -9999 -9999 -9999 -9999 -9999 -9999 -9999 -9999 -9999 -9999 -9999 2.57074837418 1.89716961827 1.79054661566 1.78194762984 1.53135158764 1.62727004145 1.4263226705 1.25403758051 1.1843401002 1.02352297093 1.15893487215 1.98777476972 1.05097328834 1.39495857605 1.13424668546 1.58698608857 1.49059998443 1.97079094376 1.60199342153 1.68903706635 1.31390136358 1.21256783191 1.14613425308 1.0900955495 0.28977063122 1.53067953345 2.04497831785 1.43289515583 1.03929162834 0.660777353523 0.580259321532 0.567735607234 0.580423262443 0.606475492678 0.575064876773 0.595416582422 0.529899180882 0.55487089738 0.529045153422 0.465849582097 0.466625664876 0.590039968754 0.564209322278 0.734375946521 0.443552558184
