data/recharge/transience/recharge100.asc
ncols                  80
nrows                 72
xllcorner      4374000.0
yllcorner      5656000.0
cellsize            500
NODATA_value       -9999
[rows 25 to 49 of 72, columns 0 to 56 of 80]
-9999 -9999 -9999 -9999 -9999 -9999 -9999 -9999 -9999 -9999 -9999 -9999 3.86657611936 3.98789609262 3.53334318849 3.73161584202 2.60093031269 2.45492095944 1.98664724411 2.63831543421 1.83197797345 1.69417447419 1.32499184016 0.597331812168 1.16851999893 1.76855275694 2.0629113932 1.57052842834 1.11163242586 0.923706072429 0.754475046555 0.676269147507 0.537764788403 0.45900583436 0.518414074432 0.517092926669 0.691803504577 0.699758789782 0.53673609756 0.549790327785 0.476286362176 0.29529142592 0.388512415725 0.496539299954 0.47176712673 0.489420409309 0.493288364816 0.48838313682 0.475711149091 0.532812898019 0.49546125887 0.348948817034 0.240199190992 0.182540576802 0.197492891497 0.205257260278 0.203960560976
-9999 -9999 -9999 -9999 -9999 -9999 -9999 -9999 -9999 -9999 -9999 -9999 -9999 3.44554312412 3.65101531818 3.8350016152 3.26053293945 3.30947412493 2.5523350116 2.16119423369 1.83550232688 2.2040504006 2.05703456926 1.17245605773 1.64834938327 1.35881765321 1.47463742027 1.29248775387 1.19370453477 1.33860299193 1.03565022221 0.922756714258 0.66387487646 0.505171629531 0.577755993817 0.16489234431 0.469266265974 0.688376312261 0.765333081192 0.496188655898 0.40916496025 0.528334733751 0.271217952038 0.308391376981 0.281353700141 0.337625143898 0.40873957524 0.384199173393 0.238249848513 0.170899320039 0.175851433152 0.198938944334 0.227335962352 0.253026375431 0.164885540845 0.171909700285 0.169366122523
-9999 -9999 -9999 -9999 -9999 -9999 -9999 -9999 -9999 -9999 -9999 -9999 -9999 -9999 2.92509656946 3.00627822262 2.57791532893 3.00399222249 2.72874792858 2.93887603381 2.19750163873 2.49509997907 2.04066996864 1.80645379502 1.39664699776 1.24434988825 1.32806181043 1.78409186413 1.2718670221 1.06323331179 1.04885317832 1.07252759934 0.940882019127 0.748904766702 0.680423461534 0.290786427663 0.412394098979 0.59928732964 0.588524154057 0.34787024398 0.307016641033 0.437741205451 0.492551837854 0.334412321882 0.214813892672 0.265688173527 0.215142117653 0.197097916034 0.191175152251 0.235128973667 0.216323255964 0.15135851228 0.141756358224 0.170598364631 0.203666774766 0.438788363462 0.452396331512
-9999 -9999 -9999 -9999 -9999 -9999 -9999 -9999 -9999 -9999 -9999 -9999 -9999 -9999 0.803204810612 1.1396058839 2.87533213575 3.20267357815 2.90307478692 3.07455461873 2.86611489276 2.66720251286 1.82718342187 2.50406319887 2.08197468809 2.32246820618 1.24999514809 1.26209860305 1.43854468173 1.64775519969 0.647489156536 0.233061225272 1.16401853873 2.67071516246 1.4531770739 0.287499965186 0.477622479757 0.487510650615 0.373383675968 0.326473690283 0.376945929341 0.461708119377 0.456124145361 0.517793482623 0.390639819582 0.287013075332 0.124986875352 0.0879417119634 0.117509629438 0.18677959877 0.30200959711 0.370479015473 0.431749045132 0.320569276686 0.273975137322 0.310147614944 1.06456694228
-9999 -9999 -9999 -9999 -9999 -9999 -9999 -9999 -9999 -9999 -9999 -9999 -9999 -9999 0.891640289714 1.42715766106 3.0567682324 3.36239820392 3.33666751791 3.38103608303 3.01257275594 3.00263883974 2.74947210841 2.04470021144 1.57016431724 1.26834335818 1.53223885318 1.61852813417 1.11516599142 1.32391640489 1.16477121096 0.906514504474 0.953976708913 1.40949178658 1.93223978256 0.266270602257 0.346679219761 1.20610685763 0.249244731001 0.255036046988 0.404563992917 0.491969075899 0.393735510722 0.40755742019 0.256245807785 0.297466428035 0.195156218909 0.301767493764 0.658448557095 0.735957672739 0.573767935666 0.32641092188 0.51991549812 0.458178646605 0.415368039939 0.488897120608 0.418575000394
-9999 -9999 -9999 -9999 -9999 -9999 -9999 -9999 -9999 -9999 -9999 -9999 -9999 -9999 5.10401627931 4.34883097259 4.12895131116 4.32539500121 3.60018912407 4.13922666314 3.07888319604 2.83040974382 2.57386549931 2.65111693663 2.30303312407 2.44731982986 1.85535926803 2.17092761584 1.78961292803 1.53469296733 1.4873217193 1.74377301256 1.46969546029 0.369465499189 0.328721649741 0.334251770702 0.270791201712 0.738504909169 0.216229709763 0.350561153282 0.367838751867 0.409108720147 0.319456327591 0.358255843693 0.262467192602 0.257077179454 0.512248351437 0.631291089216 1.24662132516 1.42845058227 0.978851402761 1.13813829956 0.720283296746 0.734548740816 0.634799503796 0.496154296192 0.579346028035
-9999 -9999 -9999 -9999 -9999 -9999 -9999 -9999 -9999 -9999 -9999 -9999 -9999 -9999 -9999 3.6066187878 3.42074258607 3.40552423034 4.08443407675 2.8579404556 2.58936485064 2.68710572231 2.4811204477 2.61138817266 2.27863536141 2.16099984825 1.55990576404 1.77937530005 0.753065030398 1.41657702349 1.10696451646 1.10479819561 0.871884432975 0.536815982868 0.372122695189 0.377758890393 0.330148539614 0.320001323239 0.293307325568 0.209204639171 0.141800871638 0.211652489518 0.18926725577 0.197629424494 0.231791111777 0.205842263732 0.213980496246 0.242624525207 0.365628859153 0.403961539326 0.266918264337 0.22612424272 0.43624324344 0.881588393031 0.80505888289 0.789211924474 0.627601931895
-9999 -9999 -9999 -9999 -9999 -9999 -9999 -9999 -9999 -9999 -9999 -9999 -9999 -9999 -9999 -9999 3.5212952327 3.37133627876 3.29007039767 4.34147118204 4.2569236936 4.26404118028 2.79495155058 2.51531119163 2.84705888197 2.55335285012 2.20756143533 1.36958379461 0.557846132159 1.28346888208 1.95295408932 0.912356291655 0.910034142109 0.493920754936 0.38209746404 0.447304650908 0.423528006746 0.480909678904 0.454543726699 0.62447080593 1.22520391035 1.05152028397 0.893976269408 0.501343316761 0.234863511951 0.161719354506 0.122937470904 0.401648301053 0.290676465174 0.202108880661 0.32054653899 0.618000052529 0.399566386555 0.297693730741 0.370301553211 0.310382237201 0.280412739813
-9999 -9999 -9999 -9999 -9999 -9999 -9999 -9999 -9999 -9999 -9999 -9999 -9999 -9999 -9999 -9999 4.43290104522 4.36875437932 4.33501869156 4.21099318622 3.34200313248 3.43663254342 3.19210411071 3.00651061431 2.80832851625 3.13007426849 2.49079870672 2.24557460914 0.604727769872 0.976812189256 0.517473278316 0.383492730971 0.486068173277 0.451891171041 0.497945320931 0.41671162451 0.583508484422 0.503619173177 0.442912604642 0.408614238294 0.696430772346 0.416422844463 0.728329675362 1.30420199655 0.721391764774 0.46044705211 0.444843375438 0.259053492887 0.197741348805 0.269464684177 0.437265448442 0.472965516145 0.684674882814 0.748924327725 0.946975730495 0.600022299073 0.284266506099
-9999 -9999 -9999 -9999 -9999 -9999 -9999 -9999 -9999 -9999 -9999 -9999 -9999 -9999 -9999 3.06330239402 3.28192014351 3.90129175917 4.51539189029 4.38417740503 3.83317447676 3.41899424934 3.06219278289 3.24051879635 2.89568896579 3.14205623756 2.87610876567 2.97761571133 1.02247014942 1.68630957347 1.91570654992 1.99815078607 2.02997626553 0.813572902653 0.411166367243 1.05477471598 0.824001959694 1.00300787456 0.729586436132 0.324543632765 0.644598029419 0.856204878953 0.716406640918 0.701986975126 0.71065268637 0.509469691309 0.185528378393 0.215110497296 0.375772854643 0.55036839801 0.363850385158 0.252560574625 0.288163157971 0.341398721587 0.384119013574 0.40224993848 0.485156115979
-9999 -9999 -9999 -9999 -9999 -9999 -9999 -9999 -9999 -9999 -9999 -9999 -9999 -9999 3.66826553808 3.42668885827 3.43471557271 3.78060093362 3.97933253812 4.05183133753 3.72701102085 4.17862696246 3.46651546521 3.62058359493 2.90991046545 2.73476447021 2.47213997893 2.43301951013 1.97247639511 1.96938067449 1.60775963579 1.66514679722 1.27569652427 1.58060892233 1.85284578997 2.40385482839 0.700139168857 0.455647582746 0.603928041519 0.83459023934 0.662512605124 0.571356416097 0.49844425215 0.558075647993 0.363734268872 0.300782330983 0.380703083118 0.528982522123 0.523362274157 0.372518381581 0.300822242981 0.296448936752 0.321690138185 0.310473830749 0.277235445885 0.30513672382 0.333638450257
-9999 -9999 -9999 -9999 -9999 -9999 -9999 -9999 -9999 -9999 -9999 -9999 -9999 -9999 3.91149508028 4.48842643778 4.25155977506 3.74818734916 3.38798026446 3.29121990957 3.41737343917 3.95992953564 3.73993343779 3.98255539657 3.30494758784 2.80544765345 2.64624134069 2.64672097007 2.19882097154 2.39237093201 2.31587264406 2.62448638411 2.96075335973 2.59492446844 2.09048463758 2.92111064759 2.5263610496 3.10637111509 1.69112445932 1.73756561231 2.19599875121 2.01612667281 0.837322645349 0.75406711534 0.650983051837 0.362959383013 0.614894325505 1.09537227793 1.0233821627 1.20772959644 1.12123678955 1.1063548892 0.713785911448 0.587340599258 0.68793537797 0.646791507357 0.418630095611
-9999 -9999 -9999 -9999 -9999 -9999 -9999 -9999 -9999 -9999 -9999 -9999 -9999 -9999 -9999 -9999 4.3421355422 5.21140377225 5.49198893737 5.39020103717 4.68422336957 3.71621877516 4.31786850429 4.34210075328 3.53916647691 3.44309700314 2.1328708042 2.28811723528 1.86801074696 2.42310607394 2.52414436327 2.71546611992 2.65060721726 2.16080748734 2.32667604175 2.35547896787 2.35161631233 1.70805520914 2.42560645677 2.52361020676 1.41622664195 1.29942902174 1.41027749707 0.941632394542 0.453624637303 0.549629440093 0.463683682037 0.464545275559 0.569587840032 0.727799331522 0.656245305302 0.686883557118 0.568365348971 0.456996496974 0.257152766483 0.281496390999 0.492208577288
-9999 -9999 -9999 -9999 -9999 -9999 -9999 -9999 -9999 -9999 -9999 -9999 -9999 -9999 -9999 -9999 5.85086667082 5.57770307396 5.8219336591 4.4835638716 4.98430773214 5.05164671204 3.78576423754 4.03497123209 4.44923474017 4.46740923055 3.8350796374 3.63281466516 3.2252851098 3.18034946481 3.78487015647 3.52510675266 2.81644546794 2.61438233509 1.7924160625 1.96564548313 2.05746629028 2.52627683976 1.50147761814 1.29914367272 1.66272202771 2.28192761664 0.752671049075 1.22202717893 1.53328385606 0.577169398988 0.260245953638 0.417297744813 0.530911720173 0.36164555374 0.249490501412 0.255640136627 0.185492083051 0.226572226852 0.20716005329 0.209478131966 0.187693010618
-9999 -9999 -9999 -9999 -9999 -9999 -9999 -9999 -9999 -9999 -9999 -9999 -9999 -9999 -9999 -9999 -9999 -9999 5.89904854584 4.99184424204 4.36068300669 4.92414297247 5.14229695413 4.76569320226 4.17557076615 4.13964323136 3.43282835661 3.46794959104 2.99688422083 2.93168250661 2.26875234617 1.92820458791 1.88308011129 2.24748431146 1.75043264799 2.32181639937 2.27004522162 1.52398354452 1.35041364126 1.98225109386 1.33136474546 1.13444568012 0.917779980424 0.908283598432 0.79512115546 0.824483227878 0.33582027795 0.344996470596 0.481199283737 0.259369169888 0.301314124934 0.36353152051 0.191259538048 0.199045733804 0.232518167636 0.258022534999 0.210484295797
-9999 -9999 -9999 -9999 -9999 -9999 -9999 -9999 -9999 -9999 -9999 -9999 -9999 -9999 -9999 -9999 -9999 -9999 -9999 4.37828671158 4.81986564675 5.18433858554 5.34105577963 6.32379049962 5.27628477201 4.92330373926 3.62354711233 3.35446104205 2.43567776188 2.31164120927 2.4520826294 2.69474266437 2.09919913346 1.93102758215 1.44004891642 1.2800165501 1.19706673266 1.87135977852 1.59588343151 1.94330511575 1.35388365327 1.19871785288 0.872640904311 1.17303216147 1.14115482906 1.20476180192 0.708316250079 0.361114018261 0.260122939645 0.533385094962 0.278319596153 0.295658571057 0.201806297593 0.198831213563 0.242413913432 0.226670741296 0.157207683546
-9999 -9999 -9999 -9999 -9999 -9999 -9999 -9999 -9999 -9999 -9999 -9999 -9999 -9999 -9999 -9999 -9999 -9999 5.605012549 6.1041156432 6.74815661343 6.57378307691 5.65971011553 5.12238072372 5.12029972643 4.81421776696 3.69948341662 3.66982834419 2.97691653422 2.66487033026 1.31225704634 0.794958226113 1.96358795256 2.12053577545 1.9205836054 2.39170489405 2.95886813003 2.7900844212 2.47464940557 2.35988602656 2.12913247048 1.35109783638 1.07595544827 0.60311280942 0.762084375386 0.585670005908 1.02885166229 1.2884245005 0.737590479719 0.368069530798 0.523760917766 0.815397744108 0.684328886942 0.62802912578 0.389422593709 0.316528739665 0.253661337718
-9999 -9999 -9999 -9999 -9999 -9999 -9999 -9999 -9999 -9999 -9999 -9999 -9999 -9999 -9999 -9999 -9999 -9999 -9999 7.50984048258 7.92488393798 7.55441458829 6.3727919193 5.87296816743 6.28643500227 6.18754807013 4.52114048199 4.42226473733 3.82027398049 4.80182888381 2.78503236117 2.73628792926 3.67230588501 2.92856351812 2.00003265642 1.54675798308 1.29048717023 1.05180853631 0.856011053155 0.855941380964 0.986736371023 1.60629977576 1.21773026775 0.827779466338 0.734899186238 2.12330841247 1.53838298691 1.06944068402 0.961703079838 0.582153020958 0.177370902158 0.241476998789 0.257165267328 0.311897704717 0.50186351388 0.174784178713 0.148756235079
-9999 -9999 -9999 -9999 -9999 -9999 -9999 -9999 -9999 -9999 -9999 -9999 -9999 -9999 -9999 -9999 -9999 -9999 -9999 -9999 6.69415703172 7.30130184752 6.45835795108 6.16654004187 5.21438885672 5.94280071947 4.53830101053 4.65791524674 5.39855233378 4.68897819451 3.80559001737 3.58196748641 2.43768953342 2.17301055454 1.44433584405 1.90602103229 2.26355080311 2.67436381995 2.50290708954 2.2455770766 1.50825651079 2.18491935529 2.15689366613 1.84380042909 2.34029484915 1.97888266166 1.46510240625 1.70517981291 1.29899671893 1.17117672676 0.769270671188 0.464936679438 0.211331641268 0.207110632328 0.267981706031 0.286795509126 0.280347002617
-9999 -9999 -9999 -9999 -9999 -9999 -9999 -9999 -9999 -9999 -9999 -9999 -9999 -9999 -9999 -9999 -9999 -9999 -9999 -9999 -9999 7.4359037169 7.36939237746 7.42118143009 5.54397242353 5.01745819854 4.88974973179 5.61214419147 4.90267622508 4.50395882295 4.74696192315 5.26878228615 3.79389903693 1.68172294136 4.17901164384 4.38052772331 3.2866249548 2.40000170518 1.9637867422 2.09371314327 2.81543188129 3.01818516593 3.11672815115 2.08990807792 1.51938271297 1.04470203189 1.29764231818 1.47737594786 1.33928992099 1.74464762119 2.23397256466 0.986451942448 0.637368816907 0.430588206319 0.0939596537433 0.154627919655 0.190227134022
-9999 -9999 -9999 -9999 -9999 -9999 -9999 -9999 -9999 -9999 -9999 -9999 -9999 -9999 -9999 -9999 -9999 -9999 -9999 -9999 -9999 6.35816106865 6.53625369468 6.55522617559 6.92222285368 7.46721512179 6.47002948413 5.68191422954 4.85902468955 4.99574569642 2.18171622671 4.35188285599 4.34796689019 3.98506049142 2.28775533456 2.8902047004 2.42070128498 2.592231458 2.1847701665 2.89284363617 2.86039803205 2.70150319232 1.78061762044 1.76159078785 2.19066144004 2.050786409 1.71079876101 1.65301444927 0.943921823847 0.996469637371 0.632367319252 0.290491410925 0.282837261488 0.216981182249 0.240648483167 0.112012180768 0.125117797044
-9999 -9999 -9999 -9999 -9999 -9999 -9999 -9999 -9999 -9999 -9999 -9999 -9999 -9999 -9999 -9999 -9999 -9999 -9999 -9999 -9999 -9999 7.31821303371 8.32982552495 8.05167222924 7.45190972849 6.65880644827 6.62517810115 5.43043377348 5.3580254162 5.50905299664 5.88952902137 4.54739649815 4.73861086123 5.14920019128 3.85428278513 3.8635650105 3.53138946993 3.16476939094 3.13042266864 3.0090748794 1.76147784234 1.83364781504 2.56318593998 1.23602570654 1.09237319382 0.794919188884 1.10746667801 1.43942679141 0.949233145724 0.265047796532 0.295912746044 0.850699303164 0.454008854231 0.122540614135 0.0921712926387 0.11120906575
-9999 -9999 -9999 -9999 -9999 -9999 -9999 -9999 -9999 -9999 -9999 -9999 -9999 -9999 -9999 -9999 -9999 -9999 -9999 -9999 -9999 -9999 7.59741339309 7.37675569417 7.68851174223 8.33128868887 7.57469445904 6.22656220022 5.84149260358 6.05001034836 5.47358597769 5.66381973204 5.55611756256 5.23400693318 3.9541801606 5.4093368112 3.59681152975 3.39046322519 3.90989186491 3.74024174797 2.10111409697 3.08811247594 1.88247691689 1.37722559404 1.11300956316 1.55540405796 1.94152910589 1.94490051685 0.88291921139 0.789869338988 0.504515208608 0.62098957901 0.338150976342 0.755180544154 0.386303951649 0.338781395138 0.213225200859
-9999 -9999 -9999 -9999 -9999 -9999 -9999 -9999 -9999 -9999 -9999 -9999 -9999 -9999 -9999 -9999 -9999 -9999 -9999 -9999 -9999 -9999 7.79967692525 8.45767544811 9.59604127989 8.79354187688 8.27573355762 8.16128023032 7.03510502388 7.67894501921 6.66284274971 5.77699558973 5.13617367647 5.66883996745 5.90295481316 3.94866642362 3.62243317227 5.02970687444 3.98414973199 3.5478005912 3.34235073099 2.4969658915 1.48236558745 2.02033504543 2.41157851884 2.21299753022 2.01760246161 1.68618250004 1.12172028054 1.1242150489 1.39702431626 1.0906152717 0.634750248058 0.68484242014 0.693101152702 0.750993838799 0.370458567483
-9999 -9999 -9999 -9999 -9999 -9999 -9999 -9999 -9999 -9999 -9999 -9999 -9999 -9999 -9999 -9999 -9999 -9999 -9999 -9999 -9999 -9999 -9999 8.93669254046 10.256669156 9.05013079642 7.70241003605 7.75062504178 6.87049933966 7.2692448175 6.73844123846 7.39520967221 6.623276917 7.43791857543 5.11257712064 5.73284728968 5.51135566416 4.72593524046 2.63492304409 2.40666522142 1.55471396749 2.30262913455 2.92846951989 2.97667301057 2.22002540533 1.89817050435 0.876179909024 0.792934406854 0.695627338725 0.774262872028 0.5240773293 0.712771393837 0.725837414311 1.05253798768 0.470098057735 0.263045425245 0.524502721515
