data/recharge/transience/recharge249.asc
ncols                  80
nrows                 72
xllcorner      4374000.0
yllcorner      5656000.0
cellsize            500
NODATA_value       -9999
[rows 0 to 24 of 72, columns 0 to 55 of 80]
-9999 -9999 -9999 -9999 -9999 -9999 -9999 -9999 -9999 -9999 -9999 -9999 2.07518986059 2.11657452515 -9999 -9999 -9999 -9999 -9999 -9999 -9999 -9999 -9999 -9999 -9999 -9999 -9999 -9999 -9999 -9999 -9999 -9999 -9999 -9999 -9999 -9999 -9999 -9999 -9999 -9999 -9999 -9999 -9999 -9999 -9999 -9999 -9999 -9999 -9999 -9999 -9999 -9999 -9999 -9999 -9999 -9999
-9999 -9999 -9999 -9999 -9999 -9999 -9999 -9999 -9999 -9999 -9999 -9999 3.79997333266 2.49047510699 1.83229168522 -9999 1.67490242427 -9999 -9999 -9999 -9999 -9999 -9999 -9999 -9999 -9999 -9999 -9999 -9999 -9999 -9999 -9999 -9999 -9999 -9999 -9999 -9999 -9999 -9999 -9999 -9999 -9999 -9999 -9999 -9999 -9999 -9999 -9999 -9999 -9999 -9999 -9999 -9999 -9999 -9999 -9999
-9999 -9999 -9999 -9999 -9999 -9999 -9999 -9999 -9999 -9999 3.12166275147 2.57807400706 3.06543339893 3.20926690629 1.67991902535 1.21480835872 0.821066502446 0.840357281621 -9999 -9999 -9999 -9999 -9999 -9999 -9999 -9999 -9999 -9999 -9999 -9999 -9999 -9999 -9999 -9999 -9999 -9999 -9999 -9999 -9999 -9999 -9999 -9999 -9999 -9999 -9999 -9999 -9999 -9999 -9999 -9999 -9999 -9999 -9999 -9999 -9999 -9999
-9999 -9999 -9999 -9999 -9999 -9999 -9999 -9999 -9999 2.78549497979 2.97170152867 3.0721706601 2.45785058677 2.61440926406 2.3807203054 1.97718963372 1.06413214318 1.48752432894 -9999 2.34293926667 -9999 -9999 -9999 -9999 1.03087421796 1.08655173024 -9999 -9999 -9999 -9999 -9999 -9999 -9999 -9999 -9999 -9999 -9999 -9999 -9999 -9999 -9999 -9999 -9999 -9999 -9999 -9999 -9999 -9999 -9999 -9999 -9999 -9999 -9999 -9999 -9999 -9999
-9999 -9999 -9999 -9999 -9999 -9999 -9999 -9999 4.15048623184 3.36247745067 2.49155992179 2.76979268774 2.4995636281 2.26788464298 2.02030896506 1.88905307543 0.959567145174 0.817475731819 0.794123271973 1.62392010754 1.4686280648 1.58551664938 -9999 0.797020817477 1.28269070002 1.2150888205 -9999 -9999 -9999 -9999 -9999 -9999 -9999 -9999 -9999 -9999 -9999 -9999 -9999 -9999 -9999 -9999 -9999 -9999 -9999 -9999 -9999 -9999 -9999 -9999 -9999 -9999 -9999 -9999 -9999 -9999
-9999 -9999 -9999 -9999 -9999 -9999 4.13495933234 3.08394954441 2.69804138991 2.88813806209 3.00741988798 3.53891446282 2.86761476669 2.66328405414 1.97386238252 2.18354915703 1.28737697562 1.11304131224 1.60097388431 1.60172153099 1.41372239226 1.52753860124 1.16956402958 0.824871340361 0.958764260625 0.89666100146 1.01995680216 -9999 -9999 -9999 -9999 -9999 -9999 -9999 -9999 -9999 -9999 -9999 -9999 -9999 -9999 -9999 -9999 -9999 -9999 -9999 -9999 -9999 -9999 -9999 -9999 -9999 -9999 -9999 -9999 -9999
-9999 -9999 -9999 -9999 -9999 -9999 4.66360092878 4.03378770451 2.58034443956 2.44128150587 2.19690162514 2.74192028469 2.30879415781 1.73921221687 1.46700952585 1.49992831433 1.43007443235 1.72415766299 1.53557642678 1.10774744182 1.13504599811 1.37153534198 1.26104893958 0.995988869109 0.706302771957 0.619026485553 0.97553902769 1.40580805264 1.74571049328 1.61197055639 1.98041869706 1.94245625214 -9999 -9999 -9999 -9999 -9999 -9999 -9999 -9999 -9999 -9999 -9999 -9999 -9999 -9999 -9999 -9999 -9999 -9999 -9999 -9999 -9999 -9999 -9999 -9999
-9999 -9999 -9999 -9999 -9999 6.16561390446 4.92873503138 4.930876625 3.92801499283 3.93159273938 3.27784547364 2.91718201882 2.00039971505 2.06982276767 1.77473485443 1.95824358699 1.89676057379 1.95589637789 1.7471125906 1.1588811418 1.14218903484 1.08909970335 1.17457528976 1.22573650547 0.823096430686 0.909676536016 0.916205131897 0.953695923409 1.65204904564 1.59856333542 1.44186453413 1.54805892821 1.27789948317 1.21117370707 -9999 -9999 -9999 -9999 -9999 -9999 -9999 -9999 -9999 -9999 -9999 -9999 -9999 -9999 -9999 -9999 -9999 -9999 -9999 -9999 -9999 -9999
-9999 -9999 -9999 -9999 -9999 6.57555022554 5.68413102695 5.73180040663 4.56875171408 4.16120217411 3.63968246109 3.93336008505 3.24921224151 3.8148225421 2.69096293645 2.59231676492 1.26740488543 1.52981372627 1.88102962264 1.12126518702 1.14485307956 1.12872620277 1.29233598145 1.22174663559 1.11846067347 0.698325129279 0.62296400203 0.534529789896 1.03575200415 1.19971797733 1.14509406439 1.11864350399 1.17024574917 1.09936539217 0.988418643238 1.07577818088 -9999 -9999 -9999 -9999 1.1680830559 1.1380154649 -9999 -9999 -9999 -9999 -9999 -9999 -9999 -9999 -9999 -9999 -9999 -9999 -9999 -9999
-9999 -9999 -9999 -9999 -9999 5.98342162125 5.24719843951 5.07065444931 4.85087632809 5.22408124221 4.29746743892 4.04966402083 3.05158817893 3.6619934224 3.02874471099 2.03678074001 1.21805115388 1.85659702782 1.66791260047 1.74040106969 1.39648636513 1.04032123057 1.009310495 0.956372854049 1.09331524202 0.7740722264 0.602770119415 0.477382220413 0.937215963319 1.07412089951 1.11443202983 1.02063552626 1.1500352157 0.740136349503 0.605529392947 1.13850580194 1.12257238137 -9999 -9999 1.22235953988 1.32508594163 1.25704195326 1.20783824582 -9999 -9999 -9999 -9999 -9999 -9999 -9999 -9999 -9999 -9999 -9999 -9999 -9999
-9999 -9999 -9999 -9999 -9999 -9999 7.03793861761 7.11526264743 5.86111411609 5.51890014588 4.18692624683 4.6608130948 4.53809008328 5.34761586875 2.23206797212 1.99544372769 1.58619708308 1.49841386342 1.204561769 1.31780959996 1.20332599944 1.27738931015 1.09770002503 1.21522082432 1.03158670625 0.895789616338 0.363586018764 0.428428082544 0.54271415263 0.822912636951 0.735401286725 0.868890375341 0.541463660977 0.710611071557 0.732823543758 0.947657619474 0.63475193939 0.489449175961 1.10009071348 1.05873008918 1.04682699992 1.30854468601 0.612625352125 0.463254376207 -9999 -9999 -9999 -9999 0.864535612476 0.720057589191 0.722292853366 -9999 -9999 -9999 -9999 -9999
-9999 -9999 -9999 -9999 -9999 -9999 -9999 6.08572719239 5.2692569657 6.13921730347 5.31122255714 4.69971583346 3.1055738365 2.30484298793 1.66984797383 2.42449270028 2.22440848728 2.37319933527 1.95197143555 1.5619064455 1.11053881267 1.12072727245 1.02189394934 1.03438115134 0.925491647069 0.814701334195 0.478457283264 0.619121085901 0.828229629501 0.699969207726 0.539345154594 0.583712539017 0.628178145269 0.689778355388 0.979469985702 0.968844955217 0.82303222686 0.758921231772 1.0694118822 1.06661862749 0.612918240395 0.503511608159 0.408074908147 0.469430214553 0.401651651344 0.464257456147 0.592076397602 0.44336359279 0.429204419097 0.429566257388 0.450734729545 0.386239905521 -9999 -9999 -9999 -9999
-9999 -9999 -9999 -9999 -9999 -9999 -9999 -9999 5.08186882973 4.76091806965 4.81295687609 5.42801633235 3.96110301072 4.37057004638 3.49829859391 3.23847805621 2.06493022333 2.07743216843 1.42981978214 1.64168131408 1.99785430771 1.88603158046 0.653194074087 0.605650879134 0.551222523067 0.512433244229 0.39162216923 0.69101030395 0.423568370228 0.235052913048 0.435377950518 0.346200337844 0.439246274163 0.33529470726 0.495057051272 0.767331037498 0.827801646326 0.86968657966 0.840180137584 0.814976690704 0.529317377017 0.386385534544 0.365952808223 0.310902825102 0.30809495622 0.26164078632 0.336218006007 0.270861587693 0.244847134622 0.262140369951 0.302552424517 0.331504463912 0.258477147881 -9999 -9999 -9999
-9999 -9999 -9999 -9999 -9999 -9999 -9999 -9999 6.33182035966 5.45908499493 4.40971523926 4.44490981572 3.67677799236 3.64429514126 2.68674266737 2.61439071644 1.80016052231 1.98043625229 1.64411677246 1.8105054681 1.74675107008 1.82788392273 0.797054248675 1.17390963558 0.688018138788 0.4839210436 0.54373978068 0.507461091705 0.333855389072 0.25336600305 0.247455268296 0.28339727625 0.26164024708 0.294548022719 0.696471529709 0.794702376318 0.914117509806 0.830084687763 0.837986363551 0.818320128778 0.809127457559 0.347968212828 0.320479936718 0.319652499585 0.262975772059 0.257745143224 0.328649562254 0.283777707336 0.253531192837 0.341717717014 0.321129792074 0.323958755301 0.380459127265 0.638358437882 0.499074235353 0.544919702494
-9999 -9999 -9999 -9999 -9999 -9999 -9999 -9999 -9999 7.00459748789 5.40699681164 4.23184246286 3.7844821942 3.49798213651 2.55077564509 2.54228701387 2.53297776375 2.80783020249 2.58123543248 2.59821953891 2.28645497343 1.52826806729 0.992564448492 2.25326629661 0.969730466922 0.672620896396 0.311716287344 0.380405441216 0.144925567822 0.499099334364 0.395738028589 0.343814874402 0.329490560747 0.18943863612 0.314007546978 0.518858375852 0.697261207561 0.645876471735 0.626476580355 0.635813550015 0.624155182664 0.461910292986 0.21564875148 0.38540555124 0.2524398334 0.176000340127 0.15206448877 0.147905467594 0.177060467762 0.193645803147 0.20366855911 0.191894286603 0.250552864396 0.474647073008 0.509025521002 0.246897621793
-9999 -9999 -9999 -9999 -9999 -9999 -9999 -9999 -9999 -9999 4.44425483912 4.48373989186 3.67005743772 3.49482212228 2.27873129843 1.9949912146 1.54285706896 2.28789225385 1.56725651249 1.19330888932 0.976175607051 0.899310003123 0.589267516442 0.477521474321 0.510930586712 0.708574149301 0.513950483259 0.332381610317 0.289535289547 0.223644668333 0.470369643834 0.473896096975 0.532296464686 0.333520986467 0.61402598669 0.572630229142 0.674301220765 0.646709758477 0.633182464367 0.638253712578 0.666143309549 0.598410912123 0.259833627132 0.259949683478 0.507000374193 0.437967223212 0.339010475961 0.193257979772 0.242720316165 0.231661834292 0.258600461663 0.242513858412 0.19454893573 0.357069375666 0.418704717279 0.243557020065
-9999 -9999 -9999 -9999 -9999 -9999 -9999 -9999 -9999 -9999 -9999 5.18067814095 3.05188429656 3.12664587889 2.29910090147 1.8131882144 1.49589817483 1.45966657967 1.10094176551 1.4919433095 1.65700014222 1.4305872953 0.666745661277 0.4364132962 0.240287286715 0.169633738585 0.318740903169 0.748082683993 0.589457338802 0.208660577148 0.154495062094 0.213860475916 0.217066227512 0.249558521413 0.234753464343 0.206480931671 0.505252818692 0.500230718102 0.552600515976 0.551974292084 0.488697461367 0.343447361353 0.392160669345 0.268890968116 0.277259593945 0.171567722787 0.200458985781 0.383859536761 0.193923200831 0.219737456014 0.194194337483 0.321437326973 0.413644233628 0.367640204115 0.301349109667 0.290668038564
-9999 -9999 -9999 -9999 -9999 -9999 -9999 -9999 -9999 -9999 -9999 4.40796510059 3.18407714414 2.78464553143 2.51548109898 1.92083431134 1.15780492439 1.10313788706 1.75344141675 1.77796546477 1.52772375882 1.77725082897 0.654142874192 0.521733616132 0.505829405492 0.763623995641 0.297635901825 0.378137251385 0.30834513687 0.190276210814 0.282364779818 0.273914588956 0.106945929893 0.144016168537 0.142788914592 0.330355421027 0.502534128422 0.514507866487 0.532914361793 0.531131914186 0.538167582741 0.406361628081 0.306113204926 0.350965530792 0.347792032997 0.38595715378 0.611662112465 0.759935499074 0.651803789409 0.325743760747 0.314793955208 0.248692731427 0.142028094972 0.3827492422 0.404693711762 0.348933488151
-9999 -9999 -9999 -9999 -9999 -9999 -9999 -9999 -9999 -9999 -9999 5.25054301183 3.91196588502 3.61211041132 2.26068569556 1.9170111992 1.035086727 0.77569430391 0.876058562739 1.16845705131 1.23320136054 1.26854974514 0.632861101504 0.38312639307 0.447582046032 0.592137523859 0.497250469024 0.483246706376 0.399105672757 0.218036825904 0.137636067494 0.294220670637 0.531384316551 0.674440792226 0.223594293339 0.162589541682 0.239324995052 0.138170289395 0.325793603963 0.323987248573 0.449224907277 0.380880693892 0.379849651412 0.457284576557 0.678403790165 0.862089373649 0.510939610057 0.423698120325 0.41881879096 0.397460513855 0.258969162024 0.32676487723 0.370665406363 0.392738128151 0.433561826225 0.391578830127
-9999 -9999 -9999 -9999 -9999 -9999 -9999 -9999 -9999 -9999 -9999 -9999 3.08676635651 3.55121458414 2.76607385646 2.19279185825 1.32519393031 0.98657680057 0.682957240444 1.43257567367 1.28308993565 1.1933452986 0.946854308127 0.797150883305 0.636160714855 0.655034551073 0.509648562626 0.533689880103 0.45690965838 0.427997874856 0.416607917955 0.444585122436 0.269524149625 0.168654586362 0.281352442517 0.0913238236084 0.262495958995 0.189465573289 0.148299495119 0.456866272956 0.554795146513 0.309983669715 0.526798541161 0.657699929049 0.748129233298 0.797959623781 0.495346637319 0.43387174626 0.280065594648 0.357144323192 0.247725704632 0.164401691303 0.128264525713 0.125449268621 0.104076454166 0.0917940617378
-9999 -9999 -9999 -9999 -9999 -9999 -9999 -9999 -9999 -9999 -9999 4.38424904496 3.83344147587 3.96782748427 3.07849387189 3.48821877846 1.91747918346 1.5364626843 0.822532985983 1.3223417221 0.924419439077 0.9043865798 0.671141189034 0.693585463879 0.582833446827 0.570062032986 0.448169012322 0.399869986421 0.368802630263 0.351486496832 0.313695251033 0.331388355656 0.306724209243 0.301823224602 0.340190662526 0.214081133308 0.240003630805 0.087258720521 0.0616085639932 0.198610673606 0.39375665678 0.199341882746 0.873948861474 0.924307598118 1.12974519185 1.09967655893 0.951601466816 0.616738709529 0.395732140379 0.352510735654 0.196439846195 0.095904971426 0.0802596385205 0.0817441770432 0.0748259616663 0.0910153533008
-9999 -9999 -9999 -9999 -9999 -9999 -9999 -9999 -9999 -9999 -9999 4.64168476792 5.0446540199 4.60763762262 2.86067874759 2.75482494682 1.78216237901 1.60398763989 1.31858339028 1.40539534741 1.29595210307 1.26642754878 0.771163872463 0.755808277088 0.623919397852 0.600113867095 0.427692582484 0.554350229889 0.399321416199 0.57920060664 0.48579761159 0.341586319022 0.298973216096 0.30219589793 0.327317608516 0.100548633833 0.114274768356 0.190018617632 0.105507136621 0.114922341082 0.251458207571 0.208367486391 0.397798518654 0.508037631009 0.530256839792 0.480826031426 0.55886251328 0.566467017637 0.353146056765 0.331096911313 0.186342835561 0.213056746506 0.173270293082 0.151742872899 0.139775165012 0.118255016436
-9999 -9999 -9999 -9999 -9999 -9999 -9999 -9999 -9999 -9999 -9999 6.11437352589 5.57700750015 4.43240093106 3.61313475164 3.43284665872 1.51483829023 1.59050904016 1.25622079256 1.7419075952 0.804449756066 1.02817533851 0.964275927519 0.819774662964 0.464407167828 0.461796112275 0.453090777063 0.390764424514 0.267883856568 0.257281586193 0.260821207503 0.494556561354 0.490219794067 0.441465887665 0.317855412963 0.0741390288512 0.0766216511682 0.0260310608432 0.117653322323 0.0715201811215 0.307635301961 0.483311358465 0.294197328813 0.190068435363 0.211436664471 0.214885448353 0.332701354572 0.348373562088 0.415152767494 0.424757053216 0.165112203011 0.11807715004 0.0959056181186 0.0905756671414 0.100831460799 0.101321930711
-9999 -9999 -9999 -9999 -9999 -9999 -9999 -9999 -9999 -9999 -9999 -9999 5.80737287842 5.40123122813 3.74681187521 2.87998353842 1.69254862706 1.85258782889 1.2970981353 1.53097059526 0.946416000371 1.5402585603 0.578913684274 0.459454544247 0.399208249745 0.386217286712 0.252118482233 0.2829817871 0.223754161786 0.172563517305 0.126898984727 0.171522286729 0.263231407241 0.292338759149 0.281177609603 0.132067312622 0.105398209105 0.0557047787015 0.13605265093 0.128549356916 0.382173334703 0.379216616794 0.368446871937 0.2109268482 0.238531550889 0.23058254506 0.251499608366 0.311099947909 0.324813860119 0.438666094761 0.345201587766 0.159137763767 0.112492394493 0.183109481384 0.131143406491 0.125763042335
-9999 -9999 -9999 -9999 -9999 -9999 -9999 -9999 -9999 -9999 -9999 -9999 6.88351102952 5.4932794706 3.59251956772 2.63899293772 1.56267341981 1.83371034697 1.39060120517 1.20550603035 1.25877180558 1.2652518573 0.704512164679 0.933127455629 0.550151831852 0.666098034937 0.699910639367 0.557499600369 0.352895321453 0.547912330329 0.34783918979 0.384915487473 0.502223917897 0.560042080191 0.163905111874 0.152241875211 0.113625199118 0.185429279095 0.301826715202 0.20818865225 0.361962281737 0.328909191805 0.303852370472 0.298867495445 0.321227741192 0.280013966183 0.196746104008 0.170556734505 0.169896127834 0.303264559388 0.272040220643 0.203160746742 0.173393742384 0.0904349909533 0.0793519247671 0.116167745741
