data/recharge/transience/recharge363.asc
ncols                  80
nrows                 72
xllcorner      4374000.0
yllcorner      5656000.0
cellsize            500
NODATA_value       -9999
[rows 0 to 24 of 72, columns 0 to 56 of 80]
-9999 -9999 -9999 -9999 -9999 -9999 -9999 -9999 -9999 -9999 -9999 -9999 30.2000625555 30.7412115542 -9999 -9999 -9999 -9999 -9999 -9999 -9999 -9999 -9999 -9999 -9999 -9999 -9999 -9999 -9999 -9999 -9999 -9999 -9999 -9999 -9999 -9999 -9999 -9999 -9999 -9999 -9999 -9999 -9999 -9999 -9999 -9999 -9999 -9999 -9999 -9999 -9999 -9999 -9999 -9999 -9999 -9999 -9999
-9999 -9999 -9999 -9999 -9999 -9999 -9999 -9999 -9999 -9999 -9999 -9999 29.5379440998 28.0789123266 26.8329061194 -9999 26.0666811168 -9999 -9999 -9999 -9999 -9999 -9999 -9999 -9999 -9999 -9999 -9999 -9999 -9999 -9999 -9999 -9999 -9999 -9999 -9999 -9999 -9999 -9999 -9999 -9999 -9999 -9999 -9999 -9999 -9999 -9999 -9999 -9999 -9999 -9999 -9999 -9999 -9999 -9999 -9999 -9999
-9999 -9999 -9999 -9999 -9999 -9999 -9999 -9999 -9999 -9999 28.2532661681 27.641321553 28.5076337697 28.519762764 25.300259558 24.2428255321 22.4934792 22.6129923728 -9999 -9999 -9999 -9999 -9999 -9999 -9999 -9999 -9999 -9999 -9999 -9999 -9999 -9999 -9999 -9999 -9999 -9999 -9999 -9999 -9999 -9999 -9999 -9999 -9999 -9999 -9999 -9999 -9999 -9999 -9999 -9999 -9999 -9999 -9999 -9999 -9999 -9999 -9999
-9999 -9999 -9999 -9999 -9999 -9999 -9999 -9999 -9999 28.229916009 28.1222727082 28.0353025034 27.3704150303 27.6806106881 26.3328432947 25.7356337301 23.4010149628 25.177429159 -9999 26.5726689319 -9999 -9999 -9999 -9999 22.9159086608 23.7262328742 -9999 -9999 -9999 -9999 -9999 -9999 -9999 -9999 -9999 -9999 -9999 -9999 -9999 -9999 -9999 -9999 -9999 -9999 -9999 -9999 -9999 -9999 -9999 -9999 -9999 -9999 -9999 -9999 -9999 -9999 -9999
-9999 -9999 -9999 -9999 -9999 -9999 -9999 -9999 29.7559049485 28.9148288979 27.1816781448 27.4736924358 26.4082607261 25.8600456697 25.0079059525 24.6654561042 22.6779678116 22.2729406512 22.4246395808 24.2467847126 23.4055553422 23.8655118466 -9999 22.0854052634 24.0191704236 24.1466952251 -9999 -9999 -9999 -9999 -9999 -9999 -9999 -9999 -9999 -9999 -9999 -9999 -9999 -9999 -9999 -9999 -9999 -9999 -9999 -9999 -9999 -9999 -9999 -9999 -9999 -9999 -9999 -9999 -9999 -9999 -9999
-9999 -9999 -9999 -9999 -9999 -9999 30.0079061033 28.8860103854 27.9866700515 28.2740113036 28.0397007749 28.5919966481 27.1143212091 26.7611149861 24.8972657713 25.4700391148 23.4034903879 22.874932319 24.0410853289 24.1133642893 23.163399673 23.6097007855 22.9467038207 22.2850238731 23.364507719 23.1364191439 23.7447293946 -9999 -9999 -9999 -9999 -9999 -9999 -9999 -9999 -9999 -9999 -9999 -9999 -9999 -9999 -9999 -9999 -9999 -9999 -9999 -9999 -9999 -9999 -9999 -9999 -9999 -9999 -9999 -9999 -9999 -9999
-9999 -9999 -9999 -9999 -9999 -9999 29.9520181455 29.4944373195 27.1309715194 26.8599561082 26.0546450863 26.7633143942 25.3529391524 24.4474740649 23.22227893 22.7452197828 22.946580845 20.053367891 23.9180554809 21.5100122585 21.6129266528 22.7035910724 22.3868664635 22.0956249812 21.5824056172 21.0901970856 23.4019279644 24.6526411702 25.008322922 24.5896999392 25.3400048417 25.2770812238 -9999 -9999 -9999 -9999 -9999 -9999 -9999 -9999 -9999 -9999 -9999 -9999 -9999 -9999 -9999 -9999 -9999 -9999 -9999 -9999 -9999 -9999 -9999 -9999 -9999
-9999 -9999 -9999 -9999 -9999 31.1356206046 30.1172464035 30.037179801 28.9399620649 28.9161793168 27.9245000886 27.3528181632 24.85058169 24.6950922904 24.1346698301 24.2848204545 19.5838255099 10.2844525702 19.6533318123 21.6801648491 21.6639394452 21.39420169 21.9567447558 22.2004595406 22.0735801126 22.420255215 23.1105500433 23.3703551355 24.6654003895 24.497217432 23.7010055879 24.1124942092 22.9096691181 22.6400150157 -9999 -9999 -9999 -9999 -9999 -9999 -9999 -9999 -9999 -9999 -9999 -9999 -9999 -9999 -9999 -9999 -9999 -9999 -9999 -9999 -9999 -9999 -9999
-9999 -9999 -9999 -9999 -9999 30.996054288 30.0537187004 30.1204072352 28.9583973472 28.5675555425 27.7485009537 28.1129647339 19.349439743 15.8236112247 25.953194327 26.1141627688 20.011601647 8.0071529304 15.3158431936 18.4246157174 21.220647665 20.910550968 21.9852187664 21.7092001912 21.3511397781 20.4354261312 20.7033127612 20.1802044368 21.9364937397 21.5694302878 21.0359322648 21.3029124771 21.8871993561 21.5772342505 21.3977932696 21.2247013072 -9999 -9999 -9999 -9999 19.9718492102 19.8127869969 -9999 -9999 -9999 -9999 -9999 -9999 -9999 -9999 -9999 -9999 -9999 -9999 -9999 -9999 -9999
-9999 -9999 -9999 -9999 -9999 30.683368668 29.9353910217 29.8055813674 29.1600483763 29.5093518968 28.5742324066 28.3046234933 26.453236209 26.7413953708 26.5796276411 25.0227454089 22.60251311 24.3326281251 23.3361521661 23.557603737 22.3481224323 20.5817168656 20.6491251675 20.3506766521 21.219446047 20.6454559033 20.5267390121 19.6887915151 22.0553635653 20.3994300348 13.8014879709 18.3341741287 21.7708878548 21.1484159852 20.2411156079 21.4828051364 20.9065457612 -9999 -9999 20.9585616897 20.5614071757 20.3290139575 20.1977878067 -9999 -9999 -9999 -9999 -9999 -9999 -9999 -9999 -9999 -9999 -9999 -9999 -9999 -9999
-9999 -9999 -9999 -9999 -9999 -9999 30.6495849057 30.4862366473 29.6734539917 29.5571299746 28.1877118895 28.6177898485 28.5141703554 30.7906474238 24.8604366757 24.1939451112 23.2326817358 23.001882722 21.5889876093 21.6109857913 20.9114596241 21.1725632842 20.4213786457 21.0017686304 20.3137784977 19.5837961715 17.7598384953 18.2049535446 18.9318794156 19.282961674 18.1936482359 19.4444818878 18.8307097254 18.9371805169 19.0874046408 19.7256619296 19.3699936442 18.3349849987 19.8731163422 19.6689502231 19.0289909178 20.0903793529 17.546830763 16.4801959634 -9999 -9999 -9999 -9999 17.1090901048 16.5179196749 4.29952384409 -9999 -9999 -9999 -9999 -9999 -9999
-9999 -9999 -9999 -9999 -9999 -9999 -9999 30.3123355518 29.3391639501 29.7923923654 29.1514195503 28.7432530818 26.8887302391 25.5072049732 24.2978968409 25.7692157379 24.8654001696 24.7345370454 23.5770748474 22.4549113123 20.4667389997 20.479840939 20.0525945717 20.1808891375 19.7726899918 19.0462199015 18.2181242895 18.9905871752 19.3413608176 19.0507582109 18.8426345027 18.8333896995 19.1025167584 19.0158577294 19.8944392462 19.8616756317 19.5742953651 19.5477634705 19.753852691 19.7198201146 18.1562265271 17.6146858303 15.6919097286 14.5236815952 13.2327712734 13.8376109605 14.0473786997 13.3240081891 12.7502759046 14.731920378 14.1568599591 11.7874122483 -9999 -9999 -9999 -9999 -9999
-9999 -9999 -9999 -9999 -9999 -9999 -9999 -9999 28.6722340462 28.3953004079 28.47299703 28.9203311002 27.5458056547 28.0460296516 26.562918133 26.1631444666 23.4463897773 23.5129842973 21.3810790381 22.053501576 23.2700568147 23.0034466103 23.1487272506 22.5712304063 21.0501721671 21.9574221517 19.1920620508 17.5422594495 16.6264402502 15.5214436804 16.0649970444 16.1481774774 16.5341004768 16.1114194215 17.1599984171 17.7177801497 18.0742126734 18.3377228448 17.8936532746 17.7727626519 16.6610953791 15.4175579662 12.6667728709 12.2370834729 11.5723061195 11.1351966255 11.6525920225 11.1007665453 10.3395025423 12.3798675268 12.2686199042 12.6348490706 11.0764514723 -9999 -9999 -9999 -9999
-9999 -9999 -9999 -9999 -9999 -9999 -9999 -9999 29.5332002294 28.9973154356 28.0589602669 28.1159873108 26.906837649 26.8595610764 25.1171233095 24.9293870919 23.1154742952 23.6035330634 22.0702801655 22.5448930952 22.9013864295 22.8588428557 25.168024862 25.292828564 22.5662292096 20.3897092534 22.033275623 20.276815559 16.6061661969 15.4899438199 15.3509821551 15.7784580508 15.5770355765 15.870485458 17.3898570932 8.15643168184 18.5744198215 18.1151010422 17.8601649113 17.7524735058 17.1602076876 15.4578452939 12.354981505 12.3067303505 11.1689818331 11.1109561989 11.593219204 11.2149522808 10.9869953815 13.2206683602 12.4318057737 12.4601094547 11.8272871708 12.6435241013 10.8994583466 11.2584038602 -9999
-9999 -9999 -9999 -9999 -9999 -9999 -9999 -9999 -9999 29.3225751893 28.2777054087 27.0092449029 26.2288952968 26.1022194463 24.3348356154 24.3465082578 24.4602885584 24.8798694619 24.7831005694 24.8627200234 24.2063687958 22.8195275197 23.3463208233 29.7795130955 24.217999957 23.2537960512 19.5368808515 19.2553200107 16.6543647498 15.5282448474 14.8829238314 14.9411883775 14.5912552951 13.5425841859 14.7533036747 13.6096093633 16.6710609898 16.3308730211 15.8719778488 15.9257698153 15.400756695 15.1174210004 10.897755575 11.9271048761 10.1553874188 9.38462735511 8.37713339051 8.58039432319 10.4221238554 10.5493589589 10.1908381094 10.0150334967 9.97571029864 10.8335607596 10.5990255165 8.44032908922 6.54929362281
-9999 -9999 -9999 -9999 -9999 -9999 -9999 -9999 -9999 -9999 27.488130015 27.55843378 26.0483661991 26.0612820973 23.7815602617 23.1544286708 22.9524416396 24.477714346 23.2327166053 22.1592408125 21.3676755488 20.9939933309 19.1223526716 24.1019134938 22.2598360682 23.4602784658 21.01433882 19.6250147189 16.9857481692 18.3363713766 15.1653541223 15.1840664741 15.5359972885 14.4659753096 16.1018834373 15.8328289671 16.5072227269 16.3309158214 15.924328144 15.9616834839 15.6851966885 15.4104659576 12.8458033743 11.4332745143 12.3810511972 11.7172081912 10.4455661572 9.22843407819 10.9564017466 10.9484498405 10.8952070104 10.6779996579 9.46581044963 10.5362442607 9.80333626726 8.12809770597 6.49531684618
-9999 -9999 -9999 -9999 -9999 -9999 -9999 -9999 -9999 -9999 -9999 14.1831528649 16.5281647293 24.2763450672 22.6741626862 22.0236013859 21.9632619565 21.8877018095 20.5396988959 21.3343243098 21.3758433793 21.1473418989 18.4014283877 17.1383350663 18.2480878761 18.7394233428 18.738818217 21.8280926899 20.023444069 12.498591737 14.8550311727 13.7800129911 12.8926301205 13.1584623578 13.7988206481 13.2361059651 14.529554731 14.4816741447 14.7024954031 14.7108042683 14.1402286525 13.0537513317 13.0945630886 12.0826961756 10.1025997712 8.96153516629 9.31031902869 10.3987445193 9.32400820981 10.015380637 9.3062561542 10.3450757508 9.63948964917 9.21973966393 7.96355119551 8.02339183651 6.24065670553
-9999 -9999 -9999 -9999 -9999 -9999 -9999 -9999 -9999 -9999 -9999 12.7298222916 18.1940653927 23.595198733 23.0312139154 22.3820719119 20.936706149 20.6843218218 21.4739312847 21.5453238761 20.9280107438 21.7007203477 18.5253341042 17.7868314777 17.2563694492 18.0578241551 19.0532562786 21.2285892448 17.9751839096 16.8357006992 16.9731314193 16.3736666037 13.1235670862 14.845399759 15.6127001676 14.3642540627 14.4883371392 14.616390331 14.5231058833 14.4096931435 13.4970136534 13.7408298517 12.3536138062 12.6954796121 12.3281319692 11.004258611 11.605606535 12.3486421481 11.2624272288 9.69625871166 9.18801587228 9.20870594134 7.4637380434 9.75119687016 9.05065554754 8.49644209009 7.80979867973
-9999 -9999 -9999 -9999 -9999 -9999 -9999 -9999 -9999 -9999 -9999 26.2634622236 24.3415192297 23.9038290023 20.8969442243 20.8099909051 18.9282546111 17.9483687922 18.177040738 18.7448346975 18.8199858004 18.9615860965 16.9711741664 15.7751208566 15.2545692509 15.4644581907 14.8791171909 14.7383218385 14.3253542239 15.7063467579 16.2642652702 17.8545238184 17.8850091753 18.9732180241 13.9075931831 10.9982277596 12.4852734677 11.9506280389 13.1054305597 9.44859860269 7.64744852485 12.7322339993 12.694947348 13.3357198353 14.3114460479 15.0761397063 11.2561574831 10.722800856 9.96204636914 9.83152646928 8.31519196822 8.88060483639 8.90615032451 9.87173667916 9.79237958073 7.6158640982 6.69114444021
-9999 -9999 -9999 -9999 -9999 -9999 -9999 -9999 -9999 -9999 -9999 -9999 22.9091061004 23.6191124604 21.9856788345 21.0700594169 19.3905587984 18.6633888389 17.5985686703 19.0545551488 19.0398285128 18.6591698924 17.6129799394 17.4217883112 15.7935507452 15.9445557774 15.0049903111 15.2135780483 14.5524854422 14.2604191794 14.0383341597 14.3111167237 14.6762801781 16.223561117 15.5207822132 7.85265577227 13.6418536879 11.4410421121 13.1100609218 13.1367311356 13.711999822 12.2427790671 13.7725576757 14.5231718137 14.7089299969 14.9200822343 12.4091131016 10.7880387262 8.84232089277 9.37824404045 8.0805955914 7.25758291381 6.43016954816 6.50699146595 5.53331367472 6.60369097687 3.1829375354
-9999 -9999 -9999 -9999 -9999 -9999 -9999 -9999 -9999 -9999 -9999 23.7860292624 23.2976054694 23.6530871458 22.1832971028 12.8153449388 16.4929228408 18.6777635953 16.6671117382 17.5832034783 16.3086794011 16.1998560296 15.0703692966 15.2407372261 14.6535160392 14.5567761144 13.6686334392 13.3050926305 13.1387219261 12.9176234676 12.2007146697 12.4293784002 11.8573203863 11.7818583259 12.0278837421 13.5922346682 12.026058707 8.63716577035 7.7490568372 11.2136234512 11.9298989419 10.6847886537 15.2301186233 15.7020162356 16.2570012291 16.1578715529 14.8482713801 12.6300109412 9.67857449386 9.57101416016 7.33271440587 5.62579608479 4.8612761377 4.88972111883 4.38406077142 4.73858892043 5.88095914312
-9999 -9999 -9999 -9999 -9999 -9999 -9999 -9999 -9999 -9999 -9999 24.1364027802 24.8061835854 24.4557763998 21.700956427 16.1092896205 18.9804067426 19.2145349581 17.613914655 17.836430222 15.7748047155 16.6702859531 15.6163356346 15.6263934751 14.9465061787 14.961198289 8.86970560155 10.4906147736 13.2909520549 14.9331733691 13.9602058343 12.5554616671 11.7420484554 11.7862160107 11.8687364051 12.4402045118 9.55068351006 11.3246043364 8.31119883497 11.897032012 10.6964291895 10.8051583205 13.4250157799 14.1324613318 14.0083354741 13.6075630912 13.0923776195 13.2087757867 10.9519171591 10.5281586983 7.10395377432 7.30206163597 6.28102984141 6.04274788061 5.48653853794 5.16851617622 4.05664123787
-9999 -9999 -9999 -9999 -9999 -9999 -9999 -9999 -9999 -9999 -9999 24.9040574515 25.0306071325 23.9195854847 22.6739501388 22.420763903 18.8119020557 19.1617241089 17.8895234461 18.4251432605 13.5118734742 6.19954634112 13.2906220349 15.2839924562 12.8961086631 12.9059060637 13.4174927951 13.5668724445 12.4453536627 12.1235269105 11.76997716 13.5378719313 13.1032449959 12.7242615663 11.039689391 9.69309560727 6.79053133568 4.98570018872 7.59018782635 8.66405600005 10.8580544864 11.91784767 11.2423692137 10.4906297237 10.8076176532 10.8229454021 10.9004395921 10.9761072017 10.2237950968 10.171923419 7.32429252797 5.41032098605 4.46805452547 4.36572840703 4.00275320602 4.16978394667 4.75875339013
-9999 -9999 -9999 -9999 -9999 -9999 -9999 -9999 -9999 -9999 -9999 -9999 25.2865755555 24.83259978 22.6463390751 21.9919197756 19.4442676006 19.7045539808 17.7921150084 18.3479100272 17.0057771465 17.9998599595 14.4342087534 13.0467268963 12.5467968101 12.4606125805 11.2817061325 11.56098027 10.8331724947 10.1981081356 9.00581635185 10.77996841 10.7156851486 11.1431529608 10.5683480172 9.90235746887 7.77918950171 5.9835013114 8.74542192811 10.9833392095 11.2596313553 11.0458610258 11.7288478206 10.4447562949 10.8649224044 10.8735919541 10.434959271 10.5851700531 9.50582377653 10.2069559208 8.61565219893 4.74036118021 4.87298425112 6.45622456589 4.53544578857 4.58971250091 4.21364878414
-9999 -9999 -9999 -9999 -9999 -9999 -9999 -9999 -9999 -9999 -9999 -9999 26.242991398 24.9313859301 22.8320410709 21.6656806904 19.1817875788 19.721427386 18.2502860144 17.872635432 17.3021900657 16.9608785255 15.1685549082 14.453179193 13.1701672717 13.6200458392 13.6101401027 13.0602212869 11.5722423605 12.5810381063 11.0081139034 11.3697896937 13.0123836411 13.1180892458 12.4280144509 9.29248656005 7.3755848612 9.21339353917 11.0384239645 10.5394645934 10.7351426057 9.95278446784 9.28335069036 9.22055644073 9.12114762066 8.91866136983 7.87191648664 7.67632205876 6.90409212801 8.08885750309 7.19036976941 6.30742652377 5.86974297016 3.57911006485 2.61359776702 3.27669067686 2.37315063552
