data/recharge/transience/recharge351.asc
ncols                  80
nrows                 72
xllcorner      4374000.0
yllcorner      5656000.0
cellsize            500
NODATA_value       -9999
[rows 26 to 51 of 72, columns 0 to 56 of 80]
-9999 -9999 -9999 -9999 -9999 -9999 -9999 -9999 -9999 -9999 -9999 -9999 -9999 23.3807938413 21.6522702374 21.5202431407 20.5079330744 20.4562344645 19.1071078534 18.804928934 17.8811431792 18.3416024549 17.6405091966 14.8140844487 17.7771668417 15.4791305508 13.3451029679 11.6975481815 11.0158389958 11.4613425586 9.96686538016 9.77251300945 13.4027578042 8.33579834266 6.08488365498 5.8162321719 10.3767375747 6.58768355421 6.6209726848 5.23523877083 4.59652117551 5.21710246792 3.58387346452 5.00214208215 6.1114861189 8.27232938556 10.2527325361 10.0368976805 6.03909640792 3.49222680344 2.66170867162 2.74451979252 2.93612218284 3.82603877592 5.18535264775 2.43854515743 2.47931381781
-9999 -9999 -9999 -9999 -9999 -9999 -9999 -9999 -9999 -9999 -9999 -9999 -9999 -9999 21.0590249421 20.8593924932 19.6781661183 20.4109854089 19.2444877758 19.4391168341 18.3031175173 18.4877693344 17.969646701 17.7918276602 16.429029154 16.2911458855 16.2724157503 16.4157525145 12.1740271399 10.6032922421 10.4271483563 14.0227384294 15.0175752563 11.2338167388 6.93670668883 8.63827530996 10.1351038248 5.9423077062 5.53745557643 5.98958712782 5.89689327174 4.94050253213 4.81228365762 3.97648235875 3.08234850831 3.44065949118 2.88511422046 3.33226528244 2.61732531266 2.97883205501 2.8728886503 2.34220454778 2.23579341724 4.09476977732 5.17111488982 7.77841920683 7.44393001545
-9999 -9999 -9999 -9999 -9999 -9999 -9999 -9999 -9999 -9999 -9999 -9999 -9999 -9999 6.3065854239 14.1305401506 20.7120043238 21.2224584457 20.3116128091 20.3113751676 19.3127072984 19.331816959 17.6430386399 18.1744290859 17.3616438103 17.7432323554 16.2984136512 16.8593152864 16.7129546498 17.011092412 13.1585860819 7.33952494176 15.3208467 18.3904557307 8.04189817239 6.91589356392 9.94107345569 4.7666498761 5.70873113616 5.96918222162 4.52776397162 4.73253144196 4.32566548073 4.59296385561 3.73257690052 3.18108404946 3.03702000675 4.14765584655 4.72080351971 2.75350308743 3.134759919 3.50782827432 3.8772092195 6.67443321804 8.13245405349 8.72563154453 8.13459284224
-9999 -9999 -9999 -9999 -9999 -9999 -9999 -9999 -9999 -9999 -9999 -9999 -9999 -9999 9.6614641242 14.6565423751 20.7212966272 21.2783415921 20.2836635032 20.5039433891 19.6218109819 19.4406344211 18.6247862534 17.847277723 17.0527914646 16.7365638257 17.0228675953 17.3112796844 16.2730682161 16.5629889321 15.9387763988 15.0883895114 14.6208693527 15.1772645619 13.6854113472 5.87972180827 7.49603225028 6.0980633127 4.5318206908 5.87383839795 4.17804406086 4.62898986102 3.98833122607 4.06580225829 2.99054280513 3.2410506024 2.44273351891 3.1112930021 4.8180996155 5.2217341824 4.28926694094 2.66027096648 4.05402089548 3.77102019048 3.3045519846 3.74378846076 4.09156396974
-9999 -9999 -9999 -9999 -9999 -9999 -9999 -9999 -9999 -9999 -9999 -9999 -9999 -9999 23.0108126454 22.4848330703 21.5896787634 21.4830777775 20.5858346698 21.272462421 19.9652759198 19.9918907999 19.3024536235 18.980286399 17.7061229319 17.8693581141 16.764273643 17.6284409964 16.8247474 16.5931533254 16.1727024503 16.4556012431 15.7550823203 9.40864064257 6.10329496098 6.13358678118 5.64405839718 10.324711052 5.0519514413 6.81090536493 5.1478322751 3.63742658351 3.11952178253 3.31719434203 2.72312763906 2.71514228109 3.96053370909 4.16837011935 7.69667369608 8.57712513665 6.34954488739 7.13255778028 4.8012157795 5.1432045087 4.86645732896 4.19419908192 4.92581223151
-9999 -9999 -9999 -9999 -9999 -9999 -9999 -9999 -9999 -9999 -9999 -9999 -9999 -9999 -9999 22.4414179655 21.709094035 21.5381626466 21.3458385602 20.5887444462 19.7611768327 19.8239846139 18.9142359304 19.0933901746 17.7359433817 17.8469700285 16.7970655434 17.1757146884 9.41598253097 16.217706379 15.4042062835 15.3800574119 14.0102228747 9.28091719884 6.32340845818 6.34960824461 5.99836194473 5.94399365056 5.72040581699 5.42716507806 4.70884469146 6.56787978184 1.66310967642 2.00307970152 2.4478777195 2.01959089062 1.67651419161 1.88502338932 2.66248785305 3.40720083518 2.86551274176 2.61491181502 3.77517092907 5.78634422396 5.67873873338 5.60393310865 5.17888204658
-9999 -9999 -9999 -9999 -9999 -9999 -9999 -9999 -9999 -9999 -9999 -9999 -9999 -9999 -9999 -9999 21.7237332369 21.6580992071 20.5955304739 21.1745901242 20.4947153963 20.9799704763 18.767297251 18.6408052132 18.3065784999 18.0258581121 16.7513778396 15.0217559608 8.79732173446 14.3221933528 16.5576612564 10.9292806556 7.51651871858 5.10137131049 6.18831719103 6.46804167362 6.24310518763 6.45828103382 6.28134423451 8.10634807979 11.935352223 11.5687309705 8.70277318775 3.29546204719 1.53569029565 1.12942186465 0.872303400122 2.94203958782 2.62984028323 2.13084044568 2.87249579949 4.14632655093 3.40745329215 2.89809266236 3.38872596985 3.07349561018 3.00527237547
-9999 -9999 -9999 -9999 -9999 -9999 -9999 -9999 -9999 -9999 -9999 -9999 -9999 -9999 -9999 -9999 23.9787498865 22.1695710807 20.9550535008 21.3979412012 20.5004725661 20.3976210677 19.4618103909 18.9402886729 18.315569962 18.5313305636 17.093799514 16.6112903893 9.22849473962 13.4911010747 9.67509194407 7.00922740083 7.94015738994 5.76370169176 6.64642750781 6.34342993902 7.70010541232 6.53339872086 6.2381324438 6.49253365495 9.45953807803 8.80477380192 9.69613563993 7.0449305621 4.36593485391 2.94285005594 3.88277302839 5.47075317512 2.0889291113 2.5209739814 3.40604602413 3.55771765996 4.63565244281 4.90186699832 6.00758369855 4.46637851369 3.02882801726
-9999 -9999 -9999 -9999 -9999 -9999 -9999 -9999 -9999 -9999 -9999 -9999 -9999 -9999 -9999 22.4271762821 22.3307062572 23.320231286 23.6774635063 23.2716725721 20.3871906757 20.0352411913 18.7186131901 18.8528499576 18.1313328771 18.4022561817 17.3225219631 17.4434899499 12.0872751657 15.4026058739 15.9561241917 16.0686165954 15.6839563273 11.8659887865 9.42612105092 9.72402169278 9.94708658093 10.4206303011 9.165198765 5.70853140749 7.74444505743 5.93862115675 3.69725177298 3.62838403397 3.54230842851 2.52776281501 5.76610602388 5.69460429831 3.07391395123 3.36967357123 2.78347583785 2.25776611216 2.57680821745 2.83848436457 3.18801319784 3.2718666944 3.7410589114
-9999 -9999 -9999 -9999 -9999 -9999 -9999 -9999 -9999 -9999 -9999 -9999 -9999 -9999 23.4732448992 22.8953825829 22.4852261529 20.9872042101 24.3741039099 23.2544077408 21.0594567315 21.0306749104 19.1538371572 19.1776306496 17.9371784566 18.0294216341 16.9096854873 17.0932412263 16.4715309523 16.4984637781 15.5178227639 15.645862146 12.7060532642 10.5257374678 8.93297830935 10.0255336167 10.3981494596 8.91234900068 2.81356812501 6.31658778191 6.86669379391 2.99825190925 2.59155785056 2.9061418901 1.76744769845 1.46908975058 3.73703338987 3.05367079618 3.26857420481 2.70450016926 2.49962575638 2.47835856597 2.74470620189 2.68821837561 2.65049108345 2.79956540136 3.07754034489
-9999 -9999 -9999 -9999 -9999 -9999 -9999 -9999 -9999 -9999 -9999 -9999 -9999 -9999 22.3992247217 23.430042591 22.0428084926 19.9119598906 17.4687919745 19.5285407458 20.2626882714 20.5312151672 19.2993407891 19.3507765994 17.7221653144 17.6055480617 13.8879555114 14.104660591 14.2732675785 16.6633636556 16.0946168761 14.3403780213 9.61235601497 8.98079262808 7.56343681466 9.71942786233 9.31080076678 10.9365022141 6.59259753827 6.73866654618 8.03577540915 7.50389283123 3.3985626037 3.05338484968 2.5458911585 1.33610668059 2.49940682579 4.36088045276 4.52748490485 5.14180498624 5.19183487909 5.14641518179 3.94815766518 3.50928744175 3.99088935289 3.83908614487 3.11870675284
-9999 -9999 -9999 -9999 -9999 -9999 -9999 -9999 -9999 -9999 -9999 -9999 -9999 -9999 -9999 -9999 22.3031203117 21.179333468 20.442515524 20.2808019748 19.4055844953 20.7566800794 19.6852087446 19.6296153294 17.9098126545 15.4524203307 10.4123763656 10.7428393122 9.26606254751 11.8584737497 12.8122311815 10.2568364562 9.09320276555 8.20533808041 8.0470994944 8.10045725405 8.15105903154 6.52698063424 8.4224527832 8.17191257966 5.19910885694 4.77967396647 7.9527080038 6.5477823896 1.6798262112 2.08905912066 1.78323271869 2.29633438569 3.19377369236 3.72280181467 3.68996989826 3.79050508196 3.43960631035 3.02715301438 2.23422716635 2.35403785483 3.40662606746
-9999 -9999 -9999 -9999 -9999 -9999 -9999 -9999 -9999 -9999 -9999 -9999 -9999 -9999 -9999 -9999 22.959322044 22.671060308 21.7434251254 19.9613634297 18.5639656702 19.4589071799 19.1473664783 19.1447187192 18.4891262385 16.2551748045 12.7101212474 12.416677308 11.4800019091 12.1964162501 12.3064128385 11.9540900835 10.0677107858 8.7192219302 6.62533111495 6.93651840133 6.77616187242 7.55995472352 5.34100653891 4.70227283899 5.29736550372 6.45861312932 6.49056678715 7.10086154463 4.81315867852 1.78322526098 0.799979895045 1.36905412449 2.77889280037 2.23289862674 1.85890723888 1.88412820535 1.54280154668 1.72433140791 1.66850679717 1.67776994156 1.68821765986
-9999 -9999 -9999 -9999 -9999 -9999 -9999 -9999 -9999 -9999 -9999 -9999 -9999 -9999 -9999 -9999 -9999 -9999 21.8305181478 20.6607560408 17.8080211705 18.5037438469 19.8080713342 19.3709030628 18.2867769324 18.5932692304 12.276085265 12.4776286576 11.6872799175 11.8198952449 9.9747335496 9.33493400742 8.70173485086 8.8726702758 6.54480130669 7.54389215881 7.13852143289 5.80700219863 5.17668339293 6.02109873801 4.64524122973 4.23291566965 3.89305625823 3.86974961289 3.25449609182 3.04510772224 1.01026178655 1.01784359689 1.65386430261 1.77781264298 2.0491112934 2.2868682854 1.57088348116 1.60689823603 1.7812903635 1.88792003723 1.80134479067
-9999 -9999 -9999 -9999 -9999 -9999 -9999 -9999 -9999 -9999 -9999 -9999 -9999 -9999 -9999 -9999 -9999 -9999 -9999 19.0161651297 18.3124456719 18.7094866389 17.996131811 20.6959776666 18.8977929597 18.7129839483 17.4142703648 12.8781200894 10.3826468365 10.1687010879 9.66820400481 10.235306075 8.38575342306 8.08409508398 5.82583910397 4.99487993491 4.54392781986 5.7959802873 5.08636054062 5.45162999722 4.19133334635 3.89739886913 3.20887334606 3.85796810556 3.76980014065 3.90575384613 2.34514116623 0.888193110697 0.662442683017 1.38251219681 1.42052639981 1.77327340999 1.44342344163 1.43171631625 1.64558964923 1.58431470151 1.32310155264
-9999 -9999 -9999 -9999 -9999 -9999 -9999 -9999 -9999 -9999 -9999 -9999 -9999 -9999 -9999 -9999 -9999 -9999 20.4532399567 21.027616608 20.4751147661 20.285033131 17.9432223045 20.2860256936 18.7868628248 18.5191850387 16.9805788866 16.6465119925 11.2417188524 10.7707304199 9.03071689561 5.74653847352 8.78484361568 7.77082076962 6.18004113897 7.00714894346 7.66695307542 7.37817561032 6.51588449821 6.20439103231 5.55477427881 4.18758265788 3.64476560719 5.40181875721 4.57923586487 5.06955539085 3.54451518004 3.70367864445 2.04999707577 0.8891827317 1.75521853796 2.31775122288 2.68895361206 2.77706371135 2.1482953639 1.91303993409 1.7272136305
-9999 -9999 -9999 -9999 -9999 -9999 -9999 -9999 -9999 -9999 -9999 -9999 -9999 -9999 -9999 -9999 -9999 -9999 -9999 23.5690846237 22.7060569058 22.3509403329 18.2447545414 20.6278843762 19.3342010341 19.2041117695 16.7065767739 16.9405972289 14.5514579069 16.1192478428 12.0012975929 11.9998087102 11.5761572296 7.95532727832 7.78661580499 6.72630477259 4.26929682742 3.83786914151 3.17828795442 3.18010818287 3.368186813 4.31314974126 4.659133053 5.99782667844 5.83168348587 6.55149836158 4.40514521504 3.44727930116 2.46887411677 1.27250669486 0.489000579968 5.087726601 5.58764875203 4.77819912308 4.41267105139 1.00816004707 1.17883737924
-9999 -9999 -9999 -9999 -9999 -9999 -9999 -9999 -9999 -9999 -9999 -9999 -9999 -9999 -9999 -9999 -9999 -9999 -9999 -9999 21.5708848717 22.1631791996 18.3237045883 20.9624493613 18.893135258 19.1083783295 16.7031442573 17.0706345787 17.2371474435 16.9808891765 16.1749899261 16.0466106209 9.91147103021 9.62235329008 7.70425753461 8.41589357633 5.87421574609 6.49504389298 5.93413086281 5.58611078004 4.45199980796 5.46864937737 5.26392041852 4.7105837947 5.75566294408 5.11001826445 4.26086310696 4.72372517649 4.00975279133 3.14086641828 1.94070776843 1.1037985462 0.519733692675 0.927295088163 4.27484126382 0.629004347015 0.624378509855
-9999 -9999 -9999 -9999 -9999 -9999 -9999 -9999 -9999 -9999 -9999 -9999 -9999 -9999 -9999 -9999 -9999 -9999 -9999 -9999 -9999 22.4117545712 19.1648631233 19.5666183919 18.3384025402 18.1111766175 16.6983979703 17.6284821331 16.9484394464 16.8319589211 16.3257457745 16.7664622669 10.0872061993 7.59654512547 10.1026389928 8.98386330605 7.01559339584 5.56119575888 4.77013086642 5.12378100353 6.23705656553 6.51057461887 6.81835893485 4.99338419276 4.18921492262 3.29951589368 3.89031656813 4.23470113626 4.05104332953 4.85644948557 5.47913723339 5.06757765407 2.383399231 0.954275366787 0.318768377858 0.397668284085 0.443391753412
-9999 -9999 -9999 -9999 -9999 -9999 -9999 -9999 -9999 -9999 -9999 -9999 -9999 -9999 -9999 -9999 -9999 -9999 -9999 -9999 -9999 21.2578283707 18.36408185 18.3535970323 19.6260439973 18.9770818426 17.5905954497 17.2615586014 15.2090280141 16.3917687975 7.360190446 15.3125860474 11.2742935582 9.17312179934 6.15765521876 7.02703725584 5.90014388351 5.49237195328 4.64429682156 5.95617902114 6.29473501474 6.0777277628 4.89329786768 4.66800885618 5.33552575033 5.09816529987 4.66860210414 4.5618900186 3.10787352173 3.30251538987 5.17151923113 3.86295493153 2.44724314452 0.644251916618 0.519966136481 0.342727869724 0.354470884953
-9999 -9999 -9999 -9999 -9999 -9999 -9999 -9999 -9999 -9999 -9999 -9999 -9999 -9999 -9999 -9999 -9999 -9999 -9999 -9999 -9999 -9999 18.5160355162 19.3998377909 20.659216278 19.5090805072 17.7242748086 17.0199939866 13.029230828 13.8760105842 14.5196542311 14.8576856916 10.6630925655 9.65659578247 9.5302062858 8.10941710364 7.38055904709 6.89363733087 6.01089197334 6.3846325644 6.52629133499 4.7916132327 4.95939208524 6.03953695703 3.66067696776 3.29988354549 2.65205434405 3.1890440958 3.98091652756 6.18401285655 3.19126398649 4.72772100413 4.38403289317 0.894440965409 0.354627780066 0.315016896199 0.33987402044
-9999 -9999 -9999 -9999 -9999 -9999 -9999 -9999 -9999 -9999 -9999 -9999 -9999 -9999 -9999 -9999 -9999 -9999 -9999 -9999 -9999 -9999 18.8067671609 18.5618894443 20.4555595897 19.7995450236 18.1957271809 14.767513466 13.6127222545 13.8961454838 12.4199999538 12.5937995199 11.6405402812 10.1409520862 8.21739456221 9.79775652335 7.37576749692 6.88402523996 7.30390024119 7.35601133662 5.29118793604 6.63152553736 5.03273828697 4.19817076001 3.68087800815 4.17219421214 4.83057198837 4.99656065204 3.08436813531 3.02556061863 3.02158247052 5.86788149788 0.664808836954 1.77991824788 0.784970427862 0.685243327394 0.48319293272
-9999 -9999 -9999 -9999 -9999 -9999 -9999 -9999 -9999 -9999 -9999 -9999 -9999 -9999 -9999 -9999 -9999 -9999 -9999 -9999 -9999 -9999 18.616510779 19.1134199404 21.6803255935 20.2793890167 19.0388170859 15.9387051672 14.3166437456 15.1879063091 13.3727812923 12.6142640137 11.3173584121 10.6699413983 10.3116425397 8.30664893072 7.5586987603 9.099919264 7.85472404864 7.35178950796 6.98026061453 5.86509541857 4.32324610547 5.17643643189 5.95418917579 5.5365473769 5.13915657987 4.54587962365 3.55265415969 3.5583545876 4.28443516117 3.61117090219 1.46033612985 1.53785814277 1.76343613753 2.02544140486 0.835063048843
-9999 -9999 -9999 -9999 -9999 -9999 -9999 -9999 -9999 -9999 -9999 -9999 -9999 -9999 -9999 -9999 -9999 -9999 -9999 -9999 -9999 -9999 -9999 19.578016296 21.7171860834 20.4120260636 18.7455138777 15.4488839389 13.8844131354 14.8443520476 13.4213492309 13.9714692951 12.6393564101 12.682164633 9.51940640571 10.1443849218 9.6111545537 8.77086679353 6.20785196486 5.91840229189 4.48253406176 5.59564801489 6.4568668166 6.53989088264 5.66088967498 5.14405865426 3.10455536278 2.79983884881 2.6272618954 2.80683686046 2.27524317045 2.75113809542 2.85396502792 2.97715754962 1.05596131866 0.795342059937 2.04467975686
-9999 -9999 -9999 -9999 -9999 -9999 -9999 -9999 -9999 -9999 -9999 -9999 -9999 -9999 -9999 -9999 -9999 -9999 -9999 -9999 -9999 -9999 -9999 18.6410577005 21.4073121244 20.4615279988 18.8563055918 17.7100342216 14.6528887213 15.5071184381 14.6701851418 15.061305789 13.4566119065 13.0728623821 10.6914732274 10.4075080625 8.93127356622 8.1323101956 7.38207210009 6.91184029216 7.9552093854 7.84639785972 7.06743443708 5.70118995344 4.39778285011 4.69155810457 5.05885864463 5.27663651732 4.19205945626 4.09818242052 4.5023204133 4.67608979985 3.13217348471 2.56473163976 2.41609838379 3.56221595622 2.55264471338
-9999 -9999 -9999 -9999 -9999 -9999 -9999 -9999 -9999 -9999 -9999 -9999 -9999 -9999 -9999 -9999 -9999 -9999 -9999 -9999 -9999 -9999 -9999 -9999 21.7621076558 20.4948008845 18.91470145 19.3618247976 15.1527174187 14.8425871422 13.336661937 10.8979615151 12.9099312478 13.2527225805 12.1303179305 9.11361843681 7.56724857519 9.36067468966 8.53426379445 9.34896148587 8.33307380031 5.69814613905 4.43652671848 5.41366184573 5.96365434504 5.54371598368 4.03758666519 4.84114657523 5.2258251014 4.50342490151 3.38052426204 2.58816026581 2.62473701289 5.51773992743 3.59539391764 2.64387858351 2.7838262009
