data/recharge/transience/recharge370.asc
ncols                  80
nrows                 72
xllcorner      4374000.0
yllcorner      5656000.0
cellsize            500
NODATA_value       -9999
[rows 25 to 49 of 72, columns 0 to 55 of 80]
-9999 -9999 -9999 -9999 -9999 -9999 -9999 -9999 -9999 -9999 -9999 -9999 6.40703551499 6.09699619756 6.07689425651 5.24464963966 3.77867186164 3.88412188127 3.41611526766 3.87520407478 3.22646069863 3.54964391613 3.04996190734 1.66067128307 2.94288869797 4.14992198971 3.29899370756 3.56460473934 2.8553178764 2.43298392982 1.96564372218 1.76542012539 1.33444197838 1.21356443516 1.33801600905 0.728813930971 0.846863562342 1.80067052462 1.26414332902 1.21543418042 0.978134199629 0.630390882634 0.764395113558 1.01385159278 0.930828111885 0.963931470958 0.933299551659 0.924138703411 0.847324564929 0.94618622751 0.811478561721 0.561352157987 0.294026891913 0.199435141425 0.186689597383 0.210211883484
-9999 -9999 -9999 -9999 -9999 -9999 -9999 -9999 -9999 -9999 -9999 -9999 -9999 6.02000051879 6.53489836358 6.81675675394 5.16516139652 5.28270169652 4.21565927269 3.7849232081 3.40936899021 3.7727662278 4.40418878926 3.98599123076 3.07542561939 2.65032413026 3.11582677296 2.36194709715 2.57645349338 2.84772622353 2.2045361023 1.96894378991 1.37504989176 1.37364538177 1.26719560168 0.148317942902 0.470674912515 1.4374083376 1.41395485597 0.87176985958 0.653000379674 0.97165663598 0.422800029711 0.516757468166 0.418958315047 0.506055891751 0.621866730765 0.586894827924 0.300700972924 0.192032054736 0.170716095257 0.197716965058 0.217709968225 0.234240804989 0.111686985222 0.130529850211
-9999 -9999 -9999 -9999 -9999 -9999 -9999 -9999 -9999 -9999 -9999 -9999 -9999 -9999 5.18409051088 5.21353152953 4.52832930804 4.63238025246 4.25338473234 4.61192371172 3.58623074828 4.22285659734 3.99663383431 3.00984357921 2.32495713196 2.20264789864 2.42265765812 3.06102660225 2.72210593128 2.31768485363 2.19565197202 2.18918758955 1.89346634314 1.84994728864 1.5435940366 0.302538561599 0.491660474747 1.15139084094 0.950899302181 0.456994897464 0.414566362232 0.697699553539 0.86280718582 0.551686238566 0.291994530672 0.385130273588 0.249561721568 0.193194569161 0.192451336988 0.264762811204 0.221302482565 0.13691147258 0.115020087232 0.144413389627 0.138367540815 0.302240943774
-9999 -9999 -9999 -9999 -9999 -9999 -9999 -9999 -9999 -9999 -9999 -9999 -9999 -9999 1.86971805966 3.66339059658 4.61828094963 4.92212676669 4.35982369389 4.65311607453 4.37494325588 4.12508424012 3.10084792518 4.07907746883 3.59391537385 3.50205744122 1.97478088597 1.9985670231 2.55332870735 2.81515478388 1.71756599911 1.01709846089 1.60288136374 1.73083981034 1.5088731628 0.202347139329 0.388319799639 0.640105126106 0.383721166543 0.375551164981 0.432077871206 0.58896431059 0.564761030961 0.710586469737 0.468967321496 0.314791866867 0.110378403898 0.101034592068 0.121181033087 0.142674962668 0.27068132388 0.354634606292 0.403783690948 0.253462295669 0.144908939073 0.132519731126
-9999 -9999 -9999 -9999 -9999 -9999 -9999 -9999 -9999 -9999 -9999 -9999 -9999 -9999 3.82017267786 5.39584531524 6.13086268249 5.12639566617 4.84011513131 4.84139111454 4.0617351063 4.34762550372 4.04472896277 3.60737169773 2.76009123752 2.44489369668 2.4077029086 2.94114860926 2.04496085745 2.37657137881 2.02643489321 1.83354993482 1.51356331814 1.6115572107 1.55630396185 0.165323916323 0.200689173645 0.906278187803 0.176818261029 0.282024058318 0.502223510249 0.643919298625 0.462218881635 0.487043882049 0.268065186659 0.329974337187 0.174816916312 0.310287825786 0.789317391521 0.868901854701 0.557988285106 0.237885944791 0.462749888248 0.411336775 0.295495608297 0.360428460878
-9999 -9999 -9999 -9999 -9999 -9999 -9999 -9999 -9999 -9999 -9999 -9999 -9999 -9999 8.48622838951 7.47381096291 7.18412960506 6.65984422099 5.43790099503 6.42242676992 4.64005162969 4.25276348953 4.18801944632 3.581283167 2.70759880132 2.93471136033 2.17503589933 3.23738053083 2.39904845668 2.23923635937 2.04822502465 2.36528508855 1.91738417238 0.666204865167 0.175792814821 0.179776245389 0.123816984517 0.383994489548 0.0843681253753 0.157069678142 0.229280929403 0.348168435057 0.257599907777 0.302967910288 0.197481101488 0.205928136853 0.462728757218 0.561641746581 1.31266966428 1.54092726996 0.922162369334 1.10555534063 0.56086997919 0.635754866051 0.532002058707 0.374810582538
-9999 -9999 -9999 -9999 -9999 -9999 -9999 -9999 -9999 -9999 -9999 -9999 -9999 -9999 -9999 6.35793443955 6.09737290342 5.07590235055 5.22898816424 4.73321511092 3.51981329449 3.7864651829 3.69675298272 3.61149037653 2.67588158131 2.77603358256 2.05789124225 2.22974609087 1.60123476509 2.11196986953 1.55350733989 1.51575934051 1.15196052423 0.723779854099 0.208283821594 0.212594526071 0.161904347793 0.155226652318 0.127648864381 0.100432847916 0.0540409527291 0.102686306992 0.110777744628 0.127420584317 0.156693126858 0.125915297646 0.11880565179 0.150701836867 0.22865587944 0.292537048195 0.1793806397 0.143912529649 0.327645193493 0.85131484779 0.735656516412 0.716396746771
-9999 -9999 -9999 -9999 -9999 -9999 -9999 -9999 -9999 -9999 -9999 -9999 -9999 -9999 -9999 -9999 5.82276204123 4.73046088091 4.66115800273 6.08296386145 5.70079859746 4.98746900233 3.46480460155 2.91140621113 2.85732638185 2.60627302921 2.01592855641 1.76414571687 1.39188254664 1.88201405359 1.80293079427 1.35636697219 0.870299769277 0.552553805134 0.168661511584 0.208863351913 0.178180861794 0.211798395834 0.182489132141 0.262729294228 0.797890187613 0.671950445133 0.511515798984 0.388425758373 0.102977517165 0.0544650622785 0.0320282396148 0.229262826824 0.161496680539 0.100802859625 0.176359630263 0.438014946547 0.230145834654 0.153473079565 0.198956009787 0.155338489829
-9999 -9999 -9999 -9999 -9999 -9999 -9999 -9999 -9999 -9999 -9999 -9999 -9999 -9999 -9999 -9999 6.0287333726 6.2801976621 6.39466429299 5.77238919196 4.18039160579 5.23765049731 4.17058332194 3.16927181602 2.81316732176 3.19396875591 2.27350582284 2.2016523863 1.08688041491 1.63645405243 1.1038594892 0.898815964114 0.948735778808 0.807621441228 0.321257035825 0.189697218423 0.26252231831 0.225529267907 0.176213400563 0.15599553517 0.433473162091 0.223405792986 0.462038437761 1.26891993673 0.596079390478 0.319126370208 0.223703926095 0.144326596473 0.0954825361402 0.146299537234 0.269490703837 0.300770735365 0.498298592761 0.565549287336 0.768822925446 0.400589966816
-9999 -9999 -9999 -9999 -9999 -9999 -9999 -9999 -9999 -9999 -9999 -9999 -9999 -9999 -9999 3.60449526644 3.8129473946 4.69701607152 5.39380848301 5.20839052181 4.54865267346 4.33068667068 3.39542993658 3.04625381546 2.40785955602 2.65582348743 2.18390537757 2.23787003725 1.36275427774 1.92431073291 1.67232222159 1.74505943373 1.61081702173 0.922612227229 0.476045603535 0.637059724674 0.379098635542 0.359385860657 0.236624766505 0.0883582937513 0.265027366508 0.498238864826 0.422892680888 0.410057785534 0.394621879958 0.227562179867 0.0488340188724 0.10967041771 0.153899293433 0.289946031091 0.161473773208 0.100693048227 0.116274056585 0.145086410354 0.166588496183 0.177742138453
-9999 -9999 -9999 -9999 -9999 -9999 -9999 -9999 -9999 -9999 -9999 -9999 -9999 -9999 4.2835894285 4.11488403289 4.02526489131 4.60389349317 4.65688038633 4.72389616539 3.95104347514 4.54404989198 3.27095437275 3.4469900463 2.42378889245 2.24712978672 1.81780940412 1.87238936296 1.9110888965 1.90805582004 1.40209119349 1.45184294752 1.00389788629 1.24732210647 1.17975658519 1.98847185458 0.408499448118 0.22130531923 0.270831019205 0.397444737013 0.303390692426 0.31117027311 0.233752370995 0.283828946366 0.121377925228 0.0841922522061 0.142848739164 0.240588516884 0.267663963289 0.170261733856 0.125588914799 0.123285609958 0.134079881531 0.128138298023 0.107423237053 0.121752660408
-9999 -9999 -9999 -9999 -9999 -9999 -9999 -9999 -9999 -9999 -9999 -9999 -9999 -9999 4.59338698602 5.23026554616 4.67134235893 4.14929672681 3.59767380153 3.37614168951 3.04669145188 3.64889841851 3.05137101683 3.29892073788 2.30680944317 1.88456847438 1.73950586503 1.83895522199 1.51088499373 1.8467832805 1.62209657908 1.89801421378 2.28571701796 1.98681556102 1.37491266477 2.09566435821 1.74546887922 2.21953741233 1.03880691393 1.07508129964 1.40527178429 1.26501506523 0.352752161709 0.295688249392 0.216006218281 0.0654744151272 0.202278631249 0.449073770818 0.510280770545 0.702803093131 0.659202130972 0.64612432458 0.329997655746 0.245318534204 0.311305734618 0.282243384129
-9999 -9999 -9999 -9999 -9999 -9999 -9999 -9999 -9999 -9999 -9999 -9999 -9999 -9999 -9999 -9999 4.79382186553 5.83596093571 5.90202191333 5.79342255753 4.66954164179 3.38309230822 3.65204258565 3.67876233605 2.51130122132 2.73235717099 1.49866244805 1.63962276968 1.16352616138 1.95142135736 1.82302324472 2.16984024734 2.03185247077 1.62647094432 1.67664020153 1.69966266422 1.57543239152 1.04125962026 1.57877839394 1.67071255022 0.757987938834 0.655057327015 0.531471131602 0.325011814348 0.104173131557 0.154688437522 0.113538901242 0.116475832573 0.217301815939 0.333503691969 0.295684760457 0.316563954527 0.233818416024 0.170868799203 0.0781029782514 0.0874704165165
-9999 -9999 -9999 -9999 -9999 -9999 -9999 -9999 -9999 -9999 -9999 -9999 -9999 -9999 -9999 -9999 6.23923583532 5.94472517741 5.84162329076 4.42263237973 4.52588145541 4.55092416503 2.59936511295 2.81398637373 2.80381832892 3.19094915845 2.47254274687 2.30526189261 1.77951668956 2.21625749201 2.504464824 2.311450121 1.7050334034 1.6484082881 0.973849934178 1.09529023031 1.11875240269 1.45082155172 0.713151405285 0.574918672415 0.794353369644 1.23181420891 0.257881949108 0.427619532496 0.614389264928 0.108160980554 0.0223037037079 0.0540537378865 0.158139027102 0.098137740896 0.062741109951 0.0646451433959 0.0422678345498 0.0534961007286 0.0476329387302 0.0483214317074
-9999 -9999 -9999 -9999 -9999 -9999 -9999 -9999 -9999 -9999 -9999 -9999 -9999 -9999 -9999 -9999 -9999 -9999 5.92247689457 4.96484674627 3.90887879826 4.46610309617 4.0554329073 3.48978587668 2.58258303966 2.62944767172 2.11531254033 2.04648982429 1.84866755276 2.01749786495 1.37508332745 1.13038591111 1.03218256877 1.31832428268 0.94527438205 1.3529881666 1.26992781823 0.757791369158 0.622996596266 1.02780687205 0.583654819483 0.468637619662 0.304923639728 0.300449199854 0.278844070598 0.231743256208 0.0341257247839 0.0352892902643 0.0723070193639 0.0587919469939 0.0754100139511 0.0898895089223 0.0437058717093 0.0457431339086 0.0545359406704 0.0617666642333
-9999 -9999 -9999 -9999 -9999 -9999 -9999 -9999 -9999 -9999 -9999 -9999 -9999 -9999 -9999 -9999 -9999 -9999 -9999 3.88812161946 3.9093618019 4.25412436037 3.93147516383 4.48326082699 2.97336322061 2.70211086098 1.63870135592 1.71569702418 1.3088124655 1.22741438467 1.21066541777 1.19753415655 0.876360963143 0.825420476371 0.54910700319 0.474083524595 0.406711184517 0.763990280491 0.589406156705 0.765396301775 0.452945535817 0.379335342597 0.241863378036 0.375108932123 0.366234352539 0.398397322899 0.129558128818 0.0256782887098 0.0150022564705 0.0564915100605 0.0396751394609 0.059957349368 0.0379621543393 0.0373260794596 0.0474198127117 0.043869806191
-9999 -9999 -9999 -9999 -9999 -9999 -9999 -9999 -9999 -9999 -9999 -9999 -9999 -9999 -9999 -9999 -9999 -9999 5.13261136732 5.63614328537 5.73623334305 5.57143928059 4.24436635269 3.34120933893 2.85382667947 2.80389469742 1.82268010965 1.81922768769 1.66838889519 1.45949471002 0.536334523574 0.256305333825 0.667360383614 0.98379461895 0.830378668604 1.09958224986 1.3921641528 1.29183044236 1.07747222731 1.0115861966 0.868726521097 0.451474077427 0.326992872198 0.131101727852 0.144004596547 0.124461219139 0.320594559553 0.354801240308 0.124600018028 0.0255376064385 0.0596165411531 0.131836593203 0.135790571756 0.149888475865 0.0825325620007 0.0648806973782
-9999 -9999 -9999 -9999 -9999 -9999 -9999 -9999 -9999 -9999 -9999 -9999 -9999 -9999 -9999 -9999 -9999 -9999 -9999 6.58808157713 6.40268305367 6.05737171336 4.34885358498 3.468280659 3.22180897474 3.14903054691 1.7635728786 1.82342232645 1.72439470602 2.24286386554 1.43858391533 1.41825369782 1.45140370524 1.20472997822 0.565959141567 0.426947602249 0.334201931914 0.251481318143 0.181505849074 0.181386597181 0.221988329333 0.451925554565 0.243091897465 0.172181355873 0.156948611026 0.651955359411 0.490168279819 0.268280041332 0.159765462823 0.0493044370945 0.00597873011731 0.0320804493644 0.0324840588365 0.0382393300538 0.0650650295844 0.0188452281156
-9999 -9999 -9999 -9999 -9999 -9999 -9999 -9999 -9999 -9999 -9999 -9999 -9999 -9999 -9999 -9999 -9999 -9999 -9999 -9999 5.24731557167 5.81765802845 4.42143305738 3.90867477202 2.4620699843 2.97057087249 1.73131539142 1.944679036 2.46832687055 2.09555999461 1.45636219815 1.35542260771 0.851615084306 0.712501393507 0.461162674827 0.606537424569 0.762334834996 0.967938072792 0.862945873648 0.739185167156 0.429040138469 0.730365115353 0.736594515403 0.57570807098 0.893821371875 0.686546908701 0.455169195813 0.574837445264 0.376527634708 0.240288345604 0.100827833249 0.033229316335 0.00892744263555 0.00816080402376 0.0281528628696 0.0118091245464
-9999 -9999 -9999 -9999 -9999 -9999 -9999 -9999 -9999 -9999 -9999 -9999 -9999 -9999 -9999 -9999 -9999 -9999 -9999 -9999 -9999 5.43393180125 4.74201665021 4.74502682487 2.21594825159 1.91664364364 1.60656235345 2.07323468792 1.85369077355 1.64869482234 1.35754446131 1.73999782002 1.28576644834 0.494909850614 1.34219317019 1.60303763912 1.06490775718 0.497736022583 0.415870450804 0.54351371312 0.90354332734 1.00291437653 1.14069902771 0.598665047808 0.394171595005 0.223047983999 0.333736830452 0.407506245851 0.371903288893 0.561232843894 0.583261366225 0.166059526358 0.106531501809 0.0237375482409 0.00350880114272 0.00519781455623
-9999 -9999 -9999 -9999 -9999 -9999 -9999 -9999 -9999 -9999 -9999 -9999 -9999 -9999 -9999 -9999 -9999 -9999 -9999 -9999 -9999 4.46341660484 4.06035978032 4.07780847415 3.18455720982 3.46940352065 2.2925315156 2.11362292803 1.95941145832 1.96644590154 1.025089596 1.45949937779 1.53845911956 1.47281216032 0.655240153704 0.920837559555 0.682022103915 0.531184881636 0.390462634845 0.678025266429 0.925846036852 0.849576487216 0.493289783138 0.473649160918 0.701587646054 0.631674748684 0.513859785157 0.486571387208 0.179141160359 0.232014184542 0.090313576025 0.0375536688908 0.0230128609576 0.0113633521935 0.00822313521153 0.00399178232326
-9999 -9999 -9999 -9999 -9999 -9999 -9999 -9999 -9999 -9999 -9999 -9999 -9999 -9999 -9999 -9999 -9999 -9999 -9999 -9999 -9999 -9999 4.22780525226 5.03147859786 3.55300695111 3.05205622111 2.09211741712 2.49569408562 1.83740293667 2.02835869418 1.71087322728 1.87336624825 1.40058738395 1.59985416586 1.75542844851 1.17207165449 0.898307429321 0.764838918149 0.633048160153 0.683524352317 0.893532008998 0.394456973361 0.456595675816 0.762683965622 0.255055686329 0.208282424062 0.0957854821135 0.151592510977 0.255342351515 0.1784815277 0.034246205324 0.0338593536804 0.112640793104 0.0215603270825 0.00404864490067 0.00327490716082
-9999 -9999 -9999 -9999 -9999 -9999 -9999 -9999 -9999 -9999 -9999 -9999 -9999 -9999 -9999 -9999 -9999 -9999 -9999 -9999 -9999 -9999 4.4435083976 4.27423742574 3.29789598316 3.64804693571 2.5282419175 2.39005328821 2.34466988655 2.46717469736 1.90997458399 2.0031406323 1.84292873684 1.84592377578 1.21682346537 1.87975927821 1.0547385371 0.754104331898 0.951889494007 1.15681450115 0.516775322265 0.929201367672 0.47546878415 0.29179649297 0.225280389106 0.359695101505 0.415927134755 0.563408908746 0.18053350675 0.132023342263 0.0592409386196 0.0878032923592 0.0123883145757 0.0784330280459 0.0164201154788 0.0127784914044
-9999 -9999 -9999 -9999 -9999 -9999 -9999 -9999 -9999 -9999 -9999 -9999 -9999 -9999 -9999 -9999 -9999 -9999 -9999 -9999 -9999 -9999 4.27102972002 4.78633943332 4.33320953592 3.63012707626 2.64269598303 3.31344890778 2.20372464236 3.02296966421 2.14306315813 1.74767547757 1.3866926654 1.755258475 1.90208844902 1.0692410861 0.966825942236 1.56728382785 1.18368932367 0.992743669061 0.962137741079 0.613972107738 0.293033145309 0.476967307789 0.697923191491 0.604387453533 0.559283400611 0.416014385016 0.239800218342 0.240546618277 0.375611740449 0.252949913067 0.048357275221 0.0575207088556 0.0702077570597 0.0878992542423
-9999 -9999 -9999 -9999 -9999 -9999 -9999 -9999 -9999 -9999 -9999 -9999 -9999 -9999 -9999 -9999 -9999 -9999 -9999 -9999 -9999 -9999 -9999 5.15585997302 4.831325529 3.80941814329 2.30913055786 2.9219279736 2.07027749066 2.81089932568 2.17957351913 2.4826883692 1.9999776715 2.46836582115 1.55398772813 1.82525090063 1.7873215484 1.4328940898 0.631032870437 0.53963301522 0.291992398758 0.542457787663 0.845649634508 0.869940113961 0.612365641631 0.479825901502 0.154620863261 0.131139142039 0.118036882959 0.137790935752 0.0864058401728 0.134323070096 0.142100342331 0.170931632965 0.0261990875974 0.0140818358547
