data/recharge/transience/recharge11.asc
ncols                  80
nrows                 72
xllcorner      4374000.0
yllcorner      5656000.0
cellsize            500
NODATA_value       -9999
[rows 26 to 51 of 72, columns 0 to 56 of 80]
-9999 -9999 -9999 -9999 -9999 -9999 -9999 -9999 -9999 -9999 -9999 -9999 -9999 32.6313484668 32.17821155 32.1991150993 29.9992832323 30.0673778153 27.2644377794 26.5663860862 24.1466672294 24.7918895868 24.5172999902 23.1431506244 19.4780858915 17.0418759485 15.0529232769 13.0977490417 12.157778617 12.9234485185 10.5741924154 9.96648509188 9.98822147318 7.88808005135 3.24509636565 5.17088105075 8.92473549483 4.48164200676 7.3956321574 5.38953979421 4.62652047655 5.93604802214 3.4323460937 4.75361338692 4.99934847672 6.1564959141 7.75303003935 7.50540070451 4.74575467541 3.00738529074 2.58165711971 2.7616866841 3.12253069657 3.97272438023 4.29783694855 2.42246929735 2.5054256996
-9999 -9999 -9999 -9999 -9999 -9999 -9999 -9999 -9999 -9999 -9999 -9999 -9999 -9999 31.2759564117 30.9693859553 29.2753527598 29.1125466343 26.9995070326 27.6837578357 24.1989675379 26.0462330289 23.1015523271 21.0689765548 17.0736067097 16.9444543133 16.9370881737 17.523352238 13.099476669 11.40275496 10.7870765772 13.4962479916 12.144555497 10.8774642382 4.18147073447 7.10443694856 8.33228650308 6.01719263667 5.66071521404 5.35663272726 5.50392222094 5.15147482414 5.49775888299 4.09779190976 2.8351461031 3.40126117756 2.67594378051 2.67966987509 2.40409117758 2.99224474968 2.96779924863 2.1804370101 2.08090176384 3.11969642765 4.9553542478 7.62246345074 7.52306241218
-9999 -9999 -9999 -9999 -9999 -9999 -9999 -9999 -9999 -9999 -9999 -9999 -9999 -9999 9.77496102937 22.1058304388 29.4461992763 29.8200215401 27.833982797 28.3149465827 26.7837327103 26.512004107 22.6606242718 25.2765221485 23.1892056509 22.5160608882 16.2634158558 15.7300931093 16.1422421671 16.4329138222 14.9434917869 10.5199189817 11.4346579751 11.4893848922 5.35899902595 5.9392973549 7.02540525751 4.27944220606 4.86296837794 5.26122637586 4.43959236114 4.89897071439 4.49138227105 5.18793144151 4.06219760263 3.13088541712 1.94153888901 3.41840872876 4.05004053229 2.40444631734 3.52236804906 4.16893797833 4.9541666441 6.20810695788 7.31461669827 7.88259668521 9.24277028396
-9999 -9999 -9999 -9999 -9999 -9999 -9999 -9999 -9999 -9999 -9999 -9999 -9999 -9999 15.6971632791 23.4882298169 30.7613805582 30.3472852327 28.5692463225 28.4529037714 25.7191776757 26.6532549563 24.8933739284 24.3589845241 20.5733707667 19.4253146798 17.6655718032 18.3608392446 14.3493215984 15.535181677 13.5916218538 14.0474681352 11.2266557557 11.3845607408 11.8773061764 5.14050733688 6.01542164665 4.98333999621 4.06601002567 4.8593134901 4.05715539571 4.75593445644 3.95448532781 4.08379996698 2.8204558934 3.22985246051 2.21406422657 3.2225850356 6.14023040467 6.52341737548 4.96915668041 2.43805375881 3.33266646345 2.51907123352 2.63308013755 3.98765226316 5.19725638327
-9999 -9999 -9999 -9999 -9999 -9999 -9999 -9999 -9999 -9999 -9999 -9999 -9999 -9999 34.0908573583 33.1163111021 32.0692939838 31.7952077323 30.0807724369 30.8724484692 28.2136762742 27.5445742916 25.3571741872 24.6081160594 20.0932926816 21.0459369442 17.3836634969 19.9844617173 16.1976566962 15.7301566013 14.3736472751 15.5137974608 13.6942822784 11.3656857304 5.65910326947 5.70441126769 4.75513322361 8.14845197964 3.85672259696 5.11771158204 2.54842412861 3.1922279356 2.91254574722 3.16558842651 2.50780347874 2.50772462625 4.58193591882 4.36925999025 8.7530646089 9.85551645863 6.72193612243 8.60905270134 6.01407022484 7.09236805485 6.86531122378 5.72354176329 6.97704222827
-9999 -9999 -9999 -9999 -9999 -9999 -9999 -9999 -9999 -9999 -9999 -9999 -9999 -9999 -9999 32.3997394038 31.4529984622 30.4233681766 29.2022208859 28.5713579081 25.557124614 26.3249553486 25.1663927812 24.7463836076 19.9836756129 20.7789378245 17.2141522175 17.5842205018 13.5200657407 15.8609978027 12.4663914233 12.267380416 10.8844315051 10.8898808958 5.99429974357 6.03419381116 5.29273485285 5.20988522848 4.85703432018 4.57410564446 3.56205715106 4.49257755525 1.03328692229 1.48208624996 2.09962404173 1.54201699854 1.01967154143 1.10085768792 2.39013767499 3.82906932881 3.16423859206 2.74223561382 4.9313148999 8.2653964676 8.1519794801 8.03773904524 7.39532168746
-9999 -9999 -9999 -9999 -9999 -9999 -9999 -9999 -9999 -9999 -9999 -9999 -9999 -9999 -9999 -9999 31.3024316223 30.288353136 29.1813748469 30.8585798977 29.8564694458 28.7325646497 24.8494741117 23.036669063 21.2770926678 20.4653229042 16.9948400616 18.461510746 13.3068652371 17.3327498394 13.7950135005 14.0998478638 9.83051090871 6.85272862729 5.96643181867 6.39195687041 5.927154583 6.25309274456 5.98933709474 7.63903369813 12.5305906504 11.9496935196 6.30615984148 1.85466862103 0.888463816375 0.663265769634 0.574933915237 3.12817876744 2.87932380481 2.1123710373 3.40517209203 5.73961655175 4.50349161708 3.51534248865 4.52670085527 3.90692455487 3.79155109394
-9999 -9999 -9999 -9999 -9999 -9999 -9999 -9999 -9999 -9999 -9999 -9999 -9999 -9999 -9999 -9999 32.0445064924 32.0325353832 31.1826092606 30.8161852403 27.6708320078 28.935998706 25.4189564557 23.2504626191 20.9890245876 22.2622471002 17.9078548475 18.3644534004 13.5941866079 16.4938617649 12.9886546835 10.2535504038 11.0458277523 8.35548757512 7.21294364774 6.20266468327 7.36648486726 6.36683137201 5.92435092377 5.92751360818 8.06979654539 7.82896941479 8.62765929168 5.94098014393 2.66518694977 1.63944797276 1.68925859634 3.45596693136 2.02117823667 2.69909137263 4.41260169593 4.69234172653 6.73690780029 7.18716405075 9.01441563729 6.51803829436 3.83740167806
-9999 -9999 -9999 -9999 -9999 -9999 -9999 -9999 -9999 -9999 -9999 -9999 -9999 -9999 -9999 28.4258517699 28.4742445985 29.7570499219 31.008232432 30.6101249557 28.6473306617 28.3791265126 25.0642423736 23.347355835 19.9099575482 20.8677179586 18.1846188332 18.3320596703 16.7204862724 17.4679894273 14.0284706222 14.3303800883 13.5317552724 12.7257845929 10.8251282558 7.87391852059 7.6594492783 8.72981436484 7.5429175594 4.89664827098 4.3852073958 3.57996168299 2.50510147531 2.45036868548 2.44934060907 1.7229675389 3.72603046766 4.86732316834 3.53679505643 4.47874911296 3.5159651206 2.55901558166 3.19320444885 3.70632385702 4.496427994 4.66399931303 5.60178868231
-9999 -9999 -9999 -9999 -9999 -9999 -9999 -9999 -9999 -9999 -9999 -9999 -9999 -9999 29.9836911686 29.6021761244 28.9484384823 25.4096626019 28.2870476831 29.9992058069 27.2807002103 28.3557371307 23.9696495437 24.4550954138 19.9508597928 19.2682785728 16.5961770009 17.2112312576 15.5606455972 15.5518056853 12.8574331455 13.0892948073 10.1774990383 10.1448379455 8.83490922374 10.5858500917 10.4580778882 7.65538963239 1.73918369857 3.27461732763 3.58886294608 1.85810343301 1.7249371956 1.92708609928 1.25287538134 1.05742968386 1.54877594573 3.56948006692 4.27427013297 3.24564697031 2.97324630024 2.93540889138 3.51890558184 3.41148070635 3.40331480846 3.70374455592 4.03539526105
-9999 -9999 -9999 -9999 -9999 -9999 -9999 -9999 -9999 -9999 -9999 -9999 -9999 -9999 30.7567526564 31.4036285804 29.8735784375 24.4222018979 21.5082317464 22.8941604876 24.5897087682 26.4294001685 23.7636045895 24.482149594 19.6486895747 17.6863740424 14.6731039218 15.2536460185 13.2665576782 15.4773213044 14.3100675255 14.3695551817 12.4842286626 11.5728484435 9.26982677561 12.3956232021 9.95393690691 12.7373735033 5.64188662016 5.85977493158 8.79641226792 7.7597355067 2.52898895014 2.25729023021 2.02816325066 1.16063434209 2.00144950593 5.70045161389 6.72072300835 7.99636536608 8.14095115045 8.06674705719 6.22214259924 5.40040577333 6.47565414334 6.19509402809 4.86834404647
-9999 -9999 -9999 -9999 -9999 -9999 -9999 -9999 -9999 -9999 -9999 -9999 -9999 -9999 -9999 -9999 30.1635814992 27.0299273587 26.2372038742 26.0213432041 24.2223392138 25.2463067766 25.4200960736 25.4665221534 20.4537851128 18.0325160061 12.0189831376 12.6108431306 10.412056354 13.1990191504 13.3343326842 12.6963197162 11.7264121397 10.3919517346 10.4429953278 10.5216591751 10.4994176974 6.83469304312 9.79871048591 10.269088529 6.47644715087 5.53952766082 7.66682986918 4.63244330574 1.42228287663 1.70816171018 1.50755128343 2.56850623647 4.32444338441 5.55297569106 5.54354062722 5.73175761289 5.2689534585 4.45660493386 2.94446419052 3.18968222494 5.52519801485
-9999 -9999 -9999 -9999 -9999 -9999 -9999 -9999 -9999 -9999 -9999 -9999 -9999 -9999 -9999 -9999 27.8239359138 27.3658989145 26.7441767183 24.0039975362 23.1842598009 24.0520679342 22.1661039393 23.1238340443 22.1572436306 19.4293649284 15.5623244206 15.0536210238 13.0627534427 14.078710363 14.6722380454 14.1302578626 11.9717020956 10.985090444 8.20815478575 8.73759913536 8.96628912452 10.214886381 7.03069816325 5.93164569744 7.34944288559 9.25868152098 7.82645888262 8.76162654487 6.00604114556 1.63823773336 0.845954920146 1.57800632593 4.07656057202 2.98626349546 2.31867334905 2.36683170666 1.91488247465 2.23656411411 2.196960677 2.21619742977 2.30265317876
-9999 -9999 -9999 -9999 -9999 -9999 -9999 -9999 -9999 -9999 -9999 -9999 -9999 -9999 -9999 -9999 -9999 -9999 26.8783740636 25.1102209517 21.8952663685 23.0727653747 23.789138284 25.0382158396 21.3550352106 20.4106348635 14.5677805169 14.4164291118 12.8359709662 13.4631395407 10.8898895385 9.74651226918 9.24091504055 10.3525547784 8.07347178972 9.73500107325 9.55515982561 7.28661336476 6.64866154612 8.24302687266 6.18724670332 5.43373860382 5.02199039496 4.97928381836 4.26377848243 3.89483506961 1.08057216213 1.07581464938 2.08157928412 2.15304218035 2.55916364881 2.80453368683 1.95933258823 2.01951080206 2.41001486041 2.62904902987 2.52728301291
-9999 -9999 -9999 -9999 -9999 -9999 -9999 -9999 -9999 -9999 -9999 -9999 -9999 -9999 -9999 -9999 -9999 -9999 -9999 22.9248187812 22.3042584174 23.0263803466 22.0306223868 27.9173725858 23.3247404731 22.4691997132 16.0147183286 13.7945288333 10.8733306862 10.4916380765 10.2489609142 9.89667976172 8.42216641484 8.28354266599 6.49657539849 5.79713125734 5.60188826117 7.73164624987 6.89983333319 7.57945381149 5.66574058846 5.1199423586 4.18229422598 5.33072516847 5.36684887948 5.64793447057 3.17681424239 1.04274674872 0.846170095586 1.7863630891 1.97377407578 2.46025577366 1.96290920952 1.94134987764 2.43244875046 2.30272000913 1.91221865135
-9999 -9999 -9999 -9999 -9999 -9999 -9999 -9999 -9999 -9999 -9999 -9999 -9999 -9999 -9999 -9999 -9999 -9999 25.4267852464 26.3352268477 25.8638059194 25.5740632712 22.2969869504 25.5817111123 22.948037524 23.2036470771 18.1840276321 16.2268414162 12.356352611 11.5361980768 10.3885756203 6.34974772566 9.6614037634 9.10584918646 7.85315499129 9.1478116104 10.7527904948 10.3334690179 9.60089621207 9.05248843271 8.10382538577 5.65658945504 4.89626078137 4.93535803907 4.38429652769 4.74195302967 5.14136695928 4.67376395285 2.25270471247 1.14148738641 1.82975037062 3.311024201 4.64030595269 4.74488004597 3.59059336179 3.06360695623 2.78717381907
-9999 -9999 -9999 -9999 -9999 -9999 -9999 -9999 -9999 -9999 -9999 -9999 -9999 -9999 -9999 -9999 -9999 -9999 -9999 28.4146023904 27.6553715222 27.0974523868 22.6572585339 25.7959883382 24.4610293138 24.2439306894 18.1752795453 18.3704456794 14.1366056135 16.4522219521 16.2416950218 16.2220591801 13.4129970665 9.73357651708 8.65225057721 7.24821612441 5.38986597406 4.57017422594 3.9673538462 3.96725533626 4.53423855797 6.18355781718 6.09800896891 7.17638618749 7.15707858958 9.78547777517 6.95949265972 5.1741833913 3.30871031731 1.70630339084 0.64909507941 3.24142649043 4.3269944775 4.54088631283 4.19381665954 1.55751416432 1.81823887454
-9999 -9999 -9999 -9999 -9999 -9999 -9999 -9999 -9999 -9999 -9999 -9999 -9999 -9999 -9999 -9999 -9999 -9999 -9999 -9999 25.760546967 26.7424523286 22.7978726051 24.82847832 22.08566505 23.7415108326 17.8578587142 18.8870821185 18.8256211848 17.3899814863 14.3954926531 13.9087871983 10.8294175429 10.9555966302 9.59044538071 10.2821036489 8.1206619202 9.0567856354 8.88860037484 8.23119567533 6.33124052863 8.24445344115 8.07880814431 7.09898745156 9.04514610753 7.99747483454 6.70465719559 7.51451534952 6.44603598597 4.62445934886 2.80445183295 1.70480981819 0.849787222713 0.839004700692 2.42931152404 1.17334948597 1.27284800435
-9999 -9999 -9999 -9999 -9999 -9999 -9999 -9999 -9999 -9999 -9999 -9999 -9999 -9999 -9999 -9999 -9999 -9999 -9999 -9999 -9999 26.4352821406 23.9198659251 24.3321991488 20.835675623 19.5290631776 17.7120891334 19.5509791819 16.7932393796 15.8587893963 14.9012472427 15.9184654724 12.1971956678 9.72849608767 13.1389565354 11.7453494017 9.65791904307 7.21624302241 6.59523496557 7.3758233542 9.57661861688 10.0117251122 10.6885113028 7.6948457564 6.46178360889 4.74851447406 6.14670847271 6.79529192997 6.69684580895 8.07132705503 7.64238671262 6.44596524547 4.00858897576 1.70707927951 0.528075996569 0.719424202924 0.928436543949
-9999 -9999 -9999 -9999 -9999 -9999 -9999 -9999 -9999 -9999 -9999 -9999 -9999 -9999 -9999 -9999 -9999 -9999 -9999 -9999 -9999 24.5308281733 22.5294342825 22.5448194597 23.1704606003 24.6504301033 20.3983370704 17.8582579768 15.3153137647 18.683666419 11.1042743495 16.5117341009 13.1157499626 11.1798813437 7.445207784 8.69929152043 7.78797931783 7.64883981603 7.10049316433 8.67700993889 9.67192833459 9.31987825896 7.4514093159 7.10383228724 8.50798465391 8.10848871698 7.58138818326 7.39218192374 4.72045457995 5.16923876299 5.29230317096 3.57080216274 2.30347710833 1.04650230419 1.02666245531 0.581603635904 0.673345042506
-9999 -9999 -9999 -9999 -9999 -9999 -9999 -9999 -9999 -9999 -9999 -9999 -9999 -9999 -9999 -9999 -9999 -9999 -9999 -9999 -9999 -9999 22.9358992652 24.4884918253 25.2398302017 24.591712103 20.3112083691 19.0823995214 14.1539765626 14.7246275546 14.3101159538 14.9753432196 11.9387348557 11.486128366 12.0673607049 9.939768544 9.66742920451 9.07103403337 8.95831217609 8.87566691264 9.85475119045 6.75111502457 7.5133576174 9.42693352221 5.47498735277 4.79705379039 3.73342370784 4.88969903999 6.56599761256 8.23676224625 3.39870302871 4.94444678119 4.91487877346 1.68558917945 0.633241946462 0.536323405349 0.649952098333
-9999 -9999 -9999 -9999 -9999 -9999 -9999 -9999 -9999 -9999 -9999 -9999 -9999 -9999 -9999 -9999 -9999 -9999 -9999 -9999 -9999 -9999 23.4046180174 23.0258209875 24.608352223 26.0103212916 21.6468206325 17.1742140811 15.0890300611 15.5314072264 13.5811610135 13.8723257929 13.269154265 12.2015638611 10.1134703006 12.458871976 9.81774873263 8.83914131878 10.2999400044 10.6375527133 7.7114936873 10.0215186212 7.65433134107 6.0053452042 5.37770488909 6.48576639476 7.62748360964 8.22400350192 4.84374978529 4.69075933036 4.01055646749 6.3698939907 1.28589818951 2.86038315909 1.61956482713 1.43465871795 1.0714051479
-9999 -9999 -9999 -9999 -9999 -9999 -9999 -9999 -9999 -9999 -9999 -9999 -9999 -9999 -9999 -9999 -9999 -9999 -9999 -9999 -9999 -9999 23.1748665459 24.1377054474 27.4812746263 26.5230491551 22.1016507184 19.5439777845 15.8674831283 17.2700501798 14.5091704068 13.221405414 11.8487816118 12.2385458086 12.8029718036 9.74469533616 9.6370049802 12.0002425958 11.0128281776 10.2206126548 10.3381428214 8.51454866819 6.2113329323 7.85559390191 9.56697943919 8.91530897209 8.51868656287 7.48920089261 5.89712434484 5.90770440495 7.49307903437 6.25689039951 2.73500143776 2.72322195307 3.18042295448 3.49685090247 1.89949528363
-9999 -9999 -9999 -9999 -9999 -9999 -9999 -9999 -9999 -9999 -9999 -9999 -9999 -9999 -9999 -9999 -9999 -9999 -9999 -9999 -9999 -9999 -9999 24.870817199 28.3822053554 26.9158541198 20.8625574572 18.3022714948 15.3859498224 16.7248432397 14.6078920369 15.4812378418 14.0355175341 14.8207926848 11.6303715759 12.5577852186 12.735812715 11.5155628412 8.32209820651 7.6110663822 5.91080520732 8.04107998504 10.0628751577 10.1491689043 9.08613725977 8.19781133516 4.63432834913 4.09816680371 4.00118957834 4.34955973961 3.53524499943 4.44692839483 4.95162443413 5.28334844562 2.19766092364 1.54414154148 4.0877920896
-9999 -9999 -9999 -9999 -9999 -9999 -9999 -9999 -9999 -9999 -9999 -9999 -9999 -9999 -9999 -9999 -9999 -9999 -9999 -9999 -9999 -9999 -9999 22.6143854968 27.1552332255 27.3954100796 23.4745636652 21.511499233 17.2350098721 17.5139410087 16.1548765111 16.6304744517 14.5186999232 14.2410313727 12.9657762225 12.6933666401 11.5102202019 10.2643928431 9.57609833996 8.77674656942 11.7894555765 11.6767120716 11.1977207785 8.96607915282 6.76396301841 7.34099182753 8.41099896763 8.82113366061 7.1745899044 7.00357704056 7.93702499041 8.23172506673 5.58987529574 4.04117126212 4.1279036465 6.62070936495 4.51805414526
-9999 -9999 -9999 -9999 -9999 -9999 -9999 -9999 -9999 -9999 -9999 -9999 -9999 -9999 -9999 -9999 -9999 -9999 -9999 -9999 -9999 -9999 -9999 -9999 28.8869985154 27.6139754138 23.6667153492 22.964666147 17.75699059 17.6723869109 15.71162912 14.0071642967 16.1943401127 14.4636246689 14.2416799394 10.5239029229 9.35114556606 12.1971598684 11.8798023668 13.0002378984 12.3188631624 8.3827131867 6.52502251407 8.22733743413 9.58172845444 8.88635275987 6.47872758706 8.02559200392 8.97645644923 7.748031674 5.80791760344 4.03037445406 3.66967492606 6.51409085653 6.56469641167 4.62734229759 5.05528308906
