data/recharge/transience/recharge372.asc
ncols                  80
nrows                 72
xllcorner      4374000.0
yllcorner      5656000.0
cellsize            500
NODATA_value       -9999
[rows 0 to 25 of 72, columns 0 to 56 of 80]
-9999 -9999 -9999 -9999 -9999 -9999 -9999 -9999 -9999 -9999 -9999 -9999 46.3676046773 48.0462834452 -9999 -9999 -9999 -9999 -9999 -9999 -9999 -9999 -9999 -9999 -9999 -9999 -9999 -9999 -9999 -9999 -9999 -9999 -9999 -9999 -9999 -9999 -9999 -9999 -9999 -9999 -9999 -9999 -9999 -9999 -9999 -9999 -9999 -9999 -9999 -9999 -9999 -9999 -9999 -9999 -9999 -9999 -9999
-9999 -9999 -9999 -9999 -9999 -9999 -9999 -9999 -9999 -9999 -9999 -9999 41.4112874512 39.0589248978 39.2120860421 -9999 43.1032744235 -9999 -9999 -9999 -9999 -9999 -9999 -9999 -9999 -9999 -9999 -9999 -9999 -9999 -9999 -9999 -9999 -9999 -9999 -9999 -9999 -9999 -9999 -9999 -9999 -9999 -9999 -9999 -9999 -9999 -9999 -9999 -9999 -9999 -9999 -9999 -9999 -9999 -9999 -9999 -9999
-9999 -9999 -9999 -9999 -9999 -9999 -9999 -9999 -9999 -9999 44.1623067057 43.1456745294 42.557174979 39.8739316274 39.8650296985 40.9145890159 41.3354399769 43.5205406546 -9999 -9999 -9999 -9999 -9999 -9999 -9999 -9999 -9999 -9999 -9999 -9999 -9999 -9999 -9999 -9999 -9999 -9999 -9999 -9999 -9999 -9999 -9999 -9999 -9999 -9999 -9999 -9999 -9999 -9999 -9999 -9999 -9999 -9999 -9999 -9999 -9999 -9999 -9999
-9999 -9999 -9999 -9999 -9999 -9999 -9999 -9999 -9999 42.6571755838 42.7706774361 41.7622095486 39.3011676712 39.9159789104 39.9925914298 41.1562190746 41.4023159493 44.8783152512 -9999 43.2436057416 -9999 -9999 -9999 -9999 43.1100803321 45.2452426563 -9999 -9999 -9999 -9999 -9999 -9999 -9999 -9999 -9999 -9999 -9999 -9999 -9999 -9999 -9999 -9999 -9999 -9999 -9999 -9999 -9999 -9999 -9999 -9999 -9999 -9999 -9999 -9999 -9999 -9999 -9999
-9999 -9999 -9999 -9999 -9999 -9999 -9999 -9999 44.8340122704 43.3950528767 42.4571364175 42.1835578037 40.3467177424 40.1237330555 39.689625122 40.6725814866 40.7219970154 40.5050048829 41.0860794113 40.4189801383 39.3452945769 40.3862657733 -9999 42.5663795435 42.6502995596 44.6709275716 -9999 -9999 -9999 -9999 -9999 -9999 -9999 -9999 -9999 -9999 -9999 -9999 -9999 -9999 -9999 -9999 -9999 -9999 -9999 -9999 -9999 -9999 -9999 -9999 -9999 -9999 -9999 -9999 -9999 -9999 -9999
-9999 -9999 -9999 -9999 -9999 -9999 45.9470706352 43.9693872018 42.6026221132 42.67037913 43.5540907098 42.5686410175 41.0852486629 41.215522119 40.2406517671 40.601741898 41.2062060302 39.4847462233 39.2702994662 38.9468346525 38.5090631599 38.9622988202 42.2960496597 41.7799387899 42.1534934165 43.1821650074 43.9743353702 -9999 -9999 -9999 -9999 -9999 -9999 -9999 -9999 -9999 -9999 -9999 -9999 -9999 -9999 -9999 -9999 -9999 -9999 -9999 -9999 -9999 -9999 -9999 -9999 -9999 -9999 -9999 -9999 -9999 -9999
-9999 -9999 -9999 -9999 -9999 -9999 43.6998976778 42.5978066115 42.3489003493 41.788020272 41.4371936648 41.407054549 40.3776799255 40.6040968289 39.2344468221 38.4801723438 39.1814369584 32.5843699815 37.5475677549 37.9880348472 37.9795928855 39.9492096281 39.6350498098 40.9583317333 41.4898819294 40.5609198523 41.9520638336 41.4540941293 39.7153264836 39.8247945979 41.3137781296 42.2209749533 -9999 -9999 -9999 -9999 -9999 -9999 -9999 -9999 -9999 -9999 -9999 -9999 -9999 -9999 -9999 -9999 -9999 -9999 -9999 -9999 -9999 -9999 -9999 -9999 -9999
-9999 -9999 -9999 -9999 -9999 43.922377392 43.3492425494 42.289955414 42.8464854553 43.1314790184 42.4948121884 41.1409713036 39.795440362 40.3722989271 40.3189482898 40.3906684188 32.8907630087 17.8106711413 30.9673356906 38.3974008115 38.4519635084 38.2826353137 38.5899454086 38.7817230391 41.033367075 41.9210318455 41.8943263794 40.9010341097 38.1351846999 38.3855132284 40.099530376 41.3543846685 40.6491439526 40.8889392046 -9999 -9999 -9999 -9999 -9999 -9999 -9999 -9999 -9999 -9999 -9999 -9999 -9999 -9999 -9999 -9999 -9999 -9999 -9999 -9999 -9999 -9999 -9999
-9999 -9999 -9999 -9999 -9999 43.827774133 40.8244920468 41.2200723615 41.9243123539 41.6133896096 41.1935253457 41.3302098895 30.3031322935 25.286292716 40.6739065924 40.6150200739 35.4883262815 15.349328917 26.8701296882 35.3484808672 38.9662916436 38.7196704359 39.6336677354 39.8938883273 39.3472512349 38.6428465889 40.731149469 40.2406048768 38.0882318934 36.9375980669 35.5549319673 38.0006408175 39.2099730611 39.5864823466 39.653568037 40.3331067366 -9999 -9999 -9999 -9999 39.8347897964 37.7387240974 -9999 -9999 -9999 -9999 -9999 -9999 -9999 -9999 -9999 -9999 -9999 -9999 -9999 -9999 -9999
-9999 -9999 -9999 -9999 -9999 43.5587758438 42.0663736851 41.2647159472 41.6868433588 42.645076307 42.5299316804 42.3593948892 40.5176073374 40.0693233433 41.568350971 41.6008025583 39.1329098236 41.7587908293 40.9321965637 40.6266862767 39.3331143145 38.0278017156 38.3098897424 38.1642474556 39.1240748919 40.0439906528 39.9024186078 39.3656873773 39.3385603829 36.27655739 25.9434615345 33.201787525 38.3719784004 40.0237874884 40.6316635007 39.3911965361 39.6177883312 -9999 -9999 38.3206292219 38.5406672953 38.9639490099 38.9663009215 -9999 -9999 -9999 -9999 -9999 -9999 -9999 -9999 -9999 -9999 -9999 -9999 -9999 -9999
-9999 -9999 -9999 -9999 -9999 -9999 43.0188971959 42.3990848067 40.5783920691 41.47650429 42.1413402207 41.9127626651 42.1487980197 43.4749669051 40.1203551331 40.1805152464 40.2149385907 40.817551018 40.2660377693 39.9765081784 40.0847600405 39.1668955478 38.4159647906 40.6246273908 39.8152676242 39.4455912886 38.9477373863 39.511434248 39.0777225582 38.1867534811 35.8987352382 37.9592714315 38.4685499982 38.7348960835 38.5298810623 37.7919330181 39.3889786422 40.7084633947 38.3539250496 37.7976209954 38.0155311525 39.156562299 38.4572406567 38.2103650902 -9999 -9999 -9999 -9999 41.2296276249 40.2061446148 11.2633397952 -9999 -9999 -9999 -9999 -9999 -9999
-9999 -9999 -9999 -9999 -9999 -9999 -9999 44.7531577516 40.773960506 40.3645239425 42.5050634336 43.3285833693 42.841646477 41.3801560251 41.6372313149 41.9274832157 40.5505423522 40.1016390952 39.8927468743 38.90555639 38.9358084584 37.9814083625 38.1669070169 40.0262029647 40.0592879114 38.3801950392 39.1963423372 38.3029444986 38.7896397026 38.0919222526 38.2354517682 37.3975929075 38.0341025826 37.1703688927 37.9466048212 38.606914352 39.2012640513 39.8042177989 38.8728681887 38.2448218202 37.4092212513 38.3628143999 39.2108404151 38.4188181 36.1469668287 37.6824860926 37.8339413338 36.376977026 35.3237872769 36.9187948926 34.7296903066 31.0156485192 -9999 -9999 -9999 -9999 -9999
-9999 -9999 -9999 -9999 -9999 -9999 -9999 -9999 41.0560604597 41.1758626686 42.6671838156 42.3878268084 41.7404666356 43.0586933939 43.7576234138 42.9328631918 40.2512127933 41.2260725851 40.3661868209 39.232690717 39.6842854097 39.5672799222 47.4931231418 60.9992258892 60.1568381205 60.3356626813 42.4179774152 37.9797878141 37.0185518225 37.1811886814 36.9243891346 37.1050200179 36.8976601982 37.3382755532 37.3418396439 36.9530678594 36.9990354555 37.681501076 37.5229158163 38.3637736812 39.2406430977 38.5830610114 35.5308343398 34.5185921451 33.2356503995 32.1416261689 33.2174745584 31.9034555582 30.1149743074 33.6652456082 33.1609421283 34.0131697269 31.8031136224 -9999 -9999 -9999 -9999
-9999 -9999 -9999 -9999 -9999 -9999 -9999 -9999 41.5921799557 41.6755357316 42.2641256742 42.6446896812 42.3513263165 42.4965703884 42.2880562876 41.3248483048 39.9445837221 40.7559126632 39.5150699724 39.3648472806 40.2552319035 39.7447187961 54.6611205054 67.8865592947 64.5924789843 58.3958713801 60.9399272949 43.2852715152 39.7289163427 37.8513084956 37.4152466939 37.4148577493 37.1758389567 37.4189029754 36.8837044402 17.571922247 37.9977651238 37.4079298317 36.8619809919 36.9078829587 36.5015727773 38.6365866181 34.9361457988 34.6674670491 32.2805253926 32.1209998796 33.0769821981 32.1765599662 31.5424817637 33.9664639399 32.858775743 32.9590172909 31.6552358337 32.3166079106 31.0794696002 31.5372502371 -9999
-9999 -9999 -9999 -9999 -9999 -9999 -9999 -9999 -9999 41.3707812139 41.8472399538 42.6768524659 42.8476785537 43.0343902412 42.4928494601 42.4733684568 42.4162540336 41.0972100137 41.1457246304 41.5227224013 42.7647549078 41.140416451 44.1870610768 72.9907127613 70.027948886 68.5178051377 62.3362836964 58.0711810328 43.4919313247 38.5305329763 38.0965816609 37.9647238948 36.4527531183 36.1851199068 35.4074696858 32.7469313608 37.4376879908 37.2102704895 36.5813164725 36.2271381088 35.7542880755 36.0606034259 31.6371291317 34.2430179132 29.7804443699 28.1900427609 25.3770626501 25.9799927338 30.299230342 30.3463309522 29.9257122679 29.658624818 29.4672085438 30.7026291829 30.7925826678 24.8338963544 18.8022210133
-9999 -9999 -9999 -9999 -9999 -9999 -9999 -9999 -9999 -9999 41.6516103696 42.5681625252 43.0069074474 43.2138254296 42.2425551897 42.0918199791 45.5299055427 45.6800968749 46.2779544848 45.6346680103 43.3676312347 42.749178473 41.6960003255 52.1405248413 65.5162326807 69.2611844937 64.9332084342 61.9982758037 52.3997929435 46.5332459209 38.0681644209 37.7216480808 36.5589420993 36.3601127074 37.1005027256 36.920184477 36.8735959055 37.0447246099 36.7257806379 36.782693323 35.7311815917 35.657668287 34.7961826736 33.3133622904 34.2439442833 34.5132520053 30.1893029224 27.2803683997 31.6402454652 32.0385467411 31.8933341398 30.6626245482 29.2843269357 29.7275054848 29.0329145936 23.5314990924 18.6389115812
-9999 -9999 -9999 -9999 -9999 -9999 -9999 -9999 -9999 -9999 -9999 23.1879243312 30.841587878 42.7088059537 41.9122174471 41.9315095107 45.7516431094 46.2250626341 43.1123820693 43.2450560391 41.3459152979 41.8608548292 41.4701577242 40.3597274593 44.4399903814 56.2389438864 60.9314573627 65.5380469839 63.9606318532 47.5573260899 50.8293746989 37.3240320055 36.0708915694 36.5877349844 37.6959712531 36.8051394922 35.6978245141 35.5057587127 35.8297133703 36.2104442471 35.1497824082 34.5803904351 34.7923626259 33.6545756659 28.093676337 26.7246616692 28.3894208413 29.6132749664 29.3098119687 30.8469956189 28.810504376 29.8561009732 29.3908707503 28.6474988587 26.3315013263 26.3551386721 18.9751553102
-9999 -9999 -9999 -9999 -9999 -9999 -9999 -9999 -9999 -9999 -9999 22.0350430133 32.331997865 41.3581050193 41.422297203 42.816590959 43.0962957034 42.8135970492 40.2592119305 40.2092149224 40.9345807029 41.7328200058 41.2398955446 41.8834022555 40.7011070988 41.5007159482 46.5434376598 56.3414261882 57.9033802889 61.9948839622 61.0843453861 58.3590267516 48.651963901 50.0313670503 43.1004189517 37.3354746765 35.0728579797 36.0399619588 35.0322839226 34.6693781488 33.3318149112 34.9080628989 33.3269444411 33.8323460116 33.5588764072 30.2584547629 32.3059733591 34.2402662757 32.1617073408 27.9844971313 29.1595494726 29.4893996233 23.6410507291 29.5469556145 28.8581977241 27.4835447255 26.0127925225
-9999 -9999 -9999 -9999 -9999 -9999 -9999 -9999 -9999 -9999 -9999 43.1001886064 40.6867402381 40.5554267208 39.6567617084 41.6588710022 40.9988386863 40.1539883519 39.094499905 39.490875645 39.4549686956 39.6427481391 39.9880940567 39.8529091248 38.6994408659 38.5516658342 38.3971014471 37.9539763271 37.5726300993 41.7430924245 49.2969168591 59.0380895255 61.620766819 60.9703011388 50.185423785 37.5172003617 42.371792069 40.108797776 35.5001493426 28.7728081867 23.0359501665 34.544651504 33.415906563 35.0616249036 36.0115271452 37.5169354008 31.5892474978 30.1316833126 28.4629770579 28.3358392443 25.8252920536 27.7299960219 27.9956495832 30.9733251231 29.203095749 26.3372725241 22.7508925572
-9999 -9999 -9999 -9999 -9999 -9999 -9999 -9999 -9999 -9999 -9999 -9999 42.0364804016 40.0428296176 40.5252049773 40.0218121906 40.7265025387 40.7810279601 39.8709920014 39.4119279424 40.4016512113 39.3828295118 39.1063262312 39.3670870443 38.5836531781 39.1537134373 38.8894959602 39.0626875682 38.3621040514 38.0279383021 37.5466449063 37.5293063007 38.966656389 46.6891568166 54.4929569202 33.8656277697 46.430250643 39.2394589129 42.5297001364 34.9687081468 35.7479958598 33.9964807655 34.9262065596 36.3004781917 36.5012143975 36.9833658853 34.2004143925 30.31560565 24.9844384399 26.4551863556 24.1185153372 22.1843779227 19.3228294236 19.7746986228 17.6862940999 25.8110500062 16.2077687293
-9999 -9999 -9999 -9999 -9999 -9999 -9999 -9999 -9999 -9999 -9999 43.0682323943 43.03117312 41.5041526298 40.7268219363 24.8278388028 35.4895981807 40.7565633518 40.6671099392 39.0529187766 38.909136697 38.730654302 38.0361480543 38.7101858598 38.4196722029 38.3484472414 37.3387722927 37.4231770075 37.539058301 36.7737516115 35.5115041185 35.7822618214 34.7062579457 34.3305905402 34.456993853 46.4715226791 42.8569158997 33.4050121475 32.3642161003 33.122622095 33.5398047851 32.7093656181 34.9968723453 36.8629545528 37.3702792626 36.9167385099 35.1110381411 35.4727468103 28.7630177363 29.1944051872 22.1434968077 16.695168112 14.5375715985 14.6359616667 13.033937261 14.294789214 18.2906494417
-9999 -9999 -9999 -9999 -9999 -9999 -9999 -9999 -9999 -9999 -9999 43.8973376498 43.4590971709 42.20042143 40.6740879565 31.4794582456 38.8952318917 40.3955579862 40.4850654878 40.1477796815 33.0063001447 33.9066839839 38.6471727433 38.7209807681 38.5951205175 39.0365128569 26.8806231395 27.8327441173 36.2131918027 38.2827423019 37.2839016489 35.9565621934 34.2665485657 34.3123568592 34.1574467006 39.6775801758 36.6690779911 43.1023917412 33.5850546663 38.204480752 32.021014493 33.3083619989 34.5374923189 35.2429603654 35.9975831949 35.6216339123 34.4270496891 34.6293959373 33.152236103 32.6670517547 21.5628503685 22.3371300876 19.2799912729 18.5938623312 16.8242308218 15.7255319475 12.0758403047
-9999 -9999 -9999 -9999 -9999 -9999 -9999 -9999 -9999 -9999 -9999 42.6899709892 42.6380170935 41.2647028568 41.0562522729 40.7929938415 40.2887301621 41.7695454888 40.7610181078 41.3574719666 34.7931405607 15.6792259643 35.1199983778 41.7245118182 37.8824454518 38.0446327189 39.688024539 39.2413218777 37.0677433966 36.1595230254 35.2554827208 37.1254495107 36.1207391554 35.8316902818 33.2686528581 33.5735210942 25.3999728085 20.7200801196 29.0753596337 29.2355791545 32.2453919273 33.68497013 32.6602578492 31.6184669752 31.605901958 31.838365202 31.6382168657 31.6938555204 30.0193538943 29.6789733112 21.8186820408 15.5973210865 12.5013253177 12.222856895 11.044436609 12.0845636634 13.5542490887
-9999 -9999 -9999 -9999 -9999 -9999 -9999 -9999 -9999 -9999 -9999 -9999 43.7004415616 41.8739957011 41.3929115712 41.1697574663 42.3090316886 42.062955278 40.787878949 40.2489582461 41.8234428506 42.4599692613 40.4913779003 37.1617076432 37.1750767981 36.9441105605 34.6990500679 35.3808476613 33.813908142 32.1307331468 28.4396163117 33.4949465891 32.7440816175 33.6320317391 32.3391682992 36.3740530906 28.8910110623 23.1745242297 33.3789934978 38.8636386737 32.4530697764 31.914872175 32.7413219894 31.4168547152 30.9567421488 30.8612373771 30.3918818567 30.5531984378 28.7769364039 29.7196641982 27.1562149068 19.6596773959 20.5915734392 19.0555077272 12.815137195 13.1284045686 11.9048691758
-9999 -9999 -9999 -9999 -9999 -9999 -9999 -9999 -9999 -9999 -9999 -9999 44.1788510831 41.8942882879 42.2877080788 45.7650589807 43.4457964298 43.210410831 42.2549744828 40.8228618072 40.590065224 40.9036865171 41.242074562 40.6985474033 37.9246955696 39.1075507527 39.3666648193 38.7422858933 35.8004201939 38.1477543706 34.6510457786 35.546294705 37.1494630262 36.6380670778 41.2170643098 34.3778246306 25.9640580082 33.9652509018 39.397936156 35.4526429015 32.4723860227 31.3808661944 29.4113573414 29.2970306781 28.6981861237 28.1207467112 26.6472019614 26.954662025 25.1241213365 26.6528440109 24.7970117352 23.2110907197 20.2637604253 9.7957606573 6.9729669854 9.03873947489 6.27144250604
-9999 -9999 -9999 -9999 -9999 -9999 -9999 -9999 -9999 -9999 -9999 -9999 44.4671257848 43.182653874 41.9554229934 44.9328017385 42.9891058462 41.40641147 42.069863416 43.1846120665 41.334672048 39.688132996 39.6439721257 31.9193440046 35.9442230763 40.0427210468 38.3341025166 38.9588251806 36.1544566417 34.7186939201 31.7632233141 30.5458425677 32.0685697207 34.8480255733 31.4467919723 42.9016647595 41.0942484588 35.1113123146 29.076262631 22.5930411847 19.1996772531 20.4864522172 27.167327053 29.7751366914 28.9214880896 28.8738467656 27.8930204548 28.061305462 27.2947940224 28.1833216096 25.9389564885 19.0871272076 9.90446455971 7.88163294121 7.27474641541 7.81141829985 7.13065747297
