data/recharge/transience/recharge104.asc
ncols                  80
nrows                 72
xllcorner      4374000.0
yllcorner      5656000.0
cellsize            500
NODATA_value       -9999
[rows 0 to 24 of 72, columns 0 to 56 of 80]
-9999 -9999 -9999 -9999 -9999 -9999 -9999 -9999 -9999 -9999 -9999 -9999 2.99649280249 3.16097771917 -9999 -9999 -9999 -9999 -9999 -9999 -9999 -9999 -9999 -9999 -9999 -9999 -9999 -9999 -9999 -9999 -9999 -9999 -9999 -9999 -9999 -9999 -9999 -9999 -9999 -9999 -9999 -9999 -9999 -9999 -9999 -9999 -9999 -9999 -9999 -9999 -9999 -9999 -9999 -9999 -9999 -9999 -9999
-9999 -9999 -9999 -9999 -9999 -9999 -9999 -9999 -9999 -9999 -9999 -9999 3.88361905509 3.08365286907 2.68230558002 -9999 2.86714594987 -9999 -9999 -9999 -9999 -9999 -9999 -9999 -9999 -9999 -9999 -9999 -9999 -9999 -9999 -9999 -9999 -9999 -9999 -9999 -9999 -9999 -9999 -9999 -9999 -9999 -9999 -9999 -9999 -9999 -9999 -9999 -9999 -9999 -9999 -9999 -9999 -9999 -9999 -9999 -9999
-9999 -9999 -9999 -9999 -9999 -9999 -9999 -9999 -9999 -9999 3.09705462189 2.95530786261 3.49123241894 3.62024221604 2.59655002755 2.29528465821 1.95912292811 1.98644860179 -9999 -9999 -9999 -9999 -9999 -9999 -9999 -9999 -9999 -9999 -9999 -9999 -9999 -9999 -9999 -9999 -9999 -9999 -9999 -9999 -9999 -9999 -9999 -9999 -9999 -9999 -9999 -9999 -9999 -9999 -9999 -9999 -9999 -9999 -9999 -9999 -9999 -9999 -9999
-9999 -9999 -9999 -9999 -9999 -9999 -9999 -9999 -9999 2.9248733969 3.08330065709 3.04747505207 2.93344488673 3.10746623662 2.88251657257 2.6627375902 2.2719205838 2.95022568903 -9999 3.22326487085 -9999 -9999 -9999 -9999 2.38231948299 2.58894098341 -9999 -9999 -9999 -9999 -9999 -9999 -9999 -9999 -9999 -9999 -9999 -9999 -9999 -9999 -9999 -9999 -9999 -9999 -9999 -9999 -9999 -9999 -9999 -9999 -9999 -9999 -9999 -9999 -9999 -9999 -9999
-9999 -9999 -9999 -9999 -9999 -9999 -9999 -9999 4.29701796853 3.62401301786 2.99731081153 2.98509915902 2.89420171428 2.64811805797 2.70313539806 2.54704667483 2.25622112996 2.17475183343 2.10423657906 2.58187505268 2.53667234415 2.71700535552 -9999 2.29053857347 3.01515382221 2.97313282096 -9999 -9999 -9999 -9999 -9999 -9999 -9999 -9999 -9999 -9999 -9999 -9999 -9999 -9999 -9999 -9999 -9999 -9999 -9999 -9999 -9999 -9999 -9999 -9999 -9999 -9999 -9999 -9999 -9999 -9999 -9999
-9999 -9999 -9999 -9999 -9999 -9999 3.79903711721 3.14253069422 3.03973859708 3.21032682165 3.48911596101 3.69510496364 3.27616031051 3.06666174818 2.64853318385 2.89706476553 2.42057617822 2.26547549477 2.50847182381 2.54743910546 2.44998767136 2.62635859719 2.45110938166 2.3264820811 2.56332118602 2.44913349325 2.63970903588 -9999 -9999 -9999 -9999 -9999 -9999 -9999 -9999 -9999 -9999 -9999 -9999 -9999 -9999 -9999 -9999 -9999 -9999 -9999 -9999 -9999 -9999 -9999 -9999 -9999 -9999 -9999 -9999 -9999 -9999
-9999 -9999 -9999 -9999 -9999 -9999 4.08649614845 3.67907504356 2.89027453282 2.77089593934 2.66863366172 2.87368017322 2.80951271252 2.55210272994 2.45483400307 2.23245425535 2.27518645407 2.22497033974 2.33692979591 2.16111942098 2.2848511883 2.70771556047 2.48880523629 2.45737221669 2.27586555378 2.09842501452 2.77324590153 3.05566679405 3.08304530014 2.87611740502 3.54206339708 3.48874587515 -9999 -9999 -9999 -9999 -9999 -9999 -9999 -9999 -9999 -9999 -9999 -9999 -9999 -9999 -9999 -9999 -9999 -9999 -9999 -9999 -9999 -9999 -9999 -9999 -9999
-9999 -9999 -9999 -9999 -9999 5.03681437118 4.28490226445 4.24867617919 3.8376398653 4.01235590565 3.75697800607 3.34317206677 2.64969501696 2.71950904984 2.77244151411 2.81382109231 2.45591371358 2.32162279722 2.46520993749 2.19528985658 2.29869803109 2.20099263271 2.33225306649 2.42453259935 2.40498115797 2.54923366422 2.6482105627 2.59439192718 2.93572837557 2.8523919768 2.71050153385 2.88563855435 2.5255119682 2.41004055576 -9999 -9999 -9999 -9999 -9999 -9999 -9999 -9999 -9999 -9999 -9999 -9999 -9999 -9999 -9999 -9999 -9999 -9999 -9999 -9999 -9999 -9999 -9999
-9999 -9999 -9999 -9999 -9999 5.23005364574 4.72641924497 4.76481061948 4.12844186626 3.77825159419 3.68193455911 3.955966692 3.28425394834 3.38840185931 3.69487457316 3.96366619055 2.63543907452 2.11890809995 2.80415879979 2.18049460136 2.29815642206 2.41591842831 2.77539627642 2.64593974579 2.46314244038 2.14867279127 2.26781593447 2.04616081397 2.46551963291 2.33529741511 2.19695306464 2.31498522802 2.55920861312 2.42374566854 2.51471868299 2.40957051128 -9999 -9999 -9999 -9999 2.78428124222 2.64686238454 -9999 -9999 -9999 -9999 -9999 -9999 -9999 -9999 -9999 -9999 -9999 -9999 -9999 -9999 -9999
-9999 -9999 -9999 -9999 -9999 4.7843621835 4.38054245117 4.42993184817 4.3673180045 4.68379906641 4.29319511235 4.06548910827 3.6032045922 4.18378808185 4.08575390561 3.3005604464 2.84901898275 3.54673464466 3.12652122743 3.43667418753 2.72637928104 2.32759208621 2.23263474524 2.1264622683 2.40355712212 2.25147085659 2.1716075667 1.89340848594 2.5609169955 2.21397342707 2.11989680203 2.14429580046 2.51911395405 2.38220411339 2.23572060486 2.52988299435 2.55396645878 -9999 -9999 2.70682319429 3.00227331233 2.87701704964 3.28954809037 -9999 -9999 -9999 -9999 -9999 -9999 -9999 -9999 -9999 -9999 -9999 -9999 -9999 -9999
-9999 -9999 -9999 -9999 -9999 -9999 5.58756157244 5.91683956761 4.96173480072 4.68273213743 4.04711397679 4.47849492734 4.80571635079 5.12672570512 3.27819252158 2.95721617953 3.07211351685 2.96155700462 2.62608895805 2.59992382047 2.65470722414 2.78956641033 2.56471851609 2.79870293786 2.4896750354 2.20965334319 1.75698799039 1.91221533026 2.04371716811 2.1144881159 1.99597976798 2.31466088014 2.16348109029 2.14181959307 2.26838565513 2.42384325392 2.41206959424 2.07251325199 2.71533461786 2.62725688704 2.66764036852 3.19806380636 2.55345863762 2.1059130298 -9999 -9999 -9999 -9999 3.28762331404 2.92814351384 1.62825917806 -9999 -9999 -9999 -9999 -9999 -9999
-9999 -9999 -9999 -9999 -9999 -9999 -9999 5.14531327494 4.47583279497 5.18816532835 5.06069514574 4.51609628115 3.77558250535 3.2453218999 3.23746909194 4.05746920661 3.88022455415 3.76930035535 3.61201911889 3.00974093744 2.47509512833 2.49297437929 2.41132648044 2.44076301581 2.26670692807 2.02177097499 1.8855236655 2.09475632219 2.1425271516 2.0460286275 2.12957087627 2.11545418643 2.22650672336 2.12349754411 2.49364354873 2.4720324092 2.51152552806 2.48448940155 2.65253749753 2.64501485795 2.38425627506 2.20698636199 1.75256485073 1.61424279843 1.43633235483 1.66154230562 1.85883564775 1.51983755312 1.5101882459 1.97681645037 2.27822784814 1.92714059674 -9999 -9999 -9999 -9999 -9999
-9999 -9999 -9999 -9999 -9999 -9999 -9999 -9999 4.18576429287 3.97065214306 4.50473222911 5.05355638892 4.49531996261 4.91687069199 4.52481632414 4.14187409265 3.20073089009 3.21968612822 2.68390896081 3.02467414158 3.81162818807 3.64236843299 1.73253047551 1.47478693107 1.50384280733 1.35305661914 1.30207714461 2.03081999793 1.79460612943 1.50042593726 1.7554621688 1.81170156663 1.92020252583 1.78159796299 2.09311291406 2.18946736952 2.38084198606 2.49870137968 2.39969124396 2.36301966907 2.32622822605 1.79632640141 1.3960453388 1.24779937753 1.25354739631 1.12192821845 1.31688081793 1.13860283804 1.08011109387 1.51136091849 1.83466550284 1.98558575866 1.81626988005 -9999 -9999 -9999 -9999
-9999 -9999 -9999 -9999 -9999 -9999 -9999 -9999 5.26462852381 4.55028916194 4.13950713509 4.17204885756 4.0032144263 3.9706178076 3.44852892979 3.3614126592 3.09830787994 3.32610003676 3.02904622458 3.28471318427 3.5795859151 3.55230728792 2.08514836116 3.09598225463 2.24122889064 1.30862494352 1.56267072403 1.62673584725 1.82349954274 1.49399523099 1.54567857271 1.68210062954 1.61500782514 1.70877649846 2.12841644369 1.72254685514 2.60435669906 2.40303084523 2.39276340683 2.34576266365 2.36678588255 1.73418172645 1.27646231211 1.27161117143 1.12706581673 1.1115845921 1.2966031582 1.17437989079 1.18653332408 1.93400283196 1.90305456087 1.91379917417 2.02618810224 2.31393468364 2.01867525518 2.16513387391 -9999
-9999 -9999 -9999 -9999 -9999 -9999 -9999 -9999 -9999 5.94171143526 5.09022500033 4.01979067854 4.09620618439 4.14982083736 3.78793775894 3.82651790264 4.29334298341 4.59539820758 4.71052127084 4.75564753034 4.37242474147 3.46299456126 2.82295656835 5.06006611111 3.54665814534 2.82529949289 1.68228225258 1.12232945846 0.770475659455 1.7972832514 1.71136039989 1.76318036555 1.72430850906 1.44226979693 1.74135033637 1.82718224312 2.30824275614 2.16881362802 2.1131562314 2.1382789133 2.12313597763 2.09503825494 1.07958900796 1.47402830065 1.11276627032 0.910890870657 0.832782328163 0.850207319456 1.35965598618 1.46288112453 1.52512431776 1.46784738743 1.71303507427 1.94921202967 2.1033642742 1.18022566232 0.89699750715
-9999 -9999 -9999 -9999 -9999 -9999 -9999 -9999 -9999 -9999 4.41939336011 4.43329970187 3.96398412441 4.05293341739 3.47963781928 3.17679902543 3.34304419619 4.30039710765 3.69262920909 3.07949264734 2.87083175548 2.75565513461 2.36499506808 1.72785392505 2.10088213328 2.90714268369 2.34162598626 1.67816396844 0.924282342314 0.780994453692 1.77118290139 1.78110018237 1.98769649664 1.69969955053 2.18039520902 2.05192780975 2.24507651509 2.17064366036 2.1323134218 2.14661716123 2.23966309126 2.19622090188 1.64912926448 1.25219977339 1.72556479137 1.66905483287 1.35867727359 0.997049916066 1.68273309729 1.65083038058 1.77278133512 1.6989626644 1.56220070392 1.88270173448 1.79756593704 1.11368390665 0.88337640139
-9999 -9999 -9999 -9999 -9999 -9999 -9999 -9999 -9999 -9999 -9999 3.84354106696 3.17934830153 3.72343110551 3.43277587428 3.11448742989 3.25389046458 3.20054329405 2.68132858655 2.97098148288 3.28221703603 3.19787726169 2.42003315839 1.9373578617 1.26772657973 0.657219161866 1.46038388977 2.45399247496 2.4879835994 2.5618110738 0.88371521762 1.46689935925 1.72548859144 1.79236963549 1.82853769609 1.63002221325 1.98548783086 1.96928852296 2.09116754126 2.09042079985 2.20337512593 1.96156922262 2.0657512103 1.43205696213 1.04831571997 0.910004884524 1.13370470506 1.37777286322 1.35661382546 1.66048161976 1.50271618886 1.80356761804 1.86942222444 1.72381962026 1.5128801414 1.50051281676 0.93496613738
-9999 -9999 -9999 -9999 -9999 -9999 -9999 -9999 -9999 -9999 -9999 3.30200811162 3.46644332424 3.32548505955 3.53298439553 3.26055809406 2.71833458373 2.54831441144 2.9806254786 3.01785553291 2.9887890441 3.40297267857 2.42601286184 2.18037458461 2.22795073011 2.54537274907 1.41205961089 1.24323400727 1.24749921364 2.19799259927 2.23470361336 1.76377921221 0.581964109896 0.684753272733 0.697617142629 1.47301281502 1.975403642 2.01522462955 2.02880543168 1.95047696548 2.03798117992 2.27423473306 1.88973683091 1.95253106705 1.61083219096 1.29326552529 1.81826407717 2.19920270008 2.00952563314 1.33831531541 1.51585918909 1.4601303171 1.12168363526 1.84310542295 1.90388065282 1.68832389741 1.57215413649
-9999 -9999 -9999 -9999 -9999 -9999 -9999 -9999 -9999 -9999 -9999 5.09547757978 4.46969563195 4.16529413955 3.01117418042 3.13700682122 2.5583871264 2.11083664839 2.32023475751 2.52119393665 2.59198480487 2.65830469901 2.23948375521 1.82799113221 1.87034024558 1.89352395894 1.83606314047 1.79165710972 1.87806819126 1.22676293543 0.774560833145 1.59566430627 2.634883329 2.49770147111 1.31146955665 0.486156108413 0.814524199252 0.398286277655 1.55327727079 1.3841518543 1.68034408337 2.10474398881 2.32059558185 2.61050997031 2.94419869821 3.03311519718 1.67391742937 1.46284981318 1.48006591392 1.49188704413 1.21215510917 1.4130680175 1.54619843659 1.87753923732 2.13376370809 1.5658749734 1.16842681297
-9999 -9999 -9999 -9999 -9999 -9999 -9999 -9999 -9999 -9999 -9999 -9999 3.4771857176 3.96423227603 3.62719630374 3.18565963187 2.77762360945 2.44468174121 2.18172699819 2.64313580049 2.68668573746 2.51659085385 2.42243347347 2.38314893513 2.01304227073 2.06490064781 1.87547414692 1.94933290144 1.8638539984 1.76563874553 1.78226578216 1.87885575242 1.31298155522 0.677532379811 1.52868135377 1.64513959952 1.12329970176 0.610758378389 0.500329079449 1.99890451588 2.25720874468 2.0589177167 2.83383529473 3.23937000113 3.45100448968 3.40335113701 2.01885902799 1.48768873594 1.11499608028 1.28708616708 1.13915089008 0.904215159444 0.763822486644 0.778396187764 0.781998165767 1.1104343792 0.94446806628
-9999 -9999 -9999 -9999 -9999 -9999 -9999 -9999 -9999 -9999 -9999 4.42066222034 4.28920015774 4.62699661276 4.48770626735 3.76094633924 2.78232979644 2.90049253126 2.35002354743 2.61807391803 2.18574830127 2.14329169211 1.95307436701 2.01063279967 2.03114014904 1.99412113201 1.76811291561 1.69824059324 1.7505950223 1.68256867752 1.59195135438 1.66292566876 1.58495804294 1.56401502267 1.71952298152 0.751172923364 1.0570939494 0.435329235208 0.410576356136 1.52106204759 2.06240548513 1.86863098541 3.03639915807 3.51114143184 4.23147533043 4.19596173014 3.41896790613 2.33935971271 1.56566201389 1.57827052011 1.09117353382 0.656885369123 0.584197726201 0.59049378927 0.54975345442 0.627026159631 1.02544967056
-9999 -9999 -9999 -9999 -9999 -9999 -9999 -9999 -9999 -9999 -9999 4.66612452941 5.50520789233 5.2421499634 3.89250831181 3.49301136862 3.22013390153 3.16358084109 2.61454912626 2.67842167264 2.37980957209 2.20637639067 2.09174337968 2.16366828172 2.14819592397 2.11664151269 1.5465844711 1.69664998536 1.84215280934 2.48661158808 2.24093946059 1.70343067942 1.55217045256 1.56548537702 1.66803701873 0.432091272782 0.595105872484 1.06356466252 0.535548798596 0.762334402557 1.79127290031 1.92413161128 2.54653506291 2.65992797705 2.75190163892 2.58372545002 2.82514521649 2.85835558614 2.2074340489 1.97604778911 1.01621241819 1.0895117007 0.935945578512 0.865439248527 0.810247579483 0.729559571466 0.557651454998
-9999 -9999 -9999 -9999 -9999 -9999 -9999 -9999 -9999 -9999 -9999 6.10724160642 6.00888589378 5.08648076252 4.93153591222 4.77554195865 3.27809337987 3.48841223972 3.21629675079 3.33274569081 2.13550522586 2.14506034574 2.93998785896 2.28173094564 1.55846778457 1.55387604131 1.82531438832 1.78980404559 1.5152024298 1.45654279159 1.52736304662 2.34213106707 2.40718604196 2.22543719329 1.7950262083 0.321283491743 0.249231780791 0.155341268773 0.477224919003 0.385423144173 2.09116194129 2.2601527555 2.02366260114 1.69870883618 1.76516588879 1.76416206314 2.11752465431 2.15766823453 2.03526133897 1.94088875872 1.11502872238 0.736400980936 0.620322431141 0.594431118187 0.577351668736 0.655575421941 0.818820963276
-9999 -9999 -9999 -9999 -9999 -9999 -9999 -9999 -9999 -9999 -9999 -9999 6.23835156613 5.83373091664 4.73366963135 4.44911575478 3.74228450484 3.80915060796 3.10363018552 3.36525175652 3.04871682971 3.50379810612 1.78948202128 1.38695801577 1.40122025823 1.36854028779 1.11960492556 1.21114839094 1.10490363382 0.930133245349 0.782567718787 1.15790639721 1.48912881231 1.61913046624 1.63218774772 0.473658449459 0.358345098944 0.210641629748 0.69169494707 0.679751312063 2.07042111642 1.89409031768 2.0746383861 1.69263707222 1.77760731695 1.77431020444 1.87488408611 2.00350063629 1.83286136745 1.8923300069 1.63833277 0.88684628155 0.777375853852 0.968322486446 0.638728109782 0.695786883756 0.632961330359
-9999 -9999 -9999 -9999 -9999 -9999 -9999 -9999 -9999 -9999 -9999 -9999 7.55503520097 6.15043764739 5.17518389979 4.59185395723 3.57595885099 3.9594042951 3.55158074385 3.21217853722 3.20579818407 2.9522011922 2.23138486841 2.363994107 1.74054196792 2.01006652713 2.20367766941 1.93398323629 1.51644067008 2.04266477412 1.56952182683 1.70772456671 2.57318730416 2.72164687937 0.799441726566 0.621824784916 0.364128473145 0.764043139157 1.37387315687 0.820037735889 1.94334390941 1.81505740047 1.6623416465 1.63735263127 1.65540608374 1.66027368818 1.55199673914 1.57120368324 1.44317318905 1.57227235658 1.4755368938 1.1325516085 1.02220831174 0.357496244215 0.28015260013 0.38860222794 0.289679702652
