data/recharge/transience/recharge195.asc
ncols                  80
nrows                 72
xllcorner      4374000.0
yllcorner      5656000.0
cellsize            500
NODATA_value       -9999
[rows 25 to 49 of 72, columns 0 to 56 of 80]
-9999 -9999 -9999 -9999 -9999 -9999 -9999 -9999 -9999 -9999 -9999 -9999 8.72746756279 8.72539088227 8.02001840864 8.25592521399 6.79353988302 6.6454821569 5.86861262695 6.49991693232 5.390826272 5.14330217334 4.52088306662 2.50224641918 3.39494691187 4.56933576708 5.21219482911 4.50277992961 3.67426136672 3.33641635358 2.85898726022 2.68589227484 2.42185696849 2.43081240574 2.37994724662 1.72288012389 2.07389100069 2.62018098786 2.2660522299 2.08370395403 1.83730513839 1.52230743415 1.78032243561 2.01364503289 1.9244813428 1.97526649712 1.97603224214 1.96181870857 1.86243171996 2.02169460977 1.88058742183 1.56053122613 1.0984387208 0.861354471632 0.874688728339 0.924604335808 0.887880662266
-9999 -9999 -9999 -9999 -9999 -9999 -9999 -9999 -9999 -9999 -9999 -9999 -9999 8.26569162168 8.19567557526 8.36458158619 7.62599879958 7.72774693689 6.60869889904 6.19297379986 5.47073315743 5.75849370885 5.31105572791 3.78520747232 4.82772650123 4.37465392937 4.21737307227 3.82883373656 3.54668058056 3.76138100922 3.12121386701 2.93960961731 2.46863937285 2.43799395603 2.2435610855 0.505566297929 1.27840615007 2.37621296173 2.35945059248 1.71468599932 1.45619009254 1.89554828512 1.20609888076 1.34374118372 1.21265218125 1.33393623809 1.40982424282 1.34358500873 0.970558294558 0.754856571368 0.763375839507 0.851909557567 0.945545782563 1.00536618744 0.519187748699 0.692563506584 0.671229470054
-9999 -9999 -9999 -9999 -9999 -9999 -9999 -9999 -9999 -9999 -9999 -9999 -9999 -9999 7.63719129869 7.68423532522 6.97282194032 7.39681258288 6.77753484566 7.00322595753 5.85058920742 6.16403352806 5.34423642257 5.08638811322 4.55396740318 4.3031653337 4.29209800643 4.7394910258 3.72180713313 3.33767938786 3.17594631133 3.40930403581 3.03683296069 3.07418615485 2.41157672362 0.896760000896 1.27672910702 2.04903283753 1.94402192811 1.32745520422 1.14504196945 1.62195180832 1.77533993449 1.40139739759 0.98157778633 1.16532208399 0.941487792416 0.957139048923 0.822643962397 0.99496868867 0.919111123908 0.661264570046 0.605636843947 0.705951589792 0.543270833546 1.02426975261 1.27478737407
-9999 -9999 -9999 -9999 -9999 -9999 -9999 -9999 -9999 -9999 -9999 -9999 -9999 -9999 1.91156247349 3.89356999432 7.18797095903 7.60055496046 7.00275700542 7.18271880702 6.62642969766 6.38114016206 5.14285443589 5.87331364123 5.18684806376 5.34226443026 3.85046423504 3.82180799854 3.83225516225 4.09644780777 2.27016726304 1.05139156426 3.17837074907 4.54736861982 3.31893061176 0.647779435472 1.25468952909 1.52565568921 1.2425558462 1.06034566875 1.25619977643 1.4355559043 1.38051578799 1.65176775708 1.34939395289 1.07371935079 0.546821724699 0.343675462752 0.446525070135 0.765113298052 1.09508817851 1.27693403487 1.42620409477 0.934826902711 0.67143698302 0.691448498159 2.5169995185
-9999 -9999 -9999 -9999 -9999 -9999 -9999 -9999 -9999 -9999 -9999 -9999 -9999 -9999 3.02206993636 4.61232008187 7.29298653436 7.73109513099 7.36837266968 7.41459628149 6.68628133422 6.71823761585 6.09875222324 5.42337448117 4.58070556861 4.18894994379 4.16252712812 4.29478030183 3.3629261556 3.67609986837 3.23555508402 2.83381671186 2.74272672505 3.92486622911 3.03919432026 0.544992468355 0.707027606547 2.59109901668 0.564564887746 0.887821525669 1.26193295032 1.46968773766 1.21027033899 1.25454467892 0.947389570541 1.10501023082 0.740422349155 1.08622220268 1.84074005656 1.97117552528 1.70552635943 1.22135358769 1.65234288404 1.57037436663 1.44029799728 1.55190619889 1.40395103127
-9999 -9999 -9999 -9999 -9999 -9999 -9999 -9999 -9999 -9999 -9999 -9999 -9999 -9999 9.56585110686 8.89724796416 8.41182179932 8.62684087568 7.54081314115 8.10414076021 6.77353515485 6.50477735504 5.72212281057 5.86277241175 5.1237256538 5.25307290529 4.24815471551 4.59905735613 3.98401598031 3.61638348871 3.34208788663 3.64828648647 3.17058198393 1.08233288895 0.590053033269 0.597207865611 0.488554204731 1.2622194171 0.405824584984 0.64247523589 1.18281415633 1.14105323426 0.852392088718 0.945840994743 0.767066459447 0.861767453467 1.50414070417 1.73266017895 2.665175501 2.86291746741 2.31118239628 2.51871067553 1.91080301837 1.94518230526 1.80475840343 1.53324927041 1.75401471263
-9999 -9999 -9999 -9999 -9999 -9999 -9999 -9999 -9999 -9999 -9999 -9999 -9999 -9999 -9999 8.19285634151 7.73140140266 7.62989567413 8.33420793413 6.8702756528 6.19190812034 6.33270617186 5.74963052809 5.81855317396 5.09824458909 4.9309856209 3.93752204221 4.12793950759 1.89169730352 3.50856850854 2.81524450988 2.82795573298 2.38130353963 1.15147708735 0.644756365596 0.651583055528 0.565275032507 0.552687869174 0.506606216858 0.446713495861 0.334282048756 0.520651048592 0.866776413948 0.75195403215 0.71155216498 0.834496436723 0.991534282129 1.07768892454 1.30603093131 1.34155201489 0.938268075805 0.808294972896 1.38595787806 2.18634553384 2.10272120926 2.07639195845 1.84894263035
-9999 -9999 -9999 -9999 -9999 -9999 -9999 -9999 -9999 -9999 -9999 -9999 -9999 -9999 -9999 -9999 7.71212818392 7.59821481817 7.12539888462 8.13103261504 7.63617973835 7.50554676864 5.74640178636 5.47507543693 5.3465229484 5.06154777856 4.33629325966 3.2230934397 1.47891523583 2.9328674961 3.71648180932 1.99482199849 1.3008133476 0.781302465417 0.606862527846 0.677321038768 0.6282538403 0.684700916641 0.645852815661 0.868533314637 1.96619398793 1.74044751563 1.82920961028 1.49950451162 0.971164061872 0.775441499924 0.644913653341 1.16706208422 0.891871730864 0.637187812309 1.009178717 1.63849874697 1.25456462033 0.984509340106 1.21320724109 1.04768732241 0.970557384322
-9999 -9999 -9999 -9999 -9999 -9999 -9999 -9999 -9999 -9999 -9999 -9999 -9999 -9999 -9999 -9999 8.59063069373 8.57772900494 8.21548973286 8.02865808789 6.76270455008 6.8152986566 5.97492570327 5.89639104717 5.29027293366 5.59226463054 4.61356490299 4.33364514804 1.4366059704 2.46323682956 1.3767303236 1.02128542082 1.16869199668 0.974212865533 0.733645330152 0.645021392652 0.827970751492 0.705684355297 0.63474423905 0.618822799792 1.34344824381 0.848192766977 1.33928179462 2.46127931978 1.79154485078 1.41594463889 1.36359525949 0.735451913669 0.619526462403 0.832433060537 1.29160974763 1.36737200739 1.8195332274 1.92576143118 2.29846592236 1.71806710596 0.982612554296
-9999 -9999 -9999 -9999 -9999 -9999 -9999 -9999 -9999 -9999 -9999 -9999 -9999 -9999 -9999 7.30650050593 7.25407567725 7.83649192853 8.13996874181 8.019595276 7.03212222684 6.70696934121 5.69873441848 5.78544931443 4.99733679948 5.22266391175 4.60789453299 4.68218473651 1.9881048889 3.0678830877 3.08261223431 3.16371070031 3.0780830629 1.64344198173 0.921587415172 1.86479360506 1.50735531723 1.42350793147 1.05833635838 0.48274461549 1.32743040852 1.68902499252 1.69303550251 1.67439972212 1.65319983136 1.37555250769 0.392365588289 0.499866866759 1.02138875122 1.36336064839 1.04218167596 0.749164112539 0.897778572578 1.04409098844 1.20968910768 1.25463461431 1.45153722917
-9999 -9999 -9999 -9999 -9999 -9999 -9999 -9999 -9999 -9999 -9999 -9999 -9999 -9999 7.89361080074 7.6969113307 7.41171377865 7.45377214111 7.57893017342 7.72024842038 6.87215283197 7.26485220454 5.99170801605 6.12424152964 5.00762690299 4.84577960664 4.23551228929 4.17108687184 3.42563973256 3.42285723433 2.76050759227 2.82373058978 2.28582990984 2.76072898631 3.07284476413 3.41438612846 1.12668852065 0.862270986561 1.64387162129 1.78229808302 1.34817402409 1.4698303672 1.38341299531 1.47472905343 1.13212121477 1.01066892987 1.05448450805 1.31219921377 1.31620704573 1.00860160146 0.879313008848 0.867625943043 0.991194466436 0.960682984106 0.912420228758 0.994611215411 1.01029646014
-9999 -9999 -9999 -9999 -9999 -9999 -9999 -9999 -9999 -9999 -9999 -9999 -9999 -9999 8.06412381466 8.56524664111 7.94105828748 7.20773922549 6.41098233393 6.49541809179 6.2153094539 6.6910891256 5.91807283837 6.11449825643 4.92220148066 4.49579626408 3.99285976615 3.94481775037 3.25878528642 3.41439027996 3.08162450022 3.41321024225 3.40428735818 3.15264691313 2.82482475435 3.36061839682 3.08004046506 3.4645149807 2.43937862059 2.47556162524 2.82240821018 2.69076268314 1.66295540641 1.56914955477 1.45053359518 1.02486465294 1.45239011698 2.11161219256 1.99913904617 2.18712320151 2.22022335237 2.20201169918 1.72920404291 1.51666988479 1.76599861713 1.69481657789 1.28695067207
-9999 -9999 -9999 -9999 -9999 -9999 -9999 -9999 -9999 -9999 -9999 -9999 -9999 -9999 -9999 -9999 8.02657159852 8.34101545828 8.10258946927 8.0209984224 7.05719861828 6.47545516966 6.38070791404 6.39863943437 5.11479079773 5.0018109768 3.44424748687 3.58627643376 2.82646691506 3.439757053 3.30659505766 3.38522429446 3.19264620166 2.83712960556 2.86879693528 2.8897130943 2.90665218098 2.46217697717 2.96053299247 2.97635637788 2.09030175768 2.01513799146 2.01876482891 1.53416616956 1.17382501249 1.31529046038 1.23111881959 1.16813253474 1.35261405568 1.58848001638 1.57907860732 1.62799714541 1.48205734768 1.26062169917 0.802650994376 0.872391019213 1.47731387737
-9999 -9999 -9999 -9999 -9999 -9999 -9999 -9999 -9999 -9999 -9999 -9999 -9999 -9999 -9999 -9999 8.7514074166 8.55088970316 8.21709739645 7.20712323112 6.90822730487 7.02705297107 5.54366770741 5.73379720661 5.45203037727 5.40427256923 4.396321235 4.263497806 3.60724127558 3.69691572455 3.86851916377 3.71100137435 3.13312556176 2.95704720616 2.25455119221 2.39167744938 2.44501086619 2.77241820338 1.96977501865 1.75010373265 2.10756364352 2.59122770059 0.956003319177 1.50048354343 2.15893374738 1.27647821332 0.786498010511 1.02210360256 1.1892319379 0.851691617285 0.648132847431 0.663572874245 0.496336924406 0.607658279428 0.595496007812 0.602504227103 0.600567736566
-9999 -9999 -9999 -9999 -9999 -9999 -9999 -9999 -9999 -9999 -9999 -9999 -9999 -9999 -9999 -9999 -9999 -9999 8.27197415958 7.59868217539 6.46598311985 6.86739624968 6.49314554299 6.27575010725 5.25748838433 5.25076084327 4.13441394251 4.06302445702 3.57597587831 3.52791345474 2.83787109693 2.55642874612 2.42182392994 2.72202465655 2.21994583824 2.65215811796 2.59876360841 2.01043117544 1.84205813107 2.33995170898 1.80572545551 1.60333979829 1.40370324256 1.3927773432 1.25183868923 1.39769510814 0.92169447245 0.948227141956 1.17674183249 0.630929497552 0.77035082613 0.943427949425 0.511643210298 0.532646598526 0.666109366347 0.735306205008 0.670596193494
-9999 -9999 -9999 -9999 -9999 -9999 -9999 -9999 -9999 -9999 -9999 -9999 -9999 -9999 -9999 -9999 -9999 -9999 -9999 6.84410084937 6.53148083372 6.77465750473 6.30082670543 7.10136363676 5.64758755458 5.41910025423 3.91134736768 3.7707968053 2.83030020714 2.73647992369 2.66503058029 3.1431803216 2.39402168365 2.15962947289 1.75633506309 1.67235748181 1.62159878026 2.13654899233 1.90026386919 2.12397911743 1.66289932164 1.51098150927 1.21091365912 1.5536750037 1.5794398984 1.64432730843 1.23912286718 0.92023525917 0.761325287687 1.2047430336 0.676762679365 0.685484826936 0.499239086995 0.491623453571 0.65688067693 0.615536536238 0.4667161323
-9999 -9999 -9999 -9999 -9999 -9999 -9999 -9999 -9999 -9999 -9999 -9999 -9999 -9999 -9999 -9999 -9999 -9999 7.73477658105 8.08840625043 7.80731175932 7.69470987916 6.46362624292 6.3133739209 5.54959009089 5.34359494382 3.89976438597 3.95160998633 3.2128096164 2.99720586235 1.4682374845 0.776136835324 2.27227104867 2.39232173341 2.1829927632 2.48017106235 2.83577734059 2.7389463536 2.56581154183 2.47029035796 2.28937313933 1.66030369428 1.45154328939 0.875602608655 1.15578766317 0.896358328531 1.52662303754 1.92439602394 1.49522691636 0.966522348794 1.24078563773 1.642318804 1.4914059525 1.40733473233 1.02632225399 0.846986366037 0.748324432476
-9999 -9999 -9999 -9999 -9999 -9999 -9999 -9999 -9999 -9999 -9999 -9999 -9999 -9999 -9999 -9999 -9999 -9999 -9999 8.70496677184 8.2563389465 8.03561668993 6.49385482474 6.36872294398 5.88953830744 5.83318525186 4.01521582898 3.84821603424 3.41995180161 3.92485116136 1.91075854854 1.87950466873 2.94036396456 2.63521429453 1.88134169525 1.51962886015 1.58530529084 1.37855113027 1.21110728135 1.21107945593 1.29222152942 1.75179418079 1.36911925067 0.850229690591 0.824264315592 2.18040468224 1.98688524746 1.52613405267 1.65832845353 1.25634633682 0.582694805074 0.4847959604 0.538614194402 0.492551345862 1.15262456984 0.467518368588 0.432350749567
-9999 -9999 -9999 -9999 -9999 -9999 -9999 -9999 -9999 -9999 -9999 -9999 -9999 -9999 -9999 -9999 -9999 -9999 -9999 -9999 7.52661817397 7.89067114849 6.54109492362 6.53183205072 5.26644349348 5.69434914699 4.00567097428 3.99519894352 4.08581856482 3.7257561474 2.98611559894 2.85744388061 2.337945561 1.77604633448 1.0598701443 1.46865127363 2.23065129653 2.45324949398 2.40678235498 2.24465380647 1.70858741276 2.21196233123 2.25857862963 2.02279186142 2.52109236495 2.25068377528 1.91885887759 2.13607646804 1.86649132153 1.82789076417 1.52871460798 1.09304263404 0.671787846815 0.657170420932 0.658468856612 0.905045728059 0.951670052947
-9999 -9999 -9999 -9999 -9999 -9999 -9999 -9999 -9999 -9999 -9999 -9999 -9999 -9999 -9999 -9999 -9999 -9999 -9999 -9999 -9999 7.55309097286 6.74674303709 6.79496505732 4.91327275443 4.612303348 3.8188421994 4.1570038104 3.48911705225 3.32803466142 3.44027899401 3.39952534102 2.73536707412 0.991982406224 2.63677407168 3.07343314353 2.59362855284 1.96164088974 1.87484770911 1.99741009757 2.53347625366 2.64816298638 2.84384914044 2.14883068928 1.82516562188 1.353886369 1.73204616092 1.90617867747 1.87889481343 2.26772362509 2.86796058628 1.58855731018 1.24995518006 1.10528237871 0.34348485461 0.546063161 0.689763304531
-9999 -9999 -9999 -9999 -9999 -9999 -9999 -9999 -9999 -9999 -9999 -9999 -9999 -9999 -9999 -9999 -9999 -9999 -9999 -9999 -9999 6.92610232651 6.30599690948 6.31282751925 5.68546295643 5.93076271274 4.67776586402 4.29132035038 3.67752941542 3.38716069058 1.16569636798 2.7448976809 3.13522772375 2.91981165337 2.0767631121 2.3631622612 2.12433841613 1.93952664719 1.78913351994 2.38885073217 2.5591911556 2.46702158988 1.97959694654 1.93674412883 2.35577632442 2.25400411986 2.11568890442 2.06552570828 1.41914415062 1.49933723616 0.858500001103 0.454410376752 0.685235732622 0.622010181962 0.785287816266 0.407701365683 0.477359886648
-9999 -9999 -9999 -9999 -9999 -9999 -9999 -9999 -9999 -9999 -9999 -9999 -9999 -9999 -9999 -9999 -9999 -9999 -9999 -9999 -9999 -9999 6.31594693031 6.81466400895 6.02361062953 5.69502970886 4.49877518316 4.51496833345 3.64938299715 3.69013128071 3.3987410535 3.55286776468 2.99484216427 3.03026354131 3.19413971223 2.66449803055 2.59080354632 2.37367961051 2.21611389611 2.42910611064 2.58950526671 1.80507435188 1.97996283989 2.4740624509 1.51604987734 1.35278512762 1.07197253342 1.35097393157 1.78540280376 1.24177955667 0.425693106997 0.518359740573 1.55807900468 1.15646473114 0.43395556082 0.328258888023 0.421010823431
-9999 -9999 -9999 -9999 -9999 -9999 -9999 -9999 -9999 -9999 -9999 -9999 -9999 -9999 -9999 -9999 -9999 -9999 -9999 -9999 -9999 -9999 6.45838187699 6.34429610755 5.8522040788 6.11669078605 4.9603171596 4.44340808134 3.91566404516 3.98451929472 3.46983649 3.54487263111 3.39053322451 3.22089173772 2.70757105932 3.29654463598 2.61548581534 2.43538106871 2.7741407547 2.80900914502 2.04635662407 2.63194007344 2.01632404757 1.59606086093 1.42436746411 1.80270959835 2.19876414291 2.26106254373 1.34056434015 1.24104216951 0.941149536387 1.02260782553 0.939236081279 1.60080275069 1.10483902787 1.00539175554 0.751837908259
-9999 -9999 -9999 -9999 -9999 -9999 -9999 -9999 -9999 -9999 -9999 -9999 -9999 -9999 -9999 -9999 -9999 -9999 -9999 -9999 -9999 -9999 6.26291954366 6.56648421852 6.50041854355 6.1079511142 5.07212349525 5.03487727951 4.04807827875 4.41644719211 3.67714428984 3.35826731517 3.01230516699 3.19083805438 3.3419675787 2.59879532876 2.55666451479 3.14029171206 2.88418472963 2.68560197764 2.70328995021 2.24216130106 1.63540336149 2.05483918798 2.49309431096 2.34095666338 2.30823182794 2.03844881865 1.60913443955 1.61189750158 2.04667167896 1.70134515727 1.40892393529 1.51322311367 1.62143950656 1.70328553955 1.15426715969
-9999 -9999 -9999 -9999 -9999 -9999 -9999 -9999 -9999 -9999 -9999 -9999 -9999 -9999 -9999 -9999 -9999 -9999 -9999 -9999 -9999 -9999 -9999 6.79662414044 6.77980737097 6.22347341204 4.83573846122 4.84234170596 3.80797908396 4.26776403213 3.70305698678 3.9307011794 3.55263126702 3.81426448952 3.05229869879 3.27954660483 3.33031046097 3.01802293484 2.21746563136 2.14347473822 1.59011277176 2.12377575129 2.62658709234 2.65064223192 2.36314383388 2.12964209577 1.22984573849 1.10505047051 1.06461529324 1.1714903583 0.898317514698 1.18920908293 1.33984068809 1.90203828906 1.24490902635 0.736167673828 1.27641348325
