data/recharge/transience/recharge206.asc
ncols                  80
nrows                 72
xllcorner      4374000.0
yllcorner      5656000.0
cellsize            500
NODATA_value       -9999
[rows 25 to 49 of 72, columns 0 to 56 of 80]
-9999 -9999 -9999 -9999 -9999 -9999 -9999 -9999 -9999 -9999 -9999 -9999 12.1282457846 12.2582498087 11.1824845554 10.7255895039 8.72797936022 8.97209282285 7.70635593458 8.32546110426 7.49918744172 7.48883520373 6.60148867949 4.58389926321 5.07814991224 4.9853941919 4.02501815124 3.89564368262 3.12516397462 2.76281414967 2.39386684573 2.23139551969 2.91810071044 3.06195322949 1.19373505233 3.70889263458 3.32675559341 1.77515491685 1.23577488706 1.50715483771 1.39209066243 1.24329898738 2.59950702605 3.76563190453 3.66266443705 3.71478077383 3.70476709065 3.69105335563 3.5874977887 3.75852790498 3.35228400728 1.61605330022 0.755538914753 0.593052324083 0.609788068184 0.648314065559 0.647094020199
-9999 -9999 -9999 -9999 -9999 -9999 -9999 -9999 -9999 -9999 -9999 -9999 -9999 11.9423270312 11.9987393115 12.2612888844 10.5023173069 10.1610347621 8.73815805062 8.32617509534 7.91661884114 8.57564384089 8.44049139799 7.67751965815 6.16204136205 4.69798718851 3.91176364857 3.29470486967 3.09837398656 3.34702884427 2.7690624817 2.62359038769 4.08139013112 1.25385465524 1.29933740853 2.36331489509 3.65329655246 1.51069061899 1.66260224292 1.3377986657 1.15162366694 1.26167705033 0.766186758 1.06134725435 1.3500817534 2.09369394134 3.13685281371 3.05996135938 1.42749943142 0.735706807431 0.558661415136 0.59232288226 0.659865590256 0.930595751518 1.52135778378 0.519136015094 0.513493103169
-9999 -9999 -9999 -9999 -9999 -9999 -9999 -9999 -9999 -9999 -9999 -9999 -9999 -9999 10.8658093973 10.9951055577 9.71440466558 9.38826127604 8.60873825859 9.01734255594 7.92076228565 9.07651625233 8.16302460886 7.44535083721 5.45155316758 5.52847327642 5.72519104002 5.42627913985 3.49492886538 2.87148999399 2.89190566553 4.39718743385 5.01119172114 1.92914171399 1.57633391716 3.15931491654 3.31482106354 1.41525366351 1.44845284923 1.69408493417 1.76210950167 1.23356025238 1.18686635998 0.891815810901 0.643811621337 0.752876676871 0.6236728545 0.72407809205 0.565891590717 0.675403041761 0.631525674156 0.482853274896 0.460191656155 0.971220506749 1.84185250667 2.7023318128 2.03612985671
-9999 -9999 -9999 -9999 -9999 -9999 -9999 -9999 -9999 -9999 -9999 -9999 -9999 -9999 3.83651316732 8.22383720518 10.6419849717 10.0690482166 9.1265979458 9.45178834897 9.03623437077 9.37375777844 7.61992296034 9.02800654546 7.97502702444 7.86279406621 5.69809154046 6.08340601141 6.23656889276 5.84006329361 4.71560935681 3.14802568206 5.14863132763 5.03908090402 1.7188206558 2.6700258733 3.05873983897 1.1545241309 1.64413479722 1.90052822343 1.16386398425 1.24676983633 1.13134036381 1.14668609403 0.914785794577 0.729818650192 0.688048863454 1.41360370573 1.61957483313 0.630861299495 0.760584679381 0.885844509412 0.9920976868 1.83278708381 2.35284973858 2.70890165108 2.1501327904
-9999 -9999 -9999 -9999 -9999 -9999 -9999 -9999 -9999 -9999 -9999 -9999 -9999 -9999 6.56608110262 9.3936180631 11.2495674042 10.4146633916 9.78679287414 9.82767256755 8.7959809647 9.26604315711 8.77748440409 8.26341425086 6.92444543171 6.55755960754 6.62998027981 6.88098659799 5.63543691854 6.02853612355 5.47946039499 5.13827020597 4.83021967341 2.94142634074 4.10110932213 2.32490272934 2.65732477936 1.20772787207 1.87664306487 1.97802664204 1.05490674457 1.21571506982 1.0259330731 1.04690683693 0.679450955133 0.749586595518 0.547854137891 0.762801771872 1.3868276764 1.47397747994 1.10495862033 0.638914660833 1.09544113196 1.04674458463 0.839252624799 0.902308383533 0.884195383154
-9999 -9999 -9999 -9999 -9999 -9999 -9999 -9999 -9999 -9999 -9999 -9999 -9999 -9999 14.5508182367 13.5831678419 12.9715943183 12.838483031 11.5694896028 12.3078394135 10.3349163748 10.0199363389 9.28682767145 8.78688099202 6.74589969145 7.24424102997 6.369689607 7.66014770389 6.56816633184 6.22179285577 5.83548806993 6.23763354122 5.56861984106 3.74424180712 2.47720026465 2.49806135044 2.16609502533 3.32415360538 1.80226806898 2.35438354864 1.15297630362 0.874352217529 0.814031913774 0.879662320437 0.673436818807 0.62150896973 0.978614268239 1.05354250752 2.18017120851 2.53251143428 1.73889497876 1.96793709378 1.20434784408 1.32291134514 1.22739415201 1.00297212005 1.14264574292
-9999 -9999 -9999 -9999 -9999 -9999 -9999 -9999 -9999 -9999 -9999 -9999 -9999 -9999 -9999 12.5597427484 11.9704093346 11.6133559467 11.7950188193 10.5289275749 8.80851426023 8.98655080547 9.09428276122 9.05318704815 6.70519847674 7.50205732435 6.43329190488 6.84977713051 4.71755799865 6.10713622843 5.19207830069 5.17086153532 4.53516326957 3.65585603784 2.63215883588 2.65072757336 2.40572021048 2.36837876405 2.20302943411 2.10357268124 1.70685413137 2.25161495453 0.359723059465 0.403237692446 0.542413769605 0.419002911115 0.42571870157 0.493727011309 0.602898955358 0.741531093537 0.627833176429 0.554830509764 0.909056649736 1.62934662911 1.51968740337 1.49191628429 1.22560916855
-9999 -9999 -9999 -9999 -9999 -9999 -9999 -9999 -9999 -9999 -9999 -9999 -9999 -9999 -9999 -9999 12.2786665151 11.4534391133 11.3827630897 12.8553176586 11.7646262564 11.3084745713 9.01218180182 7.85998570943 7.4143947416 7.17139480679 6.14949829673 6.07785833422 4.40155217858 6.01409676015 6.14661739251 4.72326969394 3.3637837944 2.38915513437 2.53147379796 2.7281086757 2.57487759311 2.72492384916 2.58104678343 3.24215878313 4.28271252255 4.15958276006 2.5806432372 0.86158778023 0.437768394301 0.308128510715 0.24141283828 0.71862248404 0.622754235124 0.476295517462 0.670359743032 1.09810141119 0.788495732162 0.631476075648 0.748869304026 0.654661935767 0.607276285566
-9999 -9999 -9999 -9999 -9999 -9999 -9999 -9999 -9999 -9999 -9999 -9999 -9999 -9999 -9999 -9999 12.3014511291 12.6671613763 12.8002844984 11.8460241077 10.2414417535 11.1536707307 9.65834285592 8.11760360548 7.4312997008 7.94398973609 6.48481120864 6.41887389778 4.54331867606 5.43182585623 3.93317510722 3.30022284033 3.54372132388 3.01926550217 2.88943750065 2.64030270305 3.17789935444 2.77809871297 2.5517250046 2.53720968652 2.99813372024 3.17241121654 3.20224551385 2.09353281484 1.29060082005 0.85233578544 1.07844998959 1.47891965586 0.463684770211 0.58820772712 0.846127165601 0.897344491603 1.1965957713 1.29205067489 1.62888421785 1.08621275937 0.613666289034
-9999 -9999 -9999 -9999 -9999 -9999 -9999 -9999 -9999 -9999 -9999 -9999 -9999 -9999 -9999 10.3579422816 10.373530691 10.5185274586 11.9067603246 11.7014625496 10.8041278996 10.9627553491 9.46968936764 8.54198149397 7.28213545742 7.65196883986 6.73688195793 6.8491452342 5.54580432652 6.37259742352 5.92837734548 6.03701804946 5.76804604769 4.09175386564 2.85088368434 2.89161949648 3.05319331703 3.24494185546 2.95634102398 2.09704892799 2.19150383622 1.6656662709 0.997966365715 0.977769754186 1.06342680558 0.764219861505 1.90120337315 1.91810016397 0.821068378212 0.936318862006 0.689628728892 0.523909852076 0.578670767015 0.657905389325 0.726246981086 0.751906069255 0.902228849186
-9999 -9999 -9999 -9999 -9999 -9999 -9999 -9999 -9999 -9999 -9999 -9999 -9999 -9999 11.3604522666 11.0183945089 10.641499066 8.02512285434 9.25821257362 11.1818849454 9.96361415096 10.6578094807 8.76384382838 8.99579103207 7.29917942708 7.04621944255 6.19433576339 6.67225614126 6.45114304076 6.44803467142 5.52175926035 5.60253352122 3.95104780729 3.09318454758 2.44231466306 2.96014513416 3.84497588299 3.18374969256 0.670181551403 1.65756667527 1.91798203478 0.79174249475 0.685631657402 0.772345566798 0.53677265986 0.44129740203 1.0770426117 0.784701646596 0.897364188462 0.699216519433 0.596331746662 0.589772855439 0.628899243185 0.612328179786 0.567334397686 0.609801561094 0.710316212539
-9999 -9999 -9999 -9999 -9999 -9999 -9999 -9999 -9999 -9999 -9999 -9999 -9999 -9999 12.5202471324 12.9004104758 12.0378289668 8.03135273556 6.57071910788 7.13537343913 9.03587223177 10.1024394561 8.93827576445 9.27722518376 7.53648486406 6.66082981323 4.49923099034 4.66539720803 4.59427324964 6.47297778766 6.13965347835 4.82636758375 3.53456605571 3.14870847056 2.49570868028 3.23353049172 2.8980281472 3.58806135446 1.99056732845 2.04468674562 2.60377690917 2.39521345879 1.04734408664 0.942107091767 0.848057234169 0.455742714196 0.849322131704 1.22263738014 1.34897170709 1.62134948785 1.57504236372 1.55559173419 1.0923903917 0.939027915677 1.08468043882 1.03092416132 0.761470745095
-9999 -9999 -9999 -9999 -9999 -9999 -9999 -9999 -9999 -9999 -9999 -9999 -9999 -9999 -9999 -9999 12.1846837661 10.3028604397 10.0393321936 9.87112125786 8.31417952206 9.05798877226 9.74480764668 9.77710973779 7.85902447404 5.60858468258 3.1896822714 3.38585278354 2.850996769 3.79272090327 4.20148048264 3.54886385643 3.20658470967 2.70217989728 2.7925532418 2.82144156925 2.59106191545 1.81415747499 2.74435774962 2.91278538478 1.67190348352 1.474596909 2.68426789039 2.03418112122 0.578045673847 0.710653802448 0.632358224547 0.565975496195 0.853961923069 1.05879143336 1.0047598206 1.04026058161 0.915832098858 0.776157766019 0.509583938496 0.544781191724 0.851152178967
-9999 -9999 -9999 -9999 -9999 -9999 -9999 -9999 -9999 -9999 -9999 -9999 -9999 -9999 -9999 -9999 11.1449404643 10.7005338471 10.2623229286 8.13014926677 8.11562257388 8.44138345135 8.4663014618 9.02713104911 8.68059583832 6.33059062546 4.78486653161 4.53950090378 3.94859789585 4.13329450415 4.44555082599 4.20067091299 3.32462916905 2.90954650974 2.08631543266 2.23488516868 2.28162249978 2.69092656106 1.78259251747 1.5848725672 1.93629164775 2.52232828716 3.12268939093 3.06298072744 1.69055144084 0.657431924194 0.303397948194 0.452089408869 0.775681224684 0.587486650399 0.460272489428 0.468312489833 0.377835483048 0.434096624542 0.41876709218 0.422185377552 0.39715507915
-9999 -9999 -9999 -9999 -9999 -9999 -9999 -9999 -9999 -9999 -9999 -9999 -9999 -9999 -9999 -9999 -9999 -9999 10.3854554801 8.93026376344 7.20520090076 8.02745786215 8.50799751939 9.97734454514 8.34376851913 7.23068082319 4.32467108741 4.31884495397 3.88652064848 3.88796545444 3.05436560449 2.74401311719 2.5885291848 2.76836529718 2.05008576345 2.5407966602 2.46332510455 1.82373931569 1.65811385818 2.21325578114 1.62462811496 1.43338092773 1.33097367624 1.32031058497 1.12411578753 0.986150566105 0.389340734965 0.403968803675 0.530128719658 0.428603684302 0.515334220739 0.573877229915 0.385654411623 0.396318665142 0.45503292687 0.491220985647 0.43056324433
-9999 -9999 -9999 -9999 -9999 -9999 -9999 -9999 -9999 -9999 -9999 -9999 -9999 -9999 -9999 -9999 -9999 -9999 -9999 7.74136039568 7.44748559799 7.95073479034 7.3753221901 11.5924200666 9.26053489278 8.91839189516 6.32748546526 4.22059706534 3.15753652484 3.05010638202 2.98074003579 3.12060557337 2.54039985685 2.42080308724 1.66489168071 1.34102385056 1.2525814018 1.8222435324 1.7035987382 1.99893293 1.52131603242 1.37989125798 1.0944667698 1.38897553559 1.39877846917 1.4659527311 0.797630766619 0.378457288064 0.284698419941 0.578399343177 0.382198726136 0.49345962766 0.385543130041 0.381708456968 0.450911162728 0.429730697297 0.340005386936
-9999 -9999 -9999 -9999 -9999 -9999 -9999 -9999 -9999 -9999 -9999 -9999 -9999 -9999 -9999 -9999 -9999 -9999 9.60077914271 10.3790974747 10.1772838535 9.92564902612 7.6814104681 10.1711106227 9.08427352343 9.25032489294 7.95868044009 5.88230009967 3.61943880931 3.35388188351 3.67998660647 2.80637539916 2.83203386392 2.21450653917 1.76818840826 2.1499368689 2.62606808839 2.4758723722 2.2417670445 2.18517042342 2.17531515071 1.51885405319 1.28809604552 2.11671535933 1.62238809078 1.96805020485 1.3307706216 1.3755341225 0.875333895378 0.40884974959 0.80691157174 0.826082186681 0.83459679901 0.874111415918 0.638527299363 0.550064779665 0.475606922429
-9999 -9999 -9999 -9999 -9999 -9999 -9999 -9999 -9999 -9999 -9999 -9999 -9999 -9999 -9999 -9999 -9999 -9999 -9999 11.7846751335 11.087461744 10.5876369479 7.97561817897 10.099029731 9.86582000619 9.7618423292 7.61251524373 8.16017100524 4.89840568291 5.92040372109 5.83515234685 5.79425363784 3.83036284976 2.34291812639 2.6458404597 2.12146812473 1.16221323889 1.00384039781 0.874927621254 0.874894225332 1.0556061401 1.61714804388 1.84787775783 2.83193504887 2.85957141486 2.86248541626 1.7555784315 1.2723916438 1.02332274369 0.626156357553 0.236850270259 1.69357937074 1.91136691365 1.67187686735 1.37103127017 0.265683012564 0.312820369068
-9999 -9999 -9999 -9999 -9999 -9999 -9999 -9999 -9999 -9999 -9999 -9999 -9999 -9999 -9999 -9999 -9999 -9999 -9999 -9999 9.40535737009 10.2375994535 8.0809263081 8.90601643391 8.73605473081 9.50690431067 7.53617975721 8.38619441198 8.39695517162 7.82071654764 6.54410017462 6.35976560807 2.74340043763 4.0611407267 3.67679124335 3.43213335067 1.87451554886 2.23123243448 2.11319645468 1.97098294101 1.57003196485 2.07719649157 2.12085392006 1.86554025095 2.38091123161 2.05535146921 1.68724151281 1.90961109145 1.56279838563 1.21898340845 0.874741634264 0.496396132749 0.23958173793 0.574040332635 1.3918021437 0.35228780706 0.362964474441
-9999 -9999 -9999 -9999 -9999 -9999 -9999 -9999 -9999 -9999 -9999 -9999 -9999 -9999 -9999 -9999 -9999 -9999 -9999 -9999 -9999 9.65627126985 8.52336021684 8.67245815993 8.47086914944 7.94436937392 7.5226923737 8.55178317983 7.58884994514 7.26870214004 6.80823594117 7.24611048158 3.02607876341 3.84957389697 3.91536451827 3.08848268314 2.55980765001 1.94864511421 1.72536932071 1.84237627601 2.39130254047 2.53681227688 2.74341617351 1.94727337066 1.58072783424 1.17079823289 1.46964674505 1.63015451284 1.59352999458 1.97016732712 1.98553752132 2.03179912132 0.863319388372 0.485260158393 0.115159596385 0.180733814937 0.233356962028
-9999 -9999 -9999 -9999 -9999 -9999 -9999 -9999 -9999 -9999 -9999 -9999 -9999 -9999 -9999 -9999 -9999 -9999 -9999 -9999 -9999 8.2840443997 7.55040087155 7.57295178105 8.87217460067 10.3527133935 8.57918230828 6.35258185713 5.20739377728 7.74456638434 4.23265928265 6.61197730089 3.37117999266 2.76959525525 1.72819644092 2.26998778693 2.01139673147 2.04275806812 1.82476259003 2.33190648577 2.42336160621 2.31162663962 1.74166994678 1.70640924595 2.13090917344 2.01654695377 1.83670278372 1.78577563022 1.18905611198 1.23923146911 2.02591472736 1.50200513052 0.935261807568 0.248313696162 0.283958879306 0.134434519991 0.15384341724
-9999 -9999 -9999 -9999 -9999 -9999 -9999 -9999 -9999 -9999 -9999 -9999 -9999 -9999 -9999 -9999 -9999 -9999 -9999 -9999 -9999 -9999 7.81986652764 8.96737698503 9.44590876403 9.89277191489 8.32305895227 6.37192769777 4.35821251497 4.5636184401 4.82285257113 5.05535054292 3.21487399858 3.07089326559 3.42626024039 2.63076838018 2.67249566763 2.46014835329 2.31641796018 2.33246293435 2.39591645571 1.58731979515 1.71454449253 2.21835975921 1.30239546909 1.17145539606 0.941574825979 1.23106538264 1.63150664432 2.76550977216 1.4156471115 1.98122867608 1.67319869513 0.521164431697 0.144753638546 0.112698420852 0.139343673588
-9999 -9999 -9999 -9999 -9999 -9999 -9999 -9999 -9999 -9999 -9999 -9999 -9999 -9999 -9999 -9999 -9999 -9999 -9999 -9999 -9999 -9999 8.13003481387 7.88526913572 9.10581613293 10.697773211 8.80471943805 5.33413743395 4.66900447588 4.83928483792 4.08995350798 4.20955647145 3.94005648728 3.47212149466 2.68917638761 3.5988322209 2.55324793262 2.39296998021 2.83948562008 2.75994787831 1.80987992728 2.44869543006 1.74845070116 1.38320906197 1.23366799264 1.55734644632 1.96565599856 1.98547959753 1.11941902471 1.10569080487 1.17512763991 2.21552717652 0.370552422506 0.921422507828 0.483379238413 0.413863940167 0.266611353287
-9999 -9999 -9999 -9999 -9999 -9999 -9999 -9999 -9999 -9999 -9999 -9999 -9999 -9999 -9999 -9999 -9999 -9999 -9999 -9999 -9999 -9999 7.836462703 8.55977070213 10.4383967733 10.7448867053 8.35525168614 6.3780291786 5.02253258937 5.49896114977 4.36674818021 3.87106633749 3.4043681659 3.37434805239 3.59246064088 2.4895781058 2.41481287408 3.23689126964 2.77207192069 2.50461926492 2.52486697077 1.99603049745 1.42691772155 1.80010869058 2.19329045118 2.03931607473 2.01263671237 1.73684462773 1.34608428999 1.34843806907 1.73055143559 1.416795449 0.711048856753 0.807236655139 0.92026030595 1.00254219418 0.5136784718
-9999 -9999 -9999 -9999 -9999 -9999 -9999 -9999 -9999 -9999 -9999 -9999 -9999 -9999 -9999 -9999 -9999 -9999 -9999 -9999 -9999 -9999 -9999 9.08829850266 11.1822348776 10.9718214187 7.81373887674 5.82377398811 4.81731507159 5.23179819265 4.41076860754 4.7939036293 4.18602058781 4.4876997714 3.12133910567 3.48777783188 3.54518820425 3.04963015239 1.98056945125 1.84144080757 1.39928324225 1.87637565474 2.37302301794 2.43191630529 2.05441263792 1.82097777763 1.04684814952 0.951962904787 0.919674291614 0.999299610151 0.79553456508 1.00710476966 1.0670461708 1.21096242832 0.580333677316 0.317774830106 0.792041604143
