data/recharge/transience/recharge13.asc
ncols                  80
nrows                 72
xllcorner      4374000.0
yllcorner      5656000.0
cellsize            500
NODATA_value       -9999
[rows 25 to 49 of 72, columns 0 to 56 of 80]
-9999 -9999 -9999 -9999 -9999 -9999 -9999 -9999 -9999 -9999 -9999 -9999 4.18960843993 4.14012958904 3.88043235819 3.84076485953 3.50993004397 3.55059390498 3.80698909928 3.80520449514 3.71198635582 3.61722800489 3.31405109613 2.44858364402 2.60960714619 2.88034146263 2.58638341905 2.6255788945 2.30365974155 2.16772816124 1.90731493151 1.81692663848 1.87351222362 2.17770952556 1.20073671396 3.11502854955 2.87364516319 1.61791216633 1.38850610584 1.4918522552 1.30416107856 1.29164808364 1.71376603915 1.98454348419 1.98359964703 2.00306138295 2.03490723088 2.03186303624 1.97063464063 2.04663227983 1.90008938545 1.52124932617 0.906696906509 0.727275575839 0.716279430139 0.764233634217 0.744633286848
-9999 -9999 -9999 -9999 -9999 -9999 -9999 -9999 -9999 -9999 -9999 -9999 -9999 4.08714737712 3.9523756526 3.94338903776 3.69964698665 3.62534570324 3.57611860177 3.56165876277 3.77812133292 3.80189199345 3.63661993673 3.2096499227 3.40993481546 3.15745333915 2.70568578 2.57627291331 2.30589373887 2.39311888104 2.07956646669 2.01098976067 2.09199233687 2.30796825269 1.09849875465 1.79863193511 2.92601575483 1.44986993096 1.82569132179 1.23509389221 1.09902096581 1.3399009599 0.880691377787 1.14682683843 1.19969736139 1.40849367942 1.6245637812 1.58509291964 1.11578693524 0.773134356986 0.671900701095 0.709721224016 0.763651058643 0.940187306931 1.01945034887 0.615789205675 0.625074455985
-9999 -9999 -9999 -9999 -9999 -9999 -9999 -9999 -9999 -9999 -9999 -9999 -9999 -9999 4.00638692745 3.97107233269 3.71253980227 3.55692248862 3.52188684712 3.55945585443 3.70505692656 3.89669238543 3.61042831966 3.58219522491 3.14256911464 3.16875332935 3.13406453093 3.1385169681 2.44378542304 2.22439866756 2.1226192432 2.49847907902 2.36678402059 2.86962392132 1.35850698011 2.47126981793 2.77427855143 1.55540905036 1.28883103271 1.29641553863 1.30934118774 1.21006957241 1.24523743901 1.00553581243 0.751336009772 0.863591141367 0.70916757809 0.736309859186 0.641539463616 0.758155749923 0.749472040583 0.587196471283 0.552782320974 0.814447444662 0.998049313216 1.56634529918 1.77522531223
-9999 -9999 -9999 -9999 -9999 -9999 -9999 -9999 -9999 -9999 -9999 -9999 -9999 -9999 1.08562850838 2.63066337329 3.74847868915 3.62219960698 3.41677536308 3.4338547276 3.50308684887 3.56138039293 3.68122427939 3.86472399785 3.74522485922 3.66309932394 3.13671923853 3.0779686082 2.93581454735 2.9411039765 2.47376651272 1.53358712394 2.30005853442 2.7323515757 1.80386206855 2.05701049798 2.46624597404 1.10409076552 1.20595536214 1.27370346729 1.07715208273 1.14399678777 1.0555013543 1.19139899337 0.975136819255 0.799538438104 0.577145709141 0.873396111173 0.970986444186 0.642835114903 0.840237438405 0.958866128409 1.0898161516 1.59408469774 2.13893678923 2.35394797152 2.41460793691
-9999 -9999 -9999 -9999 -9999 -9999 -9999 -9999 -9999 -9999 -9999 -9999 -9999 -9999 1.7545744285 2.69269839983 3.69086420583 3.69340872098 3.46209478256 3.44009118604 3.41694946912 3.51451538589 3.76614734485 3.82306357356 3.56973983118 3.49830771211 3.26324401788 3.19572338689 2.75893682389 2.87707980613 2.58770870764 2.5768456441 2.26131641806 2.9016336806 3.65674943741 1.7549154621 2.20353363344 1.73788646362 0.933915914721 1.21202083309 0.986697322894 1.10762792151 0.957700220823 0.980901944737 0.735269772908 0.818584621911 0.593965889554 0.797347193848 1.28572483278 1.4879484732 1.34549821506 0.768455545094 1.00688335625 0.782237258988 0.824807446645 1.1731216106 1.25328118984
-9999 -9999 -9999 -9999 -9999 -9999 -9999 -9999 -9999 -9999 -9999 -9999 -9999 -9999 4.09222041613 4.04002776715 3.87920182911 3.88841188332 3.77562229043 3.72223094746 3.47253975955 3.45391268025 3.68145193036 3.71053663348 3.38585059115 3.501849202 3.2014435518 3.32922092338 2.95899817012 2.901898525 2.69764329334 2.80967825375 2.59038408691 2.50277270294 1.85984367184 1.86640666206 1.6660282868 2.82312608747 1.46747561732 1.8857840221 0.946702701522 0.899292413478 0.747094571782 0.796690343094 0.658842913821 0.665042849268 1.1671201817 1.28936882004 2.40064472174 2.64948978433 1.90382278834 2.29425134214 1.64083747372 1.60838515523 1.40870973485 1.23297648905 1.43178992475
-9999 -9999 -9999 -9999 -9999 -9999 -9999 -9999 -9999 -9999 -9999 -9999 -9999 -9999 -9999 4.03422340234 3.85605893258 3.84909511536 3.63370213897 3.572538286 3.28790718133 3.32720055971 3.79252720538 3.74763647604 3.38304637484 3.55159405887 3.23888451337 3.25373155968 1.92545024289 2.88776752827 2.48449928991 2.46565920139 2.25483713107 2.29246381313 1.90330398148 1.90834687763 1.74400176201 1.73279241471 1.66247459076 1.58856394299 1.36355479703 1.74526293282 0.380960167208 0.523457849456 0.649543777763 0.529022596751 0.36622050386 0.390938060894 0.80296552501 1.11241470127 0.797676977211 0.71471033224 1.10890684935 1.60930576985 1.58646177105 1.57165390188 1.49206094687
-9999 -9999 -9999 -9999 -9999 -9999 -9999 -9999 -9999 -9999 -9999 -9999 -9999 -9999 -9999 -9999 3.8191129435 3.77223168859 3.66036550974 3.77282281313 3.55066975607 3.46699228502 3.7406513144 3.5889453556 3.45695329842 3.43115132305 3.11367547112 3.07890185745 1.89526283492 2.79409656987 2.66913774226 2.15179993972 1.43478146788 1.01921669814 1.91672597534 1.96981791342 1.87652315945 1.91596734906 1.86632038113 2.40994371296 3.55884259189 3.45658521505 1.98884683748 0.633032559527 0.317735156873 0.244363201028 0.212555013674 0.893196905333 0.735464806818 0.574261419751 0.840520070696 1.24725293349 1.04851783184 0.869529882067 1.05004259381 0.940412495887 0.914607323234
-9999 -9999 -9999 -9999 -9999 -9999 -9999 -9999 -9999 -9999 -9999 -9999 -9999 -9999 -9999 -9999 3.76389498269 3.79118771932 3.76231528365 3.64809224292 3.43564838494 3.48039305216 3.63684482553 3.53506989732 3.41181183267 3.48804528628 3.14686380809 3.16922953073 2.00871322309 2.67481164898 2.00469951609 1.48401187486 1.63900527833 1.17735361135 1.85522241766 1.94633852838 2.29154153415 1.92883708711 1.85819506594 1.97124261079 2.57692549325 2.61405863535 2.59915259737 1.73814038996 0.845461587097 0.549694534135 0.587899085846 1.09854441135 0.558405902659 0.699825767457 1.02245184763 1.07078137961 1.40701325531 1.47429998274 1.72586192189 1.37535028838 0.923441996862
-9999 -9999 -9999 -9999 -9999 -9999 -9999 -9999 -9999 -9999 -9999 -9999 -9999 -9999 -9999 3.53772662946 3.52670172589 3.54647100484 3.711680108 3.68537785505 3.46670770513 3.5213365592 3.74767860533 3.54178589772 3.34893989326 3.41886850981 3.18226270113 3.19038666243 2.58073539797 2.94095328172 2.67053558993 2.70499882367 2.59950285753 2.28908918589 2.55994571389 2.51784650043 2.58429597167 3.03379007011 2.72023716574 1.81036517435 1.57353207715 1.19772976492 0.856016379226 0.839602566195 0.808925501779 0.592799048981 1.46247399862 1.4449821685 0.87800975869 1.0284291269 0.85706557304 0.667738275852 0.803090849419 0.902714123674 1.04763480807 1.07730252249 1.21223499368
-9999 -9999 -9999 -9999 -9999 -9999 -9999 -9999 -9999 -9999 -9999 -9999 -9999 -9999 3.62703827039 3.59981160186 3.55094615581 3.21210219715 3.51449828331 3.6628039977 3.37463222724 3.41362167196 3.56483312095 3.58984574997 3.33832784813 3.30643081592 3.05709285334 3.16424663287 2.88751955382 2.88866801789 2.54060173678 2.57183337915 2.15599284647 2.0832947691 1.99386752978 2.99947871268 3.20751776729 2.62913455976 0.644023719351 1.17277978933 1.2809756722 0.656145061411 0.616573888144 0.679948671494 0.44643782044 0.383786791685 0.546248560154 1.01567826164 0.994935100864 0.802665115265 0.754032629063 0.746246602011 0.867160377188 0.844955034801 0.845039065057 0.902921430001 0.941163154142
-9999 -9999 -9999 -9999 -9999 -9999 -9999 -9999 -9999 -9999 -9999 -9999 -9999 -9999 3.68848450214 3.66272380765 3.50447661194 3.10872054397 2.86736468942 3.0277255018 3.31544782954 3.42289207942 3.55320415208 3.59218493575 3.31165327466 3.16952732843 2.76660810279 2.86498816699 2.61864160429 2.87002896254 2.7177235964 2.64318354723 2.24624843829 2.14221612465 1.86103895898 2.6888139565 2.82852919938 3.43723916695 1.74606594267 1.80251119895 2.50275272726 2.25889762667 0.851705274821 0.770860443664 0.689979777402 0.420317024086 0.668671355478 1.54031459663 1.43838327207 1.61107531582 1.61720885419 1.60928453666 1.32211314843 1.19138418419 1.3524404408 1.31154774102 1.09450369958
-9999 -9999 -9999 -9999 -9999 -9999 -9999 -9999 -9999 -9999 -9999 -9999 -9999 -9999 -9999 -9999 3.5245698624 3.21200480909 3.13824031255 3.11610489614 3.17040456549 3.33770654789 3.65371022313 3.6537203484 3.36901524394 3.06003918498 2.38615422898 2.46017711427 2.20163187734 2.47233726028 2.5152728289 2.31715473954 2.16659428091 2.00346518619 1.99422331252 2.00469739406 2.45703431138 2.06266091567 2.64991727578 2.41609821589 1.64100144121 1.55007370583 2.21321860918 1.52465558068 0.503697231653 0.592784708897 0.519810972363 0.834051840434 1.04031624944 1.23785656414 1.22677057447 1.25725710761 1.16796201655 1.02795846534 0.743368874045 0.791413415593 1.20183728847
-9999 -9999 -9999 -9999 -9999 -9999 -9999 -9999 -9999 -9999 -9999 -9999 -9999 -9999 -9999 -9999 3.27807552741 3.26689453548 3.21804652972 3.05980078302 3.06357968304 3.14483172679 3.47165473038 3.53697062982 3.50571642986 3.17058486176 2.73703690235 2.69561664944 2.52465150508 2.5577550273 2.61119842323 2.55519460366 2.28308943669 2.09356001441 1.70879304259 1.78253771221 1.79968068529 1.95808377856 1.48898106214 1.28083333376 1.48670628981 1.75674290868 1.52046635834 1.73209699753 1.66557317872 0.573828079102 0.311599623748 0.551119446796 0.992312821404 0.776061937138 0.625440888902 0.635236166196 0.523330880181 0.593704597196 0.568967241736 0.571900674211 0.598277688369
-9999 -9999 -9999 -9999 -9999 -9999 -9999 -9999 -9999 -9999 -9999 -9999 -9999 -9999 -9999 -9999 -9999 -9999 3.22311459799 3.12146894161 3.00540868686 3.06188928695 3.48969841677 3.64832484622 3.45256305602 3.35056388147 2.65421225666 2.70615880146 2.51989534363 2.49123892472 2.17538474 2.02711967445 1.9505964575 2.06358017403 1.68796518074 1.91145444453 1.87670499751 1.56121230295 1.44766162121 1.63078491406 1.30995960748 1.18923785703 1.12098726589 1.11382495982 0.960407579308 1.08135207444 0.387311331185 0.386424240955 0.705146139482 0.64884983326 0.684192196927 0.74057623743 0.534901622868 0.549130177011 0.614578601269 0.657955816642 0.646812903986
-9999 -9999 -9999 -9999 -9999 -9999 -9999 -9999 -9999 -9999 -9999 -9999 -9999 -9999 -9999 -9999 -9999 -9999 -9999 2.98886028792 2.91568047197 2.9403910736 3.03124993991 3.51631506141 3.56818794236 3.52686697439 3.05049145151 2.67499796273 2.17532623624 2.12714608075 2.0826726805 2.06363330775 1.83148835755 1.79535207958 1.48241068447 1.35759307387 1.32228546806 1.64575479467 1.49482641614 1.5557100402 1.22082185593 1.13425004691 0.965634032396 1.16391754026 1.15426981481 1.19813504788 0.925381880906 0.377217700499 0.306225017114 0.601714466076 0.649513008341 0.672918147799 0.551217364341 0.546385165403 0.644165899073 0.615763013041 0.511116673469
-9999 -9999 -9999 -9999 -9999 -9999 -9999 -9999 -9999 -9999 -9999 -9999 -9999 -9999 -9999 -9999 -9999 -9999 3.09745914426 3.14546077481 3.09704340062 3.08033129874 3.0234344598 3.39337348044 3.54268949788 3.63516523991 3.30024085526 3.04691116227 2.3552033236 2.26132512728 1.98270556386 1.18206617974 2.00058072558 1.91052892166 1.7055279094 1.89060898289 2.09325949022 2.04286621237 1.92611860597 1.82232097247 1.59976740844 1.22026637876 1.09273413488 1.22505469756 1.1085471963 1.16816310607 1.10605549518 1.36138657058 0.734131925371 0.400566908199 0.62847130693 1.07050277848 1.26342261524 1.11554945067 0.881054006318 0.774060668578 0.69372139297
-9999 -9999 -9999 -9999 -9999 -9999 -9999 -9999 -9999 -9999 -9999 -9999 -9999 -9999 -9999 -9999 -9999 -9999 -9999 3.31269366686 3.26639156396 3.2390842704 3.04670084175 3.39176945034 3.63632430101 3.61974908837 3.2551437953 3.35269819989 2.64877507121 2.90022370448 2.44215687745 2.44319320564 2.48824815904 1.99057683341 1.8420479966 1.6391339341 1.29781276207 1.15108766056 1.02604753364 1.02739256166 1.10434075355 1.32587190784 1.33509852466 1.50164336356 1.4220410064 1.82423437959 1.39119127509 1.17100629727 1.01685360025 0.576605646942 0.250031057918 1.29867268171 1.64037045681 1.57160015253 1.40207343958 0.519478276085 0.53042026266
-9999 -9999 -9999 -9999 -9999 -9999 -9999 -9999 -9999 -9999 -9999 -9999 -9999 -9999 -9999 -9999 -9999 -9999 -9999 -9999 3.20021951268 3.23951426389 3.05206834636 3.27945309705 3.48559985163 3.58790580482 3.23047010006 3.39422055744 3.18977915192 3.06504508068 2.73938700688 2.68758670932 2.19718457912 2.06819258572 1.80056162842 2.00704303831 1.72415667257 1.83675924504 1.8092059586 1.70634925303 1.39524826925 1.67336112263 1.59437941257 1.44485529108 1.71269241332 1.5627651502 1.35070427306 1.47312597427 1.37116986506 1.3143870814 0.895659162885 0.57829598614 0.307066598725 0.331255299167 0.94242693204 0.405438506918 0.431886632796
-9999 -9999 -9999 -9999 -9999 -9999 -9999 -9999 -9999 -9999 -9999 -9999 -9999 -9999 -9999 -9999 -9999 -9999 -9999 -9999 -9999 3.28088674949 3.00195040524 3.03424147735 3.43469750733 3.34440695362 3.25337316549 3.46225407893 3.03880677238 2.95516151 2.77743654818 2.92500302285 2.34328375391 1.71613873972 2.38109451322 2.21976511549 1.89778661237 1.65260285071 1.5341286108 1.57471759676 1.87015196225 1.92476556326 1.98306448577 1.54178411126 1.34278000506 1.06315465914 1.27952164138 1.38074935244 1.35002140915 1.55536789547 1.59105746222 1.37695825177 1.05048355355 0.577744446302 0.197985912621 0.26172519381 0.324720973926
-9999 -9999 -9999 -9999 -9999 -9999 -9999 -9999 -9999 -9999 -9999 -9999 -9999 -9999 -9999 -9999 -9999 -9999 -9999 -9999 -9999 3.16846948187 2.92630400909 2.91769454024 3.55056998706 3.68367593347 3.42262901147 3.23185301028 2.78701889823 3.12551435354 1.59484712927 2.86082448114 2.48195650629 2.19223974281 1.63669487844 1.78496071419 1.64012425975 1.74502628971 1.66066762799 1.85298010005 1.87995023266 1.83495109696 1.56162732682 1.48418134423 1.641637734 1.58430304789 1.49483570815 1.46798261413 1.09297827538 1.11437080392 1.26211289644 0.967941824823 0.794669029255 0.370691502002 0.360589707197 0.216028017583 0.242969264661
-9999 -9999 -9999 -9999 -9999 -9999 -9999 -9999 -9999 -9999 -9999 -9999 -9999 -9999 -9999 -9999 -9999 -9999 -9999 -9999 -9999 -9999 2.94542891601 3.02363103657 3.64599272786 3.64907379875 3.45051090654 3.31886282374 2.66657561757 2.68789575592 2.68246189192 2.75143574392 2.31129880364 2.18811103694 2.22407417805 1.96312572724 2.01006691081 1.93860976903 1.94050602926 1.88677108161 1.91158721525 1.47934301947 1.57794107441 1.83778837801 1.19957779314 1.07101420142 0.935548261215 1.15751826313 1.42943106325 1.63811491959 0.74885019299 1.5074169912 1.52395401757 0.574336884651 0.234481198942 0.20184890486 0.236348944541
-9999 -9999 -9999 -9999 -9999 -9999 -9999 -9999 -9999 -9999 -9999 -9999 -9999 -9999 -9999 -9999 -9999 -9999 -9999 -9999 -9999 -9999 2.98279829808 2.94777440346 3.60382724536 3.73742759261 3.48480473505 2.9954084213 2.6828102267 2.74663818877 2.52326420259 2.55307957299 2.46032762877 2.25133347952 1.98274000131 2.26369670235 1.93361187459 1.89371193179 2.07278081168 2.02057425595 1.62257527873 1.93371389317 1.59701014231 1.34649138806 1.22549967123 1.35336986741 1.59571462276 1.5956174455 1.05935896224 1.04277869436 0.965594745266 1.84178848741 0.450916386106 0.917610998064 0.545277323579 0.489237931424 0.371017714438
-9999 -9999 -9999 -9999 -9999 -9999 -9999 -9999 -9999 -9999 -9999 -9999 -9999 -9999 -9999 -9999 -9999 -9999 -9999 -9999 -9999 -9999 2.99647672767 3.02758130405 3.32110793203 3.3021607902 3.51203694165 3.18604854323 2.88634232297 2.93428363455 2.650166837 2.5094792852 2.32959092052 2.29004239897 2.32379483518 1.95528167317 1.92145165775 2.21008286933 2.07448607891 1.98232133798 1.97397714465 1.73186203506 1.37594422975 1.62168438461 1.83853586996 1.74195637973 1.63627766627 1.4925637581 1.2309939102 1.23319539045 1.46015359167 1.27428279381 0.861516751029 0.866860901472 1.00416736489 1.09096321833 0.629406280115
-9999 -9999 -9999 -9999 -9999 -9999 -9999 -9999 -9999 -9999 -9999 -9999 -9999 -9999 -9999 -9999 -9999 -9999 -9999 -9999 -9999 -9999 -9999 3.08792221194 3.36812946742 3.32323564415 3.45786276875 3.09385151555 2.87925795784 2.87610447042 2.65561406368 2.75287278509 2.58046237828 2.61183856886 2.18842836756 2.29706862142 2.29288537184 2.15173428665 1.72556284659 1.63252586016 1.34398359579 1.66308034163 1.91810027514 1.92588542059 1.78095950283 1.65995960528 1.06114639935 0.942207664993 0.911947293478 0.974353931171 0.816698830137 0.978925894206 1.10978368113 1.4726080247 0.722121021975 0.519438601093 1.11156820889
