data/recharge/transience/recharge270.asc
ncols                  80
nrows                 72
xllcorner      4374000.0
yllcorner      5656000.0
cellsize            500
NODATA_value       -9999
[rows 25 to 49 of 72, columns 0 to 55 of 80]
-9999 -9999 -9999 -9999 -9999 -9999 -9999 -9999 -9999 -9999 -9999 -9999 4.63892788651 4.23855797857 3.66442128408 3.77971597646 2.82787497957 2.77971191734 2.54052017348 3.05562324421 2.76950254294 2.60462024389 2.48065585204 1.19454966534 1.81759145543 2.38848287798 2.38120681205 2.19474539293 1.80726463409 1.57255608426 1.44016465698 1.33616706863 1.65793969229 1.75665932295 0.278080527374 1.67561104392 1.57870869136 0.51710292602 0.374942015902 0.959228754496 0.906853704686 0.824481730803 1.60478328724 2.13890632398 2.07754101236 2.12106584944 2.11537449624 2.10518875651 2.07835399761 2.23144501394 2.06078635263 1.0995196506 0.454124634472 0.368068873018 0.373039351681 0.383230204443
-9999 -9999 -9999 -9999 -9999 -9999 -9999 -9999 -9999 -9999 -9999 -9999 -9999 3.18449779981 3.51329239207 3.71054445207 3.35184175271 3.13088789702 2.66640605096 2.35948949714 2.49418205538 2.84878492896 3.20297264931 2.73523494643 2.74494994233 2.09029201231 1.92150639796 1.55856780613 1.58628971078 1.74106574363 1.52254936372 1.43541610155 1.9597095032 0.513638837182 0.262507817325 0.993740686226 1.71741971702 0.38535286604 0.960031564352 0.806259216858 0.729109391399 0.69040384323 0.450895263738 0.679957782347 0.900694239682 1.29724734291 1.77314736288 1.70703265515 0.937878879583 0.503339112228 0.362275248695 0.373667842978 0.400927820083 0.413005157489 0.911998247509 0.330103735375
-9999 -9999 -9999 -9999 -9999 -9999 -9999 -9999 -9999 -9999 -9999 -9999 -9999 -9999 3.35761797835 3.37936067936 2.99451967474 2.73000536925 2.71019041553 2.93749728472 2.64627027395 3.2040517575 2.99943344172 2.71685658744 2.23503724669 2.17604380252 2.57921552388 2.80690746847 1.83646318632 1.45092157961 1.60736612203 2.32474182837 2.55999914536 0.967753737269 0.351125572238 1.24548782837 1.39625265426 0.794918743299 0.88768482625 0.619305276198 0.65361062509 0.688208352776 0.654545656338 0.508794308132 0.400284189008 0.452414970699 0.402563515473 0.361374723813 0.374258891799 0.422690732323 0.391983701202 0.316116130145 0.301284342672 0.370657584247 1.26520095362 1.74947169243
-9999 -9999 -9999 -9999 -9999 -9999 -9999 -9999 -9999 -9999 -9999 -9999 -9999 -9999 1.32322619164 1.88503992399 2.54532107857 2.53792232758 2.45540081989 2.62090728246 2.76994116261 2.83004580974 2.40998356898 3.26989988023 3.23387592102 3.30850148256 2.14497363324 2.15578250903 2.54510233429 2.6182444159 2.06678455466 1.42399968531 2.36547464235 3.62564889453 0.485318532713 1.31395381502 1.1278154428 0.648255045611 0.554493333624 0.595735724055 0.568606583679 0.667928092045 0.690866385477 0.614485773207 0.498392884913 0.416970142402 0.26329037084 0.673289784834 0.805025729996 0.321856642082 0.443607722659 0.500703752444 0.545161541419 0.787414102075 1.44150190101 1.84513401531
-9999 -9999 -9999 -9999 -9999 -9999 -9999 -9999 -9999 -9999 -9999 -9999 -9999 -9999 1.6338080407 2.13391515883 2.84062850946 2.88625904631 3.04081678798 2.95777030216 2.78661640725 2.97551314396 3.18088631868 2.82448919672 2.53900618017 2.27093643671 2.58632578396 2.55236276633 2.11314356868 2.39572146815 2.35111215202 2.19226173049 2.15268366707 1.74178151585 2.41541705035 1.33620010303 1.60333867982 0.645229777137 0.901806263692 0.602161522571 0.629270284597 0.718645450716 0.637763068689 0.646339357868 0.406531490134 0.425596263878 0.341929117878 0.44150100071 0.728525353871 0.76721321374 0.520632117766 0.260649380179 0.302844902051 0.242985770131 0.213451935185 0.332274903984
-9999 -9999 -9999 -9999 -9999 -9999 -9999 -9999 -9999 -9999 -9999 -9999 -9999 -9999 4.21438436742 3.461638296 3.36327495306 3.73891404994 3.47019331691 3.45762861371 2.81245900097 2.60938283426 2.5990567504 2.62149237059 2.24131428089 2.43692685622 2.21939056981 2.6708823703 2.42922179066 2.20059231486 2.3144400788 2.59812169624 2.40596943038 1.50830552783 1.2832008986 1.30150704117 1.23877008989 1.77138215026 1.09200629628 1.35933657834 0.292027966586 0.514790633517 0.481170455381 0.520856940536 0.407437742534 0.346181637087 0.502869455063 0.411726599678 0.788339863172 1.01296046939 0.565319752326 0.749017235012 0.501863091069 0.677539706916 0.645132190816 0.544596801314
-9999 -9999 -9999 -9999 -9999 -9999 -9999 -9999 -9999 -9999 -9999 -9999 -9999 -9999 -9999 2.75892555735 2.69137403415 2.64841543885 2.99900922293 2.31185072424 2.16160018147 2.24132763076 2.63786458399 2.66075020078 2.22040522736 2.39117760121 2.14819936775 2.32375211586 1.86643478303 2.15629454233 1.86150473486 1.84819711293 1.72177362389 2.03362974761 1.42424655098 1.4420089068 1.45473925495 1.41926856064 1.4680718286 1.05351561567 0.782834614162 0.930409636241 0.116235680077 0.200423916522 0.342285605296 0.195586229173 0.101079540189 0.106518577699 0.201304404913 0.377363111373 0.36757572696 0.333738031297 0.499873546551 0.819398090947 0.772986928146 0.760735187492
-9999 -9999 -9999 -9999 -9999 -9999 -9999 -9999 -9999 -9999 -9999 -9999 -9999 -9999 -9999 -9999 2.5201218837 2.27570975689 2.46266219407 3.38022554265 3.29044947472 3.14134624635 2.35895356235 1.97228939325 2.21549583123 1.99694289677 1.84818678511 1.57053038561 1.4123402109 1.93062269968 2.24020663896 1.79600798372 1.97222678178 1.40523971497 1.14175783731 1.30531359238 1.40423312534 1.54981714947 1.63806540454 1.99651120887 1.91110066334 1.80761323846 0.884386484846 0.147988107572 0.0865226059519 0.068420278702 0.0609122503473 0.350823608954 0.344393920024 0.27601843112 0.374136897665 0.558087880828 0.434198607578 0.365437030772 0.423573591021 0.381836539188
-9999 -9999 -9999 -9999 -9999 -9999 -9999 -9999 -9999 -9999 -9999 -9999 -9999 -9999 -9999 -9999 2.92326676457 3.00481365567 3.34986214811 2.94820652317 2.45483202534 2.72351854572 2.54785311179 2.20581967874 2.11561883672 2.35803829891 2.01663105718 1.90051149615 1.54673704738 1.64543094122 1.37209831032 1.20799125915 1.48339258998 1.34116558576 1.64150635394 1.22977188958 1.75347365665 1.60451063144 1.60755236727 1.49902771502 1.00834032284 1.22588911422 1.25002450405 0.568660087498 0.263492781052 0.152174505208 0.202084633892 0.51074506958 0.273567761122 0.329553674581 0.448542482113 0.470301234864 0.612038203805 0.653208637977 0.817951943141 0.574973043567
-9999 -9999 -9999 -9999 -9999 -9999 -9999 -9999 -9999 -9999 -9999 -9999 -9999 -9999 -9999 1.60633047311 1.76880408612 2.17600646183 2.67713524649 2.57493085934 2.38367570691 2.32419431342 2.13568608452 1.96934202712 1.80735310791 1.96601097964 1.88727570573 1.959229985 1.52846063596 1.77038633828 1.86876433925 1.93534119462 2.06404134659 1.3122891101 0.77580773498 0.537370487481 0.697622088159 1.2920385628 1.35035714656 1.00187624391 0.527424795341 0.296725371597 0.15735455733 0.153380355617 0.182005913912 0.123867629687 0.852905146267 0.829388409468 0.335673366652 0.453817611728 0.368515048591 0.296581613121 0.332886261787 0.368253426965 0.408932876349 0.420372276034
-9999 -9999 -9999 -9999 -9999 -9999 -9999 -9999 -9999 -9999 -9999 -9999 -9999 -9999 2.0209448202 1.8470105305 1.87099425142 1.9276758857 2.20317819771 2.32041307562 2.16963745322 2.49323567145 2.08850217807 2.19004798472 1.81485968882 1.70600285387 1.63271225723 1.75082407741 1.78673384544 1.78490989859 1.62035234082 1.66874775972 1.30091812525 1.20537049832 1.09053350189 0.717311480821 0.967912056135 0.723274828745 0.102425537546 0.273522387084 0.400072980469 0.114267248724 0.105590044255 0.118010948179 0.0919687780091 0.0795747932119 0.174636504524 0.345535401145 0.440796582551 0.359393985736 0.329859692725 0.326933487228 0.355548083212 0.347758386527 0.336952319649 0.3567555047
-9999 -9999 -9999 -9999 -9999 -9999 -9999 -9999 -9999 -9999 -9999 -9999 -9999 -9999 2.1140078457 2.3990119911 2.24255807236 1.73293232215 1.4102926688 1.46200253122 1.69126233966 2.02942186391 1.91662770597 2.05849106431 1.74034156703 1.45182786571 1.23434961254 1.28067859743 1.33278601449 1.69374722968 1.76654272119 1.66237973947 1.24003781056 1.07110671758 0.926775301486 1.14559030226 0.631814582104 0.968693448102 0.347270412355 0.364361888685 0.632882464525 0.538597491579 0.149822990265 0.131315629568 0.123747367273 0.0731629596468 0.131000658936 0.509220015226 0.614550660907 0.698466445908 0.705616795117 0.698226405886 0.539005093349 0.474212949686 0.560686957459 0.538047365745
-9999 -9999 -9999 -9999 -9999 -9999 -9999 -9999 -9999 -9999 -9999 -9999 -9999 -9999 -9999 -9999 2.30690580791 2.89716549885 3.05545751432 2.96382465044 2.32461515309 1.84426388865 2.26259039472 2.27749545225 1.87174926461 1.53991757269 0.839041296148 0.897847968522 0.812077720799 1.19620046118 1.4769067045 1.18179801564 1.0964651601 0.893715477707 1.01404799391 1.02610429042 0.914147862136 0.369650366414 0.740369202383 0.954617068082 0.574961183953 0.426668552616 0.745415377672 0.433758201718 0.0875036837777 0.103988920213 0.0991152271256 0.238883618427 0.418708988195 0.479295803363 0.476678982863 0.491120390088 0.463935294313 0.405115033429 0.307197352593 0.323945880469
-9999 -9999 -9999 -9999 -9999 -9999 -9999 -9999 -9999 -9999 -9999 -9999 -9999 -9999 -9999 -9999 3.20104982627 2.94942089132 2.97402454537 1.91562787678 2.15807223336 2.24050214399 1.64612639362 1.7858913887 2.0017862611 1.75139502105 1.3224766103 1.24142717664 1.19108730502 1.2649687794 1.56775479952 1.44904695324 1.15489551818 0.913030585159 0.669753793713 0.724349216791 0.804633967266 0.9678885406 0.634841430638 0.520123672549 0.689607604696 0.915973751677 0.852269262971 0.790157758153 0.441575313569 0.0868409411403 0.0532123970633 0.0981996718825 0.353176827209 0.277017631212 0.240005323097 0.243552120469 0.219923477548 0.249217014484 0.259742420057 0.26115292982
-9999 -9999 -9999 -9999 -9999 -9999 -9999 -9999 -9999 -9999 -9999 -9999 -9999 -9999 -9999 -9999 -9999 -9999 3.04197699298 2.29154275625 1.73757098928 2.11463952542 2.30020130648 2.17610405816 1.86233387394 1.76461011129 1.18516220335 1.28100110721 1.16194203693 1.15885248594 0.928189372469 0.797310592941 0.829619937023 0.899603495999 0.656345373653 0.840553525982 0.877240035949 0.628557908804 0.610717460103 0.747941196474 0.574589875378 0.506378503366 0.441184378102 0.437618089729 0.464415384524 0.35007935137 0.0665282574632 0.0641167854137 0.123108538445 0.210803019338 0.275870823475 0.317002836392 0.224633755333 0.230549573458 0.278946694797 0.296345419787
-9999 -9999 -9999 -9999 -9999 -9999 -9999 -9999 -9999 -9999 -9999 -9999 -9999 -9999 -9999 -9999 -9999 -9999 -9999 1.62896313881 1.74862092305 1.97399223022 1.93619248318 2.66406391998 2.04396247215 1.89492414264 1.49068868054 1.09395752215 0.795495983581 0.754279483519 0.840701084306 0.951740130302 0.780170137924 0.710068875323 0.482851707335 0.335990899073 0.338413567605 0.53382355937 0.575418752279 0.651040370701 0.496306145548 0.449935414214 0.382968516745 0.485405800446 0.528529215538 0.550611571559 0.258011721306 0.0542298495367 0.0487731179531 0.0946069102165 0.17692708748 0.244081816428 0.21492933435 0.212975026828 0.270477674569 0.259606046973
-9999 -9999 -9999 -9999 -9999 -9999 -9999 -9999 -9999 -9999 -9999 -9999 -9999 -9999 -9999 -9999 -9999 -9999 2.4789007998 2.87634768268 3.11452133223 2.97489591164 2.11172164115 2.00606956699 1.97054115438 1.90244312598 1.6676130909 1.46257056814 0.97927929424 0.87220934965 0.447450547084 0.432600950204 0.589730672044 0.595990389525 0.425689477633 0.534530526882 0.741749345101 0.687460088779 0.64932511348 0.642614288802 0.725312746031 0.495671648621 0.453784978294 0.377002269992 0.355107770844 0.387259945827 0.539782768347 0.293558921677 0.116295997617 0.0613414515686 0.10176919997 0.209263422968 0.386491224833 0.436353931741 0.359966987266 0.316457394189
-9999 -9999 -9999 -9999 -9999 -9999 -9999 -9999 -9999 -9999 -9999 -9999 -9999 -9999 -9999 -9999 -9999 -9999 -9999 3.63996781082 3.58970661781 3.29061807251 2.20087700958 2.04935329552 2.16026781563 2.11583917381 1.55548203737 1.74525595486 1.24208630194 1.64770514448 1.31517415242 1.28689048859 1.06483206268 0.51991792509 0.424890039475 0.296322093997 0.272884282138 0.234831230014 0.223510494907 0.223623880717 0.321804836717 0.503192813202 0.366901314004 0.528774029137 0.675728464543 0.774256316045 0.647946422258 0.465704135784 0.16956397142 0.0755653923893 0.0344938561261 0.456954595652 0.762132283661 1.41481692965 0.384161967235 0.148263574434
-9999 -9999 -9999 -9999 -9999 -9999 -9999 -9999 -9999 -9999 -9999 -9999 -9999 -9999 -9999 -9999 -9999 -9999 -9999 -9999 2.63701523358 3.08854002678 2.25387730489 2.17518231792 1.7018486537 2.00806495927 1.59970534393 1.8371542198 2.071817285 1.7821291569 1.47167346917 1.38075530763 0.64912280778 0.661726608481 0.594779222884 0.532464772802 0.488109560665 0.630375680439 0.610837757468 0.591976438669 0.537162043906 0.715362672198 0.70425320242 0.603141162505 0.836282404149 0.712561903164 0.621595459296 0.707228537868 0.61500707792 0.28369879315 0.151629222301 0.0962880478484 0.0515744428446 0.0508082414325 0.409784021347 0.0666528000015
-9999 -9999 -9999 -9999 -9999 -9999 -9999 -9999 -9999 -9999 -9999 -9999 -9999 -9999 -9999 -9999 -9999 -9999 -9999 -9999 -9999 2.78218290518 2.46820785287 2.50201768901 1.6014150369 1.4174628389 1.47764696531 1.84818498929 1.51885118891 1.38315641796 1.49911226576 1.67911383706 0.666405528256 0.5301100577 0.813587197809 0.815436427533 0.755818231611 0.55147421497 0.507527067559 0.543754949908 0.776596802898 0.829270410542 0.930121778297 0.576727971706 0.492820422953 0.363077463665 0.494119606883 0.549446341558 0.583807769589 0.732285808065 1.19237667012 0.540316698426 0.366763924644 0.0828831669675 0.0348459347401 0.0430899394117
-9999 -9999 -9999 -9999 -9999 -9999 -9999 -9999 -9999 -9999 -9999 -9999 -9999 -9999 -9999 -9999 -9999 -9999 -9999 -9999 -9999 2.08848049949 1.9866991082 1.998362186 2.113359757 2.3704465492 1.9662844263 1.73322778832 1.33999357047 1.58366376555 0.984371823161 1.39168500497 0.904872815871 0.626106189772 0.391074241878 0.602856672579 0.565518083686 0.596892623921 0.557720708275 0.710227979394 0.787765539283 0.747343730023 0.581456334091 0.535141158348 0.680820828747 0.639900918132 0.62202067083 0.603849498052 0.436906285091 0.466425528859 0.819523332577 0.66451201075 0.175683803839 0.0660364769257 0.054425862712 0.0374000157073
-9999 -9999 -9999 -9999 -9999 -9999 -9999 -9999 -9999 -9999 -9999 -9999 -9999 -9999 -9999 -9999 -9999 -9999 -9999 -9999 -9999 -9999 2.13989861246 2.73285902454 2.28774305105 2.04640156224 1.70381481931 1.68726470162 1.1503557201 1.2005384708 1.2929932663 1.4065298046 0.864304932707 0.778190525029 0.995512420551 0.695988224633 0.746005020842 0.678856468444 0.676826737377 0.661750297023 0.719525538199 0.44775329768 0.520488121668 0.694481768421 0.379043238423 0.3284034207 0.290604108284 0.377182117573 0.547041818989 0.596234762001 0.535223816538 0.734151597513 0.260293858062 0.0652226472791 0.0353383468796 0.0314696037185
-9999 -9999 -9999 -9999 -9999 -9999 -9999 -9999 -9999 -9999 -9999 -9999 -9999 -9999 -9999 -9999 -9999 -9999 -9999 -9999 -9999 -9999 2.29178569164 2.1721909324 2.13036739744 2.4021480516 1.98048800026 1.36466083513 1.30940912314 1.37278757516 1.17572576994 1.22857148652 1.2129099831 0.957403494805 0.716384758407 1.0667637546 0.70787530013 0.650374712751 0.832636517075 0.81320448506 0.520197604528 0.737911926007 0.531738468803 0.410567770891 0.391996215258 0.44689430422 0.606963871121 0.622606001614 0.380023395829 0.3219540893 0.251256311845 0.450500541344 0.0517094301765 0.110305172081 0.0691753163048 0.062229760497
-9999 -9999 -9999 -9999 -9999 -9999 -9999 -9999 -9999 -9999 -9999 -9999 -9999 -9999 -9999 -9999 -9999 -9999 -9999 -9999 -9999 -9999 2.20178097771 2.57667418375 2.72966622729 2.34842054505 1.97335153593 1.85586275474 1.41181553147 1.6884315934 1.28087934689 1.05673628991 0.937353055567 0.914145609072 1.03477600556 0.615906855005 0.622457937333 0.920815543898 0.764705110329 0.67366277059 0.707494326306 0.534440093822 0.385545740479 0.500589202005 0.670305604002 0.595634218468 0.578335525139 0.491483940184 0.417059565779 0.417887026356 0.598648960887 0.488106346422 0.0979574603423 0.0862099960909 0.112067622668 0.123868622465
-9999 -9999 -9999 -9999 -9999 -9999 -9999 -9999 -9999 -9999 -9999 -9999 -9999 -9999 -9999 -9999 -9999 -9999 -9999 -9999 -9999 -9999 -9999 2.86111140034 3.04515698514 2.45428150376 1.80208303913 1.7564173535 1.35885322595 1.5514544968 1.30137376114 1.48733138715 1.29887005259 1.43631274876 0.845178194481 0.991136906742 1.04677881401 0.848178838487 0.501597729225 0.470789237204 0.351653241817 0.496468790066 0.666722340123 0.699624228431 0.623375422718 0.544867495482 0.305705815329 0.261635289463 0.28456087749 0.310321240149 0.27541502175 0.350243863543 0.409278186959 0.246585391878 0.0819339105188 0.0805656098007
