data/recharge/transience/recharge525.asc
ncols                  80
nrows                 72
xllcorner      4374000.0
yllcorner      5656000.0
cellsize            500
NODATA_value       -9999
[rows 0 to 25 of 72, columns 0 to 56 of 80]
-9999 -9999 -9999 -9999 -9999 -9999 -9999 -9999 -9999 -9999 -9999 -9999 53.3150886042 54.9876197209 -9999 -9999 -9999 -9999 -9999 -9999 -9999 -9999 -9999 -9999 -9999 -9999 -9999 -9999 -9999 -9999 -9999 -9999 -9999 -9999 -9999 -9999 -9999 -9999 -9999 -9999 -9999 -9999 -9999 -9999 -9999 -9999 -9999 -9999 -9999 -9999 -9999 -9999 -9999 -9999 -9999 -9999 -9999
-9999 -9999 -9999 -9999 -9999 -9999 -9999 -9999 -9999 -9999 -9999 -9999 45.8960409205 43.339754551 42.4736250077 -9999 44.0089516617 -9999 -9999 -9999 -9999 -9999 -9999 -9999 -9999 -9999 -9999 -9999 -9999 -9999 -9999 -9999 -9999 -9999 -9999 -9999 -9999 -9999 -9999 -9999 -9999 -9999 -9999 -9999 -9999 -9999 -9999 -9999 -9999 -9999 -9999 -9999 -9999 -9999 -9999 -9999 -9999
-9999 -9999 -9999 -9999 -9999 -9999 -9999 -9999 -9999 -9999 45.3596784015 44.2013034326 45.6091326646 44.2930930628 41.2279122838 40.7602893232 39.0039649595 39.6910911055 -9999 -9999 -9999 -9999 -9999 -9999 -9999 -9999 -9999 -9999 -9999 -9999 -9999 -9999 -9999 -9999 -9999 -9999 -9999 -9999 -9999 -9999 -9999 -9999 -9999 -9999 -9999 -9999 -9999 -9999 -9999 -9999 -9999 -9999 -9999 -9999 -9999 -9999 -9999
-9999 -9999 -9999 -9999 -9999 -9999 -9999 -9999 -9999 44.6023559981 44.34517823 44.0385300547 43.1222784478 43.6813730171 42.3285863691 42.0919376295 40.5405126422 43.4259880964 -9999 44.8442913132 -9999 -9999 -9999 -9999 42.4130477707 43.6113401668 -9999 -9999 -9999 -9999 -9999 -9999 -9999 -9999 -9999 -9999 -9999 -9999 -9999 -9999 -9999 -9999 -9999 -9999 -9999 -9999 -9999 -9999 -9999 -9999 -9999 -9999 -9999 -9999 -9999 -9999 -9999
-9999 -9999 -9999 -9999 -9999 -9999 -9999 -9999 47.5690785285 46.0705725726 43.8270910395 43.8399913199 42.5807818059 42.0663523508 41.4239942692 41.6027144255 39.5661722655 38.6410994827 39.647902838 41.8522931045 40.9251426863 41.7474183022 -9999 40.5591505379 43.7908624659 44.3824708343 -9999 -9999 -9999 -9999 -9999 -9999 -9999 -9999 -9999 -9999 -9999 -9999 -9999 -9999 -9999 -9999 -9999 -9999 -9999 -9999 -9999 -9999 -9999 -9999 -9999 -9999 -9999 -9999 -9999 -9999 -9999
-9999 -9999 -9999 -9999 -9999 -9999 48.1882465115 45.4528604915 44.9039727879 45.1774441526 45.1005874987 44.9900258983 43.521467279 43.3005854143 41.5951344358 42.2071125482 40.4627563561 39.4476375878 41.7287152036 41.0578943357 40.3716067932 40.9174910428 41.6762448051 40.6579036245 42.4337472999 42.4507196825 43.7971919647 -9999 -9999 -9999 -9999 -9999 -9999 -9999 -9999 -9999 -9999 -9999 -9999 -9999 -9999 -9999 -9999 -9999 -9999 -9999 -9999 -9999 -9999 -9999 -9999 -9999 -9999 -9999 -9999 -9999 -9999
-9999 -9999 -9999 -9999 -9999 -9999 48.5605650721 46.7413712711 44.1227090005 43.6265235916 42.9554834122 43.6379421012 42.2427903879 41.5270459804 40.0212719526 39.4809504817 39.4214730839 33.9108890562 41.2911986251 38.1523926973 38.7439458676 40.7349490904 40.807802518 40.5638199951 40.4981950558 39.2261354317 43.1195555153 44.410081359 45.0039937343 44.713217541 45.5890419157 45.9878670484 -9999 -9999 -9999 -9999 -9999 -9999 -9999 -9999 -9999 -9999 -9999 -9999 -9999 -9999 -9999 -9999 -9999 -9999 -9999 -9999 -9999 -9999 -9999 -9999 -9999
-9999 -9999 -9999 -9999 -9999 49.4346655976 48.0214473958 47.432840092 45.772014435 46.012257004 44.9990394934 43.8040193978 41.4642775895 41.8363366396 41.1982758113 41.5479072473 33.5894185186 18.4024245015 33.3086168546 38.9176818534 38.9796063749 38.5905291944 39.9722953541 40.2967078904 41.0716920706 41.7377138065 42.7472982537 42.7195582063 44.0102177436 44.0003776274 43.7573662057 44.655738056 43.5823766432 43.4222719374 -9999 -9999 -9999 -9999 -9999 -9999 -9999 -9999 -9999 -9999 -9999 -9999 -9999 -9999 -9999 -9999 -9999 -9999 -9999 -9999 -9999 -9999 -9999
-9999 -9999 -9999 -9999 -9999 49.9158651052 47.7431152118 47.99245849 46.3199467411 45.816300174 44.9471426914 45.293555285 32.7761219223 27.4962358627 43.6020341674 43.5338890671 36.0707912433 15.8674292245 28.2807294775 35.722419625 38.4557180188 38.5487255696 40.7551678087 40.5478055909 40.3602534371 38.5649512016 39.755165346 38.4718096921 41.0326252398 40.0534371758 40.3092972332 41.9737680917 42.2461425209 42.0983752018 42.0311765534 42.3184201506 -9999 -9999 -9999 -9999 41.2165311882 40.6671151387 -9999 -9999 -9999 -9999 -9999 -9999 -9999 -9999 -9999 -9999 -9999 -9999 -9999 -9999 -9999
-9999 -9999 -9999 -9999 -9999 49.5802289296 48.2776227819 47.5499239786 46.3722643984 47.2059047422 46.3080918901 46.0035744824 43.751206197 43.602043005 44.5274304442 43.2314983913 40.2397776563 44.016557888 43.6441143701 41.9038414698 39.9272141873 37.9040124949 38.6560830288 38.2218085582 40.1446896718 39.2815403503 39.35588541 37.5028637018 41.5205167428 39.1666418757 27.9858084058 35.0910183724 41.7891051987 41.5070595927 40.6658865621 42.2427977003 42.0111250226 -9999 -9999 42.3683929235 41.7625611743 41.6861071462 41.4906131001 -9999 -9999 -9999 -9999 -9999 -9999 -9999 -9999 -9999 -9999 -9999 -9999 -9999 -9999
-9999 -9999 -9999 -9999 -9999 -9999 49.8010048333 49.198818429 47.9263896174 48.3490198056 46.6135796294 46.8173877045 47.1477690536 48.0676360995 43.1121743447 42.6618561199 41.9970426917 42.0927131724 40.4720615126 40.5757067399 39.8984810397 39.8943850684 38.9931434053 40.5359356525 39.7044494725 38.5575597003 34.8243363062 35.3458617882 37.3083950411 38.4578018291 36.3296640755 38.8384738939 38.0545108178 38.3112403411 38.8627014651 39.9238684327 39.8784112029 37.5671489209 40.9682620045 40.5379375549 40.0686360082 41.7306978058 37.7483306772 34.7652147682 -9999 -9999 -9999 -9999 38.4374583697 36.8353575192 11.3032402154 -9999 -9999 -9999 -9999 -9999 -9999
-9999 -9999 -9999 -9999 -9999 -9999 -9999 50.3278613295 47.8455368712 47.8711765401 47.5077229799 47.69080956 46.7374846139 44.598016215 43.3950317088 44.5417846098 43.3871046271 43.2011597216 42.3292213203 40.9514578936 38.924661613 38.5972592777 38.4430833123 39.2228427776 39.0126220221 37.4690170817 36.0781769268 37.0741914622 38.6758080974 37.8023011161 37.5011824383 37.2297028839 38.3712629706 38.0686150244 40.2098667851 40.4058349751 40.1532578849 40.0692337486 41.0157678606 40.7575186224 38.1589582886 36.9262733687 29.2820775399 24.6431393894 21.5279107544 23.2966373953 24.4977280121 21.9859043562 20.9547460017 29.0702716667 31.3993926864 26.823750282 -9999 -9999 -9999 -9999 -9999
-9999 -9999 -9999 -9999 -9999 -9999 -9999 -9999 48.4649335444 48.1395949945 47.8489889134 47.9140335158 46.4263959117 47.4654612881 46.7122141094 46.274815778 43.1066551042 43.6305951594 41.4183328052 41.5200238055 42.8276439129 42.5581839378 37.1740440547 28.9669143441 27.0729187078 28.1242036832 31.6390223511 35.8439949464 33.8796581944 30.846170639 33.0473039974 32.8032668745 34.1588479984 33.0059018496 35.6226377234 37.7003491782 37.9267775273 38.5740333647 38.0980874705 38.073838385 35.9239855069 29.1349681434 20.4414850411 19.1569277657 18.089987566 16.9090211561 18.4936096058 16.9341869193 15.5809482327 23.3553376249 26.8061042987 27.7140201519 25.0149548435 -9999 -9999 -9999 -9999
-9999 -9999 -9999 -9999 -9999 -9999 -9999 -9999 48.8917466094 48.7107074819 47.4067330529 47.6526162165 46.617157943 46.6717107703 45.4403471177 44.8171473071 42.5488323033 43.2947553034 41.6612062879 41.9770864026 42.6289368614 42.5318967975 40.1285466361 39.5626300465 33.0057662384 25.1197239667 29.8246192969 34.5046410627 33.8527040996 30.6008765858 30.3934050413 32.0163343552 30.9971445405 32.3695478652 36.3690634214 18.9769887764 39.2730013716 38.1321259376 37.8505313209 37.6826716899 36.7634151356 29.5141107493 19.4310831579 19.3670310528 16.9650803143 16.8204381893 18.3209172883 17.2538467623 17.3505801753 28.6150121225 27.1599306717 27.2385188359 26.7429333041 29.2531168767 25.9453023238 26.7079928678 -9999
-9999 -9999 -9999 -9999 -9999 -9999 -9999 -9999 -9999 48.2529202081 47.6513384702 47.7028469437 47.2510238964 47.0868725897 45.6299790424 45.6207202424 45.6081121599 45.1730977537 45.1293188153 45.3659079376 45.5957365976 43.50988803 44.1038026651 54.3744414742 42.1396903448 37.7366207894 27.0241572623 23.5468057028 22.593443608 32.8344974084 31.145559555 31.4586417405 30.7453801088 27.9322284837 31.1392705604 30.509825089 35.9905362071 35.2642005451 34.423056476 34.458430522 33.4922668668 32.8088839559 17.0516551435 19.4368703451 15.2137152127 13.5196237599 11.9237387108 12.4123911954 21.0748925675 22.7871278746 22.400157446 21.9956020305 23.0780431235 25.7302814697 25.5636435922 13.846145988 9.53504916621
-9999 -9999 -9999 -9999 -9999 -9999 -9999 -9999 -9999 -9999 47.0521037326 47.6257325139 47.2387856605 47.1360581434 45.1311133065 44.6241012236 45.6018204731 47.3889178371 46.1049772092 44.5412890538 42.9038108879 42.2357943122 38.9405845895 39.0328036807 32.5999986846 38.3227123832 32.232362358 26.7475245425 19.4860236315 23.3117785638 32.1559773928 32.1225898944 33.0381517818 30.7271276233 34.317290556 33.9436111848 35.5423893211 35.2284774677 34.5602240762 34.6489573546 34.075723336 33.533138699 27.3146253213 18.3715846408 20.5342053973 19.8516358765 16.373176193 13.9719651123 24.3528459262 24.7768696503 24.1128343876 23.5312071433 21.185620478 24.5359045954 23.8753218524 12.7209933229 9.4376039825
-9999 -9999 -9999 -9999 -9999 -9999 -9999 -9999 -9999 -9999 -9999 26.0646202522 33.427138785 47.1715710422 44.9685137298 44.2427268853 45.5576768583 45.6252047059 43.0122319021 43.9351779849 43.2557865724 42.9580720088 39.4861160676 36.2716654629 31.1081474896 21.2618765062 25.3950629267 33.427038827 30.1480377028 35.4457742531 33.5411047443 28.2253461735 28.4624705681 29.2332846906 30.201112292 28.2418634391 31.9378677671 31.8058595795 32.4702292579 32.5554528512 31.7653069284 30.3590691578 30.3586206857 22.4763003332 14.6452709761 13.0841377164 13.8647830856 16.1506973994 18.0793050054 23.9374755321 20.6297014489 24.2955780866 23.3307474756 22.6697586664 20.1884551609 19.6639854346 10.5348527396
-9999 -9999 -9999 -9999 -9999 -9999 -9999 -9999 -9999 -9999 -9999 24.4686795678 35.5843919591 45.3569766885 44.9081745015 44.4137100523 43.4581890327 43.0570506432 43.2275635847 43.1908986723 42.8940837469 43.9069197095 39.5501388484 37.903252049 36.5082704446 38.9675991959 31.4333429955 29.6970258702 23.640197238 24.206165143 26.90166875 25.5208670957 15.3523346078 16.9641010156 19.4724913223 28.2500154458 31.736815205 32.1767316722 31.9571968339 32.2490292617 34.4019805416 32.0321439973 29.0988329231 29.5550133883 23.61256048 16.8379993425 19.4368522869 21.7883624107 19.5047479782 15.2642835544 15.5446764146 15.4847586043 12.1989772865 22.0065666943 22.4838686 21.2604632414 19.947859786
-9999 -9999 -9999 -9999 -9999 -9999 -9999 -9999 -9999 -9999 -9999 48.5047674537 45.9921903424 45.7510219632 43.4370593579 43.7802949061 41.6886357322 39.7814988416 40.1144713482 41.0159115356 41.089054089 41.3006440449 38.0645447081 34.8272047666 33.709501807 34.6656865377 33.1479674795 32.7797122513 31.9245336442 27.692898596 21.3047215533 27.3485765747 31.0319052072 30.0864147563 16.0951839096 20.7184392912 14.4864055581 10.6210768915 27.0481702171 22.6223277524 22.2464028123 30.0599885485 30.4697785761 32.1421006077 33.6297503594 32.3339979129 18.4986031414 17.016296683 16.0175051453 16.0006728653 13.3408189081 14.7411683424 15.146637254 17.6389973012 22.1847585229 20.2207032069 23.4610794813
-9999 -9999 -9999 -9999 -9999 -9999 -9999 -9999 -9999 -9999 -9999 -9999 46.302555942 45.5346497912 44.6604765692 43.992460409 42.2901444845 41.4501598866 39.0178946786 41.5313901286 41.6683431823 40.8984240723 39.1154016635 38.5823018421 35.3161666841 35.7340464409 33.4968640278 33.9524586582 32.3449741434 31.7106357757 31.2641050768 31.7914448786 27.3717599517 19.1597865579 19.5865245833 22.868159838 28.192727178 12.1816183434 12.7515006811 29.714787082 31.1044834887 29.4327538508 33.0069574175 34.7058029398 35.3040750701 35.3854324444 23.3904046144 17.1960157171 13.3900509566 14.6431178254 12.7503491919 10.8459226678 9.28475840666 9.41898533763 8.08378171478 11.3707074969 9.57310786355
-9999 -9999 -9999 -9999 -9999 -9999 -9999 -9999 -9999 -9999 -9999 48.0213816537 47.6502329309 46.6679762397 45.3263083586 27.6267647537 38.4532539848 42.5216048017 39.415381301 40.4237157539 38.3064733147 38.079505088 35.4670960702 35.9346962179 34.1753056488 33.9645996988 31.7675670804 30.8233062994 30.1589930052 29.6262472061 28.2636298761 28.7042946026 27.6331533221 27.4443423308 28.0121281647 15.2537254351 15.3848138084 8.98867256382 7.94169662445 23.6651542753 28.2514820264 26.2889403466 35.2707093355 36.8819105354 38.8849213251 38.6039110851 35.175418631 24.8046455318 16.5267052949 16.6836659728 11.7231660674 8.13802638157 6.94869494923 6.99973657198 6.2140418774 6.81255790005 9.02600690437
-9999 -9999 -9999 -9999 -9999 -9999 -9999 -9999 -9999 -9999 -9999 48.6032636068 48.3887415172 47.348782183 45.141775264 34.4564671031 41.8186556328 42.9386895396 41.0055652253 41.2099985449 35.4061131781 36.663903547 38.265934224 36.6208009996 34.7956645795 34.3023031589 23.6232165076 27.9044407203 31.7715449085 33.9841148979 31.9862452273 28.9575479435 27.3674205236 27.4484949441 27.6839909541 12.4549928902 10.7944877786 15.2445063706 9.69720308083 15.2689524382 26.5734275848 26.4348862145 31.5203392193 33.3873897197 34.3605156938 33.4612866921 33.205881346 33.0344603955 26.070821644 22.6589288489 11.2844622788 11.5985715824 9.69360619396 9.17315378896 8.18851638264 7.58522830424 5.72998223667
-9999 -9999 -9999 -9999 -9999 -9999 -9999 -9999 -9999 -9999 -9999 48.5167069334 48.4497028476 47.0925960938 46.241709306 45.9774501178 43.2850152638 44.1081302042 42.1372670507 43.1901074759 33.8974826897 16.8708647817 34.2906776464 31.1921086129 22.5681273021 22.5506637525 24.9433553425 28.1781327393 24.9506827219 26.1804111329 25.9819555922 32.2723498146 31.3431092666 30.4667213451 26.8261396896 8.54496253436 5.46177675182 3.74573127286 8.08430464619 8.7616350662 27.6584276512 28.7215498793 27.6691335967 24.8243972684 25.5916963611 25.658689413 28.6027722327 29.3199999289 26.5763547743 26.0732394791 13.8492790073 8.64856885903 7.16565823117 6.59801371429 5.9740312492 6.24146857971 7.06548785115
-9999 -9999 -9999 -9999 -9999 -9999 -9999 -9999 -9999 -9999 -9999 -9999 49.1904450397 47.9097430812 46.6861425901 45.9135792482 44.5840184994 44.7119090958 41.9243523179 42.4609685716 40.9897720417 42.9357646786 28.0356900932 22.649154972 21.3563969339 21.0892800762 17.8208022632 18.6164954477 16.8068604154 15.2727743191 13.0873553549 20.7026870011 26.2181178952 27.0796714624 25.8499407317 9.47398541179 7.05854709636 4.83587641477 10.2132107468 13.1141129765 27.6360360033 26.9794985309 28.8181794801 25.2611587277 25.6685007736 25.749008826 26.3780288438 28.334235089 25.4143428203 26.1234458572 22.7801054381 13.4506429091 14.6637339615 10.8941712694 6.42219405037 6.9670411271 6.32240477482
-9999 -9999 -9999 -9999 -9999 -9999 -9999 -9999 -9999 -9999 -9999 -9999 50.6187727751 48.8406960942 47.2241622704 48.5767656769 45.5564104704 45.9667514648 43.866121002 42.9416425324 41.9812435539 41.9681584164 34.2067030271 29.3610194608 25.1879117886 30.6803044886 28.1862823498 24.3613406069 20.0025240445 23.5375937496 18.9765622092 20.1648154032 30.4836941036 32.6882161453 15.7437742298 9.83092371657 15.3195346789 10.6409782824 15.4642442002 12.2779389994 23.6888957511 25.6320859458 24.3345763822 24.2029943292 24.1996300215 23.8310120375 22.7581362727 23.0158013814 21.0347938818 22.3060950545 20.2003717633 18.4522146035 14.1013028356 4.47670474521 2.89447481198 3.69958918112 2.91240033732
-9999 -9999 -9999 -9999 -9999 -9999 -9999 -9999 -9999 -9999 -9999 -9999 50.0516018137 49.3882516367 47.2146147589 47.7391458763 45.7341952102 45.1845853711 43.3822093339 44.6327304977 42.2669530436 41.7632429716 39.6681388477 29.4748965293 30.7572684475 28.7699942675 38.154810184 35.2736395644 20.6037681132 18.7006544624 16.0037266614 15.1194429456 20.2232769516 23.5018796403 12.7914756039 23.1372125557 43.8744019875 13.8944183745 8.08858772936 9.6009613246 8.87772408 9.47407381659 18.5317133133 24.4682481081 24.0590426122 24.2663509511 24.1716060078 24.1344131904 22.89601551 23.7514664959 20.608848195 10.8748946006 4.11388240797 3.29388008687 3.57640129237 3.18513785399 2.86188562351
