data/recharge/transience/recharge489.asc
ncols                  80
nrows                 72
xllcorner      4374000.0
yllcorner      5656000.0
cellsize            500
NODATA_value       -9999
[rows 25 to 49 of 72, columns 0 to 56 of 80]
-9999 -9999 -9999 -9999 -9999 -9999 -9999 -9999 -9999 -9999 -9999 -9999 10.9362003913 10.7544011449 9.61534730737 9.15402668703 6.98796642952 7.10206721036 5.69576888215 6.37665746846 5.58769667255 5.93007455172 5.21204362054 5.16918174448 5.22521469306 4.46631965485 6.92471004455 5.860047178 2.95534488564 2.57889223794 2.23309552546 2.06069187869 2.22599994771 2.40388879471 3.14123482271 4.44992788775 8.36359274222 3.57171575036 2.52861815226 1.83410829967 1.56083451258 1.20190199918 1.81194268236 2.5809966874 2.44491733405 2.48920770158 2.42158326697 2.41051173501 2.25311192688 2.39724561605 2.0506332742 1.23353243441 0.856041701031 0.685246444164 0.827202693128 0.719953785701 0.672576855686
-9999 -9999 -9999 -9999 -9999 -9999 -9999 -9999 -9999 -9999 -9999 -9999 -9999 9.76146025098 9.9425751235 10.2513091551 8.18938025268 7.17992654622 5.97204613324 5.62814323882 5.55194775575 6.58178077137 6.60508375609 5.56773655285 4.71471438353 3.69766574212 4.04992595635 3.09112127614 2.88333675268 3.14008778854 2.5907737672 2.40302220643 3.02027912427 1.86370169626 4.43848524831 2.58879809491 6.30949310932 2.86465380862 2.23861474609 1.48176662395 1.25235436051 1.63026317274 1.04594668318 1.12648018386 1.0745244957 1.39993299358 1.9329224808 1.871042623 0.936650377126 0.651790582055 0.652260481985 0.732099229831 0.789536310907 0.803654768017 1.69004818078 0.883718108037 0.541142038837
-9999 -9999 -9999 -9999 -9999 -9999 -9999 -9999 -9999 -9999 -9999 -9999 -9999 -9999 8.96285387918 9.35679468202 7.78070713473 6.48592093487 5.83413162614 6.19570201861 5.42816550986 6.86044524727 6.37199872027 5.86133879435 4.10585703148 4.03070657341 4.13288238225 4.40836026446 3.13434759068 2.65123935958 2.64178817667 5.73717189989 4.19014082146 2.30634339786 3.00529302495 3.69775276343 4.90995176491 1.89942713759 2.6082579594 2.45639688635 1.69510477918 1.9562088864 1.57797062718 1.2131844401 0.864258898472 1.01376727019 1.30661628413 1.76537387661 0.899620278701 0.866530160736 0.784177974465 0.574797177755 0.518283066899 1.23013975231 1.81962886905 2.76484970446 2.12937180179
-9999 -9999 -9999 -9999 -9999 -9999 -9999 -9999 -9999 -9999 -9999 -9999 -9999 -9999 3.61345465971 7.8975643652 8.86331359597 6.88741206618 6.01209527429 6.29815288517 6.03757306153 6.88132878046 5.5717247648 7.11777845167 6.42310563213 6.39902684002 4.49855075499 4.88167396573 4.92843187522 4.63792678099 3.8286471135 3.42106909588 3.79029201593 4.51155064513 3.49609769338 4.04207259837 5.93690903208 2.08437778691 2.0407871406 2.22322265121 1.12334069567 1.27795181112 1.22911434794 1.45457483129 1.21546490081 0.972857683289 0.467785181309 0.931236850833 1.41579122302 1.16862717838 0.961292870465 1.12252080101 1.2282907262 0.972201848319 1.18972638207 2.08475414803 3.07405227152
-9999 -9999 -9999 -9999 -9999 -9999 -9999 -9999 -9999 -9999 -9999 -9999 -9999 -9999 5.00731495217 7.99960908858 8.77882674417 7.68378084122 7.1611072061 6.93743674767 6.16337594476 6.58035830902 6.62040629667 6.44961358871 5.12406675493 5.05154000989 5.36715350529 5.43219261216 4.39523754364 4.74488509323 4.24388256793 4.04694723808 3.59036838139 3.7445975478 8.00208521329 3.92655917146 5.1349366734 10.0508742308 2.29434549463 2.16381269306 1.10682184362 1.30154816253 1.0703829547 1.11064882222 0.867308941679 0.998999550095 0.71427952934 1.00822205818 1.74494722435 2.00559375366 1.76810670475 1.28575582654 1.84047948551 1.78007892956 1.4860370954 1.54114635549 1.14638678163
-9999 -9999 -9999 -9999 -9999 -9999 -9999 -9999 -9999 -9999 -9999 -9999 -9999 -9999 11.8191628488 10.7724993809 10.1888530968 9.97466912878 10.364657721 10.1971631481 7.53639622801 7.10173855044 7.02028149412 6.62056459219 4.58261248955 4.93087832182 4.56329999409 5.99120849217 5.36834826596 4.83528003105 4.45313893581 4.8032517086 4.18855972845 4.07694179755 4.33396962083 4.36214738411 3.71926622476 7.98360923595 2.9521411719 4.06226695765 3.1402031097 1.52760938814 0.787663605868 0.872567071611 0.713226424287 0.809830020856 1.42538527064 1.88277730875 3.37608958478 3.87943407292 2.76471445756 2.97566796597 1.95798948445 1.81678969472 1.53321043765 1.26011426855 1.3951423231
-9999 -9999 -9999 -9999 -9999 -9999 -9999 -9999 -9999 -9999 -9999 -9999 -9999 -9999 -9999 9.54933554047 9.05606090638 9.65169525029 11.6763138149 11.2016591084 6.51730376824 5.76782342933 6.77899802954 6.78876135925 4.69815614674 5.43993001344 4.97361897488 5.41795170373 5.97389106199 5.40893413581 3.88336688896 3.92079578721 3.40326872226 6.37392866648 4.54050941383 4.56530709743 4.03641849435 3.98701100038 3.61592647668 2.92036408207 2.02736405702 3.05000777818 0.963224299343 0.789925347695 0.706037268263 0.892774391893 1.11244466721 1.22289196992 1.33658894442 1.23289161312 0.792046973765 0.689843842366 1.15411710189 1.99887952921 1.85515518192 1.8256480336 1.49113315266
-9999 -9999 -9999 -9999 -9999 -9999 -9999 -9999 -9999 -9999 -9999 -9999 -9999 -9999 -9999 -9999 8.86934571851 7.61686569014 7.94052517742 9.62429192844 8.27589951413 8.16508045028 6.28182817607 5.00750427418 4.86392159538 4.55012595629 3.96653774626 3.90205411825 4.08230671361 7.02409696597 8.33816480746 5.89540039229 4.9293218425 3.50746602829 4.42011481032 4.6817391857 4.3239541854 4.52502208522 4.20745869585 5.56011587986 5.7628568812 4.81890709624 4.27598371874 2.2021017396 1.10476775796 0.863672925222 0.705211550358 1.14892488575 0.794493239509 0.578800886066 0.857767216028 1.42939338685 1.015084707 0.800837014645 0.951806191035 0.823340704996 0.743881884771
-9999 -9999 -9999 -9999 -9999 -9999 -9999 -9999 -9999 -9999 -9999 -9999 -9999 -9999 -9999 -9999 8.0554558409 8.47121784597 9.15080239195 7.9377509948 6.8609116578 8.17208995263 7.14246561624 5.38181770301 4.74607387027 5.15287751555 4.23001541128 4.12816528922 5.85261950601 5.79531176229 3.05739195654 3.13072193957 3.65697998667 3.24508568994 5.12713469458 4.56454807171 5.18970953169 4.01259548225 4.16768729957 4.29489857695 4.0064563587 3.03840846628 3.48620298388 3.64241281444 2.29856245959 1.71349210874 2.2077326591 2.21715683129 0.701626692713 0.746313819575 1.09277801087 1.16088532832 1.55288257738 1.66739953996 2.04428141178 1.40853404254 0.752786987156
-9999 -9999 -9999 -9999 -9999 -9999 -9999 -9999 -9999 -9999 -9999 -9999 -9999 -9999 -9999 5.59147493624 5.81090118215 6.19615237973 7.52773536031 7.32603180786 6.59877563366 7.10801033267 5.87511009601 5.09481565709 4.34730445162 4.62566852075 4.13845650222 4.2691064486 4.0413487613 4.47183023054 4.11506068995 4.20570400973 3.99927390396 2.96998653314 2.75324489074 2.31095915251 4.28824845214 5.26513219047 6.88078895111 3.64994681829 4.07439942569 2.4985625546 1.92821875468 1.90029797206 1.96672121338 1.55156330177 1.34464693458 1.60523489162 1.52957248643 1.21277357844 0.889542488503 0.651663990619 0.736378078525 0.850351272839 0.946703064524 0.98307592261 1.14286133469
-9999 -9999 -9999 -9999 -9999 -9999 -9999 -9999 -9999 -9999 -9999 -9999 -9999 -9999 7.31270841551 6.14103308304 6.03513937168 5.24744470018 5.74882736664 6.83889435255 5.98550993622 6.58610133729 5.23511308054 5.42060872187 4.35661464642 4.17078510264 3.72275123 4.10455952603 4.50840070596 4.506888152 3.77685660857 3.84571028344 2.65595347686 2.80840923109 5.89378800499 6.43885434007 2.94053947166 3.20252576968 5.43407934292 6.12229520419 4.61079658014 1.62893681434 1.48419476982 1.61066933056 1.21818072164 1.06206979022 1.13153088765 1.29028899528 1.16064040491 0.896027456761 0.759718401875 0.750202687665 0.809185419871 0.784985964599 0.717966219439 0.780408306952 0.787219295266
-9999 -9999 -9999 -9999 -9999 -9999 -9999 -9999 -9999 -9999 -9999 -9999 -9999 -9999 7.90327768879 7.37434865896 6.75335758526 4.84616257323 4.1486012243 4.09644796401 4.90930283385 5.69946832474 5.065531668 5.3346915945 4.21411870184 3.62728679347 2.78304180137 2.98895850325 3.12380313319 4.2244622467 4.05069299191 3.43373482742 3.37237304135 3.2069639143 4.35462581539 4.73666970368 4.15650288295 5.01184029814 3.08192485823 3.14906272533 3.88946664152 3.62843032148 1.88965870429 1.74563271875 1.60103937075 1.01929437257 1.61254998033 1.84603697844 1.7106615236 2.04496071372 2.03233633306 2.0116161909 1.4722312111 1.25894415832 1.48515604176 1.41351719191 1.00540419075
-9999 -9999 -9999 -9999 -9999 -9999 -9999 -9999 -9999 -9999 -9999 -9999 -9999 -9999 -9999 -9999 6.88842348351 7.0834812154 7.2054450887 7.04368255391 5.54957908925 5.03900761731 5.72047613905 5.74676848679 4.44850728061 3.61553717972 2.24301355416 2.39457859338 2.04038135915 2.91167457679 3.09006713631 3.13020445143 3.059088139 2.57508227629 2.72074592846 2.74936705978 3.10458210966 2.72610831485 3.82571880834 3.81831046977 2.35409966801 2.2939981028 3.45652815053 3.12760071453 1.21217125856 1.40605684427 1.3004418047 0.987938403802 1.06650805816 1.36368952848 1.323404545 1.37260436902 1.22488757593 1.02514089917 0.647187560414 0.702469737543 1.16685882684
-9999 -9999 -9999 -9999 -9999 -9999 -9999 -9999 -9999 -9999 -9999 -9999 -9999 -9999 -9999 -9999 7.70174820056 7.29345094064 7.1696900397 5.2279898834 5.45848503981 5.48186215725 4.4526867892 4.81366109994 4.82516577182 4.12893072595 3.36493001578 3.1821957003 2.90891120439 3.16063657812 3.58651499336 3.36595895642 2.7410319494 2.63218517661 1.93174995565 2.08314235901 2.18822081421 2.60265243703 1.78967909751 1.68286647319 2.13436329421 2.80586367492 2.06487561656 2.92030018159 2.59430143665 1.27845164841 0.697471369468 0.977601266832 0.960011929436 0.703862856561 0.535279056849 0.54774670333 0.420468480032 0.513387144532 0.509629275363 0.515311514954 0.483595211059
-9999 -9999 -9999 -9999 -9999 -9999 -9999 -9999 -9999 -9999 -9999 -9999 -9999 -9999 -9999 -9999 -9999 -9999 7.28223583951 5.9418254896 4.68373650155 5.38232791103 5.21132651964 5.55946163535 4.57077875461 4.08792656235 2.98868353081 3.11264715282 3.00743731346 2.94694887477 2.30947942413 2.02044851815 1.95816655025 2.27371022113 1.89413897929 2.39248326875 2.37708586791 1.71007992956 1.58926669801 2.3886659048 1.77141968413 1.54792639478 1.34276003207 1.33143835098 1.22324344382 1.43998926091 0.855681749586 0.883137626397 1.13689355724 0.543658372611 0.608350753279 0.671878241813 0.433572778506 0.451221558565 0.571817082562 0.632050719522 0.542933045351
-9999 -9999 -9999 -9999 -9999 -9999 -9999 -9999 -9999 -9999 -9999 -9999 -9999 -9999 -9999 -9999 -9999 -9999 -9999 4.66144641471 4.73708707892 5.15497825159 4.8487381196 6.72687539856 5.05006275355 4.79706594371 3.63212269398 3.01721740286 2.18026046014 2.08527199211 2.1407365788 3.79165488455 2.24516136953 1.72549524621 1.37766127773 1.2811126317 1.2406736394 1.78300460682 1.61055802151 2.00642721931 1.59160019901 1.43239379565 1.13196276425 1.47785411993 1.52480882528 1.60416306553 1.23230663405 0.799982965754 0.634036625846 1.15700440989 0.598865479161 0.570468249927 0.423432165478 0.417196338302 0.559493543285 0.523247237809 0.385893385015
-9999 -9999 -9999 -9999 -9999 -9999 -9999 -9999 -9999 -9999 -9999 -9999 -9999 -9999 -9999 -9999 -9999 -9999 6.25978560873 6.94851439994 7.13479246305 6.91021263311 5.23158880211 5.49829068771 4.91315658725 4.96521884591 4.54336828722 3.72156321345 2.59132333172 2.35578649762 2.72725947656 2.74077497212 3.94197135743 1.86088982518 1.80090378007 2.18779586358 2.71819220009 2.57739934607 2.40295199131 2.34558342975 2.35207005284 1.58931222088 1.43366342741 1.83765598157 2.54532125858 1.75483219301 1.77370759614 2.20225398366 1.55490380275 0.859799972731 1.16836366534 2.69000097217 2.3058238709 1.79503961335 1.04192293518 0.721818193162 0.628446324302
-9999 -9999 -9999 -9999 -9999 -9999 -9999 -9999 -9999 -9999 -9999 -9999 -9999 -9999 -9999 -9999 -9999 -9999 -9999 8.13930053552 7.89854802 7.44803827133 5.38696454166 5.38760497379 5.33475419696 5.25056467054 3.80222779122 4.63955589796 3.01538394986 3.72234631924 3.40830399851 3.3773546864 2.80522904264 2.23679469642 2.95107877496 2.87808725119 1.15523886538 0.980382037706 0.870189682492 0.870561923082 1.01960711737 1.6139048813 1.44148797258 1.65455838635 1.80676623882 2.43670743702 1.95756935267 1.45931733855 1.74574156134 1.17280086 0.387647980423 0.628095538071 1.20705709414 2.23143799984 2.54031277216 0.429209180807 0.358812784122
-9999 -9999 -9999 -9999 -9999 -9999 -9999 -9999 -9999 -9999 -9999 -9999 -9999 -9999 -9999 -9999 -9999 -9999 -9999 -9999 6.41009349061 7.14862968737 5.47856924861 5.16639330405 4.46736378521 5.04873239944 3.83480376985 4.83064606324 4.8897818502 4.44647187748 3.68646492649 3.54732670889 1.87338484419 3.74550225174 3.04589742637 2.79339820328 1.84867109305 2.13759473547 2.1204695155 1.92125864934 1.43974648973 2.00337774771 2.25874797331 1.98540755533 2.64132607083 2.26864674365 1.87316821361 2.14582292898 1.88173054469 1.99095147443 1.55966451873 0.994800184987 0.542086868871 0.509116835814 1.47543832532 0.943892729309 0.795135522296
-9999 -9999 -9999 -9999 -9999 -9999 -9999 -9999 -9999 -9999 -9999 -9999 -9999 -9999 -9999 -9999 -9999 -9999 -9999 -9999 -9999 6.59355932212 5.83604167022 5.82155353186 4.09222561702 3.73516110374 3.73002404017 4.8107409653 4.08355655246 3.84040806464 7.4596877733 4.71764157902 2.3180264899 2.47574762575 3.81377475848 2.9218024334 2.30347450713 1.73917079988 1.56605546698 1.63545638781 2.27282065459 2.42043966152 2.76579516489 2.04681226337 1.67069290063 1.18980533041 1.58258084724 1.77631203424 1.77369381308 2.2374314588 4.3255822305 2.24045838434 1.33328168968 0.972902613497 0.259700897059 0.411272531703 0.531311453057
-9999 -9999 -9999 -9999 -9999 -9999 -9999 -9999 -9999 -9999 -9999 -9999 -9999 -9999 -9999 -9999 -9999 -9999 -9999 -9999 -9999 5.37729527515 4.99490584539 5.01026511227 4.78153858285 5.50197928099 4.36541816563 3.9381165158 3.24037068907 4.25974322525 2.61607857928 3.94556710361 2.65178583009 2.60389187791 1.57752499573 1.95993223201 1.74935648791 1.85894270622 1.69421855913 2.17648195789 2.30423565912 2.18873970694 1.6365660274 1.68437781257 2.32005792906 2.1836763844 2.02373867322 1.96247855703 1.31895265805 1.39769868106 2.39363493269 1.57507187755 1.24173007768 0.507114954438 0.621193548321 0.30561848847 0.358881715993
-9999 -9999 -9999 -9999 -9999 -9999 -9999 -9999 -9999 -9999 -9999 -9999 -9999 -9999 -9999 -9999 -9999 -9999 -9999 -9999 -9999 -9999 5.19800384032 6.16686652524 5.20968376892 5.08361672192 3.97992975894 4.04299033345 3.03301286146 3.06119631128 3.01809797595 3.21466130265 2.46311434028 2.67874013275 3.02658286944 2.26869819286 2.40349931862 2.19991358592 2.16097116473 2.14315132336 2.24367818174 1.39400086623 1.5706552585 2.11163203556 1.27330493205 1.1545098055 0.972389034474 1.3070754201 1.81946288896 1.71039619271 1.16876644812 1.51118357266 1.83654595097 0.998221644626 0.317650439945 0.243376518738 0.310162034128
-9999 -9999 -9999 -9999 -9999 -9999 -9999 -9999 -9999 -9999 -9999 -9999 -9999 -9999 -9999 -9999 -9999 -9999 -9999 -9999 -9999 -9999 5.46700425651 5.25250338298 4.93675036916 5.73074379422 4.44615394343 3.37685420558 3.25910229669 3.46129079974 2.96496528491 3.06804577318 3.00455748562 2.97087678259 2.32379733905 3.18494559251 2.26132628835 2.13894164355 2.62594753623 2.53105374818 1.62651740819 2.2981862303 1.60655371671 1.21745070978 1.10062500907 1.58795947207 2.15627405565 2.15366571419 1.1613548316 1.06153222303 1.10660058007 1.55971937295 0.754954986742 1.57838438818 0.945597638856 0.833568522229 0.575265513196
-9999 -9999 -9999 -9999 -9999 -9999 -9999 -9999 -9999 -9999 -9999 -9999 -9999 -9999 -9999 -9999 -9999 -9999 -9999 -9999 -9999 -9999 5.2285133253 5.81870089302 5.97888643494 5.68321420949 4.32486318315 4.36083896946 3.54174920546 4.03119376451 3.18120403861 2.74136687677 2.4295361811 2.79645705621 3.15953728861 2.09897344972 2.09504845281 2.90097362378 2.51534846921 2.25239144494 2.3287860518 1.77746925408 1.22390161881 1.61325518183 2.08522158696 1.97568576008 2.13590746837 1.81437829369 1.39233268065 1.39537815358 1.89013610235 1.51124335619 1.2844599285 1.40193317212 1.56392119626 1.67982192656 0.968961295483
-9999 -9999 -9999 -9999 -9999 -9999 -9999 -9999 -9999 -9999 -9999 -9999 -9999 -9999 -9999 -9999 -9999 -9999 -9999 -9999 -9999 -9999 -9999 6.26716571226 6.53473286468 5.87178829847 3.99487717809 4.09789146778 3.44950690041 3.79091793847 3.21797028082 3.55883126211 3.15052540677 3.66927244148 2.7098091834 3.06178588871 3.19451540949 2.71713388169 1.70871785876 1.71948925942 1.16253405198 1.65180262124 2.2586464703 2.29178048949 1.93746636574 1.68405846548 0.966238613635 0.902358158166 0.885961123307 0.983147308903 0.751128462837 1.01647765275 1.20253049037 1.95945112423 1.08841365774 0.603082514122 1.20853450557
