data/recharge/transience/recharge134.asc
ncols                  80
nrows                 72
xllcorner      4374000.0
yllcorner      5656000.0
cellsize            500
NODATA_value       -9999
[rows 0 to 25 of 72, columns 0 to 56 of 80]
-9999 -9999 -9999 -9999 -9999 -9999 -9999 -9999 -9999 -9999 -9999 -9999 29.2239503948 29.7060752846 -9999 -9999 -9999 -9999 -9999 -9999 -9999 -9999 -9999 -9999 -9999 -9999 -9999 -9999 -9999 -9999 -9999 -9999 -9999 -9999 -9999 -9999 -9999 -9999 -9999 -9999 -9999 -9999 -9999 -9999 -9999 -9999 -9999 -9999 -9999 -9999 -9999 -9999 -9999 -9999 -9999 -9999 -9999
-9999 -9999 -9999 -9999 -9999 -9999 -9999 -9999 -9999 -9999 -9999 -9999 27.6561758927 26.7827387501 26.3037811007 -9999 25.9330678651 -9999 -9999 -9999 -9999 -9999 -9999 -9999 -9999 -9999 -9999 -9999 -9999 -9999 -9999 -9999 -9999 -9999 -9999 -9999 -9999 -9999 -9999 -9999 -9999 -9999 -9999 -9999 -9999 -9999 -9999 -9999 -9999 -9999 -9999 -9999 -9999 -9999 -9999 -9999 -9999
-9999 -9999 -9999 -9999 -9999 -9999 -9999 -9999 -9999 -9999 26.9697682785 26.3769981137 27.2641107919 27.038373954 25.0510708029 24.8753263092 24.3926205345 24.6047837101 -9999 -9999 -9999 -9999 -9999 -9999 -9999 -9999 -9999 -9999 -9999 -9999 -9999 -9999 -9999 -9999 -9999 -9999 -9999 -9999 -9999 -9999 -9999 -9999 -9999 -9999 -9999 -9999 -9999 -9999 -9999 -9999 -9999 -9999 -9999 -9999 -9999 -9999 -9999
-9999 -9999 -9999 -9999 -9999 -9999 -9999 -9999 -9999 26.5609064691 26.7701651289 26.6504823708 26.3809980167 26.5780359296 25.7872662105 25.5890722947 24.7771448002 25.8024390385 -9999 26.7797525303 -9999 -9999 -9999 -9999 25.5437378956 26.2166728014 -9999 -9999 -9999 -9999 -9999 -9999 -9999 -9999 -9999 -9999 -9999 -9999 -9999 -9999 -9999 -9999 -9999 -9999 -9999 -9999 -9999 -9999 -9999 -9999 -9999 -9999 -9999 -9999 -9999 -9999 -9999
-9999 -9999 -9999 -9999 -9999 -9999 -9999 -9999 27.6260081703 27.0134716176 26.1273457688 26.4649244607 25.853422149 25.5855373312 25.1823754137 25.1151205198 24.4138986952 24.2374131577 24.9650860768 25.624874742 25.0493257416 25.3503186331 -9999 25.0993822492 26.2008993321 26.5420742439 -9999 -9999 -9999 -9999 -9999 -9999 -9999 -9999 -9999 -9999 -9999 -9999 -9999 -9999 -9999 -9999 -9999 -9999 -9999 -9999 -9999 -9999 -9999 -9999 -9999 -9999 -9999 -9999 -9999 -9999 -9999
-9999 -9999 -9999 -9999 -9999 -9999 27.9464916336 27.0405097002 26.4591127961 26.6116476528 26.6646897888 27.0874137604 26.2717389553 26.1090940457 25.1827712118 25.4785774826 24.7140079785 24.3540052103 25.4800116202 25.4175210441 24.8580456936 25.0939416649 25.4730401138 25.1703520874 26.0915072928 26.1046713016 26.5453175333 -9999 -9999 -9999 -9999 -9999 -9999 -9999 -9999 -9999 -9999 -9999 -9999 -9999 -9999 -9999 -9999 -9999 -9999 -9999 -9999 -9999 -9999 -9999 -9999 -9999 -9999 -9999 -9999 -9999 -9999
-9999 -9999 -9999 -9999 -9999 -9999 28.1007894095 27.6970658134 26.0620020185 25.8623038354 25.664462033 26.1693951668 25.3802365801 24.7708412136 24.0909909566 23.9043678605 24.6403547847 19.7301457096 24.439680871 23.779023351 23.946722434 24.6600189533 24.8882379457 24.9074139825 25.1468518751 24.8754629073 26.3416806288 26.8760915546 27.1326904733 26.988571086 27.1360190642 27.2435363333 -9999 -9999 -9999 -9999 -9999 -9999 -9999 -9999 -9999 -9999 -9999 -9999 -9999 -9999 -9999 -9999 -9999 -9999 -9999 -9999 -9999 -9999 -9999 -9999 -9999
-9999 -9999 -9999 -9999 -9999 29.1481085411 28.2018478519 28.0943267349 27.2822460089 27.156699814 26.6520485451 26.2959354419 25.0316901438 24.6093712826 24.7034877151 24.8222478277 19.2416729026 9.91919224477 19.3353083363 23.9715210454 24.021298047 23.8839801411 24.5945145605 24.7170026495 25.3132967406 25.5300289375 26.2027889278 26.3028261063 26.792405788 26.7640545866 26.3717164491 26.6988008238 26.0884976063 26.0222655069 -9999 -9999 -9999 -9999 -9999 -9999 -9999 -9999 -9999 -9999 -9999 -9999 -9999 -9999 -9999 -9999 -9999 -9999 -9999 -9999 -9999 -9999 -9999
-9999 -9999 -9999 -9999 -9999 29.4890568142 28.5354803065 28.6071505853 27.5628658846 27.2961867141 26.8767101602 27.0781504295 18.6493220251 15.1420879089 26.2185821208 26.0606840466 20.8688485045 8.11620322795 15.4643211599 20.0265923219 24.150084769 23.6079092214 24.519466282 24.4245584346 24.4821802362 24.0569798548 24.7800815684 24.5552996555 25.1172517111 24.1829230003 23.4705019718 24.6034055469 25.385713962 25.3231472393 25.3300538672 25.390443323 -9999 -9999 -9999 -9999 25.1426830051 24.8203004587 -9999 -9999 -9999 -9999 -9999 -9999 -9999 -9999 -9999 -9999 -9999 -9999 -9999 -9999 -9999
-9999 -9999 -9999 -9999 -9999 29.218064321 28.4974991064 28.3191974509 27.6783618526 27.9812726435 27.4313644756 27.2726662597 26.1658193242 25.9214673427 26.5856608569 25.6851827249 24.0751032383 25.3555172526 25.2237984465 25.0624412846 24.6610250241 23.3070082512 23.7763657155 23.6289260884 24.4040812345 24.2752112565 24.6490172676 24.2745532104 25.3242797564 23.0612112329 15.5982610616 20.7108722709 25.2236589823 25.053554395 24.7555017646 25.3566703707 25.2325327613 -9999 -9999 25.5685696 25.2299321447 25.2060459654 25.2730362773 -9999 -9999 -9999 -9999 -9999 -9999 -9999 -9999 -9999 -9999 -9999 -9999 -9999 -9999
-9999 -9999 -9999 -9999 -9999 -9999 29.6178489515 29.3914732058 28.6907015363 28.6601252507 27.7029830173 27.9296920925 27.9831353316 29.6484916404 25.9760312066 25.758858609 25.1064141605 25.0484864075 24.3783158175 24.382627522 23.8626098392 23.8807444837 23.5169407714 24.0320816665 23.8579753922 23.4867902939 22.8125751371 23.060842052 23.5154560234 23.5308037673 21.9323287146 23.4800837173 23.4556258154 23.6590105153 23.8719828641 24.052691777 24.4515763931 24.1874493122 24.7030206853 24.5420685841 24.3455363795 24.9347257387 23.9095366668 23.3989254015 -9999 -9999 -9999 -9999 24.2981982987 23.9518839741 6.04246123661 -9999 -9999 -9999 -9999 -9999 -9999
-9999 -9999 -9999 -9999 -9999 -9999 -9999 29.3146896902 28.4545759956 28.7751890681 28.3143387576 28.132310489 27.1147492752 26.1202321999 25.0899383289 26.063127711 25.8934465592 25.9588103558 25.3256698134 24.6700522658 23.5260399974 23.4221594022 23.3187228955 23.5900139934 23.6420307129 23.1287455557 22.9988038323 23.2007514064 23.619721334 23.4480020833 23.3057214577 23.202484756 23.5496478145 23.53402847 24.1378318375 24.214810465 24.4956328578 24.559942473 24.7289737446 24.6268342694 23.9986479918 23.9510111391 22.6438137722 20.7432981709 19.6539002491 20.2072602599 20.6043510848 20.0755010529 19.7308236149 22.6671398386 21.8387427062 18.3273904984 -9999 -9999 -9999 -9999 -9999
-9999 -9999 -9999 -9999 -9999 -9999 -9999 -9999 28.3359789261 28.2045460109 28.3504266282 28.5991015083 27.7057650673 28.0726654046 27.6256356823 27.3998850402 25.7367233624 25.8675870807 24.561024295 24.7637244416 25.4849368179 25.3620414954 28.4673935058 30.9586119478 28.9982180324 30.4755041877 25.1562677101 22.0659069524 21.6907016782 21.2864395641 21.3431123541 21.4033081474 21.7473745152 21.7199696582 22.4300520166 22.7893251898 23.0921050421 23.2846596912 23.2919058923 23.3352551721 23.0385562295 22.0300019464 18.6225724633 18.2647791149 17.6994624947 17.3236283984 18.1218524641 17.669575594 17.1270804301 20.3714157552 20.6692066253 20.928638204 19.6246100982 -9999 -9999 -9999 -9999
-9999 -9999 -9999 -9999 -9999 -9999 -9999 -9999 28.9835613 28.6221883914 28.0838167637 28.1544222878 27.5730768079 27.5705519275 26.9040752493 26.7195397994 25.4894053928 25.8037518552 24.8012549827 25.0225347055 25.3720259959 25.3177037638 31.8358859495 34.1304029442 31.2895111465 27.9851927292 30.7654322796 25.6845874986 22.0441332017 21.4036421521 21.158513993 21.3408880998 21.5045988634 21.649799349 22.4145596048 9.68469020642 23.4210135265 23.1595152084 23.1921467369 23.1549963488 22.8512821952 22.1073010724 18.3934945764 18.3197509716 17.370702378 17.3166537924 18.0721743833 17.7591605679 18.102865566 21.225699637 20.6985167408 20.7231814411 19.8383997949 20.1544084773 18.8635781767 19.1020712794 -9999
-9999 -9999 -9999 -9999 -9999 -9999 -9999 -9999 -9999 29.0839985341 28.4783276816 28.0004581762 27.6588166562 27.4186542176 26.4401464337 26.3806184299 26.3823674011 26.4517638675 26.5400032796 26.6293322573 26.6278805239 26.0051148486 27.3978755231 38.920685188 33.8601006928 33.2823837441 28.8189113669 27.3749858856 24.8098372993 20.7925610948 20.4118278216 20.4685843616 20.3059822128 19.9387778551 20.227392653 17.6634649416 22.0209861935 21.8373159293 21.6385468844 21.6232848318 21.3059907012 21.2811229982 16.973933203 17.4745369733 15.920089769 15.3045471478 14.3965215683 14.7957025562 18.3819860728 18.5781052745 18.4225691338 18.3085765002 18.0091762456 18.3776383739 18.3372144817 15.5319501629 12.9077423223
-9999 -9999 -9999 -9999 -9999 -9999 -9999 -9999 -9999 -9999 28.0153541635 28.1702721336 27.5971082202 27.5355213987 26.1716564083 25.8374066902 26.3828666578 26.9502111047 26.6371809372 26.1950707849 25.6089289578 25.3925155993 23.9788806701 30.7417520921 32.0163552312 33.7593352996 31.1111708923 28.7166330287 23.5704277581 26.5875071543 20.4884510152 20.4492800284 20.6822230104 20.141423882 21.3278773403 21.1805505853 21.8807524883 21.8183911862 21.6797773153 21.7039115042 21.4426379626 21.3249950722 19.7150715305 17.1625925667 17.6032545875 17.370329294 16.0641199232 15.4357477673 18.7517239245 18.8539354715 19.0134372872 18.7410543973 17.8512723634 18.2102198509 17.6821958824 14.8960427721 12.8555108853
-9999 -9999 -9999 -9999 -9999 -9999 -9999 -9999 -9999 -9999 -9999 14.4854873334 18.129974957 26.9528312194 25.8755725397 25.629368808 26.2263799008 26.2375682518 25.3276064379 25.6622231371 25.3023623857 25.2500860024 23.674919913 23.0483453972 25.6660022684 29.3891653593 28.6697217578 31.7127927586 29.2319322906 19.2739435407 23.0378415114 19.96741337 18.5675979927 18.848201446 20.0489456783 19.6732867334 20.2784134174 20.2322922257 20.5143837582 20.561515774 20.1119128737 19.5010161374 19.6029655689 18.5293335152 15.3314333644 14.6751762417 15.0681074691 15.6965735496 16.4197683615 17.6828040734 17.4013228426 17.8539953494 16.9563944585 16.6173595626 15.6640323782 15.7365608789 13.2764400483
-9999 -9999 -9999 -9999 -9999 -9999 -9999 -9999 -9999 -9999 -9999 13.2674438887 19.6640390204 26.5542521267 26.1017249837 26.061514787 25.585303272 25.4946533474 25.4245608225 25.4494559899 25.0776671084 25.5024705799 23.6875393777 23.4630382126 22.6634870569 23.0594309267 26.2691488578 30.9608503887 26.6729251533 26.2503346006 26.0665347266 24.7199755102 20.0792812075 23.0816060863 24.5881013738 20.7067682214 20.1864227073 20.3613534628 20.3343657063 20.0670777708 18.2529878307 19.8402826217 18.9835648232 19.2856762218 18.7763631546 16.1507283116 16.6608002093 17.3543209263 16.5446258289 15.3706565224 15.3559981539 15.6020750615 14.1780587776 17.013683752 16.5620205627 16.0988183164 15.6892284797
-9999 -9999 -9999 -9999 -9999 -9999 -9999 -9999 -9999 -9999 -9999 28.3924932035 27.0616808056 26.8687625364 25.1334865552 25.1806076311 24.1753795026 23.7267210191 23.5331510322 23.7983170368 23.8312955342 23.9232832548 22.6622172719 22.2091629405 21.0496400837 21.0706810246 20.5385500188 20.4123014861 19.9978285498 22.9177213378 26.1773093091 28.0565421769 27.63302156 28.3993888281 21.0640104619 13.5461122444 17.2690180941 18.3527578586 19.6532602357 13.8519325893 11.0288805207 18.94708431 18.873445389 19.3777854312 20.2870498845 20.6556217997 16.565171678 16.0966160418 15.5027267766 15.3954766399 14.6312793449 15.1962209789 15.4911645085 16.7255339457 17.1079965238 13.6520161858 12.8453835069
-9999 -9999 -9999 -9999 -9999 -9999 -9999 -9999 -9999 -9999 -9999 -9999 26.6272973491 26.6951138871 25.7173735498 25.1790353249 24.2098153734 24.0058586225 23.4149930443 23.9129762409 24.0438248995 23.7414821696 22.7744333224 22.7373293084 21.2301758166 21.377247152 20.6640717956 20.7838062134 20.2087314896 20.0285494789 19.8492469329 19.973346939 21.5424087688 25.6712564308 24.010330603 12.986536039 20.0652155621 15.0456462602 21.2109991069 18.9570851809 19.5288977359 18.5437087977 19.6046033384 20.1352232026 20.3926676201 20.6901236688 18.5890555763 16.1510676621 14.5239053007 14.9355385556 14.2791055699 13.6142669647 13.0303167868 13.1375888854 11.815362217 12.7889118422 6.6216085347
-9999 -9999 -9999 -9999 -9999 -9999 -9999 -9999 -9999 -9999 -9999 27.6244571507 27.3425741938 27.2384421787 25.9326887687 14.7832030883 20.427806184 23.9804007995 22.5773724605 22.8563644227 22.0085055026 21.9317735696 20.898259672 21.0698360752 20.3159031036 20.260430495 19.6349919308 19.2750093372 19.0446402101 18.8421206155 18.2561603904 18.3868458901 17.948329817 17.8598453601 18.0351597765 20.9879883578 17.7519284125 10.9171228635 10.2368723929 17.8679246935 18.0762118191 16.8266924212 21.006895641 21.4234280033 21.9544168451 21.8086066762 21.0076555742 18.8419859309 15.5920517358 15.5847984349 13.5222909817 11.7857485762 10.9616502025 10.9908663014 10.4361575001 10.8713965469 12.129883669
-9999 -9999 -9999 -9999 -9999 -9999 -9999 -9999 -9999 -9999 -9999 27.8708553715 28.0205333631 27.6743306367 26.0206526105 19.0649035773 23.5472055752 24.2260808524 23.0414472951 23.1741773511 19.1075838848 19.8745349308 21.4099730618 21.2568529061 20.4822600072 20.5306330086 12.3673899563 13.6697642886 18.3390598786 20.0083525331 19.2888813714 18.464273733 17.8340994704 17.8587300855 17.9231154984 21.4241079644 12.9721627812 17.4420345926 11.1632883484 20.6897126918 17.2676881785 16.6962059766 19.5075380325 20.5409814797 20.7417005515 20.4508674238 19.9083111089 19.9757139901 18.1523109664 17.6076040838 13.4186939644 13.4948332234 12.503714706 12.2592093643 11.7011809363 11.3557370047 10.0241682251
-9999 -9999 -9999 -9999 -9999 -9999 -9999 -9999 -9999 -9999 -9999 28.5510550131 28.5616674411 27.8373993942 26.8602738767 26.6857521432 24.3711131325 24.6985121999 23.5305416209 23.9715118409 18.3365117801 8.03210620715 17.2912170346 21.0581349992 18.4397607083 18.4692873991 19.1085855144 19.5475457503 18.702505554 18.5358774521 18.0636494921 19.0938338599 18.5784568122 18.358618751 17.0208601654 17.6350260841 7.77184155051 5.67003978284 9.913428561 16.915233922 17.3098921466 17.9881647719 18.2807045389 17.6375375792 18.2233591196 18.2685142251 18.3583327766 18.4018600945 17.5859882099 17.5345214481 14.5953726053 11.4283946317 10.0473450498 9.92718594614 9.37807453858 9.74562551152 10.5300307065
-9999 -9999 -9999 -9999 -9999 -9999 -9999 -9999 -9999 -9999 -9999 -9999 28.808665998 28.3774480497 27.1056052899 26.5800356233 24.7260968387 25.0433526972 23.4818375133 23.7578977752 22.8984594761 23.4389009513 20.540099489 18.8669770497 18.1806090134 18.1071961681 16.8671803142 17.085350159 16.3053390804 15.81599311 14.6219498153 17.3347894755 17.0510796915 17.3659485135 16.6830914366 14.4687327878 9.46461525011 6.67735588054 12.4723308972 19.8060705263 17.5695623558 17.3273396578 18.5300760637 17.7742564332 18.2822782625 18.2028513465 17.9526365163 18.0484432487 17.0552526105 17.4577084036 16.0805874887 8.92241816191 9.63275589364 13.0323643005 9.94734655016 10.1562779009 9.87559105133
-9999 -9999 -9999 -9999 -9999 -9999 -9999 -9999 -9999 -9999 -9999 -9999 29.7813405856 28.9268436187 27.5833249284 27.103337768 25.240659545 25.5999873969 24.4736217145 24.3630078434 23.3882654351 23.2190965269 21.6252807831 20.2561393382 19.0458434674 19.3810957107 19.0945001596 18.7048269297 17.1848596092 18.0063746144 16.413423246 16.8140964835 18.7328214983 18.7360842072 21.9457447202 13.1080421549 9.26181691189 13.5738668892 18.2445481347 18.3501395235 17.0863156777 16.6056552198 16.0634837548 16.0291563292 16.1174109773 16.0787212102 15.5172210662 15.2437368331 14.6173030567 15.4376601236 14.6553389912 13.2098014063 13.5781904653 8.65982500407 6.51911549936 7.43732141827 6.57832795865
-9999 -9999 -9999 -9999 -9999 -9999 -9999 -9999 -9999 -9999 -9999 -9999 28.8046334294 28.9518406532 27.7444001051 27.6834842583 25.8568306767 25.9265224646 24.4909295939 24.9548334974 23.5244519651 23.2307518805 22.0051481468 15.0449689661 16.1202064071 18.896319319 20.3394064157 18.9018080434 17.3176520225 16.824083758 15.4840633712 15.1604303275 16.7500680852 19.0335505769 11.9277287211 18.2870457963 18.8956923623 14.3670969318 12.0958690572 11.9817244323 10.892871224 12.8907005466 15.79844264 16.1524465893 16.0510719777 16.0650649217 16.1084280223 16.1438760201 15.6697656395 15.9826496434 15.2671777329 13.4166063069 7.94153869275 6.99503708898 6.7619865095 6.8652136353 6.54903466806
