data/recharge/transience/recharge126.asc
ncols                  80
nrows                 72
xllcorner      4374000.0
yllcorner      5656000.0
cellsize            500
NODATA_value       -9999
[rows 26 to 51 of 72, columns 0 to 56 of 80]
-9999 -9999 -9999 -9999 -9999 -9999 -9999 -9999 -9999 -9999 -9999 -9999 -9999 24.3329896473 23.9772092187 23.6677655073 24.1366428869 24.6919797319 22.3245452763 21.1246568617 19.2065101935 19.4929187821 18.725686617 17.1182314375 19.3458670645 19.0773653135 17.9835918744 16.0763423094 14.14083294 15.3232399183 12.1113999824 11.4466026842 13.2049622205 6.2066434452 2.4337773735 8.10716542372 11.7511709513 3.36390293676 5.95037143702 4.59470296644 3.80883801923 4.38990552034 2.41732810764 3.82851679233 4.55645640911 6.2951217206 7.92701453779 7.62836693773 4.12261335461 2.20784439561 1.54774417257 1.60983718082 1.67959209947 1.90854743248 3.77279753984 1.29105696873 1.21560585223
-9999 -9999 -9999 -9999 -9999 -9999 -9999 -9999 -9999 -9999 -9999 -9999 -9999 -9999 24.5465380653 23.419430146 22.1617091468 23.7937716026 22.4442089921 23.2773549874 20.569502959 20.4882345136 18.5269864458 18.9418266151 18.572761953 17.5833370156 17.2799761866 18.9528532756 16.1143155757 13.0471232713 12.7540640971 15.8367941634 14.184595972 11.0593936455 3.34041778649 10.5350709514 10.1154749746 4.96792126073 5.01892983017 4.50310994136 4.39278054087 3.93336951942 3.87628537377 2.82876071841 1.9554511533 2.28157544772 1.83108489656 1.74703733399 1.60191487783 1.88036194238 1.71146711808 1.31972875757 1.19601582834 1.72828190619 4.98799124833 6.70425070846 4.12165118061
-9999 -9999 -9999 -9999 -9999 -9999 -9999 -9999 -9999 -9999 -9999 -9999 -9999 -9999 8.9684794234 17.3501353003 22.2697715392 25.4046899224 24.3285135021 24.2494816976 22.9203078627 21.2461537743 18.7108388622 19.7448281442 19.1434029901 20.9247268552 17.2179552896 16.2156737602 16.2923301459 17.3315928233 13.8842892169 8.68734151482 14.3487420963 18.7303771628 5.12814791563 11.3094093044 10.2413220746 4.24276103601 4.57929380408 5.13307513945 3.62813168332 4.11380619778 3.81648386609 3.93781466834 2.92187093481 2.33125806612 1.46494918399 4.20217774976 4.55531263291 1.58181659971 2.14159946995 2.49895985163 2.75994636128 4.22071399637 5.63036999538 6.48816683643 5.50705424567
-9999 -9999 -9999 -9999 -9999 -9999 -9999 -9999 -9999 -9999 -9999 -9999 -9999 -9999 12.8160335574 17.8924711099 23.8300226318 27.3863249771 24.653127743 24.3455817992 22.6429011768 22.5782237701 21.1997912756 19.7875984534 18.5260222378 17.8615714994 17.1564474946 16.8960363976 15.3476640574 15.9158289171 14.9222309514 14.5128994621 13.9392198612 16.6350240381 18.0357007611 10.4538692691 12.0771508019 4.90968796538 6.57704774226 5.30793662766 3.63993643423 4.21844986012 3.43500324697 3.51350471438 2.19229195597 2.39162045883 1.6967935038 2.29972718224 4.2328092634 4.47426295175 2.76969981651 1.22214038899 1.80606714554 1.44090615773 1.19269223204 1.75668202641 2.29958776659
-9999 -9999 -9999 -9999 -9999 -9999 -9999 -9999 -9999 -9999 -9999 -9999 -9999 -9999 28.4139746762 26.0411844447 24.4612614113 26.4206928092 23.7841983721 24.087024724 22.3515738104 22.0563022757 20.1495602111 20.8181027435 20.1666611719 20.441442965 17.8989523771 17.9217370178 16.6281294732 16.275377442 15.710162669 16.1695938836 15.1303417649 13.0048232292 11.1402268726 11.2451444316 10.2596881333 15.2899722708 8.68468873204 10.826554763 2.50500161761 3.24388709099 2.87229369885 3.10898396854 2.32226026992 2.10663743902 3.17597715155 2.84417381813 6.94790160785 8.41153624744 4.73900298623 6.11866240912 3.3311238892 4.26552009417 3.87277366777 3.07124225726 3.52575055069
-9999 -9999 -9999 -9999 -9999 -9999 -9999 -9999 -9999 -9999 -9999 -9999 -9999 -9999 -9999 25.2276794423 24.3947138868 24.2252076798 21.9144783754 21.0294688423 21.8066371325 22.6193282597 20.2944847421 20.5496697249 20.3972683739 19.5099511059 17.2475852381 17.2439239304 11.3588883346 16.12836415 14.4947220095 14.462075063 13.5670260551 12.248835464 11.3557452645 11.3994327549 10.8376758787 10.7684811562 10.0562470574 8.2798119997 6.5915389444 8.13347821444 0.768146657653 1.25107468828 1.88877683577 1.15684807602 0.611442748704 0.655753586795 1.27487543247 2.2765218561 2.0161891659 1.79177003443 2.81930040868 5.55500294304 4.9987521501 4.88969562418 3.82478887347
-9999 -9999 -9999 -9999 -9999 -9999 -9999 -9999 -9999 -9999 -9999 -9999 -9999 -9999 -9999 -9999 23.4720124988 24.2148495271 21.0791895534 23.710995925 23.5751096907 23.8897785532 20.5623004872 21.3531891022 21.3758520189 20.1595657566 18.6014738528 16.7057556034 10.4850979507 15.5276664515 16.3085850788 12.7061066354 9.61517306131 6.55801299291 11.5493157487 11.8181113555 11.483690703 11.6771349538 11.3379321406 14.6857114061 16.0410291951 15.4210388465 8.17326179622 1.4561486883 0.640652232411 0.499749332566 0.414838498669 2.31182689392 2.16459249159 1.69160361103 2.28213393295 3.82036898122 2.65432696015 2.13188859353 2.4518692214 2.14367305446 1.91969138977
-9999 -9999 -9999 -9999 -9999 -9999 -9999 -9999 -9999 -9999 -9999 -9999 -9999 -9999 -9999 -9999 29.9096002188 27.4416198003 24.0265444325 26.2543772944 22.8472586462 21.4538134703 20.301482786 21.3574720237 20.6407311406 21.3058950322 18.9518237894 18.7988138663 11.2897581372 14.6309265873 11.2140397059 8.77632726139 9.98255944459 7.4112390881 10.7845164688 11.5525859781 14.024290762 11.6428901731 11.2615337985 11.9687750403 10.466049033 11.793492053 10.7840418826 6.50336460225 2.56991430247 1.30788327558 1.67219576929 4.26393502994 1.66012187554 2.05448318559 2.87020717118 3.05398032951 4.2125330214 4.60668536565 5.9388046678 3.69600743951 1.93912115617
-9999 -9999 -9999 -9999 -9999 -9999 -9999 -9999 -9999 -9999 -9999 -9999 -9999 -9999 -9999 22.9932806373 23.4932588238 24.9529619402 26.9290679879 25.6793495689 22.7820786204 20.9353423995 19.6921618859 20.4258134528 19.9904217478 20.9628886639 19.3322510542 19.3468343514 13.9144500486 16.0593444437 15.8703100731 16.1949146082 16.1170332124 13.5485596668 14.8419797076 10.8106989429 12.1399387037 16.7258589548 15.4528152083 11.3354564122 7.29157065807 4.54903806657 2.20013688025 2.13493151645 2.24236654008 1.37481601671 7.3413503763 7.28633194847 2.62602974432 3.37336874557 2.48468804201 1.92960599645 2.09320159407 2.36068199015 2.55455495185 2.64745097045 3.06147266974
-9999 -9999 -9999 -9999 -9999 -9999 -9999 -9999 -9999 -9999 -9999 -9999 -9999 -9999 25.9477213683 24.6484883579 24.0827557957 25.3307361147 25.3879848812 25.2695326934 24.0652621228 24.104359237 21.3221327566 21.3726159078 19.0584952017 19.7336933896 18.3615901955 17.9893134113 16.0767452203 16.2146855091 15.3044823105 15.7209417579 14.5479216756 14.5549454793 11.8034975362 12.5569442005 15.4110121121 13.1232348124 1.46242178295 4.64162072372 5.75559416297 1.54674661186 1.3154813424 1.53334478327 0.912243504857 0.764344250214 1.79849712345 2.68122617928 3.23629967187 2.53899837848 2.17577890722 2.15368679636 2.26289984442 2.20643664242 2.01105321025 2.15418705248 2.41432381644
-9999 -9999 -9999 -9999 -9999 -9999 -9999 -9999 -9999 -9999 -9999 -9999 -9999 -9999 25.3145977862 26.7082383512 25.2713707478 24.5904570174 22.373219389 22.2873097269 20.978683239 22.5652140327 20.8628430344 21.0278388004 19.0291180353 18.8300651876 18.4838077081 18.7379568665 17.2489654501 16.8678159099 16.6703216673 17.7489216131 15.7830817968 14.1413206053 11.2311737341 15.5551295785 12.6149949804 16.6471765037 7.1351812946 7.45112881928 10.9350576488 9.68798874302 2.54808794371 2.17894261606 1.83487494899 0.890149930997 1.72829501298 5.03208848696 5.68734179012 6.96147690788 6.62664562381 6.53313036189 4.24349648953 3.58650035883 4.11652302644 3.89030562988 2.73159186741
-9999 -9999 -9999 -9999 -9999 -9999 -9999 -9999 -9999 -9999 -9999 -9999 -9999 -9999 -9999 -9999 26.1570527512 27.913978527 27.8348612063 27.0992640074 24.8916879017 21.7785167979 22.2863986768 22.0691469332 19.6531457826 20.7297805608 14.7260730439 15.6107964479 13.2804093487 17.4972200697 17.9398173797 16.2477388608 14.4055514512 12.1568961394 12.5781827047 12.7098498501 12.2822510107 7.12961989258 11.779283052 12.3398267685 6.48855511946 5.3497756804 10.0655176466 6.83446998572 1.1244559975 1.43950960075 1.16179345395 2.11475912354 3.48293444291 4.29196040482 3.96779564688 4.12355913141 3.48971795444 2.93412073132 1.91773697057 2.04198546669 3.06813984766
-9999 -9999 -9999 -9999 -9999 -9999 -9999 -9999 -9999 -9999 -9999 -9999 -9999 -9999 -9999 -9999 28.4326556014 28.218634394 28.2352869874 24.7147511574 24.5804050091 24.4934725209 20.1113018008 20.5884972661 20.7174074767 22.1040461896 19.7434969405 19.2920855759 18.1030872704 18.5411295435 19.515524807 18.9902035792 16.0429881649 13.5398769601 9.54189136549 10.2614043143 10.5527451547 12.5306014082 7.88628375721 6.65182264814 8.12051925654 10.8494785454 10.9711911704 11.1655417083 6.32415928075 1.44690488833 0.668686577923 1.20342685293 3.32796171973 2.55277639372 1.95785143165 1.98908045822 1.58413201763 1.8024557553 1.66645369351 1.67800375853 1.5528621445
-9999 -9999 -9999 -9999 -9999 -9999 -9999 -9999 -9999 -9999 -9999 -9999 -9999 -9999 -9999 -9999 -9999 -9999 28.3547625401 25.9871797135 23.825792471 24.6455257649 23.3376612333 21.3866089871 20.0215565858 20.6829067371 18.7481465663 19.1652478178 18.0219461738 17.9058375186 14.3722889177 12.7847754701 12.2421766311 13.2056748894 9.36547589247 11.7619491457 11.4555009767 8.33571720417 7.48651675389 9.45654624766 6.76838280158 5.99127397745 5.24472424936 5.20438815552 4.61020691899 3.73308709439 0.841363195876 0.831405959148 1.42079602456 1.90737795285 2.21683347027 2.50252999168 1.61646630908 1.65904586217 1.79462344021 1.91647567864 1.67305503669
-9999 -9999 -9999 -9999 -9999 -9999 -9999 -9999 -9999 -9999 -9999 -9999 -9999 -9999 -9999 -9999 -9999 -9999 -9999 23.7238907734 23.9865062974 24.4023609222 23.728669162 23.4692866483 20.9178909588 20.314089073 18.3182965798 18.5926570835 14.4921256107 13.9541667069 14.1007865647 14.6632493472 12.1910487234 11.5857044552 8.22679338101 6.61015262709 6.27932858422 9.06906734313 8.1020897684 9.04647570019 6.58803839727 6.01285669256 4.82977777135 5.99659375232 5.89815817066 6.15783851435 2.97283198185 0.852219386291 0.65740489049 1.40128483152 1.64234368286 2.20910273999 1.71744950046 1.70130488813 1.89296909055 1.81429360201 1.41949155221
-9999 -9999 -9999 -9999 -9999 -9999 -9999 -9999 -9999 -9999 -9999 -9999 -9999 -9999 -9999 -9999 -9999 -9999 25.8107714048 26.8587392936 27.6629045261 27.2698244009 24.0416242077 21.779794784 20.5335456164 19.8619526868 17.1897796415 18.9347882629 16.7659508932 15.4735517122 13.5447603374 8.58232114671 13.3614547806 11.4334098951 9.1992751123 11.2778904495 13.9668987363 13.2088997947 11.9092632222 11.0429960068 9.62036473259 6.57902373207 5.60090174782 7.89417510679 5.7700220399 6.93747700457 5.47966316555 4.81446122933 2.14333055843 0.869435553101 1.67006818142 2.60627353101 3.34319282573 3.67102936485 2.56823139252 2.2419923044 1.92608294874
-9999 -9999 -9999 -9999 -9999 -9999 -9999 -9999 -9999 -9999 -9999 -9999 -9999 -9999 -9999 -9999 -9999 -9999 -9999 28.7781640489 27.9686223863 27.3604900811 24.2841445121 21.7014863639 21.5236053238 21.042465266 18.2546650167 17.7546299654 18.5528464562 19.7806608031 14.8399218676 14.9618749157 18.6806825902 12.709397365 13.0168521822 10.5482775364 6.26339735461 5.37992316473 4.64245417952 4.6437861328 5.32707590486 7.47110394563 7.32026221475 10.834024722 10.6199885659 12.0750182852 7.53598551924 5.49075949508 3.17148336667 1.47745727753 0.511308157001 6.854124207 8.03723894634 9.52400469568 4.62913040137 1.18455596829 1.39271802007
-9999 -9999 -9999 -9999 -9999 -9999 -9999 -9999 -9999 -9999 -9999 -9999 -9999 -9999 -9999 -9999 -9999 -9999 -9999 -9999 26.7951034612 27.5968984782 24.2794042668 23.0316378896 20.0237329685 20.7122136155 18.2750558172 17.9821400072 18.542357071 17.9704215712 17.1563636832 16.9968105097 16.1641838207 16.803804733 14.4512531234 15.8381132415 10.1012902574 11.680490397 11.2205528412 10.189322412 7.6497346503 10.1394138018 9.70007097907 8.36023586716 10.8044222159 9.18753362558 7.22750842108 8.24717156967 6.53427849419 4.40145169174 2.40745854778 1.27477323627 0.585617160427 0.883369134789 4.51182066346 0.694172082309 0.677079236323
-9999 -9999 -9999 -9999 -9999 -9999 -9999 -9999 -9999 -9999 -9999 -9999 -9999 -9999 -9999 -9999 -9999 -9999 -9999 -9999 -9999 27.2285943473 25.1272289382 24.7740879786 19.621649205 18.8806541633 18.00046836 18.643749108 17.7280240052 17.4898290975 17.3948018507 18.5128319283 17.9642385019 13.5888390485 19.6602357122 17.1752010177 13.2864466025 10.2463814252 8.996432468 9.45080822954 12.3864656536 13.1364483439 13.8967569 9.19424207098 7.25172234133 5.4491241074 6.58055536058 7.30677432657 6.94554577282 8.72581239464 9.82691781913 7.4811625432 3.50019753121 1.16667967257 0.377034209732 0.474080266084 0.521134722181
-9999 -9999 -9999 -9999 -9999 -9999 -9999 -9999 -9999 -9999 -9999 -9999 -9999 -9999 -9999 -9999 -9999 -9999 -9999 -9999 -9999 24.9276356941 23.8881472112 23.5496478411 21.9650785925 21.7252645489 19.9926461624 20.2380944759 19.4733731678 18.1948828949 10.1187096297 17.4822023817 19.6280415043 15.8745702818 9.63154889184 11.752052373 10.3202642106 11.1061437875 9.97609350097 12.2265504156 12.5492968866 11.9545787029 8.79320681138 8.34973525262 9.96420364465 9.3713835215 8.27892195954 8.03504144021 5.30987550512 5.47153042035 9.31016218652 7.43597023175 2.5584041592 0.793039237624 0.627141264752 0.406704949977 0.412866080965
-9999 -9999 -9999 -9999 -9999 -9999 -9999 -9999 -9999 -9999 -9999 -9999 -9999 -9999 -9999 -9999 -9999 -9999 -9999 -9999 -9999 -9999 24.4507272627 25.625231064 23.2522842735 21.2652297434 19.52154133 21.0374470239 19.7421417362 19.9012223541 19.7571767129 20.144229889 18.2567039247 16.9454539887 17.9205086943 14.3351385503 14.724296964 13.7111937507 13.2515120547 12.77292408 12.9418100651 8.43106770966 8.95543185963 11.7477814767 6.30122158596 5.61052377598 4.65279403589 5.90457556229 7.50735669885 10.7027530767 6.04638193527 8.89840426315 6.0630990825 1.21178560215 0.442847150024 0.391467178283 0.411900878438
-9999 -9999 -9999 -9999 -9999 -9999 -9999 -9999 -9999 -9999 -9999 -9999 -9999 -9999 -9999 -9999 -9999 -9999 -9999 -9999 -9999 -9999 25.2805744861 24.4340999335 22.4547512302 22.3439386121 20.8643719732 21.1916363967 20.1922702471 20.7955851332 19.7011195916 19.9127690634 19.6061137543 17.9124403735 14.6399151227 18.2858168549 13.9038243274 13.1701773615 15.4121101831 14.8891116132 9.64858344454 13.2278697536 9.13712009634 7.18450497255 6.22755072868 7.4106967396 9.23553361707 9.29992149676 5.12032990533 4.80022865531 4.10647514178 8.66035988248 0.864588755995 2.53820096936 1.04031454283 0.891156706409 0.593894693503
-9999 -9999 -9999 -9999 -9999 -9999 -9999 -9999 -9999 -9999 -9999 -9999 -9999 -9999 -9999 -9999 -9999 -9999 -9999 -9999 -9999 -9999 25.4284759711 25.7172999267 24.9614339858 22.1883476848 21.489661127 23.2578059954 20.9220217265 22.1123964969 20.7303424917 19.6197195774 18.635726027 18.31263889 18.8039001285 14.2713330653 13.7506721383 17.8084883969 15.5497016277 14.1512220813 13.968927358 10.9540920485 7.55887880792 9.59954842911 11.6512872609 10.6116321908 9.69801892719 8.27723912064 6.20137979697 6.21237260443 7.70017833441 6.29762259094 2.07612664875 2.25744218158 2.51611856418 2.85553668363 1.0916891779
-9999 -9999 -9999 -9999 -9999 -9999 -9999 -9999 -9999 -9999 -9999 -9999 -9999 -9999 -9999 -9999 -9999 -9999 -9999 -9999 -9999 -9999 -9999 27.1607974506 25.3457304837 22.701944905 21.1033764603 22.8422024965 20.8634996702 21.4399095907 20.6540173893 21.6000501022 20.6188693657 21.0037933699 17.5343244231 18.560859466 18.5856739835 17.1105062315 11.075275895 10.2762198901 7.58430830192 10.2616668212 13.0463688997 13.2183510634 10.8712574636 9.56267044601 5.18907175992 4.65897812612 4.40030184819 4.73731145085 3.74724839276 4.63028023515 4.694233807 4.54552653919 1.44401274328 1.05600682573 2.90258258632
-9999 -9999 -9999 -9999 -9999 -9999 -9999 -9999 -9999 -9999 -9999 -9999 -9999 -9999 -9999 -9999 -9999 -9999 -9999 -9999 -9999 -9999 -9999 24.5027151962 24.671764352 23.7663762006 22.252758365 24.4014479571 22.4501082985 22.2828699487 21.7793575215 22.6177762508 21.310034507 20.8267978566 18.927961792 18.5080902181 16.9082510003 14.7111296873 13.54677235 11.9817738197 16.395259163 16.1757957639 14.4932803691 10.7595159321 7.71756316623 8.39708686663 9.4394371814 10.0490181256 7.5734256073 7.370260027 8.17257561978 8.56856891373 5.3245125483 4.26079396535 3.91724476691 6.01221815488 4.02887728295
-9999 -9999 -9999 -9999 -9999 -9999 -9999 -9999 -9999 -9999 -9999 -9999 -9999 -9999 -9999 -9999 -9999 -9999 -9999 -9999 -9999 -9999 -9999 -9999 26.5937594896 23.9341567565 22.5459186589 22.1846079345 22.6542908865 22.0635031617 20.558954242 16.3049997457 19.5888152252 20.9959470143 20.6653600178 15.6919513909 13.1822501592 18.1777730012 17.0895614551 18.9748471346 17.4180327148 10.4493314229 7.41458909868 9.76951477342 11.5707909792 10.4789478422 7.07359494115 8.91829484899 9.90251247932 8.21147815848 5.7807986321 4.28353606068 3.63434928201 8.90970106093 6.08286211065 4.32810754419 4.43125564489
