data/recharge/transience/recharge131.asc
ncols                  80
nrows                 72
xllcorner      4374000.0
yllcorner      5656000.0
cellsize            500
NODATA_value       -9999
[rows 26 to 51 of 72, columns 0 to 56 of 80]
-9999 -9999 -9999 -9999 -9999 -9999 -9999 -9999 -9999 -9999 -9999 -9999 -9999 52.2683951598 50.8542429702 49.8113560349 52.7709565473 54.0344406253 52.1014910682 51.0566385652 48.972305841 48.7745694947 47.4282315685 41.3254473275 51.4421581816 51.9468664149 47.7534203961 42.2799710777 38.9529420303 40.8253273985 33.9470959656 32.9917045502 40.2490882988 27.5582208939 11.0573822591 23.9825957234 37.9495742371 14.8850105424 21.6427232124 17.0326958929 15.0578624101 16.8342470859 10.6968699852 16.0979803814 19.6963108357 26.2862184357 30.7403876031 30.1678541053 19.0689878712 11.0706086808 7.96281161452 8.05367147306 8.17135261056 9.43763029012 14.7123107088 6.75265589008 6.62262999989
-9999 -9999 -9999 -9999 -9999 -9999 -9999 -9999 -9999 -9999 -9999 -9999 -9999 -9999 52.1720908068 50.0344993546 50.3272929075 53.4699793404 51.8816271457 52.7040154409 50.2892551961 49.6131656642 48.1809176487 48.6833656586 49.0710458997 47.9095155234 47.5778785082 51.3115343195 42.9617243216 37.1191281335 35.4200578689 44.3422144026 42.4312988729 41.1596224609 14.6079489671 33.335630157 36.5415056896 18.4585213188 17.6151850625 18.1732562315 18.5053796931 15.4855572079 15.0072760528 11.9530804124 9.19278597153 10.2175277838 8.49483947429 8.25329075961 7.67569671042 8.69088424969 8.3831282654 7.02601506105 6.47990975432 9.02113598637 15.42527261 22.3078704917 19.255558998
-9999 -9999 -9999 -9999 -9999 -9999 -9999 -9999 -9999 -9999 -9999 -9999 -9999 -9999 15.8186671995 35.244043357 49.3471889337 54.4891043574 54.3666109798 53.8279196785 52.9005884458 50.664166952 48.549892463 48.9356760896 48.7762171759 50.95796306 47.7979806114 46.3368214512 46.5567300692 48.9876778571 38.1535016631 22.1326129969 41.7742831837 45.2597710894 17.6680498129 26.3268533273 33.4116965517 15.0582480425 17.0660398757 19.0119922204 14.401673565 15.4307613004 14.2721955172 14.7470879566 11.5907677544 9.86347804203 7.29536863407 14.8993927499 15.984956134 7.51856118954 9.21771425867 10.2831902112 11.2158090635 19.5258472798 26.8158685131 29.1278485229 22.2505722477
-9999 -9999 -9999 -9999 -9999 -9999 -9999 -9999 -9999 -9999 -9999 -9999 -9999 -9999 24.6808882437 36.2012832382 50.8778314077 56.8292342824 53.5282074163 53.1885315674 52.1198203161 52.0263146534 50.7797097154 49.5967778662 48.8856984042 48.3403029852 47.2175209208 47.4700032666 45.7786192034 46.2313630674 43.9380902203 42.2663919023 41.6051587262 46.2569078358 43.3117830589 22.2216765361 28.1047323537 15.2389211811 15.2433681389 18.9760460288 13.9799764608 15.3526636187 13.3624539383 13.5377550695 9.47146649615 10.0425726264 7.73279174106 9.53496362979 15.0521574433 16.3923285825 11.6917204647 5.95660755209 8.27002674982 6.6920703331 5.88856403269 8.40902977373 10.8116194487
-9999 -9999 -9999 -9999 -9999 -9999 -9999 -9999 -9999 -9999 -9999 -9999 -9999 -9999 54.1766158466 51.9420497131 50.0982146777 52.3757238222 50.9336018819 51.5653161886 51.8522267372 51.7571178058 50.3241629205 50.7982127652 50.2303836392 50.601650785 47.9591809518 48.1501208837 46.3624593383 46.432503278 44.889487444 45.1683232994 43.9956178104 34.2723555971 23.1983236515 23.3153339472 21.2620012527 35.4207868124 19.0493012375 24.6611058433 10.8144279803 12.1065027562 11.1248181937 11.7385293046 9.5235740105 8.83142366339 12.5022987646 11.9320899881 25.5855626802 29.1750006719 19.0538638727 23.3276013632 14.3320407417 16.6087894269 15.0463823675 12.6069973504 14.7612954843
-9999 -9999 -9999 -9999 -9999 -9999 -9999 -9999 -9999 -9999 -9999 -9999 -9999 -9999 -9999 52.3403560371 51.3980460327 51.0345861424 48.4713441985 48.8062953407 51.984140189 53.1911879724 50.2730536842 50.4730271379 50.6353431953 49.719940775 47.3717117463 47.1249641107 26.4591467056 45.4162878375 43.6520357624 43.5195270087 41.0823835735 30.0581134939 23.6531755591 23.7193329306 22.1154102796 21.9955699564 21.1478997955 20.7397581141 18.8365321841 25.3572826336 3.89646249808 6.07109186466 8.46759395411 5.6712103844 3.15585555324 3.29752406446 6.2888230264 10.3248300757 9.17966901049 8.48314636601 11.6381355208 19.4423086415 18.2933741774 17.9995751427 15.7207981904
-9999 -9999 -9999 -9999 -9999 -9999 -9999 -9999 -9999 -9999 -9999 -9999 -9999 -9999 -9999 -9999 50.9833398572 52.9634532 48.5800943826 51.1837147281 52.6954195396 53.2496698806 50.5761159829 52.1446957437 51.926812496 50.71378957 48.8695550842 44.5038966415 25.5906085111 40.1163655267 44.6077788599 30.7801158438 20.6513766212 14.0124124971 23.7165319792 24.2899144246 23.463570921 23.8952301476 23.323898823 30.2561791125 46.1568105708 45.0621400348 27.6844873002 6.38849584333 3.08988797894 2.5571174992 2.2359790844 9.50632468044 9.08747908889 7.64299239975 9.72271693375 14.1635204112 11.2378281539 9.63866286958 10.9083832242 9.93948185316 9.43463350488
-9999 -9999 -9999 -9999 -9999 -9999 -9999 -9999 -9999 -9999 -9999 -9999 -9999 -9999 -9999 -9999 60.5670870616 56.2673879487 51.8154897954 55.931508876 53.119493575 50.615746878 50.1147119313 51.2843798239 51.1473867159 51.7206783336 49.0769122024 48.6474293454 26.954077746 38.7054665394 29.0029551005 20.9753900608 23.8604112677 16.5224011197 23.9094291792 23.968785495 28.6742332412 23.992210386 23.215914458 24.8154671902 35.6066264477 35.4429296875 35.9156639529 22.5781540085 10.3094477799 5.65032782575 7.14926921133 16.3671415824 7.46175849574 8.76816715721 11.4396685323 11.9613626503 15.8452435314 17.0017941637 21.0228590759 14.7003141142 9.49979874369
-9999 -9999 -9999 -9999 -9999 -9999 -9999 -9999 -9999 -9999 -9999 -9999 -9999 -9999 -9999 54.0770388134 54.6250183126 56.1740573705 58.232183068 56.2524234236 53.1478597211 50.3187849813 49.6815916637 50.4598563691 50.2637654513 51.5177911541 49.5563705878 49.4446746489 35.0472710099 43.4032007757 44.6582733089 44.961743022 44.5373799324 37.404719774 40.2023343555 34.5440651378 35.8420550209 37.7821158419 34.6373738435 23.1365713372 25.3147484833 17.9664128431 9.53583191962 9.28562267388 9.38344402956 6.05317817467 22.9542699054 22.3912997817 10.3453323389 12.138281877 10.0452451883 8.40773724415 9.28498775062 10.1069544368 11.1072282509 11.3913417866 12.6248355193
-9999 -9999 -9999 -9999 -9999 -9999 -9999 -9999 -9999 -9999 -9999 -9999 -9999 -9999 58.1659670185 56.2862797577 55.3479700851 58.1049094008 57.562913668 56.40953962 55.966113696 54.976485499 51.5549538759 51.4215326316 48.7600892327 50.0577553372 48.4533405673 48.1520360032 45.715336213 45.8876686285 44.1331053381 44.577127606 40.8083635649 36.4705520951 29.792275355 36.943330132 43.3009157486 36.5966404643 6.0586632686 17.4870874645 21.5772283809 6.80760709607 5.98682974852 6.89426667698 4.21257750396 3.6439663048 8.01522201127 10.4525688734 11.7332102968 9.85601002281 9.14835710159 9.08225149958 9.80831291411 9.62905265458 9.39694483054 9.85350902186 10.7927967726
-9999 -9999 -9999 -9999 -9999 -9999 -9999 -9999 -9999 -9999 -9999 -9999 -9999 -9999 57.3555553613 58.7376790031 56.9087901769 58.4032804613 56.099678054 56.0043826213 51.8407634033 53.6083981372 51.2918242118 51.2417870093 48.7791138382 49.1223177642 48.7493960235 49.5848468234 45.5853804054 46.6575994156 45.4626168068 46.6748351835 35.6966634473 33.5215483234 27.9819835153 38.4277022966 37.2735398168 44.7875069408 24.2971049037 25.1032735926 33.1764082834 30.4428187513 10.3601205454 9.03276597345 7.72539999022 4.06211149292 7.33649099984 17.0151482192 18.2070311132 21.6304413488 21.1547364431 20.9560953655 15.2509651893 13.3954995302 15.1250197968 14.4785018161 11.4848337614
-9999 -9999 -9999 -9999 -9999 -9999 -9999 -9999 -9999 -9999 -9999 -9999 -9999 -9999 -9999 -9999 58.3195467098 61.1782247747 61.4611351772 60.8450083332 58.7275635409 53.0950936807 52.8460864544 52.4582825018 49.5025718894 52.3789728936 38.4037583851 39.8985301266 33.5702374784 41.2413096851 43.9146079639 37.1599567675 33.9300320643 30.5853519191 30.7462961896 30.9489288264 33.4302626441 24.6636380186 34.3425372705 33.0404594748 20.2646201534 18.0847020354 30.5642029692 23.9130161153 4.95629303329 6.20401169555 5.11318656872 8.4065899837 12.3460068604 15.002417768 14.324856969 14.7602579221 13.1154289911 11.5375340506 8.69702783626 9.0760800755 12.4823206873
-9999 -9999 -9999 -9999 -9999 -9999 -9999 -9999 -9999 -9999 -9999 -9999 -9999 -9999 -9999 -9999 62.0308315927 62.0501442989 62.2288168135 58.8449528325 58.6542920046 58.7518568102 50.7756926999 51.0677539309 51.0117054277 54.4957109772 46.7320499444 45.7025297223 40.5692028259 42.7421477837 44.0809177877 42.9471633132 37.5316787563 32.9330264074 25.5152230752 26.8726544855 27.2664140019 30.4697226904 21.8475116497 19.0130168544 21.8601857586 26.9735211428 25.7388049576 28.5341722749 20.5213469075 6.15393161168 3.19487351551 5.34026540279 12.0073988134 9.97860727319 8.39551233558 8.48734660766 7.14965639107 7.85107694479 7.31734645531 7.34796358063 7.30665219386
-9999 -9999 -9999 -9999 -9999 -9999 -9999 -9999 -9999 -9999 -9999 -9999 -9999 -9999 -9999 -9999 -9999 -9999 62.3042467223 60.1641806213 57.7429195248 58.689336747 56.4299469134 51.5303642525 50.2009829388 52.711608381 45.0353702622 44.8690861061 40.2246680798 41.3857369902 35.5668513313 32.9913108476 31.8020886908 33.0667606216 25.1676362846 29.4370111039 28.7925500857 23.0593268392 21.1879635719 24.6500310675 19.1414100689 17.5431627929 16.2148177609 16.1253935372 14.1385815323 12.7617100609 3.84593295929 3.80038425747 6.28005919648 8.25614545892 8.85831804308 9.37856351133 7.26464029564 7.40799558714 7.72197300416 8.08323330653 7.7130135675
-9999 -9999 -9999 -9999 -9999 -9999 -9999 -9999 -9999 -9999 -9999 -9999 -9999 -9999 -9999 -9999 -9999 -9999 -9999 58.4451123078 58.6353447022 59.0951874281 58.241489035 54.4468687491 51.2228237422 50.609089154 50.1566297267 44.3592814163 35.6082549982 34.7509729985 34.1721251774 33.8199164479 30.1598564385 29.6869918625 22.935899163 19.748173957 19.1949621946 24.8569254737 22.0238295977 23.3763831633 18.2579383039 17.117142949 14.7077092764 17.1593597703 16.7633541926 17.3299511256 10.678614857 3.8533804788 3.15281482321 6.02170653558 7.22008472206 8.80291329997 7.40369966801 7.35346173084 8.00916720407 7.76794516739 6.65394997907
-9999 -9999 -9999 -9999 -9999 -9999 -9999 -9999 -9999 -9999 -9999 -9999 -9999 -9999 -9999 -9999 -9999 -9999 60.3341424452 61.2055723324 62.0181387717 61.6946433487 58.3669018603 53.2256110679 50.7463051915 50.3066952183 46.8705567699 51.8889705378 39.0145779597 37.1620820013 33.5617153738 19.7224024527 32.7324284502 30.1869477265 26.0500632502 29.8320102798 34.1046351315 33.030605199 30.5495822604 28.5080119317 24.2683309093 18.244539121 16.2471398898 21.3277272418 17.0203817458 19.8949873027 15.7500461487 16.6203643571 8.76727490977 3.94370500233 7.25576395794 10.0473548326 12.2874479055 12.4999934345 9.84199553371 9.02381796696 8.26806230892
-9999 -9999 -9999 -9999 -9999 -9999 -9999 -9999 -9999 -9999 -9999 -9999 -9999 -9999 -9999 -9999 -9999 -9999 -9999 63.0765275781 62.2879470259 61.8139106727 58.9455302433 53.3667412536 52.1316037689 51.4403989333 48.2084831606 47.3583664638 47.3649555681 51.2435662399 35.3027753498 35.4721386563 44.3585661231 32.2110342497 31.1759077004 27.6813661046 19.202638603 16.9741312364 15.071890667 15.0807339943 16.2366592778 19.915684277 20.9985087072 25.900554575 24.2164979103 29.3454478346 19.9945257655 16.2315298323 11.9415639231 6.25983814323 2.60871522447 23.856797879 25.60672847 19.9687648274 17.2445162891 5.73992424345 6.52481744598
-9999 -9999 -9999 -9999 -9999 -9999 -9999 -9999 -9999 -9999 -9999 -9999 -9999 -9999 -9999 -9999 -9999 -9999 -9999 -9999 61.7745895551 62.3213784796 58.9788796065 56.561537054 50.5988007769 51.1081279698 48.1092862544 47.537125942 47.129824281 46.8691461971 45.7803366225 45.6553354072 39.4455003786 35.6268661201 31.3993548477 34.6671386299 26.8816728679 28.9980891175 28.3655528298 26.2314165755 20.6421111047 25.219651185 24.1484462007 21.5716597956 26.1232850204 23.2856122343 19.3760552225 21.3885739897 18.3140010554 15.2570258869 9.43605736509 5.3758010322 2.90250712243 4.29380110654 17.7257070047 3.31483968822 3.2748865245
-9999 -9999 -9999 -9999 -9999 -9999 -9999 -9999 -9999 -9999 -9999 -9999 -9999 -9999 -9999 -9999 -9999 -9999 -9999 -9999 -9999 62.3428116553 60.3523368749 59.97558783 49.9317375828 49.088205588 47.9683849533 49.0235659019 47.2511359883 47.1033487355 44.1873999882 47.0753461849 41.1552363868 30.1466650345 41.3357089128 37.4834407298 30.4510426163 24.4472242522 22.3681956991 24.165909286 29.1335551542 30.2104135617 31.2891509168 23.4764746576 19.6891251517 16.0305115954 18.2712869668 19.720380546 18.8930490877 22.3104628924 20.9291628981 20.647198705 11.9464270664 5.07305252305 2.08352742408 2.46974102342 2.66969248461
-9999 -9999 -9999 -9999 -9999 -9999 -9999 -9999 -9999 -9999 -9999 -9999 -9999 -9999 -9999 -9999 -9999 -9999 -9999 -9999 -9999 59.649589873 59.1284788372 58.8350505645 53.8643372822 51.8128078607 49.974941069 54.5509002847 49.9692062001 46.0883977422 21.8940410756 44.0783774337 44.629582372 37.040576204 25.9125622644 28.514976413 25.6689613114 25.8094220953 23.9433523718 27.7927190648 29.3574786409 28.4735304901 23.1445458911 22.1054738747 24.8586293829 23.7838825241 21.6180624094 21.1444321703 14.7658419271 15.7602458881 19.9628904569 15.6217714353 10.2017541501 3.76683863513 3.05532086156 2.20432863041 2.2479530123
-9999 -9999 -9999 -9999 -9999 -9999 -9999 -9999 -9999 -9999 -9999 -9999 -9999 -9999 -9999 -9999 -9999 -9999 -9999 -9999 -9999 -9999 59.7013510963 60.827421194 55.7071124319 52.0813179161 49.7691970171 56.5000199343 45.5249788481 48.0042594819 48.9556332787 49.9454280145 40.5783857522 36.9869104543 37.4732415032 32.5036551472 31.5100374147 30.070156812 29.3440851841 28.7933212608 30.3136715298 22.5761424146 23.5794332053 28.4022999802 17.799864978 16.2509916553 13.2999159761 15.8044853681 18.9262391639 26.8207688706 12.5180651132 20.9926609266 21.5472396901 5.26835191105 2.34100599995 2.13537387059 2.23718570586
-9999 -9999 -9999 -9999 -9999 -9999 -9999 -9999 -9999 -9999 -9999 -9999 -9999 -9999 -9999 -9999 -9999 -9999 -9999 -9999 -9999 -9999 60.485975206 59.696169571 54.7626932602 53.1178048875 50.9470669193 53.1588200134 47.4747234225 48.4189903704 44.2310153577 44.8113188211 42.9343071134 38.0158349908 32.9131501178 38.2763450157 31.5782821987 29.3617431242 32.3611245388 32.8672513354 24.8792138412 30.7336550969 23.9166108385 20.1564735937 18.0051134104 19.9276746333 22.3069563498 23.492433502 15.2228294747 14.8461529221 13.6053428234 27.4442502864 3.93033483189 10.1175937717 4.61796820027 4.04516257157 2.94535761851
-9999 -9999 -9999 -9999 -9999 -9999 -9999 -9999 -9999 -9999 -9999 -9999 -9999 -9999 -9999 -9999 -9999 -9999 -9999 -9999 -9999 -9999 60.7657351526 61.016714916 57.7862478821 53.1938086843 52.72969505 56.4786322111 50.2024954671 52.8305150957 47.5008324285 44.9380534216 41.4643732899 39.7200394568 39.8261746871 32.8380184984 31.702306987 37.2175072217 34.2629916939 32.4125228504 31.6826250927 27.0777480526 20.6307910136 24.4664889628 27.9953520864 26.2889870805 24.2904621107 21.635971611 17.2722452631 17.2968268033 20.2021301308 17.4378634838 8.47963299853 9.27861749093 10.1749922249 11.3155213596 4.90145674636
-9999 -9999 -9999 -9999 -9999 -9999 -9999 -9999 -9999 -9999 -9999 -9999 -9999 -9999 -9999 -9999 -9999 -9999 -9999 -9999 -9999 -9999 -9999 62.3609255263 57.6738633628 53.8612659723 52.2655605123 54.9471124322 49.6865830479 51.864544029 47.6404044177 49.2621691285 46.0002380754 46.0270565385 37.2922396694 39.3181776653 38.7770951863 36.1361942716 27.5872118524 25.8423444811 20.8372762525 25.8578716128 30.1975098436 30.2823619965 26.8013869553 24.5543657387 15.6718778495 14.3000495496 13.5630456521 14.2852433518 12.1502831129 14.0465330561 14.3996699363 15.8904184801 6.21523827504 4.76392817708 10.5239540193
-9999 -9999 -9999 -9999 -9999 -9999 -9999 -9999 -9999 -9999 -9999 -9999 -9999 -9999 -9999 -9999 -9999 -9999 -9999 -9999 -9999 -9999 -9999 60.0171987264 57.6355771074 54.5956053553 52.0811409659 59.0074932814 54.7745667409 55.3989780934 51.779539812 52.6818315458 48.3466523839 47.6586578044 41.2980534552 40.2590735592 36.517184313 33.5907473136 31.7422837256 27.3986636516 36.2033062178 36.6757802193 34.9106540968 28.3703333768 21.1890967006 22.4850610662 24.1435944901 25.0454398495 20.0185657715 19.6134835047 21.2693095974 22.0126651254 15.5057494451 12.8509757229 12.5418346636 16.8362355945 12.8149405456
-9999 -9999 -9999 -9999 -9999 -9999 -9999 -9999 -9999 -9999 -9999 -9999 -9999 -9999 -9999 -9999 -9999 -9999 -9999 -9999 -9999 -9999 -9999 -9999 59.9970027275 55.1394222035 52.5613126255 53.450176167 55.4509414737 55.6214933571 49.2671083223 40.2943474204 47.4548649235 48.1770061673 46.0472497647 35.7471510325 31.3220111051 38.5785604406 37.8704871126 40.7432102064 38.5539985032 28.4797520339 22.3558687232 26.1525457577 28.0441171906 26.2784004573 19.6880249225 23.1842364545 24.6824111767 21.5642204763 16.8172659153 13.4091683338 12.0074795375 21.9459661994 16.7443138553 13.4013586927 13.6617294813
