data/recharge/transience/recharge138.asc
ncols                  80
nrows                 72
xllcorner      4374000.0
yllcorner      5656000.0
cellsize            500
NODATA_value       -9999
[rows 26 to 51 of 72, columns 0 to 56 of 80]
-9999 -9999 -9999 -9999 -9999 -9999 -9999 -9999 -9999 -9999 -9999 -9999 -9999 25.2629835545 24.8815098151 25.0325282876 23.3498085487 22.940290351 20.42582189 19.5345650644 18.2063118101 18.9739943819 18.3382736419 16.0207572248 16.8845021419 15.1588487854 13.1630679118 12.4113942995 10.7361198919 11.4408290516 9.20315414127 8.61222927319 6.1533440702 8.30580025463 5.7544445441 1.93888082002 4.27395144267 6.66396331816 6.79444548 4.65065678587 3.86724776869 5.07992235866 3.14096605762 3.70062945852 3.01664004488 2.95102704881 2.98185186705 2.80580045998 2.21313062214 1.95315436067 1.94654014826 2.12980202382 2.26976731131 2.07282877864 1.62801117496 1.70083005548 1.6384925119
-9999 -9999 -9999 -9999 -9999 -9999 -9999 -9999 -9999 -9999 -9999 -9999 -9999 -9999 24.7575661702 24.3496047399 22.1609582748 21.8591760123 20.369657505 21.0635575336 18.679817415 19.9920296249 17.7900060028 17.1926704468 13.8885686158 13.6680318443 13.5686092622 15.4644370672 11.3234185824 10.0656111412 9.30447887553 10.3127883099 7.95057314674 10.1704900444 6.8941784285 3.0506252144 3.99959677691 5.88604630417 5.08755370786 3.00762121525 2.59830175147 4.12235072251 4.6421937782 3.62746719588 2.5450615375 2.97585850324 2.37188480495 1.93228144611 2.05789165658 2.46101610904 2.27931236137 1.67210375639 1.49337872143 1.36685839098 2.08743387172 3.28629832307 3.12107163034
-9999 -9999 -9999 -9999 -9999 -9999 -9999 -9999 -9999 -9999 -9999 -9999 -9999 -9999 7.68940357687 16.1486457487 22.1181382528 22.6746092367 21.1681159246 21.5020586412 20.4426412368 20.2752553642 17.5742017318 19.7029014509 18.4248139705 18.7031390044 12.9502927678 12.3073669833 11.7616997657 12.7656199038 9.73585025513 5.96541284318 7.83126235909 13.1522272013 10.654189938 3.89729009605 4.10492535717 4.3981780643 2.89677693125 2.63797574837 3.29566991631 3.92758211779 3.83072679385 4.54667759846 3.62520375129 2.92519556517 1.11941892895 0.92722556522 1.18048749267 1.73571086747 2.7690078081 3.21770030706 3.59940783004 2.35725146292 1.82632761677 1.92016261018 7.68583957721
-9999 -9999 -9999 -9999 -9999 -9999 -9999 -9999 -9999 -9999 -9999 -9999 -9999 -9999 11.5665179507 17.1539182454 23.1506986036 24.0449712799 22.3534710654 22.0813455034 20.1005757366 20.7209050121 19.7218768205 18.8087493132 16.6347651245 15.75657156 14.4452796393 13.9428785903 9.88251085572 11.122506263 9.34769234666 9.4432021641 7.19821954678 10.7365546987 15.634081459 3.96712285533 4.541471277 9.8918347179 2.60939515794 2.15883917441 3.53144052724 4.13856817843 3.32827714135 3.46191843576 2.62649235236 3.00150793818 2.04154171546 2.86456672685 4.89689700326 5.42486130554 4.28885327413 2.40205834312 3.49537141272 2.96076895992 2.62700454621 3.41814282302 3.57643641022
-9999 -9999 -9999 -9999 -9999 -9999 -9999 -9999 -9999 -9999 -9999 -9999 -9999 -9999 27.9607451647 26.3530117269 24.9900305997 25.8784744398 24.0097252908 24.131140929 21.378035442 20.886061644 19.0647894152 19.3052571094 16.4988893165 17.2497213599 14.2525932816 15.799764831 12.1854040787 11.3140328822 10.1270768974 11.322355614 9.32452193585 6.73037136077 4.48747537659 4.54265177846 3.51802961202 7.95597219412 2.4809187426 3.6618404543 2.49583656699 3.38464207665 2.47315082917 2.75771368386 2.22781328268 2.52642394883 4.22126267725 4.71379534588 8.72838637389 9.75627774864 6.9746104778 7.9675122041 5.30013923051 5.54104059655 4.97786814337 4.13780382864 4.85519776328
-9999 -9999 -9999 -9999 -9999 -9999 -9999 -9999 -9999 -9999 -9999 -9999 -9999 -9999 -9999 25.0698598577 23.821996733 23.5591909371 22.4555502848 20.8340596983 19.4577219616 19.9735265134 19.3499574873 19.3956023098 16.4392929492 17.0080376299 13.9255132742 14.3835800385 8.95840773131 11.4990161438 8.16286779322 8.04962230854 6.72443766951 8.54719847484 4.90467088412 4.95562709023 4.12612622965 4.02844997549 3.43470453768 1.95742323234 1.04929153101 1.50963594123 1.69669042991 2.03638768601 2.14036233573 2.06225543941 1.52309229747 1.6458861491 2.78256111035 3.59755248677 2.63257191234 2.30725215672 3.73777609385 6.259434013 5.96814199705 5.8795971442 5.16717641226
-9999 -9999 -9999 -9999 -9999 -9999 -9999 -9999 -9999 -9999 -9999 -9999 -9999 -9999 -9999 -9999 23.623538614 23.1962868752 21.8153588931 24.4199975483 23.1387503468 22.8835337823 19.2978661493 18.2856183671 17.4603918046 16.5981033892 13.668661246 13.9008428631 8.29236018425 12.5656996651 10.2724555191 9.35352613309 7.65940688892 5.2023800951 4.84337693477 5.39250041728 4.79029960862 5.22011341142 4.67228863439 6.09370670192 7.88958189891 6.9706390333 5.74411972627 3.33801679874 1.55876182234 1.20469901057 0.962850690443 3.30617797664 2.6657465134 1.97053756917 2.93928155814 4.69726143191 3.5602869651 2.86150402407 3.42366703557 2.997767553 2.78053427385
-9999 -9999 -9999 -9999 -9999 -9999 -9999 -9999 -9999 -9999 -9999 -9999 -9999 -9999 -9999 -9999 26.1484382971 25.483164634 24.3208859995 24.179990226 21.2122678055 21.5634040928 19.46397392 18.6458155217 16.951106412 17.8988560426 14.4724794654 14.6125234404 8.96931338859 11.3349107252 7.69761064239 6.1336800678 6.47895869902 5.2948878323 6.3255557146 5.14450545434 6.18983791757 5.37585806174 4.58814771364 4.3808320189 4.85426267977 3.07953823504 4.81437210058 8.55438006008 4.72364473448 2.89612509506 2.69894313569 1.93884374745 1.92015543698 2.51310376211 3.6797063174 3.88927286827 5.23396234705 5.5884443293 6.83635836443 4.87634098681 2.8107979291
-9999 -9999 -9999 -9999 -9999 -9999 -9999 -9999 -9999 -9999 -9999 -9999 -9999 -9999 -9999 21.7905529739 21.7778057231 23.5385860025 24.5737489297 23.8789659625 21.7029469134 21.1246502673 19.1357425334 18.4135119118 16.334233526 17.1162432134 14.9143975221 15.1601192915 11.6089566813 12.7623957578 9.9123096131 10.2366804408 9.51325229991 7.61400134093 5.63333759537 7.93521545359 5.75438508801 9.35826567384 6.78151349956 3.33010805897 4.13237794831 5.65608229069 4.68476797967 4.58884153048 4.39170214058 3.06770660887 1.12357142508 1.68695895846 2.83033728243 4.07630977423 3.15437769089 2.37226545148 2.75526101727 3.13821026741 3.540550742 3.66174842222 4.15285382528
-9999 -9999 -9999 -9999 -9999 -9999 -9999 -9999 -9999 -9999 -9999 -9999 -9999 -9999 24.0425700351 23.1318512881 22.2824470682 23.4687868486 23.4112636053 23.2183820734 21.2933925479 22.068758802 18.9524599982 19.2697859066 16.2938476704 15.824494271 13.3788475751 14.0441862543 11.3758919622 11.3658594476 8.67719713205 8.91769491816 6.93665079428 8.7702461811 8.95512648124 13.7007525413 5.38346173749 3.63117749227 3.7868417843 5.52699120677 4.37222571001 3.6494066666 3.20606316233 3.61219564476 2.1838542387 1.85936210598 2.23721097796 3.89591085456 3.93629955953 3.09394742455 2.73053780461 2.699264815 3.00060276949 2.91970080298 2.76324483542 2.97814642253 2.9811173001
-9999 -9999 -9999 -9999 -9999 -9999 -9999 -9999 -9999 -9999 -9999 -9999 -9999 -9999 24.839140774 25.6752591938 23.9717444041 23.0401004573 20.754616492 21.0266867237 19.4509537484 20.8321166003 18.9652317746 19.4550788468 16.4458314301 14.9010833633 13.3302169417 14.0481442559 11.5043656564 11.7530653024 10.3555442341 12.0361321605 11.8870815917 11.0371266417 9.27940231357 12.773806968 13.3707095603 15.4591083107 9.62374077693 9.83567871741 11.6408760342 10.9317216173 4.91270975257 4.41618187294 3.76751651084 2.08868667733 3.60476984457 6.49882878591 6.2458824189 7.05439300152 7.0734948719 7.01222954177 5.28139286035 4.6053956823 5.29471577707 5.06452364804 3.78465161761
-9999 -9999 -9999 -9999 -9999 -9999 -9999 -9999 -9999 -9999 -9999 -9999 -9999 -9999 -9999 -9999 24.4724009159 25.9827505587 25.5423751306 25.2176313619 22.9956623691 20.3831678939 20.3654503023 20.3497201361 17.077104974 16.9025868303 11.7610558775 12.2662481155 10.213786143 12.1114083506 11.5703825821 11.9567434747 11.1886237118 9.962502071 9.95990396981 10.0330040788 11.0213318189 9.67768566962 12.0292586301 11.6116094089 7.42055436818 7.06076994319 7.12548646072 5.3033782887 2.56097659576 3.13426291041 2.63835933433 3.452842343 4.21070363105 5.00466737124 4.8881736119 5.04399089023 4.49839094255 3.85352295165 2.55319590543 2.74590408734 4.29705723291
-9999 -9999 -9999 -9999 -9999 -9999 -9999 -9999 -9999 -9999 -9999 -9999 -9999 -9999 -9999 -9999 27.0266193315 26.6536816963 26.1705308194 23.3213529744 22.8477226234 23.1854758931 18.4375631056 18.93472797 18.5437855593 18.6981616233 15.2736189206 14.8406176392 13.1667547165 13.4032963952 13.9579874142 13.3931971032 11.2170156077 10.6861823868 8.13832562995 8.61313047859 8.70598057077 9.84955515214 7.09999104302 6.422776561 7.53946151518 9.37138728792 3.80090151479 5.49531081096 7.86213648277 3.20666029336 1.55416931353 2.51608980195 3.95381477204 2.98687960938 2.30357255985 2.35265550526 1.75332532351 2.1163489313 2.00587203479 2.02658477221 1.96467797906
-9999 -9999 -9999 -9999 -9999 -9999 -9999 -9999 -9999 -9999 -9999 -9999 -9999 -9999 -9999 -9999 -9999 -9999 26.3010590886 24.4178813124 21.4970723531 22.7442265604 22.0142718079 20.3891985255 17.903157925 18.3430971524 14.4058104307 14.9362043453 13.0092450743 12.7857322654 10.2352008119 9.20792605936 8.61608948193 9.78432115081 8.01577152486 9.51440467744 9.24313525362 7.20910836113 6.5778476902 8.55692175359 6.46243028041 5.77262143693 4.83769785691 4.80040535148 4.3774158402 4.69239347561 1.90738775935 1.92912424511 2.98281594723 2.34103764463 2.67927644955 3.02844727819 1.80580194003 1.87608358307 2.22373255518 2.42806330052 2.17961926964
-9999 -9999 -9999 -9999 -9999 -9999 -9999 -9999 -9999 -9999 -9999 -9999 -9999 -9999 -9999 -9999 -9999 -9999 -9999 22.6866262318 22.1430120887 22.8889495491 21.7482228852 23.1329818074 19.5742739168 18.9061387428 15.0441639309 14.4856266194 10.602338103 10.2525774908 9.91044495603 10.2158129783 8.34821477373 7.94638113319 6.69688929107 6.49273958808 6.22809565613 8.01286356692 6.99089222595 7.94723296796 6.2057661902 5.68806656359 4.5843464789 5.757571554 5.6777870246 5.90813205339 4.07303267616 2.00242496434 1.54931585418 3.01822430297 2.43049290637 2.5368707607 1.85590329846 1.82965326374 2.30773722753 2.17649220957 1.62639021871
-9999 -9999 -9999 -9999 -9999 -9999 -9999 -9999 -9999 -9999 -9999 -9999 -9999 -9999 -9999 -9999 -9999 -9999 25.060977804 25.9871606402 25.8923336429 25.5706885374 22.2018502884 20.9227223719 19.2396500743 19.2067130258 15.964342254 15.7800294936 12.0033992658 11.2269895217 7.17607326374 5.09364191815 8.21150431196 9.09993869714 8.46516775849 9.58759373831 10.8291695423 10.4734599326 9.66824704236 9.33476049668 8.54575992989 6.19858677462 5.39021989529 2.76605123636 3.35593288923 2.76502542996 5.34174618919 6.77457319292 4.22019322516 2.03920163342 3.01007464101 4.84111179545 4.78212291862 4.52582855827 3.35290076669 2.86499879389 2.51179708746
-9999 -9999 -9999 -9999 -9999 -9999 -9999 -9999 -9999 -9999 -9999 -9999 -9999 -9999 -9999 -9999 -9999 -9999 -9999 28.2571959724 27.4239392242 26.836261126 22.9434680499 21.8319707112 20.8134687911 20.5634459317 16.1737201839 17.0610413897 13.1586519837 15.3582170806 12.43033271 12.3239666917 12.0870956333 10.5736041901 7.94418008876 6.74048218379 6.36140283486 5.61101634101 4.92523266997 4.927724212 5.14510506287 6.84187261797 5.15497621548 3.63196452441 3.54046989202 8.56285938202 7.30486109327 5.70635148611 5.43991888924 3.298530027 1.06511424093 1.68020957388 1.91549060829 2.87193399422 3.21484601877 1.78569742022 1.60534908271
-9999 -9999 -9999 -9999 -9999 -9999 -9999 -9999 -9999 -9999 -9999 -9999 -9999 -9999 -9999 -9999 -9999 -9999 -9999 -9999 25.6309542642 26.6058381198 23.1029925434 22.963077618 18.7817724357 20.1228456985 16.1025628282 17.6059210725 16.3553708705 14.6395132684 11.1669454956 10.6039116942 9.84885286284 8.66907188938 6.25301077933 7.67408476144 8.71591300755 9.45876540065 9.24779630185 8.57298041814 6.53053489573 8.37843541779 8.66113725567 7.76006892478 9.56898859217 8.50143023428 7.04717212662 7.86944194136 6.74501008795 6.41769340435 4.50965731942 2.70094837216 1.37314065191 1.12856638091 1.96464252083 1.70500665758 1.69711892494
-9999 -9999 -9999 -9999 -9999 -9999 -9999 -9999 -9999 -9999 -9999 -9999 -9999 -9999 -9999 -9999 -9999 -9999 -9999 -9999 -9999 26.5606110575 24.4085027967 24.5871526583 18.4906384558 17.3864614482 16.1531735823 18.7146400991 14.0012955431 12.9666744723 12.5674935285 13.3031579779 11.965264055 6.78977376793 12.2355618824 12.4517862437 10.2022619542 8.62135226399 7.72332564682 7.90704194229 9.8773611623 10.301844095 11.0672107135 8.6440882144 7.20896838679 5.48218581484 6.70152190147 7.35123588077 7.05970878151 8.53614698025 10.5056079293 4.80316406146 4.45026717505 2.67857265057 0.853925916237 1.15374254359 1.31764213952
-9999 -9999 -9999 -9999 -9999 -9999 -9999 -9999 -9999 -9999 -9999 -9999 -9999 -9999 -9999 -9999 -9999 -9999 -9999 -9999 -9999 24.5387925941 22.8315163058 22.8363402123 21.5274914613 21.8462910674 18.8263922999 18.823812498 14.7017516487 15.8408844207 8.34886911752 13.2721251425 12.9607056177 12.1292043161 8.4982613338 9.4104838703 8.41805846262 9.39764262553 8.76941338144 9.83424290989 9.96751996302 9.62427261667 7.69638535593 7.69715507986 9.29931360046 8.88431071405 8.1541348238 7.9590197329 5.57111784998 5.67556541822 4.45866659368 2.53446495572 1.7751619708 1.65269253967 1.57676665609 0.946885614454 0.996860798625
-9999 -9999 -9999 -9999 -9999 -9999 -9999 -9999 -9999 -9999 -9999 -9999 -9999 -9999 -9999 -9999 -9999 -9999 -9999 -9999 -9999 -9999 23.762820654 25.5443158174 23.323174845 21.7105194332 18.6100364492 20.0003741401 15.1754594788 15.0211655262 13.8917589573 14.58361732 12.328918264 12.5276580956 13.0036675333 10.9284659057 11.3410166864 10.8652860148 10.9308015985 10.343994583 10.4620036454 7.44256406534 8.00728330149 9.89786981754 6.34305900126 5.74718948902 4.90755345936 6.41176821717 8.0419952915 5.06042559372 2.05482892855 2.13624707593 5.88722160892 2.97184570389 1.07721361989 0.911826304628 1.00357993921
-9999 -9999 -9999 -9999 -9999 -9999 -9999 -9999 -9999 -9999 -9999 -9999 -9999 -9999 -9999 -9999 -9999 -9999 -9999 -9999 -9999 -9999 24.3332390338 23.8658553632 22.6782788823 23.0258776049 19.7977086315 17.7340643305 15.6729342512 16.1393988468 14.0350983372 14.3361751508 13.67707296 13.1442370594 11.0918371316 13.3824598775 10.701944375 10.4529960383 11.8030984086 11.3672892225 8.35928192316 10.6294892948 8.14245417849 6.57174313771 5.86817040209 7.45089229157 9.21231016116 9.12043876797 5.42425182694 4.83970816826 3.0355094956 3.92423188899 2.21593457813 5.16459915679 2.60281717013 2.27602520689 1.55082145367
-9999 -9999 -9999 -9999 -9999 -9999 -9999 -9999 -9999 -9999 -9999 -9999 -9999 -9999 -9999 -9999 -9999 -9999 -9999 -9999 -9999 -9999 24.5168033684 25.6419222156 25.7334002363 23.5877462668 21.0131730942 20.6551103093 17.4292809829 18.3521602895 15.2962789428 13.95161337 12.50040981 13.4235468807 14.0314345486 11.0313043338 10.8402326569 13.183371985 12.0839251575 11.2975192744 11.3077344711 9.45669603007 7.01868916149 8.639965387 10.1854655924 9.74556346401 9.70070499261 8.58431430413 6.70257281475 6.71400798621 8.19170964172 6.87220871615 4.56818377763 5.03186937564 5.35608917247 5.82048645078 2.85409908696
-9999 -9999 -9999 -9999 -9999 -9999 -9999 -9999 -9999 -9999 -9999 -9999 -9999 -9999 -9999 -9999 -9999 -9999 -9999 -9999 -9999 -9999 -9999 26.5435509327 26.3964908478 23.9796509698 20.196356896 20.0881688628 17.3891207661 17.7196473686 15.395296412 16.356914606 14.7687498168 15.8926013953 12.8680139185 13.7872355147 13.9305579613 12.6962011844 9.40478830697 8.87145714625 6.89864125531 8.98042241758 10.9280194374 10.994862886 9.69242454073 8.78189064904 5.36930677894 4.90949096666 4.64051050921 5.06523414145 3.86761942562 5.0082646674 5.4456764857 7.33828276999 3.50085516777 2.258192989 4.49132394751
-9999 -9999 -9999 -9999 -9999 -9999 -9999 -9999 -9999 -9999 -9999 -9999 -9999 -9999 -9999 -9999 -9999 -9999 -9999 -9999 -9999 -9999 -9999 23.9754920375 25.7197356815 25.563349951 22.9612952608 23.8601873039 19.3298254119 19.9717944706 17.3596837849 18.0636465364 15.7967722011 15.2849990792 14.4183874508 14.2281309385 13.021920766 11.7673479832 8.96982536177 6.43029868643 13.2100744312 13.1274465897 12.4945640992 10.2404273361 7.59348333962 8.1732184994 9.10260245746 9.99394877333 8.28901024383 8.09923781915 8.90536210773 9.23747872824 6.11859181947 4.76424832244 4.39523877343 6.96971266633 4.65472605847
-9999 -9999 -9999 -9999 -9999 -9999 -9999 -9999 -9999 -9999 -9999 -9999 -9999 -9999 -9999 -9999 -9999 -9999 -9999 -9999 -9999 -9999 -9999 -9999 26.9594220647 25.5574945256 23.0582223707 22.4562984038 18.9254409351 19.9117275542 16.9686397893 13.1589013748 15.1227849401 15.4988393002 15.3384862353 12.0107198504 10.854227952 13.7654467785 12.3574388342 11.9864958754 13.7780493529 10.032405324 7.79811487862 9.06043605227 10.504865183 9.7705246658 7.11703898305 8.6961574729 9.5957992679 8.45294884275 6.35455914499 4.66584763049 3.23085378005 5.19697391656 7.09754057725 4.94697487154 5.19123648401
