data/recharge/transience/recharge586.asc
ncols                  80
nrows                 72
xllcorner      4374000.0
yllcorner      5656000.0
cellsize            500
NODATA_value       -9999
[rows 25 to 49 of 72, columns 0 to 55 of 80]
-9999 -9999 -9999 -9999 -9999 -9999 -9999 -9999 -9999 -9999 -9999 -9999 5.79589179394 5.85491983457 5.59384409186 4.69517947146 3.52821845144 3.57615085812 2.56616105136 3.1383864654 2.71916968702 3.21761585477 2.78722746885 2.1587591563 1.49883378829 1.46429370082 3.16390177094 1.33959558873 0.921042192538 0.789341008748 0.658776814529 0.606209395082 0.928041813583 0.983444128227 0.801640428541 1.47413337721 1.76195671444 0.461291239355 0.294766328646 0.387993155026 0.360139645966 0.322843475791 0.831657265647 1.44457408109 1.40800764013 1.42724588792 1.41938644897 1.41415509398 1.32901468783 1.38973277364 1.12068206881 0.401069266826 0.168993420003 0.133061015876 0.225703697892 0.137605765139
-9999 -9999 -9999 -9999 -9999 -9999 -9999 -9999 -9999 -9999 -9999 -9999 -9999 5.92765868827 5.99768850711 6.19021617158 4.2413006927 3.61103916779 2.8554177828 2.61680661879 2.56666073024 3.35247342166 3.63301555343 3.05990587303 1.91770729008 1.23000155991 1.23863442136 0.873422264059 0.915677865816 1.00784491275 0.788950161183 0.741003012228 1.56718634862 0.26671221548 0.575809783664 0.590352597199 1.41691822336 0.3642146773 0.415889125169 0.343925773177 0.287713928841 0.322970008968 0.196253499012 0.268345757523 0.354549576208 0.626932780766 1.14082763616 1.11462044062 0.37866944536 0.177562287535 0.132728001989 0.141081633285 0.148861729515 0.150788154732 0.642119478171 0.134220444354
-9999 -9999 -9999 -9999 -9999 -9999 -9999 -9999 -9999 -9999 -9999 -9999 -9999 -9999 4.74574315121 4.83581529852 3.89770596012 3.20361551077 2.81676898001 3.009745216 2.60913041551 3.35648796945 3.51408742854 2.80156984816 1.56942954477 1.62734751505 1.72809172107 1.71012435752 1.07267887935 0.83397077821 0.823379327036 2.09376503104 1.95532458231 0.414325322096 0.397086785531 1.00118593439 0.999498691623 0.352363171838 0.626196724976 0.678493096101 0.38171434285 0.408152700612 0.301658355489 0.227344654473 0.164824006677 0.191988843267 0.274381735709 0.630821529653 0.274714652891 0.200382639761 0.150351130023 0.114856173472 0.103840552035 0.304966090604 0.725463482295 1.17668120117
-9999 -9999 -9999 -9999 -9999 -9999 -9999 -9999 -9999 -9999 -9999 -9999 -9999 -9999 3.89279215344 6.21597386691 4.41437621111 3.51027136575 3.03116723917 3.18958676198 2.99217932151 3.55166272735 2.51865327082 3.45652523564 2.83975875741 3.0368352146 1.80240900208 2.44049393829 2.70092757385 2.30889654351 1.83667095176 1.12122116494 2.05563807916 1.83846162904 0.455718324727 1.05117199767 1.34998423474 0.466412637636 0.695294541757 0.412290470117 0.257751794361 0.292843299944 0.275371947546 0.285542600668 0.228144124722 0.182803025892 0.0936344749379 0.182990735744 0.356022584929 0.141320390057 0.179659091148 0.20923333593 0.224536530185 0.137145799733 0.242998439357 0.485558340043
-9999 -9999 -9999 -9999 -9999 -9999 -9999 -9999 -9999 -9999 -9999 -9999 -9999 -9999 3.39093100018 4.30734729346 5.38153731267 4.03820311073 3.77457471524 3.69192750184 3.18935585854 3.40210281898 3.22584549402 2.88282996102 2.29146127653 2.31772568145 2.64231686456 3.04221662055 2.4558603129 2.61574787284 2.3074629188 2.19927564926 1.9595552881 1.23539224653 2.6554628427 0.942290916916 1.06641614054 2.21705176744 0.69713622708 0.535454407082 0.254694293414 0.298712894779 0.244985549838 0.251673339486 0.168307290758 0.187639129901 0.13747750915 0.191002422658 0.34306432257 0.351913788366 0.241071488588 0.137734047991 0.219451813519 0.213712069068 0.151896341057 0.169950381268
-9999 -9999 -9999 -9999 -9999 -9999 -9999 -9999 -9999 -9999 -9999 -9999 -9999 -9999 7.58019187888 6.74089760898 6.38452264094 5.7823610963 6.15332233565 6.75320802397 3.82002716597 3.75768285781 4.17489285456 3.2256839844 2.05542845886 2.3405817611 2.19535415418 3.40247364574 2.85949983309 2.72668861544 2.45778913425 2.61945728799 2.28067051706 1.69645067914 1.07271617096 1.08738823158 0.826264732599 1.72446928804 0.594755506676 0.846457803961 0.752705085842 0.378717675034 0.181590844098 0.198913135568 0.152316446622 0.150497437528 0.227566119186 0.227998824294 0.506849654161 0.631559078709 0.376557736645 0.422451749627 0.24292941756 0.291019189974 0.276847515819 0.22511548936
-9999 -9999 -9999 -9999 -9999 -9999 -9999 -9999 -9999 -9999 -9999 -9999 -9999 -9999 -9999 5.97391527781 5.67172949324 5.26642593257 9.63230477178 4.8972572858 3.04796677063 2.97080967849 3.32161832297 3.46215852422 2.03972453452 2.65165699006 2.29432599093 2.6663291852 3.39735558182 2.57885693747 2.20439494368 2.07124985329 1.74504669147 2.60175684135 1.18528255477 1.19921560823 0.979282721571 0.954233724283 0.82107933359 0.659109922755 0.409745399064 0.577215006796 0.0777048800986 0.0869813030285 0.117312178325 0.0937892627649 0.0917628255218 0.106746560694 0.12859333281 0.166264017011 0.147327989821 0.130485159638 0.207038816416 0.377694865945 0.345594987653 0.338931950718
-9999 -9999 -9999 -9999 -9999 -9999 -9999 -9999 -9999 -9999 -9999 -9999 -9999 -9999 -9999 -9999 5.58008037256 4.16132422436 4.50343723844 5.37258729248 4.3871523238 4.62553357204 3.02401942546 2.30593952144 2.2640414863 2.1489655107 1.80894433719 1.74583897476 1.70049302583 3.05257306057 3.31026275408 3.01706232097 2.75995437402 1.71248490712 1.12988097317 1.27875216962 1.12300854474 1.23806805651 1.10466406013 1.42641331675 1.40391387864 1.21410711341 1.27551713053 0.180593037333 0.0846972927463 0.0573088334924 0.0424897492302 0.156359650201 0.143646034604 0.109932815195 0.153308378857 0.252273957213 0.180143347197 0.145017540537 0.169382263986 0.148616994154
-9999 -9999 -9999 -9999 -9999 -9999 -9999 -9999 -9999 -9999 -9999 -9999 -9999 -9999 -9999 -9999 4.34602408079 4.57300873605 4.92873146638 4.17947121931 3.68765593716 5.06437312359 4.33311431071 2.610980012 2.27393227009 2.47182809055 1.94931836807 1.90158809643 2.75800506244 2.32201118285 1.3917053009 1.20339012939 1.37602592356 1.57375609641 1.65404292965 1.08834041762 1.21584713674 1.14630805652 1.08277514921 1.0199697323 0.543741062398 0.774127067456 0.291675134079 0.474769582348 0.273358966856 0.173048324293 0.762990100062 0.505990353175 0.137785350645 0.135849044132 0.19322697287 0.205053671184 0.275444429116 0.297690118651 0.376549167452 0.247438186218
-9999 -9999 -9999 -9999 -9999 -9999 -9999 -9999 -9999 -9999 -9999 -9999 -9999 -9999 -9999 2.92119735844 3.05068988591 2.97812017527 4.03052565722 3.9170232426 3.39564224072 3.68330076586 2.96207148609 2.56721504879 2.11026380001 2.2421976412 1.93713170578 2.06232100566 1.71264209998 2.61786817689 2.37674849969 2.41711263782 2.14768890637 1.60368451892 0.273518760265 0.252898111198 1.04644579862 1.08118386822 1.40864089619 0.746567223418 1.05578716352 0.20866678013 0.182708559162 0.178448692947 0.200208472896 0.136370399189 0.319447190707 0.235795737048 0.182090876957 0.20863639762 0.153934245764 0.117873164812 0.131365277943 0.148469929647 0.164088273158 0.169745631563
-9999 -9999 -9999 -9999 -9999 -9999 -9999 -9999 -9999 -9999 -9999 -9999 -9999 -9999 3.5379371066 3.2100296488 3.17026902848 1.93562918291 2.50375546989 3.63135633021 3.09557623669 3.43400134254 2.61480948989 2.71034751454 2.11833380555 2.02588477892 1.74595748778 2.14852023135 2.67663568411 2.67533002829 2.22411128071 2.25377695135 1.34757037064 1.2059129303 2.43632404007 1.5023177427 0.260216835303 0.748216533157 1.20651230666 1.24710062002 0.606595861142 0.138898171461 0.120712941382 0.137014673717 0.0926150632359 0.0746096671627 0.0866869998164 0.210388510448 0.217192484457 0.15552815864 0.133766424617 0.132353272998 0.142215656914 0.138685044011 0.12964587225 0.138835495942
-9999 -9999 -9999 -9999 -9999 -9999 -9999 -9999 -9999 -9999 -9999 -9999 -9999 -9999 3.88251815534 3.91721245339 3.54683299067 1.74661535189 1.36405648555 1.49714245754 2.46616909737 2.94816279167 2.5716143316 2.71086776509 2.04791848342 1.71013689266 0.907663573409 0.997031996396 1.30383629607 2.48963330899 2.38990378277 1.4749018554 0.947390738073 0.820083381477 1.15848529995 0.796941913306 0.587127860859 0.794238761732 0.366757988802 0.379404751899 0.528065621544 0.473457671597 0.174241963568 0.153134582415 0.138041165105 0.0674473079898 0.142572082164 1.30982478387 0.760087125273 0.359672615544 0.354672494004 0.349920308457 0.244181422519 0.208418202941 0.244466094193 0.231887509512
-9999 -9999 -9999 -9999 -9999 -9999 -9999 -9999 -9999 -9999 -9999 -9999 -9999 -9999 -9999 -9999 3.61988134356 2.91987480222 2.98341445874 2.88612201237 2.0938637966 2.39964535444 2.91025637267 2.92541793978 2.15939001693 1.19348439733 0.577493280867 0.62393287621 0.504245173068 1.01502890604 1.19427441599 0.937508425574 0.837719628548 0.682918043026 0.701003563588 0.709652154992 0.546662674019 0.309843503774 0.534840044066 0.661790592813 0.362311572595 0.295021359504 1.0899033705 0.521651410624 0.0885447926948 0.112049437146 0.100314021466 0.734368984345 0.556055855061 0.231289019798 0.222638597376 0.230852848896 0.203127034705 0.171644547774 0.115208544781 0.122944612689
-9999 -9999 -9999 -9999 -9999 -9999 -9999 -9999 -9999 -9999 -9999 -9999 -9999 -9999 -9999 -9999 3.30637496915 3.01111629695 2.92128660614 1.85128148256 1.97425725533 2.05142881537 2.2164179699 2.46945812554 2.4030641145 1.38805440969 0.96503747761 0.897673779691 0.83940820109 1.08350189472 1.19680537726 1.1129591742 0.823537852822 0.716172678582 0.474186465492 0.514369555112 0.518685903265 0.634209128149 0.393571733587 0.363093504357 0.460449496232 0.637903848164 0.654364912799 0.684261627531 0.315104688319 0.0935036653994 0.0374360420027 0.0670788551711 0.220138463011 0.124347501911 0.0993503325894 0.101138492718 0.0813241904969 0.0940816542985 0.0920618186728 0.0928787531934
-9999 -9999 -9999 -9999 -9999 -9999 -9999 -9999 -9999 -9999 -9999 -9999 -9999 -9999 -9999 -9999 -9999 -9999 2.9967128751 2.2128420824 1.59034968296 1.93305069158 2.09044427 2.85845569927 2.27785237745 1.71333652395 0.843660901909 0.905382656057 0.936127186137 1.00555768437 0.751310872971 0.66232504361 0.608552672479 0.659826019764 0.464752160393 0.601120275909 0.569892950126 0.397885092582 0.351908099313 0.53888733755 0.3732316655 0.323391532303 0.276040686638 0.273684375459 0.246526965551 0.188738257739 0.0513586421962 0.0529262413647 0.0836834277346 0.0872229776674 0.277584062405 0.715793387812 0.0830549137861 0.0854456501803 0.100152567264 0.108116047912
-9999 -9999 -9999 -9999 -9999 -9999 -9999 -9999 -9999 -9999 -9999 -9999 -9999 -9999 -9999 -9999 -9999 -9999 -9999 1.60093676032 1.62764062892 1.8334393077 1.70523652218 3.62843306779 2.61773462841 2.53610747238 1.81643965827 0.970191882777 0.758936082675 0.72825322101 0.704801831771 1.68039528284 0.700439456898 0.54524234363 0.342075128587 0.270921684452 0.244945431167 0.372076182321 0.339025075096 0.43339047142 0.32643931728 0.29195740486 0.22982893708 0.299957149866 0.31574614337 0.324315165958 0.141414939743 0.0459311259766 0.0325866573003 0.0820862156024 0.0878264526912 0.108555104356 0.081240777938 0.0803653566812 0.0981513300667 0.093449393254
-9999 -9999 -9999 -9999 -9999 -9999 -9999 -9999 -9999 -9999 -9999 -9999 -9999 -9999 -9999 -9999 -9999 -9999 2.42938203681 2.8506511839 2.96295462493 2.81451197132 1.86301979943 2.94200795078 2.54786643562 2.58840790715 2.526766579 1.61778384291 0.896811806639 0.815919743886 0.895303306495 1.24098378034 1.26644978611 0.472516008265 0.353936513279 0.433790841907 0.530563845052 0.49627990876 0.438156481108 0.449447761439 0.502032057955 0.32575868762 0.300801660222 0.720635974139 0.892937916963 0.584989526763 0.325779494688 0.23729159711 0.131853368405 0.0507105198099 0.082777348108 0.849178197928 0.473194860217 0.506734934286 0.185002451798 0.119312637276
-9999 -9999 -9999 -9999 -9999 -9999 -9999 -9999 -9999 -9999 -9999 -9999 -9999 -9999 -9999 -9999 -9999 -9999 -9999 3.75911296031 3.57391040059 3.23224486417 1.98007884557 2.80993353029 2.88176996935 2.83798896121 2.01923422565 2.74576110569 1.39722195467 1.77519737535 1.80072204434 1.75950306376 0.892601950061 0.539880925389 1.58199037496 0.836839568151 0.216855811718 0.18708344958 0.156535128988 0.156489450483 0.193784447045 0.329242409111 0.279606298019 0.314633762484 0.520879251511 0.54143401635 0.409939242035 0.271951041906 0.164356063129 0.085399032588 0.0187777348828 0.0311149206429 0.316492004613 0.599932630793 0.903817469887 0.0504247347091
-9999 -9999 -9999 -9999 -9999 -9999 -9999 -9999 -9999 -9999 -9999 -9999 -9999 -9999 -9999 -9999 -9999 -9999 -9999 -9999 2.52913202051 3.00409649187 2.02931835851 2.20327730394 2.4291756832 2.73082053681 2.14427131256 2.83813458794 3.19645139794 2.96749688562 2.47237857486 2.40604446649 0.660814286308 2.35423174324 0.593248852647 0.455174589129 0.365457069406 0.454343240068 0.407335869349 0.381726691633 0.299358600041 0.423663181661 0.483379190044 0.414983406639 0.587196050213 0.48820946253 0.390471354534 0.45567817884 0.353117710575 0.217228528149 0.172682696919 0.111452450308 0.0264425457799 0.0327107896343 0.277122693714 0.0489012122114
-9999 -9999 -9999 -9999 -9999 -9999 -9999 -9999 -9999 -9999 -9999 -9999 -9999 -9999 -9999 -9999 -9999 -9999 -9999 -9999 -9999 2.70912602497 2.28008958691 2.31381916528 2.30938975991 2.12754602379 2.21074333611 2.92733998669 2.98557050574 2.74263538017 4.40504080083 2.72188137914 0.6143142731 0.801132909749 0.693776426919 0.691530327438 0.560063427323 0.338056465093 0.292785650098 0.3506070527 0.510336679104 0.549664525913 0.646509404597 0.448047671489 0.359938131438 0.255391564993 0.339061817627 0.383444921461 0.378351899034 0.510379984208 1.92387322851 0.995126451146 0.190652574171 0.0667625072309 0.0135656273314 0.0194971679294
-9999 -9999 -9999 -9999 -9999 -9999 -9999 -9999 -9999 -9999 -9999 -9999 -9999 -9999 -9999 -9999 -9999 -9999 -9999 -9999 -9999 2.02751972428 1.833547881 1.84574624218 2.30164894642 3.07365755573 2.52944566067 1.69736213767 1.53787258284 2.97745515568 1.49255777303 2.51164184066 0.775762683503 0.603565227898 0.363593586091 0.514739705938 0.41505305698 0.321321326797 0.254938616238 0.412806885677 0.51917904728 0.48900975105 0.359329295498 0.364933656049 0.520919780796 0.485824921751 0.44425508217 0.428905532359 0.244124455633 0.359412778897 0.868699257423 0.510078643411 0.264183022137 0.0334632100629 0.0306185549713 0.0152413585685
-9999 -9999 -9999 -9999 -9999 -9999 -9999 -9999 -9999 -9999 -9999 -9999 -9999 -9999 -9999 -9999 -9999 -9999 -9999 -9999 -9999 -9999 2.00575092407 2.57949903235 2.67328359073 3.03667370899 2.40641232059 1.59851703471 1.07784287773 1.31512110816 1.48200717422 1.56485255998 0.832845790089 0.797483263279 0.912201018366 0.659337067361 0.553974299207 0.483760361875 0.395438573524 0.460154393626 0.54530262194 0.331311657105 0.369066193059 0.506053421776 0.290164697893 0.26297665773 0.179143522221 0.228253549918 0.325865036034 0.567442819394 0.485416467471 0.524715524811 0.175458592648 0.074684666563 0.0172001501628 0.0141241106634
-9999 -9999 -9999 -9999 -9999 -9999 -9999 -9999 -9999 -9999 -9999 -9999 -9999 -9999 -9999 -9999 -9999 -9999 -9999 -9999 -9999 -9999 2.14508162212 2.03621966287 2.52588073301 3.41543119745 2.56808893762 1.15154461203 1.3454700704 1.40167763519 1.14845760853 1.18987608184 1.08702147329 0.957216176224 0.677463024937 0.972178212712 0.602133991422 0.49256148969 0.584493683736 0.642020817015 0.385991399188 0.560143070244 0.377813092396 0.288335225087 0.257035848365 0.361138693171 0.433599447591 0.499713983721 0.258958595072 0.237527091993 0.279560529328 0.170229427495 0.0484697782508 0.155052899272 0.0661448187744 0.0538689484732
-9999 -9999 -9999 -9999 -9999 -9999 -9999 -9999 -9999 -9999 -9999 -9999 -9999 -9999 -9999 -9999 -9999 -9999 -9999 -9999 -9999 -9999 2.08124292159 2.44333393292 3.29932484858 3.62001399291 2.41578575464 1.61670601989 1.33235045311 1.77057478944 1.34373267894 1.16069400432 0.98327357444 0.994037140025 1.04911050447 0.669747607202 0.616820936187 0.884368166925 0.709500610133 0.626324574452 0.621846798569 0.465421700495 0.312429804609 0.408732530416 0.528039252067 0.494268091873 0.527361807147 0.439445735494 0.327299019355 0.327916523553 0.443930678617 0.349136895004 0.124688066896 0.140612609755 0.1681047265 0.187714526934
-9999 -9999 -9999 -9999 -9999 -9999 -9999 -9999 -9999 -9999 -9999 -9999 -9999 -9999 -9999 -9999 -9999 -9999 -9999 -9999 -9999 -9999 -9999 2.72327179606 3.72290359544 3.73652630505 2.18764346451 1.4697999028 1.22324385561 1.65784798344 1.36124151604 1.51091916701 1.26903099182 1.40225009623 0.880503935296 1.01031005163 0.994083355384 0.820975370308 0.470158918088 0.57859709067 0.308850327021 0.432402429883 0.570108976563 0.591039298332 0.486017504562 0.419253767497 0.236834032601 0.220988942683 0.212430790072 0.233823586044 0.179701777664 0.236810876667 0.249980415226 0.243286074851 0.0953060100461 0.050700880008
