data/recharge/transience/recharge67.asc
ncols                  80
nrows                 72
xllcorner      4374000.0
yllcorner      5656000.0
cellsize            500
NODATA_value       -9999
[rows 25 to 49 of 72, columns 0 to 55 of 80]
-9999 -9999 -9999 -9999 -9999 -9999 -9999 -9999 -9999 -9999 -9999 -9999 18.5278292357 17.4961125736 14.4273669148 14.0302879938 9.81373918373 9.93874946788 7.76272361026 9.32140574362 7.583756496 7.21028611358 5.65584484691 2.61106546146 3.30717137205 4.32417489026 3.60085485305 3.29097077409 2.25391792107 1.84879306243 1.41075431863 1.25126020033 1.3265844885 1.26631296986 0.090530609812 0.486382466333 0.445340630003 0.152422851872 0.0985336859981 0.465326165589 0.41497146032 0.311842519396 0.765324158399 1.23401440397 1.1574123045 1.20648533669 1.23534587521 1.22090817252 1.25598309644 1.4244088047 1.34676167504 0.538217372532 0.180172170854 0.129981360614 0.154554629271 0.156785073963
-9999 -9999 -9999 -9999 -9999 -9999 -9999 -9999 -9999 -9999 -9999 -9999 -9999 14.6424709413 15.4856622581 16.3087008645 12.9813977555 11.9235327634 9.04968350612 8.05797788412 7.35602728901 8.76466016166 8.62092938712 8.22228782063 5.63043995941 3.92401725973 2.95530462075 2.33657468657 2.03602450855 2.30704020386 1.66145312922 1.5042818873 1.83618571647 0.255529061087 0.0888795710088 0.242743486538 0.517731099936 0.120751812083 0.474317014291 0.397648205725 0.305962959859 0.311190563825 0.150375444886 0.255568160282 0.343710444203 0.574036378387 0.950425902846 0.888590122589 0.36604479615 0.157715273287 0.116483069261 0.125009681201 0.151472203818 0.117291839914 0.413286274864 0.125862392535
-9999 -9999 -9999 -9999 -9999 -9999 -9999 -9999 -9999 -9999 -9999 -9999 -9999 -9999 14.1905744525 14.3455080923 11.6855772079 10.2037021041 8.96389836297 9.80602064963 7.59388577253 9.90778171339 7.80834900669 6.8250432451 4.08529784896 3.99367616262 4.19156075366 4.82040260429 2.4384811502 1.79321315264 1.77154628155 2.69267151057 2.80654441844 0.581819804135 0.120899692363 0.333503329227 0.312454096421 0.390704273906 0.482339596668 0.167549010648 0.144842193735 0.270151011457 0.276924974643 0.184217579247 0.121395921694 0.149724200112 0.129679361072 0.0859544265763 0.121372753212 0.145245219234 0.135919538459 0.094753970666 0.0943914551146 0.0753714911134 0.906182209622 1.17143726971
-9999 -9999 -9999 -9999 -9999 -9999 -9999 -9999 -9999 -9999 -9999 -9999 -9999 -9999 6.93290095256 11.7422246273 11.8135602838 10.8045280076 8.94018838354 9.60663451031 8.7342217584 9.35559134188 6.37049751023 9.26091854409 7.47650491575 7.44584129273 3.57834673851 3.81713438833 3.97430034798 4.06973219747 2.31006498345 1.61468412676 2.74717403728 5.50772580192 0.280125316392 0.780237106438 0.314285480736 0.325544161512 0.159547151299 0.149752678782 0.187057833945 0.268728642904 0.299197751334 0.2713223645 0.197762960614 0.146744437178 0.0400551746119 0.132601111582 0.187914835587 0.080192595529 0.175818391571 0.213522797265 0.257336958553 0.152729182585 0.269049632678 0.354020859433
-9999 -9999 -9999 -9999 -9999 -9999 -9999 -9999 -9999 -9999 -9999 -9999 -9999 -9999 10.8118348489 14.3164570102 13.6999007629 12.0925274551 10.9117419311 10.6686421843 8.49622964646 9.46777395168 8.75914138279 7.75509968908 5.42446794469 4.69551933923 4.79966001382 4.75502386994 3.07357882056 3.65754355751 3.0622132499 2.65959897812 2.32706685587 1.60074468123 1.92554323496 0.882148879938 0.921427516435 0.487837980155 0.700001006512 0.139460122918 0.261418597835 0.332859012515 0.25481871232 0.26386131082 0.136512001591 0.152010512605 0.106007893037 0.163480880351 0.368985574656 0.350591749112 0.19000264909 0.0734207210598 0.0916438578729 0.0676520276678 0.0662674156848 0.115898084821
-9999 -9999 -9999 -9999 -9999 -9999 -9999 -9999 -9999 -9999 -9999 -9999 -9999 -9999 20.9780859254 17.7987634935 16.3820325157 17.1414313964 13.8764279026 14.2911180656 10.0245545045 9.31465466749 7.75948255133 7.57017006231 4.80412696723 5.44039176964 4.12697514577 5.48169334659 4.01347380669 3.52332813698 3.2162598135 3.79224330558 2.94850107782 1.04028107031 0.967940173089 0.988966006123 0.738025389788 1.16856426458 0.520059675218 0.755174582676 0.053155592684 0.202297869305 0.173612228812 0.200113438359 0.135042458908 0.117371393582 0.194746001819 0.136100557045 0.284134247722 0.412145156173 0.193784100052 0.286893315851 0.193083487393 0.327156948906 0.355199548092 0.273608279639
-9999 -9999 -9999 -9999 -9999 -9999 -9999 -9999 -9999 -9999 -9999 -9999 -9999 -9999 -9999 14.6168277927 13.4341971455 12.8169580301 12.043432199 9.84994261278 7.13540440039 7.44702517627 7.86113947726 7.85780259737 4.74112132988 5.52572290504 4.0411199589 4.5477742622 3.80241630174 3.3953506192 2.35294784978 2.32795951627 1.73112928244 2.43821760428 1.13619642032 1.15811891859 0.954736881205 0.917288902324 0.805351945174 0.353253028647 0.125602789089 0.148739494577 0.0267495728795 0.0482950233029 0.0915753312877 0.0474438420428 0.0226127634499 0.0244718224091 0.0528789004955 0.120177480399 0.132242579177 0.111965253649 0.227048905304 0.490270205205 0.469806506412 0.458407470685
-9999 -9999 -9999 -9999 -9999 -9999 -9999 -9999 -9999 -9999 -9999 -9999 -9999 -9999 -9999 -9999 12.6699373385 11.0727751985 10.8713309943 14.5625232745 11.9761429132 11.0749886149 7.0827095735 5.42854712376 5.0296657969 4.43949643478 3.31222471138 2.87805257113 2.52439978457 3.18873677673 3.32880124719 2.57863190271 3.69261664077 2.52684195367 0.965675595489 1.1800733484 1.06008339663 1.24015747433 1.12976897889 1.48673984037 0.679812469295 0.596774180338 0.217670517803 0.0410291881746 0.0209529246817 0.0150518596531 0.0125286446243 0.119266163732 0.126057915426 0.0871432297785 0.144912278409 0.277528413012 0.186695853431 0.139708406072 0.183824655496 0.15449529293
-9999 -9999 -9999 -9999 -9999 -9999 -9999 -9999 -9999 -9999 -9999 -9999 -9999 -9999 -9999 -9999 13.2464970989 14.1238630181 14.4866568136 12.167775646 8.70630150684 10.253503846 7.78895898616 6.01346402621 4.74060189645 5.48160916173 3.7199198797 3.51268018435 2.67510536808 2.53225151365 1.66684011215 1.66426186366 1.74418610963 1.93421092119 1.7651385866 1.07937447569 1.46828756101 1.31256852515 1.09511832255 0.961828584286 0.231432212265 0.272037829685 0.276587465263 0.201405917823 0.0759169762981 0.0419098597681 0.0406309664929 0.0793834695105 0.0873546270459 0.116775473752 0.196317002715 0.212085647033 0.324035198115 0.358087607149 0.511433749637 0.299512938203
-9999 -9999 -9999 -9999 -9999 -9999 -9999 -9999 -9999 -9999 -9999 -9999 -9999 -9999 -9999 8.09219378035 8.00067590112 9.55545256949 10.7259986879 10.3124163912 8.66470510604 8.81563961975 6.59975577904 5.51319469243 4.05218734893 4.5185859482 3.58954295431 3.77480286322 2.67635571118 3.07275020571 2.76221048807 2.89656797597 2.71981094166 1.28364331966 0.327501967318 0.213146572199 0.243618537954 0.981492437194 0.888531595773 0.593451577887 0.112051908729 0.0735079034307 0.0476430033454 0.0463396575891 0.0561878282471 0.0367495866702 0.114276861759 0.167698669263 0.113172978404 0.214688233231 0.150608403899 0.104696004159 0.125256789443 0.148174121927 0.175964839596 0.184045427626
-9999 -9999 -9999 -9999 -9999 -9999 -9999 -9999 -9999 -9999 -9999 -9999 -9999 -9999 10.031892667 9.32029194531 8.48832381434 7.57866826457 8.13929105661 9.26128277857 7.3590823 8.6274102901 5.88942948561 6.25568116357 4.08293925871 3.75675774738 2.94715384333 3.36389009709 3.06982072265 3.06399964629 2.26301721599 2.35353351925 1.37404856893 1.29820976602 1.09195859127 0.446775678763 0.324783474785 0.214996472757 0.0372572158048 0.0703764422284 0.0830643168209 0.0352231094709 0.0306304269729 0.0348115319026 0.0254763488069 0.0210498140632 0.0292188865762 0.130462037229 0.205603651691 0.146745903459 0.124540960878 0.122746924831 0.139718836856 0.13499437856 0.127648719719 0.140332245636
-9999 -9999 -9999 -9999 -9999 -9999 -9999 -9999 -9999 -9999 -9999 -9999 -9999 -9999 11.117770794 12.0632403446 10.155231378 6.71885814477 4.58462669424 5.00487461142 5.53856790815 6.90029337666 5.43598003104 5.94683592156 4.0061733547 3.1514757529 2.10874383379 2.26748758842 2.11745469959 3.00609274711 2.70550649428 2.39687179199 1.52926583658 1.26658745966 0.935220481521 1.05368952688 0.363910070214 0.651415488632 0.145809974475 0.155196147995 0.321112728889 0.255992003879 0.0509150313557 0.0439434704101 0.0417143633002 0.0217943333841 0.0438967479879 0.253294997273 0.369763098965 0.439475158938 0.439139865455 0.431530151005 0.288491638581 0.235748745303 0.303508781776 0.283994398323
-9999 -9999 -9999 -9999 -9999 -9999 -9999 -9999 -9999 -9999 -9999 -9999 -9999 -9999 -9999 -9999 10.4382336958 11.1360008153 10.5248627381 10.2172641151 7.15067799717 6.06485150964 6.67760503205 6.73357116253 4.39798412533 3.26748837352 1.29662279329 1.42188335884 1.06821989568 1.84831878713 2.0596345397 1.61484717424 1.30274239542 0.987798737406 1.05838388748 1.07596411706 0.687136091278 0.183573368117 0.410030371884 0.659472123904 0.322827539918 0.211300369065 0.271396287474 0.115876295504 0.0274926333531 0.034023152147 0.0314895599289 0.0886022733552 0.206115961614 0.248073218699 0.240730770818 0.2523436506 0.228141752689 0.183665491926 0.113464158433 0.124099944838
-9999 -9999 -9999 -9999 -9999 -9999 -9999 -9999 -9999 -9999 -9999 -9999 -9999 -9999 -9999 -9999 11.8614383358 10.9850069545 10.141526329 6.42058733918 6.46754646421 6.83996921299 4.55100768964 5.06127125204 4.9149448326 3.86369427317 2.35693494552 2.1706685292 1.87567155813 2.0228573773 2.32239391882 2.09905547839 1.38939540151 1.04346084136 0.590636475521 0.666536469754 0.708747725594 0.94058685722 0.459834141597 0.354027592545 0.517747842987 0.80601085279 0.457207187752 0.418350641385 0.225483331215 0.0303719169416 0.0154761047092 0.0323138291018 0.16810466471 0.111864312005 0.0853129374302 0.0874918278585 0.071743969303 0.0882692337493 0.0916655223939 0.0928124235292
-9999 -9999 -9999 -9999 -9999 -9999 -9999 -9999 -9999 -9999 -9999 -9999 -9999 -9999 -9999 -9999 -9999 -9999 10.3711799545 7.77873032748 5.016503272 6.31769147443 6.35398634152 6.46668227583 4.48026162247 4.07148796025 2.04602294605 2.22886991362 1.85933013302 1.81804727871 1.17300031774 0.945196627191 0.848937204229 0.987823195112 0.573047531914 0.835199865535 0.810281627642 0.479862811438 0.42193336295 0.620743887568 0.388194431213 0.317333157779 0.229870111886 0.226894390516 0.25501393942 0.161437007298 0.0209075138024 0.0202279552397 0.0423215240686 0.0687321183817 0.111260195642 0.139885008931 0.0739421077902 0.0770054353333 0.103021283289 0.114457377383
-9999 -9999 -9999 -9999 -9999 -9999 -9999 -9999 -9999 -9999 -9999 -9999 -9999 -9999 -9999 -9999 -9999 -9999 -9999 5.36094964245 5.06577201468 5.84279773416 5.01718532361 8.28296416879 5.16279939761 4.69586516351 3.06230922703 2.03030417058 1.15488043446 1.07652279125 1.04835646465 1.25440141441 0.823512813044 0.709604047304 0.37876186402 0.245373169973 0.223813861148 0.424593368832 0.423120789653 0.528603130054 0.341829027588 0.291821417976 0.217146428162 0.317482291676 0.35190206198 0.373963727629 0.117486747091 0.0188238875494 0.0157193266981 0.0369293086694 0.0603472546794 0.0979999068891 0.0750329053256 0.0738842827037 0.103360244738 0.0966271015474
-9999 -9999 -9999 -9999 -9999 -9999 -9999 -9999 -9999 -9999 -9999 -9999 -9999 -9999 -9999 -9999 -9999 -9999 8.43011860238 9.79902843408 9.60080088829 9.1512101922 5.56101378982 5.96078412988 4.92863647363 4.91003598524 3.7788963444 3.03620863906 1.50677029944 1.30008153646 0.493399741802 0.923836384721 0.546444996311 0.585967479498 0.343345691529 0.454481679241 0.64093346375 0.579741415093 0.514979233188 0.525692152035 0.612500789343 0.340810732836 0.288656858988 0.146692162483 0.162905211268 0.137408369493 0.356975252536 0.148868504385 0.0495707952687 0.0219957452072 0.035609302623 0.0962037607268 0.188249456385 0.24396119903 0.168106839251 0.1346837383
-9999 -9999 -9999 -9999 -9999 -9999 -9999 -9999 -9999 -9999 -9999 -9999 -9999 -9999 -9999 -9999 -9999 -9999 -9999 12.2549701216 11.0588177096 10.1273600524 5.84962329878 6.08194218882 5.62388260257 5.48219238004 3.25039713025 4.03241882207 2.05136564007 2.95989304812 2.49203815588 2.41478144226 1.23696366348 0.491367074798 0.310714292797 0.189585406924 0.184382848839 0.148596962757 0.128627978777 0.128560852446 0.194868744402 0.381648535096 0.195528189507 0.273567528363 0.374164378558 0.585316025831 0.523282711068 0.30181769804 0.08518395036 0.0329657892857 0.00967240630583 0.069666435448 0.12332393151 0.644953706992 0.109241652326 0.0444882871202
-9999 -9999 -9999 -9999 -9999 -9999 -9999 -9999 -9999 -9999 -9999 -9999 -9999 -9999 -9999 -9999 -9999 -9999 -9999 -9999 8.02181130954 9.48061131462 6.01797773946 6.07136252844 4.172610132 5.13487379497 3.320988966 4.29781488604 4.34066507694 3.60695557738 2.42740258588 2.23960945682 0.652890754359 0.787411099668 0.598375265307 0.443531267035 0.403359727594 0.57130386378 0.523236234048 0.496967282277 0.392715487007 0.62148813118 0.627527110218 0.50000076282 0.793180949564 0.624576061877 0.491684920702 0.599161526197 0.445148260713 0.155456701791 0.0731515185247 0.0413770733783 0.0173160289525 0.0114198810627 0.0667056639225 0.0251697082358
-9999 -9999 -9999 -9999 -9999 -9999 -9999 -9999 -9999 -9999 -9999 -9999 -9999 -9999 -9999 -9999 -9999 -9999 -9999 -9999 -9999 8.48948106692 6.70332820092 6.85344411265 3.90083681651 3.34977215934 3.0888232481 4.38841088596 3.04787296858 2.72426506989 2.66229938286 2.96083898097 0.675856301817 0.754794977304 0.840598983803 0.849118475948 0.776166584369 0.495789197998 0.427421251585 0.463749764529 0.778576034782 0.860331144294 1.01030896126 0.521261803369 0.398403633958 0.247335444088 0.383683111207 0.451671078166 0.473160284866 0.669262712968 1.58654140024 0.295499257614 0.195117628501 0.0370861915868 0.00934934913567 0.013763280272
-9999 -9999 -9999 -9999 -9999 -9999 -9999 -9999 -9999 -9999 -9999 -9999 -9999 -9999 -9999 -9999 -9999 -9999 -9999 -9999 -9999 6.21587787728 5.19100112938 5.23278031254 5.32803747805 6.34055027222 4.2921232914 3.56476706413 2.2676771769 3.33844570001 2.16516773027 2.40183867709 1.01025620574 0.624387068513 0.336036878387 0.591035934345 0.506874675658 0.538006973435 0.474073495154 0.710196788802 0.796912901354 0.734734544961 0.48178941486 0.443871032638 0.649040673573 0.592390201697 0.547333940463 0.522906872958 0.311675214244 0.336355027865 0.736451545333 0.464035625038 0.043614617685 0.0231921092925 0.0205451818375 0.0106318859161
-9999 -9999 -9999 -9999 -9999 -9999 -9999 -9999 -9999 -9999 -9999 -9999 -9999 -9999 -9999 -9999 -9999 -9999 -9999 -9999 -9999 -9999 5.73489739242 7.59568095296 5.94367166339 5.38828651775 3.69411609935 3.48214412297 1.83883315056 1.93864145363 1.87958759888 2.09159786164 0.997003965563 0.878883088711 1.19537668363 0.749330163331 0.830206348648 0.723332408787 0.694137475431 0.698401993606 0.768433038551 0.37545866171 0.462196116812 0.71942261211 0.298766657965 0.247100620568 0.201424847024 0.303166202144 0.491290666009 0.352473737257 0.373823944177 0.204543002703 0.130558391284 0.0327735078965 0.0113582464539 0.00919544910447
-9999 -9999 -9999 -9999 -9999 -9999 -9999 -9999 -9999 -9999 -9999 -9999 -9999 -9999 -9999 -9999 -9999 -9999 -9999 -9999 -9999 -9999 6.20658916778 5.83828237913 5.46685487309 6.54898379796 4.37403351095 2.52868132985 2.13804516045 2.27201594668 1.63704195146 1.73232621964 1.56570660819 1.17063825269 0.779587082636 1.31257013926 0.757605545695 0.687084574099 0.970063754297 0.919351948807 0.470552067676 0.797526625571 0.477990114019 0.320870320914 0.287362951211 0.391583098894 0.612932210775 0.616684733273 0.267237127353 0.198876807731 0.10871601034 0.153312297828 0.0239386442207 0.0662203767885 0.0332622154472 0.0288645218968
-9999 -9999 -9999 -9999 -9999 -9999 -9999 -9999 -9999 -9999 -9999 -9999 -9999 -9999 -9999 -9999 -9999 -9999 -9999 -9999 -9999 -9999 5.93938513137 7.12314721226 7.3671224816 6.45204241919 4.32589523214 3.73603690977 2.37689184215 2.94956532237 1.81475195403 1.41736951214 1.12113410565 1.09775112024 1.29987774213 0.663527686309 0.681219638946 1.14745776541 0.923603054234 0.773862414764 0.851668321399 0.566137076397 0.343528482725 0.510302306985 0.756903437663 0.649555645742 0.629169537168 0.494941599124 0.358018370137 0.358917581305 0.564585192505 0.415573244884 0.0588917845428 0.0556149245716 0.0744176595157 0.0854845619588
-9999 -9999 -9999 -9999 -9999 -9999 -9999 -9999 -9999 -9999 -9999 -9999 -9999 -9999 -9999 -9999 -9999 -9999 -9999 -9999 -9999 -9999 -9999 7.99376190014 8.39976856722 6.79647869495 3.8481868263 3.43131099784 2.27139139806 2.66223713588 1.8545660801 2.19847045669 1.70935537584 1.96741420446 0.995749415888 1.22683797287 1.36489295793 1.02930457245 0.509116238298 0.46846124858 0.30470745896 0.50892500231 0.796202980676 0.846727590676 0.675509589812 0.550469235882 0.227273122038 0.18983378394 0.196381707374 0.225074812848 0.167525993757 0.247030536103 0.279875041519 0.167288838232 0.0456594090056 0.0360153551201
