data/recharge/transience/recharge105.asc
ncols                  80
nrows                 72
xllcorner      4374000.0
yllcorner      5656000.0
cellsize            500
NODATA_value       -9999
[rows 0 to 24 of 72, columns 0 to 56 of 80]
-9999 -9999 -9999 -9999 -9999 -9999 -9999 -9999 -9999 -9999 -9999 -9999 13.3098520837 14.121320789 -9999 -9999 -9999 -9999 -9999 -9999 -9999 -9999 -9999 -9999 -9999 -9999 -9999 -9999 -9999 -9999 -9999 -9999 -9999 -9999 -9999 -9999 -9999 -9999 -9999 -9999 -9999 -9999 -9999 -9999 -9999 -9999 -9999 -9999 -9999 -9999 -9999 -9999 -9999 -9999 -9999 -9999 -9999
-9999 -9999 -9999 -9999 -9999 -9999 -9999 -9999 -9999 -9999 -9999 -9999 12.8905770302 10.4913930097 9.33160760238 -9999 9.57300961257 -9999 -9999 -9999 -9999 -9999 -9999 -9999 -9999 -9999 -9999 -9999 -9999 -9999 -9999 -9999 -9999 -9999 -9999 -9999 -9999 -9999 -9999 -9999 -9999 -9999 -9999 -9999 -9999 -9999 -9999 -9999 -9999 -9999 -9999 -9999 -9999 -9999 -9999 -9999 -9999
-9999 -9999 -9999 -9999 -9999 -9999 -9999 -9999 -9999 -9999 11.0334761178 10.1232744722 11.7026264183 12.0241909667 8.76369116833 7.60609062747 6.46200813275 6.50737817536 -9999 -9999 -9999 -9999 -9999 -9999 -9999 -9999 -9999 -9999 -9999 -9999 -9999 -9999 -9999 -9999 -9999 -9999 -9999 -9999 -9999 -9999 -9999 -9999 -9999 -9999 -9999 -9999 -9999 -9999 -9999 -9999 -9999 -9999 -9999 -9999 -9999 -9999 -9999
-9999 -9999 -9999 -9999 -9999 -9999 -9999 -9999 -9999 10.1761969128 10.7154847088 10.8906763269 10.167576977 10.6210924833 10.1149898262 9.16103567911 7.28199647996 9.2850542723 -9999 11.0037087915 -9999 -9999 -9999 -9999 7.69095083313 8.25727574505 -9999 -9999 -9999 -9999 -9999 -9999 -9999 -9999 -9999 -9999 -9999 -9999 -9999 -9999 -9999 -9999 -9999 -9999 -9999 -9999 -9999 -9999 -9999 -9999 -9999 -9999 -9999 -9999 -9999 -9999 -9999
-9999 -9999 -9999 -9999 -9999 -9999 -9999 -9999 13.6034782424 11.9082180416 10.1090321978 10.3680764822 10.1719635504 9.50335084119 9.41295906498 8.99405064883 7.14733965132 6.89895517561 6.87105931581 9.11059632809 8.80410185135 9.28369621248 -9999 7.24614438145 9.31651756799 9.2318385944 -9999 -9999 -9999 -9999 -9999 -9999 -9999 -9999 -9999 -9999 -9999 -9999 -9999 -9999 -9999 -9999 -9999 -9999 -9999 -9999 -9999 -9999 -9999 -9999 -9999 -9999 -9999 -9999 -9999 -9999 -9999
-9999 -9999 -9999 -9999 -9999 -9999 12.8542142039 10.7838472665 10.3647220422 10.823607123 11.4016752258 12.2335349056 11.1763695741 10.6324804265 9.26810671804 9.9309291862 7.88266661616 7.35146924363 8.87994685613 9.01102460637 8.56845004493 9.04010169568 8.03631301031 7.33211237335 8.17685340817 7.87611536253 8.42060871629 -9999 -9999 -9999 -9999 -9999 -9999 -9999 -9999 -9999 -9999 -9999 -9999 -9999 -9999 -9999 -9999 -9999 -9999 -9999 -9999 -9999 -9999 -9999 -9999 -9999 -9999 -9999 -9999 -9999 -9999
-9999 -9999 -9999 -9999 -9999 -9999 13.8031474238 12.5137798495 9.90394827573 9.56668794779 9.22414932208 10.2721518489 9.77876246875 8.56142902015 8.16650338846 7.92167755391 7.8618372435 7.87889249857 8.09075668031 7.55090039252 7.88395369413 8.9970075135 8.56553569881 7.86674275859 7.19424981479 6.72384581135 8.76423522892 9.89965176066 10.5892322304 10.0518999893 11.4556585856 11.3310335907 -9999 -9999 -9999 -9999 -9999 -9999 -9999 -9999 -9999 -9999 -9999 -9999 -9999 -9999 -9999 -9999 -9999 -9999 -9999 -9999 -9999 -9999 -9999 -9999 -9999
-9999 -9999 -9999 -9999 -9999 16.446795367 14.3132185633 14.280266847 12.6565660604 12.901494779 12.0306106667 11.0668115364 8.97623584118 9.19161984032 9.12370213533 9.49680473222 8.60360577158 6.97966585393 8.26018842393 7.65664095395 7.92264051063 7.65981180991 8.14279983489 8.39111858206 7.59515531771 7.92078122846 8.39602179688 8.52747741598 10.2011520954 9.9838367381 9.35882677648 9.81950226599 8.65638461292 8.34978540987 -9999 -9999 -9999 -9999 -9999 -9999 -9999 -9999 -9999 -9999 -9999 -9999 -9999 -9999 -9999 -9999 -9999 -9999 -9999 -9999 -9999 -9999 -9999
-9999 -9999 -9999 -9999 -9999 17.0974091031 15.6219663479 15.7152440485 13.7929793119 12.9271108484 12.4394411762 13.1124745314 11.4794156729 11.3118430924 11.9283432478 12.001349108 8.58895070901 6.40185047446 9.37319646279 7.78740466739 7.75011700826 8.04822567732 9.13879918452 8.81096244299 8.38461725462 7.01504204601 7.1243969317 6.59462014453 8.29451887537 8.41218354043 7.95158063702 8.16105255762 8.65759121623 8.30301662994 8.04493034032 8.16624810528 -9999 -9999 -9999 -9999 8.64537751489 8.5071566474 -9999 -9999 -9999 -9999 -9999 -9999 -9999 -9999 -9999 -9999 -9999 -9999 -9999 -9999 -9999
-9999 -9999 -9999 -9999 -9999 16.0384942231 14.8000430729 14.5445127711 14.367813796 15.122187294 13.9281668737 13.3836451705 11.8740866486 13.380932125 12.8567494017 10.4316747037 8.82965658746 10.6043411559 9.94799756817 10.6563210779 8.85546635342 7.80692160558 7.72165001132 7.43469495552 8.24745310059 7.22640855056 6.8843957944 6.11570867338 8.23692262223 8.13295857045 7.91390596066 7.92125477659 8.55043970509 7.52127742869 6.99649813954 8.47740864058 8.41966320393 -9999 -9999 8.86167329967 9.38237981664 9.08048713327 9.43237962378 -9999 -9999 -9999 -9999 -9999 -9999 -9999 -9999 -9999 -9999 -9999 -9999 -9999 -9999
-9999 -9999 -9999 -9999 -9999 -9999 17.9090222633 18.1959328384 16.1758539628 15.5273982217 13.6414163858 14.6746084406 15.2568952152 15.6841443404 10.7285464244 10.002049133 9.76783161857 9.47152997189 8.61705954303 8.82109543941 8.74548070648 9.07974772781 8.48966982565 9.09005899382 8.34733051474 7.58979743618 5.60109209829 5.93901020611 6.53509898476 7.33950468556 7.00127609363 7.70879071249 6.66795904897 6.82222876407 6.98060242451 8.00062719614 7.33459305267 6.32421027526 8.71013498014 8.48885204742 8.42872324399 9.70295167074 7.25835874494 6.11128419332 -9999 -9999 -9999 -9999 8.54285948549 7.77212841101 4.78361956733 -9999 -9999 -9999 -9999 -9999 -9999
-9999 -9999 -9999 -9999 -9999 -9999 -9999 16.4206015357 15.0282249904 16.6962557477 16.0250554847 14.7736157466 12.1796273432 10.5863909003 10.0247754799 11.9786638328 11.7660631472 11.9778091097 11.3149006608 9.856487708 8.28044636145 8.32246504095 8.09347855885 8.17773311448 7.76394281811 7.09776404674 5.8760898588 6.73172624787 7.37679701877 6.85588256138 6.69222477443 6.70844401053 6.87495547734 6.86976314587 8.17925759427 8.12614724141 7.50530484103 7.4213575672 8.55555725678 8.53470120533 7.14684698402 6.58640518245 4.89061983553 4.23003782443 3.71290524941 4.24579820686 4.63271847685 3.89742781626 3.82204409911 5.37107967129 6.37258794937 5.79559110501 -9999 -9999 -9999 -9999 -9999
-9999 -9999 -9999 -9999 -9999 -9999 -9999 -9999 14.4679244125 13.8881684388 15.0689535145 16.350439563 14.34574129 15.3137865129 14.2897020527 13.5457137581 10.8928442914 10.9469353389 9.23528944202 10.1040753477 12.0391714061 11.6424712313 5.82818962148 4.36891626358 4.30333105884 4.00055731695 4.58239344835 6.9211829877 5.80569648137 4.90920021103 5.46783477807 5.53206141417 5.88838252044 5.43463067846 6.39341820684 7.14433301019 7.67407141274 7.96758900089 7.68567190701 7.51319133207 6.41892200291 4.92492750175 3.55525503187 3.22668665458 3.1584316144 2.86805621836 3.30464237283 2.91304170226 2.73559421773 4.06096799224 4.92466318176 5.31839830809 4.82277394405 -9999 -9999 -9999 -9999
-9999 -9999 -9999 -9999 -9999 -9999 -9999 -9999 16.9866174055 15.3157480934 14.1815135988 14.2640044822 13.52461944 13.4461847282 11.9282116061 11.6995058788 10.266671489 10.8804603463 10.1166006263 10.7522794117 11.2725926546 11.4291390076 6.56985286469 8.27926277775 5.9638716184 3.78096396854 4.5057084947 5.53435240456 5.67322453291 4.71671235029 4.93298352042 5.24731258081 5.08818304886 5.26694257282 6.97865404193 5.99090140488 8.22961503815 7.72820037767 7.66636850822 7.54850535585 7.43304412016 4.85531773871 3.29207073903 3.27967408186 2.88013198989 2.84555986772 3.26047238557 2.99211296825 3.04195774406 5.25068074899 5.07966408549 5.10422774726 5.26795529857 6.3052736478 5.47358820971 5.80146725641 -9999
-9999 -9999 -9999 -9999 -9999 -9999 -9999 -9999 -9999 18.6144762396 16.5239785042 13.9796016788 13.9142452198 13.5076291698 12.1716275263 12.234762961 13.1658411103 13.879249391 14.0932938325 14.1893365488 13.5122787853 11.1144877723 9.12298787987 13.6771913307 9.10942803577 7.51156246118 4.50384384536 3.26772569415 2.50051905862 6.03590638413 5.34197476938 5.37009235118 5.15737934031 4.36648945085 5.4288625219 6.27121834304 7.30111512029 6.95000425224 6.70548781488 6.76747107667 6.58581512622 5.95024489848 2.77009658401 3.53950262031 2.68685768551 2.29676967038 2.06819467346 2.13138109182 3.58737266257 3.88131468346 3.9668384112 3.8360080935 4.37187463079 5.31027149539 5.53957264994 2.97321936515 2.16419657407
-9999 -9999 -9999 -9999 -9999 -9999 -9999 -9999 -9999 -9999 14.5577811182 14.5770912904 13.6033118833 13.3422253346 11.3988765874 10.5957860424 10.7630517899 13.1303835024 11.5735583753 9.96050383981 9.35284025205 8.92988935289 7.73380166032 5.72987205414 5.74160596664 7.8071587176 6.13429905825 4.46491912556 2.609355479 2.66832334004 5.93622011436 5.96184652655 6.40758535363 5.15076642256 6.81728975437 6.58915861626 7.14143785019 6.95416775279 6.75394128478 6.78990063629 6.87078884663 6.49807320007 4.63487348184 3.19435591007 4.03891222322 3.90390683127 3.12233242225 2.42252414208 4.33558715119 4.28710242569 4.51361861271 4.34753902473 3.98438721697 4.83287836527 4.85825751536 2.76730467234 2.13552024056
-9999 -9999 -9999 -9999 -9999 -9999 -9999 -9999 -9999 -9999 -9999 11.4609845751 11.1872630214 12.5565812521 11.3943511257 10.3847291306 10.4465900994 10.3141561221 8.85161430801 10.1144212557 11.1580555866 10.5098986892 7.65750221604 6.44958431626 4.30785725662 2.02662826724 4.02630092632 6.53724590542 6.8175940462 7.50361166784 2.65721091038 4.60078512924 5.0915448279 5.23139292594 5.40628993546 4.87217500897 6.26919437632 6.22780253847 6.47815108243 6.47741860923 6.20196136293 5.54256858379 5.69003692669 3.95788730043 2.79973312889 2.2437086713 2.69548491446 3.31966794564 3.33187159454 4.18737508335 3.74984287242 4.42967199749 4.71769478951 4.50609784922 3.93605964582 3.88197864583 2.2882193326
-9999 -9999 -9999 -9999 -9999 -9999 -9999 -9999 -9999 -9999 -9999 10.4271872448 12.1109240928 11.6253134289 11.8393363458 10.6220915142 9.04532166912 8.68035441887 10.6905390087 10.7886580382 10.5303207959 11.5950119143 7.94563451186 7.11744779926 7.20586121848 8.0923038368 4.54554352192 3.84418523097 3.40044286567 6.23646955228 5.60573335829 4.30219631679 1.4814876692 1.78251594597 2.0923991676 4.80338631256 6.24225107459 6.34496998815 6.32144877725 6.21221652547 6.16361321229 6.25682813563 5.25298542909 5.41444821791 4.43536564178 3.32803160495 4.29075095713 5.08357079773 4.59275875052 3.16137181109 3.35357079788 3.31688316371 2.56891882847 4.69730018234 4.79010599215 4.32329113797 4.01406369442
-9999 -9999 -9999 -9999 -9999 -9999 -9999 -9999 -9999 -9999 -9999 16.7663106502 14.625821534 13.8887478591 10.8606174319 10.4194718104 8.4725339498 7.37951963958 8.07190700405 8.82718804841 9.39274102689 9.57382291664 7.27409768386 6.12068212694 6.32906889462 6.88000387914 6.57619213473 6.45002116442 6.21716891597 4.14672101652 2.40312231746 4.26839644635 6.22356765659 6.3792065843 3.54216045503 1.25809152742 2.0647038483 1.09975328847 4.81733728849 4.6861762424 5.47983720138 5.79651939193 6.13392797963 6.76316878684 7.50127728045 7.75636822921 4.08397701861 3.64883464685 3.56652476527 3.3962092539 2.76804327523 3.17190698862 3.43073942732 4.16073404133 5.02751100547 4.28938541811 3.06330440361
-9999 -9999 -9999 -9999 -9999 -9999 -9999 -9999 -9999 -9999 -9999 -9999 12.4786035317 13.6979838043 12.4525233134 10.8804580104 9.12449286917 8.10517751409 7.38904639946 9.54863215907 9.65466571112 9.18584690518 8.58740989462 8.03162477298 7.21449852469 7.36012164241 6.68794828922 6.89313164584 6.49218571584 6.22054187086 6.13032363231 6.39091018742 4.48950999466 2.22131808902 4.1826648673 4.87911341763 2.91483922078 1.56403336744 1.34654023543 6.00723385495 6.56549803258 5.64335996829 7.23266537095 8.06525605035 8.42329203044 8.38025607972 5.00803468971 3.70068283546 2.80633963446 3.1518945341 2.57410894684 2.13369750844 1.82708254876 1.86808968519 1.78534922161 2.68669037452 2.12481942217
-9999 -9999 -9999 -9999 -9999 -9999 -9999 -9999 -9999 -9999 -9999 15.0764675431 14.7252677129 15.1401277157 14.1233262026 11.9159253984 10.462468145 9.87178782313 7.77974391703 9.33223848288 8.03984134207 7.91973070567 7.16330317232 7.32823427304 7.16044660702 7.05885392344 6.29584790334 6.08969487753 6.10071105484 5.91009504956 5.45393848502 5.64791267211 5.27109977029 5.21426036928 5.49322893669 2.03426628584 2.5018161087 1.03355785914 0.959210425286 4.22378992101 5.67130785697 4.92095306475 8.50858590977 9.11596341989 10.3524009017 10.272858286 8.66597062941 5.49756619389 3.59805849272 3.56722835987 2.45577585266 1.56628954778 1.37511310809 1.38844871993 1.27456462319 1.4385656538 2.20112800155
-9999 -9999 -9999 -9999 -9999 -9999 -9999 -9999 -9999 -9999 -9999 15.6713275515 17.5508457922 16.6102709473 13.0891977717 12.3734373305 10.8756296119 10.4127789996 9.33068907722 9.51106099528 8.98419167487 8.27972192827 7.56643454134 7.75319440825 7.47819504587 7.33213545572 5.9393810188 6.40931409598 6.48673278103 8.03105028414 7.15577583671 5.75778039377 5.1823900333 5.21815326384 5.35999782293 1.38971921652 1.39808082334 2.42773929354 1.21062468411 2.0573575994 4.92098762898 4.86999485422 6.63568655037 7.13055687807 7.32459133877 6.95839112625 7.21465560037 7.23367299198 5.36124482487 4.65854115727 2.317167421 2.45789602361 2.08976013233 1.95779503831 1.81183728687 1.64744315963 1.25571251906
-9999 -9999 -9999 -9999 -9999 -9999 -9999 -9999 -9999 -9999 -9999 19.1647768767 19.1416216612 16.6397425218 15.799880314 15.3850120211 10.8806735635 11.2166670693 10.4100939976 11.4479611258 7.97163067258 7.08870200843 10.0462828415 7.04505167395 4.77671792181 4.76706413901 5.54596761087 5.78122526396 5.05773830626 5.07885158564 5.11454322886 7.4208048526 7.26385800227 6.83085953308 5.48598583747 0.992005307211 0.630613519189 0.377282852377 1.0623747993 1.06467910885 5.57297866263 6.20658509844 5.16739135109 4.50295319208 4.75462767967 4.72691940843 5.62637416768 5.7167386012 5.3042682577 5.18963506818 2.63240072405 1.64740913359 1.37044755052 1.32947047627 1.27666121049 1.39865104142 1.71126085458
-9999 -9999 -9999 -9999 -9999 -9999 -9999 -9999 -9999 -9999 -9999 -9999 19.6460288239 18.7532427085 15.876971679 14.2391575526 11.7593884705 11.9456190456 10.1425501455 11.0490856534 9.64859704926 11.4650077815 5.80980133847 4.47200099139 4.38217316555 4.29851143732 3.54981835376 3.78514394547 3.41626069637 2.96566842874 2.47381529245 3.87861310196 4.95731546934 5.30342085594 5.08148139485 1.24201463051 0.899253738791 0.500963808105 1.55418163425 1.77181477127 5.66841331435 5.50812311473 5.64664635004 4.41430712643 4.64926900983 4.67002446009 5.02231703677 5.37249136811 4.77920650262 5.26585899606 4.42218235641 2.54238263914 2.03667311528 2.34597359297 1.47428425102 1.62017233268 1.47727804017
-9999 -9999 -9999 -9999 -9999 -9999 -9999 -9999 -9999 -9999 -9999 -9999 22.0294466137 19.7789698643 16.5013954179 14.4219714849 11.60677851 12.6191626415 11.2899183617 10.7175292701 10.7143405276 10.4784925352 7.49755027343 6.96535118479 5.3168605093 5.97094382848 6.26305706773 5.63303232888 4.44291568959 5.6700591289 4.36870407963 4.71834347284 7.40672376499 7.98914637956 2.34558370476 1.58472700675 0.896223818217 1.85447256716 3.09200361712 2.0999121322 5.21424815868 5.20175865398 4.71949113123 4.64710228178 4.51169176957 4.26530155459 3.92911106733 4.0330614571 3.61696039042 4.24017512969 3.84325734289 3.13208108217 2.58948108778 0.84795409394 0.626398183159 0.849922618879 0.648351972842
