data/recharge/transience/recharge245.asc
ncols                  80
nrows                 72
xllcorner      4374000.0
yllcorner      5656000.0
cellsize            500
NODATA_value       -9999
[rows 26 to 51 of 72, columns 0 to 56 of 80]
-9999 -9999 -9999 -9999 -9999 -9999 -9999 -9999 -9999 -9999 -9999 -9999 -9999 7.58264403694 7.85002380827 8.1947513226 7.26987784156 7.1507153547 5.95564493231 5.35311729387 5.10080025946 5.54893521648 5.63117583427 4.53331761498 5.35753534005 4.96591339534 5.1354060361 4.92726482398 4.95599572269 5.27632653789 4.9742018108 4.67873295596 3.66230861883 5.57206446306 5.75563993455 1.40180921569 3.16900871 6.66014025403 5.90453043244 4.20140789916 3.99796137189 4.85035419917 3.92766665489 4.39564110177 4.24841392344 4.12502142052 4.21257040837 4.03885211705 4.16842536728 3.80170301276 3.79840916817 4.00620604678 4.47377919493 4.09244026778 2.55973489269 3.96934308022 4.03926614072
-9999 -9999 -9999 -9999 -9999 -9999 -9999 -9999 -9999 -9999 -9999 -9999 -9999 -9999 7.68419173557 7.70534148705 6.65714432202 6.4745689483 6.15402332276 6.54585687446 5.53068125873 6.18048689509 5.37467603484 5.06468012384 4.7269507359 4.39307919277 4.81485293909 5.77795546094 5.12143321115 4.6587634079 5.00023677314 4.67899225833 4.48212208758 6.35132597316 6.4232563057 2.19979500705 3.42076382617 5.11859433841 4.51240241306 2.42240848333 2.40066460192 4.03303631768 5.09101937692 4.31935608207 3.69727293448 4.09594178054 3.85319568705 3.1325126321 3.77721797973 4.23444532624 4.17674355032 3.44128462246 3.45718511218 2.94707803519 2.62825623391 4.33277270711 6.06114626482
-9999 -9999 -9999 -9999 -9999 -9999 -9999 -9999 -9999 -9999 -9999 -9999 -9999 -9999 3.34761062052 5.13178566446 6.21415052034 6.51482352149 5.97853824785 6.28102189634 6.13734201723 5.88309036579 4.96534051833 6.22070607818 6.02766504598 6.23805976623 4.30403178403 4.02055654397 4.56646462034 5.08346128156 3.66731126346 2.14158784264 4.40697893376 7.89288702107 8.70039283813 1.98973956542 3.24893449104 3.94622510885 2.37827928868 2.13728398656 3.24813765637 3.81397363515 4.23662100376 4.7840368901 4.5549537518 3.94926237664 2.15591557166 1.34481967909 1.70017610925 3.20856274925 4.61242417647 5.07907435794 5.63199023431 4.32835728172 3.64701567086 3.74564256438 11.1588581395
-9999 -9999 -9999 -9999 -9999 -9999 -9999 -9999 -9999 -9999 -9999 -9999 -9999 -9999 4.1261906049 5.57373014097 6.73013044364 7.05021123337 6.88852518031 6.76190694467 6.11708393969 6.31757088817 6.27923849641 5.5944765173 4.98295403055 4.499597154 4.74533593576 4.59077037538 3.85765335371 4.32281931338 4.31380272602 4.06922539577 4.06939499507 6.62364169361 8.52085794885 1.85249163493 2.54787672608 7.82260068868 1.44259799531 1.70807311148 3.67539166577 4.10986123758 3.84149487822 3.94614989856 3.66791898737 4.01672516255 3.44344218974 4.30155950475 6.40490401015 7.21954994915 7.02609865365 5.08260020421 7.09939085938 6.62390219084 5.90430601615 6.62770383254 6.01671079854
-9999 -9999 -9999 -9999 -9999 -9999 -9999 -9999 -9999 -9999 -9999 -9999 -9999 -9999 10.369717235 8.96643023817 8.18367930725 8.96585624095 7.82913619084 7.73345743185 6.261928093 5.86441991764 5.38254528964 5.62817115501 5.35739181683 5.55554174684 4.85781478849 5.23935091455 4.79050773094 4.39590191911 4.61586999691 5.12655082656 4.8143615867 2.30203852166 1.93185350145 1.95161996227 1.83187441234 4.36832253361 1.63437923572 2.36926609044 3.30623037462 3.83185920145 3.11854291302 3.35914474973 3.16421607827 3.45722308292 5.3091395495 6.35894717204 9.89642762187 10.6700849447 9.02022304249 9.63687610498 7.44950754275 6.98712150498 6.35866638661 5.64468071297 6.17681786576
-9999 -9999 -9999 -9999 -9999 -9999 -9999 -9999 -9999 -9999 -9999 -9999 -9999 -9999 -9999 7.58789776731 6.92813265207 6.89550086461 6.83602602354 5.60591249952 5.17937743867 5.41853703382 5.56818789827 5.60125841037 5.31934813063 5.13182232896 4.52402361001 4.72345185028 3.23375907273 4.34639323156 3.78105926061 3.75414273408 3.55548890902 3.17898543435 2.08090675405 2.09936706421 2.06371499865 2.02637621596 2.03637160588 1.53918486069 1.19426586545 1.74674681226 2.80349271268 3.17671660008 3.39695737047 3.48635990286 3.01197237592 3.26708169843 4.52055467764 5.01536909011 3.882213456 3.55733936678 5.15058644824 7.20488808933 7.13846187269 7.06969673423 6.42563468627
-9999 -9999 -9999 -9999 -9999 -9999 -9999 -9999 -9999 -9999 -9999 -9999 -9999 -9999 -9999 -9999 7.02336076945 6.60466844111 6.39781743929 8.13622968464 7.60038543081 7.25059597191 5.64506982186 5.17790920514 5.64225851109 5.14726240636 4.86555625981 4.01007913232 2.74179346144 4.22891160452 4.85453215648 3.54933216565 3.88978056655 2.49131460352 1.93220458382 2.12427440975 2.16102523568 2.32319419661 2.35002773389 3.09938759448 5.90859605035 5.35252597806 5.70261149049 4.57119876844 2.73989520812 2.16981115325 1.88222763724 4.51472925154 3.61929348674 2.93636471438 3.93125531481 5.416515223 4.50741365085 3.88737104155 4.48232408651 4.10077388559 4.00831863138
-9999 -9999 -9999 -9999 -9999 -9999 -9999 -9999 -9999 -9999 -9999 -9999 -9999 -9999 -9999 -9999 8.16469906591 8.28245792468 8.20843487348 7.62310066331 6.04455866848 6.38227585952 5.79731753919 5.64016757762 5.417137447 5.90152297693 5.24447641154 5.00412433696 3.0528105211 3.70681045792 2.81530369095 2.22731440629 2.68643070467 2.20561476312 2.41838307575 2.03660807249 2.77731163667 2.38279110505 2.31645593733 2.29167820617 4.41704957549 2.74068226714 4.92592852359 8.52008831231 6.41327358039 4.60055305101 4.6062829948 2.65848406266 2.89008152798 3.47654692541 4.58019802864 4.75637109502 5.84677112307 6.1132799926 7.14868862929 5.67976670408 4.03838495679
-9999 -9999 -9999 -9999 -9999 -9999 -9999 -9999 -9999 -9999 -9999 -9999 -9999 -9999 -9999 5.99747310156 5.96148204094 7.13087407729 7.44890030248 7.23561058768 6.50907262443 6.17848565965 5.65198428963 5.50459786626 5.13459103394 5.48887434927 5.299433975 5.4065089539 3.66011255148 4.43662916405 4.5534061959 4.69534698464 4.92178928521 3.35560546808 2.57526362659 4.64331853933 3.64659777937 4.69506101624 3.82167422352 1.83307092171 3.82586214694 5.31125602117 4.95357072117 4.87125104487 5.32485572805 4.01407011301 1.70222874588 1.94764227209 3.40093387181 4.61887442966 3.86778340344 3.16118181717 3.50376807278 3.8441303763 4.21056321213 4.31115941247 4.89170230412
-9999 -9999 -9999 -9999 -9999 -9999 -9999 -9999 -9999 -9999 -9999 -9999 -9999 -9999 6.99484983819 6.66515760149 6.22451917996 7.30675736209 6.84158823782 6.69782203459 6.09356189154 6.76644938125 5.81496477251 6.02859454413 5.14838851324 4.90475460315 4.71690296335 4.69249863635 4.36636546673 4.36284687804 4.01370963431 4.12087536478 3.78567435307 4.8555607929 5.78648940051 8.71580405331 3.33292107832 2.3769915978 3.67775936316 4.64002967913 4.18961825021 3.97258083392 3.65989689181 4.01763750158 3.04440054616 2.6421715171 3.77044951979 4.74555541174 4.50907334585 3.7992982601 3.49672552937 3.46777686474 3.7239837305 3.649261366 3.53520582581 3.72817861944 3.90560443278
-9999 -9999 -9999 -9999 -9999 -9999 -9999 -9999 -9999 -9999 -9999 -9999 -9999 -9999 7.47256636511 8.30889917006 7.53547738729 7.19375415167 6.36584123562 6.04163713489 5.43147955729 6.18027666871 5.71634241433 6.04038526842 5.38807917271 4.76372961216 5.29682354425 5.32882393914 4.74925531785 4.62754740189 4.67608345321 5.6106054056 6.40872737767 5.9442429608 5.58001004197 7.39326578891 8.70617229838 9.78773761286 7.29167044311 7.41204904196 8.85433908354 8.43510340257 4.89635405348 4.4705248661 4.14290899178 2.53126650518 4.24138747804 6.2204081708 5.68544071654 6.22810665194 6.26249300106 6.22246602245 5.17977363466 4.69018249545 5.28919331495 5.1253849487 4.21307268427
-9999 -9999 -9999 -9999 -9999 -9999 -9999 -9999 -9999 -9999 -9999 -9999 -9999 -9999 -9999 -9999 7.68976607543 9.49045626303 9.3866866326 9.23505290054 7.75444874907 5.93197965426 6.49563536868 6.52740849577 5.70004100234 6.2784739064 4.92817085455 5.12743093994 4.77447517064 5.36881716323 5.595288824 6.00937740111 6.02414792905 5.37582874632 5.8632049865 5.90344683392 7.05695253354 6.67805394507 8.56224497799 7.99251811558 5.77488398823 5.67882343876 5.83084299167 4.86969705405 3.01898441443 3.55525664345 3.28139869465 3.92900592809 4.23429777162 4.79681161718 4.74758479766 4.85818100457 4.6083122864 4.11586177508 3.12526345762 3.2940185522 4.59691495626
-9999 -9999 -9999 -9999 -9999 -9999 -9999 -9999 -9999 -9999 -9999 -9999 -9999 -9999 -9999 -9999 10.0496010464 9.63752267867 9.33821842263 7.46956869776 7.81469011284 7.82460045131 5.45350025682 5.72589608138 6.20208784732 6.95974908968 6.58222765492 6.37539679104 6.04546070657 5.91224340308 6.75075005578 6.46436652251 5.84595807999 5.57239739363 4.7347650198 4.98068941028 5.32573449655 5.95052851524 4.7313084145 4.29436244819 5.20814600691 6.27765464776 2.17152050263 3.38062911796 6.53417633404 3.16715285768 1.79599029146 2.74110196221 3.76560445929 3.03610165774 2.55269987166 2.59182013171 2.20885036311 2.53308933456 2.53632857469 2.55241617036 2.46519525706
-9999 -9999 -9999 -9999 -9999 -9999 -9999 -9999 -9999 -9999 -9999 -9999 -9999 -9999 -9999 -9999 -9999 -9999 9.44761852882 8.17057887423 7.04226541167 7.74037771202 7.58230664151 6.65689675625 5.87099414428 6.1305630186 6.15622152483 6.31916335498 5.76785296911 5.6231343908 4.94842225996 4.47550971638 4.58848432885 5.13514005242 4.67115184732 5.45419974032 5.61756719018 4.52240062858 4.46174569879 5.49853297136 4.57711827933 4.16461959857 3.63207933449 3.60895395748 3.77405612741 4.21085982441 2.1527859764 2.18129887935 3.16866878017 2.62774101374 2.85980163927 3.14554045144 2.26056740011 2.32600658229 2.73844962178 2.91915271638 2.66348949399
-9999 -9999 -9999 -9999 -9999 -9999 -9999 -9999 -9999 -9999 -9999 -9999 -9999 -9999 -9999 -9999 -9999 -9999 -9999 7.01829933865 7.10835389543 7.53338367057 7.31907081379 7.72473422662 6.41265366099 6.0146891561 5.26506087886 5.63984275519 4.71657541463 4.5613025449 4.92107104565 5.24708287565 4.68523220491 4.40723794362 4.08627313944 3.87492093621 3.87595892006 4.85373865139 4.63893819875 5.12778801987 4.29050565992 3.98434344558 3.41796640287 4.14242939892 4.33428143459 4.47760467179 3.59823287873 1.94354639292 1.58575086644 2.86148770534 2.62743358449 2.60168790828 2.11992901337 2.09804235597 2.55893648987 2.44636856775 1.98608260543
-9999 -9999 -9999 -9999 -9999 -9999 -9999 -9999 -9999 -9999 -9999 -9999 -9999 -9999 -9999 -9999 -9999 -9999 8.63097563626 9.30884398477 9.45138076857 9.23052003417 7.71143591748 6.26843078227 6.23886610415 6.01710444796 5.24153637868 5.55814785979 5.35175180996 4.99582416098 2.21601244653 1.47999072398 3.6581173789 4.87784930168 4.85031142651 5.44653584007 6.33207787853 6.13266869417 6.05953830833 5.86552028086 5.64667036944 4.2869159601 3.92396600213 1.72390330057 2.35652888056 2.00360559748 4.31042674222 5.54987612483 3.87660471752 2.03571212317 3.15323021311 4.41988710765 4.57276672843 4.21006529229 3.4096107174 3.02049839875 2.74922371193
-9999 -9999 -9999 -9999 -9999 -9999 -9999 -9999 -9999 -9999 -9999 -9999 -9999 -9999 -9999 -9999 -9999 -9999 -9999 10.3273519849 9.97425133742 9.51967629422 7.92999767818 6.59051521636 6.76311402239 6.6594650859 5.46262414566 5.61610591714 5.4548910559 6.36911160058 4.28956610641 4.22621901095 5.82397536934 5.49775084142 3.65817462894 3.12496583399 3.81549333237 3.43141277061 3.22423993684 3.22697003824 3.54176605461 4.46981058353 3.09062509061 1.96415851071 1.91592995575 5.1833751049 5.09866280572 4.15960848905 4.17450409852 2.64251208588 1.03188223748 1.75154408368 1.88845083868 2.03093297082 3.10895649645 1.91669917223 1.79462526678
-9999 -9999 -9999 -9999 -9999 -9999 -9999 -9999 -9999 -9999 -9999 -9999 -9999 -9999 -9999 -9999 -9999 -9999 -9999 -9999 8.49752668893 9.21442678646 8.01995243328 7.30722221155 5.6495267468 6.40548368987 5.50715633419 5.83680080017 6.40657209378 5.69192598485 4.89472472752 4.64670468618 4.75277495266 3.15878078755 2.34190033283 3.18250135936 5.09431096402 5.53079549277 5.6269058739 5.27778472582 4.40105042424 5.42762561846 5.60171128212 5.06683170862 6.21422386001 5.58042630346 4.94253356706 5.43461587484 4.98559085414 4.83032746136 3.65928270499 2.33453534692 1.31057787897 1.35983419352 2.12962209947 1.66539732354 1.70766537884
-9999 -9999 -9999 -9999 -9999 -9999 -9999 -9999 -9999 -9999 -9999 -9999 -9999 -9999 -9999 -9999 -9999 -9999 -9999 -9999 -9999 8.58805444428 8.23084148628 8.22444495587 5.59110267238 5.09194763737 5.23417386002 6.03396415033 5.17241771888 4.8007220216 5.28970620198 5.66969102118 5.51591071699 2.06798300514 5.52832511097 6.61461337345 5.78032896191 4.94512233722 4.5825983979 4.6806098683 5.82872508305 6.06504828124 6.56691315216 5.07255481213 4.39594554209 3.44141605978 4.23865290476 4.60500543941 4.63724281466 5.49218076747 7.44567330633 3.16387114484 3.39977254033 2.05994943713 0.762973583267 0.986368797363 1.15372364426
-9999 -9999 -9999 -9999 -9999 -9999 -9999 -9999 -9999 -9999 -9999 -9999 -9999 -9999 -9999 -9999 -9999 -9999 -9999 -9999 -9999 7.43007957187 7.40380273276 7.42004732039 7.20428481514 7.47267140432 6.55127621857 6.7337037413 5.91072904344 5.55966727573 3.07274829303 5.1495016073 6.33149504759 6.05054549758 4.56808718378 5.11567038648 4.84340910715 5.34891208383 5.12012911126 5.70405595909 5.87843389331 5.68917705174 4.74153633246 4.66032914767 5.54263174453 5.3123686494 5.05253067804 4.94420566115 3.74637240866 3.83942974713 2.52515975216 1.42260230465 1.51228202938 1.34758426449 1.31496744081 0.831371435206 0.896403473516
-9999 -9999 -9999 -9999 -9999 -9999 -9999 -9999 -9999 -9999 -9999 -9999 -9999 -9999 -9999 -9999 -9999 -9999 -9999 -9999 -9999 -9999 7.65658577702 8.62600257923 7.30467600306 6.48610652401 5.90451630473 6.79499798692 6.28623162817 6.11977642542 6.0589420869 6.37622064248 5.98644483183 6.15700938212 6.76375958289 5.65574714711 6.07060976545 5.81165151079 5.91804363162 5.61663424074 5.6980006987 4.15117999176 4.5167105727 5.49703532632 3.64827399524 3.28627241695 2.89272878983 3.68897671834 4.69039219777 2.63090146108 1.10128612628 1.36130113974 4.15292042813 1.93033700558 0.79534617398 0.690344051372 0.777680322361
-9999 -9999 -9999 -9999 -9999 -9999 -9999 -9999 -9999 -9999 -9999 -9999 -9999 -9999 -9999 -9999 -9999 -9999 -9999 -9999 -9999 -9999 7.92149712483 7.71100746526 6.97688743006 7.29225338734 6.66373475711 6.6483835821 6.60735758814 6.76485681889 6.45132622615 6.59993131228 6.77148914658 6.53668074357 5.74043270631 6.9791442144 5.73074868564 5.60196300788 6.40717031969 6.16534686234 4.61297925715 5.78748635025 4.58545407584 3.78361728845 3.54147296426 4.19493560223 5.20697484702 5.16898981146 3.29558848992 2.86393540258 1.90144594477 2.6749086171 1.48064886938 3.38125481256 1.80467314982 1.59721969254 1.16034113457
-9999 -9999 -9999 -9999 -9999 -9999 -9999 -9999 -9999 -9999 -9999 -9999 -9999 -9999 -9999 -9999 -9999 -9999 -9999 -9999 -9999 -9999 7.63374691902 8.23044225742 7.91762901952 6.94377809877 6.73446496821 7.64939595879 6.93708559515 7.4364899783 6.79890984225 6.1556871222 5.92854394841 6.41148332826 6.94775472032 5.40327528569 5.43868482673 6.65335074607 6.05173379378 5.64647920043 5.80933701418 4.87116121644 3.78086101819 4.57368353838 5.40993053365 5.10695636457 5.0050823472 4.43951469429 3.66205044032 3.66817330653 4.60961422459 3.90648834744 2.4913206422 2.75495692851 3.21069996554 3.5303517118 1.78201859701
-9999 -9999 -9999 -9999 -9999 -9999 -9999 -9999 -9999 -9999 -9999 -9999 -9999 -9999 -9999 -9999 -9999 -9999 -9999 -9999 -9999 -9999 -9999 8.68079541071 8.46667137168 7.17003638662 6.34221344574 7.52113320757 6.90860255995 7.1335754765 6.85014187505 7.3232352958 7.03254917072 7.67144469884 6.32963970292 6.81553613844 7.06082511137 6.393027989 4.72027594836 4.53688427278 3.64321675057 4.63930471849 5.72846895778 5.78040757496 5.15056419191 4.68277152865 2.93147164754 2.61969921934 2.59732198364 2.81823117867 2.29758434232 2.91146884809 3.2780005487 4.13148080153 2.03820741756 1.40214052977 2.94397857894
-9999 -9999 -9999 -9999 -9999 -9999 -9999 -9999 -9999 -9999 -9999 -9999 -9999 -9999 -9999 -9999 -9999 -9999 -9999 -9999 -9999 -9999 -9999 6.85280597643 7.26769597588 7.67966078627 7.16075121132 8.05518812858 7.47110034182 7.55530434105 7.40846207015 7.78804116484 7.22063865803 6.89330658552 6.66083497094 6.57614432648 6.09478410703 5.47686362456 3.42264258671 2.0167065702 6.25894546031 6.1555214494 5.7871866777 4.71247779293 3.72886605155 4.00034196293 4.59977578317 4.88436481955 4.08842134146 3.99614147974 4.53559508744 4.70475891489 3.27752033619 2.66564628327 2.51195899927 3.8685422716 2.74849062799
-9999 -9999 -9999 -9999 -9999 -9999 -9999 -9999 -9999 -9999 -9999 -9999 -9999 -9999 -9999 -9999 -9999 -9999 -9999 -9999 -9999 -9999 -9999 -9999 7.97781157171 7.61300624623 7.19539870977 6.77138469399 7.37056242457 7.47579116278 6.30711689573 3.6099283226 5.20487602374 6.9936693206 7.06665723008 5.47771922643 5.04309455316 6.42207042868 5.22818399944 4.44800488136 6.47007105664 4.55750893623 3.37659062682 4.04514635309 5.12334929201 4.76188804655 3.63861488334 4.39965558327 4.98852812996 4.34612537481 3.38328525999 2.51998767995 1.68648156892 2.53485698412 3.96811054635 2.80132527803 3.04027180297
