data/recharge/transience/recharge420.asc
ncols                  80
nrows                 72
xllcorner      4374000.0
yllcorner      5656000.0
cellsize            500
NODATA_value       -9999
[rows 25 to 49 of 72, columns 0 to 56 of 80]
-9999 -9999 -9999 -9999 -9999 -9999 -9999 -9999 -9999 -9999 -9999 -9999 17.4281066434 17.4358274992 16.5802659369 16.8018564872 15.7843695329 15.8195390239 15.1439470148 15.3457973355 14.6624354796 14.3490877114 13.7660314002 9.40491341794 9.62723191632 10.0637982924 8.93185052545 8.84407150935 7.47929932672 6.96628054842 6.02676936165 5.76880988429 7.86959604588 9.51764668695 3.23348588416 10.1941149276 8.67778390494 4.2957954258 3.05765621763 3.40645959656 3.04428993067 3.34154782014 6.55940636517 8.71745518219 8.46633654629 8.51930052718 8.38939207511 8.38164364034 7.85474253582 8.06331918915 6.89131685026 3.47071173992 1.40993973828 1.18169352783 1.08891165314 1.13721485361 1.0303145033
-9999 -9999 -9999 -9999 -9999 -9999 -9999 -9999 -9999 -9999 -9999 -9999 -9999 17.0964275465 16.7864646549 16.7213935902 16.2428716807 16.2971565193 15.4843549413 15.3633425315 14.7510831215 14.8143041045 14.0807815492 12.0384666919 13.3709243851 11.6654523784 9.15667000084 7.92626909245 7.17954740376 7.51501339374 6.32513654504 6.20818512401 9.89282564983 4.10828453451 3.17313353785 6.93375158085 9.82263890775 3.48025552761 3.64672901094 2.92959052488 2.5469417574 2.67983968779 1.78421254809 2.55298205848 3.33522021425 5.03460686985 6.87682029172 6.77560661892 3.32059859191 1.7373847726 1.19083114264 1.21769921081 1.18271205579 1.5900409612 3.11314233358 0.917368552375 0.854492763866
-9999 -9999 -9999 -9999 -9999 -9999 -9999 -9999 -9999 -9999 -9999 -9999 -9999 -9999 16.6881991043 16.5199589975 15.8090138251 16.1127002908 15.3710533594 15.5209247702 14.7597318291 15.0494225743 14.2775466416 14.2295809227 12.8533664223 12.8970137857 12.7979503578 12.26530784 8.11955224726 6.87832199146 6.67059096663 9.90547313163 10.8085004318 5.99369700358 3.77320641909 9.1095708164 9.05466415531 3.30566208635 3.05684755489 3.62178249983 3.70409825057 2.65776562863 2.40386694887 1.97163576243 1.52849650391 1.69161357342 1.40912554029 1.61374834966 1.24421454669 1.40347749069 1.26745106406 1.06101289256 0.932168440431 1.85677991499 3.40698190793 4.56301060355 3.01752382801
-9999 -9999 -9999 -9999 -9999 -9999 -9999 -9999 -9999 -9999 -9999 -9999 -9999 -9999 4.88084563959 11.0697137586 16.1924515403 16.3686076511 15.8943126074 15.9006931037 15.4157355729 15.3456107873 14.1796084767 14.682729896 14.0360161201 14.1051985383 12.5693416468 12.854876466 12.2923245228 11.981948037 9.58680544239 5.90098708021 10.5393564938 11.9005972675 3.57082796309 7.48869926941 8.19353056414 2.57644521442 3.30268085458 3.7673487224 2.45530666647 2.54011536149 2.26800380916 2.23777978284 1.77031848318 1.52449737983 1.64264285725 3.28881531911 3.43889168007 1.29761476487 1.31467679918 1.46000658463 1.47220244193 3.40421437783 5.70991809921 6.75191684684 2.66912287195
-9999 -9999 -9999 -9999 -9999 -9999 -9999 -9999 -9999 -9999 -9999 -9999 -9999 -9999 7.49264753435 11.3761656013 15.9614272884 16.5245956982 15.7759922717 15.8367285513 15.2432761787 15.2687365233 14.6275021435 14.4823054867 13.6503461935 13.5052350553 13.1809724333 13.094451322 11.9164042807 12.1592445913 11.314847889 10.778565989 10.3447104464 8.25993273311 9.17556909979 6.4945867591 7.77806652867 2.71144298661 3.65287675008 3.97569548202 2.25074238066 2.47506173342 2.12570537006 2.15157238017 1.46635052231 1.55070441526 1.19512351985 1.47999123745 2.15520709923 2.34741916422 1.76136066084 1.11830047915 1.46210655599 1.41637728544 1.07141397422 1.23400503936 1.27854328458
-9999 -9999 -9999 -9999 -9999 -9999 -9999 -9999 -9999 -9999 -9999 -9999 -9999 -9999 17.3256321249 16.9873797491 16.5466613076 16.6490964494 16.1671634325 16.3624557307 15.8001213594 15.7613233835 14.892026078 14.7502915863 13.1051518565 13.4070294428 12.4380080553 13.0548476956 12.0230682384 11.8618952078 11.2045934423 11.4279711021 10.7073778079 8.70034207342 6.53618392465 6.5576229727 6.07587327675 8.57011518086 5.39713845863 6.53026392108 2.55663992553 1.85596367448 1.64465012517 1.73927661986 1.36077986715 1.2560986586 1.72486928306 1.77892924534 3.37840894266 3.98674735635 2.46600952681 2.76828450792 1.67447522609 1.85259720586 1.62947182143 1.40631254407 1.51763304684
-9999 -9999 -9999 -9999 -9999 -9999 -9999 -9999 -9999 -9999 -9999 -9999 -9999 -9999 -9999 16.8721667471 16.5161864636 16.6092392829 16.0880924144 15.8404178323 15.4187706616 15.5534781645 14.9500132228 14.9128509983 13.124693951 13.6867439524 12.6135301128 12.8497092968 7.23878703518 11.5985169814 10.7348520619 10.710806497 9.79958437412 8.01350510629 6.68488234161 6.70246427971 6.32255418598 6.28559266621 6.01766340364 5.84109795129 5.28644332325 6.68004142321 0.815119097159 0.978829218009 1.2242644891 0.922965300953 0.805995011247 0.889917418853 1.09981607714 1.40872110411 1.15543478839 1.06761594304 1.37826912242 2.11546036984 1.90912353971 1.88276306733 1.59615270948
-9999 -9999 -9999 -9999 -9999 -9999 -9999 -9999 -9999 -9999 -9999 -9999 -9999 -9999 -9999 -9999 16.3648054269 16.4877750025 15.9472344928 16.3976354313 16.0070115322 15.9200568757 14.455021204 13.9495637808 13.3227301811 13.3283085312 12.0980351437 11.2807379791 6.75211649548 10.1629858761 10.9155232781 7.76024021806 5.52347459481 3.82243190726 6.48224667673 6.66822947003 6.41523409288 6.55643687319 6.34121159345 7.86920441436 8.52926706692 8.56929370992 4.77596328807 1.32146160732 0.713745261244 0.547535886805 0.426920219244 1.21583208214 1.07676110533 0.90098842975 1.09913328967 1.54522494888 1.20713756354 1.04434135521 1.12143665807 1.02758360485 0.935912514619
-9999 -9999 -9999 -9999 -9999 -9999 -9999 -9999 -9999 -9999 -9999 -9999 -9999 -9999 -9999 -9999 17.0935741508 16.8489668164 16.4164120545 16.4763995248 15.7694822161 15.6574614524 14.5592542533 13.9838030328 13.5951635682 13.8123329953 12.3475592769 12.1343444405 7.27490694308 9.67380721943 7.07953772977 5.31669011293 5.8602487023 4.31661764235 6.54768805157 6.58538987713 7.65172726019 6.60441985053 6.31237380476 6.60538815617 6.52492944653 7.9407019458 6.74174642659 3.16608201429 1.80522390276 1.20727920628 1.62730111094 3.03393415929 0.883652062099 1.03877402704 1.28080411296 1.33368610115 1.62228679783 1.71626988961 1.97753802768 1.45870062234 0.942376985752
-9999 -9999 -9999 -9999 -9999 -9999 -9999 -9999 -9999 -9999 -9999 -9999 -9999 -9999 -9999 15.8676715222 15.9336791842 15.8951316991 16.7667448542 16.5660539423 15.7234555889 15.6749414954 14.490295363 14.0748693901 13.0967096556 13.3261487049 12.2554652228 12.2992597922 8.88567660168 10.6752282005 10.4887163683 10.5726912733 10.147442473 8.13874287446 6.98907858483 5.59776807284 6.53267342644 7.49090007159 7.28551594911 5.87541012061 4.33076228633 2.60778272472 1.33220239393 1.30717288504 1.29486449165 0.953490431519 5.33738923695 4.29286408382 1.1906837346 1.26895897263 1.01748566393 0.851027407325 0.905158104788 0.984157881227 1.03545239426 1.06002032582 1.15834274034
-9999 -9999 -9999 -9999 -9999 -9999 -9999 -9999 -9999 -9999 -9999 -9999 -9999 -9999 16.3819252806 16.1630273264 16.0398432352 13.4232543093 15.5263390514 16.4919157072 15.6607822025 15.7232384249 14.2039735548 14.262356293 12.9804664001 12.9938377464 11.9335618806 12.24246401 11.2602383388 11.2772344283 10.2335129261 10.3223278628 8.03013510384 5.78869135036 4.25962982298 4.56549869058 8.62847702094 7.80555707974 0.984428873366 2.71248750265 3.53959781829 1.11015257025 0.96710266962 1.06372716384 0.71879201179 0.617420874244 1.63362259111 1.16242546646 1.23217876888 1.04260612174 0.928008212289 0.921247756616 0.955782860487 0.938401332826 0.880977782696 0.923358142821 1.02813575514
-9999 -9999 -9999 -9999 -9999 -9999 -9999 -9999 -9999 -9999 -9999 -9999 -9999 -9999 16.4222690525 16.4831330698 15.8935288173 12.8270425771 10.9671145122 12.6789923051 14.4869645915 14.9811156864 14.0676358386 14.1652317635 12.4547248996 12.062212866 8.59154857523 8.71449192712 8.6203816987 10.9188894166 10.4242101087 8.38302567258 4.86587953334 4.49189739172 3.60847660801 4.64697151183 3.99344470796 5.05966457076 2.49806339403 2.57331389942 3.27713251254 2.98172406749 1.14036968611 1.03082354462 0.87734233919 0.520604273007 0.84984123958 1.44883588985 1.5679676845 1.81721300145 1.7612484447 1.74542569153 1.28098408845 1.14588367098 1.23529232567 1.19091014568 0.958177765616
-9999 -9999 -9999 -9999 -9999 -9999 -9999 -9999 -9999 -9999 -9999 -9999 -9999 -9999 -9999 -9999 16.033116593 13.9200887403 13.5479280318 13.4197173831 12.7641581182 14.431115232 14.4193924856 14.399820013 12.6222283918 9.60902268551 5.88876198352 6.12175877994 5.11614913512 6.52828123528 7.25768964442 5.30727354112 4.55683144274 4.05677337186 3.93243767038 3.96150010855 3.70165667035 2.47303286363 3.49335187259 3.66755373423 2.24960336874 1.96819404886 3.74377338743 2.99937984751 0.632040294707 0.750549794684 0.652780395522 0.787516949361 1.12638885112 1.3180546085 1.2563000637 1.28868537735 1.12446824706 1.00094768746 0.737279038792 0.769845851272 1.01870098207
-9999 -9999 -9999 -9999 -9999 -9999 -9999 -9999 -9999 -9999 -9999 -9999 -9999 -9999 -9999 -9999 14.2463429902 14.0249957853 13.7543992935 12.2440821407 11.7159601171 12.4436496423 13.3764024218 13.6492462891 13.0125440518 9.93755813042 7.20478351885 6.97915618945 6.12694050383 6.48432993647 6.50613590264 6.28405649082 5.08226194308 4.19078493903 3.06672060805 3.21772089284 3.10418408864 3.49364139078 2.37388058776 2.09150797534 2.31277335401 2.84906568486 4.3574844667 3.81067015397 1.70236273907 0.602419042205 0.290501591407 0.463338836052 0.95525428552 0.796931073331 0.660973214062 0.668318014042 0.539456419177 0.592880665341 0.552990558094 0.55537241494 0.543581456146
-9999 -9999 -9999 -9999 -9999 -9999 -9999 -9999 -9999 -9999 -9999 -9999 -9999 -9999 -9999 -9999 -9999 -9999 13.8249202835 12.8459692394 11.0318560848 11.6579478217 12.797615946 13.9587509113 12.8421100497 12.0463723385 6.86056560454 6.82458924987 6.1752027579 6.25682187204 5.15054140302 4.81502006546 4.42496845331 4.39086498852 3.02785736869 3.52026413731 3.28214952852 2.64624298351 2.31208954354 2.68670721798 2.02891644415 1.8555055565 1.68972989894 1.68019308475 1.37413972284 1.19296620793 0.363250202218 0.365092656122 0.530734492004 0.644976050723 0.708399369758 0.758054785393 0.548041769076 0.558785910138 0.585465209391 0.615181310811 0.574682755037
-9999 -9999 -9999 -9999 -9999 -9999 -9999 -9999 -9999 -9999 -9999 -9999 -9999 -9999 -9999 -9999 -9999 -9999 -9999 11.5350119489 11.1765005612 11.5453360868 11.1139985961 15.0216142737 13.4069354429 13.2680495106 10.6923463868 6.82718689368 5.25141858092 5.14086508242 4.79144580529 4.91376621148 4.05870512287 3.94420602871 2.5595522907 2.00110877389 1.7936655083 2.3781362756 2.14099853307 2.31733359941 1.75174997192 1.63719044851 1.33001209401 1.57580099351 1.49274045607 1.54617865291 0.830633001206 0.291258329838 0.216493505016 0.427558065946 0.457554984836 0.599708491627 0.487086645633 0.48389050094 0.52769221783 0.510885959753 0.431188331633
-9999 -9999 -9999 -9999 -9999 -9999 -9999 -9999 -9999 -9999 -9999 -9999 -9999 -9999 -9999 -9999 -9999 -9999 12.8546155714 13.3592792807 13.1396814676 12.9719534987 11.1010144979 14.5533473636 13.3183518941 13.4303221727 11.7892762486 9.92755156851 5.71277248799 5.45723224305 5.41352911477 4.16914194095 4.2566071737 3.39911129581 2.38208050489 2.73450250452 3.01991273704 2.88618097333 2.46369849514 2.41758061412 2.30550632186 1.75051318031 1.48965001556 2.95582014108 1.97432861033 2.50483164697 1.36612437117 1.14612014554 0.600492087111 0.288536726053 0.554418436202 0.623574258707 0.774015398256 0.83498066705 0.659954745549 0.600514280374 0.537231280834
-9999 -9999 -9999 -9999 -9999 -9999 -9999 -9999 -9999 -9999 -9999 -9999 -9999 -9999 -9999 -9999 -9999 -9999 -9999 14.4615656332 14.1363743715 13.8416965635 11.2202616997 14.3345645298 13.7335476473 13.6550451285 11.440148188 11.674838929 7.91126538478 8.97669652278 7.8307976624 7.83084012643 5.53764183212 3.01287296956 3.16783676029 2.69202849572 1.54847727668 1.40495842379 1.16554079312 1.16641202222 1.27835162122 1.71752338307 1.9366461258 3.67334916394 3.73885995984 2.65625010148 1.60152447316 1.24729194923 0.691237868665 0.369115691707 0.152985812225 3.26105530158 3.75660071328 3.85927862426 1.42893583606 0.297359782653 0.373502646224
-9999 -9999 -9999 -9999 -9999 -9999 -9999 -9999 -9999 -9999 -9999 -9999 -9999 -9999 -9999 -9999 -9999 -9999 -9999 -9999 13.1257055451 13.6644181453 11.2965918319 13.3746286399 13.2758798307 13.5542940738 11.3369500765 11.7770259857 11.1680070723 10.9389216425 10.0491384279 9.96163403452 4.41424582093 5.44122035249 5.03569037488 4.41487818108 2.22653213483 2.58013807823 2.26024870617 2.18466210407 1.79219839281 2.18241113099 2.02701121194 1.81367295486 2.16602633139 1.91258131464 1.54932298437 1.7176074486 1.40095430408 0.927305332503 0.546658652177 0.322542757095 0.150011671159 0.370132560213 2.03680312094 0.176850565161 0.171333613699
-9999 -9999 -9999 -9999 -9999 -9999 -9999 -9999 -9999 -9999 -9999 -9999 -9999 -9999 -9999 -9999 -9999 -9999 -9999 -9999 -9999 13.448224399 11.9446106247 12.2866274412 12.6778243828 12.4458351379 11.4181934814 11.9654206679 10.9261713271 10.8075969007 9.93048754706 10.3918811606 4.05278830897 5.2839220132 4.30210834799 3.43574703405 2.83672169045 2.20427742118 1.87647656731 2.04483820919 2.39339515113 2.50659323058 2.53839700832 1.82432423925 1.48446515095 1.1863234429 1.34327775441 1.45874287394 1.35966754053 1.62665305573 1.70336714955 1.8390842981 0.738361273259 0.250239548929 0.0795219757267 0.100667175763 0.110760787882
-9999 -9999 -9999 -9999 -9999 -9999 -9999 -9999 -9999 -9999 -9999 -9999 -9999 -9999 -9999 -9999 -9999 -9999 -9999 -9999 -9999 12.4068216618 11.1869834894 11.1876622088 12.6733025244 13.3855211827 11.8689398073 9.91330271629 8.15999334466 10.6600732986 5.18170782408 9.60730112881 4.69811668952 3.39656005421 2.25737496576 2.83422208266 2.36465556464 2.2413913418 1.8856125771 2.34221767276 2.41694674067 2.32860227432 1.79700271527 1.70328232172 1.89476171929 1.80731474983 1.60732078261 1.57053130897 1.02835613023 1.11612934162 2.70409924451 2.56269453837 0.960854570884 0.174442719245 0.13319673588 0.085802397654 0.0872909043772
-9999 -9999 -9999 -9999 -9999 -9999 -9999 -9999 -9999 -9999 -9999 -9999 -9999 -9999 -9999 -9999 -9999 -9999 -9999 -9999 -9999 -9999 11.376203804 12.2391752985 13.6724610781 13.9576394368 12.1852590545 9.83628290743 6.38782960685 6.93316958132 7.42119162399 7.61547205439 4.48303256896 3.80845125165 3.85180349373 3.17350170268 2.80589902399 2.61328590295 2.26956125532 2.33715908495 2.36794886118 1.73112218619 1.71754391161 2.10087474548 1.22437586138 1.11312644727 0.845290768043 1.02210472015 1.24027235955 2.87344829621 2.11134319844 3.70193194275 1.20224375242 0.211440278522 0.0812331513527 0.0719655777366 0.075897299323
-9999 -9999 -9999 -9999 -9999 -9999 -9999 -9999 -9999 -9999 -9999 -9999 -9999 -9999 -9999 -9999 -9999 -9999 -9999 -9999 -9999 -9999 11.639406761 11.4223751617 13.4898935036 14.2634578337 12.3945845957 8.07666402279 6.67346827587 6.86049786691 5.79037731073 5.88980114453 5.19723905971 4.19289167369 3.22197236898 3.99172865274 2.8232281443 2.58053272651 2.73172834485 2.78006866467 1.90491296725 2.40978315542 1.74239777648 1.46779931586 1.24448265055 1.38745375737 1.52396252241 1.62280246703 0.996668787562 0.998408701035 1.07889355566 2.56794990153 0.157386260135 0.404658454729 0.181444360203 0.158588609543 0.109043056182
-9999 -9999 -9999 -9999 -9999 -9999 -9999 -9999 -9999 -9999 -9999 -9999 -9999 -9999 -9999 -9999 -9999 -9999 -9999 -9999 -9999 -9999 11.5441809893 12.0626291049 14.6517164268 14.8077331369 12.5072127473 9.03191097314 7.19503388855 7.68826157516 6.22167862309 5.78661604214 4.9220229802 4.32966000389 4.086628164 3.1284562555 2.76098062543 3.44847123866 2.83854782351 2.62707631861 2.39245322063 1.98186424087 1.40529012406 1.6711605254 1.87187381156 1.7289110636 1.57710411067 1.39185914126 1.07691117955 1.07860214629 1.26848892655 1.07592246925 0.318722643808 0.327466065275 0.358782502335 0.401882122709 0.168095341897
-9999 -9999 -9999 -9999 -9999 -9999 -9999 -9999 -9999 -9999 -9999 -9999 -9999 -9999 -9999 -9999 -9999 -9999 -9999 -9999 -9999 -9999 -9999 12.496331197 14.9444904987 14.913586623 11.9693367145 8.29404554795 6.8513682747 7.45129976367 6.25159486024 6.58629599494 5.62596815165 5.52610346407 3.68403112886 3.99845754548 3.70276856329 3.29225425592 2.18784937812 2.07284310613 1.52657130674 1.8882563234 2.05990600224 2.12090465902 1.77431310517 1.60781396737 0.970923936466 0.878829340917 0.810816467948 0.862368955355 0.698822898872 0.830847406688 0.829905448803 0.6703593785 0.2232829807 0.182108800638 0.512662699353
