data/recharge/transience/recharge553.asc
ncols                  80
nrows                 72
xllcorner      4374000.0
yllcorner      5656000.0
cellsize            500
NODATA_value       -9999
[rows 26 to 51 of 72, columns 0 to 56 of 80]
-9999 -9999 -9999 -9999 -9999 -9999 -9999 -9999 -9999 -9999 -9999 -9999 -9999 23.0948129027 22.3515231774 22.0354562967 21.8571271248 22.6140221393 21.5770121478 21.1711745953 20.2465488542 20.1449110289 19.2722151248 16.5371719686 20.0029526328 18.5736232324 17.4452436845 14.262502293 13.5625845413 14.1659191537 12.166950806 11.8622817352 16.1497815145 11.2593459334 17.8348965027 8.6302500052 18.3845920624 11.1089928194 9.13399958969 6.70058110833 5.85166317598 6.94565500243 4.76074594984 6.00747076738 6.70726776993 8.9417762684 11.0393289622 10.8269374001 6.0953966832 3.80204661996 2.9961984761 3.15288556157 3.13613301149 3.11269604616 6.03729112359 3.69122544936 2.19195594215
-9999 -9999 -9999 -9999 -9999 -9999 -9999 -9999 -9999 -9999 -9999 -9999 -9999 -9999 22.5500099632 21.9054718558 21.1383795055 22.3807687029 21.5509748454 21.8318185462 20.9805515755 20.5920578261 19.583014808 19.6554904093 17.9938468668 18.2525644566 18.6638624375 19.8415473011 14.941579262 13.0018770056 12.6683871256 18.1479465732 16.979086725 14.1701106695 11.589157521 12.6672958345 17.4304838891 8.21414558096 11.0964685602 10.2887277268 7.63554524906 8.64869424068 6.46849353342 5.31519625936 4.01881291818 4.51354016083 5.69126516675 7.63766731179 3.89453328515 3.68238849644 3.31015980418 2.65862055095 2.33545531122 5.57443587626 5.48272284722 8.39247220536 9.42043347361
-9999 -9999 -9999 -9999 -9999 -9999 -9999 -9999 -9999 -9999 -9999 -9999 -9999 -9999 6.51603230112 14.6655860279 21.6850067679 23.0285121634 22.8788750996 22.716098038 22.3064692319 21.4131532907 19.9270623005 20.3656301106 19.8637671518 20.5273591067 18.0438917882 18.6803457507 18.857563842 19.2659113036 14.7611914057 8.74355594045 16.8768767126 20.2098224858 12.0861975052 10.3866625612 18.9248135956 9.71623274221 8.97162507797 9.5739295176 5.32336699626 5.83791772431 5.55731117038 6.15289985293 5.0609548326 4.27881757066 2.27936904962 4.11677882421 5.79920017337 5.12880062579 3.6821668227 4.15260262994 4.25807176074 3.25472632531 4.84020877244 9.9820437564 9.43793869445
-9999 -9999 -9999 -9999 -9999 -9999 -9999 -9999 -9999 -9999 -9999 -9999 -9999 -9999 10.3223566677 15.53160733 21.6736605807 23.4957337595 22.3279201168 22.4150371024 21.9451095061 21.8360181532 20.8713209877 20.3876120566 20.0102312383 19.6380270962 19.0990530058 19.0460129197 18.3850888441 18.6614182629 17.6213189417 16.7960825099 16.6589423395 19.5604428793 21.2143068089 9.17632056037 12.9826127486 27.2632729392 6.44821636845 9.09585611248 5.36448292377 5.95212509794 5.0961472977 5.20658845711 3.97573887554 4.36272969215 3.22225519465 4.1493677062 6.25870641744 7.13687204853 6.08289618282 4.14568194526 5.65672752123 5.33736265383 4.23586610973 4.68204797855 3.80385084089
-9999 -9999 -9999 -9999 -9999 -9999 -9999 -9999 -9999 -9999 -9999 -9999 -9999 -9999 23.9108950178 23.2027213117 22.3534350778 22.6715123283 21.858010679 22.0509571487 22.3732426627 22.5207755337 21.0647906353 21.0745040324 20.6131957706 21.0499919814 19.6561038105 19.5171552457 18.8159992734 18.8134602914 17.9965444151 18.2145672638 17.4273456853 13.0630015669 9.77940531998 9.80421554958 9.13087599958 19.9442284138 8.22471725778 11.5715230186 14.9624240792 7.56149971682 4.06831959025 4.34612671978 3.5473150396 3.67429970398 5.51964016548 6.93983241696 10.9725269357 11.9831293079 8.86771447428 9.58222351329 6.33530039932 6.01955437617 4.92819036162 4.19789850481 4.49975263251
-9999 -9999 -9999 -9999 -9999 -9999 -9999 -9999 -9999 -9999 -9999 -9999 -9999 -9999 -9999 23.311499787 22.7997042695 22.6458247557 21.0700310582 21.6291527534 22.0951302018 23.1205690911 21.3718146096 21.2493419377 20.3076361224 20.6648738501 18.9838457107 19.1299177764 10.8714518555 18.4679544324 17.3188609556 17.2427674373 16.0910683026 12.9135527809 9.95073465695 9.97080417972 9.41471771692 9.37256870414 8.93531659476 8.54764663676 7.55015964663 12.2055517338 3.31559589058 3.30250072794 3.44216524355 3.33823452907 3.45365716383 3.86434820879 4.6041037661 4.71857778737 3.29436077099 2.98816566205 4.10198150161 6.47802681127 5.83840443398 5.75791038773 4.75016116417
-9999 -9999 -9999 -9999 -9999 -9999 -9999 -9999 -9999 -9999 -9999 -9999 -9999 -9999 -9999 -9999 22.7988728526 23.4759011797 21.8427718622 22.6259080157 22.9285489966 22.7597610399 21.4029130373 21.5962788614 21.5962891254 21.2206286184 19.855075144 17.9161081001 10.4308370285 16.6494595442 18.8733356314 12.5315998377 8.61858653657 5.9296239154 9.97727802354 10.1939971599 9.79288751454 9.95322546429 9.58753025515 12.8412636121 19.6867058546 17.1511742613 16.8914070903 9.07989469085 3.40904410965 2.50726948299 1.81468977321 4.3626842707 3.32568367285 2.66250066501 3.38158290972 4.98783059557 3.70683333659 3.12132679188 3.36438593345 3.03075939781 2.68495359347
-9999 -9999 -9999 -9999 -9999 -9999 -9999 -9999 -9999 -9999 -9999 -9999 -9999 -9999 -9999 -9999 25.8273979952 24.5695629234 23.1243315843 24.081938826 23.2004300271 21.9174208935 20.799929462 21.4933927758 21.5470434279 21.7719069185 20.1026063749 19.7316357341 11.4495153712 15.8361778801 11.0770904271 8.27114227972 9.39911248747 6.71597788236 10.1386343991 10.1048508012 11.737458003 9.16016677982 9.55532764271 10.3750610865 15.9964993014 11.8675170713 13.9514903161 12.8444364446 7.86917845968 5.80386680793 9.65840959628 9.90117853872 3.1173846212 3.18189325954 4.04514760797 4.23747845055 5.15386566665 5.48288091814 6.25106350111 4.53905630888 2.70767352598
-9999 -9999 -9999 -9999 -9999 -9999 -9999 -9999 -9999 -9999 -9999 -9999 -9999 -9999 -9999 23.6899694287 24.0702282336 24.5320635517 25.5855528347 24.959565744 23.529662432 22.7328451997 21.7072049613 21.7857367115 21.4794733474 21.9755060257 20.4993744375 20.7878066431 14.4566938462 17.6432366125 17.8651707373 18.0426216116 17.6381624181 14.0816226218 12.4448907053 9.27829116434 16.1474061296 15.4152785919 18.5179954409 9.82756704199 16.8898038831 10.301358088 7.15967804164 7.05400454716 6.79407543786 5.2370399858 6.63315208402 7.15829050199 6.47788328396 4.45264801632 3.38004215158 2.71380849197 2.84259374072 3.14820280911 3.24248524303 3.33324258528 3.49970792776
-9999 -9999 -9999 -9999 -9999 -9999 -9999 -9999 -9999 -9999 -9999 -9999 -9999 -9999 23.7929497481 24.3532990849 24.2893050061 23.5255693841 25.0686897692 25.0354446513 24.2671910132 23.8993402007 22.2588260153 22.1937961125 20.8896311957 21.3770518394 19.9994379472 20.3184201038 18.6458358493 18.7388527085 17.5552636934 17.7971213259 15.9776093986 14.0537977063 19.0971896337 23.4680335072 11.8016661212 12.8620463706 22.3766972566 23.5397927147 19.2882985949 6.10583050846 5.40699317293 5.92136313881 3.91916762287 3.31581913751 3.31348617226 4.73584228511 4.30868150528 3.54607757176 3.02238305042 2.99540087314 3.03878001705 2.97255461766 2.66390433082 2.82414276092 2.81311825083
-9999 -9999 -9999 -9999 -9999 -9999 -9999 -9999 -9999 -9999 -9999 -9999 -9999 -9999 24.0849059737 25.3299778186 24.7515815301 23.3074354436 21.3591642163 22.6463939393 22.9866944208 23.6186324936 22.4784584656 22.4301580653 20.7739242305 20.6731758004 18.0133908014 18.445686476 17.7738229998 18.9801856812 18.3441093642 17.8557810743 12.8550826087 12.7089444677 16.2619808153 17.9070683809 15.3299660081 17.3764312901 11.7148232056 11.9168338856 13.5188614422 12.8381859652 6.88942638362 6.34059031293 5.43514409482 3.1800759347 5.18365569466 6.7808624296 5.9943348558 6.96871003314 6.60274709 6.54764175504 4.6353938006 4.09440452703 4.30996644421 4.1384453398 3.00418302536
-9999 -9999 -9999 -9999 -9999 -9999 -9999 -9999 -9999 -9999 -9999 -9999 -9999 -9999 -9999 -9999 25.2048145456 24.7340834318 24.5458851868 24.3346201944 23.5356177937 23.2922319068 23.0244192852 22.8720207735 21.1041988349 19.9192668874 13.5601745342 14.0473980234 12.4747825502 14.7238346767 15.9630396066 13.2140645021 12.136797432 10.9141770705 10.8754953293 10.9485586924 12.3110974989 11.4194651597 13.8253519675 12.9523024775 8.577498619 8.49714042824 14.0616747287 13.7736896903 3.91643580244 4.67540213691 4.00540962097 3.71170362428 4.17847456937 4.99960051275 4.62904427286 4.76119151922 4.00775162448 3.50548773864 2.33500878839 2.46790393334 3.31159521861
-9999 -9999 -9999 -9999 -9999 -9999 -9999 -9999 -9999 -9999 -9999 -9999 -9999 -9999 -9999 -9999 25.7744203467 25.6469466207 25.4550923042 23.743218895 23.2734063088 23.7532449828 22.3992352104 22.6166733388 22.1158252629 21.095630088 17.2796417761 16.9331795699 15.5928297384 15.3702519625 15.7474872895 15.2840404753 13.0463292589 11.6176501554 9.07300401265 9.50389758668 9.42930543331 10.4819477638 7.71308606018 7.03609712774 7.93432794944 9.614582291 7.77507384094 11.8886482445 8.77751970155 4.33588346035 1.92661520744 3.06185780832 3.86615716939 3.10463769499 2.39001076505 2.4259279626 1.81054300595 2.06011683947 1.82771640461 1.83948853294 1.65158813826
-9999 -9999 -9999 -9999 -9999 -9999 -9999 -9999 -9999 -9999 -9999 -9999 -9999 -9999 -9999 -9999 -9999 -9999 25.5133140777 24.4432472794 22.4804864658 23.2335446691 23.239371041 22.7353089095 21.7800282696 21.7855533456 16.9112467155 17.050506394 14.9497118938 14.8611909053 12.6399815612 11.7967567572 11.1649634399 11.5326480034 8.96042309122 10.3302431232 9.92131855232 8.08805351245 7.34383982785 8.93141963361 6.9900470823 6.39177757792 5.51948197391 5.48844054758 4.87337390965 5.20591109689 2.46264560881 2.54784526357 3.44198389068 2.55177663008 2.61728262262 2.88496892392 1.8489194243 1.89834331556 1.97019760269 2.10317964532 1.77897225181
-9999 -9999 -9999 -9999 -9999 -9999 -9999 -9999 -9999 -9999 -9999 -9999 -9999 -9999 -9999 -9999 -9999 -9999 -9999 23.4412350614 23.1457130342 23.5719664299 23.0534554817 24.2496373542 22.7355255714 22.5732731077 20.8101654891 16.624534477 13.0331026633 12.7479122195 12.3562759585 17.6848145088 12.8953824194 10.5361945751 8.04652575849 7.18392293071 6.72097460737 8.49124658819 7.49704150296 8.22554580099 6.5691994092 6.13282845045 5.06028169076 6.04287179811 5.82426282889 6.03357054892 4.30431335676 2.43204131213 1.64239085428 3.4470387545 2.22995842709 2.44829650292 1.79636138155 1.77931710147 1.90484024526 1.82349295445 1.3319235965
-9999 -9999 -9999 -9999 -9999 -9999 -9999 -9999 -9999 -9999 -9999 -9999 -9999 -9999 -9999 -9999 -9999 -9999 24.839659463 25.3299159144 25.2661425189 25.0976732236 23.1368953385 23.9188258984 22.549314979 22.3275625125 20.2943306725 20.6189230372 14.206619141 13.5607764676 12.8158631665 8.40657365713 17.0276380001 10.4558000669 9.14103284372 10.4800094428 11.6256386624 11.235482293 10.1992879718 9.68653123725 8.59972057673 6.56446367089 6.15798813762 8.67810853797 11.767415745 8.84040864979 7.531245266 7.36845465851 4.82972308339 2.35333649553 3.02464599654 11.9411766903 9.29177366279 6.73974623189 3.15470393735 2.25602227259 1.81402499541
-9999 -9999 -9999 -9999 -9999 -9999 -9999 -9999 -9999 -9999 -9999 -9999 -9999 -9999 -9999 -9999 -9999 -9999 -9999 26.844319097 26.4376573276 26.1867719343 23.6475112672 24.0957873113 23.3969237655 23.1229519646 21.1180265386 20.6115264142 18.4997394278 20.3175196864 14.4153491994 14.4729024015 15.5577022577 11.6237762825 13.1671263068 13.1210754941 6.61811138982 5.92984625479 5.12358489587 5.12725794377 5.44808901564 6.94945698114 6.19980044428 7.26366565596 7.54514444152 8.2857014831 6.81031911643 5.58579017804 5.72821149902 3.72434231882 0.962259123246 2.22850128131 6.14853601809 6.9301000129 11.3643337362 1.34386830761 1.25199687676
-9999 -9999 -9999 -9999 -9999 -9999 -9999 -9999 -9999 -9999 -9999 -9999 -9999 -9999 -9999 -9999 -9999 -9999 -9999 -9999 25.814279136 26.2274991136 23.7045043636 24.3167851983 22.8585724466 23.0079436041 21.1772586875 20.6790000683 20.3732138408 20.0847324411 19.1689018649 19.0692550105 12.6815485141 14.2367205553 11.6275855962 12.2919559564 9.00516125355 9.77089830424 9.30985129121 8.63513822024 6.87100224656 8.3930480527 8.37169465711 7.6042100167 8.97370082804 8.02973178687 6.60226929176 7.25994214035 6.15190348497 6.46481008231 4.52050371454 2.66123541747 1.09626543465 1.38201368197 8.54979247353 2.57464430199 1.07704914709
-9999 -9999 -9999 -9999 -9999 -9999 -9999 -9999 -9999 -9999 -9999 -9999 -9999 -9999 -9999 -9999 -9999 -9999 -9999 -9999 -9999 26.4178042072 24.6915448385 24.8288448207 22.5274963024 22.180070588 21.045514201 21.1001103732 20.3722550535 20.1809336094 19.7504499759 20.5322451314 13.4846118087 10.3846881686 16.0272853417 13.3933631833 10.4561916198 8.76623269814 7.72248019582 8.02599630747 9.67958779416 10.0571196569 10.5496259072 8.29293711237 6.94702446331 5.58065685996 6.30554099934 6.81180946494 6.26605628641 7.36851800982 14.3136059668 11.2791259029 4.66274155817 2.43673224667 0.547427084401 0.75891609239 0.767816290043
-9999 -9999 -9999 -9999 -9999 -9999 -9999 -9999 -9999 -9999 -9999 -9999 -9999 -9999 -9999 -9999 -9999 -9999 -9999 -9999 -9999 25.2544769452 23.9035426221 23.8377600053 23.4449307899 23.2264208346 22.0070718015 21.4268084239 19.6575340452 19.8660418636 9.27374739463 18.7299577484 15.3909682037 13.4515287074 9.09092814386 10.115743201 8.85522248466 9.18063535716 8.18751210746 9.53962673892 9.75663796066 9.45667134645 7.68792770768 7.57235340932 8.65818298288 8.29960097931 7.437553279 7.28531364604 5.04481062754 5.59043158287 8.59329067086 6.15725918888 8.56172976602 1.29781873437 1.1209951364 0.608287856476 0.554150033662
-9999 -9999 -9999 -9999 -9999 -9999 -9999 -9999 -9999 -9999 -9999 -9999 -9999 -9999 -9999 -9999 -9999 -9999 -9999 -9999 -9999 -9999 24.344068117 25.1158325481 24.7901442002 23.8076328867 22.6142336016 21.9094322036 17.5695812331 18.3048490848 19.1720614206 19.6421799559 14.515638349 13.6962542044 13.7582057086 11.6734772194 11.4926150084 10.9357011033 10.4283841852 10.2697717518 10.3108871576 7.77987260293 8.05919588926 9.61241007751 6.35338501002 5.86294382609 4.76976422872 5.87957456623 6.82279216632 7.24013852874 4.59571586582 7.54999404172 7.00174255383 2.83049207055 0.703684581366 0.588837043096 0.567772253343
-9999 -9999 -9999 -9999 -9999 -9999 -9999 -9999 -9999 -9999 -9999 -9999 -9999 -9999 -9999 -9999 -9999 -9999 -9999 -9999 -9999 -9999 24.7073795669 24.3735714363 24.4103545661 24.1410275106 22.7864440982 20.3596242286 18.6208937019 18.4587998894 16.4588889378 16.700936711 15.746863201 14.2172554477 11.8228414604 14.1252942022 11.0695508648 10.6889768614 11.6616316652 11.3663687356 8.52495441722 10.4595741473 8.16588188532 6.92139446737 6.11467791079 7.21548118352 8.23569931922 8.24581622075 5.08363938601 4.75197752897 6.17880856214 8.08941054099 2.02944292022 4.82495731505 2.17656069826 1.85489447567 0.961072779247
-9999 -9999 -9999 -9999 -9999 -9999 -9999 -9999 -9999 -9999 -9999 -9999 -9999 -9999 -9999 -9999 -9999 -9999 -9999 -9999 -9999 -9999 24.8637761848 25.2344625427 26.090363167 24.6042692603 23.5890231964 22.3032615263 19.6441016766 20.5485276154 17.8623989133 16.7824893892 15.2977960448 14.8326159395 14.9234179463 11.9742264736 11.4083552519 13.681515252 12.2557492702 11.4958195276 11.2717470195 9.63848501685 7.43810765486 8.73126486015 9.68225964533 9.26011223146 8.81579132822 7.92105100291 6.07611908748 6.08540659914 6.72545033796 5.78261101355 4.26685646884 4.76243793 4.58082023363 4.94801462462 2.16683147588
-9999 -9999 -9999 -9999 -9999 -9999 -9999 -9999 -9999 -9999 -9999 -9999 -9999 -9999 -9999 -9999 -9999 -9999 -9999 -9999 -9999 -9999 -9999 25.8131537625 26.0985977299 24.8327151111 23.001121027 21.7254607823 19.1661440742 20.0161818919 17.9318606436 18.743865226 17.1545630198 17.5521729429 13.7811053306 14.6906784652 14.38182917 13.2066609192 9.83547877031 10.4639188072 7.54687814939 9.23477162807 10.716408483 10.7523249667 9.28111562929 8.55027951365 5.48699562608 5.08705660956 4.54555634523 4.8644405091 3.66595040574 4.46431936337 4.43457567203 6.3922025417 2.99157614038 1.63904253668 3.07563743553
-9999 -9999 -9999 -9999 -9999 -9999 -9999 -9999 -9999 -9999 -9999 -9999 -9999 -9999 -9999 -9999 -9999 -9999 -9999 -9999 -9999 -9999 -9999 24.6195148917 25.9070644801 24.1806647886 22.8661759435 23.0936125046 20.9792832342 21.5891331207 20.0918872159 20.5928244932 19.4794780545 17.8583235926 15.4925999661 15.1713039776 13.5824121597 12.349317716 11.6791759728 11.5018778779 13.4151406097 13.507739244 12.6800426475 10.3549619761 7.77654201536 8.21897664659 8.45395510462 9.0992119278 7.29746863042 7.15509366475 7.24131451807 7.49043599852 4.85272181713 6.94411710676 3.41984333856 5.03019934085 3.30327451346
-9999 -9999 -9999 -9999 -9999 -9999 -9999 -9999 -9999 -9999 -9999 -9999 -9999 -9999 -9999 -9999 -9999 -9999 -9999 -9999 -9999 -9999 -9999 -9999 27.0784947748 24.5878468076 23.1158659108 23.8117210031 21.6048160788 21.4888494543 19.8451175133 16.8569683266 18.9460004005 18.102984565 17.1144385864 13.1336038124 11.5333167485 14.4159809678 12.6629780665 13.6408675353 14.1939502583 10.4797277494 10.1791805575 12.3438965263 10.0641019007 9.46569298425 6.97392783345 8.14218500445 8.28275816463 7.41422156816 5.46054612083 4.87935029499 8.1175137814 10.9164830953 8.1491589091 3.75764706296 3.61851846232
