data/recharge/transience/recharge123.asc
ncols                  80
nrows                 72
xllcorner      4374000.0
yllcorner      5656000.0
cellsize            500
NODATA_value       -9999
[rows 0 to 24 of 72, columns 0 to 56 of 80]
-9999 -9999 -9999 -9999 -9999 -9999 -9999 -9999 -9999 -9999 -9999 -9999 23.0430968075 23.5164172964 -9999 -9999 -9999 -9999 -9999 -9999 -9999 -9999 -9999 -9999 -9999 -9999 -9999 -9999 -9999 -9999 -9999 -9999 -9999 -9999 -9999 -9999 -9999 -9999 -9999 -9999 -9999 -9999 -9999 -9999 -9999 -9999 -9999 -9999 -9999 -9999 -9999 -9999 -9999 -9999 -9999 -9999 -9999
-9999 -9999 -9999 -9999 -9999 -9999 -9999 -9999 -9999 -9999 -9999 -9999 22.231544698 20.6712287404 19.9628551774 -9999 19.8772389713 -9999 -9999 -9999 -9999 -9999 -9999 -9999 -9999 -9999 -9999 -9999 -9999 -9999 -9999 -9999 -9999 -9999 -9999 -9999 -9999 -9999 -9999 -9999 -9999 -9999 -9999 -9999 -9999 -9999 -9999 -9999 -9999 -9999 -9999 -9999 -9999 -9999 -9999 -9999 -9999
-9999 -9999 -9999 -9999 -9999 -9999 -9999 -9999 -9999 -9999 21.2118516144 20.1803072604 21.3657536368 21.2107298165 18.6766804174 18.2234934752 17.3683408941 17.5652334573 -9999 -9999 -9999 -9999 -9999 -9999 -9999 -9999 -9999 -9999 -9999 -9999 -9999 -9999 -9999 -9999 -9999 -9999 -9999 -9999 -9999 -9999 -9999 -9999 -9999 -9999 -9999 -9999 -9999 -9999 -9999 -9999 -9999 -9999 -9999 -9999 -9999 -9999 -9999
-9999 -9999 -9999 -9999 -9999 -9999 -9999 -9999 -9999 20.4731271225 21.020937819 20.9221379645 20.261937489 20.4993173482 20.1026752933 19.6438843134 18.1179609544 19.4981341018 -9999 21.1888979911 -9999 -9999 -9999 -9999 19.2732054916 20.0644821883 -9999 -9999 -9999 -9999 -9999 -9999 -9999 -9999 -9999 -9999 -9999 -9999 -9999 -9999 -9999 -9999 -9999 -9999 -9999 -9999 -9999 -9999 -9999 -9999 -9999 -9999 -9999 -9999 -9999 -9999 -9999
-9999 -9999 -9999 -9999 -9999 -9999 -9999 -9999 21.7875200361 20.929186368 19.7346531789 20.4860531449 19.875154587 19.421099073 19.0707452863 18.8519791859 17.4366414606 17.0571062568 17.6754682811 19.2895410501 18.9801167411 19.3892210969 -9999 18.2610918289 20.111621971 20.3857477611 -9999 -9999 -9999 -9999 -9999 -9999 -9999 -9999 -9999 -9999 -9999 -9999 -9999 -9999 -9999 -9999 -9999 -9999 -9999 -9999 -9999 -9999 -9999 -9999 -9999 -9999 -9999 -9999 -9999 -9999 -9999
-9999 -9999 -9999 -9999 -9999 -9999 22.4509154393 20.9700610481 20.0864913924 20.3358493431 20.5116610822 21.3811433683 20.5030773678 20.2250345767 19.0113506197 19.4781065762 18.3156640187 17.7754391167 19.0567032223 19.1028165527 18.7524259591 19.1146247324 19.5083051041 18.4246121092 19.6985475665 19.5819689294 20.4907183019 -9999 -9999 -9999 -9999 -9999 -9999 -9999 -9999 -9999 -9999 -9999 -9999 -9999 -9999 -9999 -9999 -9999 -9999 -9999 -9999 -9999 -9999 -9999 -9999 -9999 -9999 -9999 -9999 -9999 -9999
-9999 -9999 -9999 -9999 -9999 -9999 22.4839410218 21.8705162765 19.4406190538 19.153873474 18.8948949389 19.920235603 19.1104959418 17.8573757636 17.4710835482 17.3582584871 17.6024900717 14.3556783045 17.9929173201 17.0749998078 17.5886399393 18.5314986585 18.7204395115 18.5413712764 18.3068964616 17.855993328 20.1445584003 21.3086726376 22.1268476653 21.8484756936 22.8199410341 22.8575398385 -9999 -9999 -9999 -9999 -9999 -9999 -9999 -9999 -9999 -9999 -9999 -9999 -9999 -9999 -9999 -9999 -9999 -9999 -9999 -9999 -9999 -9999 -9999 -9999 -9999
-9999 -9999 -9999 -9999 -9999 23.686876303 22.6409480465 22.5089681172 21.4416556467 21.1565251781 20.4773513566 20.0652750068 18.6310552856 18.3454414488 18.4106093758 18.6170592554 14.1388929449 7.37426492051 14.3551672641 17.2012196048 17.6500455569 17.4333762252 18.3306132396 18.5304649784 18.7792065385 19.194039323 19.9415508839 20.0217963646 21.7820885334 21.6857306779 21.611256351 21.9955754914 21.4507673219 21.2360197906 -9999 -9999 -9999 -9999 -9999 -9999 -9999 -9999 -9999 -9999 -9999 -9999 -9999 -9999 -9999 -9999 -9999 -9999 -9999 -9999 -9999 -9999 -9999
-9999 -9999 -9999 -9999 -9999 23.8903893339 22.8695479611 22.9469420643 21.7679630832 21.39590897 20.8795380232 21.1647311331 14.0051102155 11.4111319799 20.0997790321 19.7301212668 14.7290126046 5.90824809663 11.2961791783 14.0954820232 17.2740688625 17.0895462856 18.4906623659 18.2754834431 18.4123360823 17.3762349893 18.0372676084 17.5666884814 19.6540839988 18.9265712277 18.6560363806 19.3551619655 20.4707280653 20.2280975057 20.2495612759 20.2415111598 -9999 -9999 -9999 -9999 19.7153445688 19.3445133917 -9999 -9999 -9999 -9999 -9999 -9999 -9999 -9999 -9999 -9999 -9999 -9999 -9999 -9999 -9999
-9999 -9999 -9999 -9999 -9999 23.5423165063 22.7528475777 22.4876673768 21.9483871042 22.3225011963 21.5928398196 21.3731513093 20.1789364341 20.3007383321 20.5979422757 18.9148220602 17.0831319997 18.8610068644 18.6267103589 18.9111813278 18.1566369437 16.8357671626 17.359210173 17.1173725311 18.2817454921 17.7550465838 17.8672048243 17.1495135262 19.6980015211 17.8683305172 11.911975857 16.2200024468 20.3272166653 19.419607419 18.859751918 20.4110480136 20.1348637629 -9999 -9999 20.3023158463 20.035985918 19.8596551759 19.8065950138 -9999 -9999 -9999 -9999 -9999 -9999 -9999 -9999 -9999 -9999 -9999 -9999 -9999 -9999
-9999 -9999 -9999 -9999 -9999 -9999 23.7367716811 23.32708556 22.7245991568 22.6323617188 21.469099943 21.8266314364 21.8234552802 24.0872891741 19.4097987686 18.9637963334 18.101628972 17.9196685905 17.4649371983 17.5472343055 17.3476513423 17.5410332833 17.3092304106 17.8598895707 17.6542959304 17.0418128451 15.2828363048 15.748526836 16.981720557 17.5009770649 16.5135704019 17.9409438938 17.3787670524 17.9244639884 18.2614021164 18.761853323 18.4437669209 17.6487154656 19.2767447987 19.0692366687 18.6561800397 19.6665185705 17.3112218401 16.373529505 -9999 -9999 -9999 -9999 17.7230010317 17.1345830726 4.30775834277 -9999 -9999 -9999 -9999 -9999 -9999
-9999 -9999 -9999 -9999 -9999 -9999 -9999 23.118206674 22.3846040939 22.8488245331 22.3429524712 22.0240993277 20.5814940632 19.2084276993 18.4508616892 19.6487992058 19.5754429628 19.7585874521 19.1539714634 18.1857678163 16.9444318848 16.9326412274 16.9984623722 17.1490581506 17.2043395114 16.5602586905 15.9301303274 16.7370090305 17.5919705415 17.2829143981 17.1364733402 17.1901950897 17.744117706 17.8265564041 18.914502426 18.9210599148 18.9807691275 18.8769476008 19.2035637479 19.1389923507 17.6387718805 17.2267464633 14.9566982363 12.5010547019 11.0367892312 11.7905274465 12.4801312336 11.5079565464 11.0841944875 15.1025481512 14.8723161488 12.1032599095 -9999 -9999 -9999 -9999 -9999
-9999 -9999 -9999 -9999 -9999 -9999 -9999 -9999 22.0207139585 21.8321421471 22.0781880863 22.4556692951 21.3588247929 21.7886584146 21.4156886439 21.0263996188 19.0606438275 19.157492593 17.6706180846 18.1798084869 19.5838748845 19.3554783275 17.3301956541 9.42844116282 8.60008990392 9.33527493467 15.2798611992 15.5695563633 14.8400978653 13.4728146779 14.6278387712 14.4635981357 15.2658180249 14.7929729107 16.2469565569 16.8816382443 17.3894177937 17.6756303 17.4012891148 17.3736822996 16.4468633605 14.4019972967 9.95363236207 9.44041086078 8.92470995698 8.4438313613 9.33980465651 8.71728022919 8.13300209239 11.9747921083 13.0412055848 13.4214572847 11.9360607706 -9999 -9999 -9999 -9999
-9999 -9999 -9999 -9999 -9999 -9999 -9999 -9999 22.9397541766 22.4201358833 21.7116685799 21.7846205369 21.1406280335 21.1227060257 20.2152026608 20.0215062722 18.6274515654 19.0941546835 18.2049180013 18.5949987667 19.2522462282 19.2440247195 17.2758304704 14.7362280317 11.311262213 7.61979986022 10.5589338911 16.5278239582 14.5427202716 13.4073974253 13.6225722928 14.0409921863 14.1711623469 14.4856981118 16.5738276572 7.14689104951 17.9029682556 17.4641544391 17.3386574605 17.2444249647 16.8090269548 14.4436757246 9.56586667296 9.52303428562 8.47522124029 8.41392546215 9.271278711 8.84405916259 9.10878442508 13.7695391408 13.1926796512 13.2225536331 12.7864411123 13.7772956676 12.0447586158 12.4268146163 -9999
-9999 -9999 -9999 -9999 -9999 -9999 -9999 -9999 -9999 23.0771843096 22.2617353236 21.4626938461 21.1785261769 20.6980533129 19.5303693402 19.4947925153 19.7749270286 20.0179252681 20.191814257 20.2710184164 20.510279883 19.3363548614 20.0606609213 22.49987832 14.935380598 13.2097687565 8.42062878377 6.72408812873 10.6177597788 13.7516096516 13.2060164727 13.1619892193 13.1290680089 11.8736889463 13.5322884987 12.4334075998 16.0031960158 15.6689582538 15.3655917711 15.4119992563 14.9832571164 14.6415320512 8.11619502963 9.01826090686 7.31595952685 6.51768871001 5.75981222915 6.03790626159 9.90749620803 10.4463761699 10.3208969458 10.1390446927 10.5364794861 11.5976886791 11.6409884892 7.34437872981 5.18121164432
-9999 -9999 -9999 -9999 -9999 -9999 -9999 -9999 -9999 -9999 21.5597392612 21.7568378699 21.0547675569 20.9117471001 19.0618268509 18.5034390984 18.9524130863 20.1084187217 19.4989228557 18.6516163827 18.1662164806 17.9132013635 16.3406812905 18.0196594596 10.982425307 13.750144169 11.0924800304 8.37468096251 5.02050746869 11.0707354076 13.5758273554 13.5956548989 14.3085571384 12.9652719665 15.2166038277 14.9292253744 15.838160462 15.6674545067 15.4176270196 15.4540613052 15.2601267153 14.9749209992 11.7923322551 8.48890851452 9.59869512188 9.02771928811 7.75208331045 6.75714240164 10.8716724656 10.862311 11.0802614798 10.8405617604 9.80719295118 11.1901499379 10.7856947773 6.78706481238 5.13450601756
-9999 -9999 -9999 -9999 -9999 -9999 -9999 -9999 -9999 -9999 -9999 10.9814462698 13.0028308822 20.2130561076 18.7280821733 18.163968718 18.7638745502 18.7138066429 17.8165391835 18.6032067612 18.7449709686 18.5886533071 16.0642937671 14.8499544636 13.8876603418 6.28208311073 7.49854772772 11.4533724889 10.9969294044 11.0466478738 6.29734498269 11.2040624428 11.0218449147 11.3125374564 12.4261081823 11.8633907166 13.6757376765 13.625938589 13.9932418309 14.0025506702 13.3688489516 12.3057344122 12.4230904396 10.2439112933 7.23705054411 6.10524811918 6.61529515095 7.68784037568 7.93194159487 9.79901045636 9.31938560348 10.487873576 9.9440087648 9.5719149279 8.48619660653 8.42655345829 5.35358022513
-9999 -9999 -9999 -9999 -9999 -9999 -9999 -9999 -9999 -9999 -9999 9.72395041874 14.2158099086 19.6677442578 19.2614178269 18.8190507274 17.8019298332 17.5796249201 18.4866819093 18.5439836905 18.2735700397 18.9672436353 16.0994766946 15.4682206766 15.0809537359 16.1114072114 14.2844262033 11.3720113851 6.43742429619 10.0405719702 8.65067112579 6.8650695261 3.64542322976 4.85012472473 9.05072389303 12.6494743788 13.6325040406 13.7662299533 13.8043323617 13.5409134319 12.5480285455 13.0008840524 11.637336036 12.0246081322 10.8976287537 8.14780661515 9.02590752333 9.95738913966 9.01328678523 7.38347057392 7.02293512215 7.16388623454 5.8498112937 9.7914065739 9.6257366277 9.02392261162 8.57098139752
-9999 -9999 -9999 -9999 -9999 -9999 -9999 -9999 -9999 -9999 -9999 22.1723886662 20.8483925138 20.5441237545 18.051243522 17.8981931166 16.304876862 15.3806398085 15.6635515583 16.424913189 16.7189096601 16.8496101716 14.9789194308 13.6584852425 13.2519766465 13.5588564747 13.1112832428 12.9713881855 12.6225426251 11.8132459384 8.2131620806 7.98779563205 9.61716518478 10.1624181288 5.73367618331 2.04908969651 3.37902268947 3.25852708598 11.5980171717 8.2349635191 6.96365990614 11.9040249549 11.9197765854 12.6064737759 13.8640989391 14.2176213202 8.70205864578 8.13201802763 7.6399855699 7.44108803238 6.17024251294 6.76231099525 7.08644116074 8.39443180402 10.0790911614 7.90482304119 6.57022209157
-9999 -9999 -9999 -9999 -9999 -9999 -9999 -9999 -9999 -9999 -9999 -9999 19.7992069887 20.322812259 19.0456435006 18.1219068574 16.6800159825 16.0679423051 15.1492576981 16.7468147211 16.9327166769 16.5718911692 15.734536828 15.5319655912 13.8862841915 14.0373096789 13.2359160481 13.4440271536 12.9181351188 12.6278513658 12.5937554983 12.8677538229 12.1510817993 8.43575059325 7.5656621847 7.29606886517 4.94819843223 2.59839757696 4.71522333398 12.1513577646 12.9621674188 11.4119731444 13.090241278 13.9115092863 14.2728163353 14.5554232382 10.7800738925 8.20034157374 6.57082346191 7.06364325756 5.96942829607 5.17692597402 4.6576594265 4.71482864626 3.93671631693 5.62639258704 3.46779603354
-9999 -9999 -9999 -9999 -9999 -9999 -9999 -9999 -9999 -9999 -9999 21.1509726852 20.8257491169 20.8773556424 19.3684562017 10.8029535326 14.1325474674 16.5304767148 14.4405587793 15.6104838377 14.374401752 14.2651335302 13.1569529788 13.3250164489 12.7595920822 12.6626979811 11.8120179152 11.5068213468 11.4628977783 11.2475072523 10.6328496265 10.8542898073 10.4177184049 10.3447793788 10.7538949599 3.9424671055 3.62740554654 1.50565945351 1.42003893615 9.35823773963 11.0217006192 9.4606429622 15.0944310822 15.5891027403 16.4235878732 16.2788614524 15.1978259274 11.0581322022 7.47123888236 7.37949186729 5.32017667557 3.82034875103 3.32980085778 3.35100909774 3.04412886616 3.30938569833 4.40910738774
-9999 -9999 -9999 -9999 -9999 -9999 -9999 -9999 -9999 -9999 -9999 21.4575414619 21.9394657465 21.5053169398 19.4027756384 13.7022640149 16.552780773 16.8485460627 15.6417790405 15.8151381408 13.1542474717 13.5820847265 13.6300184939 13.7116972847 13.0550804465 12.9538636371 7.4071179327 8.58727154199 11.4123234349 13.2823896605 12.4011304177 10.9775834258 10.3063799346 10.3489836963 10.5974102192 5.13130983073 1.9762002612 3.49227453158 1.70164536497 6.34878796066 9.8296380593 9.44622454732 12.7522803546 13.8875741769 14.1664650313 13.7287271072 13.3157491334 13.3590273554 10.5215839601 9.42903573731 5.10126607326 5.23570122235 4.4867816119 4.26693515466 3.89682331397 3.6407561619 2.89900634278
-9999 -9999 -9999 -9999 -9999 -9999 -9999 -9999 -9999 -9999 -9999 22.4709111718 22.4429818441 21.4408109746 20.4011127845 20.1444124908 16.9372413586 17.3512852314 16.0279907773 16.925622847 11.662984493 5.47112111167 11.5470649432 11.7596521086 8.40944530322 8.40742354436 9.58183255677 10.4662571069 9.78273904109 9.99196804717 9.82852790445 12.1299304595 11.7600061831 11.3527940534 9.65553424842 2.99349771191 0.94905282964 0.600747953902 1.39538751782 3.2968576892 10.1677430642 11.2301760066 10.8850258772 9.84475920706 10.5512548363 10.5746850743 11.2302407551 11.3206187592 10.6986871191 10.6452870608 6.19312582421 3.75813551629 3.13196285536 3.0483125528 2.8731404163 2.91398571852 3.46681589378
-9999 -9999 -9999 -9999 -9999 -9999 -9999 -9999 -9999 -9999 -9999 -9999 22.6929984406 22.2562463847 20.811007145 19.7866025759 17.6342840346 17.9007028901 16.0775602412 16.6485283379 15.1430541693 16.4478561695 10.6427825472 8.44759338964 8.00111180239 7.90970213289 6.81560704806 7.08396235281 6.52885017953 5.9861073332 5.17161225354 8.12004300962 9.36050147827 9.76648665446 9.19855568462 1.95585344561 1.22793004288 0.769267524828 1.99510858441 4.6449638468 10.5424503235 10.3331067769 11.5010588194 9.9311825084 10.6926181328 10.6382395869 10.623139587 10.9124015426 9.94382838674 10.6971125533 9.0389703073 4.43625545847 4.18460651325 5.10671626113 3.11064208245 3.35363926615 3.17442386677
-9999 -9999 -9999 -9999 -9999 -9999 -9999 -9999 -9999 -9999 -9999 -9999 23.6152168623 22.6164852461 20.9439263171 20.1010475397 17.918411623 18.4398480319 16.9820825524 16.6224190453 16.1465658737 15.8127432573 12.7173569426 10.6592506286 8.97844322591 9.59824951114 9.65269109402 9.04590438457 7.48670185914 8.72681371821 7.06016942051 7.52247003188 11.4514764121 12.0183791107 5.74216660278 1.79260191027 1.16719923718 2.09942190653 3.99024379225 4.31364607466 9.35244415563 9.35136558108 8.83329196203 8.76448167296 8.86373371541 8.60926721899 7.88325857672 7.64702929919 7.06559337465 8.28513154453 7.45854118975 6.28179873948 5.58717480967 2.00395061142 1.33605100677 1.68345575467 1.43308937645
