data/recharge/transience/recharge269.asc
ncols                  80
nrows                 72
xllcorner      4374000.0
yllcorner      5656000.0
cellsize            500
NODATA_value       -9999
[rows 25 to 49 of 72, columns 0 to 56 of 80]
-9999 -9999 -9999 -9999 -9999 -9999 -9999 -9999 -9999 -9999 -9999 -9999 9.77295483758 8.97546917897 7.69637565456 7.88421700668 5.95803914298 5.86667890725 5.34011788726 6.27338800004 5.59530173931 5.25564922213 4.9059993099 2.06791151563 3.11524890135 4.15692257829 4.1509041548 3.80117969768 3.13662059192 2.71001268116 2.53059155744 2.34185210002 3.24620633256 3.3668998596 0.424230916908 2.21101330204 2.21307833431 0.80932173391 0.602734491297 1.79155128366 1.83745644778 1.75526028912 4.08923679261 5.79316174207 5.78446943965 5.91519594085 5.98872622896 5.95263807607 5.87269444064 6.29329042106 5.69152327787 2.64495736331 0.933124422945 0.743435666941 0.734729535196 0.765279296107 0.725522718933
-9999 -9999 -9999 -9999 -9999 -9999 -9999 -9999 -9999 -9999 -9999 -9999 -9999 6.80459982438 7.16460466703 7.51353445498 6.73617536385 6.46065006104 5.49494516854 4.91051724817 5.00131431575 5.57675032161 6.13094314326 5.01492533523 5.21715188632 3.85082149663 3.37883102089 2.67989728922 2.74966203038 3.02945942046 2.68442176898 2.53097783254 4.02557853681 0.802406190388 0.397458279129 1.27387839788 2.29003348645 0.596559889283 1.65497651673 1.52943736547 1.41681046105 1.33769281285 0.877811194263 1.41470724111 2.05892686719 3.21778483176 4.83774137429 4.66505426666 2.27648295502 1.0865275116 0.72731284356 0.743246701312 0.794550967212 0.817226419687 1.88700038785 0.637616237483 0.60511600892
-9999 -9999 -9999 -9999 -9999 -9999 -9999 -9999 -9999 -9999 -9999 -9999 -9999 -9999 6.92808723781 6.9658550971 6.08978891605 5.74574192642 5.60300764788 6.01896472034 5.32328509108 6.27242965206 5.7954789659 5.26916408488 4.53096177797 4.36205034579 5.14081024741 5.22401534852 3.2432148366 2.50287389715 2.85344963696 4.37827241137 5.38905874991 1.5516384587 0.532705874195 1.58961334392 1.88301651318 1.31928042414 1.66963907434 1.09745367542 1.21749664009 1.30967115555 1.30254666194 0.99768258507 0.789499318296 0.898336953917 0.792836849795 0.690516587524 0.735097466795 0.844133885701 0.782482150379 0.625834420635 0.590356641493 0.721042812342 2.76990315349 3.52646692527 1.48877985307
-9999 -9999 -9999 -9999 -9999 -9999 -9999 -9999 -9999 -9999 -9999 -9999 -9999 -9999 2.05467306716 3.37148966225 5.02345284333 5.20732142535 4.9833633112 5.28298276261 5.48075328713 5.4292196097 4.68530727689 6.17281893845 6.1917775691 6.28274082481 4.21037030839 4.11637772074 4.97273705885 5.02632433747 3.99463198909 2.92065278132 4.83619173205 6.52809620383 0.700695129294 1.58740657332 1.49869267919 1.09335761791 0.954723542745 1.03838162921 1.05373153513 1.25866246108 1.34297538343 1.18729697568 0.971256947552 0.803973657826 0.496822288913 1.47847811607 1.77286044324 0.616954372895 0.874210138837 0.99145608672 1.07807156555 1.39855867084 2.3123794533 2.80766301974 1.28184072245
-9999 -9999 -9999 -9999 -9999 -9999 -9999 -9999 -9999 -9999 -9999 -9999 -9999 -9999 2.7023185069 3.74599864969 5.47244798458 5.76157802644 5.95643189456 5.82178731261 5.46670167854 5.76702215153 6.08677366631 5.41829705404 4.91032082203 4.39039493947 4.95673202557 4.89527328548 4.10700984858 4.67295179231 4.71738678334 4.35530726527 4.42908295957 2.98291209911 3.11642020362 1.60584558681 1.96957533286 0.891707943307 1.6076710806 1.04769285325 1.18927356197 1.37134794124 1.23472119394 1.25296417441 0.781268319531 0.821840218421 0.660278217578 0.864380173672 1.47819837263 1.44156862054 0.89269096815 0.431262665324 0.500061104906 0.402759140539 0.348839865205 0.545459685571 0.860835865107
-9999 -9999 -9999 -9999 -9999 -9999 -9999 -9999 -9999 -9999 -9999 -9999 -9999 -9999 7.87326646637 6.65893529767 6.24016799906 6.92393316172 6.41304389281 6.35543061846 5.2927401487 4.90378072717 4.81596602031 4.95556429778 4.48139601728 4.78436033539 4.31770216133 5.06929559306 4.66064182758 4.24601111749 4.60047058252 5.1885541009 4.95643266889 2.18801267168 1.53291748308 1.55442757753 1.51823495512 2.15625879535 1.40102506638 1.73885881583 0.429130113228 0.861778205768 0.898823206525 0.977167758887 0.766099294717 0.649143399527 0.909679853547 0.681436507568 1.29267843287 1.65665816218 0.929172738895 1.2392909719 0.837719113591 1.24460033762 1.26617961184 1.05920928852 1.16328956761
-9999 -9999 -9999 -9999 -9999 -9999 -9999 -9999 -9999 -9999 -9999 -9999 -9999 -9999 -9999 5.47433409514 5.11908824159 5.08060356273 5.57106412201 4.37460745344 4.21389077352 4.39240457666 4.94325896735 4.96648479241 4.43984514193 4.56880836035 4.1161130724 4.39945262658 3.5742020146 4.11180829162 3.67517906535 3.63486509569 3.45025836391 3.00202738619 1.70103446915 1.72233795899 1.78074153418 1.73718793007 1.856705548 1.40647661042 1.11864877116 1.3036001311 0.182304525863 0.315464812645 0.575422700295 0.316595060709 0.164282292642 0.173513345309 0.329193902522 0.648318000749 0.708709391479 0.640074037973 0.972822347872 1.64764414714 1.5385429669 1.51187212329 1.237325755
-9999 -9999 -9999 -9999 -9999 -9999 -9999 -9999 -9999 -9999 -9999 -9999 -9999 -9999 -9999 -9999 4.7779296813 4.46533776484 4.55902271527 6.08772046796 6.05533895699 5.74814524655 4.45077153172 3.8810728362 4.38466062176 3.97044126649 3.72860512104 3.01373257691 2.60461269398 3.54193772188 4.32281451804 3.43373460728 3.95589386636 2.71865719193 1.35339872715 1.54436034217 1.70420685207 1.88210462017 2.04325146174 2.46315326879 2.69455141314 2.53245499724 1.29522986468 0.235060301406 0.137642075327 0.108544635516 0.0974878102583 0.59697431367 0.650257263429 0.517280021021 0.712833893576 1.08518262514 0.833800409401 0.695758508195 0.810540139749 0.726721068719 0.688001112733
-9999 -9999 -9999 -9999 -9999 -9999 -9999 -9999 -9999 -9999 -9999 -9999 -9999 -9999 -9999 -9999 5.69688432917 5.78789052645 6.12556989058 5.60103810058 4.62888597198 4.93977478566 4.68426187656 4.30689163201 4.2092860705 4.66409418672 4.06843212786 3.82202795184 2.85350308519 3.01504064284 2.63288546733 2.37642292928 3.04022895351 2.83475312194 2.08040687303 1.45594240232 2.11186164361 1.94986092399 2.00484017576 1.85945732028 1.42856430643 1.68463406901 1.82781545264 0.900812986703 0.425575088075 0.244288038012 0.315211156503 0.843185831225 0.507657677961 0.620480711064 0.863585936727 0.907838045375 1.19929080848 1.28467085485 1.6250042703 1.11640962649 0.693758151502
-9999 -9999 -9999 -9999 -9999 -9999 -9999 -9999 -9999 -9999 -9999 -9999 -9999 -9999 -9999 3.53596903004 3.66927994442 4.36096524731 5.10420599646 4.93679382252 4.54115451042 4.29646781742 4.00796871345 3.84090786405 3.58658810305 3.88069017408 3.77166178344 3.88373150074 2.7463101125 3.25641795353 3.59086306222 3.72123022614 4.07211648065 2.53422860113 1.19015719916 0.738122115007 0.935675669511 1.55863197858 1.64852260515 1.23924335586 0.744272097714 0.450321584067 0.249661362226 0.24326850565 0.291858792257 0.197339519687 1.26430233221 1.39895636788 0.617790815364 0.858535702823 0.695621829274 0.555237115572 0.629091353744 0.697774936243 0.780026655243 0.802587913714 1.00630934536
-9999 -9999 -9999 -9999 -9999 -9999 -9999 -9999 -9999 -9999 -9999 -9999 -9999 -9999 4.27093344245 3.98411533898 3.8534935226 3.6353509502 4.21474998697 4.510513628 4.21328024271 4.77345080676 4.07823672964 4.25945048547 3.60391942756 3.39610352451 3.28008647972 3.38489293573 3.35197364045 3.34739604448 3.10030073086 3.19191436351 2.47105089836 2.14681091049 1.84284414531 1.05091852433 1.28985158304 0.954481067743 0.155094658179 0.397636401016 0.576962253998 0.17812070486 0.166579903246 0.186436215845 0.145902007159 0.12600269444 0.274078442195 0.572874332549 0.830002737492 0.671929521546 0.618552986355 0.612998640253 0.672854807717 0.658512157589 0.638861918965 0.6772963707 0.887305296963
-9999 -9999 -9999 -9999 -9999 -9999 -9999 -9999 -9999 -9999 -9999 -9999 -9999 -9999 4.32559192305 4.8824805264 4.43593707052 3.29747491729 2.60850639522 2.8235701311 3.31509310707 3.91060265115 3.70112362234 3.94905862479 3.41965806957 2.87294898214 2.32822918506 2.33430139048 2.35770873167 3.10678409131 3.32381927574 3.00889187841 2.12875141529 1.82236696393 1.56844554764 1.82426224698 0.941664195269 1.43153813972 0.531894354109 0.55747886671 0.972481517878 0.829625040135 0.236271730457 0.206657058604 0.196153840549 0.115148967061 0.209643294129 0.832043475828 1.1612177433 1.3535552224 1.37848490571 1.3614883239 1.04001519725 0.908492261412 1.09015571406 1.04238782434 0.866214597639
-9999 -9999 -9999 -9999 -9999 -9999 -9999 -9999 -9999 -9999 -9999 -9999 -9999 -9999 -9999 -9999 4.54213217532 5.00146029841 5.09688224855 4.96560030767 4.08616815811 3.57378336279 4.30367658238 4.33021283204 3.66075249332 2.83351134536 1.50969877062 1.61258545565 1.42674579133 2.03222047386 2.60009202714 1.99663820614 1.86511763773 1.50460552334 1.75102362293 1.77279332565 1.44726994058 0.558448720485 1.1346582256 1.54443515439 0.941754017121 0.676594042138 1.122586057 0.644915702009 0.138016500493 0.164378696026 0.15796381501 0.377173941565 0.772458103609 0.908400794886 0.909360638265 0.938418019746 0.888827282073 0.77219798394 0.581451737664 0.614293053305 0.924563865287
-9999 -9999 -9999 -9999 -9999 -9999 -9999 -9999 -9999 -9999 -9999 -9999 -9999 -9999 -9999 -9999 5.2703915396 4.91850761885 4.86886693691 3.34964749634 3.66449416732 3.85879571492 3.15451369023 3.40100831322 3.80417352613 3.11772335714 2.33747340693 2.18809817365 2.01079744259 2.11206826328 2.65783860966 2.45030141986 1.96130909522 1.52373321703 1.12150683943 1.21632399263 1.38769699648 1.68856084342 1.11402083637 0.916807710351 1.26107765378 1.70185516239 1.58304420438 1.4437269435 0.709925947809 0.136912700448 0.0841500997263 0.154727954569 0.651145543613 0.509926463901 0.444118730195 0.451137431074 0.408592594325 0.464390562375 0.486332979687 0.489810717991 0.502320058339
-9999 -9999 -9999 -9999 -9999 -9999 -9999 -9999 -9999 -9999 -9999 -9999 -9999 -9999 -9999 -9999 -9999 -9999 4.96377226342 3.90044423754 3.02301623142 3.59911855599 4.1048210973 4.06719864824 3.55836172006 3.32249932271 2.08698910622 2.15433100123 1.9293105435 1.93348219202 1.55714313915 1.33705030981 1.40339250776 1.51432983562 1.09885448394 1.42197643581 1.52029384646 1.0724198485 1.06428313594 1.33958826425 1.04058211868 0.911377062736 0.802541698492 0.795737948371 0.866938467424 0.575606629884 0.105244513922 0.101499240502 0.196043567669 0.363662729303 0.504334842014 0.577127615803 0.416540801417 0.427239035437 0.522521533891 0.557014777055 0.538917946095
-9999 -9999 -9999 -9999 -9999 -9999 -9999 -9999 -9999 -9999 -9999 -9999 -9999 -9999 -9999 -9999 -9999 -9999 -9999 2.84286514115 2.97145049315 3.30742127159 3.2632967065 4.72153910662 3.76288599037 3.49035060812 2.57612006027 1.79032433285 1.31079589099 1.24409010272 1.3882564304 1.55478263316 1.29057816207 1.18791604635 0.800781405839 0.549562370417 0.562425081401 0.896291147644 0.987131284563 1.13554402958 0.88628369676 0.798823263686 0.690940115406 0.883432599955 0.98303059498 1.02866353754 0.420322844909 0.0858947589188 0.0778431727898 0.150873300602 0.290149182828 0.447242721854 0.396393827425 0.392657493981 0.507020204896 0.486394467061 0.437643608168
-9999 -9999 -9999 -9999 -9999 -9999 -9999 -9999 -9999 -9999 -9999 -9999 -9999 -9999 -9999 -9999 -9999 -9999 4.06365002133 4.61169002432 4.92393889182 4.73043610736 3.49808258882 3.65602721907 3.63883036406 3.4644857203 2.89445807955 2.46970161872 1.6098039585 1.43436530188 0.685701378166 0.605961251208 0.950290243055 0.983080663735 0.701331274668 0.888255430782 1.27569637176 1.17769777319 1.13326453111 1.12008334157 1.31490741021 0.884676373687 0.820701224289 0.649476327948 0.616697533386 0.683595709531 1.02055399843 0.470892239516 0.186953806274 0.0979717997427 0.163369431896 0.329090805659 0.651368944386 0.814503593433 0.677957518213 0.596529619912 0.584876647785
-9999 -9999 -9999 -9999 -9999 -9999 -9999 -9999 -9999 -9999 -9999 -9999 -9999 -9999 -9999 -9999 -9999 -9999 -9999 5.48163857798 5.40650216237 5.01305422293 3.5291127421 3.60886864826 3.82461645606 3.75344674556 2.78378030209 2.89223951922 2.0632164949 2.74311899788 2.09163277825 2.04889380764 1.7847862095 0.841276439204 0.660559700471 0.462094653802 0.449491380385 0.38610294359 0.373346857458 0.373313280602 0.549919966385 0.884405927505 0.649608021301 0.947029455647 1.26996565307 1.46588809699 1.23570424666 0.842358599959 0.272603590938 0.121191825955 0.055349233342 0.717741243205 1.17958723974 2.03299228841 0.608997836353 0.245664860694 0.380500836586
-9999 -9999 -9999 -9999 -9999 -9999 -9999 -9999 -9999 -9999 -9999 -9999 -9999 -9999 -9999 -9999 -9999 -9999 -9999 -9999 4.13673790969 4.74347439141 3.60490336173 3.71060172706 3.07689238543 3.57887890691 2.83264172572 3.04365660233 3.52755683322 3.03435565815 2.56802486779 2.40766937119 1.07791515239 0.989658759353 0.914446801502 0.826887723343 0.809617757425 1.05202819826 1.04378491275 1.007865008 0.931292459262 1.25905265762 1.29177820434 1.10066043804 1.58803507631 1.34296380007 1.18407000032 1.35557697025 1.14190851323 0.460003934943 0.243724663349 0.153948661791 0.0831375420304 0.0811452885978 0.644151472174 0.107890567452 0.122710426412
-9999 -9999 -9999 -9999 -9999 -9999 -9999 -9999 -9999 -9999 -9999 -9999 -9999 -9999 -9999 -9999 -9999 -9999 -9999 -9999 -9999 4.19412006234 3.78311421895 3.86174968849 2.82603224087 2.52402115639 2.51438400902 2.94971835213 2.49767490258 2.26879976429 2.46569762555 2.82504890498 1.06967286636 0.763421796514 1.29302022412 1.33073503285 1.24975489549 0.895435816136 0.847395728445 0.915287618599 1.36052522872 1.45814860183 1.69835407877 1.04515246676 0.90873555967 0.663183015285 0.928469935846 1.036497208 1.12087581045 1.41789582195 2.15552238672 1.01105570745 0.634305561808 0.133493332674 0.0565996109706 0.0697247020938 0.0889520186439
-9999 -9999 -9999 -9999 -9999 -9999 -9999 -9999 -9999 -9999 -9999 -9999 -9999 -9999 -9999 -9999 -9999 -9999 -9999 -9999 -9999 3.27766402964 3.1226393062 3.1397774531 3.61308467753 4.04686074846 3.36718484689 2.74172861902 2.16256581604 2.54071393744 1.49688646445 2.28052052803 1.48389712007 1.00040561513 0.627463726882 0.967555687884 0.92855302115 0.959613510828 0.916755865764 1.19799253983 1.38212626849 1.30759251937 1.03251105414 0.955958657912 1.27425685249 1.19470604314 1.18169123731 1.14507818063 0.826549147487 0.880106887808 1.43081767115 1.15801804666 0.287986724011 0.106723967189 0.0878490443903 0.0606622712712 0.0727619856794
-9999 -9999 -9999 -9999 -9999 -9999 -9999 -9999 -9999 -9999 -9999 -9999 -9999 -9999 -9999 -9999 -9999 -9999 -9999 -9999 -9999 -9999 3.22670266298 4.00698200907 3.71728774268 3.38072268564 2.84822011736 2.57974888771 1.75575718684 1.85107998316 2.04904618245 2.22658012193 1.3627885719 1.20516109081 1.58366129075 1.09844315156 1.20536787052 1.0907463429 1.11148501261 1.10273033946 1.249356159 0.768063508073 0.9201311711 1.24104447016 0.689421137634 0.59954279158 0.533621709887 0.694380905523 1.03341767602 1.14231725519 1.04676301284 1.16824743202 0.415289142973 0.104941434184 0.057134263068 0.0510145404634 0.0630264218661
-9999 -9999 -9999 -9999 -9999 -9999 -9999 -9999 -9999 -9999 -9999 -9999 -9999 -9999 -9999 -9999 -9999 -9999 -9999 -9999 -9999 -9999 3.42704841523 3.269808014 3.48953410954 3.90877828636 3.33200823094 2.17836490665 2.00383109997 2.09050828293 1.81607624566 1.89739606744 1.90784521859 1.48074652869 1.1316961166 1.7023705157 1.15033716297 1.04853589471 1.39987050591 1.37331663352 0.894637517583 1.28211909947 0.941014617447 0.722256699126 0.701905983502 0.818871495546 1.14204354435 1.1764082484 0.714048359852 0.602195411653 0.461725529526 0.737369962704 0.0832339238207 0.17799551594 0.111110435801 0.0999529334495 0.0862577269552
-9999 -9999 -9999 -9999 -9999 -9999 -9999 -9999 -9999 -9999 -9999 -9999 -9999 -9999 -9999 -9999 -9999 -9999 -9999 -9999 -9999 -9999 3.18066587177 3.65541301317 4.15932044574 3.6487038734 3.1650610336 2.76359729438 2.07349023927 2.46071512782 1.91300862182 1.585438856 1.43796919873 1.37769324974 1.60794793562 0.952808795636 0.995009633756 1.48339408319 1.27632240553 1.11962532833 1.22217008205 0.918441218106 0.678763769796 0.885294715856 1.22267258134 1.08661112985 1.0853117687 0.916331643959 0.781336757713 0.782713484981 1.13916364871 0.922884692749 0.157084247784 0.138752321221 0.179605241828 0.198666783222 0.116066865994
-9999 -9999 -9999 -9999 -9999 -9999 -9999 -9999 -9999 -9999 -9999 -9999 -9999 -9999 -9999 -9999 -9999 -9999 -9999 -9999 -9999 -9999 -9999 4.00962189897 4.59111351671 3.79890767213 2.90393866581 2.60867136656 1.99316337139 2.27199798637 1.94410655276 2.21380806329 1.98534415685 2.17337732435 1.30926676191 1.53870609213 1.69325391204 1.36381935663 0.832324927945 0.775683472571 0.602650443673 0.853007765186 1.19069793774 1.2506539372 1.13211498062 0.985287616443 0.559278554049 0.483385109437 0.529438097615 0.577695596445 0.514536197496 0.657010316498 0.744175876556 0.3971790988 0.13078373139 0.129113488633 0.503868243967
