data/recharge/transience/recharge171.asc
ncols                  80
nrows                 72
xllcorner      4374000.0
yllcorner      5656000.0
cellsize            500
NODATA_value       -9999
[rows 0 to 25 of 72, columns 0 to 56 of 80]
-9999 -9999 -9999 -9999 -9999 -9999 -9999 -9999 -9999 -9999 -9999 -9999 41.4338390087 42.6116018813 -9999 -9999 -9999 -9999 -9999 -9999 -9999 -9999 -9999 -9999 -9999 -9999 -9999 -9999 -9999 -9999 -9999 -9999 -9999 -9999 -9999 -9999 -9999 -9999 -9999 -9999 -9999 -9999 -9999 -9999 -9999 -9999 -9999 -9999 -9999 -9999 -9999 -9999 -9999 -9999 -9999 -9999 -9999
-9999 -9999 -9999 -9999 -9999 -9999 -9999 -9999 -9999 -9999 -9999 -9999 36.8639831128 35.2386625891 34.6889387208 -9999 34.1946057959 -9999 -9999 -9999 -9999 -9999 -9999 -9999 -9999 -9999 -9999 -9999 -9999 -9999 -9999 -9999 -9999 -9999 -9999 -9999 -9999 -9999 -9999 -9999 -9999 -9999 -9999 -9999 -9999 -9999 -9999 -9999 -9999 -9999 -9999 -9999 -9999 -9999 -9999 -9999 -9999
-9999 -9999 -9999 -9999 -9999 -9999 -9999 -9999 -9999 -9999 36.2369819231 35.3272714215 36.4124480309 35.2742165667 32.4115512723 33.8251986703 33.999001017 35.1499982054 -9999 -9999 -9999 -9999 -9999 -9999 -9999 -9999 -9999 -9999 -9999 -9999 -9999 -9999 -9999 -9999 -9999 -9999 -9999 -9999 -9999 -9999 -9999 -9999 -9999 -9999 -9999 -9999 -9999 -9999 -9999 -9999 -9999 -9999 -9999 -9999 -9999 -9999 -9999
-9999 -9999 -9999 -9999 -9999 -9999 -9999 -9999 -9999 35.8425165451 35.6091661621 35.2271973665 34.6760058405 35.0181920923 33.1995192758 33.4126752689 34.7528761089 35.0675327193 -9999 35.2723060338 -9999 -9999 -9999 -9999 39.4448881418 41.009720542 -9999 -9999 -9999 -9999 -9999 -9999 -9999 -9999 -9999 -9999 -9999 -9999 -9999 -9999 -9999 -9999 -9999 -9999 -9999 -9999 -9999 -9999 -9999 -9999 -9999 -9999 -9999 -9999 -9999 -9999 -9999
-9999 -9999 -9999 -9999 -9999 -9999 -9999 -9999 36.9819428193 36.1136812978 34.3482387881 34.6909399486 33.1257003137 32.7993523112 31.9957230845 32.0381385349 32.7695856 32.7866269624 34.1357546954 32.8804743712 32.2543688768 32.7334720982 -9999 36.332579278 39.6081847223 40.8491829565 -9999 -9999 -9999 -9999 -9999 -9999 -9999 -9999 -9999 -9999 -9999 -9999 -9999 -9999 -9999 -9999 -9999 -9999 -9999 -9999 -9999 -9999 -9999 -9999 -9999 -9999 -9999 -9999 -9999 -9999 -9999
-9999 -9999 -9999 -9999 -9999 -9999 38.8461791619 37.0054436116 35.4742446987 35.6148210801 35.094092519 35.2723351023 33.6801712574 33.5411264372 32.068686368 32.4811280028 31.5585619222 31.40126884 32.5113247885 32.4362421208 31.9346437902 32.2503790844 35.4174040165 36.210204875 39.4565978079 39.930359578 42.0159301716 -9999 -9999 -9999 -9999 -9999 -9999 -9999 -9999 -9999 -9999 -9999 -9999 -9999 -9999 -9999 -9999 -9999 -9999 -9999 -9999 -9999 -9999 -9999 -9999 -9999 -9999 -9999 -9999 -9999 -9999
-9999 -9999 -9999 -9999 -9999 -9999 37.4764192868 36.548528985 34.2912108816 33.9928252246 32.9170247623 33.5877295271 32.0760467267 31.3224846448 30.2722570717 29.9411290542 30.197320346 24.9012145986 30.0537700331 29.7580054467 30.3240939069 31.3683801102 32.2108609313 32.976737266 36.6741304866 36.0567710155 39.6292947346 36.6927431332 37.4812880305 37.4750246731 37.6942762777 38.2478539352 -9999 -9999 -9999 -9999 -9999 -9999 -9999 -9999 -9999 -9999 -9999 -9999 -9999 -9999 -9999 -9999 -9999 -9999 -9999 -9999 -9999 -9999 -9999 -9999 -9999
-9999 -9999 -9999 -9999 -9999 38.4150506186 37.3430939539 36.7428573466 35.3997516328 35.3175307017 34.1970565187 33.602459665 31.5677323459 31.3487581542 31.0919734602 31.2497865624 24.5795770893 13.1093960787 24.3849614883 29.9521011295 30.4527297855 30.2646683739 31.7430733551 31.9136762803 35.7577672121 36.4298744037 40.2717570709 36.7013253031 36.5211682937 36.645036827 36.8129682526 37.6105186877 37.2540111045 37.3512144659 -9999 -9999 -9999 -9999 -9999 -9999 -9999 -9999 -9999 -9999 -9999 -9999 -9999 -9999 -9999 -9999 -9999 -9999 -9999 -9999 -9999 -9999 -9999
-9999 -9999 -9999 -9999 -9999 38.7343659166 36.6897886005 36.8863784769 35.3450815163 35.0958687834 34.1197423979 34.295589501 24.1055721727 19.7704449168 32.794010808 32.5958822883 26.745569995 10.929190239 20.029826536 25.8129619381 30.0151484186 29.8665412469 31.4852606357 31.3897053541 32.0063832853 31.2937820273 36.3234573974 35.1138545817 33.8019846117 32.4912803802 31.7022530528 33.5984410921 35.4697393872 35.6122260431 35.846011499 36.2774232663 -9999 -9999 -9999 -9999 36.7687513356 34.7747235721 -9999 -9999 -9999 -9999 -9999 -9999 -9999 -9999 -9999 -9999 -9999 -9999 -9999 -9999 -9999
-9999 -9999 -9999 -9999 -9999 38.470902697 37.1796586512 36.6430531777 35.3216270439 35.814961942 34.8505114396 34.694019355 32.8629952029 32.6185139504 33.3506164542 32.3109574151 30.2235878906 31.9389032526 31.430697822 31.5171033766 30.7531330858 29.5266246537 30.4394436654 30.2356216578 31.8799442252 31.9490202238 35.461643017 35.3847763417 34.5501554986 31.3884924881 21.7886492833 28.5954271168 34.9842127596 35.6011381797 36.5567387905 35.8249866683 35.8624509306 -9999 -9999 36.3781617217 35.3743533144 35.550121818 35.2230800747 -9999 -9999 -9999 -9999 -9999 -9999 -9999 -9999 -9999 -9999 -9999 -9999 -9999 -9999
-9999 -9999 -9999 -9999 -9999 -9999 38.38141418 37.7810321284 36.617541103 36.989001886 35.4149237938 35.4607484133 35.1280867776 36.7161395444 32.5363364312 32.2684532055 31.4334162943 31.4576990764 30.6921839361 30.6529658115 30.4040186223 30.3711954978 30.1877119878 30.9960348808 30.956087175 30.4248485762 31.5875500085 32.9243571934 31.6631716893 31.4542677221 29.8467558746 31.717603872 32.7323318269 33.279285814 34.1112778421 33.1978110884 34.680289381 37.0213984011 34.5819003104 34.2566415478 34.060262281 34.9079688805 34.4875402314 36.4951337548 -9999 -9999 -9999 -9999 38.7663382969 38.0050716518 8.86931656273 -9999 -9999 -9999 -9999 -9999 -9999
-9999 -9999 -9999 -9999 -9999 -9999 -9999 38.7448980639 36.6182328192 36.5560467761 35.871266037 36.0539302063 34.5786050877 33.3256662159 32.2444649588 33.1287289259 32.3674918574 32.3096634324 31.7310865931 30.8777752788 29.8961938595 29.7102098533 29.9206439086 30.3591017735 30.6589572684 29.892487297 32.0028609299 30.4234154748 31.6063887237 31.3029281095 31.3970873234 31.2539270304 32.7108767496 32.2305201769 33.3042245443 33.5407893586 35.7692672452 35.6144105557 34.7985105257 34.489100499 33.4481507815 34.521363098 36.3128845561 32.9901758536 29.0524955988 29.3858481932 32.6609165292 30.9730603534 29.9767953175 35.4977615754 30.3330408303 25.7296978825 -9999 -9999 -9999 -9999 -9999
-9999 -9999 -9999 -9999 -9999 -9999 -9999 -9999 36.6831225171 36.6322842732 36.3900641724 36.3802965328 34.8332791124 35.4339450986 35.7188209632 34.8566069263 32.3879088246 32.6880982016 31.0273762364 31.1366552526 32.3220266742 32.1648572882 35.5971383647 33.3741467647 32.4239618026 33.4742583532 31.1129997374 28.8726319394 28.3900824599 27.3187756098 27.8164811456 28.0082308899 28.764872713 28.8554063495 29.9666875807 30.329463013 31.545967376 31.8476501584 32.0129100457 32.4788777498 34.172213455 33.1707970066 26.7540133684 25.8346712567 24.283083037 23.3723779521 25.3044361135 24.1046789183 22.6571014573 28.387017388 28.8093939998 28.7996906944 23.1617364057 -9999 -9999 -9999 -9999
-9999 -9999 -9999 -9999 -9999 -9999 -9999 -9999 37.1306006073 37.0094969512 36.1123940246 36.2934939309 34.9988058781 35.0365159571 34.2806067584 33.9175836607 32.0301531543 32.5195647645 31.2156370456 31.4326795895 32.2607753825 32.1408683588 38.7347755193 38.4355028461 35.3827525318 31.3653588827 34.7909240628 32.8087574318 28.8595838497 28.7419506876 27.2923991857 27.735983177 27.9642194588 28.6221279764 30.054106356 13.604260644 32.0511385945 31.6566373726 31.8327720971 31.7835562857 31.1018617283 31.1529235926 26.0891420859 25.9831091412 23.445347756 23.3237943188 25.1749044587 24.3526441086 24.1852207124 30.0860977564 28.9067328035 28.9675825436 23.6914002002 24.486030958 21.7672715541 22.330684236 -9999
-9999 -9999 -9999 -9999 -9999 -9999 -9999 -9999 -9999 36.6361126104 36.0484380185 36.1802782746 35.2767501847 35.0625380982 33.830017907 33.7857613519 33.7849556104 33.5516035179 33.8114238267 33.9624937228 34.3921884185 33.4292414223 35.3729048703 46.798985549 39.3482665665 37.9729350418 32.7936857584 30.7838340522 26.8221367308 26.8728355038 26.0510755862 26.2523892222 25.7765052465 24.5545381143 26.1704229293 23.8253765954 28.8127919367 28.405571832 27.6973059657 27.7465816216 26.6964276983 27.6394493767 21.6661678642 23.6154066381 19.8406853523 18.5887568395 16.6144255012 16.9634012788 22.551425901 23.370206146 22.9410779941 22.5915530658 19.575835275 20.5730927899 20.7472379193 15.1608396079 12.160393149
-9999 -9999 -9999 -9999 -9999 -9999 -9999 -9999 -9999 -9999 35.6565567387 36.1405670381 35.2904806391 35.2253429852 33.5074759369 33.1412384499 35.0560717343 35.0036031224 35.9626660969 35.8202858977 34.6475562361 35.120503223 31.3450370814 38.7442371524 35.8407136403 38.6322814231 36.119780911 32.7078587919 28.282682445 28.7306800232 26.5504168405 26.557531878 27.0432784334 25.6622261915 27.7728042731 27.5007554683 28.592174202 28.3946330276 27.7704378605 27.8202509233 27.0852461619 26.8383134141 22.7069585863 18.85497627 20.1329065565 23.1179260658 18.9622725196 18.0030491742 23.1198009389 23.1810917167 24.3158297758 23.8798522454 19.4611593796 20.3150929572 19.4802314729 14.5022650863 12.0648951283
-9999 -9999 -9999 -9999 -9999 -9999 -9999 -9999 -9999 -9999 -9999 19.2203605431 24.1474121793 34.6014406092 33.1080114657 32.8104018269 37.5148903803 37.6638886409 34.5581607189 33.3215308786 32.7258425589 32.7429085455 32.460860621 31.8782769841 31.2330173377 32.2266068631 33.5992771412 35.9629205437 33.8579352756 23.8193874616 26.1508053313 24.8436029807 23.8436887498 24.0503043813 24.9683896769 24.0070826347 25.2683008501 25.1955362659 25.1935011544 25.217804232 24.1494812081 23.0356494732 22.5719258581 19.6579576432 15.4741255599 16.3853789185 15.3551909049 16.4173259277 16.3224581455 18.5131719398 18.5776189512 18.9962830036 17.8766600259 17.3943879549 15.8560303583 15.8039744056 11.7056355036
-9999 -9999 -9999 -9999 -9999 -9999 -9999 -9999 -9999 -9999 -9999 17.8551205536 25.8237263733 33.9786958943 33.2597327783 33.8479572024 36.1607971083 34.857051341 32.6132456863 32.6352897913 32.3560955727 32.9659685642 30.4653236637 32.6768912523 29.2995678048 29.9839785967 31.9085320195 34.73864238 30.3437143745 30.8400773931 30.7656703827 29.6141496883 24.6571944799 26.2026116135 25.5089956311 24.9088674158 25.1919262754 25.400218529 24.9184933706 24.5822549769 22.7208377161 24.0921436142 21.7286050666 22.0607875774 19.9198267625 16.8554159012 18.1406593668 19.3700998975 18.0913238688 15.6879746589 16.1679542585 16.1788313376 13.5596518353 17.8777269348 17.627194796 16.6988896895 16.0689808688
-9999 -9999 -9999 -9999 -9999 -9999 -9999 -9999 -9999 -9999 -9999 36.6878783749 34.2463328019 34.097259614 31.9456508545 32.3387757948 33.5049485983 30.5192601003 29.8821068732 30.3192331933 30.5358786886 30.6646911479 29.0800440232 29.3628075868 27.0394563174 27.204065704 26.581032349 26.3712840359 25.9879858763 27.2850612963 27.8073828511 31.4797296176 32.1945395579 32.5714180031 25.1142658484 20.6313661984 22.9505361897 21.1800534075 22.249089881 16.9905520496 13.6495731665 22.0223035429 21.8069972322 22.7259799004 23.5040940871 23.7576882139 17.5030159434 16.6515345806 15.885445429 15.8621755029 16.3954218478 17.4910503897 17.6390365365 17.6492636118 18.3133742872 15.1832947018 13.2880884151
-9999 -9999 -9999 -9999 -9999 -9999 -9999 -9999 -9999 -9999 -9999 -9999 34.3495030208 33.9058277243 32.6690494458 32.0246527871 31.0993065384 33.2922401931 30.7831594595 30.4904660204 30.870697979 30.4165162202 29.4575644481 29.3373535276 27.5685485114 27.7819268561 26.7726507627 27.0388572857 26.1273538583 25.714114216 25.3279371979 25.7068511916 25.4196694356 26.3520077153 27.1827285842 15.2547461504 24.3684681276 21.5519688723 22.51991554 22.4913982412 22.9348588647 21.6834602246 23.2931290105 24.2944817603 24.3708305621 24.4601626586 19.8920449627 16.7551728934 14.1033875007 14.9321516084 15.4381540324 14.3490643757 13.1532039828 12.8526745061 10.7612543031 13.4720829328 7.25317834137
-9999 -9999 -9999 -9999 -9999 -9999 -9999 -9999 -9999 -9999 -9999 35.5518003948 35.2659252848 34.6849306484 33.0563472202 19.607816104 26.5559764709 30.7401227622 28.8465688616 29.3032659353 28.2990262173 28.1745171194 26.8661123801 27.1235923928 26.3094975466 26.1805109346 24.7363194139 24.4738766387 24.1946006312 23.8371822673 22.4421035808 22.8009975639 21.6165133308 21.4943823336 21.5695585335 23.8182085313 22.6065450404 18.4357799587 17.5836495653 19.4863857155 20.4779428377 19.2998013024 25.273425208 26.1546921732 27.4581238836 27.3310903454 24.9901240208 20.6064435222 15.8990771856 15.9300084021 12.9204356156 10.6754899155 9.3017017316 9.35829145619 8.55057028299 9.18835237507 11.3590321495
-9999 -9999 -9999 -9999 -9999 -9999 -9999 -9999 -9999 -9999 -9999 35.9498925683 35.7898923375 35.1391434272 33.2062270266 25.0375913592 30.1524861674 30.9506950199 29.5992426945 29.6675928306 24.7634099775 25.4561655779 27.3458612825 27.5463340457 26.6903559521 26.6579295176 17.1261555587 18.6635995359 24.3228327211 26.7254948965 25.146276647 22.9986713433 21.4320870423 21.5007795429 21.3268896152 20.0055291565 19.7318764128 22.4199022279 18.581403184 19.8766234015 19.1081689531 19.40044909 23.3904118845 24.1432722527 24.5668879963 24.0101790503 23.1381850487 23.2013429567 19.5644465427 18.3892581021 13.4361491276 13.8493504836 12.0091386324 11.5911842173 10.714060031 10.1059837074 8.00152155616
-9999 -9999 -9999 -9999 -9999 -9999 -9999 -9999 -9999 -9999 -9999 36.5751172164 36.6835597446 35.6387003491 34.2398539662 34.056536818 31.3288722986 31.9050211308 30.3158636328 30.8620524101 24.3929644343 11.0742871468 23.9230257927 25.9133529749 21.2929793251 21.3034250782 22.6222881671 23.4391849118 21.8147470779 21.8635288228 21.2413994958 24.7003831466 23.5900585833 23.0192332988 19.9821293361 16.5856727282 15.2228740175 13.4044843041 16.8646229338 15.0130730753 19.4877285841 20.3338276723 20.2763273685 19.4340453402 20.0389359818 20.4800729512 20.2082932375 20.3172776765 18.580425469 18.3238116236 12.6489287258 9.6902986804 7.86771630535 7.70316905193 7.08968712346 7.78073391729 8.91500910873
-9999 -9999 -9999 -9999 -9999 -9999 -9999 -9999 -9999 -9999 -9999 -9999 37.2618644434 36.2641446607 34.6256003661 34.0334631988 32.65211237 32.3197637337 30.2369380851 30.5248439309 29.6838049476 30.5510551255 24.3258985104 21.3602879819 20.6112976301 20.4471915034 18.4111094719 18.9402602197 17.7160323763 16.5462532936 14.595045682 18.643594585 19.879474898 20.5673742666 19.2451159078 18.9877814982 16.523162412 14.5713629813 18.3018568312 19.1985865405 19.6930653342 19.1634516914 20.5727232962 19.9883404766 22.303167956 22.2827073199 19.3973391115 19.721494175 17.6696147796 18.2254236413 15.8487198942 9.14261048253 9.4377622948 11.0305178166 8.12029206036 8.10867021925 7.65106225803
-9999 -9999 -9999 -9999 -9999 -9999 -9999 -9999 -9999 -9999 -9999 -9999 38.8349087587 37.3639415795 35.6753502662 38.726820302 35.846171145 34.8413927134 31.5397199323 31.0879849933 30.1309432733 29.9316994942 27.0447123691 24.6367621221 22.0840205268 23.0213982679 22.82929995 22.0794221817 19.4031968489 21.3124041252 18.4483023596 19.1167621761 23.186916765 23.8024649335 21.1968693238 18.6245046712 15.7898885693 18.5598974883 21.2182826457 18.5445281657 18.1873964716 17.7157028992 16.4633968521 16.3449774755 16.0265410335 15.9145239446 15.0064656021 15.0232055549 13.6566466637 14.7780812001 13.4420366429 12.106434327 10.9001999525 6.70875241105 5.57392814583 6.81300273449 4.74854589898
-9999 -9999 -9999 -9999 -9999 -9999 -9999 -9999 -9999 -9999 -9999 -9999 38.0861363725 37.773980065 35.9076851325 38.1198262763 34.2851095172 33.5071072808 31.3563347946 32.3005024641 30.3010756884 29.9085275279 28.5398778028 19.4536082875 20.5389787427 23.7090750504 23.6316429274 22.4301202929 19.7394477786 18.6067976876 16.5211027788 15.8519224055 17.5564511732 20.4181860398 17.4889601572 19.3846631283 20.1157281033 19.0200720949 16.794942446 12.3825902614 10.7498279326 11.0571078477 14.5859373946 16.5644417027 16.0515072152 16.2223852239 16.1174483328 16.0808521693 15.2012528274 15.7904354787 14.3788406578 10.9888201341 7.15432767559 6.02411850528 5.80700167091 6.14972519661 5.87875155367
