data/recharge/transience/recharge491.asc
ncols                  80
nrows                 72
xllcorner      4374000.0
yllcorner      5656000.0
cellsize            500
NODATA_value       -9999
[rows 25 to 49 of 72, columns 0 to 56 of 80]
-9999 -9999 -9999 -9999 -9999 -9999 -9999 -9999 -9999 -9999 -9999 -9999 14.7598515378 14.4579017432 13.6651041515 13.5012579754 11.8017430197 11.9115352307 10.3672909053 10.9344469019 9.48490934315 10.0456828305 8.85593133044 7.11574554283 7.57247425788 6.44530816476 9.25554557994 8.57175157793 4.42506329023 4.01747265846 3.53383170463 3.33970226382 3.95360728295 4.27807024963 4.38677330945 5.72469428567 10.0485940418 4.8176667579 3.57855098351 2.83546876374 2.58202319474 2.19194098664 3.54248842335 4.86116854006 4.73045310942 4.7915488991 4.76991110564 4.75426349552 4.38715245989 4.58449690255 3.9050065249 2.29931964893 1.49724893592 1.24918039781 1.56110985861 1.28733196807 1.21358194831
-9999 -9999 -9999 -9999 -9999 -9999 -9999 -9999 -9999 -9999 -9999 -9999 -9999 14.3918012648 14.2143055141 14.2157762385 13.0827750981 12.811325509 11.340714199 10.9934599943 10.0454768849 10.8614780517 10.5573829571 8.90618145002 7.78323010145 6.19706874089 6.42247112381 4.62563723257 4.3905201939 4.66456836796 3.92608898929 3.74789566581 5.13112183573 2.7660463989 6.29518008034 3.20416529281 7.2298305369 3.78397147171 3.23290931707 2.39784232621 2.12408704392 2.49522387912 1.68455453486 1.9007980779 1.98902484417 2.66547315342 3.59309374402 3.50824575228 1.81394322351 1.22030284039 1.15942218482 1.26089534888 1.33463570591 1.33333308337 2.44075104748 1.75366174072 0.992541992228
-9999 -9999 -9999 -9999 -9999 -9999 -9999 -9999 -9999 -9999 -9999 -9999 -9999 -9999 13.7512613871 13.7940086845 12.636417327 12.2958359546 11.2523193247 11.58629271 10.0323789556 11.1507299597 10.4234790743 9.51906842169 7.57441252107 7.44977818624 7.33552161396 6.91219496499 4.80307764488 4.13647389942 4.02503046952 7.67334444551 6.48225873957 3.38458230781 3.86542896434 4.54238871512 6.57324424457 2.7666773047 4.54537785916 4.2798437906 3.09951072572 3.441431519 2.39674565658 1.90534698714 1.44469988345 1.64234505459 2.28505417429 3.01961067021 1.55127065004 1.41061085938 1.33131763611 1.04154642613 0.957170335019 2.347610478 2.46999600454 3.77959804963 4.02777022659
-9999 -9999 -9999 -9999 -9999 -9999 -9999 -9999 -9999 -9999 -9999 -9999 -9999 -9999 4.66272115885 10.6511848493 13.4917232802 12.876324618 11.9291439351 12.1570031769 11.3834593831 11.6852805635 9.8273012457 11.1907783029 10.1493570509 10.0611268329 7.67030382605 7.88617568152 7.875796511 7.34346971372 5.82606161038 4.3369318802 5.8542582808 5.67126181776 3.43473439041 3.69700707307 6.81569801555 3.50652427577 3.47351763451 3.87473123383 1.87236623804 2.07507075613 2.00606483892 2.19342225819 1.83299032331 1.51953212689 0.803090506518 1.56969498392 2.32073104328 2.08509623656 1.50034126565 1.7142215587 1.87047510945 1.46994652088 2.09798243918 3.98992150765 4.43459865629
-9999 -9999 -9999 -9999 -9999 -9999 -9999 -9999 -9999 -9999 -9999 -9999 -9999 -9999 6.72099004803 10.394750835 13.5020225681 13.3980539542 12.5788800308 12.4753313603 11.3228569004 11.6004868155 10.8937249759 10.6764018922 8.84839336096 8.6812336509 8.45251215044 8.93829450804 7.2749610839 7.67384326505 6.7995929197 6.47946274571 5.75364643078 4.97516418251 7.05750978422 3.36658254671 4.71081601926 10.006336717 2.82637061408 3.69347029931 1.87509385797 2.11661974427 1.82118661903 1.86542070782 1.40554425131 1.552771089 1.16362333444 1.53798165615 2.47386180996 2.75071261123 2.49907623046 1.9254156267 2.64703733656 2.59602464141 2.27340780028 2.31248720102 1.82650454011
-9999 -9999 -9999 -9999 -9999 -9999 -9999 -9999 -9999 -9999 -9999 -9999 -9999 -9999 15.6182076693 14.945533418 14.4213331234 14.3800335543 14.1497892857 14.234579247 12.5496347222 12.2300648371 11.8497826392 11.172920918 8.59241329073 8.96191408246 7.76923103887 9.47159699024 8.14155107602 7.68858878074 6.97116814355 7.34724388181 6.54236120567 4.46791745026 3.66113501132 3.67927446886 3.29670879352 7.11985045675 2.83250611321 4.01458702215 4.87270023992 2.63800086596 1.3768529041 1.48687645499 1.21777826667 1.26417428009 2.04410237687 2.5730247643 4.23104796644 4.71426385901 3.61327256537 3.81459962723 2.73182423957 2.58012688887 2.28499218303 1.93281191224 2.16652815116
-9999 -9999 -9999 -9999 -9999 -9999 -9999 -9999 -9999 -9999 -9999 -9999 -9999 -9999 -9999 14.51254995 14.10604785 14.2373163964 15.1874674746 14.4361244447 11.8854842635 11.3470672706 11.3252040725 11.2714050869 8.69645942649 9.27448364342 8.08838130159 8.46350563582 6.37826908537 8.09980483551 6.33097823844 6.32510265043 5.49669943843 5.41650582426 3.79234521569 3.80783629417 3.50939063843 3.47702097821 3.27464156915 3.127428182 2.62807992643 4.26118794797 1.45508819679 1.23084928082 1.17683308328 1.33005197577 1.66743568122 1.81134211397 1.98712091869 1.84142840122 1.29021409065 1.15573240678 1.76856281801 2.82293910363 2.68230669183 2.64666605293 2.29226892868
-9999 -9999 -9999 -9999 -9999 -9999 -9999 -9999 -9999 -9999 -9999 -9999 -9999 -9999 -9999 -9999 13.8973451997 13.2055625072 12.8926133041 13.8356968547 13.2703365096 13.0136886309 10.9126298484 9.70450696689 9.05870114797 8.75026592114 7.4001209205 7.02689029708 5.32567684879 8.82027154895 9.78897484233 6.66185479548 4.90577353976 3.2988746917 3.67520713874 3.84045483544 3.6513093612 3.77652216765 3.61780218501 4.8074082545 7.29548570118 6.20873108756 5.85730148836 3.23013604662 1.58450095486 1.27627348488 1.07295678301 1.62382132195 1.23263579742 0.956444487712 1.33461618224 2.0638556384 1.57187111449 1.29582864298 1.51059550787 1.34311974814 1.24968385588
-9999 -9999 -9999 -9999 -9999 -9999 -9999 -9999 -9999 -9999 -9999 -9999 -9999 -9999 -9999 -9999 14.0074012154 14.0333586034 13.8559370665 13.4737718562 12.23845405 13.1102329755 11.9234503796 10.1449306796 9.0624002719 9.54375113541 7.77120679924 7.58431804668 6.42757985712 7.76915051879 4.41147056389 3.921422732 4.42719991174 3.54919934967 3.9576289907 3.76722580765 4.29408735101 3.30397254811 3.59275874044 3.77963337177 5.67276805176 4.12931151541 5.0737400687 4.54380628552 2.93312422132 2.304510413 3.39840206803 3.37214996963 1.17956222603 1.17228691675 1.63332063486 1.72217644437 2.27049638765 2.4119952153 2.89512644224 2.11541590675 1.26145341468
-9999 -9999 -9999 -9999 -9999 -9999 -9999 -9999 -9999 -9999 -9999 -9999 -9999 -9999 -9999 11.6607352301 11.8434821543 12.0367785652 13.3852420786 13.1559688221 12.2264249293 12.4136852447 10.6096522323 9.90370960007 8.48067778118 8.82947429907 7.7106280876 7.82861408885 5.91217300399 7.09071033382 6.45722656473 6.55687521474 6.11057785382 4.67866738967 3.58817517556 2.79641522117 5.12481753624 4.62995213664 6.13173149617 3.25301945367 5.45327872821 3.45812027852 2.55145812052 2.52062543357 2.5434146812 2.0869123248 2.13486164063 2.43807646179 2.51328482371 1.70444437317 1.33730882453 1.04152888764 1.17948351713 1.32317668224 1.47443154497 1.52111508812 1.74087020998
-9999 -9999 -9999 -9999 -9999 -9999 -9999 -9999 -9999 -9999 -9999 -9999 -9999 -9999 13.0523476808 12.1964801439 12.0566058893 9.32081380818 11.0734367743 12.8058703805 11.7033505656 12.2295828124 10.1124882269 10.3273640509 8.49185321093 8.25242738072 7.17142113983 7.47333312948 7.30179906417 7.29993074873 6.07828817239 6.1563367668 4.41587373659 4.16442343976 7.32338115519 7.94598649526 3.89215904459 4.19751085215 7.14203209824 7.81299044096 6.46113504331 2.18714239375 2.04655767035 2.19371865984 1.69716370078 1.50647951489 1.56995279426 1.73645540678 1.63044253293 1.31519781609 1.17738737415 1.16559398677 1.27138699049 1.24115315576 1.18100734826 1.26176883119 1.32893292698
-9999 -9999 -9999 -9999 -9999 -9999 -9999 -9999 -9999 -9999 -9999 -9999 -9999 -9999 13.2465775858 13.0937612568 12.4759724667 8.66051531721 7.37005279067 7.90253083853 10.060313959 11.0890080609 9.91155957447 10.2282503675 8.03706532035 7.20617447555 5.0236046263 5.10202175606 4.96338297423 6.85566623836 6.39667660087 5.20399519472 4.3829462043 4.35918529002 6.43136971416 6.33494063717 4.70945182585 5.43921491314 3.65063261167 3.71456461144 4.36884409783 4.1370875291 2.40487758331 2.25049783704 2.07869840102 1.40955401018 2.10722105534 2.19295955133 2.22160845488 2.68036349469 2.70965020917 2.68581172464 2.06389661899 1.80139447518 2.09509663951 2.00711998211 1.52157422286
-9999 -9999 -9999 -9999 -9999 -9999 -9999 -9999 -9999 -9999 -9999 -9999 -9999 -9999 -9999 -9999 12.6186034562 10.8721277629 10.7464391248 10.5914174081 9.18315378038 10.0265026267 10.667659244 10.6968548425 8.32730580647 6.13786695834 3.81664503301 4.00846744561 3.22603022021 4.38782142325 4.63703801253 4.24481720332 4.04984939601 3.51992574095 3.5959739923 3.6266543227 3.8396134555 3.39502318748 4.36938907657 4.37616790534 2.96888038013 2.89172265674 4.67272562265 4.50206621243 1.6392160656 1.8619772443 1.75612439176 1.27213204151 1.46185951889 1.89603383549 1.87754613683 1.93830769849 1.75909633093 1.50580967484 1.04351202004 1.11406723611 1.72410361587
-9999 -9999 -9999 -9999 -9999 -9999 -9999 -9999 -9999 -9999 -9999 -9999 -9999 -9999 -9999 -9999 11.3600474722 10.9770612298 10.7742549756 8.72655294611 8.68691374063 8.97560026682 8.8481556851 9.37770485062 8.91180889041 6.75406259823 5.1525443394 4.91702820414 4.14313342918 4.60841319517 4.92013986736 4.6846047127 3.88473396881 3.6237830652 2.73703293839 2.89968321581 2.96407359867 3.41575025861 2.46792555315 2.32866696249 2.78524569559 3.48196018609 3.00330448815 4.57497917366 3.06708558965 1.68703186648 0.987547271146 1.32731845725 1.34302471129 1.0606162062 0.858048674086 0.874136809768 0.694838610889 0.815709784054 0.806213571064 0.813565191313 0.79423988585
-9999 -9999 -9999 -9999 -9999 -9999 -9999 -9999 -9999 -9999 -9999 -9999 -9999 -9999 -9999 -9999 -9999 -9999 10.8821827623 9.52389012341 7.79471751266 8.60196627122 8.86044318689 10.2447534398 8.60821878177 7.56062011061 4.69392649137 4.62294238919 4.16234596074 4.38200756334 3.56297587654 3.24055574477 3.08730943359 3.34887101544 2.69637544516 3.23665461151 3.16961258147 2.45150436473 2.26982669667 3.07967058754 2.40100202318 2.1640624894 1.91291518035 1.90054794404 1.74422918356 1.90239852783 1.18574880011 1.2183612818 1.54626326128 0.843441779302 0.910570670616 0.954330837329 0.712015744104 0.735095841212 0.884283370616 0.958687030685 0.871194464415
-9999 -9999 -9999 -9999 -9999 -9999 -9999 -9999 -9999 -9999 -9999 -9999 -9999 -9999 -9999 -9999 -9999 -9999 -9999 7.90675764709 7.88281357864 8.37365992067 7.97072764832 11.8503127929 9.41392850832 9.08346428934 6.02716140938 4.44900084778 3.48767912215 3.38005114554 3.31339929013 5.92107512959 3.66893071063 2.74589717587 2.0957855498 1.86408377415 1.78455403479 2.42879272069 2.21232723064 2.61058494021 2.14385230512 1.97625769734 1.64546900455 2.02034147704 2.02860930998 2.12182865744 1.62580467053 1.09492743923 0.893313844386 1.51848453973 0.836441864045 0.853754006287 0.67101329533 0.66300598533 0.841538810026 0.797164903255 0.625959337056
-9999 -9999 -9999 -9999 -9999 -9999 -9999 -9999 -9999 -9999 -9999 -9999 -9999 -9999 -9999 -9999 -9999 -9999 9.70145758753 10.3926072311 10.4431499593 10.2262266256 8.29370096098 10.5425509195 9.25340352851 9.26841039814 7.46617203875 5.80174235857 3.94486702866 3.68514063407 4.27727115348 3.28375690607 6.07695010166 2.72135242156 2.46492606388 2.91624986461 3.45898130688 3.30660736073 3.03896720648 2.96477707473 2.93247394715 2.14135042732 2.05910394141 2.8294461645 3.79059597958 2.90256608316 2.79750149116 2.62293568159 1.95583770009 1.17259001852 1.52621559028 3.94349268686 3.4691271057 2.71604725564 1.55355152546 1.03427645733 0.92833720867
-9999 -9999 -9999 -9999 -9999 -9999 -9999 -9999 -9999 -9999 -9999 -9999 -9999 -9999 -9999 -9999 -9999 -9999 -9999 11.6888116973 11.4702275176 11.049846792 8.47482306954 10.2208549894 9.88589522664 9.78896668909 6.88957391663 7.48232201037 4.84605517016 5.71000133438 5.03898759366 5.02058320589 4.05912827724 3.05631919889 3.99996926528 4.05192735639 1.63094730055 1.42647293922 1.25845782089 1.2587523526 1.45639114363 2.12867937715 2.00974252746 2.49035958682 2.73450854325 2.94297697148 2.4673243822 1.92341263062 2.13460529402 1.51600563711 0.560680676585 1.02664627871 1.99709195083 2.15563844139 3.57728943581 0.62418926729 0.568769014278
-9999 -9999 -9999 -9999 -9999 -9999 -9999 -9999 -9999 -9999 -9999 -9999 -9999 -9999 -9999 -9999 -9999 -9999 -9999 -9999 10.0143641368 10.7606694313 8.57635605896 9.18433854026 8.84747506174 9.55532986654 6.84215435027 7.69549873553 7.61922235844 7.15366238577 6.0127462144 5.85532984905 2.84349673495 4.8044051045 4.05561506947 3.8875936161 2.46274934847 2.79688619802 2.70646593462 2.49196079868 1.97771834238 2.55026013525 2.79083805867 2.50470205172 3.18690048148 2.81478272553 2.37942726572 2.6619553301 2.35055787019 2.39074379925 1.92469240019 1.29911709556 0.76044261583 0.826016377097 2.62013505281 1.46681047964 1.06250948631
-9999 -9999 -9999 -9999 -9999 -9999 -9999 -9999 -9999 -9999 -9999 -9999 -9999 -9999 -9999 -9999 -9999 -9999 -9999 -9999 -9999 10.2685830821 9.16165416651 9.27577680737 8.10028526471 7.62494996001 6.81417617658 7.77858781473 6.94511897726 6.62230373735 9.16027512975 7.23234143581 3.29706872502 3.43977631931 5.14352817068 3.78831640046 2.99311297872 2.19287314728 1.96332726893 2.21352379359 2.87681988623 3.0329163587 3.37660942428 2.60517674812 2.20895581031 1.69796576767 2.10557277406 2.30842336078 2.2772465784 2.74475949459 5.17172217666 3.75703271001 1.98224355375 1.27480726212 0.379398573923 0.57923462004 0.72437792684
-9999 -9999 -9999 -9999 -9999 -9999 -9999 -9999 -9999 -9999 -9999 -9999 -9999 -9999 -9999 -9999 -9999 -9999 -9999 -9999 -9999 8.93799763595 8.21157440793 8.23096471631 8.55006005907 9.78293763285 7.7106687323 6.06545266324 5.18153044377 7.00569323669 3.68533682049 6.27999786727 3.78230381598 3.55221292869 2.24768928304 2.73021712373 2.4047433385 2.31103040404 2.07802324292 2.55229503249 2.91081057968 2.78771877884 2.211024345 2.24214077354 2.89145349463 2.75043417358 2.57221828619 2.50716515665 1.62739202635 1.95938025372 2.79995826186 1.88074238459 2.27411715253 0.713871095111 0.841825363528 0.441050534195 0.506717195673
-9999 -9999 -9999 -9999 -9999 -9999 -9999 -9999 -9999 -9999 -9999 -9999 -9999 -9999 -9999 -9999 -9999 -9999 -9999 -9999 -9999 -9999 8.45127773261 9.52286342158 9.53741561304 9.81962155738 7.67189227573 6.3895947286 4.46871927206 4.78783386163 4.80700877757 5.02406957519 3.61493272526 3.74091165645 3.98480907541 3.14243835045 2.93733291127 2.73084746813 2.61360107601 2.58348520163 2.90800652345 1.99767922747 2.16621374272 2.74232084032 1.79085904256 1.65600798652 1.27129677176 1.62757319199 2.13277609579 2.50948634419 1.5375158265 2.21081129957 2.48128851418 1.28439816822 0.451568270164 0.352830787417 0.43814063873
-9999 -9999 -9999 -9999 -9999 -9999 -9999 -9999 -9999 -9999 -9999 -9999 -9999 -9999 -9999 -9999 -9999 -9999 -9999 -9999 -9999 -9999 8.75644621976 8.51453463885 9.2065302791 10.5811863508 8.30255431523 5.59888077551 4.9070666696 5.14273743542 4.38213328806 4.49746117218 4.24126099902 4.06897222268 3.20623827327 4.15548673531 3.01876842692 2.64811227452 3.0852190867 3.23770584759 2.24821663968 2.9668204802 2.20460598768 1.78276733511 1.61687482121 2.12136345701 2.46121014043 2.70706720437 1.64560453247 1.52628030538 1.98779784244 2.52988972578 1.00302620884 1.90503686733 1.21106651509 1.08326589403 0.770280361932
-9999 -9999 -9999 -9999 -9999 -9999 -9999 -9999 -9999 -9999 -9999 -9999 -9999 -9999 -9999 -9999 -9999 -9999 -9999 -9999 -9999 -9999 8.54343908475 9.21417778101 10.7945408558 10.892778532 8.21924590916 6.91448046228 5.2077499553 5.98460678182 4.78876806683 4.2845012818 3.77149201103 4.03599687913 4.27371775228 3.05818703122 2.9321234943 3.83682730966 3.3433581551 3.04832653084 3.03591425842 2.43557388466 1.78510594194 2.20765097708 2.69636303431 2.56798476902 2.71402295802 2.36809263379 1.88614927796 1.88924946061 2.38916722089 1.98592926502 1.61150818621 1.73169728213 1.87837647129 1.99516763915 1.22904365816
-9999 -9999 -9999 -9999 -9999 -9999 -9999 -9999 -9999 -9999 -9999 -9999 -9999 -9999 -9999 -9999 -9999 -9999 -9999 -9999 -9999 -9999 -9999 9.69416622678 11.492859878 11.1154546196 7.673866714 6.34683386149 4.98920238204 5.71392995481 4.8325357251 5.22330098386 4.5753317047 5.06876020756 3.77210432849 4.16621158508 4.15056345627 3.63648811174 2.44521127499 2.62826238369 1.75716688319 2.30100038261 2.90035908197 2.93708027 2.53438156089 2.26457916104 1.45038381929 1.36960662169 1.32582700057 1.43773783283 1.14820568189 1.45511720134 1.61409798496 2.31361970696 1.3780185096 0.819990740928 1.52212466515
