data/recharge/transience/recharge445.asc
ncols                  80
nrows                 72
xllcorner      4374000.0
yllcorner      5656000.0
cellsize            500
NODATA_value       -9999
[rows 25 to 49 of 72, columns 0 to 56 of 80]
-9999 -9999 -9999 -9999 -9999 -9999 -9999 -9999 -9999 -9999 -9999 -9999 19.4588823685 19.4678364458 17.700714972 17.6587768867 15.7123851795 15.8878479359 14.1596677527 14.5214642375 13.1092827499 13.1180014374 11.9818713554 7.54500263382 7.76316492329 7.66406361589 9.13240918876 8.35176500467 5.60595757676 5.19834279164 4.37627863458 4.18410898101 5.85784073433 6.93436194328 1.13433851517 5.06224775555 7.72219594735 1.52882408631 0.968240686775 2.18774880231 2.07412250231 2.41855429586 4.95982343776 6.51407177477 6.37668905112 6.42592838168 6.39340623927 6.38308855785 5.96984308471 6.14867614605 5.32371486163 2.71128669695 0.971349114724 0.806157305659 0.797798848627 0.796008463546 0.743721912808
-9999 -9999 -9999 -9999 -9999 -9999 -9999 -9999 -9999 -9999 -9999 -9999 -9999 19.2245178535 18.943652268 19.0401853063 16.9699861608 16.6163717919 15.00225232 14.7886358662 13.6206621966 14.065267364 13.0083873518 10.9916690314 10.8432332176 8.86651082006 7.41946146536 5.96568684919 5.30928422063 5.57712034328 4.51492715788 4.43885167924 7.21518847457 2.23862468674 1.46909035747 3.20170249755 6.50546816348 0.98064703062 2.11314252049 1.90773670489 1.66803760803 1.64280159026 1.06053591286 1.70334495744 2.35372403339 3.60404548081 4.8181178819 4.73576694157 2.34719683233 1.17092169543 0.776645374001 0.775174808486 0.785627183981 0.819729580265 2.46952248777 0.713646068215 0.642524943925
-9999 -9999 -9999 -9999 -9999 -9999 -9999 -9999 -9999 -9999 -9999 -9999 -9999 -9999 18.6118470452 18.6225742313 16.6519692451 16.3008239688 14.9242247178 15.1373723997 13.5815512944 14.3370282709 13.1012981148 12.7783802067 10.7250903691 10.634467363 10.2525141578 9.60121020177 6.10034870874 5.06605629432 4.8088920786 8.04575771738 8.11106402639 3.67771428119 0.993308202122 4.3801632449 5.40103424419 1.84935187415 2.54117863684 2.78400974576 2.11508614322 1.89215285525 1.43161209845 1.16753908314 0.913477861575 1.00491584814 0.944608253071 1.1529883841 0.781702593994 0.83988937004 0.804642931982 0.684354785423 0.635059484558 1.07965999753 2.62484577266 3.75008489825 2.32232517534
-9999 -9999 -9999 -9999 -9999 -9999 -9999 -9999 -9999 -9999 -9999 -9999 -9999 -9999 5.63956465559 12.5380590416 17.3706777966 17.0171483284 15.7609665722 15.9156878117 14.7632582127 15.0733173091 12.9739050295 14.0081933376 12.6106936545 12.6391219903 10.286901409 10.8491407582 10.160186163 9.53829466348 7.23462236553 4.42145484567 7.92161368533 9.13320763188 1.06782015764 3.88024935857 5.51745278551 1.76405101392 2.13229078882 2.57703101625 1.43832591867 1.55336498485 1.43354454835 1.32318891146 1.00125659272 0.868422919688 0.567964548819 1.37704174863 2.06618672306 0.764131207522 0.805111159792 0.888239844908 0.953893980788 0.926616144119 1.78641412851 4.03681450108 1.14886589869
-9999 -9999 -9999 -9999 -9999 -9999 -9999 -9999 -9999 -9999 -9999 -9999 -9999 -9999 8.78060078716 13.2037946016 17.2714106196 17.2863094622 16.1935020636 16.1583761792 14.7935080116 14.8863898381 13.7461089514 13.5345164844 11.6990041044 11.6159520472 11.21590983 11.3898461957 9.72469695772 10.0143921699 8.87403979866 8.45142325257 7.69857033266 6.16597311279 5.68965160372 3.55191902455 4.72777010225 4.21755150325 2.77047939307 2.80406115263 1.43233041333 1.57263581049 1.35594705504 1.36701600696 0.851465798087 0.882452388244 0.676976931471 0.825154319166 1.23310925512 1.23634946961 0.808115503904 0.417605937823 0.422776689153 0.330133914965 0.325961799518 0.52377833518 0.89831655196
-9999 -9999 -9999 -9999 -9999 -9999 -9999 -9999 -9999 -9999 -9999 -9999 -9999 -9999 20.1593570439 19.7103568888 18.4441131715 18.4808166345 17.4455751124 17.6463205022 15.9090158714 15.6440439798 14.3875784059 14.1022217998 11.1952087957 11.5537199676 10.1033814585 11.4272539119 9.82598449413 9.65920423594 8.71504265268 8.9885615443 8.14942358833 4.47486834102 3.72042373963 3.73524789365 3.39470954675 6.28588011547 3.01127847502 4.05762090955 1.52260557225 1.17098814242 1.01717986935 1.07105275363 0.818997671213 0.708715264388 0.912694358731 0.687437488643 1.19481870644 1.51523592418 0.796028338309 1.0914975816 0.782429586859 1.13364135909 1.14873741958 0.997633248296 1.1574084022
-9999 -9999 -9999 -9999 -9999 -9999 -9999 -9999 -9999 -9999 -9999 -9999 -9999 -9999 -9999 19.2608869311 18.0249814467 17.9337006933 17.428161932 16.8797011098 15.1006465962 14.9095859459 14.2688328452 14.2401249967 11.3092269357 12.03012819 10.4337939482 10.891784451 6.23607421678 9.44061975564 8.22130827317 8.14695803211 7.25123629642 5.39051006052 3.82513526036 3.83752338443 3.56402942671 3.53845162313 3.36915469381 3.13266082078 2.67167714321 3.9368349799 0.246819356325 0.420470214735 0.658799721766 0.381612419692 0.190288602054 0.195250056789 0.375480507872 0.726796670922 0.750173235933 0.698826011485 0.923280114616 1.41616520644 1.34864478952 1.32918973257 1.21520587879
-9999 -9999 -9999 -9999 -9999 -9999 -9999 -9999 -9999 -9999 -9999 -9999 -9999 -9999 -9999 -9999 17.7300859426 17.3389288508 16.8214637205 17.685451774 16.3300784739 16.218547281 13.6109091457 12.5491120427 11.500734692 11.3946064075 9.59156617226 8.8842429723 5.33511201791 8.54726874874 9.01496161389 6.29845118984 4.56756980847 3.02961502213 3.70709800835 3.84068753657 3.6731230447 3.77385601341 3.64409533894 4.75339345415 5.05183507702 4.30347650007 2.5648714928 0.304299263695 0.157436278893 0.134215516679 0.117382307068 0.604038273206 0.66198787078 0.566921420385 0.71525194029 0.978718217815 0.831186617065 0.730369938232 0.820756996068 0.759601346281 0.73473859441
-9999 -9999 -9999 -9999 -9999 -9999 -9999 -9999 -9999 -9999 -9999 -9999 -9999 -9999 -9999 -9999 17.5856922543 17.7513097055 17.498360025 16.9455281909 15.5562665777 16.0818182472 14.2345188728 12.9900238732 11.7813468858 12.1166774062 10.0101720568 9.76351461912 6.17243225128 7.90688545112 5.00386527212 3.86599736487 4.23753553335 3.28737584444 3.85860307529 3.78125931702 4.35102803907 3.43631597418 3.62384717236 3.82871980315 3.2178011369 3.36866388734 2.86579063158 0.907825882952 0.356407256949 0.235704811113 0.391350884508 1.80849855969 0.570078045685 0.641312212052 0.821447790363 0.852721755786 1.09682343413 1.15929927444 1.41262421878 1.04396983267 0.739093491281
-9999 -9999 -9999 -9999 -9999 -9999 -9999 -9999 -9999 -9999 -9999 -9999 -9999 -9999 -9999 15.7717357376 15.7548821819 15.4017453808 16.8649426217 16.7366340583 15.2852097321 15.5627500772 13.3077038497 12.7510081526 11.0700026585 11.3325568089 9.85204417059 9.98532117923 6.72792312853 8.5597891965 7.8252621439 7.90270583322 7.3924756785 5.63137868102 2.92273507152 0.946400380255 3.00421891036 3.58788263892 5.28332486934 3.34122410537 2.3343757125 0.528011471134 0.275414951915 0.270756952623 0.256772610575 0.197703462663 1.92565440049 1.96024123058 0.766066719572 0.760422195964 0.664690520484 0.570364496695 0.640669737527 0.688365250463 0.757269906323 0.772878398074 0.87640248857
-9999 -9999 -9999 -9999 -9999 -9999 -9999 -9999 -9999 -9999 -9999 -9999 -9999 -9999 17.0687411226 16.1661067187 15.9130443767 11.7093992522 14.2698829635 16.46493006 14.8973143796 15.2758107556 12.8702542187 13.0121286735 11.0666935101 10.8999841107 9.4216705374 9.81030298747 8.97942604498 8.9800527066 7.53259455969 7.59790857028 5.52947651499 3.97372339683 4.48061160542 2.66913805612 2.53801850338 3.14889261794 0.650319564642 2.04946889157 2.18717379044 0.226910270997 0.211481964305 0.227654849561 0.161305295536 0.146603611627 0.213316620754 0.564196624567 0.741427071094 0.63886551384 0.613827265797 0.610009671395 0.671235161367 0.66085940612 0.659076751309 0.686056608521 0.820855117397
-9999 -9999 -9999 -9999 -9999 -9999 -9999 -9999 -9999 -9999 -9999 -9999 -9999 -9999 16.9051881468 16.4361383474 15.5488583089 10.6834406005 8.81060767516 10.2743113673 13.127506425 13.9256264344 12.5529384315 12.7696091544 10.2548734587 9.50404236304 5.89358440819 5.90382768522 5.90361198551 8.3223019219 7.66180527999 5.74564092767 2.98718791379 2.78211373563 3.33954766209 3.04455461359 1.04820151899 1.60415026686 0.51062699551 0.532863701713 0.826745295876 0.705562138772 0.225653398356 0.207679300733 0.181072650088 0.129121275128 0.179812159803 0.719615648009 0.974621627675 1.11322820877 1.13751405528 1.12680436966 0.862260016521 0.779428850828 0.859283757083 0.830846165908 0.716914006784
-9999 -9999 -9999 -9999 -9999 -9999 -9999 -9999 -9999 -9999 -9999 -9999 -9999 -9999 -9999 -9999 15.6453533572 12.2662484205 11.8353102941 11.6957761187 10.5836202625 12.9176823494 13.0750558917 13.0914113037 10.4785392792 6.99169203002 3.74352351061 3.9116790101 2.98267857477 4.32698007128 4.86493842677 3.29827067437 2.75458340955 2.4061805505 2.33333012747 2.35274280803 1.81902271715 0.749149220686 1.12662202405 1.51764022056 0.97171608053 0.724717434216 1.47242904391 1.03861741884 0.144522531657 0.161722304625 0.149412930355 0.386840078411 0.719029739186 0.818312924301 0.824135236419 0.843469821507 0.766608511304 0.692656062671 0.549798806481 0.569985079681 0.745526305255
-9999 -9999 -9999 -9999 -9999 -9999 -9999 -9999 -9999 -9999 -9999 -9999 -9999 -9999 -9999 -9999 12.4386660353 12.0993900194 11.7531208565 9.92395292979 9.44884352815 10.0709552694 11.2777556974 11.7672949726 10.8959056904 7.29472065379 4.81147611192 4.60312356114 3.84428155539 4.26591757842 4.31037684473 4.13038608741 3.24682034698 2.52567678408 1.77843550671 1.8710925234 1.83866409847 2.09438355316 1.36187764992 1.12216661184 1.26490124762 1.57044667528 2.23180363986 2.56441261959 0.567504757581 0.140443438599 0.0959982744457 0.161603532944 0.619587681561 0.530778443968 0.470813703215 0.475169656437 0.397191311141 0.429966264397 0.408294693282 0.40982214683 0.416097270673
-9999 -9999 -9999 -9999 -9999 -9999 -9999 -9999 -9999 -9999 -9999 -9999 -9999 -9999 -9999 -9999 -9999 -9999 11.8492512692 10.643341415 8.63233457203 9.3723656659 10.2092683664 12.381363763 10.6672787607 9.23972633318 4.48696994056 4.42440598864 4.00013049521 4.08427616649 3.27121281459 3.03309618194 2.79682974757 2.7375376668 1.75555255471 2.06568863072 1.9534735564 1.5596089027 1.37478612122 1.44744582092 1.11264848858 1.02284378612 0.908847812088 0.904388701898 0.796967024308 0.551377589751 0.111910077202 0.106875650599 0.190968983165 0.42073819479 0.502927143713 0.543124861479 0.40248093156 0.409111933209 0.42793823019 0.445713275967 0.436035994092
-9999 -9999 -9999 -9999 -9999 -9999 -9999 -9999 -9999 -9999 -9999 -9999 -9999 -9999 -9999 -9999 -9999 -9999 -9999 8.7928765129 8.54340766558 8.9939405947 8.50244521516 13.7263348663 11.3334819758 11.1237197158 7.44760860703 4.45111083429 3.24685814984 3.16719484531 2.93365100527 4.0072738529 2.66054079602 2.39933053068 1.45456076124 1.03900515286 0.961354806935 1.30409666495 1.24166908279 1.27456976734 0.957024699487 0.899862963198 0.775138431568 0.89960221689 0.872529422645 0.898872548417 0.397354893924 0.0965483339378 0.0848692577757 0.134715029149 0.287907535546 0.426231255904 0.360971555747 0.358921098267 0.388807402452 0.378440267203 0.326475130047
-9999 -9999 -9999 -9999 -9999 -9999 -9999 -9999 -9999 -9999 -9999 -9999 -9999 -9999 -9999 -9999 -9999 -9999 10.4348933493 11.0700220419 10.9011394645 10.6974742351 8.61224661255 12.8364854578 11.2155598572 11.2621325008 9.24477250363 6.85893204015 3.58847828929 3.3942223889 3.41432239497 3.16919955493 4.00994075892 1.91398340398 1.19142146659 1.37802570312 1.59268876486 1.51243211678 1.29833373673 1.27219520593 1.24506497155 0.956254356702 0.866406335054 1.6161224602 1.56618459564 1.3707209778 0.88856315646 0.358992624516 0.140994079217 0.0962746955763 0.116562697096 0.341478758055 0.60743563478 0.664424993878 0.474477396671 0.43204563863 0.394908965848
-9999 -9999 -9999 -9999 -9999 -9999 -9999 -9999 -9999 -9999 -9999 -9999 -9999 -9999 -9999 -9999 -9999 -9999 -9999 12.1815266477 11.8521410654 11.4527993868 8.58873941358 12.225470602 11.6602182341 11.5889728476 8.34340077922 9.07994060309 5.20466140937 6.07228534969 5.28492352803 5.26238049937 3.39575722555 1.51916555459 1.81655429081 1.6549659149 0.802196082255 0.734761492748 0.635037470002 0.635338542082 0.75228776033 0.965019758181 0.865195774871 1.51033583237 2.01397375469 1.29562782597 0.980063725018 0.755819676429 0.210544496773 0.109646345365 0.0663991933179 0.455414109608 1.29137599903 2.48383122108 0.857043154883 0.206707224793 0.281552991192
-9999 -9999 -9999 -9999 -9999 -9999 -9999 -9999 -9999 -9999 -9999 -9999 -9999 -9999 -9999 -9999 -9999 -9999 -9999 -9999 10.4912064571 11.1814340941 8.68054665062 10.4983769642 10.9107493575 11.421882954 8.31811234288 9.25740574225 8.61736104166 8.29030096244 7.11153893822 6.99616490387 2.51290304112 3.66427954099 3.01628133292 2.18214529453 1.17549243199 1.41111195772 1.23805818733 1.22476199248 1.09744163291 1.30927589083 1.16346480607 1.02899615309 1.27846345896 1.13200910429 0.951685714404 1.04483818481 0.845157241189 0.347544761431 0.172255324745 0.131676138268 0.0744783448486 0.0717116492882 0.811339500795 0.0769513852269 0.0719374681476
-9999 -9999 -9999 -9999 -9999 -9999 -9999 -9999 -9999 -9999 -9999 -9999 -9999 -9999 -9999 -9999 -9999 -9999 -9999 -9999 -9999 10.6087943031 9.188161366 9.46072175552 9.92824563317 9.56629667309 8.38476508076 9.33299414906 8.28001277787 8.09433562783 8.32787334049 7.62961360555 2.17967367997 2.75087289086 2.65302199822 1.90065012348 1.65209100745 1.22556105951 1.09933517374 1.21360938867 1.51679629298 1.59013669529 1.66199200713 1.08692599311 0.937666539613 0.773867858954 0.880989460686 0.945755252958 0.89909650227 1.05456285666 2.03258428237 1.53048010505 0.475351961739 0.106976348274 0.0518699972847 0.0587604243107 0.0593101148784
-9999 -9999 -9999 -9999 -9999 -9999 -9999 -9999 -9999 -9999 -9999 -9999 -9999 -9999 -9999 -9999 -9999 -9999 -9999 -9999 -9999 9.38969134288 8.32467754832 8.34112269631 9.73177047336 11.1571392594 9.03077918187 6.65211546451 5.43688687761 8.17922313708 3.66211227375 6.92302360138 2.78963672764 1.78640989779 1.20921800856 1.6255220815 1.36936633483 1.20139967353 1.02985417637 1.35187993851 1.53248607271 1.47584193707 1.21813568309 1.09209893408 1.17047951904 1.11960331408 1.0301683061 1.00902442909 0.697954799512 0.767431852095 2.23791812623 1.95468651384 0.502504838874 0.102711812067 0.0671961002985 0.054074297648 0.052529302467
-9999 -9999 -9999 -9999 -9999 -9999 -9999 -9999 -9999 -9999 -9999 -9999 -9999 -9999 -9999 -9999 -9999 -9999 -9999 -9999 -9999 -9999 8.34451749959 9.33894278816 10.7841953778 11.5527802474 9.2019738861 6.63076072539 4.00791753671 4.51860867584 4.93164865585 5.09419393152 2.78800640375 2.24181018752 2.3744223136 1.90341180099 1.66023364179 1.52481176769 1.33156315492 1.4411908108 1.59199920055 1.17829651134 1.23212096042 1.48982251584 0.851506214122 0.760360517567 0.59448239063 0.678707320081 0.808292732105 1.26972176574 1.62814118407 2.37163929554 0.205050840942 0.0867483924805 0.0542876991995 0.0507814183301 0.0505474780066
-9999 -9999 -9999 -9999 -9999 -9999 -9999 -9999 -9999 -9999 -9999 -9999 -9999 -9999 -9999 -9999 -9999 -9999 -9999 -9999 -9999 -9999 8.62066257795 8.40102580727 10.5399087959 12.068960398 9.69847970048 5.27845369222 4.31847438174 4.5075881082 3.72981541205 3.8108284884 3.37430497829 2.5658192354 1.93662694923 2.48020148964 1.71928121566 1.52803205397 1.69154004451 1.76580157779 1.28838221051 1.61999128703 1.24864973884 1.06971209884 0.944259559295 0.925714100838 0.986746597447 1.0719536191 0.718493786807 0.682333126769 0.653693405723 0.808657454573 0.0768734343864 0.11519385661 0.0786016140697 0.0743675405546 0.0608468881734
-9999 -9999 -9999 -9999 -9999 -9999 -9999 -9999 -9999 -9999 -9999 -9999 -9999 -9999 -9999 -9999 -9999 -9999 -9999 -9999 -9999 -9999 8.31422352244 8.93190684547 11.9274655265 12.5671613248 9.49800467752 6.20205028298 4.6940922642 5.25925628571 4.13504567788 3.77796319059 3.24114321404 2.75466583082 2.6516241094 1.95288374589 1.7692252048 2.25353311945 1.93060215923 1.77997485712 1.68695826765 1.40483296893 1.07194016467 1.24964445704 1.44621631541 1.29338379602 1.08959978801 0.97842332181 0.783709546629 0.784707959502 0.896416115683 0.780836830575 0.132449053892 0.108295470946 0.108921294627 0.115353027569 0.0769548334653
-9999 -9999 -9999 -9999 -9999 -9999 -9999 -9999 -9999 -9999 -9999 -9999 -9999 -9999 -9999 -9999 -9999 -9999 -9999 -9999 -9999 -9999 -9999 9.39165896148 12.4973081994 12.7120696401 8.82983759191 5.63880230103 4.34104833798 5.05589692813 4.16455493725 4.44304054983 3.79828951227 3.72457599453 2.3476914632 2.58336850668 2.44443452627 2.14026335992 1.48342290418 1.4516882178 1.10496573874 1.3428040306 1.49925983571 1.55511516164 1.37604721542 1.259203283 0.767113190026 0.66739836967 0.619367540488 0.652381328179 0.543581211408 0.630418583832 0.605070390941 0.284075969845 0.0989506212164 0.11856400396 0.328152986767
