data/recharge/transience/recharge303.asc
ncols                  80
nrows                 72
xllcorner      4374000.0
yllcorner      5656000.0
cellsize            500
NODATA_value       -9999
[rows 25 to 49 of 72, columns 0 to 56 of 80]
-9999 -9999 -9999 -9999 -9999 -9999 -9999 -9999 -9999 -9999 -9999 -9999 29.0915903713 29.0761365755 27.8176863064 27.6333339177 25.3505607221 25.4701740906 23.26200902 24.0694991817 22.2809472244 22.0914807306 20.1637409352 12.6138895501 13.8301711758 16.4970029753 16.7948393653 15.5616637602 13.4936569997 12.687730621 11.263106902 10.8180755183 12.0286153482 13.553640943 7.09493420626 10.5351750569 11.3919991307 9.09930356127 7.48629819263 7.97354163475 7.23472771882 7.78330657918 10.5015288334 11.6458915559 11.3163373565 11.4536807585 11.3916499602 11.358210748 10.824085275 11.2825380827 10.4377551578 8.08768355086 4.50260796812 3.71917867246 3.62787477797 3.77208557961 3.60222975285
-9999 -9999 -9999 -9999 -9999 -9999 -9999 -9999 -9999 -9999 -9999 -9999 -9999 28.4766540164 28.2815594039 28.3586116022 26.7981406046 26.383275255 24.4975870377 24.0232727682 22.8332579038 23.6199898213 22.372922936 18.3505264312 20.2533819056 18.2618499655 16.066372131 14.633779816 13.4946195203 14.0212552094 12.1895666764 11.8835491898 13.3250666388 11.2975722459 6.59448801947 4.42064328696 9.02303208362 7.98388049177 8.93077779841 6.93457450668 6.11562450261 7.2884331542 5.08924871001 6.68053386762 7.24566439393 8.5767763624 9.11721054376 8.88499334189 6.44805849226 4.40621028223 3.52799615894 3.6647564622 3.83595246805 4.40115030651 3.84004840376 3.0665985097 3.00368694883
-9999 -9999 -9999 -9999 -9999 -9999 -9999 -9999 -9999 -9999 -9999 -9999 -9999 -9999 27.6072516581 27.519028446 26.1906681653 25.7439702298 24.3730186135 24.7790000085 22.920140315 24.1912085878 22.4651308016 21.7533470604 18.9810906496 18.8761898515 18.7040102786 18.886445228 14.5263263225 12.9919966404 12.5763097375 14.927421683 14.9129814845 14.2268134971 7.89951975504 7.07230669866 8.94334364014 7.92275548254 7.35638987753 6.69924351935 6.18676038647 6.50803517985 6.8097541865 5.65614046758 4.35839442382 4.88065948628 4.03980454336 4.29624478394 3.5955000646 4.09779438888 3.84247421676 3.10548836615 2.88492886079 3.87909607225 3.69313846576 6.1038050506 6.58600129664
-9999 -9999 -9999 -9999 -9999 -9999 -9999 -9999 -9999 -9999 -9999 -9999 -9999 -9999 7.73212923056 17.5915688384 26.7564451341 26.2940028106 25.1703667635 25.4322167864 24.4788230443 24.899576969 22.3946439925 23.997383724 22.2850187741 22.1555676428 18.4778485502 18.6716101972 18.1890801421 18.2429961139 12.8151405578 6.38507043371 15.3630641605 19.3234837918 10.9881951893 5.46732202035 8.97553479426 6.27352871882 6.3541101649 6.01951853608 5.63484194481 6.07506758629 5.72673065362 6.35642239531 5.21237540716 4.43144221727 3.04961982478 2.87464424802 3.42748981862 3.39636893061 4.13004397722 4.62783836278 4.97977832073 5.69594068516 5.44374999378 5.66342429079 8.57211083009
-9999 -9999 -9999 -9999 -9999 -9999 -9999 -9999 -9999 -9999 -9999 -9999 -9999 -9999 12.2831008793 18.7602897311 26.7777483174 26.8352618284 25.8635667051 25.811749523 24.3149406593 24.8484594705 23.7938538031 23.2065982018 20.8991451972 20.0475551248 19.6235427001 19.8082679578 17.0597330458 17.8184998634 16.2274584334 15.202396635 14.3960365752 17.9213042825 14.9082613461 4.59430851079 5.90367879105 9.20150431291 3.91431981782 5.63559692082 5.49624997255 6.10455885071 5.23960875609 5.3619437732 4.12002560379 4.51731335974 3.33847258563 4.28439640473 6.52554647456 7.13175204209 5.7785959489 3.38848411033 4.40341463149 3.65801958636 3.34041262109 4.50680954744 4.93688987368
-9999 -9999 -9999 -9999 -9999 -9999 -9999 -9999 -9999 -9999 -9999 -9999 -9999 -9999 29.9450566055 29.0609173321 28.314152276 28.3118080073 27.1205851506 27.6316890742 25.7785176249 25.5564680777 24.2632571909 23.9338239488 20.9197281625 21.5048211888 19.3880069841 20.7372125856 18.5064687311 17.9351698503 16.803738215 17.5076987436 16.0086105054 8.21967836953 4.94637149582 4.97893706355 4.33451022679 9.24490795674 3.73818050569 5.38490827222 5.36648785609 4.88905918148 4.00665974479 4.29053580454 3.56864692157 3.72328967922 5.41679956031 5.68532149389 9.29002781661 10.0966620528 7.41272738583 8.63940983316 6.08397380605 6.51360258772 5.92122726414 5.09660391459 5.77829706407
-9999 -9999 -9999 -9999 -9999 -9999 -9999 -9999 -9999 -9999 -9999 -9999 -9999 -9999 -9999 28.3844839896 27.7642616439 27.4502782011 27.4621706363 26.1404235606 24.3378812349 24.5402820151 24.2005844706 24.1611102962 20.8750532461 21.6408061722 19.3020728652 19.7436110079 9.86335934487 17.5120366448 15.4951087992 15.4463326285 13.7488854121 8.078933928 5.18540851742 5.21392037197 4.70483401577 4.64762275501 4.35853178091 4.06676865944 3.31130624958 4.95041521392 2.07098973547 2.72209522829 3.27202406594 2.7715149702 1.81570432569 1.93395247169 3.26264168083 4.56984447783 3.66879334292 3.33380801052 4.72948429921 7.22536451959 6.88494518914 6.79864573421 6.07694597525
-9999 -9999 -9999 -9999 -9999 -9999 -9999 -9999 -9999 -9999 -9999 -9999 -9999 -9999 -9999 -9999 27.5113111299 26.9441925316 26.4962561681 27.6436590733 26.5971129715 26.4499510952 23.8808197821 22.6400473118 21.6592808609 21.2112631667 19.0132600575 16.9956587125 8.79308947827 15.425629012 17.4706686408 10.8755993305 6.90915482177 4.43154556903 5.11625286655 5.42063398158 5.11585502164 5.34649989427 5.10007818172 6.73800479372 11.4168008262 10.7603210547 9.23294911737 3.2705949088 1.62981033828 1.29766934192 1.04603082839 3.94649011184 3.39402199051 2.71970247442 3.59730142235 5.24807849533 4.14780798963 3.50147992961 3.98158349667 3.59319540062 3.37972598421
-9999 -9999 -9999 -9999 -9999 -9999 -9999 -9999 -9999 -9999 -9999 -9999 -9999 -9999 -9999 -9999 27.7564371 27.8061868085 27.4998066758 27.0036357463 25.5719888321 26.2281512887 24.3986908716 23.0176778703 21.4835477387 22.078477712 19.4866633586 18.9993954211 9.22130380876 14.0385629079 8.81506332043 6.2900663951 7.05472775126 5.37203851621 5.61992809072 5.28497163844 6.45221128021 5.42756598585 5.05467238974 5.21873636647 8.88090199708 7.21036175224 8.8450435839 8.54177043442 4.57056935839 2.83243845658 3.3532489052 4.73874393911 2.665664819 3.24741873388 4.29369214546 4.48998322123 5.69531795689 6.02716346376 7.12388680899 5.30111672931 3.4075078452
-9999 -9999 -9999 -9999 -9999 -9999 -9999 -9999 -9999 -9999 -9999 -9999 -9999 -9999 -9999 25.2909713264 25.5052673843 26.1315333057 27.1264786826 26.871048118 25.6773508522 25.7801949907 23.8378454816 22.9274470052 20.9913267307 21.4633790808 19.7429943014 19.9297162923 12.7812517078 16.8992561978 16.5057324171 16.7093101413 15.9785645565 11.2257529097 8.30049096905 10.4165026212 10.2342753427 10.2444277402 8.35202570228 4.5209299336 7.90719648067 6.20285780881 3.76393556821 3.6804502276 3.51032539974 2.44692177066 3.7740966573 3.99727174012 3.57441630815 4.29153654614 3.4013391811 2.7296928478 3.0148714107 3.33742110672 3.63107447489 3.73219113371 4.11000750976
-9999 -9999 -9999 -9999 -9999 -9999 -9999 -9999 -9999 -9999 -9999 -9999 -9999 -9999 26.2974044289 25.9045099628 25.7469134246 22.9767322441 25.3521058507 26.5039101704 25.1252008728 25.6346453639 23.1869190903 23.4217339569 20.9836541201 20.6819043748 18.9343648959 19.4488959571 17.9177450202 17.9163592868 15.6969396213 15.8732073755 13.4148556722 12.5972621027 12.1393811283 13.1688887668 9.3324694747 7.68737418497 3.31176490643 6.94253027299 6.77710564336 3.01145830224 2.60060247721 2.88518518974 1.83177808992 1.59446816156 2.76262111141 4.03583280603 4.16323002133 3.42117773594 3.03908833443 3.01211639638 3.22178134066 3.15277293362 2.98632137474 3.16483230675 3.26444358456
-9999 -9999 -9999 -9999 -9999 -9999 -9999 -9999 -9999 -9999 -9999 -9999 -9999 -9999 26.6741543893 26.8840302075 26.2288087176 22.4141198793 20.4513676745 21.8764150834 23.7126073943 24.6645829112 23.2163494337 23.5671730814 20.7180699325 19.7145366185 16.6325932816 16.8455888998 16.0122504351 17.8970141719 16.7688690546 16.0736983162 12.5794854004 11.8461341382 10.1736496082 13.0237376728 12.1480181674 14.1117194409 8.15508420789 8.38402137415 10.1748289436 9.43263504001 3.40957879429 3.01991263282 2.42121054911 1.46778187366 2.26779252199 6.07918705886 5.72615870068 6.52043644532 6.29482870873 6.23868001523 4.5855107804 4.05534619421 4.47544326863 4.29607148931 3.30058102311
-9999 -9999 -9999 -9999 -9999 -9999 -9999 -9999 -9999 -9999 -9999 -9999 -9999 -9999 -9999 -9999 26.3987912458 24.0902174372 23.6964637584 23.5323070055 22.553581073 23.9121472657 24.0627788902 24.0850517272 21.1119613004 18.5067075882 13.5481385777 13.9533928297 12.1111114215 14.438469288 14.9052639454 13.1475061251 11.9775536318 10.9163019176 10.738854661 10.8027897937 11.2696140844 8.94986082971 11.1686739652 10.8055005871 6.86671907537 6.25042719994 8.59826806843 6.55820273151 1.73868188245 2.05339579004 1.72754566961 3.17026824587 4.03622240076 4.69663382984 4.4328069301 4.55777738503 3.97184942671 3.47278146633 2.41484217173 2.55530006004 3.64909758788
-9999 -9999 -9999 -9999 -9999 -9999 -9999 -9999 -9999 -9999 -9999 -9999 -9999 -9999 -9999 -9999 24.6081853001 24.2969695703 24.0778399158 22.214942524 21.7038432396 22.4308229522 22.3674865279 22.8762518653 22.1387024848 19.3782996103 16.1149363096 15.798336261 14.4722625393 14.9518583082 15.1254754507 14.7332248305 12.7938173269 11.5547274692 9.02375673016 9.42566894549 9.23126458519 10.1978897885 7.26887413359 6.29599369806 6.94046172739 8.40813359919 5.72039993101 7.08678242587 5.65162005301 1.78396228769 0.934693325113 1.59063834591 3.40081880122 2.70218520572 2.09995731048 2.13283429904 1.61181901288 1.84366601473 1.67379262267 1.68593744249 1.62054824319
-9999 -9999 -9999 -9999 -9999 -9999 -9999 -9999 -9999 -9999 -9999 -9999 -9999 -9999 -9999 -9999 -9999 -9999 24.1688130758 22.9539831307 20.8739276728 21.6355762378 22.5635729706 23.8479421714 21.7521991857 20.8906310764 15.5979631413 15.7626694994 14.5311102282 14.5225290099 12.4673011117 11.7025345688 11.0742304872 11.4909306094 8.91911426308 10.1914418409 9.68374163757 7.97079012556 7.07936158497 8.04697032874 6.09309672171 5.55151035243 4.77334339979 4.74437084672 4.000829842 3.75551676894 1.13222835693 1.11983500042 1.79188950888 2.13344839172 2.36820860588 2.85218301294 1.64630625414 1.6915911179 1.81018160774 1.93858460086 1.7519938061
-9999 -9999 -9999 -9999 -9999 -9999 -9999 -9999 -9999 -9999 -9999 -9999 -9999 -9999 -9999 -9999 -9999 -9999 -9999 21.5023775033 21.1887416361 21.6451255034 21.0989823877 25.4874677965 22.9781829998 22.6119505909 18.994470665 15.6590768619 12.7877913808 12.533837206 12.1126127218 13.1004907885 10.7197167285 10.3295912535 8.00098492612 7.13393587537 6.58420345273 8.22865445275 7.08166081033 7.43204774203 5.50543557545 5.11913480004 4.04006091976 4.86538322919 4.54376982967 4.70377900842 2.67828978887 0.967627155063 0.727985272199 1.35810559261 1.58397563308 1.94693655235 1.44138305275 1.42687331481 1.60390841891 1.5320466476 1.17098365107
-9999 -9999 -9999 -9999 -9999 -9999 -9999 -9999 -9999 -9999 -9999 -9999 -9999 -9999 -9999 -9999 -9999 -9999 23.1224341261 23.7416812384 23.5663791843 23.3643784359 21.1629936137 24.3798705363 22.7858295327 22.8874188175 20.240791002 18.5549027864 13.7897694695 13.2417302994 9.55608395852 5.63209535102 10.9282738207 10.4793755854 8.91962649596 10.0437712835 10.9127937234 10.5733723121 9.40802445871 8.80846413742 7.28678259184 5.50020452089 4.60132384912 5.11372173 4.67834687912 4.53567340209 4.08133659948 3.77258349913 1.68647120573 0.912103501974 1.26248782934 2.39681171334 2.89461074402 3.01522549077 2.1829434868 1.91471212565 1.6249589319
-9999 -9999 -9999 -9999 -9999 -9999 -9999 -9999 -9999 -9999 -9999 -9999 -9999 -9999 -9999 -9999 -9999 -9999 -9999 25.0664564796 24.6659056368 24.2838941959 21.384469484 24.4665255702 23.7231332203 23.6155881414 19.8958996966 20.5111211956 16.4845027993 18.039372439 12.5163385864 12.4771786282 14.0144715053 11.0563925304 9.74678507837 8.31295265816 6.31064522731 5.66587155426 4.7159557777 4.71833594563 4.655427992 5.68472999902 4.9500361833 5.25771227442 4.79568633938 7.00795457791 4.89162342479 3.80852076258 2.13586223488 1.11911354986 0.459554844 2.85235209165 3.15212239967 2.96263003492 3.13075423758 0.920276069984 0.981536401178
-9999 -9999 -9999 -9999 -9999 -9999 -9999 -9999 -9999 -9999 -9999 -9999 -9999 -9999 -9999 -9999 -9999 -9999 -9999 -9999 23.4274105969 24.0667326049 21.4729393137 23.3897588794 22.5241230941 23.3613789123 19.8483479436 20.8209129471 20.3418614181 19.5364522012 17.3199338171 16.9918249737 12.365590682 10.6160407537 7.64453826728 9.23211004104 8.47351973981 9.16409501108 8.48621231111 7.9305900965 5.98603572565 7.29724055958 6.52931662667 5.81751458358 6.73762452837 5.98597372955 4.72951572586 5.25035310356 4.22228386 2.98419543659 1.62892520568 1.04031897659 0.505811423681 0.533346862635 2.23747516652 0.560522746605 0.531570199779
-9999 -9999 -9999 -9999 -9999 -9999 -9999 -9999 -9999 -9999 -9999 -9999 -9999 -9999 -9999 -9999 -9999 -9999 -9999 -9999 -9999 23.7257973364 22.197343288 22.5420710564 21.7798053296 21.1468507618 19.9652380455 21.4238830449 19.447197312 18.9466550555 18.5749206349 18.6762715732 12.9498386586 7.52566208955 12.2564646918 12.0797510574 9.48439825266 7.73047462018 6.72907120689 7.11172171099 8.09837561705 8.43067286191 8.31499182146 5.95156341137 4.69766756 3.67839777133 4.13284791795 4.5083845828 4.09972920863 4.9431991664 6.14878227707 4.39944172729 2.15202222678 0.793854644519 0.271399501609 0.344676974614 0.370119553841
-9999 -9999 -9999 -9999 -9999 -9999 -9999 -9999 -9999 -9999 -9999 -9999 -9999 -9999 -9999 -9999 -9999 -9999 -9999 -9999 -9999 22.4799218128 21.2815920314 21.2772848787 22.5749838669 23.723166122 21.5126097702 19.6209721028 17.3139326767 19.1023829318 7.68077388068 16.8533332863 14.2514213095 12.3464305444 8.48188285022 9.38477136123 8.06685423189 7.80157758335 6.70576370602 8.28747370743 8.16900304419 7.90332659576 6.03017506353 5.677735729 6.01613521145 5.74430684319 4.98634627513 4.86894009086 3.12758729908 3.34156741246 4.01039534244 2.64792824422 1.42414020188 0.57572554641 0.445728773608 0.293965202691 0.293051365644
-9999 -9999 -9999 -9999 -9999 -9999 -9999 -9999 -9999 -9999 -9999 -9999 -9999 -9999 -9999 -9999 -9999 -9999 -9999 -9999 -9999 -9999 21.3918056813 22.4174075543 23.8111360872 23.8067612668 21.5284389204 19.7817102395 15.7573638575 16.346256934 16.5983702259 16.9882900178 13.2164409353 12.3567599257 12.1174395594 10.4126349641 9.6340862465 9.07124385386 7.96459355756 8.25483965942 8.04351520659 5.89824997668 5.79534220495 7.08656681336 3.90112081858 3.46329715176 2.54836587355 3.13449542885 3.78052993749 4.78032664809 2.19563833623 3.00479131771 2.45812807574 0.666168492038 0.282630812445 0.247978507728 0.259525796933
-9999 -9999 -9999 -9999 -9999 -9999 -9999 -9999 -9999 -9999 -9999 -9999 -9999 -9999 -9999 -9999 -9999 -9999 -9999 -9999 -9999 -9999 21.7189975359 21.4471712918 23.4633505603 24.4570299355 22.1349934334 17.7860925296 16.2985463848 16.6036569476 14.9815579321 15.1850794805 14.1896029819 12.8250249258 10.544904221 12.430310663 9.52651751745 8.99803900816 9.39144449651 9.37399961652 6.52729177748 8.16935367438 5.88463381127 4.87277783453 4.00941293155 4.43583380553 4.86725642827 5.06647589327 2.92435859404 2.75388860821 2.19537375413 3.70535087298 0.528790445321 1.11233745187 0.580893561276 0.52220736691 0.373710181193
-9999 -9999 -9999 -9999 -9999 -9999 -9999 -9999 -9999 -9999 -9999 -9999 -9999 -9999 -9999 -9999 -9999 -9999 -9999 -9999 -9999 -9999 21.4806545922 22.0904052878 25.183280499 24.7016552129 22.3076705668 19.160894339 17.1467429195 17.9958170412 15.9331536696 15.0342461032 13.5380735077 13.1543127602 12.7122406429 10.2916072552 9.28941043783 11.1444677041 9.45310426154 8.8486952313 8.07819189769 6.76560181119 4.66933773017 5.65223451325 6.25202181171 5.74196919099 4.91851052545 4.3167888661 3.20564464963 3.21086596225 3.77626563468 3.15481668955 0.974513009491 0.926604305374 0.997994436643 1.11009198916 0.552024552746
-9999 -9999 -9999 -9999 -9999 -9999 -9999 -9999 -9999 -9999 -9999 -9999 -9999 -9999 -9999 -9999 -9999 -9999 -9999 -9999 -9999 -9999 -9999 22.6124133709 25.8528587449 24.8907735518 21.8143376099 18.6610135942 16.7898648857 17.5992409645 15.9924956486 16.6284933251 15.0829188157 15.3586526574 11.7685953659 12.5145247579 11.7476343752 10.7516218977 7.46514071277 7.10885007093 5.10295819882 6.44558398636 7.13186697854 7.20830889548 5.93054711247 5.36039549596 2.91989822162 2.55360713962 2.28429467587 2.46890135183 1.8705161074 2.33660281311 2.35661114973 2.06697575562 0.704447695455 0.590972506523 1.5304166777
