data/recharge/transience/recharge349.asc
ncols                  80
nrows                 72
xllcorner      4374000.0
yllcorner      5656000.0
cellsize            500
NODATA_value       -9999
[rows 26 to 51 of 72, columns 0 to 56 of 80]
-9999 -9999 -9999 -9999 -9999 -9999 -9999 -9999 -9999 -9999 -9999 -9999 -9999 27.8326838701 27.5106859969 26.9945825808 28.1054966114 27.8179848248 27.9198281425 27.8371774169 28.1909161067 28.3412625965 26.6696268331 23.1319930996 27.0832238501 25.8737530065 22.5378431897 19.5495161976 17.9908167991 18.7789481363 15.9062992161 15.6230260731 21.313317123 11.9200606429 9.05242660541 15.6627242966 23.0584669351 9.77744318203 9.54009859607 7.58791585703 6.54720502049 7.19953238741 4.77497596154 6.73145924057 8.40945222429 12.2807702503 16.4386877442 16.1931746482 8.17244316567 4.45267403132 3.26034033223 3.35182121821 3.49322013162 4.95064396898 8.83548678146 2.81791047332 2.81699621403
-9999 -9999 -9999 -9999 -9999 -9999 -9999 -9999 -9999 -9999 -9999 -9999 -9999 -9999 28.1519719892 27.1573348386 27.4043728313 27.4347541208 27.1399663662 27.4889749456 28.0979512062 28.6976435301 27.1834361149 27.5748105681 26.9975217156 27.102168029 25.9979369068 25.8624910602 20.249475277 17.2713287574 16.729359495 22.320587785 22.1544944013 16.3858387103 10.5340361564 21.334469038 22.0634741914 8.63205756885 7.85750583107 9.95181260094 10.1643481401 7.02246071207 6.44611995524 5.29603217963 4.03398458348 4.4937742371 3.63125023765 4.3794707396 3.21050382467 3.68289411203 3.50460596275 2.87706135503 2.68365917107 5.87641545721 9.0096109778 12.3464865183 10.226428679
-9999 -9999 -9999 -9999 -9999 -9999 -9999 -9999 -9999 -9999 -9999 -9999 -9999 -9999 8.17280426427 18.5721972894 27.0479588843 27.7264138848 27.9881922619 27.7092386496 28.2447751213 28.3503777629 27.9619796124 28.3629337285 27.4785655282 29.2463501002 25.9978640589 25.6955312006 25.1090272025 25.2500743685 19.9689668101 12.2757080567 21.904400949 24.8249038867 10.4360084367 17.1814099693 20.5437878762 6.72615708976 9.26706323848 10.5763859551 6.67066931376 6.80389247117 5.9592577212 6.14642477 4.8078342877 4.10073958234 4.58322157324 8.73969377734 9.21034180512 3.56711309362 3.77664220787 4.22678851406 4.57890979302 10.4119973269 15.2789843058 16.8867898258 10.034791211
-9999 -9999 -9999 -9999 -9999 -9999 -9999 -9999 -9999 -9999 -9999 -9999 -9999 -9999 12.7850885986 18.9983831469 27.3957357557 29.2697319314 27.8627906362 27.5010711118 27.521810465 28.1712285767 28.6765721965 28.7057529502 27.446713258 27.1704839473 26.1363097448 26.2420071891 24.5640287056 24.8648269682 23.2157414152 22.1524767695 21.7535601968 21.3158905313 22.7770471867 14.6835476304 18.0546708318 7.5014178735 9.1706842912 10.9463592593 5.90141104372 6.51694614984 5.53283500373 5.62290954434 3.8874947185 4.176980256 3.07462411429 3.89393454653 5.97235937296 6.48507242188 5.17347390446 3.16401866839 4.91476415112 4.61695953957 3.87457024494 4.3301030063 4.62731166059
-9999 -9999 -9999 -9999 -9999 -9999 -9999 -9999 -9999 -9999 -9999 -9999 -9999 -9999 28.9210036739 27.9848421111 27.3753253522 28.0080673561 27.9227557959 28.1846518476 28.6659592985 28.8950882456 29.0146996083 28.6404450204 27.264124539 28.0599888886 26.3247322924 26.6922824179 24.9402074958 24.848627905 23.5570100224 23.7926388117 22.6053806368 18.8183135097 14.9637529814 14.9991678317 13.9559937852 21.2932929611 12.5657485934 15.6807624249 7.84054813171 4.90545983094 4.28102347384 4.54530791265 3.6113620369 3.48340864668 4.99360434377 5.27269570813 10.3474366661 11.798338662 8.1867282682 9.17194516618 5.7604561347 6.17635590381 5.71705054467 4.90076926797 5.67559305642
-9999 -9999 -9999 -9999 -9999 -9999 -9999 -9999 -9999 -9999 -9999 -9999 -9999 -9999 -9999 28.3128128265 28.1705419127 27.8812688596 26.9736675604 27.1792524511 28.2919611464 28.6782518738 28.8517325899 28.8792492575 27.440863267 28.8219193668 25.9294092239 26.0897583671 14.8760764596 24.2211287264 22.7174964727 22.6764583932 21.1073294435 16.8496356856 15.2098559336 15.2388826134 14.3682741346 14.3065219337 13.6645959516 13.3972099572 12.2159328232 16.0796997985 2.12997408137 2.6095861824 3.21583632951 2.5343945745 2.08864830583 2.36780263796 3.28139987628 4.21297823914 3.50294788352 3.2047621714 4.50040122433 7.01739612212 6.72523592572 6.63123016538 5.9803145927
-9999 -9999 -9999 -9999 -9999 -9999 -9999 -9999 -9999 -9999 -9999 -9999 -9999 -9999 -9999 -9999 28.1962706343 28.5916465215 27.0246293201 28.0649757655 28.3865192236 28.6875022559 28.6330832981 28.5868581949 27.9226331252 27.7465836633 26.6930654588 24.4335060752 14.3045583598 21.5876455327 23.3742231781 16.695900852 11.6347806657 8.05166648637 15.0728477105 15.3841849896 14.7404327287 14.9770108865 14.4295308361 18.1895794361 22.0973142027 22.0874648803 13.9490683799 4.41979918434 1.92836794315 1.40102291837 1.05352569643 3.64698344304 3.26215025939 2.66539724098 3.50808427934 5.07149816814 4.10144058304 3.49370372843 4.00314370521 3.63322770508 3.4791761636
-9999 -9999 -9999 -9999 -9999 -9999 -9999 -9999 -9999 -9999 -9999 -9999 -9999 -9999 -9999 -9999 29.6445401551 29.2746946898 28.0038561106 29.2704152798 28.8592194152 28.2801629953 28.5128723577 27.5239490517 27.6114796253 27.8609242826 26.6360666383 26.4896098617 15.2026615125 20.6867370505 15.4120220528 11.6330240434 12.9775617036 9.34388626051 14.3188136202 15.2457622792 17.6673364104 15.057467757 14.381317515 15.2827640165 17.9452328947 19.7880304641 18.2598067951 9.98049084564 5.8375990695 3.83461070331 5.15458942619 9.25803880739 2.59301313693 3.13104397636 4.15449016404 4.34047010698 5.61380369024 5.95083669765 7.23665759877 5.29960083817 3.50604540038
-9999 -9999 -9999 -9999 -9999 -9999 -9999 -9999 -9999 -9999 -9999 -9999 -9999 -9999 -9999 27.6653703741 28.0726066218 28.2349887978 29.0342325564 28.2794122753 28.5568575909 27.9352983157 28.2756463004 27.5345466701 27.4769278404 28.0374444614 26.8822165954 26.9108032514 19.2045249539 23.1599724837 23.0587321551 23.2988818795 22.5754712091 18.5643832588 20.2604451618 17.1300603487 18.7112284593 20.2841398112 19.2335599438 14.2268627043 13.4512041448 9.04021795 4.99824243092 4.89890065929 4.68633051474 3.27229886046 13.5121973496 11.9680611815 3.98430333826 4.16267224503 3.40915617668 2.78207618623 3.13716742685 3.4482308802 3.81807572898 3.91814842069 4.43514618147
-9999 -9999 -9999 -9999 -9999 -9999 -9999 -9999 -9999 -9999 -9999 -9999 -9999 -9999 29.2954637687 28.4997028753 28.3424500934 26.0490520164 27.5771643693 28.3718455761 29.308754688 28.7773031427 27.782086519 27.6914973665 26.7696529533 27.3845762191 26.2720743478 27.3261268051 24.451465617 24.5779437059 22.7213011939 23.072930879 20.5737767122 15.7439641239 11.8412006279 14.6440836303 22.7398147138 20.5346472334 3.51624944475 9.44614310791 11.5293319189 4.03283660652 3.42273788202 3.86638286637 2.24124232458 1.84646905143 5.45391944581 3.77324377156 4.02607232915 3.34463661756 3.06913768459 3.04377160713 3.33643778334 3.26917073392 3.18362248542 3.35835921592 3.71915277598
-9999 -9999 -9999 -9999 -9999 -9999 -9999 -9999 -9999 -9999 -9999 -9999 -9999 -9999 30.6863383319 30.0186093476 30.2358369512 27.3507511333 24.0268948576 26.4428755331 27.8187460941 28.6394118566 27.8358982663 27.7627925123 26.9675375949 26.7424857671 22.5724133555 23.7528478825 23.1921239864 24.6217040132 23.6406278949 22.4653345364 14.385600595 13.3475462315 10.7033370987 14.2161169096 13.8255136015 16.5588302282 9.43967842795 9.66639017924 11.6271443417 10.7915613829 4.54510788465 4.05504778376 3.30087520076 1.67327634898 3.20259827689 5.14251162978 5.57148062942 6.54250754937 6.54725951118 6.4866977598 4.85388245869 4.3043057401 4.84519280965 4.65711435028 3.75749244531
-9999 -9999 -9999 -9999 -9999 -9999 -9999 -9999 -9999 -9999 -9999 -9999 -9999 -9999 -9999 -9999 30.8727258687 29.3876667737 28.9907003501 28.6935017527 27.5715370606 28.0671922535 28.4764514213 28.2922940608 27.3402108897 23.8171533872 15.9427517882 16.7266933203 14.6487877564 18.431920144 20.1836285727 15.4512240189 13.5285139853 12.1021121918 11.7189150391 11.8023302582 11.6323189993 9.19794973116 12.20997134 11.9979075953 7.36500307788 6.6910578729 12.3045384513 10.3862738448 2.12605004325 2.67593591765 2.23905700232 2.68800871107 3.88527685601 4.67947848617 4.59624399448 4.72365376834 4.21789148246 3.710722501 2.72295119441 2.86336084948 4.08595127894
-9999 -9999 -9999 -9999 -9999 -9999 -9999 -9999 -9999 -9999 -9999 -9999 -9999 -9999 -9999 -9999 29.4287588156 29.1094167067 29.2528682401 26.6627234574 26.6782545379 27.6708742097 27.7990858198 28.0906989558 28.0293263809 24.8674534081 20.1833898993 19.6036039505 18.0061353725 18.9900850969 19.0417022967 18.4298504647 15.1204108753 12.9350233287 9.56663865638 10.0310719885 9.68480313145 10.8668978992 7.59833221893 6.83627332948 7.60605423046 9.32186509838 12.6449496474 12.2187170448 6.56423918733 2.27715202932 0.978511441121 1.69255507862 3.48270689822 2.83535421268 2.35383618737 2.38512746728 1.90789824032 2.13363461253 2.02824415217 2.03974788434 2.06143957635
-9999 -9999 -9999 -9999 -9999 -9999 -9999 -9999 -9999 -9999 -9999 -9999 -9999 -9999 -9999 -9999 -9999 -9999 29.3661567495 27.711235687 25.1816749956 26.5579250212 28.2416750563 28.2050301671 27.6383495898 27.0814503884 19.2835014044 20.037068043 18.1583220283 18.3381191217 15.1356091812 14.1231016176 13.0110334815 13.1897767444 9.44730067224 10.9523917917 10.2267257254 8.2702775867 7.28453183776 8.76097653174 6.66443360785 6.07629364397 5.6583581691 5.62491923319 4.52616177326 4.12594040431 1.24653274334 1.25317793042 2.04059811728 2.2577625402 2.51709968843 2.68750366479 1.94256499544 1.98714894592 2.16778117193 2.2988895696 2.20157360261
-9999 -9999 -9999 -9999 -9999 -9999 -9999 -9999 -9999 -9999 -9999 -9999 -9999 -9999 -9999 -9999 -9999 -9999 -9999 26.5514480004 26.126258561 26.8922581026 26.183714751 29.0465208786 28.1448123292 28.0165292275 25.7538097304 20.525564639 15.922575939 15.5749676863 14.6217461869 14.7272033439 12.2436449588 11.9990639818 8.28351009337 6.95437144981 6.23614512913 8.07331899292 7.05821324758 7.76849718634 6.00087333055 5.58639068862 4.56074004077 5.46629732251 5.25177237058 5.45480873204 3.12327959955 1.0980163903 0.804561177938 1.71074682084 1.74991921398 2.22892979378 1.7867071091 1.77215776555 2.02177160262 1.94520065378 1.6150971066
-9999 -9999 -9999 -9999 -9999 -9999 -9999 -9999 -9999 -9999 -9999 -9999 -9999 -9999 -9999 -9999 -9999 -9999 28.7559365383 29.5406476247 29.6090576428 29.3244634758 26.1789463715 28.6577238001 27.9269535673 28.3526638943 25.9305999739 25.7923090146 17.3487889057 16.5595577041 17.0450890232 11.158176536 13.4305110849 11.1685590026 8.57270978005 9.80750039476 10.7196705435 10.2749141981 8.8867108952 8.57809078174 7.94548090797 5.99572010537 5.1379378585 9.85199263888 7.03382002816 8.76644161196 4.86025728575 4.94966442658 2.60594185028 1.08693210724 2.26250094453 2.72364368476 3.21851529949 3.33926514101 2.62128317332 2.35548103848 2.11659154743
-9999 -9999 -9999 -9999 -9999 -9999 -9999 -9999 -9999 -9999 -9999 -9999 -9999 -9999 -9999 -9999 -9999 -9999 -9999 30.3018596914 29.7701099284 29.3342098769 26.8611838963 28.5287203422 28.4939819374 28.173124875 26.5494728057 26.3825370613 23.8769484554 25.3484138273 18.8536113437 18.9343753612 17.7868015088 11.3674605933 12.2023334973 10.7194251131 5.79703606184 5.21322384591 4.26305996722 4.2655516148 4.57110575222 6.09418986559 7.35138926417 11.7520661819 11.5065731945 10.084017164 6.14579596992 4.79501191485 3.21792801965 1.59338992865 0.609414631105 10.975652068 11.863076954 10.4278717552 6.48835233634 1.22427606876 1.44971753455
-9999 -9999 -9999 -9999 -9999 -9999 -9999 -9999 -9999 -9999 -9999 -9999 -9999 -9999 -9999 -9999 -9999 -9999 -9999 -9999 28.4683619471 29.2278323947 27.0148021242 28.6981166646 27.8896744549 28.041504671 26.4851621088 26.5540310577 25.9622104825 25.6190452383 24.0150604622 23.9316525156 14.7628226084 17.4589896186 15.6279859381 15.1941172822 8.12660225721 9.10670419169 8.13266114399 7.68458087153 6.12697185323 7.55900657944 7.45395596181 6.69104270277 8.17615878655 7.23577925902 5.94277102742 6.59516848806 5.5028114733 4.16835551054 2.46143395442 1.36714793561 0.624797923737 1.28050116956 7.66061767901 0.748534810055 0.739290171583
-9999 -9999 -9999 -9999 -9999 -9999 -9999 -9999 -9999 -9999 -9999 -9999 -9999 -9999 -9999 -9999 -9999 -9999 -9999 -9999 -9999 28.4711242989 28.0745129045 28.2736600121 27.7281503381 27.3495901568 26.9521950684 27.5279502327 26.0534738351 25.9401771486 23.6423669167 25.3016626746 15.326374148 16.3602807765 16.337883426 13.1677215805 10.0781304674 8.17037189759 6.76556906791 7.17855087726 8.77473117916 9.17591062088 9.67999697738 7.22413856118 6.03301567182 4.76932011266 5.53231855346 6.02134540736 5.66689195149 6.78790840516 6.70323358276 7.55764525139 3.18637227128 1.1810711353 0.375639557669 0.474064645589 0.526700037069
-9999 -9999 -9999 -9999 -9999 -9999 -9999 -9999 -9999 -9999 -9999 -9999 -9999 -9999 -9999 -9999 -9999 -9999 -9999 -9999 -9999 26.8232979809 26.8673499143 26.8469658056 28.5847534633 28.5618128782 28.7616133316 26.8617931542 25.0453409873 25.4370052373 12.5074786679 23.3496479452 16.8872488078 13.5475916446 8.76849936506 10.2623336261 8.43186878067 8.51001952468 7.09862641724 8.49299298304 8.85907284361 8.54270030526 6.82827781962 6.62373684746 7.70087889109 7.35132417839 6.64033022169 6.48812528746 4.3842128113 4.58396520749 9.14983958968 7.90512327795 3.85667034866 0.801402968376 0.623188434067 0.405271802911 0.416369158329
-9999 -9999 -9999 -9999 -9999 -9999 -9999 -9999 -9999 -9999 -9999 -9999 -9999 -9999 -9999 -9999 -9999 -9999 -9999 -9999 -9999 -9999 27.3096997731 28.5386590619 29.3470463038 28.304938307 28.3396734906 28.1530327146 21.5759742007 23.02125475 24.2285211979 24.6431414362 16.4974249286 14.8537625315 14.523530088 12.1923768859 11.097765002 10.4666722398 9.41061949139 9.34920692326 9.3773943561 6.85795264871 7.04926236933 8.61071247834 5.30070577371 4.82935326912 3.88825386587 4.78186809278 5.86531095721 11.0607299098 6.45287682831 10.6459517489 6.55160941406 1.10412565323 0.42471350835 0.375170152334 0.4018530568
-9999 -9999 -9999 -9999 -9999 -9999 -9999 -9999 -9999 -9999 -9999 -9999 -9999 -9999 -9999 -9999 -9999 -9999 -9999 -9999 -9999 -9999 27.7761992314 27.3786772803 28.8957388102 28.7018075 28.3955996291 24.0660188779 22.3742687318 22.9366106075 20.0114888796 20.3259914919 18.3435623315 15.7713824484 12.3663825803 14.9760907548 10.8302503784 10.2443711967 10.7949628873 10.671330482 7.56902846981 9.5349767179 7.15336460222 5.98071414853 5.21558767252 6.06438649022 7.04024837885 7.20366681056 4.39273965835 4.41246240411 4.67392729155 10.6828151729 0.815040552849 2.2656325641 0.954940014278 0.830891719428 0.578572503078
-9999 -9999 -9999 -9999 -9999 -9999 -9999 -9999 -9999 -9999 -9999 -9999 -9999 -9999 -9999 -9999 -9999 -9999 -9999 -9999 -9999 -9999 27.6639511111 28.3475552574 29.7508127454 28.1399193896 28.3400001829 26.0871441863 24.4998527315 25.7761079387 22.252024955 20.843658544 18.256496285 17.0351812172 16.2055845602 12.8082947861 11.4042438785 13.9107839099 11.7585078935 10.9635402568 10.2507088923 8.56380265564 6.23172196308 7.4504052535 8.49438353808 7.96572769723 7.48117762998 6.61244539161 5.08515657495 5.09325768922 6.02290651468 5.07809431532 1.86957692094 1.96235751008 2.24261094133 2.59806656127 1.01582033807
-9999 -9999 -9999 -9999 -9999 -9999 -9999 -9999 -9999 -9999 -9999 -9999 -9999 -9999 -9999 -9999 -9999 -9999 -9999 -9999 -9999 -9999 -9999 29.1148773347 29.7765171002 28.4233829915 28.0561022324 24.5541086889 23.9898061989 25.1013464325 22.3462039148 23.3901771627 20.619578024 20.6692295253 14.8381444272 15.9139259395 14.7682527217 13.3662049674 9.20106748962 8.64809011442 6.55369923787 8.16463124755 9.29820720747 9.44150211596 8.06777212082 7.3248158565 4.48668321695 4.09279331726 3.76427351901 4.02626036058 3.1943080284 3.87075019888 3.94755848378 3.97377094249 1.31515872148 1.00809459562 2.6801466492
-9999 -9999 -9999 -9999 -9999 -9999 -9999 -9999 -9999 -9999 -9999 -9999 -9999 -9999 -9999 -9999 -9999 -9999 -9999 -9999 -9999 -9999 -9999 26.7260315001 29.7302972228 28.624584919 28.4846744209 28.6477677904 26.539133755 27.4629215694 25.3513844601 26.0170888035 22.520832437 21.9574411137 17.1874702033 16.7038854753 13.9177655312 12.589944068 12.4931604396 13.9773103576 11.8561482775 11.621058256 10.2557079598 8.23916389644 6.3633899513 6.77936551095 7.16602347436 7.62651026906 6.04856200639 5.91347369761 6.40020836723 6.64968395875 4.39136660802 3.43141988419 3.31802774208 4.91332031447 3.46266996565
-9999 -9999 -9999 -9999 -9999 -9999 -9999 -9999 -9999 -9999 -9999 -9999 -9999 -9999 -9999 -9999 -9999 -9999 -9999 -9999 -9999 -9999 -9999 -9999 30.8327310471 28.8482583297 28.6927848097 28.6957970243 26.072127092 27.3033209413 24.8793302088 21.249435489 23.8891098717 22.3102925999 19.7707187439 14.4395316144 11.6692190517 14.5811953797 13.6970274637 16.5165749649 12.3957701739 8.23103877942 6.32218040732 7.97600281994 8.62400258404 8.00710729885 5.73501492597 6.8572250581 7.30898317899 6.34506557136 4.74125415691 3.61073766968 3.83327080567 9.17704464022 4.90203409535 3.63759873621 3.78546661387
