data/recharge/transience/recharge259.asc
ncols                  80
nrows                 72
xllcorner      4374000.0
yllcorner      5656000.0
cellsize            500
NODATA_value       -9999
[rows 0 to 23 of 72, columns 0 to 53 of 80]
-9999 -9999 -9999 -9999 -9999 -9999 -9999 -9999 -9999 -9999 -9999 -9999 0.111747743545 0.108585836767 -9999 -9999 -9999 -9999 -9999 -9999 -9999 -9999 -9999 -9999 -9999 -9999 -9999 -9999 -9999 -9999 -9999 -9999 -9999 -9999 -9999 -9999 -9999 -9999 -9999 -9999 -9999 -9999 -9999 -9999 -9999 -9999 -9999 -9999 -9999 -9999 -9999 -9999 -9999 -9999
-9999 -9999 -9999 -9999 -9999 -9999 -9999 -9999 -9999 -9999 -9999 -9999 0.392805843071 0.23371719665 0.172809489809 -9999 0.191094042127 -9999 -9999 -9999 -9999 -9999 -9999 -9999 -9999 -9999 -9999 -9999 -9999 -9999 -9999 -9999 -9999 -9999 -9999 -9999 -9999 -9999 -9999 -9999 -9999 -9999 -9999 -9999 -9999 -9999 -9999 -9999 -9999 -9999 -9999 -9999 -9999 -9999
-9999 -9999 -9999 -9999 -9999 -9999 -9999 -9999 -9999 -9999 0.30800011774 0.289311234416 0.359145046841 0.380029274906 0.244175187409 0.19318927834 0.14927370217 0.15662377453 -9999 -9999 -9999 -9999 -9999 -9999 -9999 -9999 -9999 -9999 -9999 -9999 -9999 -9999 -9999 -9999 -9999 -9999 -9999 -9999 -9999 -9999 -9999 -9999 -9999 -9999 -9999 -9999 -9999 -9999 -9999 -9999 -9999 -9999 -9999 -9999
-9999 -9999 -9999 -9999 -9999 -9999 -9999 -9999 -9999 0.288625515277 0.307440362276 0.302102670334 0.280364955198 0.303740613525 0.291002651591 0.265436889448 0.203493849929 0.249789519891 -9999 0.335704350625 -9999 -9999 -9999 -9999 0.254394942728 0.256176963223 -9999 -9999 -9999 -9999 -9999 -9999 -9999 -9999 -9999 -9999 -9999 -9999 -9999 -9999 -9999 -9999 -9999 -9999 -9999 -9999 -9999 -9999 -9999 -9999 -9999 -9999 -9999 -9999
-9999 -9999 -9999 -9999 -9999 -9999 -9999 -9999 0.530077821846 0.410821548371 0.318341291892 0.317820363756 0.309037026222 0.273847629236 0.288409184902 0.266070963735 0.217527235126 0.178479617398 0.178548021631 0.264001757228 0.270198850071 0.294535401413 -9999 0.216436167937 0.338402499769 0.313217287836 -9999 -9999 -9999 -9999 -9999 -9999 -9999 -9999 -9999 -9999 -9999 -9999 -9999 -9999 -9999 -9999 -9999 -9999 -9999 -9999 -9999 -9999 -9999 -9999 -9999 -9999 -9999 -9999
-9999 -9999 -9999 -9999 -9999 -9999 0.455639622434 0.34627426282 0.317476644103 0.343620703102 0.395947719419 0.431086193698 0.367072625725 0.334470994908 0.280391189483 0.316627628244 0.258002978156 0.230717960291 0.265404657534 0.259881709417 0.258836111209 0.282476346191 0.26886448662 0.224049606116 0.24530055993 0.230411540143 0.272637774742 -9999 -9999 -9999 -9999 -9999 -9999 -9999 -9999 -9999 -9999 -9999 -9999 -9999 -9999 -9999 -9999 -9999 -9999 -9999 -9999 -9999 -9999 -9999 -9999 -9999 -9999 -9999
-9999 -9999 -9999 -9999 -9999 -9999 0.519172931049 0.444129899545 0.322278997517 0.303879800713 0.291181685293 0.32047668953 0.319688452118 0.280287382041 0.272861914109 0.240947968685 0.275958583188 0.332145641021 0.308469265711 0.22936930621 0.248078233381 0.306369927154 0.273305577778 0.264893061815 0.222039406136 0.195960773144 0.27859434594 0.341728673411 0.380387393242 0.349963120332 0.504188143106 0.494320739053 -9999 -9999 -9999 -9999 -9999 -9999 -9999 -9999 -9999 -9999 -9999 -9999 -9999 -9999 -9999 -9999 -9999 -9999 -9999 -9999 -9999 -9999
-9999 -9999 -9999 -9999 -9999 0.689556659338 0.555817192813 0.545861933135 0.485184304262 0.51924763574 0.469914502455 0.398629152525 0.310527873134 0.324793940684 0.32026783602 0.328474548608 0.356314001198 0.642573327911 0.471543863878 0.240926755792 0.249813331064 0.23682889859 0.252566245106 0.264850501269 0.25292763616 0.278142260448 0.267072708926 0.257737025127 0.359100333943 0.346956293228 0.365912116669 0.393124238924 0.375820321003 0.356822233997 -9999 -9999 -9999 -9999 -9999 -9999 -9999 -9999 -9999 -9999 -9999 -9999 -9999 -9999 -9999 -9999 -9999 -9999 -9999 -9999
-9999 -9999 -9999 -9999 -9999 0.749468965895 0.654476690664 0.662236935169 0.553394467961 0.487548369142 0.467152715576 0.517653313336 0.456318015374 0.577320337123 0.462596722876 0.521408402035 0.318820170826 0.470462402169 0.443629529649 0.254892790493 0.286696656302 0.286369263012 0.318929549875 0.300308342905 0.279898419773 0.225968080581 0.227460240944 0.196977631731 0.299411897816 0.299636161169 0.314367398168 0.316657881429 0.361160224638 0.340256822064 0.364078004273 0.351052922459 -9999 -9999 -9999 -9999 0.361515983263 0.350293391636 -9999 -9999 -9999 -9999 -9999 -9999 -9999 -9999 -9999 -9999 -9999 -9999
-9999 -9999 -9999 -9999 -9999 0.654206583968 0.584215673607 0.600100235106 0.60139220648 0.666744761948 0.582532634771 0.537995012085 0.460185258211 0.555969637698 0.534058967756 0.394917299005 0.328453628697 0.471475055853 0.402023129131 0.425242717228 0.355751631126 0.263162211099 0.244253818948 0.230374645468 0.271945930255 0.244736688958 0.222104909236 0.181768522929 0.300836169831 0.271436949383 0.333923667211 0.293511539998 0.355186930437 0.30972022924 0.283491222316 0.370165547487 0.37037308223 -9999 -9999 0.369846725672 0.402734326236 0.38367958071 0.408221612127 -9999 -9999 -9999 -9999 -9999 -9999 -9999 -9999 -9999 -9999 -9999
-9999 -9999 -9999 -9999 -9999 -9999 0.848534122575 0.944532816341 0.709905638924 0.650735066065 0.525826084625 0.608876906096 0.691508311359 0.959942647994 0.390380557667 0.338582855073 0.354166360981 0.337227438879 0.292506523553 0.288366915406 0.302350565794 0.322159915786 0.289730154682 0.322187479631 0.282868473871 0.24592451532 0.171712021974 0.199082604412 0.231013025823 0.254829251676 0.25760613524 0.304017460701 0.271698107985 0.283215759997 0.305125161722 0.33783538717 0.296256030742 0.245631275339 0.363328128307 0.350909506944 0.347860754519 0.424532811022 0.272159117352 0.219788101119 -9999 -9999 -9999 -9999 0.295997326245 0.255970735465 0.286895523548 -9999 -9999 -9999
-9999 -9999 -9999 -9999 -9999 -9999 -9999 0.76259069047 0.609270955868 0.759888116312 0.729429068667 0.615495393291 0.500212513465 0.381958812568 0.337022871246 0.486493956603 0.477660315323 0.46535619876 0.441885010316 0.347589676535 0.277478819647 0.280245494956 0.268697330727 0.272127203594 0.253159361657 0.222239944254 0.20840730147 0.233848265187 0.257844145612 0.243923769782 0.259346091227 0.265236615866 0.288891970391 0.282905963049 0.348191525554 0.344764344384 0.331567470427 0.323286860298 0.354163238873 0.353296443904 0.281514952433 0.228589530215 0.141673994368 0.134293705256 0.106757082389 0.117371893052 0.140280874338 0.104617997441 0.0947847922886 0.132070140012 0.181372116061 0.157469090691 -9999 -9999
-9999 -9999 -9999 -9999 -9999 -9999 -9999 -9999 0.57415342168 0.522934799139 0.595875187218 0.704552688642 0.589579032711 0.671348731808 0.583145361931 0.509576404369 0.36252696003 0.364969269723 0.291819465519 0.339810912795 0.442271883043 0.41590200992 0.123044120477 0.0586380346976 0.057573305652 0.055011575396 0.104337364387 0.229518362199 0.202767560688 0.145472504581 0.214974851196 0.210356625554 0.24208100802 0.211783335624 0.267950668504 0.304859706712 0.318934761781 0.333617579542 0.31589664809 0.306924420213 0.277933967114 0.163979703769 0.11809957704 0.101220941845 0.0983451710707 0.084462934895 0.0939427293084 0.0766308979525 0.0654217813149 0.101442730742 0.150276271126 0.159884289411 0.144061325763 -9999
-9999 -9999 -9999 -9999 -9999 -9999 -9999 -9999 0.787420166571 0.633227983634 0.529267828749 0.534870517995 0.498709263025 0.493057608658 0.396828839986 0.384041359468 0.348771915136 0.381967906563 0.340349535255 0.378062816154 0.406605210291 0.402154114313 0.121153411206 0.156218973763 0.097411576696 0.0481971789716 0.067010888763 0.133513142046 0.188801118672 0.15443321101 0.169188956254 0.185644306133 0.181238392356 0.196114276584 0.285385164876 0.347638917813 0.348612539298 0.320208220075 0.315136203754 0.308689436299 0.310715930354 0.144359887909 0.104158622548 0.103893517996 0.0848654529069 0.0833092974788 0.0919239895613 0.0800306619058 0.0722292653092 0.17190940644 0.156686514627 0.157665584326 0.187157719419 0.231462265527
-9999 -9999 -9999 -9999 -9999 -9999 -9999 -9999 -9999 0.921826958492 0.704149720409 0.505001067059 0.50771765242 0.522103376235 0.448992718994 0.454226253366 0.510771188502 0.563859473152 0.548381280221 0.550319280834 0.484940447619 0.334422308606 0.225278375831 0.310894940725 0.173739866717 0.12598726922 0.062646973735 0.0410068086306 0.0526941908936 0.197433111273 0.19905957743 0.200593035334 0.20607549934 0.155721074078 0.209282821943 0.240697656793 0.295785985885 0.277151342905 0.275080553684 0.278519141714 0.280599057353 0.265193914168 0.0885772317498 0.139363882088 0.0926973267591 0.0677241105657 0.0568788499921 0.0576939085938 0.110631089725 0.138022569314 0.132822885876 0.127399990227 0.158737893166 0.200719992253
-9999 -9999 -9999 -9999 -9999 -9999 -9999 -9999 -9999 -9999 0.579558338118 0.591889369789 0.488844014164 0.51525886556 0.400435059695 0.354319786104 0.304837967582 0.441928439337 0.338023919851 0.268167315763 0.244402861673 0.234893252451 0.189517031292 0.0906076317327 0.076884233587 0.151368486371 0.135758193081 0.062235655367 0.0332000657971 0.0486789152316 0.20754981697 0.208870249428 0.247133818216 0.205156808803 0.275340266788 0.260676551305 0.287441310286 0.277442108044 0.277583834078 0.279470236883 0.296262346598 0.291378581602 0.160563281896 0.0767338035707 0.135586507987 0.156408101785 0.110780295795 0.0742132664623 0.169889675757 0.162610050037 0.157658695074 0.150669655209 0.126392050712 0.187757923027
-9999 -9999 -9999 -9999 -9999 -9999 -9999 -9999 -9999 -9999 -9999 0.847415642153 0.485344842804 0.461045679955 0.3960904904 0.318756664698 0.315293633559 0.308048224681 0.25488298851 0.297347894345 0.329209733986 0.319218789501 0.222625805841 0.157030139125 0.0831604370316 0.0289714258171 0.0708351627347 0.111728720764 0.0872474639712 0.0716028986719 0.0342095557528 0.137060292633 0.187407521431 0.198018784877 0.188979763031 0.172556944562 0.244589562601 0.242574790279 0.26501085119 0.264801480941 0.291418768709 0.259906543822 0.277989479809 0.112959738973 0.0611796511406 0.066871200154 0.0653750889297 0.0849306092472 0.0872044132821 0.174980814431 0.140985272587 0.187362656708 0.196219361034 0.182260819611
-9999 -9999 -9999 -9999 -9999 -9999 -9999 -9999 -9999 -9999 -9999 0.631485906997 0.447849706092 0.388540888655 0.41212083082 0.346025005969 0.247604019998 0.230725393051 0.298235881871 0.30280791165 0.292248629209 0.343082856713 0.206103856935 0.181415843455 0.193067113738 0.24600224786 0.0934767196612 0.0526413420487 0.0456775168599 0.0554583961334 0.0797643772317 0.0777638906351 0.0334711296658 0.0336451267566 0.0480043901456 0.151337242628 0.243457482327 0.248295293185 0.25713598712 0.252645107602 0.293936698698 0.300918191783 0.254902007928 0.263338912892 0.136025736224 0.0899454571518 0.136093196139 0.163661313068 0.134284264085 0.0749508949343 0.0893495175355 0.0694013908077 0.0460087760956 0.157978836646
-9999 -9999 -9999 -9999 -9999 -9999 -9999 -9999 -9999 -9999 -9999 0.679639007484 0.566376494506 0.5151550216 0.341397799033 0.357208819463 0.252006800919 0.182488974206 0.21166824654 0.253932935525 0.249716658701 0.257256727963 0.206929465526 0.149848055908 0.163800589939 0.169259341277 0.158470585574 0.154275443728 0.165411720693 0.0767840150504 0.0363292170677 0.0612863727634 0.144647209328 0.109557806157 0.0438192908308 0.0200507223457 0.0344866183183 0.0186355650639 0.166533865768 0.191654957944 0.266245752138 0.269193040543 0.303877892531 0.341942879391 0.382633946733 0.301759801786 0.101360838009 0.0833913632206 0.0793454557579 0.090556507363 0.0771736808897 0.0963526582721 0.0956512645211 0.0923896109985
-9999 -9999 -9999 -9999 -9999 -9999 -9999 -9999 -9999 -9999 -9999 -9999 0.404992257013 0.481265621178 0.430490544584 0.377970560239 0.3003580751 0.246207325085 0.190380947716 0.273056081853 0.260345162785 0.241193001761 0.227173289594 0.223268851105 0.181337558249 0.186513612343 0.162181775325 0.169337157217 0.16333607568 0.153921984714 0.165921174597 0.175674484245 0.102716180256 0.0343499848427 0.0584015932808 0.0497851027378 0.0439277809588 0.0256974078228 0.0260601484864 0.247300331229 0.286904250325 0.263274845471 0.372556350527 0.429578760526 0.453115406721 0.446722154351 0.13752068137 0.0854606542453 0.0528107221362 0.0688459647462 0.0733580869686 0.0507502875391 0.0356686185773 0.0340893511785
-9999 -9999 -9999 -9999 -9999 -9999 -9999 -9999 -9999 -9999 -9999 0.565467223483 0.52341294287 0.583689967167 0.562099148082 0.659246261102 0.330308882145 0.327774446886 0.239514042231 0.28335545214 0.216669971407 0.211991481534 0.183170812487 0.189071518925 0.182013451315 0.178287448934 0.149815230081 0.138485700177 0.138871771582 0.132934469651 0.139799474755 0.146594832465 0.153154897954 0.151078698991 0.179268654614 0.0283833731107 0.0433404236917 0.0190341065838 0.0192488285255 0.156188494717 0.250536887804 0.210459790801 0.352897516224 0.414932650385 0.494740188677 0.489249661691 0.364198926375 0.146311397034 0.0807358016108 0.0807097208567 0.055866722923 0.0320286514695 0.0251291884386 0.0255239293676
-9999 -9999 -9999 -9999 -9999 -9999 -9999 -9999 -9999 -9999 -9999 0.608524262626 0.737885458986 0.692460112729 0.463537262728 0.432880701531 0.36616298973 0.349286013718 0.282509130354 0.297907394349 0.277912096354 0.296880803147 0.204036514406 0.20534624908 0.193927265745 0.179248093462 0.145652774604 0.17169384292 0.147263065214 0.207637828368 0.203843093995 0.150489212014 0.149874519928 0.151233632506 0.173706618002 0.0212581289036 0.0269735212899 0.0539157871826 0.0343673913061 0.0501013916919 0.218277384488 0.207060002183 0.257389858013 0.292757352177 0.293690410805 0.278854307005 0.310897744504 0.295574221065 0.167593067024 0.124970520907 0.0590218579092 0.0655294681289 0.0500853633678 0.0440970850664
-9999 -9999 -9999 -9999 -9999 -9999 -9999 -9999 -9999 -9999 -9999 0.862647149219 0.799472748505 0.642471674369 0.615682364996 0.59091010355 0.338078766739 0.358935166911 0.334306861506 0.374063822835 0.219915020417 0.351608970214 0.193672987972 0.138853645943 0.0766720347425 0.0762020410356 0.0904997078959 0.0909895238949 0.0757901400523 0.0840461085631 0.100719247275 0.207261963951 0.232057800361 0.212737068717 0.183790932914 0.0141876872703 0.0090882378977 0.00535234275812 0.0255199975638 0.0205076649594 0.234845464085 0.250347569401 0.204260364894 0.154116787537 0.151967266901 0.152761634411 0.21506098711 0.220929478849 0.208509751488 0.198081125893 0.0600524652157 0.0398100806781 0.0255140048809 0.0240650083466
-9999 -9999 -9999 -9999 -9999 -9999 -9999 -9999 -9999 -9999 -9999 -9999 0.842206848168 0.767434036775 0.573768560391 0.494415102806 0.389317632055 0.415392853197 0.335839188255 0.373254598774 0.299486814542 0.383344846715 0.0956438917252 0.0666217254674 0.065211368878 0.0629701747698 0.0447647244379 0.0503219338667 0.0431939845903 0.03362602573 0.0280352435052 0.0561260472008 0.138649241761 0.151351908339 0.16668881738 0.0169967166443 0.013438310527 0.0085104837374 0.0297617605918 0.0366316988113 0.232591495065 0.212132175253 0.22082246861 0.164574054912 0.162484785922 0.157987707481 0.177167627105 0.205510161655 0.18827839208 0.192477547498 0.16364252006 0.0633340319427 0.0366562381838 0.0398678558773
