data/recharge/transience/recharge352.asc
ncols                  80
nrows                 72
xllcorner      4374000.0
yllcorner      5656000.0
cellsize            500
NODATA_value       -9999
[rows 0 to 25 of 72, columns 0 to 56 of 80]
-9999 -9999 -9999 -9999 -9999 -9999 -9999 -9999 -9999 -9999 -9999 -9999 12.392489916 12.681173005 -9999 -9999 -9999 -9999 -9999 -9999 -9999 -9999 -9999 -9999 -9999 -9999 -9999 -9999 -9999 -9999 -9999 -9999 -9999 -9999 -9999 -9999 -9999 -9999 -9999 -9999 -9999 -9999 -9999 -9999 -9999 -9999 -9999 -9999 -9999 -9999 -9999 -9999 -9999 -9999 -9999 -9999 -9999
-9999 -9999 -9999 -9999 -9999 -9999 -9999 -9999 -9999 -9999 -9999 -9999 15.4923101147 13.6204578887 12.3014301463 -9999 12.3483695971 -9999 -9999 -9999 -9999 -9999 -9999 -9999 -9999 -9999 -9999 -9999 -9999 -9999 -9999 -9999 -9999 -9999 -9999 -9999 -9999 -9999 -9999 -9999 -9999 -9999 -9999 -9999 -9999 -9999 -9999 -9999 -9999 -9999 -9999 -9999 -9999 -9999 -9999 -9999 -9999
-9999 -9999 -9999 -9999 -9999 -9999 -9999 -9999 -9999 -9999 13.893580353 13.5286984316 14.4077049668 14.4915766699 11.5061815743 11.2427106684 10.0991243021 10.2853226787 -9999 -9999 -9999 -9999 -9999 -9999 -9999 -9999 -9999 -9999 -9999 -9999 -9999 -9999 -9999 -9999 -9999 -9999 -9999 -9999 -9999 -9999 -9999 -9999 -9999 -9999 -9999 -9999 -9999 -9999 -9999 -9999 -9999 -9999 -9999 -9999 -9999 -9999 -9999
-9999 -9999 -9999 -9999 -9999 -9999 -9999 -9999 -9999 13.9599508609 13.8004775765 13.6255882143 12.9114569038 13.361631472 12.1875523849 11.8207645434 11.089454559 12.4621638052 -9999 12.5393421943 -9999 -9999 -9999 -9999 11.1924409205 11.8592709235 -9999 -9999 -9999 -9999 -9999 -9999 -9999 -9999 -9999 -9999 -9999 -9999 -9999 -9999 -9999 -9999 -9999 -9999 -9999 -9999 -9999 -9999 -9999 -9999 -9999 -9999 -9999 -9999 -9999 -9999 -9999
-9999 -9999 -9999 -9999 -9999 -9999 -9999 -9999 17.1946217712 15.6867627333 13.4701411652 13.4063094375 12.455629168 11.8133112579 11.3394494933 10.9638762659 10.4148495273 10.1889499837 9.80678152744 10.3527758956 10.1342799728 10.6085910723 -9999 10.4829187144 12.5006296212 12.5108339216 -9999 -9999 -9999 -9999 -9999 -9999 -9999 -9999 -9999 -9999 -9999 -9999 -9999 -9999 -9999 -9999 -9999 -9999 -9999 -9999 -9999 -9999 -9999 -9999 -9999 -9999 -9999 -9999 -9999 -9999 -9999
-9999 -9999 -9999 -9999 -9999 -9999 16.9777661696 15.2653886635 14.2320744838 14.6649739157 14.7071665951 15.0691487427 13.3969859797 12.9235108606 11.2200220825 11.8584119 10.5517959457 10.1829125006 10.279009502 10.2339494237 9.89338234299 10.3542962606 10.6019836027 10.6277817007 11.5442067273 11.2724551614 12.033351457 -9999 -9999 -9999 -9999 -9999 -9999 -9999 -9999 -9999 -9999 -9999 -9999 -9999 -9999 -9999 -9999 -9999 -9999 -9999 -9999 -9999 -9999 -9999 -9999 -9999 -9999 -9999 -9999 -9999 -9999
-9999 -9999 -9999 -9999 -9999 -9999 17.4089119149 16.3930228213 13.8402076426 13.477867616 12.5974219405 13.0512288688 12.126294526 11.5054084681 10.421926847 9.7222399265 9.34778627414 7.44535679005 8.96593657915 8.44760307695 8.96057179172 10.1038023333 9.80601750712 10.1060464876 10.4656095848 9.95507684561 12.0292950348 11.9957356657 12.1543349466 11.6646190633 13.2742176284 13.2004508705 -9999 -9999 -9999 -9999 -9999 -9999 -9999 -9999 -9999 -9999 -9999 -9999 -9999 -9999 -9999 -9999 -9999 -9999 -9999 -9999 -9999 -9999 -9999 -9999 -9999
-9999 -9999 -9999 -9999 -9999 19.5686397994 17.7584884836 17.5316480447 16.0930267669 16.4868521678 15.2336797517 14.2422195456 11.7918772068 11.9083422138 11.2764144731 11.3667118608 7.5249464343 4.53517866311 7.445963312 8.61680375625 9.00205525943 8.70546751327 9.36538054009 9.62422825853 10.6800238011 11.0797168777 11.8143953157 11.2048509403 11.761392737 11.5691937902 11.3396103675 11.8076058453 10.9855795204 10.6673162292 -9999 -9999 -9999 -9999 -9999 -9999 -9999 -9999 -9999 -9999 -9999 -9999 -9999 -9999 -9999 -9999 -9999 -9999 -9999 -9999 -9999 -9999 -9999
-9999 -9999 -9999 -9999 -9999 20.0948211123 18.5998044497 18.7120742556 16.794466299 16.0483904655 15.1246195697 15.6944630991 9.27328268508 7.7996603418 13.4207554027 13.9772402616 8.73043141713 3.52951118001 6.0285567387 7.18680808031 9.04041587397 9.24030583912 10.3698296699 10.054086775 9.82407992825 9.07302663428 10.5124016412 9.73968368367 10.2697794713 9.73450613838 9.31921384492 9.97293060179 10.768727674 10.4048235832 10.7268148885 10.3873421778 -9999 -9999 -9999 -9999 11.1871455674 10.5749010925 -9999 -9999 -9999 -9999 -9999 -9999 -9999 -9999 -9999 -9999 -9999 -9999 -9999 -9999 -9999
-9999 -9999 -9999 -9999 -9999 19.4034577243 18.1672074332 18.1979479554 17.2184284669 17.908528882 16.4622335982 16.0144050548 14.0728817199 14.8527474674 14.2243996513 12.6971422789 10.5738452866 12.3525148907 10.9793628816 11.3998714049 10.2547540233 8.90989517546 8.89855269334 8.55887630802 9.6287197731 9.53381229347 10.1861889536 9.40122978569 10.7192406101 8.97045391796 5.75259723458 7.937917823 10.645913895 10.4598727989 10.2937482148 10.710005174 10.6535676596 -9999 -9999 10.9960480972 11.4727383011 11.1820526058 11.9464094567 -9999 -9999 -9999 -9999 -9999 -9999 -9999 -9999 -9999 -9999 -9999 -9999 -9999 -9999
-9999 -9999 -9999 -9999 -9999 -9999 20.3924656702 20.6118307991 18.7864620654 18.4883020209 16.3903861374 17.1769947604 17.0916876406 18.1509752094 12.9900180991 12.2316565536 11.7404909351 11.5151638755 10.1659015346 10.0656318765 10.0875524513 10.4056923087 9.88829421456 10.5086379414 9.82837993294 9.03665615708 8.53849275366 9.23058217395 9.05006104896 8.94469298623 8.40184640237 9.60239304426 9.52579086824 9.44691027917 9.96786565213 10.0691642139 10.4347556113 9.97101176644 10.7249371133 10.4882482367 10.4402804378 11.7604544759 10.470095245 9.66449793811 -9999 -9999 -9999 -9999 12.3417802603 11.5142344811 2.56195059651 -9999 -9999 -9999 -9999 -9999 -9999
-9999 -9999 -9999 -9999 -9999 -9999 -9999 20.1021146793 18.0557278596 19.0621395444 18.2385715193 17.4096843498 15.3081898419 14.0006978176 12.9966637861 14.7404221236 13.3797863526 13.1312472261 12.3241729733 11.0327034241 9.60073714843 9.63921002136 9.4756153585 9.56960310055 9.18737236475 8.3877132453 8.82621345571 8.96165705824 9.0910879196 8.76191604522 9.24581177908 9.10785876623 9.66108217002 9.21365329671 10.2619205751 10.2116410996 10.8061181427 10.6710203705 10.5701146922 10.541530187 9.86724680065 9.77734296195 9.08935388046 8.27351427474 7.36304978068 7.98289859252 8.64276532186 7.67794848825 7.53126546817 9.38130295992 8.99815587839 6.82420485077 -9999 -9999 -9999 -9999 -9999
-9999 -9999 -9999 -9999 -9999 -9999 -9999 -9999 18.0030525205 17.5461547803 17.8410941584 18.6679530612 16.9042701144 17.7894606612 16.5314671061 15.6248635119 12.6531948632 12.7526623574 10.9018643953 11.6883855215 13.1278727121 12.7972611565 11.0378093932 8.73590526082 8.08668381413 8.42997380641 8.35956836338 8.4613837319 7.78510291359 7.18206711946 7.82218895383 8.10981593077 8.31542386507 8.10592002035 8.89741063425 9.21772550421 9.65618730463 9.97816631092 9.64261703629 9.63540930944 10.0296932488 9.09519253499 7.13376577919 6.65124611401 6.44821299561 5.99323815999 6.75259304418 6.14209949397 5.83531749944 7.70894091275 8.24018050073 8.63517185485 7.44272051378 -9999 -9999 -9999 -9999
-9999 -9999 -9999 -9999 -9999 -9999 -9999 -9999 19.6606509495 18.6662616315 17.0954539148 17.204309332 16.0105798758 15.9593143959 14.0607293305 13.7964919042 12.4466827628 12.9966451059 11.7118123268 12.2663331694 12.7267566593 12.6311490503 12.0640387011 11.8990241575 9.75716861842 7.53500163944 8.82370382266 9.55093383344 8.54234214652 7.55067496563 7.16088194479 7.73883866755 7.54794222256 7.92193342961 8.85745093732 3.68362498183 10.2682267555 9.70871010491 9.61996268778 9.48153388539 9.38646404239 8.6159612004 6.74859410649 6.73056248227 6.01206417403 5.95677893244 6.68570741789 6.26845853919 6.38873272429 8.65664373063 8.46969842752 8.50511766426 7.93019906687 8.652605255 7.42148792235 7.91377954252 -9999
-9999 -9999 -9999 -9999 -9999 -9999 -9999 -9999 -9999 20.2605987976 18.9430516747 17.316658917 16.7848309631 17.0094453947 15.4815366124 15.5556002119 15.7837587858 16.1596595905 15.8787923569 15.9947768719 15.0728593511 13.2906188004 13.263346873 16.9743902392 12.6237834449 11.4877374203 8.46339847407 7.38881349113 6.81181586714 7.70306026501 7.49765556713 7.73705356043 7.60216169263 6.9678123589 7.51793964571 6.88334320426 9.25256210983 8.80429724222 8.51283555165 8.59916172069 8.39527115088 8.60075242979 5.86381634432 7.09717577026 5.63312584724 4.9260846765 4.45181748018 4.58234118952 6.5908091501 6.73954354075 6.98941430198 6.76825763566 6.90728308329 7.44443583114 7.96203640404 5.53884406727 4.18207442165
-9999 -9999 -9999 -9999 -9999 -9999 -9999 -9999 -9999 -9999 17.9722151164 18.1600550118 16.5413416791 16.8584043539 14.8083491225 14.1082768681 14.6474140549 16.4122446438 14.9512982284 13.7091695573 12.69290413 12.6069827223 10.9526690097 12.1876218929 10.0855337911 11.8588445304 10.2579512713 8.44227729992 6.13964493886 7.33154790356 7.43218220593 7.47000330422 8.16967623164 7.37837421706 8.92696515422 8.39744353191 9.05532547796 8.81092978889 8.57733503923 8.62542151616 8.78300983378 8.64342462198 7.25135666904 6.150140931 7.50082856957 7.47726277555 6.26602033236 5.12888684385 7.2908756706 7.22987629717 7.87914250579 7.61675407538 6.76900569065 7.34347190327 6.87816058552 5.24837269503 4.12855783983
-9999 -9999 -9999 -9999 -9999 -9999 -9999 -9999 -9999 -9999 -9999 9.58723559153 10.8160399578 16.631140541 15.2781039887 14.7823237368 15.6554068251 15.5603557167 13.1525423002 13.4097198773 13.3952702246 13.4095795141 11.6680948114 10.4423424171 9.8195104661 7.6504433552 8.69894561216 10.9902402466 9.86508891699 5.23351298673 5.53508550541 7.20469219789 7.16798367622 7.49220958866 8.03606456992 7.28260335481 8.05234836749 7.99545810533 8.34529280277 8.34117031846 8.56398998267 7.76452186235 7.95115736483 6.67126214685 5.29372238972 4.81944743372 5.47163878945 6.24484817598 6.15816559893 6.95026292065 6.643053822 7.43258891513 7.37313796363 6.72792605742 5.87564611444 5.96677128023 4.39861282492
-9999 -9999 -9999 -9999 -9999 -9999 -9999 -9999 -9999 -9999 -9999 8.43977308452 11.7327897708 15.514046865 15.398993157 15.3884629786 14.24461412 13.5319041446 12.9249768674 13.0120811332 12.5354140812 13.5409045853 11.2413691428 11.2149876035 10.1435847666 11.0055189505 10.112744971 9.80226700011 7.72722427936 7.78576619766 8.46337123761 7.80174113277 4.88146001588 5.72996372241 6.54169431851 7.28229243222 8.01880742652 8.15604571005 8.13134347542 8.03544242663 8.00411534176 8.83807840069 7.3633907838 7.56533919842 7.10363946158 6.22469047128 7.70651616878 8.71569196226 8.11286252134 6.1271997184 6.7463726293 6.61851813506 5.23702288621 7.49700201447 7.38160722132 6.57784095971 6.1885573839
-9999 -9999 -9999 -9999 -9999 -9999 -9999 -9999 -9999 -9999 -9999 19.8979270416 18.2278245639 17.7261224147 14.4995622501 15.4743875737 14.2507774933 12.6322501809 11.8408553811 12.256107538 11.8900408289 12.0797287398 11.1371687901 10.4272870763 8.91661941787 8.71997260583 8.11356404645 7.94600063382 8.05068780942 8.17027156129 7.43811499813 9.05546684444 10.1157008973 10.0882136501 6.22860032321 4.10052694142 5.085487606 4.03645526307 7.28448449743 5.21658734676 4.56352999898 8.26872882016 8.91178613229 9.78669025626 10.6701769146 11.4907026676 7.56060226271 6.89099636414 6.83102080613 6.8538963837 6.19497466215 6.9205117193 7.51219349295 8.61447598417 9.1418280041 6.48859582466 5.26722017059
-9999 -9999 -9999 -9999 -9999 -9999 -9999 -9999 -9999 -9999 -9999 -9999 16.4776995896 17.2640885579 16.0219398801 15.0775839164 14.120510576 13.8764104907 12.4508520835 12.4779986885 12.1955106979 11.6764572778 10.9815135931 11.1070875532 9.1551589647 9.33464316988 8.25955659554 8.53440301362 7.95705180644 7.59355338099 7.5659120366 7.92011033576 7.54435255583 6.89374877998 7.36986724308 3.05776838876 5.9573098929 4.39203877854 4.76712161379 7.97046931155 8.75793883942 8.14576157222 10.3880917584 11.4034489957 11.9242056002 11.8129697149 8.85983083703 6.97267681713 5.54648506989 6.1817002462 5.82931576151 4.96488346054 4.44251664205 4.50682680393 4.17622962086 5.55734361584 2.62560177816
-9999 -9999 -9999 -9999 -9999 -9999 -9999 -9999 -9999 -9999 -9999 19.4108172616 18.8845563413 19.1063204803 18.3959576715 10.1407650066 12.2696322694 14.6608746979 12.8451693054 12.8986618261 11.1152739879 10.9723718526 9.79371953742 10.005228403 9.53911249901 9.40908947686 8.05506326358 7.75186442485 7.58725892835 7.3255947686 6.88765164257 7.16869371448 6.78128004432 6.6984838835 7.24243731675 5.82569219086 5.77216352881 3.66850131402 3.38078443554 7.06588117798 8.19895707679 7.61700277217 11.3965765989 12.6182137103 14.3439448543 14.246100915 12.7104358405 10.2943062869 7.34075649501 7.38969070093 5.6513732179 3.83865724522 3.45805085077 3.48979732774 3.30297708883 3.69323899603 5.37818254067
-9999 -9999 -9999 -9999 -9999 -9999 -9999 -9999 -9999 -9999 -9999 19.9088549008 20.5326650877 19.9590106811 17.3324117893 12.2365904661 14.9390810218 15.2278798828 13.0055923177 13.2081878959 10.2430165407 10.2969026261 10.3350521753 10.5146008149 9.93443386897 10.0678679471 5.3779699418 6.14939734298 8.07385955855 10.0867117801 9.26520826098 7.32673691483 6.65068012501 6.70453576544 7.04234509836 5.01138315983 4.29585314751 5.78183763646 3.89394753344 5.97787882826 7.23060266127 8.00017288814 10.3104846494 10.5418788303 10.9748223467 10.4813329325 11.1452500681 11.3860484025 9.75882408085 9.1101140812 5.48650451991 5.7572566624 5.08618055864 4.80169708972 4.58661222581 4.20152017854 3.23253997683
-9999 -9999 -9999 -9999 -9999 -9999 -9999 -9999 -9999 -9999 -9999 21.5350742695 21.2890192917 20.0245793946 19.5277063489 19.2990693593 16.3635621306 17.2966724978 15.523856615 15.6396978135 10.3351374697 5.12549010972 10.705692199 12.9699023048 9.68570642626 9.67299188756 10.2197304148 10.0626814497 8.39361402415 7.73268817431 7.63388284846 9.91944343667 9.95848581067 9.38554759513 7.64564218228 3.9596172311 2.78693260394 2.09634601465 3.71879519052 3.80815535404 8.60989288072 9.2801818506 9.1053687135 8.21105627795 8.5825525758 8.62539544973 9.34673330121 9.47157325976 8.84545749131 8.43226353532 5.90888082271 4.13687728811 3.35337591445 3.23508982987 3.14322297739 3.53580069591 4.40540745862
-9999 -9999 -9999 -9999 -9999 -9999 -9999 -9999 -9999 -9999 -9999 -9999 21.78885157 20.9160090032 19.3781601521 19.0720890185 18.1747151158 18.008916221 15.3351014308 15.6978811228 14.7695799187 15.5818313063 11.4379389149 9.70692420133 9.13387155848 9.01279816324 7.51136486964 7.88231308416 7.04243324391 6.29858205523 5.28318102201 6.67980364836 6.58317894752 7.11980009737 7.01384985316 4.28261305505 3.35486206543 2.52257645788 4.45235759417 5.61526743347 8.47625994402 7.85019712297 8.83478731206 8.06455536795 8.74831999917 8.81416182304 8.654418775 8.88874949929 8.07928314301 8.28921538528 7.28050890478 3.38626733233 3.68497963765 5.33643097113 3.61872229724 3.72579301165 3.55040301002
-9999 -9999 -9999 -9999 -9999 -9999 -9999 -9999 -9999 -9999 -9999 -9999 23.6415705467 21.7961945141 20.6113307651 21.2458590769 19.0551000302 19.4523373736 17.7428446213 16.6103606266 15.4934385546 14.7650519641 13.5386912865 13.3328064917 10.9244803912 11.735557016 11.737964401 10.9196653676 8.95275100274 10.603551691 8.60149445015 9.10748038875 11.4318992031 11.2911098823 7.21058315678 4.72648624671 3.47503640243 4.94515642709 6.68036697488 5.77195255892 9.08485096324 7.74816277187 7.14417222204 7.05449150317 7.30466651325 7.27647313559 6.95403918621 6.99457243098 6.43506725641 7.03800868144 6.7130448775 5.65793677468 5.54978708983 2.63592770498 2.0185329651 2.65757966728 1.98686724015
-9999 -9999 -9999 -9999 -9999 -9999 -9999 -9999 -9999 -9999 -9999 -9999 22.6473572642 22.1185642543 20.5788360823 21.6201459589 18.8792173722 18.4516912622 16.9817924933 18.3924257373 15.9008176434 15.0603016994 13.4454293008 8.03506292747 9.99821992311 12.4721338352 12.0956137815 11.3188146539 9.23964680337 8.33001031649 7.1391727197 6.68614969227 7.14597489659 7.62490492232 4.15202428342 5.30679993733 5.99473611568 5.23038452873 3.99829186495 4.50329434096 4.10165113862 4.03588241264 6.14432899117 7.19956210618 7.08583390678 7.2711607692 7.48829505004 7.43618730906 7.45332099238 8.06067927056 7.86783177418 5.38875202073 2.63942412421 2.07045135095 2.17801288486 2.2744061128 2.29046922167
