data/recharge/transience/recharge298.asc
ncols                  80
nrows                 72
xllcorner      4374000.0
yllcorner      5656000.0
cellsize            500
NODATA_value       -9999
[rows 25 to 49 of 72, columns 0 to 56 of 80]
-9999 -9999 -9999 -9999 -9999 -9999 -9999 -9999 -9999 -9999 -9999 -9999 20.2402918339 19.7359869582 18.8144856375 17.1872446591 13.6291261813 14.1050867813 12.3154240653 13.4654494736 12.3860166872 12.8283302971 11.3998449983 8.91387856086 9.78789940094 11.1232386712 8.48560952051 8.66737642909 6.85455079202 5.83671996629 4.98459978941 4.54709984333 5.16123010964 5.40416153916 2.11542020934 7.87658245464 7.30187737054 3.8969109399 2.54081233542 3.37660967807 2.98845726771 2.50258436255 4.43406815679 6.3787964942 6.15567343213 6.26592598444 6.22213749141 6.19298406966 6.06056692217 6.43193586442 5.82104797642 3.21383619574 1.62320188187 1.22976252942 1.24728843166 1.35039479052 1.3326740356
-9999 -9999 -9999 -9999 -9999 -9999 -9999 -9999 -9999 -9999 -9999 -9999 -9999 18.8619771208 19.4490408045 19.8960086091 16.5745970922 15.8165531789 13.395699929 12.5527215424 12.2934992548 13.5691923685 14.577111661 14.9174718867 10.4881579642 8.27886528244 7.7302756603 6.3448022871 6.32084464658 6.99462694226 5.68086381505 5.21616337272 6.77505980066 3.01758647736 2.01567180495 4.828964136 7.5393179115 2.88538510563 3.81838025654 2.71604506478 2.28997358039 2.82714973949 1.62476540056 2.23105536624 2.517219387 3.54726130137 5.24002203381 5.08366561577 2.48141393195 1.41886957797 1.13206208851 1.21512650734 1.37472861247 1.87552538506 3.33620624073 1.0488619584 1.03738256122
-9999 -9999 -9999 -9999 -9999 -9999 -9999 -9999 -9999 -9999 -9999 -9999 -9999 -9999 17.2358782689 17.349667717 15.3156871786 14.0539837215 13.1146241608 13.9878871419 12.2217004191 14.6930462835 13.7328385362 11.766505078 8.25895345252 8.37837618898 9.01220163834 9.62857362924 7.00702682304 5.7122361501 5.84167851596 7.95774623283 8.64069305199 4.61572362742 2.81522877884 6.4154588195 6.54328503204 3.08009384355 2.93219949653 3.0056277718 3.13322197626 2.45884538295 2.73636656094 1.944599232 1.3449663208 1.61343324286 1.28603470068 1.40111808063 1.14721395335 1.4198876303 1.30599864391 0.956285750561 0.908068263986 1.84034904816 3.89749874022 5.64265083038 4.20072775885
-9999 -9999 -9999 -9999 -9999 -9999 -9999 -9999 -9999 -9999 -9999 -9999 -9999 -9999 7.61130631856 14.9150782013 15.418833432 14.359855096 12.9207865774 13.5970829499 13.2944419177 13.9357819464 11.292796338 14.2148872165 12.7386203488 12.3951441463 8.29684762992 8.94020608013 10.102882833 9.79650268547 8.98035656673 8.35668970221 8.12103742311 8.15185762826 3.49628590352 5.42219868223 6.07491266434 2.16521974713 2.74773869914 3.11705648183 2.0698333685 2.32396970252 2.22488043992 2.44312861811 1.92956372357 1.47810650765 1.21512570999 3.13931623127 3.40840513376 1.19304241181 1.56929874188 1.87891815456 2.15286573597 3.64517355556 4.76071911827 5.24598366819 5.01524678119
-9999 -9999 -9999 -9999 -9999 -9999 -9999 -9999 -9999 -9999 -9999 -9999 -9999 -9999 12.2069547334 17.0487434899 17.8620392822 15.3254722727 14.4936836186 14.3496801783 12.6531004204 13.772014645 13.5283174561 12.76275316 10.4920739486 9.78989068475 10.1431519265 10.9216117961 8.82819226214 9.66133757966 8.9112671574 8.6511074494 7.72101845866 5.44000251479 8.94283958541 4.75321615527 5.56828529668 2.54182326032 3.14460647181 3.15762611572 1.95826095711 2.34668737816 1.93852683702 2.00407618684 1.34409837523 1.52452408983 1.08137790927 1.57729788864 3.32655048922 3.67402660115 2.45222214895 1.07180290339 1.7039014702 1.33952300409 1.09040184362 1.63294659707 1.88398229725
-9999 -9999 -9999 -9999 -9999 -9999 -9999 -9999 -9999 -9999 -9999 -9999 -9999 -9999 22.8078860154 20.8088233474 19.9784877418 19.3870577711 17.2471590107 18.7518804477 14.7647232293 14.0616672373 13.7705250728 12.3714219484 9.15601480656 10.051577721 8.8850175653 11.7800918781 9.96079523456 9.46336892007 9.12429242259 9.96874980436 8.84419367324 9.08449319282 4.8574105894 4.89116435697 4.33775902542 6.74381790857 3.60739702057 4.48316111194 1.58323767194 1.54489974206 1.37549255661 1.52669734086 1.18197125767 1.16447232865 2.00142829932 2.06174942619 4.9608101814 6.03002297829 3.52425502861 4.52681359132 2.52161735111 2.99771067279 2.71797169583 2.10353544662 2.46729061932
-9999 -9999 -9999 -9999 -9999 -9999 -9999 -9999 -9999 -9999 -9999 -9999 -9999 -9999 -9999 18.7439179743 17.9207695138 16.1978580971 16.8025943275 14.9343842896 11.5893726946 11.9926671612 12.9752634816 12.8179258633 9.07831089828 10.4979031373 9.12385945498 9.79769088397 10.3025249781 9.29733322687 7.78717993748 7.69932497878 6.79726977698 9.24072922436 5.11379299761 5.14548731411 4.71525311081 4.65438554229 4.37848229328 4.1114412177 3.47629857595 4.40321986094 0.441310258967 0.650286887675 0.960127497231 0.684334125599 0.406768487212 0.448198991679 0.849291579531 1.39999188822 1.1797407026 1.02402981327 1.84172354164 3.89561658195 3.59009857969 3.50399031836 2.69660380706
-9999 -9999 -9999 -9999 -9999 -9999 -9999 -9999 -9999 -9999 -9999 -9999 -9999 -9999 -9999 -9999 17.4495004136 14.8688016881 15.1810217465 18.4803223019 16.774070367 15.4651151515 11.9735507453 9.88873576017 9.52161696854 8.99598447731 7.64311269811 8.07970521087 9.7469950629 9.63000770327 8.81933290566 9.76400424996 8.15866611818 6.03142559159 4.79300138311 5.11422515579 4.85132090983 5.11015961632 4.8767406429 6.16708264876 7.97632701233 7.6190158355 4.47336769875 0.824635661916 0.35519314391 0.258333291981 0.207950625156 1.26716220555 1.10002027362 0.804347582778 1.19916898034 2.18058995142 1.45570327339 1.12528349879 1.37873472016 1.17957738146 1.09267125582
-9999 -9999 -9999 -9999 -9999 -9999 -9999 -9999 -9999 -9999 -9999 -9999 -9999 -9999 -9999 -9999 16.8806679685 17.849382596 18.5822042749 16.4311819416 13.3622652283 16.0023058239 13.5766537252 10.3035630764 9.37551988455 10.3098064317 8.2196635982 8.1442420012 9.49570964422 8.99510879767 8.70718546379 8.11643027866 8.68537643657 7.10964434234 6.22076898537 4.96783102346 5.98077593003 5.20597931475 4.82542735798 4.85331293195 5.2230492835 5.62044499665 5.73980997231 3.98200858844 1.61882885123 0.78267743797 0.970492427259 2.49087188963 0.772686675164 1.03104347439 1.57532223567 1.69183602518 2.45288444804 2.70854987102 3.71926373819 2.18619332756 1.10559199632
-9999 -9999 -9999 -9999 -9999 -9999 -9999 -9999 -9999 -9999 -9999 -9999 -9999 -9999 -9999 11.5099304099 11.8280977175 13.1065198517 14.9990268373 14.5618494994 13.5730767075 13.8627054853 11.7921098219 10.0965268371 8.47004631292 9.10043426008 8.02142887442 8.22528392578 9.40384279214 9.20300865156 8.29819581258 8.50713351777 8.23127106707 6.99067617863 6.61544824623 4.48002621502 5.10145135992 6.00048455415 5.52660583774 3.99795145908 3.26808552199 2.04609639731 0.934484006434 0.902791226724 1.01028507628 0.592581532295 3.33952213736 3.54465214749 1.28610714815 1.65993172282 1.16017717361 0.848169224327 0.954858157922 1.1044090727 1.23830131374 1.29027984945 1.61572174638
-9999 -9999 -9999 -9999 -9999 -9999 -9999 -9999 -9999 -9999 -9999 -9999 -9999 -9999 13.3184709221 12.7464968094 12.3322286786 11.8206038829 11.8663149437 13.4667418344 11.8673962492 13.2388026367 10.5127818207 10.9363580693 8.50431120498 8.06449455063 7.06440419064 7.88289252772 8.74745569604 8.74115089611 7.51464504189 7.66564257474 5.38181151626 4.75408946549 4.22999295411 5.78653097601 6.43542793864 5.31378945737 0.551148413142 1.95373535572 2.582517237 0.636941361802 0.536123367355 0.624710523654 0.392514056375 0.322436173523 0.832782451162 1.29330590637 1.5748664658 1.17411791144 0.984649727344 0.972405814333 1.04938855637 1.01811573475 0.932801657754 1.01287975737 1.18490775043
-9999 -9999 -9999 -9999 -9999 -9999 -9999 -9999 -9999 -9999 -9999 -9999 -9999 -9999 14.6434240094 15.639860618 14.2175868108 10.9887081024 9.09782013487 8.79105139021 9.75955868981 11.4271098315 9.99014438894 10.5924458541 8.39458524325 7.10974248518 5.4901548083 5.95202117253 6.01822422233 8.42900005209 8.17444010129 7.10022714717 6.64181534976 5.70531935869 4.28042401066 6.46537400054 5.31810021963 7.33927472027 2.82019910016 2.96546098212 4.68891081427 4.06171162759 0.86409749623 0.719992094761 0.598446036838 0.294781374166 0.597353031572 2.03802678744 2.41344706542 3.15153735325 3.06046222301 3.00845274478 1.90424040499 1.56775553961 1.90773467194 1.78698289742 1.22058154812
-9999 -9999 -9999 -9999 -9999 -9999 -9999 -9999 -9999 -9999 -9999 -9999 -9999 -9999 -9999 -9999 14.5199611118 16.3149242456 16.2399052365 15.8957313321 12.3366760063 10.1952622603 11.4451411393 11.5076596912 8.93105555382 7.61599035689 4.19052928295 4.54859950842 3.75912432427 5.85195151682 6.33374935011 6.24227726976 5.84276861541 4.67662964918 5.07167372727 5.13988174917 5.01131166034 2.82030795958 5.18476664141 5.66702904081 2.73402367519 2.19028466378 3.91804855085 2.56955357098 0.374321450656 0.473076322012 0.407910083415 0.760602795846 1.35045907077 1.80100521306 1.69380987294 1.77112731612 1.51905854615 1.24010317518 0.77056856846 0.832574523037 1.40516437411
-9999 -9999 -9999 -9999 -9999 -9999 -9999 -9999 -9999 -9999 -9999 -9999 -9999 -9999 -9999 -9999 17.3036607563 16.3781687089 15.8043786227 11.440427225 11.9991801866 12.0479269892 8.78280371348 9.51533570387 9.57287952757 8.68643486478 6.92081215976 6.44871690172 5.66317277784 6.40757013449 7.39977792531 6.85784759835 5.31308506236 4.82550273943 3.24449061084 3.55932227241 3.76316272516 4.68285859522 2.79751025543 2.39490637363 3.14924483143 4.46577831917 4.01680616435 4.0872634949 2.30486395164 0.385935983749 0.181293072768 0.358411459573 1.12992697601 0.823163100222 0.618773693948 0.631835169786 0.494654557118 0.58693812445 0.568328142403 0.573995182512 0.533089721821
-9999 -9999 -9999 -9999 -9999 -9999 -9999 -9999 -9999 -9999 -9999 -9999 -9999 -9999 -9999 -9999 -9999 -9999 16.056585142 13.0942733192 10.1148807231 11.8149117538 11.1689847003 11.1854461964 9.00523736495 8.20504455388 5.97451744574 6.08154406839 5.70135039527 5.89899985929 4.3974572333 3.76898198819 3.6142663631 4.21856121248 3.16931066535 4.22891691205 4.17040838643 2.78875516927 2.53047658088 3.69594224876 2.51269839739 2.15059958111 1.83270454249 1.81499916801 1.65993115943 1.30980481959 0.236567639673 0.231581501004 0.440851586133 0.569683226263 0.695944072803 0.781806689891 0.507370372651 0.524730916841 0.627684466903 0.686596015294 0.587774654569
-9999 -9999 -9999 -9999 -9999 -9999 -9999 -9999 -9999 -9999 -9999 -9999 -9999 -9999 -9999 -9999 -9999 -9999 -9999 10.0811998552 9.9812006754 11.0043829458 10.0472866575 13.1773230776 9.77181847384 9.18459497977 6.95405811192 5.54025777985 4.20374878339 3.99587511794 4.09114171107 4.16460037408 3.33685833717 3.17524473605 2.27525573142 1.87193649903 1.7501487219 2.79187435165 2.51445298278 3.08253549068 2.18090514595 1.93307505617 1.47276542823 1.96993630192 2.0112747337 2.13119335845 0.894180798635 0.195048958915 0.149939515837 0.338733086677 0.438401669311 0.621003507809 0.465510297678 0.45970163081 0.569757898131 0.537752756688 0.403515586977
-9999 -9999 -9999 -9999 -9999 -9999 -9999 -9999 -9999 -9999 -9999 -9999 -9999 -9999 -9999 -9999 -9999 -9999 13.8478939678 15.3973957179 15.5011994586 14.9948408308 10.9840961506 10.4905022877 9.47569059908 9.71392208767 8.69933921828 6.95464083842 5.12449530152 4.58901850498 4.5502029746 3.63216139454 3.5116197477 3.26582817739 2.75610159426 3.57351587884 4.76971464985 4.41939073095 3.94496955184 3.68887174099 3.48750206285 2.17644761195 1.79286311196 2.33525005921 1.74050942819 1.99322100052 1.90944063925 1.38759877101 0.466679047965 0.202368701056 0.34254719316 0.714584029987 1.08666072143 1.20900864744 0.845500548027 0.717205741982 0.607995773426
-9999 -9999 -9999 -9999 -9999 -9999 -9999 -9999 -9999 -9999 -9999 -9999 -9999 -9999 -9999 -9999 -9999 -9999 -9999 17.6479154357 16.7004644915 15.6663879423 11.1456441543 10.2532447365 10.1666620106 9.99136918465 7.53674161058 8.65495116622 6.10570424751 7.66917150325 9.497468437 9.40928966549 5.49630948564 3.74441495848 3.7314170416 2.8950569792 1.54572618991 1.28009460604 1.08871475441 1.08859244129 1.34607527437 2.2399171668 1.98803578847 3.16289851231 3.19925807111 3.91006512319 2.51495630981 1.65399271104 0.677469727079 0.272313797577 0.0937229246704 1.76029289991 2.10411796483 2.37954830751 1.16560372346 0.271082511816 0.331631560321
-9999 -9999 -9999 -9999 -9999 -9999 -9999 -9999 -9999 -9999 -9999 -9999 -9999 -9999 -9999 -9999 -9999 -9999 -9999 -9999 13.2675817568 14.9505834763 11.3582612264 10.2450788825 8.33280816921 9.56261793442 7.4742238221 9.00855859253 10.196673223 9.20968551538 7.57961508938 7.27555239946 3.76905390629 5.85687152777 5.33850605714 4.92204418425 2.82230261766 3.46951241115 3.31775785656 2.9812421606 2.15619782574 3.14663093725 3.2203243303 2.69160475205 3.76131864649 3.08476432572 2.38643847623 2.81669416023 2.15403949546 1.1200375302 0.520011491303 0.283850810312 0.121029337659 0.126088554536 1.0278223421 0.151537516111 0.153142005693
-9999 -9999 -9999 -9999 -9999 -9999 -9999 -9999 -9999 -9999 -9999 -9999 -9999 -9999 -9999 -9999 -9999 -9999 -9999 -9999 -9999 13.3120710227 11.7724291946 11.7610996183 7.76967751143 7.02190415266 7.05176851932 8.92675671265 8.35155297083 7.82661633345 7.59746505572 8.26341830644 4.64686344898 5.53189395682 6.11425494408 5.21824997375 3.86467190658 2.45137820261 2.15527165298 2.48610595263 3.61152854249 3.91187855474 4.38350974272 2.6773321513 2.03972403798 1.40010349056 1.8666116187 2.13284318233 2.08174521493 2.77429903801 3.11236853048 1.92335337149 0.923637082957 0.220551581883 0.0620388947791 0.0835985791046 0.100257016247
-9999 -9999 -9999 -9999 -9999 -9999 -9999 -9999 -9999 -9999 -9999 -9999 -9999 -9999 -9999 -9999 -9999 -9999 -9999 -9999 -9999 10.5841552059 9.85276493043 9.90212156285 9.37703695834 10.8100544833 8.59019902731 7.29335388139 6.4401365356 8.94727600592 8.39189580702 7.85437762923 5.06481347758 4.54671957588 2.37550265796 3.22369472334 2.76715418187 2.58294567725 2.21959075764 3.1938661527 3.67770120388 3.44732657973 2.34187343839 2.27995568945 3.05143206118 2.82678271651 2.50209062055 2.40802874413 1.32564232873 1.51567659458 2.19163728046 1.61101315737 0.454371814984 0.147969631749 0.116065665713 0.0684881701809 0.0746995337244
-9999 -9999 -9999 -9999 -9999 -9999 -9999 -9999 -9999 -9999 -9999 -9999 -9999 -9999 -9999 -9999 -9999 -9999 -9999 -9999 -9999 -9999 10.1901598078 12.4297390403 9.70256472269 9.34059612276 7.67724212177 7.46419153858 5.54387928313 5.89356493822 5.87209200807 6.28774552206 4.47250821884 4.67936956861 5.44963004967 3.80454607493 3.66125809394 3.25508910936 2.9719142117 3.05018149695 3.43883974631 1.93813609267 2.16503610206 3.10876783561 1.50856424869 1.31325687363 0.884350786947 1.20362712575 1.73849217813 2.56914064097 1.38559926593 1.98325808317 0.946454408201 0.179661660751 0.0665914998043 0.0566613952738 0.064769024391
-9999 -9999 -9999 -9999 -9999 -9999 -9999 -9999 -9999 -9999 -9999 -9999 -9999 -9999 -9999 -9999 -9999 -9999 -9999 -9999 -9999 -9999 10.7843429628 10.3181425245 9.12362145792 10.6898879216 8.46827090426 6.35168839058 6.42778786764 6.76663263949 5.65460249074 5.88751457611 5.69078936035 5.39051226895 3.92071149415 5.82994131094 3.71252718253 3.14816585387 3.99508516195 4.1519111404 2.31950363462 3.54307973644 2.2245923018 1.61838514728 1.40278090884 1.88514665269 2.30963137465 2.60960934565 1.24854773249 1.09213176932 0.824373892968 1.67662838496 0.133136306396 0.352411840187 0.16698785099 0.145513171288 0.102428911774
-9999 -9999 -9999 -9999 -9999 -9999 -9999 -9999 -9999 -9999 -9999 -9999 -9999 -9999 -9999 -9999 -9999 -9999 -9999 -9999 -9999 -9999 10.0293915398 11.4234389894 10.9626877224 10.2247767225 7.96880129713 8.35254638602 6.45722068266 7.80839802316 5.97199877394 5.02617240019 4.35675581638 4.95220556967 5.6312085623 3.3899300061 3.31318660184 4.97207126899 4.00483834734 3.48248517984 3.5448171028 2.54189635227 1.5988327853 2.19598577032 2.91765795762 2.62172728085 2.50600505103 2.04338431334 1.47387183468 1.47707134725 2.05704669495 1.58137586014 0.295389116882 0.272856017195 0.330536142289 0.379614387837 0.165989378933
-9999 -9999 -9999 -9999 -9999 -9999 -9999 -9999 -9999 -9999 -9999 -9999 -9999 -9999 -9999 -9999 -9999 -9999 -9999 -9999 -9999 -9999 -9999 12.4335820396 12.1803895973 10.6082492898 7.18763245135 7.42478435137 6.1456852938 7.27692032832 6.05889627829 6.81362659476 5.88963562295 6.98951628398 4.63973009735 5.40621557935 5.64371159624 4.57764753318 2.49229221845 2.23151344242 1.55454016569 2.33066756694 3.27617556516 3.3718826403 2.65526098589 2.23658053949 1.07419239919 0.949117629579 0.913957327442 1.01730667788 0.761382348776 1.03427086253 1.10200005275 0.824936959903 0.211169964299 0.172195624797 0.66269784282
