data/recharge/transience/recharge56.asc
ncols                  80
nrows                 72
xllcorner      4374000.0
yllcorner      5656000.0
cellsize            500
NODATA_value       -9999
[rows 0 to 23 of 72, columns 0 to 54 of 80]
-9999 -9999 -9999 -9999 -9999 -9999 -9999 -9999 -9999 -9999 -9999 -9999 0.133254001413 0.131458756491 -9999 -9999 -9999 -9999 -9999 -9999 -9999 -9999 -9999 -9999 -9999 -9999 -9999 -9999 -9999 -9999 -9999 -9999 -9999 -9999 -9999 -9999 -9999 -9999 -9999 -9999 -9999 -9999 -9999 -9999 -9999 -9999 -9999 -9999 -9999 -9999 -9999 -9999 -9999 -9999 -9999
-9999 -9999 -9999 -9999 -9999 -9999 -9999 -9999 -9999 -9999 -9999 -9999 0.310378256462 0.235379885732 0.194623289139 -9999 0.204662283461 -9999 -9999 -9999 -9999 -9999 -9999 -9999 -9999 -9999 -9999 -9999 -9999 -9999 -9999 -9999 -9999 -9999 -9999 -9999 -9999 -9999 -9999 -9999 -9999 -9999 -9999 -9999 -9999 -9999 -9999 -9999 -9999 -9999 -9999 -9999 -9999 -9999 -9999
-9999 -9999 -9999 -9999 -9999 -9999 -9999 -9999 -9999 -9999 0.250361734368 0.240742060441 0.272317509961 0.281677582427 0.199783192714 0.163564329943 0.134935144615 0.137692439436 -9999 -9999 -9999 -9999 -9999 -9999 -9999 -9999 -9999 -9999 -9999 -9999 -9999 -9999 -9999 -9999 -9999 -9999 -9999 -9999 -9999 -9999 -9999 -9999 -9999 -9999 -9999 -9999 -9999 -9999 -9999 -9999 -9999 -9999 -9999 -9999 -9999
-9999 -9999 -9999 -9999 -9999 -9999 -9999 -9999 -9999 0.246426740034 0.249839977808 0.245727547213 0.228222029644 0.241509399435 0.221032360621 0.20449966865 0.158804484847 0.204315324678 -9999 0.231658166829 -9999 -9999 -9999 -9999 0.151090784871 0.160578135426 -9999 -9999 -9999 -9999 -9999 -9999 -9999 -9999 -9999 -9999 -9999 -9999 -9999 -9999 -9999 -9999 -9999 -9999 -9999 -9999 -9999 -9999 -9999 -9999 -9999 -9999 -9999 -9999 -9999
-9999 -9999 -9999 -9999 -9999 -9999 -9999 -9999 0.351986851863 0.293776201868 0.236626568706 0.235262209606 0.222016649505 0.20383397463 0.203918390333 0.193114024902 0.156058415109 0.146027101109 0.138768325486 0.183164131721 0.175181098839 0.187064878998 -9999 0.142791924879 0.185080668743 0.180243854998 -9999 -9999 -9999 -9999 -9999 -9999 -9999 -9999 -9999 -9999 -9999 -9999 -9999 -9999 -9999 -9999 -9999 -9999 -9999 -9999 -9999 -9999 -9999 -9999 -9999 -9999 -9999 -9999 -9999
-9999 -9999 -9999 -9999 -9999 -9999 0.305854857451 0.257751713723 0.245113552677 0.259057259463 0.276386231286 0.291588305602 0.25113378135 0.235184657979 0.200164910884 0.218230573801 0.174920064873 0.161778295063 0.177492709183 0.180556730211 0.169471410206 0.180840063912 0.157561925629 0.14547455286 0.152608599258 0.145838068168 0.154516211868 -9999 -9999 -9999 -9999 -9999 -9999 -9999 -9999 -9999 -9999 -9999 -9999 -9999 -9999 -9999 -9999 -9999 -9999 -9999 -9999 -9999 -9999 -9999 -9999 -9999 -9999 -9999 -9999
-9999 -9999 -9999 -9999 -9999 -9999 0.320771522561 0.29206553432 0.225103183597 0.215676033013 0.203914113139 0.217394244803 0.209655681185 0.192381301485 0.182716989475 0.166612325651 0.171064218462 0.172096722941 0.161353871944 0.154169330307 0.155385015029 0.181775008917 0.160451659589 0.153813358815 0.133079620126 0.122162375951 0.155240499675 0.178225136354 0.17726982418 0.165261714423 0.20567636834 0.202497217694 -9999 -9999 -9999 -9999 -9999 -9999 -9999 -9999 -9999 -9999 -9999 -9999 -9999 -9999 -9999 -9999 -9999 -9999 -9999 -9999 -9999 -9999 -9999
-9999 -9999 -9999 -9999 -9999 0.411658013099 0.338032920497 0.33704137373 0.30071360716 0.316559939344 0.287949499737 0.255148003924 0.201485350145 0.206669299562 0.204904776343 0.207132751641 0.191019490442 0.241580488259 0.189394179387 0.157256227174 0.156321490814 0.150441084817 0.15106197625 0.156486895752 0.142618897429 0.151428452227 0.148867719697 0.146728623655 0.168415979432 0.16367098954 0.155405206501 0.165654869974 0.144661643065 0.138253178962 -9999 -9999 -9999 -9999 -9999 -9999 -9999 -9999 -9999 -9999 -9999 -9999 -9999 -9999 -9999 -9999 -9999 -9999 -9999 -9999 -9999
-9999 -9999 -9999 -9999 -9999 0.403066429263 0.354169863126 0.357397202006 0.30417866822 0.277090072042 0.264072322686 0.284615176899 0.24920343926 0.293670714176 0.255497442992 0.279366898449 0.186320304894 0.217804186238 0.219671179559 0.153698935556 0.15559979162 0.159703993831 0.171017573228 0.16350790133 0.146141481924 0.126829009381 0.124589188221 0.111683469361 0.137839940458 0.130116717399 0.123098294178 0.127812671751 0.138679363257 0.131604884884 0.133116471353 0.127402361487 -9999 -9999 -9999 -9999 0.122992721626 0.119241454957 -9999 -9999 -9999 -9999 -9999 -9999 -9999 -9999 -9999 -9999 -9999 -9999 -9999
-9999 -9999 -9999 -9999 -9999 0.365561331189 0.327100004177 0.333967774712 0.322745159793 0.348121506171 0.310688678013 0.293254131663 0.255304835639 0.294595256292 0.284149927684 0.230977538592 0.197484009861 0.249048942851 0.212533805048 0.229867954691 0.181788892264 0.152798976936 0.139716607372 0.133827860715 0.143391122313 0.131058495224 0.119572454233 0.10453134366 0.140061927013 0.121413607161 0.135008563215 0.119122130047 0.136440674087 0.126112822867 0.113343334044 0.133442564536 0.128633400181 -9999 -9999 0.128360968442 0.13574842161 0.129927188755 0.138829618423 -9999 -9999 -9999 -9999 -9999 -9999 -9999 -9999 -9999 -9999 -9999 -9999
-9999 -9999 -9999 -9999 -9999 -9999 0.398488480295 0.432456559776 0.342097666337 0.321602800124 0.271899010114 0.302753417024 0.323328067405 0.352652006264 0.213602203568 0.192803379663 0.198316417553 0.191679701158 0.166776942607 0.164338647488 0.162768148919 0.170355556909 0.150842965751 0.16445028615 0.141170635758 0.126020161007 0.0942610032645 0.103726046475 0.107028620127 0.114466344969 0.103537116645 0.122277670591 0.108247206869 0.109054118749 0.111475834954 0.12133177079 0.111304061608 0.0979391528841 0.124524925568 0.120487737784 0.118330303474 0.142794752536 0.100607618033 0.0867433816196 -9999 -9999 -9999 -9999 0.115618563256 0.101906519404 0.111212737671 -9999 -9999 -9999 -9999
-9999 -9999 -9999 -9999 -9999 -9999 -9999 0.371027341002 0.306158074249 0.359183518607 0.345851725102 0.305974268095 0.255432169736 0.212793689711 0.203600599413 0.261238554489 0.250267843513 0.240861390931 0.225930811332 0.188144247484 0.152322468052 0.153109798047 0.142400086022 0.144391336962 0.129579730341 0.116844880518 0.101406759757 0.113697805368 0.115061726914 0.110960381937 0.110256056333 0.1107327518 0.112249297238 0.109875074676 0.12471222805 0.123752375385 0.117639685187 0.115616000737 0.121753305641 0.12133671668 0.100288679684 0.0897288382094 0.0718635002908 0.0797676365475 0.0666899243748 0.0743845614606 0.0857809120086 0.0669216280886 0.0619301616425 0.065360476956 0.0720810121697 0.0662617530206 -9999 -9999 -9999
-9999 -9999 -9999 -9999 -9999 -9999 -9999 -9999 0.270173355752 0.25439836163 0.283960729762 0.321746597478 0.281664587909 0.311331120313 0.271197696055 0.249123375258 0.190481342135 0.191820956147 0.158192237617 0.1767067954 0.214749052738 0.204694709972 0.0875942163635 0.0771325967445 0.074315635811 0.0652717525101 0.0609160924646 0.107360668883 0.092409007115 0.0760361277043 0.0874246064074 0.0892577286783 0.0935004013426 0.0857061272276 0.0987393355949 0.10810818568 0.110814167765 0.115643253211 0.108495745374 0.105485571431 0.0983400717039 0.0753630929185 0.0702223657158 0.0613751302216 0.0588321649705 0.0515064460629 0.0579019895327 0.0485690202748 0.0429317993248 0.0510925968902 0.0647244056284 0.0684820254425 0.0618328220069 -9999 -9999
-9999 -9999 -9999 -9999 -9999 -9999 -9999 -9999 0.345632068339 0.29457244512 0.259225324322 0.261510360003 0.247462972392 0.245390993069 0.207858457095 0.20235929629 0.185932783425 0.199178116109 0.17701662777 0.191626090819 0.201940432049 0.199437649956 0.10154900089 0.187663905626 0.118134667238 0.0639783111386 0.0716833764301 0.076422178773 0.0911813740063 0.0765473816174 0.0779631721109 0.0834018583963 0.0786126733793 0.0824786250071 0.102620902857 0.129331606892 0.120421426636 0.111412533021 0.108119829809 0.10612702974 0.104970697454 0.0659962416848 0.0630627856568 0.0627762321254 0.0517832968077 0.0509400451167 0.0568237743833 0.0504072084134 0.0448494077978 0.0705825778789 0.0668957153847 0.0672490795967 0.0721507511175 0.0822291059181 0.0725686377029
-9999 -9999 -9999 -9999 -9999 -9999 -9999 -9999 -9999 0.373821066926 0.306545442254 0.237320159616 0.2389902441 0.245858488381 0.219847299824 0.222287648948 0.244841361844 0.263687254065 0.260825554754 0.263022553585 0.232055043241 0.177130994143 0.134030783586 0.321903714658 0.190459463032 0.146218535508 0.0749488723029 0.0461502253172 0.0315453204181 0.0862308572752 0.0815452418499 0.0832954112221 0.0802669166029 0.0680215968831 0.0792721389525 0.0891304071987 0.103639533353 0.0979087897751 0.0948577475882 0.0958050632769 0.0949403281384 0.0900174962784 0.0474475673807 0.0747110253871 0.0517719063455 0.040896160958 0.0352736792963 0.0349667778782 0.0504780276186 0.0582061937358 0.0580830640382 0.0562235139393 0.0658270697996 0.0768208549277 0.0791313475349
-9999 -9999 -9999 -9999 -9999 -9999 -9999 -9999 -9999 -9999 0.26432152111 0.266375447495 0.231182812885 0.239862988019 0.201126279207 0.183386852108 0.175018686029 0.234173432472 0.188500755403 0.154884699918 0.140027261053 0.134030821567 0.112864667182 0.0754489917687 0.0947171199414 0.169141339901 0.139827037294 0.073428348179 0.0362534573141 0.0316041386737 0.0861818826053 0.086535677688 0.093958077321 0.0800336307344 0.0985028871425 0.0947507862846 0.100967500849 0.097961156674 0.0956347677627 0.09620951137 0.0994506622697 0.0981406667796 0.0629917690022 0.0451182760716 0.0746387422652 0.085742367408 0.0603250962828 0.0413211655514 0.0662045089959 0.064853948967 0.0666425975207 0.0640317641464 0.0570224888964 0.0740648072481 0.0697577077264
-9999 -9999 -9999 -9999 -9999 -9999 -9999 -9999 -9999 -9999 -9999 0.290264603828 0.198540499947 0.208466287895 0.187948576205 0.164074925205 0.162209152728 0.159396266221 0.129890082581 0.147600726088 0.158313782268 0.153289287821 0.111044270641 0.0893831180693 0.0534646835889 0.0327635749409 0.0761882075371 0.110478079765 0.0849924510126 0.0602447401793 0.0258898742785 0.0634638933316 0.0781116326824 0.0799740901656 0.078109009588 0.0709026368633 0.0881057648484 0.0874707342199 0.0925418049936 0.0925694761481 0.0988098970382 0.0892964577877 0.0945504384757 0.0506284442169 0.0360244866335 0.039438252158 0.0406285488983 0.0503776179113 0.0442074255856 0.0681660697766 0.0601029609142 0.0730864626116 0.0753056831612 0.0729213685622 0.0655612147962
-9999 -9999 -9999 -9999 -9999 -9999 -9999 -9999 -9999 -9999 -9999 0.247930231636 0.199274658063 0.183697428001 0.192609046334 0.169619902298 0.133710084643 0.126209006761 0.151197804923 0.152983939334 0.146386461084 0.16657218972 0.110013750137 0.100282941017 0.0996299154954 0.113966825282 0.0559523931302 0.0454191436834 0.0456950712668 0.0544020160466 0.0736767750756 0.0700770780698 0.027217253788 0.0253739046564 0.0251499176512 0.0609740406183 0.0876500441812 0.0892763475514 0.0900946306564 0.0877168092029 0.0978990489591 0.101031453923 0.0874024338866 0.0901175174151 0.0584771918098 0.0498948062502 0.0757304236407 0.0929723346851 0.0787393386542 0.0449016794103 0.0575761923011 0.0470125075781 0.0310107381411 0.0675752936658 0.0783788508097
-9999 -9999 -9999 -9999 -9999 -9999 -9999 -9999 -9999 -9999 -9999 0.275295027626 0.23772113878 0.219902537022 0.156169893301 0.158882060544 0.122716694199 0.0990537998428 0.110502971856 0.123978060445 0.121668502436 0.12458932665 0.0977991567241 0.0807059470661 0.081797531092 0.0843014788113 0.0790082396132 0.0773617640852 0.0796492902172 0.0439228120972 0.0256757714901 0.0529201771466 0.113522400094 0.0917226660963 0.0338174118177 0.0178089167606 0.0275557526022 0.0133269886509 0.0646903097449 0.0796263790849 0.110894713235 0.0944888903301 0.104076652375 0.115932042297 0.13097662609 0.121174931439 0.0622892525803 0.0519276242842 0.0509825404086 0.0562486883168 0.0518349784109 0.0626799473352 0.0657122338925 0.0656729288029 0.075513954104
-9999 -9999 -9999 -9999 -9999 -9999 -9999 -9999 -9999 -9999 -9999 -9999 0.181107977199 0.207421656298 0.188162630641 0.168066289359 0.136386237167 0.117715083942 0.100689629722 0.130063924674 0.125953697537 0.118393687569 0.108583778779 0.105248797038 0.0888451386312 0.0909142637593 0.0804998835977 0.0832290755332 0.0785348033207 0.0750132399731 0.0755427383389 0.0789209816132 0.0485688289184 0.021824559886 0.0409368118716 0.0406931654138 0.0334260893044 0.021030833224 0.0169234902059 0.0886431683253 0.0998672735499 0.0922609097488 0.125276816271 0.143344509158 0.153617417452 0.151756063659 0.071190877613 0.0531114399793 0.0349200944667 0.0437657982205 0.0470925123174 0.0361644293089 0.0282575886948 0.0276140157562 0.0236200941156
-9999 -9999 -9999 -9999 -9999 -9999 -9999 -9999 -9999 -9999 -9999 0.225609210926 0.214706728724 0.235073016686 0.227330409286 0.237379750051 0.139240877671 0.140440420616 0.106489721718 0.124501518205 0.100533140101 0.0987734142108 0.0867507019036 0.0890185727048 0.0858833538388 0.0845080408292 0.0741346019412 0.070411019673 0.0701236192461 0.0677819521076 0.0662984291723 0.0686710329416 0.0674886445884 0.0667643582661 0.0736078762638 0.0224375869467 0.0349675597042 0.0162578644022 0.0170658093444 0.0627137194767 0.0921426552922 0.07915149612 0.127640686901 0.148706279609 0.180991667656 0.179110085351 0.140850068984 0.0879935443436 0.0552659280019 0.055829668019 0.040278844427 0.025204349859 0.0215599322512 0.0218255488734 0.019679662898
-9999 -9999 -9999 -9999 -9999 -9999 -9999 -9999 -9999 -9999 -9999 0.239898505868 0.285254041567 0.270851690822 0.192422195701 0.176264189188 0.154969214423 0.151694587225 0.124578851988 0.129511515523 0.120183634152 0.109233568356 0.0944091303817 0.0949264731498 0.0902904179551 0.0860089073489 0.0826830195483 0.0890087881264 0.0718793960167 0.0964389903445 0.0891510216029 0.0700422911927 0.0663742345038 0.0668097162407 0.0718801039639 0.013226094678 0.0220144198038 0.0410355620886 0.027825011572 0.0257789921153 0.0821778594002 0.07892908984 0.0998770845643 0.110354775993 0.113117099894 0.107613813105 0.119461270363 0.117068002808 0.0803936263966 0.0686082735465 0.041780247975 0.0464015970449 0.0376832266264 0.0343035603076 0.03106796472
-9999 -9999 -9999 -9999 -9999 -9999 -9999 -9999 -9999 -9999 -9999 0.306374508388 0.295032253037 0.245529743632 0.238190492762 0.230100917152 0.144653795599 0.15216416263 0.141484957554 0.152068145811 0.096427220509 0.145514853415 0.0982205506754 0.0885647355941 0.0565245854073 0.0562921937628 0.061084603552 0.0559115104091 0.0449893086359 0.0469603830957 0.0515494687703 0.0898411871421 0.0942468327174 0.0877006994576 0.0757641626898 0.00959546416107 0.00910010330271 0.00584751993599 0.0209874390784 0.0123251674355 0.0911284725228 0.0934053785002 0.0814947047681 0.0678954133978 0.069727815274 0.0698175038442 0.0920968985059 0.0939615188547 0.0909532542763 0.0874871827338 0.0376565056768 0.028632990192 0.0201824713375 0.0194026686752 0.0177126287338
-9999 -9999 -9999 -9999 -9999 -9999 -9999 -9999 -9999 -9999 -9999 -9999 0.308514749863 0.2848712578 0.224279328806 0.203649147537 0.164194532578 0.169317072314 0.13783418068 0.152787040566 0.128122709486 0.153538590743 0.064493747386 0.05131507406 0.0491334960268 0.0476428314092 0.0348605090338 0.0386978467444 0.033018977877 0.0261842056925 0.020849388701 0.0331376182215 0.063135733261 0.0672251400718 0.0704284982894 0.0145834283358 0.0125681523802 0.00863069371964 0.0248354768736 0.0222428105595 0.0905007291841 0.0841109859028 0.0891783690336 0.0688120098875 0.0714310945263 0.0709184764582 0.0782978883764 0.0886278461819 0.0841316643156 0.0854956936185 0.0774896387306 0.0449799108687 0.0295065203363 0.0284909311362 0.0176331508441
