data/recharge/transience/recharge216.asc
ncols                  80
nrows                 72
xllcorner      4374000.0
yllcorner      5656000.0
cellsize            500
NODATA_value       -9999
[rows 0 to 24 of 72, columns 0 to 56 of 80]
-9999 -9999 -9999 -9999 -9999 -9999 -9999 -9999 -9999 -9999 -9999 -9999 10.0270950623 10.2642750561 -9999 -9999 -9999 -9999 -9999 -9999 -9999 -9999 -9999 -9999 -9999 -9999 -9999 -9999 -9999 -9999 -9999 -9999 -9999 -9999 -9999 -9999 -9999 -9999 -9999 -9999 -9999 -9999 -9999 -9999 -9999 -9999 -9999 -9999 -9999 -9999 -9999 -9999 -9999 -9999 -9999 -9999 -9999
-9999 -9999 -9999 -9999 -9999 -9999 -9999 -9999 -9999 -9999 -9999 -9999 9.55271528146 9.27188420072 9.05025695965 -9999 9.2272517431 -9999 -9999 -9999 -9999 -9999 -9999 -9999 -9999 -9999 -9999 -9999 -9999 -9999 -9999 -9999 -9999 -9999 -9999 -9999 -9999 -9999 -9999 -9999 -9999 -9999 -9999 -9999 -9999 -9999 -9999 -9999 -9999 -9999 -9999 -9999 -9999 -9999 -9999 -9999 -9999
-9999 -9999 -9999 -9999 -9999 -9999 -9999 -9999 -9999 -9999 8.57903493553 8.68736517977 9.17417892085 9.26631030171 8.21021588226 7.97408778809 7.54325346582 7.55434087804 -9999 -9999 -9999 -9999 -9999 -9999 -9999 -9999 -9999 -9999 -9999 -9999 -9999 -9999 -9999 -9999 -9999 -9999 -9999 -9999 -9999 -9999 -9999 -9999 -9999 -9999 -9999 -9999 -9999 -9999 -9999 -9999 -9999 -9999 -9999 -9999 -9999 -9999 -9999
-9999 -9999 -9999 -9999 -9999 -9999 -9999 -9999 -9999 8.66802418237 8.76895293257 8.52472520264 8.64857830689 8.82945384204 8.22510362013 8.16728681345 7.86519147118 8.90038802785 -9999 8.60449422412 -9999 -9999 -9999 -9999 8.13468941452 8.70322831076 -9999 -9999 -9999 -9999 -9999 -9999 -9999 -9999 -9999 -9999 -9999 -9999 -9999 -9999 -9999 -9999 -9999 -9999 -9999 -9999 -9999 -9999 -9999 -9999 -9999 -9999 -9999 -9999 -9999 -9999 -9999
-9999 -9999 -9999 -9999 -9999 -9999 -9999 -9999 9.70781274535 9.2622805053 8.59808047395 8.53658216428 8.14156872069 7.859630279 7.78742807931 7.59599528798 7.59785828576 7.71246750387 7.45672737712 7.65059712745 7.58433155729 7.80927220011 -9999 7.90499880654 8.75499801786 8.89821631367 -9999 -9999 -9999 -9999 -9999 -9999 -9999 -9999 -9999 -9999 -9999 -9999 -9999 -9999 -9999 -9999 -9999 -9999 -9999 -9999 -9999 -9999 -9999 -9999 -9999 -9999 -9999 -9999 -9999 -9999 -9999
-9999 -9999 -9999 -9999 -9999 -9999 9.06940243225 8.77795341364 8.75275746407 8.91642273524 9.04800054607 9.16935365767 8.5104843096 8.31856298615 7.72318766757 8.00623282683 7.58115312834 7.42123169397 7.50997937649 7.60153640558 7.4661619606 7.69693132864 7.66117740976 7.96632222997 8.59363742406 8.45867339713 8.71487482515 -9999 -9999 -9999 -9999 -9999 -9999 -9999 -9999 -9999 -9999 -9999 -9999 -9999 -9999 -9999 -9999 -9999 -9999 -9999 -9999 -9999 -9999 -9999 -9999 -9999 -9999 -9999 -9999 -9999 -9999
-9999 -9999 -9999 -9999 -9999 -9999 9.31558839634 9.26909268653 8.48279577726 8.34853229839 8.11425950544 8.13988997323 7.87806912681 7.74902723963 7.4055471848 6.91197443355 6.64334250296 6.41211228556 6.89792911784 6.59858222824 6.92477598579 7.50999351667 7.39721949521 7.54361439403 7.91323124071 7.68551354406 8.8172566247 8.88405233755 8.6217811241 8.41598461214 9.1178555793 9.08205056677 -9999 -9999 -9999 -9999 -9999 -9999 -9999 -9999 -9999 -9999 -9999 -9999 -9999 -9999 -9999 -9999 -9999 -9999 -9999 -9999 -9999 -9999 -9999 -9999 -9999
-9999 -9999 -9999 -9999 -9999 9.00907191192 9.44108922223 9.43911888346 9.30882665201 9.42663618267 9.16233382252 8.83155807846 7.81569754891 8.03591538986 7.82105839961 7.70663408218 6.47633080078 3.74778799656 6.37835413088 6.63365509278 6.94715037627 6.78909970828 7.16927513658 7.30570075341 7.96086594188 8.06908290156 8.63391163516 8.66180137514 8.47265934889 8.3866019829 8.35647009257 8.5485198108 8.29461461775 8.14648975405 -9999 -9999 -9999 -9999 -9999 -9999 -9999 -9999 -9999 -9999 -9999 -9999 -9999 -9999 -9999 -9999 -9999 -9999 -9999 -9999 -9999 -9999 -9999
-9999 -9999 -9999 -9999 -9999 8.88543985459 9.22421872559 9.2437558826 9.27640523549 9.04404084722 8.85972218795 9.05355039311 6.97550997309 5.82879280727 8.58665935364 8.96504511003 7.39268913189 3.29616315779 5.54728131129 6.6536188884 6.53501297628 6.7929723855 7.54096643273 7.38652574524 7.34247215849 7.22880918337 7.90470093011 7.59348504597 7.85827560595 7.72379119569 7.65756001929 7.75557056833 8.08621459626 7.9094450995 8.3207189674 7.95294092742 -9999 -9999 -9999 -9999 8.02174906337 7.97004068437 -9999 -9999 -9999 -9999 -9999 -9999 -9999 -9999 -9999 -9999 -9999 -9999 -9999 -9999 -9999
-9999 -9999 -9999 -9999 -9999 8.71220759547 9.06488733937 9.30222074904 9.41601094158 9.58936431114 9.2687702032 9.12873668864 8.58034221409 8.95890515894 8.86814953916 8.43874066504 7.62362660147 8.27287725709 7.57339081345 7.897503381 7.13328731697 6.69076546772 6.79310474931 6.61479698195 7.26333356708 7.28352594395 7.68898358446 7.29462253094 8.1730028122 7.64094246342 5.93651951163 7.3937998187 8.03316359536 8.23728539098 8.16318708889 8.10771711629 8.08830323954 -9999 -9999 8.13382485075 8.36083782786 8.23450494107 8.80556796044 -9999 -9999 -9999 -9999 -9999 -9999 -9999 -9999 -9999 -9999 -9999 -9999 -9999 -9999
-9999 -9999 -9999 -9999 -9999 -9999 9.25112169687 9.54499533184 9.75728692599 9.62662766285 9.1856725757 9.44701161426 9.50362722945 9.39376841266 8.32676145764 8.0274069029 7.98474568404 7.86254881342 7.24900817399 7.08351825833 7.07831565762 7.23703987576 7.04478854472 7.33239968224 7.10090652889 6.67939806308 6.71690929092 6.9439723442 7.05645329102 6.80647172621 7.08105011796 7.2156865481 7.48421118747 7.23406588277 7.56667845945 7.67931804958 8.34120098276 7.84681246879 8.0529559073 7.94546002507 7.9267530851 8.49214448044 8.33287567175 7.70463393565 -9999 -9999 -9999 -9999 8.60157872986 8.28097479743 2.63078835222 -9999 -9999 -9999 -9999 -9999 -9999
-9999 -9999 -9999 -9999 -9999 -9999 -9999 9.31439222586 9.5136108977 9.85788997116 9.74950595412 9.47439687148 9.03881074534 8.57525165667 8.07829690218 8.79511452493 8.63662027878 8.44324467768 8.1252046084 7.56943949673 6.83908177105 6.86232129642 6.835401499 6.88033424361 6.77629837703 6.3627461265 6.5555983713 6.88755002249 6.84075661959 6.8084360027 7.36360643941 7.24066384631 7.50130525089 7.31395878264 7.77306210357 7.74606146088 7.98925477443 8.0858663285 7.97924831869 7.96841599196 8.12890352228 8.01036760874 6.99748274178 6.20969015039 5.70991826638 6.20525264492 6.20877369899 5.68643089395 5.559854231 7.04537441261 7.6961902989 7.19707235138 -9999 -9999 -9999 -9999 -9999
-9999 -9999 -9999 -9999 -9999 -9999 -9999 -9999 9.37222131817 9.23477604828 9.66448014013 9.9497113655 9.57299085949 9.81601113164 9.15735971627 8.95922280194 8.0623162032 8.08405171287 7.24798912188 7.641789619 8.35735627003 8.22829935065 7.16925643015 5.25392352434 4.90349417892 5.27559887255 5.98351413674 6.16416827216 6.11089763639 5.97827609704 5.96648688447 6.33675610607 6.54544548946 6.53591010503 7.13069603975 6.88796224865 7.39764195491 7.56907230273 7.49323587661 7.40482806529 7.69640570649 6.99606914596 5.67955644674 5.37135506439 5.30911727751 5.00112551991 5.34400451398 4.94316789851 4.70105080494 6.30402438559 6.79571558077 7.14919843823 6.55942659813 -9999 -9999 -9999 -9999
-9999 -9999 -9999 -9999 -9999 -9999 -9999 -9999 9.93239561508 9.58781475008 9.44034731446 9.46318261031 9.03769198821 9.01545394158 8.44840172566 8.36654798677 8.12541583784 8.35675828559 7.64712965308 7.89920505006 8.33578615375 8.15601876631 7.51513742953 6.82397970135 5.88927378142 4.56964290102 5.66498792116 6.66736639995 6.56500463607 5.86132789689 6.0286259616 6.30604650773 6.43198984713 6.53818428842 6.85375361926 3.8480882139 7.70626823166 7.43705046789 7.4819211572 7.41196273175 7.41163029857 6.88563478918 5.4362924498 5.42332036956 5.014567374 4.97642985965 5.30098952625 5.02753241373 5.15350598156 7.08445448784 6.91595596578 6.93465397527 6.53798944381 6.57392397198 5.96865626616 6.21338282866 -9999
-9999 -9999 -9999 -9999 -9999 -9999 -9999 -9999 -9999 9.91443017524 9.96716708839 9.35815158778 9.09291636813 9.36640870862 8.9311472577 8.94855934124 9.12771926368 9.31091989683 9.34860970914 9.40245294382 9.04021156773 8.54409721658 8.38567130799 8.80315247943 7.05971658312 6.69142073506 5.28347954931 4.47881820639 4.71792302383 5.49072044459 5.49653106692 5.73263128863 5.78190323017 5.6250320585 6.47361438804 6.46352783987 7.05235119686 6.82966101623 6.76140375267 6.80409731145 6.80636050091 7.02189214968 4.81050798169 5.49899046894 4.7591884927 4.42537783666 4.11527539668 4.26045415446 5.95416534363 6.11247626001 6.13454715631 6.00397192635 5.94310709905 5.92958927339 6.06257915949 4.38100106686 3.38877022674
-9999 -9999 -9999 -9999 -9999 -9999 -9999 -9999 -9999 -9999 9.79379022508 9.78478692058 9.00355329907 9.2710238363 8.67376573304 8.37632802025 8.92205438024 9.53492230839 9.1354638926 8.60162265792 8.26499836734 8.12292011922 7.6096020117 7.88431281905 5.98451004356 6.92336522134 6.20897811548 5.21619250674 3.81586969428 4.98229385453 5.56575170422 5.58377093925 6.08989090622 5.65694563855 6.59280680135 6.4165787524 6.9534106961 6.83254488273 6.79440064538 6.8187668874 6.9998134381 7.06607849911 6.28940282253 5.02478212729 5.85375516492 6.06267876748 5.11155532127 4.52057638326 6.27133125696 6.31876265059 6.60884408223 6.46496461905 5.96171842232 6.07574637441 5.52552050983 4.1506655967 3.35529219775
-9999 -9999 -9999 -9999 -9999 -9999 -9999 -9999 -9999 -9999 -9999 5.81638112163 6.93671367215 8.94786887354 8.56847505429 8.50629251294 8.75142489776 8.70692337589 7.69620347238 7.78892317628 7.8424196181 7.88191019976 7.17419271344 6.73006074563 6.22404256204 4.32916142385 4.88843994955 5.9600843831 5.91908644757 4.97821117223 4.56745331355 5.17821081516 5.29487911071 5.39174322919 6.38618343152 5.88192019866 6.18276268118 6.153786989 6.52093459672 6.51992579125 6.92951879903 6.53183611882 6.81224691227 5.73329853401 4.42069536443 4.33131401871 4.76810322867 5.01047183729 5.21201934537 5.99999616936 5.66687666182 5.87266195222 5.50600837168 5.30799479917 4.77907202209 4.8008329402 3.5878854164
-9999 -9999 -9999 -9999 -9999 -9999 -9999 -9999 -9999 -9999 -9999 5.31066842518 7.5738863473 8.59953475832 8.63105083338 8.61480509934 8.2174513472 7.9661853849 7.70469588562 7.74585452402 7.57674480864 7.9885608364 7.30650431708 7.14302221291 6.70829958201 6.79638229555 6.33751412477 5.97585714597 4.6550778504 5.66462261125 5.51799379224 4.78225393145 3.17070010979 3.99573476617 4.85318735662 5.44769832281 6.16455387589 6.23547798946 6.41142548671 6.51149372093 7.04857415576 7.08431638466 6.50492029769 6.60401881792 6.0670592303 4.94535037894 5.70259797476 6.25272885323 5.83385889335 4.86531680262 5.32819813215 5.36884019362 4.50596740072 5.65331896676 5.52160885864 5.11636165386 4.80505240194
-9999 -9999 -9999 -9999 -9999 -9999 -9999 -9999 -9999 -9999 -9999 9.68236252563 9.43221109846 9.23513585744 7.87379118145 8.19072328707 7.93697459025 7.432364336 7.24405476701 7.22403989415 7.02739417341 7.1167596848 6.47571739473 6.32745917973 5.56085824876 5.41813378089 5.1860634502 5.10862876062 5.30014141554 5.15948362399 4.7760063095 5.42276983139 5.75577108276 5.92053386488 4.59050092027 2.60129617009 3.6387050403 3.08725039369 5.69884213579 5.41340626111 4.83717228651 6.56067539716 7.099437349 7.50658002312 8.01361088864 7.91654589696 5.54134020884 5.16710033402 5.00367408543 5.07497938263 4.76026682664 5.18202233366 5.3770673868 6.05194198462 6.13683994495 5.52430152095 4.50515891461
-9999 -9999 -9999 -9999 -9999 -9999 -9999 -9999 -9999 -9999 -9999 -9999 8.53060098399 8.90992978832 8.44638607954 8.18413493582 7.73995410917 7.64971140745 7.3453063017 7.19365658293 7.15526879192 6.921390214 6.51689890387 6.54830066423 5.62089843779 5.70602754415 5.25363990121 5.37747721491 5.19758703978 5.02924894227 5.1734223995 5.33898716034 5.2029093454 4.61276845623 5.50950899871 3.49018870316 4.35275610842 3.12991627944 3.98892539031 6.05744437877 6.6434299359 6.50962359544 7.77211147055 8.1906488848 8.53298519119 8.49013146549 6.56344417052 5.213749324 4.27681183216 4.59996672674 4.42909393002 4.04969734879 3.59958245919 3.6722152881 3.51302351028 5.00191119907 2.83397772886
-9999 -9999 -9999 -9999 -9999 -9999 -9999 -9999 -9999 -9999 -9999 9.30068051275 9.15305211899 9.56184599969 9.33652480332 6.09090793974 7.40820692732 7.7760274547 6.951432113 7.03221441253 6.22497673517 6.15505420055 5.58449525668 5.68233539101 5.46736147737 5.40802838101 4.7510135453 4.68507449377 4.69945752737 4.5817466203 4.55206839223 4.68239838965 4.68391725738 4.64389197125 5.08393484707 3.88199770893 4.00342909891 2.50083228207 2.61980852146 5.48710709627 6.19517474297 5.80500058655 7.82720546101 8.50153019522 9.16018858653 9.12509427793 8.30397287298 6.7907393371 5.15441662776 5.23369324641 4.259216497 3.20987291595 2.87943165004 2.90029432722 2.69579391838 2.95452164488 3.84648911975
-9999 -9999 -9999 -9999 -9999 -9999 -9999 -9999 -9999 -9999 -9999 9.44768513542 9.79598368589 9.88618924294 8.87954958264 7.46487071485 8.2472542264 8.17254193055 7.03069372102 7.07779390576 6.53436430133 6.30149547456 5.75898327092 5.93082950501 5.65044533703 5.65276837818 4.32619685133 4.58112467206 5.26398589408 5.77878060272 5.60581065694 4.75486048049 4.62097845526 4.64673914546 4.9889967989 3.33361344586 2.95312885053 3.9252925704 2.85786645735 4.85804832765 5.74164287276 5.76742842861 7.32323365323 7.73020381538 7.90062142276 7.65527411598 7.73677817031 7.78731977056 6.72366940468 6.28886321286 4.21034769193 4.34481285056 3.8468908245 3.71122717735 3.48578618883 3.26021882997 2.58721481608
-9999 -9999 -9999 -9999 -9999 -9999 -9999 -9999 -9999 -9999 -9999 10.053712229 10.2047413123 9.98109828506 9.73188932753 9.65857813952 8.54141744072 8.73079285224 8.10197654112 7.92191395185 6.61690885838 3.48328228747 6.41708569478 6.16317518147 4.74742343576 4.74168737033 5.08384064036 5.14131586805 4.56153965036 4.37897304738 4.5358983824 5.68332199009 5.85716185619 5.61016658478 5.00744110075 2.51915496451 1.76927086427 1.29010905234 2.61147442164 2.995447342 6.07421665698 6.1239653769 6.18163451887 5.969588615 6.31140436986 6.29315818824 6.58419410874 6.62789191429 6.11504181641 5.90596625227 4.26711595772 3.09842596387 2.55498323175 2.49757240276 2.32175275727 2.65217867055 3.01922689859
-9999 -9999 -9999 -9999 -9999 -9999 -9999 -9999 -9999 -9999 -9999 -9999 10.297596407 10.1312229046 9.38309042258 9.57715811036 8.97521898466 8.91364819616 7.89529007227 8.16463384822 7.78173576431 7.75007719978 5.56386400388 4.69342838471 4.48856201604 4.4299920796 3.7225712804 3.90562088306 3.6000981453 3.22809431058 2.91166169857 3.90312992567 4.38494325892 4.63250414031 4.72405197941 2.73443290668 2.19310429003 1.56138672306 3.23098295281 4.46413377887 5.99644645581 5.58875522673 6.34222657995 5.7381912631 6.16415695938 6.25154404555 6.2856568192 6.35867598245 5.76996670179 5.72138677957 5.06663939163 3.4689014797 3.50527715472 3.76390799955 2.62477691318 2.69176787005 2.48408634898
-9999 -9999 -9999 -9999 -9999 -9999 -9999 -9999 -9999 -9999 -9999 -9999 9.71958413663 9.31404471132 9.84689024566 9.39499063026 8.87971431725 9.20352524004 8.64049720524 8.62290405003 7.87485810496 7.50351509076 6.43172638071 6.07560803129 5.14550699578 5.49451688767 5.49746803033 5.22069917618 4.4548961713 5.16173930899 4.46120000089 4.69860792989 6.10123681578 6.19731101483 4.63544348002 2.80674525312 2.10830009481 3.20631211657 4.36080489108 4.01528382621 5.69807523365 5.20332091091 4.97472533748 4.9216455878 4.96098230591 5.05839762992 4.95200208889 5.03647100584 4.67048373743 4.81310354038 4.50899904024 4.38626402481 3.78182343417 1.99059560079 1.47900125966 1.89128498361 1.44130601946
