data/recharge/transience/recharge322.asc
ncols                  80
nrows                 72
xllcorner      4374000.0
yllcorner      5656000.0
cellsize            500
NODATA_value       -9999
[rows 25 to 49 of 72, columns 0 to 56 of 80]
-9999 -9999 -9999 -9999 -9999 -9999 -9999 -9999 -9999 -9999 -9999 -9999 35.711218083 35.1483663035 34.6146652079 34.0849370634 30.3980448452 30.2928689602 28.2842399996 29.0614808594 26.0821836482 26.3458178672 23.8831093401 18.7444439411 20.1918141106 22.1876472312 18.9129819126 19.6578865486 17.2022211522 16.0809970953 14.1964555562 13.5220853082 13.3115854426 14.4398581695 13.755879057 16.854442229 16.8199029706 15.8568082763 14.0554099953 11.612651189 10.4693441869 9.63205186624 11.8748663272 14.1651190316 14.0206717019 14.2483675245 14.5033216291 14.4440353761 13.9551338263 14.7044951906 13.5648625094 10.6435778707 7.36294297158 5.88940020112 5.66879625358 6.17836785946 5.89814257647
-9999 -9999 -9999 -9999 -9999 -9999 -9999 -9999 -9999 -9999 -9999 -9999 -9999 35.9221741965 35.3235595222 35.1471078622 32.6762591472 33.1871618846 30.2245508212 29.5051542128 26.9388168643 27.2215375162 27.2697120577 24.7001959752 23.6336424095 21.8273107302 20.1291949602 17.5263440121 16.9563411875 17.6765063561 15.2518643941 14.6818020058 14.8126493527 15.489154884 13.1117118116 8.13527866316 14.3287990488 14.3269249374 13.0439760125 9.62268846237 8.420632581 10.874904406 7.69117455601 8.81845094857 8.07190631888 9.29072065443 10.8516484035 10.5240697297 7.0979806265 5.23096086234 5.10422412554 5.60577227041 6.10850361213 8.26779523756 6.95313255966 4.48258723598 4.46496057095
-9999 -9999 -9999 -9999 -9999 -9999 -9999 -9999 -9999 -9999 -9999 -9999 -9999 -9999 34.0527355001 33.4701797146 31.4495026389 32.2339551829 30.0536646344 30.6834424353 27.3260394107 28.2520999987 26.6145421544 24.6424453159 21.8091663448 21.4775808783 21.4031230776 22.1854832187 18.0495222849 16.2424202098 15.5165874675 18.7201383157 17.1396818489 17.7624076687 14.5171587915 11.9292843668 14.928963055 11.5401913777 9.89194209217 10.3806563846 10.4279182 9.69188912728 10.4232575844 8.6920978096 6.47933353217 7.49203764895 5.90046902367 6.79672556283 5.13473982695 6.31877795381 5.99452295221 4.36751218115 4.00309029665 7.47851252868 6.91857348793 10.3750822349 12.2792950489
-9999 -9999 -9999 -9999 -9999 -9999 -9999 -9999 -9999 -9999 -9999 -9999 -9999 -9999 10.3074320591 23.3876730886 31.6897128733 32.9154906482 31.2293944245 31.4692493828 29.8922351031 29.0337311322 25.5718567593 27.2779606878 25.5479717947 25.5606688249 20.5616292837 20.112986867 20.7882068683 21.367434764 18.0407564157 11.2664820759 16.1598324058 16.8007105001 13.7789043681 8.85681348638 13.3648015682 8.06817231561 9.47038070607 9.77950214798 8.48716522656 8.79980882723 7.91524231291 9.49888666311 7.98173634122 6.56407175121 5.6196696496 5.97747668919 6.71086508865 5.57863809321 6.55113531774 7.503054247 8.31358389965 10.9068482967 11.3214165819 11.7966179904 15.8309672688
-9999 -9999 -9999 -9999 -9999 -9999 -9999 -9999 -9999 -9999 -9999 -9999 -9999 -9999 16.5953386164 24.9948933033 33.6984787394 33.7824747891 31.4320636825 31.3174318715 28.9797154377 29.4689468195 27.4954859384 26.8044892523 23.8976597161 22.9694817197 21.6059507639 22.7971993627 19.2307177317 20.2508078014 18.335573836 18.3986865439 15.8860254096 17.2429039139 17.8414980437 7.48723902218 9.37097008207 10.6910342722 6.10863530651 8.94270057177 7.18486871957 8.26811102553 6.94560348003 7.21838885753 5.84496987708 6.72744409323 4.60786266263 6.50978477082 10.2245020345 11.2102823102 10.2134354497 6.86440665462 9.59714721925 8.68576570875 7.96877209536 9.31081880344 8.71456999041
-9999 -9999 -9999 -9999 -9999 -9999 -9999 -9999 -9999 -9999 -9999 -9999 -9999 -9999 37.1345648321 36.0815684635 34.6599400744 34.1118023025 31.8603391554 33.433557463 30.357797366 29.8819008247 28.6387307399 27.3952627162 23.879584901 24.5557758672 21.0354275031 23.6798571579 20.3107298379 19.9420216344 18.6004593374 19.5698299929 17.8204075596 13.5728318346 7.71629867971 7.7549068563 6.94352731978 12.7447949789 6.01600597874 8.04080733291 8.52283205482 5.94251157257 4.76268076437 5.22175033227 4.34047119483 5.07975588713 8.59014038725 10.0074320348 15.508233988 16.6198718048 13.5301447077 14.574757342 11.1426521642 10.9532070783 10.0773320222 8.71568789729 10.1166217486
-9999 -9999 -9999 -9999 -9999 -9999 -9999 -9999 -9999 -9999 -9999 -9999 -9999 -9999 -9999 35.6304770581 34.3831309299 32.7794102361 31.4898328672 31.254909393 28.7218254229 29.5037534948 27.6528731642 27.4358253012 23.8714883049 24.1525013102 20.7881641436 21.1329925996 13.9608739694 19.8854838853 16.8423395966 16.6680454763 15.0725658667 12.5042051904 7.99619466556 8.0290280078 7.40381572616 7.3339181778 6.96324276234 6.75557781826 5.83606525675 8.21929692526 3.86424080451 4.04578726612 4.08979671237 4.43677526092 4.06063082427 4.52179610322 6.87367480644 7.77548048988 5.53155694877 4.80230121207 7.85958960293 11.6489103801 11.4389177823 11.3242602648 10.5932373692
-9999 -9999 -9999 -9999 -9999 -9999 -9999 -9999 -9999 -9999 -9999 -9999 -9999 -9999 -9999 -9999 33.622915141 32.4905194758 30.4011301181 32.2087004224 31.4648073233 30.7013134663 27.0956346243 26.3238156895 24.8385453667 24.1471685094 20.8423291815 20.8698049684 13.4886790612 19.3851204048 17.5480903821 14.7849812942 9.92231409173 6.76402888741 7.74519047786 8.09389612506 7.73049595998 7.9944031199 7.72162453593 9.91214128303 17.4083862277 16.7978207557 13.695307385 7.31833284055 3.40171491115 2.42208089036 1.7930308818 6.09863092812 4.80493393278 3.41787515665 5.44873638192 8.55993959592 6.79899679514 5.43827047134 6.6913199082 5.8508656688 5.54723723347
-9999 -9999 -9999 -9999 -9999 -9999 -9999 -9999 -9999 -9999 -9999 -9999 -9999 -9999 -9999 -9999 34.2412505311 34.267242308 32.7299948207 33.2372757464 30.0279959849 31.18190428 28.2716545598 26.3603215807 24.6684394586 25.6105989704 21.5912139335 21.8645767625 13.6115255959 18.4781497031 13.6962611596 10.3366810059 11.3543680804 8.30917993683 8.48516918106 7.94010771854 9.49313681198 8.08558624082 7.66856779273 7.95343458674 14.4378172072 11.8549010222 14.8554838108 13.888335971 9.24932036097 6.37071574777 6.99427282829 7.68889487216 3.24676613451 4.49676767588 6.84712055486 7.22011176642 9.59245112097 10.0942504353 11.9093517785 9.22914267763 5.61039226541
-9999 -9999 -9999 -9999 -9999 -9999 -9999 -9999 -9999 -9999 -9999 -9999 -9999 -9999 -9999 30.0663069548 30.3399969805 30.9898015142 32.6474669244 32.1491362988 30.5463959251 29.6391443305 26.7399896898 25.9793052226 23.3696193124 24.2497499007 21.6482934327 21.7148434863 16.946604183 20.0479060804 17.3842175928 17.6672697491 16.8206507035 14.9619159808 13.5295776163 15.3277829855 13.5257431801 12.7654196975 10.9851058827 6.79405124557 11.3590285666 11.2170390686 8.03095125261 7.88898886833 7.44848330975 5.37447651788 6.76541805592 7.35257164521 5.79342758623 6.54938853773 5.11509067452 3.68868989851 4.53294571566 5.24379867053 6.15830262754 6.37562607708 7.3137185474
-9999 -9999 -9999 -9999 -9999 -9999 -9999 -9999 -9999 -9999 -9999 -9999 -9999 -9999 31.5305737754 31.1480997314 30.7602574739 27.5147400603 29.9800284442 31.7190569067 29.8086248601 30.3855192274 26.630826569 26.9156406775 23.1285903123 22.869751084 20.3120178955 20.5776640104 19.0425854745 19.0622539311 16.3484756066 16.5882336135 13.3976048354 13.2764358659 11.8146254353 16.8867750544 14.8640904871 11.9004759241 6.01307390633 10.7976141981 11.1972394731 6.5069811669 5.73929150274 6.38303566499 3.81397114666 3.1387077034 6.18878738206 6.29126124481 6.27849484369 4.88948388778 4.34328148591 4.2859508227 4.9902075742 4.84159346557 4.70546833607 5.11613869203 5.17599963135
-9999 -9999 -9999 -9999 -9999 -9999 -9999 -9999 -9999 -9999 -9999 -9999 -9999 -9999 32.0469814928 32.112795295 30.7148985844 26.1547976224 23.8157408554 25.1614133577 27.0309331383 28.605247278 26.1944058281 26.6441821641 22.2567281926 20.9173045421 18.3727301124 18.8116366684 16.6895202561 18.7846020593 17.4784105294 17.7761565248 15.1893885845 14.404917463 12.0156669542 15.6810508208 16.3953922013 18.133794368 12.8012830421 13.0113525006 14.6513931771 13.9833444386 6.94273346541 6.244931282 5.08223390423 2.6609652646 4.91327118877 8.27470979005 8.52022636995 9.8879715914 10.0880033211 10.0151511391 7.85244892234 6.86585203927 8.04453637865 7.71412433009 5.94438585956
-9999 -9999 -9999 -9999 -9999 -9999 -9999 -9999 -9999 -9999 -9999 -9999 -9999 -9999 -9999 -9999 31.0792121429 28.0529050313 27.575957342 27.381994237 26.6360374137 27.4459121808 27.5391388296 27.4988316534 22.9250868599 21.1470919394 15.2039013343 15.7705049552 13.2373552404 16.448713848 16.5078041708 15.5273232565 14.5464481745 13.3539336886 13.1540832461 13.2257402109 14.0484610587 12.9476077524 14.9761710531 14.3660628311 10.0450855261 9.72655917861 12.4913019028 10.7880973808 3.39968298448 4.21491642561 3.55671354256 4.15978688106 5.68581128285 7.21215283081 7.19433161722 7.42130029593 6.70492420675 5.69760795051 3.66194896741 3.98442938994 6.79809184259
-9999 -9999 -9999 -9999 -9999 -9999 -9999 -9999 -9999 -9999 -9999 -9999 -9999 -9999 -9999 -9999 28.0726826753 27.7512454272 27.5334357973 25.4132206069 25.3848091319 26.1220207152 24.5326343684 25.25766158 24.3027163657 22.2552041621 18.3048699594 17.8523479007 15.7020156006 17.1905882096 17.4780413194 16.9941196892 14.759053369 13.8695982699 10.8644418807 11.3964457543 11.2988132834 12.4831776975 9.1262762607 8.18313146249 9.37233578821 11.3066588848 9.1461488317 10.7965945305 9.19540509908 3.38785877129 1.36741377424 2.54124989637 4.71297869114 3.40355006892 2.60838569339 2.66343684797 2.04928658911 2.41610084373 2.37845479325 2.40052827748 2.49141656462
-9999 -9999 -9999 -9999 -9999 -9999 -9999 -9999 -9999 -9999 -9999 -9999 -9999 -9999 -9999 -9999 -9999 -9999 27.6322098984 26.2740292922 24.4099648393 25.3109113246 25.6976501331 26.5507140575 23.658984545 23.1055718939 17.4518733142 17.2216594844 15.8595888557 16.630686739 13.9574402119 12.8226153691 12.0778586916 13.2087190176 10.7259892995 12.3578702917 11.867030375 9.59158146101 8.58587682227 10.6504085305 8.1087667078 7.24616500455 6.65238808713 6.60164004802 5.13874086712 5.37980442809 1.79703393127 1.82542523472 3.17803212078 2.45535521461 2.89830473809 3.18889716965 2.10094896653 2.17066129207 2.61788653439 2.86674961993 2.73844974487
-9999 -9999 -9999 -9999 -9999 -9999 -9999 -9999 -9999 -9999 -9999 -9999 -9999 -9999 -9999 -9999 -9999 -9999 -9999 24.0663322711 24.0112964301 24.564265066 24.6129597942 29.3009271478 25.3873080491 24.7033790605 19.3280456316 16.8864204145 14.1216838208 13.7497180615 13.2691049373 12.9230608103 11.0197782207 10.8424841872 8.79998951075 8.47815457278 7.85128648624 9.9877875012 8.38813885774 9.25272140814 6.97510407517 6.34327673702 4.85309740715 6.23138983179 5.97382091268 6.27834739135 3.77606999502 1.41664955879 0.994980874948 2.36748955117 1.94189651883 2.37242335899 1.83229344395 1.8108467263 2.30628269031 2.18605634482 1.78584463356
-9999 -9999 -9999 -9999 -9999 -9999 -9999 -9999 -9999 -9999 -9999 -9999 -9999 -9999 -9999 -9999 -9999 -9999 25.9455529631 26.6164715004 26.721289687 26.5018275093 24.7208876005 27.6388207849 25.0625386925 25.0542354436 20.2059058046 19.6991906007 15.5306659736 14.7616244706 13.06720638 7.67434646313 12.5782141285 12.0606970719 10.9001643846 12.1094103165 13.0397577506 12.6956998564 11.4865292895 10.9799729171 9.57717222675 6.96512601152 5.72209764806 6.93506303176 6.00609613854 6.59417478947 5.4941565296 6.6747558313 3.43175448865 1.43286438027 2.65878893829 4.16459020806 4.72541364597 4.63178335056 3.40981717468 2.88837698787 2.60028220064
-9999 -9999 -9999 -9999 -9999 -9999 -9999 -9999 -9999 -9999 -9999 -9999 -9999 -9999 -9999 -9999 -9999 -9999 -9999 28.0608859021 28.0001248254 27.5993676483 24.9574502684 27.5010917343 26.4783951615 26.2156742744 20.6557379967 20.3840064602 18.0520093673 20.1851727924 16.5021989776 16.5296307284 16.2179643112 13.1498479213 11.6562292847 10.6242824066 7.42669195346 6.44204985034 5.13056280062 5.13067381199 5.12093519971 6.91288960504 7.35219774989 8.1521362707 7.69172861185 10.3589258971 6.91336593444 5.11301107161 3.95303544855 1.91078467263 0.586782167017 5.39364206967 6.00358185619 4.93213642178 5.35049932055 1.28926853199 1.518811273
-9999 -9999 -9999 -9999 -9999 -9999 -9999 -9999 -9999 -9999 -9999 -9999 -9999 -9999 -9999 -9999 -9999 -9999 -9999 -9999 26.6676645736 27.3730302493 25.0544678418 26.6924326214 24.6912277576 25.8389152561 20.3512627487 20.7684794773 21.313004498 20.2624773154 17.6013343149 17.1885798412 13.9965619964 13.1822236233 11.154388003 12.5655747957 10.1879211667 10.9283628542 10.2272524717 9.48288876995 6.83369572473 8.81421400078 8.57839457646 7.61418301564 9.30920707068 8.24813615919 6.64972254718 7.48660715518 6.20393457092 5.20562229052 3.07214351105 1.63371931145 0.701946163332 0.940208750579 4.62059945329 0.971742802798 1.0337115795
-9999 -9999 -9999 -9999 -9999 -9999 -9999 -9999 -9999 -9999 -9999 -9999 -9999 -9999 -9999 -9999 -9999 -9999 -9999 -9999 -9999 27.1615290838 25.5892976435 25.9375700532 23.4817152461 22.4912885399 20.5348732081 21.7605690908 20.2085893491 19.4698095944 18.1055885667 19.2981224385 15.5689073976 11.3279234856 15.3449902549 14.2440044296 11.1558516995 8.40960514613 7.12523599284 8.06290726438 9.81008142856 10.2324872515 10.5883923691 7.83168902038 6.20841473965 4.51261765545 5.60660362701 6.25778876972 5.89782116669 7.27788130527 6.72471553628 6.49294295876 3.23240047092 1.31231601264 0.379283773632 0.49508575183 0.609637394522
-9999 -9999 -9999 -9999 -9999 -9999 -9999 -9999 -9999 -9999 -9999 -9999 -9999 -9999 -9999 -9999 -9999 -9999 -9999 -9999 -9999 25.7538077459 24.5468710005 24.5464043919 25.086422372 26.1720455775 22.7445580738 21.1891195487 19.5995437808 21.3239378962 10.9462768832 19.1654051611 16.4216078737 14.701208278 10.2192338892 11.1202047384 9.30460909778 8.829262991 7.49526366864 9.03258733618 9.90343443789 9.55765306404 7.31913854343 7.08171352848 8.29602039355 7.89040379435 7.05611079602 6.86358515137 3.92092939799 4.45271570188 5.55310510671 3.9316593615 2.35421934002 0.779264899522 0.687748947401 0.413271441082 0.462758293747
-9999 -9999 -9999 -9999 -9999 -9999 -9999 -9999 -9999 -9999 -9999 -9999 -9999 -9999 -9999 -9999 -9999 -9999 -9999 -9999 -9999 -9999 24.8455075546 25.9669567423 27.356239978 27.0278334345 23.1964218504 22.5150444942 17.7772631565 19.1638495192 18.8707558115 19.4670620189 15.5346791183 15.0576292207 14.5651690203 12.6173551333 10.8717713117 10.2946068307 9.28029961048 9.27123110271 9.91960188996 6.77106399956 7.01218509182 8.95159398052 4.7345859366 4.1896530188 2.93757696365 3.79419665061 5.12633899336 7.92157887078 3.43436439047 4.93857553715 5.285247533 1.08538109781 0.394031554298 0.34456351064 0.400489385689
-9999 -9999 -9999 -9999 -9999 -9999 -9999 -9999 -9999 -9999 -9999 -9999 -9999 -9999 -9999 -9999 -9999 -9999 -9999 -9999 -9999 -9999 25.2100958432 24.9086708261 26.8283315824 28.0941466699 24.2967053452 20.8381102159 19.2610458204 19.6635341089 17.5762789826 17.8353897489 16.6030170141 15.5369034915 12.7816765065 14.8993096687 11.4453274456 10.1256397157 10.5803874544 11.3296787346 7.75741651284 10.0847358619 7.1558879065 5.514565576 4.57569782514 5.6996605231 6.30978423442 7.14544161115 3.91007063319 3.81395326118 3.42916109328 6.60976596567 0.764405315041 2.19989362466 0.997995452829 0.852257109713 0.601879974495
-9999 -9999 -9999 -9999 -9999 -9999 -9999 -9999 -9999 -9999 -9999 -9999 -9999 -9999 -9999 -9999 -9999 -9999 -9999 -9999 -9999 -9999 25.1899962649 25.8593661506 29.69396555 29.1208596849 25.2109858867 23.1129378705 19.9831962866 21.9150493347 19.2588450843 18.0961433 16.0785504336 16.3217004672 15.6979666887 12.8580038316 11.5025240894 13.7530239414 11.8189972017 11.0423694891 10.1242244686 8.28364889015 5.25919161753 6.84578444678 8.13623977979 7.50666434945 6.93101229363 5.92574961345 4.33033960647 4.33825507877 5.66219332981 4.53783373061 1.67364058191 1.71205044552 2.04548377867 2.33496810528 1.00789196938
-9999 -9999 -9999 -9999 -9999 -9999 -9999 -9999 -9999 -9999 -9999 -9999 -9999 -9999 -9999 -9999 -9999 -9999 -9999 -9999 -9999 -9999 -9999 26.4196095028 30.3534748111 29.4669918106 24.3350781396 21.851690136 19.4926442112 21.4499790738 19.3395485986 20.1135215163 18.1286966552 18.6694737843 14.6550443485 15.4841975603 14.4093177589 13.3111902547 9.10908097632 8.37190945163 5.64765531165 7.80073892008 9.1015122025 9.16716858105 7.64771762575 6.75675261756 3.57022864141 3.18599865562 2.9975782558 3.24900097397 2.61309731534 3.25947258452 3.47606183266 3.80959730631 1.23231512884 0.869642029955 2.57162530041
