data/recharge/transience/recharge324.asc
ncols                  80
nrows                 72
xllcorner      4374000.0
yllcorner      5656000.0
cellsize            500
NODATA_value       -9999
[rows 26 to 51 of 72, columns 0 to 56 of 80]
-9999 -9999 -9999 -9999 -9999 -9999 -9999 -9999 -9999 -9999 -9999 -9999 -9999 42.0854492967 37.401638312 35.8073720561 38.8796389412 40.5637817532 38.0883436043 36.7090500079 32.3099420356 31.5720407489 28.5058960882 24.7257200528 31.8773625648 33.4374663178 33.5929135768 33.6141249365 31.9504399209 32.2035374396 29.6712988179 29.6006824792 26.9728019195 42.4304719136 35.2522800182 16.3453730551 29.2198285987 36.3942871544 28.401720237 21.5857680139 20.1339611471 23.7469988155 20.4331714306 23.5083756279 24.3670643635 25.9756201814 24.2275728913 23.8930113033 22.6483220469 17.7075978054 15.6492441459 16.2014683497 16.4418954926 18.3610653043 12.6698754206 13.694661109 13.4919283313
-9999 -9999 -9999 -9999 -9999 -9999 -9999 -9999 -9999 -9999 -9999 -9999 -9999 -9999 39.3872939194 36.5443680579 35.6080695257 39.287684662 38.4271231363 39.0105440634 35.2643639053 32.2721190735 29.244080293 30.7477160738 35.364352142 32.401025185 30.7487120633 31.93709353 32.1616328264 31.8769567679 30.0929008966 27.9455207683 26.6395294077 41.7712921784 37.034342383 25.1841801756 31.9560314065 26.7427490357 21.7437695251 20.2224105512 19.7034862237 21.5076127227 22.9500680004 21.4931048716 18.5737441124 19.800727475 17.1108680854 17.777916049 15.6140994697 17.2710742903 16.7044709686 14.2806242413 13.2957251708 16.7731980319 10.5270804869 16.1313119401 23.2131908297
-9999 -9999 -9999 -9999 -9999 -9999 -9999 -9999 -9999 -9999 -9999 -9999 -9999 -9999 11.2493063165 24.8857688149 35.3626204929 40.4446691234 41.3745451486 40.1704432629 38.9988171708 34.8027499974 31.9007964214 30.8941424775 29.6955417129 33.0006081336 31.0959947375 28.9923329036 28.5001949725 29.8394353926 22.6638888038 12.8275077758 26.4055484926 30.3150361221 35.94663243 17.878030447 30.5155272799 20.8099672362 19.0409835688 18.5972067812 19.3893778617 19.8722369375 18.8942974465 21.5280719339 19.6832977707 18.0631079142 15.6221630793 11.8377848352 12.5229437686 15.7068585325 16.8791852556 17.9932176625 18.6082521136 22.1994056549 22.5059805613 22.4743079307 32.3969088219
-9999 -9999 -9999 -9999 -9999 -9999 -9999 -9999 -9999 -9999 -9999 -9999 -9999 -9999 17.3138467184 25.286728897 36.9560745757 45.2240097641 40.5245668251 39.1157582347 39.0563998952 37.4795064228 34.4247959555 32.2692142599 30.8738293933 30.5968055312 29.0543647742 29.0041096156 28.4058642685 28.3502534908 26.8364364644 25.6074480375 26.5142261869 36.2180646966 38.0298218707 14.660917093 20.1864671631 29.804192957 10.2080798113 16.9074011002 18.353982654 19.4980493196 17.694084752 18.0520679946 16.895852818 18.2584448121 14.720930995 17.385146015 20.7632313891 23.6423339951 25.0509989993 21.3414994507 25.3760783924 23.9184400036 22.8272885457 24.6242974856 20.5072861539
-9999 -9999 -9999 -9999 -9999 -9999 -9999 -9999 -9999 -9999 -9999 -9999 -9999 -9999 41.1094807061 39.0991915569 35.9069596424 38.6707459871 35.6301173141 36.4735273316 37.025547022 37.3608777924 33.7955124981 35.0410783152 37.589932408 36.4323710722 30.9312174035 29.2431634575 27.9304251202 28.2088649066 27.1857649433 27.044590491 26.3968593367 20.5600398193 14.7860087457 14.8232595122 14.1829328968 28.5651710329 13.2117237734 17.9521345815 24.8959025611 17.9800835738 14.3583786064 15.0432312123 13.787976822 15.7424300742 21.687308278 26.6314834901 34.5029964318 35.7794012098 31.2134672088 31.8297612269 26.6620331895 23.1770332925 20.4538073668 19.2248769236 20.2828053429
-9999 -9999 -9999 -9999 -9999 -9999 -9999 -9999 -9999 -9999 -9999 -9999 -9999 -9999 -9999 40.5614654465 38.5929182682 38.48686932 33.4439443117 34.5916943171 40.2126770237 41.4518239262 33.3763347906 34.1451883772 38.3597804258 33.9612889575 29.5094582093 28.9952121595 15.2643708055 27.4623580418 26.7178216779 26.6950269273 25.4759793978 17.8084065224 14.8839113541 14.899141373 14.3415628654 14.3247024805 13.9457169865 13.8739675986 13.2858247816 19.7996799861 16.2942288 16.4764445577 15.0343111266 17.4437207661 16.1667678673 17.2351347562 22.7259770648 22.6171292846 15.9152968201 14.8556642842 18.4062730521 21.6528320173 21.4737530218 21.3970711385 20.6654023424
-9999 -9999 -9999 -9999 -9999 -9999 -9999 -9999 -9999 -9999 -9999 -9999 -9999 -9999 -9999 -9999 38.1208502628 41.5977170195 33.6981015383 35.8279596633 37.4283465652 39.5372434819 34.5336039187 39.351680189 40.2990811972 38.5856703779 34.6633061609 28.0851944633 14.7658057719 23.8104481548 26.9437044567 17.7167263001 11.7618774974 7.97128565454 14.8820539721 15.0046251088 14.6014632865 14.6877709446 14.3573985408 19.0676181503 35.0763822878 34.0976931036 32.1617991603 23.9468213952 14.4506447957 11.5366592523 9.14129484449 19.0647119946 14.7350719459 12.2859796807 15.5500656975 19.1908749394 17.4922424832 15.719216488 16.9384168978 15.8916821172 15.2962070725
-9999 -9999 -9999 -9999 -9999 -9999 -9999 -9999 -9999 -9999 -9999 -9999 -9999 -9999 -9999 -9999 44.6859051446 43.6196760243 36.4736663516 42.9932586683 40.1853921436 35.2118533057 33.9273212017 38.4564993444 39.4079726042 39.1060975715 34.5373909448 33.5374061475 15.6582771978 22.9265442272 16.598401314 11.9468889694 13.6572313751 9.37306737567 14.5090597817 14.928206758 17.930188892 14.7024202822 14.3320438462 15.7712016575 32.8736662946 25.9100643124 32.4829221295 33.5732715096 26.411837985 21.3594643723 21.9618696664 19.5892636885 11.9562457704 14.2551556939 17.3243401685 17.7515512779 20.3454926802 20.7887087865 21.72676545 19.595035121 15.38754313
-9999 -9999 -9999 -9999 -9999 -9999 -9999 -9999 -9999 -9999 -9999 -9999 -9999 -9999 -9999 40.5930825664 40.9796615651 40.5578837048 42.6181593901 40.7685227288 39.8896898953 35.3324540321 33.1698737658 37.4378729926 37.7906661181 38.8139948897 35.2521312501 34.928404881 20.4907024919 25.8696416712 27.3048070767 27.552532956 27.0149308916 22.1818071495 25.799132159 36.7700666034 32.4931460083 30.1851935334 26.1786166467 15.176376727 29.8042417981 30.6990377748 25.5384365101 25.2853699419 23.534614279 19.3955368272 17.7324796604 16.864990144 15.9018794421 17.0343166177 14.9161915534 12.5416858919 13.9567004543 15.0653949545 16.2227955201 16.5038572896 16.9864374358
-9999 -9999 -9999 -9999 -9999 -9999 -9999 -9999 -9999 -9999 -9999 -9999 -9999 -9999 44.0922377784 42.1854187131 41.4213547734 41.3167812558 41.7230287644 41.5497080115 43.0939881933 40.7866199954 38.8561557563 38.2163077538 35.2879233004 38.1263314579 35.1551264871 32.3077286668 27.5541413549 27.7936932299 27.3336893273 27.8084565681 27.70638118 28.2134818982 26.6115322021 39.4498476964 32.0568622551 27.6027342259 22.262813892 30.3622369985 30.1511613579 22.9759879996 21.0457938439 22.4055912028 15.6440800603 13.7839061185 20.6305075771 19.6383423222 16.7051271012 14.7465875594 13.7281133914 13.6284492623 14.6866720175 14.4386961851 14.1327588729 14.7706937284 13.9083093933
-9999 -9999 -9999 -9999 -9999 -9999 -9999 -9999 -9999 -9999 -9999 -9999 -9999 -9999 46.678074366 43.2666678138 42.7131995264 42.7994422594 40.4794402643 40.6734787928 40.0496799178 41.3402359528 38.3575797427 37.6313359145 34.0064889436 35.9773627212 36.081143746 34.2878408774 30.5390257958 28.2776607628 28.0898318853 30.0397831534 26.9386035039 26.4892256205 23.8432531173 30.8561206542 38.9487570842 40.7676180921 33.837144121 34.105692188 35.3474927069 34.5698945026 23.1650751282 21.7723111226 18.6529011172 12.2629543403 17.8545611809 22.5648789825 19.3661920404 20.6512615726 20.5968745205 20.5574030185 18.1630045645 17.0626310668 18.0853553531 17.7602767082 15.5722770104
-9999 -9999 -9999 -9999 -9999 -9999 -9999 -9999 -9999 -9999 -9999 -9999 -9999 -9999 -9999 -9999 44.1977505283 42.8808896684 42.7453581463 41.6405198174 41.8254070875 40.2746906878 39.1589546176 38.5511477264 34.4788641984 36.9215826027 34.8453280933 35.0445937672 31.9151932677 32.2756013898 31.3630732101 29.441809409 26.6330150087 25.8721681145 24.6623624666 24.7153046058 29.8966428724 34.0003807923 34.8454117941 30.7770917099 24.9589715804 26.1386419198 29.5447805107 28.838551955 14.4308651159 16.5836587268 14.5083996775 16.0468790322 16.0177524022 17.9661676056 17.7498410743 18.0063456541 16.8515344212 15.5368342229 12.1011529831 12.6796573928 16.7540652251
-9999 -9999 -9999 -9999 -9999 -9999 -9999 -9999 -9999 -9999 -9999 -9999 -9999 -9999 -9999 -9999 42.8926113878 43.6388116034 44.1408704343 42.5445357362 41.9665187898 41.5070507628 38.6476657428 38.8782111346 35.8130617441 38.0124433509 35.7530518906 35.9579002294 32.9564312746 32.7153118341 31.6989221223 31.5853677746 29.4949083981 27.476429128 23.2231907625 23.6374355826 23.0073834714 23.8260318165 20.6864332506 19.6562403392 20.5012439962 22.3683363862 15.4114249418 19.6990622311 24.8948518076 14.4196182005 7.42746297908 11.7468347117 14.5183901724 12.161482712 10.2358236896 10.3562379628 8.53579617587 9.44056836261 9.08672413185 9.12517012278 9.34042530841
-9999 -9999 -9999 -9999 -9999 -9999 -9999 -9999 -9999 -9999 -9999 -9999 -9999 -9999 -9999 -9999 -9999 -9999 44.0529288012 42.9453453563 43.7579119494 42.4799188664 39.6701962811 37.8088110937 35.2388356593 36.4551508288 35.4632868083 35.0865652244 32.2680640714 32.5785071439 30.3805185897 29.8140710479 28.240121954 28.2510584911 23.0939160073 24.2954090061 23.4201017333 21.5831623031 20.082867858 22.2301937645 19.1093082981 18.0609375993 16.8083290812 16.7413850898 14.1771561419 17.1254615389 8.99404501809 9.12046833392 13.4867283647 10.7158776665 10.8556554248 11.4512036073 8.68774604904 8.87411576849 9.64855995189 10.1773047717 9.912154522
-9999 -9999 -9999 -9999 -9999 -9999 -9999 -9999 -9999 -9999 -9999 -9999 -9999 -9999 -9999 -9999 -9999 -9999 -9999 44.0510339259 44.197560519 42.9857371885 42.5666100886 40.3238359304 36.7220959516 36.3543413968 31.0582754647 34.1073803536 31.1287168842 30.9846471288 29.0300518525 28.6877470839 25.8496868094 25.7865845206 22.5339205714 22.1355784395 21.0285824288 22.6336906605 20.0027695855 20.7640198787 17.6107406831 16.7877338592 14.1543266058 16.2734474649 15.4960406948 15.9273925149 13.7048600398 7.60614649329 5.69420159761 10.7503357777 9.23001515209 9.44847116301 7.82805231841 7.77118826209 8.83491182182 8.53923116741 7.37072037887
-9999 -9999 -9999 -9999 -9999 -9999 -9999 -9999 -9999 -9999 -9999 -9999 -9999 -9999 -9999 -9999 -9999 -9999 42.3024463062 42.590306916 43.9016269893 43.7025486428 41.8066795954 40.8742045105 36.3437163952 34.2928862652 27.9931813092 31.8699515657 31.645775979 31.469985774 22.1309969226 11.9556528275 25.0819959008 26.7753834959 25.0748126669 25.9925613526 26.0773986864 25.8730607568 24.2866213579 23.4921271173 20.7318316886 17.6069731814 15.512250611 15.6350364283 15.1893910599 15.5018273481 14.3951864348 20.6576874268 13.6955196559 7.42903510154 11.263449128 15.3676212117 15.3335063692 13.5621945376 11.1920939144 10.1401046902 9.33965921492
-9999 -9999 -9999 -9999 -9999 -9999 -9999 -9999 -9999 -9999 -9999 -9999 -9999 -9999 -9999 -9999 -9999 -9999 -9999 43.0565620041 41.8712734524 41.7834269311 41.7967064439 39.6929763075 37.3432127902 36.5503324459 30.4753873831 28.4243906769 31.7487362771 31.6070580803 20.2563664434 20.3894198234 30.0880437434 27.6103332575 23.8373820978 23.1396372386 21.0515242295 19.813822223 17.2216787702 17.2388519921 15.9540668311 17.6239003694 17.5215219448 15.9246779107 14.0352206096 20.3408026945 16.4940390593 14.5152071621 14.8208124016 9.15615114297 3.75616272793 18.5449383321 18.3633484374 12.0771770096 17.3035796674 6.61308181651 6.79964974837
-9999 -9999 -9999 -9999 -9999 -9999 -9999 -9999 -9999 -9999 -9999 -9999 -9999 -9999 -9999 -9999 -9999 -9999 -9999 -9999 43.7294999989 43.1535468978 41.4232400215 40.5088512887 37.1901897185 36.5027553193 30.5811988189 28.4762261913 27.9834554807 28.0669247875 27.8906207491 28.0049924468 30.1444817029 22.7008541405 18.8960251279 23.0371243983 23.3476005325 23.4055907528 22.4876612597 21.4788389173 17.6456279241 19.8088405984 19.2457559525 18.1215880634 19.7358900857 18.5423517936 16.1302291516 17.2169800719 15.8506837599 17.1894885641 12.2035033311 7.79964506201 4.09246918442 5.37729376459 16.4626517872 5.0872615137 5.20113541927
-9999 -9999 -9999 -9999 -9999 -9999 -9999 -9999 -9999 -9999 -9999 -9999 -9999 -9999 -9999 -9999 -9999 -9999 -9999 -9999 -9999 43.7863622313 41.6519590335 40.784307332 35.671835275 35.4842044981 30.5296984304 29.5296760243 28.7455256109 28.9803222044 26.7360563002 28.7468213816 31.1339979964 17.9956533815 27.2435910336 27.2410163683 22.9984460805 20.9716958831 18.8180933898 19.5787581032 20.8783896896 21.228321832 21.2766655322 18.5915892186 16.0831710742 13.4172114724 14.8471878398 15.8014031305 14.9229403534 16.7894584905 15.8413459189 15.1446833862 10.9815854751 6.54269707373 2.49335537716 3.05164665262 3.47420730208
-9999 -9999 -9999 -9999 -9999 -9999 -9999 -9999 -9999 -9999 -9999 -9999 -9999 -9999 -9999 -9999 -9999 -9999 -9999 -9999 -9999 42.6127015747 41.5897511117 40.5280439119 36.5926251787 35.3129441369 32.3206160688 32.6303504845 32.6951489166 27.8392253525 12.5504895821 26.4779214694 32.5205813783 29.749754987 24.1948281236 23.7871161478 21.4290299841 21.5227634593 19.6089669434 20.9368694395 20.9380725367 20.6422603779 18.0428730255 17.7378701026 18.7371274215 18.252765747 16.8535809218 16.609166834 12.0500396178 12.6471687692 12.7891290246 9.48781471348 9.76805480911 4.39276107395 3.92053892899 2.66067077803 2.81263303445
-9999 -9999 -9999 -9999 -9999 -9999 -9999 -9999 -9999 -9999 -9999 -9999 -9999 -9999 -9999 -9999 -9999 -9999 -9999 -9999 -9999 -9999 41.9263738067 41.4695691972 40.4690205765 38.2368331157 33.3280465252 34.2446671061 34.0481582586 34.253859477 32.6357103599 32.6290400193 31.4085434953 29.6052624124 27.0422869823 25.7905333224 23.4351995649 23.0131976033 21.7297586684 21.5000557559 21.2465863234 18.0250347378 17.8440164889 19.8689625139 13.9530232886 12.8778738944 10.5965587983 12.4178034716 14.5113902079 16.4722975227 6.98722470385 12.0490600696 17.2749284712 5.56269478414 2.5001258278 2.25874863669 2.46157952888
-9999 -9999 -9999 -9999 -9999 -9999 -9999 -9999 -9999 -9999 -9999 -9999 -9999 -9999 -9999 -9999 -9999 -9999 -9999 -9999 -9999 -9999 43.0935044048 41.6563588726 39.5830509308 38.454909414 35.1410006482 37.2289182867 34.1987425564 34.6245028157 33.1213708932 33.1128000879 31.2424225714 29.1616410556 25.8755629635 27.1854760439 23.5755567725 22.8367210082 22.571472097 22.8269086266 19.16743623 21.395570892 18.0011818246 15.8849107375 14.0003172215 15.4318857586 16.513178596 17.0812452411 11.8059852684 11.6565753312 10.7550845937 19.3325534258 4.2737406314 9.3416145055 5.0706968006 4.49958276971 3.36320429382
-9999 -9999 -9999 -9999 -9999 -9999 -9999 -9999 -9999 -9999 -9999 -9999 -9999 -9999 -9999 -9999 -9999 -9999 -9999 -9999 -9999 -9999 44.2032949762 42.4862723745 41.88893811 38.5184683541 36.5132553809 38.241372151 34.9298743392 35.6389609539 34.5205252012 34.3205566835 32.6459303366 31.2649275948 29.1833348391 27.5113854814 24.6966667937 26.2533423905 24.0244072808 23.4749632323 21.5590103222 19.8155381659 15.5375096729 17.6564457867 18.6804227421 18.0349250809 16.8944760922 15.5174300534 12.5727893142 12.5901645553 14.377327992 12.5967638632 7.66665680514 7.88759378244 8.7379719973 9.61490797794 5.03298797449
-9999 -9999 -9999 -9999 -9999 -9999 -9999 -9999 -9999 -9999 -9999 -9999 -9999 -9999 -9999 -9999 -9999 -9999 -9999 -9999 -9999 -9999 -9999 44.4087102345 41.2313441838 39.0535498924 36.7385644415 38.3541953255 34.9287927913 35.2857419014 34.340721429 34.7065290404 33.1753836983 32.5926556821 28.6615684193 29.0946186418 26.6515500127 25.9527342876 21.732330627 20.9477988529 16.6361020875 19.282428785 20.1911816932 20.1381708133 18.2002837875 17.1721964139 11.7244128748 10.7191685556 10.0128331831 10.5376542728 8.90018608748 10.2513300619 10.5030200153 13.2988451546 5.97884568439 4.51244459143 9.20180287121
-9999 -9999 -9999 -9999 -9999 -9999 -9999 -9999 -9999 -9999 -9999 -9999 -9999 -9999 -9999 -9999 -9999 -9999 -9999 -9999 -9999 -9999 -9999 43.555219726 42.020576578 39.0116841696 37.4740302292 39.3671742879 36.5244357813 35.8370348219 35.2266817127 35.6486668118 34.5938771568 34.4649224724 31.05185362 30.5697925594 27.0515419892 26.1752807866 21.6358157172 15.9491655728 23.7704952677 24.3571217781 22.8352241984 19.816115817 14.7899075454 15.5131415888 16.1447383834 16.6507696752 13.8456586735 13.5909526286 14.6323728915 15.0292798647 11.0365472878 9.26118328885 8.8005584885 11.7304739524 9.12758622644
-9999 -9999 -9999 -9999 -9999 -9999 -9999 -9999 -9999 -9999 -9999 -9999 -9999 -9999 -9999 -9999 -9999 -9999 -9999 -9999 -9999 -9999 -9999 -9999 43.8475551975 39.4932175597 37.990547892 38.4272605071 37.5147444741 35.6946390002 32.5371945942 24.2560307424 29.649594851 34.5027351943 32.7520770061 30.0574350421 25.4369153085 28.038156646 25.3868844906 25.3034722627 25.1535126171 21.7045975131 17.2770344213 18.3739187694 18.251583623 17.4537639493 13.6801880623 15.6436905852 16.3417573418 14.7543778389 11.8940952648 9.61877826262 8.89682231357 13.7317170768 11.6748708771 9.37719070786 9.71758119916
