data/recharge/transience/recharge168.asc
ncols                  80
nrows                 72
xllcorner      4374000.0
yllcorner      5656000.0
cellsize            500
NODATA_value       -9999
[rows 26 to 51 of 72, columns 0 to 56 of 80]
-9999 -9999 -9999 -9999 -9999 -9999 -9999 -9999 -9999 -9999 -9999 -9999 -9999 22.1974934212 21.9505027776 21.935275075 22.3240889662 22.0023059179 21.2298369749 20.8631186204 19.6070925809 20.0449349951 19.3359541391 18.1904913115 16.393361139 13.8661153811 11.5983960081 10.5688070561 9.55156174709 10.1926493637 8.49745915961 8.02736995754 9.20088334436 7.3795244551 7.48021932856 6.37862060962 10.1769406966 8.03754153126 6.96826619738 4.84992865383 4.16843436707 5.44041500817 3.53649687983 3.90426272907 3.86141900615 4.86911136104 6.12582926264 5.94837746391 3.40336866188 2.35296543247 2.22544895002 2.45184413606 2.62465693278 3.8314842521 4.01230016632 1.96448722025 1.90437134361
-9999 -9999 -9999 -9999 -9999 -9999 -9999 -9999 -9999 -9999 -9999 -9999 -9999 -9999 22.2813857506 21.9616087835 21.9040929981 21.1112623301 20.5597555413 21.0220416774 19.4912472291 21.1118529966 18.6614022105 17.9275710989 14.7390015359 14.8008407748 15.1205537411 14.8255463519 10.329204577 8.94706756713 8.67236183032 11.3194804453 11.0551296706 9.04311643458 8.28691260069 8.87163141927 10.1457781757 6.09664091224 5.05729943067 6.0352895212 6.09202633963 4.8512567954 5.1301227099 4.08602808865 2.90456471194 3.40632380672 2.66142869024 3.32631121676 2.3087427704 2.84084641962 2.61901460387 1.97280254743 1.79891758502 3.74150427889 4.14200565143 5.90013998116 5.87880386874
-9999 -9999 -9999 -9999 -9999 -9999 -9999 -9999 -9999 -9999 -9999 -9999 -9999 -9999 6.8612147699 15.6876993276 20.9600640404 20.9671100073 20.8128979071 21.0768627514 21.3884071297 21.7431039541 19.404983009 21.4780932386 20.0430648627 19.5781348475 14.8758943513 14.6777965202 14.3228619488 14.1260588572 12.2619346958 8.63498950501 10.7447051041 12.0546922458 8.11159308702 7.20398366483 9.43879127377 4.22540590925 5.67749032456 6.07514874885 4.4133404817 4.529328509 3.9614405494 4.73715580442 3.94480319855 3.19154129703 3.28963651037 3.91848162316 4.21361865424 2.84316507932 3.03469372369 3.49291680618 3.78625578352 5.79171381938 6.50842718145 6.99355141515 7.36002749955
-9999 -9999 -9999 -9999 -9999 -9999 -9999 -9999 -9999 -9999 -9999 -9999 -9999 -9999 10.8395608825 16.1262856784 21.1330265076 21.746354863 21.4330759569 21.2117023401 20.3782899537 21.5203856911 20.9403185503 20.6960996292 18.1293737143 17.2999597919 16.1935129464 16.0215650455 12.9642415563 13.8571802739 12.2737179469 12.2230783978 10.3693021446 9.42762627112 12.1446522921 6.19796706062 7.57320755309 6.27155816913 4.70153817611 5.81100911274 3.69672978955 4.22554053882 3.5376839305 3.64309855344 2.84437182867 3.27711117518 2.2895275467 3.21010382612 5.05967657414 5.61837835813 5.02131498098 3.82295997556 5.14150467457 5.00371419424 4.39231203167 4.53530863185 3.65846561562
-9999 -9999 -9999 -9999 -9999 -9999 -9999 -9999 -9999 -9999 -9999 -9999 -9999 -9999 23.7428406158 22.9536836656 22.2169838234 22.9834031643 22.1750048842 21.9448266893 22.5315277767 22.2260045842 21.1502708971 21.2892228497 17.6087115686 18.5660306112 15.9586601296 17.3784250912 14.5748454059 14.0413966072 12.903012583 13.7784856106 12.2009578668 10.1115991477 6.46777237863 6.49287489678 5.85524398113 9.71633913048 5.13157366745 6.61461153465 5.44003244222 3.24595582712 2.66900444689 2.90472239008 2.37489633863 2.60251249751 4.34481893325 5.35825384341 8.18253111976 8.91084000958 6.98219306567 7.40695808211 5.3799269834 5.12051591426 4.45778410812 3.80221974606 4.20662512367
-9999 -9999 -9999 -9999 -9999 -9999 -9999 -9999 -9999 -9999 -9999 -9999 -9999 -9999 -9999 22.4723836078 21.8505513113 21.9306480426 20.886010321 20.4217182269 20.8048839564 21.2009129644 21.8737723525 21.5579190606 17.5304149604 18.6884601123 15.9625879026 16.3131576444 11.308092593 14.0270291323 11.4554346447 11.3496963836 10.0674638801 9.81377234798 6.6470114084 6.66791943271 6.15188218199 6.10745552912 5.78272049918 5.5451534892 4.78347944231 6.45987702937 3.17243942822 2.70224235794 2.33508151581 2.87472021264 3.42863024534 3.70837138073 4.05666626765 3.85460715093 2.5503553128 2.24312809389 3.55915993604 5.51936658082 5.16949724882 5.10704670133 4.43620606548
-9999 -9999 -9999 -9999 -9999 -9999 -9999 -9999 -9999 -9999 -9999 -9999 -9999 -9999 -9999 -9999 22.2703209683 22.5154139826 21.6676820081 22.9463419739 23.4265618201 22.7654819049 21.863922203 20.33975053 18.9022451599 18.3991428601 15.5998607696 15.976419521 11.0359401805 14.4910365319 12.8125244924 11.697236633 8.50417171686 5.92791829566 6.59429445612 6.81570255466 6.46896917895 6.63233968138 6.35265500062 8.05496047263 11.8569913663 11.5668752212 8.59759808632 5.2382770288 3.45924812818 2.8441152485 2.344467616 3.47561327521 2.48391638754 1.87232660697 2.65026386816 4.16915800976 3.09271557007 2.48612130299 2.89784455863 2.54038332328 2.30604416889
-9999 -9999 -9999 -9999 -9999 -9999 -9999 -9999 -9999 -9999 -9999 -9999 -9999 -9999 -9999 -9999 23.34567284 23.6107469349 23.1828203759 23.0297524265 22.210621535 22.2153780876 21.3970705298 20.0721591738 18.6663065176 19.5806512568 16.2366040195 16.3963190724 11.6359051431 13.662789182 10.6170033413 8.49695417399 9.04697990983 6.93692600222 6.98903755806 6.71821564145 7.82759592742 6.68790606416 6.32037375144 6.62496536697 9.80612160282 8.91240627276 9.77933737981 8.32496734587 6.08582047203 4.88603928143 5.0486765419 4.96550804274 1.79183435492 2.34127389224 3.32068417916 3.5034760093 4.44043350631 4.69990370331 5.45433713351 4.0673868636 2.33073445773
-9999 -9999 -9999 -9999 -9999 -9999 -9999 -9999 -9999 -9999 -9999 -9999 -9999 -9999 -9999 21.7372380065 21.7183277214 22.3685122607 23.015253473 22.6568612472 23.1511375508 22.9738068831 22.4358068827 20.6803815175 18.2964937165 19.0175495452 16.7583843156 16.9117663843 14.152398987 15.0118666705 12.691686128 12.9243933484 12.1002511451 10.5139117311 9.57352584958 10.4749787988 9.83512243229 10.0154379395 8.93437894557 6.00935909475 7.93014822664 7.51168327559 5.7979098045 5.73827787673 5.62206281771 4.74520287982 5.38930656786 5.29648856072 3.35304970369 3.54822545329 2.64115440581 1.99644579086 2.21446441337 2.52233763004 2.75537328249 2.85084974346 3.17019308124
-9999 -9999 -9999 -9999 -9999 -9999 -9999 -9999 -9999 -9999 -9999 -9999 -9999 -9999 22.8575361348 22.4890159147 22.0031819162 19.9695097618 21.5573382077 22.3496074576 22.1978717696 22.6884396246 20.8603497558 21.1180492251 18.3195041595 17.8036167734 15.497042021 16.3309814154 14.2185256528 14.2128900808 11.7981076194 11.9785728843 8.96049784311 8.21310114718 7.1692427743 11.0095322641 11.1708028513 9.38275167707 4.84400208428 7.35844346147 7.69354128398 5.26330810385 4.80565356713 5.09872677281 3.97378140336 3.59256029439 5.10912913124 3.78812711715 3.40844379533 2.69415714449 2.28372149208 2.25761715287 2.41126128112 2.34604314556 2.15237922774 2.31646961165 2.33144816916
-9999 -9999 -9999 -9999 -9999 -9999 -9999 -9999 -9999 -9999 -9999 -9999 -9999 -9999 24.5243622403 24.2824151925 24.5754407257 20.9090282161 18.2567330068 19.580745104 21.4082899899 22.5019384879 21.0562583088 21.4290249053 18.5131752163 16.8331703923 12.87990192 13.3851829243 11.7210463641 14.2355335465 13.0115208281 11.947946006 10.1494055608 9.43956812862 7.62997541142 10.4094054377 10.8179084324 12.1253690835 8.55911134829 8.67898724846 9.59452000571 9.17849014799 5.7280820979 5.43035850977 4.94845259566 3.62368388679 4.72768165892 4.97325918228 4.69843003913 5.46471333933 5.24492861533 5.2034634749 3.9118293385 3.43288964581 3.82208056669 3.66714871512 2.65940382668
-9999 -9999 -9999 -9999 -9999 -9999 -9999 -9999 -9999 -9999 -9999 -9999 -9999 -9999 -9999 -9999 24.843408034 22.8343284251 22.0631280595 21.9030114187 20.841996779 21.7977520974 22.0349004955 22.0333617215 19.1226329535 15.7527900651 10.2137493671 10.7628874006 8.90751629253 10.7063809561 10.8461288488 10.3339459867 9.56215051287 8.51095550649 8.49047724273 8.55125106513 9.05430545696 8.32405183557 9.83784801841 9.55350149649 6.67884249622 6.62762026974 8.52878725534 7.6325316933 4.08550323312 4.52729923668 4.06081257376 3.03564093173 3.16367027873 3.99251977218 3.72458082124 3.83876774124 3.35466093287 2.86751777792 1.85896819879 1.98863055112 3.03519538569
-9999 -9999 -9999 -9999 -9999 -9999 -9999 -9999 -9999 -9999 -9999 -9999 -9999 -9999 -9999 -9999 23.0584518448 22.7476149954 22.1979130024 20.1463565285 20.3483302334 21.1702580911 20.7492646282 21.3024755366 20.7425540008 17.2563711022 13.7436786094 13.2867840963 11.3787630533 11.6028403699 11.9650962333 11.4851626105 9.46921559083 8.94220695041 6.68964534564 7.10458841378 7.09908547141 8.04820454878 5.73552440369 5.36816204647 6.16158022957 7.44144413295 6.82193472219 7.59129605113 6.65965196919 4.27595550301 2.68708779878 3.26732988277 2.88408145506 2.20504544563 1.67397055631 1.70591526349 1.30091620221 1.53134307532 1.4066556724 1.41929133501 1.33137220683
-9999 -9999 -9999 -9999 -9999 -9999 -9999 -9999 -9999 -9999 -9999 -9999 -9999 -9999 -9999 -9999 -9999 -9999 22.2920262869 21.0037562496 19.27718011 20.2585123643 21.3222930241 22.3519211434 20.1931712579 18.7233227809 12.8395206926 12.8977199176 11.0868167204 11.0635795911 8.78255778592 7.9220002648 7.3708660141 8.19471240524 6.58445691517 7.88526629113 7.54822252184 5.83235836812 5.26872644574 6.99038528288 5.35091739942 4.80625728032 4.60980932014 4.57893945491 3.67747133436 4.36304248808 3.07154753532 3.15015119782 3.47381874941 1.77380495519 1.81531780415 1.93727037444 1.33412443681 1.37857441607 1.54257417782 1.67172866147 1.45873100676
-9999 -9999 -9999 -9999 -9999 -9999 -9999 -9999 -9999 -9999 -9999 -9999 -9999 -9999 -9999 -9999 -9999 -9999 -9999 20.4683418407 19.7854851198 20.376001181 19.4858207853 23.76203132 21.5106499514 21.117450419 15.7046109724 12.3950376736 9.12300844945 8.82837917139 8.41924104746 8.36818309034 6.90564568331 6.72576023882 5.31855445818 5.12765386357 4.79276053167 6.30083214314 5.38702553781 6.2240975866 4.92712916355 4.53127861727 3.62900095689 4.48405449995 4.3494568332 4.54114969948 3.72481796235 2.98823612495 2.40997342009 3.54402507994 1.81028385713 1.70628016347 1.26698892768 1.25159794407 1.47629951005 1.39958463739 1.05000585569
-9999 -9999 -9999 -9999 -9999 -9999 -9999 -9999 -9999 -9999 -9999 -9999 -9999 -9999 -9999 -9999 -9999 -9999 22.4129376546 23.0679537137 22.5313850882 22.3230758776 19.650591784 22.4898761603 21.2848785853 21.9734282514 18.1777422525 15.2617834876 10.3184539904 9.65074196278 9.5869975908 6.41181696148 8.24211908377 7.37108062096 6.80416857914 7.74906831039 8.56257029687 8.27719170077 7.49896565067 7.22770470758 6.59364676992 4.9213585803 4.16639206198 5.57935019925 4.90622439469 5.27652441874 4.02759025547 5.67934259859 4.39240033443 2.95401601548 3.94842683906 3.88281604542 3.23551085071 2.85823658475 2.08272267698 1.81511518236 1.54412133913
-9999 -9999 -9999 -9999 -9999 -9999 -9999 -9999 -9999 -9999 -9999 -9999 -9999 -9999 -9999 -9999 -9999 -9999 -9999 23.4461799173 22.5505015537 22.1893350582 20.0362697082 22.6483708949 21.9950402543 21.8397254879 18.1084245788 18.7031006499 12.407282758 14.3596641749 13.5359742362 13.5051897225 10.6351060732 8.42158284133 8.04406272121 7.22595949203 4.68962461675 4.06409498891 3.46404027197 3.46491734384 3.62818843824 5.04262830914 5.76937535208 6.48297960009 6.0174005097 7.31756504181 5.02475547276 4.04067808289 4.58614221291 3.59304918922 1.95546887502 5.02358593654 4.98898960744 4.08033028132 4.1079604128 1.1579453453 0.944969182012
-9999 -9999 -9999 -9999 -9999 -9999 -9999 -9999 -9999 -9999 -9999 -9999 -9999 -9999 -9999 -9999 -9999 -9999 -9999 -9999 21.2842762636 21.9574866668 20.1461587604 22.2040441874 20.6399093805 21.5568322547 17.9276212541 19.0841998136 17.5364024812 16.4841880886 13.4945755187 13.1100203128 8.55132198904 9.77606616585 8.53082621671 9.061719558 6.61388454109 7.21842763969 6.86721662556 6.35413049183 4.67902841636 6.05515022005 6.16750267066 5.61362184183 6.54894325346 5.89993620202 4.8650577894 5.3658582983 4.60616560219 4.9336630777 3.99302021984 2.91394219264 1.83081858099 2.8461580712 4.2538739226 2.19120292978 2.11247985235
-9999 -9999 -9999 -9999 -9999 -9999 -9999 -9999 -9999 -9999 -9999 -9999 -9999 -9999 -9999 -9999 -9999 -9999 -9999 -9999 -9999 21.3627408535 20.5230005934 20.903595194 20.3905503046 19.4779967132 18.0152357623 19.5429491933 16.1123583159 15.4196660661 14.1883800064 14.8723231417 9.93417300267 8.57166065817 10.5345862684 9.44791244894 7.48987648235 6.07274805478 5.25253664686 5.52764843061 6.76366113918 7.06986197515 7.31038373161 5.79209397209 4.72901369039 3.62444708841 4.28194820916 4.68363325573 4.39538758121 5.20457679259 4.59937963821 4.82794243158 2.81906852721 2.65980685182 0.966549144579 1.36875173088 1.52317223044
-9999 -9999 -9999 -9999 -9999 -9999 -9999 -9999 -9999 -9999 -9999 -9999 -9999 -9999 -9999 -9999 -9999 -9999 -9999 -9999 -9999 20.042895686 19.4710975421 19.4813720603 21.4191058464 22.6906898996 19.88240424 16.7650963763 13.2891458541 16.9947384418 9.44417997672 14.6064371487 10.4522472453 9.42501396651 6.28492859568 7.05486187487 6.10091271173 6.58100506305 5.88685339988 6.83000520037 6.83029471421 6.58203727556 5.00992687223 5.05694720356 6.01449299458 5.76656087422 5.16267008361 5.04811772709 3.40305494659 3.48215024732 4.58613375072 3.48846412793 3.16782267662 1.6414507976 1.84425702176 1.09538748445 1.13423441861
-9999 -9999 -9999 -9999 -9999 -9999 -9999 -9999 -9999 -9999 -9999 -9999 -9999 -9999 -9999 -9999 -9999 -9999 -9999 -9999 -9999 -9999 19.7895409592 20.9115257384 22.142410753 21.7497193411 19.7541834983 17.3140031293 12.3320513097 12.4477897571 12.1046681164 12.595897673 9.43317144613 9.43238416837 9.51898538006 7.92394302073 7.81638876886 7.41800339173 7.1027391012 6.82619418768 6.79024851041 4.70132384139 4.89843444079 6.17648292679 3.83065063174 3.54055252167 2.85993303265 3.67925415621 4.46957780084 5.94058768497 2.88770186201 4.12972878881 5.03566756158 2.69061246524 1.09211380064 0.890347985661 0.971687164374
-9999 -9999 -9999 -9999 -9999 -9999 -9999 -9999 -9999 -9999 -9999 -9999 -9999 -9999 -9999 -9999 -9999 -9999 -9999 -9999 -9999 -9999 20.1411626484 19.8559095997 21.7690953141 22.5250787107 20.4252017138 15.3870967313 12.7261295716 13.109884818 11.1595909065 11.4026573361 10.5193929939 9.92686783966 8.05479718456 9.8050488404 7.50791290706 7.16216534587 7.88275716923 7.72593790605 5.30717094371 6.90795766481 4.98733244176 4.00507110135 3.47386305365 4.54451323457 5.30341753627 5.37397154781 3.14397646919 3.24192862349 3.38198986522 5.59309680558 2.22397093209 3.6720178648 2.38800966259 2.18759639115 1.54757270504
-9999 -9999 -9999 -9999 -9999 -9999 -9999 -9999 -9999 -9999 -9999 -9999 -9999 -9999 -9999 -9999 -9999 -9999 -9999 -9999 -9999 -9999 19.6941788392 20.3696756974 22.8588115454 22.2236301596 20.1605634016 17.0806481916 13.8577964034 14.4472206278 11.8317525565 10.7946412597 9.36465563731 9.83594454168 9.90789817136 7.62992042124 7.22406221395 8.94632141711 7.82729452275 7.25998128194 7.01488258991 5.74370058579 4.03098356441 5.01073258345 5.80614846421 5.5140852019 5.3567966858 4.75047254925 3.58863112348 3.59463756029 4.22532327566 3.54743500007 3.07631697007 3.32101926706 3.29611213145 3.46185604317 2.17519751045
-9999 -9999 -9999 -9999 -9999 -9999 -9999 -9999 -9999 -9999 -9999 -9999 -9999 -9999 -9999 -9999 -9999 -9999 -9999 -9999 -9999 -9999 -9999 20.8814448398 23.3203732114 22.4537822033 19.4196905014 16.1580176336 13.6783819139 13.9911855183 11.9126064242 12.64522077 11.0733615216 11.7741984994 9.04547300354 9.72847548587 9.47537600964 8.59662033937 5.90780259525 5.45065567927 4.12298582501 5.42492952301 6.505250189 6.55316942572 5.48872459822 4.91321267378 2.93256237225 2.76721633209 2.53235083782 2.74191490507 2.06515286368 2.60594469083 2.72204654211 4.05168678232 2.53786328424 1.59616993824 2.33770184282
-9999 -9999 -9999 -9999 -9999 -9999 -9999 -9999 -9999 -9999 -9999 -9999 -9999 -9999 -9999 -9999 -9999 -9999 -9999 -9999 -9999 -9999 -9999 18.2300454771 22.2022045357 22.324165367 20.9008444223 18.6097256695 14.9795192048 15.155661218 13.0216174986 13.4502711234 11.3735958898 11.082733888 9.82580713092 9.67025811454 8.41270415438 7.50440676022 7.4172827134 7.16578931029 7.86444505576 7.78987734906 7.02865094869 5.61048274391 3.91422191048 4.23065031251 4.58090245722 5.10617579852 4.11433592826 4.01801109297 4.24434210035 4.40309765692 2.7757576965 2.05875207045 1.932765584 3.03368125361 1.93731549959
-9999 -9999 -9999 -9999 -9999 -9999 -9999 -9999 -9999 -9999 -9999 -9999 -9999 -9999 -9999 -9999 -9999 -9999 -9999 -9999 -9999 -9999 -9999 -9999 23.1893598493 22.4371605557 21.0089921693 20.5299350629 15.2673531026 15.3452003594 13.3581536187 12.0066598744 12.6682150156 11.257883491 10.6417167609 7.99869531736 6.83741816439 8.92945118357 8.50204809331 9.33620097406 8.20449581418 5.69524192109 4.33352755828 5.2583654491 5.61327346446 5.1604107512 3.51285659251 4.35202812807 4.67268188221 4.06563563199 2.90891813007 2.16418197808 2.44841611263 4.39876456014 3.00583754068 2.15776499403 2.15011479116
