data/recharge/transience/recharge521.asc
ncols                  80
nrows                 72
xllcorner      4374000.0
yllcorner      5656000.0
cellsize            500
NODATA_value       -9999
[rows 0 to 24 of 72, columns 0 to 55 of 80]
-9999 -9999 -9999 -9999 -9999 -9999 -9999 -9999 -9999 -9999 -9999 -9999 0.953860702896 0.956631460482 -9999 -9999 -9999 -9999 -9999 -9999 -9999 -9999 -9999 -9999 -9999 -9999 -9999 -9999 -9999 -9999 -9999 -9999 -9999 -9999 -9999 -9999 -9999 -9999 -9999 -9999 -9999 -9999 -9999 -9999 -9999 -9999 -9999 -9999 -9999 -9999 -9999 -9999 -9999 -9999 -9999 -9999
-9999 -9999 -9999 -9999 -9999 -9999 -9999 -9999 -9999 -9999 -9999 -9999 2.61414572103 1.86307365043 1.4570729612 -9999 2.29471177054 -9999 -9999 -9999 -9999 -9999 -9999 -9999 -9999 -9999 -9999 -9999 -9999 -9999 -9999 -9999 -9999 -9999 -9999 -9999 -9999 -9999 -9999 -9999 -9999 -9999 -9999 -9999 -9999 -9999 -9999 -9999 -9999 -9999 -9999 -9999 -9999 -9999 -9999 -9999
-9999 -9999 -9999 -9999 -9999 -9999 -9999 -9999 -9999 -9999 1.80321482391 1.79979881449 2.09886043605 2.21782474908 1.44171810407 1.30828104916 1.30615816878 1.33649796546 -9999 -9999 -9999 -9999 -9999 -9999 -9999 -9999 -9999 -9999 -9999 -9999 -9999 -9999 -9999 -9999 -9999 -9999 -9999 -9999 -9999 -9999 -9999 -9999 -9999 -9999 -9999 -9999 -9999 -9999 -9999 -9999 -9999 -9999 -9999 -9999 -9999 -9999
-9999 -9999 -9999 -9999 -9999 -9999 -9999 -9999 -9999 1.75692890667 1.80659583957 1.76476276716 1.64104615605 1.79165774002 1.52678402747 1.39224204478 1.38778227002 2.10582683742 -9999 1.51565834899 -9999 -9999 -9999 -9999 1.31502580941 1.37708249773 -9999 -9999 -9999 -9999 -9999 -9999 -9999 -9999 -9999 -9999 -9999 -9999 -9999 -9999 -9999 -9999 -9999 -9999 -9999 -9999 -9999 -9999 -9999 -9999 -9999 -9999 -9999 -9999 -9999 -9999
-9999 -9999 -9999 -9999 -9999 -9999 -9999 -9999 3.16401664203 2.50495491985 1.82537065981 1.69778961645 1.53333823135 1.34361232724 1.28808880982 1.17788497663 1.1603385815 1.32128368239 0.987611786685 0.964985095801 0.89336801422 0.990415995409 -9999 1.1630535633 1.57472434847 1.4881741223 -9999 -9999 -9999 -9999 -9999 -9999 -9999 -9999 -9999 -9999 -9999 -9999 -9999 -9999 -9999 -9999 -9999 -9999 -9999 -9999 -9999 -9999 -9999 -9999 -9999 -9999 -9999 -9999 -9999 -9999
-9999 -9999 -9999 -9999 -9999 -9999 2.65862462518 1.94884636794 1.95082284182 2.10865904976 2.26663316311 2.3155772068 1.84003072113 1.6692842492 1.24905390061 1.42726167159 1.07575985853 1.03104122036 0.70676139339 0.929306291126 0.847848956642 0.941873020009 0.864917548095 1.07990698563 1.18860031326 1.12024708228 1.14420343953 -9999 -9999 -9999 -9999 -9999 -9999 -9999 -9999 -9999 -9999 -9999 -9999 -9999 -9999 -9999 -9999 -9999 -9999 -9999 -9999 -9999 -9999 -9999 -9999 -9999 -9999 -9999 -9999 -9999
-9999 -9999 -9999 -9999 -9999 -9999 3.0026704199 2.44367465358 1.87929662961 1.77804562143 1.53394935385 1.61642033373 1.46092115523 1.35841228308 1.10247492862 0.92390582736 0.83359918361 0.728798600947 0.684289566245 0.65766747337 0.690251369545 0.894068692156 0.740012290775 0.75154129463 0.890914367648 0.878430637047 1.13586953249 0.976184828862 0.789278108331 0.709414284842 0.931047427222 0.908639634564 -9999 -9999 -9999 -9999 -9999 -9999 -9999 -9999 -9999 -9999 -9999 -9999 -9999 -9999 -9999 -9999 -9999 -9999 -9999 -9999 -9999 -9999 -9999 -9999
-9999 -9999 -9999 -9999 -9999 3.63455644358 3.06320074904 2.96712480721 2.62849951643 2.90721059089 2.5281355735 2.10351402079 1.32759894459 1.30622896458 1.29473519529 1.32183452394 0.774803771675 0.887471435148 0.845594001369 0.590106850848 0.696474536435 0.651692851178 0.669983872652 0.711184836742 0.807527035825 0.897559375773 1.0339229921 0.916594295041 0.732673241 0.700981480713 0.616193207304 0.677524414337 0.52408377797 0.488634244925 -9999 -9999 -9999 -9999 -9999 -9999 -9999 -9999 -9999 -9999 -9999 -9999 -9999 -9999 -9999 -9999 -9999 -9999 -9999 -9999 -9999 -9999
-9999 -9999 -9999 -9999 -9999 3.99471686734 3.6014772555 3.63992486907 3.0016634847 2.65577893275 2.37845771728 2.63153309978 1.27475106922 1.03882692676 1.83517420794 2.17988528307 0.919115196481 0.428207108711 0.557890564806 0.484283105094 0.758147427855 0.765587973677 0.853717910942 0.792795529457 0.672137376513 0.560345270974 0.874873469337 0.777404754068 0.604769417477 0.525547122438 0.403171652616 0.400823043535 0.549700603177 0.506491796301 0.515355085253 0.48857841893 -9999 -9999 -9999 -9999 0.634915917353 0.582581691362 -9999 -9999 -9999 -9999 -9999 -9999 -9999 -9999 -9999 -9999 -9999 -9999 -9999 -9999
-9999 -9999 -9999 -9999 -9999 3.53976848375 3.24498789778 3.36022556263 3.24151996702 3.55890604916 2.9444824014 2.73181144298 2.09499945214 2.60726825542 2.12530681499 1.64548740053 1.19669194596 1.15855223053 0.793192340872 1.25225049434 0.992444509554 0.692048272168 0.610371029249 0.566476385093 0.646257163561 0.611237436612 0.755101330172 0.703826586187 0.742288032147 0.415164076516 0.267565595792 0.480695334987 0.536959219622 0.502156176578 0.580342046712 0.525805452194 0.537757644623 -9999 -9999 0.582153153066 0.708961511818 0.663007977462 0.82427878156 -9999 -9999 -9999 -9999 -9999 -9999 -9999 -9999 -9999 -9999 -9999 -9999 -9999
-9999 -9999 -9999 -9999 -9999 -9999 4.71044703791 5.28031621246 3.96954628149 3.67288806314 2.75042932693 3.16269514626 2.5876711129 2.86063491901 1.46410079346 1.33720530656 1.26945347216 1.20709777315 0.873762702563 0.851291396363 0.851743320926 0.919832890795 0.772078570764 0.881677704739 0.696495450767 0.580750642637 0.557625175902 0.746167131124 0.574470111217 0.4915919877 0.483533065508 0.547386295097 0.515640565157 0.51385438005 0.550403022691 0.555500608528 0.548371644598 0.663192205629 0.606779999366 0.576985590493 0.602639954867 0.79996358014 0.662647994723 0.680368212818 -9999 -9999 -9999 -9999 1.2830626407 1.09323418736 0.199827719743 -9999 -9999 -9999 -9999 -9999
-9999 -9999 -9999 -9999 -9999 -9999 -9999 4.45088199754 3.45749825292 4.21011754413 3.72210610982 3.19582518104 1.79786766017 1.54718261287 1.87892369291 2.48450282493 1.77460487719 1.64852489743 1.4067156339 1.0661263281 0.765442850282 0.774545957664 0.702009986618 0.714239484195 0.602641017458 0.506019702458 0.543615043159 0.600064952778 0.513269519182 0.467173414276 0.529373781506 0.528458190425 0.524447928318 0.459713361376 0.555618438799 0.548183132126 0.609633563741 0.665021012111 0.585122865149 0.582816911616 0.538638389016 0.545148539146 0.780219583658 0.976796273958 0.901947092123 1.04840804131 1.18151256693 0.957591072626 0.958190639253 0.843618215518 0.703788245286 0.548860320349 -9999 -9999 -9999 -9999
-9999 -9999 -9999 -9999 -9999 -9999 -9999 -9999 2.80264890146 3.0889837384 3.17749835879 3.71112490125 2.84317420443 3.22648424149 2.55103831194 2.1789297896 1.33108052578 1.34190331307 0.939560204319 1.12770209562 1.45035497213 1.35280228774 0.953176869318 0.955410932917 0.903713047544 0.872593728712 0.511552223161 0.520331301627 0.418721102163 0.439007310047 0.414249797935 0.491758165297 0.460137144081 0.458498435448 0.50975708258 0.440101473407 0.551820281374 0.585286038018 0.540723907351 0.530325434381 0.680510685429 0.787710737054 0.919404414369 0.817452927536 0.826871379943 0.733255881404 0.861315039201 0.733750527599 0.68875786456 0.657541273395 0.625525839814 0.693664710653 0.537442587812 -9999 -9999 -9999
-9999 -9999 -9999 -9999 -9999 -9999 -9999 -9999 4.50342426538 3.71944254314 2.8272731906 2.85759533276 2.37900699407 2.3511746942 1.65584076696 1.59528778123 1.29409135562 1.43116714747 1.12993440892 1.27741935909 1.32303357849 1.30179183326 1.25007154113 1.6771245505 1.21304815909 0.815989612347 0.926075495904 0.65833281471 0.558449783774 0.511180440173 0.471347649813 0.449681040018 0.498099316699 0.456882551513 0.485213057904 0.225289708145 0.564830670482 0.55172722055 0.538565043516 0.52245736908 0.537879225215 0.553839336146 0.837117753145 0.833838850669 0.736882114916 0.725824983616 0.846932703341 0.759503390183 0.713498575319 0.665281019065 0.659333274432 0.664595520562 0.574255743648 0.572443434324 0.47161594277 0.527491168903
-9999 -9999 -9999 -9999 -9999 -9999 -9999 -9999 -9999 4.93545993934 3.68260567663 2.66404998067 2.45404603246 2.61236344194 2.11044381471 2.17600685478 2.28360131023 2.48928146443 2.2680085055 2.28540864514 1.78776416573 1.21604888354 1.23853572599 2.68657453912 1.86111624028 1.6079635996 1.10923228019 0.758809413582 0.446694656786 0.447294036011 0.448753642522 0.455877525332 0.448912833135 0.445849025389 0.45830580366 0.380692433707 0.558661102444 0.50871927168 0.484932156885 0.493779651765 0.492278558176 0.517460136412 0.633218691215 1.00981507462 0.729711400793 0.608038671042 0.540748790624 0.5327290929 0.510872546313 0.499488581716 0.527706633827 0.499958920916 0.48706290227 0.4614933202 0.518397490904 0.451087768537
-9999 -9999 -9999 -9999 -9999 -9999 -9999 -9999 -9999 -9999 3.09138935058 3.14414065608 2.35796597445 2.53237889771 1.87514896322 1.67103275479 1.89687078619 2.69506438768 1.91632725967 1.62569633338 1.31559110128 1.33895989905 1.07071281509 1.22542930084 1.30411240745 1.84408779356 1.67843362457 1.12389640845 0.647137999716 0.514447669162 0.42809605111 0.431733152907 0.493809416053 0.418337936822 0.58791903465 0.493245106414 0.535908579226 0.509418687112 0.49153551704 0.496504937846 0.534088232245 0.521781691323 0.438905235649 0.640397890205 0.97404709726 1.1762707935 0.859926219206 0.56027569492 0.57484865515 0.502388408392 0.649856724639 0.612724876808 0.525341766419 0.501340590534 0.404934693054 0.464723155775
-9999 -9999 -9999 -9999 -9999 -9999 -9999 -9999 -9999 -9999 -9999 1.69317865418 1.35581311326 1.76748620101 1.82747512142 1.66206616623 2.04746618319 2.00527130178 1.25681328252 1.23763434615 1.20471972081 1.21148204096 0.964606558234 0.903087299019 0.800405728746 0.873116213872 1.27351215109 1.52361575273 1.27264891265 0.341492059704 0.32182236037 0.435021721504 0.497874953783 0.498726674782 0.516100919358 0.498041125627 0.483920418918 0.478052939338 0.512805491801 0.512362649607 0.56874592908 0.486128581696 0.520179763482 0.453177527706 0.539730197884 0.543078076616 0.751986603266 0.768449158839 0.477987080715 0.458836512251 0.533293373964 0.495133917136 0.486262150453 0.410547171225 0.332993202491 0.341111229275
-9999 -9999 -9999 -9999 -9999 -9999 -9999 -9999 -9999 -9999 -9999 1.19365150836 1.38068902758 1.83876058351 1.85043719167 1.71393398956 1.64082908055 1.43879308528 1.12438923719 1.1279931603 1.03743923791 1.25937877256 0.862063597578 1.04931810326 0.86467995388 0.845264456091 0.853829259832 0.894888954667 0.827839790589 0.921607384361 1.10921222378 1.01119446197 0.646031054051 0.669618410499 0.478628920936 0.449040991023 0.4804331811 0.494765691399 0.490105515054 0.447906600596 0.476788663956 0.617914005904 0.463681560925 0.478799493277 0.490524585653 0.687888623143 1.08934263306 1.36969139072 1.22486876885 0.693172185475 0.925145285156 0.841520551901 0.546462212968 0.520167212856 0.478603164011 0.399478199354
-9999 -9999 -9999 -9999 -9999 -9999 -9999 -9999 -9999 -9999 -9999 3.410014465 2.73372789038 2.47482900215 1.45542185792 1.63846245945 1.57666294885 1.25136682447 0.928904193124 0.974797311768 0.896787224566 0.931230123979 0.812494411999 0.861085733687 0.598201290048 0.534781137618 0.49449789937 0.476950225085 0.506761501659 0.516793621732 0.575814489908 1.00784001406 1.44456270271 1.41774104181 0.699307305339 0.397693102852 0.611238730111 0.398945982304 0.443535605573 0.339658483166 0.273877749988 0.510486380297 0.677613092811 0.815177526031 0.930104908209 1.19418491214 0.992496399244 0.838616409174 0.847176426124 0.85695114893 0.829474339301 1.01130536663 1.08387250711 1.2415429579 0.68627212305 0.406092849905
-9999 -9999 -9999 -9999 -9999 -9999 -9999 -9999 -9999 -9999 -9999 -9999 1.89113656074 2.29153330152 1.91133146592 1.39302904733 1.24387345515 1.39118057128 1.20905668503 1.03595208822 0.945582396168 0.857973653081 0.791087320667 0.799816704727 0.587027215395 0.609850398017 0.510163704847 0.54026102614 0.495106113249 0.457215512962 0.452592683296 0.489199100622 0.443822099404 0.51162685694 0.807755189969 0.217612923364 0.492411535758 0.506908037538 0.455722002368 0.517622254799 0.609146643705 0.562186422871 0.925346647021 1.13545639388 1.24027418523 1.17636308608 0.901103974385 0.856845348442 0.584874832842 0.707539954601 0.700694167222 0.596146789868 0.465962689698 0.478148702569 0.462215872439 0.554458308238
-9999 -9999 -9999 -9999 -9999 -9999 -9999 -9999 -9999 -9999 -9999 2.74912926666 2.45307195862 2.7830190798 2.67132231826 1.30556384159 0.999287625667 1.35176337544 1.08258509517 1.1059145942 0.765525927592 0.743486264762 0.621954269357 0.649501401085 0.638068752476 0.620565235013 0.452426904418 0.473946612516 0.481166973018 0.453755574208 0.411676331635 0.439452912852 0.400795108307 0.393005276438 0.442179490891 0.62452125953 0.737977428005 0.408832308784 0.502225386123 0.511407777844 0.565041605104 0.555307396341 0.92376936571 1.18433749715 1.58702764823 1.57994401117 1.1770365154 1.30151311645 0.921891055111 0.926976073799 0.658114018441 0.408617995301 0.342619811215 0.347059944401 0.308085062354 0.361397735015
-9999 -9999 -9999 -9999 -9999 -9999 -9999 -9999 -9999 -9999 -9999 2.96331853103 3.48049281145 3.29492733749 2.05373354624 1.45717233795 1.62463411339 1.59707799466 1.06970652686 1.05674474107 0.843322785247 0.901756755686 0.567247889919 0.725576098823 0.6944486081 0.704648855971 0.338454181138 0.467911740865 0.477349676273 0.810467838267 0.685400258358 0.455560658681 0.388567778624 0.393566512937 0.422513106641 0.360570782571 0.535945613453 0.85593328173 0.586045148644 0.562867272553 0.465664760814 0.62348963997 0.942668756375 0.793781530958 0.82279037589 0.790860036204 0.887840244368 0.936925552664 0.796804621735 0.850744846229 0.658971030028 0.75925443981 0.592824917749 0.552509617117 0.494676920121 0.434410817429
-9999 -9999 -9999 -9999 -9999 -9999 -9999 -9999 -9999 -9999 -9999 4.03794403899 3.68591844645 2.99144769531 2.81959006168 2.72056066547 1.64238480824 2.07471619936 1.52404220557 1.50249942735 0.723995666982 0.427949168808 0.758446299201 1.52099925344 1.1334082939 1.12906564988 1.12531271446 0.65018359679 0.57045824043 0.454836112253 0.461226080477 0.745837587379 0.768900085429 0.684407995625 0.499674186728 0.295336129081 0.283897678149 0.195966425972 0.50533793984 0.298497815073 0.599207404656 0.69645404328 0.685120714776 0.666368901192 0.694882227636 0.697398793699 0.663872998131 0.615228657172 0.561008512615 0.518051656906 0.418559926865 0.315776527867 0.175450186035 0.259860844528 0.221869080174 0.316697162814
-9999 -9999 -9999 -9999 -9999 -9999 -9999 -9999 -9999 -9999 -9999 -9999 3.87227705979 3.54347035084 2.54011588671 2.43007083411 2.42113101271 2.27072961877 1.48478030348 1.58238099322 1.41691807485 1.70393838552 1.1230573403 1.01999927923 0.999666432349 0.972035478727 0.741241751664 0.817199633318 0.707873499383 0.566981109033 0.438413718448 0.399229437323 0.376463752133 0.426603568466 0.433685106524 0.447451029988 0.361637032852 0.24956899593 0.607278942765 0.517889008604 0.57777723191 0.503436998235 0.568668090914 0.596759162011 0.713040613416 0.713398920929 0.632301805721 0.55114991892 0.485047595642 0.498611797513 0.410793232539 0.14067761616 0.142355534036 0.387415066728 0.280400886381 0.285584701411
-9999 -9999 -9999 -9999 -9999 -9999 -9999 -9999 -9999 -9999 -9999 -9999 4.58773493544 3.46974773026 2.74907345005 2.93870908267 2.24774793826 2.42574728079 1.95656615539 1.5435005813 1.39732536682 1.1742381727 1.11732174269 1.83331322383 1.13136032124 0.90111016783 1.29731955473 1.41273399701 1.0399640793 1.46862403533 1.05929178709 1.14226899821 0.974163629053 0.922285821068 0.595602030946 0.511484354657 0.362805396931 0.585725794365 0.894813121636 0.629945021597 0.702246463132 0.481652407615 0.428998310664 0.419954442564 0.43620589538 0.437412444859 0.422226394173 0.421667162252 0.369555048338 0.411299883571 0.374792644753 0.330387252633 0.28102782881 0.170753286567 0.129146417891 0.189163260776
