data/recharge/transience/recharge399.asc
ncols                  80
nrows                 72
xllcorner      4374000.0
yllcorner      5656000.0
cellsize            500
NODATA_value       -9999
[rows 0 to 25 of 72, columns 0 to 56 of 80]
-9999 -9999 -9999 -9999 -9999 -9999 -9999 -9999 -9999 -9999 -9999 -9999 18.47234591 19.0014032353 -9999 -9999 -9999 -9999 -9999 -9999 -9999 -9999 -9999 -9999 -9999 -9999 -9999 -9999 -9999 -9999 -9999 -9999 -9999 -9999 -9999 -9999 -9999 -9999 -9999 -9999 -9999 -9999 -9999 -9999 -9999 -9999 -9999 -9999 -9999 -9999 -9999 -9999 -9999 -9999 -9999 -9999 -9999
-9999 -9999 -9999 -9999 -9999 -9999 -9999 -9999 -9999 -9999 -9999 -9999 16.4159664367 15.3340698137 14.9041984292 -9999 15.0461575903 -9999 -9999 -9999 -9999 -9999 -9999 -9999 -9999 -9999 -9999 -9999 -9999 -9999 -9999 -9999 -9999 -9999 -9999 -9999 -9999 -9999 -9999 -9999 -9999 -9999 -9999 -9999 -9999 -9999 -9999 -9999 -9999 -9999 -9999 -9999 -9999 -9999 -9999 -9999 -9999
-9999 -9999 -9999 -9999 -9999 -9999 -9999 -9999 -9999 -9999 16.7034020233 15.830233867 16.1481218805 15.5477121294 14.4219613826 14.7417109343 14.7097262806 15.2395969455 -9999 -9999 -9999 -9999 -9999 -9999 -9999 -9999 -9999 -9999 -9999 -9999 -9999 -9999 -9999 -9999 -9999 -9999 -9999 -9999 -9999 -9999 -9999 -9999 -9999 -9999 -9999 -9999 -9999 -9999 -9999 -9999 -9999 -9999 -9999 -9999 -9999 -9999 -9999
-9999 -9999 -9999 -9999 -9999 -9999 -9999 -9999 -9999 16.3260881384 16.2641576986 16.1054808781 15.2931509923 15.4103154744 15.2486066063 15.3544884709 14.9064501904 15.3071866255 -9999 15.7991040626 -9999 -9999 -9999 -9999 14.255026735 14.8264735189 -9999 -9999 -9999 -9999 -9999 -9999 -9999 -9999 -9999 -9999 -9999 -9999 -9999 -9999 -9999 -9999 -9999 -9999 -9999 -9999 -9999 -9999 -9999 -9999 -9999 -9999 -9999 -9999 -9999 -9999 -9999
-9999 -9999 -9999 -9999 -9999 -9999 -9999 -9999 16.4272049737 16.0274326351 15.413381321 15.9451545812 15.3393511335 15.2638368093 14.913307464 15.1393718758 14.5685341047 14.1722900397 14.5274772223 14.8775649946 14.4285086844 14.6495438608 -9999 14.1907949665 14.005240128 14.4677976995 -9999 -9999 -9999 -9999 -9999 -9999 -9999 -9999 -9999 -9999 -9999 -9999 -9999 -9999 -9999 -9999 -9999 -9999 -9999 -9999 -9999 -9999 -9999 -9999 -9999 -9999 -9999 -9999 -9999 -9999 -9999
-9999 -9999 -9999 -9999 -9999 -9999 17.9282798144 16.8890124606 15.7984312749 15.8271007559 15.7171152656 16.1095367391 15.552637993 15.5638730347 15.039061358 15.1396597962 14.967750093 14.5163274675 14.6814270063 14.5492413166 14.2541800626 14.3476248512 15.1009730687 14.1867657302 14.0864239599 14.2822215559 14.3454472214 -9999 -9999 -9999 -9999 -9999 -9999 -9999 -9999 -9999 -9999 -9999 -9999 -9999 -9999 -9999 -9999 -9999 -9999 -9999 -9999 -9999 -9999 -9999 -9999 -9999 -9999 -9999 -9999 -9999 -9999
-9999 -9999 -9999 -9999 -9999 -9999 17.2545449121 16.7752377682 15.4084813977 15.2411238927 15.1781696881 15.692428666 15.1296382139 14.5826824717 14.1976700335 14.3232388929 14.5575724143 11.4883156076 13.9770043299 13.9473572435 13.8258750447 14.2212859209 14.1279939753 14.2640739837 13.7545430611 13.5621962629 13.765548354 14.3714690749 14.6286667757 14.626347783 14.5212926924 14.6604833037 -9999 -9999 -9999 -9999 -9999 -9999 -9999 -9999 -9999 -9999 -9999 -9999 -9999 -9999 -9999 -9999 -9999 -9999 -9999 -9999 -9999 -9999 -9999 -9999 -9999
-9999 -9999 -9999 -9999 -9999 17.7689109805 17.1959450872 16.9279868286 16.2081827121 15.9093129678 15.415555352 15.236529541 14.8611515813 14.6678238721 14.6319558928 14.7983082915 11.2548176621 5.85116175575 11.0311313259 14.0702477866 13.9270841762 13.9025448777 13.9206903958 13.9549360219 13.981788087 14.2112648687 13.7472967309 13.8363566874 14.3667999625 14.3968078963 14.2657762021 14.4790832497 14.1944913553 14.2246623909 -9999 -9999 -9999 -9999 -9999 -9999 -9999 -9999 -9999 -9999 -9999 -9999 -9999 -9999 -9999 -9999 -9999 -9999 -9999 -9999 -9999 -9999 -9999
-9999 -9999 -9999 -9999 -9999 17.6791518008 16.6855213452 16.7797070594 16.1448482815 16.0312431367 15.6416790609 15.7026339695 10.5882973988 8.59564310743 14.8552241018 14.2916767052 11.6696292501 4.68594518282 8.68465667646 11.6958150889 14.0191756369 13.8014767541 13.8944529398 13.947267572 13.8041606242 13.3573646469 13.258073954 13.2372683213 13.6746733636 13.0794867701 12.5971978545 13.4279243161 13.8465127339 13.8943252138 13.6827389635 14.007168049 -9999 -9999 -9999 -9999 14.1130366703 13.7449475023 -9999 -9999 -9999 -9999 -9999 -9999 -9999 -9999 -9999 -9999 -9999 -9999 -9999 -9999 -9999
-9999 -9999 -9999 -9999 -9999 17.542942152 16.9250089462 16.5006511342 16.1189432497 16.3811796867 16.0117055989 15.9489959621 15.1454597523 14.828546177 15.0871652907 14.447874148 13.3324532424 14.3587398391 14.4922083834 14.3025027521 14.0949347913 13.6218141265 13.6644293582 13.6481843798 13.7602746548 13.7151947495 13.2704196258 13.0835836787 13.6273387201 12.5949805207 8.45736744066 11.2288844649 13.7199232412 13.2649152707 12.9870724752 13.8620150104 13.9154214034 -9999 -9999 14.0611961573 13.8809372715 13.953716983 13.6857385872 -9999 -9999 -9999 -9999 -9999 -9999 -9999 -9999 -9999 -9999 -9999 -9999 -9999 -9999
-9999 -9999 -9999 -9999 -9999 -9999 17.241188641 16.623609071 16.3964550442 16.5622408358 15.8947941745 15.8888502109 15.7847517382 17.2658043263 14.5731277665 14.604450613 13.86636625 13.965407129 14.0402786498 14.1112388673 13.9027111092 13.7221036327 13.4696430692 13.8742949442 13.6636006191 13.6288785167 12.709779056 12.8351489687 13.0778180604 13.3348747258 12.3320560035 13.2194720012 12.7826950442 13.3530534804 13.3353132438 13.4399020821 13.1383212222 13.1560071511 13.7837424971 13.6905121574 13.7800877305 13.9720623683 12.9840139901 12.8155660957 -9999 -9999 -9999 -9999 13.3923065398 13.2481275782 3.49191726233 -9999 -9999 -9999 -9999 -9999 -9999
-9999 -9999 -9999 -9999 -9999 -9999 -9999 16.9979908984 16.3867458132 16.3762875571 16.0862315851 16.2074647795 15.3703249393 14.4785276443 13.7539667595 14.2178649994 14.1572877375 14.4066003934 14.1136498549 13.8842780823 13.6873733021 13.5022137625 13.4330333254 13.7777619988 13.7312192831 13.4582955932 13.2147355415 13.1210167178 13.4374117133 13.2659731891 12.8217375963 12.8318082185 12.9272343738 13.1099102184 13.463859529 13.562278107 13.6112625845 13.5747178382 13.873926985 13.7659760652 13.0530341512 13.1478895473 14.2990619934 14.1003506073 13.751615303 14.0023575234 14.1253378078 14.0203498403 13.7477861408 13.6677427549 12.225813134 10.3265661873 -9999 -9999 -9999 -9999 -9999
-9999 -9999 -9999 -9999 -9999 -9999 -9999 -9999 16.3814427325 16.3467716194 16.0440075249 16.0412767549 15.2798153212 15.5409124974 15.6520585499 15.4273059761 14.3573830797 14.5598622445 14.1093868007 13.8848406787 13.9081030642 13.8761724173 19.8053892339 34.3944645415 34.0387371595 33.1592282188 17.0174703648 13.0916953923 12.6877873852 12.1782554637 12.7514066447 12.365415431 12.5440165719 12.466730668 12.7683662523 13.1237581727 13.2719717992 13.3603181934 13.5285351103 13.6969641386 13.3677166901 14.1223005087 13.3834680211 13.2718711785 13.084759904 12.9659975788 13.2046275884 13.123305109 12.8622454356 13.2424078751 12.1774598338 12.2292603242 11.9652540387 -9999 -9999 -9999 -9999
-9999 -9999 -9999 -9999 -9999 -9999 -9999 -9999 16.5607345089 16.5076376286 15.9216844954 16.0084793009 15.5755953936 15.6040668352 15.2304699498 15.0248559287 14.0493425512 14.2639542419 13.9397908988 13.9253511936 13.9088058378 13.8997929152 24.5783814629 36.2072690239 34.281783866 33.7593775 33.0379585688 17.0358204229 12.5747566118 12.3739732873 12.32398297 12.2800009175 12.2532895434 12.3423870734 13.0311944268 5.4627335201 13.408357667 13.3197890445 13.4128978133 13.4244452418 13.4402469829 14.5021528973 13.410739274 13.2783054492 13.0377590532 13.0088090472 13.191366196 13.1235734765 13.1971481873 12.2931621672 12.0647524947 12.0803250132 12.2930077428 12.7108710964 12.443600323 12.4948511083 -9999
-9999 -9999 -9999 -9999 -9999 -9999 -9999 -9999 -9999 16.1953272134 15.7935175801 15.8690976543 15.5815771962 15.0752142247 14.3637524784 14.2672385142 13.9948902719 13.859652212 13.748774633 13.8083041966 14.2788968013 13.8783735129 16.0951432205 37.2734213425 35.2593545057 35.0543431804 32.3458769271 32.0598874776 18.5582449316 12.8464271639 12.7375895327 12.4677219023 12.422008604 11.9220539083 12.0463932249 10.6102846964 13.1795274472 13.1595887482 13.2123212729 13.1373918378 13.1938505548 12.9426531534 13.2437824723 13.3089435673 12.7434554744 12.3722862491 11.8856047939 12.0734510833 12.2200555613 11.8054927461 11.6700999769 11.6567687727 11.8964867154 12.4400009604 12.3923255142 12.6979427301 11.0640095756
-9999 -9999 -9999 -9999 -9999 -9999 -9999 -9999 -9999 -9999 15.4615773909 15.7603385353 15.6200924169 15.3716758884 14.2729887169 14.1514604838 14.3994121897 14.4607906662 14.2963334837 14.2758109422 13.7356682563 13.6088648112 12.9806456776 20.8904160145 34.5363436884 35.3591874817 33.5401001546 32.4559522251 30.9675145632 20.9901717145 12.7501817829 12.6897847417 12.6834984733 12.3651179589 12.9189298245 12.8939473513 13.0872893764 13.1289699756 13.2367564426 13.2448519908 13.1614783855 13.0183072044 13.2620650432 13.7922049333 13.9984471392 12.9438411577 12.7920396645 12.5110578676 12.0013386346 12.107715567 11.9851048797 11.7317098666 11.5346270524 12.0982422323 12.1275726914 12.3394108234 11.0402032067
-9999 -9999 -9999 -9999 -9999 -9999 -9999 -9999 -9999 -9999 -9999 7.82252924188 10.0973129765 15.1205496518 14.2198641581 13.9919153521 14.4595114231 14.5527422288 14.2753193551 14.6191301354 14.0548845806 14.0712580848 13.2389604349 12.7471404618 16.4272936626 28.4638104679 33.6334068717 34.7998883283 31.9035182764 20.2667174788 24.9286683895 12.9469443104 11.6132360746 11.7153440961 12.0405668795 12.0881865761 12.8114643141 12.7811016043 13.0276740493 13.1050763897 12.6806182122 12.3291354017 12.6441035296 14.3684902594 13.8825009849 12.5124650876 12.706998794 13.5641761229 13.1737298894 11.9897167032 11.7743595332 12.2349899532 12.1764906359 12.0338023415 11.6207749993 11.7748386077 11.1882505008
-9999 -9999 -9999 -9999 -9999 -9999 -9999 -9999 -9999 -9999 -9999 7.19028011117 10.6287064534 14.8974333984 14.4510948801 14.5453965338 14.0203927726 14.1608367978 14.1233083335 14.116274113 13.9492950733 14.1086458894 13.0593081595 12.937728608 12.8576879436 13.4399349054 17.7987681424 26.0777767916 30.1712712794 28.2008709829 28.8066694322 28.8187400307 25.8762991978 26.0129257569 20.4846904675 13.933025833 12.7085204364 12.8660587749 12.8890043517 12.6167787193 11.7171712319 12.1614241099 12.2081405394 12.431286412 14.4921902545 14.1592684405 13.9385018328 14.2156160757 13.5528482115 13.1612061099 11.9613312397 12.2914704985 11.7329333876 12.6795518044 11.9760102455 11.80211396 11.484462662
-9999 -9999 -9999 -9999 -9999 -9999 -9999 -9999 -9999 -9999 -9999 15.745817912 14.7893349937 14.7359572593 14.2100049015 14.2030554542 13.3496237991 13.2036731546 13.108744411 13.5171868219 13.5136451855 13.5425003188 13.1557143488 12.5434465946 12.663813999 12.8245031937 12.6592378333 12.5947289022 12.3018783036 15.8434597348 21.4981214821 28.9072437237 31.0958945851 32.1849101061 27.2567293453 27.4339800908 28.6448012695 26.8852953253 13.9815598102 9.40725079762 7.31973983666 12.3357951749 12.0958063226 12.3108467321 13.0361955845 14.8751579534 14.1985942171 14.0459786586 13.3602324672 12.9745331357 11.6284882428 11.8152825396 11.6213432849 12.4867218292 12.5295022548 9.73306948045 9.35940411507
-9999 -9999 -9999 -9999 -9999 -9999 -9999 -9999 -9999 -9999 -9999 -9999 15.0606890839 14.7038161734 14.4109315071 14.0906564945 13.6217306374 13.4212276719 12.9164912535 13.6259549551 13.6711617399 13.5054958969 13.2455683632 13.2418925848 12.8271227397 12.917244372 12.7342156396 12.7578301757 12.5974420007 12.5533281697 12.5277444378 12.5179015525 15.0578196495 22.5623064408 26.6401035095 13.9800081577 28.8662226713 28.2107070482 26.7771455791 12.6706717514 13.0029032897 11.9686055326 12.23140932 12.4009023175 12.553174564 12.9788275101 14.8370813236 14.0577423748 13.0453337693 13.0855076501 11.6137697044 11.3310918896 10.8704299846 10.9171479517 10.1078938186 9.84078955973 5.30342848343
-9999 -9999 -9999 -9999 -9999 -9999 -9999 -9999 -9999 -9999 -9999 15.4688515821 15.2086438003 14.7361316609 13.7270035466 7.95421027976 11.4840472462 13.6096596828 13.0891962601 13.2827834424 13.0877593032 13.0577528897 12.7646733337 12.8694619791 12.6213599578 12.6112058997 12.404405084 12.3489413312 12.2844164761 12.1791899719 12.1118695115 12.1411436615 12.1339525918 12.0761168147 12.2351071037 27.1758920397 27.0842531682 25.3504146057 24.7600990051 13.2039313679 12.4589636545 11.6825323951 13.1959294301 13.1058181809 12.7730169767 12.6236206419 13.320518994 14.7483735125 13.1024780708 12.8885461134 11.3048960939 10.5229706799 9.86069014281 9.8658095245 9.34213953731 9.54177136115 10.1416449425
-9999 -9999 -9999 -9999 -9999 -9999 -9999 -9999 -9999 -9999 -9999 15.6540479183 15.388299875 14.9735843453 14.3135664417 10.3069198275 12.9193183626 13.3956438087 13.5340751988 13.5223275922 10.7049970918 11.3627046455 12.9214399535 12.8692270292 12.6481304409 12.8947182862 7.79618113101 8.27477232051 11.589876672 12.4141756116 12.3263722295 12.161263077 12.0683556563 12.0728073022 12.1972156218 22.7018188997 25.7566240187 26.5433169204 25.2710397063 19.5679550296 11.933186781 11.6189055209 12.0714774167 12.7031897986 12.7044073526 12.657779217 12.4028555658 12.6113877573 13.1885193071 13.5161008005 11.1656975555 11.1137323146 10.5025146272 10.390732611 9.89923430746 9.75760750807 9.0090499535
-9999 -9999 -9999 -9999 -9999 -9999 -9999 -9999 -9999 -9999 -9999 15.4602151002 15.286715182 14.6946133461 14.0473160942 13.9140636412 12.9647942454 13.1990308207 12.9458337184 13.6778101887 10.8408957399 4.64624616622 11.1616555633 14.8560863903 13.360035527 13.4048905577 13.783336505 13.7950349635 13.2929006933 12.9009049609 12.728006334 12.3174797942 12.2560726607 12.2250307184 12.0233425404 22.4297675002 24.0478409456 22.6094712074 24.2600672399 21.2684942762 11.9369854753 12.6280010245 12.1214467403 11.7367111973 11.9494166571 12.0247126087 12.1304778268 12.13230557 12.3664609211 12.4857092665 12.3457995358 10.3774169367 9.65209774258 9.54366485454 9.11966210629 9.09639428319 9.39906010532
-9999 -9999 -9999 -9999 -9999 -9999 -9999 -9999 -9999 -9999 -9999 -9999 15.5022247735 15.1332942093 14.6156580077 13.829856353 13.0361352182 13.4359159389 13.1827988702 13.2042702808 12.976367741 13.6744948162 14.763412067 13.8913875068 13.3002709666 13.2685388792 12.6556118292 12.7103796234 12.3654121016 12.2264058615 11.8088996948 12.9728334714 11.8620022672 11.9792600567 11.9010484625 24.8566515636 24.5267184179 23.3308299874 24.8284528112 21.9562401026 12.3539640697 12.3765544027 12.5120103746 11.986332826 11.979929144 11.8572938828 11.8954124002 11.9737511607 12.053155846 12.4850610042 12.1272474128 7.22781032345 8.18844999569 11.6461784117 9.8943469538 9.73269971497 9.31796120988
-9999 -9999 -9999 -9999 -9999 -9999 -9999 -9999 -9999 -9999 -9999 -9999 15.7988901543 15.2703372392 14.3172852862 14.2135966175 13.3094496393 13.4478114163 13.1547327807 13.0486067374 13.2849646767 13.3978898103 14.6821302635 14.472671413 13.8508288742 13.9649454675 13.7073882867 13.4885058119 12.7606133914 13.0460571922 12.420576173 12.6138326766 13.0816136998 12.3791136317 21.4756034864 24.9820593202 24.3814952243 24.6891770829 26.1874717948 21.6302172281 13.3824655502 12.3541783283 12.1706827181 12.1699252193 12.2706770057 12.1914248066 11.7541744568 11.6589387729 11.514453242 12.061780651 11.7797154846 10.7866838108 11.6836522279 10.2880865219 9.09900658366 9.52699685138 8.12687936676
-9999 -9999 -9999 -9999 -9999 -9999 -9999 -9999 -9999 -9999 -9999 -9999 14.8090993108 15.1692913695 14.7824331659 14.7817029018 14.0460424199 13.8986381871 13.1223951982 13.5946922293 13.0876400725 13.2166675187 13.0388366105 10.1668014155 11.3669737553 13.315203751 14.4061861106 13.6164770342 12.7816013049 12.6372615522 12.0943788235 11.962228326 12.9828626327 14.4629870387 24.9570540801 20.3254255572 22.4008250802 24.8403064055 24.2765154171 12.2884264475 10.7781179649 12.5258109271 13.2910626088 12.257535831 12.2703029594 12.1991783169 12.1976928991 12.2654560678 12.1601869306 12.2853797772 12.248542767 12.4254998609 10.1191430388 9.66627995648 9.33815968461 9.31696091826 8.79621207039
