data/recharge/transience/recharge348.asc
ncols                  80
nrows                 72
xllcorner      4374000.0
yllcorner      5656000.0
cellsize            500
NODATA_value       -9999
[rows 0 to 24 of 72, columns 0 to 56 of 80]
-9999 -9999 -9999 -9999 -9999 -9999 -9999 -9999 -9999 -9999 -9999 -9999 32.5217451781 33.7636966522 -9999 -9999 -9999 -9999 -9999 -9999 -9999 -9999 -9999 -9999 -9999 -9999 -9999 -9999 -9999 -9999 -9999 -9999 -9999 -9999 -9999 -9999 -9999 -9999 -9999 -9999 -9999 -9999 -9999 -9999 -9999 -9999 -9999 -9999 -9999 -9999 -9999 -9999 -9999 -9999 -9999 -9999 -9999
-9999 -9999 -9999 -9999 -9999 -9999 -9999 -9999 -9999 -9999 -9999 -9999 26.0160761174 24.4782830758 23.6710236948 -9999 24.2148626755 -9999 -9999 -9999 -9999 -9999 -9999 -9999 -9999 -9999 -9999 -9999 -9999 -9999 -9999 -9999 -9999 -9999 -9999 -9999 -9999 -9999 -9999 -9999 -9999 -9999 -9999 -9999 -9999 -9999 -9999 -9999 -9999 -9999 -9999 -9999 -9999 -9999 -9999 -9999 -9999
-9999 -9999 -9999 -9999 -9999 -9999 -9999 -9999 -9999 -9999 25.528302769 24.6076550231 25.6126844449 25.2291868342 23.497859004 22.087057969 20.4725160198 20.4229582142 -9999 -9999 -9999 -9999 -9999 -9999 -9999 -9999 -9999 -9999 -9999 -9999 -9999 -9999 -9999 -9999 -9999 -9999 -9999 -9999 -9999 -9999 -9999 -9999 -9999 -9999 -9999 -9999 -9999 -9999 -9999 -9999 -9999 -9999 -9999 -9999 -9999 -9999 -9999
-9999 -9999 -9999 -9999 -9999 -9999 -9999 -9999 -9999 24.8246653429 24.869466369 24.9760566839 24.1199756991 24.4962751457 24.6770369629 23.8190260979 21.5556951599 24.6189796128 -9999 25.3676086752 -9999 -9999 -9999 -9999 20.0265124205 20.8526043403 -9999 -9999 -9999 -9999 -9999 -9999 -9999 -9999 -9999 -9999 -9999 -9999 -9999 -9999 -9999 -9999 -9999 -9999 -9999 -9999 -9999 -9999 -9999 -9999 -9999 -9999 -9999 -9999 -9999 -9999 -9999
-9999 -9999 -9999 -9999 -9999 -9999 -9999 -9999 27.368715242 26.1374860612 24.5529270155 24.6398716506 25.0521354312 24.5832805776 24.8612068608 24.6738159653 21.3990379249 20.986976112 21.2416366506 24.7114082357 23.6513606649 24.1321738503 -9999 20.4044937922 21.6853854483 21.8423640973 -9999 -9999 -9999 -9999 -9999 -9999 -9999 -9999 -9999 -9999 -9999 -9999 -9999 -9999 -9999 -9999 -9999 -9999 -9999 -9999 -9999 -9999 -9999 -9999 -9999 -9999 -9999 -9999 -9999 -9999 -9999
-9999 -9999 -9999 -9999 -9999 -9999 27.1471975721 25.4986113996 25.0670032776 25.3579530817 25.5508603252 25.7512606746 25.7961413116 25.4847071615 24.8267958505 25.3513004291 22.7531204855 21.9384599126 24.261241024 24.4745498515 23.3794036021 23.8081533368 21.904934254 20.5618760051 20.8325477583 20.5952252825 20.8934615581 -9999 -9999 -9999 -9999 -9999 -9999 -9999 -9999 -9999 -9999 -9999 -9999 -9999 -9999 -9999 -9999 -9999 -9999 -9999 -9999 -9999 -9999 -9999 -9999 -9999 -9999 -9999 -9999 -9999 -9999
-9999 -9999 -9999 -9999 -9999 -9999 27.2469338815 26.3224171794 24.5071535429 24.1915212136 24.2402004468 25.124879286 25.4206180242 24.338517487 23.4516268209 23.4042954804 22.8685580083 20.3355999218 22.3840165007 22.5528362631 22.4897766883 23.6499921693 23.0997540932 21.7125962549 20.0876916571 19.3963849365 21.2409167263 22.8124639971 23.1912860779 22.9172309701 23.1846904768 23.2358957438 -9999 -9999 -9999 -9999 -9999 -9999 -9999 -9999 -9999 -9999 -9999 -9999 -9999 -9999 -9999 -9999 -9999 -9999 -9999 -9999 -9999 -9999 -9999 -9999 -9999
-9999 -9999 -9999 -9999 -9999 28.1733497207 27.3802674697 27.1577782725 26.1150058589 26.3442654558 26.2254453225 25.3708889103 24.5606565982 24.5447488894 24.3927818232 24.8871227943 20.6556392516 12.8655505513 19.815428067 22.6454031675 22.5491016386 22.2796245627 22.6480225348 22.8869714285 20.9245143639 21.2841396663 20.8485144282 21.5906705001 22.7801222395 22.7011830467 21.9008692115 22.2917186891 20.9602464026 20.7435016271 -9999 -9999 -9999 -9999 -9999 -9999 -9999 -9999 -9999 -9999 -9999 -9999 -9999 -9999 -9999 -9999 -9999 -9999 -9999 -9999 -9999 -9999 -9999
-9999 -9999 -9999 -9999 -9999 28.1677591887 27.2888332534 27.4240011285 26.5743878164 26.1186076164 26.3147807341 26.6824113647 21.6720788084 18.6838839154 26.7773844855 26.7671173125 22.3020926761 11.4317524983 18.5168306431 21.1355388037 21.8421459004 22.2442050019 23.3819352592 23.0955774441 22.4001927777 20.5523655344 19.4096612505 18.9200735234 21.3968541674 20.971695025 19.7640431971 20.4900536315 20.7274091632 20.4602644005 19.4136804132 19.8773251676 -9999 -9999 -9999 -9999 18.1157901108 18.4866537091 -9999 -9999 -9999 -9999 -9999 -9999 -9999 -9999 -9999 -9999 -9999 -9999 -9999 -9999 -9999
-9999 -9999 -9999 -9999 -9999 27.8164266295 27.3839155398 26.9876269239 26.733888692 27.2411165602 27.3377040766 27.0387164738 26.8150771159 27.3108647631 27.4922022973 25.8241879169 23.907756823 25.6948189005 24.6815745401 25.2492564125 23.0082238231 21.9944869109 21.9547905112 21.6170771843 22.319167024 20.449000915 19.1755523838 17.9017463471 21.0892996465 20.5621497967 16.2657892159 19.05632271 20.6034707847 19.2296200308 17.5943139564 20.1325935932 19.4511179718 -9999 -9999 19.7463369417 19.3834326522 19.0917969995 18.4813267294 -9999 -9999 -9999 -9999 -9999 -9999 -9999 -9999 -9999 -9999 -9999 -9999 -9999 -9999
-9999 -9999 -9999 -9999 -9999 -9999 28.3513884037 28.1988750821 27.5062733301 27.5771596268 26.5348791648 26.8934070588 28.0184847334 28.4452757927 25.727625325 25.228375933 24.8266849336 24.6698673312 23.3711509851 23.8341905995 23.0684570187 23.3322770833 22.4242223341 23.1066573777 22.1359761796 21.1405906053 16.5272196463 16.6236860331 18.5090627538 20.1994910549 18.830156655 19.8549371436 17.6191534356 17.7232126969 16.8127537515 18.9806171964 17.3373089452 15.2023310638 18.9771971257 18.7392118453 17.90500371 19.2258667739 14.9989979634 12.9185918986 -9999 -9999 -9999 -9999 14.998317433 14.0667483528 7.74381661656 -9999 -9999 -9999 -9999 -9999 -9999
-9999 -9999 -9999 -9999 -9999 -9999 -9999 28.4292403423 27.2400620345 27.5753909031 27.4969719967 27.2914852284 26.6282128481 25.2164000902 25.0326637873 26.6321230358 26.2789886356 26.4492292793 25.6974107391 24.5710874309 22.5517158301 22.5553495193 21.9970337896 22.1392528923 21.4405290995 20.5686309499 16.8509610913 19.1288744275 20.1226409248 19.4815694984 18.19857214 18.327954316 17.9786296542 18.4341189298 19.1775384222 19.1313224248 17.0239729343 17.0852354625 18.827040204 18.794305565 16.086203466 14.735008438 9.60460787642 8.09798847635 7.03454928962 7.88949016091 8.21872661324 7.21099860244 6.94652106993 9.93519709292 12.9644942961 13.129963124 -9999 -9999 -9999 -9999 -9999
-9999 -9999 -9999 -9999 -9999 -9999 -9999 -9999 26.9778074835 26.8273001047 27.1186654882 27.4387327975 26.3545641727 27.106413528 27.5590414342 27.2158298661 25.7364038288 25.9096639455 24.1582115229 24.7047760123 25.9015813631 25.6407502513 16.801723395 12.813772958 12.2617872733 11.8431091964 14.1635105256 19.184805064 17.0008984045 15.2718355831 15.3510923548 15.3136833644 15.7482572151 14.8194074243 16.2773437368 17.5544980838 18.0216969491 18.3747807215 17.0808266967 16.681865892 13.6169235453 10.0220904675 6.90244072787 6.41285314875 6.01677163827 5.58409735471 6.20546853598 5.62978343541 5.2405309581 7.83769688309 9.91006364723 10.6579023148 10.2257379944 -9999 -9999 -9999 -9999
-9999 -9999 -9999 -9999 -9999 -9999 -9999 -9999 27.9146053449 27.4587865937 26.6904046772 26.8198119689 26.2866111631 26.2839876939 26.339149126 26.0409076668 25.0693013225 25.5994685954 24.7445203037 25.1596070568 25.3124862478 25.5284296663 16.8461059934 19.0033315542 15.1523441281 11.3123348515 12.3776169936 15.7639685305 15.9344966666 14.0184954367 14.8100850145 15.0595399449 14.5852681288 14.6246213743 17.4395297508 11.9945972325 18.6683450163 18.1068258356 17.0497453685 16.9260276936 16.4676248284 10.346452927 6.51303123513 6.49194037147 5.60313675376 5.55105847417 6.14118236193 5.7467175607 5.7861176729 10.5595071327 10.1046443888 10.1362447084 10.7025518352 12.2784721915 11.1196647188 11.4726130044 -9999
-9999 -9999 -9999 -9999 -9999 -9999 -9999 -9999 -9999 27.6277136028 27.0726217989 26.378572815 26.2985941173 25.9910988268 26.0976423553 26.1349029282 27.5016818916 27.6871674793 27.7698116846 27.9093515941 27.2958089706 25.6610942415 23.2665812939 26.8784996013 20.473089727 18.2761118101 12.7660630845 10.1470105872 8.61618626916 16.7934008664 14.9132954536 14.6715618327 13.6605207903 12.172539806 14.4650852995 16.032279271 16.900614459 16.5048815901 15.570648754 15.6328922009 14.6941019609 13.1144067287 5.35005676458 6.42560905908 4.87538729667 4.38128463411 3.85796137419 3.98415409859 7.01440174559 7.88845301237 7.88478774804 7.71795422243 9.08532671983 10.7654448568 10.8301885526 5.47071535027 3.91252194487
-9999 -9999 -9999 -9999 -9999 -9999 -9999 -9999 -9999 -9999 26.1980589064 26.4417978925 26.1833505306 25.9633202556 25.5596588739 24.9953311476 25.7361974783 27.7220975225 26.3511303108 24.7723186188 23.8507105477 23.0986030023 21.210672964 17.3214171421 15.3871060248 18.695978088 15.2161933764 12.6242451806 8.45975599906 9.1553286584 16.3470590368 16.3714958912 16.3211481057 13.825260272 16.2807828237 16.3132357539 16.7135269746 16.5067921445 15.6260688078 15.6663418745 14.9987865765 14.0942245144 9.82677838619 6.2322924334 6.95401687893 6.72648408191 5.33057039494 4.34664562942 8.51574334101 8.49496575259 8.57634595841 8.36051919586 8.18167933469 9.86871394546 10.0817906419 5.03649818661 3.87270394057
-9999 -9999 -9999 -9999 -9999 -9999 -9999 -9999 -9999 -9999 -9999 15.8984961683 19.8383406031 25.5976496807 25.9177078226 25.095394101 24.5489633922 24.4634649015 23.0522720797 24.6564231556 25.2746431177 24.6268202234 20.1625035218 18.2837412705 13.4377621607 8.24362258927 11.7969930468 15.8939072829 16.0716510055 21.5063639448 10.2527491272 12.7981744311 13.3990848196 13.4073115365 13.6095220772 12.8009705299 14.9287069196 14.8791901951 14.659882258 14.6649006385 13.0566622481 12.1456625904 11.7773147352 7.85153268738 5.22690425024 4.12328939493 4.83268333391 5.54987417523 5.98931698547 8.18840677809 7.36268434701 8.42990884097 8.89521784232 8.97928578681 8.19356821957 7.92144470515 4.26610899936
-9999 -9999 -9999 -9999 -9999 -9999 -9999 -9999 -9999 -9999 -9999 14.9408524387 21.0881465188 24.8363920271 26.1204097134 25.1223544813 23.0698554475 23.0602894952 25.2547993478 25.3089721069 25.0742246261 25.8627267966 21.4702275925 19.2850683432 19.7947414532 20.6769257956 13.36139724 11.6605387173 10.1659437181 17.3423489848 13.732578421 11.0810563128 5.11979758344 5.87049376456 6.27442611294 12.5279022435 14.889545392 15.0192945289 14.4776210284 14.2482054029 13.2480880878 12.9746905276 11.1900916639 11.4294785431 8.3299847946 5.85835515418 6.92624927289 8.06922062248 7.27828423538 5.433477456 5.5735686295 5.71206850295 4.48373664223 8.64908664701 9.12799706202 8.599565209 8.23341750318
-9999 -9999 -9999 -9999 -9999 -9999 -9999 -9999 -9999 -9999 -9999 26.7772658182 25.8445457811 25.4802562342 24.8948097778 24.1185537405 21.2422370411 20.297924206 22.0934899731 22.9244350384 23.6684899743 23.8345658085 19.2868699783 17.181675684 18.1470560163 19.455217311 18.6461532527 18.475872764 17.1299610451 12.4827965722 8.17152337912 11.3792130372 13.3244198936 13.6028586954 9.466188835 4.46886776343 5.73881843875 3.66302205453 11.0673141839 12.1690720285 12.282773427 11.9713659928 11.7870060456 12.5293960333 13.1747488469 12.6145040504 6.78009020833 6.20824898004 5.93549718784 5.60078566251 4.66875961543 5.24796968072 5.7250347261 7.04102585402 8.82860934927 9.46882538223 7.19562076051
-9999 -9999 -9999 -9999 -9999 -9999 -9999 -9999 -9999 -9999 -9999 -9999 25.2641743984 25.4549685037 25.9557100184 24.755604487 22.5999842183 20.7207040093 19.7467194021 23.7228240775 23.9512319178 23.4843942517 22.245136726 21.0996307935 19.8796397176 20.0751652041 18.7990464175 19.0628619883 17.9266669721 17.5803798351 16.7758862031 17.0933013281 12.3481715239 7.29569028838 10.2945899715 14.7466679201 7.48583854186 4.88056722046 3.92142638976 13.1980668959 13.3716634578 11.6793554158 13.0766137657 14.0615065417 14.2141693214 14.1751005578 8.23266327051 6.27637025028 4.92853000212 5.33413517314 4.31166178349 3.74565033981 3.32776780289 3.4393472209 3.19057855505 6.10174002346 6.28214749015
-9999 -9999 -9999 -9999 -9999 -9999 -9999 -9999 -9999 -9999 -9999 25.6076629228 25.5613101152 25.2318643047 26.7159888568 18.4606589028 22.0073474145 23.1610199999 19.783634678 22.7123463414 21.0761943683 20.9272049126 19.495553671 19.7153626699 18.9347445883 18.8056077688 17.449559291 17.2837643458 16.8987180537 16.6442637883 15.0024619671 15.2455657724 13.8885417424 13.8141180493 13.4296886268 5.80743740253 6.1446741127 3.66247319963 3.25784069437 8.94686820057 11.291766952 10.0210875969 15.5763960494 15.944876305 17.3351450121 17.2424763267 14.4433173656 8.94578970533 5.8895908252 5.92720795341 4.11988839613 2.77372220833 2.46013166404 2.48005284356 2.3044277601 2.56156599428 3.7756719621
-9999 -9999 -9999 -9999 -9999 -9999 -9999 -9999 -9999 -9999 -9999 26.0374825829 26.8069614516 25.9941551147 26.0664682917 21.6831702898 23.925719866 23.9930959388 22.7460775937 22.8698668623 20.3178286457 19.8831041964 19.9325772955 20.2413562077 19.3354673189 18.7788610676 16.0411308367 16.5847632659 17.3073800766 19.3210872822 17.1122705603 15.3832412339 13.7748710737 13.8184670906 13.2715824592 4.61628659282 4.32290499645 5.91768895583 3.541932847 4.73730159227 10.2695126456 9.43361306383 12.6501245705 13.7166903944 13.8063620565 13.3593067876 13.0593257467 12.8593464571 9.28222852236 7.85893007097 3.87446637689 4.07584392569 3.49458627726 3.32105860718 3.10551325959 2.86103913814 2.2789981216
-9999 -9999 -9999 -9999 -9999 -9999 -9999 -9999 -9999 -9999 -9999 26.6649565819 26.8689669321 25.4968367488 25.2204671582 24.9937708991 24.0609682528 24.0385035261 23.4181035561 24.5249832119 19.8279322114 12.0426188394 20.1421664461 14.9629630647 10.88681636 10.8772124495 12.3711739614 13.4848010051 12.5355011601 13.475166459 12.9030926517 16.9986156113 15.6110958397 15.1028411617 12.3775563272 3.26911412834 2.62388295894 1.90617764542 3.10794383568 2.75094679284 10.7971684117 11.7225022138 9.70969278721 8.82190154491 9.50619883498 9.35721498674 11.0624963087 11.1582391702 9.98888209786 9.88279341642 4.53954973642 2.6915909738 2.25061860171 2.1900244281 2.17664063241 2.19949081464 2.74193124486
-9999 -9999 -9999 -9999 -9999 -9999 -9999 -9999 -9999 -9999 -9999 -9999 27.3145659044 26.5444174269 25.4853744014 24.5455842054 24.0966038803 24.5995613082 22.8335239759 24.0159737074 21.9796928644 24.1648106139 13.2482436729 10.5848196134 10.2829817658 10.1510070931 8.8246001898 9.21359945351 8.36828966448 7.6061661872 6.2840749921 9.91315654209 12.8871337727 13.3073427434 11.9105385102 3.98499607025 3.21252910697 2.21795748693 4.05127434826 4.04147030118 11.0098483707 11.3040384181 11.2981536451 8.55316042497 8.87047650589 8.91415734112 10.1762008642 10.742459057 9.37451520386 10.4261891075 8.90754410358 7.39209345174 6.03193242518 4.11614003288 2.56809070142 2.7793252138 2.64895867116
-9999 -9999 -9999 -9999 -9999 -9999 -9999 -9999 -9999 -9999 -9999 -9999 28.2697202618 26.8710473211 25.5531070142 24.7290002407 23.1746843883 24.257890663 23.7426431879 23.6170399455 23.4573203515 23.4669446192 16.4643322129 13.7540112275 11.3824888023 12.3256549558 12.4712433186 11.6995629962 9.53899444263 11.3306149585 8.84877831769 9.40499382019 14.3237114095 16.0109050218 5.65304023911 4.49880228298 2.87653506322 4.56215187045 5.94962020443 4.39647908142 9.1047605163 10.4308938895 9.53056232517 9.41677503706 8.74900309286 7.97384423239 7.59476056008 7.87101233155 7.11255864624 8.40207038787 7.56635266687 7.01323021794 5.07315576297 1.669116984 1.21201846137 1.56117535547 1.22658301744
