data/recharge/transience/recharge272.asc
ncols                  80
nrows                 72
xllcorner      4374000.0
yllcorner      5656000.0
cellsize            500
NODATA_value       -9999
[rows 0 to 24 of 72, columns 0 to 56 of 80]
-9999 -9999 -9999 -9999 -9999 -9999 -9999 -9999 -9999 -9999 -9999 -9999 4.71778101977 4.97567576165 -9999 -9999 -9999 -9999 -9999 -9999 -9999 -9999 -9999 -9999 -9999 -9999 -9999 -9999 -9999 -9999 -9999 -9999 -9999 -9999 -9999 -9999 -9999 -9999 -9999 -9999 -9999 -9999 -9999 -9999 -9999 -9999 -9999 -9999 -9999 -9999 -9999 -9999 -9999 -9999 -9999 -9999 -9999
-9999 -9999 -9999 -9999 -9999 -9999 -9999 -9999 -9999 -9999 -9999 -9999 6.21603672383 4.65314677864 3.77904591919 -9999 3.99129240921 -9999 -9999 -9999 -9999 -9999 -9999 -9999 -9999 -9999 -9999 -9999 -9999 -9999 -9999 -9999 -9999 -9999 -9999 -9999 -9999 -9999 -9999 -9999 -9999 -9999 -9999 -9999 -9999 -9999 -9999 -9999 -9999 -9999 -9999 -9999 -9999 -9999 -9999 -9999 -9999
-9999 -9999 -9999 -9999 -9999 -9999 -9999 -9999 -9999 -9999 5.10284296011 4.72031333583 5.37446068523 5.56003930475 3.82372221561 3.25027586484 2.62830450592 2.67390513084 -9999 -9999 -9999 -9999 -9999 -9999 -9999 -9999 -9999 -9999 -9999 -9999 -9999 -9999 -9999 -9999 -9999 -9999 -9999 -9999 -9999 -9999 -9999 -9999 -9999 -9999 -9999 -9999 -9999 -9999 -9999 -9999 -9999 -9999 -9999 -9999 -9999 -9999 -9999
-9999 -9999 -9999 -9999 -9999 -9999 -9999 -9999 -9999 4.89205302037 5.06427516107 5.01331757914 4.47394414369 4.73670302368 4.47010862279 4.11776625071 3.15989927815 4.01912330289 -9999 4.72640503011 -9999 -9999 -9999 -9999 3.42879159289 3.56895515037 -9999 -9999 -9999 -9999 -9999 -9999 -9999 -9999 -9999 -9999 -9999 -9999 -9999 -9999 -9999 -9999 -9999 -9999 -9999 -9999 -9999 -9999 -9999 -9999 -9999 -9999 -9999 -9999 -9999 -9999 -9999
-9999 -9999 -9999 -9999 -9999 -9999 -9999 -9999 6.71001063401 5.74010811811 4.67113274351 4.81511654721 4.5144908719 4.12270940955 4.0790615764 3.84548028173 3.0948895477 2.78769393246 2.71208521923 3.61611007405 3.66241439392 3.91795786706 -9999 3.03969765911 4.16252312314 4.01960117898 -9999 -9999 -9999 -9999 -9999 -9999 -9999 -9999 -9999 -9999 -9999 -9999 -9999 -9999 -9999 -9999 -9999 -9999 -9999 -9999 -9999 -9999 -9999 -9999 -9999 -9999 -9999 -9999 -9999 -9999 -9999
-9999 -9999 -9999 -9999 -9999 -9999 6.55696087502 5.3580008821 4.82142706265 5.09630542669 5.44280262827 5.94627866191 5.11928911223 4.78984136136 3.99790886936 4.37645409945 3.50525356577 3.25001854675 3.53527815123 3.56436970091 3.5396782447 3.78597084985 3.6373343299 3.11282572337 3.40885002726 3.26182652722 3.66779950984 -9999 -9999 -9999 -9999 -9999 -9999 -9999 -9999 -9999 -9999 -9999 -9999 -9999 -9999 -9999 -9999 -9999 -9999 -9999 -9999 -9999 -9999 -9999 -9999 -9999 -9999 -9999 -9999 -9999 -9999
-9999 -9999 -9999 -9999 -9999 -9999 6.84170120754 6.16839466023 4.58473441191 4.37935835981 4.13177686267 4.57643210222 4.34676400341 3.80751255784 3.58636068622 3.32608054709 3.27305807966 3.0890938704 3.22031632454 2.98465742585 3.25593604452 3.83441954209 3.62781420816 3.52587884417 3.10224170466 2.84742957943 3.79723325298 4.45418465934 4.81895919667 4.503783147 5.85270924924 5.77383991724 -9999 -9999 -9999 -9999 -9999 -9999 -9999 -9999 -9999 -9999 -9999 -9999 -9999 -9999 -9999 -9999 -9999 -9999 -9999 -9999 -9999 -9999 -9999 -9999 -9999
-9999 -9999 -9999 -9999 -9999 8.20864304471 7.13058332675 7.0623698577 6.28074636691 6.38995484469 5.78210766742 5.22087813734 4.06881952887 4.24936663848 4.10024230157 4.19743004 3.36919621351 2.22951876105 3.23068278423 3.04731323311 3.27623520662 3.14187592218 3.40710537759 3.53600380417 3.42534721479 3.63863563961 3.63188222645 3.68818167835 4.58937405837 4.46338099157 4.52723445437 4.81120216327 4.494756981 4.3044957293 -9999 -9999 -9999 -9999 -9999 -9999 -9999 -9999 -9999 -9999 -9999 -9999 -9999 -9999 -9999 -9999 -9999 -9999 -9999 -9999 -9999 -9999 -9999
-9999 -9999 -9999 -9999 -9999 8.25725633779 7.52636279697 7.57659735615 6.65186867313 6.13215094289 5.77895658635 6.18118927542 4.30792129331 3.66415222016 5.2805929928 5.45877856031 3.51925295028 1.83805568072 3.12723029528 2.99231126744 3.36975042184 3.50810458032 4.06048808002 3.88244332864 3.77149591635 3.17595658651 3.25090699909 2.98387411643 3.9606937514 3.89190851628 3.88972300769 4.03695758056 4.53077019901 4.31487438332 4.54671418474 4.44362326155 -9999 -9999 -9999 -9999 5.24887625032 4.96986821999 -9999 -9999 -9999 -9999 -9999 -9999 -9999 -9999 -9999 -9999 -9999 -9999 -9999 -9999 -9999
-9999 -9999 -9999 -9999 -9999 7.72072375899 7.09211902306 7.09339871075 6.97950826281 7.37895898012 6.66053554015 6.34267375716 5.48141967659 6.35424037612 5.81339877147 4.57004463927 3.68596474585 4.74414979677 4.25691223125 4.63030624088 3.95216695878 3.36353122573 3.30610019492 3.15790396561 3.68072647098 3.37923268786 3.19157240745 2.75613341486 4.00706257515 3.71602380156 3.15302170157 3.75925309302 4.46269793468 4.03714500803 3.86838169453 4.63759179207 4.78792983089 -9999 -9999 5.01206485613 5.57552531882 5.3680412735 5.83541291288 -9999 -9999 -9999 -9999 -9999 -9999 -9999 -9999 -9999 -9999 -9999 -9999 -9999 -9999
-9999 -9999 -9999 -9999 -9999 -9999 8.37942679424 8.45039350335 7.51000808182 7.19902010719 6.18535520647 6.76873093397 6.91302091032 7.35043549444 4.64615062767 4.19610406117 4.1310974777 3.97958317938 3.64478361361 3.64722445567 3.87959583351 4.05745355549 3.87367925364 4.21087773356 3.89612038581 3.49748167041 2.76423015915 2.99547896992 3.38074460718 3.619313256 3.69186253292 4.12871170934 3.81978043577 3.96087748193 4.24398566083 4.52617185234 4.3395335659 3.77319540812 5.08351638408 4.9339700042 5.08038999375 5.97121642933 4.58553900617 3.87430013661 -9999 -9999 -9999 -9999 5.2442939392 4.76685486133 1.65934466383 -9999 -9999 -9999 -9999 -9999 -9999
-9999 -9999 -9999 -9999 -9999 -9999 -9999 7.69628386456 6.93773719007 7.75365642851 7.44112396798 6.82566099245 5.46387641327 4.56999890374 4.32602473509 5.51222221656 5.27031774447 5.21560937738 5.00064467355 4.1865595804 3.63066162445 3.65112139529 3.65956524859 3.70881021544 3.57745586064 3.21399148891 3.06628129689 3.36390205577 3.67478276851 3.4750682995 3.66923267752 3.67012361626 3.96258512966 3.854756928 4.64111401982 4.60895183656 4.67122877552 4.56880128947 4.98196083248 4.96595005105 4.37585453608 4.06408792648 3.36181180124 2.84363717 2.53067720859 2.83737186184 2.99455290332 2.56928192037 2.48015095018 3.49491706318 3.93283576684 3.40081386099 -9999 -9999 -9999 -9999 -9999
-9999 -9999 -9999 -9999 -9999 -9999 -9999 -9999 6.53274322684 6.22411479092 6.71653004275 7.34632876661 6.4674789156 6.94205676823 6.42599548149 5.90534058001 4.55047087987 4.58085898829 3.89941370545 4.35703772434 5.41694280976 5.19034873736 3.53940549969 1.39016017341 1.36095996205 1.36768204189 2.81395406443 3.50636892218 3.15689998446 2.64425965324 3.32729320463 3.32950866407 3.63011555818 3.37214982377 3.96864119383 4.26706372838 4.61055179815 4.80780405737 4.70256551073 4.66715538037 4.50521893963 3.6328944895 2.60385058664 2.41288137227 2.41721407353 2.24579209767 2.4297509387 2.20814371211 2.07031669254 3.01490300341 3.38006985133 3.59336162096 3.35660288656 -9999 -9999 -9999 -9999
-9999 -9999 -9999 -9999 -9999 -9999 -9999 -9999 7.82641465409 7.02090589078 6.22259285243 6.27008338456 5.8820278469 5.83763749912 4.93432283625 4.80770724192 4.33957943625 4.6650031845 4.36423545787 4.71400182116 5.07917093593 5.06878973794 3.78650143517 3.59666473761 2.31276774877 1.11165777367 1.69160406686 3.42372229434 3.16439481156 2.66631756861 2.88666413013 3.10177382458 3.0735695048 3.23342790276 4.15594482979 2.22276543753 4.9840581478 4.64800307312 4.6867237269 4.60743697842 4.75656373675 3.62581544744 2.45596782481 2.4429521217 2.25599259955 2.23494157754 2.4046067122 2.2521763268 2.31588937291 3.61959786816 3.47228337062 3.48776044191 3.79874080461 4.3563782126 3.84233576217 4.07129704642 -9999
-9999 -9999 -9999 -9999 -9999 -9999 -9999 -9999 -9999 8.39672198434 7.3732263814 6.06592314196 6.05664946839 5.97282000978 5.31905078882 5.33210825998 5.79603582202 6.14755173735 6.17889394706 6.21021299442 6.02338436752 4.771599866 4.85882581825 6.95861947672 4.22170255209 3.14607738079 1.61423544253 1.05178111368 1.91121756924 3.38270746205 3.38493292366 3.40259941994 3.45940570356 2.93560875511 3.54588068641 3.81187769793 4.59346018915 4.35926448407 4.38124553537 4.42114595015 4.52462099466 4.37448238072 2.4661000541 2.89435433053 2.44280490025 2.09798342901 1.94199068348 2.01622587901 3.01631478329 3.16471349518 3.16154638688 3.0745237499 3.46263571907 3.96722509547 4.1100972704 2.55287114607 1.90649499367
-9999 -9999 -9999 -9999 -9999 -9999 -9999 -9999 -9999 -9999 6.54847131515 6.59652756743 5.87611633758 5.91989561552 4.89436348755 4.44818109544 4.44243800617 5.63740762393 4.82845035731 4.07624596849 3.89882165036 3.71635905099 3.37055156883 3.29820601076 2.15244780262 3.26686377697 2.49095549016 1.60848363912 0.796432854113 1.96270696778 3.47818635553 3.49198161016 3.95887407716 3.42264570936 4.36136901274 4.12934791583 4.48390093732 4.36109744541 4.41492843398 4.43966910873 4.72660068556 4.60276935013 3.68180433079 2.80623691746 3.55451904429 3.09649553147 2.81510334587 2.31513861324 3.5171658192 3.46576487009 3.53823663606 3.4203242733 3.1484643551 3.77182665644 3.60959472634 2.39300431032 1.88598431851
-9999 -9999 -9999 -9999 -9999 -9999 -9999 -9999 -9999 -9999 -9999 3.66114290083 4.02014334804 5.58853704932 5.03773226222 4.47723841958 4.45794760303 4.39174909346 3.92226735913 4.41855408471 4.88757997377 4.75505020472 3.69979860532 2.94855133165 2.57187214077 0.708725612252 1.30409652832 2.79693557522 3.2804988209 4.95433125765 1.42884884453 3.15347858881 3.45952309801 3.60243564901 3.67144239154 3.37100511639 4.15553053837 4.12674378626 4.44906281704 4.45134757642 4.68854030212 4.19947074606 4.51169719308 3.61524506521 2.8008920955 2.26124400208 2.57289525716 3.18132187223 3.18242218437 3.64381624586 3.26831515289 3.86700977848 4.03636529515 3.77458253346 3.32103987598 3.31778510125 2.17293268768
-9999 -9999 -9999 -9999 -9999 -9999 -9999 -9999 -9999 -9999 -9999 3.10286690425 4.40629116456 5.03111951738 5.25653427207 4.7884931787 3.76347458782 3.63870681906 4.40135541989 4.4515627698 4.45430509824 5.02637454221 3.67474371134 3.27066474776 3.58276994608 4.13944029647 3.06046389774 2.14019572271 1.27193205938 3.26423350216 2.82639612656 1.87020641535 0.765453411542 1.07938825465 2.04239065404 3.48017539054 4.13382759158 4.20822780272 4.33555398911 4.28696621734 4.69070964242 4.6789552034 4.14598295083 4.29726212351 4.0685540399 3.24489580409 3.89196676673 4.47996301728 4.00756667701 3.04222695872 2.77205859921 2.81241424172 2.45742705233 4.01718970243 4.00030222697 3.62939783394 3.32286784218
-9999 -9999 -9999 -9999 -9999 -9999 -9999 -9999 -9999 -9999 -9999 7.41075741226 6.67273220131 6.29130184964 4.75315554143 4.86288775978 3.84015928029 3.21593967918 3.58366983953 3.98588046501 4.10204530394 4.1954773378 3.68120234559 2.98313474996 3.26022290761 3.32977194659 3.31858296959 3.24811109138 3.45414187458 2.87703153097 1.82675704686 1.94725631867 3.23036602953 3.24055499875 1.95600197526 0.508906581941 0.947936518389 0.826789255226 3.93117871281 3.27807770237 2.98131308581 4.51850794493 4.88365351723 5.32796766954 6.04427190139 6.63230906443 3.6905403271 3.3674206894 3.23219309765 3.13148962789 2.35502547452 2.59910341144 2.63280778947 3.20860385032 4.29953187285 3.47686156716 2.84338294785
-9999 -9999 -9999 -9999 -9999 -9999 -9999 -9999 -9999 -9999 -9999 -9999 5.34514322169 6.03263299033 5.64950609456 4.94971255832 4.32145699207 3.73091363006 3.34564308496 4.22657661484 4.2390311657 3.99595186151 3.98899913186 3.92739699808 3.50946013883 3.59017266628 3.38154143973 3.49398582921 3.46767656658 3.31282336736 3.44539491549 3.5981473963 3.21365135405 1.85913741671 2.46397342606 4.05829747187 1.54665371644 0.693657566094 1.26283145889 4.38949487823 4.95677001327 4.36466931298 5.61507555115 6.11359631096 6.36043211946 6.54737778123 4.55494426265 3.40482277425 2.68737767258 2.93907696238 2.29436801485 1.96285686317 1.67727367317 1.70343051322 1.68765989427 2.21587134422 1.87015706802
-9999 -9999 -9999 -9999 -9999 -9999 -9999 -9999 -9999 -9999 -9999 6.72854736742 6.5009808678 6.83736107382 6.50171317044 3.82402588705 4.58576071901 4.73319658474 3.94219340702 4.44934005617 3.78578804723 3.72073772424 3.48923480252 3.5811708368 3.6961263471 3.63932998675 3.34648065766 3.23015977399 3.38278277597 3.26901336627 3.22949799655 3.34703292766 3.3131567948 3.27530757727 3.6354625351 1.03214742506 1.22717348829 0.46986640574 0.500553737224 3.83193830288 4.51889735581 4.03377632719 5.98003967582 6.40340673431 6.85696963799 6.75584367485 6.43727565983 4.57982225856 3.15946683465 3.10051007508 2.25109211689 1.60324991318 1.42350596766 1.43285170806 1.31040867022 1.43083616844 2.00624670066
-9999 -9999 -9999 -9999 -9999 -9999 -9999 -9999 -9999 -9999 -9999 7.03804503986 7.86262347761 7.51738774878 6.00706914851 4.5849441358 5.20086009114 5.01978785495 4.45299369412 4.55851538396 4.02147456299 3.76580168939 3.7124995126 3.81287705797 3.87420702121 3.86223004985 2.73213731921 2.9884563332 3.60079842114 4.50586741789 4.26764347278 3.41370271792 3.25509103032 3.27760247298 3.54642696187 1.3505377218 0.624683044954 1.18277419116 0.597145315384 2.46043679346 3.95774564682 4.11092198463 4.91185505424 5.20341762057 5.1863179078 4.93110271924 5.2984926508 5.37438572968 4.42793007264 3.98760644919 2.14035055176 2.19918630866 1.93180702886 1.83312856978 1.69407436175 1.58048305687 1.31029923415
-9999 -9999 -9999 -9999 -9999 -9999 -9999 -9999 -9999 -9999 -9999 8.44762280406 8.27791316034 7.24634118835 7.01707216523 6.83198550407 4.97202522403 5.26744946698 5.14451852128 5.54389312515 3.77169018742 2.07481990696 4.74307029899 4.01901039716 2.79573960327 2.79393878676 3.38102080233 3.48222623593 3.1283219059 3.015115648 3.20009870125 4.38043388479 4.60958061816 4.33739064458 3.81824192814 0.97921114847 0.332165455805 0.237984076318 0.536955225106 1.32566825096 4.32926575029 4.77949135004 4.16246187384 3.62768330288 3.68506504208 3.68781056871 4.13891706977 4.19950911045 4.20358933363 4.10190582966 2.62921655197 1.71840336573 1.54741198676 1.50270869984 1.46007740513 1.53131645503 1.75528429434
-9999 -9999 -9999 -9999 -9999 -9999 -9999 -9999 -9999 -9999 -9999 -9999 8.51666460273 8.09460867393 7.02096450506 6.35639144587 5.51035707998 5.76799523724 5.12373181337 5.4852437587 4.98659543263 5.84432314141 3.33652727671 2.57013733433 2.59950675186 2.55713721406 2.26084943494 2.37927308865 2.2734234751 2.0362291972 1.85754065939 2.6181401697 3.15479715956 3.37585069753 3.5442094109 0.617052710726 0.42041949597 0.290747379643 0.784496459861 1.91789168731 4.39455415438 4.14380401356 4.29321949021 3.62621250711 3.70510796627 3.69619444419 3.78168780488 3.96455254205 3.8340971015 4.03853298036 3.61694138542 2.09277044199 1.87692261247 2.34445065961 1.53873098384 1.69814046244 1.53296999561
-9999 -9999 -9999 -9999 -9999 -9999 -9999 -9999 -9999 -9999 -9999 -9999 9.49666883322 8.22717767039 7.19332816514 6.29357968452 5.19073006561 5.72829473388 5.50731204324 5.01916876242 5.31889011406 4.99923221201 4.11456175702 3.8116693729 3.01840401611 3.3529866012 3.58986786942 3.25007670486 2.75695573571 3.39684750843 2.86877109044 3.07803276559 4.79678744343 4.96806281042 2.09147480915 0.574246782165 0.400623811076 0.765581213634 1.4944049331 1.74311580875 4.18219601633 3.9092799805 3.69346401363 3.65418725835 3.7062911785 3.6753101088 3.38776617099 3.3788716757 3.19610744 3.51063103246 3.36019565307 2.85212242913 2.57735710062 0.942985912918 0.669828919694 0.851908766839 0.743359145159
