data/recharge/transience/recharge333.asc
ncols                  80
nrows                 72
xllcorner      4374000.0
yllcorner      5656000.0
cellsize            500
NODATA_value       -9999
[rows 25 to 49 of 72, columns 0 to 55 of 80]
-9999 -9999 -9999 -9999 -9999 -9999 -9999 -9999 -9999 -9999 -9999 -9999 3.12442127628 3.15454202576 2.59212832583 2.16831762214 1.46057959233 1.53990487961 1.03557025734 1.2344988775 1.03305076626 1.16474648203 0.910817437684 0.446862203171 0.310808670753 0.391608893122 0.463712961111 0.348473472249 0.210574014628 0.166882454137 0.12599396079 0.111423669125 0.165470728828 0.22675720391 0.0689358788971 0.185170129307 0.165694709176 0.0923963722933 0.0671640626153 0.0790711288763 0.0729194614796 0.069244236409 0.205883183822 0.392566790539 0.39021803333 0.39554803793 0.40148317499 0.400014566777 0.367285394428 0.383773030737 0.291055324403 0.0917926691402 0.0375706568422 0.0289041026095 0.0299155645081 0.0298850700187
-9999 -9999 -9999 -9999 -9999 -9999 -9999 -9999 -9999 -9999 -9999 -9999 -9999 2.86315307643 2.90577130525 3.0419516851 1.95238337837 1.65209010941 1.20746769621 1.11073214925 1.04875344829 1.35459547347 1.33246137464 1.44048637476 0.649407414863 0.379598498894 0.323780026599 0.236247064602 0.217644571293 0.251505240214 0.173513235954 0.15412347771 0.368310697213 0.0644936306361 0.073718418116 0.157016540072 0.230797838986 0.0838729217909 0.0962824080355 0.0707728053231 0.0575902183634 0.0815002613208 0.0477123156109 0.0633792315003 0.0808948602948 0.151178904 0.301117791132 0.294964163139 0.0835525567689 0.0367714559548 0.0288336373649 0.0313124928767 0.0333971637325 0.0464811602021 0.161220570724 0.0243203819904
-9999 -9999 -9999 -9999 -9999 -9999 -9999 -9999 -9999 -9999 -9999 -9999 -9999 -9999 2.37233569721 2.42306366514 1.80629768026 1.41365260129 1.18009121295 1.28522578826 1.01014997361 1.41358102542 1.27335356901 1.02495636621 0.539680663658 0.550714921255 0.577610146893 0.511529057369 0.253456733162 0.188836285804 0.182653547841 0.363367526392 0.54267422303 0.109439817109 0.0856585187885 0.196285567733 0.171462744241 0.074123817539 0.0887446415551 0.0859585321661 0.084133692219 0.0658647811264 0.0771615635561 0.0566624397315 0.0385899307273 0.0460704190848 0.0378172632051 0.0492279918252 0.032728928988 0.038098229662 0.0337156881494 0.0244659864385 0.0217536208772 0.0659323531697 0.20919625721 0.234286106221
-9999 -9999 -9999 -9999 -9999 -9999 -9999 -9999 -9999 -9999 -9999 -9999 -9999 -9999 3.32072699018 3.04722223667 2.12219442795 1.59311189497 1.3011315004 1.38972504084 1.2519997391 1.5219073644 1.03696834992 1.48569355643 1.15087353134 1.11911896449 0.622497754069 0.803470454011 0.831250230411 0.652708837745 0.695366821361 1.03488846756 0.659948394135 0.694312622846 0.186653305218 0.229540875216 0.194335511029 0.0641274778844 0.086385027813 0.0950720639697 0.052427302904 0.0608056506344 0.060653568065 0.0757984961908 0.0589415050786 0.0454848584855 0.0458643735931 0.158716959639 0.175772958252 0.0350251674157 0.0429553546829 0.0511550234504 0.0564508289234 0.0987285426347 0.145936911081 0.154026026175
-9999 -9999 -9999 -9999 -9999 -9999 -9999 -9999 -9999 -9999 -9999 -9999 -9999 -9999 4.42720340314 3.86496340491 2.48090795935 1.81973243257 1.61399919192 1.58304107411 1.25933290102 1.41084096261 1.30510775488 1.2357949502 0.889637928787 0.847931759982 0.899362220131 0.992257775678 0.731866692916 0.795964945683 0.671833845749 0.641008704362 0.565651526606 0.258822015637 0.336974670047 0.21052130695 0.233131920307 0.123539465519 0.16628152406 0.113104874458 0.0535601143647 0.0658441311762 0.051113719677 0.0535319372092 0.0393408351041 0.0468980354875 0.0306461383136 0.0451996125983 0.0891183188725 0.0915012326546 0.0601174969079 0.0313642889949 0.0491568676752 0.0433058103784 0.0358947216532 0.0434124333971
-9999 -9999 -9999 -9999 -9999 -9999 -9999 -9999 -9999 -9999 -9999 -9999 -9999 -9999 4.21471108094 3.55422922681 3.23587068057 2.96207997686 2.52917981783 2.94203186579 1.76649320233 1.71871962742 1.67432933877 1.3471789841 0.782498594207 0.887335807047 0.74661919559 1.1689265477 0.954125406271 0.852247150553 0.758441009046 0.827652166372 0.712214150556 0.749769563729 0.265594051086 0.267465015488 0.221862797879 0.288998973727 0.179944012039 0.213200195369 0.0657772589996 0.0492907711327 0.0373579351232 0.0420351613653 0.0330245151701 0.0399000921776 0.0661436979995 0.067429154459 0.143175136342 0.167989134105 0.104153615953 0.125644611524 0.0718776654133 0.0869508435601 0.0819699529142 0.0652375254449
-9999 -9999 -9999 -9999 -9999 -9999 -9999 -9999 -9999 -9999 -9999 -9999 -9999 -9999 -9999 2.99339237481 2.73433093709 2.37907494529 2.90106517925 2.21713536724 1.25182531658 1.2592013144 1.48572657817 1.47708406051 0.774726317654 1.00628504782 0.826538050087 0.954655182448 1.65057823213 0.860144356195 0.657422105199 0.666199825217 0.600582864417 0.935171471567 0.279819596338 0.281575040823 0.24106677851 0.237982598735 0.218561620015 0.195949812919 0.160407339041 0.186942638443 0.0185240159092 0.0199148852471 0.0246788166202 0.0239898924323 0.020873514662 0.0243454663581 0.0359700555326 0.048226046878 0.0405770889737 0.0351706160262 0.0592433941779 0.116552333256 0.104909672589 0.102628704488
-9999 -9999 -9999 -9999 -9999 -9999 -9999 -9999 -9999 -9999 -9999 -9999 -9999 -9999 -9999 -9999 2.75417046788 2.03724080353 2.25367579437 2.84865581751 2.15086516418 2.07233841112 1.3555034197 0.994458156652 0.912040177223 0.84896425665 0.659889018133 0.715763928641 1.49262262516 1.09875965086 0.932830813469 1.25239149997 1.40716996509 1.25583373496 0.321574369647 0.343258136538 0.316059183771 0.332571778408 0.313052706525 0.378443495662 0.279349257648 0.271955386648 0.164290847253 0.0557307579198 0.0215243322835 0.0138584040661 0.00938266512929 0.0475981984499 0.0425517124667 0.0307045322256 0.0468243416139 0.0824575616039 0.0572024299588 0.0446857751113 0.0534084991734 0.0460693634981
-9999 -9999 -9999 -9999 -9999 -9999 -9999 -9999 -9999 -9999 -9999 -9999 -9999 -9999 -9999 -9999 2.17699350217 2.35884244056 2.62170011723 2.05809079936 1.65123475726 2.3200322161 1.6967402494 1.06718178636 0.88556317298 0.985610215564 0.712816394673 0.671957315734 1.2383889264 1.012804465 1.02244139984 1.27052358192 1.19816158324 1.45693752801 0.527968650523 0.333402260944 0.379053793259 0.338666794915 0.309896953031 0.308708391674 0.181833935056 0.26437004841 0.171583248911 0.15526171071 0.0795715316175 0.04830491959 0.0586101230761 0.138888956975 0.0307114677056 0.0397843729527 0.060971216271 0.0652101603875 0.0919000645947 0.100188304101 0.128694226284 0.0810442479612
-9999 -9999 -9999 -9999 -9999 -9999 -9999 -9999 -9999 -9999 -9999 -9999 -9999 -9999 -9999 1.36944166794 1.42336935387 1.47069193175 1.98793243856 1.91705798592 1.66290286206 1.89695404445 1.41156269938 1.09710329424 0.864180474547 0.932558924836 0.781718354825 0.812490057956 1.14500250837 1.0161176366 0.848936976732 0.867859674122 0.847124779699 0.755272259433 0.449471173827 0.198991878221 0.266147718074 0.368237742618 0.350571285226 0.300694033912 0.172555776138 0.106373654567 0.0749181347205 0.0731689627654 0.0711004764933 0.0469645499828 0.189464148416 0.237699798867 0.0615981104127 0.0735806476766 0.0521471272318 0.037828658083 0.0439975190265 0.0507967085017 0.0570393499755 0.0592610191522
-9999 -9999 -9999 -9999 -9999 -9999 -9999 -9999 -9999 -9999 -9999 -9999 -9999 -9999 1.67401689923 1.54005501968 1.49333500763 1.14212282386 1.2662057201 1.74075733924 1.4099527085 1.608122783 1.13613128507 1.18862653904 0.868646703465 0.820949509806 0.685632092227 0.816128178615 0.979488193123 0.978754390183 0.780049334057 0.792822457644 0.422735275214 0.289526595498 0.270440412486 0.289096100295 0.276113307275 0.29465986164 0.0615775389038 0.125449407319 0.131917016684 0.0574110041301 0.0485009300942 0.0556450445127 0.0301980679405 0.0234015219955 0.0523985964616 0.0593578770664 0.0708049000801 0.0522627271615 0.0441002810093 0.0435412349035 0.0483053921525 0.046909508609 0.0434600996013 0.0470832758882
-9999 -9999 -9999 -9999 -9999 -9999 -9999 -9999 -9999 -9999 -9999 -9999 -9999 -9999 1.99672600923 2.05361070559 1.77765207973 1.01722125072 0.797242394782 0.778581880634 1.13411695746 1.39911314661 1.18043032164 1.25923831836 0.904363564259 0.730381207785 0.410100544087 0.414847435468 0.433920396954 0.969663453839 0.951646263505 0.553335178808 0.438955269845 0.363970567161 0.288717899321 0.364319478808 0.295574127338 0.395512337135 0.185070852735 0.191060171345 0.258138290091 0.231973463735 0.0801195496137 0.070078543505 0.0554529111764 0.0240521731796 0.0527537612748 0.12892580127 0.143395454931 0.163019885792 0.156521099546 0.15412339984 0.098700550344 0.0826142114675 0.0967929063591 0.0913012456001
-9999 -9999 -9999 -9999 -9999 -9999 -9999 -9999 -9999 -9999 -9999 -9999 -9999 -9999 -9999 -9999 1.82380923982 1.99075210106 2.07257847386 1.99079638615 1.25864673829 1.12473319616 1.37489867892 1.38397659078 0.965909694825 0.606671505602 0.284792942145 0.30988468865 0.214955595646 0.361333772995 0.413381730385 0.391571867686 0.37408399077 0.287006615231 0.311915180046 0.316857010418 0.261425706981 0.165291048059 0.281608577523 0.337907557184 0.165161275235 0.139431938937 0.208131523729 0.143040282022 0.0331069956897 0.0437266744459 0.034987384354 0.049938291135 0.0840847042948 0.0980511072798 0.0922578573151 0.0961426415283 0.0802727084053 0.0664288393317 0.0409982990225 0.0443123392339
-9999 -9999 -9999 -9999 -9999 -9999 -9999 -9999 -9999 -9999 -9999 -9999 -9999 -9999 -9999 -9999 2.44308541298 2.1804910001 2.09195343355 1.20676828522 1.30856597868 1.30158806901 1.05575505866 1.19200098362 1.18347184898 0.81365287883 0.588602619969 0.540110834287 0.423064436709 0.465158066317 0.562029077273 0.508184751015 0.372406636891 0.34762438102 0.221491001689 0.245202616384 0.261279420872 0.33590944607 0.194949319234 0.179460565858 0.236938706025 0.348623610153 0.349795830129 0.291830059653 0.166758173941 0.0419546546117 0.0131923181986 0.0275264783261 0.0762711688119 0.0529054447788 0.0391777775244 0.0400137384533 0.0293262548408 0.034672072176 0.0326168910407 0.0329526273579
-9999 -9999 -9999 -9999 -9999 -9999 -9999 -9999 -9999 -9999 -9999 -9999 -9999 -9999 -9999 -9999 -9999 -9999 2.15736018744 1.49694228096 1.00579061474 1.27539285495 1.17581819926 1.42485562187 1.10840979939 0.849064561115 0.495129949614 0.491792753063 0.409962192744 0.418812407234 0.293950969781 0.246077367376 0.236208984478 0.285201787763 0.21601684922 0.298290394372 0.293823327742 0.188108350927 0.168134054832 0.285738619277 0.184937430626 0.155824209968 0.122955268868 0.121701234085 0.103194238867 0.0850784779405 0.0185519761948 0.0189020467309 0.0344149908866 0.0351187944875 0.0489490935112 0.0593574792086 0.030034445146 0.031021201722 0.0359472275461 0.0393590264842
-9999 -9999 -9999 -9999 -9999 -9999 -9999 -9999 -9999 -9999 -9999 -9999 -9999 -9999 -9999 -9999 -9999 -9999 -9999 1.0497749955 1.07869118942 1.24601091543 1.13210112144 2.00191619654 1.39099400375 1.3123625742 0.833419417663 0.475337654521 0.314747568889 0.297077271942 0.305461710625 0.390092839859 0.267905672614 0.231170847589 0.167878023574 0.153567530862 0.147022171641 0.224453635537 0.193782795248 0.257886364426 0.185433737782 0.162095431881 0.117059675509 0.162232412546 0.159543988254 0.168367150185 0.0668278755243 0.0180154706848 0.0113737546295 0.0325965926556 0.0298800253086 0.0445134091965 0.0318089657693 0.031422361147 0.0383147757964 0.036234977181
-9999 -9999 -9999 -9999 -9999 -9999 -9999 -9999 -9999 -9999 -9999 -9999 -9999 -9999 -9999 -9999 -9999 -9999 1.73435656271 2.10130947411 2.21875385749 2.0857717157 1.292969658 1.54561046983 1.34630845316 1.41240991272 1.35853002478 0.752402487474 0.396816781754 0.34803758357 0.403408618341 0.526261673911 0.2722201063 0.243765796629 0.226503974447 0.285943621271 0.380362955423 0.352280195197 0.312273714344 0.305348831061 0.308956699541 0.184965502106 0.149623657845 0.273924489327 0.18156186135 0.215908792353 0.144418137846 0.13088191674 0.0546226571067 0.0177150073775 0.0371211347526 0.0715011078938 0.0803102126163 0.0924906412439 0.0591952336068 0.0481904566785
-9999 -9999 -9999 -9999 -9999 -9999 -9999 -9999 -9999 -9999 -9999 -9999 -9999 -9999 -9999 -9999 -9999 -9999 -9999 3.04599831066 2.89612258651 2.56704506607 1.459199198 1.56987383928 1.64524839511 1.61528008219 1.16493449452 1.57096674928 0.647502251427 0.87801661336 1.72169859823 1.68473540159 0.500443045137 0.348923224241 0.423910070673 0.324462932955 0.158761195845 0.133616557174 0.113283711967 0.113238085703 0.125968556486 0.218052526158 0.19576141764 0.364487707174 0.405483869409 0.350242137286 0.240131092252 0.148993423463 0.0830500503683 0.0334939042775 0.00773620752077 0.210904948695 0.272015877925 0.394349787314 0.164959860029 0.02023872389
-9999 -9999 -9999 -9999 -9999 -9999 -9999 -9999 -9999 -9999 -9999 -9999 -9999 -9999 -9999 -9999 -9999 -9999 -9999 -9999 1.91368092661 2.35130388734 1.50264090268 1.35381699408 1.34085372777 1.54226100098 1.17142066238 1.63191150699 1.72642492117 1.57022250084 1.29835190582 1.2562341304 0.372677487522 0.853095467678 0.77063065031 0.553977024984 0.267569691843 0.324934320962 0.310251579977 0.277372722894 0.1905752633 0.290414046522 0.327068797697 0.273495646953 0.390667333851 0.314283288733 0.226583091727 0.272431557968 0.190758826473 0.118027418647 0.0589664528371 0.0271431903815 0.0088179689176 0.0171049598912 0.142259720069 0.0118895168171
-9999 -9999 -9999 -9999 -9999 -9999 -9999 -9999 -9999 -9999 -9999 -9999 -9999 -9999 -9999 -9999 -9999 -9999 -9999 -9999 -9999 2.16027451951 1.80643441607 1.7940177075 1.33406799665 1.21344317829 1.30320671387 1.7908010868 1.68747335598 1.63139332055 1.77286752649 1.64629823314 0.485437046852 1.10792974095 0.696152314438 0.572211566326 0.430710344066 0.274643202572 0.235845142285 0.269487788112 0.405974820316 0.443153742278 0.518311787978 0.33647844652 0.247428267326 0.163389450249 0.217397785354 0.252253940983 0.232378974094 0.322465171825 0.483486865929 0.256465012322 0.085121507173 0.0240079531868 0.00484194487695 0.00677469388012
-9999 -9999 -9999 -9999 -9999 -9999 -9999 -9999 -9999 -9999 -9999 -9999 -9999 -9999 -9999 -9999 -9999 -9999 -9999 -9999 -9999 1.534096896 1.39644850995 1.40764106896 1.42668176841 1.87689254417 1.50325355954 1.00919292059 0.811033993508 1.79688983802 2.74917892582 1.56928509318 0.56271140514 0.488573425499 0.268155385241 0.354992263317 0.301689459157 0.287639808882 0.248408289005 0.365968021325 0.414322117889 0.386005853917 0.257369962234 0.264517882546 0.382861770426 0.352791063171 0.300629217526 0.288339112155 0.144820300329 0.169624141134 0.379990959034 0.333165749558 0.0777518559038 0.0131181448486 0.0101440526822 0.00539780977294
-9999 -9999 -9999 -9999 -9999 -9999 -9999 -9999 -9999 -9999 -9999 -9999 -9999 -9999 -9999 -9999 -9999 -9999 -9999 -9999 -9999 -9999 1.61957782009 2.17696645158 1.7652359127 1.9074391206 1.54660368255 1.08550752559 0.710941459226 0.789721595135 0.861679404983 0.930024050227 0.575740566684 0.619746395669 0.747038597834 0.506030797422 0.505742139715 0.443915524442 0.410044871637 0.4239738249 0.469704597382 0.259359917647 0.290920954658 0.424195016856 0.210424439295 0.186408271065 0.126434412521 0.176903239753 0.254112002067 0.423882839348 0.348051268563 0.456174982709 0.153675904693 0.024677157636 0.00651065559478 0.00547612836004
-9999 -9999 -9999 -9999 -9999 -9999 -9999 -9999 -9999 -9999 -9999 -9999 -9999 -9999 -9999 -9999 -9999 -9999 -9999 -9999 -9999 -9999 1.75240523901 1.64861651489 1.64583631568 2.19676050093 1.65433682751 0.878448580036 0.866481144851 0.91007296256 0.742317670081 0.7784732208 0.753119961125 0.735141469558 0.522796737893 0.806485819187 0.492998923623 0.431221231928 0.566060057517 0.563479030276 0.311773921703 0.484825274432 0.299299390701 0.215224330657 0.181564261664 0.273056135951 0.357074447303 0.381846862498 0.163642350627 0.143870196864 0.130743300008 0.271250116568 0.0161601912212 0.0614661558568 0.0204997005927 0.0169231512261
-9999 -9999 -9999 -9999 -9999 -9999 -9999 -9999 -9999 -9999 -9999 -9999 -9999 -9999 -9999 -9999 -9999 -9999 -9999 -9999 -9999 -9999 1.77184295981 2.13669832072 2.34066583557 2.41147825954 1.65070862976 1.4025653897 1.00080886422 1.28410908128 0.946851757238 0.77994091086 0.671897041766 0.792847126924 0.922889230405 0.539665274825 0.524645918961 0.804666432366 0.655508423963 0.566051048041 0.579208922422 0.411359485757 0.255002727 0.353783184741 0.472098923848 0.436262738633 0.443743479625 0.357020783292 0.235332807387 0.235858301721 0.318887207799 0.238168739646 0.0529447588523 0.0556452321153 0.0648801317265 0.0769860950202
-9999 -9999 -9999 -9999 -9999 -9999 -9999 -9999 -9999 -9999 -9999 -9999 -9999 -9999 -9999 -9999 -9999 -9999 -9999 -9999 -9999 -9999 -9999 2.42423894929 2.67979823389 2.50542085339 1.50786323866 1.30755220621 0.957926547346 1.17867410771 0.963318897273 1.10456152886 0.939970553005 1.15508655668 0.749022157862 0.8824673091 0.923456936931 0.736992630594 0.403063289972 0.379629262757 0.249908309201 0.37674929068 0.536367802599 0.552124511007 0.427793544979 0.358439989863 0.173266066433 0.158588418984 0.142697468114 0.159243801601 0.110901110679 0.151386626611 0.151235961522 0.144765688657 0.0335087144078 0.0222590747739
