data/recharge/transience/recharge430.asc
ncols                  80
nrows                 72
xllcorner      4374000.0
yllcorner      5656000.0
cellsize            500
NODATA_value       -9999
[rows 0 to 24 of 72, columns 0 to 55 of 80]
-9999 -9999 -9999 -9999 -9999 -9999 -9999 -9999 -9999 -9999 -9999 -9999 30.6932272091 32.1251729796 -9999 -9999 -9999 -9999 -9999 -9999 -9999 -9999 -9999 -9999 -9999 -9999 -9999 -9999 -9999 -9999 -9999 -9999 -9999 -9999 -9999 -9999 -9999 -9999 -9999 -9999 -9999 -9999 -9999 -9999 -9999 -9999 -9999 -9999 -9999 -9999 -9999 -9999 -9999 -9999 -9999 -9999
-9999 -9999 -9999 -9999 -9999 -9999 -9999 -9999 -9999 -9999 -9999 -9999 25.4247686942 23.4033307942 22.1631906928 -9999 22.3104912591 -9999 -9999 -9999 -9999 -9999 -9999 -9999 -9999 -9999 -9999 -9999 -9999 -9999 -9999 -9999 -9999 -9999 -9999 -9999 -9999 -9999 -9999 -9999 -9999 -9999 -9999 -9999 -9999 -9999 -9999 -9999 -9999 -9999 -9999 -9999 -9999 -9999 -9999 -9999
-9999 -9999 -9999 -9999 -9999 -9999 -9999 -9999 -9999 -9999 23.8198559246 22.372964863 23.8023307565 23.7875616826 20.299062094 18.2430744106 15.6801363195 15.666128887 -9999 -9999 -9999 -9999 -9999 -9999 -9999 -9999 -9999 -9999 -9999 -9999 -9999 -9999 -9999 -9999 -9999 -9999 -9999 -9999 -9999 -9999 -9999 -9999 -9999 -9999 -9999 -9999 -9999 -9999 -9999 -9999 -9999 -9999 -9999 -9999 -9999 -9999
-9999 -9999 -9999 -9999 -9999 -9999 -9999 -9999 -9999 22.6280564765 22.8277928312 23.4354585816 22.047239582 22.5479468691 22.0345701066 20.5219825491 17.0871439164 20.769121879 -9999 23.062656008 -9999 -9999 -9999 -9999 18.0669668739 19.254034225 -9999 -9999 -9999 -9999 -9999 -9999 -9999 -9999 -9999 -9999 -9999 -9999 -9999 -9999 -9999 -9999 -9999 -9999 -9999 -9999 -9999 -9999 -9999 -9999 -9999 -9999 -9999 -9999 -9999 -9999
-9999 -9999 -9999 -9999 -9999 -9999 -9999 -9999 25.8909408326 24.1294726144 21.7682767417 21.9049937543 21.7129991119 21.0398048603 20.5449680933 20.0908982097 16.113331366 15.6045486772 15.6574436196 20.0877314708 19.7660517849 20.4155122442 -9999 16.2794839611 20.0647742892 20.0941122235 -9999 -9999 -9999 -9999 -9999 -9999 -9999 -9999 -9999 -9999 -9999 -9999 -9999 -9999 -9999 -9999 -9999 -9999 -9999 -9999 -9999 -9999 -9999 -9999 -9999 -9999 -9999 -9999 -9999 -9999
-9999 -9999 -9999 -9999 -9999 -9999 25.7760952299 23.1000802818 22.506111999 22.9827806371 23.1582623497 23.6723688791 22.7250951322 22.2187094939 20.4002201798 21.1121400683 17.5041397727 16.6464861039 19.6439604796 19.955067627 19.405767455 20.1176118019 17.7386965005 16.468457742 18.5149095201 17.9970224171 19.3550745636 -9999 -9999 -9999 -9999 -9999 -9999 -9999 -9999 -9999 -9999 -9999 -9999 -9999 -9999 -9999 -9999 -9999 -9999 -9999 -9999 -9999 -9999 -9999 -9999 -9999 -9999 -9999 -9999 -9999
-9999 -9999 -9999 -9999 -9999 -9999 26.1652647396 24.3687424861 21.4496531654 21.0700432376 20.2192035285 21.7478234379 20.8608542079 18.8038648133 17.4049289423 17.5820970685 16.7467202497 15.7722549126 16.6496067218 16.5263819284 17.2046707602 18.8587306013 18.6825968194 16.9244976916 15.7856447419 14.9904681268 19.2072034428 21.0302601427 22.2309750476 21.7032231262 23.2196041058 23.1809480986 -9999 -9999 -9999 -9999 -9999 -9999 -9999 -9999 -9999 -9999 -9999 -9999 -9999 -9999 -9999 -9999 -9999 -9999 -9999 -9999 -9999 -9999 -9999 -9999
-9999 -9999 -9999 -9999 -9999 28.9617175671 26.5799616184 26.4339606816 23.9617114826 24.3480120818 23.1369081846 22.0600791779 19.2806817554 19.5901064271 18.7568462705 19.9208566358 16.3722241239 10.9493060194 15.6595341331 16.6425935821 17.2641031425 16.8662247582 18.0476243394 18.4202521634 16.6592012797 17.1422458465 18.4981582772 19.3463092298 21.7607289181 21.5630537281 21.087286822 21.6240938133 20.4680252308 20.0850046256 -9999 -9999 -9999 -9999 -9999 -9999 -9999 -9999 -9999 -9999 -9999 -9999 -9999 -9999 -9999 -9999 -9999 -9999 -9999 -9999 -9999 -9999
-9999 -9999 -9999 -9999 -9999 29.2592747349 27.1795441004 27.3181690047 25.0966566775 24.3348194579 23.3987703293 23.990444806 19.0172826731 17.3966675069 22.1702788473 21.9095183379 17.0878187259 10.1341469559 15.1038213749 15.6196240138 15.7716269473 16.3299930863 18.4726917907 18.0033864887 17.7382192254 15.4928492049 15.1330586464 14.4111082113 18.1200641302 18.1064518579 17.4664569485 18.0638731026 19.2175490181 18.6897262347 17.8761243348 18.4069687859 -9999 -9999 -9999 -9999 17.1716049606 17.3294748583 -9999 -9999 -9999 -9999 -9999 -9999 -9999 -9999 -9999 -9999 -9999 -9999 -9999 -9999
-9999 -9999 -9999 -9999 -9999 28.295848805 26.6719985709 25.821779156 25.5337995698 26.2910870702 24.807877783 24.3319936306 22.5075588901 23.5646055065 23.0668627107 20.3905506142 17.4736686107 19.9824230261 18.8620017099 20.02813843 17.306408376 16.0366364537 16.4108775203 15.9836196996 17.5734346996 15.5126391805 14.8098193728 13.4240257172 17.9657904518 17.8028722035 14.9612903853 17.2894177276 19.0551907649 17.4203162761 16.234590716 18.8682732929 18.3284410345 -9999 -9999 18.567058217 18.5664170598 18.1441519883 17.6833927358 -9999 -9999 -9999 -9999 -9999 -9999 -9999 -9999 -9999 -9999 -9999 -9999 -9999
-9999 -9999 -9999 -9999 -9999 -9999 29.1839020538 28.9118105275 26.9898838081 26.5899131392 24.3571992913 25.1679373699 24.9117098496 25.081651427 20.2284493861 19.1749755801 18.4708656431 18.0742612851 16.2338086028 17.1235648237 16.7996483941 17.264018916 16.5795323015 17.4228057825 16.6529701538 15.5317303909 11.7885538337 12.1413887785 14.1089858989 15.6759146077 15.1384029393 16.2524596835 14.3409247374 14.1620254614 14.3823233585 16.6340442515 15.2907242687 13.0793043415 17.1356373535 16.8259447423 16.1924377613 17.9375767504 13.4407659557 11.2174523896 -9999 -9999 -9999 -9999 13.6747826969 12.5540805868 7.4250875463 -9999 -9999 -9999 -9999 -9999
-9999 -9999 -9999 -9999 -9999 -9999 -9999 27.8175918631 26.0896152014 27.3752185389 26.3302258374 25.4219148634 22.2269266851 20.6401359746 19.3621798912 21.6947088949 20.8737144274 21.453636198 20.495280385 18.5556577026 16.1462306816 16.2045601159 16.018547395 16.1406348664 15.8192842488 14.8496350619 12.2325537601 14.1174645813 15.6596764981 14.7976461178 14.5633101614 14.6059369491 14.6456371187 14.6734171236 16.8917201061 16.8167425022 14.9489614026 15.0804181305 16.9209995347 16.8907811382 14.2171418433 12.9088046047 8.4671232092 7.15913641001 6.00326830961 6.891375443 7.16940349832 6.05841139439 5.73270274195 8.47634563124 10.934853029 10.6329744967 -9999 -9999 -9999 -9999
-9999 -9999 -9999 -9999 -9999 -9999 -9999 -9999 25.2432166651 24.8885152388 25.3780324018 26.3585732904 23.5912878607 24.502567133 23.6351069593 23.0190320244 20.0529623562 20.1263323764 17.2836334106 18.4540571343 20.8779061446 20.480585758 10.4656219643 7.59007266248 7.3710819584 7.06354364553 9.00434369545 13.6053748188 11.8138300246 10.202296263 10.9007810684 11.0996596173 11.8465779067 11.0267982639 12.797802152 14.0158796443 14.8367734137 15.2698947242 14.412100895 14.0362047312 11.2349376186 8.21539386839 5.53394788213 5.03094902443 4.81822050376 4.38298173874 4.796775821 4.23233049397 3.82754603216 6.02615552415 7.77191550984 8.4733525596 7.96943539629 -9999 -9999 -9999
-9999 -9999 -9999 -9999 -9999 -9999 -9999 -9999 27.4723402052 26.1191936859 24.6233361854 24.7305735237 23.5030698585 23.4470203116 21.5631979704 21.3090306494 18.6254389911 19.4244076726 18.4709984156 19.318727705 19.4143551924 20.219683672 10.597207803 12.6458660077 9.57810940849 6.57493731016 7.80756791753 10.4204731934 11.168139641 9.41494747525 10.3293310669 10.7291693715 10.5965296868 10.780588949 13.8862825927 10.0356391274 15.6312260465 14.9374082508 14.3853379357 14.2239711262 13.6425989131 8.40077909315 5.12647165638 5.11222218123 4.3988658825 4.3475901564 4.73319876245 4.34680667947 4.31812496574 8.23136512201 7.99461940601 8.02924747579 8.65835678128 10.3657473546 9.14827252839 9.54905646941
-9999 -9999 -9999 -9999 -9999 -9999 -9999 -9999 -9999 28.1775616145 26.0404364447 24.1014686971 23.5293549691 22.7913737856 21.1198844876 21.2085591432 21.7436391437 22.2695852329 22.2789951596 22.4116856056 21.6710216095 19.4482999641 15.1707527054 18.881917926 13.6274114164 11.6036697138 7.26736874963 5.53652228707 4.68608295744 11.1781426764 9.90044925232 9.78294973282 9.38001981106 8.01776262478 10.1951687889 11.6271625043 13.0728052334 12.6021383055 12.0652779346 12.148062526 11.6052184674 10.2016631488 4.03930402501 5.13502635112 3.73338698968 3.18321009031 2.74045452818 2.84770404748 5.20096250528 5.8313169738 5.83317258443 5.65814830742 6.97577441868 8.67097580671 8.80883814485 4.1827570443
-9999 -9999 -9999 -9999 -9999 -9999 -9999 -9999 -9999 -9999 23.951454205 24.0460354272 23.2374774945 22.5674076759 20.3060877873 19.2782705022 19.007493315 21.9855713252 19.9141913719 17.5145535408 16.7226184462 15.9117980015 13.9066002695 9.98379088031 9.16905458459 11.9384564361 9.37113122649 7.19087164803 4.40998922828 5.12374841761 11.1639526616 11.1988517178 11.7739896458 9.44091592252 12.2237718767 12.0757886919 12.859027649 12.6077170302 12.1299668681 12.177934613 11.9806412433 10.9473499716 7.65717815255 4.82405915685 5.70725020013 5.49774364363 4.23309352649 3.25679851336 6.51710727224 6.45418879924 6.56086539387 6.34346616592 6.01758231111 7.64621889304 7.997877705 3.8088175447
-9999 -9999 -9999 -9999 -9999 -9999 -9999 -9999 -9999 -9999 -9999 16.7357376234 17.4177068725 21.2671408205 19.5117577636 18.3633039611 17.7010107943 17.5100663079 15.3531052493 17.2230147542 18.5158744745 17.3401916491 12.7652256846 10.9726278678 7.09295853451 3.55365814398 6.0510448989 9.39826156809 9.88568552834 12.9763776631 4.92662549036 7.60059699236 8.551989255 8.64594686144 8.9692273175 8.21845198294 10.5225926371 10.4701564527 10.7019698419 10.7006810212 9.6645183359 8.8548076904 8.83795348145 5.7512046376 3.90695871974 2.86440235126 3.48225397159 4.22601143729 4.5018207712 6.04518971448 5.27788335641 6.37491784934 7.05982038062 7.05135128077 6.3288207247 6.13147648822
-9999 -9999 -9999 -9999 -9999 -9999 -9999 -9999 -9999 -9999 -9999 15.4341075724 18.7731410442 20.1331766508 19.8394827617 18.4483018591 15.6939747844 15.3606237694 18.4905939277 18.6145512799 17.8843589224 19.2188882923 13.6141120629 11.9317421316 12.2489583583 13.0988378342 7.26685976159 5.94519404479 5.15985329677 9.78583829437 8.02885673969 6.14679697465 2.17622765641 2.77087567503 3.41457317932 8.0530079264 10.4887690509 10.6185385862 10.5054760866 10.2659131062 9.60063988521 9.77707831586 8.26990437277 8.49227724051 6.33044458817 4.55155881942 5.67549705062 6.77329421818 5.98950470867 4.09953010048 4.0776144316 4.16640590286 3.20126794953 6.93830993915 7.31412032181 6.76652246551
-9999 -9999 -9999 -9999 -9999 -9999 -9999 -9999 -9999 -9999 -9999 25.6496098462 22.6085161559 21.9891767154 18.6232459009 17.3839282818 14.143083262 12.8517694006 13.8584738694 14.6039458633 15.5077596895 15.7309163245 11.4722662831 9.75754761496 10.167687825 11.3692300612 10.7674345146 10.6145164716 9.66272829447 6.24364733213 3.76716091413 5.76074871401 7.6313874576 8.0386024258 4.78959338492 1.68854862852 2.59895180966 1.5417862604 7.2052893581 7.46850920328 8.27579910361 8.36240468293 8.65137541013 9.40959713875 10.1998192463 10.2822140758 5.17082431136 4.63545490907 4.43527230207 4.00118792672 3.08781770166 3.58180214948 3.86169368672 4.97346394723 6.71746148068 6.56665457232
-9999 -9999 -9999 -9999 -9999 -9999 -9999 -9999 -9999 -9999 -9999 -9999 21.2107678361 22.3333883736 20.6075266743 18.0684025438 15.1834899001 13.597672972 12.2951683111 15.9479521238 15.830212037 15.2518740775 13.9033823907 12.8265083238 11.778366954 11.9560242832 10.9026656576 11.151277828 10.4525756571 10.1270768375 9.87160432459 10.182065384 6.88477483071 3.52936540202 5.58889281684 8.12367606175 3.7188459038 2.01840106826 1.8218988738 9.08270775392 9.68667572507 8.16598397207 9.98679965582 11.0068128132 11.3802929868 11.2933785649 6.21596030757 4.69922669255 3.52427299975 3.91165318811 2.87231974541 2.3308479115 1.95631142862 2.01508061955 1.86289276937 3.5016620506
-9999 -9999 -9999 -9999 -9999 -9999 -9999 -9999 -9999 -9999 -9999 23.7408749105 23.0298773693 22.7722557327 21.7848974731 16.4398431486 16.3609586258 15.4152403793 12.1764346312 14.7420043153 12.7637723972 12.6197111506 11.2018517513 11.3943909845 10.7282366739 10.6117185258 9.4187630457 9.24421278569 9.0541539556 8.84089892995 8.07539800815 8.28980904021 7.71039952417 7.64844600599 7.87004149298 2.3162898601 2.61789074762 1.15509475048 1.00785926335 5.39932835587 7.4408143751 6.36978898265 11.5142279453 11.7217804947 13.4724035078 13.3855442691 10.9550456803 6.5281838522 4.01545327052 4.04097531106 2.55185380256 1.53362231744 1.3135331164 1.32705496674 1.20511060789 1.36746710321
-9999 -9999 -9999 -9999 -9999 -9999 -9999 -9999 -9999 -9999 -9999 24.2894792482 25.4048949655 23.9870682964 20.2999379323 17.9887873179 16.843877812 16.5061112753 14.7392756716 14.8863922184 13.1877673152 12.1896556553 11.6040385777 11.8931391456 11.0931294291 10.7747541288 8.85295440098 9.17783451013 9.39826679208 11.2223716102 9.95539518055 8.41132536402 7.61356447181 7.65272802893 7.72443607153 1.97976307118 1.51014274012 2.48480328835 1.21384831472 2.45589145464 6.61275018413 5.9518251575 8.67411135899 9.61860181169 9.89511531363 9.44175061071 9.58961249109 9.49333780081 6.70296935049 5.58437105562 2.34742680361 2.49625525636 2.05314865989 1.91209894878 1.73985978812 1.57264589586
-9999 -9999 -9999 -9999 -9999 -9999 -9999 -9999 -9999 -9999 -9999 26.7131463054 26.4432952024 23.8791933701 22.6960459216 22.4027801953 16.8519441414 17.1397507682 15.3094671616 16.7395536089 11.7192268359 9.50825183967 13.2245077143 9.21739736154 6.13846666101 6.12442039069 6.83364294568 7.21933816749 6.36480321534 6.68582522234 6.570153863 9.38404799499 8.96989987806 8.5319483684 6.97417714883 1.2050473614 0.661127899995 0.396682473142 0.934341049405 1.14723474736 6.76030383541 7.65262383705 6.09177192391 5.18458024608 5.75093363133 5.65986017518 7.30828501245 7.40772583949 6.75896563553 6.70343089999 2.83756239072 1.50528631413 1.28369324611 1.23532417442 1.25065871373 1.23100183637
-9999 -9999 -9999 -9999 -9999 -9999 -9999 -9999 -9999 -9999 -9999 -9999 26.9399211718 26.0710976634 23.1738744371 21.7254386328 17.7179470889 18.001412944 14.718222842 15.8909638961 13.546891523 15.922513593 7.74074625185 6.06024270656 5.66214450983 5.56192404654 4.48346656063 4.76046833671 4.17779732171 3.65657881944 2.93823714916 4.85706163355 6.66007331148 7.0040852707 6.57831019031 1.20867299754 0.899550584379 0.503530479021 1.38236710922 1.82787117556 6.85377058643 7.15517154064 7.16248689844 5.1028166209 5.42644323826 5.42573703929 6.47840844838 7.02744185785 6.22680582687 7.25391892432 6.19246499568 4.04614760517 3.11344897495 2.66148937236 1.52100535012 1.69870947898
-9999 -9999 -9999 -9999 -9999 -9999 -9999 -9999 -9999 -9999 -9999 -9999 29.172365314 26.7839370113 23.4357326572 21.6630406574 17.045656659 18.4680889415 15.8951436619 15.4451981202 14.4122409184 14.4833398652 9.38555525936 8.50266521134 6.25682931356 6.99561292742 6.95903758631 6.33266476231 4.78624355816 6.10166731974 4.49369346805 4.85942631941 7.93603570679 8.90916445594 2.31118697462 1.30050866222 0.70243725141 1.46084814761 2.25112179928 1.8488029643 5.60436657261 6.24564804137 5.8432843545 5.75130823403 5.51752825462 4.82284134296 4.65965513469 4.82845962938 4.45111038157 5.59909675958 5.12844554714 4.32023742226 3.32749478227 0.854837547183 0.565758509233 0.742897909052
