data/recharge/transience/recharge498.asc
ncols                  80
nrows                 72
xllcorner      4374000.0
yllcorner      5656000.0
cellsize            500
NODATA_value       -9999
[rows 0 to 24 of 72, columns 0 to 56 of 80]
-9999 -9999 -9999 -9999 -9999 -9999 -9999 -9999 -9999 -9999 -9999 -9999 3.63422445117 3.74620560496 -9999 -9999 -9999 -9999 -9999 -9999 -9999 -9999 -9999 -9999 -9999 -9999 -9999 -9999 -9999 -9999 -9999 -9999 -9999 -9999 -9999 -9999 -9999 -9999 -9999 -9999 -9999 -9999 -9999 -9999 -9999 -9999 -9999 -9999 -9999 -9999 -9999 -9999 -9999 -9999 -9999 -9999 -9999
-9999 -9999 -9999 -9999 -9999 -9999 -9999 -9999 -9999 -9999 -9999 -9999 7.13887640322 5.49674429944 4.77283505416 -9999 5.5228541209 -9999 -9999 -9999 -9999 -9999 -9999 -9999 -9999 -9999 -9999 -9999 -9999 -9999 -9999 -9999 -9999 -9999 -9999 -9999 -9999 -9999 -9999 -9999 -9999 -9999 -9999 -9999 -9999 -9999 -9999 -9999 -9999 -9999 -9999 -9999 -9999 -9999 -9999 -9999 -9999
-9999 -9999 -9999 -9999 -9999 -9999 -9999 -9999 -9999 -9999 4.70685262466 4.71022666019 5.85975956393 6.14322598666 4.30098974337 3.64795260399 3.15876928112 3.23453893028 -9999 -9999 -9999 -9999 -9999 -9999 -9999 -9999 -9999 -9999 -9999 -9999 -9999 -9999 -9999 -9999 -9999 -9999 -9999 -9999 -9999 -9999 -9999 -9999 -9999 -9999 -9999 -9999 -9999 -9999 -9999 -9999 -9999 -9999 -9999 -9999 -9999 -9999 -9999
-9999 -9999 -9999 -9999 -9999 -9999 -9999 -9999 -9999 4.40281819765 4.73546269755 4.61223699458 4.70101620342 5.08921849908 4.56328724705 4.21501847358 3.73965344493 5.2065472371 -9999 5.43473555363 -9999 -9999 -9999 -9999 4.52599630152 4.96472135252 -9999 -9999 -9999 -9999 -9999 -9999 -9999 -9999 -9999 -9999 -9999 -9999 -9999 -9999 -9999 -9999 -9999 -9999 -9999 -9999 -9999 -9999 -9999 -9999 -9999 -9999 -9999 -9999 -9999 -9999 -9999
-9999 -9999 -9999 -9999 -9999 -9999 -9999 -9999 7.21621191302 5.83050512238 4.55771706399 4.27394083446 4.1353156398 3.64906823507 3.80621128695 3.49665695025 3.22285762595 3.20471541309 2.98978591378 3.59938554665 3.63751895888 3.99097266804 -9999 3.78046074358 5.50506654958 5.38774878811 -9999 -9999 -9999 -9999 -9999 -9999 -9999 -9999 -9999 -9999 -9999 -9999 -9999 -9999 -9999 -9999 -9999 -9999 -9999 -9999 -9999 -9999 -9999 -9999 -9999 -9999 -9999 -9999 -9999 -9999 -9999
-9999 -9999 -9999 -9999 -9999 -9999 5.61870326333 4.55914457564 4.61253130433 4.96860090245 5.58346558492 5.70277033396 4.9037594068 4.47961478372 3.69701352718 4.19022538112 3.42977372166 3.15866210959 3.70353972327 3.53696598367 3.469202748 3.81532255598 3.6991268631 3.78110641468 4.49019807654 4.24249555703 4.77052215402 -9999 -9999 -9999 -9999 -9999 -9999 -9999 -9999 -9999 -9999 -9999 -9999 -9999 -9999 -9999 -9999 -9999 -9999 -9999 -9999 -9999 -9999 -9999 -9999 -9999 -9999 -9999 -9999 -9999 -9999
-9999 -9999 -9999 -9999 -9999 -9999 6.13496098608 5.42766049064 4.17940695813 3.94969342857 3.66357975436 3.83987879997 3.73699520002 3.45964816532 3.15056415714 2.6415679993 2.65742788634 3.23450994195 4.70935769386 2.46486829749 2.78931795747 3.5502774405 3.26347157399 3.32766622014 3.45800224183 3.17218761012 4.65309633125 4.70128842208 4.69410839998 4.28528495346 5.80640999697 5.69432324089 -9999 -9999 -9999 -9999 -9999 -9999 -9999 -9999 -9999 -9999 -9999 -9999 -9999 -9999 -9999 -9999 -9999 -9999 -9999 -9999 -9999 -9999 -9999 -9999 -9999
-9999 -9999 -9999 -9999 -9999 7.99336570303 6.52821736994 6.45288014816 5.82138279754 6.38740843108 5.90516297637 4.99231629825 3.5196273536 3.98674689577 3.69011306394 3.71548808875 3.35260159663 3.59619209713 5.35003254707 2.48690719642 2.81280353516 2.63957608625 2.97848170709 3.14716311873 3.54719547569 3.82104972395 4.38749301831 4.05631695452 4.40671226755 4.24205286213 4.1184164161 4.46782696154 3.8854935446 3.64933760946 -9999 -9999 -9999 -9999 -9999 -9999 -9999 -9999 -9999 -9999 -9999 -9999 -9999 -9999 -9999 -9999 -9999 -9999 -9999 -9999 -9999 -9999 -9999
-9999 -9999 -9999 -9999 -9999 8.42631413673 7.37997531682 7.45168913893 6.2051229604 5.53031542274 5.26133394983 5.78545543017 3.90965828894 4.05731131876 5.03161649366 5.84231656977 3.42316305464 2.16069026526 3.48779396343 2.70579293686 2.58684660058 2.75440302133 3.44583981075 3.21840217847 3.00347807979 2.55780931965 3.30509915922 2.85832619181 3.20772067132 3.20339429094 3.94712602308 3.51505738804 3.49630741768 3.24194317752 3.49431530069 3.2074969932 -9999 -9999 -9999 -9999 3.43927834258 3.18591801318 -9999 -9999 -9999 -9999 -9999 -9999 -9999 -9999 -9999 -9999 -9999 -9999 -9999 -9999 -9999
-9999 -9999 -9999 -9999 -9999 7.57817891645 6.71860290578 6.97784214903 6.66059744227 7.25570105826 6.42006658942 5.99100140519 5.0369839175 6.15085150576 5.75264625533 4.55004373154 3.69501879595 5.20033092083 4.38707863618 4.33103414313 3.32074833262 2.5832474639 2.5147927885 2.3374756327 2.89531169415 2.74467338176 3.02148796257 2.60989754405 3.51153990006 3.10125733365 2.41465004779 2.83327723945 3.42340665467 3.39607604505 3.39556669148 3.43316528241 3.37336871006 -9999 -9999 3.4559958694 3.78988325301 3.5731659911 4.13709632177 -9999 -9999 -9999 -9999 -9999 -9999 -9999 -9999 -9999 -9999 -9999 -9999 -9999 -9999
-9999 -9999 -9999 -9999 -9999 -9999 8.96788863429 9.94061258447 7.65736504963 7.1361451018 5.79689316639 6.59957748195 7.37762396052 9.02194220271 4.15091477823 3.5748150819 3.77349446462 3.59197127292 2.8458813719 2.76146883424 2.8904752399 3.11250913865 2.81193266503 3.18827072116 2.74677164968 2.30439279852 1.99038932236 2.35049121326 2.31652772446 2.26438331058 2.35364340233 2.65907371582 2.61990548636 2.48195469644 2.72262293906 2.86192547621 3.01524180162 2.80418739445 3.1251044648 2.98487849823 2.93358871381 3.78340810665 2.99324639908 2.5988876196 -9999 -9999 -9999 -9999 3.99021948893 3.44533276252 0.939653499066 -9999 -9999 -9999 -9999 -9999 -9999
-9999 -9999 -9999 -9999 -9999 -9999 -9999 8.573833376 6.75028228576 8.075272427 7.66314770449 6.66539523993 5.97987789815 4.87243051726 4.47575223423 5.87298443691 5.08624036273 4.780783131 4.44240403325 3.43020750443 2.60593264132 2.63680119369 2.56567563967 2.60745556066 2.3882992791 2.01130113701 2.05970250018 2.29130282383 2.31853171183 2.18053082574 2.48771954806 2.43498787625 2.67258396931 2.42161341906 2.97076477594 2.9326918836 3.08241197361 3.08981904597 3.02218151619 3.01205916635 2.69076843636 2.64080684245 2.61218458748 2.85559291342 2.43752537353 2.85383338784 3.08767357363 2.47487028079 2.33083228793 2.43390650716 2.25183459288 1.83722662731 -9999 -9999 -9999 -9999 -9999
-9999 -9999 -9999 -9999 -9999 -9999 -9999 -9999 6.69509939597 5.74271455993 6.48072019088 7.47113163256 6.37813529042 7.15652089457 6.13867610275 5.43244713335 3.66420127637 3.69289055196 2.761852193 3.30195124343 4.52692030383 4.24735558721 2.61006459858 2.29119890081 2.23593136245 2.15902404895 1.47424013814 1.84365446724 1.58300033332 1.38170680866 1.57910180985 1.74105038444 1.85496920926 1.72770559944 2.11056236725 2.12455324031 2.40518384058 2.57510346504 2.35912906521 2.31447102136 2.51428712417 2.39558054337 2.30022893467 2.02412431206 1.95329485285 1.71748107159 1.9856415699 1.67479415202 1.49924385461 1.67837985113 1.7189526597 1.89609453023 1.46508431499 -9999 -9999 -9999 -9999
-9999 -9999 -9999 -9999 -9999 -9999 -9999 -9999 8.15725775936 6.83731536818 5.81076534084 5.86996629797 5.37863518348 5.3193832658 4.20130309426 4.05517911621 3.58647085217 3.94767790203 3.30823507964 3.72168997824 4.18142531525 4.0992470645 3.43242369981 4.27070735162 3.19342270814 1.9861411684 2.43911455431 2.00114119654 1.84743239316 1.46339296874 1.46332943614 1.60187751161 1.63402077284 1.68797846599 2.07251326503 1.63660453787 2.69747477545 2.43255573921 2.35095036983 2.28265960726 2.25266759002 1.997933142 2.07565097486 2.06828599983 1.72579593687 1.69839914963 1.95013673062 1.73700390635 1.58449074356 1.92147510135 1.80688030186 1.82053199258 1.54049265717 1.71554742156 1.33900388663 1.48660043597 -9999
-9999 -9999 -9999 -9999 -9999 -9999 -9999 -9999 -9999 9.19581598167 7.39562339377 5.47455401408 5.3984690174 5.78429243487 5.03082899465 5.15489334073 5.76063594525 6.24666730931 6.18693398402 6.25351061603 5.23944871674 3.79277087648 3.51131793899 6.56841654714 4.56901493397 3.67344234087 2.28868759309 1.59780993805 0.823983658007 1.3424413658 1.30989159861 1.37578605291 1.3649384361 1.20758102195 1.49636697812 1.57800658107 2.01894944813 1.83350753393 1.74357460027 1.77632604906 1.73138371532 1.79273735974 1.37777546435 2.15623604343 1.47784352488 1.24191087293 1.07090701876 1.06182001233 1.22989518666 1.26285722525 1.29853633433 1.23476045141 1.20834316797 1.27911248342 1.38492789974 0.865324943454 0.667823397706
-9999 -9999 -9999 -9999 -9999 -9999 -9999 -9999 -9999 -9999 6.32932320816 6.32670465146 5.16504023732 5.49743248259 4.49664492978 4.00982550321 4.22467912777 5.82055593122 4.65992144704 3.70751719715 3.23609967159 3.15935796662 2.5024322169 2.69571225618 2.83542257388 3.92959331105 3.30534402277 2.29188710212 1.3432608022 0.979121003466 1.32524190939 1.33813676357 1.61348589207 1.316537456 1.89872258083 1.69869329414 1.93561898656 1.83640101045 1.76735431348 1.78530464456 1.87773794745 1.85510333614 1.46001836764 1.51372157403 2.18183877603 2.53070118761 1.71002587181 1.14675964023 1.43636351058 1.36850006553 1.57061720688 1.48671043674 1.23785786971 1.28674533399 1.10363594629 0.855554862912 0.654249632937
-9999 -9999 -9999 -9999 -9999 -9999 -9999 -9999 -9999 -9999 -9999 4.69443226483 4.50323177197 5.1812781813 4.20922359416 3.74702847387 4.12514500705 4.03645033203 2.75742121896 2.97654549342 3.22576530894 3.16815931309 2.24043351795 1.79111240365 1.3579931541 1.1881292748 2.02970410117 2.88565959949 2.52229582775 0.801030200574 0.643036262195 1.04181159715 1.22875271996 1.27134575592 1.39633122104 1.19648028046 1.40823373571 1.39075940947 1.53112166034 1.52918952338 1.71983841626 1.50419463225 1.59454754907 1.13064169624 1.03104252334 1.04457869695 1.33694019518 1.44645581417 1.06409932838 1.19669362727 1.14421841626 1.21640455725 1.17512389027 1.03464608786 0.838243988532 0.838349108582 0.559221733781
-9999 -9999 -9999 -9999 -9999 -9999 -9999 -9999 -9999 -9999 -9999 3.67527008524 4.20265670768 4.02463848835 4.23943414887 3.9175204378 3.25487103104 2.86186105688 2.8859712925 2.93806677466 2.77745188932 3.37063433764 2.15128694972 2.1260114281 1.86665650968 2.13767929032 1.53563746073 1.71815208726 1.55955045828 1.91168043766 2.37930497264 2.10572045588 1.1069451231 1.11728234016 0.79803862375 1.04921931516 1.39851391109 1.44051183975 1.46271765494 1.43888696785 2.25053964809 1.9198655478 1.4462447473 1.47817416276 1.23060345654 1.33778860931 2.07073237264 2.63751084269 2.263948343 1.28093687086 1.7647169762 1.60471604994 0.977816178421 1.19718688228 1.16902274744 0.986550296354 0.877060052638
-9999 -9999 -9999 -9999 -9999 -9999 -9999 -9999 -9999 -9999 -9999 7.14376965534 5.84900312415 5.33116219592 3.19231588105 3.60871120913 2.90720610937 2.18989978651 1.99397601059 2.1935888174 2.10527207144 2.19106367487 1.72187354289 1.50161538214 1.18333544604 1.14185024697 1.03579664016 0.995708904085 1.07771941439 0.865807408804 0.839112071743 1.78933372914 2.76934569036 2.53524390737 1.18039420266 0.61717552675 1.0641945303 0.608621663149 0.985872039931 0.855000327233 1.19064758276 1.40888559652 1.81628856152 2.16240845127 2.42854080796 2.72746568198 1.74073008409 1.45648063068 1.43263623742 1.48384956867 1.40605902397 1.71381106993 1.87138097392 2.15618164961 1.4684932189 1.01057739422 1.24807777971
-9999 -9999 -9999 -9999 -9999 -9999 -9999 -9999 -9999 -9999 -9999 -9999 4.1139142315 4.94006008904 4.17163251507 3.66368764063 2.87548629841 2.6473048186 2.17932073124 2.32170680993 2.22637945424 2.00825425788 1.80027613209 1.80091062727 1.2633224384 1.31638357478 1.07155228542 1.14187135223 1.03964986483 0.951793729021 0.979073591054 1.06654228999 0.831238624721 0.697488682128 1.35707167013 0.364027583187 0.915155007276 0.869509378111 0.73401359745 1.26868964673 1.54520251054 1.48919231519 2.43415717911 2.9421332533 3.22421554792 3.04180742697 1.79689933415 1.48988049318 0.973273658556 1.1864404766 1.19705771655 0.989031658448 0.788463733974 0.808198285394 0.784684585156 1.00463885921 0.325181881241
-9999 -9999 -9999 -9999 -9999 -9999 -9999 -9999 -9999 -9999 -9999 5.87809494302 5.34818295083 6.03525480654 5.79797273518 4.01907429887 3.17826925752 2.88239878833 2.01193134331 2.19537356023 1.53028492199 1.48262212628 1.18370736233 1.2404328545 1.17445712522 1.13926441761 0.803053341055 0.80593195841 0.806583330645 0.755173619889 0.709599306455 0.76319462204 0.727979316898 0.713083172521 0.853505494342 0.850340937962 1.16150983812 0.649084029766 0.818129056691 0.893885700072 1.23407223637 1.20444903203 2.21883014478 2.84932157198 3.90461795539 3.89283527886 2.75040348102 2.35893504124 1.49620311144 1.5426372435 1.05774868985 0.640092235133 0.554812906736 0.561944198223 0.515419280031 0.602034438295 0.953383817891
-9999 -9999 -9999 -9999 -9999 -9999 -9999 -9999 -9999 -9999 -9999 6.30005325698 7.3686377234 7.03744294281 4.49669823747 3.39598601523 3.47712604658 3.26499812774 2.17932521594 2.24630385073 2.44304367308 2.66370603133 1.29595318945 1.40035882422 1.28875852334 1.2943911996 0.711048376609 1.31640944758 0.921501544123 1.44943126146 1.2480191843 0.794364596731 0.704441369776 0.714202518368 0.813890588134 0.364860599198 0.831310854474 1.31057208885 0.973173884352 0.699653104224 1.0423465395 1.33857262771 2.06464470743 1.93568908106 2.11930147976 1.95916355712 2.21791669396 2.2948725094 1.71952067015 1.66305470557 1.03561825747 1.17904979948 0.943911372289 0.878409390925 0.809700510891 0.717095838485 0.48759573997
-9999 -9999 -9999 -9999 -9999 -9999 -9999 -9999 -9999 -9999 -9999 8.55916168757 7.97562911782 6.65139587907 6.2052410957 6.01665649393 3.40223480952 3.80929004515 3.00839949243 3.03161686995 1.49826240233 1.35297772471 1.99146950857 2.24133916787 1.38708360497 1.38036419229 1.41508160403 0.991686634612 0.762810193943 0.636890085717 0.670842538707 1.21496817236 1.28326399544 1.13133852059 0.822622489838 0.251659610358 0.397892048963 0.304096996362 0.731948782902 0.298059692233 1.17892640523 1.27896678796 1.28095574603 1.16856157419 1.24808462762 1.25236054257 1.37454105805 1.38510207184 1.18184827069 1.08424521486 0.68039463836 0.478922914599 0.27878370349 0.401005566226 0.362719268639 0.519314169574 0.673046987459
-9999 -9999 -9999 -9999 -9999 -9999 -9999 -9999 -9999 -9999 -9999 -9999 8.33680756262 7.69812898821 5.59112303786 5.37720982711 4.402764463 4.23987181082 2.85974827291 3.16255815868 2.60172670028 3.08001080402 1.58424756624 1.28801993189 1.19794348592 1.15962561091 0.803091896167 0.899935609356 0.746250682261 0.57781686258 0.447309109618 0.510601618777 0.59577925576 0.681738503898 0.710391927676 0.535553966464 0.4980661808 0.369057358147 0.877838385114 0.616014824683 1.11410950747 0.962725295968 1.17805250939 1.07227210101 1.26022208313 1.2815605862 1.21741603117 1.24270454355 1.03666599308 1.03760471938 0.856504875232 0.330951441954 0.335791066827 0.609355883978 0.442210687427 0.456996107297 0.408176147059
-9999 -9999 -9999 -9999 -9999 -9999 -9999 -9999 -9999 -9999 -9999 -9999 9.82316603936 7.74730673464 6.21935007721 5.73022442619 4.07700065478 4.48845986708 3.5073259472 2.93660110029 2.58646693968 2.2384769063 1.71617627024 2.45616523313 1.471007644 1.54520915369 1.84406353054 1.64460485966 1.1095065425 1.68193335638 1.12691368963 1.24275320947 1.42911324058 1.43402524976 0.568123458211 0.60686960813 0.41623283763 0.735746263215 1.21190848452 0.729806550174 1.06912012726 0.820622662236 0.744895947545 0.72903958072 0.769782190916 0.781478193503 0.768590300249 0.801134505794 0.706346389625 0.749666709099 0.713909103475 0.629832884565 0.514361506856 0.248191942963 0.222280792755 0.329387997242 0.198079984096
