data/recharge/transience/recharge51.asc
ncols                  80
nrows                 72
xllcorner      4374000.0
yllcorner      5656000.0
cellsize            500
NODATA_value       -9999
[rows 0 to 24 of 72, columns 0 to 56 of 80]
-9999 -9999 -9999 -9999 -9999 -9999 -9999 -9999 -9999 -9999 -9999 -9999 5.49609246787 5.55420234697 -9999 -9999 -9999 -9999 -9999 -9999 -9999 -9999 -9999 -9999 -9999 -9999 -9999 -9999 -9999 -9999 -9999 -9999 -9999 -9999 -9999 -9999 -9999 -9999 -9999 -9999 -9999 -9999 -9999 -9999 -9999 -9999 -9999 -9999 -9999 -9999 -9999 -9999 -9999 -9999 -9999 -9999 -9999
-9999 -9999 -9999 -9999 -9999 -9999 -9999 -9999 -9999 -9999 -9999 -9999 7.44755664038 6.40749959439 5.80387071075 -9999 5.91423274537 -9999 -9999 -9999 -9999 -9999 -9999 -9999 -9999 -9999 -9999 -9999 -9999 -9999 -9999 -9999 -9999 -9999 -9999 -9999 -9999 -9999 -9999 -9999 -9999 -9999 -9999 -9999 -9999 -9999 -9999 -9999 -9999 -9999 -9999 -9999 -9999 -9999 -9999 -9999 -9999
-9999 -9999 -9999 -9999 -9999 -9999 -9999 -9999 -9999 -9999 6.62412125619 5.97170036967 6.84611703029 7.00459584092 5.32724536755 5.43293195923 5.16604300483 5.28339596328 -9999 -9999 -9999 -9999 -9999 -9999 -9999 -9999 -9999 -9999 -9999 -9999 -9999 -9999 -9999 -9999 -9999 -9999 -9999 -9999 -9999 -9999 -9999 -9999 -9999 -9999 -9999 -9999 -9999 -9999 -9999 -9999 -9999 -9999 -9999 -9999 -9999 -9999 -9999
-9999 -9999 -9999 -9999 -9999 -9999 -9999 -9999 -9999 5.98237163632 6.48891978829 6.55109176579 6.03164815411 6.26494477226 6.21783086136 5.7716250995 5.71837802429 6.34590792055 -9999 6.53602015164 -9999 -9999 -9999 -9999 5.05380585551 5.60645783738 -9999 -9999 -9999 -9999 -9999 -9999 -9999 -9999 -9999 -9999 -9999 -9999 -9999 -9999 -9999 -9999 -9999 -9999 -9999 -9999 -9999 -9999 -9999 -9999 -9999 -9999 -9999 -9999 -9999 -9999 -9999
-9999 -9999 -9999 -9999 -9999 -9999 -9999 -9999 7.44985919799 6.67642074887 5.94082740109 6.31069530413 6.24663425327 5.88022266899 5.89332580268 5.66217078211 5.54807346953 5.44042327836 5.26807830617 5.60558270469 5.3199624484 5.57759711491 -9999 5.25091151771 5.84805348149 5.95616616498 -9999 -9999 -9999 -9999 -9999 -9999 -9999 -9999 -9999 -9999 -9999 -9999 -9999 -9999 -9999 -9999 -9999 -9999 -9999 -9999 -9999 -9999 -9999 -9999 -9999 -9999 -9999 -9999 -9999 -9999 -9999
-9999 -9999 -9999 -9999 -9999 -9999 7.65405391931 6.3912127353 5.89711875238 6.13600839538 6.60970361852 7.25628228855 6.76999463172 6.49029800517 5.81406495116 6.17571909716 5.61422374772 5.41536738483 5.65557607465 5.55131692397 5.19079313792 5.4482351889 5.45861810156 5.39627266802 5.56963392738 5.4219115967 5.48949862047 -9999 -9999 -9999 -9999 -9999 -9999 -9999 -9999 -9999 -9999 -9999 -9999 -9999 -9999 -9999 -9999 -9999 -9999 -9999 -9999 -9999 -9999 -9999 -9999 -9999 -9999 -9999 -9999 -9999 -9999
-9999 -9999 -9999 -9999 -9999 -9999 7.8094390285 7.10537022376 5.67887261973 5.484698209 5.45927955344 6.19104678388 6.02745469246 5.17821275975 5.15002013625 5.08293966809 5.61094329906 4.09283589173 5.77970418793 4.83377540378 4.8186962504 5.44649187987 4.93187755773 5.08992027877 5.02327250165 4.75785403665 5.45229606344 5.28022051536 5.11270064904 4.86398774545 5.31830818015 5.26392468003 -9999 -9999 -9999 -9999 -9999 -9999 -9999 -9999 -9999 -9999 -9999 -9999 -9999 -9999 -9999 -9999 -9999 -9999 -9999 -9999 -9999 -9999 -9999 -9999 -9999
-9999 -9999 -9999 -9999 -9999 8.71192295716 8.00358176861 7.92291822545 7.26319260689 7.23098288263 6.910299997 6.47810997847 5.54074998048 5.4104337642 5.75297092116 5.98925072996 4.05616820444 1.79376381042 3.98069951447 4.96856152752 4.84098679927 4.68903132027 4.69860008277 4.83704709396 5.10665863819 5.32928023143 5.35835596625 4.9087104924 4.93537976047 4.83371460716 4.3808072303 4.59190980268 3.8939611182 3.75000741118 -9999 -9999 -9999 -9999 -9999 -9999 -9999 -9999 -9999 -9999 -9999 -9999 -9999 -9999 -9999 -9999 -9999 -9999 -9999 -9999 -9999 -9999 -9999
-9999 -9999 -9999 -9999 -9999 8.88688504855 8.39890418243 8.43722878554 7.73413339119 7.34161510586 7.19216687729 7.5076701434 3.77977538584 2.99776571886 7.09461775279 7.01373474644 3.89898853916 1.17456245642 3.04870814049 3.56441611927 5.06424516491 4.97987963859 5.1492130793 4.97536956932 4.52368295498 3.98924374437 4.62382507293 4.20487428605 4.07091130429 3.87294648607 3.49380461884 3.69893064267 3.76010207008 3.59427082729 3.36666015342 3.37687804369 -9999 -9999 -9999 -9999 3.5218838174 3.12485988903 -9999 -9999 -9999 -9999 -9999 -9999 -9999 -9999 -9999 -9999 -9999 -9999 -9999 -9999 -9999
-9999 -9999 -9999 -9999 -9999 8.46806462562 8.05624645555 7.8810710139 7.98453296023 8.30270098822 7.87446865564 7.63162571704 7.00958601745 7.37667768455 7.54193212344 6.19481871291 5.32946071593 6.50921231752 6.43184840277 6.54513216395 5.76719914009 4.74572383368 4.37532241172 4.21318714194 4.40968367777 4.32982101632 4.45632459235 4.08732267007 4.24324195595 3.30960884634 1.43620674868 2.40403274554 3.71176542236 3.31152169315 3.01757737292 3.51989591986 3.34993669938 -9999 -9999 3.37713249648 3.48561480305 3.36138629278 3.47521988335 -9999 -9999 -9999 -9999 -9999 -9999 -9999 -9999 -9999 -9999 -9999 -9999 -9999 -9999
-9999 -9999 -9999 -9999 -9999 -9999 9.16601116271 9.07903968214 8.56410398923 8.29797469477 7.55893569948 8.01559592824 8.53747837358 10.2646290135 6.27610531028 5.87079301101 5.69937837945 5.52454245564 5.09258188982 5.23078635952 5.05835006379 5.24082117786 4.67138662155 4.9863140571 4.32758587836 3.96042762527 3.49626487926 3.87272834107 3.34029168057 3.3657649873 2.72693666796 3.39164006542 2.9215144947 3.14206705722 3.1869037363 3.19623887919 3.08467182124 3.07088680408 3.21947974188 3.12665056018 2.99408280541 3.51392213378 2.82790494836 2.68973510105 -9999 -9999 -9999 -9999 3.29722893436 3.01959600594 0.26699768915 -9999 -9999 -9999 -9999 -9999 -9999
-9999 -9999 -9999 -9999 -9999 -9999 -9999 8.39171952907 8.08708021719 8.77281339229 8.57946327067 8.05839121623 6.89032150085 6.05717200163 5.94101104141 7.03201057176 6.85375200162 6.94526509476 6.54860874686 5.79436472429 4.80103012446 4.82616845222 4.45476689945 4.49822239846 4.01195230222 3.65234573858 3.70769962998 3.55994512722 3.46332700043 3.22925873042 3.09696754413 3.03957131715 3.0482505949 2.91693773152 3.27704520747 3.25170717958 3.4810447172 3.35061964692 3.15284533477 3.14527593759 2.58098063828 2.65381150635 2.83787853876 2.93413578945 2.60507641832 2.76437561504 2.96422572026 2.65175560721 2.5129847401 2.54455256671 1.80160569507 0.96385340991 -9999 -9999 -9999 -9999 -9999
-9999 -9999 -9999 -9999 -9999 -9999 -9999 -9999 7.74628427947 7.4124415181 7.99328196659 8.52687979078 7.72200077983 8.13056975592 8.00149950886 7.49236992336 6.08568700753 6.11230183342 5.15019412599 5.61558868673 6.36489768318 6.173926696 5.23901985623 5.06126286373 4.57673663991 4.61612401041 3.34702585555 3.23466727214 2.64550766214 2.42755598397 2.67325045646 2.65548424051 2.47494849667 2.5105962019 2.55077002497 2.85385000029 2.83277499189 2.94004545734 2.69321684847 2.76468112492 2.86001715416 2.78049984933 2.52138039191 2.35593575942 2.21922175225 2.06468952531 2.23821592217 2.03751855008 1.85490084121 1.93018608267 1.77933362279 1.83110037936 1.27989527846 -9999 -9999 -9999 -9999
-9999 -9999 -9999 -9999 -9999 -9999 -9999 -9999 8.71503466105 8.03532808991 7.60552439495 7.64233989155 7.36623439752 7.32995061673 6.61006793714 6.49687279449 5.7280880905 6.05299942883 5.62178723514 5.94973716719 6.01813405981 6.06976547615 5.99354339207 6.24439311301 4.92867238366 4.36587345943 4.47698314086 3.86704149803 3.09557939075 2.76041288238 2.22006158187 2.49115315459 2.21428670365 2.41310972153 2.65146073678 0.768230676346 3.05311989377 2.83553699514 2.68653336215 2.6372105704 2.4991462634 2.48849894466 2.39042446171 2.38326644515 2.07150797635 2.05250634109 2.21648167744 2.07947575953 1.91973798968 1.98399883953 1.84124808383 1.85079248415 1.48507202287 1.77443486263 1.30525934635 1.40862000058 -9999
-9999 -9999 -9999 -9999 -9999 -9999 -9999 -9999 -9999 9.19529303819 8.3934588621 7.31770816211 7.31999027067 7.0308080976 6.30790531627 6.31489469013 6.6594488007 6.99872015356 6.98958219174 7.0508544353 6.68242913476 5.78644623199 5.61773374914 7.91670728267 5.29775500594 5.20319586627 4.02381657458 3.7836769819 2.59416490882 2.69711870625 2.4607402569 2.50219483128 2.33664606312 2.06812216366 1.8849951396 1.51465424506 2.54519306379 2.39631338298 2.20238049097 2.22877412387 2.07895741583 2.12534487906 1.80071294206 2.37829825684 1.90304853142 1.63826475918 1.41578671566 1.40700981707 1.40110540962 1.36885391573 1.35342596516 1.3011148053 1.12553633867 1.29273423244 1.31922627457 1.24013934606 1.01006844301
-9999 -9999 -9999 -9999 -9999 -9999 -9999 -9999 -9999 -9999 7.55927636907 7.61442656556 7.18751902142 7.03573156657 5.91906388955 5.48747064954 6.33682729733 7.20482306788 6.62160007717 6.02729075669 5.48645202864 5.52227712684 4.49858673356 5.21281984106 4.69691046993 5.58190318437 4.93498190803 4.03865561267 3.17212169356 2.95460969146 2.32000819894 2.33327212582 2.42784535062 2.1290510546 2.64635081378 2.37083803442 2.47709657917 2.39842335549 2.22190550698 2.23682335089 2.19253674456 2.01292254453 1.31253946317 1.73654033554 2.53463492044 2.46868086952 2.08122981811 1.57927533391 1.38858873209 1.39851577075 1.56892114208 1.50558287932 1.13842601099 1.20716452068 1.10644395569 1.24930974265 0.995676776769
-9999 -9999 -9999 -9999 -9999 -9999 -9999 -9999 -9999 -9999 -9999 2.64684993339 2.85309221006 6.48089238344 5.78265341218 5.58119918418 6.47963967691 6.4204612069 5.37629692758 5.54642930406 5.5740968193 5.57336676553 4.62089318881 4.03932092181 3.80954273289 3.8980256834 4.16428433703 4.94683778669 4.04131318833 1.19307954166 1.74112132303 1.7519228835 1.52335870835 1.72130844347 2.03756402295 1.83327149214 2.0517810585 2.03481307521 2.04565521455 2.04439906668 1.7900935347 1.39184039826 1.4304321064 1.52607806073 1.71877439401 1.54921429138 1.61839736587 1.90684443642 1.09606671407 1.17186367152 1.19102969531 1.43708486062 1.32454601501 1.08123254253 0.83476222814 0.867164322401 0.81012306569
-9999 -9999 -9999 -9999 -9999 -9999 -9999 -9999 -9999 -9999 -9999 2.1031028992 3.44838156796 6.05165265631 6.09879462959 6.18584068879 5.82734628025 5.40498221406 5.30189474519 5.34939527919 5.06110204788 5.57318398729 4.23114164383 4.39158499165 3.61271708762 4.16729288494 3.86161226553 4.0387611773 3.2442037604 2.28819912994 2.75962330633 2.77787384251 1.96636849751 2.12448132596 2.2601804834 2.00875896853 2.04184982163 2.08275990197 1.98525164026 1.92807020693 1.58222608331 1.61045445597 1.17521444475 1.30300889662 1.62000014631 2.05663469654 2.46230013425 2.69799256538 2.38907766092 1.73175972379 1.79170944166 1.63343374019 1.11154761213 1.2721916684 1.10205394444 0.966617953669 0.852509662296
-9999 -9999 -9999 -9999 -9999 -9999 -9999 -9999 -9999 -9999 -9999 8.1105314566 7.28336576976 6.96459179301 5.46378921941 5.68227370355 5.35778439667 4.54580622203 4.04912327133 4.36055482535 4.3252190766 4.41368549633 4.06950310245 3.72955372016 2.87626631991 2.81875973768 2.51653005281 2.45668248254 2.2449679884 2.27062200984 2.23775470975 2.97364882849 3.40902115021 3.89962434659 2.19040247621 2.01505172998 2.17660354101 1.78330702224 1.65972119159 0.773571492794 0.581172621729 1.53948164344 1.42962843782 1.64946176229 2.07241101104 2.79761944942 2.26263094345 2.0590869344 1.92975154496 1.95346396655 1.62772597793 1.82044625718 1.84828751905 1.93193157361 1.44221115794 0.656225497638 0.604647634746
-9999 -9999 -9999 -9999 -9999 -9999 -9999 -9999 -9999 -9999 -9999 -9999 6.26859565825 6.82814589661 6.2210027764 5.45311482587 5.10581430882 5.14523304233 4.60039745355 4.59233307226 4.45147660268 4.22464992532 3.87558793794 3.98171809817 2.98409729158 3.0538381916 2.56883223536 2.66625143342 2.35735000748 2.23143092442 2.11309088977 2.23111273879 2.00966448155 2.33937199832 2.40948558399 0.502200762388 2.29969623244 1.96342273205 1.77347438457 1.83022862162 1.96892276276 1.34462114679 1.82562321633 2.13226659407 2.15000822946 2.31391433949 2.11720876453 2.08427725273 1.54260962514 1.76256807753 1.55926619346 1.28184382235 1.06031167481 1.06189684645 0.870826720783 0.74872074381 0.161092430579
-9999 -9999 -9999 -9999 -9999 -9999 -9999 -9999 -9999 -9999 -9999 7.27484840231 7.05828769583 7.22469406047 6.54294252216 2.47254582647 3.62479340721 4.89581878075 4.25984189838 4.38194478535 3.58608059572 3.52559522553 3.01706026472 3.0970107843 2.86453621418 2.8159697677 2.35883660238 2.18101622121 2.05291651218 1.96720054464 1.73856135904 1.82618983109 1.62629349684 1.60198495788 1.68147069869 2.30406085713 2.20613104651 1.49908355395 1.24663757298 1.38128698695 1.58170721361 1.13136941889 2.57133290044 2.70943098822 2.80871138444 2.73531051203 2.57090118653 2.45201845382 1.84307849329 1.79222021443 1.37588449057 0.913088832655 0.754151848834 0.762291881518 0.662005956702 0.752123169072 1.01565588111
-9999 -9999 -9999 -9999 -9999 -9999 -9999 -9999 -9999 -9999 -9999 7.51683288695 8.18118568404 7.8313301137 6.3313465492 3.29971549987 4.88847533699 5.10238520065 4.37783192789 4.55506868895 3.35620032966 3.49242209838 3.32417348572 3.30740805557 3.01531308345 3.07324057714 1.03568332446 1.49577140651 2.04933590383 2.92113836294 2.49579379083 1.87553548048 1.58789787062 1.60378139779 1.62469773586 1.6217912453 1.69100603788 2.1026211193 1.52938385933 1.60089886425 1.16238298416 1.34440991086 1.73187847994 1.9957888019 1.76982880576 1.60080999897 1.64395472951 1.72821478024 1.40373411856 1.51741339804 1.33793429204 1.43663095944 1.17559805087 1.09849812589 0.971928359141 0.878345597413 0.578664029427
-9999 -9999 -9999 -9999 -9999 -9999 -9999 -9999 -9999 -9999 -9999 8.61220127475 8.52812220536 7.57063279737 7.07972012928 6.87415963438 5.10770188941 5.66294980664 4.86114893971 5.17604932703 2.44691519287 0.932463365284 2.8323612425 4.5529984802 3.57815387283 3.57389893281 3.46273421044 3.08750722725 2.33222869433 2.01681361059 1.89825793291 2.53287499193 2.43809383347 2.25225927343 1.65488690102 1.35659466828 1.29508664027 0.888746333602 1.54556757107 1.12406690652 1.40685308755 2.01395596491 1.69607990454 1.4431606889 1.36713014347 1.40521083761 1.13761477925 1.16004461234 1.26299908005 1.25711015894 1.12349280229 0.968192606168 0.72586221475 0.701980780012 0.628197754727 0.71680619362 0.85878143246
-9999 -9999 -9999 -9999 -9999 -9999 -9999 -9999 -9999 -9999 -9999 -9999 8.70658545334 8.38864423787 7.22202300429 6.69705886067 6.14159418372 6.0585330847 4.97187763108 5.09426265454 4.74306010161 5.17157581221 3.96610959835 3.63243036304 3.36664492094 3.32112241711 2.67851918576 2.8188632821 2.43666102387 2.14391270822 1.72263777003 1.74490951545 1.44984817646 1.5994243043 1.48645748455 1.7925762816 1.48429187577 1.17940740175 1.65374364232 1.5699118869 1.56982284131 1.52006584255 1.56495897362 1.47585390596 1.53802956758 1.53191796845 1.09989463403 1.05176779845 1.03565190654 1.30516264801 1.01389258712 0.304900615581 0.368590142422 0.981834884053 0.73644846373 0.730026238969 0.638756162074
-9999 -9999 -9999 -9999 -9999 -9999 -9999 -9999 -9999 -9999 -9999 -9999 9.48263342596 8.48985533093 7.38762441111 7.17444479116 6.1416629493 6.33502048954 5.5568242656 5.14619958818 4.77644033836 4.4281174534 4.07933936964 4.69223504825 3.8495181817 4.11847400459 4.10900742891 3.75444412083 2.99618021004 3.57795300294 2.82883182603 2.96151062766 2.81915195423 2.68810014267 2.07148407436 1.89717892607 1.61127608661 1.89294212541 2.31047281784 1.98327240391 1.88575301569 1.39014062473 1.21629612473 1.213527277 1.32494825456 1.25867727014 0.866083742463 0.698543710388 0.628147535836 0.97310856188 0.845864840625 0.545200474168 0.660341154017 0.537151235957 0.443911407178 0.616944616879 0.345291926414
