data/recharge/transience/recharge384.asc
ncols                  80
nrows                 72
xllcorner      4374000.0
yllcorner      5656000.0
cellsize            500
NODATA_value       -9999
[rows 26 to 51 of 72, columns 0 to 56 of 80]
-9999 -9999 -9999 -9999 -9999 -9999 -9999 -9999 -9999 -9999 -9999 -9999 -9999 21.7856683424 20.0369998607 19.1161942232 24.6835753498 26.6804012018 25.1458202361 24.4117620371 23.6332957908 23.3314325101 22.8753386331 19.8762306804 26.3532564027 27.5724631278 27.2599513892 26.8878319919 26.7961470283 27.1811058252 26.7730803015 26.5808849355 25.2191231825 41.003955194 37.5875737756 20.8957256715 37.8440592498 38.0756128137 27.3711482772 19.0045376399 15.9320965994 19.6364594672 15.3102421201 19.150489796 21.3895929737 23.8667392049 22.7555622857 22.2433406188 20.4312828711 13.2750884768 10.2384828091 10.6042829209 10.8920075808 15.0665459201 15.428347789 8.74428968964 8.38990710601
-9999 -9999 -9999 -9999 -9999 -9999 -9999 -9999 -9999 -9999 -9999 -9999 -9999 -9999 21.4164366732 19.6700473329 22.8998511969 27.4550764781 25.4282628406 25.8471915545 24.8867404047 23.6997746696 23.4468442007 24.5973800561 27.2212501438 25.5038786181 24.9771925964 26.5297658216 27.1916615999 26.8759052153 27.0265608684 25.2781991884 25.1277475605 39.0691945815 40.6546844237 32.8927302994 41.0052258867 26.0778600786 19.4501481209 20.8341788204 19.338609831 17.5749492389 19.8595061993 16.8777932926 12.9737569817 14.4102548171 11.8580380208 13.759916461 10.5041910185 11.996460196 11.0636180329 9.1280631877 8.40012068469 15.4137173066 13.3874230731 20.2426893644 24.8944927134
-9999 -9999 -9999 -9999 -9999 -9999 -9999 -9999 -9999 -9999 -9999 -9999 -9999 -9999 6.17264643734 13.4856787221 22.3945286485 28.3044696082 28.7939648109 27.8347695295 25.7472834598 23.6253236548 23.0508661615 22.6936780126 23.6959202738 25.7528402673 25.4269791565 24.0677284094 24.5811378023 25.6882741131 20.5714953147 11.7694444283 24.8766832486 28.6499289187 37.8896778643 23.0471989836 41.2036373318 18.8113424341 20.3274576428 20.3577100632 17.0397794817 17.3943333916 15.7620588212 18.1024434521 15.5806599965 13.3794522042 13.7705975129 15.051627937 15.7961867036 11.3355805636 11.894256247 13.2969054389 13.9739061397 24.4774119134 28.7374868824 30.3698403072 27.9682907211
-9999 -9999 -9999 -9999 -9999 -9999 -9999 -9999 -9999 -9999 -9999 -9999 -9999 -9999 9.40609033959 13.5588098773 23.0400707492 29.544321709 26.884890203 27.0238376209 25.8642029932 24.8507068021 24.2765496105 23.5144438632 24.438238211 24.3403501363 24.1661128925 23.9302367781 24.4477120852 24.4215366284 24.0577011904 23.0069293676 24.9826619773 33.3379719485 49.8499206016 18.7656030424 26.7587706625 28.6476435785 11.4600482401 18.8420248081 15.4231749044 16.734745726 14.6330244598 14.9155654847 12.4172436007 13.6185122942 10.3764403577 13.0036379326 18.696704514 21.8065034179 20.4973387518 14.1533825805 20.0247719672 18.8351562783 15.8410418109 17.3674959998 12.8697304177
-9999 -9999 -9999 -9999 -9999 -9999 -9999 -9999 -9999 -9999 -9999 -9999 -9999 -9999 22.004301568 20.7208451819 22.2893871802 23.8517369987 22.729769191 23.0497145934 24.1374037111 24.3702903078 23.6824031448 24.2379624921 26.4536315016 26.0764029617 24.9114148056 24.173308386 24.3716846455 24.5971158877 24.5720651353 24.4292290167 25.0107710195 20.2352639752 18.1463615195 18.6922207803 18.6738745299 38.5727678649 17.0673511116 22.3801510179 25.2442296641 14.8676500075 11.9699327207 12.6472214584 10.7793905897 11.3255829017 16.8872698887 21.7815835786 32.2928043898 34.7598627083 27.4999232433 29.2349509589 20.8351098834 18.8653262719 15.5909830755 13.3480930881 13.7945358484
-9999 -9999 -9999 -9999 -9999 -9999 -9999 -9999 -9999 -9999 -9999 -9999 -9999 -9999 -9999 21.6154685293 23.6516530378 23.6943565965 21.5711818937 22.0698576522 25.8955089063 26.7433714807 23.5979140171 23.9227953364 27.0256724434 25.1695959427 24.4950592908 24.1149631305 13.6067429831 23.9789816605 23.9785471313 23.9656338428 24.0718155028 17.432751966 18.2999035431 18.4040149834 18.5052099068 18.6958872319 18.6249833914 18.6327464647 18.3094962555 27.3181288957 9.78375202561 10.4009801035 10.9544863845 10.4518950169 9.88714456568 11.3735481174 14.0980006434 14.5700488324 10.1150501188 9.2762871682 12.7396128743 18.9895318621 17.8288582949 17.6441050874 14.5333624856
-9999 -9999 -9999 -9999 -9999 -9999 -9999 -9999 -9999 -9999 -9999 -9999 -9999 -9999 -9999 -9999 23.4042720757 25.5254599444 21.6911155282 22.7499851528 24.063151343 25.3363276956 23.9626617158 26.5522934598 27.594688062 26.5471149971 26.3441030745 22.4404218719 13.1227585449 21.010645866 25.7256746602 17.2592316628 11.6088696653 7.91463768445 18.5527217678 18.7511408809 18.6727966667 18.7104023456 18.5458801637 24.7927304587 46.2086044349 45.1002286904 36.8250458312 19.7459598811 9.56653993263 6.34196333376 4.41651887578 13.4568842676 9.81795403229 8.0614036827 10.020375738 14.4662254287 11.0150849122 9.39661947409 9.75993499011 8.85025680582 8.1278362246
-9999 -9999 -9999 -9999 -9999 -9999 -9999 -9999 -9999 -9999 -9999 -9999 -9999 -9999 -9999 -9999 34.3146077622 27.9363784408 23.0382670946 27.5765542368 25.6470425997 22.9009865114 23.4559445715 25.926243249 26.8935582553 26.7447631491 26.0330345322 25.62061885 14.0189673594 20.191639097 16.0053116823 11.6908581332 13.6521742157 9.43786314243 15.8649704451 18.1909303237 22.5749296807 18.389928084 18.3370537605 20.4462485009 41.3445632303 34.8929560123 41.4596996973 33.6249081522 24.4231142258 18.0442660966 20.0072467918 22.5959017739 7.85626601113 9.44204980092 11.8395032982 12.3697191856 15.1319485375 15.9924440569 17.2875102294 13.0332750209 8.19266081019
-9999 -9999 -9999 -9999 -9999 -9999 -9999 -9999 -9999 -9999 -9999 -9999 -9999 -9999 -9999 29.6915543756 29.9444212586 29.6219120048 32.2424620821 30.3962310603 25.465982722 22.8981304409 23.1346332746 24.8981833248 26.6128004394 27.4459734357 26.3019380348 26.0713688257 18.24711335 22.6589829479 25.4697416717 25.8011910435 26.0971890835 21.5835799178 25.9292954081 43.2248746088 41.352880322 39.8242044094 35.3986790289 20.2071064731 33.8463708375 29.836080883 20.4718756357 20.1692196265 19.9951381276 15.0576229634 26.1927024077 22.8143795902 12.0598304957 12.8101173675 9.64816495939 7.91386465967 8.31939142878 9.13552133752 9.57101615944 9.8240445305 10.5859095514
-9999 -9999 -9999 -9999 -9999 -9999 -9999 -9999 -9999 -9999 -9999 -9999 -9999 -9999 33.1704511696 31.2685344171 30.3899511572 30.4388346058 30.954678901 31.0900030877 30.5605453665 28.6983601255 25.8167571415 25.4168444282 24.8767260449 26.81879434 26.10978944 25.0565759765 24.007687938 24.2417054723 25.4918202783 26.1311504416 26.2341828233 26.51485353 25.8234858974 42.6898099566 42.1416483661 36.8584388645 16.5458122874 30.1146770651 32.1637685085 18.0573162335 15.1847566961 16.7969768298 10.5371139466 8.40654449478 19.4190260922 13.9004173295 12.4002436996 10.3594077299 8.7185912992 8.64809047684 8.84249313475 8.66199444423 7.97414289173 8.41277464085 8.58818702854
-9999 -9999 -9999 -9999 -9999 -9999 -9999 -9999 -9999 -9999 -9999 -9999 -9999 -9999 29.5032323137 32.1544069056 30.8693894346 30.776982812 28.4410177282 28.5642344159 27.2624343118 28.3552088239 25.6495461687 25.2177342112 24.7756428554 26.028935658 26.6351661635 26.7252012928 26.2937737147 25.0036160308 26.465398383 27.5487723037 26.3547319032 25.5467569175 22.6734936887 32.0533862041 40.3620379998 44.6194628845 31.9462445734 32.4160886178 35.6058428803 34.0622037222 19.31579982 17.6746040749 14.6429880331 7.14366541179 13.7641923162 18.3372247923 15.503577039 17.9168456666 17.2512201263 17.1318899146 12.700030441 11.2520278152 12.2337732016 11.7593057512 8.89745421085
-9999 -9999 -9999 -9999 -9999 -9999 -9999 -9999 -9999 -9999 -9999 -9999 -9999 -9999 -9999 -9999 32.2379001062 31.5958961797 31.3002389469 30.2726275062 29.3155430643 27.5433207525 26.285870527 25.8762612756 25.1479152346 26.8172926274 24.7417410316 25.1677897827 24.4318921079 27.0407231907 28.8094567822 27.308581869 25.8211392587 24.3039703762 24.3093953461 24.41990093 30.2683918321 31.3139074267 35.933544279 32.4246529538 22.1406457054 22.4959857866 33.4684458496 30.6358582628 9.60391860017 12.1497060696 9.82885390081 9.66036384538 10.8793324737 13.0948007959 12.3022648274 12.6415886779 11.0169020612 9.68756949587 6.86712020909 7.21615585547 9.77917575947
-9999 -9999 -9999 -9999 -9999 -9999 -9999 -9999 -9999 -9999 -9999 -9999 -9999 -9999 -9999 -9999 32.4275301576 33.0430147081 33.1459534893 31.0906555218 29.4286269425 29.0781896524 25.5421607787 25.684466236 25.7100376647 27.3181830584 26.3376434619 26.3198042091 26.3530429836 27.1338015808 29.1992404493 28.923574823 26.8250418203 24.5701350469 20.2819838967 21.0696423364 20.7734808644 22.6762280756 17.6226447774 16.3505322645 18.1204150478 21.591323716 18.6700842009 22.9254125954 22.6768471966 9.82745286526 3.58667036035 6.29283212234 10.042989516 8.25249227146 6.63327811897 6.71784920457 5.40742074822 6.03060794174 5.61298389333 5.64033918932 5.07893774708
-9999 -9999 -9999 -9999 -9999 -9999 -9999 -9999 -9999 -9999 -9999 -9999 -9999 -9999 -9999 -9999 -9999 -9999 33.0939680996 31.7030625644 30.4579533599 29.8082466092 26.945286543 25.1353839344 25.2648293248 26.229870787 25.8302020941 26.5350260874 26.7395299053 26.7902711995 26.4125678145 25.4221656718 24.5732777645 24.8189193788 20.0657411365 22.538981416 21.6677637494 18.2618879604 16.8025046195 20.3022704589 16.1227487834 14.8629413287 13.8708489072 13.7953136691 12.0952179919 12.8310842755 4.56569001371 4.65816609956 7.31068990415 6.94455906343 7.09402679434 7.51225153637 5.50838727236 5.63455382429 5.986350698 6.32725738877 5.4169732189
-9999 -9999 -9999 -9999 -9999 -9999 -9999 -9999 -9999 -9999 -9999 -9999 -9999 -9999 -9999 -9999 -9999 -9999 -9999 31.5285110946 30.982232671 30.298051729 28.65281666 26.8246226871 25.5447665943 25.3226632511 25.422634854 26.4546473247 26.3829091386 26.0819459426 25.9145666462 25.8255288475 23.3970553054 23.0527702602 18.3761158319 16.7727512522 15.5334266656 18.9025918092 17.1479307092 18.673317541 15.1030378859 14.1827551552 11.7754903756 13.878591911 13.4976527904 13.9574746534 9.68688130526 3.88387699831 2.79262775463 6.20395639468 5.6433836734 6.50797791246 5.15185246123 5.11193206079 5.58308301253 5.38112230994 4.30506969729
-9999 -9999 -9999 -9999 -9999 -9999 -9999 -9999 -9999 -9999 -9999 -9999 -9999 -9999 -9999 -9999 -9999 -9999 30.8106323064 31.2497478722 31.7611716097 31.5285271142 28.290458058 26.9707003836 25.2720593366 24.4911833121 23.6323683667 26.3223599544 27.5361165272 26.9976672778 21.6895262663 11.9413242559 24.3734686403 23.1741822449 21.2637541683 23.6301890446 25.2088820834 24.561327811 23.3371621903 22.2004668632 19.4515292037 15.0956639338 13.1243031743 18.8412577599 15.8011042809 18.0382604317 12.5800916474 17.5912471196 10.2731755241 3.73932566898 8.22438144817 9.98836780737 9.77090549525 9.34392571902 7.13939341128 6.4459022458 5.54921196809
-9999 -9999 -9999 -9999 -9999 -9999 -9999 -9999 -9999 -9999 -9999 -9999 -9999 -9999 -9999 -9999 -9999 -9999 -9999 32.4141738754 31.0294307982 30.8482063165 28.2254949638 26.2304569129 25.2868221874 24.769385236 24.3773972643 23.9619561872 28.3228852026 28.5753154055 19.7470752412 19.91999493 28.7821754856 24.8259024644 25.5918305023 23.684284844 14.7075865485 13.2727386491 11.8204045559 11.8314873384 12.2464260325 15.1997784571 17.4270061657 20.2003854272 18.0622681763 22.3300988011 14.975031517 12.3785715557 11.5185628832 5.67700234749 1.94098423716 23.0558702241 23.7352832397 17.8195173408 15.6384442081 3.63355692402 3.9040890568
-9999 -9999 -9999 -9999 -9999 -9999 -9999 -9999 -9999 -9999 -9999 -9999 -9999 -9999 -9999 -9999 -9999 -9999 -9999 -9999 32.2750548443 32.0098712739 28.0040408711 27.1564834705 25.0028790839 24.7022476329 24.3561730347 24.0254163404 26.0480889171 26.0664804287 26.5086787479 26.6369673795 27.6658253211 25.8035776022 23.0448284444 27.0824294048 19.3673174665 20.5104078995 20.3326787778 18.8154239496 15.0812225393 18.0537154354 18.032548128 16.4085462286 19.3066476965 17.3047505986 14.5292818226 15.9560270719 13.9100395506 13.8067497682 8.49134656075 4.27421232252 1.98489662128 3.61359722203 16.9316973371 2.19485628519 2.03028154875
-9999 -9999 -9999 -9999 -9999 -9999 -9999 -9999 -9999 -9999 -9999 -9999 -9999 -9999 -9999 -9999 -9999 -9999 -9999 -9999 -9999 32.4616372282 29.0198158558 28.3750137052 24.8948349542 24.6751197563 24.1026018926 24.4820813383 25.0133891228 25.1729664692 25.1908145584 27.1469747301 28.7069565972 19.7986671949 29.0549536375 26.1232516994 21.1114006553 18.1262400029 15.8692298372 16.48595656 19.4362814213 20.1377245244 21.0854169353 16.7291853667 14.0844240615 11.37226162 12.965499647 13.9958126325 13.254838028 15.5937470998 14.4726573718 15.9712035778 8.14016075604 3.40257743625 1.14778885024 1.40929060538 1.4610488525
-9999 -9999 -9999 -9999 -9999 -9999 -9999 -9999 -9999 -9999 -9999 -9999 -9999 -9999 -9999 -9999 -9999 -9999 -9999 -9999 -9999 30.9252742431 28.6077363064 27.8553108769 25.9451066244 25.0038624338 24.919290989 26.5304421456 27.2501661006 24.3763460548 12.3730780638 25.0533414538 29.6131377497 26.6745254304 18.7066646625 20.0326523439 18.2311168908 19.1342190629 17.075091528 19.2099748675 19.5733057908 19.0177036861 15.6774564765 15.4112694545 17.5230392236 16.8087922491 15.266487665 14.9573240545 10.5950894893 10.9568344512 15.8423607611 12.7858024361 8.78807767129 2.36499277247 1.79594404832 1.22725859583 1.19362376261
-9999 -9999 -9999 -9999 -9999 -9999 -9999 -9999 -9999 -9999 -9999 -9999 -9999 -9999 -9999 -9999 -9999 -9999 -9999 -9999 -9999 -9999 28.6232697831 28.7026390692 26.4579001736 24.7778893288 24.4904319441 26.7904736181 26.7392428563 27.2058489942 28.8428264474 28.9551573167 26.7330021447 25.1596575045 25.0274705197 21.7962807028 21.3761475998 20.5189243589 19.6703483885 19.0579092116 19.0053318074 14.5761425955 15.0003760875 17.7613875208 12.2206577927 11.197192783 9.20388825446 11.2645402256 13.4196782133 20.1356009417 9.54141842044 17.1132667787 17.1450743075 3.10691301672 1.20987702832 1.0841339941 1.09018909738
-9999 -9999 -9999 -9999 -9999 -9999 -9999 -9999 -9999 -9999 -9999 -9999 -9999 -9999 -9999 -9999 -9999 -9999 -9999 -9999 -9999 -9999 29.5890535827 28.4610059677 25.890452826 25.0281326828 25.0096559477 26.2259058378 26.858006213 27.5490318227 28.3459427316 28.5041301628 27.8357972095 25.5145505874 22.0388129912 25.4598034434 20.6937547869 19.9860462381 21.3985740754 20.988172803 15.8854375626 19.2685271821 15.1859142948 12.9697686315 12.0276517177 13.8150857622 15.8363636648 16.0240697384 10.0986776744 10.0348453253 9.97154657284 22.5779769815 2.297923987 7.29102341263 2.53753402983 2.21740836572 1.49974994261
-9999 -9999 -9999 -9999 -9999 -9999 -9999 -9999 -9999 -9999 -9999 -9999 -9999 -9999 -9999 -9999 -9999 -9999 -9999 -9999 -9999 -9999 30.0707487144 29.1871760373 28.0586222899 25.5369705756 25.3691085983 26.9219087281 27.0947792233 27.8786802498 27.1005943469 26.2031032946 26.6069835949 25.5355636451 25.642917327 21.3256856799 20.3965045226 24.0269937826 21.4583976231 20.2629965982 19.8484449398 17.0413505072 13.6103682533 15.9091794244 17.7694288705 16.9426415607 16.1126978469 14.4153697612 11.2910423264 11.3090486186 13.0211701583 11.141754678 5.08260949902 5.92054812748 6.46972112487 7.51506655862 2.40290143803
-9999 -9999 -9999 -9999 -9999 -9999 -9999 -9999 -9999 -9999 -9999 -9999 -9999 -9999 -9999 -9999 -9999 -9999 -9999 -9999 -9999 -9999 -9999 30.7987381765 27.7337678633 25.9146185131 25.3931830867 26.5128274732 26.995521216 27.4106919863 27.0269476383 27.775455157 28.5163413914 28.489047452 24.1285373794 25.368863754 25.0213959801 23.2612034929 17.4622945768 16.5511648422 13.4687451546 16.3568254061 19.4404561355 19.4949862694 17.0380328566 15.6877818639 10.1039688939 9.22077217537 8.51535221452 9.07492464321 7.22608561072 8.65063205546 8.81541913985 10.8826200038 3.31636687941 2.52382425979 6.00700342872
-9999 -9999 -9999 -9999 -9999 -9999 -9999 -9999 -9999 -9999 -9999 -9999 -9999 -9999 -9999 -9999 -9999 -9999 -9999 -9999 -9999 -9999 -9999 29.600505212 28.2694383217 26.164998946 24.614985659 26.8160932955 26.8461796636 27.3125774915 27.5200649762 28.0681129163 26.9968777803 26.6340113814 25.5509831068 25.0595045985 22.997951561 21.1065064848 21.4909021644 17.2447718815 22.8392190142 23.2000806318 21.6631569302 17.13773012 13.0296087648 13.7862546322 15.0273339294 15.9808741936 12.8977716598 12.6288574743 13.3458393146 13.809745967 9.21867627598 7.36264656385 6.89826729913 9.95781205381 6.91090835551
-9999 -9999 -9999 -9999 -9999 -9999 -9999 -9999 -9999 -9999 -9999 -9999 -9999 -9999 -9999 -9999 -9999 -9999 -9999 -9999 -9999 -9999 -9999 -9999 29.8514809459 26.5130850282 24.917122708 25.2509023938 26.6433291511 27.1745715059 26.2641589209 20.6060723551 25.0690909674 26.8241894204 27.7678387477 22.3069752113 19.7814794109 24.4827577607 24.933944341 27.1068311679 24.5087887193 17.7098224828 13.8422706208 16.0917326907 16.9731348547 15.9205418436 12.3693473814 14.4665344768 15.2077779004 13.469825114 10.1792001497 7.88080277817 7.63438345359 15.8904908503 9.94554173672 7.51392750838 7.51143715666
