data/recharge/transience/recharge473.asc
ncols                  80
nrows                 72
xllcorner      4374000.0
yllcorner      5656000.0
cellsize            500
NODATA_value       -9999
[rows 26 to 51 of 72, columns 0 to 56 of 80]
-9999 -9999 -9999 -9999 -9999 -9999 -9999 -9999 -9999 -9999 -9999 -9999 -9999 11.4993215295 11.9316791638 12.2786889846 11.0192152759 10.3344677421 9.0529944023 8.48735110859 8.22100080913 8.99411765541 8.96397257643 7.55481390151 8.13418882406 7.53669926581 6.90679209534 7.09215370383 6.7919494746 7.13553191447 6.43151310428 6.13254871363 4.62194139788 7.44201713918 5.7554212182 1.1928504367 2.44602272003 8.53963049662 6.82101515842 4.7664314824 4.43047185296 5.32077194473 4.40733014039 4.60999531685 4.1443778662 3.87744354731 3.66053527491 3.48973485147 3.69726040661 3.70250479084 3.76001392581 3.96461736098 4.09023228587 3.96261370019 1.55363343319 3.0243846111 3.41380133466
-9999 -9999 -9999 -9999 -9999 -9999 -9999 -9999 -9999 -9999 -9999 -9999 -9999 -9999 11.7184619738 11.7649543113 10.5128824226 9.56597755615 9.05556029637 9.46994413471 8.47493238798 9.6336866428 8.61145456879 8.09435921471 6.52416364198 6.40417290934 6.82352218762 8.2110396166 7.03773113216 6.47500553439 6.49467750347 5.15256382724 5.29211039789 8.27493053842 8.58351325172 2.12392950636 2.60866788406 6.23833343621 3.53663003438 2.05572491549 2.71164313697 3.75950007914 5.36486775027 4.7497974838 4.10174779413 4.45452781931 3.52529614218 2.55566920602 3.74753634621 4.36913038438 4.09145299443 3.51172129649 3.34355205983 2.14627683191 1.70487013543 2.93283944827 3.749489142
-9999 -9999 -9999 -9999 -9999 -9999 -9999 -9999 -9999 -9999 -9999 -9999 -9999 -9999 3.77075475962 6.91838624946 10.3577584833 9.95054558612 9.15363578329 9.47964006273 9.16704988275 9.47488867927 7.87138264509 9.65015806727 8.90357829933 9.06579744026 6.1087328235 6.09223158392 6.39666596627 7.05994929393 4.73482079137 1.94125864865 5.52966877892 10.7822126276 12.623039527 2.11917674073 2.3224297679 3.42962864898 2.26505630405 1.84221934619 3.95960120094 4.304387932 4.39843499321 4.98691000375 4.7318232972 4.23927475654 2.78278717155 1.09754675845 1.1691387612 2.89713931668 4.37651308906 4.71042225575 4.84253389738 4.58566946409 3.83268623772 2.49028825755 9.39125100435
-9999 -9999 -9999 -9999 -9999 -9999 -9999 -9999 -9999 -9999 -9999 -9999 -9999 -9999 6.22144278749 8.58311829071 11.0395741646 10.7875676125 10.36597159 10.1421534668 9.16240836571 9.603771413 9.37647538864 8.77852375702 7.53950203613 6.91306805114 7.04654431826 6.89569343282 5.44137621876 6.07537701539 5.6291625898 5.37239015251 4.94259325247 8.49992791233 10.5676736496 1.86502739123 2.1887382839 4.90653654518 1.40067230372 1.41787550178 4.0071707894 4.38601307326 4.04782481714 4.1420687943 3.96505216816 4.29518114762 3.74474752408 4.45482127344 5.78367270404 6.84736090486 7.20695014466 6.21036801949 7.25610431088 6.74781824937 6.28027562349 6.79591728032 5.15752407778
-9999 -9999 -9999 -9999 -9999 -9999 -9999 -9999 -9999 -9999 -9999 -9999 -9999 -9999 14.6299831089 13.3061970723 12.7279566841 13.2813203694 12.2540246163 12.2809166221 9.90655358465 9.50900606365 8.7159829184 8.72012331154 7.16649345765 7.60931922522 6.62811850361 7.44282371666 6.3181147082 5.89590588611 5.72566042764 6.31739292668 5.60103268338 2.50755805642 1.87455595021 1.90342765588 1.61340790013 3.3479689601 1.31590844053 1.92380666346 2.22135466603 3.28073867773 3.27890570894 3.48180422288 3.32934969241 3.68112273973 5.48583578841 7.11240400905 9.95795149999 10.6889184067 8.91152481686 9.27661601682 7.30824355201 6.14418588961 5.06570090561 4.65708632981 4.8361986307
-9999 -9999 -9999 -9999 -9999 -9999 -9999 -9999 -9999 -9999 -9999 -9999 -9999 -9999 -9999 11.9152815437 11.3960190993 11.217018835 9.99542185815 8.92527308546 8.27355198455 8.54982242959 8.80366986177 8.83959883921 7.09884679906 7.54490920293 6.39923485569 6.78181038742 3.45292513976 5.52237082235 4.69259483966 4.566664671 4.10141773201 3.23801527714 2.09511516386 2.1227189115 1.93449119445 1.88175521609 1.78332769916 1.16924771405 0.737887877885 1.04776331527 4.26476474081 4.25219649608 3.96699436684 4.63159435979 4.56318696538 4.78237786633 5.88357004001 5.60023216001 3.78895077578 3.54377144185 4.52341537723 5.73735518781 5.47950827782 5.44443267671 4.96804480846
-9999 -9999 -9999 -9999 -9999 -9999 -9999 -9999 -9999 -9999 -9999 -9999 -9999 -9999 -9999 -9999 11.2412086915 10.4326187202 10.3593759411 12.2273902449 10.9414236859 10.7510102328 8.42105399747 7.45408376869 7.32931852663 6.88638383506 6.01317876983 5.40015191404 2.75354223209 4.55908915588 4.60606747742 3.28596823399 3.10736949581 1.9833844135 1.81558390199 2.08909071285 2.00947961003 2.23530659691 2.1614039963 2.78463555019 4.64422006427 4.94351645158 4.27732037558 5.0947260438 4.03010830163 3.4170299139 3.07597826191 4.9412937507 3.58958778364 3.05042773685 3.75029451694 4.75626923342 4.0819180857 3.65452624028 3.97023733918 3.71555734011 3.55482474583
-9999 -9999 -9999 -9999 -9999 -9999 -9999 -9999 -9999 -9999 -9999 -9999 -9999 -9999 -9999 -9999 11.4037300935 11.6890236728 11.9384959322 10.9285439196 9.35934180265 10.1479033443 8.8600625752 7.88948390062 7.12140315975 7.63152229005 6.36986139146 6.21740004216 2.8810595858 3.99287455332 2.72809148073 1.84457758214 2.11327997028 1.76782126882 2.37316920014 1.96357018324 2.75645047861 2.69068052792 2.11620913733 1.97752291098 3.4306941953 2.44385110875 4.53616915686 8.45612723499 6.7519673944 5.46944023168 4.40140455131 1.71993464578 2.74174460252 3.48168234568 4.20451132792 4.32314448234 4.90473907463 5.06163977112 5.49619963806 4.70864607414 3.57623309065
-9999 -9999 -9999 -9999 -9999 -9999 -9999 -9999 -9999 -9999 -9999 -9999 -9999 -9999 -9999 8.95177448401 8.95596621992 10.0236060112 10.5004679322 10.2821539807 9.32110000631 9.38133071496 8.1230762563 7.55940198786 6.55863499325 6.9300171987 6.20548490047 6.36151862298 4.00650764432 5.38821120445 5.01899744122 5.17190798062 5.10176992999 3.20594623974 2.03766447 6.28193436025 3.1307549982 5.05643221573 2.54420489419 1.34946285668 2.34786905545 5.18223954503 5.49546167974 5.43997132929 5.65470732246 4.79183873227 1.26199959242 1.3809571522 2.64200135451 4.19327453215 3.64878956432 3.12975220231 3.34597957381 3.59535676593 3.79642928783 3.8654395368 4.10074265469
-9999 -9999 -9999 -9999 -9999 -9999 -9999 -9999 -9999 -9999 -9999 -9999 -9999 -9999 10.1867743084 9.63209826703 9.23029861992 9.69663781806 9.6552063687 9.75418076188 8.71757002505 9.39771878969 7.81172431521 8.03332891342 6.56741128938 6.31518349615 5.61464077727 5.9468975252 5.29396302444 5.29021858106 4.4223921534 4.54347437867 4.00664550235 4.66324398968 3.35437676769 6.74579594762 4.25338018608 1.98799561313 2.25262736094 2.21700858721 2.22151897065 4.75915258383 4.58507611341 4.85100960135 4.05803022536 3.69967328855 3.93177629614 5.08591946389 4.14143362435 3.63125795098 3.38537703805 3.36335953968 3.50859607277 3.44980827581 3.31791601427 3.45737245043 3.40210447652
-9999 -9999 -9999 -9999 -9999 -9999 -9999 -9999 -9999 -9999 -9999 -9999 -9999 -9999 10.8275146294 11.0817575823 10.1998529317 9.34684270115 8.34593371132 8.27645162926 7.67583162488 8.45011742288 7.51100544192 7.83373558995 6.44990108837 5.83352576029 5.76505263649 6.10467428998 5.49696526172 5.28643666647 4.87063747333 5.86149239069 6.05224711338 5.53491401609 2.99534983838 5.88475944526 8.51760991921 9.52722848908 6.94506600356 7.0522234072 8.27425224638 7.89481714023 5.06016265776 4.79099530959 4.60492600484 3.40272815353 4.73278364571 6.27154276263 4.93036658961 5.05493556957 5.07563510035 5.05963444423 4.42116480231 4.12634276608 4.42901325207 4.34076452649 3.70330498152
-9999 -9999 -9999 -9999 -9999 -9999 -9999 -9999 -9999 -9999 -9999 -9999 -9999 -9999 -9999 -9999 10.3530200741 11.1548539322 10.8924691413 10.7554211688 9.42170119829 8.15725332005 8.28346637202 8.31193859639 6.75643574601 7.06277085288 5.32766839863 5.51635109449 5.01811863161 5.9718199634 5.81704736479 6.05478252209 5.76863122037 5.26094822864 5.3516412472 5.38247967813 6.65570129299 6.78749236136 8.06944547725 7.34666530908 5.59738611739 5.74469724605 4.84506303784 3.64392988139 3.81453662052 4.2152479708 4.08882109305 4.67337001042 4.0152331979 4.21715075161 4.19953430054 4.2680298647 4.0700980393 3.74393093073 3.0125698045 3.13096730012 3.96223594856
-9999 -9999 -9999 -9999 -9999 -9999 -9999 -9999 -9999 -9999 -9999 -9999 -9999 -9999 -9999 -9999 11.5569701625 11.2460722578 10.8277367642 9.27422162615 9.13208520707 9.24430696906 6.94399934916 7.21709713182 7.08181559548 7.46528885787 6.43328515379 6.29931750922 6.09627925079 6.19022670238 6.47753747624 6.25242407205 5.42375179151 5.18001902309 4.27106745277 4.45622401643 4.51765983699 4.9472701984 4.00665477657 3.74117820887 4.34561566247 5.02992613375 2.17642762359 2.12140319679 6.19649168039 3.76899915276 2.60234125863 3.60560343375 3.52189189816 2.93965076198 2.59851109348 2.62671949833 2.32468394938 2.576110925 2.58459002681 2.59215397142 2.50562342413
-9999 -9999 -9999 -9999 -9999 -9999 -9999 -9999 -9999 -9999 -9999 -9999 -9999 -9999 -9999 -9999 -9999 -9999 10.913660331 9.86169304303 8.50992531389 9.07715004633 8.67692307276 8.09454092203 6.77215041499 6.94880512023 6.17847801694 6.79225935605 6.05932873209 5.94536845514 5.00660518874 4.60332800221 4.4235727839 4.85723765081 4.22052650003 4.79901353146 4.72102228428 3.93373843981 3.78658462839 4.57469020737 3.91725919597 3.62790462741 3.39670014998 3.38059227836 3.34978588392 4.31669692885 2.98236470875 3.01147106953 4.10113857636 2.85121126974 2.93129604871 3.22572074776 2.37164953257 2.42631886621 2.73828146912 2.86395245463 2.65849212858
-9999 -9999 -9999 -9999 -9999 -9999 -9999 -9999 -9999 -9999 -9999 -9999 -9999 -9999 -9999 -9999 -9999 -9999 -9999 8.71085153381 8.45158543948 8.78566752529 8.22987089727 9.06710549852 7.16501124881 6.85917821413 6.04443350703 6.25356387633 4.8931392086 4.76042270516 4.70170425831 3.12077875612 3.3152275356 3.97697806559 3.53557224034 3.43472602203 3.32056032495 3.9746224764 3.69647778809 4.04725570446 3.51718701554 3.31688130403 2.98955773051 3.48200356707 3.67094234858 3.74740401769 3.94068695286 2.71790425892 2.39304407694 3.69084382974 3.1794345622 2.62660565981 2.26516858358 2.24802655009 2.60389531203 2.51882984156 2.15446164552
-9999 -9999 -9999 -9999 -9999 -9999 -9999 -9999 -9999 -9999 -9999 -9999 -9999 -9999 -9999 -9999 -9999 -9999 10.001800301 10.5480799392 10.3303133033 10.1558137059 8.49323490285 7.75589389896 7.00722274027 6.96955156409 5.86203885102 6.35056600937 5.42602238921 5.13394045947 2.10136692009 1.32359197738 1.81475745635 4.39809067763 4.16878799217 4.57016966237 4.97063062406 4.84851810075 4.66143802858 4.54817666637 4.40266394408 3.51636773839 3.18872366523 1.15019434741 1.2348259084 1.26633094482 3.05993887617 5.52144316616 4.24234467494 2.87753471363 3.49475716696 3.67163347905 3.35089209109 3.0136853705 3.02347442939 2.93483000976 2.72757008292
-9999 -9999 -9999 -9999 -9999 -9999 -9999 -9999 -9999 -9999 -9999 -9999 -9999 -9999 -9999 -9999 -9999 -9999 -9999 11.3576972719 10.751714928 10.3975029374 8.45896963556 7.8315005986 7.33857998136 7.2457075857 5.55290558298 6.06360882242 5.41298563589 6.15471607697 3.60261697191 3.54993714718 4.84244069033 4.67797346403 2.45524867222 1.83612576975 3.11302288103 2.84125515704 2.63270329246 2.63630489301 2.87855423519 3.47863796051 2.93858652002 1.8998259009 1.67114860157 4.40839595427 4.16426383847 3.73749845194 4.63304497265 3.41279791487 1.78728454396 1.67796740298 1.57470586868 1.44082335845 2.02669220035 2.59942270022 2.12746270115
-9999 -9999 -9999 -9999 -9999 -9999 -9999 -9999 -9999 -9999 -9999 -9999 -9999 -9999 -9999 -9999 -9999 -9999 -9999 -9999 9.62525071138 10.1802786962 8.52531261392 8.26851531465 6.35332594161 7.02355233397 5.65669590553 6.27334307075 6.11340634659 5.50031975848 4.33527766141 4.11908200284 4.19461487423 2.38555210026 1.58256160096 2.41379224358 3.94073185483 4.19127315806 4.14545420258 3.92155045291 3.37809969529 4.02387228978 4.2928464297 3.98304498539 4.76672443208 4.39453135057 4.06374590051 4.36640014806 4.34956227268 5.14240418609 4.3237385486 3.27155661494 2.1401679935 1.51890689714 1.4537680205 2.34084186269 2.48310021012
-9999 -9999 -9999 -9999 -9999 -9999 -9999 -9999 -9999 -9999 -9999 -9999 -9999 -9999 -9999 -9999 -9999 -9999 -9999 -9999 -9999 9.60005443694 8.65261815631 8.68961406121 5.96435841437 5.52791781939 5.33711535896 6.35592447993 4.92450016192 4.60479385824 3.6531054429 4.34474264338 4.70645673435 1.86335785377 3.83403410265 4.9846455245 4.18736173356 3.6701940107 3.34414593765 3.3970418456 4.21750457622 4.35171285411 4.78217217969 4.00075063556 3.68484844717 3.04933938702 3.65956903106 3.89936086526 3.9563528656 4.49748325433 3.71909542161 1.67180804965 3.38093471594 3.04031438406 1.45763753192 1.77876301483 1.95036507175
-9999 -9999 -9999 -9999 -9999 -9999 -9999 -9999 -9999 -9999 -9999 -9999 -9999 -9999 -9999 -9999 -9999 -9999 -9999 -9999 -9999 8.64640046798 8.00352852949 8.00563765626 7.26630310665 7.54287055267 6.37172578143 7.13826143805 5.65756553872 5.23995075591 1.96499953372 4.0899761645 5.107297274 4.91984951817 3.67355747726 3.98633541232 3.6054087329 3.87744801535 3.62394201211 4.01396986825 4.24271356378 4.13440534533 3.68862576096 3.69228536208 4.38909966514 4.2506940429 4.17136984258 4.10693701529 3.37719327328 3.34878773934 1.6233767698 0.93763259005 1.13065362255 2.2117125765 2.18771713358 1.55978377827 1.62420621454
-9999 -9999 -9999 -9999 -9999 -9999 -9999 -9999 -9999 -9999 -9999 -9999 -9999 -9999 -9999 -9999 -9999 -9999 -9999 -9999 -9999 -9999 7.996212767 8.73614391145 7.46419115154 6.83831286934 5.73193068487 6.81626087449 5.71650662743 5.64429239476 5.18539896228 5.40851796469 4.78664238003 4.86795023561 4.99268928744 4.31023615304 4.40186175525 4.23866705354 4.23326488831 4.0997135964 4.23257422494 3.2880286691 3.62127565881 4.20756744552 3.22651674936 3.00564529307 2.82596694932 3.35549460716 4.05630819544 2.77142210373 0.722819634791 0.908963201675 3.90297527188 2.98262207594 1.58500183759 1.41965387045 1.53291449554
-9999 -9999 -9999 -9999 -9999 -9999 -9999 -9999 -9999 -9999 -9999 -9999 -9999 -9999 -9999 -9999 -9999 -9999 -9999 -9999 -9999 -9999 8.21550667714 8.03560411992 7.19524201362 7.51563434552 6.15910835498 6.01582852227 5.97906235286 6.09598543968 5.41335536514 5.5126051759 5.29334240973 5.08447301911 4.36032849992 5.11545351699 4.20284101006 4.12603845798 4.54885886407 4.41436533711 3.58125916025 4.28584932189 3.66219426634 3.14719942323 3.08109036174 3.61041331469 4.33306703465 4.30719558684 3.14707528792 2.96375215987 1.65846763501 2.57850730314 2.50911226252 4.02581119006 2.8107810795 2.59850684275 2.04355473399
-9999 -9999 -9999 -9999 -9999 -9999 -9999 -9999 -9999 -9999 -9999 -9999 -9999 -9999 -9999 -9999 -9999 -9999 -9999 -9999 -9999 -9999 7.90994053468 8.34554305094 8.03126870016 7.29857044618 6.2257365047 6.6776519531 6.11419165865 6.54298485394 5.60054422093 5.1629360902 4.714762442 4.9822533732 5.15190307503 4.18705671034 4.13387365368 4.8711672188 4.52416855304 4.2864841166 4.41713841969 3.84866480722 3.24058413985 3.74852126264 4.32063453662 4.19981123688 4.31778868169 3.98041915542 3.48361924349 3.48893668326 4.09206887503 3.64854958285 3.68780819078 3.76522692395 3.95899132367 4.15622158957 2.82402005824
-9999 -9999 -9999 -9999 -9999 -9999 -9999 -9999 -9999 -9999 -9999 -9999 -9999 -9999 -9999 -9999 -9999 -9999 -9999 -9999 -9999 -9999 -9999 8.71316462603 8.47909389131 7.48969436299 5.91232653773 6.66158503301 6.03293322017 6.31729801899 5.62971613685 5.95305840793 5.4437890577 5.81320044717 4.77159453978 5.07209626183 5.11218854743 4.71359312217 3.70414242168 3.29179803363 3.05665182439 3.69907972788 4.43496316427 4.45747370981 4.18076903011 3.90541950577 2.91132859036 2.72382747586 2.74199650256 2.90282791501 2.53255711488 2.97619183784 3.40490097726 5.00008204114 3.18839702353 2.45168489364 3.7033823177
-9999 -9999 -9999 -9999 -9999 -9999 -9999 -9999 -9999 -9999 -9999 -9999 -9999 -9999 -9999 -9999 -9999 -9999 -9999 -9999 -9999 -9999 -9999 7.30660164104 7.54204221688 7.8479140648 6.55135365631 7.04651716439 6.17824288393 6.69195216116 6.01454966816 6.30739342053 5.33394649047 5.39047386441 5.09226388612 5.02396919818 4.67817281181 4.29072404803 2.95743825839 1.24327425091 4.8804214333 4.83464670246 4.74402903038 4.08668466938 3.43223540665 3.60951655862 4.00281752322 4.28912269633 3.88067849545 3.81717821553 4.14281331722 4.23856788313 3.2908348541 1.90427094445 2.74102472954 3.65218082684 2.87265373421
-9999 -9999 -9999 -9999 -9999 -9999 -9999 -9999 -9999 -9999 -9999 -9999 -9999 -9999 -9999 -9999 -9999 -9999 -9999 -9999 -9999 -9999 -9999 -9999 8.19272248087 7.82637203503 6.5911207738 6.32189654356 5.92440112773 6.48340505963 5.33967897124 2.7707293118 4.22263450851 5.45768694649 5.40128919836 4.34124609162 4.01183619619 4.89186812401 4.42044530579 3.86385029722 5.03003162184 3.91204877611 2.86608202058 2.87171835299 4.2946364938 4.07961016871 3.40250851912 3.87988679124 4.24091106619 3.91650010751 3.33284132353 2.45418781942 1.22277731775 1.45780301397 2.90919858777 2.94119551474 3.07129095672
