data/recharge/transience/recharge315.asc
ncols                  80
nrows                 72
xllcorner      4374000.0
yllcorner      5656000.0
cellsize            500
NODATA_value       -9999
[rows 25 to 49 of 72, columns 0 to 56 of 80]
-9999 -9999 -9999 -9999 -9999 -9999 -9999 -9999 -9999 -9999 -9999 -9999 10.0229524904 10.1241464655 9.72936539119 9.97074033682 9.1604318716 8.9227228618 8.68177274322 9.1425105111 8.44102090155 8.2794298529 8.10898954199 5.89650167569 6.91898199291 8.53111780872 9.20900524855 8.79823920866 8.1278466167 7.90098865735 7.31567218606 7.14331268729 7.39507230764 8.64766686164 11.0475171964 11.285332514 11.681526788 11.7637158652 10.2808881791 6.07121560482 5.09425689744 5.56026021083 6.25949043164 6.4250974119 6.26450444224 6.29234822552 6.22802402261 6.23266448987 6.0285508161 6.20062387529 5.91504137328 5.31652917323 3.57542801467 3.06776440322 2.95954865542 3.04962870413 2.87197041952
-9999 -9999 -9999 -9999 -9999 -9999 -9999 -9999 -9999 -9999 -9999 -9999 -9999 10.2288961342 10.0351764236 10.0129723371 9.62576834955 9.74394282031 9.15815253959 8.89164450438 8.44315150528 8.6589654386 8.25111714498 6.49051253204 8.82333418698 9.07744604509 8.88137938419 8.30199921779 8.04274649718 8.20225401043 7.52029085365 7.42830377678 7.27880898422 12.5375999301 10.0983072303 5.03665723435 9.11731678057 10.6661007389 7.43929099947 4.94018895952 4.4500804563 5.37744243334 4.1484691625 4.89051442055 4.91052636971 5.35990327849 5.33254915378 5.23402319235 4.27430967669 3.30944730028 2.83576828353 2.96193861608 3.0107077014 3.34839606492 2.29760722031 2.41425869096 2.34384099173
-9999 -9999 -9999 -9999 -9999 -9999 -9999 -9999 -9999 -9999 -9999 -9999 -9999 -9999 9.58772911969 9.43841824218 9.04181742564 9.60221788991 9.22903751783 9.37705979781 8.77379301115 8.78426686279 8.48702600283 8.41901213217 8.25729532312 8.03853253417 7.96975570365 9.01234212732 8.36996187248 7.9117494556 7.68436849755 7.86271414631 7.42470480363 13.0906635265 11.0571160438 7.82375586135 9.71560829058 6.99581726465 5.18197804096 4.21647568885 3.92407163675 4.74854452323 5.0734717256 4.49708371882 3.58939174445 3.93282319766 3.31369446762 3.37877075575 2.94412239748 3.27274350874 3.0795393599 2.55617043329 2.34006506681 2.94007240959 1.99187712639 3.46657666915 5.22975520286
-9999 -9999 -9999 -9999 -9999 -9999 -9999 -9999 -9999 -9999 -9999 -9999 -9999 -9999 2.49445219404 5.64359468505 9.43146156385 9.92994406471 9.6508848765 9.65652749281 9.33061048013 9.04585797697 8.34635602757 8.63688878842 8.32665461354 8.6521060912 7.93934817666 7.90897211638 7.96779934063 8.53852012217 5.90176573011 3.1159811168 7.44976099439 9.96271829288 12.3453808676 5.53926989383 9.24099899762 4.99581284926 3.97071352585 3.74543860295 4.02100176887 4.28639237634 4.09340721242 4.70063057945 4.00749259841 3.50618637556 2.53425303086 2.02529643311 2.20298667572 2.6888465596 3.13184521157 3.4624845797 3.65881846098 4.61347407618 5.31453090802 5.7194278092 8.4467567271
-9999 -9999 -9999 -9999 -9999 -9999 -9999 -9999 -9999 -9999 -9999 -9999 -9999 -9999 3.92883793053 6.05273384593 9.51403807968 10.1648953019 9.69296100919 9.73298759165 9.38356723075 9.31133499526 8.94666602122 8.51731241648 8.1616282949 7.9648102246 7.99857485107 8.14013956129 7.72486710786 7.87420171744 7.59163032371 7.00688955098 7.2777714986 12.0739843683 13.3209718551 4.57293681767 6.05355544784 9.46340216075 1.98750850368 3.32565252007 4.00061461172 4.32042683201 3.79375694747 3.8714001443 3.25642891098 3.56106377466 2.6673396918 3.308651956 4.52293457073 5.47168467782 5.60449378175 4.0154137919 5.26501698546 4.64992218911 4.2396696135 5.05759528029 4.08379767455
-9999 -9999 -9999 -9999 -9999 -9999 -9999 -9999 -9999 -9999 -9999 -9999 -9999 -9999 11.3506451894 10.8166059913 10.307822054 10.3380359148 9.63609404742 10.0984158466 9.40185633414 9.31556873404 9.01815482293 8.96566443471 8.62193108108 8.70736864592 8.15871053583 8.40236353224 8.01834954046 7.90789613031 7.73061476394 7.87572802421 7.57292816823 5.98291027746 4.59208623566 4.6056276112 4.20833924669 8.69939081796 3.7100849665 5.01218586453 5.97127032042 4.09974421673 2.93529942789 3.10708257654 2.67841431841 2.907096933 4.55342202318 6.05191741797 9.25097756976 9.87254753696 7.78526821252 8.28089300317 6.00897028617 5.08763361333 4.15284696335 3.69029733621 4.08464864945
-9999 -9999 -9999 -9999 -9999 -9999 -9999 -9999 -9999 -9999 -9999 -9999 -9999 -9999 -9999 10.5166866896 10.1218647077 9.99293770673 9.91582419202 9.29067083659 9.25467555757 9.37644496268 8.85269725833 8.93602673143 8.65727759304 8.56057300798 7.98959957203 8.12377886967 3.90584867596 7.60706891125 7.39899710358 7.39034573686 6.89084224863 5.26398549363 4.6835198421 4.6945988486 4.35374514677 4.33173252993 4.09050046076 3.99791188053 3.60533996363 5.36005473649 2.79865584085 3.18723129277 3.04878590231 3.16525590403 2.53866923141 2.75282150545 4.21910672753 4.53831036025 2.84896954147 2.62529646324 3.50030077381 4.78655428055 4.59707063524 4.56108068624 4.2392104153
-9999 -9999 -9999 -9999 -9999 -9999 -9999 -9999 -9999 -9999 -9999 -9999 -9999 -9999 -9999 -9999 10.2177498022 10.151779839 9.56224527897 10.2104489245 9.92056422603 10.0548785962 8.97097590383 8.97185132535 8.92463080741 8.75626805776 8.32326098065 6.95590765547 3.70138472145 6.36165731609 7.83388726789 4.6055604915 3.00856144229 2.0863004627 4.54521666981 4.66139853259 4.42467901567 4.51418267289 4.30674649637 5.71415873097 10.3743068695 9.91941290475 8.95389888512 4.62381152501 2.17512151457 1.67005193074 1.28144097159 3.60025400869 2.58275476394 2.11616233917 2.73095351845 3.77567823104 3.11816748555 2.69816198924 3.00286385928 2.75223758941 2.59384683022
-9999 -9999 -9999 -9999 -9999 -9999 -9999 -9999 -9999 -9999 -9999 -9999 -9999 -9999 -9999 -9999 11.1063225472 10.7580149886 10.1589862924 10.388380832 9.64496061608 9.59731035292 9.23914813917 9.12876020077 8.90713364392 9.04266986517 8.44323596005 8.13567814283 3.90861924533 5.96720741497 4.14135700172 2.92069365536 3.30714976368 2.3338569337 4.34876893889 4.60862601766 5.49056704214 4.54500098944 4.28847702183 4.61284351767 8.94037951028 7.13156393897 8.60495435467 9.04853985603 5.62066016179 3.81795558944 4.2580684051 4.00368858875 2.09453520821 2.48669389345 3.17682071155 3.30092943299 4.04404225573 4.21936606886 4.72390567227 3.82263011117 2.61339326908
-9999 -9999 -9999 -9999 -9999 -9999 -9999 -9999 -9999 -9999 -9999 -9999 -9999 -9999 -9999 10.2418732225 10.1782659105 10.7755599096 10.7361588456 10.5442580175 9.79652765217 9.47443914945 8.9804258878 9.1246702896 8.79804370487 8.96986926897 8.50832831071 8.5426394402 5.25393551095 7.07723957434 7.58160841322 7.64973890262 7.50693091697 5.40466296026 6.37116829949 10.5858166987 9.39519393093 8.91804139187 7.44153473673 4.19058915689 7.85444002114 7.2561297026 5.10893203196 5.01701506336 4.47429564785 3.24427206278 4.21698110015 3.45426473369 2.64001045573 3.0816545432 2.53704845765 2.08366093892 2.32168095618 2.54297271558 2.76667111523 2.83386939258 3.01081019137
-9999 -9999 -9999 -9999 -9999 -9999 -9999 -9999 -9999 -9999 -9999 -9999 -9999 -9999 10.8326000548 10.5620833797 10.2928191693 10.9504360847 10.9328756461 10.4337265872 9.97422618278 10.049481543 9.28380130145 9.31944425861 8.67645291578 8.7363710957 8.30913885432 8.26040207551 7.82049992948 7.83825353511 7.38073428172 7.45489791458 6.93266143285 6.95153983451 7.1260368724 12.5227295963 8.83721737484 7.62659128576 4.52892137656 7.80307499687 7.50716610596 4.26346739678 3.69114292198 4.07288927837 2.39571748334 2.04119932599 3.50112375701 3.70912770031 3.00558912843 2.52161841571 2.30087850542 2.28193415945 2.46474869905 2.41379230665 2.3293790533 2.45269723925 2.42922248742
-9999 -9999 -9999 -9999 -9999 -9999 -9999 -9999 -9999 -9999 -9999 -9999 -9999 -9999 10.8905221935 11.1513713953 10.6998336572 10.7610558987 9.95422257629 10.3295875232 9.58294693609 9.82456071025 9.29986164515 9.37134742933 8.66743541517 8.59699579526 8.2883156134 8.33231733838 7.92953889656 7.97117090398 7.62431842991 7.85405526246 6.72802726057 6.50052083632 5.90460512061 8.46386680372 11.4975526427 12.5296380881 8.79369424763 8.94258405207 9.78158251648 9.34775356503 4.32810869189 3.89438870209 3.03132304411 1.74769311665 2.78854508322 5.05223149808 3.96580952154 4.30248049892 4.2412643795 4.22014743467 3.29764151772 2.96615703663 3.23732684916 3.13078372987 2.50647292432
-9999 -9999 -9999 -9999 -9999 -9999 -9999 -9999 -9999 -9999 -9999 -9999 -9999 -9999 -9999 -9999 10.8330258017 11.3698814683 11.0677829076 10.9843963359 10.4813611398 9.88568247356 9.58826105603 9.56870184114 8.79223822818 8.96868652882 7.4238674828 7.5522993893 6.78165836258 7.72134283591 7.69661377588 7.06504488471 6.5617912128 6.20166291013 6.04659674747 6.07083829648 8.03127289652 9.12710131917 9.87481180409 8.29247337015 5.80209304809 6.0276070801 7.61925391199 6.7995742521 2.12777439696 2.55896058062 2.08883246816 2.97078018394 2.94277590927 3.31058422552 3.20042176381 3.27798689394 2.90903263275 2.58299771685 1.88580463749 1.98276444426 2.74225235493
-9999 -9999 -9999 -9999 -9999 -9999 -9999 -9999 -9999 -9999 -9999 -9999 -9999 -9999 -9999 -9999 11.5181497898 11.4170534203 11.181774549 10.4918955283 10.1699146361 10.3805367166 9.23412620956 9.27300455319 9.06811555951 9.17421911654 8.07139751836 7.99328494904 7.4726579662 7.78057955505 7.756287791 7.63295904931 6.87697886476 6.33648187533 5.28721160175 5.45848379721 5.34119992071 5.70689106633 4.51531707371 4.12539995016 4.4267386355 5.13084733311 2.89898596789 3.90957558823 5.35947947804 2.10045219449 0.991452062584 1.67054460366 2.44304417418 1.97407206212 1.60287324854 1.62274817031 1.25618126456 1.40861113152 1.30364550783 1.30907904131 1.32463228974
-9999 -9999 -9999 -9999 -9999 -9999 -9999 -9999 -9999 -9999 -9999 -9999 -9999 -9999 -9999 -9999 -9999 -9999 11.212701097 10.7487439132 9.95101067562 10.1597549223 10.1730490436 9.52779330318 8.93658790326 9.28186358985 7.92520226519 7.9724823774 7.60629215408 7.63757270604 6.81750813446 6.52442801687 6.23120574523 6.36295985045 5.23727885776 5.74998313442 5.52047699237 4.78792998321 4.35721509761 4.99656485181 3.98581757285 3.69489436445 3.20707628372 3.1906169027 2.69450000378 3.23725249912 1.20786118162 1.20640390368 1.91420402388 1.75962943395 1.80103558729 2.01500187898 1.28314295482 1.31531058721 1.39552986425 1.47612497386 1.41776117789
-9999 -9999 -9999 -9999 -9999 -9999 -9999 -9999 -9999 -9999 -9999 -9999 -9999 -9999 -9999 -9999 -9999 -9999 -9999 10.2353646982 10.0047144493 10.1143611221 9.79136567854 10.0979470847 9.22299689398 9.09452701645 8.41662100222 7.88441822665 6.84573208165 6.75048514848 6.50398355387 6.82775789211 5.93476816317 5.71393375117 4.74524179464 4.48540219364 4.21889667362 4.92211072997 4.24940011187 4.48567571756 3.52983917229 3.32752237961 2.70606553591 3.18205915654 2.96819578004 3.05422055647 2.33021409712 0.988047428936 0.727235424897 1.38544384609 1.38925787188 1.42290556917 1.10036278041 1.09120886294 1.2210387156 1.17344323133 0.956419834105
-9999 -9999 -9999 -9999 -9999 -9999 -9999 -9999 -9999 -9999 -9999 -9999 -9999 -9999 -9999 -9999 -9999 -9999 10.7338012436 10.9657901235 10.7948628792 10.7170604047 9.80248796547 9.66842351838 9.15289805947 9.03901027082 8.17425790841 8.44887576535 7.22053303627 7.02699577229 4.38920234143 2.29187805611 5.51249592632 5.985297387 5.44921353493 5.86594066927 6.11075071421 6.00714261203 5.50629780429 5.25940334138 4.47610868508 3.52944136854 3.03771662393 2.77023557415 2.73235730606 2.6650111545 2.68176441234 3.71740062347 1.82907926103 0.921547901507 1.34039253757 2.3514265107 2.39386423153 2.14317821092 1.60057452612 1.41884160091 1.26134994363
-9999 -9999 -9999 -9999 -9999 -9999 -9999 -9999 -9999 -9999 -9999 -9999 -9999 -9999 -9999 -9999 -9999 -9999 -9999 11.4038872986 11.0903406441 10.9439046547 9.80938211338 9.85247265584 9.39881428315 9.33814341375 8.21041006866 8.19623413403 7.80364528943 8.25786757007 4.94680917759 4.9389218384 6.8654242848 6.19355708678 4.91456062907 4.50811586578 4.02629495395 3.67835413433 3.12342961752 3.12868265756 2.98807389601 3.51249814872 3.06987510303 2.74526891659 2.46080329469 4.07939082464 3.12031219354 2.63538733742 2.11486126946 1.1107634713 0.446132642893 3.29123433581 3.51641743069 2.6423159677 2.80498993117 0.84719378172 0.840068474802
-9999 -9999 -9999 -9999 -9999 -9999 -9999 -9999 -9999 -9999 -9999 -9999 -9999 -9999 -9999 -9999 -9999 -9999 -9999 -9999 10.6824988325 10.8948326281 9.83097730924 10.224001768 9.02333290531 9.25471430226 8.19724148639 8.28624275183 8.34655946772 8.10956980345 7.42689884517 7.32473728757 6.36760625937 4.67206376648 3.53327206653 4.48379809725 4.99697473712 5.18693626222 4.92884529695 4.62673486845 3.58572343409 4.24079103274 3.97629590913 3.61874601244 4.13447625353 3.73332448892 3.02553971153 3.31950099917 2.87297369392 2.76041532803 1.57949277238 0.983017655086 0.481340679066 0.547929202213 2.54068025898 0.532066991582 0.510441692617
-9999 -9999 -9999 -9999 -9999 -9999 -9999 -9999 -9999 -9999 -9999 -9999 -9999 -9999 -9999 -9999 -9999 -9999 -9999 -9999 -9999 10.7327595603 10.0282740212 10.1080268525 8.84277596491 8.65163349198 8.11954325453 8.51062257342 7.96434781205 7.83288433745 7.26590802898 7.74829325822 6.55613978714 3.24735159855 5.93247879601 6.25694873636 5.10519829095 4.29466920961 3.87755049147 4.0714266255 4.56483021357 4.70957987845 4.73987110561 3.6931194143 3.01769304471 2.43777712518 2.69346860924 2.90986360087 2.65606554698 3.14300078729 3.55438160038 2.61088637068 1.69480808494 0.735040751976 0.26606111614 0.328432822479 0.349282209427
-9999 -9999 -9999 -9999 -9999 -9999 -9999 -9999 -9999 -9999 -9999 -9999 -9999 -9999 -9999 -9999 -9999 -9999 -9999 -9999 -9999 10.2810586659 9.73371244531 9.70964551079 9.55615007704 9.44879860049 8.67240151764 8.57925703351 8.00142596955 7.56562531981 2.9548080328 6.77667985442 7.13096351155 6.52914560392 4.91659430948 5.10186320562 4.49201181056 4.2916186927 3.81449222815 4.57667876366 4.59172740588 4.47351015129 3.63176409554 3.50086256575 3.7326525378 3.58643808363 3.17395443973 3.10981931846 2.06677339481 2.22960207812 2.13851913629 1.55075826405 1.30139713673 0.542318943183 0.413717310776 0.285273369647 0.284319275809
-9999 -9999 -9999 -9999 -9999 -9999 -9999 -9999 -9999 -9999 -9999 -9999 -9999 -9999 -9999 -9999 -9999 -9999 -9999 -9999 -9999 -9999 9.74239500253 10.0667887262 9.86047097731 9.36241719765 8.58316007539 8.6947126363 7.55124886675 7.80506758457 7.58355371574 7.70816669961 6.60839404813 6.27342066062 6.05740871773 5.45328310369 5.05275455931 4.78930979718 4.35270524202 4.54244769514 4.54459297031 3.53554908175 3.50515006945 4.12913952873 2.51966415212 2.28124443148 1.73692630978 2.05342987583 2.43437543823 2.76069567395 1.11766563676 2.5383616842 2.40656698364 0.598959874479 0.267424852781 0.238907788229 0.247426033575
-9999 -9999 -9999 -9999 -9999 -9999 -9999 -9999 -9999 -9999 -9999 -9999 -9999 -9999 -9999 -9999 -9999 -9999 -9999 -9999 -9999 -9999 9.87286548888 9.75410257792 9.73232294137 9.62713832811 8.85991754707 8.29008169317 7.82290967661 7.93407251015 7.27429091295 7.33634414655 6.91199068242 6.34994901489 5.49737534048 6.14701044172 5.09055947906 4.82405219957 4.99044992427 5.04952193552 3.84567559775 4.60241609868 3.54783205303 3.02594668256 2.56304847128 2.83044168002 3.05671971529 3.19499822305 1.98099568162 1.86327867945 1.50424022926 3.21028493644 0.47610772094 1.02518175676 0.516161006438 0.464482120442 0.340046075689
-9999 -9999 -9999 -9999 -9999 -9999 -9999 -9999 -9999 -9999 -9999 -9999 -9999 -9999 -9999 -9999 -9999 -9999 -9999 -9999 -9999 -9999 9.81314555225 9.96472243744 10.2563431788 9.66297703006 9.10977621527 8.69759766085 7.89339312888 8.34055219948 7.53547789661 7.24456361418 6.63637975525 6.4500257081 6.25978838648 5.41029084988 5.00404382111 5.71108740845 5.1160985474 4.87430603121 4.54379428828 3.93487923487 2.88145641448 3.39034335863 3.71959049476 3.487601363 3.10484651676 2.77201707374 2.10958458087 2.11323665493 2.42453813 2.06262045001 0.862246349374 0.833864129242 0.888444203537 0.996771809825 0.477812957279
-9999 -9999 -9999 -9999 -9999 -9999 -9999 -9999 -9999 -9999 -9999 -9999 -9999 -9999 -9999 -9999 -9999 -9999 -9999 -9999 -9999 -9999 -9999 10.1829139018 10.3942301139 9.75095526633 8.89627947689 8.48554038214 7.7276620352 8.2050471837 7.54260000374 7.75653796564 7.1752080137 7.20205777525 5.94807671963 6.19816127828 5.91408412615 5.56883766044 4.25472520281 4.12785115105 3.10694314446 3.77578333256 4.13074316031 4.1519650861 3.56603481449 3.27446349067 1.97866154451 1.76393263198 1.58412591205 1.69207616398 1.323631911 1.59508455667 1.66200123735 1.78335025193 0.616325206452 0.529895416446 1.22964012002
