data/recharge/transience/recharge434.asc
ncols                  80
nrows                 72
xllcorner      4374000.0
yllcorner      5656000.0
cellsize            500
NODATA_value       -9999
[rows 0 to 24 of 72, columns 0 to 56 of 80]
-9999 -9999 -9999 -9999 -9999 -9999 -9999 -9999 -9999 -9999 -9999 -9999 17.3891434519 17.6309422683 -9999 -9999 -9999 -9999 -9999 -9999 -9999 -9999 -9999 -9999 -9999 -9999 -9999 -9999 -9999 -9999 -9999 -9999 -9999 -9999 -9999 -9999 -9999 -9999 -9999 -9999 -9999 -9999 -9999 -9999 -9999 -9999 -9999 -9999 -9999 -9999 -9999 -9999 -9999 -9999 -9999 -9999 -9999
-9999 -9999 -9999 -9999 -9999 -9999 -9999 -9999 -9999 -9999 -9999 -9999 16.6963591413 15.8961402925 15.2200877082 -9999 11.9377490278 -9999 -9999 -9999 -9999 -9999 -9999 -9999 -9999 -9999 -9999 -9999 -9999 -9999 -9999 -9999 -9999 -9999 -9999 -9999 -9999 -9999 -9999 -9999 -9999 -9999 -9999 -9999 -9999 -9999 -9999 -9999 -9999 -9999 -9999 -9999 -9999 -9999 -9999 -9999 -9999
-9999 -9999 -9999 -9999 -9999 -9999 -9999 -9999 -9999 -9999 15.982237488 14.9944686183 15.8904569704 15.8609816851 14.0266191251 16.1921012333 13.2301720494 13.5255163253 -9999 -9999 -9999 -9999 -9999 -9999 -9999 -9999 -9999 -9999 -9999 -9999 -9999 -9999 -9999 -9999 -9999 -9999 -9999 -9999 -9999 -9999 -9999 -9999 -9999 -9999 -9999 -9999 -9999 -9999 -9999 -9999 -9999 -9999 -9999 -9999 -9999 -9999 -9999
-9999 -9999 -9999 -9999 -9999 -9999 -9999 -9999 -9999 15.1856259803 15.7285158497 15.8520796008 15.1993307029 15.3541235184 15.0822667879 15.2154608324 16.3745523409 13.6902489345 -9999 15.5355198858 -9999 -9999 -9999 -9999 13.9802367641 14.6946810013 -9999 -9999 -9999 -9999 -9999 -9999 -9999 -9999 -9999 -9999 -9999 -9999 -9999 -9999 -9999 -9999 -9999 -9999 -9999 -9999 -9999 -9999 -9999 -9999 -9999 -9999 -9999 -9999 -9999 -9999 -9999
-9999 -9999 -9999 -9999 -9999 -9999 -9999 -9999 16.111762479 15.625293013 14.8672077191 15.5571298983 15.1998966973 14.9368741449 14.6369076999 14.4766902701 16.1415186902 13.1843693405 14.8218254137 14.5144266167 14.1715075856 14.3977425656 -9999 13.6812669799 14.740970921 14.9907479617 -9999 -9999 -9999 -9999 -9999 -9999 -9999 -9999 -9999 -9999 -9999 -9999 -9999 -9999 -9999 -9999 -9999 -9999 -9999 -9999 -9999 -9999 -9999 -9999 -9999 -9999 -9999 -9999 -9999 -9999 -9999
-9999 -9999 -9999 -9999 -9999 -9999 17.2320344614 17.1646644572 15.1014711953 15.2651626702 15.3553120023 16.1516351356 15.5670281631 15.3890267808 14.5867003775 14.8612182428 16.6013542117 16.1300604424 14.5005595834 14.4824074924 14.0509841902 14.2676086993 17.1501759035 15.986541128 14.7413275179 14.6311629665 15.0929717436 -9999 -9999 -9999 -9999 -9999 -9999 -9999 -9999 -9999 -9999 -9999 -9999 -9999 -9999 -9999 -9999 -9999 -9999 -9999 -9999 -9999 -9999 -9999 -9999 -9999 -9999 -9999 -9999 -9999 -9999
-9999 -9999 -9999 -9999 -9999 -9999 17.5138469327 17.0396837112 15.0434778642 14.8757878884 14.694309851 15.6316622125 14.9978689391 13.9678022406 13.6665409479 13.7892432937 13.8039365991 10.4144137241 12.7510189772 13.339429638 13.4707774127 14.0234339198 13.9672033033 16.6176110816 15.8796202297 13.5452488613 14.8146318207 15.0711265866 15.9078189499 15.7310515488 15.7548013814 15.7419655514 -9999 -9999 -9999 -9999 -9999 -9999 -9999 -9999 -9999 -9999 -9999 -9999 -9999 -9999 -9999 -9999 -9999 -9999 -9999 -9999 -9999 -9999 -9999 -9999 -9999
-9999 -9999 -9999 -9999 -9999 18.2005580371 17.6069137462 17.4939513634 16.4581703636 16.1192555808 15.6172332537 15.4309100011 14.3741840909 13.8647286549 14.2742739863 14.5885009655 10.4490518462 5.31627923859 9.91254277795 13.2486278907 13.4985907248 13.3628546037 13.7507266188 13.8712031413 16.6321479764 16.8076259194 15.5051775863 14.2496907962 15.7134051644 15.6501129629 14.9895713268 15.1952130549 14.5473145262 14.4193294819 -9999 -9999 -9999 -9999 -9999 -9999 -9999 -9999 -9999 -9999 -9999 -9999 -9999 -9999 -9999 -9999 -9999 -9999 -9999 -9999 -9999 -9999 -9999
-9999 -9999 -9999 -9999 -9999 18.6017326069 17.9310052764 17.9925945112 17.086973636 16.8995577209 16.4548414418 16.6047209597 11.5499010679 8.85343012858 15.7281118373 15.2932811423 11.7195403635 4.52847780097 8.34764229423 10.8253658912 13.5806682333 13.4532110621 13.9939462968 13.8570828495 13.8875617109 13.1182734714 13.9026785277 12.8800554762 13.9023365927 13.4185361834 12.0791712593 13.0358558371 14.1724281688 14.0220932221 13.8737638328 14.01885538 -9999 -9999 -9999 -9999 17.3286740659 14.2538879429 -9999 -9999 -9999 -9999 -9999 -9999 -9999 -9999 -9999 -9999 -9999 -9999 -9999 -9999 -9999
-9999 -9999 -9999 -9999 -9999 18.4221946371 17.957313195 17.5812711788 17.1601594129 17.3737220772 16.8512135856 16.7334698155 15.8802945327 15.8836291177 16.0005642816 14.82054358 13.4795494639 14.1428728325 13.9310529781 14.680978091 14.1785181117 13.1808114653 13.3118539007 13.1604810744 13.6505762242 15.318505396 15.0664887678 13.0172165303 13.756587441 12.5145732355 8.66870337847 12.011323606 14.1098469725 13.2600439832 12.4646036133 14.1394926367 14.1094699847 -9999 -9999 14.5947025237 14.6352212294 14.5279541332 14.6099853402 -9999 -9999 -9999 -9999 -9999 -9999 -9999 -9999 -9999 -9999 -9999 -9999 -9999 -9999
-9999 -9999 -9999 -9999 -9999 -9999 18.8408438564 18.2565869359 18.1555663392 18.1906631486 17.1747087042 17.3248672443 16.9346631973 17.281553347 15.2412347253 15.1527971414 14.4109757493 14.2845390119 13.8807841044 14.1011704117 13.7179780486 13.8472617568 13.4704229558 13.7816764794 13.4449690846 13.2333603008 13.5873244451 12.7520421418 12.3501963602 12.9116154807 12.1902960816 12.943863648 12.224907243 13.475894632 14.556391744 13.1774742168 13.6550055782 12.7034026894 14.012552628 13.9040710164 13.8050051226 14.3613172411 13.7847406563 12.7455211966 -9999 -9999 -9999 -9999 13.9482025974 13.5747077266 3.69198397242 -9999 -9999 -9999 -9999 -9999 -9999
-9999 -9999 -9999 -9999 -9999 -9999 -9999 18.2999450095 18.0330268854 18.1875291982 17.5864343377 17.4816654083 15.4529958911 15.5500320235 14.1077237182 15.1349310447 15.1732536078 15.5634195923 15.0530447631 14.5033983228 13.4782689773 13.4799660837 13.2788379694 13.3570710843 13.1707261683 12.7872241383 15.4543423909 12.4427560607 13.1252181945 12.7178806569 12.3160858756 12.1782897845 12.5285799962 12.626895975 13.3496524609 13.3373546139 16.5752441734 13.8154532532 13.9580834742 13.934303927 13.0398800956 12.9122448727 11.8923580842 9.59871039664 8.60578242942 8.80025981352 9.63602699464 8.97963571471 8.7396401648 11.7050023674 11.1028457364 9.39041515528 -9999 -9999 -9999 -9999 -9999
-9999 -9999 -9999 -9999 -9999 -9999 -9999 -9999 17.6051882599 18.0720180982 17.7396387346 17.8850455339 16.9160089133 17.1609922194 18.2884556175 17.0989164361 15.3974313565 15.4568592299 14.3765801636 14.6730651106 15.2397055793 15.1169691939 14.2484595768 10.8990959739 9.97821958002 10.6302563836 12.5852334316 12.2379380203 11.5926850576 10.5769561861 14.4236608883 11.519346505 11.6303881454 11.9206373286 11.8542984881 12.1922303138 12.7896056516 12.9120697835 12.8523369272 13.8593825259 15.2594822333 11.9790384491 8.07247034519 7.72354619333 7.42470786133 7.08876788417 7.66045530103 7.22224283105 6.81900929265 9.70931179312 10.6804790287 10.4615694825 9.03993048426 -9999 -9999 -9999 -9999
-9999 -9999 -9999 -9999 -9999 -9999 -9999 -9999 18.5491961456 18.3474478079 17.5550340197 17.6100247814 16.9817454507 16.9780962828 16.2516529409 16.1375564263 14.943738048 15.2387372564 14.6867189901 14.9018023649 14.9618576302 15.0548123047 14.6415691491 13.5812234843 11.3948752653 9.37195937457 10.9862000249 13.1048121821 12.6482675223 11.3851606436 9.83434375915 11.0977608179 9.94672520304 11.2031762819 12.2560972939 4.97593464885 12.9026553874 12.7905569502 12.8292970897 12.7701952905 12.6057727359 12.5649773772 7.81044881542 7.77986260987 7.11144453784 7.06820493102 7.61246258436 7.31211685776 7.55186767261 11.1616191233 10.7869892645 10.8067910042 10.0968745698 12.374890122 10.0105672978 10.231743102 -9999
-9999 -9999 -9999 -9999 -9999 -9999 -9999 -9999 -9999 18.4472275501 17.7866935075 17.5056055141 17.1168993807 16.5551766625 15.5419089409 15.5042300189 15.4863556113 15.5977006137 15.5700943885 15.6360241912 15.7987858076 15.2925148998 15.5700528267 17.8897662574 13.5766741618 12.7970756616 9.62775922137 8.97991163734 10.8665129305 13.1339731288 12.7860809288 13.1720033084 13.027039743 10.3972494864 10.5567823454 9.79097094 12.1402368879 11.9471048972 11.7905849555 11.8183323709 11.6433720198 12.8942016058 7.98289469044 8.11144567024 6.97384333877 5.92297174967 5.37954859172 5.6162131239 8.76877557632 9.22349404152 9.13324666758 9.01017033109 8.54240528532 9.74286014549 9.69802565816 6.42854074242 4.73739241658
-9999 -9999 -9999 -9999 -9999 -9999 -9999 -9999 -9999 -9999 17.3117838713 17.4890844282 17.0944819109 16.785902206 15.2868059846 14.9812689276 15.3053467285 15.5408598535 15.5468868867 14.9325092086 14.5409299443 14.5106222923 12.7395906692 13.7916679449 11.2299424173 13.2336492974 11.5361166876 9.45583944524 7.3237226827 10.4442701568 11.1133054848 11.1212945857 11.335348263 11.9046551985 11.9274549752 11.5653399978 12.0441874641 11.9459158061 11.8213972683 11.8430171679 11.8061686858 11.4506256217 9.43985667108 6.99936766442 8.82236924287 7.83899424562 7.52730541513 7.06257360397 9.36359988461 11.0782277208 9.63892086234 9.47545288243 7.85893448246 9.08860376772 9.19167560529 5.97106929362 4.70307898374
-9999 -9999 -9999 -9999 -9999 -9999 -9999 -9999 -9999 -9999 -9999 8.7363406542 10.0573530379 15.651200927 15.2581178318 15.0575981798 15.7457457229 15.7236901614 15.8072781428 15.8807013031 16.3737962745 17.0377715004 16.2199489342 12.8847875708 13.5891529412 9.27324213283 9.76381059681 12.1555519676 11.4606003053 8.57938154363 7.64383817489 9.91826660139 9.01961997179 9.6609300826 10.4484203702 9.69453896265 11.0379208348 11.0088361348 11.2258968297 11.2339057136 10.6928546842 10.0031816391 10.1511007273 8.57847197655 6.44721853814 6.37632520534 5.53947931787 6.77683865913 7.17321147186 10.5101710593 8.00376006634 11.8100294327 11.1345737725 8.94217596225 7.83891972471 7.76721801541 5.11923060432
-9999 -9999 -9999 -9999 -9999 -9999 -9999 -9999 -9999 -9999 -9999 7.85496494768 11.4522139658 16.1090182696 15.6754796949 17.6611586698 15.1751688895 14.8432954698 15.1408805971 15.1860434558 14.8517865349 15.2264480938 13.8863661734 13.2603989781 12.1455019055 16.1159835658 13.5687768016 11.5271410146 8.64451056764 10.5866339236 9.55188679599 8.8830629674 5.54076572923 6.11783778772 10.6914565214 10.6670682083 11.0096243725 11.0907091772 11.1156899905 10.7758485587 9.44379966525 10.39918894 9.66881916356 9.90586707497 9.15086686844 7.72982647221 8.21943829603 8.22190436266 7.56564787072 6.59984793245 6.35220206083 6.10085900042 5.13187692217 8.58210806416 8.54627384896 8.19345139713 7.82537679005
-9999 -9999 -9999 -9999 -9999 -9999 -9999 -9999 -9999 -9999 -9999 17.7709010373 16.685778917 16.5271673195 15.2982357995 17.2869662598 15.4289013539 13.3077094368 13.4172885458 13.9545164042 14.0728523794 14.147608287 15.9927656157 13.010157242 11.7279877793 11.9978308924 11.5994027478 11.5127767922 10.9634215525 10.8194676502 8.79033456084 9.84025667536 11.7368665466 10.356817487 7.30299597497 3.6232887326 5.03881828522 4.37489895536 10.0690820658 7.9673243048 5.87427308646 9.79239227473 9.96035594884 10.3530102777 11.1108166633 11.3631806512 7.34182702766 6.95137933104 6.56836143165 6.94060883706 5.75096935083 6.03387010812 6.05665898059 6.32523101182 8.44894613777 7.33400235884 5.42612422098
-9999 -9999 -9999 -9999 -9999 -9999 -9999 -9999 -9999 -9999 -9999 -9999 16.4001963346 16.5191643176 15.8103590767 14.6401975864 16.8185130876 16.4606446449 13.4295021236 14.220506303 14.2075223499 13.9915536478 13.6327510085 15.3701835128 12.1897765436 12.2827835797 11.6774355213 11.8010863195 11.339442198 11.1652100226 10.9470350642 11.1072012137 10.6733078325 8.66314830759 8.66830883206 5.95884755373 5.9551293155 4.27287329534 5.31111050579 10.3500731724 10.7933558676 9.61979877708 10.6183883844 11.0917673301 11.3052202809 11.5035661114 8.82331970891 6.99814535034 5.81696438271 6.38333613462 6.18835489243 4.81033940893 4.29537201468 4.2311624144 3.40618937717 5.0989881185 3.35940593265
-9999 -9999 -9999 -9999 -9999 -9999 -9999 -9999 -9999 -9999 -9999 17.183299849 16.9393528959 16.7132418435 15.5013745475 8.66286226544 11.6108340489 15.5101588346 14.7111106936 13.6716644944 12.9558441274 12.8939387878 12.0934961446 12.200392443 11.7320220822 11.6736305459 10.8209214893 10.8540211503 10.6810346084 10.5413157061 9.94572133409 10.0839108559 9.6270054336 9.57868499771 9.68621376803 5.46997993776 5.09658435053 3.19553083762 2.40514798165 8.22404586033 9.53923611571 8.45992797123 11.9501454816 12.0210459618 12.3428844326 12.2462715734 11.6873043869 8.65741132704 6.26049886581 6.22157697076 5.02651427693 3.72007126544 3.27479113993 3.293513001 3.00403992548 3.20443061268 3.7377294452
-9999 -9999 -9999 -9999 -9999 -9999 -9999 -9999 -9999 -9999 -9999 17.3694776286 17.4639641875 17.0884317201 15.8730467241 11.9458431854 14.0241450436 14.2304010437 13.7900191825 13.8098127872 10.4707521564 10.3026148305 11.8062264622 12.428372475 11.908875255 11.8297739731 7.24060457718 7.17941887015 10.1868319999 11.7727458816 11.0205412939 10.1606792971 9.55444543124 9.58110824114 9.58874581847 5.94667723787 3.69567094012 5.19825409189 3.49276360908 6.3559786316 8.70998587006 9.86577889525 9.65422697061 10.8460369173 10.895624319 10.5405385272 10.5299617399 10.5147615749 8.71087950815 8.1704450642 5.1008922297 4.8813675067 4.3717982488 4.07425635458 3.73848278146 3.52331971242 2.67468276858
-9999 -9999 -9999 -9999 -9999 -9999 -9999 -9999 -9999 -9999 -9999 17.7695625071 17.7872120894 17.0582587572 16.1854557024 15.9726937491 14.3134310466 14.4758705846 13.7125868218 14.50593719 11.0288774758 4.76303806509 10.1181191688 10.9524868278 8.50847399557 8.5119683816 9.24528448933 9.73180130277 9.3329075276 9.55403323401 9.2852214679 10.8291345437 10.4478519737 10.2084009327 9.07720123614 4.03633264108 1.92666210436 1.38965647963 2.77876091585 3.97758307341 8.87430779331 11.135993029 11.5205119065 8.5825456707 8.21688345512 8.45214487806 8.91897334125 9.32362113949 8.92106886317 8.96916462859 6.57889529988 3.8926321689 3.16409204706 3.42103962249 3.29813753505 3.16851299467 3.26830034348
-9999 -9999 -9999 -9999 -9999 -9999 -9999 -9999 -9999 -9999 -9999 -9999 17.9786189717 17.6449109837 16.7481515666 15.8769710162 14.8004858554 14.9058249378 14.2316910961 14.1369088456 13.7348994672 14.0759141223 10.2457950892 8.6698283082 8.21008035464 8.14009394422 7.19859487719 7.40888687058 6.8252435226 6.3819385048 5.53375778989 7.97325526789 8.95914524914 9.22433640356 8.78413556889 3.28516603706 2.39282215622 1.85546194515 3.16924867099 5.23883440007 9.2082126703 9.23598274413 9.80862084488 10.7079040526 9.12384182514 9.13411125258 8.26175013687 9.07644860733 8.40903343837 9.12234682573 8.08660087885 4.22012073381 3.89271004481 4.7860139955 3.03210091595 3.25793853889 3.03801601453
-9999 -9999 -9999 -9999 -9999 -9999 -9999 -9999 -9999 -9999 -9999 -9999 18.8166662049 18.1712808786 16.8705544446 16.5343963814 15.2334078543 15.2941851087 14.4199530677 14.4163075191 13.9473478509 13.7969687489 11.6594506326 10.1170580847 8.66088069476 8.80906871395 8.85351543449 8.60494931977 7.3259320199 8.20412919715 6.89014511858 7.23039018158 10.0191319328 10.4849221942 6.32683946696 3.14733786504 1.91584401375 3.3224393907 4.81689751501 4.65488852192 8.28313557872 8.56542259346 8.34106833576 8.50514827859 10.91175271 10.5907871404 8.13328549362 7.21372352609 6.72248240246 7.69765304518 7.10557604913 6.42652299495 5.58008413108 2.14411662732 1.44012502543 1.754468746 1.48751982634
