data/recharge/transience/recharge599.asc
ncols                  80
nrows                 72
xllcorner      4374000.0
yllcorner      5656000.0
cellsize            500
NODATA_value       -9999
[rows 25 to 49 of 72, columns 0 to 56 of 80]
-9999 -9999 -9999 -9999 -9999 -9999 -9999 -9999 -9999 -9999 -9999 -9999 22.7087826195 22.4580307568 21.8233241859 21.4204861175 19.5638990396 19.6028127601 17.48238699 18.2864335615 16.4138420808 16.7413622521 14.9787976737 11.6673846694 11.0244913208 10.7730205131 14.7661446558 11.2699328246 7.42577486462 6.69619313674 5.52138402807 5.19279319423 6.22665490772 6.87086186875 6.7765343471 10.3962404171 11.8790865887 3.46236757773 2.28775201307 2.97676213043 2.70625244189 2.59575139241 4.84608086405 6.58194328004 6.3678468017 6.46001487156 6.37728355492 6.35509236838 5.80118949394 6.09934889893 5.03093261537 2.61816864606 0.988188756475 0.784826112621 1.11254366658 0.749102597265 0.653510576798
-9999 -9999 -9999 -9999 -9999 -9999 -9999 -9999 -9999 -9999 -9999 -9999 -9999 21.8472758721 22.2382513256 22.211040307 20.5386993809 20.2575380277 18.2758909245 17.793383697 16.4810089065 17.2688276326 16.517066169 13.9633254989 13.3818513104 10.9868891248 9.33832458317 7.6385744554 6.97471561798 7.44840624828 5.85446140803 5.60991622455 7.41410609953 2.96402688614 4.25633567297 3.9112871376 8.78125815757 2.58259596738 3.08932102863 2.45301834661 2.06673639463 2.19128772537 1.26511357308 1.85409318498 2.26328614156 3.32156725442 4.48142978526 4.358301811 2.0629352743 1.08833746029 0.769539840935 0.801507348413 0.789285252817 0.791481186866 2.79515216939 0.625625487019 0.525941733101
-9999 -9999 -9999 -9999 -9999 -9999 -9999 -9999 -9999 -9999 -9999 -9999 -9999 -9999 21.5389500183 21.4722642242 20.1089814099 19.7955311171 18.2383321583 18.6028796735 16.693120982 17.6201842711 16.5278969548 15.4150011837 12.4872744547 12.3918245055 12.161603612 11.917629603 7.85898265389 6.53703462869 6.33428691478 11.6891173751 8.97352315162 4.7316374199 2.77350625752 6.57425140612 7.02670947122 2.61737334025 4.38401340368 4.43902348638 2.6602066521 2.8437897797 1.90112030217 1.44868031123 1.03835922738 1.19309056855 1.50370436314 3.46943537177 1.43460496813 1.08430288269 0.847345845716 0.666683813586 0.574784793712 1.48494626353 2.75225661475 4.48666801604 2.61486382709
-9999 -9999 -9999 -9999 -9999 -9999 -9999 -9999 -9999 -9999 -9999 -9999 -9999 -9999 6.32667437636 14.660683385 20.4083350296 20.1417578347 18.8772944534 19.0976137485 17.7747105882 17.9247580876 15.4844850008 16.9171650583 15.4235667174 15.6110117818 11.3308138552 11.7739142899 11.6528890016 11.2190546157 8.91025554057 5.38189882839 8.09409570755 8.3512111771 2.66324936911 5.59217477399 8.24832967368 3.04403974107 4.07361633369 2.597663632 1.71397081581 1.91716468279 1.76345571701 1.71484469049 1.25520752353 1.02390619078 0.515591275047 0.885845099126 1.71678496411 0.708140449303 0.899217839958 1.03456342093 1.08154792179 0.681544070011 1.31968411199 2.88105226733 2.27502369532
-9999 -9999 -9999 -9999 -9999 -9999 -9999 -9999 -9999 -9999 -9999 -9999 -9999 -9999 10.2912509872 15.342779248 20.8369530916 20.6829693641 19.5654004854 19.4903810184 17.7464946929 18.0053055168 16.796742814 16.2518498259 14.1519870582 13.7778730478 12.7993544354 13.5198193562 10.6621821002 11.3228209039 9.73843931658 9.28257035329 7.9090317078 10.2030715854 12.2228187276 4.78982560215 6.09710062587 12.5907694322 3.18312902596 3.18743022894 1.70826380669 1.95395885484 1.61094965599 1.63969851731 0.972452870545 1.04833616365 0.738689464035 0.991158383668 1.68662652177 1.80585855816 1.20460582896 0.626619260111 0.954502490683 0.89881466156 0.615611351714 0.771373865914 0.912037591901
-9999 -9999 -9999 -9999 -9999 -9999 -9999 -9999 -9999 -9999 -9999 -9999 -9999 -9999 23.0760817371 22.524424247 21.8108204086 21.579200546 21.115847762 21.6344390551 18.5938901317 18.332194566 17.3076721154 16.4528566597 13.5759995197 14.2111501348 11.6003848785 13.695064992 12.3002609778 10.7525651225 9.59996098626 10.1941568044 8.9137463908 7.70622315387 4.89618608877 4.93013295013 4.17150385296 8.9453192356 3.37636923163 4.74224349294 4.72246770774 2.20932680453 1.12383566916 1.21282266265 0.890378067331 0.790825159957 1.20837321393 1.17469985759 2.89150009973 3.51963425287 1.98565950018 2.35188430066 1.2155209297 1.48190640333 1.3359794151 1.09871332372 1.2556248505
-9999 -9999 -9999 -9999 -9999 -9999 -9999 -9999 -9999 -9999 -9999 -9999 -9999 -9999 -9999 22.1704030802 21.5140177954 21.4200163648 21.1392205877 20.6221641613 17.3922421531 17.5434909329 16.5963966549 16.6109689396 13.5236840898 14.3204565924 11.4801843406 12.2255161502 8.53924194792 11.0814681687 8.55536374776 8.54016567693 7.79406251716 8.43554780498 5.14447404184 5.17392597672 4.54104084554 4.48282775061 4.07885885134 3.53916479652 2.48739129533 3.56702106977 0.371115614036 0.515035178471 0.732861590822 0.481340275261 0.365856625267 0.418259622815 0.619854859968 0.934344788118 0.79212514409 0.711755812088 1.03697453365 1.85470243155 1.66271072149 1.63089370431 1.34304111305
-9999 -9999 -9999 -9999 -9999 -9999 -9999 -9999 -9999 -9999 -9999 -9999 -9999 -9999 -9999 -9999 21.1340237405 20.2009754714 19.5494087753 20.5649349954 19.3680288626 19.1764698071 15.9310889238 14.8811111712 13.9041005709 13.4181618894 10.7703760711 10.3203996147 6.84922665029 11.5982783092 12.3362098474 8.94188630338 6.09355827925 4.10722372224 4.87745866466 5.18934854746 4.78890520881 5.02648503916 4.68161994044 6.17791436947 7.72183096303 6.82445867616 7.26813242433 0.752574573242 0.312648517222 0.220492032177 0.170281794969 0.773670321519 0.722643473729 0.570870512227 0.777056313404 1.22565922733 0.916561838099 0.7547891191 0.856281538126 0.761981415865 0.692244354551
-9999 -9999 -9999 -9999 -9999 -9999 -9999 -9999 -9999 -9999 -9999 -9999 -9999 -9999 -9999 -9999 21.029065487 20.8958359778 20.464413631 20.0815525724 18.2944622383 19.4028296896 17.0917750087 15.3879235306 13.8433018442 14.4686535195 11.3349197061 11.0637421757 8.33267605822 9.64728897475 5.78441168949 4.85411922541 5.43165614707 4.60703706299 5.52278025412 4.44204770876 4.96371879769 4.46797318015 4.6343691265 4.75544196301 3.20867519228 4.47482300187 1.44515719076 2.47144261114 1.20514286096 0.676561938502 4.41296690632 2.5026341541 0.635014145847 0.688340762723 0.956032285328 1.00943230139 1.358999046 1.46628385953 1.83392119692 1.2150955871 0.698393356876
-9999 -9999 -9999 -9999 -9999 -9999 -9999 -9999 -9999 -9999 -9999 -9999 -9999 -9999 -9999 18.5715114056 18.6257091991 18.8535123604 20.1604983251 19.920811313 18.1413518359 18.1574092458 15.8202902732 15.233392407 12.9924991982 13.4992112102 11.3538791631 11.6012940713 7.43619785932 9.78663285737 8.53201167543 8.68919873625 8.27018453712 5.82814382204 2.0576251181 1.35624623506 5.54865678614 5.08276579531 7.32821404706 3.8868106669 6.07801800947 0.944990778121 0.808764508039 0.784848244401 0.824119102413 0.517808211065 1.77869950047 1.10747474638 0.790752331227 0.954086901497 0.741494624744 0.586937548374 0.663035546151 0.738868804035 0.814010454007 0.839430885476 0.966579299602
-9999 -9999 -9999 -9999 -9999 -9999 -9999 -9999 -9999 -9999 -9999 -9999 -9999 -9999 19.5945764002 19.1719495756 18.8675703797 16.068476136 18.1155329894 19.596251733 17.7229225115 18.2397991503 15.488648535 15.6992314031 12.9988177071 12.6574075569 10.5238644771 11.1487603831 10.0119691085 10.0096416213 7.92633538095 8.05203370718 5.69880701629 6.56857111845 9.42907323484 8.76587878087 1.42630018582 4.25714505651 6.97519122782 7.0841738648 3.42466587007 0.578998582916 0.501656717327 0.575976599439 0.345811819734 0.282169842113 0.304836542687 0.97483841288 0.977709033019 0.732361855731 0.65622856519 0.650080226969 0.711269273354 0.695101317997 0.659870344223 0.701197627354 0.828544460569
-9999 -9999 -9999 -9999 -9999 -9999 -9999 -9999 -9999 -9999 -9999 -9999 -9999 -9999 19.5807937248 19.8535708538 18.8505196624 15.0421800356 12.7381559142 13.8829978112 15.7910769494 16.74617694 15.2474784917 15.564464083 12.3070074849 11.1478215819 7.59963345456 7.79056116879 7.0670509658 9.53063677957 8.53693619851 7.21089790929 4.92025012645 4.40716540551 5.92271956648 4.9466352224 3.47443039934 4.65277764511 1.94110344155 2.01871948328 2.84031779653 2.5202697243 0.710220529601 0.608278457983 0.510035482139 0.250622239381 0.514216726045 5.95009381675 3.3753896109 1.66075486727 1.65623203517 1.63508633824 1.11497753436 0.962772428175 1.09214401908 1.04050787086 0.800529063759
-9999 -9999 -9999 -9999 -9999 -9999 -9999 -9999 -9999 -9999 -9999 -9999 -9999 -9999 -9999 -9999 19.0283523689 16.9081126263 16.3723228231 16.2118243671 14.8383112112 15.8946479331 16.0269860942 16.0424539639 12.7261228702 9.75410711923 5.32226699681 5.62517221835 4.19609440122 6.12055495137 6.38377805306 5.18355465548 4.48828451611 3.81521114713 3.73344470397 3.77099928296 3.29157921552 1.85107993158 3.06929048123 3.28266759576 1.77152128424 1.44059355078 5.79199139761 2.80489057818 0.321863175807 0.407103500898 0.353458371916 3.70188936011 2.45946021517 1.08206068214 1.05678578569 1.09295036126 0.939646799091 0.806097140821 0.558061487282 0.589724320236 0.868804780173
-9999 -9999 -9999 -9999 -9999 -9999 -9999 -9999 -9999 -9999 -9999 -9999 -9999 -9999 -9999 -9999 17.259381287 16.9714424107 16.5815251724 14.5500024659 13.8260650366 14.4819652456 14.0442421149 14.6203200072 13.6819789458 10.714437187 7.38590175586 7.06364007135 5.79143993701 6.46407014624 6.63686548887 6.31229213082 4.88053342846 4.08592999362 2.75239165354 2.94375963563 2.91480746869 3.42838850027 2.12745460091 1.81609778326 2.14373788005 2.78989719707 2.87023573498 3.119078249 1.37308211801 0.338980926239 0.148082478761 0.267518770285 0.936551544454 0.598478148643 0.485994759649 0.493291387225 0.383906520526 0.43553326096 0.409167610826 0.411877423398 0.410671694459
-9999 -9999 -9999 -9999 -9999 -9999 -9999 -9999 -9999 -9999 -9999 -9999 -9999 -9999 -9999 -9999 -9999 -9999 16.6738700813 15.3918009079 12.8037663391 13.7401992448 14.2386019207 15.5117388857 13.2613527773 12.0117325612 6.84138672889 6.93134059154 5.74497254816 6.1213736315 4.67148753122 4.20034175405 3.83848392699 4.04189909215 2.70486447702 3.33998625124 3.14446167202 2.33937424235 2.02857666565 2.52541532586 1.80499096224 1.60617545172 1.35455562655 1.34538693313 1.16411614087 0.897062572014 0.193377273416 0.192930377336 0.330971880094 0.447179100844 1.09876754269 2.9423542525 0.39160886306 0.401700987462 0.4400972741 0.469213621904 0.441333705157
-9999 -9999 -9999 -9999 -9999 -9999 -9999 -9999 -9999 -9999 -9999 -9999 -9999 -9999 -9999 -9999 -9999 -9999 -9999 13.4933653415 12.9708512369 13.5433972442 12.7302073123 17.1026602051 14.3776570262 14.0245201296 9.34548747565 6.58414599134 4.75602715352 4.59498418969 4.26863187396 8.19260503894 4.36874532945 3.32454889797 2.08359754371 1.57409779114 1.44153248845 2.13102564233 1.93065354334 2.18407407886 1.58515056118 1.45134416121 1.16622780873 1.43736110532 1.41865170216 1.44487898293 0.641734434857 0.170435334813 0.126732470901 0.282305688511 0.357347763328 0.460846134077 0.361595272685 0.358243376578 0.413307000526 0.396243577274 0.320207690335
-9999 -9999 -9999 -9999 -9999 -9999 -9999 -9999 -9999 -9999 -9999 -9999 -9999 -9999 -9999 -9999 -9999 -9999 15.3889225876 16.0401074141 15.685285068 15.4753966706 12.9658638318 15.9004020265 14.1917666134 14.1680919412 10.9131410191 8.86732167386 5.43720800667 5.04937400229 5.07523963591 4.1046586505 6.40343346407 2.96030817466 2.03001860306 2.48478597289 3.03565598315 2.8405583624 2.39191967129 2.31922255586 2.25498556307 1.58315349351 1.43019964656 3.1853683269 3.74655949896 2.52935140685 1.36929717307 0.936007258138 0.432779386482 0.17650982879 0.257265356623 3.86215434694 1.85175730168 1.83343065609 0.647667606097 0.487480098845 0.432139144334
-9999 -9999 -9999 -9999 -9999 -9999 -9999 -9999 -9999 -9999 -9999 -9999 -9999 -9999 -9999 -9999 -9999 -9999 -9999 17.3141386417 16.9094331198 16.5285044683 13.1267439522 15.6885346015 15.0075042548 14.8974419051 10.4194837704 11.1374686686 7.15088137517 8.4783310146 7.00184495921 6.79293742695 4.98773561396 3.17755043096 6.1240936518 3.93425748663 1.24703464102 1.08326239477 0.899218241784 0.89948511694 1.08681794277 1.63879902591 1.30801477682 1.39833732451 2.20853093431 2.17413177181 1.66312049412 1.20753347231 0.575093949678 0.272997695911 0.0805989058503 0.0910473428068 1.35929374698 2.42678135929 3.56536192771 0.224852212687 0.284887407421
-9999 -9999 -9999 -9999 -9999 -9999 -9999 -9999 -9999 -9999 -9999 -9999 -9999 -9999 -9999 -9999 -9999 -9999 -9999 -9999 15.5843308624 16.2909241631 13.2375174921 14.6485262086 13.8155383419 14.6484220651 10.5138412789 11.4071499943 11.002908153 10.3148111443 8.3550454308 8.10642027475 3.94440186972 7.22377115984 3.0181242327 2.54165865941 2.06212613815 2.51646880126 2.2351584408 2.1237740138 1.68935820973 2.21187267155 2.11341633162 1.83737022627 2.35697449322 2.02970808387 1.5978475543 1.81164031224 1.42274316077 0.821863770948 0.591180827026 0.376623851485 0.102014240533 0.101189918471 1.04764678425 0.14106717457 0.12089639498
-9999 -9999 -9999 -9999 -9999 -9999 -9999 -9999 -9999 -9999 -9999 -9999 -9999 -9999 -9999 -9999 -9999 -9999 -9999 -9999 -9999 15.8676933998 14.0316428751 14.3299804444 12.7709445708 12.0855469866 10.5343480956 11.7484367715 10.1943290868 9.88247882523 12.5617247034 9.4454845713 3.71574312777 3.70029948862 4.00276000549 3.76654273942 2.95763746067 2.01834965356 1.73626276199 2.04091573362 2.65611819874 2.81574079778 2.99495391403 1.99215425185 1.59505397218 1.21505285896 1.4504304717 1.60245009502 1.49690342893 1.95729962552 6.06009844825 3.56181351539 0.748368798402 0.213179417686 0.0597353990036 0.0764821426392 0.0863773227709
-9999 -9999 -9999 -9999 -9999 -9999 -9999 -9999 -9999 -9999 -9999 -9999 -9999 -9999 -9999 -9999 -9999 -9999 -9999 -9999 -9999 14.4361440154 12.9349813896 12.946961199 13.4854713813 14.8185804043 11.9147504168 9.52574311733 7.76708215957 10.4275205947 5.21975168867 8.52553021855 4.65711011795 3.53047839547 2.04264068077 2.77738658434 2.31481473982 2.09841477031 1.7871258667 2.34211597513 2.69028491517 2.56664954744 1.92270490002 1.81696560011 2.15531511326 2.03555325925 1.80488540404 1.75428332553 1.00818719344 1.42200767024 3.04126802844 1.91732563216 0.931329636012 0.138661922821 0.10445985847 0.0647572261892 0.0672689544343
-9999 -9999 -9999 -9999 -9999 -9999 -9999 -9999 -9999 -9999 -9999 -9999 -9999 -9999 -9999 -9999 -9999 -9999 -9999 -9999 -9999 -9999 13.1070997768 14.3141075227 14.9158709916 15.0767582761 11.944222469 9.84665772965 6.3546288906 7.03300837294 6.99177964872 7.319680517 4.53282183229 4.10282923804 4.35545471528 3.3353036816 2.91188735812 2.65554159124 2.40920665181 2.45581956418 2.78409939666 1.83387894878 1.93836984336 2.52071903475 1.34556134364 1.20507591568 0.841153137473 1.05760226938 1.35193291952 2.21805826254 1.56761260076 2.14052475069 0.511619509035 0.21064359143 0.0681512270279 0.0595489228315 0.0647442889432
-9999 -9999 -9999 -9999 -9999 -9999 -9999 -9999 -9999 -9999 -9999 -9999 -9999 -9999 -9999 -9999 -9999 -9999 -9999 -9999 -9999 -9999 13.4784491469 13.1781647203 14.5108616288 15.8192846222 12.7130283783 8.41999535921 7.14041971064 7.36372187503 5.99340905373 6.15392688613 5.51819220576 4.63878710272 3.41058005738 4.57312414386 3.05832590314 2.60105665087 3.00698150442 3.2179227537 2.09176195468 2.84610396898 1.97665977846 1.56904057332 1.33454876357 1.5719139303 1.7058908057 1.95132866856 1.10822937106 1.0291438961 0.997591932047 0.609883585757 0.14687231935 0.444084405439 0.18248463055 0.15398498429 0.0978336399554
-9999 -9999 -9999 -9999 -9999 -9999 -9999 -9999 -9999 -9999 -9999 -9999 -9999 -9999 -9999 -9999 -9999 -9999 -9999 -9999 -9999 -9999 13.1790160436 13.9334993236 16.1359169316 16.0236143591 12.7905215533 10.2453357555 7.43253452793 8.66362449361 6.64674074262 5.93615970969 4.98712186824 4.79882081763 4.83054492529 3.32678438112 3.05308091264 4.12728877687 3.45497318857 3.11369646853 2.96852626159 2.32895659078 1.58384916588 1.99765901183 2.42104229961 2.20363036543 2.01546599408 1.73268204468 1.29023517957 1.29246145077 1.5734045194 1.29608949538 0.363585454187 0.391501030908 0.463025732258 0.53107778649 0.200918822797
-9999 -9999 -9999 -9999 -9999 -9999 -9999 -9999 -9999 -9999 -9999 -9999 -9999 -9999 -9999 -9999 -9999 -9999 -9999 -9999 -9999 -9999 -9999 14.5023432464 16.7442087352 16.2293681216 12.0557937373 9.62395539043 7.13452995162 8.25408617744 6.70379099352 7.23446892674 6.12232896061 6.45012723357 4.1971811758 4.68928303465 4.52738198276 3.88411920895 2.43903262469 2.94407279504 1.62590410383 2.18446397458 2.63248436787 2.71483528148 2.26486198237 1.99971407576 1.10494204173 0.992469695151 0.914421001728 0.988225915566 0.762197024252 0.953533125574 0.962245276028 0.794807661064 0.260890006382 0.18203611987 0.57424861028
