data/recharge/transience/recharge59.asc
ncols                  80
nrows                 72
xllcorner      4374000.0
yllcorner      5656000.0
cellsize            500
NODATA_value       -9999
[rows 0 to 24 of 72, columns 0 to 55 of 80]
-9999 -9999 -9999 -9999 -9999 -9999 -9999 -9999 -9999 -9999 -9999 -9999 6.67104310823 7.01755068115 -9999 -9999 -9999 -9999 -9999 -9999 -9999 -9999 -9999 -9999 -9999 -9999 -9999 -9999 -9999 -9999 -9999 -9999 -9999 -9999 -9999 -9999 -9999 -9999 -9999 -9999 -9999 -9999 -9999 -9999 -9999 -9999 -9999 -9999 -9999 -9999 -9999 -9999 -9999 -9999 -9999 -9999
-9999 -9999 -9999 -9999 -9999 -9999 -9999 -9999 -9999 -9999 -9999 -9999 5.3989340875 4.73680488715 4.27702263407 -9999 4.05918045957 -9999 -9999 -9999 -9999 -9999 -9999 -9999 -9999 -9999 -9999 -9999 -9999 -9999 -9999 -9999 -9999 -9999 -9999 -9999 -9999 -9999 -9999 -9999 -9999 -9999 -9999 -9999 -9999 -9999 -9999 -9999 -9999 -9999 -9999 -9999 -9999 -9999 -9999 -9999
-9999 -9999 -9999 -9999 -9999 -9999 -9999 -9999 -9999 -9999 5.34435037598 4.43524688319 4.88937615819 4.99855545939 3.66832795217 3.08859729023 2.56539059795 2.53467915366 -9999 -9999 -9999 -9999 -9999 -9999 -9999 -9999 -9999 -9999 -9999 -9999 -9999 -9999 -9999 -9999 -9999 -9999 -9999 -9999 -9999 -9999 -9999 -9999 -9999 -9999 -9999 -9999 -9999 -9999 -9999 -9999 -9999 -9999 -9999 -9999 -9999 -9999
-9999 -9999 -9999 -9999 -9999 -9999 -9999 -9999 -9999 4.59044370218 4.6970874482 5.30167164266 4.4050106084 4.54212849785 4.64486527297 3.77455143202 2.76939871394 3.58251752141 -9999 4.79721240414 -9999 -9999 -9999 -9999 2.71356614043 2.9670840988 -9999 -9999 -9999 -9999 -9999 -9999 -9999 -9999 -9999 -9999 -9999 -9999 -9999 -9999 -9999 -9999 -9999 -9999 -9999 -9999 -9999 -9999 -9999 -9999 -9999 -9999 -9999 -9999 -9999 -9999
-9999 -9999 -9999 -9999 -9999 -9999 -9999 -9999 5.69305374849 5.10345458654 4.31453770903 4.49228980845 4.7208296885 4.52957668168 4.25851034972 4.14443567878 2.68988231896 2.59312002809 2.67799627646 4.1144856528 3.82973060096 3.95241910544 -9999 2.5348468753 3.15046244459 3.18054248684 -9999 -9999 -9999 -9999 -9999 -9999 -9999 -9999 -9999 -9999 -9999 -9999 -9999 -9999 -9999 -9999 -9999 -9999 -9999 -9999 -9999 -9999 -9999 -9999 -9999 -9999 -9999 -9999 -9999 -9999
-9999 -9999 -9999 -9999 -9999 -9999 6.03367644444 4.772409406 4.58710109655 4.73772425265 4.72606917043 5.06579418646 5.01940438441 4.85551540311 4.21864510148 4.40221443273 3.09829116834 2.86714133738 3.94743550001 4.08912848731 3.77058605967 3.89016849917 3.05502831826 2.58485224939 2.92258129003 2.83688972217 3.01349696595 -9999 -9999 -9999 -9999 -9999 -9999 -9999 -9999 -9999 -9999 -9999 -9999 -9999 -9999 -9999 -9999 -9999 -9999 -9999 -9999 -9999 -9999 -9999 -9999 -9999 -9999 -9999 -9999 -9999
-9999 -9999 -9999 -9999 -9999 -9999 6.45787011795 5.48151899894 4.32293624336 4.21736110232 3.95350418457 4.88551132097 4.42271577493 3.5098613876 3.21811371743 3.66951601407 3.33981828523 3.20359047252 3.18973158082 3.37685180889 3.37560720818 3.64277721628 3.58397344531 2.85173617241 2.45491869193 2.33699169831 3.03109207488 3.72839543032 4.43070308329 4.2891468935 4.53222641695 4.49511025905 -9999 -9999 -9999 -9999 -9999 -9999 -9999 -9999 -9999 -9999 -9999 -9999 -9999 -9999 -9999 -9999 -9999 -9999 -9999 -9999 -9999 -9999 -9999 -9999
-9999 -9999 -9999 -9999 -9999 7.76067735664 6.65552818383 6.68797942952 5.26273346676 5.31036458189 4.82059854621 4.51413412852 3.67272292811 3.67029130918 3.50001207713 4.06065337065 3.4750120022 3.55463970918 3.21387060548 3.36544252596 3.38460491537 3.32317342607 3.48417647887 3.54272788408 2.64747090148 2.71059004713 2.8902649875 3.23670745007 4.32892828887 4.27222899124 3.96340391602 4.08096140793 3.67466107813 3.59979491613 -9999 -9999 -9999 -9999 -9999 -9999 -9999 -9999 -9999 -9999 -9999 -9999 -9999 -9999 -9999 -9999 -9999 -9999 -9999 -9999 -9999 -9999
-9999 -9999 -9999 -9999 -9999 8.08335276081 7.25492444775 7.28796533683 6.24285958582 5.95381556878 5.53419661685 5.75082816324 4.99532833067 5.58221248919 4.86224360298 4.35158298048 3.16114656389 3.85726337737 3.88933013094 3.14323745296 3.01529690433 3.14403591317 3.49317363653 3.41586507417 3.30116715291 2.60983614359 2.28495776241 2.22889390083 3.21103899687 3.22360077406 3.0143966803 3.17060224995 3.44767966818 3.36662015907 2.85113554124 3.30008995971 -9999 -9999 -9999 -9999 3.10406328316 3.27208066818 -9999 -9999 -9999 -9999 -9999 -9999 -9999 -9999 -9999 -9999 -9999 -9999 -9999 -9999
-9999 -9999 -9999 -9999 -9999 7.684381473 6.95828487937 6.23315101524 6.43944620348 6.69972316976 6.01718276782 5.83765458426 5.01315398222 5.40709731695 5.14327547714 3.88184767004 3.19883754695 3.70862066346 3.71872799507 4.00973784422 3.25424949351 3.12847163189 3.16964032616 3.10676325529 3.29195191116 2.53816835657 2.26005317088 2.04757306188 2.94725076385 3.20363392532 3.34483001179 3.13975260668 3.42320884293 2.70265186649 2.38363050085 3.37026241811 3.29106230518 -9999 -9999 3.46662179467 3.46422897598 3.39657331303 3.04926740813 -9999 -9999 -9999 -9999 -9999 -9999 -9999 -9999 -9999 -9999 -9999 -9999 -9999
-9999 -9999 -9999 -9999 -9999 -9999 8.16987465117 7.62073196603 7.2333648034 7.00354292684 6.01055046194 6.35002905504 6.10890169677 6.00714816765 3.99896852914 3.83925959911 3.4988302116 3.42165521594 3.04202001176 3.55211403192 3.28348802099 3.36063040332 3.13205380179 3.26457261215 3.07259723892 2.89327391885 1.76012617071 1.75289340103 2.19841169395 2.82205507936 2.54086716258 2.79207129288 2.14615497233 2.1442371745 2.14528189907 2.9472130197 2.39241782158 1.91818412874 3.18449308299 3.13887007668 3.05792199268 3.32660358494 2.17156220636 1.74196589418 -9999 -9999 -9999 -9999 2.24409376215 2.07671630952 2.8397001596 -9999 -9999 -9999 -9999 -9999
-9999 -9999 -9999 -9999 -9999 -9999 -9999 6.93751170091 6.83254444997 7.42050126361 6.80882305264 6.38006554726 4.70104184222 4.10282456713 3.50605000163 4.17439146322 4.02614094154 4.63013374013 4.17539492189 3.79960572791 3.18024722431 3.18991274282 3.04618560234 3.0635749871 2.95007852989 2.8150184661 1.80176304778 2.26747469839 2.78729902848 2.53540122808 2.22873742926 2.26144501292 2.22243682081 2.42313310706 2.98407829138 2.9729202603 2.28908541047 2.30008356414 3.15238537428 3.14821082254 2.39744771729 2.04628858531 1.05214220416 0.805704517161 0.683872139243 0.785487822857 0.868069224931 0.727112836576 0.703372136332 1.23456725245 2.01489513492 2.01163253896 -9999 -9999 -9999 -9999
-9999 -9999 -9999 -9999 -9999 -9999 -9999 -9999 6.47898768458 6.36586186453 6.56896904641 7.00077703558 5.39239568604 5.69405074181 5.53684234451 5.41389756286 4.36984520278 4.38276727733 3.63620570048 3.83896772596 4.24499649805 4.14009795966 1.16826251105 0.497067414828 0.507205875524 0.415076198161 1.12107031807 2.4364558445 1.87918760319 1.58274820084 1.64081353543 1.59510127636 1.73640782829 1.5957429975 1.94959279545 2.37449400119 2.62157807391 2.68772405904 2.67894032972 2.56692411242 1.67093090336 1.01069121319 0.604636913024 0.548816386582 0.523120743911 0.476345984729 0.561792701726 0.49726368193 0.464458702694 0.860098500547 1.3242366469 1.44895920692 1.49219279939 -9999 -9999 -9999
-9999 -9999 -9999 -9999 -9999 -9999 -9999 -9999 7.4147232609 6.8348894197 6.28202631086 6.30773590886 5.73270683453 5.70851457314 5.01571332828 4.95426038633 3.66474501928 3.8296624038 3.84175153416 3.99700201438 3.59045922421 4.08471764441 0.920321718595 1.09905337736 0.677129960145 0.434278254892 0.449730399133 1.27747277616 1.61311782497 1.35241666558 1.56902373903 1.57863474152 1.58745091018 1.57142406566 2.39468991032 2.52184619482 2.73746541977 2.64299706579 2.67540032674 2.65371458103 2.5684439968 1.08451984071 0.558865267387 0.55778904448 0.477825590907 0.472450453502 0.554442999375 0.510190887946 0.531009891339 1.39681088032 1.35113941269 1.35533699266 1.59258148342 2.09529693143 1.9425737289 1.99201394913
-9999 -9999 -9999 -9999 -9999 -9999 -9999 -9999 -9999 7.9576410343 6.9502365036 6.1266249501 5.79782709139 5.03413284996 4.35142249614 4.36510394995 4.44736701134 4.66624737989 4.61185170553 4.65239608697 4.24097126135 3.754205817 2.13338985272 1.99505170025 1.13663555513 0.889284468125 0.44083163307 0.298949140967 0.396264766866 1.91223242914 1.52399385966 1.41012400134 1.33300076726 1.1334562559 1.54679603107 1.91532442914 2.30487599287 2.24640716365 2.20284618394 2.21284329052 2.14782269783 1.59868856884 0.42357170671 0.535790590319 0.398902725644 0.346130112515 0.308744229163 0.323467059503 0.805437738584 0.981546467429 1.0014307331 0.981403082105 1.3020330659 1.80656379037 1.84265095909 0.618323244257
-9999 -9999 -9999 -9999 -9999 -9999 -9999 -9999 -9999 -9999 5.67849379838 5.69979431313 5.68368798795 5.00423253948 4.12930736314 3.90248667955 3.67181401337 4.42324543804 3.76251158202 3.27421320489 3.01293819602 2.78461485953 2.34798737031 0.964553301892 0.611300385346 0.939842478811 0.651938251279 0.432695889011 0.229837776139 0.435109799126 1.92303813813 1.9269356683 1.97371217613 1.3462207809 2.02508560494 2.07411490562 2.27814693531 2.24708968758 2.21070446439 2.21654368912 2.19345918867 1.77965097087 1.07385868019 0.476331482991 0.608308165245 0.592850346718 0.454751389903 0.363568184868 1.04728711775 1.05065806206 1.08580188355 1.06042963598 1.09173835624 1.4649263378 1.74250715782 0.539682866698
-9999 -9999 -9999 -9999 -9999 -9999 -9999 -9999 -9999 -9999 -9999 6.46921989407 4.61609346882 4.65263986841 4.01551400788 3.74174228774 3.31536957195 3.27775892145 2.86327680867 3.54769300489 3.87006403008 3.40911118815 2.0842140804 1.80887474491 0.765999871289 0.181127718894 0.345279793014 0.654899305442 0.719995967922 1.51776663047 0.225651785667 0.972427979464 1.17688493366 1.16983807098 1.35167940534 1.25710337713 1.8922842305 1.88620522694 1.9576526175 1.95758492225 1.54581912494 1.41625512751 1.44286549123 0.742330000767 0.465273177876 0.316914973449 0.377573802658 0.448306658781 0.56409491471 1.00513172924 0.930258569389 1.09706418013 1.36370037696 1.44544216856 1.38090498316 1.29419529474
-9999 -9999 -9999 -9999 -9999 -9999 -9999 -9999 -9999 -9999 -9999 5.96348365813 4.75702915934 4.41766595513 4.16133059635 3.74545158781 2.9444321422 2.98771951218 4.14583664607 4.16806937906 3.84783604666 4.08519290674 2.38480722833 1.93988480725 2.04130433829 2.19269572294 0.687111276333 0.358671139544 0.229897632955 0.651603406625 0.46015280072 0.298229884532 0.0895134054173 0.126673899507 0.248779815804 1.23572673421 1.88827230535 1.90344808385 1.93433619133 1.82545695577 1.48662879155 1.50743985343 1.34662875291 1.39516623138 0.879051783218 0.54380519752 0.690022691225 0.839127928439 0.746468241907 0.485633060507 0.473615800924 0.485951677181 0.395275072534 1.28024769523 1.49768100589 1.42642344362
-9999 -9999 -9999 -9999 -9999 -9999 -9999 -9999 -9999 -9999 -9999 6.88380627688 5.25773730175 5.04230468346 4.35720857248 3.46301958068 2.55470849586 2.47124266959 2.82901192282 3.07148496672 3.39511088226 3.43072964853 1.93744126465 1.62228006262 1.80902647844 2.29121137458 2.07511151235 2.05683767804 1.55034831416 0.67877404783 0.242589950273 0.25601650011 0.464046976116 0.568273556573 0.305009999193 0.0896437784621 0.150311907432 0.104233528528 1.19733879846 1.37971650708 1.66752108156 1.35847250271 1.37541583168 1.46860818071 1.68100396199 1.64818769303 0.661081750856 0.591951620612 0.573238638418 0.480857028062 0.394454855049 0.452682318695 0.507244111818 0.647085380231 1.20005002572 1.3548449003
-9999 -9999 -9999 -9999 -9999 -9999 -9999 -9999 -9999 -9999 -9999 -9999 5.2020510029 5.53969362575 4.75137342907 3.79489685648 2.85169842995 2.45008869896 2.22441242612 3.55373184293 3.44654703418 3.35477546501 2.85225953463 2.43472487055 2.34353253113 2.3666587401 2.0913945323 2.12141721369 1.9349126957 1.89731262834 1.83813631226 1.87364215019 1.00028092747 0.280033377609 0.319173737685 1.15979258526 0.226765890996 0.116147426403 0.11510184434 1.66784964669 1.78657366115 1.29646899281 1.54461697989 1.68152492343 1.78804918431 1.81662833493 0.798489074739 0.600107731773 0.458944455144 0.505936863454 0.364277623003 0.30674333862 0.275954818693 0.282069517206 0.254282651635 0.446443158829
-9999 -9999 -9999 -9999 -9999 -9999 -9999 -9999 -9999 -9999 -9999 6.16407524421 5.85999637398 5.38478696903 4.67684492597 5.34806534691 3.66139558179 3.08744250809 2.26396260556 3.27208863288 2.83437751962 2.8131729542 2.40936181265 2.43582455137 2.14572768709 2.13062894858 1.80246047214 1.80970574422 1.69036874253 1.66628899219 1.54947492385 1.57329953767 1.49685378528 1.48987104641 1.51915935769 0.142300144764 0.144104794581 0.0608469404194 0.0563194698076 0.780376450494 1.24783383887 0.958185090928 2.28822149328 2.03881088314 2.36396835213 2.34020473046 1.93867996032 0.847988296329 0.480323838594 0.483982556237 0.332323579336 0.220693498452 0.198609019539 0.200238731946 0.189397791262 0.209439992761
-9999 -9999 -9999 -9999 -9999 -9999 -9999 -9999 -9999 -9999 -9999 6.34342506467 6.72990240793 5.84909735124 4.47302310939 4.43938435434 3.35794495044 3.32249667521 3.27135498976 3.26634004367 2.78841039284 2.53466592133 2.4344417009 2.50492077672 2.19358124223 2.06523703216 1.75549147478 1.77292782838 1.63630190828 1.94873398697 1.7683992229 1.58690615128 1.48600715808 1.49033541131 1.50266566428 0.166209086053 0.0789392721127 0.13767821284 0.0702339062606 0.200125381079 1.12020278879 0.825977183488 1.37786694501 1.72964676558 1.81444660164 1.74237805891 1.72227672515 1.6522107862 1.01872299786 0.750867663569 0.318104077055 0.335259905492 0.287749605011 0.271190802691 0.256648937094 0.235464252807
-9999 -9999 -9999 -9999 -9999 -9999 -9999 -9999 -9999 -9999 -9999 7.55340562514 7.45570319324 6.0177762717 5.34545922663 5.21903554384 3.46392115679 3.39710961709 3.02618672633 3.78269687083 2.49052062253 3.36666823389 2.33092153322 1.38343687615 0.779669092984 0.777330506625 0.886794256811 1.06550624844 0.993074071691 1.18959117202 1.18947547102 1.78301850349 1.67675171053 1.62031015478 1.36063704553 0.102842178692 0.0503092082959 0.0252242853145 0.0597483322274 0.0932712386927 1.17580314999 1.46029492719 1.02167182603 0.891989259711 1.06147196214 1.0352241045 1.43506565588 1.44851607774 1.33908963196 1.35515575962 0.438786728002 0.216671399633 0.182740156262 0.178986319526 0.193667518426 0.182882818638
-9999 -9999 -9999 -9999 -9999 -9999 -9999 -9999 -9999 -9999 -9999 -9999 7.6213406753 7.32905145702 5.99499186995 4.90892341345 3.38228268131 3.58566343353 2.89781353703 3.237667336 2.57308789446 3.37974947094 1.15213040714 0.815426493148 0.716378458318 0.703497810042 0.529813611018 0.562534294366 0.474242539101 0.416859067624 0.340541749093 0.766769589482 1.39393844582 1.43402286977 1.31415396743 0.0858651560074 0.0653229393268 0.0321395432506 0.0860617246688 0.141447815704 1.21281351059 1.48183462333 1.35200913775 0.883000814455 0.971485422333 0.965977687074 1.27339018492 1.39804463193 1.25723426803 1.65467011236 1.43056319621 0.756984872902 0.506894086264 0.423137848987 0.229575973642 0.266383427456
-9999 -9999 -9999 -9999 -9999 -9999 -9999 -9999 -9999 -9999 -9999 -9999 8.77712107433 7.7777820977 5.69897260524 4.64392032743 3.35445821419 3.77305022186 3.14964172112 3.28884611872 3.19235543117 3.4086349994 1.71988698544 1.27193256484 0.874378920712 0.988809701498 0.951308809032 0.862316477439 0.625318748359 0.809636407642 0.572895502345 0.628048576152 1.42863569234 1.77897833362 0.232097096747 0.0982060156456 0.0588135984351 0.115537858595 0.168859018935 0.191301294573 0.978817163738 1.37116879046 1.30832695128 1.28670391576 1.20063944265 0.907755752196 0.9210636496 0.963688889324 0.914653136444 1.30659342266 1.19767421751 1.02494019297 0.715017860255 0.129140033769 0.0873609230978 0.114307094588
