data/recharge/transience/recharge347.asc
ncols                  80
nrows                 72
xllcorner      4374000.0
yllcorner      5656000.0
cellsize            500
NODATA_value       -9999
[rows 25 to 49 of 72, columns 0 to 55 of 80]
-9999 -9999 -9999 -9999 -9999 -9999 -9999 -9999 -9999 -9999 -9999 -9999 17.1919294071 16.9296122563 15.5095895097 13.6198164468 10.4613802236 10.9344593072 8.84843424943 9.49851421249 8.60700899739 9.40279305762 8.14086829246 6.02605662914 6.18838377081 6.08081036183 4.68303901515 4.70856943088 3.58259866307 3.10479082856 2.48158321152 2.2911075188 2.76589039456 2.86554296955 1.05581504916 3.58031795209 2.85088253879 1.48653928215 0.954714989051 1.18540775703 1.04949511409 0.930806594533 1.87777754823 2.9045174606 2.77575930426 2.8177993209 2.79341922515 2.78208341988 2.59260613879 2.72813714252 2.27347103349 1.04684445515 0.440030006402 0.340026638038 0.33289952984 0.363324024986
-9999 -9999 -9999 -9999 -9999 -9999 -9999 -9999 -9999 -9999 -9999 -9999 -9999 16.3039831985 16.2985680316 16.7100620865 12.5766020783 11.6740799408 9.51821787796 9.11548146641 8.7060518905 9.86570156791 10.1201486094 10.0674604243 6.64409566825 4.95670033807 4.45362536065 3.41539492335 3.29607743556 3.61045887427 2.71099113406 2.53350201077 3.73703448482 1.10684303111 1.0533392424 2.084250306 3.20157696675 1.17468640512 1.26107838412 1.00733934109 0.802893479569 0.911980475535 0.495848163749 0.703293369315 0.842380177131 1.31731444344 2.02044431566 1.96755680333 0.802497864437 0.402988615302 0.307754628195 0.326940374623 0.358329488706 0.490712273592 0.89042116723 0.269902466384
-9999 -9999 -9999 -9999 -9999 -9999 -9999 -9999 -9999 -9999 -9999 -9999 -9999 -9999 14.1517847471 14.2644019841 11.8983294812 10.4637560545 9.16663963384 9.70221240716 8.44024853038 10.2491950933 9.7428298515 8.14538923256 5.34839740383 5.58985754022 5.79201706476 5.66590006287 3.74002817824 3.01321090031 2.82533272713 4.20536569495 4.69937279413 1.66733140618 1.3120223763 2.90965437627 2.71756022847 1.07783944044 1.06414999231 1.186538006 1.1810284282 0.836951962202 0.790365398792 0.581327283721 0.394142114851 0.464137818127 0.347306211357 0.385102174699 0.298542340354 0.367644180987 0.349725481894 0.26161088764 0.243494194229 0.515802580324 1.13746633172 1.63713819169
-9999 -9999 -9999 -9999 -9999 -9999 -9999 -9999 -9999 -9999 -9999 -9999 -9999 -9999 6.97037086651 12.7275709389 12.5189060765 10.9789361478 9.62843791154 10.0583759144 9.49416536225 10.3200346658 8.13707102225 10.0720036048 8.63881996871 8.33357703316 5.46229314839 6.11029871342 6.44913759675 5.96191571966 4.97799207959 4.89544229106 4.33073550412 4.05650305223 1.344010724 2.4010732758 2.35878650668 0.773461120693 1.02075389486 1.22508522081 0.719596925217 0.797544024244 0.705779434018 0.731512489197 0.519105466878 0.407803671369 0.347908038211 0.811301088407 0.885058888749 0.299634582598 0.389717521629 0.459873372139 0.531147654136 0.960160267866 1.25566504622 1.34474850215
-9999 -9999 -9999 -9999 -9999 -9999 -9999 -9999 -9999 -9999 -9999 -9999 -9999 -9999 11.0131444834 14.9471065448 14.3260486613 11.7918034317 10.7651536347 10.6266257562 9.04517552304 9.9301826656 9.42527086199 9.11107332373 7.24257675864 6.86302993905 6.75106010062 7.58235561995 5.75729039741 6.20998046188 5.23532982748 4.98689381284 4.19405093095 2.28364902736 3.38017932213 2.08224431463 2.17918036386 0.779389781753 1.35860789907 1.28037405217 0.67860675993 0.80178184562 0.624646541727 0.642531813846 0.375915989211 0.419483098391 0.274685858314 0.391302263467 0.757972048286 0.789563687679 0.540772400611 0.272698626186 0.511844112736 0.474846540414 0.386002957456 0.44245025272
-9999 -9999 -9999 -9999 -9999 -9999 -9999 -9999 -9999 -9999 -9999 -9999 -9999 -9999 19.0978576349 17.5913992045 16.5336325678 15.4803542562 13.7743416089 15.1650419157 11.3435815237 10.9686332252 10.8047091996 9.2498039503 6.10791272445 6.76467842812 5.647436186 7.94435291805 6.20572067063 5.95306055007 5.22206845775 5.64070262706 4.77759834522 4.71139485993 2.16207671532 2.18370404602 1.61665865911 2.49021318112 1.14281372414 1.50505642842 0.570978045591 0.460245247943 0.413004670847 0.455756080218 0.32605850361 0.314780762681 0.511572370597 0.514542912515 1.35863645957 1.67300281645 0.990992891055 1.16960967217 0.627927325499 0.751773539496 0.743544028367 0.589297560268
-9999 -9999 -9999 -9999 -9999 -9999 -9999 -9999 -9999 -9999 -9999 -9999 -9999 -9999 -9999 16.0069019438 14.9966024672 13.3983825225 14.0254042542 12.7631834774 9.08269166161 9.27939465393 9.78142775678 9.67201845488 6.0621931092 7.30897181224 5.93312144879 6.46184027907 6.51769618649 5.74717959438 4.57077928722 4.51487103242 3.74922462978 4.80817483429 2.32733146813 2.34772057465 1.83367180847 1.79838998703 1.48846794184 1.35529938397 0.934563434978 1.27293013795 0.147166549532 0.184566873963 0.249174125775 0.182115675806 0.152493363617 0.180757276889 0.273670219715 0.385636589928 0.337394740745 0.295312359461 0.504293013825 0.995558200099 0.958932304186 0.937585559577
-9999 -9999 -9999 -9999 -9999 -9999 -9999 -9999 -9999 -9999 -9999 -9999 -9999 -9999 -9999 -9999 14.9154099207 12.4533358863 12.725212168 14.7696682433 12.8634636809 12.0415966366 9.00129128858 7.34751846616 6.49161397853 6.26395371665 4.81523693767 5.20993210006 5.87828350133 5.56796998905 4.8905255043 5.0626904376 4.34519491649 3.56128264513 2.13101481716 2.34001518402 1.98198727974 2.13760215796 1.83887052723 2.33916794306 2.55280988924 2.4700148766 1.29187633475 0.390446721236 0.133366600352 0.0873923319511 0.0612439179994 0.311572375916 0.294343056105 0.218524318459 0.334976780955 0.581601997007 0.429208266889 0.33779062532 0.423710828039 0.366622035466
-9999 -9999 -9999 -9999 -9999 -9999 -9999 -9999 -9999 -9999 -9999 -9999 -9999 -9999 -9999 -9999 13.2667134867 14.0862580888 14.650498169 12.826917724 10.6697064916 13.1358480797 10.5661708355 7.5107877154 6.44966133372 7.00673018092 5.10832704278 5.08315323955 5.46881587727 5.23636322839 4.52075131802 4.62370162933 4.40010893117 4.34665280878 2.98562662026 2.24494869107 2.50136526882 2.19509495019 1.8102030995 1.75899156288 1.71741061364 1.83919439 1.716192577 1.20779944057 0.577199221277 0.328717145269 0.383017489228 0.652562916991 0.208090070958 0.276685273597 0.431800536599 0.461130213498 0.689687840671 0.753705649482 1.04617217123 0.644597142008
-9999 -9999 -9999 -9999 -9999 -9999 -9999 -9999 -9999 -9999 -9999 -9999 -9999 -9999 -9999 9.71120942985 9.94982297028 10.1533961416 12.5802798422 12.2820365409 10.9362053528 11.4414304873 8.98742578209 7.5160361012 5.89011795776 6.26598998734 5.09474417643 5.22338927149 5.27493373627 5.48802903245 4.65731026094 4.75769001611 4.27144284814 3.45081614044 2.55390806042 1.83034690538 1.8884381317 2.14817707649 1.81099735729 1.25857173254 1.08078565062 0.827014419618 0.453126957222 0.441043553421 0.420225648552 0.261254022401 0.629864322106 0.821236014948 0.329429692599 0.418576035169 0.316017441523 0.234075366691 0.284152041042 0.326338276678 0.386198721689 0.401193497698
-9999 -9999 -9999 -9999 -9999 -9999 -9999 -9999 -9999 -9999 -9999 -9999 -9999 -9999 11.0008698678 10.5513228775 10.2940722477 7.57117717374 9.06698934605 11.5297991788 9.56335833927 10.4851122478 7.72332807138 7.99439760754 5.91089039186 5.6483065501 4.55929348236 5.21059033142 5.48379412066 5.48032425567 4.28361522579 4.35537588351 2.75185886326 2.12552093011 1.61328265947 1.9750974111 2.48533795871 1.98281454597 0.274784115938 0.817769503136 0.929320409578 0.334750581183 0.273537619496 0.321459514999 0.158976748656 0.123055391751 0.360035497934 0.316854627076 0.396845976586 0.301711177384 0.269906466673 0.266688589894 0.31084664345 0.302103292614 0.295673776775 0.319678108549
-9999 -9999 -9999 -9999 -9999 -9999 -9999 -9999 -9999 -9999 -9999 -9999 -9999 -9999 12.3073050748 12.6353612754 11.3665558825 7.02384546704 5.67144084489 6.02185511935 7.81787072133 9.0756907329 7.64354845752 8.04047816555 5.64314555435 4.8055756768 2.98301673626 3.2548414194 3.28830839013 5.13587630078 4.62640661091 3.58715489433 2.74443237543 2.37316365309 1.63405448273 2.22802565944 1.81418189661 2.42266741678 1.04569612614 1.08226518036 1.44713051975 1.29280534536 0.390370778431 0.335306576553 0.259215135762 0.106200037161 0.25287544601 0.482617466369 0.62379575083 0.810400351191 0.826703796477 0.813702035934 0.534602100235 0.446136343713 0.545893659991 0.513641118806
-9999 -9999 -9999 -9999 -9999 -9999 -9999 -9999 -9999 -9999 -9999 -9999 -9999 -9999 -9999 -9999 11.5644260069 10.2784833664 10.3186128488 10.057607998 7.65014715389 7.86533740605 8.60212461438 8.64310210132 5.95690569528 4.20118190434 2.09670219839 2.26146535475 1.69336597187 2.93209653246 3.0967748622 2.74310069913 2.42649019734 1.96478263466 1.93952709428 1.96471061304 1.57055962314 0.97771534245 1.57575370223 1.75821452619 0.859425053047 0.710726007827 1.11184799282 0.812496769749 0.145700499297 0.19706096324 0.158686675386 0.189653187751 0.361169798169 0.485082242899 0.480823757895 0.50108789178 0.433346871158 0.358573528129 0.231921599197 0.249793900505
-9999 -9999 -9999 -9999 -9999 -9999 -9999 -9999 -9999 -9999 -9999 -9999 -9999 -9999 -9999 -9999 11.7369462158 10.9900803529 10.5401061742 7.52834495469 7.47449949466 7.66445620387 6.72508685931 7.31740383145 6.7417043629 4.99453185412 3.40513292356 3.1793046879 2.60225068401 3.22713231281 3.44413623971 3.20611866735 2.35685237844 2.09381770402 1.30206892008 1.41615056377 1.384960684 1.71344512124 0.980477685987 0.873261466267 1.05966264638 1.4860145868 1.34324824125 1.33871332848 0.681815673114 0.155935433011 0.0518285326102 0.103884582941 0.303274328106 0.224957757672 0.17361878682 0.177181917731 0.131374286996 0.155052269768 0.147585749799 0.149072871245
-9999 -9999 -9999 -9999 -9999 -9999 -9999 -9999 -9999 -9999 -9999 -9999 -9999 -9999 -9999 -9999 -9999 -9999 10.7387111967 8.60920282763 6.31337352515 7.35660371662 7.21323604202 8.42353850715 6.38938637176 5.4205157616 2.97473558625 3.06884303614 2.71187066626 2.99210337025 2.12659003466 1.85073731411 1.66950380244 1.88096301023 1.27514927547 1.66574881305 1.52918793484 1.05143907263 0.8852946597 1.30648307843 0.855237690607 0.737016879242 0.598842982911 0.593162625103 0.477889421329 0.367880873283 0.0715113833227 0.0720407812271 0.135674956094 0.152721201406 0.189116525116 0.209383806277 0.134567918906 0.138981998072 0.162568952346 0.177606362706
-9999 -9999 -9999 -9999 -9999 -9999 -9999 -9999 -9999 -9999 -9999 -9999 -9999 -9999 -9999 -9999 -9999 -9999 -9999 6.75889693373 6.58426604685 7.22369972321 6.53212782667 10.6584702643 7.45833004406 7.09443557438 4.45524053376 3.06777553157 2.20760232019 2.10939640849 1.98796379206 2.02111826162 1.48546766601 1.43745506117 0.893118377375 0.724932708638 0.633892114148 0.980030469436 0.822696785305 1.02664475956 0.711338980683 0.632390233158 0.465337989323 0.620000550239 0.588367038791 0.626464640326 0.241576883021 0.0588027949692 0.039699237843 0.106144302215 0.103312235681 0.155579093609 0.115097061785 0.113684789981 0.141892982945 0.134093864423
-9999 -9999 -9999 -9999 -9999 -9999 -9999 -9999 -9999 -9999 -9999 -9999 -9999 -9999 -9999 -9999 -9999 -9999 9.22731538345 10.3619354654 10.3424924998 9.95272556322 7.03156050419 8.80519802418 7.26025613237 7.58180088904 5.86686691892 4.33998071315 2.63966618125 2.38867993603 2.46481276147 2.26298982231 1.55007084482 1.36120718012 0.992499085731 1.24124298231 1.51170864159 1.4037206704 1.14905322783 1.13179747408 1.11455957212 0.709827318274 0.560356456402 0.745046272692 0.50990706902 0.586226586979 0.523941521597 0.444264037438 0.185554420268 0.0592760555478 0.133015763414 0.192244744582 0.249250870546 0.285618224916 0.206474230096 0.177915398675
-9999 -9999 -9999 -9999 -9999 -9999 -9999 -9999 -9999 -9999 -9999 -9999 -9999 -9999 -9999 -9999 -9999 -9999 -9999 12.8883768102 12.2062980782 11.3859365935 7.43379218118 8.72291324029 8.23346009441 8.11042280462 5.23620454291 6.08407880315 3.58497609574 4.49533692648 5.16143180696 5.11867411994 2.39760696328 1.4781731555 1.45212406073 1.14318166041 0.550253400171 0.465778947522 0.358124273742 0.358023426128 0.413119774636 0.702560668727 0.642243144978 0.955186284686 0.919292632292 1.19896439535 0.745050906481 0.480293900547 0.241779883664 0.0950738820467 0.0233156482472 0.329988409642 0.329664312409 0.361124748046 0.288336245031 0.0642291105194
-9999 -9999 -9999 -9999 -9999 -9999 -9999 -9999 -9999 -9999 -9999 -9999 -9999 -9999 -9999 -9999 -9999 -9999 -9999 -9999 9.54885416335 10.8145560959 7.57346094315 7.74970788146 6.94096056771 7.80913589254 5.18439766291 6.31741046026 6.49512953691 5.92608721736 4.55287325571 4.39196741427 1.63387888442 2.94985014672 2.46241988899 2.10352063091 0.958596785445 1.18655137618 1.01305406981 0.931470121819 0.658358216796 0.951660296221 0.996172843015 0.840012756665 1.17630586983 0.959125976818 0.706666892012 0.836207128072 0.603270516323 0.349905850882 0.171466497901 0.0786261497536 0.0287349403164 0.0416278382435 0.223505050677 0.0377453244276
-9999 -9999 -9999 -9999 -9999 -9999 -9999 -9999 -9999 -9999 -9999 -9999 -9999 -9999 -9999 -9999 -9999 -9999 -9999 -9999 -9999 10.1468100412 8.46977694735 8.53679558894 6.38627384358 5.86303390308 5.30426695918 6.63440978899 5.83674215098 5.49658506146 4.66001803808 5.20168011966 2.01113210134 3.27976080178 2.58621427792 2.03430564376 1.42657335579 0.823637240589 0.644445950568 0.825446478533 1.18318541971 1.28519813212 1.45974143932 0.918404784879 0.688489912506 0.47297521065 0.608304603632 0.696653591224 0.643057126461 0.862996554079 0.890723655483 0.520504401217 0.24937146996 0.0647554469244 0.014290371055 0.0197250330067
-9999 -9999 -9999 -9999 -9999 -9999 -9999 -9999 -9999 -9999 -9999 -9999 -9999 -9999 -9999 -9999 -9999 -9999 -9999 -9999 -9999 8.20985731542 7.17511380849 7.20736900085 7.08039828433 8.50344360504 6.23591514073 4.89241342356 4.05123949234 5.98841221965 5.25816178074 4.77621954841 2.25868694786 1.92610244438 1.00041001076 1.378002034 1.03545519617 0.822672647997 0.611014238932 0.953241337026 1.20593357842 1.12824072975 0.771036167502 0.763905671681 1.02995586917 0.953238406089 0.818801111406 0.787680251299 0.353660138425 0.45373266673 0.491621658091 0.309774978274 0.129979619805 0.0380647945716 0.0285956056895 0.015884600256
-9999 -9999 -9999 -9999 -9999 -9999 -9999 -9999 -9999 -9999 -9999 -9999 -9999 -9999 -9999 -9999 -9999 -9999 -9999 -9999 -9999 -9999 7.62811171452 9.19423075241 8.30475919054 8.51992578123 6.26936277349 5.34985144404 3.40966087036 3.81446164363 3.68512060508 3.91953564671 2.35858769288 2.39749510717 2.53815461007 1.80610705016 1.40266967124 1.22409964765 0.974909163789 1.06927528797 1.27316688692 0.730208488452 0.78033590087 1.11593467334 0.528315127975 0.465518580099 0.263019065445 0.35365517638 0.507023295589 0.769005720901 0.28171860601 0.341376830247 0.351760345366 0.0574796856643 0.0163505833903 0.0137530168045
-9999 -9999 -9999 -9999 -9999 -9999 -9999 -9999 -9999 -9999 -9999 -9999 -9999 -9999 -9999 -9999 -9999 -9999 -9999 -9999 -9999 -9999 8.03486860475 7.71501757687 7.88738564138 9.54500547953 6.72675364078 4.27463637753 4.00558218717 4.19998534929 3.30249560018 3.4237058673 3.02443427884 2.8006523903 1.85922532549 2.7061715916 1.54699388049 1.2145292314 1.40708443297 1.58511226291 0.865442723874 1.3124028189 0.801117251417 0.590297670942 0.479651836819 0.665253435721 0.719332222128 0.90215428477 0.414399885936 0.362607784444 0.240556671226 0.462376056387 0.0384644193775 0.146533175491 0.0487615743366 0.0405768748641
-9999 -9999 -9999 -9999 -9999 -9999 -9999 -9999 -9999 -9999 -9999 -9999 -9999 -9999 -9999 -9999 -9999 -9999 -9999 -9999 -9999 -9999 7.86917037927 8.85286317929 9.97786380422 9.99953642625 6.81175878539 5.96257233213 4.28858473866 5.28452457404 3.87726383958 3.33887786178 2.68458670208 2.92596737937 2.96531249656 1.86010961577 1.60067089641 2.35361299816 1.78241600014 1.55507870276 1.43570177972 1.03175780859 0.607260740092 0.82766924572 1.07717166683 0.975468193387 0.936266528789 0.758774589712 0.506201138636 0.507295998885 0.680955663801 0.514961086957 0.111962764522 0.118894215031 0.144161307856 0.174105083134
-9999 -9999 -9999 -9999 -9999 -9999 -9999 -9999 -9999 -9999 -9999 -9999 -9999 -9999 -9999 -9999 -9999 -9999 -9999 -9999 -9999 -9999 -9999 9.60553905153 10.9390398542 10.3048592468 6.19814840096 5.31335843856 4.0583561571 4.97043931731 3.92651918451 4.35189743119 3.51296914312 4.02361448633 2.48477349301 2.8567584521 2.65026595055 2.1784123667 1.12653676881 1.00346064371 0.646189569186 0.948675394658 1.23205246541 1.27388807268 0.977270667672 0.821361696132 0.389459485355 0.350400945251 0.312584438125 0.347840514366 0.24513474479 0.333130314326 0.339324568818 0.310815392592 0.0721642234958 0.0496392929581
