data/recharge/transience/recharge65.asc
ncols                  80
nrows                 72
xllcorner      4374000.0
yllcorner      5656000.0
cellsize            500
NODATA_value       -9999
[rows 25 to 49 of 72, columns 0 to 56 of 80]
-9999 -9999 -9999 -9999 -9999 -9999 -9999 -9999 -9999 -9999 -9999 -9999 13.8502238013 13.1221461654 11.7117269286 11.674298498 9.14256990021 9.20395816586 7.90727680851 8.85634650243 7.46871132397 7.08349957453 5.88589206613 2.87625640449 3.64641503609 4.20638880969 3.63141321212 3.37729817656 2.57026001221 2.24904125916 1.86968240752 1.73123415283 2.13075448418 2.13254785082 0.281149104874 1.5317359661 1.42972063305 0.469269951243 0.333109017009 0.906995106335 0.838807602694 0.731189412077 1.50258805657 2.09632450382 2.00207375879 2.05368665414 2.06894898252 2.05595354951 2.04812891217 2.22158000899 2.07529955455 1.01591245789 0.414161898707 0.328929092248 0.346086662159 0.359692677368 0.364254415089
-9999 -9999 -9999 -9999 -9999 -9999 -9999 -9999 -9999 -9999 -9999 -9999 -9999 11.7148596508 12.3338606843 12.7373570238 11.3666432816 10.9194577504 9.0662826242 8.40088066545 7.67928199245 8.36914382647 8.12353404199 6.82159467357 5.93869529357 4.37939113146 3.32568695075 2.72315554801 2.4589411583 2.67598849673 2.12212628262 2.00997139662 2.71752413181 0.593962501946 0.290599138011 0.889238138924 1.66798959196 0.385518060167 0.955202743901 0.814831139265 0.697443961529 0.668079014969 0.392340818532 0.595826993421 0.788091363357 1.19563447753 1.68876084299 1.61273234584 0.825293281594 0.419053437379 0.314952350422 0.328172144286 0.363780792803 0.368900588457 0.710726936808 0.306289286806 0.308313417607
-9999 -9999 -9999 -9999 -9999 -9999 -9999 -9999 -9999 -9999 -9999 -9999 -9999 -9999 11.9268355882 11.9608961013 10.618468321 9.90371132985 9.01905230716 9.57097261255 7.88747120079 9.25389458318 7.63632368103 6.95581298849 5.06215157574 4.97442262529 5.09657710267 5.0871833549 2.86520897747 2.26377455988 2.25320240129 3.34571299644 3.57851899304 1.09453945774 0.38036460348 1.18028035104 1.22672359679 0.811452221667 0.900158488204 0.589937665847 0.579469221758 0.657739910223 0.597226737172 0.450565416303 0.3358165369 0.387096372814 0.331375498914 0.277143531726 0.308234444021 0.358423592443 0.346983460967 0.272037627438 0.264455191712 0.285770081269 1.09327158575 1.6228511026 0.786640196894
-9999 -9999 -9999 -9999 -9999 -9999 -9999 -9999 -9999 -9999 -9999 -9999 -9999 -9999 4.02302778777 7.72994463161 10.5892321624 10.4260159266 9.23428850415 9.66631744448 9.01116391102 9.15446073178 7.05300366013 8.95394505918 7.76769156248 7.73891850566 4.69190800718 4.66068543521 4.77008829274 4.77688725294 2.949914606 1.72326963125 3.53336913139 5.24536574701 0.578159158616 1.52850061403 1.17898064793 0.702791540468 0.569386899081 0.590552539333 0.5789503181 0.684822126152 0.674182707868 0.60400057951 0.465825211424 0.380354135785 0.196201466201 0.425560487799 0.536794298174 0.270921154422 0.412307304397 0.472256970488 0.536714335197 0.649189783025 1.13505125314 1.4982807259 0.869939786189
-9999 -9999 -9999 -9999 -9999 -9999 -9999 -9999 -9999 -9999 -9999 -9999 -9999 -9999 6.23797148364 8.85949119235 11.4317921799 11.1726244865 10.4358748112 10.2643415263 8.73732124509 9.35171761797 8.70829677165 8.03764618399 6.28763419954 5.67900224454 5.49468953828 5.48071751723 4.00683429143 4.50817392994 3.91106801747 3.48214686557 3.19772141006 2.35164329102 2.80133630551 1.54934144359 1.60914330563 0.751990233742 0.944901562246 0.562952506746 0.63391552088 0.731852974967 0.617512277417 0.626845711088 0.367144120037 0.389444413098 0.297290644851 0.398742689626 0.688184007394 0.709967985986 0.490969439687 0.246822331497 0.308567276282 0.253468784888 0.238741395923 0.351380328312 0.508559300339
-9999 -9999 -9999 -9999 -9999 -9999 -9999 -9999 -9999 -9999 -9999 -9999 -9999 -9999 15.1652161793 13.6420211217 13.1690052833 13.8344229264 12.1677178796 12.1772163001 9.82077508662 9.3031063306 8.02594538138 8.06479138217 6.0197756674 6.50298328006 5.21368461597 6.14678243634 4.88526774688 4.48474116924 4.14268675729 4.61922176097 3.90322873621 1.89029315853 1.70762648794 1.73650438145 1.42262045023 1.99368649801 1.10705411588 1.39400612851 0.296969554022 0.52711719135 0.487566676199 0.529794002642 0.39156505483 0.331295994058 0.498309645253 0.416814102342 0.809176526748 1.04983506356 0.599909881753 0.768778803336 0.535173176761 0.714146173814 0.700760958548 0.586023576043 0.67707784352
-9999 -9999 -9999 -9999 -9999 -9999 -9999 -9999 -9999 -9999 -9999 -9999 -9999 -9999 -9999 12.0450475363 11.6121053603 11.3735411295 10.7938466525 9.4357515129 7.97057806365 8.28661409298 8.23501392757 8.17969810072 5.97085361197 6.44592767063 5.07795907443 5.38125104052 3.24710958819 4.33444367183 3.36345076937 3.3331062227 2.70973742786 2.62383867778 1.93031820587 1.95834305865 1.73724350969 1.68545652967 1.5741428543 1.13194254622 0.673187704946 0.779673722598 0.120260673839 0.192477946248 0.315110204234 0.183716604582 0.109183412271 0.117567151625 0.217364264652 0.380417620696 0.366733072788 0.32896219159 0.520924881864 0.879865104501 0.84559643555 0.83180849908 0.719410145399
-9999 -9999 -9999 -9999 -9999 -9999 -9999 -9999 -9999 -9999 -9999 -9999 -9999 -9999 -9999 -9999 11.1231010453 10.4783330575 10.1972346902 12.3400653787 11.1706352605 10.507574282 7.91361663683 6.80276856094 6.39485024448 5.9471651929 4.8140288107 4.26089725736 2.52742563432 3.93691532482 4.27691095666 2.91032323762 2.63681382558 1.85297245815 1.7494084957 2.03620968384 1.93514692712 2.16653340787 2.08311007741 2.5135360518 2.30211195433 2.17175340883 0.95745605472 0.188619045906 0.103442020896 0.0779161755378 0.0669289346656 0.366137727709 0.359823486523 0.282032621004 0.397806914591 0.615808665795 0.477679454545 0.394778665227 0.470558433678 0.419587639339 0.404531096217
-9999 -9999 -9999 -9999 -9999 -9999 -9999 -9999 -9999 -9999 -9999 -9999 -9999 -9999 -9999 -9999 11.9507187966 12.329642222 12.4456406489 11.3703554224 9.14726572575 9.81638334663 8.14960494217 7.20461628707 6.21562551526 6.81393026524 5.18404836964 5.0122112554 2.74568708066 3.34079084275 2.12151954657 1.7625204644 1.93885742388 1.80369165206 2.34975032918 1.90430198831 2.42619441779 2.25208674355 2.03768709455 1.83671345212 1.19368370248 1.31579027867 1.37573310158 0.654392553384 0.304961993561 0.185455988236 0.231324002032 0.412023820533 0.277347578075 0.342520293734 0.486258652212 0.512079783906 0.690467390134 0.738640534674 0.935804948863 0.653878900044 0.408236273533
-9999 -9999 -9999 -9999 -9999 -9999 -9999 -9999 -9999 -9999 -9999 -9999 -9999 -9999 -9999 8.5904762903 8.75826472135 9.63377989489 10.715234135 10.4574471257 9.37411635184 9.30741378011 7.74324436858 6.98572937546 5.69631921411 6.11178217771 5.18421340702 5.31884427989 3.32136877534 4.1603721233 3.90592194024 4.02928238835 3.85457898958 2.18046817673 0.985054737899 0.982842985681 1.15815423402 1.89736430124 1.76593575694 1.30247558438 0.678780640547 0.440237372911 0.236607998752 0.231226491227 0.262009859937 0.184157208136 0.718962569941 0.729603664679 0.385437349368 0.523861658736 0.41775316892 0.328610054057 0.375839738587 0.420026945818 0.474262685293 0.488711688343 0.607738563355
-9999 -9999 -9999 -9999 -9999 -9999 -9999 -9999 -9999 -9999 -9999 -9999 -9999 -9999 9.79948141785 9.40783812891 9.09066153625 7.42072576703 8.68962260726 9.8123851327 8.51819038286 9.36190161712 7.29884318582 7.57562807932 5.71395535958 5.42799460469 4.58285544798 4.88742003915 4.25284712351 4.24922280943 3.4348066848 3.52829955466 2.49261275882 2.14163204767 1.77973267449 1.1170570457 1.60746975894 1.08111013713 0.168928317597 0.423590697771 0.549272606787 0.180335057428 0.164752368118 0.182762127814 0.136151029893 0.11609752075 0.235826820287 0.403677384912 0.506779509445 0.406205497099 0.369350869916 0.365759139644 0.404101530332 0.394524998201 0.38338066986 0.408262538583 0.522704353514
-9999 -9999 -9999 -9999 -9999 -9999 -9999 -9999 -9999 -9999 -9999 -9999 -9999 -9999 10.4258574151 11.0648212117 10.1450625224 6.93952470331 5.32031499268 6.01337624555 7.11327566269 8.17935805021 7.02649970971 7.42297071769 5.64887641883 4.83083468826 3.32143125455 3.41304495552 3.23642656102 4.24443484754 3.94655613446 3.44048017976 2.14990307671 1.90562039371 1.53963640394 1.84751266531 1.06082134616 1.55830637316 0.584973717804 0.610854811409 0.990618975776 0.854796509384 0.261062823903 0.231165739832 0.217394384131 0.127549404465 0.220483432014 0.659676500121 0.787281001632 0.908652186386 0.895885279359 0.886626413536 0.67119542502 0.586750383606 0.689191695651 0.659990404324 0.533432261021
-9999 -9999 -9999 -9999 -9999 -9999 -9999 -9999 -9999 -9999 -9999 -9999 -9999 -9999 -9999 -9999 10.3250854972 9.41283726669 9.06900104959 8.87989425188 7.27411431115 7.45060643113 7.97070312001 8.00791515742 5.99705362343 4.29226505982 2.19083062261 2.32292141147 1.91448860289 2.64163059846 3.01861122428 2.26331350669 1.94348720791 1.63302948934 1.69648809389 1.7143398693 1.42309050261 0.621729698739 1.11399349918 1.40883243462 0.85704511932 0.660060280278 1.12987291889 0.696768310145 0.154437905708 0.183837680491 0.167813506714 0.31103094283 0.527225706784 0.621343801754 0.601668475399 0.62074166813 0.573426530738 0.496022120154 0.35892550922 0.38075609838 0.573685642743
-9999 -9999 -9999 -9999 -9999 -9999 -9999 -9999 -9999 -9999 -9999 -9999 -9999 -9999 -9999 -9999 9.90297209852 9.41624560955 8.96122436665 6.69083554733 6.63303067201 7.06554600731 6.26903436515 6.72611824417 6.54562715716 4.84256466007 3.23687954953 3.05976002165 2.67480452325 2.79872343667 3.06237911044 2.87139294265 2.21157713185 1.7524844577 1.23936066859 1.33063801777 1.37755067641 1.62764024336 1.0436519632 0.8691674494 1.09753806278 1.44216250203 1.43555353447 1.35916630799 0.723427857802 0.177367564745 0.0990253774163 0.175069834373 0.494033043136 0.384705217034 0.315850776198 0.320877510664 0.272031155901 0.311174285296 0.305839991351 0.307817468367 0.303751470514
-9999 -9999 -9999 -9999 -9999 -9999 -9999 -9999 -9999 -9999 -9999 -9999 -9999 -9999 -9999 -9999 -9999 -9999 9.09245545723 7.54402643693 5.69302049506 6.54152842395 7.12103971456 7.80172601685 6.17896166584 5.58087637769 2.95325525433 3.06960586499 2.61746335267 2.61994764413 2.02945916561 1.7982406433 1.7058785258 1.78194522798 1.21679716315 1.51895126749 1.49057354218 1.09544742818 1.00411844715 1.23090302982 0.91808668425 0.810140551566 0.713651486694 0.707928488914 0.679285800741 0.54625437906 0.126104497536 0.123907532047 0.216033712801 0.28968451302 0.358958197594 0.406401145311 0.278094768781 0.285864237788 0.330620084465 0.35380253752 0.328236236159
-9999 -9999 -9999 -9999 -9999 -9999 -9999 -9999 -9999 -9999 -9999 -9999 -9999 -9999 -9999 -9999 -9999 -9999 -9999 5.99465379676 5.7565054297 6.25929190318 5.75930387791 9.09753513278 6.82030940917 6.43094994366 4.40730900891 2.8427539152 2.02007620192 1.94162476007 1.92221049744 2.06999523804 1.65812485036 1.55521163765 0.986736890641 0.704567867172 0.672321610638 1.01374296859 1.02568042691 1.15056279916 0.862386626751 0.784966963678 0.648458417938 0.817515510371 0.850090278929 0.886703282431 0.449005533391 0.12220325265 0.10285491829 0.2035179975 0.265753780379 0.351259056874 0.289855519234 0.287044677783 0.34468651967 0.329525249155 0.274370699859
-9999 -9999 -9999 -9999 -9999 -9999 -9999 -9999 -9999 -9999 -9999 -9999 -9999 -9999 -9999 -9999 -9999 -9999 7.90751671561 8.70798067773 8.53378037609 8.27518198523 6.01906311873 7.52453224934 6.6304641675 6.63393284722 5.18819174606 4.17328944112 2.35539025777 2.16408957369 1.3708317178 1.28355019482 1.44277403611 1.28058793895 0.866052678742 1.04022284478 1.31908746498 1.23443547178 1.13933693712 1.14538575785 1.23627358526 0.861331315146 0.762776656468 0.717912769601 0.697813415489 0.697472339686 0.838118964063 0.562412804073 0.26647821569 0.136120189772 0.240595740982 0.371865168582 0.561647731061 0.60944249071 0.469319548694 0.410471462857 0.376246332312
-9999 -9999 -9999 -9999 -9999 -9999 -9999 -9999 -9999 -9999 -9999 -9999 -9999 -9999 -9999 -9999 -9999 -9999 -9999 9.96008821392 9.33080279418 8.82331189985 6.15403797927 7.47686122441 7.1639480183 7.05468529223 4.96635640531 5.33442287698 3.23884099285 4.12240909244 3.22137290132 3.17915767274 2.31791012045 1.11404818315 0.971182757411 0.716843942359 0.605279817561 0.527456004477 0.478259548546 0.478534898885 0.635690508494 0.951705200656 0.82748077974 1.17793206259 1.3412725396 1.4959783358 1.10726571578 0.813973069271 0.393355404232 0.198580997542 0.0836823596739 0.695989386052 0.972614148552 1.67960718265 0.671099901529 0.2147479651 0.264761743664
-9999 -9999 -9999 -9999 -9999 -9999 -9999 -9999 -9999 -9999 -9999 -9999 -9999 -9999 -9999 -9999 -9999 -9999 -9999 -9999 7.65782919318 8.48202971011 6.25597085627 7.04615761206 5.99092403105 6.78857042207 4.98096681347 5.56411666266 5.55088866004 4.91415326286 3.83228842718 3.64319908204 1.50428083207 1.72537903104 1.49398620303 1.31193655285 1.00650327596 1.2506861635 1.17785580775 1.14552225943 1.00190230415 1.30193940821 1.26873319705 1.10234023536 1.45624111224 1.25615184128 1.06395710894 1.20390970694 1.02170267656 0.580599983404 0.342906076651 0.21668232643 0.1084740564 0.143073556469 0.623274660851 0.145888450385 0.155716801359
-9999 -9999 -9999 -9999 -9999 -9999 -9999 -9999 -9999 -9999 -9999 -9999 -9999 -9999 -9999 -9999 -9999 -9999 -9999 -9999 -9999 7.76325167469 6.63361828866 6.81379411154 5.59299264818 5.08808185947 4.75965230683 5.66607269543 4.45794974562 4.12337227586 3.93011906321 4.39651924241 1.54835541043 1.61896499148 1.86036084688 1.65604366725 1.54376352691 1.17066006507 1.07427931289 1.14571050068 1.53144923492 1.62119660317 1.7604632892 1.16907197289 0.980679209575 0.734939710437 0.943743620352 1.04347585333 1.05386726951 1.30199069579 1.93105221008 1.0573762076 0.626348523755 0.210450956276 0.0666593253326 0.0922724420566 0.117514351476
-9999 -9999 -9999 -9999 -9999 -9999 -9999 -9999 -9999 -9999 -9999 -9999 -9999 -9999 -9999 -9999 -9999 -9999 -9999 -9999 -9999 6.43298723031 5.71534032723 5.73413200703 6.56425718911 7.46943710176 5.91084095481 4.7327246243 3.48820010522 4.70557165098 2.14621677091 3.83876155999 1.96712363423 1.36537468223 0.928523396068 1.32646287287 1.20864625356 1.230747493 1.14080148792 1.44021974221 1.5503955596 1.48038731905 1.15472652354 1.07910358592 1.31847636081 1.2466668209 1.17176621909 1.14001718838 0.798495590197 0.8400936165 1.35060335032 0.989351336742 0.381166778987 0.1404280138 0.129359256574 0.0741980828804 0.0861458819454
-9999 -9999 -9999 -9999 -9999 -9999 -9999 -9999 -9999 -9999 -9999 -9999 -9999 -9999 -9999 -9999 -9999 -9999 -9999 -9999 -9999 -9999 5.90617978496 6.95878076745 7.02764372435 6.81159151785 5.41754081143 4.64583738923 2.79530073725 2.9955805544 3.20245470733 3.40887793574 1.98042127321 1.71497813186 2.04669139283 1.56373695246 1.62000464395 1.49522128183 1.45658998966 1.45641578205 1.55699578913 1.03883498649 1.15160846167 1.4803725205 0.844719879646 0.745057019702 0.631969097592 0.811268694968 1.08817658981 1.3926552623 0.882009924493 1.31543802083 0.843134879341 0.205116385389 0.0821108453467 0.0687917389252 0.0843405989687
-9999 -9999 -9999 -9999 -9999 -9999 -9999 -9999 -9999 -9999 -9999 -9999 -9999 -9999 -9999 -9999 -9999 -9999 -9999 -9999 -9999 -9999 6.19308313668 5.96514037092 6.70671092233 7.59663909648 5.96766148157 3.60270171333 3.07154484308 3.21034206242 2.64275991426 2.73228193436 2.57316356594 2.02416457217 1.59762671333 2.16279395651 1.56137683877 1.45267992957 1.75888918643 1.72769651364 1.18058040704 1.59069219678 1.17310841163 0.936051483302 0.858697521281 0.987345753514 1.26101492138 1.28352411223 0.764616141963 0.699102023772 0.590757140545 1.13987105669 0.158358522353 0.36308756284 0.201681932894 0.17942472519 0.136232454296
-9999 -9999 -9999 -9999 -9999 -9999 -9999 -9999 -9999 -9999 -9999 -9999 -9999 -9999 -9999 -9999 -9999 -9999 -9999 -9999 -9999 -9999 5.88016283491 6.51250239307 7.82975214942 7.44362969053 5.83324326688 4.48568607278 3.35037874118 3.83304915103 2.89301080229 2.50362331161 2.21134220169 2.02142536475 2.19900296589 1.49237368249 1.49402304556 2.01014047044 1.76292084229 1.59894593956 1.65561266987 1.31186292349 0.975696368301 1.21916988151 1.5194799268 1.38109197916 1.31859400237 1.14272442258 0.922977538957 0.924727663929 1.20181677179 0.99560716806 0.327071394643 0.331099454418 0.404646642401 0.448988951209 0.233598111375
-9999 -9999 -9999 -9999 -9999 -9999 -9999 -9999 -9999 -9999 -9999 -9999 -9999 -9999 -9999 -9999 -9999 -9999 -9999 -9999 -9999 -9999 -9999 6.99200885959 8.42313143095 7.65812235346 5.42765143365 4.17856202907 3.21226938314 3.59553527706 2.9270482021 3.24677163205 2.80214813921 2.93723216687 1.87666564612 2.12405225762 2.23131720762 1.88511589421 1.26077097164 1.18864847557 0.926918991801 1.23338358108 1.56523073361 1.62317947205 1.42785989931 1.27031896569 0.73171683084 0.641482862474 0.642907154941 0.698063356793 0.575744117076 0.725888750345 0.799564482402 0.663876942977 0.267545969392 0.209106473385 0.603489075893
