data/recharge/transience/recharge423.asc
ncols                  80
nrows                 72
xllcorner      4374000.0
yllcorner      5656000.0
cellsize            500
NODATA_value       -9999
[rows 25 to 49 of 72, columns 0 to 56 of 80]
-9999 -9999 -9999 -9999 -9999 -9999 -9999 -9999 -9999 -9999 -9999 -9999 15.9943459258 16.3719233018 15.2560631344 15.0837809577 12.8551257265 12.8855824567 11.228856171 12.2977570261 10.6154414084 10.4220948321 9.06856813547 5.48736802768 6.26092315313 8.06341479045 9.30051868539 7.59171985455 6.22577498778 5.77152752888 4.88986758084 4.65781130026 4.5300294675 4.76208580076 3.15066203602 4.21850806914 4.56051429711 3.55592987459 2.63405534793 2.66046236194 2.26444307021 2.30695350445 2.88594461889 3.07717221175 2.85553091008 2.9086500225 2.79113948848 2.77950405445 2.59900319471 2.7728471395 2.55199719223 1.9615915952 0.936887074019 0.775441688497 0.72445603261 0.737434227858 0.655260108404
-9999 -9999 -9999 -9999 -9999 -9999 -9999 -9999 -9999 -9999 -9999 -9999 -9999 15.5931200706 15.7549818859 16.0384988748 14.1448865044 13.9034973991 12.0446460752 11.4557576846 10.3602959413 11.2592788494 10.1693972876 7.38728130643 8.50173632667 7.69689108828 7.20749167708 6.48515699726 5.84624878276 6.14047974377 5.07324695054 4.89180751679 4.49983841947 3.98147985373 2.8929853009 1.54921696294 3.31284855197 2.98185905522 2.90171509684 2.22983301504 1.85395509449 2.12205780177 1.37611404586 1.83640265913 1.93565623092 2.27273434501 2.22369738575 2.14218443009 1.59663450445 1.06166282308 0.785453794599 0.817315960542 0.787364365043 0.812762622325 0.692463008297 0.593552810569 0.532073882399
-9999 -9999 -9999 -9999 -9999 -9999 -9999 -9999 -9999 -9999 -9999 -9999 -9999 -9999 14.2496691057 14.4391311021 12.9681142561 13.2931885683 12.1463640845 12.5106882159 10.7575510191 11.6830313267 10.2274099458 9.65463582335 7.38149745944 7.16347031067 6.84999255459 8.07481834634 6.29120697549 5.57335163271 5.23249178872 5.99058688808 5.21478114938 5.30976280791 3.26491535638 2.5766241329 3.18370033859 2.71957450584 2.55853398389 1.93704190417 1.55391737143 1.94804557726 1.87442627684 1.53160478059 1.12631370861 1.26053967591 1.03713920156 1.06282060598 0.890665496808 0.983294861293 0.855363321488 0.69693836148 0.597972225172 0.688171296608 0.720241996404 1.40276833288 1.22815540159
-9999 -9999 -9999 -9999 -9999 -9999 -9999 -9999 -9999 -9999 -9999 -9999 -9999 -9999 3.98571645307 8.10859785051 14.0978471774 13.8304427558 12.4360327467 12.7204622723 11.5159196674 11.6951814886 8.97845342928 10.3574738384 8.38099541135 8.62031591445 6.11832211937 6.76253083936 6.51362333307 6.91846035265 3.48569068021 1.3512055811 5.70504670548 9.03282809172 4.63435586452 1.92815077971 3.18080624129 2.2119456373 1.81808131334 1.55491152561 1.53896178406 1.73675548392 1.62520668464 1.7233877626 1.33865023459 1.13810865376 0.646656367309 0.501908342612 0.606650622607 0.751537958293 0.90835133994 1.01863227927 1.01465153821 1.12366501489 1.26105804921 1.46172193163 1.67565146224
-9999 -9999 -9999 -9999 -9999 -9999 -9999 -9999 -9999 -9999 -9999 -9999 -9999 -9999 6.25014330509 9.61108722433 14.4159504207 14.0933379749 13.0177914824 13.1869570711 11.7098691299 11.8171289873 10.4983810926 9.40184948797 7.44610847743 6.81409395947 7.1368344889 7.46350447296 5.8206812945 6.27681535639 5.54514628807 4.77213558939 4.77121897511 7.8203797954 6.44415855569 1.63732474888 2.07927733983 3.6443288116 1.02801795275 1.43083556418 1.62112570388 1.81581950904 1.48842758696 1.51999315036 1.07243748596 1.15949342205 0.847325681741 1.07506849756 1.55556739525 1.70107844603 1.29299107678 0.845040312187 1.03369684042 0.972937559471 0.749696674653 0.880823819754 0.848421655169
-9999 -9999 -9999 -9999 -9999 -9999 -9999 -9999 -9999 -9999 -9999 -9999 -9999 -9999 17.8772817944 16.8012543696 16.1157223602 15.8445511444 13.8316249001 14.9235813606 12.1128683897 11.8262349564 10.4149224644 10.050387274 7.86930202316 8.18166048557 6.62214609553 7.69629895295 6.4680515896 6.0041134656 5.58661855974 6.00571594406 5.25950718941 2.03354397088 1.68566500482 1.70015113325 1.47294782908 3.33144870856 1.2310798912 1.75390118863 1.72759273253 1.55200223388 1.13325947089 1.21327002112 0.946394251603 0.938524182552 1.30404465841 1.40559482854 2.35439652318 2.65998631161 1.73381261463 1.96948818082 1.21998909587 1.31354691999 1.12092984541 0.955857435764 1.01152859475
-9999 -9999 -9999 -9999 -9999 -9999 -9999 -9999 -9999 -9999 -9999 -9999 -9999 -9999 -9999 15.6569342144 15.0088638488 14.7219033513 16.0379433211 12.9796511179 10.9675325625 11.0533259062 10.0879246279 10.2485722101 7.83919932196 8.17138539431 6.35906785631 7.00896905746 2.71606212295 5.71566133236 4.85436858424 4.8598090804 4.11419488183 2.0990652994 1.79292797919 1.80620885259 1.62493406958 1.60053330123 1.47285887111 1.32670791999 1.06248958858 1.56373277561 0.715957453349 0.827117601363 0.907956703634 0.776762612261 0.647293560702 0.706113626333 0.863563334725 1.06248066161 0.788012502964 0.718727695968 0.951369306224 1.50324231408 1.32755791271 1.30797796941 1.06842703483
-9999 -9999 -9999 -9999 -9999 -9999 -9999 -9999 -9999 -9999 -9999 -9999 -9999 -9999 -9999 -9999 14.5517214173 13.8740183388 13.3023331338 14.7666329869 13.0685860522 13.1295408978 9.70074035564 8.86124334791 8.27701768305 8.00553293339 6.61357426424 5.04049739967 1.90781441791 4.58312261543 6.4908316059 2.91574864914 1.87303747755 1.08646113378 1.68944239549 1.82802917842 1.7048977417 1.81199816127 1.69284540749 2.27733743811 3.64395329599 3.38061263984 2.78351837674 1.11367114927 0.602604537727 0.470506698975 0.35710907929 0.957222056796 0.769897837077 0.624574599274 0.770688995373 1.12512736209 0.835301367475 0.707142129582 0.753088517491 0.680603123012 0.600099417532
-9999 -9999 -9999 -9999 -9999 -9999 -9999 -9999 -9999 -9999 -9999 -9999 -9999 -9999 -9999 -9999 14.8148992894 14.967327511 14.5290963552 13.8236814574 11.8602681886 12.4922424365 10.7158615792 9.53426634616 8.4514436246 8.86394118036 7.03547507568 6.63520637489 1.87393355565 3.67068734018 1.80345461534 1.27538231271 1.49076612996 1.2414546151 1.75883856499 1.7647076476 2.20694499008 1.85115901016 1.67223178269 1.69332782148 2.57211794267 2.16048033733 2.52322525177 2.43897023423 1.41015294107 0.979623382069 1.19005687573 1.08341050401 0.621707032461 0.73858919188 0.916630448977 0.958731577536 1.15638653937 1.22827918748 1.40345486166 1.011032645 0.604992231061
-9999 -9999 -9999 -9999 -9999 -9999 -9999 -9999 -9999 -9999 -9999 -9999 -9999 -9999 -9999 12.6366844835 12.5244162333 13.2765029265 13.6125587035 13.4252882762 11.8401588109 11.7767419218 9.91144863355 9.726369704 8.24802800119 8.56520156788 7.34104968991 7.49908985219 3.10197875764 5.21164919866 5.44387788639 5.56191317839 5.25935271077 2.51566197107 1.74818643374 3.23886160627 3.21707698013 3.39233543784 2.62966806763 1.38894653869 2.28861632084 1.78290285831 1.13933436394 1.11977194717 1.06219718463 0.800727335352 1.13279865732 0.905349604999 0.755445076616 0.962532098269 0.732714929156 0.594396024752 0.621704452709 0.685723566146 0.708400787929 0.727738647298 0.783393393715
-9999 -9999 -9999 -9999 -9999 -9999 -9999 -9999 -9999 -9999 -9999 -9999 -9999 -9999 13.6508871726 13.2305341613 12.763842343 12.1189040358 12.5159215232 12.9830657955 11.4919982283 12.0643252461 9.9638384335 10.151553386 8.24904264592 8.04057735981 6.85061667451 7.03972810529 6.03154883603 6.02958110552 4.99405377681 5.08563219054 4.26239622847 4.60259725813 4.8524980072 4.24076727263 2.73415955485 2.282937955 1.21011354038 2.19743534244 1.94398084324 1.00746574238 0.847822656451 0.926419152864 0.61478998165 0.533236021806 0.940761717135 0.956898894335 0.93722427203 0.771972837671 0.658490991511 0.652879240684 0.662763282874 0.648755435319 0.586095462293 0.61977843134 0.652965170015
-9999 -9999 -9999 -9999 -9999 -9999 -9999 -9999 -9999 -9999 -9999 -9999 -9999 -9999 13.9596149781 14.3598435914 13.4421224322 11.6960235221 10.2003565673 10.7190430885 10.5911793123 11.3155804173 10.0026662929 10.2808057254 8.42856453236 7.84028297466 6.59881851733 6.70693962624 6.09728651308 6.37797599535 5.703995858 6.03811961242 4.55436723669 4.19178535951 3.54447705864 4.2282578092 3.50818394645 4.27631587739 2.2257938009 2.28472232872 2.71665916019 2.49739623804 1.00404533833 0.914640550421 0.752159117349 0.460068629027 0.701700503311 1.52427773039 1.34512983882 1.46211481876 1.38295367501 1.36937923964 0.961541389549 0.849075917214 0.907563640512 0.871260271433 0.658885863421
-9999 -9999 -9999 -9999 -9999 -9999 -9999 -9999 -9999 -9999 -9999 -9999 -9999 -9999 -9999 -9999 13.5750885756 13.2894338506 12.7797938272 12.6518478007 11.2510600718 10.9310125906 10.6721535261 10.6952489031 8.69786235248 8.05438783122 5.24398527405 5.43691024335 4.41935955058 5.74687351775 5.73037060672 4.97808662493 4.25159949288 3.76305089161 3.59015194695 3.61793993056 3.33688750579 2.39388456521 3.05239335738 3.03878856383 1.80926060305 1.64301672019 2.39600786948 1.76420703175 0.552346902282 0.649569894169 0.54723965048 0.806608318034 0.958239281135 1.03206038682 0.954837566917 0.982501513735 0.831388367061 0.728486488554 0.499537999136 0.526298347956 0.715338847979
-9999 -9999 -9999 -9999 -9999 -9999 -9999 -9999 -9999 -9999 -9999 -9999 -9999 -9999 -9999 -9999 13.7060799975 13.4113574423 12.9286863381 11.3920895865 10.9327866593 11.2614875791 9.72156313788 10.0110865289 9.47915606344 8.79617547931 6.82545210659 6.63636556785 5.98652860548 6.21631939332 6.18606106658 5.95756560395 4.73567275698 4.06496132452 2.86308809985 3.01685583982 2.82738941662 3.22216646995 2.0130119743 1.69239798391 1.84602966695 2.3284779122 1.32005487138 1.73433583326 1.39204171023 0.537484031428 0.258193136932 0.409908014609 0.760967308828 0.603489726142 0.473402608152 0.479943116329 0.370589265198 0.415937178626 0.380848735799 0.382869232301 0.361684456731
-9999 -9999 -9999 -9999 -9999 -9999 -9999 -9999 -9999 -9999 -9999 -9999 -9999 -9999 -9999 -9999 -9999 -9999 13.0110877424 11.9851624285 10.2651582842 10.8724555607 10.7658172616 10.7853788098 9.19804635332 9.06969996321 6.51829614819 6.6024059802 6.01515982344 5.97168148488 4.75179606482 4.38907936272 3.93514259549 4.08661485612 2.82418574944 3.33327828984 3.00737690781 2.36558492031 1.9788504597 2.24242977081 1.59260980987 1.43919496637 1.16458893645 1.15697622573 0.987596604385 0.927492146722 0.318449840986 0.321244168633 0.452291558846 0.489753668737 0.563132672989 0.716751144043 0.377819284371 0.38691205226 0.407693569427 0.43251141271 0.386757817458
-9999 -9999 -9999 -9999 -9999 -9999 -9999 -9999 -9999 -9999 -9999 -9999 -9999 -9999 -9999 -9999 -9999 -9999 -9999 10.939183764 10.509600842 10.8714570529 10.2130121867 12.194768965 10.1094383371 9.81734648834 7.99542304509 6.90315005265 5.24269498931 5.1149399082 4.71576191624 5.78923882427 4.08680876314 3.72931569846 2.50156844903 2.06704661977 1.76345419345 2.32958670973 1.94548588188 2.04044184738 1.4136755846 1.30706180492 1.00117948503 1.21918108767 1.139514677 1.17687562233 0.658326365254 0.264026379193 0.191314831563 0.370665053715 0.373337268067 0.452201774235 0.348022118272 0.345239410471 0.379234026199 0.364991592809 0.293624735407
-9999 -9999 -9999 -9999 -9999 -9999 -9999 -9999 -9999 -9999 -9999 -9999 -9999 -9999 -9999 -9999 -9999 -9999 12.2707531147 12.8066099161 12.463513903 12.28924623 10.3796288173 11.0252683195 9.96245324921 9.77613132239 8.08850080095 7.99262582734 5.77079040698 5.47538763653 3.08681685306 1.83083340625 4.00532965699 3.56253834106 2.56263399005 2.95041222325 3.11681161184 2.97944858884 2.45736188522 2.32568000323 1.93753029635 1.41226855271 1.16320673454 1.21099448081 1.24105592645 1.0671262082 1.02446453866 0.952467379938 0.506266848743 0.252040844494 0.411994702144 0.617350146869 0.664408313799 0.708868802933 0.50214130673 0.441299896069 0.381673470594
-9999 -9999 -9999 -9999 -9999 -9999 -9999 -9999 -9999 -9999 -9999 -9999 -9999 -9999 -9999 -9999 -9999 -9999 -9999 13.8813541654 13.339385601 12.9948135228 10.7409369765 11.4229186267 10.8124905077 10.723147598 8.16811312945 8.29865263537 7.16166677889 8.05669478848 3.8016274609 3.76726438285 5.32165779864 3.60035156157 2.92592934915 2.25205683733 1.63148490122 1.45989375258 1.12827423186 1.1290506907 1.14429276913 1.46317252781 1.15379120611 1.15699548843 1.1072465438 1.77647679252 1.25658571096 0.952122102758 0.58662771378 0.325833208556 0.123159840021 0.842035701965 0.961039203158 0.957519301342 0.868583747701 0.233700724684 0.265116466058
-9999 -9999 -9999 -9999 -9999 -9999 -9999 -9999 -9999 -9999 -9999 -9999 -9999 -9999 -9999 -9999 -9999 -9999 -9999 -9999 12.2106313127 12.774925776 10.8160453731 11.3764097878 9.86549115514 10.5122331389 8.13960014629 8.55362775538 8.69339777567 8.10287885058 6.62206852927 6.40687584717 4.29482896919 3.8077452063 2.06447507158 2.57643581122 2.34734581132 2.68211043418 2.26167604042 2.1343464654 1.58987729581 1.99032718377 1.71405338214 1.49852615272 1.79086822418 1.55727313884 1.21025998254 1.36169076424 1.07109684346 0.765222306893 0.457091860686 0.276025032815 0.1277855644 0.212690887291 0.702766496168 0.145959140097 0.137243751632
-9999 -9999 -9999 -9999 -9999 -9999 -9999 -9999 -9999 -9999 -9999 -9999 -9999 -9999 -9999 -9999 -9999 -9999 -9999 -9999 -9999 12.5465976597 11.4404235975 11.6008880608 9.85562732107 9.38630723687 8.32502496165 9.32535483791 8.16192709955 7.83169236566 8.25764545978 7.75550146727 4.59240878207 2.29569891853 4.061076782 4.089812707 3.02391846345 2.25123044166 1.82051463245 1.96766772831 2.31422945131 2.44060228362 2.38820136442 1.56087550151 1.20755738367 0.933351002083 1.06054557896 1.16615175216 1.06911171587 1.3153327182 2.13374661474 1.28408773898 0.563291329206 0.213773734316 0.0696335483394 0.0872903551232 0.093064391592
-9999 -9999 -9999 -9999 -9999 -9999 -9999 -9999 -9999 -9999 -9999 -9999 -9999 -9999 -9999 -9999 -9999 -9999 -9999 -9999 -9999 11.5411558479 10.7135908409 10.7207667932 10.8950369904 11.4247659647 9.73833755507 9.05746056666 7.91634590149 7.81515920053 2.22466476973 6.3283842693 5.49245247932 4.2793756085 2.63756963157 3.17352051678 2.45939860303 2.05409661912 1.54221820377 2.34307328142 2.34149389267 2.24244784035 1.62163322361 1.48864716772 1.59753726128 1.51428779801 1.30418791996 1.26987655652 0.799189265273 0.885435949948 1.19110169852 0.692204208594 0.45401903682 0.148315049646 0.1142339676 0.0749436349717 0.0742245408607
-9999 -9999 -9999 -9999 -9999 -9999 -9999 -9999 -9999 -9999 -9999 -9999 -9999 -9999 -9999 -9999 -9999 -9999 -9999 -9999 -9999 -9999 11.0686845954 11.9077971685 11.7382313445 11.3752676052 9.83839614032 9.51258268646 7.48824192863 7.79650096181 7.67118702834 7.92934247732 5.46334725799 4.86352645094 4.66939146783 3.80731047725 3.18268367856 2.86044169104 2.09286768539 2.50532654533 2.40245632814 1.66128148114 1.6060006015 2.03922361726 1.02880598833 0.910702019081 0.659487249499 0.752985473677 0.913468789707 1.27076600352 0.595629370858 0.947750985472 0.760420583516 0.188718028112 0.0735914246819 0.0654142135521 0.0673112948048
-9999 -9999 -9999 -9999 -9999 -9999 -9999 -9999 -9999 -9999 -9999 -9999 -9999 -9999 -9999 -9999 -9999 -9999 -9999 -9999 -9999 -9999 11.3138980118 11.1151902915 11.4631005014 12.0537235554 10.5069109253 8.56236157701 7.86541616541 8.02805237495 6.88962232373 7.01802648733 6.22389871146 5.26582346031 3.8718506423 4.84486968096 3.20449884012 2.95064153545 2.94855744413 2.99754742559 1.86111717304 2.45103270981 1.63418362342 1.33156658122 1.07791962339 1.17670965433 1.29391933523 1.37415290068 0.781013216961 0.721870460176 0.596157478892 1.04397419067 0.142233034966 0.351178936004 0.158508304553 0.139377937691 0.0949317098953
-9999 -9999 -9999 -9999 -9999 -9999 -9999 -9999 -9999 -9999 -9999 -9999 -9999 -9999 -9999 -9999 -9999 -9999 -9999 -9999 -9999 -9999 11.2992458071 11.8140179651 12.8904707881 12.4197134379 11.0035644475 9.7745822137 8.61206351327 9.23013716542 7.76010226857 7.18239574113 6.11212209498 5.72226882965 5.22719685438 3.95390349584 3.2952386364 4.19145944799 3.22395828862 2.95501485548 2.57242716511 2.06756626288 1.33904193597 1.64793997957 1.831087479 1.6419617797 1.38005898074 1.19611887055 0.889738241329 0.891202796712 1.06060097696 0.883271784364 0.285004529237 0.294795133531 0.313609324406 0.349801025851 0.148207715494
-9999 -9999 -9999 -9999 -9999 -9999 -9999 -9999 -9999 -9999 -9999 -9999 -9999 -9999 -9999 -9999 -9999 -9999 -9999 -9999 -9999 -9999 -9999 12.2199271614 13.379726289 12.6136179037 10.3947147078 9.23185153953 8.10528803931 8.94671258181 7.80470989924 8.23398903568 7.06336125694 7.17015486341 4.70323717667 5.11338468382 4.5112008704 3.99299547182 2.39708407791 2.33836129855 1.51303871541 1.95412414125 2.13802678137 2.19071888882 1.71849529016 1.52951657144 0.809462906263 0.711295431279 0.649964591884 0.696353244449 0.547935954751 0.666247372159 0.665540181589 0.578646530631 0.198396493478 0.160538560222 0.414670059896
