data/recharge/transience/recharge283.asc
ncols                  80
nrows                 72
xllcorner      4374000.0
yllcorner      5656000.0
cellsize            500
NODATA_value       -9999
[rows 25 to 49 of 72, columns 0 to 55 of 80]
-9999 -9999 -9999 -9999 -9999 -9999 -9999 -9999 -9999 -9999 -9999 -9999 2.70876742821 2.5274214659 1.83234246799 1.96900452147 1.0829426213 0.999905838025 0.658801038703 0.984253305274 0.585030037089 0.530768457151 0.366010433764 0.13505947894 0.258364724876 0.625348853358 0.829560958801 0.610844735001 0.378624183027 0.284169058969 0.225883603546 0.191853591948 0.116992200698 0.105053593384 0.0592939518073 0.0446169751265 0.0835639203891 0.120636771525 0.0892930377105 0.198279254651 0.187196834851 0.106076684427 0.15731742529 0.215690347953 0.231651857247 0.243149701594 0.28003390583 0.276261368638 0.310559066809 0.357997443698 0.378994762889 0.263272386959 0.156969738361 0.109600117734 0.13046002254 0.137687374704
-9999 -9999 -9999 -9999 -9999 -9999 -9999 -9999 -9999 -9999 -9999 -9999 -9999 1.77342485414 1.76855269686 1.91540577374 1.38889917947 1.28682304309 0.798711497749 0.63050100628 0.489850384616 0.666260197944 0.600423823215 0.395622679791 0.430481784509 0.349370018854 0.421568619061 0.375089942808 0.334478767292 0.400834593237 0.28777534239 0.238338146358 0.133719767633 0.0867342506903 0.0519586356448 0.00843373878025 0.0414403389981 0.0886410037534 0.233862182725 0.145304379936 0.124691581957 0.178999836024 0.0928473721103 0.120960796126 0.120391701872 0.140574209221 0.209745552623 0.194429703836 0.128646530283 0.0865213000832 0.0925217855703 0.105104383105 0.140209971971 0.106903006979 0.153028818381 0.109408138436
-9999 -9999 -9999 -9999 -9999 -9999 -9999 -9999 -9999 -9999 -9999 -9999 -9999 -9999 1.54368886319 1.57778918631 1.10379257095 1.07096717991 0.863625120057 0.973695778983 0.62008154596 0.793853757417 0.567581511972 0.484583415774 0.338901450672 0.287069586245 0.317793682033 0.511774700572 0.352405218992 0.278912754672 0.285844787113 0.23516738289 0.225132479142 0.1679587665 0.0718555709154 0.0174901370667 0.0294038878968 0.151860683194 0.18513467976 0.0401809193339 0.0365082959582 0.117274395472 0.191818327798 0.119723315948 0.0815633321015 0.105816123379 0.0932116951107 0.0584616481097 0.0920136235087 0.117839105241 0.116274037801 0.074832324598 0.0787972901775 0.0579957307992 0.227491725175 0.371334223228
-9999 -9999 -9999 -9999 -9999 -9999 -9999 -9999 -9999 -9999 -9999 -9999 -9999 -9999 0.686587152425 0.786525012897 1.00786851312 1.06849557708 0.842393320211 0.92559187908 0.78850109037 0.754867220653 0.429098357171 0.712984547612 0.54135608967 0.645271439946 0.23924450345 0.242168859462 0.282673097029 0.333782353994 0.140944224666 0.0853695506978 0.242743965243 0.998379051873 0.278607309095 0.0353261619359 0.0360702386294 0.10106374215 0.0374868652127 0.0285705960474 0.0653751286602 0.102836053692 0.145254662387 0.172170719509 0.142272124848 0.0986152445048 0.0241407147539 0.0308808930994 0.0519106545804 0.0619358311976 0.162802939367 0.205346088258 0.27187256953 0.113360623386 0.0973941611306 0.0932140690256
-9999 -9999 -9999 -9999 -9999 -9999 -9999 -9999 -9999 -9999 -9999 -9999 -9999 -9999 0.72220673149 0.950451547202 1.15462936082 1.24648911631 1.13542797548 1.11385178785 0.849853720965 0.886042114099 0.770673525939 0.529194565701 0.353401423765 0.275119651407 0.331537592999 0.327411607432 0.196754514967 0.25112986431 0.224100642388 0.172961372602 0.185228602018 0.356607898044 0.533848389446 0.0407009728513 0.0652539530964 0.384855540099 0.0672574868648 0.0220088723879 0.100272750391 0.135279298265 0.114983784183 0.122244982772 0.0847479071292 0.102972149606 0.0733962743555 0.124423931818 0.3694553762 0.384057246193 0.240721121633 0.0929112108816 0.14096130307 0.102845305208 0.10116683378 0.173326477621
-9999 -9999 -9999 -9999 -9999 -9999 -9999 -9999 -9999 -9999 -9999 -9999 -9999 -9999 2.59560728933 1.98948142328 1.62034946319 1.8735032819 1.317453866 1.38156752327 0.826331196321 0.728034579689 0.581510030122 0.630643734278 0.48029606678 0.523932559364 0.34337451709 0.415545922449 0.314344514951 0.252109720287 0.255078981133 0.319954925263 0.269797404328 0.0551171763142 0.0473124760723 0.0483683684085 0.0395337697903 0.15076245384 0.0339163697612 0.068920159005 0.024265873374 0.0847694490546 0.0685383355874 0.0818245533882 0.0691386458228 0.074959474244 0.17639751995 0.155171369161 0.420883910005 0.529540228174 0.307619431871 0.453166980051 0.284612528479 0.411709312293 0.436400497971 0.322436820743
-9999 -9999 -9999 -9999 -9999 -9999 -9999 -9999 -9999 -9999 -9999 -9999 -9999 -9999 -9999 1.46711535399 1.18689992733 1.1594978064 1.24204431898 0.76436643059 0.599348946576 0.633303163019 0.573454549668 0.615266321254 0.47253057428 0.442989935561 0.26963309286 0.322927153279 0.239467535923 0.233009694288 0.168217251384 0.167626602873 0.136920438285 0.169459743785 0.0558215459894 0.0569481881968 0.0511042341146 0.0490724932489 0.0489729268888 0.0174927211494 0.00996908263621 0.0153287524348 0.0201030624598 0.0308955502199 0.0539261788239 0.0391177376411 0.0243137640727 0.0267284993213 0.0659215905708 0.127536135589 0.120937180771 0.0993998210013 0.245430492445 0.596196128644 0.597983792039 0.581689396583
-9999 -9999 -9999 -9999 -9999 -9999 -9999 -9999 -9999 -9999 -9999 -9999 -9999 -9999 -9999 -9999 1.16185396467 1.06542550662 0.927996730793 1.46936154349 1.23346713656 1.21330057124 0.59311405081 0.498040349197 0.547240542714 0.442945721092 0.335721395927 0.186313914407 0.131506452355 0.20862356982 0.30817567411 0.199634649316 0.394519493134 0.226543242328 0.0498608165021 0.0612209686848 0.0617097489415 0.0725770572954 0.0762421225939 0.118283256728 0.120924182273 0.0950680840474 0.091656580392 0.0368792960549 0.0187960957315 0.0132003468583 0.0121959380386 0.103772697303 0.102808739916 0.0662432483246 0.13527588172 0.290432736471 0.200605604168 0.143568400677 0.212176637744 0.173722555179
-9999 -9999 -9999 -9999 -9999 -9999 -9999 -9999 -9999 -9999 -9999 -9999 -9999 -9999 -9999 -9999 1.56899283213 1.58745830194 1.46119494971 1.30762641618 0.811191722113 0.872509970822 0.691755470441 0.642089950753 0.500641170373 0.59626651327 0.398967102266 0.334891987493 0.145938765054 0.154853344224 0.103399880798 0.0965814715858 0.122941247537 0.140008294794 0.0989719946939 0.0558284975288 0.0959448194731 0.0769262217876 0.0738207464415 0.0685677640315 0.0469574962219 0.0288069578207 0.0647015248908 0.202820771609 0.0820286028416 0.0410832992621 0.0373215527091 0.0446708448568 0.0645948591244 0.0939889465951 0.193161812307 0.211545154882 0.381281908938 0.427554997851 0.682471513257 0.373878885405
-9999 -9999 -9999 -9999 -9999 -9999 -9999 -9999 -9999 -9999 -9999 -9999 -9999 -9999 -9999 0.950383629518 0.892342540325 1.2151488911 1.29474862608 1.23100891558 0.881850279882 0.778500350094 0.565965207881 0.594168978947 0.449896734953 0.51230960719 0.419254170464 0.452243518393 0.153918892134 0.211957048805 0.238035979745 0.253159468626 0.27708227227 0.105687584672 0.0399950409158 0.0428197834684 0.0444843985423 0.165439521249 0.127967188509 0.0455419389679 0.0366722911813 0.0422264956064 0.0429116743347 0.0416027639154 0.0541176652198 0.0335429395597 0.0229867386574 0.0485463570175 0.0899989051642 0.190093850578 0.14164657977 0.0931716111654 0.128574312547 0.155688724302 0.207242003029 0.218196890289
-9999 -9999 -9999 -9999 -9999 -9999 -9999 -9999 -9999 -9999 -9999 -9999 -9999 -9999 1.24990525933 1.12587339292 0.95813286532 1.40193238032 1.13715063475 1.0727692303 0.822188234761 0.999766396837 0.656728772564 0.704995904806 0.453994254971 0.411043565047 0.331077792934 0.338413694837 0.242444907417 0.241834495479 0.184357508469 0.193839849506 0.134471127163 0.215127331386 0.360326926268 0.262037200955 0.030129694363 0.019224361234 0.0273818983959 0.0356846889214 0.0309804376771 0.026099198635 0.0257399243997 0.0299028209932 0.0221238743363 0.0178992059843 0.0211519480987 0.114689713433 0.179428760161 0.121408766118 0.113873753143 0.111991782011 0.145613417017 0.139998402357 0.143848727256 0.160183866156
-9999 -9999 -9999 -9999 -9999 -9999 -9999 -9999 -9999 -9999 -9999 -9999 -9999 -9999 1.37514166712 1.64727441864 1.2736310706 1.28588052609 0.990853667846 0.848214294675 0.645281484457 0.816473076034 0.652334228528 0.72350155406 0.478552080031 0.36900190537 0.369403996805 0.36621676 0.236558416314 0.259977857369 0.253450859993 0.32000436426 0.517458557273 0.407205644226 0.330149346863 0.461066924224 0.221212244082 0.35974048302 0.105286505052 0.112028580026 0.237793112089 0.194892739785 0.0413087502617 0.0351941977885 0.0354041515589 0.0170271025659 0.0422363233085 0.253451961776 0.355838931357 0.441312158708 0.496678330005 0.486998682066 0.336117541592 0.266004716674 0.389476842173 0.360703233574
-9999 -9999 -9999 -9999 -9999 -9999 -9999 -9999 -9999 -9999 -9999 -9999 -9999 -9999 -9999 -9999 1.31880912351 2.26058005266 2.19584555585 2.13008425877 1.39887195571 0.748587543226 0.828310786782 0.836543845259 0.534644043879 0.650514631684 0.308958750009 0.340913898129 0.231320924068 0.336675970204 0.323628741432 0.426925619957 0.422092062485 0.297753124378 0.372349871697 0.380035983271 0.336815949786 0.116693219906 0.285146706917 0.371513680397 0.174927537941 0.126247509859 0.120080536315 0.0504839861024 0.0220384376079 0.0280986125802 0.0290375589734 0.0773151597262 0.176121464778 0.227287572153 0.248661798217 0.262682875191 0.256125025283 0.199812586801 0.127405916649 0.14092218619
-9999 -9999 -9999 -9999 -9999 -9999 -9999 -9999 -9999 -9999 -9999 -9999 -9999 -9999 -9999 -9999 2.60675367828 2.40758885804 2.21826201474 1.42593108458 1.48635983498 1.45186860347 0.587282251461 0.64925903507 0.672748700877 0.897702524585 0.682865967176 0.626161841828 0.49483028584 0.456969548413 0.621892547886 0.545155869162 0.38621758739 0.337669017142 0.195742098755 0.22637872544 0.276835019397 0.388522947254 0.188691710049 0.138061844126 0.240449635583 0.399479837096 0.0642763038131 0.103942907324 0.174910233965 0.0235515603604 0.0126285330623 0.0274320691908 0.138003489142 0.0885070775821 0.073515157208 0.0756825608098 0.0666597517327 0.0843134707329 0.0975927527422 0.0989263591295
-9999 -9999 -9999 -9999 -9999 -9999 -9999 -9999 -9999 -9999 -9999 -9999 -9999 -9999 -9999 -9999 -9999 -9999 2.26921592006 1.70869156393 1.18097476248 1.45475658 1.15807217023 0.859927513734 0.604804982271 0.635928567809 0.571669762412 0.606227137212 0.423588405087 0.395319734132 0.251920897234 0.191360006423 0.194125491452 0.265072777185 0.188740292008 0.297479798741 0.324944708078 0.173814252354 0.168436150664 0.266176591918 0.172343706111 0.136348256061 0.0981128003532 0.0966791018087 0.130648448146 0.0978451927113 0.016996843989 0.0166138295816 0.042365476399 0.0545806803446 0.0940623999446 0.123704362879 0.0690031949737 0.0722625594754 0.111142274441 0.124917738834
-9999 -9999 -9999 -9999 -9999 -9999 -9999 -9999 -9999 -9999 -9999 -9999 -9999 -9999 -9999 -9999 -9999 -9999 -9999 1.26911009602 1.26515707582 1.43618063007 1.27735146951 1.26911752983 0.781592861471 0.699005223467 0.396481216704 0.460759605993 0.23747412439 0.217329683835 0.239482922321 0.317306178 0.199581556078 0.164490260106 0.115428979069 0.0893691058476 0.0918219102218 0.182247460797 0.176348328059 0.221589474369 0.145737255942 0.121364444814 0.0957565731248 0.147404681026 0.182889698609 0.196573661003 0.0782144134054 0.0143877416105 0.0133793714252 0.0330245683406 0.0554840653949 0.08109017386 0.0678622907427 0.0666999344681 0.109600908107 0.101712298207
-9999 -9999 -9999 -9999 -9999 -9999 -9999 -9999 -9999 -9999 -9999 -9999 -9999 -9999 -9999 -9999 -9999 -9999 1.93794824555 2.24613399833 2.2901377269 2.18561239094 1.45248684434 0.862696947245 0.741742944177 0.658915104463 0.384371185001 0.42006808102 0.334347742829 0.276161996776 0.0509602194495 0.0630296818939 0.118438336066 0.188621961851 0.154370619195 0.219050067622 0.361532826875 0.324464600871 0.309138649908 0.283891717719 0.290499045485 0.145243175594 0.131328360755 0.0378617812847 0.0604790272575 0.0392255805766 0.206588295662 0.122197134879 0.0447249948245 0.0187250015573 0.0309257050477 0.108820376022 0.209925997458 0.248175993554 0.184883714434 0.146667727214
-9999 -9999 -9999 -9999 -9999 -9999 -9999 -9999 -9999 -9999 -9999 -9999 -9999 -9999 -9999 -9999 -9999 -9999 -9999 2.9917471998 2.80760341913 2.57254359095 1.61390261369 0.994627804333 0.936404041408 0.909751462284 0.445806476411 0.46418492091 0.349625231421 0.510237024317 0.223071154817 0.216100436891 0.309801276802 0.232866137776 0.106475828228 0.0623701643003 0.081870169401 0.0629282232941 0.057157388857 0.0571329587585 0.0844179903787 0.161569455769 0.0633353271585 0.0451065444415 0.0626197725326 0.249507710053 0.308476326878 0.172909491126 0.0713787932426 0.0267567691211 0.00798850559449 0.0336237260922 0.0607491874349 0.199657982895 0.106820504065 0.0505320428076
-9999 -9999 -9999 -9999 -9999 -9999 -9999 -9999 -9999 -9999 -9999 -9999 -9999 -9999 -9999 -9999 -9999 -9999 -9999 -9999 2.05941415603 2.41300242161 1.65432866982 1.24269444211 0.670301062339 0.845252265634 0.47332403308 0.50280780223 0.544732849697 0.429487186017 0.294797250684 0.267061028697 0.170480880004 0.141625595856 0.0679624800543 0.0878546088213 0.191985401734 0.263833578487 0.271753203432 0.236842620008 0.165873694773 0.287562363966 0.313082952788 0.239569546826 0.450186778187 0.341934211504 0.287577145573 0.359348393672 0.297698254902 0.127628100337 0.0675480468429 0.0357840799427 0.0174104045051 0.00829373327339 0.047110019222 0.028174699175
-9999 -9999 -9999 -9999 -9999 -9999 -9999 -9999 -9999 -9999 -9999 -9999 -9999 -9999 -9999 -9999 -9999 -9999 -9999 -9999 -9999 2.30956552669 1.92991450852 1.90660753182 0.662863139023 0.558733974461 0.460481899011 0.580855465355 0.385984298952 0.33605622149 0.389070548027 0.414812015104 0.266003090005 0.0683315051799 0.293665562465 0.446223033394 0.3356386314 0.203377403483 0.175393136139 0.189641904843 0.372484316457 0.419491863631 0.545600147307 0.246297779953 0.198464094213 0.11625948051 0.211283824603 0.253607020544 0.297170673603 0.437532689408 1.16726236246 0.165660280322 0.161736247745 0.0347962780065 0.0107464747903 0.0152450119968
-9999 -9999 -9999 -9999 -9999 -9999 -9999 -9999 -9999 -9999 -9999 -9999 -9999 -9999 -9999 -9999 -9999 -9999 -9999 -9999 -9999 1.74544856933 1.54777503764 1.55771264163 1.0612238292 1.14752764457 0.742582229915 0.697515075646 0.462987436563 0.388662550437 0.196330602469 0.290090680083 0.390499034628 0.330204117165 0.146564237931 0.235620951266 0.201423685975 0.234725905141 0.211954845488 0.321652422004 0.382939031135 0.347709936098 0.22773422104 0.207416888125 0.347480481681 0.312762387296 0.314943592845 0.299083801653 0.189135080566 0.201582812508 0.25479688845 0.128743540514 0.0263780708761 0.0217879254781 0.0219987974066 0.0120878562182
-9999 -9999 -9999 -9999 -9999 -9999 -9999 -9999 -9999 -9999 -9999 -9999 -9999 -9999 -9999 -9999 -9999 -9999 -9999 -9999 -9999 -9999 1.76993616673 2.25691992737 1.27476201293 1.02203987201 0.673495618047 0.852342378963 0.611589167295 0.563294693467 0.456062322358 0.520259417671 0.388295849104 0.42599086636 0.571768771796 0.330844066375 0.383938884109 0.329429875972 0.331262206164 0.31692889168 0.358982551226 0.153421950655 0.20767199129 0.351691795373 0.134945935503 0.108449521768 0.0985359778639 0.155583967851 0.302878210784 0.109954901855 0.0901728471078 0.0653293023363 0.0726576491608 0.0288244420243 0.0120698116761 0.00996525165916
-9999 -9999 -9999 -9999 -9999 -9999 -9999 -9999 -9999 -9999 -9999 -9999 -9999 -9999 -9999 -9999 -9999 -9999 -9999 -9999 -9999 -9999 1.89457054707 1.79687670718 1.16338699625 1.27333435864 0.878589695475 0.880870093995 0.72717253253 0.761883189383 0.576233373716 0.616823775787 0.602534605407 0.543140969726 0.346850086059 0.633881418474 0.335619245076 0.305038340575 0.468603105582 0.430154646507 0.200951615694 0.375123735059 0.216196939041 0.134400586502 0.128654992117 0.182292523863 0.33839756916 0.338601329111 0.152452001815 0.104439744664 0.0520659369792 0.0649540785135 0.0208496410206 0.0574413943885 0.0333694359523 0.0288203213861
-9999 -9999 -9999 -9999 -9999 -9999 -9999 -9999 -9999 -9999 -9999 -9999 -9999 -9999 -9999 -9999 -9999 -9999 -9999 -9999 -9999 -9999 1.91982708904 2.23854622684 1.71491824528 1.33563570866 0.995757956645 1.4116068787 0.883546918381 1.08944875361 0.721356307621 0.54237726058 0.433626240602 0.540121334114 0.655816979037 0.303676138012 0.302756937511 0.556920221839 0.429669112815 0.348247693865 0.384011870232 0.235989287448 0.133701553577 0.213265728837 0.372965780389 0.310586435195 0.32275976141 0.245169893272 0.193632640478 0.194173597879 0.369986997005 0.262525215027 0.0491582298314 0.0448752483054 0.0681968360375 0.077365394029
-9999 -9999 -9999 -9999 -9999 -9999 -9999 -9999 -9999 -9999 -9999 -9999 -9999 -9999 -9999 -9999 -9999 -9999 -9999 -9999 -9999 -9999 -9999 2.47550739344 1.9500388615 1.41601534807 0.884036587454 1.40554354241 0.868301381514 0.977812684343 0.739126548023 0.89149615269 0.714417722001 0.933844489151 0.490512420198 0.616601460851 0.671891851832 0.493004702082 0.211594743096 0.188052437959 0.112676783329 0.207685828099 0.377761297754 0.395245831052 0.326246800646 0.256182681847 0.103757921848 0.084638295831 0.100998020513 0.11700182032 0.0992991898407 0.149780731262 0.204060616733 0.148044581217 0.0435371954455 0.0337260919565
