data/recharge/transience/recharge474.asc
ncols                  80
nrows                 72
xllcorner      4374000.0
yllcorner      5656000.0
cellsize            500
NODATA_value       -9999
[rows 25 to 49 of 72, columns 0 to 56 of 80]
-9999 -9999 -9999 -9999 -9999 -9999 -9999 -9999 -9999 -9999 -9999 -9999 4.69972231883 4.28784526707 3.41796660975 3.5943845778 2.50002672911 2.42125185426 2.17600406758 2.71531868131 2.24260544658 1.8626262002 1.57145970634 0.582359750305 1.08188240104 2.85005260441 1.13707734735 1.18676009935 2.27416595589 1.929800456 1.74293961342 1.57667623988 0.960423411532 0.892255746695 1.52957745221 0.763139280267 0.483350246166 2.24489570021 2.10481679728 1.69830113139 1.47198446304 0.943263565325 0.823537976564 0.883899363088 0.877840729876 0.914553722689 0.966870323305 0.956225214072 1.04003369642 1.17760442784 1.30006091641 1.40114895065 1.47601580742 1.21643415608 1.11832597802 1.43354251001 1.51740205124
-9999 -9999 -9999 -9999 -9999 -9999 -9999 -9999 -9999 -9999 -9999 -9999 -9999 3.53934415216 3.71806763109 3.95481765083 3.46158776942 3.6012444574 2.77196312698 2.38084994133 2.17594092545 2.36014479652 2.45687160717 2.06235735517 2.25649004683 2.06135331791 1.56730046394 2.05647577434 2.03251112296 2.25591025234 1.95270224521 1.73844765993 0.91120434373 1.51334199932 0.94571537802 0.172452588892 0.38001645326 2.23915183638 2.04993260978 1.325367234 1.19137128225 1.55204859408 1.13600901861 1.12261315771 0.901007129848 0.790213232068 0.835169148174 0.778387235211 0.816187624062 0.887274405429 1.09244780846 1.21728653646 1.46135200446 1.47077247395 0.577684521947 0.865065488214 1.31630579414
-9999 -9999 -9999 -9999 -9999 -9999 -9999 -9999 -9999 -9999 -9999 -9999 -9999 -9999 3.49143079978 3.40163792758 2.91365704044 3.1009787565 2.87632628824 3.14649612561 2.47856957305 2.80913476885 2.21514453183 1.97276041387 1.57509192663 1.51850377013 1.80069013127 2.43796585954 2.06623058797 1.82874722842 1.92408508656 0.995306107592 1.1078717301 1.85299525042 2.21134368564 0.327492232839 0.37813404307 1.74797141687 0.613680103724 0.310374796954 0.476494792713 0.726341704539 1.65996331409 1.30408483408 1.04982980164 1.21600214823 0.769249538694 0.510989845983 0.927827932462 1.33913797823 1.29312984468 0.981380352389 1.01120966073 0.510156674907 0.706255713498 1.15318548859 1.15317861715
-9999 -9999 -9999 -9999 -9999 -9999 -9999 -9999 -9999 -9999 -9999 -9999 -9999 -9999 1.67200019813 2.07553785116 2.55951460625 3.16766575889 2.78501925977 2.99101126363 2.86655058741 2.60613378616 1.95376200214 2.66750936542 2.39448900199 2.51666380404 1.29776496493 1.22974460843 1.4468748705 1.72853247767 0.971110716792 0.41282622216 1.25639594038 3.56725669857 4.42787871426 0.429814462706 0.357855150843 0.590363104608 0.373792887824 0.284757720542 1.08308235328 1.2446503476 1.32227107096 1.55044710256 1.48967638179 1.21697581326 0.708041792688 0.221892496056 0.261730324278 0.663393721841 1.63090560547 1.86215006979 2.17924662216 1.75691706051 1.0998409221 0.531132285844 4.36119612677
-9999 -9999 -9999 -9999 -9999 -9999 -9999 -9999 -9999 -9999 -9999 -9999 -9999 -9999 2.20428568121 2.5576456713 3.17282589585 3.39488124223 3.25683199402 3.25564959169 2.72876327337 2.94819466389 2.79140853917 2.22346143268 1.90214384071 1.54015566436 1.60776841927 1.54105694579 1.0866654629 1.31892874066 1.23999429283 1.18590161331 1.06034726561 2.0490662244 2.81758253611 0.3983304826 0.448104899479 1.04857877012 0.327415294341 0.212595660536 1.05916642743 1.26678995308 1.13672473714 1.1854319289 1.09567143616 1.24699069269 1.05523314996 1.43989253442 2.49902937779 2.82922518814 2.74636733282 2.00999256392 2.7907781532 2.53727769366 2.37181666737 2.68568710955 2.32963234044
-9999 -9999 -9999 -9999 -9999 -9999 -9999 -9999 -9999 -9999 -9999 -9999 -9999 -9999 5.46066337292 4.45280913554 4.03183532813 4.57421028197 3.22982962426 3.41472340808 2.71059806107 2.54407134239 2.08424505703 2.21436143814 2.01478276992 2.22489941869 1.7275497101 1.83336437368 1.35523506369 1.29304062767 1.32277841849 1.57993160679 1.33454100368 0.456256948194 0.401789952472 0.409354441584 0.344730862964 0.707256612823 0.28286100754 0.422042091832 0.336285881563 0.605141546338 0.855855543571 0.960025037601 0.905748745922 1.03522236351 1.84852310388 2.31869206709 3.86641027191 4.29353391543 3.55439011823 3.90571406064 3.03573750965 2.88467305823 2.71406895912 2.30490555811 2.62369145851
-9999 -9999 -9999 -9999 -9999 -9999 -9999 -9999 -9999 -9999 -9999 -9999 -9999 -9999 -9999 3.52186271144 3.18114856966 2.86554865571 2.73180997197 1.93604492568 1.89243848231 2.3742017446 2.2060159345 2.23706613715 1.91580334275 1.93571816127 1.43500765882 1.53610498989 1.04172300625 1.0997489991 0.942279633083 0.86903031737 0.775992555779 0.862719939436 0.46092595286 0.468526711717 0.429639553768 0.415254504052 0.399591295936 0.207112510641 0.109621668845 0.148231719495 0.98200280469 0.975729018345 0.993030087948 1.14454642646 1.17738542453 1.26709717623 1.66812284211 1.69996576633 1.26297854441 1.11347935974 1.96745437604 3.13450706324 3.18803924123 3.14497496876 2.77142532905
-9999 -9999 -9999 -9999 -9999 -9999 -9999 -9999 -9999 -9999 -9999 -9999 -9999 -9999 -9999 -9999 3.09210301234 2.99266574887 2.78015714154 3.79607044837 3.61574378032 3.2701334715 2.20906041087 1.99136597973 2.10219323603 1.86013324424 1.58779168096 1.28012456828 0.611512448496 1.04616336065 1.1488020163 0.919877169507 1.41119995348 0.839353219058 0.394986328194 0.469740553817 0.459357332326 0.525643922564 0.518692684429 0.659956360504 0.875344037304 0.978347823202 0.782444260105 1.1157930618 1.03865501427 0.820699619639 0.753106330079 1.58033096413 1.20071677457 0.894404387521 1.38033981635 2.16315129328 1.70650605012 1.38063075898 1.75936695204 1.54835938754 1.55798501505
-9999 -9999 -9999 -9999 -9999 -9999 -9999 -9999 -9999 -9999 -9999 -9999 -9999 -9999 -9999 -9999 4.14490975823 4.23637735848 4.04378101894 3.70372497547 2.60449224008 2.66016712651 2.21077049963 2.18642922761 1.97715079203 2.26245136765 1.76775015317 1.72401627443 0.739868329572 0.846052839621 0.545500595902 0.424379176293 0.529508526214 0.527661088448 0.604834241346 0.434836969321 0.657813631337 0.687474248164 0.504922370512 0.451330487227 0.561651732122 0.405532320032 0.876035926877 2.63227447788 2.22015173013 1.62329577409 0.943689497311 0.352340348102 0.6954247293 1.13335974754 1.71616560782 1.8095720127 2.45308649438 2.60775268023 3.35721490776 2.4485611895 1.57436361221
-9999 -9999 -9999 -9999 -9999 -9999 -9999 -9999 -9999 -9999 -9999 -9999 -9999 -9999 -9999 2.66682181954 2.62191844993 3.35396377833 3.43025826973 3.29833043244 2.87570824816 2.57937144907 2.24677895693 2.12631543261 1.77201488913 1.96029882394 1.73380979569 1.78775988282 0.900642819719 1.28522097917 1.18923496391 1.25207212382 1.29717893768 0.650774932307 0.334833065986 1.61933176561 0.527732100921 1.24839396089 0.561575204966 0.297777186754 0.361786998386 1.14247612033 1.49498415217 1.47201132279 1.76594871506 1.37721989238 0.213882364822 0.293692712148 0.742802558272 1.79998630537 1.45210021719 1.09338118902 1.29543958505 1.47563073581 1.74383912058 1.80256255975 2.30084048916
-9999 -9999 -9999 -9999 -9999 -9999 -9999 -9999 -9999 -9999 -9999 -9999 -9999 -9999 2.87247434363 3.05521694007 2.77306063565 3.75919741066 3.15384010384 2.96938849169 2.55305853194 2.9645670843 2.30315701164 2.43264656342 1.78271080781 1.65222011222 1.44393864813 1.51496808063 1.17696181301 1.17479643574 0.95864700177 1.0013467864 0.817202830922 1.04143792681 0.672809174324 1.36607046674 0.833335162392 0.293569588659 0.315016868066 0.310058580506 0.317355500572 1.17486286247 1.13923413092 1.23857045773 1.07831635879 0.942903678271 1.16065530336 1.74429915765 1.74806110481 1.36925091353 1.25786795697 1.24343692613 1.41086487866 1.37233909337 1.36266794597 1.46808498642 1.65749214469
-9999 -9999 -9999 -9999 -9999 -9999 -9999 -9999 -9999 -9999 -9999 -9999 -9999 -9999 3.08788541023 3.98301960459 3.4691416759 3.56037430134 3.0277854597 2.69704575705 2.13398790027 2.55403956562 2.18310977593 2.36625373647 1.86654745708 1.54423127369 1.74136328822 1.85309112195 1.36554381093 1.2603985811 1.20031439377 1.70377313863 2.5121383836 1.98637032591 0.570020532477 1.56090616935 2.74571642508 3.31873076629 2.10465493334 2.15635660345 2.94003717585 2.722715352 1.4831779541 1.36482140429 1.40282508747 0.898143428361 1.56490636788 2.5912208906 2.48501600585 2.73872688198 2.90923230324 2.88218104044 2.42041786946 2.11696639442 2.66451608713 2.55509899085 2.06490955628
-9999 -9999 -9999 -9999 -9999 -9999 -9999 -9999 -9999 -9999 -9999 -9999 -9999 -9999 -9999 -9999 3.56288097111 5.23120035248 5.16822687162 5.05574599605 3.83836272997 2.41798397502 2.62885049675 2.64843101937 2.03288713626 2.52492795064 1.6773027395 1.80017261727 1.58904584325 1.87849144247 1.78804342785 2.28021385101 2.26436211945 1.87928207274 2.11219704779 2.13586086765 2.43138877116 1.96556818716 2.89669918293 2.89764591977 1.93386334027 1.8417751819 1.14137475348 0.691434464656 1.06108491727 1.22934555121 1.25747409397 1.4890561284 1.66038179267 1.90801364631 1.99114830301 2.05553446938 2.06803932829 1.77153643443 1.29563054353 1.39267836225 2.3348844516
-9999 -9999 -9999 -9999 -9999 -9999 -9999 -9999 -9999 -9999 -9999 -9999 -9999 -9999 -9999 -9999 5.52632328076 5.22229499814 4.97096605468 3.65681886875 3.86847951965 3.809042056 2.00258367298 2.14786535063 2.26161214437 2.92936410959 2.62170511936 2.49174814145 2.30371016303 2.20666863467 2.61268871386 2.42934548614 1.973558931 1.91129760142 1.42475937474 1.55179878391 1.70949765818 2.06250088727 1.42231984723 1.22827574611 1.76939845158 2.35642428522 0.634789650834 0.486563730442 2.51979126456 1.10035486915 0.706489752624 1.08187081797 1.45795246834 1.05637927976 0.904510916611 0.924402667797 0.848614454158 1.02419803955 1.16275772838 1.17387924754 1.16639007976
-9999 -9999 -9999 -9999 -9999 -9999 -9999 -9999 -9999 -9999 -9999 -9999 -9999 -9999 -9999 -9999 -9999 -9999 5.05111251109 4.13872701396 3.32786213914 3.81503424892 3.38867521506 2.66707749387 2.08266120775 2.24317603988 2.34830585198 2.53751593467 2.10091164453 2.030511476 1.54309636487 1.296660979 1.27834462417 1.59802868467 1.39335826505 1.80886372744 1.8698596013 1.29656454491 1.28572028457 1.8274934173 1.44364272301 1.24228508382 1.21146086228 1.20033017602 1.30365680498 1.50765444032 0.858148960444 0.870985968649 1.36229018365 0.853876593029 1.09701931646 1.26506210905 0.87459592831 0.908834749279 1.28724548679 1.4035422216 1.29167488784
-9999 -9999 -9999 -9999 -9999 -9999 -9999 -9999 -9999 -9999 -9999 -9999 -9999 -9999 -9999 -9999 -9999 -9999 -9999 3.36685099075 3.34485707265 3.62931114746 3.33882517003 3.26211412494 2.35380852005 2.14806808824 1.72044024891 2.08725524765 1.49881445136 1.41596067303 1.50614703364 0.603859397866 0.706435210451 1.16604703089 1.02040708253 0.967904961451 0.947110756544 1.38754490129 1.34782481664 1.61032286872 1.31115545695 1.16488481008 1.01507133666 1.35958504996 1.64852697856 1.72185351743 1.45192964034 0.794606677753 0.72303282413 1.32013037656 1.12613868303 1.04950280192 0.895924244442 0.88321638879 1.2928923659 1.21893674886 1.01888235942
-9999 -9999 -9999 -9999 -9999 -9999 -9999 -9999 -9999 -9999 -9999 -9999 -9999 -9999 -9999 -9999 -9999 -9999 4.45346882369 4.92901986089 4.97047090237 4.81228670756 3.63228005643 2.43246587595 2.26067329181 2.1824362993 1.59652619919 1.86116447673 1.85393799884 1.65029126488 0.399006427148 0.327600208758 0.316063539774 1.40488190332 1.35885321062 1.63597520124 2.05554815024 1.94673932788 1.95580492584 1.89673878175 2.00562017801 1.30885138937 1.06994746987 0.24932093044 0.297693576666 0.277759820114 1.04990023158 2.34360652964 1.66348206099 0.942499214458 1.40501478714 1.10310386336 1.31995841273 1.4013876998 1.57951401456 1.60875434826 1.56150100706
-9999 -9999 -9999 -9999 -9999 -9999 -9999 -9999 -9999 -9999 -9999 -9999 -9999 -9999 -9999 -9999 -9999 -9999 -9999 5.7345885632 5.36310595463 5.03840443342 3.80856198194 2.65474180173 2.56502423445 2.50828534083 1.77825525859 1.79887332304 1.72629310962 2.20107045816 1.11226531297 1.08549231579 1.68096251407 1.69747632725 0.611322660865 0.408383457401 0.894708237089 0.755382983929 0.705223464306 0.705594810879 0.924008059212 1.39235101623 1.09838203241 0.562302996038 0.522455234565 2.59225897052 2.38050924739 1.76722337032 1.99288770633 1.26180749112 0.551481971795 0.433641215988 0.420650292565 0.703258015008 0.811195538219 1.04052973051 0.970507527453
-9999 -9999 -9999 -9999 -9999 -9999 -9999 -9999 -9999 -9999 -9999 -9999 -9999 -9999 -9999 -9999 -9999 -9999 -9999 -9999 4.31979328811 4.82080917005 3.87027377945 3.18837377088 1.97843028924 2.36982198921 1.80395526658 1.89575384451 2.06707609507 1.71332839945 1.23847514588 1.13760777569 1.26347564746 0.649720536806 0.389678825831 0.616921941999 1.44245955481 1.6933087194 1.76385774889 1.60833812683 1.32422434476 1.87366441049 2.19902097407 1.90132017884 2.80609766673 2.41582576203 2.28161286387 2.59888881295 2.5490407144 2.40505464513 1.98206229211 1.31109148966 0.796691170148 0.440388544867 0.402570103613 0.880762265763 1.25941878723
-9999 -9999 -9999 -9999 -9999 -9999 -9999 -9999 -9999 -9999 -9999 -9999 -9999 -9999 -9999 -9999 -9999 -9999 -9999 -9999 -9999 4.51037825138 4.09367711918 4.05852630428 2.00522414777 1.75317944947 1.69170211882 2.05592188166 1.49631134401 1.33589536988 1.54052459683 1.36931695575 1.75655900309 0.519842761368 1.29791690867 2.28423302457 1.89793646466 1.44740094726 1.29536913525 1.34420317139 2.14503309897 2.28872053574 2.8188798795 1.94560269178 1.77527668965 1.24448299518 1.89908069057 2.13173587949 2.42152945013 3.03353974136 2.03595598274 0.593607578076 1.53833670779 1.33415353651 0.516608242247 0.700520308243 0.909770383989
-9999 -9999 -9999 -9999 -9999 -9999 -9999 -9999 -9999 -9999 -9999 -9999 -9999 -9999 -9999 -9999 -9999 -9999 -9999 -9999 -9999 3.71017993664 3.5341266928 3.54641564028 2.94441905377 3.06378689441 2.39398349992 2.60121669256 2.00517369954 1.7165932981 0.677853301696 1.24901799563 1.97574896323 1.9720641037 1.24251496593 1.55544489745 1.40214734566 1.63459686763 1.54692375842 1.88507363285 2.1764895734 2.06312764903 1.69471296389 1.67751119062 2.46901865511 2.3273856317 2.4226715836 2.35165561092 1.83158951754 1.648845772 0.839981814563 0.453168321321 0.296145926474 0.822839121394 0.952760977148 0.573341935287 0.691305671466
-9999 -9999 -9999 -9999 -9999 -9999 -9999 -9999 -9999 -9999 -9999 -9999 -9999 -9999 -9999 -9999 -9999 -9999 -9999 -9999 -9999 -9999 3.85911589715 4.55620559868 3.12619180548 2.5954076804 2.14348373136 2.78308260154 2.46447560564 2.2898268204 1.95699577123 2.13618251166 1.95402995231 2.17652343967 2.55848966148 1.90422722739 2.16469553855 2.00867715112 2.12634007462 1.98839814885 2.19077843937 1.31816693464 1.67826510005 2.26748206447 1.4508072717 1.27780627041 1.23573068014 1.71337606466 2.59717138287 1.3270926335 0.371472110704 0.271933675325 1.71362695744 1.33596917475 0.592473060375 0.500098354751 0.625548629811
-9999 -9999 -9999 -9999 -9999 -9999 -9999 -9999 -9999 -9999 -9999 -9999 -9999 -9999 -9999 -9999 -9999 -9999 -9999 -9999 -9999 -9999 4.04525895655 3.8980689861 2.91769339572 3.07753048064 2.48038440603 2.75090671661 2.73200724457 2.75356643686 2.37098018979 2.46317580748 2.47260103795 2.44444018427 1.95373433739 2.69528695576 1.97742818596 1.90026730476 2.45745238514 2.31834843443 1.56078012826 2.2447178543 1.71846500497 1.27585175179 1.3170924299 1.78920323782 2.69286575024 2.6532390171 1.60759873165 1.47059849492 0.553929038442 0.834916669272 1.04410704998 2.06286646736 1.37273290885 1.22766357318 0.963146090217
-9999 -9999 -9999 -9999 -9999 -9999 -9999 -9999 -9999 -9999 -9999 -9999 -9999 -9999 -9999 -9999 -9999 -9999 -9999 -9999 -9999 -9999 4.08257716328 4.53112355136 3.73333590124 3.04650973202 2.6652309755 3.60792679494 2.96043811208 3.28847228219 2.63041944883 2.22749486787 2.00212918106 2.38820464347 2.77833196401 1.83855739095 1.95014963101 2.69593275385 2.44064069557 2.18674625949 2.4737970961 1.89573462821 1.43390841237 1.90060711488 2.62379315368 2.45313092531 2.71819658354 2.33194785883 2.01898808759 2.02309563098 2.95753543614 2.40871536916 1.7906809148 1.85047601851 2.19113617693 2.35057794355 1.48186267094
-9999 -9999 -9999 -9999 -9999 -9999 -9999 -9999 -9999 -9999 -9999 -9999 -9999 -9999 -9999 -9999 -9999 -9999 -9999 -9999 -9999 -9999 -9999 4.8679966723 4.10631536642 3.1893267943 2.42581738559 3.45424308931 2.92403418334 3.08050521773 2.6654496705 2.97205232272 2.67603138383 3.15366032312 2.38875394319 2.69284732103 2.96240182156 2.53125342649 1.6443134063 1.18642422408 1.21495419346 1.75887323946 2.62583000807 2.66870212993 2.44928492355 2.14493044498 1.29539247088 1.16581230449 1.2964569251 1.43940936574 1.22852760916 1.65853936612 2.1095332752 2.87441814852 1.59757271952 1.06947470404 2.30104959592
