data/recharge/transience/recharge42.asc
ncols                  80
nrows                 72
xllcorner      4374000.0
yllcorner      5656000.0
cellsize            500
NODATA_value       -9999
[rows 0 to 25 of 72, columns 0 to 56 of 80]
-9999 -9999 -9999 -9999 -9999 -9999 -9999 -9999 -9999 -9999 -9999 -9999 19.1093072715 19.6785501693 -9999 -9999 -9999 -9999 -9999 -9999 -9999 -9999 -9999 -9999 -9999 -9999 -9999 -9999 -9999 -9999 -9999 -9999 -9999 -9999 -9999 -9999 -9999 -9999 -9999 -9999 -9999 -9999 -9999 -9999 -9999 -9999 -9999 -9999 -9999 -9999 -9999 -9999 -9999 -9999 -9999 -9999 -9999
-9999 -9999 -9999 -9999 -9999 -9999 -9999 -9999 -9999 -9999 -9999 -9999 17.3674373528 16.3808210576 16.0346817815 -9999 16.5396188728 -9999 -9999 -9999 -9999 -9999 -9999 -9999 -9999 -9999 -9999 -9999 -9999 -9999 -9999 -9999 -9999 -9999 -9999 -9999 -9999 -9999 -9999 -9999 -9999 -9999 -9999 -9999 -9999 -9999 -9999 -9999 -9999 -9999 -9999 -9999 -9999 -9999 -9999 -9999 -9999
-9999 -9999 -9999 -9999 -9999 -9999 -9999 -9999 -9999 -9999 16.6927997061 16.5316835268 16.9632304257 16.5914984427 15.751098771 15.1792158681 14.2888706353 14.3956321495 -9999 -9999 -9999 -9999 -9999 -9999 -9999 -9999 -9999 -9999 -9999 -9999 -9999 -9999 -9999 -9999 -9999 -9999 -9999 -9999 -9999 -9999 -9999 -9999 -9999 -9999 -9999 -9999 -9999 -9999 -9999 -9999 -9999 -9999 -9999 -9999 -9999 -9999 -9999
-9999 -9999 -9999 -9999 -9999 -9999 -9999 -9999 -9999 16.5842087142 16.4892420709 16.3160795364 16.0938841333 16.3115456501 15.9160437618 15.8472678543 14.9403871636 16.2543023929 -9999 16.6762339295 -9999 -9999 -9999 -9999 15.6965901727 16.0207300229 -9999 -9999 -9999 -9999 -9999 -9999 -9999 -9999 -9999 -9999 -9999 -9999 -9999 -9999 -9999 -9999 -9999 -9999 -9999 -9999 -9999 -9999 -9999 -9999 -9999 -9999 -9999 -9999 -9999 -9999 -9999
-9999 -9999 -9999 -9999 -9999 -9999 -9999 -9999 17.711016422 17.0822593127 16.2611347042 16.1055240453 15.7353865068 15.4678659902 15.4213820468 15.3137129321 14.4021325206 14.1393540126 13.9733442232 15.2092557073 15.1754125635 15.4865690668 -9999 14.6304644566 15.9871087536 16.0174859325 -9999 -9999 -9999 -9999 -9999 -9999 -9999 -9999 -9999 -9999 -9999 -9999 -9999 -9999 -9999 -9999 -9999 -9999 -9999 -9999 -9999 -9999 -9999 -9999 -9999 -9999 -9999 -9999 -9999 -9999 -9999
-9999 -9999 -9999 -9999 -9999 -9999 17.4917051595 16.7540278933 16.5536230194 16.6941810255 16.7831180282 16.6716146039 16.1325304234 15.9922272524 15.4100882006 15.7113897824 14.9362345918 14.5112606331 15.0147761026 15.0726252777 15.0003280487 15.2692697444 14.9871014067 14.6485824752 15.2289288326 15.0974893421 15.6213388135 -9999 -9999 -9999 -9999 -9999 -9999 -9999 -9999 -9999 -9999 -9999 -9999 -9999 -9999 -9999 -9999 -9999 -9999 -9999 -9999 -9999 -9999 -9999 -9999 -9999 -9999 -9999 -9999 -9999 -9999
-9999 -9999 -9999 -9999 -9999 -9999 17.2503501382 16.8440767669 16.0746314638 15.9021225091 15.6219107031 15.7182560967 15.4442324638 15.3051888812 14.837983567 14.1238231787 13.8024902461 11.9537863752 13.6524202965 13.2475572459 13.7430765257 14.953902802 14.5470806133 14.3904568078 14.0191646157 13.4952232227 15.2079235616 15.9206511737 16.1207095021 15.8740249206 16.7468761896 16.8174648086 -9999 -9999 -9999 -9999 -9999 -9999 -9999 -9999 -9999 -9999 -9999 -9999 -9999 -9999 -9999 -9999 -9999 -9999 -9999 -9999 -9999 -9999 -9999 -9999 -9999
-9999 -9999 -9999 -9999 -9999 17.8832263081 17.3130838687 17.1264522006 16.7184761877 16.9050049755 16.6042115005 16.1311663356 15.290659977 15.376428763 15.2854999177 15.3168323514 11.9398440324 6.75016974315 11.8446907183 13.3886405589 13.7992836784 13.472762979 14.0474932176 14.3417833629 14.3985151419 14.7059966416 14.9907612555 15.1905696772 15.8329942209 15.7523600222 15.7135181284 16.09006443 15.5321449067 15.2610626345 -9999 -9999 -9999 -9999 -9999 -9999 -9999 -9999 -9999 -9999 -9999 -9999 -9999 -9999 -9999 -9999 -9999 -9999 -9999 -9999 -9999 -9999 -9999
-9999 -9999 -9999 -9999 -9999 17.8182818779 17.0618692376 17.1499058756 16.6182242214 16.3876251506 16.1634678688 16.3314134109 11.8159206951 9.73632227833 15.8496648061 16.0663540443 13.4449346159 5.53250358147 9.69924267839 12.1732080478 13.0802047316 13.475329653 14.5497884315 14.2304871561 13.7682870052 12.9535581254 13.3403800255 12.7268973413 14.0723031124 13.8616973297 13.5289967345 13.9370801762 14.5286963722 14.1448454852 14.5061996972 14.0569333288 -9999 -9999 -9999 -9999 13.6994681699 13.4851579562 -9999 -9999 -9999 -9999 -9999 -9999 -9999 -9999 -9999 -9999 -9999 -9999 -9999 -9999 -9999
-9999 -9999 -9999 -9999 -9999 17.5683508829 17.1272940394 17.007501091 16.6818544946 16.9959336364 16.6985815317 16.5575495035 15.9197075986 15.9523467848 16.2035402666 15.7658172005 14.9816126254 15.8510237174 15.1211111814 15.3710883285 14.3481580849 13.1611312729 12.9503047106 12.5883808761 13.6038101406 13.1505506789 13.0590265344 12.1910470156 14.3937820202 13.440854847 9.70112869109 12.5265685026 14.4016832471 14.3513591741 13.9406660892 14.4071048773 14.1650958868 -9999 -9999 14.1769737355 14.5000513286 14.18010795 14.9045307843 -9999 -9999 -9999 -9999 -9999 -9999 -9999 -9999 -9999 -9999 -9999 -9999 -9999 -9999
-9999 -9999 -9999 -9999 -9999 -9999 17.7424753332 17.7380758099 17.0015159727 17.049487077 16.4381152525 16.605540153 16.7281611208 17.341009503 15.4021964422 15.0750518589 15.0812537487 14.9962032505 13.7988840245 13.6345966109 13.6334276997 13.9601466883 13.2846328616 13.9609766074 13.0827385263 12.19734173 10.9335034243 11.4147492759 11.8071936695 11.8715985652 11.8678271493 12.5431082095 12.2777549191 11.9034717625 12.1960204576 12.7342070742 12.7545077585 11.700762885 12.9616962736 12.696616532 12.4342954621 13.8748841275 12.0100434327 10.8068046921 -9999 -9999 -9999 -9999 13.0090419943 12.2342151388 3.85122033724 -9999 -9999 -9999 -9999 -9999 -9999
-9999 -9999 -9999 -9999 -9999 -9999 -9999 17.908576461 16.8403298572 17.0415186687 16.947180362 16.8655096205 16.3588255166 15.7497103788 15.4142129915 16.0158830767 15.6942774609 15.5680920378 15.3408357579 14.6340409358 13.1050058553 13.133033466 12.8403802868 12.971888764 12.4121129687 11.5484223691 11.1368120412 11.9056482932 11.9441056 11.7033698713 12.1757773769 12.0780759817 12.375387153 11.9900406813 12.9501590175 12.8968224183 12.6377958908 12.6782020098 12.7896804335 12.7564990904 11.9468760606 11.6201359091 10.9108749164 10.62998907 9.87293318682 10.4869524473 10.7817347475 10.0354178031 9.83314307296 10.6222062182 10.6232969559 9.24937049904 -9999 -9999 -9999 -9999 -9999
-9999 -9999 -9999 -9999 -9999 -9999 -9999 -9999 16.7948048045 16.6677684485 16.7648303191 16.9439221778 16.4529466453 16.8563452545 16.4936158591 16.2190396731 15.0320082949 15.106834357 13.615375531 14.4497291359 15.2966657101 15.1582215081 16.4416280036 19.118213429 18.4916443513 18.1922259071 12.3235477139 10.7536893028 9.93975420596 9.11693303941 9.55454267508 9.96161329275 10.1943930374 9.76880735102 10.670986966 10.8037350701 11.1556775396 11.5144862276 10.8688807861 10.7081267731 10.4686195525 10.1691190374 9.11866684903 8.72159053443 8.48861037113 8.09485814812 8.64413600882 8.13550768457 7.83171620209 8.57570814082 8.42243012463 8.89379637267 8.0719967408 -9999 -9999 -9999 -9999
-9999 -9999 -9999 -9999 -9999 -9999 -9999 -9999 17.3279838994 17.0485193374 16.5191784262 16.5948463461 16.2889959541 16.2883957358 15.6502979466 15.4831751416 14.9572039036 15.2410540809 14.4666075094 14.9061402519 15.1523657748 15.0849398095 19.2482169851 22.9175766149 20.6000586376 17.874453417 18.3141927816 13.610745432 10.2849747555 9.0897678891 9.11896904324 9.62427336963 9.33198869402 9.61210696207 10.5995135057 5.35187816889 11.820989005 11.2266894761 10.8380469879 10.6926937507 10.3962266519 9.9789871796 8.82799905752 8.78522036343 8.1252151884 8.07330809295 8.58883185024 8.23993703507 8.17089679875 8.81077547467 8.63074005199 8.66483485939 8.469504948 9.0051138291 7.95618704788 8.45887830143 -9999
-9999 -9999 -9999 -9999 -9999 -9999 -9999 -9999 -9999 17.335400076 16.8954877852 16.5518614229 16.4297800798 16.5514543798 16.0961029927 16.1375438639 16.2026561238 16.1499480217 16.0381000748 16.0923136201 15.8517431183 14.8770289932 15.9366114589 25.8564462969 22.7786770166 20.8450686551 17.1009438368 15.909550377 10.5496943054 8.90498355667 8.51617720468 8.79085659504 8.49187668791 7.77665364471 8.77348584649 8.66100185435 9.927789753 9.4906356514 8.97395771406 9.0517588547 8.62261919706 8.73517763691 7.4770030624 8.57336038997 7.27469055156 6.64517964736 6.18814611555 6.22383677096 6.6943627937 6.53859347999 6.78218540809 6.57535501787 6.95934060633 7.36735056514 7.88860987271 6.81565664364 5.72869516559
-9999 -9999 -9999 -9999 -9999 -9999 -9999 -9999 -9999 -9999 16.599623792 16.7789665099 16.3720821548 16.5122061163 15.8450950232 15.5812232534 15.2018790063 16.1793822792 15.3259795652 14.4254011761 13.6028515396 13.2408610114 11.9589179955 16.7792224446 19.3492109049 20.8003274165 18.5743831664 17.1760179863 14.4259637906 12.0562091954 8.70223368108 8.73447352154 9.31321433086 8.41948342923 9.69800331494 9.33747589702 9.72672602396 9.49433454146 9.03824027709 9.08530826444 8.99050497851 8.96734962513 8.34472983589 8.31000627747 8.9812856027 8.70957164927 7.84985467437 6.69423536847 7.20618932821 7.1234009944 7.59850464132 7.3479977943 6.7201222679 7.38451102245 6.80792765131 6.69364254343 5.66632241125
-9999 -9999 -9999 -9999 -9999 -9999 -9999 -9999 -9999 -9999 -9999 9.28634917159 11.6908274467 16.2673993599 15.7677154341 15.3271527511 14.8462753005 14.7929791808 13.1597486162 13.8502691613 13.9882185119 13.7846001767 11.4772211185 10.3202389008 11.4813460386 14.0112049971 15.7843036164 18.5386488746 16.9191808591 9.12811594184 10.4949243784 8.5971016027 8.02711938032 8.16136486147 8.17649522051 7.4418679036 8.03925469735 7.98343297263 8.08987041965 8.09142433671 8.27432531114 7.7753915803 7.65516152639 7.09217416442 6.44477729608 6.05482560351 6.7733350122 7.47458764972 7.09139857784 6.46194271528 6.01779212649 6.69639316176 6.6488888469 6.15924704029 5.3876091669 5.56384168345 5.11598160094
-9999 -9999 -9999 -9999 -9999 -9999 -9999 -9999 -9999 -9999 -9999 8.56940609282 12.5245601355 15.7503866859 15.7341284687 15.3153566535 13.8990584107 13.5556765711 13.9247427212 14.0160305779 13.4041792689 14.3670249037 11.6247696649 11.0180955713 10.5470824925 11.1854101539 12.2575257193 15.3932592637 14.9261807065 14.5882789363 16.1512377013 15.6390389942 11.6466218037 12.0846724385 9.97571928608 7.86424561116 7.99987912571 8.14078395982 7.88202915665 7.98342019665 8.17003160168 8.82202891625 7.28682348777 7.33946261092 7.09410521051 7.18670151149 8.47486980764 9.26581057838 8.91650312654 7.28895355588 7.86298939413 7.77095884487 6.45176611553 7.18226864829 6.85848033971 6.07062862214 5.65438377354
-9999 -9999 -9999 -9999 -9999 -9999 -9999 -9999 -9999 -9999 -9999 17.3450221221 16.4531261507 16.3001203026 15.0421740406 15.235220754 13.4801839478 12.3131275563 12.2723267837 12.678334689 12.1091720701 12.2948499926 10.5283756557 9.66867734755 8.76850669492 8.67795795178 7.92732877597 7.76387861193 7.8339311817 9.42234007163 11.3712948008 14.9167249509 16.6440582026 16.0034799322 11.3583854675 9.68387510724 10.7873245414 9.20164323289 7.0217413604 5.22123222106 4.42047538333 7.48172247652 8.00858012777 8.74464104096 8.99931502435 9.71194980646 7.94618142801 7.42907652462 7.49022306373 7.52485359274 6.93037135876 7.47728047025 7.92236653008 8.76283459344 8.23310500286 6.22779436047 5.06721313766
-9999 -9999 -9999 -9999 -9999 -9999 -9999 -9999 -9999 -9999 -9999 -9999 16.0384955712 16.1251998909 15.7406747767 15.3856516877 14.0307379907 13.1692344256 11.8764463782 12.9060980133 12.3868314779 11.8947867454 10.955706749 10.8583063561 9.08821249713 9.26723666406 8.07090169633 8.3234428359 7.65060651372 7.30548538389 7.21552596041 7.54623394 8.04647627218 10.2755376119 12.1247334667 4.49330813433 11.3760976315 9.93693492654 9.56027073665 7.18042773773 7.61402503837 7.60674027202 9.22699165646 10.0592216939 10.3058300228 10.0193355245 8.51303514873 7.49210299048 6.39877380015 6.91915672325 6.63440289163 5.92267861397 5.43829958091 5.51450563306 5.25986830395 5.95726239444 2.67678301252
-9999 -9999 -9999 -9999 -9999 -9999 -9999 -9999 -9999 -9999 -9999 17.173512603 16.8465056435 16.7736879188 16.4330152463 9.87811629284 13.038059417 14.4133529045 12.1590414348 12.7739852428 10.7847595506 10.642455169 9.2900745265 9.49878648733 8.84522284628 8.72440164746 7.21187354877 6.96877771106 6.63883787539 6.39483827203 6.04164648427 6.30302482322 5.95215241968 5.87163010016 6.32793622716 10.814864677 11.0530893222 8.519408647 7.97683324362 6.62601901394 6.85601824317 6.81875529805 9.07487050685 10.2547261327 11.757810148 11.7393702261 10.2155026918 9.47230709787 7.77331636733 7.8262347837 6.30263366811 4.65190036129 4.2515204715 4.28436161929 4.04018975704 4.46918258564 6.11856346348
-9999 -9999 -9999 -9999 -9999 -9999 -9999 -9999 -9999 -9999 -9999 17.4359213663 17.4626034548 17.1213388315 16.0445442731 12.3888832478 15.0375146579 15.0325804247 12.7975730001 12.9771490323 10.7800253665 10.2044846711 9.76289362083 9.99873258461 9.21310798648 9.34108420529 5.25585634225 5.91978757229 7.35419260335 8.78530154808 8.12661749893 6.44835979907 5.82652502853 5.87708484572 6.14360998935 8.06828028612 9.33959339096 11.0280999347 8.68388406265 8.36281533306 6.25864832242 7.12560144925 8.51798382059 8.49231723683 8.93922116605 8.60887897984 9.28650356429 9.52325244774 8.76908945231 8.67067221114 6.08191177457 6.33502493408 5.80095032842 5.55383689763 5.33793344194 4.97595394118 3.93348679069
-9999 -9999 -9999 -9999 -9999 -9999 -9999 -9999 -9999 -9999 -9999 17.767975197 17.5628352706 17.0270011913 16.72971529 16.6399498782 15.3163699931 15.3935944542 14.5218172461 14.618902265 10.4465296456 5.39780671641 10.5367764198 11.8321722337 9.589474364 9.59689663194 9.49028333053 9.07221572152 7.45516567798 6.64959046006 6.54390610477 8.22060999395 8.280425513 7.79896841591 6.3398794798 7.16276331768 6.79294073648 5.65424575355 8.24162528399 6.6731126559 7.01686744517 7.1575828235 6.913627522 6.31471126316 6.5265980959 6.54256329461 7.4682843856 7.57980439617 6.80500304444 6.39447273863 5.60481117792 4.82991781167 3.98736603078 3.83175007553 3.58035941451 4.17453018835 5.01008329203
-9999 -9999 -9999 -9999 -9999 -9999 -9999 -9999 -9999 -9999 -9999 -9999 17.8387428685 17.3616819041 16.6699673688 16.4182315262 15.5455204755 15.6713857602 14.1082912307 14.7636745852 13.1822349746 14.0879281483 10.8252654383 9.84271141453 9.22512713169 9.13769581013 7.77197324263 8.04068348334 7.24728114946 6.66118080294 5.840725376 6.12030956428 5.38899729534 5.87860382896 5.78299630378 8.93423708027 7.6371323143 6.48638525324 9.12253168358 8.920179864 6.72480893336 6.08630635524 6.75633768431 6.11570831749 6.53480233409 6.61711686188 6.77691123497 7.11506361385 6.2780709077 6.16520407341 5.41656523243 2.84622502722 3.36397659444 5.44030436853 4.33511487246 4.20641805959 3.92463226442
-9999 -9999 -9999 -9999 -9999 -9999 -9999 -9999 -9999 -9999 -9999 -9999 18.3721816008 17.5910990377 16.9874773252 16.8858756846 15.4883049685 15.9023010504 15.056804164 14.5655872627 13.6426437353 13.0741214362 11.6577332185 11.9171791051 10.1779271913 10.7008228635 10.4585672323 9.9426790616 8.57334763116 9.65033391229 8.35057341171 8.66076906909 9.26266190217 9.01853443002 9.51214655467 9.27109806624 7.77668045227 9.48080154296 11.3366598174 9.09813413873 7.4957555384 5.79394094144 5.18977365888 5.10893218377 5.20147597698 5.32180960653 5.29898732103 5.56605971834 4.9852870366 5.04170129855 4.81393905016 4.32590056184 4.37636477751 3.62395803393 3.12076347321 3.95268947463 2.60429785941
-9999 -9999 -9999 -9999 -9999 -9999 -9999 -9999 -9999 -9999 -9999 -9999 18.1643576081 17.8201111086 16.9879534128 17.2119017516 15.8414967196 15.8462888644 14.6206611491 15.2458825432 13.891039703 13.4509438807 11.6583247404 7.59884104108 9.09124804432 11.0538962457 10.391662828 10.2000567031 8.75716669274 8.1416474244 7.29354713388 6.93560146112 6.34083234021 6.83308406672 8.69147041645 6.49504090505 7.46336010736 9.79869062835 8.32415863622 5.98043554667 5.13255316748 4.72089742277 5.02810812848 5.24572351523 5.08312875455 5.23369932049 5.37728583595 5.33708939853 5.38807015116 5.88851894447 5.94995599655 5.48888102847 3.97635877975 3.25249275531 3.33047977834 3.49497964444 3.42745024947
