data/recharge/transience/recharge405.asc
ncols                  80
nrows                 72
xllcorner      4374000.0
yllcorner      5656000.0
cellsize            500
NODATA_value       -9999
[rows 0 to 23 of 72, columns 0 to 54 of 80]
-9999 -9999 -9999 -9999 -9999 -9999 -9999 -9999 -9999 -9999 -9999 -9999 4.84585382746 5.0958768894 -9999 -9999 -9999 -9999 -9999 -9999 -9999 -9999 -9999 -9999 -9999 -9999 -9999 -9999 -9999 -9999 -9999 -9999 -9999 -9999 -9999 -9999 -9999 -9999 -9999 -9999 -9999 -9999 -9999 -9999 -9999 -9999 -9999 -9999 -9999 -9999 -9999 -9999 -9999 -9999 -9999
-9999 -9999 -9999 -9999 -9999 -9999 -9999 -9999 -9999 -9999 -9999 -9999 6.12099331688 4.56923492268 3.66780654178 -9999 3.46845077467 -9999 -9999 -9999 -9999 -9999 -9999 -9999 -9999 -9999 -9999 -9999 -9999 -9999 -9999 -9999 -9999 -9999 -9999 -9999 -9999 -9999 -9999 -9999 -9999 -9999 -9999 -9999 -9999 -9999 -9999 -9999 -9999 -9999 -9999 -9999 -9999 -9999 -9999
-9999 -9999 -9999 -9999 -9999 -9999 -9999 -9999 -9999 -9999 4.91489190792 4.3497895441 5.01009653281 5.18953026019 3.20348518778 2.46143012955 1.75597816847 1.77117643643 -9999 -9999 -9999 -9999 -9999 -9999 -9999 -9999 -9999 -9999 -9999 -9999 -9999 -9999 -9999 -9999 -9999 -9999 -9999 -9999 -9999 -9999 -9999 -9999 -9999 -9999 -9999 -9999 -9999 -9999 -9999 -9999 -9999 -9999 -9999 -9999 -9999
-9999 -9999 -9999 -9999 -9999 -9999 -9999 -9999 -9999 4.58889735262 4.7490376591 4.84369456271 4.20368097099 4.43165818959 4.00931862539 3.50985552453 2.16783728129 2.93927461219 -9999 4.14923713436 -9999 -9999 -9999 -9999 2.34041514528 2.4070616986 -9999 -9999 -9999 -9999 -9999 -9999 -9999 -9999 -9999 -9999 -9999 -9999 -9999 -9999 -9999 -9999 -9999 -9999 -9999 -9999 -9999 -9999 -9999 -9999 -9999 -9999 -9999 -9999 -9999
-9999 -9999 -9999 -9999 -9999 -9999 -9999 -9999 6.09830187812 5.15657565852 4.00860874807 4.23941521523 3.88967551409 3.57451245124 3.30116916095 3.11568173367 1.92082111939 1.65218582 1.73274242672 2.92360938838 2.7593479733 2.94859531526 -9999 1.78453250962 2.75175633341 2.61365690469 -9999 -9999 -9999 -9999 -9999 -9999 -9999 -9999 -9999 -9999 -9999 -9999 -9999 -9999 -9999 -9999 -9999 -9999 -9999 -9999 -9999 -9999 -9999 -9999 -9999 -9999 -9999 -9999 -9999
-9999 -9999 -9999 -9999 -9999 -9999 6.00297139956 4.79917637067 4.31726022231 4.56335071667 4.67509001474 5.20081563947 4.37645667446 4.10945578458 3.23608820919 3.53090209294 2.40170986184 2.15029318718 2.85723188082 2.88678646227 2.66891983277 2.85383939808 2.39707888422 1.83723585339 2.15368514 2.0452286693 2.34655499238 -9999 -9999 -9999 -9999 -9999 -9999 -9999 -9999 -9999 -9999 -9999 -9999 -9999 -9999 -9999 -9999 -9999 -9999 -9999 -9999 -9999 -9999 -9999 -9999 -9999 -9999 -9999 -9999
-9999 -9999 -9999 -9999 -9999 -9999 6.22965799388 5.50187685012 3.83299292379 3.66054640602 3.32318188421 3.89149931917 3.38805789195 2.77582339975 2.41713258909 2.3705751613 2.28324090773 2.21333393319 2.29438635588 1.97078017025 2.11037631203 2.49555572395 2.42551473009 2.09566288356 1.64589627994 1.4784305906 2.24726257428 3.09413612384 3.55242808869 3.32236014445 4.02181454739 3.96062611726 -9999 -9999 -9999 -9999 -9999 -9999 -9999 -9999 -9999 -9999 -9999 -9999 -9999 -9999 -9999 -9999 -9999 -9999 -9999 -9999 -9999 -9999 -9999
-9999 -9999 -9999 -9999 -9999 7.92574205976 6.51980113072 6.50708979907 5.34353143722 5.4320725205 4.68375619684 4.22067957771 3.04174180292 3.08744958222 2.80806597036 2.99690279975 2.43628247458 2.47459742238 2.36085662866 2.02804250892 2.12257502629 2.0346459989 2.277922818 2.36508815845 1.92406233396 2.06853022185 2.11887548989 2.33455032563 3.38935749425 3.29697202052 3.0935098736 3.28383548125 2.85469277056 2.73215548381 -9999 -9999 -9999 -9999 -9999 -9999 -9999 -9999 -9999 -9999 -9999 -9999 -9999 -9999 -9999 -9999 -9999 -9999 -9999 -9999 -9999
-9999 -9999 -9999 -9999 -9999 7.96890528227 6.9544581995 7.00562360454 5.68246750016 5.22845598012 4.68876504613 5.02354185025 3.74856609388 4.32187580014 3.77505965063 3.76982201358 1.96188651753 2.1487677669 2.44055200616 1.6736562885 1.95637470412 1.95610391184 2.38421452973 2.27022516413 2.20339270504 1.66850845596 1.50269086891 1.36819319032 2.31409906301 2.40679395083 2.31246898236 2.36551851708 2.56526516194 2.43432177661 2.29160022513 2.36767722716 -9999 -9999 -9999 -9999 2.17997127756 2.17169897591 -9999 -9999 -9999 -9999 -9999 -9999 -9999 -9999 -9999 -9999 -9999 -9999 -9999
-9999 -9999 -9999 -9999 -9999 7.35922199666 6.4914124057 6.32953406181 5.9889418672 6.39175828512 5.43067063434 5.15613039617 4.07142945152 4.70252706939 4.18070940195 3.07874843682 2.13153487934 2.92329438582 2.61449225179 2.76871647942 2.33421231849 1.85105998688 1.91581024941 1.82744012685 2.16118965846 1.75068784272 1.49571493616 1.224880536 2.24488002013 2.19231478721 2.21378158083 2.12820170549 2.52708929641 2.00877250747 1.6745313329 2.48091232672 2.37040488584 -9999 -9999 2.42981522912 2.46217503928 2.35765930754 2.26530921359 -9999 -9999 -9999 -9999 -9999 -9999 -9999 -9999 -9999 -9999 -9999 -9999
-9999 -9999 -9999 -9999 -9999 -9999 7.94981740973 8.06054415544 6.74779837033 6.39702333492 5.05013630551 5.56310388951 5.54166407974 6.18874104853 3.09009742045 2.78733434966 2.45323640447 2.34394292412 1.97854674337 2.07261118857 2.01304515992 2.12161172542 1.97480922445 2.16175623854 1.98602991701 1.75385578912 0.98270471746 1.08464302403 1.42321382669 1.78520491459 1.62005905468 1.91661925115 1.48496990152 1.63029564835 1.65805203839 2.03659425081 1.59012051125 1.22157371891 2.14118041006 2.07314938876 1.94910891971 2.34931224952 1.26055334733 0.947784131697 -9999 -9999 -9999 -9999 1.30319940247 1.12556179171 1.16460973247 -9999 -9999 -9999 -9999
-9999 -9999 -9999 -9999 -9999 -9999 -9999 7.05510151014 6.13434693907 7.0311045495 6.2512975368 5.60740263678 4.04893662224 3.20076923561 2.53621527427 3.46512617696 3.24165536968 3.33820183758 2.93379850649 2.41238619346 1.87294162256 1.88771628813 1.85322025164 1.87469966288 1.80636543816 1.61653147218 1.18491548776 1.47934299444 1.78969685767 1.61177286206 1.47623716623 1.52981001464 1.60765343052 1.65314719279 2.09389996956 2.0754629069 1.76103245331 1.71256359298 2.09167524797 2.08647787899 1.41777483474 1.1722980231 0.770527373429 0.814124862253 0.656501525836 0.759144252555 0.864486045895 0.67260027147 0.617165614341 0.689630200657 0.822095421591 0.696312748661 -9999 -9999 -9999
-9999 -9999 -9999 -9999 -9999 -9999 -9999 -9999 5.59130650803 5.26634138622 5.49648211058 6.13489747652 4.73865076394 5.18455502258 4.4138573345 4.10308544919 2.82513725192 2.84165273189 2.12988856264 2.41435476891 3.0800599754 2.92977278764 1.08610535995 1.16091508958 1.20316576925 1.04217134303 0.806724231493 1.42038719876 1.09155561982 0.744295440545 1.04362479823 0.97455103565 1.12942489601 0.951882087739 1.24037888286 1.60505264384 1.67301973401 1.74667151668 1.61910868633 1.56183490288 1.07124938938 0.755659315574 0.605083734699 0.527162934016 0.480183072981 0.418506539286 0.491161141686 0.409570587401 0.352430826697 0.41940413897 0.498588221205 0.545539206206 0.468603389815 -9999 -9999
-9999 -9999 -9999 -9999 -9999 -9999 -9999 -9999 6.86794278954 5.99146127662 5.06785678557 5.10619533807 4.40268935892 4.36696948682 3.44205176809 3.35454805638 2.5643079188 2.78239806928 2.41779677703 2.63541282627 2.78599993543 2.85041220492 1.27771572988 2.3514483536 1.60455527528 1.06742476738 1.1853561332 1.0168980214 0.93673620795 0.739293457526 0.789204953621 0.86175503069 0.819253525405 0.878917450927 1.49547573182 1.50618414684 1.82236431831 1.67887549408 1.61509246359 1.58351456055 1.47736137017 0.749452907669 0.541015049189 0.539523337965 0.42040988312 0.413409759574 0.481746479992 0.425734519938 0.36826619261 0.579740138332 0.521251720207 0.524729762281 0.630058632281 0.890808010797 0.693647110714
-9999 -9999 -9999 -9999 -9999 -9999 -9999 -9999 -9999 7.24449998675 5.83908657817 4.64039263727 4.32313914652 4.0794274942 3.25115912806 3.25898279843 3.4530140679 3.75807986562 3.73610898088 3.76331797886 3.49528604991 2.56009975654 1.7839468475 4.09814851672 2.37964905679 1.71305727501 0.939419437473 0.859383335395 0.35320151626 1.06041797674 0.897793600633 0.861704898064 0.816815683884 0.580578744855 0.81695151327 1.0316803185 1.36298756052 1.27692976216 1.18159112183 1.19640487163 1.10574868864 0.896164588805 0.36590304071 0.594337942396 0.373268338585 0.271155951567 0.216471654958 0.212715894272 0.286550014633 0.326489407565 0.319886664858 0.305422843204 0.418377226441 0.637427106433 0.641700354714
-9999 -9999 -9999 -9999 -9999 -9999 -9999 -9999 -9999 -9999 4.86756104265 4.90693250937 4.19830884373 4.0566184873 2.94590132699 2.63474537835 2.26082442608 3.1613607145 2.44792314285 1.94638769891 1.77349557566 1.62876590373 1.23048111836 0.935775377543 1.32414183323 1.70175288912 1.29557231935 0.975654135932 0.722404069073 0.451765381064 1.03751745756 1.0440847722 1.14806953398 0.82547810525 1.24680468326 1.19424886362 1.32419231763 1.27822914627 1.19245062831 1.20062695021 1.16894092194 1.07015677663 0.548974596812 0.442783048033 0.677031593136 0.600894011436 0.450975302242 0.275576343983 0.409729791147 0.391910337423 0.387932084171 0.368657149736 0.307445234296 0.52368342356 0.545661808576
-9999 -9999 -9999 -9999 -9999 -9999 -9999 -9999 -9999 -9999 -9999 4.64527788529 2.87444703507 3.46106543681 2.77631987711 2.31607819451 2.05956334872 2.01788933225 1.71877135686 2.15516615586 2.46432601112 2.21941769521 1.27857644181 0.905958509325 0.545148932916 0.401616448592 0.861219958131 1.69676684359 1.42354154 0.661215574851 0.380560779908 0.577411765691 0.638644570648 0.688622703964 0.651625871829 0.585063171909 0.960921653157 0.952705548245 0.984520554917 0.983715778238 0.854277032194 0.692653377717 0.696900229647 0.427984736053 0.340211339124 0.242305727277 0.265480970246 0.428180927654 0.278618231276 0.352675411221 0.290450161238 0.446860435109 0.484425613744 0.451712120675 0.361087027039
-9999 -9999 -9999 -9999 -9999 -9999 -9999 -9999 -9999 -9999 -9999 3.8941292782 3.03996436119 3.08867841711 2.96050118215 2.42962915562 1.65881429039 1.63281040914 2.39972895398 2.430890338 2.27701217961 2.61513718941 1.30050417242 1.04228442687 1.12118803497 1.45410917627 0.647260575969 0.75247072432 0.785082828202 0.684592902286 0.899773204146 0.832913698869 0.287044568045 0.358450750755 0.284695261852 0.663897783757 0.956280912165 0.976065620752 0.953871426241 0.930558743695 0.88098694901 0.802770783962 0.594733482603 0.644887664015 0.48849614671 0.457629824791 0.670278240536 0.84761064951 0.67877445281 0.350710433954 0.336843874128 0.282081820263 0.160078277813 0.446742524158 0.460262020414
-9999 -9999 -9999 -9999 -9999 -9999 -9999 -9999 -9999 -9999 -9999 5.19956698309 4.03585272941 3.74296448394 2.46139433794 2.23204589798 1.3860974105 1.09380572817 1.31764163666 1.60438371141 1.7664645427 1.81517937804 1.13501350452 0.777292865627 0.897643922004 1.05296093108 0.98045854956 0.955536758216 0.886152751533 0.506596067083 0.335413695075 0.79225832425 1.29554453966 1.4435076309 0.475226091467 0.360429670714 0.45235501751 0.235013774508 0.546081976305 0.529978498442 0.676608500728 0.667297758984 0.648915064241 0.75393271618 0.936779808711 1.07235823178 0.548738637931 0.455535628022 0.419538198033 0.405961312412 0.256337224535 0.318843200786 0.335045281521 0.379713150269 0.432584486097
-9999 -9999 -9999 -9999 -9999 -9999 -9999 -9999 -9999 -9999 -9999 -9999 3.20746636608 3.67698355312 2.99780361802 2.44944125298 1.7276505633 1.34619778268 1.05551475624 1.84992621832 1.83547134185 1.71137221544 1.49532850705 1.33904589774 1.12582236484 1.15726899361 1.00264831253 1.04545653078 0.950891470044 0.897458493319 0.871846442838 0.922847762675 0.542935076736 0.319735850588 0.544687264674 0.250256159643 0.49634422522 0.373779989408 0.223286412172 0.76482417292 0.848818319679 0.600175434016 0.845071655969 1.01957210701 1.06303554208 1.10747739572 0.577792579633 0.466283973987 0.285722892753 0.356986733643 0.257526554809 0.168329743774 0.124393665158 0.121698930926 0.0845458731348
-9999 -9999 -9999 -9999 -9999 -9999 -9999 -9999 -9999 -9999 -9999 4.1216890062 3.79961731585 3.93171295104 3.29219781975 3.11975856429 1.8475201843 1.79667661329 1.14454470925 1.60427359027 1.24541477631 1.21885945663 1.0123009044 1.04469452182 0.977506791854 0.957598922124 0.836542631922 0.76832661572 0.760986497925 0.72847110446 0.633352999302 0.664911727217 0.593275143307 0.585023169533 0.61970630337 0.376376131985 0.431402422603 0.212195670683 0.139014541952 0.354514188454 0.598535239084 0.379832051479 1.18046539863 1.28790703236 1.5478294047 1.51279294356 1.17461529572 0.726391597436 0.397260898017 0.376403605594 0.186411106537 0.0897595825199 0.0670517205995 0.0682281815303 0.0551598175835
-9999 -9999 -9999 -9999 -9999 -9999 -9999 -9999 -9999 -9999 -9999 4.35625151344 4.93580257664 4.52916179138 3.00026137858 2.45792545711 2.00701960815 1.91311288793 1.60031946832 1.6762345011 1.45007639688 1.36557870452 1.12784803195 1.13406496077 1.04150788374 1.01207193396 0.731252236923 0.885763243721 0.792095409068 1.14192879156 0.936604888768 0.683173639231 0.580239269205 0.585640185632 0.599561665502 0.166233549712 0.258713356464 0.387219391413 0.212667452737 0.179684421251 0.451552720464 0.374026003415 0.628363220401 0.805390470485 0.793683060872 0.729984675879 0.785249742057 0.787940315362 0.461293288702 0.404351048646 0.170612763748 0.192155187739 0.142496093075 0.123247474183 0.102057421815
-9999 -9999 -9999 -9999 -9999 -9999 -9999 -9999 -9999 -9999 -9999 5.46877505839 5.31596188578 4.26740596412 3.69361176927 3.53273582264 1.80570983081 1.87816001422 1.60431470111 2.01107809004 0.947278175333 1.16635581686 1.27100097135 1.18779392746 0.749846358819 0.745991114412 0.8088752679 0.719164511491 0.531348632173 0.510667775369 0.495963289279 0.877064354396 0.824335699574 0.749559427149 0.519276812138 0.109635869541 0.160777115455 0.0889209357705 0.209531377416 0.0929997663093 0.494587807753 0.648098009436 0.46218538642 0.297426117177 0.311540393626 0.314110394649 0.491385701685 0.510492814148 0.498429206487 0.494272146685 0.167665847852 0.108725613893 0.0765222482246 0.072036524212 0.0634713382859
-9999 -9999 -9999 -9999 -9999 -9999 -9999 -9999 -9999 -9999 -9999 -9999 5.52202105871 5.15804387233 3.79494982515 3.05329266683 1.94081061221 2.1489343993 1.60517028668 1.84499618019 1.34687723254 1.93685315253 0.861019990219 0.680625545539 0.65035178225 0.630547895309 0.463340946941 0.515863203204 0.431176012358 0.340200231145 0.23957671924 0.337993924556 0.472802966523 0.518462921283 0.46653782879 0.22626954381 0.196176226746 0.138530288336 0.230248491 0.164665901438 0.545562013679 0.533272332882 0.549660593148 0.33747982756 0.346244753075 0.327665538052 0.377102255279 0.46480186259 0.418157706865 0.515671945017 0.377282225065 0.155328556702 0.0929519048712 0.139856314788 0.0812873163262
