data/recharge/transience/recharge458.asc
ncols                  80
nrows                 72
xllcorner      4374000.0
yllcorner      5656000.0
cellsize            500
NODATA_value       -9999
[rows 25 to 49 of 72, columns 0 to 56 of 80]
-9999 -9999 -9999 -9999 -9999 -9999 -9999 -9999 -9999 -9999 -9999 -9999 25.7360048996 25.7319753182 24.3937871715 24.6154117684 23.6658228981 23.3850122052 22.033242263 22.5166866565 19.6843069031 17.6517720932 12.4885787324 8.87287888479 9.12556890715 10.8369061335 10.2965825892 9.97786273721 9.54299355177 9.35324462701 7.6945165173 7.55138941398 7.64612522082 8.46794571321 7.9372935172 11.896291366 12.3298907608 7.72040128589 6.49002881658 6.23495115245 6.15738996857 7.49129146513 8.72565774859 8.44919474588 8.42641239078 8.35767560501 8.34747446364 8.41975414449 8.17578918249 8.33272757781 7.9413636294 7.33231158886 4.01867944623 3.5401478564 3.34025586824 3.37495705907 2.78576694226
-9999 -9999 -9999 -9999 -9999 -9999 -9999 -9999 -9999 -9999 -9999 -9999 -9999 26.0566564362 25.1180457815 24.8187070919 24.2018772158 25.6700748675 24.3212544318 23.8589488193 21.3514000899 20.7681779729 15.5467507573 13.2144061419 15.1684959038 14.5410727416 11.8144983114 11.1806819257 9.40394755552 9.55176409701 7.7230994918 7.7060200403 7.03746619749 11.3205832039 7.79265011086 4.6043200751 9.16137579042 5.45528227303 7.12263475874 5.10243349646 4.74186725032 5.26737718855 4.22283567417 5.57400064624 6.3480584849 6.77210712754 6.26574357337 6.15211274381 5.98453956103 4.32130006261 3.19606436132 3.20169376386 3.09228323261 2.9939980316 3.13732094379 2.67762512772 2.47539082859
-9999 -9999 -9999 -9999 -9999 -9999 -9999 -9999 -9999 -9999 -9999 -9999 -9999 -9999 24.7769208192 24.142261851 23.2320716016 25.5046238631 24.6570656361 24.8589328558 22.2545856096 21.1825789902 15.803448402 15.4394087255 15.639144364 15.6115039358 15.2284731776 13.5983789429 9.78281705551 9.29931986623 7.92830021325 7.17563460563 6.86147685468 12.9494844036 5.51540432368 7.10983291816 9.32441100936 5.72478538288 5.63682404629 4.92599031053 4.27576228501 5.00769648937 4.93647074253 4.46578929382 3.81844842598 4.05086326178 3.74518623803 4.00321842616 3.29129587579 3.49899081414 3.27459179543 2.92486523699 2.65918286832 3.06581379679 2.67943748796 4.44423091918 5.82247211431
-9999 -9999 -9999 -9999 -9999 -9999 -9999 -9999 -9999 -9999 -9999 -9999 -9999 -9999 6.88905261695 15.374083406 23.7042789887 25.6036846109 25.7621752378 25.5663798395 24.8343122134 23.3334136128 20.8152279038 20.3937736406 17.2113639863 18.0512919912 12.7135309551 12.3933415246 9.62252487206 9.97270658316 6.01428447795 3.11247479184 7.18636467921 10.0842643648 6.13687177972 5.28409541154 9.23682536324 4.44900748906 3.7651990141 3.70504862348 4.1456106215 4.40327309292 4.30788271729 4.55294879997 3.41823578092 3.13476834685 1.99936995999 1.94923919291 2.43343479058 2.54064912773 2.75451124715 2.93881496035 2.96420196111 2.71375894043 4.34810693479 6.8604560979 5.98743761871
-9999 -9999 -9999 -9999 -9999 -9999 -9999 -9999 -9999 -9999 -9999 -9999 -9999 -9999 11.5864034425 16.9309599673 24.0602977205 25.6053340118 24.5140525019 24.9103655997 24.1442646038 23.8274347332 21.3932502303 20.212913789 18.9265458084 17.7324335167 12.4564599799 12.7733878436 9.42380782832 9.53847129938 7.28563261099 6.94687439343 6.92452876669 11.7038673573 12.0534307805 4.45213971794 6.1940917989 11.2434203233 2.27610900589 3.44716458052 4.24809306567 4.48165035855 4.10689193196 4.1508180379 3.02698019151 3.16467832546 2.54753762442 2.89017423055 3.65661679313 4.23244905717 3.7230600234 2.50387631508 2.34251547625 1.86081027193 2.22304337351 3.20874912731 3.93045467904
-9999 -9999 -9999 -9999 -9999 -9999 -9999 -9999 -9999 -9999 -9999 -9999 -9999 -9999 26.4224148015 25.7631816093 24.7485260914 24.7053009916 23.5355168324 24.4684426229 23.8919305869 24.3036274486 22.6412348032 22.4355023085 22.2644933231 22.2638746795 15.2216893372 12.6204260215 9.22016892787 9.30241843194 7.29156392424 7.36054631319 7.0541383363 6.5704711555 4.41990041335 4.42957702273 4.08950789453 8.81071296094 3.70589815097 5.07239206759 5.54706074342 3.60978591301 2.81596498811 2.91961768391 2.57129697305 2.57565856433 3.57749042576 3.66395248254 6.43146310805 7.3460838968 4.58220467007 5.74799387518 4.2050502001 4.35652849166 3.66448669894 3.36490361267 3.98396904403
-9999 -9999 -9999 -9999 -9999 -9999 -9999 -9999 -9999 -9999 -9999 -9999 -9999 -9999 -9999 25.8420153768 25.118550925 24.5872218451 22.2406882305 22.9547840092 23.7822859899 25.2583185374 22.4704188299 22.5689074574 21.4920274114 20.465121188 12.5281329691 12.1605498909 4.79292294357 8.76241134321 7.03293236365 6.95257780361 6.60319312335 5.66933666394 4.48250268827 4.49003780688 4.18711532271 4.17271193549 4.0074332251 3.83572894893 3.47971900837 5.38425222638 1.81674349109 2.52922356835 2.84919684557 2.40688145145 1.44716095191 1.45991301359 2.83625142786 4.02129095733 2.9967008756 2.85636437344 3.32051212451 4.23387573555 3.99555546415 3.96567923074 4.10031964211
-9999 -9999 -9999 -9999 -9999 -9999 -9999 -9999 -9999 -9999 -9999 -9999 -9999 -9999 -9999 -9999 24.9577452596 25.3977579977 24.0039642818 24.2808619394 24.6429622363 24.5568062987 22.6463036334 23.689730142 22.6917035196 22.6159172361 18.4843449709 15.0552812 4.5473981161 7.20049599945 6.43519793449 4.40861377887 2.8252501901 1.98731008236 4.3186860583 4.397820446 4.22456536359 4.28389973492 4.14311439406 5.54512685745 9.137301476 8.33165472426 7.30555599245 2.01510625404 1.20626697269 1.07289230435 0.940701628688 2.76866699666 2.35819480222 2.09787340791 2.4269729662 2.9803834594 3.01926637906 2.76337643548 3.20798760288 3.03929048186 2.8622751118
-9999 -9999 -9999 -9999 -9999 -9999 -9999 -9999 -9999 -9999 -9999 -9999 -9999 -9999 -9999 -9999 27.8940367559 26.6197386241 24.8676474161 26.024236769 24.7922697242 23.9200767768 22.2703791978 23.3772731048 22.7888893915 22.8847350981 18.7243280576 18.3028873231 4.65358573476 6.8822584591 4.10487491941 2.85403145588 3.0891152064 2.2320967615 4.10720775817 4.36191340556 5.23070473813 4.25722525959 4.13089213446 4.50304149649 7.40882973998 5.90504802773 6.7659103582 4.64393502566 2.09861231627 1.5957226416 2.07096293903 3.78970031648 2.05975720306 2.30837606537 2.66053668952 2.72556106564 3.58369861019 3.70111496222 4.48009486785 3.76316402581 2.87622541824
-9999 -9999 -9999 -9999 -9999 -9999 -9999 -9999 -9999 -9999 -9999 -9999 -9999 -9999 -9999 25.9172716196 26.1713215811 26.6096279124 27.3403508694 26.8045590917 25.3578452887 24.1737801048 22.3527816597 23.0205252956 22.4511571352 22.6859576861 18.7935333107 18.457098618 6.3955429171 8.32791262606 6.90781108623 6.97544241032 6.63933992623 5.16910303709 5.69467330759 3.62355512849 7.05475551494 7.31091879931 7.40443210771 4.01757678272 6.35759683932 2.60962571424 1.88574025211 1.86415038893 1.66335432427 1.39388193691 3.1683817346 2.9839240837 2.20686927862 2.41713419766 2.21528126419 1.97391491202 2.42956302833 2.56749827739 2.93568706688 2.98031607056 3.06375343171
-9999 -9999 -9999 -9999 -9999 -9999 -9999 -9999 -9999 -9999 -9999 -9999 -9999 -9999 25.1986103949 26.4623056388 26.3451542695 26.3925481578 27.2506773124 26.8851770138 26.1050656137 25.7665519336 23.4823878732 23.4310333962 22.1437147409 22.4158393221 18.5422753347 16.8420685276 8.82330780902 8.85914417669 6.82474742235 6.93187071917 6.4679396523 5.99846933183 6.4035546994 9.30079883719 5.70385482361 5.80090358859 4.53803008307 7.44847825446 6.68470198741 1.65427005012 1.56861442984 1.65374143398 1.20611877926 1.12427099938 1.12887285196 2.64954676702 2.38686878224 2.14980946136 2.09565679099 2.08510115871 2.51983971357 2.48519285382 2.64034649492 2.72550956809 2.77082868391
-9999 -9999 -9999 -9999 -9999 -9999 -9999 -9999 -9999 -9999 -9999 -9999 -9999 -9999 24.6272242406 26.8573916384 26.3807554264 25.9651193926 24.4745336318 25.6178052695 24.8594307001 25.2066420164 24.0207049151 23.9656746062 19.5975167436 19.4279939103 15.6827397217 13.9951953243 7.72483836857 7.33815608868 6.71360075232 6.94767218679 5.19147017181 5.01366620085 4.87091112491 6.57240860072 5.18154489557 6.78980456865 2.89083640788 2.98176300616 4.1200268988 3.63872952425 1.53810103899 1.45290899775 1.26261150311 0.988211813533 1.21086407983 3.13630275492 2.89438503219 3.05993719286 3.03839758471 3.02711004074 2.49349231217 2.33350406067 2.77316230144 2.71853353999 2.33842171655
-9999 -9999 -9999 -9999 -9999 -9999 -9999 -9999 -9999 -9999 -9999 -9999 -9999 -9999 -9999 -9999 26.7419173997 26.458807549 26.0995660326 25.9678335322 25.4516650903 25.1802598625 24.3564678648 24.2510790269 19.7300119229 17.7639935777 12.8896009661 13.0967238789 6.58498144781 7.56889511112 6.66886207471 5.59835560538 5.04002482105 4.75123204725 4.57538173528 4.59375119117 5.42012925618 4.02146432715 4.85733004292 4.75835554583 3.46039965428 3.17096645686 4.60073210127 3.86010211542 1.07433935925 1.16591320504 1.06232121675 2.14531883399 2.39306561446 2.54889190204 2.50205739311 2.54018802815 2.30356014308 2.14023667261 2.00751990198 2.06685488242 2.43679352704
-9999 -9999 -9999 -9999 -9999 -9999 -9999 -9999 -9999 -9999 -9999 -9999 -9999 -9999 -9999 -9999 26.9725283942 26.9136754199 26.7195898608 25.7747086503 24.551569973 25.2528244572 22.9959260868 23.0098007208 21.820671015 19.9798075222 13.6210189657 13.4529077718 7.1795511271 7.46094954132 7.26822827261 7.16675674128 6.39066883566 5.54754103987 3.98580510537 4.09338979298 3.99453339778 4.23609139332 3.32977166947 2.91837070199 3.07729668182 3.4730270312 2.40264065436 3.16401860936 2.53372610372 1.02790414004 0.731840627576 1.1150331998 2.00413023876 1.76544185816 1.56167631898 1.57258321233 1.30212905047 1.39803709681 1.30210349995 1.3035159275 1.29549728013
-9999 -9999 -9999 -9999 -9999 -9999 -9999 -9999 -9999 -9999 -9999 -9999 -9999 -9999 -9999 -9999 -9999 -9999 26.7501268725 26.1434335831 24.1428401556 24.531242548 23.6395556397 23.0733037559 21.6666392151 21.8902357783 13.3955021646 11.4352572707 7.29233872722 7.34652556385 6.54135866609 6.32337665746 6.02012836545 5.90277088331 3.9534336354 4.28491360814 4.11052656807 3.65471628106 3.34313534676 3.4038183911 2.84763444671 2.69824373019 2.34083091263 2.33294488767 2.06699404211 2.20307373947 0.821841982096 0.79956135537 1.23062201544 1.68416804223 1.68643754054 1.81949194148 1.32257355191 1.3446941966 1.35973916509 1.40483676469 1.35517798227
-9999 -9999 -9999 -9999 -9999 -9999 -9999 -9999 -9999 -9999 -9999 -9999 -9999 -9999 -9999 -9999 -9999 -9999 -9999 25.1278273599 24.3105310376 24.5267548213 23.6217224693 24.6934582391 22.262450331 22.0140712283 11.1611288748 8.94444369436 6.55553566165 6.4865934746 5.25789462207 5.51575458236 4.64997816291 4.63981573389 3.52225099643 3.04087370442 2.91239108746 3.35845006875 3.02400746198 2.9983787771 2.41177940511 2.3210195017 2.03702499376 2.2679092207 2.15315913744 2.1906519827 1.70914485393 0.717148618171 0.614199050406 0.900562049595 1.35828499687 1.397919153 1.17379364411 1.16786626071 1.22015036074 1.19012078315 1.00975579157
-9999 -9999 -9999 -9999 -9999 -9999 -9999 -9999 -9999 -9999 -9999 -9999 -9999 -9999 -9999 -9999 -9999 -9999 25.8436351344 26.132473571 25.5322073574 25.429740098 23.3986684495 24.4588776127 22.1708289388 21.7075599485 9.95403602061 9.64826525384 6.82732036718 6.69264668632 3.95715889646 2.33190007663 4.5676456302 4.44923951117 3.46258656946 3.73191916167 3.98466634295 3.89216777685 3.46659239596 3.29997155425 2.85754932163 2.41258858757 2.16966733249 2.12686814744 2.38825619435 2.00928677048 1.98714439209 1.77958868453 0.913522159563 0.685591047167 0.723518393987 1.77115000339 2.12060594278 1.80518495964 1.40217882819 1.33497749869 1.20019497777
-9999 -9999 -9999 -9999 -9999 -9999 -9999 -9999 -9999 -9999 -9999 -9999 -9999 -9999 -9999 -9999 -9999 -9999 -9999 26.7043994066 26.1789493998 26.013909954 23.1322077893 24.2524167718 22.4289159006 22.3000138355 12.8478014429 8.44404008302 7.55044205803 7.71341590615 4.51670228602 4.51209850109 5.21649402405 3.94224170176 3.48250960418 3.2313741446 2.62154027129 2.47025650266 2.19044131789 2.194550554 2.20262256812 2.38144338731 1.93383325181 1.87405811859 1.93221207253 2.49499154351 2.1904263714 1.99124236473 1.16495432995 0.740255242761 0.450210236077 0.79680886075 2.09590647605 2.35972882325 2.44313312619 0.935895039971 0.934754383226
-9999 -9999 -9999 -9999 -9999 -9999 -9999 -9999 -9999 -9999 -9999 -9999 -9999 -9999 -9999 -9999 -9999 -9999 -9999 -9999 25.7550343271 26.0086859025 23.1738468226 24.664010452 22.127004824 22.2336224642 12.3801141521 8.49449544179 7.07668813625 6.9856133158 6.25321479814 6.22098831306 4.8672882376 3.9363478963 2.88611820643 3.31402596769 3.17710621965 3.3651426112 3.12887724684 3.03283287416 2.60808728755 2.88906743773 2.58571696366 2.39555751891 2.6616045654 2.4768336514 2.14638939457 2.27846062984 2.09037882163 1.59505709027 0.96992608191 0.785786683651 0.483908970099 0.380968317283 1.86480326323 0.457515630873 0.442940062114
-9999 -9999 -9999 -9999 -9999 -9999 -9999 -9999 -9999 -9999 -9999 -9999 -9999 -9999 -9999 -9999 -9999 -9999 -9999 -9999 -9999 25.542891801 23.5473613357 23.9415934065 20.9534893072 20.777185025 12.8870469607 9.66511967107 6.91178981407 6.91055724156 5.37871614686 5.99948031415 4.64283192228 2.80922839012 4.2258865476 4.02809993901 3.35966328319 2.80554409631 2.66434727698 2.80843545742 3.07956106698 3.14856906438 3.14313087451 2.44864741424 2.16265513573 1.88541269759 2.01253951974 2.11310266682 1.9690344969 2.18897173931 3.08033199981 2.14262311519 1.42157159973 0.636722009326 0.329109822953 0.374953581798 0.370639253706
-9999 -9999 -9999 -9999 -9999 -9999 -9999 -9999 -9999 -9999 -9999 -9999 -9999 -9999 -9999 -9999 -9999 -9999 -9999 -9999 -9999 24.8640539627 23.0216158837 22.9938044138 21.5973183189 21.4130564417 15.105213036 9.9905327967 7.64865124097 6.75042845631 2.64789927064 5.63777748349 5.22592819067 4.27649373156 3.18770590276 3.45719232676 3.04950980134 2.64622615413 2.40847748586 2.94497762976 3.09032156508 3.0347561994 2.66925480269 2.49177884165 2.4825540716 2.41585444895 2.22889886528 2.20100595495 1.6431999312 1.74714433447 1.9738918608 1.45195606029 1.22932172505 0.576212764762 0.427914930471 0.34403364823 0.328446687041
-9999 -9999 -9999 -9999 -9999 -9999 -9999 -9999 -9999 -9999 -9999 -9999 -9999 -9999 -9999 -9999 -9999 -9999 -9999 -9999 -9999 -9999 22.4373866388 22.9902930596 22.6994819555 22.0457291091 17.4510135027 12.3328143876 6.99918109718 7.37815900781 6.11238896326 6.18201251132 4.82824808155 4.26716331789 4.11457001173 3.72533188836 3.19330596328 3.00548563009 2.67053204455 2.96809287941 3.19314641976 2.68552552767 2.67720694483 2.98439916305 1.95785781152 1.7882926283 1.43327027672 1.55602978048 1.71730970164 1.7704834353 0.987442426119 2.02867911286 0.822451344992 0.548014652315 0.343040622629 0.319107514891 0.3165116817
-9999 -9999 -9999 -9999 -9999 -9999 -9999 -9999 -9999 -9999 -9999 -9999 -9999 -9999 -9999 -9999 -9999 -9999 -9999 -9999 -9999 -9999 22.6535411052 22.4623992413 22.5358833237 22.2600956743 17.745808342 14.7666158372 7.20689625061 7.30252323101 5.51044622584 5.54846753789 5.0736070689 4.38980438414 3.75016122161 4.18050728173 3.35817738446 3.11062548624 3.16688834762 3.32859901287 2.8420554779 3.22303588941 2.69736741393 2.43285272528 2.11528176049 2.0727375307 2.07481602381 2.22726898976 1.65379624853 1.57058209366 1.23075834981 1.66527760368 0.49189737092 0.685899066655 0.491635060418 0.468159746709 0.38202166665
-9999 -9999 -9999 -9999 -9999 -9999 -9999 -9999 -9999 -9999 -9999 -9999 -9999 -9999 -9999 -9999 -9999 -9999 -9999 -9999 -9999 -9999 22.0404654121 22.3234142626 23.7816811693 22.8456766462 20.3891620495 17.2191959395 8.14881929908 8.5225070955 6.71205420668 6.50007707464 4.95001776969 4.50936805349 4.27217410804 3.72100026664 3.43542888609 3.84489696165 3.51592252239 3.39004586132 3.16094375609 2.85807183778 2.2632493862 2.50397097049 2.67838752002 2.51738627909 2.19995378357 2.05438159702 1.72056577215 1.72290545131 1.86644588314 1.69592657592 0.738649271871 0.652252132786 0.640615048831 0.66823648233 0.476169784877
-9999 -9999 -9999 -9999 -9999 -9999 -9999 -9999 -9999 -9999 -9999 -9999 -9999 -9999 -9999 -9999 -9999 -9999 -9999 -9999 -9999 -9999 -9999 22.6539431008 23.8341734834 22.9782749009 19.9089835535 15.7002060152 7.60592083491 8.39603763321 6.7127219738 6.88249285578 5.26855713856 5.15655963344 4.05091316 4.22640415637 3.98491532309 3.75288593986 3.06461425204 2.96325181312 2.44471085634 2.77736005817 2.81296556039 2.83952734605 2.61323691732 2.47918076856 1.72792163495 1.53607761088 1.42806624717 1.49236006145 1.2698029429 1.43938906611 1.49656920279 1.24751722663 0.583178315552 0.610440502986 1.1691570238
