data/recharge/transience/recharge533.asc
ncols                  80
nrows                 72
xllcorner      4374000.0
yllcorner      5656000.0
cellsize            500
NODATA_value       -9999
[rows 0 to 24 of 72, columns 0 to 56 of 80]
-9999 -9999 -9999 -9999 -9999 -9999 -9999 -9999 -9999 -9999 -9999 -9999 6.31150981572 6.46912043778 -9999 -9999 -9999 -9999 -9999 -9999 -9999 -9999 -9999 -9999 -9999 -9999 -9999 -9999 -9999 -9999 -9999 -9999 -9999 -9999 -9999 -9999 -9999 -9999 -9999 -9999 -9999 -9999 -9999 -9999 -9999 -9999 -9999 -9999 -9999 -9999 -9999 -9999 -9999 -9999 -9999 -9999 -9999
-9999 -9999 -9999 -9999 -9999 -9999 -9999 -9999 -9999 -9999 -9999 -9999 11.0284657882 8.96069763272 7.52679488497 -9999 8.41510131149 -9999 -9999 -9999 -9999 -9999 -9999 -9999 -9999 -9999 -9999 -9999 -9999 -9999 -9999 -9999 -9999 -9999 -9999 -9999 -9999 -9999 -9999 -9999 -9999 -9999 -9999 -9999 -9999 -9999 -9999 -9999 -9999 -9999 -9999 -9999 -9999 -9999 -9999 -9999 -9999
-9999 -9999 -9999 -9999 -9999 -9999 -9999 -9999 -9999 -9999 8.60437384937 8.65238333908 9.51945511092 9.84196983099 7.55848076617 6.605260499 5.76678419919 5.87398570721 -9999 -9999 -9999 -9999 -9999 -9999 -9999 -9999 -9999 -9999 -9999 -9999 -9999 -9999 -9999 -9999 -9999 -9999 -9999 -9999 -9999 -9999 -9999 -9999 -9999 -9999 -9999 -9999 -9999 -9999 -9999 -9999 -9999 -9999 -9999 -9999 -9999 -9999 -9999
-9999 -9999 -9999 -9999 -9999 -9999 -9999 -9999 -9999 8.70164139299 8.63121729926 8.46542908508 8.0725604973 8.57352773539 7.87566640103 7.42929807025 6.56487082037 8.26055433645 -9999 8.27035193048 -9999 -9999 -9999 -9999 6.55201967965 6.83586340545 -9999 -9999 -9999 -9999 -9999 -9999 -9999 -9999 -9999 -9999 -9999 -9999 -9999 -9999 -9999 -9999 -9999 -9999 -9999 -9999 -9999 -9999 -9999 -9999 -9999 -9999 -9999 -9999 -9999 -9999 -9999
-9999 -9999 -9999 -9999 -9999 -9999 -9999 -9999 11.6918008558 10.0733354731 8.20867624248 7.78386271161 7.48621896277 6.80557467429 7.00644474133 6.567746481 6.10818909336 5.96728138692 5.38364215023 6.21302849515 6.25114840197 6.74208568012 -9999 6.10657386091 7.77160423472 7.51286019884 -9999 -9999 -9999 -9999 -9999 -9999 -9999 -9999 -9999 -9999 -9999 -9999 -9999 -9999 -9999 -9999 -9999 -9999 -9999 -9999 -9999 -9999 -9999 -9999 -9999 -9999 -9999 -9999 -9999 -9999 -9999
-9999 -9999 -9999 -9999 -9999 -9999 10.1297900438 8.76010888709 8.50151143445 8.97622463845 9.52341028664 9.60870665632 8.48642358238 7.94555317609 6.85451989594 7.532998146 6.45266319886 6.04262187844 5.35057833305 6.10898357282 6.01215988405 6.49641940141 6.08685045355 6.08961202934 6.44121315918 6.16617126622 6.49513642897 -9999 -9999 -9999 -9999 -9999 -9999 -9999 -9999 -9999 -9999 -9999 -9999 -9999 -9999 -9999 -9999 -9999 -9999 -9999 -9999 -9999 -9999 -9999 -9999 -9999 -9999 -9999 -9999 -9999 -9999
-9999 -9999 -9999 -9999 -9999 -9999 9.79016558508 8.90144383183 7.3409057371 7.02625514884 6.60035518797 6.81785454064 6.86591941981 6.51243750754 6.20735616864 5.37997350278 5.49113779454 4.70731041862 4.5801683337 5.03787843684 5.48164744383 6.63880700489 5.94121219845 6.04001614984 5.78304855008 5.4167743583 6.75460224083 7.03524241258 6.60012051959 6.09320185141 7.68294118584 7.55641083252 -9999 -9999 -9999 -9999 -9999 -9999 -9999 -9999 -9999 -9999 -9999 -9999 -9999 -9999 -9999 -9999 -9999 -9999 -9999 -9999 -9999 -9999 -9999 -9999 -9999
-9999 -9999 -9999 -9999 -9999 11.7800980355 10.2076096977 10.1079206647 9.35865244848 10.0575147951 9.43467156862 8.33437790829 6.55168404119 6.59474648983 6.97148643798 7.01723432445 4.9376029457 3.5137426602 4.92793159989 4.89505242415 5.52058910898 5.24100500948 5.50750613713 5.763914852 6.00090263547 6.39870272668 6.43851089089 6.20068680876 6.24306568959 6.0369449735 5.66970848406 6.10324965372 5.09273671287 4.79976515677 -9999 -9999 -9999 -9999 -9999 -9999 -9999 -9999 -9999 -9999 -9999 -9999 -9999 -9999 -9999 -9999 -9999 -9999 -9999 -9999 -9999 -9999 -9999
-9999 -9999 -9999 -9999 -9999 11.0996460703 9.96266048307 10.0381113594 8.88634066353 8.13201194498 8.03620872288 8.63126799732 5.55287389941 4.22571640894 8.34101995696 9.36389024942 6.10831847477 2.50745739659 3.79413162944 4.08008593876 5.78502881261 6.05366303131 6.87142319288 6.5318662542 6.04555280463 5.33321644035 5.99435395694 5.43185611569 5.73236476202 5.23650796702 3.99718122873 4.38350650196 5.62424061738 5.26561431672 5.50871740373 5.12743370917 -9999 -9999 -9999 -9999 6.12191875549 5.73004278057 -9999 -9999 -9999 -9999 -9999 -9999 -9999 -9999 -9999 -9999 -9999 -9999 -9999 -9999 -9999
-9999 -9999 -9999 -9999 -9999 10.2309033956 9.27023148958 9.54587633906 9.37889965681 10.0077503912 9.32950276077 8.86289070218 8.17853126438 9.37064974183 9.16936538803 7.80000394343 7.08476275585 7.61821211686 6.20528354348 8.09312069107 6.97626862321 5.72501391785 5.39905095954 5.09698179364 5.87377252779 5.64330523139 5.67879560329 5.03644759439 6.21815634872 4.55444868518 2.98547778023 4.83150516848 5.52093895435 5.44298019866 5.38267063983 5.44524354756 5.51888297768 -9999 -9999 5.74626696148 6.64399506137 6.32448693031 7.45994005452 -9999 -9999 -9999 -9999 -9999 -9999 -9999 -9999 -9999 -9999 -9999 -9999 -9999 -9999
-9999 -9999 -9999 -9999 -9999 -9999 10.3527575066 11.2853442767 9.21048120573 8.70421812804 7.9109245248 8.75629411476 9.15689096667 9.15115590089 6.94855992881 6.30135285853 7.09768265786 6.84834689957 6.14373482386 5.99531051655 6.61992249749 6.96816327886 6.62785048555 7.25501830183 6.50463793815 5.70311039237 5.01360409841 5.69077402 5.54187557794 5.36765045731 5.38731741809 5.99460356542 5.63284506322 5.41219657051 5.65236673085 5.84682609952 5.91323945395 5.59583756778 6.19518602123 5.96278775259 6.09251683223 7.4730956391 6.27086997945 5.5917582502 -9999 -9999 -9999 -9999 7.94675935177 7.15740184328 1.80316214764 -9999 -9999 -9999 -9999 -9999 -9999
-9999 -9999 -9999 -9999 -9999 -9999 -9999 9.99368930163 8.31662649058 9.60967671271 9.82356263123 8.82896464122 6.74790419286 5.9935702317 7.09749821283 8.8490506625 8.70211851404 8.36899340265 8.41338904027 7.01556957613 6.14140701905 6.18943424281 6.20291231013 6.28530233506 5.86328171892 5.13183366911 5.26267794264 5.69081987349 5.47742840073 5.21751211938 5.7253669916 5.64252770003 5.7276746884 5.26926844152 6.00835776058 5.94718564709 6.1098534806 6.16107178124 6.02710123137 6.00887987219 5.67025502641 5.58970070037 6.3496018329 6.9755496264 6.65331897419 7.18602563981 7.45434981025 6.69805973942 6.57386336884 6.12475824069 5.45768233758 4.47892774492 -9999 -9999 -9999 -9999 -9999
-9999 -9999 -9999 -9999 -9999 -9999 -9999 -9999 6.0895245984 6.76795973498 8.21342220991 9.20193978037 8.87960001469 9.69273673398 9.28541841849 8.48114014305 6.96284959239 7.0075241958 6.24904330469 7.09106139591 9.14707439779 8.76437416639 8.9686284708 10.2064498382 10.4768276048 10.2247632372 6.51447806691 5.84319629873 5.21318037875 4.67301243002 5.1574262945 5.5710972177 5.55325024585 5.2823481637 5.82241112441 5.53586982332 6.09694452169 6.41473061157 5.90245917641 5.81507103928 6.33028193907 6.69782914715 6.97455818867 6.57698590049 6.59591430077 6.21191487434 6.53845064383 6.04115525118 5.73419787174 5.43186941017 4.81468067741 5.18443158428 4.50231734478 -9999 -9999 -9999 -9999
-9999 -9999 -9999 -9999 -9999 -9999 -9999 -9999 9.10488322 7.85787287667 7.51544132128 7.57888267038 7.8044923481 7.73817195663 6.98746453753 6.79382526313 6.85920412954 7.3614656112 7.1019242595 7.7089838011 8.67412770966 8.56052137413 10.9778253555 13.561324518 12.2958863299 9.95785872567 10.8903173227 7.70561135818 5.74873584384 4.88536259601 4.89840681875 5.21224215073 5.02644168647 5.15104963426 5.69948305378 2.41814403216 6.55656044015 6.14137925575 5.88424321919 5.7481446317 5.82136497223 6.14713464623 6.66666652442 6.64155564755 6.23325641094 6.18510787069 6.48394921899 6.14351848148 5.82498108112 5.18696166607 4.99863490454 5.0272185252 4.79614991748 5.09884963266 4.34584818414 4.76847551487 -9999
-9999 -9999 -9999 -9999 -9999 -9999 -9999 -9999 -9999 10.4546192902 9.33345038082 7.33121688146 7.9517468223 8.38270076992 8.28609725938 8.43357779782 9.81999973443 10.3712685825 10.8449636633 10.8991785752 10.3463963931 8.26709931738 9.66447597825 16.9611739178 15.6233986947 13.7875518502 11.7146631361 10.5480221887 6.69053098309 5.69476865028 5.58125398657 5.84064746932 5.58529797876 5.03028372061 5.55001256219 5.31629921634 6.40681969274 5.97359913007 5.62925325034 5.70924084694 5.59481223402 5.82599901412 6.30514806064 7.72284780897 6.5756804192 5.89241112153 5.47798975311 5.42826058821 4.58846234492 4.31141982462 4.35211261143 4.17730894582 4.26247639882 4.36708183767 4.72345051155 4.92528882033 4.49070910913
-9999 -9999 -9999 -9999 -9999 -9999 -9999 -9999 -9999 -9999 8.22509352299 8.31482394582 7.7104428584 8.14459894373 7.61159097115 6.97285174767 7.51971328142 9.44750362447 8.49836511763 7.30095565846 7.2014816177 7.01945155036 6.6723847475 9.44520341503 12.5347791032 13.7651413879 13.1293475256 11.8933716779 9.99302291779 7.84210726432 5.6186768729 5.65533333087 6.21876282353 5.45260344875 6.51913010743 6.04418256306 6.21276393376 5.97972645714 5.68914116858 5.7338852164 5.95792256196 5.95156692615 5.82597522734 7.05375588965 8.23413526195 8.05974564745 7.18697592886 5.80074801063 4.93400207259 4.697309257 5.071940659 4.85816024006 4.26669538609 4.50509057766 3.82404338071 5.01409398694 4.43561501502
-9999 -9999 -9999 -9999 -9999 -9999 -9999 -9999 -9999 -9999 -9999 4.68023738409 4.12242850034 6.58088386877 7.64293741581 6.92859453914 7.60368906065 7.49636620695 6.58024078844 6.98268398796 8.11340026144 8.01387866363 7.07601245621 5.93169001255 7.36851081992 9.03999393318 12.0933429853 14.8337047047 14.4511922426 4.65993974381 5.27624634007 6.71386672353 6.22927837939 6.4017348674 6.15175413461 5.52927407293 5.83485154149 5.78068714453 5.91605604225 5.91272745722 6.48999621811 5.95271145372 6.14721711718 6.02475895506 6.31308655681 5.98959111403 6.6535549657 7.26358100477 5.8578357561 4.66162716419 4.26534417982 4.56137601671 4.48620427281 3.98184385719 3.30368649709 3.46777307811 3.83669769012
-9999 -9999 -9999 -9999 -9999 -9999 -9999 -9999 -9999 -9999 -9999 3.38857804349 5.11442721619 6.66920887123 7.67798013107 7.13986549369 6.46963098684 6.04124190406 6.81131138654 6.89545530478 7.33842988371 8.3588030001 6.91026917503 6.60538777082 7.071523695 7.82032557422 9.09381019148 11.5342466211 12.3007359748 12.4340802391 14.1265999992 13.470074113 9.5752016452 10.1089820039 7.56293618117 5.72055887727 5.80212847648 5.93387707726 5.71432451325 5.61430638307 5.57536216759 7.08818004585 5.74940522768 5.81722870101 6.05442811596 7.09331354006 8.40197395934 9.28855913289 8.57013798069 6.68490742796 7.06755659736 6.82842967985 5.49025586337 5.06678349356 4.53183939846 3.86900527651 3.44300326606
-9999 -9999 -9999 -9999 -9999 -9999 -9999 -9999 -9999 -9999 -9999 9.93976331954 9.24290822604 8.63613904085 6.6149367147 7.24874579912 6.59076614104 5.41798598295 5.83361412947 6.24322000214 6.62433495232 6.8070767453 6.73773151038 5.92458357591 6.1432914755 5.96220029278 6.28016630892 6.11372528699 6.88215463135 8.279967916 10.186563527 14.0428104878 15.6492319206 15.1133035292 10.5785769984 7.16993575867 9.82089699728 8.12513914139 5.63810279882 4.19779261255 3.30253623835 6.2654637953 7.30377595989 8.19540022203 8.49597877853 9.64966143762 7.85753272183 7.27200832771 7.01618645783 7.12505013021 6.12209512451 6.70153521206 6.74351790546 7.42474418432 5.99515527345 3.85176467071 2.6738103787
-9999 -9999 -9999 -9999 -9999 -9999 -9999 -9999 -9999 -9999 -9999 -9999 7.1246880585 8.17273713494 8.03401758067 6.7048046486 6.76481586399 6.28293826136 5.96951795652 6.47810152592 6.88509596966 6.41405880496 6.90062659388 6.91861231829 6.37696157847 6.5538290698 6.42631085567 6.69638368318 6.65587801914 6.280310468 6.1534412241 6.51533708255 6.61316459191 8.81525282004 11.2607323921 2.43577114393 7.67910881552 8.99795362541 8.33150185697 5.90998920768 6.49138783775 6.5167761693 8.82235480194 9.90991139086 10.2416151492 9.82771423563 7.90816235688 7.34343112447 5.86667877032 6.42869530029 5.87790091633 5.18214510082 4.42636396883 4.48660187319 4.47851309026 4.81399209309 1.40619045497
-9999 -9999 -9999 -9999 -9999 -9999 -9999 -9999 -9999 -9999 -9999 9.13107784016 8.90825393173 9.70335256602 10.245995151 5.29407275085 5.42723965349 7.16996335436 6.41701495993 6.73411669742 5.86312973838 5.73435718861 5.75236702859 5.94214279439 6.77219589241 6.64346700995 6.54632380603 6.25939845823 6.85594056052 6.5737598642 5.79240132541 6.08109706506 5.33607320295 5.25454358049 5.44061850798 10.2078714868 10.6872029248 8.0803418642 7.76909193696 5.92554847341 5.96474202351 5.89391044544 7.7306291315 9.20774643684 10.7350671139 10.7211909863 8.52588187333 8.75968413308 7.11816898861 7.17001017541 5.53609239487 4.0685255165 3.59285718453 3.6205650186 3.31153230056 3.65954592508 5.11232335609
-9999 -9999 -9999 -9999 -9999 -9999 -9999 -9999 -9999 -9999 -9999 9.61643324075 11.197813292 10.8166043699 8.56902625603 6.44459257101 8.0700299899 7.76828639071 6.71239114125 6.86027484648 5.84452889142 5.90097899306 5.83970568804 6.43615992312 7.17164664029 7.34418075242 4.89240350926 5.65727910702 7.71881336114 9.56567046205 8.24272946804 6.2439162047 5.20808023792 5.26036196989 5.25037290905 7.31592712948 8.95400310398 10.6820602365 8.34956700995 7.88110635956 5.32891671603 6.24741186665 7.14304530153 7.04106117167 7.11185251468 6.77655387197 7.36999044147 7.69978592402 7.05620041796 7.33594473071 5.30376222929 5.61383300219 4.94375741084 4.71342962176 4.40043989632 4.08670373377 3.29785269203
-9999 -9999 -9999 -9999 -9999 -9999 -9999 -9999 -9999 -9999 -9999 12.1995950838 11.7525119105 10.3209216179 10.5401348372 10.3226784756 7.72653877826 8.21742825513 8.08643823191 8.197169544 5.58713147071 2.9327317683 7.10134208104 9.36860685737 8.62647540353 8.62436401104 9.64263110013 8.35896447631 7.52796657175 6.41460730592 6.21644787417 8.09171910757 7.93840234407 7.36199634123 5.67271994637 6.85770545192 6.40628392513 5.28717774728 7.8874770348 6.26473434475 5.88261078292 6.05416945965 5.40027416417 4.88597476011 4.69168644258 4.70522329996 5.08278457065 5.09623771596 4.41090586838 4.02736887183 4.10758066823 3.65957782795 2.56670108578 3.2403551034 2.99561950983 3.6070554111 4.26910975937
-9999 -9999 -9999 -9999 -9999 -9999 -9999 -9999 -9999 -9999 -9999 -9999 12.1256609573 11.4614189722 9.80441956285 9.36987639546 8.79397321509 8.86459670179 7.8769373518 8.40745040452 8.28474889125 9.21278373279 8.15239686087 7.56607980095 8.1906652592 8.09138530126 7.86108331437 8.18176580155 8.0492804908 7.34769751803 6.38686679402 5.97396657178 4.73925140483 5.22916598257 5.0882125724 8.60275788768 7.23472595771 6.10433867954 8.7380642907 8.31874789631 5.55474961432 4.8715693956 5.09939667178 4.636284366 4.74209926339 4.78362937284 4.53542703518 4.65316409313 3.94273376203 3.81123654949 3.23606871322 1.31523592483 1.350144943 4.23423198149 3.64386511759 3.5058840924 3.15625374852
-9999 -9999 -9999 -9999 -9999 -9999 -9999 -9999 -9999 -9999 -9999 -9999 13.385880344 11.289091616 10.1050614511 9.29386360149 7.94885309147 8.55535315846 8.2872377463 7.40162359476 7.81575790888 7.11721703583 7.7807495189 9.27630220834 8.26259496557 8.08764368322 9.57571755201 9.26884428881 8.408742653 9.72095442349 8.51668867265 8.83779968493 8.53803273505 8.0767620107 8.37742547309 8.34916919858 5.69144653143 8.50825946006 9.98269521012 8.00219603248 6.28269229137 4.2811980593 3.63723789656 3.56687678906 3.41688295035 3.5316386835 3.26191356048 3.41527396429 2.89158032543 2.91165689796 2.76252553243 2.43447945888 2.61914663274 2.88640761443 2.52097582463 3.16523452403 2.18235255418
