data/recharge/transience/recharge452.asc
ncols                  80
nrows                 72
xllcorner      4374000.0
yllcorner      5656000.0
cellsize            500
NODATA_value       -9999
[rows 25 to 49 of 72, columns 0 to 55 of 80]
-9999 -9999 -9999 -9999 -9999 -9999 -9999 -9999 -9999 -9999 -9999 -9999 9.50829694627 9.19553693363 7.74202267053 7.63652713297 5.25298620596 5.26204925643 3.97960909888 4.80983103182 3.77886690869 3.7261255355 2.88912981397 1.61438436863 2.2068898763 3.37535421265 2.1934984366 2.09659197851 1.732692094 1.40171838844 1.09179964112 0.964339442352 0.85455892132 0.781245312518 0.171255024263 0.489125324293 0.420173315541 0.368809278369 0.191066910078 0.575175347203 0.532882789078 0.366940374324 0.682417260008 0.985241850529 0.958351816883 0.995566640958 1.01483835195 1.00416722298 0.984556384976 1.10628661237 1.01387451019 0.532292432953 0.204135940617 0.148208772873 0.128560826995 0.166473327754
-9999 -9999 -9999 -9999 -9999 -9999 -9999 -9999 -9999 -9999 -9999 -9999 -9999 8.13490166036 8.58200906124 9.00179412538 7.00139995438 6.36895222552 4.71799944532 4.22140747525 3.71576346824 4.55663380508 4.31598459383 3.62725301105 2.87240061433 2.24263363801 1.8953875942 1.69482167892 1.46725371974 1.68066927296 1.22445277112 1.08876106427 0.992124204277 0.308268280949 0.151381260602 0.153209349739 0.367021241691 0.204327395082 0.582041819828 0.440561098982 0.359985156212 0.400547050784 0.192433565103 0.300038331341 0.346757531826 0.48991930344 0.702184641989 0.658067129721 0.323955867958 0.170312841332 0.135182764051 0.146076558754 0.169879877675 0.180979692631 0.382571909461 0.0891056512233
-9999 -9999 -9999 -9999 -9999 -9999 -9999 -9999 -9999 -9999 -9999 -9999 -9999 -9999 7.59879971073 7.9657727021 6.22044803086 5.53553415291 4.70790366656 5.1209404588 3.87117816935 4.98974747566 3.98666932632 3.51025363085 2.00901381949 1.96577366186 2.04611684801 2.66467432382 1.65679250118 1.28403820122 1.26871426647 1.47007330658 1.26470079346 0.654591703485 0.20064648926 0.24945037304 0.294204306681 0.431872306496 0.292578535426 0.209133679873 0.212903109893 0.242160458982 0.36758615399 0.239109561373 0.155353966688 0.192615920644 0.111814499542 0.108263774482 0.110592435801 0.172026355856 0.158565746718 0.111059186124 0.107349586269 0.101556518807 0.582228146286 0.920143506617
-9999 -9999 -9999 -9999 -9999 -9999 -9999 -9999 -9999 -9999 -9999 -9999 -9999 -9999 4.28006262703 7.97265664601 7.33976611808 6.16563548598 4.94243030391 5.28036490841 4.56934145042 4.96100413369 3.22184028698 4.61631724604 3.45468910812 3.52831146106 1.63271172428 1.86958974843 1.90611243614 2.04865118819 1.1338211771 0.611441765118 1.34591166506 2.58689794111 0.367646435918 0.390956830842 0.276295771147 0.155122308252 0.170803180369 0.178098920408 0.298195862768 0.356041836672 0.340536525911 0.325392211135 0.23098144079 0.16945909565 0.0798965780824 0.0935795908738 0.163534632756 0.0786408373627 0.194833193718 0.237446688472 0.282205730729 0.188171740556 0.253761743268 0.324994302146
-9999 -9999 -9999 -9999 -9999 -9999 -9999 -9999 -9999 -9999 -9999 -9999 -9999 -9999 4.87254568977 7.74499542066 7.67949587178 6.86562928021 5.99212727698 5.88937366556 4.57999896233 4.99218459797 4.40993347566 3.83591670039 2.54650903276 2.24587641755 2.31455517822 2.33162769884 1.46750248758 1.75014866348 1.4872961842 1.42178670907 1.17617337111 1.16150165186 1.59128252138 0.389786127622 0.399056241495 0.559131454694 0.352349811496 0.161830495719 0.282671985288 0.361105256512 0.287906288771 0.299070073905 0.157200059799 0.175570813246 0.121036255323 0.184776739093 0.433442532393 0.435815880852 0.230403763926 0.0851103584937 0.102550242179 0.072006706483 0.0683794147715 0.127853289364
-9999 -9999 -9999 -9999 -9999 -9999 -9999 -9999 -9999 -9999 -9999 -9999 -9999 -9999 12.4857870904 10.6109254765 9.71119728549 9.93343657536 8.89772803279 8.82309727363 5.46056397813 5.07233717207 4.19180984124 3.97761199879 2.33200034917 2.63974657361 1.83649761926 2.54098016125 1.63499694321 1.58373845984 1.50337161306 1.77891540171 1.48000895053 0.501823057237 0.393462306161 0.402405254334 0.315100384545 0.584176259799 0.2403256914 0.350842144275 0.0731469833356 0.100840902891 0.180194884684 0.207143707398 0.14700880436 0.128144760721 0.226075154291 0.165780649678 0.46344964989 0.657277145045 0.261099422269 0.421265407218 0.227796125685 0.379312286503 0.387999046457 0.295264528429
-9999 -9999 -9999 -9999 -9999 -9999 -9999 -9999 -9999 -9999 -9999 -9999 -9999 -9999 -9999 8.85315280459 8.09275025197 8.61310459481 10.9948535007 7.63760584692 4.01122864211 4.10240964524 4.06101603703 4.13906562156 2.29757399462 2.69171902288 1.76547597101 2.08948159465 1.60463214908 1.36179365761 1.10522561311 1.0052895209 0.87068824949 1.07808076066 0.465023779046 0.474374863767 0.412037285905 0.395283871846 0.370475075085 0.192929832187 0.0848482715137 0.0995065984932 0.0298810552944 0.0561706883979 0.106476958908 0.0552369290789 0.0251722088598 0.0268277068907 0.0623059926533 0.144864473644 0.149823981625 0.12795935459 0.249424003037 0.574018702648 0.527708994611 0.512933864532
-9999 -9999 -9999 -9999 -9999 -9999 -9999 -9999 -9999 -9999 -9999 -9999 -9999 -9999 -9999 -9999 7.85363147095 6.77492021254 6.4818203935 8.64877241113 6.6930832333 6.4255830594 3.72819436347 2.90406568642 2.49897717961 2.22015193847 1.48189134687 1.26720335948 0.842121538427 1.52060743739 1.59948817231 1.26193697264 1.56107288678 0.934099826592 0.394038702743 0.486279734958 0.470170161797 0.553824193818 0.542766520109 0.67482364079 0.587745804065 0.561380893778 0.255657833454 0.033119124547 0.0210573291464 0.0159583029131 0.0141605733707 0.131309930354 0.137677125726 0.097325208566 0.159365527551 0.302117088702 0.205213159198 0.156181335488 0.199865392525 0.169763320433
-9999 -9999 -9999 -9999 -9999 -9999 -9999 -9999 -9999 -9999 -9999 -9999 -9999 -9999 -9999 -9999 7.97546837233 8.40603576281 8.3582116149 7.11565090881 4.97498196875 5.94829428286 4.36314551332 3.25350187964 2.37080742456 2.71645279823 1.65990402013 1.6183886206 1.10498327449 1.1289561578 0.589378983074 0.535628975672 0.676549745719 0.74101268133 0.709388749478 0.442839577603 0.680688347006 0.684840252065 0.525333940951 0.446305583149 0.240288883193 0.23296862974 0.31923731806 0.261960235499 0.0758488043328 0.0405579707216 0.03903870393 0.126443417233 0.0710347794487 0.128273302813 0.212883428647 0.229584115914 0.357124126707 0.396937246906 0.5774827763 0.323041434671
-9999 -9999 -9999 -9999 -9999 -9999 -9999 -9999 -9999 -9999 -9999 -9999 -9999 -9999 -9999 5.19740684371 5.1099853998 6.06089958895 6.68921485066 6.44027031699 5.03686214969 5.13664082026 3.57658060515 3.0974581282 2.13390644699 2.36703995325 1.7498778892 1.84488669109 1.06275245799 1.59959791776 1.32318517318 1.38629233249 1.36625767658 0.694686162936 0.20304449068 0.136469047109 0.226547772121 0.587476504073 0.460603632285 0.270274104608 0.125361972224 0.0611993462515 0.0432259529451 0.0420662522609 0.0489807354416 0.0326166362336 0.0882937755129 0.140524236472 0.0981509836107 0.223098372584 0.162443367634 0.116478998759 0.138772837908 0.161706073257 0.188836957334 0.19696557304
-9999 -9999 -9999 -9999 -9999 -9999 -9999 -9999 -9999 -9999 -9999 -9999 -9999 -9999 6.66580740944 5.902636216 5.38702180645 5.60209010435 5.3227491028 5.8183661668 4.40923248198 5.10235050254 3.28164254385 3.46465201771 2.14869066932 1.98532889504 1.44892914927 1.67507336699 1.48667256011 1.48402042823 1.08988388028 1.132790576 0.736833540109 0.63029830747 0.588692223055 0.449464068446 0.290504838503 0.155545639544 0.0323662503707 0.0959649271365 0.103685561419 0.0298925356884 0.0279194198305 0.0316669532867 0.0232454639617 0.019681310614 0.0293185788753 0.137318686171 0.213036207674 0.155581631421 0.136639754208 0.134836524762 0.153265901072 0.148498288517 0.140688342297 0.153321590869
-9999 -9999 -9999 -9999 -9999 -9999 -9999 -9999 -9999 -9999 -9999 -9999 -9999 -9999 7.48730874047 7.72122519776 6.49535012987 5.09755788109 3.78020853514 3.65382253725 3.4899575657 4.24157526121 3.20535408163 3.47392761807 2.18082046465 1.74958528897 1.24491359861 1.38959591989 1.22184150191 1.53993029242 1.37462829243 1.40259564027 1.22410725048 0.9384300016 0.423816164175 0.787268905608 0.322079253428 0.627367235834 0.109880626971 0.118151328732 0.281318529541 0.216443586991 0.0403847332854 0.0353806065744 0.0336821730648 0.0190730889311 0.0365908999032 0.253567156552 0.377223433009 0.466446123216 0.476164219326 0.467368106755 0.299046506146 0.245515960467 0.306240887182 0.286905809335
-9999 -9999 -9999 -9999 -9999 -9999 -9999 -9999 -9999 -9999 -9999 -9999 -9999 -9999 -9999 -9999 6.67036862327 7.93039337948 7.54076779706 7.35600744763 5.11985631637 3.79025157972 3.858878794 3.8881367016 2.383150144 2.11623845445 0.843360317187 0.932046344995 0.678097322933 1.22870567271 1.28496813235 1.17749071927 1.02301591887 0.762549639711 0.849976563552 0.864596286884 0.623867582454 0.159973951841 0.39142874671 0.603067896159 0.298604667746 0.192301055897 0.242913426027 0.100476506699 0.0231875173813 0.0280350458971 0.0272239722172 0.0888541923122 0.208412784437 0.258622097561 0.256736268676 0.268875732633 0.237878713383 0.194106798575 0.123175590876 0.133468315197
-9999 -9999 -9999 -9999 -9999 -9999 -9999 -9999 -9999 -9999 -9999 -9999 -9999 -9999 -9999 -9999 8.74522607569 8.22218865568 7.57323263492 5.18895319262 5.0095010238 5.09741925665 2.80947845428 3.08487105421 2.82897681265 2.69264050882 1.67090279172 1.53027191068 1.31935264645 1.46883385138 1.7233555957 1.55136277361 1.07202246632 0.845824594236 0.493580787678 0.556472717571 0.617390717887 0.815132381662 0.421120983727 0.322226066702 0.482968223141 0.729238810825 0.456945978075 0.342436943953 0.202652887395 0.0252040534818 0.0151266705068 0.0309767956099 0.175850248964 0.123154296286 0.0969173247083 0.0991801817725 0.0796576077437 0.0964287595637 0.0974361866333 0.0984853921725
-9999 -9999 -9999 -9999 -9999 -9999 -9999 -9999 -9999 -9999 -9999 -9999 -9999 -9999 -9999 -9999 -9999 -9999 7.71313573108 6.08448609635 4.04644174418 4.91343086948 4.15091810402 3.8530130055 2.59567245126 2.46175432666 1.41677440794 1.56531989119 1.34374224843 1.31492882374 0.857390720117 0.691374067286 0.648939835436 0.77312840753 0.478930596537 0.695719425126 0.703663006942 0.422899021652 0.389784793748 0.547258438684 0.370241746572 0.307281947357 0.279095727358 0.275965971211 0.264908321741 0.163892056538 0.0194985635075 0.0184704902216 0.0407539648217 0.0793020609273 0.119289715144 0.143174558612 0.0819678901081 0.0851306177794 0.108210085551 0.118804228112
-9999 -9999 -9999 -9999 -9999 -9999 -9999 -9999 -9999 -9999 -9999 -9999 -9999 -9999 -9999 -9999 -9999 -9999 -9999 4.46541669193 4.12721745623 4.65959755568 3.89748891735 5.18118829608 3.14259390518 2.89172439133 1.89687979552 1.53287517386 0.868243773971 0.809993400918 0.799535364055 0.496863783903 0.339870730863 0.554924386893 0.317030224331 0.205389906938 0.197575355929 0.378288400827 0.392487524472 0.476954082849 0.330781603454 0.286499011282 0.228947678111 0.323831336714 0.364595072872 0.385707041782 0.124442743405 0.0179046782401 0.0157962634553 0.0324902124413 0.0680372657674 0.108288859281 0.0821744391741 0.0810133533246 0.106970109344 0.10067699051
-9999 -9999 -9999 -9999 -9999 -9999 -9999 -9999 -9999 -9999 -9999 -9999 -9999 -9999 -9999 -9999 -9999 -9999 6.53013635449 7.39392976919 7.0756596043 6.79896973685 4.33084843757 3.80179971062 3.01050433802 2.98747792906 2.1537376539 1.99246087439 1.13070472271 0.97659148122 0.376971697322 0.457737994291 0.315047559972 0.48698271125 0.293946277748 0.40120533821 0.613594461757 0.549044482154 0.490301065336 0.482295897239 0.561674465279 0.329939680499 0.240427550396 0.140770942594 0.141823583599 0.117618262558 0.204667473361 0.130241068299 0.0375320340302 0.02009538515 0.0288343983674 0.0537065687316 0.110915961895 0.147787500267 0.122800037735 0.135255273847
-9999 -9999 -9999 -9999 -9999 -9999 -9999 -9999 -9999 -9999 -9999 -9999 -9999 -9999 -9999 -9999 -9999 -9999 -9999 8.9234331329 8.12177653138 7.54019008661 4.55300023697 3.9485355493 3.5210133408 3.43839448556 1.89371852197 2.36807013859 1.46065612929 2.01791115652 1.26035619559 1.23146378842 0.99355872503 0.448168350153 0.29368602427 0.191152566032 0.165108800239 0.134538055921 0.121854197102 0.121822237686 0.198205210222 0.377930358302 0.273411372793 0.287292875482 0.407127903902 0.760119680648 0.547289562842 0.337242577602 0.0732182579669 0.028556085539 0.0125169506885 0.0328731746639 0.0948910721142 0.450248108705 0.113604007503 0.0493922512256
-9999 -9999 -9999 -9999 -9999 -9999 -9999 -9999 -9999 -9999 -9999 -9999 -9999 -9999 -9999 -9999 -9999 -9999 -9999 -9999 6.19857606588 7.13687440877 4.66364491478 4.16025697203 2.67125096153 3.23623808442 1.94034082239 2.52979423355 2.54013348621 2.12438902409 1.46052633143 1.35142146291 0.554883049704 0.6865506255 0.428967323992 0.376179087854 0.367111463692 0.519875696977 0.490628947031 0.465753348956 0.398091498671 0.604704780568 0.618491845519 0.501585243586 0.789016089647 0.636911307765 0.518534152387 0.615306585967 0.467496608487 0.144825243227 0.0602729153165 0.0385697981582 0.0172093938528 0.00861158998947 0.0477001171165 0.0137234755111
-9999 -9999 -9999 -9999 -9999 -9999 -9999 -9999 -9999 -9999 -9999 -9999 -9999 -9999 -9999 -9999 -9999 -9999 -9999 -9999 -9999 6.41304135545 5.11907796892 5.15130040568 2.45351900783 2.12762092141 1.86430412489 2.72008046935 1.90845232585 1.70923679197 2.24369699626 1.63201420961 0.669283421006 0.53941095905 0.868134060196 0.842070296496 0.72678684338 0.460050949376 0.422923221059 0.459356380502 0.803379249532 0.880188630161 1.07363205126 0.566117505105 0.464883247274 0.306307722961 0.454413008239 0.522469550165 0.532539047673 0.713275081678 0.806532162193 0.236043931642 0.148101903904 0.033536791904 0.0107507424993 0.0141171276753
-9999 -9999 -9999 -9999 -9999 -9999 -9999 -9999 -9999 -9999 -9999 -9999 -9999 -9999 -9999 -9999 -9999 -9999 -9999 -9999 -9999 4.89935352699 4.10414564873 4.13126863257 3.37631116371 3.88064704538 2.58798583049 2.42348862251 1.70580962399 2.15533418832 0.875451457841 1.46295485213 0.931220728676 0.624654437398 0.317512760007 0.556089498197 0.486416286079 0.458438539174 0.415206764188 0.665816385999 0.820374232685 0.762058106985 0.553690064286 0.505240951751 0.710524575621 0.655732273436 0.615467558146 0.591855548925 0.366772858423 0.326909265393 0.51693208988 0.326501673798 0.0325759368441 0.0264712531458 0.0185300162867 0.011798012534
-9999 -9999 -9999 -9999 -9999 -9999 -9999 -9999 -9999 -9999 -9999 -9999 -9999 -9999 -9999 -9999 -9999 -9999 -9999 -9999 -9999 -9999 4.36651973512 5.57667804063 3.82255247012 3.43214311104 2.33739910283 2.53077419252 1.56827416137 1.61790917258 1.52134928966 1.68187718789 0.961931951185 0.88605893177 1.19013465892 0.755309062465 0.82092174135 0.707468029601 0.671933670592 0.740694744973 0.883379176759 0.461527221318 0.58983462939 0.876296654295 0.400425060397 0.335192967837 0.273881978968 0.378459884743 0.557720094671 0.456440210972 0.334182118656 0.268338141529 0.0523442678926 0.029275769872 0.0130335538941 0.0112187945535
-9999 -9999 -9999 -9999 -9999 -9999 -9999 -9999 -9999 -9999 -9999 -9999 -9999 -9999 -9999 -9999 -9999 -9999 -9999 -9999 -9999 -9999 4.68206385719 4.43502152451 3.53206618745 4.11479402027 2.74087843706 1.95666510815 1.82408315599 1.9282875552 1.4495318861 1.52891998859 1.43988912043 1.14481930392 0.784296840574 1.30499894726 0.778169390208 0.695056098151 0.997271257606 0.974408217932 0.567268773509 0.913674623409 0.607865826669 0.424725766386 0.395293885734 0.500911253181 0.712356166494 0.734389311857 0.355288653459 0.322521637858 0.103193177679 0.135925013007 0.0234691279278 0.0462956279163 0.0271058641537 0.0245572758396
-9999 -9999 -9999 -9999 -9999 -9999 -9999 -9999 -9999 -9999 -9999 -9999 -9999 -9999 -9999 -9999 -9999 -9999 -9999 -9999 -9999 -9999 4.40931878033 5.16685177228 4.75551248388 4.13422497018 2.82803040132 2.95398470899 2.04365524461 2.52416817022 1.66995839055 1.33360691798 1.11891689235 1.14615266774 1.39627666215 0.731333371758 0.780482772957 1.27887154224 1.10593642836 0.93938760934 1.07103278356 0.742424808136 0.501318182083 0.709879525892 1.03288137454 0.894455320314 0.819278701753 0.670699012056 0.489907305758 0.490988818665 0.672275258884 0.521646429292 0.0553044763914 0.0440412790846 0.0470739555594 0.0511680324494
-9999 -9999 -9999 -9999 -9999 -9999 -9999 -9999 -9999 -9999 -9999 -9999 -9999 -9999 -9999 -9999 -9999 -9999 -9999 -9999 -9999 -9999 -9999 5.72284221991 5.38772079219 4.33845230076 2.53266698648 2.75605813024 1.95830974151 2.29126110124 1.70288202639 1.99318338649 1.6472962418 1.94994119382 1.08077616446 1.32097396118 1.5096310092 1.15277002999 0.639179295359 0.443966524252 0.424793516451 0.67457913523 1.05186334691 1.10865885498 0.937427039336 0.785331453902 0.354522865793 0.298381670074 0.294085149764 0.330693536525 0.240944387825 0.336420499299 0.345373027519 0.158398846245 0.0384426437373 0.0401257012531
