data/recharge/transience/recharge40.asc
ncols                  80
nrows                 72
xllcorner      4374000.0
yllcorner      5656000.0
cellsize            500
NODATA_value       -9999
[rows 26 to 51 of 72, columns 0 to 56 of 80]
-9999 -9999 -9999 -9999 -9999 -9999 -9999 -9999 -9999 -9999 -9999 -9999 -9999 35.656178586 35.1872362035 35.244137397 33.7922798797 33.5279814144 31.0970462538 30.3808481064 28.8634962969 29.5932952627 28.1692211812 23.3139800813 28.1018068958 27.2710447701 24.1585469257 22.6746152079 20.6857702928 21.4133279144 18.6804014599 18.1897139342 18.1131243801 20.0572793556 15.9947570516 5.32672660858 11.24062778 16.5439498256 14.3645093368 10.6356954254 9.16069304531 11.4587596686 7.93365478161 9.4398356773 9.10259550975 10.0303290843 9.86203877592 9.48035960488 7.3514639974 5.53962230212 4.92421168123 5.26119102931 5.37265501496 5.98653107055 3.39991153145 4.11488806761 3.92130443097
-9999 -9999 -9999 -9999 -9999 -9999 -9999 -9999 -9999 -9999 -9999 -9999 -9999 -9999 34.9389899642 34.5888767486 32.6718003567 32.7635734351 31.0592725673 31.6081023391 29.3321595663 30.322373968 28.3759626576 28.0709849603 25.8312673864 25.4386178071 25.2203722694 27.6323081716 21.9733006873 19.9972754338 19.1518254435 21.9294584999 20.6677606144 23.0639945757 17.3351692623 8.53335719277 11.6499940312 13.2818515447 11.3388620661 9.03907356401 8.15305703002 9.94193849033 10.5134822971 8.84933028565 6.55143113873 7.42801189764 5.9791762776 5.94776116628 5.17735925474 6.01399665313 5.55345274446 4.33355903113 3.83523930981 4.49142710657 3.68273163865 6.52627933912 7.61808016059
-9999 -9999 -9999 -9999 -9999 -9999 -9999 -9999 -9999 -9999 -9999 -9999 -9999 -9999 9.90829910671 22.2225914677 33.0153800565 33.4913866629 31.9780972825 32.1821830864 30.8401389807 30.7905237231 27.9770236963 29.6604431082 28.0947249679 28.5663111552 24.5610853034 24.4739732407 24.0516760837 25.2627098472 17.8744255516 8.69656005239 20.0728215906 28.0829398148 21.9695391891 7.06646322855 11.0582376876 10.0551828347 8.44362503574 7.89826479427 8.29037739605 9.03278881709 8.42718865852 9.85146953923 8.19380371935 6.92415439164 4.03578978318 2.44829138206 2.96190353541 4.92355901038 6.1957152268 6.97404987744 7.4318644516 6.5153525707 5.07670327858 5.37623212229 13.0198635836
-9999 -9999 -9999 -9999 -9999 -9999 -9999 -9999 -9999 -9999 -9999 -9999 -9999 -9999 15.5304970248 23.4893407359 33.2706743167 34.5262405857 32.730513549 32.6072986711 30.7043710599 31.0860564927 29.8204139989 28.969420596 26.8382470751 26.0493066572 25.5706532843 25.4745427623 22.7363868285 23.6222434864 21.9046371161 20.7397966589 19.0270522141 25.3654382295 24.0139720402 6.23193648872 7.559486523 18.590613347 4.90465792883 6.73409455811 8.14069161787 9.08905779977 7.62221300339 7.83940996623 6.29240030676 7.06998416715 4.99167852615 6.61038893921 9.57351292073 10.5641233975 9.53811459642 6.98729505531 8.97936979053 8.30638970433 7.65890739222 8.47301272713 7.39921006542
-9999 -9999 -9999 -9999 -9999 -9999 -9999 -9999 -9999 -9999 -9999 -9999 -9999 -9999 37.8016527077 36.373292376 35.1316019539 35.7864248835 33.9450648721 34.2186849483 31.5954485893 31.2652328009 29.4626610569 29.4843733269 26.7417507588 27.2932390103 25.0252752715 26.1262933655 24.0762697733 23.3507194975 22.1101484724 23.079407734 20.9718100094 10.063256388 6.60191523474 6.6618044408 5.4001125423 12.5323624879 4.26720154405 6.31082112594 8.39683738487 7.56673548834 5.73903766837 6.21338103845 5.15564787135 5.76686265625 8.88723366619 10.4785969312 14.9748655339 15.922383885 12.8659108384 13.7616680554 10.4872230093 10.0635384716 8.88298602655 7.80471874424 8.60486271268
-9999 -9999 -9999 -9999 -9999 -9999 -9999 -9999 -9999 -9999 -9999 -9999 -9999 -9999 -9999 35.3272011838 34.2963133355 34.1420016348 33.0408342654 31.7628998456 30.0956386536 30.4428394226 29.5484431562 29.6201139091 26.7591739615 27.2233781477 24.8260491532 25.2971681006 12.6940539718 22.9269040428 19.8839415043 19.7982726381 17.4680349769 11.0147702469 7.04505488421 7.09790751933 6.08654063996 5.97998780104 5.36374923773 4.41656702504 2.93594180288 4.35905367757 5.20251292957 5.15660743256 5.03961544979 5.4347058308 5.37718206005 5.86322422282 7.85544715337 8.16562572505 5.72172621173 5.14932406708 7.38341601396 10.5212562301 9.99455000103 9.89927997854 8.97193789975
-9999 -9999 -9999 -9999 -9999 -9999 -9999 -9999 -9999 -9999 -9999 -9999 -9999 -9999 -9999 -9999 33.7370015171 33.3486675127 32.1394137196 34.078022881 32.6514562093 32.4547441456 28.9820496358 28.0186138123 27.1133343641 26.4125172894 24.1507259212 21.6549545178 11.2625242438 19.8087865782 21.8210902328 13.4503908071 9.59293300539 6.12453034392 6.64068712718 7.19653978917 6.58599962939 7.00962373191 6.52295091917 8.62469649362 15.0053371735 13.8986093885 12.519986167 9.20275451599 5.09342286489 3.82797832649 2.99277903237 7.13500887813 5.55571369282 4.33274913202 5.94438873386 8.54528434876 6.88067607104 5.78357354842 6.5576958208 5.90288014645 5.48160583261
-9999 -9999 -9999 -9999 -9999 -9999 -9999 -9999 -9999 -9999 -9999 -9999 -9999 -9999 -9999 -9999 35.4844341959 35.024865621 34.0100628414 33.7017361706 31.2218809155 31.6085384913 29.3394499448 28.4082309035 26.7782562354 27.4889716341 24.6808379957 24.1084052676 12.1838285032 18.1121106833 11.0647679414 7.81736551302 8.70763725105 6.61064772714 7.64642353376 6.94892083754 8.42977914187 7.15918993503 6.43972865559 6.42443664841 11.5373909281 7.77153330115 11.1676219685 15.0572004777 10.4683402203 8.05764398523 7.80951800245 5.17204331103 4.2251174856 5.29665132798 7.11514199748 7.42343552351 9.11955683095 9.53088024036 10.6782417829 8.52372354337 5.52893904522
-9999 -9999 -9999 -9999 -9999 -9999 -9999 -9999 -9999 -9999 -9999 -9999 -9999 -9999 -9999 31.4705623159 31.4642415774 32.9694014265 33.6911105612 33.2017180477 31.0287061025 30.8129495611 28.3459762668 27.6582717409 25.6462922497 26.2741118489 24.378887624 24.5966074035 15.9867283704 20.9972249293 20.1236073493 20.4581159986 19.5904432929 13.2466712145 9.07852223977 15.1842336065 12.2829858054 13.7430004179 10.3241688303 4.98649851277 10.1358750882 11.9174305588 10.6556078507 10.5362452088 9.90775657928 8.1197713042 3.05229279034 3.74066040428 6.11139491994 7.40132218419 5.96763171402 4.72186506436 5.32445277245 5.91425992464 6.45786059917 6.63040172259 7.09806350109
-9999 -9999 -9999 -9999 -9999 -9999 -9999 -9999 -9999 -9999 -9999 -9999 -9999 -9999 33.1750497382 32.467935189 31.8433518839 30.8729076407 32.7354707288 32.6785978829 30.6551151543 31.2847813164 28.0882172238 28.3376124389 25.5334936506 25.2742538535 23.3139014727 23.9049556864 21.8313188751 21.8261086691 18.7771576979 19.062384989 16.2903278755 16.8185638499 16.4570138532 21.1172265662 11.1022078884 8.24283425112 9.99835395136 12.2952096114 10.4380598543 9.38581510206 8.61816356552 9.22957228452 6.50310140469 5.68663946672 6.62641167433 7.89104529975 7.19595597422 5.91908079616 5.30251597734 5.2528857781 5.70254306321 5.57617874522 5.29820890014 5.62235417127 5.44412108016
-9999 -9999 -9999 -9999 -9999 -9999 -9999 -9999 -9999 -9999 -9999 -9999 -9999 -9999 33.1916194382 33.7730334497 32.2889817868 29.3124710313 26.5612661215 27.9751948476 28.3294582412 29.451985962 27.5043450632 27.9141305137 24.8065669617 23.6651493933 20.9602662345 21.4083396334 19.9248695424 21.1946901473 19.7176816368 20.1673266839 17.0841185327 16.2360883048 14.3387729405 18.2935748705 19.3776623948 21.2627560503 15.5737332913 15.7741903268 17.2246745863 16.5589083525 10.2383328136 9.63994173419 8.61099877796 5.83103110924 8.23595904114 11.1045676573 9.91474088761 10.7564426858 10.4978191648 10.4392001959 8.40628619753 7.59737512602 8.28918710017 8.03228498456 6.36692886975
-9999 -9999 -9999 -9999 -9999 -9999 -9999 -9999 -9999 -9999 -9999 -9999 -9999 -9999 -9999 -9999 32.6124585191 31.808996285 30.9676050673 30.7285132633 29.0016601469 29.0731037134 28.6403618135 28.6351929387 25.3298753818 23.5733945057 17.9882747504 18.45840368 16.3368538522 18.8251722095 19.0339230178 17.643379583 16.396787079 15.1365443004 14.8908280341 14.9681873995 16.421072466 15.8405861362 17.6913848921 16.6898688918 12.1886644796 12.2056853088 12.8950720915 10.8571574987 6.81735020002 7.741048734 6.85477905102 7.04641760097 7.42363096513 8.44468037007 8.09351204557 8.28510810953 7.46097581601 6.61733511668 4.68210093457 4.96842091965 7.05110765255
-9999 -9999 -9999 -9999 -9999 -9999 -9999 -9999 -9999 -9999 -9999 -9999 -9999 -9999 -9999 -9999 31.5905186972 31.1274727907 30.4928945185 27.8929659634 27.2379814284 28.0367664618 26.1176693623 26.5968244473 25.9038702759 24.0283974481 20.3628042748 20.0071241095 18.6640359001 18.9573540412 19.274720274 18.7820182981 16.4889401917 15.3245331947 12.4246541388 12.932660428 12.8737719337 14.0602730792 10.8119463604 9.86693320546 11.061067872 12.9608745783 6.71463369929 9.30484136837 12.1559104431 7.35511133264 4.03906190519 5.92616402353 6.68860729511 5.33022760785 4.19955251063 4.2737689798 3.26347837179 3.82208565657 3.5350839923 3.56455494684 3.51627189973
-9999 -9999 -9999 -9999 -9999 -9999 -9999 -9999 -9999 -9999 -9999 -9999 -9999 -9999 -9999 -9999 -9999 -9999 30.6263900706 28.8981534611 26.1404740441 27.1468974508 27.8009241662 27.8503741826 25.3746614814 25.0302514447 19.7657222896 20.3680766596 18.6181450094 18.417071453 15.8947656094 14.8937722414 14.1361390024 14.936452828 12.2904339222 13.8726870693 13.4338411953 11.2497359138 10.3378609363 12.2541009321 9.85189070439 9.02466725875 8.05416929172 8.00667060495 6.99655717557 8.07092235986 4.90182353 5.03490222014 6.78292811405 4.41083789218 4.77503339634 5.37090231263 3.34699029768 3.45671595969 3.85936320188 4.15623797435 3.83648974133
-9999 -9999 -9999 -9999 -9999 -9999 -9999 -9999 -9999 -9999 -9999 -9999 -9999 -9999 -9999 -9999 -9999 -9999 -9999 26.2951804627 25.8446828789 26.4331368349 25.6435219647 29.7098512468 26.2012905852 25.6687516588 21.9587182475 19.4917498089 15.6400670776 15.3112322855 14.8341212004 15.6805284085 13.3695082057 12.7586187638 10.6092143753 10.1252849214 9.74734545779 11.6818671626 10.3324464436 11.1110110004 9.01054029908 8.40296022397 6.99284684908 8.38801012839 8.17354909502 8.44755150831 6.91060322274 4.77705352424 3.73250935232 6.5048300356 4.28624777376 4.26489346118 3.23214537557 3.19371196154 3.81994057926 3.63289216751 2.80966358126
-9999 -9999 -9999 -9999 -9999 -9999 -9999 -9999 -9999 -9999 -9999 -9999 -9999 -9999 -9999 -9999 -9999 -9999 28.4719396684 29.3551561923 29.0841640581 28.7940222454 25.8359276317 27.8917659302 25.9295903487 25.9446043236 22.82042404 21.9146376536 16.9192676602 16.2230773611 10.2356961932 6.17138485675 12.7049748504 13.5632815562 12.499269049 13.7010745802 14.8280592844 14.4807521052 13.471901719 12.9327123908 11.5569549201 9.0028922163 7.95325556843 5.6402639889 6.88711833416 5.80269546718 7.66137357007 10.5255509454 7.98778424676 4.91657982142 6.53915128832 8.63464712707 7.5625688161 6.81587172073 5.21681046533 4.59306683056 4.06230615808
-9999 -9999 -9999 -9999 -9999 -9999 -9999 -9999 -9999 -9999 -9999 -9999 -9999 -9999 -9999 -9999 -9999 -9999 -9999 30.7404835294 30.0969378393 29.5321321511 25.638455946 27.8004936186 26.5981146312 26.4256912786 21.7387727778 22.6563446469 18.5800195973 20.4752404732 13.1686871785 13.0824189881 16.4481830545 14.2069708968 11.1194604085 9.8357035778 9.45120414646 8.54716139864 7.59300237885 7.59731362584 7.68865262694 9.27504155898 8.08378884848 6.09344471907 5.65604648131 11.031705696 9.3785364471 7.81595105446 8.81412920613 6.57296625517 2.7354370177 3.46824291109 3.64829849612 3.60519249917 6.38651724584 3.07235264092 2.68513683881
-9999 -9999 -9999 -9999 -9999 -9999 -9999 -9999 -9999 -9999 -9999 -9999 -9999 -9999 -9999 -9999 -9999 -9999 -9999 -9999 28.2955762138 29.206459059 25.756776981 27.3465294988 24.8541772925 26.0527657745 21.7528429577 23.1114016264 22.2217139466 20.9493806684 18.0167034929 17.49167896 14.4517124235 10.9454354037 7.82973779923 10.1172942588 11.9583648424 12.6180709341 12.3067497685 11.5480912296 9.21498925672 11.0732629079 10.9737201078 10.0605298066 11.6822169966 10.6842023935 9.11986068465 9.92840487539 8.84948878334 9.57297963698 7.82929731123 5.55118161978 3.15492930982 3.38142852961 4.08557715473 4.2123355091 4.28064609685
-9999 -9999 -9999 -9999 -9999 -9999 -9999 -9999 -9999 -9999 -9999 -9999 -9999 -9999 -9999 -9999 -9999 -9999 -9999 -9999 -9999 28.418778396 26.3189955962 26.6588913955 23.4455289103 22.4787410223 21.0938123778 23.2307728834 19.8115412047 19.0212500487 18.0606310286 19.1797463788 15.1585572661 7.32990905275 14.4317926344 15.1361740969 12.6218895689 10.952145024 10.0878648488 10.2984571648 12.1090693761 12.5057751486 12.9833932575 10.5155381567 9.0260390322 7.22648309913 8.42680581482 9.07294862971 8.68068910925 10.0511017767 12.5709513155 7.52253018255 6.18494518732 5.44653130506 1.65533775202 2.51985815327 3.13063335482
-9999 -9999 -9999 -9999 -9999 -9999 -9999 -9999 -9999 -9999 -9999 -9999 -9999 -9999 -9999 -9999 -9999 -9999 -9999 -9999 -9999 26.7351138834 25.1211493612 25.1161060902 25.3444719233 26.4220303389 23.3638157643 22.5715760395 19.1221022418 19.8802327888 7.33181888843 17.1544039308 16.687288596 15.088041801 11.2568514575 12.0270941312 10.9069389222 11.2405318052 10.4940713601 12.1051188948 12.191601398 11.8710768958 9.93241148486 9.7501623948 11.0103511641 10.6286445142 9.83228254703 9.65053134398 7.16518468125 7.27671301851 5.86113362355 3.23719042481 4.047920748 3.13177751165 3.65104707848 1.90965948959 2.18790350509
-9999 -9999 -9999 -9999 -9999 -9999 -9999 -9999 -9999 -9999 -9999 -9999 -9999 -9999 -9999 -9999 -9999 -9999 -9999 -9999 -9999 -9999 25.1375798744 26.4896701813 26.5486470752 26.0095192997 22.5125762459 22.2829454597 17.7959593047 18.0643310869 17.7411745906 18.2570797722 15.1365531318 14.6298714424 14.8406185707 12.9431153597 13.0473084716 12.4713363741 12.0292604396 12.1184432592 12.2084205323 9.41368764235 9.85362864964 11.5785936921 7.81491429348 7.145650859 6.17495290619 7.56646313013 9.03022146865 7.15408395957 2.70565176822 3.20722339903 8.61423660039 5.7051790743 2.09853130529 1.6590221995 2.05705672057
-9999 -9999 -9999 -9999 -9999 -9999 -9999 -9999 -9999 -9999 -9999 -9999 -9999 -9999 -9999 -9999 -9999 -9999 -9999 -9999 -9999 -9999 25.5584937359 25.2092762749 26.0210968145 27.1840398535 23.5275493077 20.0907297999 18.2796552978 18.6282787691 16.7612418904 17.0021404358 16.2300328608 15.1029085549 13.0918606792 15.1733037977 12.5978714197 12.3077264135 13.40153839 13.1023360941 10.2860458282 12.3601043887 9.97917515968 8.48439728487 7.59911040588 8.85987117335 10.3558035316 10.2986624665 6.73189573201 6.39840637639 5.19414601405 6.58905202443 4.61151766455 7.92385458376 5.26451496689 4.79010625047 3.54214527961
-9999 -9999 -9999 -9999 -9999 -9999 -9999 -9999 -9999 -9999 -9999 -9999 -9999 -9999 -9999 -9999 -9999 -9999 -9999 -9999 -9999 -9999 25.0587973139 25.8537737167 28.2042305856 27.3846324223 23.5798406123 21.5984933415 19.024830022 19.856094956 17.3181168747 16.2637053353 14.8912840006 14.9583745252 15.2379778196 12.5872490727 12.2807544254 14.3434167136 13.2975251368 12.6082860848 12.4646464449 10.8386506252 8.51157534324 9.98598421317 11.2624062076 10.7700607784 10.4254054428 9.46824957429 7.66291962313 7.67414453987 8.91362732713 7.74448169803 7.14763185385 7.63442879915 7.90286912864 8.27951608178 5.53094658244
-9999 -9999 -9999 -9999 -9999 -9999 -9999 -9999 -9999 -9999 -9999 -9999 -9999 -9999 -9999 -9999 -9999 -9999 -9999 -9999 -9999 -9999 -9999 26.5426174206 29.1292558364 27.7132406618 22.8779809298 21.170891497 18.7080389291 19.3777213526 17.3899073522 18.1374794242 16.7122127045 17.2762486673 14.2229655017 15.0274582825 14.9837690015 13.9187988602 10.9257536517 10.544023978 8.50524032513 10.4090782102 12.0256060409 12.0618975114 10.8412208289 10.0428353606 6.57357063545 5.98780868379 5.64055528664 6.07611126288 4.7838754666 5.95547473914 6.42786607505 9.28771395451 6.16566383421 3.92241881677 6.10915102983
-9999 -9999 -9999 -9999 -9999 -9999 -9999 -9999 -9999 -9999 -9999 -9999 -9999 -9999 -9999 -9999 -9999 -9999 -9999 -9999 -9999 -9999 -9999 24.3483238012 27.7739772469 28.2072983154 24.8441353087 23.2253954818 19.6737917542 20.5202116945 18.4725206453 19.0454165664 17.2154207914 16.6852558157 15.2190382933 14.9574549313 13.7610990063 12.6832031631 10.0687489698 6.94746136488 13.7824161845 13.8123032845 13.2632217739 11.2237779551 8.67138460667 9.17308255958 9.82558204427 10.3801813514 8.77905595057 8.6164076849 9.22464960974 9.49311839966 6.74418930826 5.58211538842 5.06987686247 7.44770991491 5.27647517181
-9999 -9999 -9999 -9999 -9999 -9999 -9999 -9999 -9999 -9999 -9999 -9999 -9999 -9999 -9999 -9999 -9999 -9999 -9999 -9999 -9999 -9999 -9999 -9999 29.2154601913 28.3340439392 24.9751308252 24.1658245424 19.7675454356 19.9284434618 16.8024795855 12.1229423613 14.8796261009 16.8802731581 16.4658621446 13.1465208867 11.8950339378 14.4555686398 12.9188091423 12.1371513112 14.3899810446 11.1910504625 9.25856964977 10.1821869083 11.159462959 10.5426889549 8.11740795291 9.477583955 10.0781479626 9.05089679275 7.103514954 5.48155167513 4.92330957138 6.78174165367 7.57396344179 5.6018330316 5.78475865435
