data/recharge/transience/recharge382.asc
ncols                  80
nrows                 72
xllcorner      4374000.0
yllcorner      5656000.0
cellsize            500
NODATA_value       -9999
[rows 25 to 49 of 72, columns 0 to 56 of 80]
-9999 -9999 -9999 -9999 -9999 -9999 -9999 -9999 -9999 -9999 -9999 -9999 15.577107446 15.4782310644 15.3942190798 13.5365883703 11.1587566086 11.4463485911 9.98533283524 10.3914402487 9.25012419012 10.2715380227 9.05777337028 7.08083769109 7.73149749391 8.29010479447 6.48437116597 6.75755234955 5.54951227521 5.01163128761 4.2734270711 4.01908700618 4.07249957083 4.36718153049 4.49428225176 7.18482816701 6.68718637529 5.45631273291 4.22225840913 3.03935274089 2.56968173521 2.12713121995 3.08734650007 4.08426523746 3.956234152 4.01934078884 4.00456827147 3.98940090494 3.74970022286 3.95762760213 3.42429888554 2.15977166688 1.25488132597 0.986789910242 0.92644938322 1.00752246112 0.927252477571
-9999 -9999 -9999 -9999 -9999 -9999 -9999 -9999 -9999 -9999 -9999 -9999 -9999 16.2841838659 15.7921866966 15.9610598393 12.4969385307 12.5752550922 10.7355807938 10.3866846134 9.39887048243 9.87224717227 10.423805175 9.72279873341 7.44020359144 6.20217691927 6.22977124174 4.93718305964 5.1039594605 5.45219483136 4.47572830915 4.23564257457 4.65067446511 3.87415796176 4.29425280604 3.68598011479 6.05532208983 4.5774717581 3.58835655696 2.36804718006 2.0034835176 2.52586654812 1.51539661595 1.79237454551 1.80490324971 2.31791647733 3.02486134163 2.93549418551 1.62244416794 1.065005298 0.906272595788 0.981725578681 1.02650863704 1.55133035916 1.60366820634 0.737143100531 0.698699292548
-9999 -9999 -9999 -9999 -9999 -9999 -9999 -9999 -9999 -9999 -9999 -9999 -9999 -9999 13.3893830107 13.3493385094 11.7608859773 11.8816959028 10.6096719997 10.9772558837 9.40735478292 10.1973843829 10.1891460639 8.49288550866 6.45070878171 6.47720916908 6.55411300571 6.68479772851 5.46997818216 4.79123505572 4.54978172379 5.70219372984 5.62698404495 4.59987936619 4.88861979608 5.16970536304 5.88985836169 3.12062052034 2.46552435113 2.80614159321 2.81661049196 2.23281482275 2.35330723454 1.77309394142 1.22436625137 1.44015904894 1.10704057186 1.29877996434 0.947757348573 1.16150935718 1.04902366766 0.783190260649 0.694226545367 1.48870932749 1.77808911564 2.77712875004 2.80066039345
-9999 -9999 -9999 -9999 -9999 -9999 -9999 -9999 -9999 -9999 -9999 -9999 -9999 -9999 4.86590147723 10.1750866476 12.1263526784 12.1007438809 10.8597530722 11.130986234 10.2838832845 10.2413014743 8.40745802076 9.39911731768 8.38053979727 8.22404828825 5.90224000745 6.31281842905 7.05113855694 6.89710864283 5.69364240856 4.0433217699 5.06745267501 5.46159217019 4.44024971952 4.022851719 5.0841441377 1.96581892772 2.46517289151 2.67247512998 1.91048456272 2.02092782982 1.79771385025 2.03762143353 1.59008199367 1.25587660688 1.18462641181 1.67866129964 1.83634224723 1.00248348321 1.15826735148 1.36381037829 1.48613651619 2.67231723287 3.14926028732 3.5550179548 3.94038620863
-9999 -9999 -9999 -9999 -9999 -9999 -9999 -9999 -9999 -9999 -9999 -9999 -9999 -9999 8.18853670804 12.0990491401 14.1594080762 12.3019855284 11.1673954316 11.2214764223 9.86563406376 10.1984909225 9.27006950113 8.9368099004 7.46823572906 7.0691706385 6.87188588883 8.03553409161 6.33351743519 6.80944924742 5.95503192153 5.80545418393 4.91746966203 4.24549531254 7.24376742215 3.50115100376 3.99371595552 3.01307754356 1.96056760589 2.51276625832 1.6779632139 1.93662266101 1.60192616912 1.64809447379 1.14317152673 1.29076986377 0.886510261929 1.25029601181 2.27884604724 2.65779634234 2.23735628879 1.30265916844 2.17569370102 2.0324826963 1.59997447389 1.78241661091 1.38018110062
-9999 -9999 -9999 -9999 -9999 -9999 -9999 -9999 -9999 -9999 -9999 -9999 -9999 -9999 16.9096890597 15.9869369368 14.967907263 13.4464346995 11.8785501058 13.7477910825 10.7248793662 10.4393763049 10.5440421413 8.91742720433 6.71343655251 7.15884385221 5.88574011019 8.11425957374 6.59679167946 6.36194204366 5.77716385293 6.19785263662 5.4175640607 5.39961255481 3.525172491 3.55301823963 3.03249051346 4.96676669687 2.44184413688 3.11216148539 2.22081965195 1.34903040427 1.10498386951 1.20930297001 0.941104374808 0.949851723555 1.711322023 2.27603683254 4.35601909541 4.94630995618 3.45610635268 3.78983086206 2.33038313069 2.2103957301 1.82030075552 1.4406100757 1.67062347072
-9999 -9999 -9999 -9999 -9999 -9999 -9999 -9999 -9999 -9999 -9999 -9999 -9999 -9999 -9999 15.1097560615 14.1980541568 12.4389065453 12.8152921371 12.3167626101 9.47116473795 9.74228756204 9.22446543231 9.13285748443 6.67503600568 7.30743997745 5.95936179172 6.40647434735 5.07341490634 6.26165366317 5.05900267121 4.99891292829 4.29632838183 5.08654934017 3.72833733816 3.7525533205 3.34727506542 3.29858473565 3.03764735615 2.84401867067 2.24274136681 3.01483318729 0.696668099857 0.752119063955 0.869976802918 0.759466227551 0.788565289128 0.955373011705 1.28739342188 1.3701864077 0.921552072825 0.807488942838 1.31882504363 2.4444142923 2.24965977433 2.21188694133 1.80753162089
-9999 -9999 -9999 -9999 -9999 -9999 -9999 -9999 -9999 -9999 -9999 -9999 -9999 -9999 -9999 -9999 13.5031898754 11.551683403 11.0575116147 12.2559652175 11.2980327082 10.7402849479 8.43953900442 7.42653601999 6.76942536755 6.58409382279 5.27278674265 5.4646451081 4.68598941335 5.8221322367 5.1768201733 4.77548946241 3.3361553721 2.39708641553 3.40878052124 3.6639740116 3.43038437159 3.62357040927 3.42822776704 4.26239440533 6.23824286122 6.01066303526 4.13708688545 1.82535506833 0.676042360628 0.393175215008 0.259592392043 1.0962118476 0.831345292691 0.61889771887 0.895369458966 1.54679673423 1.07284264208 0.844256024943 0.997063618145 0.861702456374 0.774838845647
-9999 -9999 -9999 -9999 -9999 -9999 -9999 -9999 -9999 -9999 -9999 -9999 -9999 -9999 -9999 -9999 12.668133577 12.8900348431 12.4324596385 11.8778584148 10.0235337764 11.9071684357 10.0675277108 7.6121889964 6.8667914684 7.3605838431 5.62612002681 5.64516737468 4.27550427662 5.44806761256 4.29604906872 3.49823481471 3.73120679631 2.8317896748 3.83506656707 3.55013181767 4.19459616382 3.69129058455 3.39012890109 3.35965800458 4.64712385535 4.22195295816 4.86268270056 4.05400254287 2.47191546932 1.60182237513 1.79901874746 1.95218188377 0.59443498217 0.783147640174 1.14985368524 1.226402282 1.72164351108 1.87399141157 2.33824108534 1.51819068735 0.783751756046
-9999 -9999 -9999 -9999 -9999 -9999 -9999 -9999 -9999 -9999 -9999 -9999 -9999 -9999 -9999 9.61890214452 9.67230684613 10.1080779232 11.34154749 11.1262879769 9.95368455011 9.91059686658 8.14580026603 7.31237786389 5.97829012047 6.32108548706 5.2967809116 5.36433379778 4.70240249874 5.58141059388 4.75981386908 4.86069292811 4.55077609705 3.69846896229 3.80647209358 4.50415140551 4.20114252103 4.35377038867 3.795670172 2.57681651722 3.1737095692 2.92833869199 1.9059100964 1.86556998785 1.83023286708 1.23110935337 2.13231660397 2.12583345637 0.988410260334 1.14867881104 0.83220040573 0.619929517765 0.700182089427 0.803788390476 0.896626899915 0.931928937064 1.08797032252
-9999 -9999 -9999 -9999 -9999 -9999 -9999 -9999 -9999 -9999 -9999 -9999 -9999 -9999 10.5033928078 10.2783160998 9.93438018033 8.60780567579 9.35059531026 10.670529164 9.1641133118 9.77625430359 7.55262015855 7.76932322566 5.98796777372 5.75552332152 4.78318083828 5.11701085237 5.4042000969 5.40249388143 4.37494197321 4.45461385525 3.24884111175 2.98161731326 2.66830252719 5.02834168487 5.03501938992 3.95411911666 1.28291817351 2.77608409447 3.01344194215 1.50705074066 1.2512400603 1.43979111662 0.759330427077 0.562491944171 1.58579691957 1.11141916219 1.09386223035 0.836119699538 0.714323489017 0.705890834654 0.765826449505 0.743621868783 0.684981974948 0.740905365709 0.821087133559
-9999 -9999 -9999 -9999 -9999 -9999 -9999 -9999 -9999 -9999 -9999 -9999 -9999 -9999 10.4538855353 10.90573994 9.88899087182 7.43322450471 6.34001001033 6.38662562826 7.23854029555 8.162575429 6.98821200128 7.29804296052 5.37183669569 4.70537527337 3.51552011678 3.71612367836 3.56953677485 4.9153688935 4.50703335182 4.04167132035 3.83128197904 3.46910210472 2.66419550827 4.12939357225 4.61144602773 5.48387088287 3.28711700677 3.36423891626 4.11045973243 3.82605017299 1.62492312453 1.43310581179 1.15487678592 0.443068302277 1.11815934476 1.65177646405 1.59646527346 2.00724972282 1.98569083676 1.96233610062 1.2910657862 1.08293388861 1.26671238048 1.19537946163 0.838521251528
-9999 -9999 -9999 -9999 -9999 -9999 -9999 -9999 -9999 -9999 -9999 -9999 -9999 -9999 -9999 -9999 10.0287067221 9.71904994992 9.51147517464 9.35942974889 7.76001799851 7.41279584413 7.73072032924 7.75875986411 5.6406130744 4.68654178156 2.83343070406 3.01296092022 2.38099385982 3.70388332028 3.72789756696 3.70079840201 3.53144891983 3.01933078823 3.07038797017 3.1004465521 3.49725316518 3.07471423768 4.14108957285 3.98723605901 2.31592099041 2.2292347552 3.4359509737 2.79798837967 0.654664490784 0.896397987535 0.712791809516 0.658301256764 0.943669139902 1.24223644901 1.19070305384 1.23928909846 1.05140836112 0.871462007222 0.546755397972 0.587683391168 0.954515171136
-9999 -9999 -9999 -9999 -9999 -9999 -9999 -9999 -9999 -9999 -9999 -9999 -9999 -9999 -9999 -9999 9.91847603216 9.5483435851 9.22637264888 7.3150095217 7.16537706046 7.27249529304 5.8481941651 6.24105619437 5.87069114272 5.0283106655 3.82893937916 3.62034123292 3.02859443802 3.78362054262 4.04134581763 3.83287938795 3.11701486109 2.95454609316 2.12128702613 2.27286247166 2.31114464609 2.72003195923 1.8144889918 1.63161453674 1.99998004306 2.65010454919 2.40754432075 2.64851251377 2.22967877801 0.66415642796 0.185723083742 0.376185533394 0.775379516848 0.57896669338 0.444687857157 0.453309497712 0.343596049595 0.402722659187 0.379508124168 0.382576709332 0.366593088361
-9999 -9999 -9999 -9999 -9999 -9999 -9999 -9999 -9999 -9999 -9999 -9999 -9999 -9999 -9999 -9999 -9999 -9999 9.32883448884 8.05823297591 6.35590397426 7.09079764212 6.57925701916 7.0572550756 5.59567182592 5.11280498028 3.39220201573 3.32061536592 3.21783269663 3.57358317747 2.79579167155 2.49352535796 2.34939441478 2.64026404206 2.08312357754 2.58107637475 2.49647956173 1.84076460454 1.65950176651 2.31263039958 1.66308869804 1.46031263374 1.31431687835 1.30304212306 1.07787228807 1.04745453584 0.257734777685 0.263780762256 0.485896249362 0.429570203054 0.492045345833 0.537108769374 0.352341958591 0.363823286049 0.415954650969 0.450924326632 0.401368986908
-9999 -9999 -9999 -9999 -9999 -9999 -9999 -9999 -9999 -9999 -9999 -9999 -9999 -9999 -9999 -9999 -9999 -9999 -9999 6.26470784331 6.16327402494 6.60782842957 6.07154319287 8.2469389614 6.01218940975 5.70887021604 3.7000066289 3.06928388743 2.61659549766 2.52002967099 2.45486201973 2.43429986928 2.00337876274 1.94896957219 1.45741122633 1.29582080767 1.20422179008 1.74465209878 1.52964710495 1.82430146073 1.37289491506 1.2397847402 0.976924400029 1.26042295601 1.24594247154 1.31241813336 0.715168749498 0.204338098038 0.139247984725 0.392308682145 0.328346022279 0.415805402584 0.312098073425 0.308558540074 0.370922774184 0.351972728145 0.270578890283
-9999 -9999 -9999 -9999 -9999 -9999 -9999 -9999 -9999 -9999 -9999 -9999 -9999 -9999 -9999 -9999 -9999 -9999 7.90594818156 8.55095068086 8.49146361814 8.287212502 6.44232197674 6.97508551325 5.86925336682 5.99017906251 4.4904447679 3.75215457638 3.02695182065 2.79400106435 2.80056357308 2.00623966715 2.23724619551 2.03204188692 1.83038424646 2.21071413212 2.63993501685 2.51137340152 2.25629721279 2.17146608352 2.03404358139 1.37110898206 1.15564861972 1.54187746325 1.26571123944 1.44024927615 1.15919325358 1.56191445369 0.768122295766 0.207306467678 0.57006552847 0.753583783208 0.752197330247 0.738690318427 0.527004488418 0.455813626403 0.388769811041
-9999 -9999 -9999 -9999 -9999 -9999 -9999 -9999 -9999 -9999 -9999 -9999 -9999 -9999 -9999 -9999 -9999 -9999 -9999 9.63499117962 9.29392188418 8.87754178879 6.36883984507 6.63401927885 6.1920248386 6.10700296268 3.94879433789 4.19024436229 3.3644198758 4.01887432419 4.1236971216 4.10502844934 2.82031821232 2.25662690759 2.16207259634 1.84218002061 1.02537757707 0.865246994635 0.718187118938 0.718565229529 0.858510497994 1.32671924055 1.47306849766 1.90309457042 1.91083302783 2.45982023409 1.49876022232 1.08859796367 0.900117586089 0.352612387066 0.085331205098 1.42922295059 1.5952484285 1.62743518518 1.12667680321 0.199846895329 0.230810115194
-9999 -9999 -9999 -9999 -9999 -9999 -9999 -9999 -9999 -9999 -9999 -9999 -9999 -9999 -9999 -9999 -9999 -9999 -9999 -9999 7.89840151634 8.60084038716 6.45542163783 6.27891043267 5.29582967548 5.90251320245 3.84381051683 4.34887128601 5.0594273479 4.64866011341 3.74501482363 3.61636989264 2.07244603526 2.98877042324 2.6196102489 2.65089946776 1.68534514278 1.95111860386 1.85336613793 1.67724179657 1.26869699043 1.72509140654 1.83101092507 1.58614343961 2.14157936519 1.81159990141 1.43227887663 1.64826906841 1.34572345199 1.17439871204 0.632553895742 0.260205315829 0.0987411074978 0.175141182014 1.05340247336 0.120847791946 0.115820578289
-9999 -9999 -9999 -9999 -9999 -9999 -9999 -9999 -9999 -9999 -9999 -9999 -9999 -9999 -9999 -9999 -9999 -9999 -9999 -9999 -9999 8.02147491536 6.81820275381 6.84652248236 4.61816367367 4.24627864501 3.6678092567 4.37177051547 4.31305657248 4.07172787496 3.63155370029 3.99272093994 2.55589088528 2.69206922232 3.15494178581 2.69484333306 2.02615360493 1.21588462178 1.12129622874 1.39460981004 1.94724204485 2.07146390367 2.36290409012 1.64146519013 1.31846792393 0.950580669029 1.21299046216 1.36154042888 1.29130485629 1.6417914762 1.55736137921 1.40537441911 0.650800827389 0.20271270003 0.0497550553574 0.066042957697 0.0737511745483
-9999 -9999 -9999 -9999 -9999 -9999 -9999 -9999 -9999 -9999 -9999 -9999 -9999 -9999 -9999 -9999 -9999 -9999 -9999 -9999 -9999 6.78694936746 5.98765825678 6.00256984143 5.28280017343 6.00861570539 4.38821980194 3.62762572973 3.52802105245 4.54982533532 2.98845608546 3.78575187817 2.59317024465 2.54504758767 1.4944660505 1.85256769447 1.56369226423 1.19528340513 1.03371824685 1.49983122836 1.9731684828 1.87723943009 1.43490593157 1.41688791472 1.84472747801 1.73182500622 1.55637207444 1.50799822883 0.803783072588 0.972175876376 1.33723955758 1.00602597913 0.500027405044 0.122930772472 0.0918576751359 0.0545916692184 0.0559649683031
-9999 -9999 -9999 -9999 -9999 -9999 -9999 -9999 -9999 -9999 -9999 -9999 -9999 -9999 -9999 -9999 -9999 -9999 -9999 -9999 -9999 -9999 6.06813871699 7.01098104896 5.89717797199 5.8285470212 4.26997225894 3.92309907691 2.82023159523 3.29338938936 3.11762349639 3.28370572143 2.42700400149 2.59757323035 2.78286271202 2.13001724727 1.72689959303 1.54102714848 1.38513738751 1.53932071568 1.97268781298 1.25596873751 1.39941139743 1.85641368858 1.03260373359 0.916247007983 0.590689508161 0.747354701344 1.00910901184 1.88182832022 0.862072743768 1.55499393768 1.40328571474 0.181742114884 0.0540444896153 0.046424795035 0.0497770798007
-9999 -9999 -9999 -9999 -9999 -9999 -9999 -9999 -9999 -9999 -9999 -9999 -9999 -9999 -9999 -9999 -9999 -9999 -9999 -9999 -9999 -9999 6.3340331023 6.1217944919 5.63105122072 6.47323023346 4.64596985874 3.50006518277 3.48424407255 3.62714365608 3.01095604706 3.09848685498 2.89940432909 2.84744068332 2.17702419475 2.91354202921 2.02612326244 1.57410629436 1.8639596799 2.20615798356 1.45344462604 2.01901292714 1.42938771018 1.10054525804 0.968602830294 1.25513147233 1.35104465135 1.6468405977 0.861973711039 0.81553962821 0.694922713742 1.70588045029 0.121362916944 0.537164884222 0.147036669346 0.122879404007 0.0768532264411
-9999 -9999 -9999 -9999 -9999 -9999 -9999 -9999 -9999 -9999 -9999 -9999 -9999 -9999 -9999 -9999 -9999 -9999 -9999 -9999 -9999 -9999 6.07782018728 6.66195497324 6.82921602601 6.63392517006 4.62751325911 4.52809300433 3.24082059982 4.19487941328 3.22030316136 2.84333308444 2.45860426749 2.73637786517 2.96338119839 2.04335369749 1.97025195994 2.66589488194 2.31274715992 2.08307192647 2.09483520562 1.62248132856 1.11544646272 1.44454612376 1.82324163846 1.69537098266 1.65894570891 1.40267912818 1.0098327584 1.01202347524 1.28807566257 1.02552903871 0.343304204458 0.41209674866 0.481962933572 0.582524994806 0.143730746562
-9999 -9999 -9999 -9999 -9999 -9999 -9999 -9999 -9999 -9999 -9999 -9999 -9999 -9999 -9999 -9999 -9999 -9999 -9999 -9999 -9999 -9999 -9999 7.10322303545 7.38016764648 6.82395241757 4.15507184745 3.89197480778 2.95389430793 3.97664703641 3.25043669357 3.542158436 3.06395521061 3.49462334957 2.57937897237 2.88118723124 2.9110873455 2.50906445534 1.6129516367 1.46713119204 1.09052584143 1.51470749476 1.9824008368 2.01475129559 1.70048920841 1.48734568105 0.803102566803 0.719774551944 0.667836691704 0.732879706004 0.547695485194 0.711001614544 0.745215303585 0.927476928286 0.2084371522 0.142454459041 0.463848240844
