data/recharge/transience/recharge232.asc
ncols                  80
nrows                 72
xllcorner      4374000.0
yllcorner      5656000.0
cellsize            500
NODATA_value       -9999
[rows 25 to 49 of 72, columns 0 to 55 of 80]
-9999 -9999 -9999 -9999 -9999 -9999 -9999 -9999 -9999 -9999 -9999 -9999 6.32998137019 6.35939116981 5.56372489152 6.03726922911 4.44490602359 4.19181397799 3.69676376032 4.65244426855 3.49451514253 3.1351322587 2.65761764705 0.905245143087 1.8274966493 3.30241509354 3.89574011859 3.33723187422 2.63986561059 2.27573163044 1.94949236747 1.78195472678 1.49722399897 1.40378098106 0.837303393151 0.589020612935 0.834445077232 1.27808356408 0.883824706811 1.23279710779 1.09712938438 0.863699443243 1.1151883118 1.27686011816 1.20904853328 1.25266230456 1.23845377635 1.22625606992 1.18700214885 1.32898144128 1.26617425913 0.963428187828 0.494870744664 0.369984766619 0.380765774502 0.393636527235
-9999 -9999 -9999 -9999 -9999 -9999 -9999 -9999 -9999 -9999 -9999 -9999 -9999 5.22723242434 5.49537515056 5.76534837651 5.15006952423 5.29059871868 4.27624687201 3.69121941542 3.26908224456 3.66293909717 3.4237593143 2.04143265325 3.20564993904 2.83333809568 2.88892033554 2.60733975256 2.43364770782 2.66803851985 2.19096550048 2.01042654911 1.47283107708 1.06388069722 0.814827891357 0.149945154399 0.435298308018 1.02066245747 1.35196284394 0.991185136013 0.82392267932 1.01448713257 0.567628216057 0.759201234307 0.741703373135 0.861878889898 0.936597551026 0.881929651317 0.60810665789 0.405914711996 0.347165364622 0.380180271263 0.417114120024 0.36919645769 0.235398173232 0.303877493175
-9999 -9999 -9999 -9999 -9999 -9999 -9999 -9999 -9999 -9999 -9999 -9999 -9999 -9999 4.68076339447 4.81440830164 4.18122555737 4.87142919938 4.56396568346 4.86155745227 3.84048131027 4.15786911117 3.43236065844 3.21110630753 2.87164755513 2.55787078231 2.72815919241 3.51423321488 2.62398019921 2.21661944197 2.23678638266 2.10317350157 1.97016906939 1.68011223807 1.0172966475 0.266895126403 0.434287492296 1.10800796733 1.16158849259 0.49044699517 0.42234096287 0.83150404079 0.956833153631 0.679522370348 0.456690189045 0.55146304083 0.449117933935 0.338707547491 0.391871696891 0.469668731322 0.411253514772 0.292133538347 0.264830251291 0.219634849999 0.295291482864 0.591713410613
-9999 -9999 -9999 -9999 -9999 -9999 -9999 -9999 -9999 -9999 -9999 -9999 -9999 -9999 1.19700578036 1.84476679222 4.19718078605 4.81041433005 4.38741599717 4.61485012619 4.32183744245 3.95065657343 2.90024683751 3.78744468172 3.2076304517 3.55142392288 2.15595854379 2.0967456841 2.31118074154 2.66863605002 1.09261479013 0.415011656326 1.99733011843 4.42891123774 1.85547509048 0.251357945535 0.416999211294 0.843677847164 0.461788117618 0.382235153644 0.584682460222 0.752015207157 0.784470730254 0.858405240599 0.65990947893 0.50299896727 0.155282252127 0.118689533174 0.159359792728 0.283640759903 0.498926006129 0.600019130389 0.675744013884 0.37622652065 0.235992180125 0.243500600252
-9999 -9999 -9999 -9999 -9999 -9999 -9999 -9999 -9999 -9999 -9999 -9999 -9999 -9999 1.49392693145 2.3090009367 4.35113527736 4.98443657543 4.92012195676 4.99937572287 4.51086404064 4.46635771957 4.15072231443 3.16838905144 2.5331113716 2.10541989387 2.50568503139 2.5037555313 1.84115509948 2.14841396528 1.9708263448 1.57635447185 1.66262800708 2.72802339957 2.12450994907 0.235423451139 0.312324538103 1.5289467637 0.280563134008 0.296038017151 0.696364096035 0.840647640488 0.678728421823 0.703448176914 0.456216224444 0.519236945837 0.35001745112 0.524579085346 1.06398656698 1.1371498062 0.765643849771 0.362374945577 0.62606253276 0.552869162274 0.414079257588 0.522592856031
-9999 -9999 -9999 -9999 -9999 -9999 -9999 -9999 -9999 -9999 -9999 -9999 -9999 -9999 6.87322649652 5.85051888277 5.44087882223 5.80794845665 4.73126789856 5.16865046808 4.03740015964 3.72076263851 3.25315579853 3.50673122993 3.18872749149 3.31024033103 2.59227396807 2.80107888013 2.35327087154 2.06819925705 2.04514955704 2.36397931599 2.02881310027 0.343804556143 0.251297679283 0.255661641822 0.213480019189 0.635753251472 0.176832836717 0.301679660189 0.346457491653 0.597971396246 0.474371125756 0.528066543931 0.396236018526 0.388125127304 0.675258231572 0.697715425479 1.50917638554 1.73403486081 1.14939245902 1.39876931658 0.802511973802 0.951946848321 0.868560653609 0.673465710393
-9999 -9999 -9999 -9999 -9999 -9999 -9999 -9999 -9999 -9999 -9999 -9999 -9999 -9999 -9999 4.85155954927 4.50671097615 4.53448415347 4.73212726839 3.60149390014 3.47580623282 3.61143490429 3.28007171609 3.42358442473 3.15972577995 2.93335078845 2.20565431056 2.4200685736 0.924468535514 1.90287717534 1.55151962625 1.54654182156 1.26288953409 0.579014749925 0.285700844219 0.290159486876 0.261800953923 0.253553398205 0.236373555453 0.157770276664 0.102386152482 0.159038289154 0.169567601867 0.23537492124 0.32758385868 0.236667097904 0.174903834015 0.20397895088 0.315991788053 0.472057301485 0.38429891714 0.32931838108 0.599108523245 1.23080244153 1.12464143405 1.10018309774
-9999 -9999 -9999 -9999 -9999 -9999 -9999 -9999 -9999 -9999 -9999 -9999 -9999 -9999 -9999 -9999 4.3203911149 4.22396511331 3.95386405057 5.19897353007 4.91746719868 4.9394997765 3.21983002988 2.96385535688 3.30594437687 2.97529456573 2.61567267016 1.54665715546 0.578745915705 1.40581630649 2.24633531455 0.908148555872 0.977394996973 0.507997247667 0.248930684114 0.292573310196 0.282258291171 0.321119883803 0.307738202235 0.428091502234 0.897318270931 0.747682787178 0.758787271673 0.399766884095 0.166421209033 0.110578018869 0.0834548956012 0.432784300182 0.367589721446 0.262402684351 0.402220012104 0.745195737274 0.492286503765 0.375418652645 0.460655376422 0.391012883585
-9999 -9999 -9999 -9999 -9999 -9999 -9999 -9999 -9999 -9999 -9999 -9999 -9999 -9999 -9999 -9999 5.52699141784 5.44259663944 5.20621569421 5.07061152129 3.90029390808 3.89879884455 3.56831719589 3.55809752171 3.2753409489 3.61132244317 2.93838597787 2.59598886722 0.617733429473 1.08415250691 0.548567343503 0.39013386074 0.486063707728 0.410440734201 0.358424795894 0.27209799634 0.393194605006 0.336262704575 0.299832577108 0.277322443175 0.487122222114 0.276568788734 0.544938131442 1.29463853409 0.696961344686 0.394263919462 0.417431925457 0.243175588224 0.260012199783 0.342876902926 0.534691952824 0.575604772426 0.834976843352 0.917348839897 1.21521978074 0.739021076624
-9999 -9999 -9999 -9999 -9999 -9999 -9999 -9999 -9999 -9999 -9999 -9999 -9999 -9999 -9999 3.7935256451 3.85020970229 4.64689744548 4.91235634119 4.77517656913 3.98201438813 3.54408468984 3.07948315963 3.34391245618 2.93825928075 3.17085232872 2.86701944358 2.97415725655 0.864987986025 1.52214904686 1.78423869341 1.86089012012 1.87691931409 0.710676717115 0.286952058221 0.631404780121 0.465608264927 0.662426193868 0.470741083861 0.189688009837 0.400942720555 0.584516760134 0.455316318155 0.442284158381 0.503425540404 0.315322043121 0.123326789456 0.171817497715 0.347476398523 0.577523204664 0.401347998982 0.287647185763 0.329865769272 0.385252769094 0.437743435298 0.45660503868
-9999 -9999 -9999 -9999 -9999 -9999 -9999 -9999 -9999 -9999 -9999 -9999 -9999 -9999 4.49990759105 4.21536264901 4.0195709985 4.73114916753 4.56984333166 4.42097135462 3.93436949977 4.39191550332 3.57356932985 3.7234307517 2.95229337902 2.78584252951 2.49385923413 2.41966082571 1.8370803076 1.83415392715 1.49990534981 1.55161296026 1.27060496925 1.71801070038 1.95842597103 1.87992104342 0.367479667579 0.248553483806 0.320129670039 0.544100741057 0.41503295183 0.325356253502 0.272207422461 0.318962268932 0.198807393954 0.156419286138 0.28243054439 0.466565451163 0.550237813756 0.403488011557 0.337170149726 0.332693924587 0.364787895557 0.35317219727 0.324403590781 0.354201955548
-9999 -9999 -9999 -9999 -9999 -9999 -9999 -9999 -9999 -9999 -9999 -9999 -9999 -9999 4.50371300404 5.13891034315 4.6462773757 4.42037675456 3.78275042457 3.6845055986 3.30364320988 3.77807557908 3.38663940625 3.59931081968 2.92523549862 2.52776257616 2.51587154426 2.4620319586 1.94710076778 1.86814865769 1.76269734304 2.22799916741 2.31622729964 2.02437558553 1.69027745306 2.14967819278 1.61995571275 2.07679283137 1.03203672615 1.06784715916 1.47537923979 1.33105167041 0.451472517466 0.388173721075 0.339548621356 0.150757123599 0.34888505284 0.860374086105 0.92891008695 1.09956762044 1.08384327928 1.0678396965 0.706159731652 0.580673010662 0.716014755676 0.671161621234
-9999 -9999 -9999 -9999 -9999 -9999 -9999 -9999 -9999 -9999 -9999 -9999 -9999 -9999 -9999 -9999 4.74241638158 6.04025547494 6.00479626093 5.89453739261 4.80360814964 3.63913085942 3.89643375146 3.91834794739 3.12351505755 3.30763719956 2.01235533367 2.13656081755 1.68622809839 2.17055459903 2.21259081854 2.23384509867 2.06770165064 1.68816557429 1.81431473456 1.83661885024 1.68780788308 1.00432035359 1.64444236929 1.73626842056 0.910738215867 0.768904210344 0.87514317136 0.528471502372 0.202426382563 0.265372365486 0.230873771474 0.326185670749 0.533003506175 0.650687015687 0.620968433022 0.649686931824 0.562272672286 0.456172994863 0.281568804923 0.3051689579
-9999 -9999 -9999 -9999 -9999 -9999 -9999 -9999 -9999 -9999 -9999 -9999 -9999 -9999 -9999 -9999 6.39384591916 6.09393538655 5.90617338946 4.53672355365 4.68553983412 4.72815092584 3.0696237554 3.23593654897 3.37529269187 3.69625967856 3.01309100026 2.86817305831 2.50210119136 2.4160181084 2.76829515077 2.58372381045 2.02655382829 1.76485042502 1.19523794776 1.30645210499 1.37769837888 1.69420424052 0.973696897644 0.774632714947 1.02550957994 1.44788074773 0.335761542826 0.604356429744 0.86783422392 0.223218293076 0.087280121579 0.163863183253 0.42479282998 0.294035304712 0.224011451388 0.228996200891 0.182056491129 0.217408653446 0.217328482703 0.219517488997
-9999 -9999 -9999 -9999 -9999 -9999 -9999 -9999 -9999 -9999 -9999 -9999 -9999 -9999 -9999 -9999 -9999 -9999 5.98733460169 5.04979130178 4.09847008608 4.62782154699 4.41383869004 3.82497058141 3.16754340923 3.31086755552 2.74362278504 2.79902678243 2.31163805712 2.23614286098 1.69968084721 1.459944304 1.40293153578 1.61225919987 1.16842670425 1.54217495406 1.52050871009 1.0277386146 0.91811525936 1.20636011571 0.813924060153 0.693198622309 0.541104420109 0.535506400762 0.537663939773 0.453622860847 0.119252761426 0.122404318734 0.207487876163 0.203890473546 0.276295021068 0.337963252963 0.186917714321 0.193557877422 0.240580661775 0.26350561693
-9999 -9999 -9999 -9999 -9999 -9999 -9999 -9999 -9999 -9999 -9999 -9999 -9999 -9999 -9999 -9999 -9999 -9999 -9999 4.10240638716 4.10282563504 4.42184223372 4.17929717165 4.54056668649 3.4827474637 3.23633349875 2.36634209877 2.38172079302 1.63012186818 1.55086112086 1.58531819075 1.92151717608 1.39245648133 1.2303589183 0.86356332575 0.693703521542 0.647046480002 1.02783912077 0.918926965598 1.04749393145 0.705036312587 0.622435127989 0.475486588775 0.639176964828 0.666138884269 0.701614900413 0.329783663603 0.104892246891 0.0759334489345 0.195066620701 0.175553583234 0.23291586945 0.178624872149 0.176398550918 0.230339280568 0.217283694469
-9999 -9999 -9999 -9999 -9999 -9999 -9999 -9999 -9999 -9999 -9999 -9999 -9999 -9999 -9999 -9999 -9999 -9999 5.27961337929 5.77473263378 5.85291847152 5.68884736206 4.4487860934 3.60528058005 3.37444619535 3.06437284022 2.14027593118 2.44061133374 1.9714224093 1.7742568306 0.463409427297 0.291123287499 0.995891370519 1.26157882567 0.998852710515 1.25566133377 1.607760062 1.50296838029 1.35016587696 1.26800903898 1.14367054756 0.703528762923 0.591644241183 0.227268029271 0.333424631182 0.253892702055 0.64909904075 0.62721061994 0.326655278006 0.116855140644 0.248535794277 0.40635877203 0.474019734576 0.511778925363 0.353218610565 0.29023858085
-9999 -9999 -9999 -9999 -9999 -9999 -9999 -9999 -9999 -9999 -9999 -9999 -9999 -9999 -9999 -9999 -9999 -9999 -9999 6.61215403058 6.36589269298 6.02600379335 4.56034581421 3.78831771397 3.68557628817 3.62094766133 2.27723715264 2.16484339705 2.1224335644 2.65611760357 0.832400259034 0.8118024635 1.76025328505 1.33782905504 0.711959268589 0.504154566788 0.570350357075 0.46847996614 0.390437326591 0.390418667693 0.476068281174 0.740569455286 0.434790020325 0.254925188396 0.261241266421 1.02398245585 0.861005357975 0.564803540641 0.392996343022 0.187390241178 0.0457497990944 0.118977415664 0.152364218357 0.208428977373 0.314940405509 0.122389667884
-9999 -9999 -9999 -9999 -9999 -9999 -9999 -9999 -9999 -9999 -9999 -9999 -9999 -9999 -9999 -9999 -9999 -9999 -9999 -9999 5.25430780862 5.79329615747 4.62797067336 4.23913451163 2.99686469369 3.46079767842 2.31170858892 2.30518222213 2.60619143726 2.21332866386 1.67195745721 1.55758918306 1.14862582061 0.687943681047 0.365710563116 0.560320696915 1.03416690067 1.26703594594 1.19612612898 1.08823892286 0.774824662057 1.12103524392 1.07258085569 0.886050979368 1.26240920301 1.03788088383 0.81594740632 0.965906597977 0.763717570501 0.523368991727 0.32900772772 0.159503051959 0.0640911848239 0.0818871637732 0.159681958061 0.102241648897
-9999 -9999 -9999 -9999 -9999 -9999 -9999 -9999 -9999 -9999 -9999 -9999 -9999 -9999 -9999 -9999 -9999 -9999 -9999 -9999 -9999 5.36890842582 4.87288938627 4.88490342226 2.86870559289 2.57220925842 2.12047577543 2.46309885848 1.93074605633 1.75984567546 1.79383091495 2.02729321691 1.41832811468 0.324068630213 1.40742518738 1.82568171406 1.42576748394 0.980195614991 0.840602964462 0.908337192442 1.30191481884 1.40625219605 1.53107446083 0.883208740683 0.677295011663 0.461884443771 0.634591709598 0.72912019423 0.73604362679 0.989924024296 1.74148192497 0.514498533607 0.379576056738 0.143786760392 0.0338501911482 0.0471687374911
-9999 -9999 -9999 -9999 -9999 -9999 -9999 -9999 -9999 -9999 -9999 -9999 -9999 -9999 -9999 -9999 -9999 -9999 -9999 -9999 -9999 4.50673458459 4.25729036208 4.27267471696 3.8592424354 4.02382379825 3.0856622181 2.95695777414 2.37561693621 1.82093443056 0.451241083855 1.40542003629 1.86963097512 1.59822302527 0.901475688048 1.21689434541 1.02781955745 0.964632693193 0.815107305942 1.26361640981 1.32517235716 1.24416816618 0.849205725192 0.783756040091 1.02593913277 0.95014031668 0.860264786233 0.827180513181 0.509830705811 0.553927634578 0.381716345005 0.173185789245 0.128624882013 0.0733979234047 0.0744774049118 0.0376030803191
-9999 -9999 -9999 -9999 -9999 -9999 -9999 -9999 -9999 -9999 -9999 -9999 -9999 -9999 -9999 -9999 -9999 -9999 -9999 -9999 -9999 -9999 4.45909711579 5.18486124301 4.09769937238 3.56038101063 2.77066072708 3.04859066629 2.45029086939 2.41361330817 2.2408880436 2.41756757661 1.79600906007 1.78108077215 2.02130926216 1.45080176998 1.45763118521 1.28458164461 1.08591256507 1.20885994942 1.23702462921 0.692234736832 0.774014773587 1.11655644088 0.500987416159 0.427471391759 0.335084318588 0.445471267693 0.674942606945 0.393601257442 0.144837439658 0.14241199359 0.430153994079 0.140639293798 0.0373807514602 0.0314764776701
-9999 -9999 -9999 -9999 -9999 -9999 -9999 -9999 -9999 -9999 -9999 -9999 -9999 -9999 -9999 -9999 -9999 -9999 -9999 -9999 -9999 -9999 4.65193269035 4.50042880415 3.88729632684 4.07398722789 3.34791729694 3.05022458474 2.70613384796 2.77669610445 2.34965795242 2.43950956983 2.32037631727 2.04946684328 1.49326993195 2.14667788758 1.37972904667 1.27197885818 1.55404878795 1.50406654577 0.833439341053 1.27376947923 0.795825028174 0.572423126602 0.495690150111 0.621429360579 0.874782944327 0.893533361935 0.439949656375 0.360806961302 0.216699238542 0.275635427276 0.0911029431127 0.32011099224 0.135288379728 0.110934321607
-9999 -9999 -9999 -9999 -9999 -9999 -9999 -9999 -9999 -9999 -9999 -9999 -9999 -9999 -9999 -9999 -9999 -9999 -9999 -9999 -9999 -9999 4.49138015147 4.94804124325 4.63880562934 3.976199206 3.48209739709 3.79419572999 2.89077673146 3.2651232813 2.57521548464 2.19407247354 1.88007951741 1.99429788011 2.12138806996 1.32765654036 1.24326357157 1.82511946842 1.45155858509 1.26738561666 1.25269422035 0.897054641374 0.548110664977 0.763475144575 1.0336131417 0.904783263537 0.847606128103 0.685664868871 0.513557746158 0.514668493952 0.759834873649 0.581584501734 0.212698006301 0.246857636072 0.321367666272 0.364536171832
-9999 -9999 -9999 -9999 -9999 -9999 -9999 -9999 -9999 -9999 -9999 -9999 -9999 -9999 -9999 -9999 -9999 -9999 -9999 -9999 -9999 -9999 -9999 5.28050434139 5.00546256692 4.12290879556 3.17796093543 3.61021271823 2.72581379202 3.06744756737 2.60954151037 2.90056111063 2.49674896629 2.80843032566 1.78123993706 2.04551404641 2.04612355617 1.69234287663 0.909090780725 0.853222954514 0.537420682306 0.821261389199 1.14502659101 1.17917444829 0.940466470806 0.789120080551 0.367916992454 0.317207691973 0.323788243652 0.35832817743 0.28931249837 0.385594199107 0.436081231399 0.471098578787 0.167888455435 0.0918305605717
