data/recharge/transience/recharge77.asc
ncols                  80
nrows                 72
xllcorner      4374000.0
yllcorner      5656000.0
cellsize            500
NODATA_value       -9999
[rows 26 to 51 of 72, columns 0 to 56 of 80]
-9999 -9999 -9999 -9999 -9999 -9999 -9999 -9999 -9999 -9999 -9999 -9999 -9999 35.6070935976 34.2237659818 33.5992880172 34.4411954927 34.9969526946 33.6441122116 32.9902889702 31.3344920583 31.3047208353 29.9648145995 25.7650264279 32.682390724 33.882153113 33.1315781894 32.3730030091 31.0912717356 31.5787609676 29.8220974921 29.5912132609 26.211491881 42.3304508768 24.7118937095 15.9904417206 28.9757575638 26.4629420328 26.5399077917 19.9569431033 18.2217558138 20.9932813179 17.2752698976 21.2585392666 22.1816394896 23.4491604868 21.8044831505 21.466157375 20.6026048382 16.9162277243 14.2583189514 14.4186249619 14.7875863021 14.5889321878 11.0515083186 13.516227487 13.507284749
-9999 -9999 -9999 -9999 -9999 -9999 -9999 -9999 -9999 -9999 -9999 -9999 -9999 -9999 35.1627903979 33.9248188222 33.111198211 34.8320454236 33.6360639484 34.0574397245 32.425694377 31.7940571341 30.5058973167 31.3107017331 31.9801631188 30.7305467669 29.9033910095 32.6502270401 31.9018237086 30.8153978916 30.3063218137 29.0993944288 26.3494527455 42.8415067449 27.0637072588 24.4541865129 30.0353506654 25.7083919072 20.691395996 17.1486019512 15.983396653 18.9978528114 19.8381632427 18.2172233875 15.6074089912 16.5681315635 15.048850692 14.1661711643 14.2050622453 15.1183996688 14.7509401422 13.1612024513 12.7252763572 12.3706565194 10.1073628848 16.1104757246 20.3931421698
-9999 -9999 -9999 -9999 -9999 -9999 -9999 -9999 -9999 -9999 -9999 -9999 -9999 -9999 10.2526390543 22.9680582083 32.9028611604 35.6081288984 35.2219900297 34.8149461853 33.9225825257 32.5775654207 30.9093939552 31.1246351325 30.8496009291 32.6605135507 30.3414088745 29.1116243378 28.8237079661 30.5403937801 23.2710426495 12.922355783 26.6327706952 34.1501296775 34.9409911956 19.7883920489 30.0942275572 21.6879863863 17.1919966516 16.4855173078 17.6573113105 18.6996028386 18.1540603257 20.0665502051 18.2547613726 16.864453067 11.713353016 9.70150482153 10.6936937089 13.7860113141 16.1036174942 17.0137492535 17.7657499438 18.9653060983 20.4588526069 21.3516977415 28.8216946537
-9999 -9999 -9999 -9999 -9999 -9999 -9999 -9999 -9999 -9999 -9999 -9999 -9999 -9999 15.6931440758 23.4016857512 33.3120285401 37.103360095 34.7720054304 34.5409184426 33.7986801066 33.4822020474 32.42077162 31.5958943476 30.9950773173 30.6211919042 29.6539426442 29.3869562439 28.247599724 28.5393382733 27.1487448387 25.9752205631 26.2337599426 38.5302079363 48.4766692955 16.8823994059 22.3432308467 35.7858144592 10.6268292378 14.9789732792 17.950245008 18.9646417731 17.1712068741 17.4367815134 16.0479413107 17.0205001906 14.471403497 16.424240063 19.6710753915 22.474458142 22.4313976392 17.4577745584 18.78112988 16.2398661298 17.1784040016 20.9516570344 19.9011326178
-9999 -9999 -9999 -9999 -9999 -9999 -9999 -9999 -9999 -9999 -9999 -9999 -9999 -9999 36.4515181101 35.2359660267 33.6224574145 34.9094368966 33.525929913 33.7413869251 33.3747172172 33.4590213472 32.1995576026 32.6411924622 32.7629828348 32.7176490596 30.4927625922 30.0287982213 28.936894518 28.8147873985 27.9734685413 28.0887334615 27.1006959847 21.7978459814 17.8055707508 17.8715037845 16.4023516035 33.8569904279 14.6205781593 20.1413119438 20.1380895269 19.9668869798 15.6512662087 16.2776897222 15.1006257271 16.3438352748 21.4467117887 24.0129668181 30.3844172031 32.8297103459 26.8365573716 29.7795177544 25.3864455638 23.3426380672 20.2376438946 19.0996616999 20.0653831823
-9999 -9999 -9999 -9999 -9999 -9999 -9999 -9999 -9999 -9999 -9999 -9999 -9999 -9999 -9999 35.5212330692 34.4635921968 34.3950662747 32.3638033889 32.363669526 33.8506131926 34.4082782732 32.1524711349 32.4290486886 33.0933754583 31.9850736944 29.8443504913 29.6754691884 16.2018593477 28.2407166293 26.968187826 26.973325669 25.7090142548 19.8031369097 18.2736917947 18.3288632236 17.171431984 17.0557198931 16.3281178577 14.8816474393 12.8245268956 18.7546588878 13.9235907625 16.4844428083 16.7533122284 16.8484811824 12.4907046644 12.7753158417 18.711665904 21.6191099799 16.459460271 15.744996582 18.5385143658 21.813846784 21.3244599986 21.2366271986 20.4292325666
-9999 -9999 -9999 -9999 -9999 -9999 -9999 -9999 -9999 -9999 -9999 -9999 -9999 -9999 -9999 -9999 34.3463703093 35.4487028452 32.2485446612 33.5876820297 33.7808157099 34.4489699304 32.5099853564 33.9752229495 33.9118945834 33.0659546851 31.8131845594 27.5867573876 15.3616767011 25.066409454 28.5903992372 18.9564552683 13.2486339267 8.95913538373 18.3553985324 18.9392182148 18.2403601128 18.6821186662 18.0843900131 23.955065035 40.0707454481 38.4548956409 31.7106980334 17.9135590703 12.5510054536 10.9926526503 9.7766923705 20.7911038824 16.88908045 15.1261767299 17.4530083221 20.4130888765 18.7028902315 17.4299221952 18.4545243404 17.7114134001 17.3262911143
-9999 -9999 -9999 -9999 -9999 -9999 -9999 -9999 -9999 -9999 -9999 -9999 -9999 -9999 -9999 -9999 39.740231912 36.9909884499 33.7603781953 36.1770765165 34.4036879305 32.7804743081 32.2152020923 33.5473466718 33.3437308933 33.4728011842 31.7861909259 31.1919598797 16.5567673119 23.8103468691 17.1724120078 12.428070955 14.2253619989 9.94845965349 17.3812293642 18.6829390123 22.686934469 18.8274256158 17.996025985 19.2134184702 33.6828978214 27.2831747898 33.2270799779 29.3402489831 20.1868101241 16.3630747046 16.5170264104 17.6540271338 15.0814601285 16.5599314793 18.7840017605 19.1315624401 21.0891483898 21.5325416199 22.8162031415 20.6146904935 17.3933637339
-9999 -9999 -9999 -9999 -9999 -9999 -9999 -9999 -9999 -9999 -9999 -9999 -9999 -9999 -9999 36.5592018774 36.491315849 37.8557345775 38.1557404902 36.9977152092 34.372465746 32.7281412835 31.8297267321 32.9738016388 33.1801191266 33.8851688151 32.3050143121 32.2113492524 21.4559124897 26.8799612992 27.8808295914 28.2463661345 28.1552922462 22.721921029 26.6745257761 39.0421449345 35.7823164633 38.3978815649 32.5109642618 18.0486330493 29.638887517 26.3577286615 21.7400986931 21.544185336 20.6443470979 17.8285041102 17.9524059802 17.2317130681 17.7263539977 19.9190238082 18.199144574 16.4932845385 17.4413537566 18.2489952639 19.0328363829 19.2433868441 19.6089069455
-9999 -9999 -9999 -9999 -9999 -9999 -9999 -9999 -9999 -9999 -9999 -9999 -9999 -9999 39.0209256893 37.7479712319 36.8524027583 39.9577590167 39.4229966573 37.1980963612 36.4030208554 35.5947405565 33.6605285331 33.4730415799 31.9374710236 33.1996149883 31.8398486973 31.0313108089 28.3105313501 28.5443700574 27.6147646921 28.2296897642 28.483406917 30.3810386559 32.2002202561 44.5671225505 35.6649548605 29.7824161609 21.2305829609 27.2703652527 27.9114925596 19.8922923405 18.716799369 19.5705333731 15.5993216185 14.5251900539 16.4131929485 23.0654726661 19.7221145186 18.1357559168 17.3760597771 17.301262136 17.9751058178 17.7737890978 17.534649253 17.9877058359 17.2900276552
-9999 -9999 -9999 -9999 -9999 -9999 -9999 -9999 -9999 -9999 -9999 -9999 -9999 -9999 38.3394617591 39.0701673907 37.7131142903 40.2166325992 37.8488894357 38.0188055987 34.6362524551 35.2756999573 33.6831351753 33.494532775 31.8315587373 32.7568053403 34.0253487869 34.0163223829 31.786873623 29.376125252 28.9092755294 31.5136049813 30.5436690171 29.9668862877 28.3586612781 37.1376942428 43.3937594609 48.6705077277 33.5594790689 34.0654667415 39.149405816 37.0799685416 22.5516474175 21.5045868791 19.8616745432 15.7638849882 19.1559675657 29.2516487518 23.8478909725 24.6805313563 24.1839590118 24.1504201795 21.8228116461 20.9107335309 21.6841672068 21.4299818144 19.4234483223
-9999 -9999 -9999 -9999 -9999 -9999 -9999 -9999 -9999 -9999 -9999 -9999 -9999 -9999 -9999 -9999 38.6255866054 41.6446452149 41.0030504694 40.373273143 38.9039562983 35.5434397143 34.3999330544 34.1274681523 32.2835406508 35.3581368008 32.3463927719 32.726775282 31.5642621422 33.4506008221 33.0039141014 31.7839538454 30.2061425416 29.2264272471 28.8707845815 28.9434931395 36.3338569015 36.741230028 40.2459734521 36.8847334209 29.586291355 29.8029552922 33.860873639 29.9918296816 17.1545210142 18.5094798128 17.0308204296 23.5094850191 21.0446669307 22.0620308181 21.4927647595 21.7083085166 20.7223309378 19.6828876127 17.2119305722 17.624348254 20.2815764993
-9999 -9999 -9999 -9999 -9999 -9999 -9999 -9999 -9999 -9999 -9999 -9999 -9999 -9999 -9999 -9999 42.591673629 42.7302907677 42.3236125167 40.2240130776 38.9442372171 38.93058376 33.7852431509 33.7544950348 33.1961630307 36.4190552245 34.4155414763 34.3825673134 33.777697943 34.0212475917 34.1495878597 33.9503998174 32.3010970253 30.2121499959 27.4724836362 27.9469567924 27.5944552655 28.5890898509 25.5283028969 24.4270228585 25.5777594324 27.7697116198 18.0180009178 22.9983516951 30.5949623274 18.9645338173 13.8792630422 18.918073413 20.9367150706 19.0126803266 17.1686760063 17.2739505897 15.4707739021 16.4862148884 15.9358123292 15.9520372239 15.898412721
-9999 -9999 -9999 -9999 -9999 -9999 -9999 -9999 -9999 -9999 -9999 -9999 -9999 -9999 -9999 -9999 -9999 -9999 42.3532264923 40.9264376713 39.0945185617 39.1081239632 37.0344510247 33.6462351034 32.7195468037 34.494114524 34.0537644302 34.914187787 33.8381976502 33.7545833869 32.1700863553 31.4958287081 30.9680497751 30.9154024531 27.3182146478 28.7078805023 28.0966182446 25.9656101847 24.8223741957 27.2149489389 24.1427068547 23.1368855161 21.4230782234 21.3610917107 20.0784559266 24.374833899 15.3834761571 15.3470150977 20.640799967 19.1613494124 18.1903640639 19.0877831693 15.6861647798 15.9208221638 16.5417641102 17.0006503356 16.5104445696
-9999 -9999 -9999 -9999 -9999 -9999 -9999 -9999 -9999 -9999 -9999 -9999 -9999 -9999 -9999 -9999 -9999 -9999 -9999 40.3529419205 39.727647799 39.546642641 38.4520227353 35.1546226217 33.3491230382 33.055562956 32.0228569634 34.4608160252 32.4766295432 32.2869480674 32.0661796777 32.4781690282 30.8849067374 30.4353948597 28.0485747358 27.0297911335 26.3292853484 27.9745878792 25.7984234483 26.7859018753 23.9070515882 23.1883658339 21.0405112048 22.9874725664 22.5034360868 22.8333432059 23.3063544742 15.795345706 14.0126240211 19.563040929 20.6552161572 18.0878911879 16.1764148169 16.1037020222 17.1574375914 16.8076940267 15.268273797
-9999 -9999 -9999 -9999 -9999 -9999 -9999 -9999 -9999 -9999 -9999 -9999 -9999 -9999 -9999 -9999 -9999 -9999 40.7128421188 41.2961186218 41.3115074593 41.0706371171 38.3115852421 34.8222199741 33.0716639112 32.3874992966 29.0489635138 33.1875753543 33.2188449489 32.9744517133 23.4098421715 13.2058097357 28.6737741179 31.7935900354 30.2940726063 31.5709993834 32.386326808 32.0446159715 30.6580724047 29.7413880225 27.1072340312 23.9136114641 22.4067707917 18.1000235913 19.3639392032 18.3040165784 21.6847966921 28.2872132677 21.1148319082 15.8804109877 18.7272480156 25.7098190802 25.8302208451 21.7165586656 19.4066947403 18.4239082894 17.6039405285
-9999 -9999 -9999 -9999 -9999 -9999 -9999 -9999 -9999 -9999 -9999 -9999 -9999 -9999 -9999 -9999 -9999 -9999 -9999 42.7933681119 41.5861472959 41.2645485842 38.5489869018 35.0570741329 33.754902609 33.2955731769 30.3987700268 29.6437600135 33.2290099392 33.555686523 21.6382908744 21.7798554689 33.4303969834 33.3135221231 28.6905140453 27.0491458529 27.2856791032 26.2272461284 24.7388718913 24.7761702548 23.9016924706 25.2243658654 22.6379497205 19.3289416137 17.2718704185 26.6005593573 24.5687597058 23.657426155 25.0496374031 19.3438496 12.2706341484 23.9342634494 24.0183896503 16.9710795063 25.7243939477 18.4403164816 16.2045028566
-9999 -9999 -9999 -9999 -9999 -9999 -9999 -9999 -9999 -9999 -9999 -9999 -9999 -9999 -9999 -9999 -9999 -9999 -9999 -9999 41.5618949161 41.7710172137 38.4527556034 37.3585668189 33.1503623991 33.1586678153 30.5294968229 29.7909594536 29.7665341117 29.5584799387 29.0424066173 29.079174387 33.5116888718 27.0984215513 22.3629329534 27.4141836219 29.652083953 29.7565065038 29.430326347 28.2697926271 24.9396453761 27.0643470944 26.9991808944 25.9076960261 27.6365011585 26.3704443671 24.2082622955 25.2496573071 24.9091140237 27.9333982696 22.930202642 18.8361701038 13.564397538 13.6692977744 23.8698100292 15.1084081513 15.2314863632
-9999 -9999 -9999 -9999 -9999 -9999 -9999 -9999 -9999 -9999 -9999 -9999 -9999 -9999 -9999 -9999 -9999 -9999 -9999 -9999 -9999 41.9207710405 39.2105088057 38.8873222072 32.6261509873 32.2371938625 30.2688327622 30.6895932413 29.6043922257 29.6937007443 28.379896217 30.1594160597 35.1560574327 20.2502079243 33.3906193022 33.7073342223 29.4769791319 28.1533090149 26.8182156069 27.0136472284 28.5752052998 28.9046473916 29.4060430681 27.204234614 25.0186396377 22.587040379 23.9778100124 24.8290451996 24.1094428755 25.870934875 28.5482024948 21.6666066772 23.0446185801 18.6721764172 10.6836108327 12.491413639 13.489714111
-9999 -9999 -9999 -9999 -9999 -9999 -9999 -9999 -9999 -9999 -9999 -9999 -9999 -9999 -9999 -9999 -9999 -9999 -9999 -9999 -9999 40.4809260281 38.5982254441 38.1552706135 34.885907384 33.2648998385 31.8461623733 34.1780868826 33.9187854193 29.0540765416 13.3128927181 27.7503073286 36.1252245628 34.9306984065 29.8317789601 29.2782715054 27.9252299994 28.9127800418 28.0155581858 28.8743782089 28.6129517638 28.3295769315 26.0330774766 26.1666363909 27.4534621726 26.973697931 25.7392670116 25.5269659716 21.8710513965 22.27808548 18.1673486328 12.722992638 18.3755368317 15.2285260516 14.5722780735 11.2653321062 11.6820616656
-9999 -9999 -9999 -9999 -9999 -9999 -9999 -9999 -9999 -9999 -9999 -9999 -9999 -9999 -9999 -9999 -9999 -9999 -9999 -9999 -9999 -9999 38.8294380002 39.290407279 36.1687428205 33.522485552 31.5678478072 35.0709365026 34.6483970241 34.8929408974 34.0188408134 34.1265714963 33.8959871218 32.6299297373 31.6766049325 30.454506164 30.390514792 30.1081143186 29.9693858605 29.3892011684 29.1635004974 26.3607956918 26.4974072484 28.2050631056 24.101389635 23.070528719 21.2068481993 23.4542201533 25.311561699 22.1325764374 9.28903123525 16.3950708829 31.7568701059 18.9881690848 12.0143977987 11.0228956382 11.6789238209
-9999 -9999 -9999 -9999 -9999 -9999 -9999 -9999 -9999 -9999 -9999 -9999 -9999 -9999 -9999 -9999 -9999 -9999 -9999 -9999 -9999 -9999 39.5235524878 38.7522546599 35.565135278 33.9629345805 32.5432014679 35.5134350734 34.7715714251 35.4075164377 34.5055041331 34.520741003 33.9243040145 31.9853067112 30.4919786386 31.7018743456 30.0151051857 29.8275386883 30.2388137935 30.0244689464 27.3231153488 29.3030097368 26.6109111748 24.9101390379 23.7332251959 25.5023598754 27.0324142413 27.0573085503 22.0746626391 21.3012851188 18.6556798729 28.8040511557 16.9648855824 23.9119268198 18.0324298551 17.1294988659 14.5783286117
-9999 -9999 -9999 -9999 -9999 -9999 -9999 -9999 -9999 -9999 -9999 -9999 -9999 -9999 -9999 -9999 -9999 -9999 -9999 -9999 -9999 -9999 39.7829189828 39.4883344446 37.2778906844 33.9302235601 33.6931614792 36.5851814395 35.0392578834 36.0229656542 35.0676405616 34.5848439372 33.75206473 32.5250591005 32.286807642 30.6674275272 30.1835016494 31.4827328234 30.5353268586 30.1822682849 29.8106843542 28.3559269275 25.5232980364 27.1839705421 28.0943992071 28.0230967347 27.8146499599 26.6652625046 23.9895558321 24.0150390139 25.4964098341 23.9140015374 23.5736276386 23.8515982984 24.6429050696 25.6834382773 18.8907971757
-9999 -9999 -9999 -9999 -9999 -9999 -9999 -9999 -9999 -9999 -9999 -9999 -9999 -9999 -9999 -9999 -9999 -9999 -9999 -9999 -9999 -9999 -9999 40.6616175277 36.9997532138 34.2858439951 33.6548610962 36.4731874206 35.0502887695 35.5207106611 34.8716047168 35.4919426526 34.6370912856 34.2430231206 31.6982802345 32.1975854147 31.8175330663 31.1866120352 28.7170988332 28.3023800349 25.7689701561 27.8778285592 29.3344514364 29.187935336 27.7824461618 26.9713202806 22.7492345605 21.656016849 20.904264023 21.6293000052 19.2700572074 21.2477314566 22.9715585688 29.9336409606 20.8123880394 17.9741903003 24.1180571279
-9999 -9999 -9999 -9999 -9999 -9999 -9999 -9999 -9999 -9999 -9999 -9999 -9999 -9999 -9999 -9999 -9999 -9999 -9999 -9999 -9999 -9999 -9999 39.497234242 37.0606321054 34.8768415609 33.4713132134 37.4991990898 35.8616263855 36.0624423072 35.3996756737 36.0722045729 35.2011552962 34.8240101764 32.6872652556 32.151449151 31.4007746213 30.6691992012 26.4999476745 18.6588088636 32.6822588477 33.7315725507 33.3279913332 30.1582864173 25.8759150862 26.4408458739 26.9081212958 28.1262928066 26.0635295078 25.8198744086 26.3768108691 26.697494325 22.7287387814 20.8477275556 19.9021682146 23.6272917921 20.0808483393
-9999 -9999 -9999 -9999 -9999 -9999 -9999 -9999 -9999 -9999 -9999 -9999 -9999 -9999 -9999 -9999 -9999 -9999 -9999 -9999 -9999 -9999 -9999 -9999 37.8458050194 35.0692757565 33.7405139249 34.3802774628 35.8125980738 35.80375764 33.0554531213 24.7893122072 30.230050413 34.9019809044 34.4768299314 31.5537000761 30.075601103 32.5443714229 32.1896105085 31.6437851179 34.8066840499 31.3699899631 28.28859245 28.0549741087 28.394074022 27.818158253 25.0339845037 26.5225173738 27.0120929435 26.125528037 23.5758865904 21.060096021 18.9194719182 21.2812255889 23.7641917621 20.7824115675 20.9518589039
