data/recharge/transience/recharge338.asc
ncols                  80
nrows                 72
xllcorner      4374000.0
yllcorner      5656000.0
cellsize            500
NODATA_value       -9999
[rows 0 to 24 of 72, columns 0 to 56 of 80]
-9999 -9999 -9999 -9999 -9999 -9999 -9999 -9999 -9999 -9999 -9999 -9999 36.1269216834 37.0190668908 -9999 -9999 -9999 -9999 -9999 -9999 -9999 -9999 -9999 -9999 -9999 -9999 -9999 -9999 -9999 -9999 -9999 -9999 -9999 -9999 -9999 -9999 -9999 -9999 -9999 -9999 -9999 -9999 -9999 -9999 -9999 -9999 -9999 -9999 -9999 -9999 -9999 -9999 -9999 -9999 -9999 -9999 -9999
-9999 -9999 -9999 -9999 -9999 -9999 -9999 -9999 -9999 -9999 -9999 -9999 31.0383316448 30.0863668657 29.6070413904 -9999 29.175661729 -9999 -9999 -9999 -9999 -9999 -9999 -9999 -9999 -9999 -9999 -9999 -9999 -9999 -9999 -9999 -9999 -9999 -9999 -9999 -9999 -9999 -9999 -9999 -9999 -9999 -9999 -9999 -9999 -9999 -9999 -9999 -9999 -9999 -9999 -9999 -9999 -9999 -9999 -9999 -9999
-9999 -9999 -9999 -9999 -9999 -9999 -9999 -9999 -9999 -9999 30.9260839148 30.0952598297 30.5327235651 29.9337357324 28.0662590742 27.8735612223 26.6393075635 26.7856333096 -9999 -9999 -9999 -9999 -9999 -9999 -9999 -9999 -9999 -9999 -9999 -9999 -9999 -9999 -9999 -9999 -9999 -9999 -9999 -9999 -9999 -9999 -9999 -9999 -9999 -9999 -9999 -9999 -9999 -9999 -9999 -9999 -9999 -9999 -9999 -9999 -9999 -9999 -9999
-9999 -9999 -9999 -9999 -9999 -9999 -9999 -9999 -9999 30.6124525895 30.3831715711 30.3411339707 29.5732594995 29.7497789962 28.8156500881 28.5963120978 27.1234870464 28.3975110463 -9999 29.402507556 -9999 -9999 -9999 -9999 27.3403780291 28.0424616239 -9999 -9999 -9999 -9999 -9999 -9999 -9999 -9999 -9999 -9999 -9999 -9999 -9999 -9999 -9999 -9999 -9999 -9999 -9999 -9999 -9999 -9999 -9999 -9999 -9999 -9999 -9999 -9999 -9999 -9999 -9999
-9999 -9999 -9999 -9999 -9999 -9999 -9999 -9999 31.2037014227 30.6365251235 29.4883585345 29.7913107346 28.8568954643 28.7053239628 27.4373845917 27.3981573768 25.2312341662 24.99037197 25.8852194039 27.2715547232 26.0738567576 26.3829856061 -9999 25.4456041631 27.8090220074 28.1135548982 -9999 -9999 -9999 -9999 -9999 -9999 -9999 -9999 -9999 -9999 -9999 -9999 -9999 -9999 -9999 -9999 -9999 -9999 -9999 -9999 -9999 -9999 -9999 -9999 -9999 -9999 -9999 -9999 -9999 -9999 -9999
-9999 -9999 -9999 -9999 -9999 -9999 32.3373074119 31.1846880883 30.2514947982 30.3293511023 29.9361068301 30.1406537994 29.1579207581 29.1009834703 27.4518478685 27.7460934048 25.8031839906 25.3495931784 27.1199729724 27.0536473181 25.8870236012 26.1290381879 26.1860889013 25.5671911281 27.5650508686 27.5286814018 28.3038027922 -9999 -9999 -9999 -9999 -9999 -9999 -9999 -9999 -9999 -9999 -9999 -9999 -9999 -9999 -9999 -9999 -9999 -9999 -9999 -9999 -9999 -9999 -9999 -9999 -9999 -9999 -9999 -9999 -9999 -9999
-9999 -9999 -9999 -9999 -9999 -9999 31.769770871 31.1693685248 29.5556913003 29.3608726123 28.8597274487 29.4432490966 27.8770932329 27.0263245072 25.1173856181 25.1923376934 24.5785829052 20.0781287089 23.9927330411 23.8182090874 23.9397589771 24.6022289917 25.1536696893 24.6931510819 25.5889104973 25.2162880232 27.6160396584 28.2748763508 28.8368318067 28.7369263166 28.670526616 28.7850908771 -9999 -9999 -9999 -9999 -9999 -9999 -9999 -9999 -9999 -9999 -9999 -9999 -9999 -9999 -9999 -9999 -9999 -9999 -9999 -9999 -9999 -9999 -9999 -9999 -9999
-9999 -9999 -9999 -9999 -9999 32.539502321 31.7286950697 31.4520654937 30.3621870742 30.2719547417 29.5220438272 29.1596630555 27.304928668 26.9003230677 25.7324493495 26.0904525012 19.7161504494 10.741892679 19.5988607959 23.9902864879 23.9912232518 23.8441610954 24.8771050764 25.0055426699 25.9628033378 26.1931571811 27.5177185843 27.6699774746 28.5066790648 28.5022100317 28.0230404672 28.307742911 27.5651946163 27.4830545737 -9999 -9999 -9999 -9999 -9999 -9999 -9999 -9999 -9999 -9999 -9999 -9999 -9999 -9999 -9999 -9999 -9999 -9999 -9999 -9999 -9999 -9999 -9999
-9999 -9999 -9999 -9999 -9999 32.6362640965 31.3908555763 31.5057695957 30.4591294063 30.3095336735 29.6253872451 29.7329403105 20.7111186067 16.8945052537 27.6271902933 27.3686112023 21.189219537 8.77357699893 15.681165884 19.8568684208 22.9369950836 22.7060430686 24.1140907729 23.9748226283 24.2641619825 23.4256673055 24.3522757366 24.0533413861 26.3216385449 25.505412377 24.6579398319 25.8092367134 26.6409008208 26.5320542762 26.2322658051 26.4875030101 -9999 -9999 -9999 -9999 25.7383447332 25.8591988668 -9999 -9999 -9999 -9999 -9999 -9999 -9999 -9999 -9999 -9999 -9999 -9999 -9999 -9999 -9999
-9999 -9999 -9999 -9999 -9999 32.465556592 31.6714909492 31.1803195412 30.4456102219 30.747484215 30.0887082816 29.9897912749 28.2860379395 27.8710136133 28.0129506411 26.9048633934 24.0126570312 25.2548001865 24.4815379246 24.4557442131 23.5670625168 22.3768768497 23.3137921459 23.1338960753 24.1978908516 23.4695705974 24.2183863322 23.5143571856 26.3038421629 24.4964570135 17.1907739768 22.2049853841 26.5298990006 25.8689379905 25.1856973505 26.5566950197 26.2779959732 -9999 -9999 26.8585766367 26.3234696634 26.2108805583 25.7437855329 -9999 -9999 -9999 -9999 -9999 -9999 -9999 -9999 -9999 -9999 -9999 -9999 -9999 -9999
-9999 -9999 -9999 -9999 -9999 -9999 32.2729686114 31.7263040422 31.180688116 31.383091005 30.2227589524 30.2645924065 30.0069995143 31.0583880339 27.3632629103 27.110493777 25.2733891536 25.1758875928 23.6320471093 23.9319694316 22.762818715 22.9176038545 22.4992671052 22.9308013986 22.8933139217 22.3652034468 20.2567230714 20.4537825522 22.1078655222 22.8429355114 21.2574395182 22.6285592525 22.3080113238 22.398378825 23.3022335119 24.552367966 24.5825636437 23.173531336 25.6430107076 25.4945903667 24.84971263 25.6415173975 22.8056017965 21.2090123563 -9999 -9999 -9999 -9999 22.0606154192 21.404990516 6.70099663649 -9999 -9999 -9999 -9999 -9999 -9999
-9999 -9999 -9999 -9999 -9999 -9999 -9999 32.233209035 31.1665521403 31.1527143126 30.5226150498 30.6130960329 29.296272954 28.4615154695 26.4537448178 27.4596334531 26.1338166523 26.3605095981 24.9826668123 24.3420428104 22.4369042103 22.431418476 22.2423008502 22.3580526971 22.5266511941 21.9972890412 20.4988852543 21.6346655759 22.8435380868 22.4631467636 21.8530023786 21.8605934943 22.5583863265 22.7970676623 24.6653222101 24.6628757461 24.3024261037 24.4154152484 25.5810008772 25.5406299747 23.8677741093 22.7812921403 16.44221736 13.043064426 11.3989087343 12.2293477217 12.7495851477 11.7646920356 11.1619318649 16.7988279281 19.1599305342 17.0404689937 -9999 -9999 -9999 -9999 -9999
-9999 -9999 -9999 -9999 -9999 -9999 -9999 -9999 31.2081845896 31.1132106098 30.655210384 30.6815272166 29.4235648394 29.7998775827 29.1917568899 28.9824321832 26.5006032651 26.6032750724 24.2595249949 24.5856947523 25.3464647847 25.2039849554 19.7124948301 13.385928759 12.588743462 12.6161473814 17.7896808246 19.8249408536 18.9242457735 17.9411373107 17.9155973821 17.9566232061 18.8014857743 18.4343335055 20.1004994474 21.1391207465 22.1939312416 22.3955122852 22.555326707 22.3285349305 20.1048586352 15.8047617214 10.3289197008 9.84814148057 9.14871259837 8.70685005164 9.51937022219 8.9363430149 8.19736161566 12.7277974866 15.0571701865 15.6503475903 13.8232551626 -9999 -9999 -9999 -9999
-9999 -9999 -9999 -9999 -9999 -9999 -9999 -9999 31.4167215927 31.3352966711 30.48053071 30.5811638299 29.6406441285 29.6604992048 28.6381869716 28.4365577522 26.0515886083 26.3732607186 24.607519364 24.8557056648 25.0239997278 25.1395111542 18.6712088486 17.2249359329 14.4111070001 11.9241021793 12.9748524926 18.8635790479 18.5835639929 17.376915327 17.5820335505 17.826569041 18.2091853627 18.3025031646 20.6969138509 10.1526808233 22.5857398442 22.2178863823 22.5211680838 22.4359202734 21.6611821222 16.1162234975 9.95728048688 9.92605454899 8.73140812339 8.67620257413 9.45523262633 9.0558007524 9.08227821006 16.372127375 15.2181806688 15.2463654547 14.2350868305 15.3663298683 13.2075761943 13.4896505942 -9999
-9999 -9999 -9999 -9999 -9999 -9999 -9999 -9999 -9999 30.9052037914 30.2914268388 30.2638938129 29.5987299163 29.2713656799 27.9545795024 27.9199663883 27.354812312 27.3812220668 27.2539954654 27.3296700813 27.1002536145 26.459188007 24.73529995 23.9517528925 17.6163392372 16.4768753186 12.4530909131 10.7904064118 11.898438524 17.4125569194 16.2920831799 16.2004446589 15.8808404282 14.9782425862 16.9352199571 15.9616958595 19.8845926819 19.613919518 19.3490373866 19.3886064216 18.8131709229 17.8715652236 8.46299528953 9.26570127103 7.46759879284 6.9051221491 6.02329046333 6.2442982728 10.891816671 12.0586347076 11.5453694076 11.384740782 11.5726718307 12.8175333571 12.3093050405 6.41671780315 4.40898439619
-9999 -9999 -9999 -9999 -9999 -9999 -9999 -9999 -9999 -9999 29.8702930713 30.1137301569 29.6107079765 29.364927113 27.738759538 27.482799371 27.0592975589 27.7524578181 27.1113389635 26.4979523752 25.6620576601 25.3147949302 22.5832970496 21.4622141459 14.7427040658 16.9419924473 14.350330394 12.3466940724 9.27131589268 12.3847280863 17.0852106456 17.0971515889 17.443497831 15.7592664002 18.3871059622 18.3203705651 19.7504154087 19.6125424538 19.3917046858 19.4217811803 19.0414841891 18.345988312 14.2168226511 8.83558611805 9.29052700874 9.20758120491 7.53202087551 6.71931161997 12.4672429912 12.4876062583 12.2010910859 11.9941339431 10.8694776507 12.1038322221 11.6975700408 5.88793525073 4.37486521499
-9999 -9999 -9999 -9999 -9999 -9999 -9999 -9999 -9999 -9999 -9999 15.820486709 19.8580330361 28.6143616053 26.9712198859 26.6854849853 27.1161022583 27.1048018881 25.2202293676 25.9316066249 25.4278670327 25.153751362 21.6248602451 20.5854174264 17.2627054481 10.4292110223 12.1955695549 14.6338275209 13.7841319576 13.3562928545 9.75441636121 13.8786877996 13.9529562801 14.0636293453 15.6410888387 15.0529762912 16.9820733591 16.9436953589 17.5149322885 17.5242588433 16.3730509253 15.5903168365 15.570285253 11.2854920988 7.45816211029 6.55808573402 6.7663747227 7.31354252531 7.85703762391 11.1431563266 10.1666191848 10.9938094756 10.1094328775 10.1041077793 8.82036149037 8.55635628015 4.49975320826
-9999 -9999 -9999 -9999 -9999 -9999 -9999 -9999 -9999 -9999 -9999 14.686903653 21.3867482085 28.2281123732 27.1401266726 26.9232889083 26.3921052013 26.3199579874 26.1231816083 26.1567957425 25.2118460436 25.671149766 22.0718749018 21.1698864568 20.0633504407 20.5677611959 16.4716817771 13.2963395846 10.1665213515 13.6106778506 11.6798524129 10.14812353 6.26952707035 7.03798207862 9.37313186145 15.188236892 16.9461647045 17.0518206813 17.3674833319 17.2475723533 15.6733639917 16.2462368694 15.0184647053 15.2500023517 11.8889451073 8.19757932897 8.58510581235 9.45402550277 8.22966935666 6.79064392625 6.64234905327 6.77046466234 5.19734620389 9.6506837697 9.59533438767 9.20879144484 8.66257587383
-9999 -9999 -9999 -9999 -9999 -9999 -9999 -9999 -9999 -9999 -9999 29.9964866852 28.3032236525 28.1595837659 25.9252893608 25.5546080498 23.3055378247 22.6280408006 22.3739517423 22.7563414402 23.0629377159 23.1716579729 19.9036217463 18.9087556079 17.7520127135 18.3725402866 17.5166551605 17.4091356363 16.2741754597 14.254557288 10.000627552 10.9337151087 12.1116917597 12.4199946961 8.74018335131 5.64677520704 6.98520330198 5.39526816625 13.8498796281 11.5878792554 10.1322511826 14.556618478 14.8373885368 15.420294318 16.5097220899 15.6332855005 8.51333372755 8.01885113902 7.12762952667 6.86991531271 5.97116859713 6.47993718705 6.58599468416 7.65157326597 9.14630941493 8.92651303746 6.59480029668
-9999 -9999 -9999 -9999 -9999 -9999 -9999 -9999 -9999 -9999 -9999 -9999 28.3175304177 28.1871910976 26.5559008351 25.7688395188 23.6196242791 22.9999006708 21.5786406958 23.2273114457 23.2409114825 22.93861389 21.0437057397 20.5912145409 18.6144228647 18.7343145307 17.6137599639 17.7678043919 16.8945355246 16.680585676 16.4220052066 16.6206311182 14.6434922375 9.74772347 9.43270165047 8.66099315048 8.32760797689 6.30389230326 6.06923799457 14.9596857876 15.7482911875 14.2815618617 15.8175678281 16.5070493388 17.0744014843 17.1640543355 10.6185045609 8.07847030074 6.24582135105 6.62586881654 5.65089192156 5.1071020337 4.48881818029 4.58049713474 3.69730888858 5.93463409129 3.98987451729
-9999 -9999 -9999 -9999 -9999 -9999 -9999 -9999 -9999 -9999 -9999 29.1118785446 28.6845919771 28.3339924773 26.7181094913 15.7393498634 20.2811993214 22.7679519582 19.95009827 21.1591193292 19.8427635052 19.7574165106 18.0799289382 18.2140858465 16.9200226118 16.8457507949 15.8678760093 15.4843747855 14.4967815371 14.3371051921 13.454817254 13.6148071001 13.0550094723 13.0001321004 13.1824462147 6.58113505449 6.62774836282 4.77635383319 4.52564877045 10.2148487837 13.0667771566 11.8148205277 18.4021810955 18.5631297631 19.8531163494 19.7651338989 17.1472603362 10.859542835 6.90694404496 6.94661316414 5.03657618618 3.80045517736 3.20208877277 3.22106064016 2.83061170631 3.06518337484 3.72779238973
-9999 -9999 -9999 -9999 -9999 -9999 -9999 -9999 -9999 -9999 -9999 29.3361498306 29.1603281858 28.6899934268 26.6637838781 20.0925190805 22.8554900986 23.2638038264 21.2003075174 21.4794641516 18.0891225195 18.523344005 18.6142629599 18.5077520843 17.1466098882 16.8799227771 10.9039379075 12.0515058249 14.345028874 15.8205706438 14.7457439808 13.7039705994 12.9721769839 13.0030145371 13.0686503897 6.24293923278 5.32073308225 6.56669137639 4.90862760637 6.33361193671 12.1484661975 11.4254261777 16.0096623311 17.1727693342 17.7189041326 17.3599178753 16.0920556827 15.8605211373 11.0706250952 9.33033554647 4.88383378792 5.03848894536 4.15914013024 4.00195024126 3.5465873312 3.33574930107 2.56157046254
-9999 -9999 -9999 -9999 -9999 -9999 -9999 -9999 -9999 -9999 -9999 29.4851070368 29.485941904 28.774639361 27.7392974528 27.6032245576 24.0839521813 24.2751590181 21.7324395724 22.4305487351 16.5860557988 8.0349380263 15.1878242389 14.376551748 10.5063287707 10.5053996482 11.4399143447 12.7626803864 11.7120061982 12.4853947589 11.9812178849 14.419473215 13.5517706663 13.2573920618 11.308612265 4.22558675883 3.61890224162 2.9015122891 4.1879796562 3.80169725848 12.0383949873 12.9968318523 12.690945634 12.0114103217 13.1209595773 13.0374984582 13.7976693581 13.8660136023 11.6853438993 11.670981701 5.40511946966 3.45256638793 2.5442611576 2.48380433892 2.20250095507 2.29406367222 2.58300403035
-9999 -9999 -9999 -9999 -9999 -9999 -9999 -9999 -9999 -9999 -9999 -9999 29.7470120943 29.2968977345 28.0244595523 27.4996925635 24.4104237177 24.7235823528 21.5501317164 22.1299818556 20.2285899457 21.1836210346 13.3438165568 10.9228576415 10.1140549679 10.0248284528 8.65896614329 8.92272276992 7.83857112557 7.32585561711 6.24476195187 9.73708773387 11.7937580704 12.0944567054 10.9764200559 4.65584117163 4.11052981043 3.25568204377 4.83863520587 5.01135511853 12.2798070041 12.5510776456 13.7435734158 11.8547873909 12.7615047325 12.7757120732 13.1598532671 13.5183576045 11.1253034233 12.1419691834 9.80792636014 5.83043564932 4.82725021439 4.1158161671 2.48771605133 2.64816911801 2.45886354257
-9999 -9999 -9999 -9999 -9999 -9999 -9999 -9999 -9999 -9999 -9999 -9999 30.6237598537 29.8757954647 28.4820590099 28.2834765192 25.9169936658 26.3081830387 23.2555421373 23.258353456 21.4206395859 21.3190130282 16.2423995475 13.1731896871 11.2858355557 11.8477997921 11.589272755 10.9751720543 8.78808450141 9.88929394381 7.92811558882 8.33593410794 12.5883515055 13.6529584705 6.30405659071 4.89397964298 3.81170949193 4.86197002972 6.19713360113 5.12007433939 9.52359485675 10.6965901726 10.1038532732 10.0295313497 9.72932508667 9.05698858515 8.79404622269 8.90697227778 7.47157226819 8.72619459395 7.3417012508 6.58225093335 4.81011706588 1.7607810542 1.24920985957 1.53670330121 1.11364360167
