data/recharge/transience/recharge460.asc
ncols                  80
nrows                 72
xllcorner      4374000.0
yllcorner      5656000.0
cellsize            500
NODATA_value       -9999
[rows 25 to 49 of 72, columns 0 to 56 of 80]
-9999 -9999 -9999 -9999 -9999 -9999 -9999 -9999 -9999 -9999 -9999 -9999 8.09982619211 7.82442383828 6.90321019266 7.0430514915 5.54344541465 5.48938493267 5.07355074748 5.78686369366 5.01628740676 4.52110841255 3.98742875566 1.77947757795 2.45823730852 5.1567207812 2.80469815055 2.78518144502 4.22958598947 3.74265405168 3.34700598007 3.10907691764 2.49191146185 2.50762420542 1.51516468063 1.48706859686 1.26090826396 2.23241525743 1.6678462245 2.5333041126 2.28494046725 1.94067281819 2.12952184215 2.34625153709 2.29659206018 2.36372783098 2.42498899711 2.40589680632 2.46884233289 2.69311171293 2.73223102592 2.44353526823 1.47120439094 1.15811558502 0.986259237211 1.23928339536 1.19467475517
-9999 -9999 -9999 -9999 -9999 -9999 -9999 -9999 -9999 -9999 -9999 -9999 -9999 6.68731064163 7.04423448577 7.33461599414 6.6310716861 6.85457578806 5.83513861549 5.29500940374 4.94416382104 5.21975227633 5.26138269133 4.42558705195 4.86583310928 4.45683446145 3.54457296193 4.13630697534 3.94610635072 4.26354952749 3.68580972679 3.40725952929 2.57570674394 2.58054341596 1.20978242711 0.462911687943 1.00976937239 1.76097004825 2.78965119681 2.11591265781 1.83191121384 2.25437777042 1.47380351257 1.90237895762 1.84072736679 1.90679110298 2.07975824811 1.98002205419 1.64874674029 1.26825332401 1.09720046272 1.16732937164 1.27862750433 1.30169071779 0.970203995821 0.762821771395 0.982595441979
-9999 -9999 -9999 -9999 -9999 -9999 -9999 -9999 -9999 -9999 -9999 -9999 -9999 -9999 6.51901289331 6.49223170244 5.87840654339 6.22533269651 5.99273894086 6.34693042592 5.34201459019 5.84530704926 4.95820793708 4.61320497177 3.93664998517 3.8220618835 4.22405528671 5.03628748262 4.1133934628 3.64863097484 3.70487828832 2.85192782929 3.18660949922 3.48106864275 1.75183869688 0.819892767216 0.913976781557 2.36907828992 1.30391401793 0.860204833062 0.963876345749 1.2964355918 2.18891122289 1.69817300198 1.25842199297 1.46237137695 0.940588872433 0.825980488071 0.948488042907 1.33949580895 1.24227615111 0.941068805276 0.886515526732 0.699935980976 1.04003798503 1.65264983643 1.43691665222
-9999 -9999 -9999 -9999 -9999 -9999 -9999 -9999 -9999 -9999 -9999 -9999 -9999 -9999 2.51934572146 4.1065343283 5.51221517581 6.11381693136 5.81721770047 6.09168109817 5.98546875903 5.56996319862 4.60720217363 5.66874131362 5.22173590612 5.26406860362 3.54090137382 3.44158348091 3.7627286297 4.12092443853 2.77542515004 1.63358633621 3.20036830154 5.67698123954 2.86503826274 0.785937546155 1.01021461146 1.08265566732 0.892436234952 0.788773447416 1.6382111164 1.86267524018 1.83423213174 2.03493069965 1.69050682045 1.36769882252 0.717544024534 0.483881871753 0.652396325681 0.757230070733 1.44405524564 1.66198852514 1.83252109908 1.26728038138 1.03797250699 0.877960835694 2.38563044271
-9999 -9999 -9999 -9999 -9999 -9999 -9999 -9999 -9999 -9999 -9999 -9999 -9999 -9999 3.70788091238 4.82216635274 6.14847947955 6.32036359 6.28135311559 6.33923733925 5.73381218113 5.99871275902 5.77390090482 5.0520854733 4.39246858657 3.86591264773 4.04880644284 3.96868112502 3.13179960615 3.54670638722 3.35469875407 3.20260590258 2.9289464358 4.45621847039 3.32677563554 0.682862666269 0.836060667216 1.76196993159 0.686195569731 0.667932195407 1.60990845963 1.8971791008 1.6073824307 1.66455191044 1.25014841353 1.40258259813 1.05234822657 1.44472436369 2.50168549529 2.58099739728 1.77368244931 0.914422174234 1.00189297755 0.762420360177 0.743210806003 1.16816876308 1.62899401556
-9999 -9999 -9999 -9999 -9999 -9999 -9999 -9999 -9999 -9999 -9999 -9999 -9999 -9999 8.77765366054 7.65123951048 7.20547330491 7.67447834631 6.42051114984 6.77483147905 5.8041672521 5.489737804 4.91752944202 5.08597016125 4.68145118052 4.96127588354 4.10262821237 4.42833496155 3.71592768187 3.52030484493 3.54656932956 3.98358904442 3.57785989323 1.43589031625 0.709299843055 0.718163514276 0.633589558893 1.31619197658 0.539131592318 0.786955798741 0.683772918694 0.864404223427 1.1719568603 1.30075482091 1.0737314343 1.12801241396 1.72731222399 1.51448039277 2.64952951109 3.1306878229 1.8558140588 2.52219561834 1.73199721088 2.28282944067 2.21114431623 1.83812015586 2.08393805256
-9999 -9999 -9999 -9999 -9999 -9999 -9999 -9999 -9999 -9999 -9999 -9999 -9999 -9999 -9999 6.53397247183 6.15305517533 5.86963446142 6.54086485521 4.93224672721 4.67221793944 5.26231038253 5.11591432488 5.11841194924 4.53193954284 4.53080316224 3.76161928949 3.95607327448 3.09819441041 3.37259399387 2.84162535973 2.73099588105 2.47534263351 1.99965005417 0.778320095318 0.787040541235 0.733319090886 0.716754909602 0.688675015991 0.53586182911 0.36743847629 0.527054442147 0.473263769694 0.677259374358 0.917533039832 0.710403533882 0.40433611592 0.423010196131 0.771788969361 1.30768443312 1.16814615245 1.03159107378 1.66555197958 2.84582124793 2.68206920262 2.63685487964 2.21881048014
-9999 -9999 -9999 -9999 -9999 -9999 -9999 -9999 -9999 -9999 -9999 -9999 -9999 -9999 -9999 -9999 6.00576781562 5.7862353303 5.66607890354 7.06612249534 6.91786036198 6.4177377802 5.01294541064 4.63147489393 4.88012585481 4.54642235935 4.03999534808 3.41850076356 2.04632907437 3.44458319461 4.09805675148 3.17740901668 3.08973216576 1.87138390633 0.719425352976 0.809760485759 0.800398055771 0.878153145928 0.863481634793 1.11752772299 1.68340765245 1.7091657852 1.30823153171 0.528341678099 0.361972348789 0.291833079449 0.248791586 1.20915351665 1.10451485151 0.832778148354 1.19200985807 1.9024429889 1.40720804899 1.13753784201 1.34790883595 1.18514004937 1.10321194632
-9999 -9999 -9999 -9999 -9999 -9999 -9999 -9999 -9999 -9999 -9999 -9999 -9999 -9999 -9999 -9999 7.24926577225 7.33763420517 7.30052428376 6.89312314328 5.53635549291 5.66700798223 5.04595942158 4.93255429433 4.75845060809 5.18942890402 4.34602175789 4.23967259731 2.45738870226 2.94248195871 1.90124766499 1.59324868771 1.96147925273 1.81307851252 1.10037530196 0.768061017808 1.08072776901 1.02688123564 0.847712306839 0.814057475833 1.11643865676 0.871156486042 1.38199421482 1.91935406308 0.887462402639 0.582907165329 0.466106875535 0.799355174263 0.678823580129 1.04404240361 1.48558625952 1.57006746497 2.0853531773 2.23485015597 2.78729125659 1.92033766959 1.11447376495
-9999 -9999 -9999 -9999 -9999 -9999 -9999 -9999 -9999 -9999 -9999 -9999 -9999 -9999 -9999 5.11953440271 5.23386607277 6.19454047548 6.61739042333 6.44574767283 5.9462561154 5.50540106132 4.99788856486 4.84160877124 4.3798265889 4.67789306206 4.32028116816 4.38967900431 2.70689780721 3.44479115501 3.35914397915 3.47302976336 3.55015347342 2.23053324828 1.27294974421 1.26139392951 1.2411598755 1.69114110732 1.17770302347 0.635827520614 0.90327202245 0.759922475784 0.653638148478 0.641484108838 0.662833845391 0.496345052451 0.450972453268 0.673904848721 0.861238567602 1.56357776925 1.17490519213 0.894287710305 0.996945717954 1.12968932252 1.24284362371 1.28491088301 1.51299222571
-9999 -9999 -9999 -9999 -9999 -9999 -9999 -9999 -9999 -9999 -9999 -9999 -9999 -9999 5.44725865225 5.62764503069 5.44005294652 6.58203635219 6.22304639416 6.00691175325 5.49515895479 6.07082327865 5.12493452133 5.31419614713 4.39661304686 4.18495023539 3.83567946547 3.87785186116 3.34141520179 3.33724727931 2.92087702861 3.00404911854 2.53073225021 2.62788505231 2.09114530747 2.22568605694 1.40558568629 0.75982048679 0.560709960654 0.87813383041 0.791887027796 0.528333045323 0.47939598873 0.525080341029 0.386223949472 0.340169752685 0.39362243758 1.23985209826 1.50811361624 1.18710773154 1.0214586851 1.01033874489 1.08172340678 1.0540272397 0.977872430082 1.05032148544 1.15588600766
-9999 -9999 -9999 -9999 -9999 -9999 -9999 -9999 -9999 -9999 -9999 -9999 -9999 -9999 5.63447970775 6.64929355788 6.16354909581 6.17046376635 5.62616655301 5.29322297034 4.71710574984 5.32367742832 4.92175118451 5.19394960231 4.37389865783 3.84883104884 4.09108505069 4.15074056539 3.3419737502 3.40870176937 3.39890050875 4.00173178959 4.31774943112 3.56670518612 1.64862272716 3.02845160113 2.52885775566 3.61456128399 1.31119188592 1.36840892371 2.22072538235 1.89099307904 0.611671016737 0.556158309686 0.495028677709 0.320369053706 0.491053821979 1.90011085014 2.18294296608 2.51956076246 2.46347795487 2.43469669269 1.74020396248 1.50417854278 1.72237959795 1.64193653755 1.21035553867
-9999 -9999 -9999 -9999 -9999 -9999 -9999 -9999 -9999 -9999 -9999 -9999 -9999 -9999 -9999 -9999 6.28125008544 8.1022654631 8.22129013242 8.09446928371 6.88128066234 5.13402481302 5.57499991484 5.60277248504 4.6303198372 5.17069715298 3.63883004202 3.84260606569 3.29173203289 3.73622131788 3.87032735547 4.07601208279 3.92182095851 3.30824500885 3.61656373077 3.65328546213 3.41005197384 1.71620817464 2.75767221397 3.26280253166 1.96411096055 1.56478298388 1.42018761289 0.846139820613 0.372923780952 0.431109173024 0.392310457891 0.891944085261 1.42328375005 1.69196141314 1.6147058242 1.66999897944 1.46824624571 1.25244037031 0.831093202936 0.890225354731 1.35185652732
-9999 -9999 -9999 -9999 -9999 -9999 -9999 -9999 -9999 -9999 -9999 -9999 -9999 -9999 -9999 -9999 8.35622154524 8.02201365068 7.97058793193 6.41098822163 6.77170312346 6.7471638523 4.4957001941 4.72112318951 5.01001388292 5.76126521462 5.09133455082 4.88076281573 4.36220243617 4.15303583087 4.86694131512 4.58843227647 3.90882736347 3.50497900403 2.60069651279 2.80726587122 3.03253761745 3.59938610621 2.31953612604 1.87812373582 2.41932649347 3.22400408981 1.3347750823 1.2831404928 1.52795653585 0.389270161518 0.232036980178 0.40786397191 1.21589211775 0.912609336516 0.703302424697 0.717606213885 0.56026146856 0.661994100894 0.636439798937 0.6424393042 0.590912379372
-9999 -9999 -9999 -9999 -9999 -9999 -9999 -9999 -9999 -9999 -9999 -9999 -9999 -9999 -9999 -9999 -9999 -9999 8.06157759469 6.99945946447 6.07958518762 6.70484524233 6.37400619373 5.4761489534 4.73875018505 4.9499967966 4.67302722461 4.67272498623 3.97161813958 3.88411848576 3.19105959449 2.77961878473 2.81157832367 3.23050583775 2.55041320731 3.22742421985 3.29144748081 2.36896240582 2.21305231774 2.72583352426 2.00134837154 1.74966686166 1.534750372 1.52194007493 1.40880949013 1.15052819949 0.281198183877 0.274583516145 0.475996176463 0.66106412691 0.823909892736 0.987070199381 0.574479491465 0.593778485029 0.698561124696 0.758741486643 0.647674609518
-9999 -9999 -9999 -9999 -9999 -9999 -9999 -9999 -9999 -9999 -9999 -9999 -9999 -9999 -9999 -9999 -9999 -9999 -9999 5.80271388949 5.98837676633 6.36458518435 6.21986305166 6.33106434462 5.14805532784 4.81678256063 3.80684989423 3.85947265459 2.95144234479 2.81930280311 3.03252174376 1.70028095261 1.77258540073 2.54402953044 2.03848936523 1.70248012807 1.68694595177 2.44990777 2.3240578429 2.55400019659 1.85206802127 1.66590409017 1.31620744801 1.71132638377 1.75470797763 1.83795392871 0.873475612092 0.254222631458 0.207517050058 0.378378626494 0.553407135305 0.731508001808 0.54630944023 0.539629920542 0.654622885319 0.620360773593 0.464230379149
-9999 -9999 -9999 -9999 -9999 -9999 -9999 -9999 -9999 -9999 -9999 -9999 -9999 -9999 -9999 -9999 -9999 -9999 7.14401045712 7.70072609988 8.0183367624 7.83085740816 6.58409378463 5.15608138879 5.00645232076 4.86533812979 3.85018200533 3.92667459 3.50630485911 3.18917545157 1.16224855449 0.775006247849 1.21209005433 2.69257463255 2.30103582244 2.76850935265 3.54162554988 3.3431248493 3.14309573339 2.96582404687 2.74177147107 1.84871730739 1.40331617234 0.760640919436 0.830661418924 0.668080194747 1.12484863853 1.04575288061 0.427774380337 0.255917204184 0.315588953427 0.534430227412 0.855341088729 0.997167265109 0.805713236335 0.807084859616 0.679844760902
-9999 -9999 -9999 -9999 -9999 -9999 -9999 -9999 -9999 -9999 -9999 -9999 -9999 -9999 -9999 -9999 -9999 -9999 -9999 8.44880440176 8.39802034625 8.019184445 6.6489048737 5.31693350231 5.37583976211 5.29213950075 4.00975174175 3.88520796476 3.62561091311 4.39142851644 2.93014847693 2.89015319745 3.72737408799 2.81252394756 1.68231111985 1.24280803152 1.59089922711 1.36467954458 1.24216976991 1.24211319045 1.46359877154 2.04256288727 1.44937493375 1.11970423039 1.09267205937 2.82646359459 2.17931587668 1.53847294198 0.629161008502 0.323587465411 0.143041588903 0.217121089941 0.450577007314 0.787249561382 0.739121087824 0.356669534137 0.40336395818
-9999 -9999 -9999 -9999 -9999 -9999 -9999 -9999 -9999 -9999 -9999 -9999 -9999 -9999 -9999 -9999 -9999 -9999 -9999 -9999 7.15438779232 7.76104766152 6.72951756733 5.98920042914 4.48648305781 5.08606962828 3.97527556303 4.05834992276 4.55704823713 4.0106762068 3.3901446994 3.20369478893 2.93602306777 1.93024329448 1.34249562055 1.71996307745 2.54431675104 3.00977073728 2.9800398723 2.77534908593 2.17071346826 2.9131967326 2.71095447377 2.31474740333 3.01396727616 2.58161812998 2.09023825243 2.38341152605 1.88806749593 0.977887531077 0.508131611617 0.3479937366 0.174144123036 0.103267982006 0.340733284958 0.152327311439 0.184470554084
-9999 -9999 -9999 -9999 -9999 -9999 -9999 -9999 -9999 -9999 -9999 -9999 -9999 -9999 -9999 -9999 -9999 -9999 -9999 -9999 -9999 7.15540226154 6.85740024408 6.84005097527 4.25495819929 3.87121070943 3.68700108634 4.15978794399 3.56702289046 3.2778963677 4.53156799556 3.81110960182 3.35082317483 1.3745247098 3.04075845499 3.9134961521 3.39929542943 2.54334677673 2.36103641598 2.50109794632 3.37882638 3.58755886108 3.80260804307 2.38628686955 1.91173939961 1.3785270792 1.76981846026 1.97625733618 1.91936457334 2.41378293995 1.98534060828 0.947372429738 0.743537749041 0.285901076215 0.102520623623 0.13123876167 0.142248891605
-9999 -9999 -9999 -9999 -9999 -9999 -9999 -9999 -9999 -9999 -9999 -9999 -9999 -9999 -9999 -9999 -9999 -9999 -9999 -9999 -9999 6.16878430921 6.12746930607 6.1443951948 5.54504103831 5.74198550967 4.83644853943 4.58545874059 3.9333133089 3.84853937007 1.87023958742 3.40825623485 3.96820183097 3.2903236836 2.16103750485 2.7811797937 2.59967221782 2.61961063739 2.44965879733 3.26348364488 3.42545739181 3.2612205249 2.41348426633 2.23297916153 2.64098189846 2.48731922058 2.24516595391 2.17837213856 1.41010265675 1.32515922291 1.01212548934 0.626832006378 0.249276309251 0.214755325923 0.168955525848 0.111455757155 0.113211645067
-9999 -9999 -9999 -9999 -9999 -9999 -9999 -9999 -9999 -9999 -9999 -9999 -9999 -9999 -9999 -9999 -9999 -9999 -9999 -9999 -9999 -9999 6.21151958567 7.05871891569 5.68487439196 5.00581789824 4.42994073428 4.80926240289 4.13486195715 3.97137980421 3.90859273745 4.17364837972 3.62580014229 3.56087444174 4.23173712598 3.20882642069 3.47228777481 3.17491708395 3.03767407396 3.14148643479 3.29809770652 2.08152980798 2.31165774409 3.07244309268 1.57062456145 1.34731254483 1.06759608066 1.40945100719 1.87561207137 1.31893662894 0.550149258739 0.552695187171 0.385240036678 0.252914466994 0.115593353316 0.10087055143 0.107754591214
-9999 -9999 -9999 -9999 -9999 -9999 -9999 -9999 -9999 -9999 -9999 -9999 -9999 -9999 -9999 -9999 -9999 -9999 -9999 -9999 -9999 -9999 6.44047570108 6.25995765709 5.41627322322 5.65094190203 4.93924465765 4.99404240362 4.49617670309 4.52376810697 4.16099490595 4.29790829201 4.43949150494 4.00870073475 3.28676215685 4.45206101469 3.29824224479 3.09390616989 3.83353232533 3.72335091731 2.4196565136 3.37389865677 2.36328606469 1.80637978849 1.59242807212 1.86419994707 2.33949961883 2.39151417599 1.2848857792 1.18045824631 0.497421349664 0.601877483387 0.207143386173 0.375685010154 0.227967441042 0.208355026529 0.153850019665
-9999 -9999 -9999 -9999 -9999 -9999 -9999 -9999 -9999 -9999 -9999 -9999 -9999 -9999 -9999 -9999 -9999 -9999 -9999 -9999 -9999 -9999 6.08833073507 6.61092794219 6.20316579093 5.38657252223 5.0152624318 5.94013449477 4.70104263914 5.06517360185 4.39173836833 3.82212372029 3.59740839649 3.83089345458 4.34171620241 2.92745342908 2.99815144498 4.094943128 3.61437288594 3.25020016747 3.37443404757 2.60923837007 1.81597318594 2.3692356413 2.9745928879 2.66739080412 2.3772486253 2.0258758404 1.5388926906 1.54174815288 1.98990848511 1.61129606369 0.385445429661 0.341814659834 0.357648009171 0.384024995349 0.22688711019
-9999 -9999 -9999 -9999 -9999 -9999 -9999 -9999 -9999 -9999 -9999 -9999 -9999 -9999 -9999 -9999 -9999 -9999 -9999 -9999 -9999 -9999 -9999 6.9932598347 6.64725306676 5.5664549438 4.64156015163 5.5245095877 4.59924708587 4.79619316167 4.44203725265 4.86790693374 4.58438808194 5.11362003576 3.74906577725 4.21029071263 4.49881392548 3.84969657053 2.49034225495 1.90314222948 1.72341349322 2.43259061544 3.2210063854 3.29534840559 2.77113957833 2.42671945371 1.22137519261 1.04115730382 1.0075364941 1.10937267267 0.848002877852 1.11667895234 1.17613239308 0.827729932355 0.288227477869 0.260763278817 0.737720998544
