data/recharge/transience/recharge115.asc
ncols                  80
nrows                 72
xllcorner      4374000.0
yllcorner      5656000.0
cellsize            500
NODATA_value       -9999
[rows 24 to 47 of 72, columns 0 to 54 of 80]
-9999 -9999 -9999 -9999 -9999 -9999 -9999 -9999 -9999 -9999 -9999 -9999 1.94572109004 1.42336610715 1.13688590443 1.00136227317 0.746082706618 0.822882539855 0.739049989181 0.595163562456 0.655071460673 0.581570203329 0.36404288193 0.463610737763 0.288263630764 0.360320355464 0.423189181846 0.333653004886 0.228395035114 0.371758760179 0.253425315454 0.287023626259 0.502435674374 0.591203720557 0.112577603001 0.0444995936338 0.0242791119992 0.0647461047409 0.161444186247 0.102876798647 0.385045590859 0.408555245963 0.378908458209 0.372010341809 0.37467473403 0.376163511961 0.356459545896 0.368177884304 0.346794978287 0.374667491825 0.360931296202 0.297792118246 0.225710260201 0.0544649074243 0.0388709011416
-9999 -9999 -9999 -9999 -9999 -9999 -9999 -9999 -9999 -9999 -9999 -9999 1.51457833888 1.43680832893 1.18007761653 1.21171830906 0.803550294907 0.767934959343 0.609078553588 0.821864978964 0.65350388259 0.627765147787 0.533545284793 0.154920698001 0.201968148553 0.387410544947 0.468766313342 0.376931748442 0.249467193396 0.188542522222 0.159100336466 0.136381206901 0.169893410138 0.199849557649 0.030200533247 0.0990268017515 0.125712124402 0.0759124110935 0.0398034881581 0.104467158402 0.0976417894387 0.0788325237595 0.221774348499 0.383949524494 0.377707306689 0.388359181985 0.396713470919 0.393492903501 0.398932149267 0.437088701969 0.393656150237 0.15382567342 0.0554430469589 0.0393154264416 0.0444909404634
-9999 -9999 -9999 -9999 -9999 -9999 -9999 -9999 -9999 -9999 -9999 -9999 -9999 1.05797519664 1.15904588014 1.24425726695 0.981245547205 0.905714125864 0.677458015191 0.563858103986 0.540265042322 0.703428789428 0.711273087906 0.595032913796 0.465972773956 0.297943153268 0.274782972589 0.220781140573 0.212224210055 0.253672162498 0.194520693451 0.167235424035 0.277456724075 0.0422252862634 0.03143522653 0.0488711264764 0.113190427761 0.0511043633868 0.1098258866 0.078913179565 0.0654684628144 0.082809017315 0.0426127667369 0.0697085002104 0.095595015661 0.164455737337 0.309188965579 0.295920064188 0.107607289841 0.0465073419421 0.0341804972716 0.0371014569742 0.044711894992 0.0410515732238 0.153290226014
-9999 -9999 -9999 -9999 -9999 -9999 -9999 -9999 -9999 -9999 -9999 -9999 -9999 -9999 0.998014100378 1.02643681736 0.815291759968 0.772922229906 0.718369588295 0.797012534505 0.614222963305 0.788843335965 0.685970708031 0.601905941603 0.409549938364 0.37676609879 0.42774893946 0.467466805482 0.24914893845 0.177830613815 0.204138143582 0.288884025282 0.438399529952 0.0999480497077 0.0475550993983 0.0708009771462 0.0684084738844 0.0772629619123 0.0995862280556 0.0390843404903 0.0409515751504 0.0607593846901 0.0846567773245 0.053504275892 0.0355697033015 0.0444727624529 0.038856388427 0.0296444676439 0.0362686415655 0.0445021163455 0.0405689096724 0.0278387280944 0.0271051631586 0.0344888084195 0.240025260899
-9999 -9999 -9999 -9999 -9999 -9999 -9999 -9999 -9999 -9999 -9999 -9999 -9999 -9999 0.715217711593 0.728101175039 0.775523128398 0.755105397728 0.666936745732 0.725192685108 0.691210977629 0.711164661324 0.49408625579 0.763791607372 0.644561676704 0.70810498008 0.351216906841 0.399064068466 0.463226706552 0.425157660346 0.316537588301 0.347173306722 0.431962087941 0.783390855474 0.136303618022 0.0895467654681 0.075343021066 0.0584405341684 0.0347148745302 0.0373216292514 0.0370340163425 0.0538492527746 0.0679680818401 0.0735340729824 0.0581027752924 0.0414365093699 0.0179596847302 0.0719857036061 0.0866739979248 0.0252801932845 0.0519192366308 0.0651781564998 0.0797068170987 0.0709364689476 0.0796340883655
-9999 -9999 -9999 -9999 -9999 -9999 -9999 -9999 -9999 -9999 -9999 -9999 -9999 -9999 0.818075604291 0.872950582826 0.859684269123 0.873934114758 0.871095771302 0.856379229605 0.734452444669 0.769988351003 0.760411082286 0.597099267866 0.459914779665 0.391348962238 0.490793565295 0.489082334842 0.366559953763 0.428668389745 0.405901988004 0.343269498692 0.365734964251 0.258278049658 0.362202344398 0.0891385753906 0.130646032187 0.113033621399 0.105628745279 0.038966666836 0.053147654155 0.069410420461 0.0559706401053 0.0586519149528 0.036877405636 0.0430692946307 0.0306114874023 0.0487756010166 0.132328292638 0.13659299364 0.0730995789219 0.0249037327439 0.0502300101207 0.0393935112643 0.0291380213994
-9999 -9999 -9999 -9999 -9999 -9999 -9999 -9999 -9999 -9999 -9999 -9999 -9999 -9999 1.71088048625 1.32815780788 1.1878126641 1.28149975561 1.06744338379 1.13312563015 0.732470763495 0.672672081413 0.636922999867 0.623207194019 0.483385668258 0.530183861344 0.429515222829 0.562148377683 0.485356070888 0.416864767061 0.424082193388 0.494299445982 0.434835904523 0.182875737283 0.0869177384525 0.0881660987618 0.0816877004028 0.17980422194 0.071147826312 0.111151078679 0.0164072721018 0.0426681904135 0.0364553550402 0.0423944438864 0.0318531977574 0.0314244372491 0.0592572446894 0.0517243015195 0.182579062205 0.232684583371 0.124579734246 0.176240842461 0.0778355804376 0.110469826377 0.105452301026
-9999 -9999 -9999 -9999 -9999 -9999 -9999 -9999 -9999 -9999 -9999 -9999 -9999 -9999 -9999 1.00947666005 0.904609669777 0.866996911423 0.982303738491 0.69122473682 0.542672801009 0.56008789319 0.608015939936 0.642433261895 0.476908094982 0.503407747211 0.402728004791 0.470475288351 0.554848225002 0.392588080927 0.323777999773 0.324095830972 0.282051000245 0.3561307757 0.0967353008878 0.097993130436 0.0966469198473 0.0941317852418 0.0956399938305 0.0558284674742 0.0387358065141 0.0485302495966 0.00675629095902 0.0114364646353 0.0219340483407 0.0130596075805 0.00683081004863 0.007771710427 0.0172330744284 0.035329283651 0.0349749878609 0.0292618684096 0.0634833439949 0.175119365699 0.155447875098
-9999 -9999 -9999 -9999 -9999 -9999 -9999 -9999 -9999 -9999 -9999 -9999 -9999 -9999 -9999 -9999 0.912281605733 0.783738176628 0.790318966236 1.15509867908 0.984914799356 0.99465723831 0.578678188877 0.47243162756 0.51810189403 0.439845839771 0.370582621836 0.258657675671 0.369574470617 0.37039588181 0.476340485179 0.435956446233 0.671430051281 0.465933964607 0.0818517502652 0.0940213517044 0.0960604905155 0.107139874661 0.109564252655 0.160992506718 0.120883164341 0.104556984853 0.0677115330033 0.0175573177526 0.00624153718144 0.00408081777318 0.0033890545147 0.0346226761119 0.0330655620591 0.0223547513065 0.0372874893781 0.0812286740914 0.0474330700459 0.0341393374754 0.0441659917744
-9999 -9999 -9999 -9999 -9999 -9999 -9999 -9999 -9999 -9999 -9999 -9999 -9999 -9999 -9999 -9999 1.06153176127 1.08119018331 1.10399679058 0.962739492772 0.693103330965 0.81687479378 0.698437216265 0.575510707982 0.482621247205 0.558478307738 0.421821501074 0.359384877481 0.378146412614 0.308906136704 0.296424761986 0.332535846205 0.36938992165 0.431575774261 0.163232947976 0.0883521061807 0.138740860844 0.111427392579 0.107225507887 0.105437877916 0.0542290134828 0.0558213283995 0.063283568041 0.124919492046 0.0469836442659 0.0186688109317 0.0200540980245 0.0396651650572 0.0222318161107 0.0304579560639 0.0529887223246 0.058180759821 0.0941120909006 0.107528659405 0.166940910152
-9999 -9999 -9999 -9999 -9999 -9999 -9999 -9999 -9999 -9999 -9999 -9999 -9999 -9999 -9999 0.630672911519 0.643676284838 0.77763056696 0.949127704499 0.906115994566 0.721422439722 0.684913079966 0.551800526721 0.533812749711 0.434195629424 0.4829777426 0.42267858049 0.450576215511 0.319513160069 0.34480767862 0.385225603161 0.401713004112 0.417747109048 0.230625453735 0.0985655514541 0.0481393648909 0.0600775027288 0.156535897241 0.138478799572 0.0703741331249 0.0353149422866 0.034471023925 0.0248890713029 0.0238253271473 0.032662772605 0.0163759042704 0.0320285480275 0.0570936932643 0.0311387154288 0.0609658641733 0.0382634867144 0.0255519056723 0.0293206030302 0.0353218250682 0.0407536106953
-9999 -9999 -9999 -9999 -9999 -9999 -9999 -9999 -9999 -9999 -9999 -9999 -9999 -9999 0.828187537902 0.739631209862 0.687426732836 0.744523376314 0.694211297969 0.798499412425 0.666355157749 0.79458294858 0.577986665727 0.615106673877 0.437477642111 0.403735312581 0.350888134611 0.379268033368 0.380912916411 0.380262856676 0.325106153616 0.336005492854 0.196667082328 0.186879294977 0.224126052457 0.20165584991 0.0523014697971 0.0408560287281 0.0131133916392 0.0308720499865 0.0285654996191 0.0143381304838 0.0117745624901 0.0147555912811 0.00880661510536 0.00664395996367 0.013727913052 0.0389590452241 0.0575558665241 0.0387958074227 0.0309045311472 0.0304104066549 0.0330543390592 0.0318199262439 0.0283511873496
-9999 -9999 -9999 -9999 -9999 -9999 -9999 -9999 -9999 -9999 -9999 -9999 -9999 -9999 0.948814156091 1.09368182818 0.938294885113 0.709487864866 0.536173601938 0.48783358014 0.532941823732 0.677192448152 0.567783724738 0.621655031675 0.460230317498 0.35931551207 0.271231044521 0.25951949679 0.232992844754 0.37465774808 0.385983591984 0.316167529897 0.332578936742 0.257858649179 0.196231206527 0.288707385375 0.181975450922 0.278408520403 0.0934933759797 0.0988292882394 0.18024480692 0.151993903259 0.0308604596431 0.0246874512618 0.022464523488 0.00759908207629 0.0230506341399 0.0926110863158 0.116420684955 0.152902430581 0.145952365126 0.142409980852 0.0790659430241 0.0611943640499 0.0803999066544
-9999 -9999 -9999 -9999 -9999 -9999 -9999 -9999 -9999 -9999 -9999 -9999 -9999 -9999 -9999 -9999 0.968812048759 1.51590682229 1.56403907251 1.50068242453 0.882492795631 0.576911431661 0.700459145344 0.706653679137 0.504963186058 0.42973197832 0.189044246259 0.20899478693 0.149713156785 0.228765137585 0.266525135559 0.280319681699 0.267715782214 0.185831589876 0.230178802611 0.235173381586 0.197784456897 0.0821908642205 0.206980288283 0.250826529858 0.0941403804487 0.0694241003765 0.0877733858487 0.042397843086 0.0109921701059 0.0159218675885 0.0130745255616 0.0251959129674 0.0547547591388 0.0712630033783 0.0654219533859 0.0694082989846 0.0587412641007 0.0450685410485 0.0246589247975
-9999 -9999 -9999 -9999 -9999 -9999 -9999 -9999 -9999 -9999 -9999 -9999 -9999 -9999 -9999 -9999 1.87334837599 1.67393216486 1.56240371772 0.849315023848 0.947531784537 0.915827609941 0.504939006336 0.567609517171 0.591322137088 0.568121728396 0.436470752095 0.396419334442 0.314780576544 0.291260411971 0.397207518067 0.348485464045 0.240104616752 0.206052038459 0.119443494038 0.137723979939 0.15997542841 0.227219687523 0.106370669742 0.0819530847008 0.13412454397 0.229378304934 0.0642961915381 0.0818345384984 0.108537116963 0.0142071614087 0.00485517469437 0.010942713798 0.0445667880313 0.0282235925444 0.0198256364302 0.0203828455654 0.0159293730448 0.0199296164828 0.0197043483465
-9999 -9999 -9999 -9999 -9999 -9999 -9999 -9999 -9999 -9999 -9999 -9999 -9999 -9999 -9999 -9999 -9999 -9999 1.61266113506 1.08689588049 0.700996364296 0.920427613753 0.776871590888 0.725910461844 0.539727383137 0.484533295711 0.360904429005 0.365062154266 0.269877178338 0.252952055217 0.166194615567 0.129091327432 0.127721152411 0.165128638301 0.115287885431 0.181261230785 0.188564353357 0.101150372608 0.0934869014706 0.157716179527 0.0960032623334 0.076176936287 0.0527861267671 0.0520173643737 0.0638660073799 0.0456172750179 0.00697993413625 0.00700403622738 0.0144201218792 0.0169643481238 0.0257360814759 0.0332818758442 0.0164563569674 0.0171923706763 0.0223886399932
-9999 -9999 -9999 -9999 -9999 -9999 -9999 -9999 -9999 -9999 -9999 -9999 -9999 -9999 -9999 -9999 -9999 -9999 -9999 0.739751439045 0.739475031835 0.872800291033 0.755988212365 0.973601437927 0.641137308837 0.583913165543 0.368871888052 0.276992271956 0.159375187182 0.146741028603 0.162195080629 0.199538212151 0.135802010671 0.115581305941 0.0768453332085 0.0585693048179 0.0561753752745 0.11021288524 0.10409915578 0.13668816251 0.0872014003666 0.0729086076763 0.0524975693697 0.0801269440013 0.0914233259117 0.0982599681262 0.0336008668634 0.00653809046043 0.00477082631722 0.0150650895596 0.0152107514703 0.0236545159393 0.0167721029699 0.0164943256713 0.0221894103408
-9999 -9999 -9999 -9999 -9999 -9999 -9999 -9999 -9999 -9999 -9999 -9999 -9999 -9999 -9999 -9999 -9999 -9999 1.30433151321 1.5974549841 1.63920621723 1.53884241537 0.892043242443 0.688460992246 0.612522006909 0.566820190877 0.456116475031 0.342806330295 0.220343758247 0.183669065609 0.0609949465335 0.0705663639508 0.0821830889986 0.120617800115 0.101787127695 0.148665187952 0.242155777993 0.215187417605 0.198231789637 0.179334797757 0.17494008704 0.0869090929515 0.0717101017595 0.0376755076241 0.0432217747885 0.0326069339661 0.0926770173683 0.0764535236146 0.0288929383983 0.0076369803679 0.0172549505332 0.0411878368057 0.0534992785004 0.0638929948387 0.0384058367658
-9999 -9999 -9999 -9999 -9999 -9999 -9999 -9999 -9999 -9999 -9999 -9999 -9999 -9999 -9999 -9999 -9999 -9999 -9999 2.18619096322 1.96081954382 1.73942350788 0.976640602124 0.714104239147 0.716906076527 0.698904503887 0.430241677439 0.51304779806 0.278666105039 0.405418612948 0.333038690931 0.324110904506 0.234088872535 0.163666525248 0.102573887246 0.0647373470861 0.0531365908754 0.0410802791142 0.0355710110876 0.035554623396 0.0506126929224 0.101040283509 0.0453380802673 0.0446483314945 0.0504758540489 0.15621093902 0.143923980179 0.0785962476768 0.0434937902658 0.0156319137786 0.00252924346054 0.0167049925768 0.0231613683466 0.0715290719244 0.0375728492447
-9999 -9999 -9999 -9999 -9999 -9999 -9999 -9999 -9999 -9999 -9999 -9999 -9999 -9999 -9999 -9999 -9999 -9999 -9999 -9999 1.27413511691 1.58995507275 1.00951903349 0.758085728058 0.535050520609 0.655034365321 0.452671278993 0.545815508275 0.60861277034 0.509802389272 0.384832427554 0.358423813752 0.135807497519 0.161943117078 0.103281976064 0.109261902773 0.124415358527 0.170010130605 0.170122697066 0.145127480719 0.0981469756429 0.170339325964 0.182786834904 0.139992754127 0.242792862539 0.180424470615 0.133675114126 0.169380142784 0.121325877953 0.0662819211018 0.0335220628179 0.0131545164268 0.00436941432521 0.00394448985669 0.0149436271278
-9999 -9999 -9999 -9999 -9999 -9999 -9999 -9999 -9999 -9999 -9999 -9999 -9999 -9999 -9999 -9999 -9999 -9999 -9999 -9999 -9999 1.36853967557 1.13154000426 1.10297611475 0.521788156574 0.451704973299 0.423306725861 0.554802849054 0.443027812469 0.401285739553 0.416460308023 0.469874776 0.195888239265 0.103139232048 0.255014552825 0.313316185195 0.219435259668 0.13252201416 0.111757897355 0.120182463084 0.223337343372 0.252720841954 0.312535278446 0.146156881125 0.104288925192 0.0605410703568 0.0974802230315 0.11802511928 0.12244432871 0.186232689559 0.407752355952 0.0675851643051 0.0451376607211 0.0116064565029 0.00190956154141
-9999 -9999 -9999 -9999 -9999 -9999 -9999 -9999 -9999 -9999 -9999 -9999 -9999 -9999 -9999 -9999 -9999 -9999 -9999 -9999 -9999 0.926403318673 0.841712704429 0.849464900334 0.707753065654 0.843144448392 0.607565302857 0.453479673776 0.325290555963 0.435872105068 0.347113227087 0.35227922089 0.265572593129 0.233801822534 0.097088006577 0.153540985828 0.13149459537 0.14932359924 0.13037317732 0.20475906461 0.2298435624 0.207963352563 0.123327483824 0.116608793673 0.187485316563 0.167444615452 0.14830801293 0.140395542412 0.0766159601907 0.0816721807367 0.100381958223 0.0521311666441 0.0094864437898 0.00538291924972 0.00512565723353
-9999 -9999 -9999 -9999 -9999 -9999 -9999 -9999 -9999 -9999 -9999 -9999 -9999 -9999 -9999 -9999 -9999 -9999 -9999 -9999 -9999 -9999 0.953854405991 1.32942367695 0.773539437571 0.704030784381 0.516723112387 0.449320559028 0.337026977124 0.322193868565 0.310994545899 0.349150933646 0.239341546442 0.269948245374 0.371637851825 0.212029598511 0.253194067598 0.215684800486 0.208196937192 0.203658037291 0.219023835725 0.0936980454162 0.116662042963 0.198673703082 0.0738443029854 0.0605010953324 0.0477045226674 0.0757448283132 0.128958658942 0.0563101110598 0.0362407558558 0.0278155917537 0.0395578616597 0.0122348129763 0.00234604131068
-9999 -9999 -9999 -9999 -9999 -9999 -9999 -9999 -9999 -9999 -9999 -9999 -9999 -9999 -9999 -9999 -9999 -9999 -9999 -9999 -9999 -9999 1.04434444064 0.973523566537 0.708537287582 0.857580162825 0.637785207233 0.469073306468 0.402266487514 0.419347240231 0.334373148456 0.357088170771 0.362116681474 0.341239518673 0.222390231768 0.413166661873 0.220003406539 0.200547585829 0.304980001188 0.277766619147 0.121685174156 0.22920326743 0.121354319526 0.0765969188285 0.0671530359615 0.101682901414 0.172905017791 0.170730374244 0.0619768448674 0.0426665786329 0.0200645284784 0.0296719361085 0.00715017475249 0.0342154279826 0.0108080167432
