data/recharge/transience/recharge15.asc
ncols                  80
nrows                 72
xllcorner      4374000.0
yllcorner      5656000.0
cellsize            500
NODATA_value       -9999
[rows 0 to 25 of 72, columns 0 to 56 of 80]
-9999 -9999 -9999 -9999 -9999 -9999 -9999 -9999 -9999 -9999 -9999 -9999 24.705829088 25.4146559767 -9999 -9999 -9999 -9999 -9999 -9999 -9999 -9999 -9999 -9999 -9999 -9999 -9999 -9999 -9999 -9999 -9999 -9999 -9999 -9999 -9999 -9999 -9999 -9999 -9999 -9999 -9999 -9999 -9999 -9999 -9999 -9999 -9999 -9999 -9999 -9999 -9999 -9999 -9999 -9999 -9999 -9999 -9999
-9999 -9999 -9999 -9999 -9999 -9999 -9999 -9999 -9999 -9999 -9999 -9999 22.8921356604 21.4263641735 21.1407410956 -9999 22.0115568418 -9999 -9999 -9999 -9999 -9999 -9999 -9999 -9999 -9999 -9999 -9999 -9999 -9999 -9999 -9999 -9999 -9999 -9999 -9999 -9999 -9999 -9999 -9999 -9999 -9999 -9999 -9999 -9999 -9999 -9999 -9999 -9999 -9999 -9999 -9999 -9999 -9999 -9999 -9999 -9999
-9999 -9999 -9999 -9999 -9999 -9999 -9999 -9999 -9999 -9999 22.5906401641 21.6597990877 22.5061525727 21.5260533661 20.2266295688 21.0057560911 21.5292624359 22.5441103601 -9999 -9999 -9999 -9999 -9999 -9999 -9999 -9999 -9999 -9999 -9999 -9999 -9999 -9999 -9999 -9999 -9999 -9999 -9999 -9999 -9999 -9999 -9999 -9999 -9999 -9999 -9999 -9999 -9999 -9999 -9999 -9999 -9999 -9999 -9999 -9999 -9999 -9999 -9999
-9999 -9999 -9999 -9999 -9999 -9999 -9999 -9999 -9999 21.8906187288 21.9752522771 21.6646904639 21.0252759278 21.2866046311 20.9434806973 21.2351084536 21.8155176371 22.8337141932 -9999 22.7704755038 -9999 -9999 -9999 -9999 23.9604977573 25.0018688403 -9999 -9999 -9999 -9999 -9999 -9999 -9999 -9999 -9999 -9999 -9999 -9999 -9999 -9999 -9999 -9999 -9999 -9999 -9999 -9999 -9999 -9999 -9999 -9999 -9999 -9999 -9999 -9999 -9999 -9999 -9999
-9999 -9999 -9999 -9999 -9999 -9999 -9999 -9999 22.8483539004 22.0621434384 21.1473073227 21.4780216542 20.774083286 20.5905194477 20.4433879226 20.7938779174 21.2722530631 21.0199499972 21.5319100217 21.0792752309 20.7027005414 21.1882273265 -9999 22.5367735631 23.7598323163 24.5962386868 -9999 -9999 -9999 -9999 -9999 -9999 -9999 -9999 -9999 -9999 -9999 -9999 -9999 -9999 -9999 -9999 -9999 -9999 -9999 -9999 -9999 -9999 -9999 -9999 -9999 -9999 -9999 -9999 -9999 -9999 -9999
-9999 -9999 -9999 -9999 -9999 -9999 23.907538245 22.4062832674 21.5437593054 21.6402627883 21.7592618973 21.9039484356 21.2085251314 21.1806499316 20.6495272946 20.8835658817 21.3679783614 20.648533808 20.7008361812 20.4602465496 20.3376565448 20.560175052 22.6826633701 22.3114263762 23.5755570511 23.9223885012 24.8621547447 -9999 -9999 -9999 -9999 -9999 -9999 -9999 -9999 -9999 -9999 -9999 -9999 -9999 -9999 -9999 -9999 -9999 -9999 -9999 -9999 -9999 -9999 -9999 -9999 -9999 -9999 -9999 -9999 -9999 -9999
-9999 -9999 -9999 -9999 -9999 -9999 22.9850899461 22.24287065 20.8331513004 20.56678133 20.4854409706 20.9747568806 20.4998823686 20.0467671906 19.716340947 19.5777288081 20.2757632172 15.9962335633 19.6543404377 19.6678921947 19.8330369737 20.7261501394 20.7853339974 21.5534630381 22.0734414892 21.6761094907 22.9793644721 22.1785232495 22.5902209111 22.534911665 22.8734413997 23.1978483675 -9999 -9999 -9999 -9999 -9999 -9999 -9999 -9999 -9999 -9999 -9999 -9999 -9999 -9999 -9999 -9999 -9999 -9999 -9999 -9999 -9999 -9999 -9999 -9999 -9999
-9999 -9999 -9999 -9999 -9999 23.6007114274 22.9224908209 22.4982225738 21.7861521885 21.6447021037 21.2280599467 20.6762800841 20.1175508639 20.0877905891 20.3949851925 20.5282791321 15.9362494583 8.31766432644 15.3907843123 19.9005875072 20.0375823539 19.9648716953 20.3322620744 20.4233707611 21.8528838233 22.3164150677 23.4924383133 21.7915952047 21.9891828318 22.0384179755 22.1208425811 22.6470716974 22.3323217202 22.3623861969 -9999 -9999 -9999 -9999 -9999 -9999 -9999 -9999 -9999 -9999 -9999 -9999 -9999 -9999 -9999 -9999 -9999 -9999 -9999 -9999 -9999 -9999 -9999
-9999 -9999 -9999 -9999 -9999 23.5874830883 22.2763708334 22.4218828338 21.6269202688 21.3948224944 21.0804976096 21.2218159039 14.5652844933 11.9637622048 20.8245041443 20.413725516 16.8300206773 6.88299824441 12.651036112 16.9340491986 20.2790728156 19.9944918512 20.555499681 20.6457127048 20.6105140055 20.1161903749 21.6265239827 21.2688693611 20.6313429997 19.7506655806 19.1232962767 20.5456921267 21.4952843105 21.569654687 21.6542006085 21.9535342993 -9999 -9999 -9999 -9999 22.2397442687 21.2122394565 -9999 -9999 -9999 -9999 -9999 -9999 -9999 -9999 -9999 -9999 -9999 -9999 -9999 -9999 -9999
-9999 -9999 -9999 -9999 -9999 23.3342696079 22.5780587981 22.0873369637 21.6195003217 22.0709460893 21.7829301311 21.6462990206 20.6988258179 20.4510141272 21.301199308 20.6539479268 19.3069657039 20.9760747452 21.0786270243 20.8235660019 20.4474248294 19.6195993419 19.9484503233 19.8867581489 20.4875614235 20.9096879879 21.278541876 21.0745490889 21.0256429263 19.0131098309 12.8151956041 17.0853794983 21.1855849729 21.3950102759 21.7604832566 21.6750943354 21.8110277662 -9999 -9999 21.9953179124 21.6350762595 21.7526977448 21.7371726522 -9999 -9999 -9999 -9999 -9999 -9999 -9999 -9999 -9999 -9999 -9999 -9999 -9999 -9999
-9999 -9999 -9999 -9999 -9999 -9999 23.3339645417 22.7414243412 22.173767228 22.4010926031 21.5718762695 21.6196985752 21.8567244803 23.3352884967 20.280963416 20.2561203302 19.9960257419 20.2130264009 20.3506733816 20.2652469753 20.3678670886 19.984853382 19.7603592049 20.7342241846 20.455667721 20.2924917084 20.4368878458 20.9054323532 20.3561693474 20.1087387237 18.7620278411 20.2005824931 20.3691848603 20.7839639835 20.9643599489 20.6139865734 21.1837341856 21.8451761442 21.2618615989 21.0300320626 21.1040555577 21.7112629026 21.2050587846 21.3679742632 -9999 -9999 -9999 -9999 23.2787688928 22.8123417963 5.44330140496 -9999 -9999 -9999 -9999 -9999 -9999
-9999 -9999 -9999 -9999 -9999 -9999 -9999 23.2866307653 22.0979094109 22.1646153785 22.0106429315 22.1600951288 21.4141362885 20.393312507 20.3472940715 20.7722065118 20.4599055842 20.5059233725 20.4151737561 19.8582807084 19.8544314595 19.439200949 19.6421084224 20.4237915514 20.5247829472 19.830855563 20.7548507293 19.9438928832 20.378446909 20.0519600561 20.0690108637 19.803347336 20.3102903486 20.0535372068 20.6931454907 20.918553057 21.5917000005 21.6326665582 21.4289485842 21.1974456552 20.5913609566 21.161027504 23.0973838387 22.308578124 21.1158917569 21.8273685296 22.3738384682 21.5859875731 21.134093696 22.5491054724 19.4279345423 16.1616211069 -9999 -9999 -9999 -9999 -9999
-9999 -9999 -9999 -9999 -9999 -9999 -9999 -9999 22.0663448398 21.9873279397 21.980377054 22.0356426128 21.2547617598 21.8288368241 22.3308111298 21.8029628326 20.3538865113 20.7449007009 20.2655006723 19.8653496588 20.3647818254 20.2752339766 26.0168148876 32.3819926602 30.7698829838 31.7590258555 23.3453973458 19.4785355571 19.1698078453 19.1082993438 19.4921376976 19.3525777171 19.4450726861 19.6375191614 19.8570313538 19.9419202008 20.1415269393 20.4045739293 20.4995907168 20.871091634 21.6552179407 22.5010005339 20.4728195448 19.9682179308 19.5905906926 19.0628526589 19.8438915765 19.2052247747 18.6150069154 20.7905486209 19.7297314467 19.8892586028 18.6514460309 -9999 -9999 -9999 -9999
-9999 -9999 -9999 -9999 -9999 -9999 -9999 -9999 22.5238215453 22.3453847793 21.7235745345 21.8713145108 21.5226246248 21.5672170217 21.2945246472 20.9002294209 20.0405179473 20.4540632718 19.9825067979 19.9800426508 20.4778212059 20.3226898971 30.7816608296 35.7304730326 32.9113985409 29.9446622061 31.9456675079 23.5588467554 20.3512448985 19.8529280423 19.291254177 19.3704232752 19.400560807 19.6032019672 19.7844303713 8.37329646969 20.5523666274 20.2779614025 20.2626133348 20.2642148698 20.2020952531 22.3382184953 20.1279372178 20.0481542907 19.1164386963 19.0427465376 19.7751985889 19.3358989747 19.5733198425 19.9547650127 19.5875356547 19.6283774071 18.7081223932 18.9803223482 18.2589867961 18.4866768928 -9999
-9999 -9999 -9999 -9999 -9999 -9999 -9999 -9999 -9999 22.1269702413 21.7352352822 21.7267077623 21.6438867103 21.2963467206 20.7578830386 20.7234622115 20.8086539568 20.3931556314 20.5244095112 20.6814018631 21.4367483128 20.5559786359 22.739191494 39.2911325236 34.9277904266 33.90480941 29.5285217395 28.2106739068 24.0095730982 19.1887214498 19.234776477 19.1517941261 19.1005709293 18.9636199525 18.447999299 16.1096781217 19.9426903523 19.82295768 19.7851688069 19.6681954815 19.6446631858 19.8551505977 18.6885671683 19.7807909721 17.923284475 17.0723973265 16.1096964332 16.4440923152 18.791890008 18.4187203022 18.3297736907 18.2073466614 17.6680042089 18.0550247237 18.1917406215 16.9807527201 14.2216635658
-9999 -9999 -9999 -9999 -9999 -9999 -9999 -9999 -9999 -9999 21.2934782635 21.703752225 21.6714288059 21.5356075367 20.5704859308 20.3985139101 22.0119520221 22.2071486239 22.4443761144 22.2060589546 21.335622628 21.297502642 20.548995526 27.7737164494 32.4085208443 34.3232278342 31.8521725233 29.4481764965 24.8416511249 26.0513051584 19.0033013005 18.8814925179 19.0273145805 18.9471504248 19.6090947672 19.4087867331 19.725550745 19.7652252627 19.8417377094 19.86609316 19.6653578977 19.6280944367 20.0254398508 19.2067680137 20.2861199276 20.090947651 18.4908982353 17.2023061275 18.8505495079 19.0210449369 19.2264386938 18.6662699068 17.7560214969 17.7566063175 17.3795653353 16.4286881016 14.125096342
-9999 -9999 -9999 -9999 -9999 -9999 -9999 -9999 -9999 -9999 -9999 10.9149861836 14.1031270177 21.1514691111 20.3826790029 20.2829957409 22.3123001069 22.4616413268 21.3287393932 21.3620128415 20.6717876389 20.879884886 20.7092056657 20.1688427386 23.5409898861 28.2925758162 28.3151761019 31.4218598378 29.3171952055 18.7507132028 22.6411628774 18.9849695764 17.934723285 18.2487794099 18.9986505142 18.6982760831 18.9511400284 18.8842452645 19.2695350732 19.4002634246 19.1688869201 18.7837089347 19.1335293475 19.9890783201 17.0621849765 16.399598478 17.3521274128 18.2527818553 18.577942091 18.1893388683 17.7468186825 18.1453122593 17.6471030147 17.0973265654 16.2221513631 16.5095193921 14.2367749299
-9999 -9999 -9999 -9999 -9999 -9999 -9999 -9999 -9999 -9999 -9999 10.0671501255 14.9822801934 20.6058878353 20.4689943231 21.0314138518 21.2673039879 21.029797913 20.1308582149 20.1219050763 20.3443888138 20.7572765645 20.0696331516 20.7281789447 19.8544898113 20.5625432247 24.6996630339 30.270258352 26.8153023733 26.211845507 27.0446057794 26.1689005687 22.1930849571 24.0418219135 24.3867049184 19.7153191769 18.75322104 19.0726533805 18.9861562108 18.642100824 17.4860001584 18.9066288547 18.5122874544 18.7510058474 20.1686289561 18.3456240868 19.6697955635 20.7219704206 19.7784427567 17.8222392484 18.2252947806 18.3934575716 16.3906467886 18.1912588917 17.3451428808 16.768293646 16.2757329252
-9999 -9999 -9999 -9999 -9999 -9999 -9999 -9999 -9999 -9999 -9999 21.95332448 20.6181719989 20.4887865628 19.7275592831 20.4046454136 20.3386926661 19.6997759255 18.9588390355 19.3760720261 19.4434387402 19.5248318527 19.87523414 19.7281531225 18.5910014 18.4547557129 18.3225966818 18.1519615989 18.134818829 21.487043346 25.3188929123 27.8288335785 28.4190036335 28.4518477403 21.1160223638 13.4778544272 18.0306689158 18.7803571171 19.3385755679 13.728620948 10.8604867514 18.4979170101 18.5183792105 19.1139565676 19.9184681881 21.9459889514 19.308616998 18.5643307187 18.0735235536 18.0533629339 17.0921214746 17.8903917378 18.239195861 19.6462382536 18.518268747 14.1833833894 13.3782290642
-9999 -9999 -9999 -9999 -9999 -9999 -9999 -9999 -9999 -9999 -9999 -9999 20.9006383531 20.3164465402 20.2292295941 19.7615398127 19.9890052671 20.2931483606 19.7313667057 19.4192132953 19.7984968823 19.4013829648 19.251066118 19.446518538 18.5229343266 18.7506983829 18.5068281117 18.6052950813 18.3807900682 18.2181353557 18.2453992715 18.291412337 20.3686246077 24.5494807529 24.5933769729 12.3828407352 20.6781680195 15.5027676867 22.1274259002 18.4600215383 19.0537962593 18.1868036273 19.0749395686 19.6018637501 19.9110514166 20.2454291529 21.304762575 18.655118354 16.3990774808 17.1738146414 16.4756638676 15.4793993203 14.4762003368 14.643223313 13.6989693557 15.1444411036 7.66353527897
-9999 -9999 -9999 -9999 -9999 -9999 -9999 -9999 -9999 -9999 -9999 21.5975492474 21.4576087154 20.8174593178 19.9215087039 11.3879376116 16.5072854672 19.7228385813 19.3375345768 18.8111887474 18.5691843562 18.4862929087 18.0920687836 18.3548419035 18.146947838 18.1057779539 17.7146198711 17.6221664544 17.6860924836 17.4203755516 17.1838293383 17.3360840054 17.1483443626 17.0184340043 17.4154083243 20.5586746478 18.1401317684 10.8073565825 10.8730340543 18.2143183721 18.1489634338 17.5365900093 19.519506153 20.0827907751 20.3505293648 20.1455610042 20.0889927891 21.816697153 18.2444936779 18.2897474694 15.7610160855 12.8598921117 11.8532860836 11.9133615359 11.3004367041 12.0921094179 14.6664140775
-9999 -9999 -9999 -9999 -9999 -9999 -9999 -9999 -9999 -9999 -9999 21.975338462 21.9499687712 21.276013538 20.2418916321 14.6212224853 18.6850653464 19.4668184215 19.3580060092 19.3163982037 15.3452525916 16.0349486036 18.4511064981 18.4237958774 18.2600335876 18.5897324364 11.5059327317 12.2119888921 16.9455613866 18.3471234202 18.1402396259 17.4260379072 16.987136498 17.0148058818 17.2790994061 19.7958550253 12.8612879968 17.8811326046 11.5965768738 21.6457794021 17.3679724622 17.8844599881 18.9922126748 19.3569613988 19.7896208958 19.6304564097 19.3009444876 19.5989911182 19.8424868579 20.3884833815 15.57762498 15.8786808917 14.6316829288 14.2351234497 13.6407060532 12.9925577425 10.9224647239
-9999 -9999 -9999 -9999 -9999 -9999 -9999 -9999 -9999 -9999 -9999 21.8989443899 21.8505875213 20.8878694298 20.3004732133 20.1043933823 19.2572978075 19.9980161792 19.2454969579 19.8785103334 15.6784856268 6.84490896961 16.3190562191 21.8853028845 18.6991273756 18.7148893482 19.6660599382 19.8904422719 18.5552055096 17.8558565669 17.6723653595 18.0737368209 18.017173886 17.8559219792 17.0010721578 15.7527553541 7.40149615234 5.36524281068 9.76792218028 16.2373664321 17.5137873493 18.2891758408 18.4896451148 17.9725379014 18.3064277042 18.4727741953 18.1916019625 18.2187320902 17.7868174001 17.6693905134 15.7724724706 12.3882953696 10.5349713153 10.3639482758 9.81455212355 10.762398648 12.1970201894
-9999 -9999 -9999 -9999 -9999 -9999 -9999 -9999 -9999 -9999 -9999 -9999 22.2993266344 21.5296615862 20.8286615085 20.1542148801 20.3915215591 20.2796303344 19.454794992 19.2830909971 19.7428144074 20.3735309677 20.8539491972 18.8254934046 18.2168272477 18.0979061131 16.4250361107 16.8435202526 15.8372879362 14.8364449936 13.407882928 16.4720634061 16.3527841826 16.7493606489 16.5647045367 13.6799263468 8.88487490848 6.46551499155 12.2964545925 20.6239544722 17.7572000985 17.3882838805 18.1972433463 18.0530545369 18.454300714 18.379659002 17.7835311568 17.7706695764 17.2317060884 17.5234700876 16.6560683517 9.73171793514 10.788912771 14.4372190968 11.0356166334 11.016764656 10.5827244895
-9999 -9999 -9999 -9999 -9999 -9999 -9999 -9999 -9999 -9999 -9999 -9999 23.095478449 21.9572119419 20.8957292968 21.9824884242 20.8406989015 20.7613953003 20.163537164 19.4669753041 19.4349007125 19.418217759 21.1004131572 20.9000284314 19.1575640642 19.8011889096 19.7882421936 19.1852788984 17.3982623158 18.8907368849 17.0267769464 17.6076734656 19.1929761653 18.3073258903 21.1672730296 11.4061119737 8.29778372052 12.2720433773 18.0910392811 18.6366209878 18.6318604387 17.0438325214 16.503820704 16.4656355094 16.687018272 16.7272902635 16.3225085976 16.2397379496 15.7108682892 16.2143184985 15.7337951921 14.3028049952 14.6047123449 9.29257317771 7.19913873418 8.92315426555 6.85150471409
-9999 -9999 -9999 -9999 -9999 -9999 -9999 -9999 -9999 -9999 -9999 -9999 22.2356147907 22.0948810838 21.223389499 22.0308791365 20.7620545059 20.1778927808 19.9098968125 20.7915181112 19.5666753794 19.0668407872 18.875698331 14.5980164501 16.6909236401 19.8599122562 20.2567110011 19.4717775832 17.6617347766 16.7537217792 15.3556964709 14.7562312271 16.2839698889 18.3296814459 10.4834491028 15.9433147519 16.8432872425 13.083721261 11.6212625435 12.5629234189 11.4663872131 12.5336888976 16.3762033676 16.6363463382 16.5717659794 16.5545758777 16.5885189913 16.6664169753 16.5188510244 16.9238070076 16.7449657612 14.908636092 9.21168717469 7.56839277008 7.57725314594 7.91890474586 7.74437806233
