data/recharge/transience/recharge98.asc
ncols                  80
nrows                 72
xllcorner      4374000.0
yllcorner      5656000.0
cellsize            500
NODATA_value       -9999
[rows 0 to 25 of 72, columns 0 to 56 of 80]
-9999 -9999 -9999 -9999 -9999 -9999 -9999 -9999 -9999 -9999 -9999 -9999 33.4216905985 34.7420189402 -9999 -9999 -9999 -9999 -9999 -9999 -9999 -9999 -9999 -9999 -9999 -9999 -9999 -9999 -9999 -9999 -9999 -9999 -9999 -9999 -9999 -9999 -9999 -9999 -9999 -9999 -9999 -9999 -9999 -9999 -9999 -9999 -9999 -9999 -9999 -9999 -9999 -9999 -9999 -9999 -9999 -9999 -9999
-9999 -9999 -9999 -9999 -9999 -9999 -9999 -9999 -9999 -9999 -9999 -9999 28.3181131337 26.5198744584 25.720267704 -9999 25.2800728713 -9999 -9999 -9999 -9999 -9999 -9999 -9999 -9999 -9999 -9999 -9999 -9999 -9999 -9999 -9999 -9999 -9999 -9999 -9999 -9999 -9999 -9999 -9999 -9999 -9999 -9999 -9999 -9999 -9999 -9999 -9999 -9999 -9999 -9999 -9999 -9999 -9999 -9999 -9999 -9999
-9999 -9999 -9999 -9999 -9999 -9999 -9999 -9999 -9999 -9999 26.8591942582 25.657011092 27.2973069405 26.7726816545 21.9975762783 22.2910873312 21.2859709209 21.6404894071 -9999 -9999 -9999 -9999 -9999 -9999 -9999 -9999 -9999 -9999 -9999 -9999 -9999 -9999 -9999 -9999 -9999 -9999 -9999 -9999 -9999 -9999 -9999 -9999 -9999 -9999 -9999 -9999 -9999 -9999 -9999 -9999 -9999 -9999 -9999 -9999 -9999 -9999 -9999
-9999 -9999 -9999 -9999 -9999 -9999 -9999 -9999 -9999 25.8658588404 26.075910045 26.1486986194 25.4055715568 25.8585760603 23.441050931 22.7228435041 22.4095757981 24.4600725827 -9999 26.1271727811 -9999 -9999 -9999 -9999 25.1071085953 26.6983192934 -9999 -9999 -9999 -9999 -9999 -9999 -9999 -9999 -9999 -9999 -9999 -9999 -9999 -9999 -9999 -9999 -9999 -9999 -9999 -9999 -9999 -9999 -9999 -9999 -9999 -9999 -9999 -9999 -9999 -9999 -9999
-9999 -9999 -9999 -9999 -9999 -9999 -9999 -9999 28.9006703898 27.269708203 24.4677463296 24.7255691018 23.2110310091 22.6315010528 21.9588009792 21.7817850314 20.7166266245 20.7393866052 21.5358733329 22.3523062706 21.6919854667 22.3199387047 -9999 22.8613057547 26.0984213702 26.699911236 -9999 -9999 -9999 -9999 -9999 -9999 -9999 -9999 -9999 -9999 -9999 -9999 -9999 -9999 -9999 -9999 -9999 -9999 -9999 -9999 -9999 -9999 -9999 -9999 -9999 -9999 -9999 -9999 -9999 -9999 -9999
-9999 -9999 -9999 -9999 -9999 -9999 29.2124713896 26.8115064046 25.9069814197 26.2837618317 25.8165480112 26.2640760684 24.1298802304 23.7697231022 21.9464344952 22.5744520433 20.6904625418 20.1420222931 21.9857423791 21.9717993122 21.3192950379 21.8148022012 22.7814161398 22.9966472117 25.3492648725 25.1989824321 27.2400275551 -9999 -9999 -9999 -9999 -9999 -9999 -9999 -9999 -9999 -9999 -9999 -9999 -9999 -9999 -9999 -9999 -9999 -9999 -9999 -9999 -9999 -9999 -9999 -9999 -9999 -9999 -9999 -9999 -9999 -9999
-9999 -9999 -9999 -9999 -9999 -9999 29.0991857409 27.7107431465 24.2953423615 23.8693578024 22.9597855198 24.2972469716 22.2163264198 20.8216543449 19.8952361233 19.8027733826 19.7064441188 18.1122039016 19.9840662807 19.3618930222 19.9023672138 21.2730216319 21.3245857239 21.0042042643 22.8597308299 22.18160744 26.4302110333 26.3212640744 27.1580650163 26.8315117411 27.6611514093 27.8488681238 -9999 -9999 -9999 -9999 -9999 -9999 -9999 -9999 -9999 -9999 -9999 -9999 -9999 -9999 -9999 -9999 -9999 -9999 -9999 -9999 -9999 -9999 -9999 -9999 -9999
-9999 -9999 -9999 -9999 -9999 30.9048744893 29.281494924 28.9042649535 26.5785520395 26.7572605925 25.520619135 24.4541855869 21.1382989454 21.4486519496 21.0348879676 21.5891517084 18.6861529547 10.9882468253 17.8731990169 19.516041185 20.0042722812 19.7088873573 20.7463695221 21.013224167 22.9516670069 23.4128262678 26.3117152065 25.5458699487 26.520391271 26.4445996546 26.0044163752 26.6243713519 25.6180937889 25.4103745004 -9999 -9999 -9999 -9999 -9999 -9999 -9999 -9999 -9999 -9999 -9999 -9999 -9999 -9999 -9999 -9999 -9999 -9999 -9999 -9999 -9999 -9999 -9999
-9999 -9999 -9999 -9999 -9999 31.3912980587 29.578368391 29.7412370429 27.2119806648 26.6595854623 25.8162381601 26.2718250288 19.3035125477 16.5603549162 23.7101833901 23.515525329 19.3016131363 9.39201534287 16.3290495862 18.4549852582 19.2624864145 19.4713231529 21.1988182404 20.9413759079 20.8487133583 19.4970173592 22.4122610302 21.4359714373 22.8413702736 22.6089935905 22.0585087802 22.8828080209 24.464864357 24.2420344875 23.9490317268 24.2987773412 -9999 -9999 -9999 -9999 23.9248708494 23.4833418004 -9999 -9999 -9999 -9999 -9999 -9999 -9999 -9999 -9999 -9999 -9999 -9999 -9999 -9999 -9999
-9999 -9999 -9999 -9999 -9999 30.8526626531 29.5690913465 29.0890890976 27.4579796674 28.1166133917 27.0921374963 26.7371245738 23.7480401032 24.5761811623 24.5531790243 22.5887094535 20.2537565063 22.3546053132 21.7498836088 22.1754816307 20.510528344 19.1439596714 19.6380948239 19.3078137138 20.6731415111 19.8008218177 21.9059821798 20.8500989126 23.2756869042 21.9872892979 17.4155313581 20.8799837212 24.2236154314 23.6331659258 23.2112342698 24.4100085631 24.1817773767 -9999 -9999 24.6687677196 24.3365249752 24.1842441827 24.1267832362 -9999 -9999 -9999 -9999 -9999 -9999 -9999 -9999 -9999 -9999 -9999 -9999 -9999 -9999
-9999 -9999 -9999 -9999 -9999 -9999 31.5517180912 31.3115094406 29.7806015388 29.786728629 27.2954624021 27.7772852503 27.3931238591 28.3227831625 22.7119158298 22.1721937261 21.5539270092 21.405845064 20.1503188178 20.5746751595 20.1925836233 20.3941601923 19.8205775063 20.7061672412 20.1241832699 19.2515453412 17.3874794896 18.3418695429 18.7262064375 19.4048742286 18.6289563131 19.7401470873 19.4421952488 19.4191202277 20.3419498389 21.2495178916 22.6468202041 21.3278809376 23.4106506274 23.1266071613 22.7443850134 24.02268809 21.5040754128 19.4796569059 -9999 -9999 -9999 -9999 22.9749276319 21.7544292165 7.88219781615 -9999 -9999 -9999 -9999 -9999 -9999
-9999 -9999 -9999 -9999 -9999 -9999 -9999 31.3803080238 29.3477180295 29.9162126591 28.637443574 28.2329445489 25.3585711786 23.8871726077 22.4557699684 24.1189317373 23.1534833774 23.3899253961 22.5945304476 21.3034146851 19.58194524 19.5159999181 19.404712266 19.6876362914 19.5140587818 18.5669522204 17.498247803 18.3612562609 19.5160265459 18.8089775597 18.8409991023 18.6591317228 19.6169074479 19.4205911101 21.4382276877 21.4932792828 22.3748929879 22.4778217253 23.3559575695 23.2385927737 21.6100341619 21.1655796767 16.8384311742 15.873249349 14.154556678 15.7344604084 16.7728407871 14.7275114764 14.2409061212 17.0377259766 18.5822230771 17.5011734575 -9999 -9999 -9999 -9999 -9999
-9999 -9999 -9999 -9999 -9999 -9999 -9999 -9999 29.2590024373 29.0207772194 29.3266057642 29.8006240352 27.3877178158 28.2768237192 27.3778162798 26.5903755781 22.9755910204 23.2393684009 21.096106996 21.6180109658 23.1533817925 22.8697521639 19.0892631044 18.6090878983 17.983366117 17.6800021371 14.1820671365 17.3784045907 15.6524397072 14.386986668 14.6591525142 15.1195076893 15.7732680447 15.3020462702 17.2815122647 18.1840651114 19.4661106534 19.8471450948 19.8019551776 19.7321840389 18.156464288 15.1232093965 12.2941027837 11.3820333958 10.7921155218 9.97974600674 11.3578457177 10.2602525951 9.55882539393 11.9281350314 13.4351304501 14.2894919304 12.1693373735 -9999 -9999 -9999 -9999
-9999 -9999 -9999 -9999 -9999 -9999 -9999 -9999 30.518313132 29.8430360887 28.7704312098 28.9338041413 27.2033546192 27.1973041733 25.2059920399 24.7952956399 22.163838719 22.8328612327 21.6871867189 22.1235514272 22.6106240727 22.7742897323 22.3936037248 23.9126745776 20.4262627987 17.0228271614 18.3810003942 16.3246815558 15.8741886284 14.0600562311 14.2048771959 14.8469043032 14.8212302272 15.1125092266 17.9495652773 10.8912513769 20.1448011553 19.5715964562 19.7215570818 19.5872528642 18.9948228805 14.6191889424 11.5733268602 11.5307747416 10.0173462519 9.91835823923 11.2349458928 10.4842176875 10.1397309818 14.5134548727 13.7749023331 13.8292030365 12.6882215171 14.3297621732 12.4024891521 12.9678048194 -9999
-9999 -9999 -9999 -9999 -9999 -9999 -9999 -9999 -9999 30.671941462 29.7255494846 28.8752303965 27.7018305072 27.3317312234 25.0225263166 25.050101096 25.2424684919 25.2838019778 25.465956047 25.6899332752 25.3828670021 23.7351868769 23.3215589816 31.8790123379 24.7068887557 23.1734314154 17.8787127217 15.2872644612 9.17989664988 14.7348565325 13.3761812713 13.4531600437 13.0061042028 11.8464023784 14.251888245 15.6792878193 17.4947005815 16.9339265024 16.286815488 16.3949358737 15.6834709473 14.6505181506 8.54816093249 10.8748482914 8.30668718934 7.43428223103 6.56156588475 6.6209397316 9.30024744101 9.95795010466 10.0330508151 9.75505693657 10.34065253 11.8909689027 12.1733502489 7.43187595514 5.78558150354
-9999 -9999 -9999 -9999 -9999 -9999 -9999 -9999 -9999 -9999 28.6532145568 28.9952866963 27.5745287696 27.3053440754 24.3859595159 23.7076974609 25.6316019508 27.140242108 26.421259677 25.1425562145 23.8399595344 23.67094402 20.4639738134 21.7491869428 20.6437521279 23.7473120587 20.4156900479 17.7225347307 13.276201503 10.505106832 14.493999153 14.5367615911 15.3384778236 12.7862075937 16.3095660526 15.9656785915 17.2420526131 16.9393231042 16.3746716693 16.4394142393 16.187837488 15.1026998467 11.2267327077 9.13007904349 10.8497991363 11.6330621927 8.86074211351 7.16181720604 10.4362608025 10.4654369463 11.1593900883 10.8109151168 9.67855701454 11.0085623863 11.0001783483 7.12329337661 5.71549062608
-9999 -9999 -9999 -9999 -9999 -9999 -9999 -9999 -9999 -9999 -9999 17.2189244764 20.1206240083 26.246909117 24.1403539176 23.8825299685 26.4106866191 26.380193416 23.3567008566 23.7567798432 23.3165786867 23.1044307997 20.3611206368 18.7835178081 14.3498729696 14.0981479814 17.3154445993 20.5380284893 19.9652662226 19.0415143185 12.3223704031 11.0067469415 11.5386592991 11.7634845783 13.3588490841 12.2251730673 14.4363381713 14.3633470782 14.7787210327 14.7799981048 13.5693025231 12.3714398408 12.3454008904 9.1522278443 7.31573829782 6.62685395286 7.55418616686 8.27692460718 7.60065140833 9.31288636259 8.70138617124 9.73757021097 9.9535682698 9.74353992347 8.71966749753 8.56113084562 5.46798968115
-9999 -9999 -9999 -9999 -9999 -9999 -9999 -9999 -9999 -9999 -9999 16.0997307065 21.4873730617 25.2429838542 24.3835897378 25.015762119 24.6256092496 23.874828026 23.1947623 23.2524685404 22.6487715681 23.6138426788 19.9241087781 19.9900908197 17.9972263501 18.7717700292 14.1903468794 16.2615556675 14.3225753982 18.9266243537 17.1079282306 14.8215500749 8.79186836421 9.80085600277 8.1035824424 11.8690555396 14.3859082971 14.569783715 14.5023785308 14.421297764 14.1809008123 13.6879821303 11.5162121061 11.8399975145 9.71652735601 8.37567334769 10.4021521566 12.0913624492 10.9937320325 7.9491729289 9.17810529194 9.01603296414 6.57690930295 9.96939864263 10.1362919558 9.3469675028 8.89240401348
-9999 -9999 -9999 -9999 -9999 -9999 -9999 -9999 -9999 -9999 -9999 30.5285666004 27.0536240884 26.6272676864 23.2535395093 23.7248996612 22.8521473132 21.1226390507 20.1976063154 20.6459115569 21.0478799104 21.228328846 18.1919077168 17.3052849793 15.2521938723 16.219135415 15.0832871607 14.8683886124 13.6627222093 10.9156930194 9.95987990559 15.2430221705 17.5563289287 18.2877058604 12.8285623855 7.50178043134 9.56903789133 7.16218194623 10.9748664072 11.8734505409 11.8612612472 12.1291905213 12.5289555149 13.6377781609 14.8790953891 15.4607317708 9.95609427895 9.04133530445 8.79217576176 8.53783580067 7.97172590327 8.97419343375 9.70485409897 11.1072460248 10.6645575421 10.8992946996 8.29649595329
-9999 -9999 -9999 -9999 -9999 -9999 -9999 -9999 -9999 -9999 -9999 -9999 26.3470219209 26.538763537 24.5132374791 23.0764281513 22.0241703229 22.3168780094 20.7149332927 21.3447933879 21.4239131282 20.8647431919 19.4585678521 18.9352565513 16.7829850041 17.0139887556 15.2735747437 15.6154244369 14.4972000419 14.0465371889 13.8148247081 14.2454323137 11.2319034746 9.09750117893 14.1151531568 13.1501024405 11.520675272 8.30716524538 7.53101004692 12.879948678 13.7590001149 11.8365829581 14.4503545638 15.8661282323 16.4696301262 16.3770436863 10.9666854415 9.15074868639 7.12393248866 7.85602899178 7.232313177 6.3253536009 5.61189224699 5.68534218926 5.20020086349 8.76839254513 6.70035012561
-9999 -9999 -9999 -9999 -9999 -9999 -9999 -9999 -9999 -9999 -9999 29.0716965213 28.6532496302 28.1436726895 25.9304820361 17.1888587428 20.9605186409 21.9411681544 19.3981383107 20.5475082149 18.9434655839 18.798174489 17.0330647116 17.2820715734 16.0357372088 15.8690677258 13.7482269578 13.46688499 12.9533825573 12.6464388912 11.7949484913 12.1083023932 11.441012473 11.3468130676 11.7773969577 9.78776086405 9.73665479784 6.05063213385 5.54527419186 8.94596709519 11.3293811786 9.93979296596 17.2609730161 17.8886296618 19.5200805658 19.3697226419 17.270775411 12.8153169119 8.91656014639 9.08291735466 6.70159078515 4.47581484114 3.95975704359 3.99712143412 3.72277432135 4.19432106912 6.19590148829
-9999 -9999 -9999 -9999 -9999 -9999 -9999 -9999 -9999 -9999 -9999 29.6646557726 30.1273629396 29.1133166538 25.4472926118 20.8752277144 22.1809766377 22.4803386593 20.8053711905 20.9020953864 18.4737363767 18.0709591818 17.5818985421 17.8342575507 16.5526194955 16.2757041133 12.8960430449 13.6629893744 13.8061122631 15.9376201777 14.4982697174 12.2853444068 11.2948660201 11.3530018136 11.5601253464 5.92289203107 7.08399611912 9.49643047738 6.02583020119 6.48811564242 10.0591275106 9.75287032902 14.0569147936 15.2590675904 15.7553524634 15.0141029458 15.0624855133 15.1039238077 11.431007104 10.4276544869 6.38092728097 6.81128084936 5.85123165344 5.55051235596 5.21575290747 4.76867645248 3.61714052775
-9999 -9999 -9999 -9999 -9999 -9999 -9999 -9999 -9999 -9999 -9999 31.0432745679 31.5704759634 30.0635694103 27.987679476 27.7103405968 23.5447549373 24.8816919735 22.2063732723 23.1619302595 18.0693930614 9.92747001351 19.3602062249 17.175162463 12.502761582 12.4888314732 12.851256461 12.9608460205 11.1439184994 11.2066403693 10.6513012673 14.3551314675 13.7637941777 13.1253499551 10.6810248892 4.48303199973 4.31551697555 3.07785093866 5.1963743008 3.9209820061 11.0437464666 12.321690744 10.8945068686 9.98284816259 10.857596262 10.868263344 12.1620655697 12.2897467382 11.064810903 10.8008858569 6.03691899534 4.33467508544 3.41358235243 3.31121355942 3.18575769356 3.56434337098 4.45960536103
-9999 -9999 -9999 -9999 -9999 -9999 -9999 -9999 -9999 -9999 -9999 -9999 32.2288713698 31.1023542214 28.2983922421 27.5814044302 25.754044325 25.4995217255 22.0072146351 22.4728801277 21.3618970916 22.7046823299 14.9209948867 12.6393122872 11.7101533526 11.5371986382 9.3516877278 9.83133682701 8.6654046174 7.71079968838 6.21736394181 8.48593065711 10.2936100185 10.8243844425 10.0750374892 6.6805606878 5.17868014635 3.6632116228 6.54296835872 6.25689748409 11.165558228 11.3065794433 11.9416866489 9.7646875781 10.8124673746 10.913179709 11.2026609298 11.6583790165 10.1862283782 11.4118329701 9.66197285653 8.40911363519 7.46224510269 5.58306712669 3.95443570793 4.03473685305 3.83625661413
-9999 -9999 -9999 -9999 -9999 -9999 -9999 -9999 -9999 -9999 -9999 -9999 34.395391945 32.4012081687 30.6748538701 31.803882296 27.5067657057 27.7605764044 24.9267028769 23.9837644733 22.3689223886 22.2647795187 18.1505513384 17.578109127 13.8827027523 15.1196992535 14.8715942911 13.8532540228 10.9452225656 13.2475084133 9.97126563728 10.5533507088 13.9256385961 14.90677788 7.6361456842 7.10366788914 4.96837319505 7.2694103271 9.77826474371 7.66030766493 10.4510889044 10.5717544357 9.77178226206 9.64702504124 9.37255174887 8.60429969789 8.18536331319 8.33825835389 7.58978814464 9.08415454837 8.28498258573 7.63980776539 5.68712145216 2.72596260147 2.30643805861 3.02176465071 2.04018842778
-9999 -9999 -9999 -9999 -9999 -9999 -9999 -9999 -9999 -9999 -9999 -9999 33.5072691789 32.8192833986 30.7901223577 31.9363207162 27.2466462953 26.7649643743 24.6130626018 25.9014311805 22.6734171339 22.2763025047 20.3670848795 16.7255304724 17.4380118507 18.1881296187 14.3446899367 14.3119232746 11.338314197 10.1072124116 8.17169956254 7.63300132291 8.45674671194 9.06985079452 6.18561231082 13.4038945429 12.0127652641 7.69101914253 6.18320421608 5.59802541816 5.11825606544 4.34328936472 7.18363748379 9.87304964198 9.67471447211 9.82866114277 9.92372135014 9.88375170901 9.42896118525 9.94133545273 8.72951704246 5.12178832317 3.02143064077 2.40309808442 2.43252657277 2.61508437766 2.60805178146
