data/recharge/transience/recharge310.asc
ncols                  80
nrows                 72
xllcorner      4374000.0
yllcorner      5656000.0
cellsize            500
NODATA_value       -9999
[rows 0 to 24 of 72, columns 0 to 56 of 80]
-9999 -9999 -9999 -9999 -9999 -9999 -9999 -9999 -9999 -9999 -9999 -9999 19.9213222738 20.7378036149 -9999 -9999 -9999 -9999 -9999 -9999 -9999 -9999 -9999 -9999 -9999 -9999 -9999 -9999 -9999 -9999 -9999 -9999 -9999 -9999 -9999 -9999 -9999 -9999 -9999 -9999 -9999 -9999 -9999 -9999 -9999 -9999 -9999 -9999 -9999 -9999 -9999 -9999 -9999 -9999 -9999 -9999 -9999
-9999 -9999 -9999 -9999 -9999 -9999 -9999 -9999 -9999 -9999 -9999 -9999 19.2889246708 17.9988462784 16.8290913383 -9999 16.7545519153 -9999 -9999 -9999 -9999 -9999 -9999 -9999 -9999 -9999 -9999 -9999 -9999 -9999 -9999 -9999 -9999 -9999 -9999 -9999 -9999 -9999 -9999 -9999 -9999 -9999 -9999 -9999 -9999 -9999 -9999 -9999 -9999 -9999 -9999 -9999 -9999 -9999 -9999 -9999 -9999
-9999 -9999 -9999 -9999 -9999 -9999 -9999 -9999 -9999 -9999 17.5252661177 16.188091776 17.658240215 17.9975257771 13.8632105846 12.7809448991 11.1124292817 11.1906669656 -9999 -9999 -9999 -9999 -9999 -9999 -9999 -9999 -9999 -9999 -9999 -9999 -9999 -9999 -9999 -9999 -9999 -9999 -9999 -9999 -9999 -9999 -9999 -9999 -9999 -9999 -9999 -9999 -9999 -9999 -9999 -9999 -9999 -9999 -9999 -9999 -9999 -9999 -9999
-9999 -9999 -9999 -9999 -9999 -9999 -9999 -9999 -9999 16.3372214453 16.5614938642 17.3399164607 15.8617521318 16.4743839656 15.5137371865 13.8058568807 12.101387167 15.1763459074 -9999 16.1721900404 -9999 -9999 -9999 -9999 12.2598790545 13.6830932765 -9999 -9999 -9999 -9999 -9999 -9999 -9999 -9999 -9999 -9999 -9999 -9999 -9999 -9999 -9999 -9999 -9999 -9999 -9999 -9999 -9999 -9999 -9999 -9999 -9999 -9999 -9999 -9999 -9999 -9999 -9999
-9999 -9999 -9999 -9999 -9999 -9999 -9999 -9999 20.1449479244 18.5095022333 15.8108068256 15.7070146009 15.3999415281 14.4929214603 13.7997279 13.2511086458 10.8375514423 10.9436542026 10.5530523684 12.9032292344 12.3329167081 12.9286768843 -9999 11.246875539 14.0239783822 14.2854481036 -9999 -9999 -9999 -9999 -9999 -9999 -9999 -9999 -9999 -9999 -9999 -9999 -9999 -9999 -9999 -9999 -9999 -9999 -9999 -9999 -9999 -9999 -9999 -9999 -9999 -9999 -9999 -9999 -9999 -9999 -9999
-9999 -9999 -9999 -9999 -9999 -9999 19.7325106671 17.0065542862 16.6844411436 17.2633485736 17.3878162378 17.9015398776 16.7048738835 16.0126342545 13.6098728413 14.4840864591 11.2274219898 10.7152347997 12.4155306461 12.7792269345 12.0365935653 12.6288748919 11.2926417306 11.378760924 13.1165235974 12.675569857 13.5790018806 -9999 -9999 -9999 -9999 -9999 -9999 -9999 -9999 -9999 -9999 -9999 -9999 -9999 -9999 -9999 -9999 -9999 -9999 -9999 -9999 -9999 -9999 -9999 -9999 -9999 -9999 -9999 -9999 -9999 -9999
-9999 -9999 -9999 -9999 -9999 -9999 20.7885806209 18.8935700684 15.8127500497 15.3522275538 14.1776112165 15.7329063116 14.3398407176 12.6714372076 11.2706431327 11.1441491672 10.170542051 11.4690579993 10.5622688343 9.96168306781 10.3530618175 11.7478062281 11.4954547649 10.5577017705 10.8784911474 10.2684612065 13.623254806 14.0890979327 14.9603351631 14.2891692399 16.0854442029 15.9333475404 -9999 -9999 -9999 -9999 -9999 -9999 -9999 -9999 -9999 -9999 -9999 -9999 -9999 -9999 -9999 -9999 -9999 -9999 -9999 -9999 -9999 -9999 -9999 -9999 -9999
-9999 -9999 -9999 -9999 -9999 22.2570976685 21.1808796377 21.1722001552 18.659763023 19.1987062216 17.8255984076 16.5846434245 12.8308331909 13.7344355412 12.364704444 13.1559382376 12.1586268439 7.54428580426 11.0421645068 10.0061636909 10.4019686261 10.0547836693 10.9583400639 11.2773347025 11.0697881357 11.4296300248 13.0978861644 12.9578292008 14.4768838624 14.2066754514 13.4476521608 14.0210135477 12.5873231995 12.1942390914 -9999 -9999 -9999 -9999 -9999 -9999 -9999 -9999 -9999 -9999 -9999 -9999 -9999 -9999 -9999 -9999 -9999 -9999 -9999 -9999 -9999 -9999 -9999
-9999 -9999 -9999 -9999 -9999 22.5995642687 21.9278207581 21.9893345877 20.5162308635 19.694212987 18.4731053952 19.22166595 15.3227636378 13.0677716454 16.1052228918 16.0951343418 12.5839349807 6.9551579721 11.0893368061 11.3295271454 9.44892999535 10.0573972203 11.622244233 11.2234208169 10.922599465 9.39213381725 10.4970292746 9.65443979715 11.2422495082 11.8888731283 11.5800866622 11.3738840473 11.9193938816 11.4685952872 10.9591606044 11.2586930706 -9999 -9999 -9999 -9999 11.2623942727 11.1793191238 -9999 -9999 -9999 -9999 -9999 -9999 -9999 -9999 -9999 -9999 -9999 -9999 -9999 -9999 -9999
-9999 -9999 -9999 -9999 -9999 22.1840136348 21.6239162024 21.0990413313 20.947286396 21.4742424057 20.0347404823 19.5078152729 16.8489780797 18.7904170783 17.1557630412 14.2426048712 11.6244315858 13.5350420547 12.0712521576 13.2698304518 10.7770323468 9.86655500475 9.84543719066 9.46354074477 10.7545485313 9.51099106961 9.98384677144 9.0180897375 11.4129440459 12.1672764153 11.2101274546 12.5624285938 11.7863605137 10.8165105175 10.246487992 11.6577777009 11.3882618984 -9999 -9999 11.8245084839 12.2399673722 11.8776394608 11.9442883178 -9999 -9999 -9999 -9999 -9999 -9999 -9999 -9999 -9999 -9999 -9999 -9999 -9999 -9999
-9999 -9999 -9999 -9999 -9999 -9999 22.9439174126 22.736549748 22.1332538416 21.9278729089 20.0036028057 20.8356279042 20.158031296 19.0192531419 14.2200990046 13.2405591066 12.5140085397 12.1708599928 10.5424837447 11.0754489095 10.838182898 11.2556344292 10.5954585017 11.3263428244 10.3686709779 9.39498712517 7.4595320504 7.95497164201 8.49236681038 9.32333538096 9.67050758901 9.8130616736 8.77185550084 8.50589341385 8.79875461961 10.2943713391 9.92066511771 8.66694538146 10.967710263 10.699284931 10.3861918708 11.8907842347 9.23553403488 7.87664773264 -9999 -9999 -9999 -9999 10.9263252799 9.92084402111 5.31076653994 -9999 -9999 -9999 -9999 -9999 -9999
-9999 -9999 -9999 -9999 -9999 -9999 -9999 22.3369056707 21.6602376242 22.3073564226 21.6971947444 20.9465039974 17.0724989846 15.6495798011 14.3113494442 16.5123972957 14.8854922291 15.2615647963 14.1349639142 12.3585337106 10.2567721663 10.3155480061 10.0926055944 10.1909835744 9.6227967514 8.7487550152 7.44888998181 8.48665419337 9.36124045909 8.68631245497 8.77253991011 8.67426952892 8.92984416384 8.76826406742 10.5187908456 10.4498960058 9.50508996539 9.5903064981 10.7772418494 10.7539752368 9.17708962195 8.77001667738 7.93032822232 8.0629571515 7.28862180879 8.08890219145 8.61364218751 7.59759877544 7.37585164261 7.81359309724 8.18521956012 8.80069150508 -9999 -9999 -9999 -9999 -9999
-9999 -9999 -9999 -9999 -9999 -9999 -9999 -9999 21.2365484945 20.9531421194 21.2022022785 21.864021248 19.3636851601 20.2217047935 18.850743727 18.1002154383 13.9933668934 14.0556963051 11.4295042824 12.4891354921 14.6717939823 14.1908122632 11.5610243123 10.8873435339 10.2537626256 10.4242790199 7.61472304327 8.27653467413 6.90540967516 6.0662811773 6.32649851352 6.64042481983 6.85856896706 6.46311564948 7.60358598038 8.25922897119 9.0844674059 9.48054336784 9.02325289486 8.77973866838 7.54301754798 7.17338682749 6.62717339098 6.11926982988 5.83050827787 5.34734726289 6.11016124349 5.45743488306 5.03851555751 5.45909384301 5.53068565158 6.04051800247 5.12914809212 -9999 -9999 -9999 -9999
-9999 -9999 -9999 -9999 -9999 -9999 -9999 -9999 22.5330335153 21.8539409589 20.5260350798 20.6032466827 18.9671351428 18.8764696811 16.1225657899 15.8286437764 12.9751874818 13.6818043413 12.5029821727 13.2603392801 13.406743356 13.9294839373 13.4865849454 13.8288364621 11.4420761376 9.58675497761 10.8671808077 9.20896155706 7.14257613935 5.81230137639 5.96425373375 6.42017399846 6.15353644409 6.35645926649 8.22487615215 6.76740297244 9.79819191528 9.18593232183 9.00244464816 8.85468664166 8.52497852001 6.81268429139 6.22262247018 6.20355146537 5.36706627249 5.30776861372 6.03957693944 5.59411544854 5.27474796531 5.97718775603 5.74168997205 5.77412249817 5.45454647515 6.63334509545 5.58867829955 5.9659188262 -9999
-9999 -9999 -9999 -9999 -9999 -9999 -9999 -9999 -9999 22.7659403005 21.7446296449 20.0517042262 19.1953627526 18.6205770543 16.4790094765 16.6256881998 17.0536422841 17.7445856657 17.6264775341 17.7898873957 16.233450503 14.1034627984 13.3623908324 18.3979196491 14.127380674 12.881217551 9.46958061477 8.90441517054 4.98565680839 6.71194609862 5.8226328765 5.85338603728 5.52255218428 4.82201940628 6.30086892531 8.54798242635 8.04991967753 7.62116033205 7.20137760024 7.27875047913 6.90352172089 6.11054659398 4.43265721727 5.97200953534 4.4837647653 3.92442275889 3.36745088512 3.35160812216 3.70310764004 3.75056709406 3.85426314514 3.69365218571 4.10710568527 5.1740376884 5.45138232059 3.76723295485 2.87853771731
-9999 -9999 -9999 -9999 -9999 -9999 -9999 -9999 -9999 -9999 20.1931399288 20.1379469985 18.7656468804 18.1702687864 15.5177735775 14.5178626459 15.3215713726 17.9684757444 15.9503454767 13.8391910061 12.5894492619 12.1516601358 10.1594493925 12.3924409673 11.4610448612 13.1397834908 11.0858412993 9.43698757765 7.39801097215 6.64736934312 6.58824717955 6.62295816941 7.13536742258 5.47896437476 7.56888038257 7.31351928299 7.85793141088 7.62725171607 7.25932899799 7.30263951612 7.24327456692 6.52431051463 4.9470571967 5.09389420609 6.23283377287 6.45139507341 4.92567836462 3.66496370079 4.09603142337 4.08970308259 4.50678592955 4.30827515887 3.77935824527 4.54741544855 4.70390465516 3.68825782284 2.82980288607
-9999 -9999 -9999 -9999 -9999 -9999 -9999 -9999 -9999 -9999 -9999 12.5785505473 14.7188536267 16.7618515277 15.0288339906 14.4594453901 14.8880836399 14.709579463 11.3950738195 12.4383214946 13.3426089689 12.5540533485 9.39739207847 8.15730049017 7.47232221107 7.47727912186 8.89677582645 11.8601204466 11.5646612487 6.86582871338 5.99673165359 5.12642398067 5.06316800071 5.20114176638 5.7521086095 4.98902175733 6.3968580126 6.34920343978 6.44625251905 6.44291938279 5.79586434323 5.09496554503 5.12474457097 4.20195748574 4.14829712511 3.48841324237 4.09485894352 4.73448701831 3.49405273252 3.59674666547 3.24471971938 3.79993314623 4.14971725018 3.9975072547 3.45112379899 3.43706345686 2.35145485327
-9999 -9999 -9999 -9999 -9999 -9999 -9999 -9999 -9999 -9999 -9999 11.6471419962 16.0611294537 15.5092257828 15.2580982813 14.6770261557 12.9422013639 12.0953326804 13.176457078 13.2930942397 12.6392176682 13.8639694161 9.78998896393 9.09645728178 8.57950506755 9.2268119559 8.08699586571 9.96455926318 8.22088930285 8.59008266556 8.91437771844 7.91343562407 4.61562593413 5.51328834921 4.73444357127 5.3250563784 6.36868098141 6.48410827176 6.27062022312 6.37219395503 6.57162133683 5.92892135349 4.64889304954 4.82555531035 4.45281866884 4.91528898685 6.35026959531 7.38546176827 6.65049671834 4.34438725741 5.04156555112 4.8418011228 3.04709504977 4.42291773882 4.31623363595 3.82598003324 3.55481625053
-9999 -9999 -9999 -9999 -9999 -9999 -9999 -9999 -9999 -9999 -9999 21.5176462005 18.6910951913 17.9062465965 13.8068505693 13.365344957 11.4987140942 9.96731408932 9.97013025604 10.3912448023 10.8838529496 11.1035883752 8.30745089784 7.46513843675 6.73498353715 7.3822624821 6.90044009814 6.74768793209 6.25270912651 5.83615185101 6.29569647366 8.86421745976 9.62437941328 10.8096928763 6.30725361716 3.71917601165 5.27200035057 4.12465177459 4.80660894312 5.74388493845 6.08275387452 5.10248556843 5.38013392308 6.06387761248 6.67980155688 8.04273208763 5.90887428908 5.27680946905 5.0679525271 4.68879354458 4.16330551494 4.79636989238 5.18073129026 5.92269152219 4.72526980582 4.93414716648 3.32926746448
-9999 -9999 -9999 -9999 -9999 -9999 -9999 -9999 -9999 -9999 -9999 -9999 16.5235228982 18.0755219233 15.7758085085 13.5466656965 11.40118916 10.7915509639 9.63171259659 11.3069832007 11.1972990533 10.6292660277 9.7523253593 9.09441818122 7.80613747234 7.98673976022 7.03506044857 7.28826163731 6.70410118069 6.3784425155 6.20177910694 6.51166059678 5.40969956558 5.94366496066 7.48181803817 3.49900392271 6.02891986586 4.42351388962 4.32094589767 5.58689900808 6.08879628033 4.95128659801 6.57920867197 7.47764143671 7.73484460136 7.64821161842 5.67139854026 5.35514588217 3.84678533894 4.40388461223 3.70159592277 3.07711506753 2.53143754969 2.59287805583 2.22199842524 3.35407128212 1.85166156997
-9999 -9999 -9999 -9999 -9999 -9999 -9999 -9999 -9999 -9999 -9999 19.7999761339 18.8982507382 18.9659420192 17.6526460386 12.8943286282 13.8038867547 11.593818139 9.2002515406 10.8600778975 8.94519860146 8.79227931454 7.60220049675 7.80449440195 7.40978412554 7.28607203898 6.1364829939 6.01022684804 5.96237974797 5.74633892804 5.10660723769 5.32243750548 4.80516945581 4.74554441973 4.91785638646 5.6220151218 5.06221227284 2.59723123393 2.3602178765 3.67387063154 4.6353758606 3.89009488119 7.97719755106 8.38412741939 9.97468443872 9.90809963487 7.99402047512 6.97686505866 4.78922993339 4.84500252272 3.24396789948 1.9225547192 1.57055392797 1.59220826462 1.38993757481 1.64064681091 2.63662917221
-9999 -9999 -9999 -9999 -9999 -9999 -9999 -9999 -9999 -9999 -9999 20.3541012942 21.2784515148 20.2504447246 15.9428862046 15.3267419252 13.449060786 12.724500404 10.8490688988 10.9384492684 11.3411285842 9.93464436046 7.96819386421 8.33962712757 7.79749136713 7.80538146329 7.53705570453 7.91558884461 7.07010223053 8.22528556993 7.03916278873 5.44531684334 4.71120337789 4.74990432243 4.77603128845 3.65269828863 3.24648439724 4.70275812561 2.79984531516 3.57332825295 3.87507785402 3.90585768212 6.06912105401 6.56282640901 6.84387054319 6.38402772356 6.52200246058 6.68948147585 5.14536313762 5.00371495399 3.0977282548 3.407092239 2.71048993426 2.51693633616 2.24450944824 1.97872963177 1.24657276937
-9999 -9999 -9999 -9999 -9999 -9999 -9999 -9999 -9999 -9999 -9999 22.0763453779 21.9175769 20.2737755633 19.0201767976 18.7097523439 13.4369700881 14.0613776067 12.3468668937 13.0350871788 10.3421053571 7.22563080818 11.9504908713 10.3354083745 7.74139384993 7.72703909598 7.97055082012 7.21600250738 5.67579885225 5.16483351332 4.93652785189 7.0243425763 6.67303218979 6.20269050271 4.61654518543 2.64874716333 1.74555569212 0.901048665237 2.33433448348 2.1014925598 4.36334536633 5.13860641292 4.2086199908 3.69472808118 3.95824388488 3.94013281631 4.64374129727 4.72269829277 4.22300626627 4.09518989652 2.31368060676 1.77415907415 1.23996566458 1.19848195845 1.12818957206 1.30666605203 1.70467502704
-9999 -9999 -9999 -9999 -9999 -9999 -9999 -9999 -9999 -9999 -9999 -9999 22.1769934876 21.7192968847 19.2345520056 18.2988381711 15.0421452113 14.7655816827 11.6861646953 12.6670655859 11.1230549669 12.6479337491 8.72963811742 7.59749054503 7.16885430942 7.04243065017 5.63447271016 6.03441438514 5.27546034255 4.48884083626 3.46211862397 4.08508444729 4.23161860587 4.58416285298 4.21333911359 3.49404380495 2.33564005162 1.2737375271 3.11793181938 3.60660715271 4.42236978963 4.48248530721 4.61424098859 3.53125363967 3.86992834127 3.93969461918 4.08049148458 4.35909673068 3.73907282451 4.40244620511 3.55549962128 2.84095540654 2.38703859525 2.36676363889 1.56946420122 1.56031531742 1.39243319847
-9999 -9999 -9999 -9999 -9999 -9999 -9999 -9999 -9999 -9999 -9999 -9999 23.0534148822 21.8969200006 19.9225503982 18.7531663208 14.8620077979 15.8624854597 13.1164743323 12.6298326822 11.5931442887 11.3379129903 9.35993330098 10.4426555216 8.23972975873 9.06426833982 9.05943755267 8.43975713534 6.62251457795 8.21971624213 6.20060733666 6.59283104998 7.10016029448 7.16138911989 4.60959973334 3.36212586925 2.02358140604 3.64266700032 4.92945451538 4.24153573541 4.76406715063 4.00539713095 3.56324122721 3.49159980998 3.34925869761 2.94475845323 2.66712309242 2.73304286666 2.43636655766 3.22587071032 2.88210395369 2.64347306379 2.02005710257 1.03478908267 0.766673760424 1.11362426738 0.628787604662
