data/recharge/transience/recharge280.asc
ncols                  80
nrows                 72
xllcorner      4374000.0
yllcorner      5656000.0
cellsize            500
NODATA_value       -9999
[rows 25 to 49 of 72, columns 0 to 56 of 80]
-9999 -9999 -9999 -9999 -9999 -9999 -9999 -9999 -9999 -9999 -9999 -9999 13.7996776407 13.5140511337 12.3734468676 12.9829011299 10.868483252 10.6160616301 10.1082285695 11.2234113463 9.93343434777 9.1605290344 8.39246827673 3.95189973257 6.13446539966 8.92035506782 9.14678057344 8.90303896798 7.79826709385 7.10907907022 6.49078239138 6.13534879915 5.78052446834 5.91242805238 2.39406679645 2.96099997927 3.48943709129 3.49919358055 2.7858808927 4.72973641269 4.40112902305 4.21143922315 4.96043862339 5.24928073498 5.17357469843 5.30328017637 5.478931195 5.44246185256 5.65594674073 6.09216545075 6.35406167674 5.56214315913 3.27037096659 2.67752950416 2.74588184252 2.87571059725 2.87384858915
-9999 -9999 -9999 -9999 -9999 -9999 -9999 -9999 -9999 -9999 -9999 -9999 -9999 12.5331182608 13.0043764525 13.2674742451 12.7834935706 12.8030729943 11.4373345837 10.6283822948 10.1634253876 10.6376488446 10.4184781984 8.05855310508 10.1753265955 9.23433963324 8.49926578182 7.9123411914 7.52021521918 7.97652459857 7.08796734356 6.76163544277 6.01835266454 4.99561728945 2.24051198904 1.11825544272 2.48700097059 2.94867834158 5.14067967293 4.20876331941 3.79064361973 4.31825390865 3.080328779 4.11369266348 4.35621709176 4.67612871557 4.89932548642 4.69220620362 4.17107071317 3.08991950227 2.59091642425 2.68920681759 2.96843458902 2.64151312805 1.99675013645 2.48999172708 2.50177657092
-9999 -9999 -9999 -9999 -9999 -9999 -9999 -9999 -9999 -9999 -9999 -9999 -9999 -9999 12.6245211344 12.6856680964 11.8505608576 12.041600073 11.6975500633 12.1792131559 10.8034786307 11.5748017941 10.2480767983 9.92347157855 9.41299789147 8.92568499401 9.39921171008 10.2774463244 8.07401270838 7.09439367759 7.25967013605 7.41572230849 7.30065270257 7.06175482603 2.7768151035 1.7627688975 2.53007394897 4.51006514345 4.46304157634 2.24699554643 2.16312299483 3.69087684735 4.21455644144 3.44352275708 2.75544457682 3.10267987579 2.72271545034 2.03037852316 2.55396413761 2.93323196582 2.82359659567 2.26454433285 2.21814095504 1.73703829989 2.23380601954 3.67692648492 3.89624519827
-9999 -9999 -9999 -9999 -9999 -9999 -9999 -9999 -9999 -9999 -9999 -9999 -9999 -9999 3.34667047393 7.19545584962 11.856044618 12.4634719564 11.8309999738 12.2174338938 11.9396021637 11.5237419874 10.1636229122 11.7674744368 11.2830921188 11.4617121588 8.57350503801 7.94717339324 8.34324251399 9.01818975614 5.90565324158 3.19931300967 6.9837521945 10.0665539374 3.76153039496 1.61241124289 2.42750978674 3.71047798619 2.20371371389 2.06631036706 3.04903952442 3.62449975735 3.84225736424 4.05753185966 3.51408911417 2.97976035645 1.31791330287 1.18641062546 1.5209877869 2.15422310698 3.25149313618 3.62679528223 3.99762275354 2.99122267744 2.84427215634 2.9278261161 5.11285673332
-9999 -9999 -9999 -9999 -9999 -9999 -9999 -9999 -9999 -9999 -9999 -9999 -9999 -9999 5.2001162561 7.89495457599 12.0881433905 12.9595181911 12.8256164685 12.7565493201 11.8616029895 12.157839519 11.9824001357 10.9782912838 9.81474906719 8.99876927037 9.07645981257 8.76252702394 7.21192166758 7.96379534278 7.55886534167 7.00766165896 6.64316026612 8.60996529731 6.54044634026 1.47310331797 1.86859103916 4.14686602934 1.36579619235 1.68804855702 3.46759730786 3.92065756479 3.48940156958 3.57616910223 2.79728143133 3.03908540719 2.43098786299 3.12773185404 4.89695421757 5.06087467978 3.76711663879 2.16121416794 2.34931502998 1.87686369016 1.86142275864 2.76336632984 3.83939852448
-9999 -9999 -9999 -9999 -9999 -9999 -9999 -9999 -9999 -9999 -9999 -9999 -9999 -9999 15.1359242009 14.0986653551 13.6753832738 14.3304589538 13.2182638798 13.2673239621 12.179111399 11.6550734735 10.585089346 11.2216948335 10.5550730699 10.8526896865 9.44062384059 9.71328874945 8.50178106221 8.04225926712 7.99330929382 8.74633849253 7.92858979997 2.83656052609 1.61677866523 1.63566990084 1.43548068184 3.20648480519 1.20847847315 1.76873900104 1.5473490267 3.06667789435 2.74492837913 2.9745526566 2.56701169057 2.59312858085 3.70508334578 3.22928265818 5.0706370553 5.80325699626 3.95256975325 5.0501297095 3.8546258702 4.88379897649 4.85085640634 4.21962684997 4.75701897526
-9999 -9999 -9999 -9999 -9999 -9999 -9999 -9999 -9999 -9999 -9999 -9999 -9999 -9999 -9999 13.0753853288 12.7100635579 12.7378955697 12.2082615675 10.9946916789 10.76113198 11.1245487069 11.0772524266 11.1104389778 10.497912257 10.1697624808 8.83731926529 9.05637117265 4.72874103979 7.77233652167 6.69765107318 6.60521424485 5.8433654374 3.48166855005 1.76149009747 1.77948872591 1.65212112025 1.61684441138 1.54056650424 1.23063342963 0.907210044772 1.27901663942 1.13712601377 1.62667840813 2.2518278715 1.71761675227 1.02682847868 1.06356374557 1.8569854814 3.00934628089 2.83402519804 2.56963434788 3.82217419277 5.73797908433 5.60153899675 5.53054418073 4.98580511859
-9999 -9999 -9999 -9999 -9999 -9999 -9999 -9999 -9999 -9999 -9999 -9999 -9999 -9999 -9999 -9999 12.6637969519 12.5647987871 12.2523053665 13.6696285031 13.3908271232 13.2123556386 11.2947540988 10.666513392 10.9979953382 10.2742712233 9.42937307842 7.57179431811 4.22217328284 6.91855729976 7.96711074763 5.21086191767 4.34114605565 2.73509479625 1.67580457631 1.86561109105 1.81413204857 1.97113129679 1.93610371882 2.52714865891 4.90246078557 4.41623568787 3.52501136746 1.42846699468 0.921059261955 0.762186717445 0.673483033772 2.78421742302 2.66523624258 2.12200805669 2.92954997561 4.20892969213 3.44877321573 2.92247306289 3.43511878956 3.10940902341 3.02917969015
-9999 -9999 -9999 -9999 -9999 -9999 -9999 -9999 -9999 -9999 -9999 -9999 -9999 -9999 -9999 -9999 14.1641098512 14.0751537574 13.7516773204 13.6016071151 12.0159599035 12.1125976871 11.1763338973 11.3220788112 10.5951913612 11.2602907411 9.93613558926 9.44911280701 4.58593144511 6.18870983259 4.32515136388 3.24382846001 3.73292304743 2.91798353861 2.24992601007 1.77894010886 2.33568159059 2.02924126964 1.9042617643 1.84441045742 3.15597942057 2.18155849444 3.65864376818 3.91825188324 2.07883711693 1.39522029864 1.35909281651 1.73786104466 2.06751945872 2.54849690869 3.47983208444 3.63217762364 4.65159579077 4.90036630727 5.94300084483 4.49972097064 3.05348584396
-9999 -9999 -9999 -9999 -9999 -9999 -9999 -9999 -9999 -9999 -9999 -9999 -9999 -9999 -9999 11.6528871555 11.8583022702 13.0919889575 13.5816601101 13.3494161173 12.4544311717 12.0201468789 11.2281154044 11.0592971377 10.1706921386 10.6664292575 10.0187845835 10.1680080635 6.03233031997 7.69996945827 7.78694997718 7.99371315777 7.93139053582 5.25200766541 3.10261350098 3.1856416124 2.77798622111 3.45816496143 2.830765359 1.46852381482 2.2091023169 2.14653414193 1.54679100553 1.52086377746 1.60439383378 1.23398953287 1.29144586301 1.72181996742 2.48033777585 3.51192189744 2.92573296739 2.35134369737 2.68654667636 2.9679005517 3.33145873483 3.4188541102 4.02725052389
-9999 -9999 -9999 -9999 -9999 -9999 -9999 -9999 -9999 -9999 -9999 -9999 -9999 -9999 12.7648284708 12.4090922536 12.1795359685 12.3067577495 12.7613698518 12.8614623609 12.115845984 12.7881751358 11.4826844753 11.7695435036 10.1944046583 9.83832963954 9.18134335992 9.11804037407 7.92858091232 7.92164322453 6.97152857911 7.13173662586 6.19843903775 6.84826890775 6.54265410259 5.44676846506 2.98126579637 2.01831643385 1.22316826311 1.91294781107 2.09220277604 1.26323933875 1.17659884854 1.27363544766 0.989233105711 0.883980594607 1.12460103975 2.81937972522 3.40964402445 2.82625968218 2.61814502966 2.59513539003 2.86755007161 2.80806720007 2.75802043935 2.91927332077 3.30917180063
-9999 -9999 -9999 -9999 -9999 -9999 -9999 -9999 -9999 -9999 -9999 -9999 -9999 -9999 13.1298365191 13.8773822226 13.3053939159 12.0811532898 10.7709338912 11.0996800166 11.1932759675 12.1249216443 11.409263886 11.7958473018 10.4422259965 9.51451191805 9.05887065702 9.03330428669 8.08824748139 8.26423675708 7.95964986409 8.8282464281 7.53259408746 6.89635705369 5.95678087868 7.28947847419 4.96717931215 6.55791747556 2.99518846687 3.11012785367 4.56510011649 4.05231837321 1.47649452345 1.35271945083 1.24406960276 0.839740026841 1.26698667023 3.85732326139 4.55502295115 5.14415877563 5.24994421007 5.20480639831 4.21823891343 3.7737670721 4.37674645599 4.22228377963 3.52768031968
-9999 -9999 -9999 -9999 -9999 -9999 -9999 -9999 -9999 -9999 -9999 -9999 -9999 -9999 -9999 -9999 13.4743447178 14.4724447167 14.4141864497 14.2452867661 12.926968969 11.7651779222 12.2679019396 12.2916714657 10.8710011997 10.4658234166 7.34557051435 7.64118174194 6.70411870805 7.86972069164 8.37987352122 7.63854861982 6.99542072741 6.16027704458 6.45186535442 6.50101947408 6.18857308963 3.47544284186 5.22146039693 5.82940656591 3.91684390502 3.24233754049 3.71506220581 2.45945388394 0.964799161431 1.09821389327 1.03415370208 2.07127477368 3.25615834355 3.79289097595 3.81180718188 3.91172885653 3.70318202499 3.27300721029 2.4743529189 2.61534755751 3.82727930127
-9999 -9999 -9999 -9999 -9999 -9999 -9999 -9999 -9999 -9999 -9999 -9999 -9999 -9999 -9999 -9999 15.1305621506 14.7038653509 14.5424662113 12.3664680375 12.6833110128 13.0064790406 11.0281750704 11.416794834 11.6194929524 11.3311448502 9.60161816748 9.29941338365 8.47048902143 8.40642125524 9.12777227683 8.74393008737 7.48676725952 6.52103276786 5.05960647475 5.34866996771 5.55072693435 6.29090705461 4.44689024724 3.71309953573 4.48396299155 5.55413503289 2.54867351568 3.44697242767 3.19367607158 0.986510197417 0.638340098399 1.06732602911 2.89241167751 2.30775269945 1.94900281048 1.98143093506 1.6929836985 1.94965790665 1.99157157313 2.00658916823 2.02561512068
-9999 -9999 -9999 -9999 -9999 -9999 -9999 -9999 -9999 -9999 -9999 -9999 -9999 -9999 -9999 -9999 -9999 -9999 14.6606013809 13.2150495902 11.6932012978 12.591042249 13.0406317979 12.3484082916 11.2413267533 11.2525211187 9.09300578832 9.17212257802 8.18672429197 8.01778217342 6.7541176937 6.12958320804 6.01390922487 6.44725252619 4.98700160835 5.9183911201 5.89220934066 4.63405583269 4.34195859917 4.93065074789 3.87639144128 3.49046645247 2.97556939561 2.95477658419 2.9968085135 2.54210196083 0.761097327171 0.7457926082 1.28067785523 1.7702282784 2.17698171968 2.4090130959 1.73065430494 1.78062897965 2.15189238505 2.30051271212 2.18831534816
-9999 -9999 -9999 -9999 -9999 -9999 -9999 -9999 -9999 -9999 -9999 -9999 -9999 -9999 -9999 -9999 -9999 -9999 -9999 11.919084101 11.996681349 12.5482157978 12.264780988 13.5410363343 11.9914373853 11.5939773737 9.73079330413 8.62807759364 6.70435404887 6.49388627408 6.59917868097 6.82042731256 5.8484767226 5.6044728803 4.32787805354 3.57780318512 3.45112687793 4.62829723185 4.37168620814 4.61179992874 3.53095486073 3.25027642412 2.71910542574 3.34624758407 3.46153655881 3.59372151422 2.01300972496 0.67091763502 0.587673129388 1.02128978796 1.53925621957 1.96889017828 1.64067841145 1.62323653504 2.0536435897 1.96322100965 1.66368906435
-9999 -9999 -9999 -9999 -9999 -9999 -9999 -9999 -9999 -9999 -9999 -9999 -9999 -9999 -9999 -9999 -9999 -9999 13.8871998033 14.6543449711 14.8450454011 14.5970660893 12.5928282364 12.2739973033 11.8168356399 11.5451247005 9.89967072485 9.831817061 7.55688310732 7.07806069239 3.33664937122 1.94296322165 4.74155525749 5.56362311796 4.48831000962 5.1973355071 6.18248189158 5.89744443309 5.48406140385 5.19377138513 4.80307385981 3.52644762058 3.14450191873 1.58994004577 1.85347597058 1.67621432081 3.43174081513 2.35767754494 1.15941237675 0.713736114446 0.938103140263 1.86840297672 3.01205625682 3.32204977146 2.74624497987 2.43317084571 2.30385663629
-9999 -9999 -9999 -9999 -9999 -9999 -9999 -9999 -9999 -9999 -9999 -9999 -9999 -9999 -9999 -9999 -9999 -9999 -9999 16.2660762235 15.9532977175 15.4589679376 13.1094160449 12.8305152979 12.5089454565 12.3891193497 10.4392082598 10.4253597164 8.89774950552 10.2536415978 6.40397752921 6.34995301766 7.96629717513 5.49718897504 3.66914387708 2.9053369961 3.18294523405 2.81245508879 2.52434180516 2.52480186221 2.89783933427 3.71257719281 2.55080800794 2.18666401702 2.24740718729 4.55808635618 4.13426075449 3.14109616454 1.55553529891 0.858357942027 0.402654431525 1.27133099678 1.67115043908 2.04517326186 1.78213862668 1.21600247139 1.48045304844
-9999 -9999 -9999 -9999 -9999 -9999 -9999 -9999 -9999 -9999 -9999 -9999 -9999 -9999 -9999 -9999 -9999 -9999 -9999 -9999 14.3031273646 15.1280113599 13.2224615376 13.4840740189 11.4313889895 12.1586738099 10.4599474669 10.6736944035 10.8479164141 9.97121867467 8.31704276373 7.96190238744 6.25467626733 4.07531593378 3.04085792828 3.7943799965 4.64993333739 5.29832148895 5.11797366575 4.85003270209 4.00480517068 4.9949082518 4.67279442908 4.11287508107 5.18304415521 4.58900546975 3.99767707173 4.43838217973 3.86652841168 2.26280722195 1.37896397117 0.962279344751 0.565665365313 0.395073391892 1.33116012537 0.693224013396 0.744586064618
-9999 -9999 -9999 -9999 -9999 -9999 -9999 -9999 -9999 -9999 -9999 -9999 -9999 -9999 -9999 -9999 -9999 -9999 -9999 -9999 -9999 14.9289796293 14.0294518169 14.1933650774 11.4445989812 10.8772994884 10.3539338742 11.1740541392 9.48974923418 8.88470260118 8.41984842937 9.49075737498 6.71446298509 2.93400074043 6.47935600193 6.84988523784 5.78881099711 4.6530481964 4.22352058738 4.40746538533 5.53626246633 5.79693770594 6.08228413864 4.12923568941 3.52650743494 2.71170822525 3.42259125133 3.74137247729 3.80740991788 4.56965444154 6.20434030607 2.75573402807 2.43580497427 0.856650952781 0.377596382599 0.470343924363 0.565343930745
-9999 -9999 -9999 -9999 -9999 -9999 -9999 -9999 -9999 -9999 -9999 -9999 -9999 -9999 -9999 -9999 -9999 -9999 -9999 -9999 -9999 13.4700664932 12.9624724617 12.9820406279 13.1947315208 13.0970324826 11.7893790672 11.5279313103 9.64224235878 9.65359011087 4.18455318954 8.42496915414 8.08793593075 6.36470710654 4.31218480692 5.24789645866 4.73356683853 4.86334870253 4.45337838756 5.40646300997 5.59335738214 5.38655878397 4.31961912434 3.98871716796 4.56759626471 4.35459691708 4.14429194299 4.04551132888 2.9785144891 3.09854204155 2.4168172845 1.48158683353 0.885830608248 0.662290614691 0.587884319794 0.406921017333 0.461987994766
-9999 -9999 -9999 -9999 -9999 -9999 -9999 -9999 -9999 -9999 -9999 -9999 -9999 -9999 -9999 -9999 -9999 -9999 -9999 -9999 -9999 -9999 13.7177761849 14.9615406994 13.8302136116 12.7403058598 11.5093702462 11.9608620926 9.3370907753 9.44199503692 9.39018554836 9.79669880025 7.52559290505 6.85581415421 7.33715162422 5.96291091938 5.97739942913 5.5837157587 5.3366644032 5.33735125959 5.43050759594 3.80735822662 4.11398684503 5.13065206383 2.94388611648 2.57025607054 2.19261595669 2.77015867232 3.68798935356 2.74745091972 1.31287710734 1.48528772445 1.71024647337 0.734937228644 0.398356271672 0.352401453436 0.415307575268
-9999 -9999 -9999 -9999 -9999 -9999 -9999 -9999 -9999 -9999 -9999 -9999 -9999 -9999 -9999 -9999 -9999 -9999 -9999 -9999 -9999 -9999 14.0716753519 13.7895115446 13.5004426426 13.4259697821 12.2707073085 10.9704883447 9.73936050348 9.98066776758 8.84905537667 9.04607448951 8.61941777815 7.46465006389 6.06818286175 7.62721796985 5.75497595162 5.48675425896 6.21279735817 6.07463613796 4.27870452263 5.52693187987 4.18456966037 3.39092112136 3.08670932476 3.35921802503 4.17129057385 4.24036875671 2.69213757447 2.34041403687 1.55174827416 2.00702339316 0.607163586243 1.08930296131 0.738648400206 0.677408637784 0.569750647259
-9999 -9999 -9999 -9999 -9999 -9999 -9999 -9999 -9999 -9999 -9999 -9999 -9999 -9999 -9999 -9999 -9999 -9999 -9999 -9999 -9999 -9999 14.363832617 15.1546309688 14.9411948751 13.5788552231 12.9066655914 12.7161241396 10.7137024181 11.3520566588 9.55476074273 8.70312461824 7.79924844153 7.60337198136 7.75743658626 5.80203093807 5.54915992626 7.00443904089 6.0794431834 5.60992239966 5.54048739006 4.53907535651 3.33734383176 4.11786627875 4.98389069191 4.5158342176 4.12014202254 3.61372010003 3.01008356571 3.01482098474 3.93170969281 3.30986467113 1.03096042986 0.94551189821 1.10108837235 1.18313821213 0.769807920725
-9999 -9999 -9999 -9999 -9999 -9999 -9999 -9999 -9999 -9999 -9999 -9999 -9999 -9999 -9999 -9999 -9999 -9999 -9999 -9999 -9999 -9999 -9999 15.7424683997 15.2943653919 13.8052427916 12.6117646752 12.4106772855 10.5313777921 10.9387743409 9.62526415205 10.2566046659 9.20859730882 9.64491534642 6.95276950447 7.57905060513 7.52820308489 6.68626785269 4.58662536749 4.33197723863 3.28808327882 4.29846002627 5.22615871981 5.33158104692 4.71519906124 4.2462986951 2.43584680235 2.08254091674 2.12213076094 2.30224940408 1.95330563078 2.45673281151 2.73661905337 2.04375566732 0.868407145674 0.78360696543 2.11832332467
