data/recharge/transience/recharge316.asc
ncols                  80
nrows                 72
xllcorner      4374000.0
yllcorner      5656000.0
cellsize            500
NODATA_value       -9999
[rows 25 to 49 of 72, columns 0 to 56 of 80]
-9999 -9999 -9999 -9999 -9999 -9999 -9999 -9999 -9999 -9999 -9999 -9999 21.4522078819 21.1429358241 19.3235222728 19.563407213 16.5682451605 16.4891366408 14.9715427454 16.1966100099 14.1933118303 13.4186874645 11.8444898236 5.92349523909 8.67081392643 12.0992037631 12.7006757647 11.9568090777 10.4642840174 9.76001225263 8.78877516443 8.38922037724 7.4468165354 7.62938729476 8.35574992823 4.76987343453 6.13763127186 9.61933112984 8.32363713703 7.07681741152 6.27887350026 5.80205327793 6.09743104044 6.31227773177 6.17624003398 6.314813043 6.43227791292 6.39515794629 6.365043701 6.82651829018 6.80292703423 6.36731929764 4.47418241046 3.65717950619 3.62249070982 3.83698587745 3.72377579845
-9999 -9999 -9999 -9999 -9999 -9999 -9999 -9999 -9999 -9999 -9999 -9999 -9999 20.1707415839 20.4077739285 20.7803123162 19.1645661485 18.9694220666 16.7451273162 15.9014707235 14.7529526936 15.4386157772 14.4702231667 10.8367944261 13.394849239 12.491985278 11.7168349153 11.2644235657 10.368855012 10.8287528587 9.5352776305 9.136905482 7.42829519696 9.58764273406 7.96526638208 1.46530505434 3.55828837475 8.78402121348 8.14516710318 5.979018872 5.26264686504 6.55769923996 4.65638985593 5.39905903466 5.05250274478 5.18111101904 5.10780898014 4.8972429867 4.30523432639 3.48907932877 3.26365814808 3.4979477164 3.78741326385 3.84572980925 1.822417337 2.94977492481 2.94791615748
-9999 -9999 -9999 -9999 -9999 -9999 -9999 -9999 -9999 -9999 -9999 -9999 -9999 -9999 19.6854866148 19.7525440793 18.0915276358 18.0469159041 16.8954037781 17.4534883435 15.2931709087 16.4463635337 14.3242401916 13.8238128135 12.1342647304 11.6824988758 11.7425358611 13.1082401926 10.7764523232 9.9311562136 9.62926192567 9.30782761395 8.74231541808 10.8429750161 8.90590461515 2.4623970631 3.84666435472 7.32343736654 6.34193434491 3.75435611751 3.38450852231 5.48077715914 6.27269771216 5.22808322535 3.97237507049 4.52295984432 3.71632057981 3.25967877052 3.30961365159 3.88740731504 3.70225077148 2.85641703162 2.6722529981 2.50733814542 1.89547258269 3.49534564807 5.07714713852
-9999 -9999 -9999 -9999 -9999 -9999 -9999 -9999 -9999 -9999 -9999 -9999 -9999 -9999 5.7296893511 11.7078869903 18.8326506605 19.0278482554 17.616226847 18.0543600294 17.0489601156 16.8700160203 14.3089135867 16.2675441131 14.7614339529 14.8876470806 11.188359175 10.8610753268 10.7876382696 11.6026101379 6.59851438402 3.06840611766 8.59949023063 13.2972536296 11.7017832673 1.99415497556 3.73420962289 5.45996996732 3.57858477988 3.12096730554 4.43088471234 5.0525183375 5.02107796829 5.83810874051 4.90397428139 4.07560960022 1.94523928123 1.07100281729 1.35654562723 2.85610610403 4.04308599666 4.60774131432 5.12106008094 3.6641886808 2.62418442799 2.63349910095 9.85763002065
-9999 -9999 -9999 -9999 -9999 -9999 -9999 -9999 -9999 -9999 -9999 -9999 -9999 -9999 8.75299835745 13.1646723767 19.170728101 19.6075123808 18.6731295298 18.6304557466 16.907515525 17.3126127328 16.318326611 15.2434124276 13.1434397205 12.2331727348 12.0508260892 11.8258532848 9.52594838257 10.3659905439 9.41341151716 8.43137069302 8.06109445557 12.2015021201 10.6013616526 1.78502770924 2.185126263 9.45138763238 1.5716110782 2.42638302492 4.67159698908 5.26899588787 4.5049502894 4.64242368207 3.70723908534 4.16745601969 2.98636152123 4.02936239671 6.39881923402 7.08697790478 6.31470851195 4.03527714184 5.59234427096 4.88217382668 4.48278307016 5.53397807559 5.35343236821
-9999 -9999 -9999 -9999 -9999 -9999 -9999 -9999 -9999 -9999 -9999 -9999 -9999 -9999 23.7401259854 22.4853133078 21.6838389068 22.1928324123 20.4416502372 20.5825445099 18.1438139502 17.5420249112 15.5832283001 16.0211159327 14.0407808967 14.4562163767 12.3890537653 13.0499616902 11.0770191546 10.5614950039 9.98192990626 10.7947830372 9.56967927692 3.16136625143 1.96344280237 1.98876905677 1.63529821254 4.08710626046 1.33048980448 1.99291094274 3.73016559249 4.22244171932 3.29122454933 3.58465745985 3.00141234254 3.30567779083 5.35508419714 6.19584050204 9.74700318442 10.4741590058 8.34891278766 9.22629356009 6.87306963938 6.84904211568 6.25155273603 5.35213487397 6.19370675009
-9999 -9999 -9999 -9999 -9999 -9999 -9999 -9999 -9999 -9999 -9999 -9999 -9999 -9999 -9999 21.19141976 20.3792196679 20.2990612107 19.6702055286 17.5955399669 16.2871938626 16.6730986213 16.0606269319 16.0522311805 13.9844869684 14.0066309521 11.869262571 12.2643353971 5.43711347043 10.0804506321 8.58468176072 8.48394472113 7.18301479479 3.69789483073 2.16008078514 2.18513166327 1.90711016312 1.86205400255 1.7033944901 1.43689420431 1.0482246317 1.55078315781 2.33965480927 2.7017548089 2.89821255908 2.81866044322 2.26861768836 2.49272396728 3.98620452486 4.77364861086 3.49439675919 3.11158455562 4.81916361469 7.35783415445 7.1988935885 7.11740176314 6.5093937249
-9999 -9999 -9999 -9999 -9999 -9999 -9999 -9999 -9999 -9999 -9999 -9999 -9999 -9999 -9999 -9999 20.4617554865 20.0087689541 19.340798772 21.2547152904 20.1520236226 19.6090378385 16.3148352415 15.3016681496 14.9020511027 14.2462041659 12.6046862328 10.1557456763 4.55619931863 8.48045244577 10.1663134697 5.7323359016 4.30580555154 2.68148025721 2.02956309691 2.28921376535 2.11937689004 2.33432226848 2.18536085258 2.81586704467 6.71359229602 5.96588051341 6.16188086927 4.22733197304 1.95219834994 1.4452058244 1.10937571823 3.88946175059 3.13039500446 2.37879310579 3.46280364456 5.32543906781 4.19943765417 3.4468738421 4.11696917668 3.65454671891 3.4854698505
-9999 -9999 -9999 -9999 -9999 -9999 -9999 -9999 -9999 -9999 -9999 -9999 -9999 -9999 -9999 -9999 21.6650019951 21.7635603789 21.3192020613 20.6917198145 18.1114497498 18.5139107544 16.3460432659 15.9826571138 14.6738364565 15.3948962542 13.1927776216 12.6463044303 4.9140256055 7.4422756027 4.38317683711 3.16525582944 3.52500350232 2.86196067207 2.53747559751 2.16866772779 2.71975247768 2.41568067987 2.14296794386 2.02504585721 4.8789412151 2.69848714882 5.14576228843 8.91557889082 5.54124041634 3.63897705088 3.53332047721 2.31266669648 2.30262885918 2.96574395207 4.25602845617 4.47882338855 5.93675388386 6.27851685693 7.51845142314 5.65789306928 3.51928902118
-9999 -9999 -9999 -9999 -9999 -9999 -9999 -9999 -9999 -9999 -9999 -9999 -9999 -9999 -9999 19.1299388985 18.9764698181 20.398337011 20.7125117364 20.4133122041 18.9288654189 18.6884945967 16.6344449076 16.1369430005 14.4129222139 14.9604517379 13.5443434403 13.7079761623 7.06201810873 9.907122923 9.89415706343 10.1201680966 9.60655835358 5.67224784107 3.35818136439 6.88116688869 4.8210872591 4.65322017693 3.33765534313 1.5418621673 4.26122926021 5.91151685325 4.76338507669 4.67035109255 4.40105491157 3.10259961123 1.2634584491 1.59756289748 3.09003534342 4.17497559563 3.29386104915 2.52007949486 2.95860329946 3.34040644832 3.81716020229 3.9392768443 4.51061428172
-9999 -9999 -9999 -9999 -9999 -9999 -9999 -9999 -9999 -9999 -9999 -9999 -9999 -9999 20.4588107539 20.0111354187 19.3281016374 19.2912687582 19.5776356113 19.8068095922 18.2275008314 19.0800315103 16.5731477961 16.8896401076 14.4237360292 14.0519464278 12.6531179999 12.6930308816 10.707896049 10.7021675035 9.00256956366 9.18301550856 7.92612023536 8.92465313481 9.40160404618 12.139492408 4.23474300409 2.81019087955 3.95687221893 5.65625370267 4.66571659251 3.85868600317 3.33830442961 3.72071895522 2.21769343892 1.85300651771 2.73563968973 4.04385562824 4.02221330437 3.19660422025 2.87501581044 2.84402179423 3.20312102951 3.12189281194 3.03391758872 3.25040456195 3.39338109205
-9999 -9999 -9999 -9999 -9999 -9999 -9999 -9999 -9999 -9999 -9999 -9999 -9999 -9999 21.3806209218 22.0186535876 20.8042692405 19.199662192 17.3735159197 17.6843627578 17.2192405583 18.2866488305 16.7570661573 17.2251758738 14.7462842614 13.755436489 12.8692965335 12.9588910438 11.1549589476 11.1657309663 10.2144292773 11.3534740416 10.6104799174 10.0055775351 8.53197948665 11.1874866606 11.4983383307 12.8790257872 8.59627929679 8.76370870971 10.0062364139 9.47277778615 4.21158662894 3.75624473462 2.99611170217 1.62367711191 2.84117184778 5.8508533666 5.66779695131 6.49425195638 6.52935273591 6.47579526606 4.927043123 4.29683494773 5.00376752484 4.7863310643 3.69217736936
-9999 -9999 -9999 -9999 -9999 -9999 -9999 -9999 -9999 -9999 -9999 -9999 -9999 -9999 -9999 -9999 21.0254524811 21.5524996461 20.9267040069 20.7388674805 18.934187407 17.842621051 17.8555707408 17.8922090682 15.213659166 15.0327443856 11.5826280559 11.8997433162 10.2106842658 11.2971328742 11.0159919463 10.9080780025 10.1156703847 9.23024233888 9.1156303713 9.16916136548 9.94479774622 9.00766779294 10.5446136593 10.0393826361 6.71337434296 6.43989134175 6.42282385168 5.07112212897 2.02607182088 2.48639791002 2.06710996522 2.95806241196 3.81712294968 4.62561623474 4.53593463055 4.67950245482 4.19720776333 3.60030792349 2.45449350893 2.6288681182 4.15854083541
-9999 -9999 -9999 -9999 -9999 -9999 -9999 -9999 -9999 -9999 -9999 -9999 -9999 -9999 -9999 -9999 22.4612950663 22.0524237865 21.3722408814 19.2288186186 18.8284005195 19.1774967909 16.4267662087 16.883126264 16.4047981911 16.1977213687 13.9779631109 13.7002143827 12.265224739 12.1097778547 12.3283776523 11.9583220819 10.2985854839 9.68508477126 7.5783639322 7.94922478394 7.83350261124 8.686847023 6.26908794986 5.53178722076 6.28572668827 7.6947500603 2.70037157167 4.35658996739 6.09978395631 2.05653938836 0.921618761181 1.63728185182 3.18938493649 2.43017544274 1.90006419026 1.93611042181 1.46720772588 1.72811258053 1.65764738748 1.6722229334 1.70960388691
-9999 -9999 -9999 -9999 -9999 -9999 -9999 -9999 -9999 -9999 -9999 -9999 -9999 -9999 -9999 -9999 -9999 -9999 21.4864361789 20.0497885378 17.9365919073 18.7511488156 18.5492429057 18.118179606 15.9273822728 15.961213413 13.4408108607 13.5232097826 11.912867031 11.7017094134 9.81585046016 9.09232092558 8.54351786249 9.2256840847 7.4821882162 8.63190454108 8.23899050898 6.66997693511 5.9745744284 7.21858015755 5.44371416031 4.90067921724 4.0682296232 4.03908997776 3.56403564517 3.63089257065 1.15800196647 1.15972841955 1.96058665898 1.86602036666 2.15052249099 2.46259367587 1.5054241253 1.5560448232 1.81852563262 1.97112532648 1.87345481242
-9999 -9999 -9999 -9999 -9999 -9999 -9999 -9999 -9999 -9999 -9999 -9999 -9999 -9999 -9999 -9999 -9999 -9999 -9999 18.9031578134 18.4292705731 18.916028116 18.093447223 19.9582540234 17.2819860918 16.7439289388 13.746971685 13.0962628755 10.2584593143 10.0130109588 9.62739308099 9.95782391843 8.24648596723 7.98683161017 6.44216030773 6.03426644682 5.54446748602 7.02634137272 5.97972473508 6.49626618408 4.83482620117 4.44293216386 3.46524806941 4.32297354748 4.1456921144 4.32651528227 2.60253535773 0.95585722263 0.704441508619 1.46630257678 1.47114788161 1.75363593139 1.31375732486 1.29781081251 1.6178590962 1.53222156765 1.20686835654
-9999 -9999 -9999 -9999 -9999 -9999 -9999 -9999 -9999 -9999 -9999 -9999 -9999 -9999 -9999 -9999 -9999 -9999 20.7274788463 21.4741623828 21.1162847286 20.8728893564 18.3840147595 18.3149315443 17.0409435134 16.8589673149 13.9336450897 13.9885831699 11.235690364 10.6960523786 4.93857616404 2.60395903853 7.18358934304 8.6325470464 7.69054054979 8.57534859083 9.19136579073 8.93297128378 8.08848099942 7.71997769549 6.63172454004 4.82937674053 4.03069748721 2.14651046561 2.71185958305 2.26126834043 3.81291637172 4.28715422783 2.01851898799 0.932287665397 1.40804706282 2.65687037011 3.11270996452 3.12597556887 2.30926187273 1.99038106883 1.77795863644
-9999 -9999 -9999 -9999 -9999 -9999 -9999 -9999 -9999 -9999 -9999 -9999 -9999 -9999 -9999 -9999 -9999 -9999 -9999 23.2828998847 22.4382805933 21.9473005363 18.9716053155 19.0735202728 18.2223303567 18.0805722725 14.5034840733 14.5751250631 12.4311773248 13.851165445 7.39152815629 7.33836580004 10.6261767457 9.48482653592 6.05721942004 5.21499595008 5.32484584348 4.69929743552 3.84336008872 3.84528980427 3.84656257647 4.95354466904 3.6940723319 2.49458122149 2.29207636836 5.97001981231 4.78187016321 3.6108873823 2.45539626904 1.19721072315 0.405687112259 1.33547507881 1.47370208937 1.47965648702 2.31773617402 0.928977888614 1.02460262444
-9999 -9999 -9999 -9999 -9999 -9999 -9999 -9999 -9999 -9999 -9999 -9999 -9999 -9999 -9999 -9999 -9999 -9999 -9999 -9999 20.8686054767 21.6538567044 19.0709482498 19.4292781103 16.7202090635 17.7570157489 14.4757567116 14.9486366719 14.4311645694 13.374153136 10.9904022443 10.596838367 8.97487959355 5.76666502804 3.66598171742 5.29201037488 7.28713107092 7.86734643273 7.35210250904 6.8270112443 5.04442514509 6.37666639265 6.0393781395 5.33115417727 6.53115292071 5.7319699484 4.60139234629 5.18184939967 4.28590821155 3.35757582691 1.86834568706 1.07994535247 0.505495438543 0.428874279689 1.41258459221 0.61375266987 0.619665858505
-9999 -9999 -9999 -9999 -9999 -9999 -9999 -9999 -9999 -9999 -9999 -9999 -9999 -9999 -9999 -9999 -9999 -9999 -9999 -9999 -9999 21.5624854615 20.0025056516 20.1717312371 16.6874334108 15.8846568443 14.5868257165 15.8874625891 13.0865980153 12.3831399892 11.3890808271 12.5020998594 10.2912175755 3.70541289963 9.25095147383 10.3525123272 8.16786359636 6.81579672974 5.77166299934 5.96573462979 7.14105799296 7.46228516358 7.67880425935 5.50518085852 4.38170434199 3.28561845845 3.96750932158 4.38813875408 4.15181603747 5.12813105126 6.50669514232 3.32149973154 2.30285707339 0.856323159207 0.271104962267 0.355041752567 0.410988710875
-9999 -9999 -9999 -9999 -9999 -9999 -9999 -9999 -9999 -9999 -9999 -9999 -9999 -9999 -9999 -9999 -9999 -9999 -9999 -9999 -9999 20.1274647852 18.9988282682 18.9988071133 18.6551205484 19.1514367739 16.6339195521 16.0719924614 13.5230842826 13.0204074816 4.63733366924 10.7904754953 11.5229266965 10.6118561276 7.32761437436 8.05291711444 6.81335226903 7.06184557836 6.0535884445 7.33190793085 7.2102605995 6.95107723825 5.33218435249 5.0932954248 5.80373875371 5.51269662781 4.92391755361 4.79236637195 3.13191592688 3.23986752874 2.23936417193 1.20962585399 0.979798838731 0.577562521344 0.473652445379 0.296524279311 0.317088462206
-9999 -9999 -9999 -9999 -9999 -9999 -9999 -9999 -9999 -9999 -9999 -9999 -9999 -9999 -9999 -9999 -9999 -9999 -9999 -9999 -9999 -9999 19.7018435253 20.8725849474 19.8945394526 18.8951480948 16.5591613309 16.9007970601 13.8310122738 13.7589153149 12.9853735814 13.4276105945 11.0927026806 10.911754211 10.67999411 9.14357893598 8.74057644888 8.2692686684 7.44512293427 7.47738061948 7.2003063209 5.06648065508 5.16654843787 6.48513897202 3.53084696913 3.10870631843 2.45746429507 3.15133891725 4.11216804834 3.18924044196 1.13485956252 1.38103481092 2.67526847139 0.717187195736 0.286617435482 0.248184004675 0.277671993581
-9999 -9999 -9999 -9999 -9999 -9999 -9999 -9999 -9999 -9999 -9999 -9999 -9999 -9999 -9999 -9999 -9999 -9999 -9999 -9999 -9999 -9999 20.057741258 19.764328106 19.4486567902 19.8690693552 17.5985030791 15.9757646132 14.1622727346 14.4317490131 12.7749939721 12.982479088 12.0680975212 11.3477466486 9.26711420825 10.9538179553 8.36028701152 8.11747227907 8.55373883094 8.30539311928 5.69970901583 7.32356246336 5.25878998722 4.21374602997 3.52913422873 4.13949984753 5.03977999188 5.07978612704 2.85672842511 2.55919290617 1.71465711356 2.58171528046 0.546748486231 1.31990597651 0.64379541616 0.568545768644 0.414002107712
-9999 -9999 -9999 -9999 -9999 -9999 -9999 -9999 -9999 -9999 -9999 -9999 -9999 -9999 -9999 -9999 -9999 -9999 -9999 -9999 -9999 -9999 20.3116997663 21.0213082534 21.5773228821 20.2520791719 18.3973314142 17.8755524625 15.5180729023 16.0760021557 13.8712984216 12.9430834268 11.4601898732 11.7643318278 11.4631938146 9.23039657111 8.36143174758 10.1151125007 8.61905388869 8.03012281706 7.454564187 6.12870741966 4.11941763919 5.15734811049 6.0123074298 5.52441995463 5.01101799905 4.32099211643 3.24885501775 3.25480540238 4.14655566641 3.3749318678 1.10723982263 1.07867857451 1.22811910641 1.39347448653 0.641929586918
-9999 -9999 -9999 -9999 -9999 -9999 -9999 -9999 -9999 -9999 -9999 -9999 -9999 -9999 -9999 -9999 -9999 -9999 -9999 -9999 -9999 -9999 -9999 21.6255544728 22.2034709389 20.5384709354 17.7789563583 17.479273294 15.3389496914 15.6543299068 13.9361387881 14.5916673736 13.0449638171 13.6575090604 10.6120249249 11.2842043002 10.6558170656 9.75788226575 6.65663817209 6.26626674051 4.40882233023 5.80002548016 6.72330736328 6.78882867534 5.66624414789 5.05382036947 2.71000933387 2.36032517564 2.20822582095 2.41366356275 1.87086579497 2.40253841912 2.58640002178 2.50633288986 0.806448172562 0.642636982971 1.83379504112
