data/recharge/transience/recharge389.asc
ncols                  80
nrows                 72
xllcorner      4374000.0
yllcorner      5656000.0
cellsize            500
NODATA_value       -9999
[rows 0 to 25 of 72, columns 0 to 56 of 80]
-9999 -9999 -9999 -9999 -9999 -9999 -9999 -9999 -9999 -9999 -9999 -9999 31.3731835573 32.4200369848 -9999 -9999 -9999 -9999 -9999 -9999 -9999 -9999 -9999 -9999 -9999 -9999 -9999 -9999 -9999 -9999 -9999 -9999 -9999 -9999 -9999 -9999 -9999 -9999 -9999 -9999 -9999 -9999 -9999 -9999 -9999 -9999 -9999 -9999 -9999 -9999 -9999 -9999 -9999 -9999 -9999 -9999 -9999
-9999 -9999 -9999 -9999 -9999 -9999 -9999 -9999 -9999 -9999 -9999 -9999 32.1466758334 29.8659213024 28.0787016947 -9999 28.7864021305 -9999 -9999 -9999 -9999 -9999 -9999 -9999 -9999 -9999 -9999 -9999 -9999 -9999 -9999 -9999 -9999 -9999 -9999 -9999 -9999 -9999 -9999 -9999 -9999 -9999 -9999 -9999 -9999 -9999 -9999 -9999 -9999 -9999 -9999 -9999 -9999 -9999 -9999 -9999 -9999
-9999 -9999 -9999 -9999 -9999 -9999 -9999 -9999 -9999 -9999 29.8021515591 29.9595809475 30.9713664907 31.0034847139 27.3542553124 25.7910077378 23.6317567307 23.8399966852 -9999 -9999 -9999 -9999 -9999 -9999 -9999 -9999 -9999 -9999 -9999 -9999 -9999 -9999 -9999 -9999 -9999 -9999 -9999 -9999 -9999 -9999 -9999 -9999 -9999 -9999 -9999 -9999 -9999 -9999 -9999 -9999 -9999 -9999 -9999 -9999 -9999 -9999 -9999
-9999 -9999 -9999 -9999 -9999 -9999 -9999 -9999 -9999 30.3057976695 29.7209890662 29.344998526 28.7752284478 29.5166685136 27.4899534085 26.9419391108 24.9743793057 28.3034620163 -9999 28.3342493645 -9999 -9999 -9999 -9999 25.6726947723 26.5782343681 -9999 -9999 -9999 -9999 -9999 -9999 -9999 -9999 -9999 -9999 -9999 -9999 -9999 -9999 -9999 -9999 -9999 -9999 -9999 -9999 -9999 -9999 -9999 -9999 -9999 -9999 -9999 -9999 -9999 -9999 -9999
-9999 -9999 -9999 -9999 -9999 -9999 -9999 -9999 34.8115605523 33.0374925182 29.9735226106 29.1330786903 27.8340634802 26.816849377 26.4140777442 25.8510134777 24.2678802288 24.166584006 23.2757200478 25.057284132 24.8107209244 25.647672587 -9999 24.7171102774 27.8278301582 27.7969145458 -9999 -9999 -9999 -9999 -9999 -9999 -9999 -9999 -9999 -9999 -9999 -9999 -9999 -9999 -9999 -9999 -9999 -9999 -9999 -9999 -9999 -9999 -9999 -9999 -9999 -9999 -9999 -9999 -9999 -9999 -9999
-9999 -9999 -9999 -9999 -9999 -9999 32.9761379904 31.467697994 31.1721422086 31.7486489771 31.7118617179 31.509860905 29.2998424908 28.5921273178 26.2497305474 27.2775927209 24.8728306774 24.0711716335 24.5540372332 24.7906215935 24.3655567694 25.147737314 24.4150630736 24.6936899692 26.0412082152 25.6518356846 26.710671631 -9999 -9999 -9999 -9999 -9999 -9999 -9999 -9999 -9999 -9999 -9999 -9999 -9999 -9999 -9999 -9999 -9999 -9999 -9999 -9999 -9999 -9999 -9999 -9999 -9999 -9999 -9999 -9999 -9999 -9999
-9999 -9999 -9999 -9999 -9999 -9999 33.8397454761 32.9065414105 30.3498469745 29.8547303802 28.3515706085 28.4397224867 27.4103042342 27.1675530541 25.5081125046 23.8812207949 23.1350879333 20.4376657927 22.9574844162 22.2866357675 23.1260284074 25.1621392483 24.4242152198 24.4167347569 24.5459669229 23.7208344542 26.9948351555 27.7073966205 27.7749105598 27.0300938348 29.6127779781 29.5961549278 -9999 -9999 -9999 -9999 -9999 -9999 -9999 -9999 -9999 -9999 -9999 -9999 -9999 -9999 -9999 -9999 -9999 -9999 -9999 -9999 -9999 -9999 -9999 -9999 -9999
-9999 -9999 -9999 -9999 -9999 36.3534885298 34.2984176247 34.1552099303 32.6741010046 33.5666304766 32.2614972467 30.7158572332 27.009189912 27.8059057298 26.7341585543 26.6925108779 20.8253511133 12.7025622111 20.9739964794 22.4641657547 23.2195068778 22.7009211062 23.6225648728 24.0726086312 24.8656475943 25.393896054 26.4858876807 26.3302093332 27.0727924886 26.7946034187 26.6799503568 27.489687766 26.3927929133 25.9194230368 -9999 -9999 -9999 -9999 -9999 -9999 -9999 -9999 -9999 -9999 -9999 -9999 -9999 -9999 -9999 -9999 -9999 -9999 -9999 -9999 -9999 -9999 -9999
-9999 -9999 -9999 -9999 -9999 36.8295884392 35.2646790673 35.3947139016 33.2704771846 32.3444061317 31.2944405348 32.0594074999 23.1593519525 19.3669085785 29.5571008477 30.9455323694 24.6064806915 10.321527852 17.4442376525 21.3897823092 22.8034859057 23.5773888118 25.4359712957 24.9372032624 24.3433017997 23.3777269589 24.6853530997 23.6061410516 24.9976366783 24.4968011436 23.9934714858 24.7530584732 25.9210687493 25.3804559423 26.1360992205 25.4183089659 -9999 -9999 -9999 -9999 25.1864708854 24.7739027054 -9999 -9999 -9999 -9999 -9999 -9999 -9999 -9999 -9999 -9999 -9999 -9999 -9999 -9999 -9999
-9999 -9999 -9999 -9999 -9999 36.146230677 34.7107742215 34.9318119199 33.778699364 34.5964197797 33.0264257313 32.4689393066 30.1680669004 31.49783403 30.7634104475 29.1606049096 26.8727888224 29.0030687354 26.3322936194 27.3910798965 24.8366859907 23.1377906065 22.8930191489 22.2900086121 24.0853332 23.6318148977 24.0785761489 22.754368328 25.7109451584 23.7935543595 17.1041608316 22.3252251155 25.6645006085 26.0673803907 25.8060373929 25.8547574802 25.6738544499 -9999 -9999 25.7413472747 26.2372462987 25.820269734 26.9758690739 -9999 -9999 -9999 -9999 -9999 -9999 -9999 -9999 -9999 -9999 -9999 -9999 -9999 -9999
-9999 -9999 -9999 -9999 -9999 -9999 37.0816799173 37.5489210434 35.4157491396 35.0013012058 32.5812318573 33.5629999145 33.4610917608 33.9297767667 28.5525281803 27.3808613456 27.5351718092 27.2612515522 24.9165410153 24.5243111939 24.8044754075 25.2761533614 24.415055139 25.5746077265 24.3866452582 22.9212696487 21.6686994608 22.5045338163 23.1276913622 22.9081081811 23.0101320332 24.2124245159 24.3329209898 23.4777729616 24.1033391501 24.750339961 25.406915179 23.9381465268 25.3415612995 24.9249972199 24.682344734 26.841772782 24.5666767551 22.6528540072 -9999 -9999 -9999 -9999 25.9315870082 24.6036176546 7.18559659615 -9999 -9999 -9999 -9999 -9999 -9999
-9999 -9999 -9999 -9999 -9999 -9999 -9999 37.1734338106 34.4538248119 35.7412219516 34.8348258905 33.8549824998 31.7265046244 30.3336073427 29.6164823824 31.5382260449 29.7571535542 29.0937795826 28.1636887926 26.0782183317 23.9192253079 23.9371275992 23.7102836257 23.9614172173 23.2920383398 21.7879702375 21.6115610015 22.9632597549 23.0208729645 22.7123483994 24.0003884822 23.736873919 24.332549882 23.6356779293 25.0643233347 25.0371835261 24.952014331 25.1051903609 25.1273677344 25.0404564202 24.2397882407 23.9707527294 22.7164111537 22.0356543769 20.6851535135 21.8089210274 22.0538912843 20.6990832363 20.2294707204 21.7557742852 21.5598491953 18.7267750522 -9999 -9999 -9999 -9999 -9999
-9999 -9999 -9999 -9999 -9999 -9999 -9999 -9999 34.0440462092 33.5009380011 33.9265775343 35.0158985193 33.1342786074 34.2428298359 32.2442815084 31.3948324051 27.6544061431 27.8383049696 25.2285193416 26.4910206223 28.7912160123 28.2928801615 29.8882292408 31.6362032047 31.2401400251 31.1965796178 24.0444080818 21.9264191862 21.043027406 19.8562134093 20.4088551877 21.5852014593 22.1311955163 21.4830403662 23.193688285 23.0143808647 23.8276797255 24.4318543144 23.621354659 23.3289388945 23.4327181948 22.860674751 20.8633467183 20.1160790802 19.752546039 19.0158708344 19.7374809357 18.7913423625 18.0604786169 19.5427330564 19.0315989385 19.9893403081 18.2852809965 -9999 -9999 -9999 -9999
-9999 -9999 -9999 -9999 -9999 -9999 -9999 -9999 36.2624104266 34.9983550317 32.9968462384 33.1301373906 31.8426847452 31.7734683893 29.3888221095 28.9725853049 27.5809703513 28.4098617382 26.5400031744 27.4062997972 28.3208519199 28.0528790197 33.7350056199 37.2557419551 34.5785725897 30.3039514257 32.1869499564 26.4860805175 21.9773421306 19.4929207076 20.1745119342 21.1375441363 20.9092572041 21.3311812994 22.7973337472 10.97906967 24.9162325302 23.9746485127 23.5475853787 23.3148122614 23.0656747965 22.4279213956 20.3101984043 20.2363149133 19.0703509744 18.9739075551 19.6344576835 18.9852296578 18.7078190021 20.1029222182 19.4437170857 19.5098691698 18.6990722995 19.4647334568 17.4387450536 18.4106709274 -9999
-9999 -9999 -9999 -9999 -9999 -9999 -9999 -9999 -9999 36.6229019565 35.0493170499 32.8255457288 32.3189171236 33.0864742251 31.707260728 31.9500965339 32.4755398176 32.8287347739 32.491240116 32.629707021 31.0811492603 28.5748066405 30.6129824171 43.4051271968 39.5745075957 37.0074894818 32.1510375572 29.7295009262 22.4475830341 19.7606142708 19.4587093002 20.2439681042 19.9418207298 18.840053224 21.2857805081 20.3844012292 23.1616935147 22.3714695239 21.7546129452 21.9061464554 21.5023694896 21.8009822533 19.1097381849 21.1147363348 18.7569625713 17.684755243 16.7199229455 16.8228880946 17.5046234266 17.1978993134 17.2797515683 16.8524013905 17.1610298044 17.7052715728 18.3355300156 16.3898440822 14.360687555
-9999 -9999 -9999 -9999 -9999 -9999 -9999 -9999 -9999 -9999 33.8967563748 34.0386200601 31.9766737814 32.6176716516 30.8395911451 30.0086639021 29.858501935 32.5285957778 30.4142920383 28.3209714661 27.0124682895 26.4798504706 24.8196763863 31.8806291642 34.5128186563 37.0698084423 34.49004865 32.110513425 28.1853574095 24.841338489 19.9832726015 20.0562247817 21.632678125 19.8573419732 22.5028527272 21.9325228425 22.7956374987 22.3773394789 21.8796239063 21.9707266467 22.2137040249 22.2858319082 21.480031457 20.5689351445 21.7986709663 21.7599192906 19.5969129479 17.5842133703 18.4928458082 18.3681501002 18.9212596466 18.4146074598 16.837698433 17.9257467589 16.1680745621 16.1809408425 14.2473919665
-9999 -9999 -9999 -9999 -9999 -9999 -9999 -9999 -9999 -9999 -9999 19.6200945004 23.4514573838 31.7668878066 30.6506389698 29.809242169 29.6087077278 29.4753742039 26.0350192317 26.8807805151 27.4659816733 27.2505377879 24.2747196122 22.3735865088 24.4646473819 27.7731069915 31.1442279158 34.8686142343 33.4876330948 19.5081666253 23.9485216387 21.1681464928 20.9003321158 20.9265729773 21.3862824041 19.6223119477 20.7625228422 20.642481103 21.2754923836 21.2759700914 22.4167161604 21.5574627644 21.7795240918 19.9422836518 18.0364242728 17.5184068598 18.8072952593 19.8392139572 19.3003978059 18.1732704092 16.4811078634 17.5832056158 17.1221744878 16.3305051318 14.3802006051 14.7782806902 13.8839578437
-9999 -9999 -9999 -9999 -9999 -9999 -9999 -9999 -9999 -9999 -9999 17.7958543619 25.5627392849 30.2281755239 30.4665123187 29.6846147276 27.4836229001 26.5852027804 26.7784721946 26.9214333574 26.4839315787 28.0996914642 24.6957289274 23.7702518718 23.35533327 24.122060767 26.2834621118 30.9298233584 30.6388172128 30.0114504195 33.5373521399 32.9858555191 27.4358143337 27.7668562802 23.9159937912 19.7799156062 20.6821881987 20.9806103327 20.8281752356 21.0470143313 21.9108870236 23.6175429038 21.1109625396 21.1316601985 20.1325827647 19.4413225767 21.6663288988 23.3571913353 22.2158254762 19.1626045957 20.1264163231 20.1090042205 17.4268120785 18.5293766496 17.4859195419 15.811047207 14.5052514854
-9999 -9999 -9999 -9999 -9999 -9999 -9999 -9999 -9999 -9999 -9999 35.1322927977 33.3397679326 32.610581708 28.2588194171 29.3095301979 27.0368656617 24.8899262431 25.0124291142 25.4016345927 24.8256118304 25.1512701774 22.8353110501 21.6632852179 20.231839641 19.9050702181 19.1903436868 18.8348146898 19.8294399082 22.8578904493 26.9174628465 32.7645903156 35.4624124685 34.2147127358 27.1558101321 24.5094047001 26.9180578017 24.3589193951 19.9366628827 15.9541226899 13.5656269345 21.7702391442 23.5967981053 25.0238764728 25.5026333311 26.828969241 21.2795082499 20.2369307662 19.9090204642 19.9858202232 18.6603019967 19.724307034 20.0389833555 21.7704499863 20.7023607638 16.4375268692 13.8464762388
-9999 -9999 -9999 -9999 -9999 -9999 -9999 -9999 -9999 -9999 -9999 -9999 30.7521547405 31.9239687446 30.520222052 29.3451249545 27.3674430203 26.3620334315 24.6677179415 25.6103570758 25.3319734177 24.4481740944 23.5700429714 23.4079583261 20.7946450356 21.1713390698 19.5003043486 20.0569215966 19.2895033033 18.5185770791 18.6810393215 19.4212780172 20.6136240117 24.9512852658 28.8702668718 11.4471400791 27.6164134322 25.5089064641 25.5958727202 20.3141905064 21.815778351 22.1935151053 25.7992964652 27.2785408223 27.8589860316 27.3318807465 23.0626334606 20.3637464717 17.7459049362 18.7126523501 17.8969758466 16.7029374279 15.2957466386 15.4492651102 15.1344837629 15.7390020212 7.16590125572
-9999 -9999 -9999 -9999 -9999 -9999 -9999 -9999 -9999 -9999 -9999 34.0405312666 33.2755398006 33.8213995906 33.50063434 20.3529006957 25.3851160563 28.0271574197 25.0563335259 25.7144228714 22.9025827903 22.6294727618 20.7892380591 21.2237840525 20.9343788869 20.6696116874 18.2833291638 17.8891970747 17.9787290428 17.4150442616 16.7604912198 17.3704217445 16.7515413552 16.5653300112 17.8784403677 26.974929102 28.0308236357 23.8490824681 23.9397839338 19.9941453451 20.6551493973 21.2081669383 24.791178273 27.0938947525 29.4412687795 29.3895531812 26.5446460462 24.7416172389 20.7205416736 20.9382715658 17.7015598127 14.4610114954 13.3680809474 13.4349359253 12.723729533 13.6084739023 16.6500076619
-9999 -9999 -9999 -9999 -9999 -9999 -9999 -9999 -9999 -9999 -9999 34.5697282975 35.1537608943 34.6692057769 31.5400019525 24.9844746596 29.4049873378 29.2787847621 25.825235844 26.009657531 22.3680927935 21.7901679678 21.6198390708 22.2891632983 21.7405815104 21.9612687368 14.2086233101 15.5293435968 20.063835007 22.8720141917 21.5604170284 17.7079190605 16.4598275809 16.5782500735 17.4510742945 21.9971701713 25.2017022998 28.0448213978 24.8013743462 23.9223597475 19.413961835 21.6874719296 24.3996316467 24.1380157178 25.0486950878 24.4288197355 25.2015287144 25.6897728013 23.9328503919 23.378973663 17.3602829914 17.8501755887 16.4474720016 15.9951185999 15.3454867355 14.625835476 12.3182992432
-9999 -9999 -9999 -9999 -9999 -9999 -9999 -9999 -9999 -9999 -9999 35.8553947344 35.400854286 34.2748265205 33.8361433015 33.6767338209 30.190050669 30.6253781054 29.189944348 28.9642023041 22.4531695466 11.1626467549 23.7072157839 25.6119042784 21.7011400109 21.7074933222 22.6008551009 21.9762303759 19.3224900887 17.6759242037 17.7826326678 21.7984080296 22.1289654176 21.0927940401 18.1650305835 20.7635021408 20.8083251828 19.2213228346 23.5243924255 20.7032219216 20.9664201874 20.6732050141 20.248064815 19.3060001664 19.694584701 19.6583444685 21.5396697119 21.7447955695 19.545571931 18.5229587322 16.2271745377 14.5915793037 12.6138296651 12.3170581785 11.5785671596 13.0403338321 14.3979908102
-9999 -9999 -9999 -9999 -9999 -9999 -9999 -9999 -9999 -9999 -9999 -9999 35.8792594065 35.0566759872 33.3211035282 33.1480756794 31.4624172356 31.2712357746 28.3298006371 29.3222259506 27.886301402 28.9865985783 23.517840922 21.3884591023 20.9493691215 20.7729087571 18.8643607588 19.4151271779 18.4114946363 17.2065037784 15.7901094817 16.6640965202 15.5176760984 16.6645943957 16.8622499464 24.028146848 22.2400458571 20.2996434099 25.3145258668 25.1572531323 20.1366100092 18.4979862614 20.1902092571 18.428261728 19.3539225371 19.6808746921 20.0324767426 20.7237815131 18.3914278552 17.8916343651 15.8835778888 9.01897996752 10.0517891114 15.863699415 13.3401236729 12.9617182878 12.1011929956
-9999 -9999 -9999 -9999 -9999 -9999 -9999 -9999 -9999 -9999 -9999 -9999 37.0522682683 35.2491177425 33.9613525083 33.6638617039 31.1694289857 31.9524108702 30.1452164382 29.1540081961 27.9709752266 26.9824294791 25.2995003253 25.426494846 22.5920631737 23.6800954419 23.8356303658 22.8956166964 20.6462734517 22.8746836511 20.5946310758 21.2645157316 23.7617652635 23.2747344524 24.7215926481 24.1966870051 21.8904655468 24.9323230557 28.2943894229 24.1398867771 21.1589398803 17.4829337551 16.2336947447 15.9947855462 15.8815278163 16.2939704689 16.3587625127 17.3483404172 15.636575253 15.4468462025 14.6522469295 13.8136237455 13.6573644639 12.5287584293 10.9503831882 12.7602280251 9.61869462844
-9999 -9999 -9999 -9999 -9999 -9999 -9999 -9999 -9999 -9999 -9999 -9999 36.6241378037 35.6696794899 33.7637755641 34.0958243965 31.1235751265 31.1643191322 29.4344328323 30.4971303371 28.6522877632 27.505180998 25.3753705926 17.3878239437 20.6084460596 24.5863032156 23.4204966992 23.3375591213 21.0258003203 19.767077117 18.4517498298 17.7325616739 17.1485730569 18.5319411282 23.1073961872 16.6376885355 19.5238681746 25.4631717601 22.8382145207 17.0429541675 15.3284772534 15.1217865488 15.9612351439 16.4117485415 16.0157373455 16.3799015309 16.4588342485 16.3618774406 16.268491209 17.4366062579 17.3436544133 16.6927004512 13.0618838282 11.4131731782 11.373146831 11.7781210018 11.4808879797
