data/recharge/transience/recharge300.asc
ncols                  80
nrows                 72
xllcorner      4374000.0
yllcorner      5656000.0
cellsize            500
NODATA_value       -9999
[rows 0 to 24 of 72, columns 0 to 56 of 80]
-9999 -9999 -9999 -9999 -9999 -9999 -9999 -9999 -9999 -9999 -9999 -9999 12.9145357144 13.1859913639 -9999 -9999 -9999 -9999 -9999 -9999 -9999 -9999 -9999 -9999 -9999 -9999 -9999 -9999 -9999 -9999 -9999 -9999 -9999 -9999 -9999 -9999 -9999 -9999 -9999 -9999 -9999 -9999 -9999 -9999 -9999 -9999 -9999 -9999 -9999 -9999 -9999 -9999 -9999 -9999 -9999 -9999 -9999
-9999 -9999 -9999 -9999 -9999 -9999 -9999 -9999 -9999 -9999 -9999 -9999 11.0040986076 10.5690366509 10.6015223122 -9999 12.0034573148 -9999 -9999 -9999 -9999 -9999 -9999 -9999 -9999 -9999 -9999 -9999 -9999 -9999 -9999 -9999 -9999 -9999 -9999 -9999 -9999 -9999 -9999 -9999 -9999 -9999 -9999 -9999 -9999 -9999 -9999 -9999 -9999 -9999 -9999 -9999 -9999 -9999 -9999 -9999 -9999
-9999 -9999 -9999 -9999 -9999 -9999 -9999 -9999 -9999 -9999 11.7433085806 11.5358133717 11.6193426019 11.5642188894 11.9557918882 10.9938358146 10.3428139614 10.1738288395 -9999 -9999 -9999 -9999 -9999 -9999 -9999 -9999 -9999 -9999 -9999 -9999 -9999 -9999 -9999 -9999 -9999 -9999 -9999 -9999 -9999 -9999 -9999 -9999 -9999 -9999 -9999 -9999 -9999 -9999 -9999 -9999 -9999 -9999 -9999 -9999 -9999 -9999 -9999
-9999 -9999 -9999 -9999 -9999 -9999 -9999 -9999 -9999 11.2502591383 11.6178783998 11.6057973263 11.1248254048 11.2682222367 12.1721317609 11.9290767146 10.5515340251 12.2648978558 -9999 12.1375484726 -9999 -9999 -9999 -9999 9.39545046404 9.66733493473 -9999 -9999 -9999 -9999 -9999 -9999 -9999 -9999 -9999 -9999 -9999 -9999 -9999 -9999 -9999 -9999 -9999 -9999 -9999 -9999 -9999 -9999 -9999 -9999 -9999 -9999 -9999 -9999 -9999 -9999 -9999
-9999 -9999 -9999 -9999 -9999 -9999 -9999 -9999 12.577023433 12.2001277708 12.3795914912 12.3436511703 12.7317993303 12.5299465786 12.9859935289 12.8952907483 11.6483716982 11.37502899 10.7788043263 12.316411406 12.3768424034 12.5780929815 -9999 10.263791096 10.0209902501 10.0604707891 -9999 -9999 -9999 -9999 -9999 -9999 -9999 -9999 -9999 -9999 -9999 -9999 -9999 -9999 -9999 -9999 -9999 -9999 -9999 -9999 -9999 -9999 -9999 -9999 -9999 -9999 -9999 -9999 -9999 -9999 -9999
-9999 -9999 -9999 -9999 -9999 -9999 11.697989359 11.3403209715 11.8211178765 11.9331818475 12.7566572303 12.804126529 13.0335754383 12.9013068126 12.9655639396 13.1894812317 12.3082105444 11.9750310539 12.0883780915 12.2198190536 12.2621869025 12.4383202526 11.1826455285 10.2845035765 9.69413164521 9.61253401751 9.21895743734 -9999 -9999 -9999 -9999 -9999 -9999 -9999 -9999 -9999 -9999 -9999 -9999 -9999 -9999 -9999 -9999 -9999 -9999 -9999 -9999 -9999 -9999 -9999 -9999 -9999 -9999 -9999 -9999 -9999 -9999
-9999 -9999 -9999 -9999 -9999 -9999 12.314052608 12.1589683168 12.5577107625 12.438824013 12.8511399699 12.9627595771 13.6407693433 13.4806430345 13.7265869606 13.4265704715 14.1210183606 12.2257099177 12.7316544209 12.9864774437 12.9045903035 13.3941418929 12.5180733235 12.0078498112 10.1465482213 9.93694652373 9.86762312767 11.170417609 10.3156589661 10.2016574733 10.8279049289 10.8448990294 -9999 -9999 -9999 -9999 -9999 -9999 -9999 -9999 -9999 -9999 -9999 -9999 -9999 -9999 -9999 -9999 -9999 -9999 -9999 -9999 -9999 -9999 -9999 -9999 -9999
-9999 -9999 -9999 -9999 -9999 9.43011966343 12.4052593831 12.4176716376 13.1413900513 13.2557855085 13.6805491102 13.3396169066 13.4880316528 13.4601259374 14.097865106 14.0924574623 12.2071076122 7.01692802725 11.0044446045 13.0245875476 12.93326191 12.8197657114 12.3250012021 12.4214378403 10.7589009778 10.7997852325 9.54425530354 10.5995488476 10.1611939031 10.1247530892 10.3011985647 10.4685599135 10.3915974018 10.3147473099 -9999 -9999 -9999 -9999 -9999 -9999 -9999 -9999 -9999 -9999 -9999 -9999 -9999 -9999 -9999 -9999 -9999 -9999 -9999 -9999 -9999 -9999 -9999
-9999 -9999 -9999 -9999 -9999 8.28380499799 9.96901007371 9.99682810189 13.5853024072 13.4057861629 13.8387163766 13.9875074251 11.3942535976 9.50103593249 14.495127147 14.777074468 13.4890923419 6.06198197827 10.5862583993 12.9113768011 13.9690495447 14.1482859366 13.5207630459 13.4097310622 12.5889557858 12.1794635719 10.226344512 10.3870925639 11.3539721081 10.9588535449 10.5203933106 11.0009922731 11.1116782364 11.0215634962 10.6876730653 10.7265237739 -9999 -9999 -9999 -9999 9.62120985513 9.80223107668 -9999 -9999 -9999 -9999 -9999 -9999 -9999 -9999 -9999 -9999 -9999 -9999 -9999 -9999 -9999
-9999 -9999 -9999 -9999 -9999 8.18706885318 9.93152488226 9.88426017212 13.6685110338 13.8468812697 14.2175568618 14.1045971526 14.537740082 14.650048395 14.7764681259 14.3756493664 14.7139563998 15.3792585364 15.1055849169 15.4209184857 14.5043579722 14.0337755304 12.9286287754 12.8046228511 12.5733892066 12.0119477647 10.3059233756 9.73568803739 11.3356910449 10.7490709932 8.14448021677 10.002397392 11.0363233379 10.8225700065 10.1825682242 10.7813423147 10.6143655296 -9999 -9999 9.62999324114 10.0837629689 10.0199632971 10.4310390866 -9999 -9999 -9999 -9999 -9999 -9999 -9999 -9999 -9999 -9999 -9999 -9999 -9999 -9999
-9999 -9999 -9999 -9999 -9999 -9999 9.63619155105 9.8485990253 12.810839454 12.7746320962 13.7295322308 13.8976358354 14.4194132818 14.4922950592 14.2195891712 13.9693567436 14.4522168845 14.3821014733 14.4242750631 14.3740126874 14.9073091599 15.0372536873 14.5696970501 14.8953597994 13.4131004066 13.0373874775 11.0894237941 10.8688749273 11.7436245844 12.1310371276 11.6626682596 12.2625291725 11.3276025427 11.1730272775 10.6883549559 11.4185160321 10.6468186981 9.3572453403 10.6746513801 10.578890032 10.5754945733 11.027336617 9.83935401976 8.35633764459 -9999 -9999 -9999 -9999 9.01443227222 8.6646019237 3.70151767792 -9999 -9999 -9999 -9999 -9999 -9999
-9999 -9999 -9999 -9999 -9999 -9999 -9999 9.77785043428 12.6697907028 12.8627259922 14.145728838 13.9999697269 14.0754130015 13.5344356472 13.9913208917 14.5776146424 15.0873449626 14.884290077 15.277290532 14.7409752323 14.6542442039 14.6519640094 14.378041898 14.4660678102 13.1804043084 12.8375762328 11.1640064745 12.37939382 12.0861214603 12.0140091257 11.967952742 11.9863096709 11.3905568084 11.4741956273 11.4878751675 11.5029492843 10.2373167351 10.410038412 10.6495535782 10.6146728472 10.1364549697 9.56702609725 6.97342851436 6.16672217931 5.83317050472 6.60017416104 6.03688103924 5.50713821595 5.42389336031 6.94966174094 9.3752176923 8.88973532335 -9999 -9999 -9999 -9999 -9999
-9999 -9999 -9999 -9999 -9999 -9999 -9999 -9999 12.8487160373 12.7925410447 13.5463318448 13.7213521297 14.2103073285 14.4718910278 14.150102683 14.2124535879 14.1970096702 14.2685061433 14.2304266697 14.4885230903 14.6482514937 14.5331247013 14.626970833 12.6770610917 11.9031950055 12.3743800415 12.5859726083 13.8873427322 12.988462535 12.0922834664 12.1617206276 12.3826261426 11.7704437482 11.2783098266 11.6219081637 11.8804578419 11.5277514453 11.6795620246 11.1226604364 10.9300731434 9.35900315591 7.62335101006 6.09233442832 5.76787467748 5.74953290402 5.42985840964 5.57548251601 5.1764124613 4.9841025966 6.69186674547 7.94925176803 8.60220793383 9.15014853704 -9999 -9999 -9999 -9999
-9999 -9999 -9999 -9999 -9999 -9999 -9999 -9999 13.2522834676 13.037916671 13.3741560668 13.4105752023 13.9545595533 13.9472892199 13.9286768828 13.8147608499 14.1544060998 14.3824356619 14.5065214782 14.7107439639 14.5936344799 14.4808250954 15.881158827 16.1757378651 13.929162298 11.0977443654 12.9389524134 13.6113187373 12.3870037688 11.2027315654 12.1674074189 12.2813772636 11.2281574784 11.2086030118 11.844154149 6.37503342962 11.792682894 11.5744499075 11.0860285135 11.0411339993 10.9174027629 8.27317532932 5.84260472186 5.82068405483 5.447958075 5.40794091566 5.53189910158 5.2583309277 5.37374071823 8.10353906325 8.055045975 8.07376194844 9.44073736556 10.0544412191 9.93939593403 10.1710539327 -9999
-9999 -9999 -9999 -9999 -9999 -9999 -9999 -9999 -9999 13.2712872748 13.8458841093 13.4833524188 14.0088536608 14.1170726039 14.5549279185 14.5909700712 14.916366179 14.9712464437 14.7093316255 14.7619859866 14.4738852582 13.8441495372 14.8079866672 18.2922291377 17.0360540302 15.6785560691 12.7506816595 11.1130499067 9.86493969771 13.2833331865 12.6096867548 12.6157980503 12.2523765931 11.5314467192 12.2849624217 12.063875142 11.9740585029 11.7861515575 11.3278209815 11.3490580977 11.0554624897 10.4596086693 5.59849910471 6.38470064863 5.53280613041 5.11020158553 4.85469129829 4.98046285297 7.33521364676 7.89428524441 7.93784954786 7.8094752453 9.59573043909 10.4581449179 10.5008115982 6.45763532898 4.94496877291
-9999 -9999 -9999 -9999 -9999 -9999 -9999 -9999 -9999 -9999 13.6165310326 13.6691158031 13.9463380656 14.0579257307 14.3383044452 14.1185666587 13.8170216789 14.7110537116 13.7317202193 13.0132806933 12.8192409712 12.1244705022 12.8751780448 13.7265192525 14.1125097909 15.7394135955 14.6151153553 12.6331810509 9.24432723732 10.5679545467 13.2541463251 13.263698437 13.4829920592 12.2730029499 12.9236165469 13.0246327755 11.8735753408 11.7827867003 11.3583627717 11.3793138667 11.2070358628 11.0006115229 9.11826046126 6.60131581327 7.36596788152 7.01291716327 6.2870526524 5.3199308046 8.46430916624 8.45108746222 8.45359718528 8.28991830462 8.85979680806 10.039905177 9.93800516015 6.07227683522 4.90156366034
-9999 -9999 -9999 -9999 -9999 -9999 -9999 -9999 -9999 -9999 -9999 8.05227661158 10.6910338147 14.2192571506 14.6414999146 14.2582945652 12.3549477347 12.3276351771 12.5947288252 13.4268013046 13.8101112083 13.5783015058 12.447080809 11.6054572967 11.7925593254 9.30320635062 10.9945660654 14.3645434949 15.1737535394 14.7155791362 11.6897223461 12.2939601109 12.3458203557 12.3441260014 12.6418765643 12.0724172799 12.6863180411 12.6540577494 11.7797700696 11.7878601268 11.4705936039 11.0378608584 10.8401763604 8.17100654714 5.98529870557 5.16444469786 6.34249337424 6.88967085313 7.52873099225 9.3917220523 8.68175924445 9.39514491325 9.5504715391 9.54642631031 8.82674305127 8.64478405242 5.40762564914
-9999 -9999 -9999 -9999 -9999 -9999 -9999 -9999 -9999 -9999 -9999 7.51829102925 11.5276644744 13.8825427883 14.6527951193 13.9072279788 11.8296633271 12.3692792422 13.7156341454 13.7411708667 13.8159200398 14.1786244347 13.3767638604 12.0191391337 14.1107358078 14.1959165941 12.4587054204 13.097903188 11.343459854 15.1581120869 14.3719295308 12.5293502249 8.20958995867 9.29933804852 8.83615145814 12.0028720874 12.6560701896 12.745020527 11.6659062099 11.5092832343 11.1292577149 11.6152625297 10.5106560694 10.619265368 8.64177582269 6.5218177172 7.87290306035 8.80993621581 8.41611334046 6.87312122248 7.2574373617 7.33863420379 6.17384999763 9.40728333667 9.6133263764 9.18302099784 8.75292876658
-9999 -9999 -9999 -9999 -9999 -9999 -9999 -9999 -9999 -9999 -9999 13.8579259486 14.4806227375 14.3226019895 14.4260813845 14.2339499136 12.6052146541 12.9003659896 14.192573495 14.341915961 14.090198309 14.1655060242 13.6608322759 12.5439690402 14.227780124 14.6701732405 14.2501662731 14.1499921052 13.7392010064 12.2727191508 10.4226955684 13.0789167315 13.9694194811 14.2193420425 11.2034225143 5.37516609706 7.75912350887 6.70542808548 11.4919229472 10.6062383417 9.10727623856 11.8254691419 11.9416538228 12.4690546946 11.8872331064 11.3039683768 7.42263668927 6.93707026028 7.19598497553 7.04619773525 6.13990278951 6.69721919464 6.85494958619 8.12222421148 9.5318046741 9.24467325144 7.71524575762
-9999 -9999 -9999 -9999 -9999 -9999 -9999 -9999 -9999 -9999 -9999 -9999 13.9641239401 14.104816884 14.9386220044 14.6497837647 13.7564052642 12.4199525958 12.7990098734 14.4470946897 14.2349181354 14.0109402672 14.8762776809 14.4492470785 14.889463549 14.9947676876 14.3407073351 14.4859129035 13.9779791683 13.7747494129 13.5175592851 13.7052845439 12.1072218263 9.65190114926 12.9399360624 11.1078783702 9.72179181768 6.4555879399 7.36329322719 12.3616882422 12.400700969 11.725788312 12.8154718799 13.4118163594 12.5856053164 12.4858971635 8.71416521675 6.99580144824 6.20786438722 6.62049473827 5.7640998207 5.17548590189 4.46955467601 4.64162044868 4.69769767664 7.44784439254 5.38054753794
-9999 -9999 -9999 -9999 -9999 -9999 -9999 -9999 -9999 -9999 -9999 14.0377279503 14.1518938707 14.2750954039 15.3036134771 9.82629507077 13.5822616591 14.8760358753 14.8748586581 15.9528827978 15.901930241 15.8266290922 15.0555721692 15.1817026276 14.9801399623 14.909201595 14.0783675996 13.9782392714 13.7870819728 13.6216929509 12.9048342957 13.0653398735 12.4555789433 12.398719879 12.3967839587 8.90734700593 8.41517805303 4.50838168344 4.58398492647 10.6151265643 11.6024496851 10.9017772926 11.9759193205 12.4796502052 12.6045728372 12.5679038786 11.8133318958 8.68795720329 7.25483333436 7.35497944202 5.74926537664 4.19551308504 3.8057365166 3.83212956768 3.54124211434 3.88410631854 5.29263551809
-9999 -9999 -9999 -9999 -9999 -9999 -9999 -9999 -9999 -9999 -9999 14.1931521908 14.672826202 14.574729075 14.8858728826 12.0986111738 15.2483393931 15.3899727542 16.0005422765 16.0406533851 14.5641506705 14.4608707559 15.285808298 15.4508481932 15.194158475 14.9450412406 11.1024558647 11.5830498446 13.8789268603 15.1053211455 14.1978101446 13.1556107685 12.370812958 12.4014082256 12.2820564723 7.30028647236 5.63853476622 8.25628453157 5.03818765162 8.28538400027 10.9413085951 10.6602358621 10.9566533334 11.4946653683 11.1186686664 10.8842552604 11.2947759612 11.2136990635 10.1601667889 9.06187666416 5.52722307438 5.74897068802 5.11237089116 4.91109363494 4.58132188446 4.27615892741 3.50815908672
-9999 -9999 -9999 -9999 -9999 -9999 -9999 -9999 -9999 -9999 -9999 14.2282538044 13.7921151856 13.4168741757 14.4131625081 14.336251138 14.6274193173 14.4809057781 16.4899427185 16.5602144627 14.8173052934 7.71846905899 14.200461568 12.9633848166 10.3155600589 10.3168059503 11.3419854734 12.1328639739 11.5329472711 12.0763778919 11.9078402746 14.3454172359 13.7634313254 13.4591541059 11.965867395 5.6609227817 2.9082701594 1.88032450665 4.29278557032 5.45617371096 11.546070806 11.8985110308 10.3689127997 9.73164322878 9.29391537714 9.1841538494 10.472359389 10.5346715043 10.4246793989 10.327353827 6.11513003642 4.17519025043 3.61250681683 3.52478663464 3.34951593536 3.58364553202 4.12973219322
-9999 -9999 -9999 -9999 -9999 -9999 -9999 -9999 -9999 -9999 -9999 -9999 13.9236968284 13.6906394768 14.2550832368 14.1204690311 14.2038863649 14.6385707073 15.9818630221 16.6727317471 17.0748198555 17.6793085177 11.8994747876 10.0025616463 9.88006060481 9.77905059005 8.66452709581 8.97097813139 8.3244644188 7.69690407368 6.74561412086 9.82248555349 11.9319809113 12.2461005025 11.6090875476 5.80977340005 3.80480585012 2.36080760689 5.79373836744 7.84958203598 11.5780401175 11.5270089983 11.3518109845 9.41871569848 8.65192341521 8.70127122337 9.80542499272 10.238708477 9.98023217424 10.488651869 9.53202334101 6.68188884324 6.5206191343 5.59189120898 3.818608073 3.97033715108 3.71462437452
-9999 -9999 -9999 -9999 -9999 -9999 -9999 -9999 -9999 -9999 -9999 -9999 10.0357620018 9.66821359719 13.4840829064 12.2623505143 12.3125348226 13.3126896661 14.4480462521 14.4829606709 16.1666089146 16.0991910182 14.064424284 12.3111884165 10.662772352 11.306117711 11.5255114434 11.0253620345 9.53595566186 10.8219190192 9.17798054826 9.62604554663 13.3875014235 14.3114021019 9.19365086596 5.36288836685 3.34657866963 6.02456807936 8.60775600631 7.70847556991 10.2888744634 11.0322969567 10.3524269373 10.2624078397 9.76242924554 9.37174176496 9.03358805862 9.2632675619 8.56620096033 9.37366095426 8.58609107238 8.06178561938 6.46201410569 2.84478120773 2.12976244763 2.67716953221 2.08363795145
