data/recharge/transience/recharge374.asc
ncols                  80
nrows                 72
xllcorner      4374000.0
yllcorner      5656000.0
cellsize            500
NODATA_value       -9999
[rows 26 to 51 of 72, columns 0 to 56 of 80]
-9999 -9999 -9999 -9999 -9999 -9999 -9999 -9999 -9999 -9999 -9999 -9999 -9999 27.4288040957 26.4082070085 26.1567465017 25.6066080188 25.8332907569 24.7924571724 24.5269871161 23.6007773736 23.8644334641 22.9798827487 19.2245410548 23.1719669189 21.5167522214 19.4815865197 18.1522581735 17.2352869713 17.6162266739 15.9327071498 15.7072762291 18.32186074 18.5485815369 14.4235079556 7.03862604051 13.0655106037 15.0120153407 13.3925786858 10.2979877034 9.16741515919 11.2435534958 8.15323170652 10.2496391035 10.9766291346 13.043288456 14.519973697 14.2943826834 10.1015526439 6.82760644167 5.39194705227 5.6072397217 5.79282776352 7.4312870967 6.66366821807 4.52868014523 4.37598587732
-9999 -9999 -9999 -9999 -9999 -9999 -9999 -9999 -9999 -9999 -9999 -9999 -9999 -9999 25.9628038086 25.5364001723 24.7831929928 25.7858274161 24.7803124221 24.9871782752 23.8649466986 24.0528655116 23.4741539747 23.2906587367 21.9389393121 21.8981352822 21.7130533975 21.9394901123 18.2230010063 16.8633713762 16.3344145478 18.9622503735 19.6906991784 20.6800090616 15.481770109 10.9760532011 13.9339583026 12.4064070654 10.7765918242 10.3223550597 9.8879137952 10.051796558 10.6297952109 9.05032647682 6.883912726 7.71243481616 6.27484970621 6.86409534063 5.49981881654 6.32069749807 5.88725916859 4.75015469046 4.33261811152 7.09545891827 6.0700755565 9.28187772692 11.0166473512
-9999 -9999 -9999 -9999 -9999 -9999 -9999 -9999 -9999 -9999 -9999 -9999 -9999 -9999 7.37984752644 16.8929492971 25.4014150878 26.3509555032 25.6915320153 25.6299003193 24.756849614 24.5441956118 23.0227250991 23.4297208764 22.8505491559 23.1577988369 21.7033209021 22.0894950589 21.9041572897 21.9600837422 16.9276123105 9.30356759576 19.9168479816 22.1165434707 16.2999368196 7.88358402715 13.410590379 9.55118363097 9.815280609 9.64582898481 8.75165200239 9.18257489758 8.47636492592 9.78328983244 8.17000258433 6.91266448515 5.83820922339 5.79793359969 6.36473939685 5.40556511797 6.21433021824 7.0234844244 7.52052139566 10.0252061535 10.32044008 10.51974696 13.5168031043
-9999 -9999 -9999 -9999 -9999 -9999 -9999 -9999 -9999 -9999 -9999 -9999 -9999 -9999 11.566388763 17.610724586 25.4516520754 26.5585305197 25.3886787064 25.5640413594 24.7507202464 24.6258281862 23.7376326194 23.34170209 22.5778755317 22.4184362988 22.3276133061 22.6134146683 21.4177573159 21.7426581453 20.6516255207 19.5564442811 19.2809004645 21.8241217233 18.31456672 6.49018859524 8.82906959577 13.3984122612 5.62487495726 8.89443244281 8.23183286948 9.01222542287 7.81222524813 7.98471760978 6.37615881028 7.05016509232 5.13263116526 6.6118645875 9.77778444446 10.7492146065 9.47213186546 6.16465288571 8.67267236951 8.0020249005 7.04328042104 8.02346736355 7.43294338747
-9999 -9999 -9999 -9999 -9999 -9999 -9999 -9999 -9999 -9999 -9999 -9999 -9999 -9999 27.8107674029 27.165253186 26.0687915739 26.1036356169 25.1643277224 25.9912172426 25.049017959 25.0575619337 24.4144054573 23.968894321 22.6020306367 22.8811664251 21.9311079686 22.8674552684 22.0216509066 21.7102085861 20.8491889245 21.2009902576 20.2818369794 11.1943598702 6.68184444421 6.70596982547 6.32456344661 12.8552728916 5.83422482343 8.15094675256 9.7970732557 7.35732630921 6.06036780687 6.45231993209 5.38365040478 5.68141407089 8.5050541361 9.7688394395 14.3076913099 15.1183762324 12.3212079799 13.3598514737 9.92432096085 9.88358835352 8.80526628216 7.55903523709 8.51571500661
-9999 -9999 -9999 -9999 -9999 -9999 -9999 -9999 -9999 -9999 -9999 -9999 -9999 -9999 -9999 27.2043259804 26.3243255243 26.1093842859 25.7930456955 25.211674695 24.8135390941 24.9826109993 24.0636605564 24.127040585 22.6467435928 23.0291662415 22.0073823087 22.3381079972 11.7428790192 21.2382850954 20.0201589523 20.0140433912 18.5792745772 10.4091014317 6.82897963049 6.84698033595 6.56661678725 6.5306497515 6.35096851937 6.23257114465 5.77390313392 8.57028644646 4.01607355178 4.52837403781 5.03324814135 4.58721224128 4.05780725254 4.62812221373 6.33120647286 7.28495428759 5.39803938744 4.89002076415 7.03512695701 10.4910703823 10.039063851 9.93640031767 8.94312822494
-9999 -9999 -9999 -9999 -9999 -9999 -9999 -9999 -9999 -9999 -9999 -9999 -9999 -9999 -9999 -9999 26.0551028734 26.1363948874 24.877547491 25.5772989181 25.2240725022 25.4417853603 23.7610390694 23.479650873 23.0390580905 22.9552919627 21.885618636 19.7442027623 11.2592748408 18.5113136665 21.1566561972 13.7277393824 8.88041665697 5.74943345812 6.79245354721 6.98047186679 6.82884418333 6.97130953186 6.84302243691 9.06951447409 16.3750595907 15.7608577704 13.9887594135 8.08474143502 3.68312791103 2.52602759543 1.81982028212 6.16615110375 5.01928884463 4.01686713686 5.29016027417 7.93395202407 6.1177548412 5.09330961629 5.80778207725 5.19079846794 4.80328958885
-9999 -9999 -9999 -9999 -9999 -9999 -9999 -9999 -9999 -9999 -9999 -9999 -9999 -9999 -9999 -9999 31.9000706232 26.8151066627 25.5068504948 26.0701359783 25.1869297577 25.0850519411 24.2858546979 23.5877641546 23.2777389132 23.4814873892 22.177770937 21.6874546117 11.8367645774 17.5106918302 12.3463103551 8.77225380493 9.92782634131 7.03751243257 7.02828218972 6.89382484683 8.48590048328 7.01860132246 6.81382640037 7.31766557863 14.1337462002 11.5582509682 14.2045537433 13.9866148948 9.6778438158 7.01859208077 7.74097360515 8.53355066438 3.91685799074 4.79901842079 6.3974065184 6.71674200584 8.57103683306 9.04064128414 10.3829034394 7.924422658 4.84564665578
-9999 -9999 -9999 -9999 -9999 -9999 -9999 -9999 -9999 -9999 -9999 -9999 -9999 -9999 -9999 27.0660676378 26.8747967677 27.7191348931 31.2563933469 30.8983619532 24.9731616042 24.6339122585 23.7393762874 23.6542480846 22.9664214592 23.2506085812 22.2688896988 22.332796883 15.6411160151 19.9664255353 20.4132191113 20.5521728453 20.0795011217 15.5568076496 13.07314581 15.6072163118 14.3453472394 13.5830135682 11.753080257 6.81068161841 12.4260853198 11.813320739 8.76333202107 8.62996682807 8.07538846763 6.00995932532 7.79427744639 7.95326661365 5.72619407951 6.4760961052 5.02565946486 4.009103803 4.41370158469 4.90776339317 5.35251263198 5.51577412993 6.06116225938
-9999 -9999 -9999 -9999 -9999 -9999 -9999 -9999 -9999 -9999 -9999 -9999 -9999 -9999 28.0499952445 27.578258298 27.0521652894 25.6852725387 31.4601065424 30.7989364583 25.3800659832 25.352291532 23.860982441 23.882931645 22.7402545218 22.8619986122 21.8837109128 22.1460005739 21.3792274414 21.3929150376 19.8464268065 19.9831639472 17.413514331 15.8209276069 14.3965922487 17.9361417696 14.0906065804 12.0149177525 7.23660992756 12.0630039204 11.9483677622 7.50582788947 6.44672225936 7.14777789511 4.19922107991 3.38603021953 7.11711671516 6.35762892784 6.24869326308 5.0768775047 4.46825901432 4.42801195241 4.72802726266 4.6223181237 4.34611402438 4.61731468174 4.73023125646
-9999 -9999 -9999 -9999 -9999 -9999 -9999 -9999 -9999 -9999 -9999 -9999 -9999 -9999 26.2818942726 26.7620943733 25.7961886519 23.5807276996 21.7437645748 23.3884037682 24.2125477336 24.6017640987 23.7480520625 23.8099657693 22.4353239734 22.2117017314 19.455056125 19.5534057509 18.8467411749 21.2718610305 20.5533191239 19.0021080619 15.1049844832 14.5315181032 12.9907600154 16.1767394238 17.0342421875 18.541371152 13.6419304391 13.8356087909 15.2040082214 14.5820187983 7.88389518292 7.18921726932 5.86925768388 2.92262610606 5.57192816745 8.99203405875 8.61519121582 9.77020190909 9.59876467532 9.528218013 7.09293318637 6.20466116642 6.92849179035 6.63262441136 4.95618626569
-9999 -9999 -9999 -9999 -9999 -9999 -9999 -9999 -9999 -9999 -9999 -9999 -9999 -9999 -9999 -9999 26.0218744534 24.2760855147 23.6407426867 23.5317556065 23.2657024111 24.4999325684 24.1462907801 24.0939885252 22.6386287265 20.6264512656 16.3843444794 16.7395597172 14.9543337031 16.8769108672 17.6354590175 15.6637480383 14.6465040739 13.732907676 13.5650864279 13.6234858488 14.8123668726 13.9103604504 15.6512878658 14.6791332567 10.3454866209 10.1110376649 13.1497143046 11.4884017247 3.85394882326 4.8547766957 3.98044981771 4.50487516237 5.89660628696 7.10528192889 6.79457671867 7.00366695357 6.06551248543 5.23990959504 3.59400607495 3.80233419271 5.55674980109
-9999 -9999 -9999 -9999 -9999 -9999 -9999 -9999 -9999 -9999 -9999 -9999 -9999 -9999 -9999 -9999 24.5374675849 24.3445306285 23.9017164024 22.7609724402 22.0789422614 22.8469160573 23.3322721279 23.4386599552 23.1428832722 21.0116560748 18.1993945374 17.9444607525 16.7258073203 17.1127996553 17.3350859138 17.0202718661 15.363434193 14.1893670047 11.6267595671 12.0826516697 11.963427781 13.0089775728 9.78608206858 8.66252775506 9.65362018473 11.5154675266 8.98002582811 10.8142747282 9.67368556433 4.02404359412 1.51315190946 2.6935146109 5.03587770809 3.99260606028 3.16669249051 3.21380214246 2.4897429387 2.81462440887 2.61125448763 2.6280523655 2.54580414348
-9999 -9999 -9999 -9999 -9999 -9999 -9999 -9999 -9999 -9999 -9999 -9999 -9999 -9999 -9999 -9999 -9999 -9999 23.9535300077 23.2123139971 21.6060446823 22.0453195847 23.6243424283 23.714596706 22.9317444253 22.9128740499 17.7800111343 17.5580150339 16.7142869 16.7483929866 14.9693578633 14.2255865759 13.6627855412 14.0887197957 11.5066492961 12.9169960072 12.4725113163 10.4725970862 9.48324368426 10.9270221632 8.51008533992 7.78150040664 6.99733775231 6.95514947525 5.79236793876 5.68145383253 1.94240390075 1.98247686993 3.23714390477 3.15619379908 3.48626012893 3.86772660028 2.53809879067 2.60151615342 2.80467535585 2.98785434508 2.7320111875
-9999 -9999 -9999 -9999 -9999 -9999 -9999 -9999 -9999 -9999 -9999 -9999 -9999 -9999 -9999 -9999 -9999 -9999 -9999 21.9226489235 21.6947563271 21.9534387078 21.8631497614 24.7649782538 23.5022391069 23.3398723868 21.3084803029 17.5521777632 14.9903604685 14.7484717566 14.4219539206 15.0078072362 13.0942359666 12.7142196995 10.2931861835 9.53103172327 8.8975161428 10.932273485 9.42399358042 9.95411817527 7.66625185351 7.13851393049 5.78722499777 6.94530305248 6.62312720643 6.86695156371 4.18801185773 1.66199233202 1.17275666491 2.66371373461 2.40338419362 2.96938540072 2.28995939305 2.26976580697 2.55234770107 2.44934527433 1.96096973715
-9999 -9999 -9999 -9999 -9999 -9999 -9999 -9999 -9999 -9999 -9999 -9999 -9999 -9999 -9999 -9999 -9999 -9999 22.9012808315 23.2806834901 23.1077919936 22.9869745 21.7305046108 24.3042077302 23.3873800824 23.3347858876 22.1807832681 20.6652808524 15.9228191827 15.4210391751 12.2513365599 6.90095034772 13.5827057603 13.1701167078 11.9920021314 13.1341658318 14.0154934008 13.7064928732 12.6421170145 11.9651528691 10.1126241413 7.65895001681 6.55672699477 8.32672505122 7.35013634533 7.95501018519 6.06796726696 7.41796095979 4.23160949634 1.60756192831 3.31400688149 4.4687255521 4.58321864339 4.63343084902 3.40022433994 3.00377620913 2.604648094
-9999 -9999 -9999 -9999 -9999 -9999 -9999 -9999 -9999 -9999 -9999 -9999 -9999 -9999 -9999 -9999 -9999 -9999 -9999 24.5619160401 24.3740695965 24.1422432396 21.8909855647 24.5540338809 23.9431423069 23.813168249 21.9694174402 22.1489213803 18.7380193131 20.1347144638 15.3821463289 15.3638006702 16.9482766416 13.9683599885 12.6766668507 11.534491683 8.51133711204 7.57477732275 6.33446360106 6.33684994478 6.40323269724 7.87112654587 8.19286933513 9.00531732351 8.37264508486 10.9258484329 7.49611718712 5.87500193296 4.86494818111 2.44198385488 0.785467743592 7.80819209306 8.25824048801 6.31373277704 6.6059287895 1.52639221035 1.72716239155
-9999 -9999 -9999 -9999 -9999 -9999 -9999 -9999 -9999 -9999 -9999 -9999 -9999 -9999 -9999 -9999 -9999 -9999 -9999 -9999 23.6488020266 24.030386021 21.9422495294 24.2774197642 23.4384559936 23.7048228501 21.8391467656 22.2958539193 22.4180522537 22.0675912337 20.8718482319 20.6399033224 15.4257438221 13.0053894084 10.594642533 12.471180605 11.3049873249 11.9764126537 11.4346497789 10.6099819682 8.14389569608 9.91541480431 9.3827993467 8.39912209409 9.99834342292 8.91870203835 7.24774223303 8.04539820115 6.67351322449 5.94911119598 3.62782735232 1.84991896139 0.825955966176 1.46642378878 6.3512379541 0.95078065882 0.902883790836
-9999 -9999 -9999 -9999 -9999 -9999 -9999 -9999 -9999 -9999 -9999 -9999 -9999 -9999 -9999 -9999 -9999 -9999 -9999 -9999 -9999 24.4963579886 22.686074098 23.0576209575 23.112303103 22.8164993502 22.0170280646 22.9479004943 22.2142995696 22.0037453674 21.1994541009 21.8843792416 15.9776434009 9.89786677628 15.3183528887 14.9160406368 12.1587319451 10.1506281963 8.9504460043 9.38746475721 11.0855128229 11.509168974 11.7828751763 8.82282232379 7.22165223418 5.66732318212 6.53718037697 7.13173312409 6.63629174677 7.98354513982 8.12217657919 7.85886681186 3.67201837871 1.51098881188 0.474445156861 0.591042280364 0.63067622951
-9999 -9999 -9999 -9999 -9999 -9999 -9999 -9999 -9999 -9999 -9999 -9999 -9999 -9999 -9999 -9999 -9999 -9999 -9999 -9999 -9999 23.6147693104 22.1141605532 22.1005129433 24.003189358 23.8914723208 22.8143204837 21.1150814434 19.4723349631 21.4602986361 9.63884458648 20.082484742 17.2016537452 15.152721249 11.136278122 11.8873227767 10.4178270288 10.4036902865 9.22050375966 11.0284126344 11.1755302735 10.8349869195 8.66684140757 8.27439742279 9.22847521983 8.82142269148 7.8844236107 7.70084944339 5.14822344034 5.39027847749 7.3425378525 5.4845028596 3.69339814149 0.992952809451 0.771032119051 0.509507292412 0.506433593842
-9999 -9999 -9999 -9999 -9999 -9999 -9999 -9999 -9999 -9999 -9999 -9999 -9999 -9999 -9999 -9999 -9999 -9999 -9999 -9999 -9999 -9999 22.3427956424 22.9811616508 25.0225158758 24.3331418044 23.1220775403 21.5838993352 17.8059469318 18.3849862321 19.0843847765 19.4186363467 15.8958607727 15.0071932908 14.8642792955 13.1564000098 12.6430279769 11.9977710063 11.15164203 11.3162232898 11.3180648218 8.40568768284 8.60180683836 10.4224895185 6.18985174983 5.55712286904 4.39207893203 5.43133292346 6.6631471711 9.46243683886 4.48561785342 6.75023491435 7.10638439486 1.42730549648 0.51412799718 0.457030779282 0.474390799718
-9999 -9999 -9999 -9999 -9999 -9999 -9999 -9999 -9999 -9999 -9999 -9999 -9999 -9999 -9999 -9999 -9999 -9999 -9999 -9999 -9999 -9999 22.5637106456 22.3752407595 24.8055607668 24.653516471 23.4891419588 19.9323942613 18.2173195878 18.4935838468 17.1829558596 17.3684933947 16.6590311773 15.3129511588 13.301943422 15.1406139425 12.41172086 11.8971556408 12.6767927893 12.5600878358 9.28390147458 11.4793564346 8.73085438092 7.25343740903 6.22833137752 7.07122611738 8.18821243132 8.32855042569 4.951164432 4.8371890752 4.6687423967 9.00752711827 1.01668573172 3.23847693064 1.17477591782 1.0071082472 0.671554393601
-9999 -9999 -9999 -9999 -9999 -9999 -9999 -9999 -9999 -9999 -9999 -9999 -9999 -9999 -9999 -9999 -9999 -9999 -9999 -9999 -9999 -9999 22.703436518 23.0688275678 26.1563253304 25.1107687958 24.235340218 21.0546119437 19.2177053057 19.860417848 18.1780074615 17.3568054863 16.1495418966 15.7968965461 15.6281942298 13.2028119116 12.4079937821 14.4417110572 13.0109767241 12.2865870965 11.7423911796 9.9820351799 7.26842899932 8.75620818019 9.91476666919 9.25799935814 8.46155212095 7.45374096303 5.65071741764 5.65973960886 6.72494331177 5.62133008943 2.41779691925 2.73819402753 3.04719140984 3.51654780456 1.194121105
-9999 -9999 -9999 -9999 -9999 -9999 -9999 -9999 -9999 -9999 -9999 -9999 -9999 -9999 -9999 -9999 -9999 -9999 -9999 -9999 -9999 -9999 -9999 23.4215902822 26.3271372782 25.2537232773 23.6512865323 20.012147128 18.5545616575 19.5453201677 18.2289089449 18.7789770149 17.6400764904 17.7842893875 14.7590213094 15.4530517984 15.014025051 14.0485897954 10.5066508173 9.99613633595 7.59245683944 9.53246470422 10.9560858675 11.0003236998 9.44162035204 8.58802272541 5.01138955925 4.47978653472 4.10670603056 4.40900575263 3.45545933865 4.22274258368 4.29271692247 5.07150958016 1.61303097518 1.13260779003 2.87940797628
-9999 -9999 -9999 -9999 -9999 -9999 -9999 -9999 -9999 -9999 -9999 -9999 -9999 -9999 -9999 -9999 -9999 -9999 -9999 -9999 -9999 -9999 -9999 22.8416479431 25.8670549405 24.8159749087 23.6000682334 21.8044988041 19.710059847 20.5816257464 19.6316377421 20.0229524449 18.5507716132 18.1461475312 16.0348289445 15.7334875404 14.1430892317 13.0562248989 11.9117093932 10.0471431646 13.3002027286 13.3775360116 12.3458410922 9.92700249716 7.14858241153 7.65501856728 8.19053398037 8.5705352963 6.64259158603 6.48561833322 7.04138305291 7.32770421854 4.70431496415 3.78854809266 3.48966383588 5.25785856714 3.60982994715
-9999 -9999 -9999 -9999 -9999 -9999 -9999 -9999 -9999 -9999 -9999 -9999 -9999 -9999 -9999 -9999 -9999 -9999 -9999 -9999 -9999 -9999 -9999 -9999 26.6659584063 25.0925938805 23.760960186 24.3340160749 20.7639695758 20.1215795732 18.0335975567 14.0604267158 17.2299176775 18.3240483201 17.4524848389 14.1026028502 12.235556141 14.8619808772 13.9162469771 14.3574643458 14.0162003519 10.3042810164 7.83655413356 9.23762898781 9.76569427319 9.08586258856 6.46832484205 7.82888405563 8.36167692326 7.17549422408 5.2165279877 3.91375852889 3.84000768047 8.02559048723 5.31138622295 3.83811623552 3.9545726462
