data/recharge/transience/recharge346.asc
ncols                  80
nrows                 72
xllcorner      4374000.0
yllcorner      5656000.0
cellsize            500
NODATA_value       -9999
[rows 25 to 49 of 72, columns 0 to 54 of 80]
-9999 -9999 -9999 -9999 -9999 -9999 -9999 -9999 -9999 -9999 -9999 -9999 4.82257876424 4.75733830198 4.19894697284 3.61108270045 2.52379745755 2.66452580972 1.95224704296 2.20763280441 1.90648656902 2.12869523152 1.75196245126 1.02100993551 1.07931459293 1.26919629921 1.08124863139 1.01745789342 0.700936498207 0.575552221052 0.431467340128 0.387774001357 0.46954377654 0.488761241328 0.155950976407 0.372410159608 0.333500425634 0.228298260026 0.145813588914 0.199575561097 0.180936029607 0.157164480825 0.354059721285 0.580960769602 0.562440207347 0.57458337317 0.58193551035 0.578354311273 0.54355701001 0.581981570487 0.483273598302 0.20651845925 0.0816778469628 0.0607388688598 0.0621755385276
-9999 -9999 -9999 -9999 -9999 -9999 -9999 -9999 -9999 -9999 -9999 -9999 -9999 4.37219861012 4.42584705229 4.59957270331 3.21011325636 2.90746570893 2.20169860481 2.05047228885 1.90806566999 2.27374351756 2.3557359048 2.22184794629 1.3911006867 0.964456780806 0.918055184533 0.660033690598 0.633355633386 0.717509055178 0.497096311684 0.450488337639 0.677897482335 0.166707807065 0.151308660029 0.148107153793 0.316749567876 0.176247600647 0.212184914922 0.1643807526 0.128587465571 0.159663118413 0.081281765363 0.118899166937 0.145006722439 0.235901148465 0.386123254888 0.372588278902 0.141276535329 0.0669878317062 0.0526996285818 0.056865387285 0.0651869363377 0.0779246894615 0.120375081384
-9999 -9999 -9999 -9999 -9999 -9999 -9999 -9999 -9999 -9999 -9999 -9999 -9999 -9999 3.66244495146 3.72282753547 2.92636054512 2.50824751624 2.12480936418 2.29812843065 1.85602251403 2.42703397241 2.25897729343 1.79264964633 1.02925763782 1.06474189708 1.12765843631 1.18811459948 0.734743954075 0.559501978464 0.520714349569 0.781701456682 0.918561372857 0.2733310004 0.192097005394 0.246914190689 0.258292212074 0.169174501178 0.182043420789 0.143911031614 0.138534348948 0.130915818591 0.14086010159 0.0982184943247 0.0641553990552 0.0778491663235 0.0585665245961 0.0575024631398 0.0510803872356 0.0640239558322 0.0615514435215 0.0438484362338 0.0415638420836 0.0720746247612 0.15771537912
-9999 -9999 -9999 -9999 -9999 -9999 -9999 -9999 -9999 -9999 -9999 -9999 -9999 -9999 2.26227078407 3.41800946158 3.16549102069 2.65688373284 2.24339265518 2.38526532541 2.21911462261 2.48195161593 1.75013012533 2.37699569945 1.9079222913 1.84164094412 1.04062280914 1.25617399293 1.34677997204 1.25372174975 0.879717017671 0.84367016353 0.854993819792 0.868651272162 0.252256374108 0.198552146674 0.228472197503 0.116809644999 0.120146687054 0.134577610879 0.0975626592067 0.118655006181 0.115320011359 0.126678724148 0.0891429836199 0.0670676942142 0.0422728850801 0.0822355789053 0.098622091737 0.044630724413 0.0706695596592 0.0856325825051 0.10387936445 0.126721116993 0.136335115984
-9999 -9999 -9999 -9999 -9999 -9999 -9999 -9999 -9999 -9999 -9999 -9999 -9999 -9999 3.75579505393 4.50850896807 3.72816407026 2.9153442132 2.62181667405 2.59420087797 2.12456668743 2.3724130608 2.18494128041 2.03970118927 1.48672050587 1.38236257427 1.43053607553 1.63988741579 1.14639185054 1.27668228708 1.04109586996 0.934976229061 0.795715241946 0.43512577123 0.484391174866 0.167247973162 0.186809003645 0.13784859349 0.143841595454 0.133705632349 0.104652990569 0.128947735758 0.0984314756583 0.102364019002 0.0601334110508 0.069346401742 0.0441698511688 0.0668538189157 0.149569903978 0.152580015232 0.0986692313804 0.045197544395 0.0907115592197 0.0819029847253 0.0682877450427
-9999 -9999 -9999 -9999 -9999 -9999 -9999 -9999 -9999 -9999 -9999 -9999 -9999 -9999 5.64830160039 4.94467113194 4.54283480984 4.22998110677 3.60446418363 4.12253941377 2.81246808456 2.68258760427 2.58406276757 2.12783834562 1.25318161718 1.42365472747 1.13016741248 1.77329112245 1.31208190435 1.21834411918 1.04971392193 1.17023179569 0.948733999608 0.588062437436 0.179001684879 0.181757771338 0.124127048526 0.25431015911 0.0849465711918 0.130830396326 0.0630104180823 0.0680342248564 0.0600086703957 0.0677791948906 0.0489734760282 0.0497127643416 0.0885747851648 0.0861309485077 0.253328207104 0.3168847972 0.183336817135 0.226182089746 0.118728966768 0.151073733193 0.156900286243
-9999 -9999 -9999 -9999 -9999 -9999 -9999 -9999 -9999 -9999 -9999 -9999 -9999 -9999 -9999 4.28175479837 3.93313742163 3.45458488073 3.73997124012 3.20518999355 2.08111405378 2.13461841029 2.28529707812 2.26754816937 1.24028412057 1.56519396078 1.18976770657 1.36904519751 1.30001101312 1.14685898148 0.871361389583 0.859809525437 0.673737222054 0.668181993006 0.200729681264 0.203496137051 0.149562705654 0.145266434779 0.117834472796 0.0990690729498 0.0615268061217 0.0951610277192 0.0193823328455 0.0245528465902 0.0353303787275 0.0260350324108 0.0216803794714 0.0260016818092 0.043210612352 0.0648249854983 0.0589711908072 0.0504608762534 0.0971551270003 0.215978902567 0.212108914755
-9999 -9999 -9999 -9999 -9999 -9999 -9999 -9999 -9999 -9999 -9999 -9999 -9999 -9999 -9999 -9999 3.93158482672 3.15406595436 3.25879485839 4.05650937949 3.39037105972 3.13565531957 2.05779951325 1.55266725329 1.37682181552 1.30485826755 0.950971135474 0.944195196464 1.08669145372 1.04936198655 0.998105325793 0.892324579905 0.753802386662 0.588543380802 0.176924311467 0.204583107111 0.16824940918 0.188938527859 0.160320881412 0.22030608248 0.284020547741 0.261990904578 0.152520714911 0.0555810432652 0.0180383606386 0.0114045631473 0.00808477366585 0.0499102786035 0.0493115360692 0.0348766934366 0.0588967490299 0.111994501941 0.0806392294605 0.0609888153195 0.0815438657727
-9999 -9999 -9999 -9999 -9999 -9999 -9999 -9999 -9999 -9999 -9999 -9999 -9999 -9999 -9999 -9999 3.48215525825 3.76749513855 4.00608424211 3.34869856644 2.61281791727 3.39159925819 2.55400956216 1.65472998193 1.37803499067 1.53896099785 1.04199836951 1.00025265497 0.938122189723 0.945566604603 0.731684587513 0.774381932397 0.719472378598 0.776548414356 0.311706286192 0.191762438845 0.231036865324 0.196893579473 0.15658897346 0.147733207756 0.16911757086 0.154546704169 0.172360943982 0.195295485265 0.088109236254 0.0477019574922 0.0507410684135 0.0732696151939 0.0333258653529 0.0458749704929 0.0791939106665 0.0854987387469 0.140360312185 0.155733212693 0.235589835911
-9999 -9999 -9999 -9999 -9999 -9999 -9999 -9999 -9999 -9999 -9999 -9999 -9999 -9999 -9999 2.32070390073 2.38834897917 2.55248528362 3.24950778464 3.14616319362 2.71444844046 2.8729808821 2.08191968057 1.67634743 1.23936118318 1.34398654465 1.04780467172 1.08865051131 0.906008451765 1.04893275298 0.906224678504 0.933304527836 0.831753429831 0.541707388734 0.277963653301 0.195249708895 0.189701156895 0.224943765265 0.173232846927 0.0934555685684 0.109242194165 0.10004471111 0.0653786053366 0.0634801418945 0.0623186763698 0.0373181165813 0.0448987290382 0.0770666042231 0.0499161107972 0.0746922278083 0.0556021907565 0.0392743256223 0.0503953586311 0.0591495599285 0.0737762373611
-9999 -9999 -9999 -9999 -9999 -9999 -9999 -9999 -9999 -9999 -9999 -9999 -9999 -9999 2.7597254358 2.59841096765 2.50195498691 1.97133681565 2.25074332935 2.87878181644 2.29193647522 2.60557558278 1.74499352471 1.82860291461 1.24689409573 1.17251562553 0.906364180445 1.05262665074 1.10918993561 1.10784157667 0.806172928539 0.82440182368 0.477861714363 0.378633833661 0.309395250345 0.32819989463 0.214800298476 0.157553443457 0.0386757362988 0.0959804803693 0.0959259334219 0.0454092475022 0.0378608699756 0.0450531174394 0.0218517354214 0.0165570307008 0.0410275779321 0.0511293112255 0.0704148267762 0.0510729727625 0.0462885270917 0.045653652647 0.0559062902592 0.0541122852306 0.0541297777247
-9999 -9999 -9999 -9999 -9999 -9999 -9999 -9999 -9999 -9999 -9999 -9999 -9999 -9999 3.2326387393 3.38181702628 2.94907498487 1.81126164914 1.40795102287 1.43412510407 1.80368485218 2.18516939961 1.73616126553 1.8592339176 1.1949316897 0.974403242559 0.577238344063 0.622115658204 0.603967404092 1.03514690856 0.902240057473 0.704792319161 0.558958261655 0.461407775698 0.299044098899 0.410466702745 0.288956508728 0.407482953007 0.154928663144 0.161116161915 0.232522120766 0.203860629154 0.0554013533588 0.0469979771882 0.036895616248 0.0141128335929 0.0374301103405 0.0878870347846 0.122605158482 0.161249252013 0.170412796435 0.167187891927 0.10591170338 0.0858491000815 0.112033269617
-9999 -9999 -9999 -9999 -9999 -9999 -9999 -9999 -9999 -9999 -9999 -9999 -9999 -9999 -9999 -9999 3.01748389936 3.09410041286 3.14329334882 3.0399455972 2.0374285279 1.85177286431 2.03528771844 2.04911894581 1.28263833147 0.909941186916 0.390925695372 0.427391637388 0.285261976554 0.566814394923 0.587071119703 0.54259520899 0.474531167453 0.359728545574 0.36059773649 0.366667253594 0.26846269604 0.146289979868 0.259865256905 0.308622486546 0.137823317184 0.109473107969 0.140867629275 0.091123059577 0.0198689690955 0.0275184252034 0.0227331196869 0.0302989736423 0.0653740716454 0.0885684953265 0.0904734516617 0.0949238968984 0.0830372145355 0.0667198445224 0.0416066257946
-9999 -9999 -9999 -9999 -9999 -9999 -9999 -9999 -9999 -9999 -9999 -9999 -9999 -9999 -9999 -9999 3.73717201815 3.41082201761 3.2181706669 2.04669940745 2.05558945587 2.07403139787 1.49712333333 1.66078138963 1.5124316727 1.16104824065 0.732925794287 0.671406377161 0.512208421344 0.658373166998 0.728166222356 0.660883194905 0.443381939891 0.391098170984 0.216180369043 0.240486808151 0.240104362661 0.315704866488 0.161095375531 0.140040292536 0.183820564085 0.278820009276 0.143430859442 0.166401461972 0.111632028801 0.0214459410233 0.00683462023691 0.0146209597662 0.0521690100422 0.0365285471424 0.0281881462368 0.0288657743123 0.0213786569878 0.0258920181375 0.0255612719604
-9999 -9999 -9999 -9999 -9999 -9999 -9999 -9999 -9999 -9999 -9999 -9999 -9999 -9999 -9999 -9999 -9999 -9999 3.301579238 2.44992810203 1.63666812763 2.0108919493 1.79223750263 2.00729831514 1.40932457607 1.18738349244 0.616151675635 0.628357255709 0.545402788184 0.594068584597 0.379810729387 0.315146540883 0.276954887249 0.331318298471 0.210617498559 0.296436420716 0.272548578942 0.169787569185 0.141793801802 0.229648012414 0.141589318764 0.118176721132 0.0885508761863 0.0875439874321 0.0769589311449 0.0562273685276 0.0096928984199 0.00976675885813 0.0203736449303 0.0232073609138 0.0323019967888 0.0377980857129 0.0219656858197 0.0227928983303 0.0285591932657
-9999 -9999 -9999 -9999 -9999 -9999 -9999 -9999 -9999 -9999 -9999 -9999 -9999 -9999 -9999 -9999 -9999 -9999 -9999 1.79377133578 1.73262998515 1.96415113554 1.702505797 2.76658947276 1.72340028744 1.61111303095 0.914213685973 0.629548124583 0.396415447053 0.372684847348 0.344697106662 0.376222556105 0.244770120133 0.228668197514 0.134777857279 0.109652968576 0.0960688855076 0.160063560768 0.130778163765 0.170669917068 0.113897666997 0.0987287063051 0.0714120219384 0.100708972429 0.0993250237805 0.106736947917 0.0369558027215 0.00790513489967 0.00542549742702 0.0157571979153 0.016100935498 0.025473678355 0.0188024697284 0.018535956468 0.0249424841035
-9999 -9999 -9999 -9999 -9999 -9999 -9999 -9999 -9999 -9999 -9999 -9999 -9999 -9999 -9999 -9999 -9999 -9999 2.7303835357 3.19349851692 3.18516887081 3.02422536865 1.9020884049 2.13112421853 1.66297691318 1.72474208611 1.23803106173 0.918104717321 0.505108164447 0.440831134593 0.290708247408 0.25917800759 0.214427938264 0.226913325951 0.163294228205 0.213957450526 0.278284955855 0.254042204637 0.204318367596 0.1984251466 0.19652177809 0.113578512354 0.089795328746 0.0789451497421 0.0646480488292 0.0634801569438 0.0912347270757 0.0720860528827 0.0284598078717 0.00837704857927 0.0188185516781 0.0335252957528 0.046156760609 0.0550134271807 0.0387222115588
-9999 -9999 -9999 -9999 -9999 -9999 -9999 -9999 -9999 -9999 -9999 -9999 -9999 -9999 -9999 -9999 -9999 -9999 -9999 4.24843618985 3.93655537471 3.57777252415 2.05282956953 2.1461120516 1.95846609267 1.92001876984 1.06141982936 1.29660084679 0.71051800563 0.956176288607 0.874535153702 0.861782594938 0.417951579218 0.262201756213 0.199923302832 0.146078346378 0.0825430441552 0.0677036969733 0.0512900778963 0.0512560255135 0.0610626546059 0.112415720025 0.0802211370532 0.093738100584 0.0940660487734 0.188012636864 0.138042871687 0.0814920280057 0.038766118326 0.0140563260696 0.00296610571811 0.0261749944659 0.027875829817 0.0337465506102 0.0399691385741
-9999 -9999 -9999 -9999 -9999 -9999 -9999 -9999 -9999 -9999 -9999 -9999 -9999 -9999 -9999 -9999 -9999 -9999 -9999 -9999 2.80689410873 3.32742720882 2.10563389171 1.97281685491 1.55902516583 1.82495435674 1.0550314646 1.36735938397 1.43559216134 1.26257836848 0.884613594993 0.84093256551 0.267176332338 0.418207793608 0.283579927575 0.263284417449 0.157190879562 0.201503552591 0.172395595105 0.154340492917 0.103552878235 0.162604151953 0.178505430726 0.145119556016 0.229146673111 0.178849203315 0.129669057974 0.158484549818 0.111797648333 0.0587340083916 0.0281351814749 0.0121663113997 0.00427833369303 0.00475030133537 0.0224602391846
-9999 -9999 -9999 -9999 -9999 -9999 -9999 -9999 -9999 -9999 -9999 -9999 -9999 -9999 -9999 -9999 -9999 -9999 -9999 -9999 -9999 3.00824911715 2.42613347456 2.42351870472 1.41089682187 1.26130010956 1.07477766991 1.47236706683 1.220417767 1.12569688658 0.907902750881 1.06166659098 0.350358939734 0.404182573031 0.42471320095 0.390762272106 0.249820677872 0.127208146442 0.101929512019 0.130623631222 0.213610480694 0.237052909227 0.289877614685 0.162593285391 0.120407167751 0.0770107277784 0.108988306422 0.128016569897 0.121822162657 0.173401773152 0.22042206824 0.0780670843432 0.0444737849861 0.0103262206412 0.00210789965772
-9999 -9999 -9999 -9999 -9999 -9999 -9999 -9999 -9999 -9999 -9999 -9999 -9999 -9999 -9999 -9999 -9999 -9999 -9999 -9999 -9999 2.26497277769 1.9413511946 1.95543516436 1.68291844124 2.06681098277 1.36460538958 1.06078793555 0.840315520821 1.21161662201 0.930376765531 0.878236729581 0.432223845363 0.363518587482 0.160996880241 0.232592907321 0.166731254255 0.118570161909 0.0859774958392 0.161735246953 0.218871764664 0.201323096692 0.131658725048 0.13022960372 0.195609591584 0.178106403939 0.15535672384 0.14828009197 0.0655319953461 0.0818122801965 0.0627819480611 0.0311270285073 0.0149997947477 0.00576107754819 0.00450476271818
-9999 -9999 -9999 -9999 -9999 -9999 -9999 -9999 -9999 -9999 -9999 -9999 -9999 -9999 -9999 -9999 -9999 -9999 -9999 -9999 -9999 -9999 2.10781315022 2.71295763857 2.04514722045 2.03069023829 1.35601096657 1.2041418989 0.692538620295 0.806893036611 0.742915276649 0.808674540549 0.446974294299 0.470356746312 0.513234820325 0.329199301212 0.24780290514 0.203552852222 0.151870582661 0.18726350699 0.236258253173 0.118434990437 0.134862915611 0.20993303149 0.0887394050049 0.0764660102048 0.044062267258 0.0597182420347 0.093928278707 0.0958636886641 0.0274359134521 0.0283900154311 0.0474404999215 0.00915559295559 0.00245251647015
-9999 -9999 -9999 -9999 -9999 -9999 -9999 -9999 -9999 -9999 -9999 -9999 -9999 -9999 -9999 -9999 -9999 -9999 -9999 -9999 -9999 -9999 2.25663967918 2.14083540456 1.90926729176 2.36855559879 1.51876098865 0.95470409638 0.886548529294 0.936833350184 0.683702189719 0.718131220318 0.615262862373 0.573211235465 0.342040308429 0.558794709817 0.278313710558 0.210450321936 0.261035311507 0.298804945226 0.1459283338 0.245440892476 0.139304049737 0.0960292930925 0.0786351249218 0.116794813899 0.141321930739 0.175980649804 0.0727207896968 0.057874694817 0.0315223810584 0.0505295463546 0.00594430507435 0.0248410973725 0.00802702197179
-9999 -9999 -9999 -9999 -9999 -9999 -9999 -9999 -9999 -9999 -9999 -9999 -9999 -9999 -9999 -9999 -9999 -9999 -9999 -9999 -9999 -9999 2.18613458294 2.56913540381 2.61132568278 2.51030895 1.56186775605 1.48962727142 0.949420276952 1.27076152923 0.841342168084 0.686875674842 0.522105731537 0.607701758211 0.631697861604 0.342622412003 0.292672968821 0.48239749548 0.350652066928 0.294164710998 0.278438267158 0.183909705677 0.100956772275 0.147271564243 0.213425921199 0.188429941225 0.1859385578 0.144356389518 0.0930332644024 0.0932595382163 0.137626338002 0.0990484891594 0.0187353206221 0.0198942196366 0.0253491184905
-9999 -9999 -9999 -9999 -9999 -9999 -9999 -9999 -9999 -9999 -9999 -9999 -9999 -9999 -9999 -9999 -9999 -9999 -9999 -9999 -9999 -9999 -9999 2.86023192782 2.9428848215 2.61539513119 1.37203211762 1.29596923641 0.871395914181 1.17064335119 0.856581962295 0.98360903098 0.750502122199 0.918100297873 0.500730790684 0.601342144192 0.563052685952 0.436413995782 0.195387598017 0.171794922422 0.103277488264 0.165731960326 0.242049052442 0.251779504712 0.189123938838 0.152773470981 0.0652864427971 0.0578447189301 0.0527915453319 0.0598434080442 0.0415716156613 0.0594982809596 0.063165651685 0.0569055552603 0.0121635250136
