data/recharge/transience/recharge439.asc
ncols                  80
nrows                 72
xllcorner      4374000.0
yllcorner      5656000.0
cellsize            500
NODATA_value       -9999
[rows 0 to 23 of 72, columns 0 to 54 of 80]
-9999 -9999 -9999 -9999 -9999 -9999 -9999 -9999 -9999 -9999 -9999 -9999 1.05963477438 1.07770533655 -9999 -9999 -9999 -9999 -9999 -9999 -9999 -9999 -9999 -9999 -9999 -9999 -9999 -9999 -9999 -9999 -9999 -9999 -9999 -9999 -9999 -9999 -9999 -9999 -9999 -9999 -9999 -9999 -9999 -9999 -9999 -9999 -9999 -9999 -9999 -9999 -9999 -9999 -9999 -9999 -9999
-9999 -9999 -9999 -9999 -9999 -9999 -9999 -9999 -9999 -9999 -9999 -9999 2.90984935613 1.92861880427 1.48092740777 -9999 1.73046394492 -9999 -9999 -9999 -9999 -9999 -9999 -9999 -9999 -9999 -9999 -9999 -9999 -9999 -9999 -9999 -9999 -9999 -9999 -9999 -9999 -9999 -9999 -9999 -9999 -9999 -9999 -9999 -9999 -9999 -9999 -9999 -9999 -9999 -9999 -9999 -9999 -9999 -9999
-9999 -9999 -9999 -9999 -9999 -9999 -9999 -9999 -9999 -9999 1.99995248773 1.90580306554 2.33749253966 2.47361346426 1.59326407176 1.32033153578 1.06715175284 1.09711164688 -9999 -9999 -9999 -9999 -9999 -9999 -9999 -9999 -9999 -9999 -9999 -9999 -9999 -9999 -9999 -9999 -9999 -9999 -9999 -9999 -9999 -9999 -9999 -9999 -9999 -9999 -9999 -9999 -9999 -9999 -9999 -9999 -9999 -9999 -9999 -9999 -9999
-9999 -9999 -9999 -9999 -9999 -9999 -9999 -9999 -9999 1.87659158547 2.00183688034 1.95442563211 1.79148903678 1.96028499643 1.82910109174 1.65455428641 1.3767387583 1.80502899801 -9999 2.07244209492 -9999 -9999 -9999 -9999 1.52312887405 1.62346344246 -9999 -9999 -9999 -9999 -9999 -9999 -9999 -9999 -9999 -9999 -9999 -9999 -9999 -9999 -9999 -9999 -9999 -9999 -9999 -9999 -9999 -9999 -9999 -9999 -9999 -9999 -9999 -9999 -9999
-9999 -9999 -9999 -9999 -9999 -9999 -9999 -9999 3.16599569984 2.46774533819 1.85703237103 1.81212742301 1.72718733637 1.49885151858 1.57318394507 1.43318669446 1.2533145127 1.14748890416 1.05413515708 1.383039493 1.44202886066 1.59407056689 -9999 1.30624406542 1.89961778727 1.8187612221 -9999 -9999 -9999 -9999 -9999 -9999 -9999 -9999 -9999 -9999 -9999 -9999 -9999 -9999 -9999 -9999 -9999 -9999 -9999 -9999 -9999 -9999 -9999 -9999 -9999 -9999 -9999 -9999 -9999
-9999 -9999 -9999 -9999 -9999 -9999 2.64204426044 2.00957579946 1.87917152993 2.04798164903 2.34567914227 2.52598947433 2.09676782736 1.89112761327 1.52352554893 1.749057601 1.40292751766 1.27087983306 1.10611205034 1.35490358151 1.3704675097 1.51809394517 1.51732356871 1.34768211731 1.46920230206 1.38385021309 1.58023082993 -9999 -9999 -9999 -9999 -9999 -9999 -9999 -9999 -9999 -9999 -9999 -9999 -9999 -9999 -9999 -9999 -9999 -9999 -9999 -9999 -9999 -9999 -9999 -9999 -9999 -9999 -9999 -9999
-9999 -9999 -9999 -9999 -9999 -9999 2.76348632995 2.36384503077 1.67814680658 1.57010406183 1.45713512222 1.60137211706 1.57671625874 1.38799960338 1.31947186068 1.11789492529 1.11176314182 1.10233050507 1.33377924096 1.03518977901 1.1630243848 1.50113798092 1.3252332271 1.34918272521 1.22696886743 1.08665354672 1.53576089918 1.73663395111 1.82970150309 1.66099519403 2.43220759949 2.38395942253 -9999 -9999 -9999 -9999 -9999 -9999 -9999 -9999 -9999 -9999 -9999 -9999 -9999 -9999 -9999 -9999 -9999 -9999 -9999 -9999 -9999 -9999 -9999
-9999 -9999 -9999 -9999 -9999 3.67298243878 2.96651748575 2.92083482582 2.58170865444 2.77539616583 2.48665220468 2.07988071855 1.38416660351 1.39094889108 1.5788211892 1.60879405159 1.14629574304 1.17026413469 1.65523862323 0.934588352168 1.17326706403 1.09823088696 1.20433033523 1.27570468725 1.37090980413 1.49578436674 1.45888643929 1.3943075074 1.71058172651 1.64300413084 1.70086901576 1.85090999937 1.70213670068 1.59853091706 -9999 -9999 -9999 -9999 -9999 -9999 -9999 -9999 -9999 -9999 -9999 -9999 -9999 -9999 -9999 -9999 -9999 -9999 -9999 -9999 -9999
-9999 -9999 -9999 -9999 -9999 3.60958800653 3.15923923521 3.19613415467 2.65715930785 2.32486464764 2.18556350861 2.43746593419 1.37889793582 1.39995382267 2.0920229855 2.37353995175 1.2048783508 0.714459720874 1.11541380504 0.879905742812 1.16374156551 1.21916310323 1.45054270909 1.35039835067 1.24202509417 0.997440148453 1.14055506235 0.994084167677 1.278025255 1.11825835532 1.19042615258 1.10760379883 1.45508360994 1.34896748612 1.38142222419 1.29695333338 -9999 -9999 -9999 -9999 1.03192535485 0.928936867456 -9999 -9999 -9999 -9999 -9999 -9999 -9999 -9999 -9999 -9999 -9999 -9999 -9999
-9999 -9999 -9999 -9999 -9999 3.16392621505 2.82215739102 2.90175053177 2.88657288425 3.19325631272 2.74827105096 2.53710783937 2.11335105692 2.661309421 2.42821593327 1.79170587214 1.46575799894 1.82244671312 1.49892917906 1.9114999426 1.50818505215 1.12818162674 1.04749441884 0.97340729276 1.19483536972 1.10527515495 1.09509853606 0.904110992054 1.34798382549 0.989348585661 0.773618213865 1.18351525398 1.42428099597 1.31314079618 1.20316795628 1.38880448305 1.26158652428 -9999 -9999 1.11919483726 1.12282586683 1.0530638273 1.07545191736 -9999 -9999 -9999 -9999 -9999 -9999 -9999 -9999 -9999 -9999 -9999 -9999
-9999 -9999 -9999 -9999 -9999 -9999 3.68516355816 4.06367676085 3.06716414378 2.81356707689 2.22304364529 2.58982449298 2.58592940436 3.22605455567 1.45677751037 1.32198061499 1.41902584218 1.34166505383 1.13280996674 1.10610524175 1.21631816169 1.31341318111 1.18273385431 1.34659160907 1.143697439 0.95874033271 0.757902639814 0.883837342259 0.907795620862 0.941855314706 1.00156464692 1.12998337567 0.996618354084 1.0078497475 1.03518868412 1.09445655362 0.945410250013 0.83514051527 0.951405569207 0.905600889059 0.798513662142 1.05655728557 0.647524838837 0.551836556082 -9999 -9999 -9999 -9999 0.67415794567 0.576434363269 0.143801219487 -9999 -9999 -9999 -9999
-9999 -9999 -9999 -9999 -9999 -9999 -9999 3.32597950367 2.63085460566 3.2756817094 3.09760377942 2.61983957607 1.76952854452 1.34035835482 1.42655482457 2.11189290544 1.99875933437 1.91469860371 1.83805850147 1.39163830159 1.09298333716 1.10623424224 1.0777081569 1.09574202028 0.992776634514 0.836574748432 0.870175161749 0.928163870039 0.966766723948 0.896794371228 0.98986679277 0.982152359944 1.03578671464 0.961699529689 1.13506759286 1.12042353279 1.06848260245 1.02268693869 0.917966854898 0.914531056508 0.672582487617 0.628715983991 0.587271098057 0.688605238032 0.540954865371 0.631007047825 0.646897859679 0.506778296759 0.454327333413 0.41732888053 0.373470662957 0.294750422248 -9999 -9999 -9999
-9999 -9999 -9999 -9999 -9999 -9999 -9999 -9999 1.94103135264 2.01860471378 2.28000684468 2.71253029274 2.24067101455 2.5589066618 2.2306092985 1.9183798766 1.30327053042 1.31440873574 1.02299111034 1.23573121369 1.72347193905 1.60725774241 0.950250742367 0.809413919183 0.789733906983 0.780228076284 0.580442677173 0.784718372934 0.651214227647 0.531292427845 0.684781084276 0.706358631944 0.723320871891 0.661045965728 0.741858793032 0.672502210488 0.782034756089 0.836100099183 0.667145422431 0.658748048382 0.645170395842 0.581273917714 0.522973455776 0.456066668027 0.411341247412 0.357804694888 0.387309593803 0.321748927338 0.27594104846 0.286193682129 0.277573598658 0.303250202405 0.242822938825 -9999 -9999
-9999 -9999 -9999 -9999 -9999 -9999 -9999 -9999 3.10036797616 2.49237361065 2.00017949075 2.02438751274 1.86438646668 1.84060898228 1.43089612385 1.37520432807 1.2514107512 1.39464769934 1.23824797115 1.40499219858 1.57090980949 1.54606042303 1.34208400777 1.90523672457 1.29461459547 0.663058019311 0.944734992433 0.781457150092 0.713468986627 0.574078559087 0.575157639137 0.632591590597 0.58993594007 0.626640976887 0.764554383582 0.388624461863 0.816676478709 0.788068382478 0.664587629971 0.644309731299 0.572145719512 0.50042661848 0.468918602215 0.466745556167 0.359837490398 0.353647832107 0.379791941428 0.334739284111 0.289349989831 0.316525011038 0.291973450085 0.294222595933 0.29025989805 0.333198812674 0.259595651232
-9999 -9999 -9999 -9999 -9999 -9999 -9999 -9999 -9999 3.24972883127 2.44132952446 1.69874861234 1.71104777123 1.77333846495 1.51258119448 1.5328140213 1.76680157355 1.95809159432 1.93676405515 1.94697762372 1.73864734237 1.14483200024 1.09642013815 2.95017720226 1.91958363262 1.40141113083 0.751579930802 0.507380225711 0.316415568552 0.572404208612 0.555552556925 0.566292836136 0.537485962924 0.439932137272 0.506629436825 0.476569971367 0.615494551575 0.558018447284 0.468319025783 0.477403762176 0.411594134651 0.419810799731 0.310507038939 0.496197907616 0.31119001964 0.234800514912 0.194058281942 0.192126536268 0.204567780125 0.208160456481 0.212142961412 0.201065268297 0.223556982758 0.246654927593 0.271068663953
-9999 -9999 -9999 -9999 -9999 -9999 -9999 -9999 -9999 -9999 1.98630406301 2.01462831762 1.63286345409 1.72730076481 1.32426566305 1.1459211012 1.15030796965 1.67299823337 1.28841582463 1.01379414308 0.915478295053 0.881455310608 0.734237431938 0.757300951954 0.981026264216 1.47361936158 1.20160232363 0.759327257299 0.383164380856 0.366592374456 0.553984188032 0.559016704294 0.636310931743 0.517974223174 0.677491489313 0.599362417523 0.589520420317 0.558873640655 0.474989677303 0.480024568019 0.448530060557 0.439646815872 0.297441493307 0.347364090367 0.529774470631 0.509216826522 0.380368314674 0.232445440338 0.25814988711 0.239950516398 0.262694116856 0.247830721953 0.207646073703 0.248159670313 0.209929987747
-9999 -9999 -9999 -9999 -9999 -9999 -9999 -9999 -9999 -9999 -9999 1.04725720174 0.810284456886 1.09087858363 1.16211959664 0.938333782807 1.00620979021 0.982768347566 0.756496843729 0.86880406872 0.987737863368 0.965535234066 0.717706333455 0.503269152812 0.4140113632 0.294926412624 0.594114339008 1.08713773651 1.03248213664 0.198471316244 0.150312856791 0.388170320443 0.436423040063 0.459494081972 0.413151922559 0.368564730648 0.409762847764 0.404524561877 0.386705139047 0.386266771401 0.37632246839 0.315813891796 0.2917358034 0.224026302305 0.202760495974 0.18314831738 0.239757516593 0.307629512825 0.204104877454 0.205805066252 0.200448607064 0.239334679971 0.24955415147 0.206750594976 0.166698970995
-9999 -9999 -9999 -9999 -9999 -9999 -9999 -9999 -9999 -9999 -9999 0.720399953727 0.863033623839 1.10787907916 1.21441935222 1.0402749504 0.781310357027 0.71590943867 0.833795556571 0.847299948984 0.832015659639 1.02699938547 0.627426288342 0.591489804134 0.603812959914 0.746296217924 0.508908955871 0.561157265763 0.479893233054 0.802517231093 0.87903763741 0.677513329516 0.236090246028 0.273039082907 0.247376907289 0.348182032804 0.406766319545 0.419445998408 0.368600779127 0.323747995451 0.308766072078 0.401476579141 0.256582448736 0.267447115082 0.227357621258 0.281900648277 0.480732430684 0.621172289244 0.542855565718 0.273321128826 0.326035870715 0.289112792321 0.183903309904 0.250044506071 0.242486776459
-9999 -9999 -9999 -9999 -9999 -9999 -9999 -9999 -9999 -9999 -9999 1.86668601138 1.53890483444 1.37679591275 0.823842215468 0.922056867578 0.67684071382 0.494257112725 0.495926356294 0.583324301604 0.583345623788 0.607941894935 0.534273292336 0.405146637439 0.385926694451 0.378454291925 0.361688256911 0.348214312913 0.381467373136 0.286910330628 0.239512049911 0.526093503149 0.940307874649 0.830739728331 0.32352459816 0.0544404902143 0.170249678805 0.0863799774172 0.238666213162 0.201468771165 0.146085709643 0.267144537547 0.300312404571 0.362456107729 0.386722752944 0.497795764561 0.360095898877 0.29149036074 0.304032099122 0.311669869118 0.236098967236 0.293006415609 0.319303732216 0.386953657009 0.307693304752
-9999 -9999 -9999 -9999 -9999 -9999 -9999 -9999 -9999 -9999 -9999 -9999 1.01790479314 1.26546862266 1.1188401178 0.745817099592 0.70525914814 0.660142659624 0.516232877865 0.639357421941 0.618192145965 0.555803121654 0.542177234034 0.543943801474 0.416978273861 0.433937318847 0.373732467353 0.397144680475 0.371511397542 0.341399463106 0.338780915243 0.368036217889 0.26009266577 0.192917720486 0.417485118841 0.0719186020947 0.111166819926 0.11804099333 0.112380334048 0.314411765524 0.328425431178 0.291542977801 0.413502661095 0.512390980864 0.500999965113 0.490223388008 0.351600738792 0.299391599065 0.191845579565 0.245594792566 0.222194508069 0.159121342182 0.121796099642 0.12352285839 0.118294445749
-9999 -9999 -9999 -9999 -9999 -9999 -9999 -9999 -9999 -9999 -9999 1.3244647492 1.20332675819 1.37413696919 1.3105780619 0.678560184568 0.518570599915 0.686846374463 0.498232122451 0.570356864198 0.402210424032 0.389576524173 0.336075307256 0.351937625297 0.362992300294 0.352493180889 0.24946060528 0.271421995299 0.280994871925 0.263964141058 0.239372226529 0.256660459668 0.229677547601 0.224955651787 0.247653596265 0.142357160442 0.185457629727 0.0612590782618 0.0605407720452 0.216149784028 0.25923881339 0.228513486632 0.388551053691 0.50143570546 0.620968957125 0.611612610798 0.480240885057 0.471380970362 0.310068297161 0.305013605162 0.181555993443 0.0974281118376 0.0821921395495 0.0833947023852 0.0735185625091
-9999 -9999 -9999 -9999 -9999 -9999 -9999 -9999 -9999 -9999 -9999 1.44362204139 1.7982696529 1.67422359488 1.04160263455 0.712923109322 0.830571095061 0.760691744169 0.560262091782 0.545087139207 0.435214398789 0.4521498651 0.282139671996 0.396504477182 0.39711661433 0.397278122557 0.185846326079 0.269866847567 0.273687992502 0.492808653159 0.413394066729 0.266714504463 0.222235103209 0.225305425872 0.235848771555 0.0825416294204 0.0945101352018 0.207732324733 0.0961278751307 0.14848594534 0.207332001826 0.25407710651 0.307742592395 0.30199739098 0.29248168976 0.275018485481 0.335950742076 0.353993551256 0.302338670031 0.306420824713 0.173725144038 0.196349131689 0.157379347883 0.141353348696 0.125854499848
-9999 -9999 -9999 -9999 -9999 -9999 -9999 -9999 -9999 -9999 -9999 1.85979888274 1.69469329371 1.30459201523 1.24287157117 1.17848706538 0.614796690348 0.721047906049 0.61433054685 0.684134290693 0.304459801763 0.207152250241 0.400717687578 0.60650825319 0.382237941604 0.37999038147 0.402435579912 0.241825726441 0.21437848058 0.18040642113 0.190616500502 0.35032815613 0.367354092006 0.323419422431 0.229773341159 0.0445226522204 0.0229855661597 0.0127962134018 0.0611063826133 0.0518243020541 0.239283255166 0.285119508052 0.234043867389 0.178432581997 0.174082119827 0.175956696965 0.220310847255 0.214004242606 0.214869947236 0.196908995061 0.134802576937 0.0692819415707 0.0373983527953 0.0724370627675 0.065310917479
-9999 -9999 -9999 -9999 -9999 -9999 -9999 -9999 -9999 -9999 -9999 -9999 1.79878839658 1.61634982073 1.14832728537 0.968738384082 0.79162254866 0.843173985596 0.624573885253 0.693795049506 0.565300308689 0.768387127969 0.403817483182 0.329536076468 0.320191102809 0.307896463359 0.213228152182 0.242473625412 0.202602445265 0.153215259426 0.114739367309 0.141240135767 0.168815463021 0.193393422504 0.197227773162 0.0547752128773 0.0357710039853 0.019674320794 0.0854555491164 0.108533293839 0.233813406398 0.199817566307 0.204970885931 0.183912772591 0.189245916233 0.183748762945 0.186916804524 0.189848508462 0.181707857804 0.187310680965 0.163780087235 0.0424407877283 0.0347383467963 0.123246134763 0.0787514093267
