data/recharge/transience/recharge274.asc
ncols                  80
nrows                 72
xllcorner      4374000.0
yllcorner      5656000.0
cellsize            500
NODATA_value       -9999
[rows 25 to 49 of 72, columns 0 to 56 of 80]
-9999 -9999 -9999 -9999 -9999 -9999 -9999 -9999 -9999 -9999 -9999 -9999 41.261609532 40.5047180032 39.167221017 39.2694283746 35.7390495538 35.7579989674 34.6142707048 35.7146943511 33.9883051467 33.796249935 32.3643316279 22.5420242293 23.3912125035 24.6596983642 20.6529767205 20.8364914682 17.8182528285 16.2919243043 14.756229558 14.07706527 19.3297559251 21.7714080135 2.75139159423 17.3933775703 14.5453233859 4.61495528583 3.50089959977 8.97011424487 8.63395467057 9.54131278619 17.5206036962 21.9323893866 21.2739827117 21.5482443666 21.3404274995 21.2743202376 20.4178772453 21.3040424596 19.3420993064 11.2591391724 4.42695898283 3.67869273043 3.51430773356 3.6746679453 3.47645972951
-9999 -9999 -9999 -9999 -9999 -9999 -9999 -9999 -9999 -9999 -9999 -9999 -9999 39.8709400308 39.6466229651 39.5769488082 38.2226815853 38.2890343916 36.0050401049 35.0967939849 34.181555582 34.7724517846 35.0192165737 31.2683121623 32.3157263042 25.8826251721 21.0929914877 16.831160907 16.716667178 17.7563985648 15.4563830083 15.1339629041 23.3665052832 7.21622738211 2.52099615256 11.7241325245 16.9877869803 3.53959970645 8.70035631261 7.99075477696 7.23260754067 6.96218641658 4.81927637008 7.52079972016 10.0331454484 14.0231729208 17.5822505719 17.1586741266 9.99522505416 5.46943039011 3.64904612715 3.66510658785 3.74601640278 3.96269193896 6.10560338228 3.06309607268 2.92388080623
-9999 -9999 -9999 -9999 -9999 -9999 -9999 -9999 -9999 -9999 -9999 -9999 -9999 -9999 38.9561721907 38.4465645741 36.942422392 36.9325265487 35.738591019 36.6170653662 34.4081516104 35.9578829175 34.6557808326 33.1805288195 29.7510477615 29.7805947254 30.8093459113 29.5280577998 19.4122762907 15.8421484441 16.4142397686 25.3314954179 27.246968135 12.6153181819 3.28117741965 14.8826807256 15.1375511828 7.68931873448 8.29560613052 7.18881359459 7.51833997813 6.98253811125 6.42702001249 5.29229204243 4.27462870576 4.70452786392 4.02811351196 3.68553049061 3.65383781537 4.10083763277 3.80821218916 3.21168657497 2.98649848128 3.41968581322 7.70449861315 10.967661665 6.5598101773
-9999 -9999 -9999 -9999 -9999 -9999 -9999 -9999 -9999 -9999 -9999 -9999 -9999 -9999 11.8822090008 26.9682564334 36.5966833534 37.3085593076 36.0302456954 36.5300090683 36.1598475223 35.7730031843 33.2934055891 35.4874780045 34.6156430658 34.6129905696 29.2703298176 29.1329442389 30.2202824275 29.9893926347 25.469717063 15.842820755 25.4014842472 25.7998408084 3.51487284847 12.2505991046 12.6570078155 6.57251148308 6.50228404869 7.33047666895 6.26877196434 6.88236497564 6.63662321338 6.07403944263 4.9300293599 4.29306679189 2.89648968888 6.39310650325 7.10809663961 3.30628701689 4.03529495865 4.43250015199 4.60353433901 6.64208659505 10.7481881739 12.6741375058 4.79499888873
-9999 -9999 -9999 -9999 -9999 -9999 -9999 -9999 -9999 -9999 -9999 -9999 -9999 -9999 19.0234750796 28.3910138362 38.0641019672 38.3646300533 36.9991809586 36.828845131 35.220686992 36.0949703314 35.5001809778 34.7725676152 32.6098258795 31.617113171 31.0445223437 31.7907145049 28.2471476068 29.5553411324 27.8323664568 27.1824589356 24.9183936893 18.7211394071 16.0984216042 10.7757446633 12.0838530472 4.32701471334 7.6543210479 7.63285891058 6.40643083099 7.05371220094 6.26411082774 6.32362524249 4.20931398984 4.36242695497 3.49718735213 4.27238800806 6.16687600156 6.20818137693 4.05399985087 2.2067127835 2.12648129644 1.66505941796 1.57681893798 2.49522866644 3.85909596201
-9999 -9999 -9999 -9999 -9999 -9999 -9999 -9999 -9999 -9999 -9999 -9999 -9999 -9999 41.7435623392 40.3431802099 39.3049926539 39.5978976331 37.9569663699 38.7793857314 36.7037851499 36.0875399668 35.2632471419 34.5638273957 31.0298503438 32.1831868122 29.481070766 32.5009938952 29.387435414 28.792926042 27.7731420509 29.0407629421 27.0923368602 18.76649457 11.0426680018 11.1220651644 9.85286188863 13.7201484576 8.30842828495 10.1937343524 3.03363019961 5.06922441483 4.94406682238 5.24182947095 4.17449560673 3.66190895271 4.60549981265 3.50588341624 5.59626002515 6.89789573061 3.87559486844 5.20513055997 3.69744796246 5.21853692232 5.0850936701 4.46332914273 4.74895489099
-9999 -9999 -9999 -9999 -9999 -9999 -9999 -9999 -9999 -9999 -9999 -9999 -9999 -9999 -9999 39.4109011099 38.6436906107 37.6138904135 36.7879708303 35.8945999235 34.1373724732 34.8819220601 34.9753473187 34.7566613109 30.9487402048 32.242187443 29.558558832 30.059495463 19.0795414371 28.4027962966 25.2334888887 24.9910491997 22.7613841034 18.2356728001 11.6219649562 11.6898214722 10.7839285643 10.6426570491 10.0553780488 9.78809943817 8.28762165388 10.1207013046 1.31481789717 2.1930133512 3.45027140272 2.07565273547 1.02661131962 1.04652827969 1.85090153761 3.47373528053 3.52511135049 3.26542094896 4.3025785223 6.38231638405 5.87278685862 5.79399322906 4.9671223815
-9999 -9999 -9999 -9999 -9999 -9999 -9999 -9999 -9999 -9999 -9999 -9999 -9999 -9999 -9999 -9999 38.050940567 36.9792710954 35.986268182 38.3993600495 38.0386038848 37.1309614387 34.0450154219 32.272914643 31.5524759685 30.7418365569 27.7961530307 27.2787761787 18.2766855453 26.4364009639 26.3168511477 20.9227594522 14.444364373 9.89875636813 10.9770028014 11.7046062685 11.1762519326 11.7149302589 11.3158157822 13.9247462978 17.0302993348 16.8224994854 7.7369798936 1.40157789025 0.922069298099 0.785106303741 0.689637902647 3.30922888916 3.37295464851 2.83680489753 3.50187923083 4.77874747917 3.84612816788 3.35646320351 3.6568213376 3.36760538972 3.14024138857
-9999 -9999 -9999 -9999 -9999 -9999 -9999 -9999 -9999 -9999 -9999 -9999 -9999 -9999 -9999 -9999 40.0062637517 39.6694306078 38.7606170423 38.7366562699 35.7735179851 36.7943552451 34.7346876434 32.5073852192 31.2971164973 32.5917955271 28.7276517947 28.6350221594 18.8508240721 24.9549845277 19.1592302634 14.5942690446 16.2865764308 11.9369024165 12.6761508396 11.3840381295 13.4928117617 11.9004512441 11.2103797164 11.1894165067 10.9836059768 13.722190877 12.3786417631 4.44778560645 2.04959322771 1.34734810175 1.51987755355 4.67250082838 2.77295514712 3.25797184861 4.03775480995 4.1892808111 5.02455326444 5.28082410136 6.12418685479 4.64357212175 3.16078572076
-9999 -9999 -9999 -9999 -9999 -9999 -9999 -9999 -9999 -9999 -9999 -9999 -9999 -9999 -9999 33.4714130138 34.2607443604 35.9635454315 38.5762187929 37.8854570151 36.1360925984 35.6081713386 33.5447748216 31.9532949993 29.4397816432 30.4857518543 28.2294286507 28.4444619333 23.2534642418 27.1656158615 25.4608035988 25.8753768563 25.1011859496 20.6455932327 13.9080254173 7.44115804846 9.81763836102 11.7145567695 11.4225319846 9.06412678559 5.96045128962 2.83423293633 1.46706049152 1.4425721914 1.50951203605 1.16812467798 8.24300050047 7.92793282839 3.3279576923 4.11009462449 3.40822049418 2.87401609312 3.07378851004 3.32754260826 3.51469459284 3.59188543 4.11020197784
-9999 -9999 -9999 -9999 -9999 -9999 -9999 -9999 -9999 -9999 -9999 -9999 -9999 -9999 35.7472463691 35.0190889647 34.8719941197 27.2636236975 34.4608743178 37.0052555527 34.9646105289 36.1118424953 32.6012514039 33.0617853021 29.3962784958 28.7883867494 26.5294417338 27.6140644882 26.9816324031 26.976871973 23.8482318853 24.1822927891 18.7518098333 14.5458103318 10.5187682467 6.49195773052 15.162714291 12.3918854843 1.12345725365 2.73312809257 4.38615016827 1.22830309721 1.12968327106 1.21569428383 0.955977199987 0.866528323416 1.47360130801 3.19345586596 4.00003009842 3.43177707691 3.12256586669 3.10100443082 3.2369167554 3.18230950959 3.015940936 3.15523212447 3.77591079687
-9999 -9999 -9999 -9999 -9999 -9999 -9999 -9999 -9999 -9999 -9999 -9999 -9999 -9999 36.5456363815 37.5951500932 36.2515999373 25.7205666993 20.6815985602 24.3430725164 31.7062394879 33.8030912216 31.859465568 32.5609999372 28.4551835026 26.062494683 18.3808425908 18.6907823209 19.2295199303 25.8633852606 25.0440800209 20.8753837891 12.1288364282 10.9483480352 9.18721484562 10.7544994578 5.82651594035 8.59151031627 3.08179492416 3.22747640219 5.23250655836 4.48548287092 1.38679755657 1.27282258115 1.16264512839 0.817183997696 1.1512249296 3.99115063637 5.05961581609 5.8078674139 5.70449787618 5.65466228506 4.43527106966 4.01605798958 4.40297469064 4.26202750421 3.59998456578
-9999 -9999 -9999 -9999 -9999 -9999 -9999 -9999 -9999 -9999 -9999 -9999 -9999 -9999 -9999 -9999 36.7302825048 32.3070926924 31.8583686433 31.3674990494 28.5284981916 32.2266194239 33.68967192 33.697334694 29.2941610791 20.6937046078 11.8724947867 12.4446546625 11.0614857306 15.121493126 17.9802942675 12.8067312397 11.1235514448 9.75025486544 10.0968778374 10.1756242204 8.61989956666 3.74318573309 6.29149217522 7.95287527206 5.32910826743 4.04099435303 6.62972041677 4.24763123695 0.922241105809 1.03571928693 0.954707976288 2.19124084179 3.75142755127 4.35483065516 4.22199137517 4.31985320511 3.94963005651 3.55445108048 2.73689173874 2.85569347083 3.76658087504
-9999 -9999 -9999 -9999 -9999 -9999 -9999 -9999 -9999 -9999 -9999 -9999 -9999 -9999 -9999 -9999 33.6568715977 32.4364325637 32.0076402318 25.2447078463 25.586592868 27.5070964186 29.7001903706 30.8606717604 30.5455606705 21.9895374788 15.6664288408 14.9634506006 13.6674265874 15.1476381396 16.5108791019 15.7032344073 12.9719816341 10.2373789618 7.86207294991 8.26697917446 8.49586607542 9.57990764369 6.81648421278 5.79506859408 6.70834989696 8.1702548969 11.0688960145 9.25139964651 3.56104367978 0.926369402056 0.627561911795 1.05332332298 3.39940111688 2.86399467961 2.44856030996 2.47728271796 2.13557444265 2.35940082889 2.30774473904 2.31915160846 2.2678330198
-9999 -9999 -9999 -9999 -9999 -9999 -9999 -9999 -9999 -9999 -9999 -9999 -9999 -9999 -9999 -9999 -9999 -9999 32.3540021686 27.9392285824 22.5527444476 25.2938411307 29.841031417 32.8689267192 29.6768562563 26.8115465523 14.6314580828 14.6261094251 13.8889377221 14.4327083299 12.1813277526 11.2007481596 10.9774125985 10.9726372147 7.76025073331 9.08854622104 8.98773482104 7.22647102133 6.72966917138 7.43956557156 5.9083433677 5.41009227779 4.84084162511 4.81298673039 4.53914237224 3.33493804312 0.742406623449 0.713744560269 1.20806012948 2.24295929885 2.61491877006 2.78806741133 2.17025531045 2.21482570327 2.4429034282 2.56613808249 2.40064320427
-9999 -9999 -9999 -9999 -9999 -9999 -9999 -9999 -9999 -9999 -9999 -9999 -9999 -9999 -9999 -9999 -9999 -9999 -9999 22.7625656919 22.7503291309 24.4194612561 23.8808013993 35.5958713976 31.3208932958 30.4154647388 22.8169800322 14.2543121962 11.7123139713 11.3880707466 11.4496853885 11.5393773134 10.1714892255 9.91257794481 6.68482881773 4.83241495248 4.65610324716 6.39678327158 6.42950084062 6.84198772133 5.34257433513 4.99166914264 4.26132595549 5.03486838721 5.04608862741 5.21721533122 2.50110626788 0.648180502585 0.569900468803 0.945146049093 1.74828006583 2.45229393084 2.09034191644 2.07509716945 2.3738139581 2.29711111786 1.98376312747
-9999 -9999 -9999 -9999 -9999 -9999 -9999 -9999 -9999 -9999 -9999 -9999 -9999 -9999 -9999 -9999 -9999 -9999 28.8475696781 31.130776565 31.348559151 30.6390925223 24.4584339507 32.8488412223 30.88022632 31.1929071283 27.3126331936 21.2875662445 13.0706205391 12.3011280574 11.9440085527 9.27156492556 9.7721112214 8.14198887006 5.58897196849 6.50382960573 8.03034924172 7.56550332194 6.86751442631 6.74260912064 6.94542735362 5.33764353347 4.7633710595 5.68518211434 4.14164165616 4.9882699524 4.85902470998 2.44347118404 1.02968267516 0.668591841631 0.889544907144 1.63350631694 3.0021133676 3.51445473904 2.94130769913 2.69373898499 2.50486293778
-9999 -9999 -9999 -9999 -9999 -9999 -9999 -9999 -9999 -9999 -9999 -9999 -9999 -9999 -9999 -9999 -9999 -9999 -9999 34.9657925907 34.0843684655 32.7338071295 24.9007266964 32.6734229572 32.216843889 31.935754143 26.3949207087 27.2043751571 18.2452915521 21.6606343592 22.0900507728 22.0511038492 14.6279144602 6.69320907314 6.73929711285 5.22470897474 4.00766880848 3.61951403614 3.30943303184 3.31058839639 4.09393847776 5.51251333597 4.91871015348 8.94386030849 9.72995321584 7.6156835738 5.73380907903 4.43553487245 1.5100501481 0.787538584925 0.430164207095 5.27896430721 6.91893983016 7.51385731455 2.65758742468 1.37325449828 1.81818750828
-9999 -9999 -9999 -9999 -9999 -9999 -9999 -9999 -9999 -9999 -9999 -9999 -9999 -9999 -9999 -9999 -9999 -9999 -9999 -9999 29.3287382229 31.7852614819 25.2480578716 30.0139788326 29.571322781 31.3634605928 26.0950224073 27.7019220511 28.3738470745 26.9596652321 23.6308419118 23.0003266032 10.610157987 12.5079325792 12.2766249106 10.2026495848 6.00010636659 7.16965870989 6.69777116774 6.60049110884 5.95948985552 7.19050731863 6.6528368188 5.94157732867 7.20214318088 6.43588168658 5.56666825035 6.10529641766 5.14363697002 2.40031794913 1.29616023077 0.941836131027 0.545853784937 0.512564901051 3.26418783082 0.613463229309 0.63456691462
-9999 -9999 -9999 -9999 -9999 -9999 -9999 -9999 -9999 -9999 -9999 -9999 -9999 -9999 -9999 -9999 -9999 -9999 -9999 -9999 -9999 29.9818371229 26.6918806085 27.5417930977 28.0192170041 26.7406189143 25.6010131316 27.9733678961 25.8891419432 24.7807613999 23.3171409184 25.1912501954 9.78949055337 12.9460043286 11.3638777214 9.04284829838 8.28928882509 6.24168048527 5.85218135925 6.48247697182 7.91095058403 8.26119706848 8.55188837788 5.98583719769 5.14537244294 4.15341735713 4.90901164459 5.29312496866 5.24848803018 6.14705799471 6.57135654411 5.02824734557 3.08380198677 0.815613233254 0.392733412458 0.462106930972 0.52255027879
-9999 -9999 -9999 -9999 -9999 -9999 -9999 -9999 -9999 -9999 -9999 -9999 -9999 -9999 -9999 -9999 -9999 -9999 -9999 -9999 -9999 25.5139308291 23.4914654122 23.5620779634 29.7538342386 32.3240370475 28.281374551 21.9577228495 18.8899362547 26.7378541508 14.6317617455 24.2452464089 12.0467517947 7.84042207346 5.55939236662 7.50023642618 6.89484172583 6.39201284345 5.86738550748 7.19449157947 7.98578203702 7.71162842332 6.28482955304 5.81982546201 6.44931729556 6.17706546381 5.78168058275 5.66124337647 3.99022137804 4.38551251579 6.15207477316 5.34100594988 1.81618810842 0.715467080234 0.549630173592 0.414741118123 0.447549280369
-9999 -9999 -9999 -9999 -9999 -9999 -9999 -9999 -9999 -9999 -9999 -9999 -9999 -9999 -9999 -9999 -9999 -9999 -9999 -9999 -9999 -9999 24.1039284627 27.7734821756 31.7663547039 31.6298659392 27.7697059466 21.8022668432 14.1109241783 15.8762856135 17.8365846761 18.5776814182 11.2775913891 9.2364046621 10.455989124 8.4071452353 7.84016220041 7.31387995145 6.89598872298 7.0647231167 7.78300821633 5.71253053415 6.05330328965 7.3355156705 4.45827667558 3.99052348539 3.13788634442 3.73868493346 4.67391000498 7.66584767593 5.35807346105 8.24036179282 2.15191251227 0.689322904756 0.418994843187 0.383362176645 0.427212132191
-9999 -9999 -9999 -9999 -9999 -9999 -9999 -9999 -9999 -9999 -9999 -9999 -9999 -9999 -9999 -9999 -9999 -9999 -9999 -9999 -9999 -9999 25.1240907329 24.3171189123 30.8023285657 33.3293152595 29.0203018932 17.1953836926 15.6084398952 16.2071284288 14.1389523571 14.4869607379 13.6639548507 10.5599759274 8.55253538801 10.9505844541 8.15952286975 7.21241416005 8.19689808635 8.6419835192 6.2981948005 7.91250015638 6.1399027329 5.16941364535 4.71246199368 4.95738639495 5.40721776238 5.94589384612 3.99319802069 3.67721928058 3.08198248882 5.34901555752 0.587404195355 0.980751988679 0.682347880673 0.63417942958 0.543651312413
-9999 -9999 -9999 -9999 -9999 -9999 -9999 -9999 -9999 -9999 -9999 -9999 -9999 -9999 -9999 -9999 -9999 -9999 -9999 -9999 -9999 -9999 24.2272543814 26.5620440814 34.5396626121 33.428916694 28.6310605708 20.3435189487 16.2155085142 18.6784897391 15.123221913 13.6365618893 12.310127238 10.7457416125 11.013972086 8.06613265672 7.79887217107 9.88406575249 8.63662284259 7.9851322775 7.89233126802 6.58691486786 5.07733526842 6.02827077643 7.07439555171 6.45918641809 5.86670457744 5.23990542194 4.42924058193 4.43529407943 5.41455310862 4.68451289408 1.02250276562 0.879333574153 1.00173758018 1.07126015162 0.721495869552
-9999 -9999 -9999 -9999 -9999 -9999 -9999 -9999 -9999 -9999 -9999 -9999 -9999 -9999 -9999 -9999 -9999 -9999 -9999 -9999 -9999 -9999 -9999 28.2075165014 35.9868469122 33.9106438624 27.0555607841 18.5392137173 15.5569132965 17.7727346644 15.2577480357 16.5280738967 14.6837044443 14.8732078866 9.71182102316 10.7076267779 10.7386402424 9.39991339106 6.63792504953 6.25072503962 5.0386354202 6.2811935861 7.2527680954 7.5072618131 6.73796206833 6.155280151 3.84602019304 3.38374785269 3.37899984529 3.59255035095 3.10736575762 3.6960721077 3.83897444388 2.16831032458 0.837813862155 0.889500185269 2.56012587199
