data/recharge/transience/recharge312.asc
ncols                  80
nrows                 72
xllcorner      4374000.0
yllcorner      5656000.0
cellsize            500
NODATA_value       -9999
[rows 26 to 51 of 72, columns 0 to 56 of 80]
-9999 -9999 -9999 -9999 -9999 -9999 -9999 -9999 -9999 -9999 -9999 -9999 -9999 20.0523728675 20.0950401271 19.6511449747 22.2502140435 22.5895248083 22.6500365239 22.2171105519 21.3919022431 21.1898921148 20.9405182202 18.3602694477 23.1033563909 23.5903320465 22.8837657883 21.5256291973 21.8845278614 22.7364789424 20.6017176781 19.9620299384 22.1500403575 22.7835529211 15.3115526107 15.7908702322 24.956746347 17.5172276215 15.709331131 10.9474296059 9.26105326542 11.950304194 7.76936723154 9.90927459212 10.1102881465 12.5788881312 14.955101211 14.6300964736 8.61359603444 5.59549513742 4.4566363773 4.74380538392 4.93870106324 7.24725569651 8.69475698224 3.62769743261 3.4501852179
-9999 -9999 -9999 -9999 -9999 -9999 -9999 -9999 -9999 -9999 -9999 -9999 -9999 -9999 20.7649836352 19.9131929744 21.1938177314 22.1249662009 22.5778545936 22.8880062877 22.1681615459 21.6205116701 21.2680679682 21.9596650313 22.717055812 21.916258183 21.7214160838 23.1423413671 23.6182303193 21.0443298712 21.1932113352 23.8921932904 23.1114931189 27.6224193515 18.1852645254 22.5501058497 25.3773172915 14.3604870339 11.3811078768 13.1009921588 12.9110511393 10.5865513648 11.1949574022 8.9505957397 6.24161977276 7.2455025127 5.50149000899 6.62916574019 4.64402365886 5.60332855363 5.0415242853 3.85238241885 3.45212901535 7.38432160971 8.48568854445 12.2306201297 12.2595581989
-9999 -9999 -9999 -9999 -9999 -9999 -9999 -9999 -9999 -9999 -9999 -9999 -9999 -9999 5.90926967844 13.530658668 20.8600520682 22.3919527531 23.5570006234 23.2167578315 23.0236885072 21.9334300448 21.1672019356 21.164237552 21.3361426299 22.625963035 21.5807147615 20.7171611643 20.8189358976 21.7070603648 20.6186800923 12.3160537581 22.635039543 25.4257492643 18.8912943644 17.411715597 23.9891618639 10.1755317939 12.4737086079 13.3334588001 9.53636923598 9.87188916886 8.62190943921 10.1682068426 8.24282414811 6.64525351595 6.31565567067 9.42136455188 9.88170207861 5.31406225741 5.78178742583 6.71113414681 6.98222169322 12.3673552975 14.5839098935 15.6461635158 13.5632158471
-9999 -9999 -9999 -9999 -9999 -9999 -9999 -9999 -9999 -9999 -9999 -9999 -9999 -9999 9.2157562524 13.7470843275 21.2354239498 23.8552714306 23.020340086 22.8812701871 22.7809831793 22.5792376797 22.2734314246 21.6381485697 21.5368054476 21.3051418968 21.1589345585 20.9558877307 20.3118438299 20.5956108171 23.1127025494 22.4221266128 22.4960960843 27.1695920354 29.5580398018 14.617225825 18.5227220543 14.3739616136 9.34153188036 12.856905178 8.26097963142 9.36033768385 7.74034249473 7.96024080355 6.0270004833 6.81465074316 4.65403412245 6.39491527421 10.5318076682 11.8762341609 9.5781788867 5.39387721655 7.44807649509 6.2977327776 5.14598902115 6.7408982099 6.25410221201
-9999 -9999 -9999 -9999 -9999 -9999 -9999 -9999 -9999 -9999 -9999 -9999 -9999 -9999 20.3588709469 19.7135432125 20.9131182668 21.8747451579 21.2740859744 21.4425754025 22.1916901268 22.2734565299 21.7359429536 22.0881355819 22.2341737093 22.3583655593 21.3524671223 21.173013504 23.4051449737 23.3282986945 23.4152248953 23.7208704165 22.8926783181 19.194854349 14.515789131 14.5498164871 13.8787258695 23.8268823504 12.484941934 16.1873275461 10.9573373329 7.31415544688 5.91916467114 6.40293449093 5.13148750499 5.39106991263 8.61986768512 10.0154861231 16.3334511908 17.938814565 12.8912213727 14.6688156889 9.52639077601 9.66366896539 8.04989372029 6.6485246817 7.41105681099
-9999 -9999 -9999 -9999 -9999 -9999 -9999 -9999 -9999 -9999 -9999 -9999 -9999 -9999 -9999 20.0016953321 21.6484896473 21.6341129523 20.2687627722 20.5151808045 22.5554128874 23.0369232726 21.822885886 21.9660433583 22.4720427383 21.9193475474 21.0447837995 20.9123979698 14.0158602189 22.9315714201 22.4289688588 22.3605024767 21.2304530951 16.77233413 14.7505424265 14.7779178242 14.2955660503 14.2340975157 13.6133742892 13.4815651747 12.2102497866 16.7596783387 3.25907153408 4.06263784517 4.73791315651 4.13000333609 2.89254966798 3.21943330593 5.06247968483 6.59416212533 4.66969619247 4.14297923966 6.33083009228 10.6055272233 9.58975890256 9.45564075309 7.89068663361
-9999 -9999 -9999 -9999 -9999 -9999 -9999 -9999 -9999 -9999 -9999 -9999 -9999 -9999 -9999 -9999 21.2280517908 22.1565506147 20.2373983948 21.1552043556 22.0191265837 22.4358406383 21.7638105216 22.6586777323 22.6882163474 22.1751957328 21.6453286921 19.5909442625 13.582560606 20.7650841001 23.5490736752 17.2340291102 11.7211570921 8.03769048489 14.4971478058 14.7895925972 14.290613491 14.5123382843 14.2598399346 18.3395335948 27.1170142227 26.5760052981 19.4901005445 6.36081362433 2.62562701465 1.89595599006 1.40325087652 5.96965800199 4.57506364082 3.50349293646 4.63304317316 7.53743372208 5.2399472145 4.23771309881 4.81726378461 4.23699289172 3.80457092881
-9999 -9999 -9999 -9999 -9999 -9999 -9999 -9999 -9999 -9999 -9999 -9999 -9999 -9999 -9999 -9999 23.8872352696 23.1592239759 21.3280374385 23.1698188254 22.5340235634 21.2409564792 21.3459685567 22.1807581866 22.3182888841 22.4792415673 21.6800264718 21.5563622055 14.4334192528 19.9638316296 16.0885115585 11.8756432953 13.6475566805 9.60252784059 14.3661550171 14.6604781555 17.3349428968 14.5864913812 14.2140279513 15.217709883 22.5003750135 21.2804481513 23.0728496206 17.0294048908 9.17755890946 5.40672344743 6.3697595948 11.3490881226 3.37481581445 4.33396459138 5.79391120772 6.13971634879 7.90949608082 8.47654015869 9.95249436714 6.98467154661 3.84279178974
-9999 -9999 -9999 -9999 -9999 -9999 -9999 -9999 -9999 -9999 -9999 -9999 -9999 -9999 -9999 21.7872374892 22.0319853414 22.4937140269 23.1030823935 22.4699292266 22.0106935285 20.8398590095 21.0928147028 21.4994552708 21.6833683983 22.2202715669 21.3083103039 21.2521619697 18.4506523818 21.9453688412 23.2804544911 23.5250657813 23.350441054 19.9444438469 22.8845664814 23.2251777791 23.188448174 23.4672146856 21.2860282061 14.239506756 17.4359524203 13.3913804106 7.03142492938 6.85441860803 6.69408445798 4.36403829523 13.8619838658 13.0682533558 5.67098378116 6.30864033874 4.52088890501 3.47639135678 3.67075019108 4.14646737411 4.3954684385 4.54663093052 5.05086948647
-9999 -9999 -9999 -9999 -9999 -9999 -9999 -9999 -9999 -9999 -9999 -9999 -9999 -9999 23.0665969577 22.4497549833 22.246403944 22.7205128299 23.0333168162 22.5908166127 22.8686383914 22.3970916631 21.9368542956 21.8342377021 20.9364670676 21.621146127 20.8018407692 20.6552669939 22.596558119 22.6956209841 22.7729770112 23.0849190796 20.9963283791 18.6119394128 16.0231994839 24.1107816655 26.3861497938 22.7742162114 5.27698419152 13.7036735622 15.5810753591 5.63778808715 4.50415552983 5.14046459677 2.96234002579 2.4245543212 5.84658904993 6.14598766963 6.04060298111 4.75167734089 3.94594815538 3.90431272233 3.97325634224 3.87176605034 3.47246971216 3.71983063394 3.87895139457
-9999 -9999 -9999 -9999 -9999 -9999 -9999 -9999 -9999 -9999 -9999 -9999 -9999 -9999 22.614521799 22.926607151 22.6505637398 22.5825933631 21.8120996553 22.3351541997 21.6223473404 22.2161999029 21.5494668734 21.476722737 20.5445005166 20.6600111141 20.4574104156 20.9972575409 22.8626653807 23.314904569 23.5600355136 23.6699513362 19.1043890809 18.0256871138 15.26806234 21.3085362379 22.791114292 26.1772502666 16.0852378723 16.512655947 19.6456298205 18.3037118895 6.43513086957 5.58402457597 4.25426879575 2.13880560182 3.87505935347 8.78949622191 8.52398974628 10.2648684418 9.45598380721 9.35963041807 6.32414129014 5.40924113757 6.04129905658 5.73616834803 4.02383527437
-9999 -9999 -9999 -9999 -9999 -9999 -9999 -9999 -9999 -9999 -9999 -9999 -9999 -9999 -9999 -9999 23.1152790495 23.3246303712 23.6522240272 23.4759445009 23.3123115322 22.0302767628 22.1074295525 21.9391774172 20.8670743183 21.836993621 16.5676728047 17.2352211469 17.3853751216 20.3364806114 22.0292847871 19.6103821133 18.2345014117 16.5616391261 16.7042000504 16.8090138022 18.9973630412 16.4500329556 20.9378921668 19.719714426 12.1208530286 11.3202372229 17.7515602651 14.5393641721 2.72391022674 3.42964916396 2.69771396004 3.94476121169 5.37277051686 6.83408368467 6.09583494048 6.31766252875 5.27054885993 4.46891320373 2.88081329041 3.07183021706 4.53162580455
-9999 -9999 -9999 -9999 -9999 -9999 -9999 -9999 -9999 -9999 -9999 -9999 -9999 -9999 -9999 -9999 23.0810539461 23.0293889932 23.3454954717 22.3118331762 22.6023863192 22.8973095143 21.0532963923 21.1930052691 21.2387112735 22.181612957 19.4384981586 19.02430018 20.2362597569 20.6366928328 21.5724013855 20.97518061 18.7157637613 17.0507823571 13.2844265035 14.0335303433 14.0503438621 15.7550576672 11.0573040446 9.74224801723 11.2870904206 14.0821693732 14.0050544723 15.1265688127 10.3498633929 2.76369516433 1.18024950518 2.16051796832 4.61755163646 3.5667836446 2.69862986963 2.74152794681 2.10224460862 2.39725274176 2.20399195616 2.21914968325 2.0703477937
-9999 -9999 -9999 -9999 -9999 -9999 -9999 -9999 -9999 -9999 -9999 -9999 -9999 -9999 -9999 -9999 -9999 -9999 23.3753781679 22.7161422146 22.0905693366 22.5816775233 22.7080382087 21.3006998765 20.9067393527 21.5893207035 18.6933839046 18.7834146141 20.095536974 19.9532357661 17.1249126422 15.8141388386 15.5089349332 16.5007576308 13.0935491 15.3982098752 14.8665648278 11.7239676641 10.4749564636 12.9948461372 9.68509304256 8.69500168693 7.78704254694 7.73227208909 6.24348232112 5.91637754645 1.49456507097 1.48357843201 2.4564492718 2.73363604811 2.92996138515 3.17354363505 2.14629066525 2.20390530213 2.37876986157 2.54516223795 2.23249713296
-9999 -9999 -9999 -9999 -9999 -9999 -9999 -9999 -9999 -9999 -9999 -9999 -9999 -9999 -9999 -9999 -9999 -9999 -9999 21.3700949304 21.8263737884 22.1206879418 22.3826828015 22.0323402706 21.1895969712 21.0083984457 20.6312931427 17.9950318265 16.6645667054 16.2426140624 16.5239178747 16.3623929954 14.4307056273 14.1085220663 11.3139613388 10.2286260718 9.50897875407 12.5905828122 10.7648437789 11.858753038 8.71547753865 8.01604415779 6.17191267109 7.61172405651 7.12903272721 7.44270055831 4.0039069238 1.22724144677 0.877118372788 1.83480981117 2.01898480998 2.58640273986 1.95729009695 1.93869864306 2.17679468237 2.08334577191 1.62646853856
-9999 -9999 -9999 -9999 -9999 -9999 -9999 -9999 -9999 -9999 -9999 -9999 -9999 -9999 -9999 -9999 -9999 -9999 22.3148163479 22.6244517682 23.2880496498 23.1783385129 22.328591191 21.6909641404 21.0081366833 20.9551542594 19.8594899286 21.1920249745 18.3781567692 17.4243413371 17.6899851318 10.7421989356 16.5231310335 14.9678051967 13.8003526032 15.7720025352 17.5154045718 16.9579042038 15.4661414453 14.5194606225 12.1059983603 8.70603931753 7.09193430643 11.2014277938 8.24256453532 9.92377002347 6.39614624826 6.56233362777 2.58141906244 1.14878952892 1.91579271819 3.23132376848 3.978860535 4.11131934981 2.93325594589 2.58645580358 2.21445423401
-9999 -9999 -9999 -9999 -9999 -9999 -9999 -9999 -9999 -9999 -9999 -9999 -9999 -9999 -9999 -9999 -9999 -9999 -9999 23.0490520867 23.1763310952 23.024648626 22.1837785401 21.5178005472 21.3037567861 21.0425457739 20.0949458961 19.9731061442 21.7716071989 24.0848777423 19.1957768791 19.2744739925 21.1905476553 16.211517235 16.5679259061 14.8675313543 9.04732872957 7.84870944274 6.49801704581 6.50114582757 6.64616681386 8.88608284889 9.44541639248 13.2943812832 12.3418932791 13.1515567297 7.7560931151 5.85330882729 3.24288738558 1.46071414809 0.559166068203 9.88585740415 10.9270718906 9.64403417445 5.65459657282 1.22603255067 1.4099308125
-9999 -9999 -9999 -9999 -9999 -9999 -9999 -9999 -9999 -9999 -9999 -9999 -9999 -9999 -9999 -9999 -9999 -9999 -9999 -9999 22.8342469473 23.0715105856 22.2337139798 22.394114457 20.7805205495 20.9304738666 20.0290081839 20.0957751366 24.0280145781 23.6280036589 23.3824165569 23.184560456 18.1164018728 18.4222616937 17.1591374 18.488705463 13.1846645379 14.3638031486 13.6248627359 12.4605928842 8.95447108526 11.4361924876 10.5883732963 9.32153933871 11.0915237729 9.64773891621 7.46349932489 8.41214855978 6.67068960853 4.71472215149 2.33346811434 1.33811594552 0.608033111517 0.792635354038 6.01337026397 0.684610443843 0.653916846748
-9999 -9999 -9999 -9999 -9999 -9999 -9999 -9999 -9999 -9999 -9999 -9999 -9999 -9999 -9999 -9999 -9999 -9999 -9999 -9999 -9999 22.8891692829 22.5075068812 22.6592658887 20.3151775315 19.9861988823 19.5948458516 20.2153819463 23.2105886574 22.9689625735 22.7224572302 24.0987614123 19.1805414116 15.4351008672 20.0100800443 17.855298172 14.4698512679 11.7407567545 10.0864815229 10.6079671473 12.4772180734 13.1068071899 13.0710686942 9.23388206191 7.08848721296 5.41471082902 6.2201129737 6.85577153138 6.30826822946 7.76805792451 7.34712242339 7.5663334486 3.21122917964 0.990247818416 0.337580735696 0.422617876973 0.46042875986
-9999 -9999 -9999 -9999 -9999 -9999 -9999 -9999 -9999 -9999 -9999 -9999 -9999 -9999 -9999 -9999 -9999 -9999 -9999 -9999 -9999 22.1962689647 21.9153200926 21.8846765701 21.610584412 21.0053568657 20.4682381624 21.5132184481 22.3711391895 23.0608562667 12.1626006725 22.8588923647 20.3714817782 17.6908520519 11.8370523967 13.2078646067 11.8338040496 12.5869284745 11.0444204941 13.1128942259 12.6129553462 12.1080430784 8.78952817393 8.44584041511 9.42484782617 8.93132725004 7.68737712043 7.48084881016 4.74706103655 4.97431136794 8.72441431639 7.25842850914 2.69639855798 0.728078868442 0.541257856201 0.363678683637 0.369894636834
-9999 -9999 -9999 -9999 -9999 -9999 -9999 -9999 -9999 -9999 -9999 -9999 -9999 -9999 -9999 -9999 -9999 -9999 -9999 -9999 -9999 -9999 21.8657984107 22.4904257297 22.0999288514 20.9236315125 20.3097803649 22.0451687139 20.1521073422 20.5523418287 21.775621278 22.3946403258 17.7904590345 16.8840453269 17.0952831465 14.4107324903 14.5774627064 13.7859371865 12.7998951602 12.3824761657 11.5642343508 7.96544830518 7.89476729801 10.0354624856 5.5596588951 4.9878356238 3.83350321016 4.81512580301 5.99830893949 10.6376399541 5.91554059146 9.52860031177 4.67148258858 0.806877377686 0.351361290045 0.311607416157 0.33112502036
-9999 -9999 -9999 -9999 -9999 -9999 -9999 -9999 -9999 -9999 -9999 -9999 -9999 -9999 -9999 -9999 -9999 -9999 -9999 -9999 -9999 -9999 22.1197363467 21.8966216345 21.7813621276 21.2570673348 20.6422434248 19.8697353963 20.4938136245 20.9935707418 19.641688329 19.9537018983 19.2176602376 17.4749978741 14.6321666109 17.5465812502 13.9283918287 13.3234788064 14.4907178451 14.1004031559 8.9865752255 11.7868749797 8.03883834007 6.45821970804 5.5009804873 6.47717756398 7.53114901897 7.68844778111 4.32091217184 4.19913109765 3.90713447586 9.00634785529 0.626399353434 1.48248268894 0.712307959996 0.634401187166 0.463997097133
-9999 -9999 -9999 -9999 -9999 -9999 -9999 -9999 -9999 -9999 -9999 -9999 -9999 -9999 -9999 -9999 -9999 -9999 -9999 -9999 -9999 -9999 21.9522551963 22.2820747445 22.6037033071 21.1230928247 21.0727433496 21.0100217037 18.8706335649 19.3728597623 19.9632470236 18.6362436317 17.2232119787 17.1856753384 17.2269564592 13.53005554 12.5180496213 15.5491153836 13.1818258354 12.145097936 11.2373100902 9.06226938637 6.19587630238 7.7231204653 8.81628911528 8.09942989409 7.23461438641 6.24428424496 4.67953652874 4.68736082938 5.70982663129 4.71069094862 1.22409677332 1.15386551946 1.30142805744 1.48471068311 0.678747477562
-9999 -9999 -9999 -9999 -9999 -9999 -9999 -9999 -9999 -9999 -9999 -9999 -9999 -9999 -9999 -9999 -9999 -9999 -9999 -9999 -9999 -9999 -9999 22.6596212184 22.5446276192 21.3267842745 20.9090570243 20.2717260479 18.6760842836 18.9341274067 20.0458152999 20.9222313311 19.7164583733 20.1744417365 15.8656945739 16.9500253762 16.444775442 14.9437776278 9.85138622662 9.1370535824 6.49295609477 8.54904111515 10.214271325 10.3349393436 8.27853589282 7.3543747279 4.06658123353 3.64198882191 3.3676957045 3.62661251397 2.85251042566 3.51431167851 3.57496085252 2.95575846395 0.871450608356 0.776689226263 2.26527556337
-9999 -9999 -9999 -9999 -9999 -9999 -9999 -9999 -9999 -9999 -9999 -9999 -9999 -9999 -9999 -9999 -9999 -9999 -9999 -9999 -9999 -9999 -9999 21.4450767615 22.4148710479 21.4350481564 20.8809394226 22.586859504 19.6678819204 19.9565608678 20.6855988548 21.171491472 19.493903032 19.0795387537 16.4246794594 16.0562349921 14.0423383665 12.4886490751 12.1023328806 12.4186883758 12.1077546691 12.0326062629 10.0524606832 7.35296343993 5.22361617498 5.65102299301 6.44279398372 6.81738446044 5.20274247979 5.06933944202 5.66326462516 5.92304437612 3.81112458655 2.969694677 2.84977591461 4.32707759666 2.98573454758
-9999 -9999 -9999 -9999 -9999 -9999 -9999 -9999 -9999 -9999 -9999 -9999 -9999 -9999 -9999 -9999 -9999 -9999 -9999 -9999 -9999 -9999 -9999 -9999 22.9897025825 21.5832894342 21.0357606998 21.2567551356 20.0366344292 20.1069250657 20.9018252174 17.9267697225 20.5222230535 19.3355846905 18.209111082 13.6267472584 11.3787091523 15.0079856399 14.1325532464 16.078278242 12.9011668332 7.78829937616 5.09621772299 6.90918993514 7.6393591029 6.96211453927 4.92040343361 6.10365797196 6.76630195149 5.65320926907 4.1168390985 3.04492990803 2.85619970016 7.57177816668 4.33121073111 3.14296668776 3.28285268021
