data/recharge/transience/recharge86.asc
ncols                  80
nrows                 72
xllcorner      4374000.0
yllcorner      5656000.0
cellsize            500
NODATA_value       -9999
[rows 26 to 51 of 72, columns 0 to 56 of 80]
-9999 -9999 -9999 -9999 -9999 -9999 -9999 -9999 -9999 -9999 -9999 -9999 -9999 22.639132696 22.2058550861 22.0747429669 21.1286191978 21.3900901435 19.771980339 19.5593767716 18.7491719469 19.0200394444 17.8459272385 14.7947912564 16.7738064555 15.9557861865 14.5329849288 13.6690484142 12.5389391327 12.8040284789 11.3683970384 11.2363647525 12.3283163809 15.233977533 11.2558121174 6.77287511288 11.9852025544 11.6979978549 9.80632115933 7.25289094614 6.55124196044 7.72256575246 6.16830168223 7.15534692979 7.41077314666 8.46268701732 9.37167839219 9.23352445459 7.07891288776 5.53710927374 5.17548979136 5.3605106191 5.66771488308 6.29060978313 5.09714318092 5.11211801894 5.29713040298
-9999 -9999 -9999 -9999 -9999 -9999 -9999 -9999 -9999 -9999 -9999 -9999 -9999 -9999 21.9078494996 21.6808467945 20.4593845469 21.2830849736 19.8343697996 19.9873589288 18.829673791 19.1869203953 18.193279726 17.9291349582 15.9679714023 15.9388800224 15.3072224335 15.6728063699 13.2259146711 12.3024662024 11.6459294167 13.0819508087 13.0223327775 16.4323517618 12.1772547156 10.4057552615 12.5687932302 9.44876593818 7.54815222136 7.05693977751 6.67459981138 7.08305225191 7.32173477143 6.59998503201 5.51497172951 5.96533687687 5.3063587991 5.63255246292 5.0129323636 5.49276271751 5.53068013614 4.76267811506 4.65387035491 5.84743233294 4.38267150887 6.89543468038 9.29876891759
-9999 -9999 -9999 -9999 -9999 -9999 -9999 -9999 -9999 -9999 -9999 -9999 -9999 -9999 6.23621287301 14.5051264123 21.9041188736 23.0738955474 21.4640855417 21.4410779515 19.943435523 19.7663877846 18.2881103379 18.7989675195 17.5322984512 17.6636743538 15.8148331971 16.3268538164 15.5698488154 15.5569069996 11.5777632219 6.33811614894 13.5706647832 15.9858577007 13.7690435212 7.81379666527 12.4780382854 7.58314629363 7.02723269759 6.81777813896 6.64441076833 6.8780777947 6.46479943954 7.26885275818 6.5191813578 5.8915700356 5.02242670835 4.23164064615 4.64688620206 5.24479413882 5.92841756274 6.34776866295 6.84992559826 8.37244632263 9.38291734838 9.68345793049 12.8546238005
-9999 -9999 -9999 -9999 -9999 -9999 -9999 -9999 -9999 -9999 -9999 -9999 -9999 -9999 9.8815797172 15.0926766997 21.7978714049 23.2735676655 21.3100480508 21.4113305722 19.986655519 19.8397684537 18.8542305865 18.5484746482 17.1399457498 16.9977747077 16.543189509 16.7681297752 15.1613553673 15.4272654268 14.1509909435 13.3736639507 13.1382435616 16.910754008 16.7763627382 6.46425596847 8.61098757546 11.5806889054 4.02247080955 6.28801626951 6.31385700235 6.76516365335 6.04603965218 6.15842834794 5.52297720972 5.96424181313 4.87917538471 5.7870342272 7.3462806013 8.38712827807 8.78121270933 7.14975983944 8.51205728988 7.70274947725 8.10474468275 9.11667204406 8.09829391056
-9999 -9999 -9999 -9999 -9999 -9999 -9999 -9999 -9999 -9999 -9999 -9999 -9999 -9999 23.9396623077 23.4667762122 22.8501841113 23.0638237272 21.5496615838 22.0021695931 20.7639013549 20.707330369 19.509325743 19.2718635818 17.5972060411 17.853485789 16.5451177872 17.4212979546 16.0731916453 15.795156565 14.697623045 14.9469128513 13.9452134832 9.47291433989 6.73976944139 6.75581578719 6.25833511359 12.470160608 5.68082562654 7.73318533207 8.71333383781 6.63321157554 5.21153665921 5.47197407058 4.95991858991 5.44697874093 7.67957172737 9.21729715847 12.5436564365 13.3222666279 11.397396503 12.0834847838 10.2121052079 9.02252582644 8.05766226286 7.5371837828 8.19460687262
-9999 -9999 -9999 -9999 -9999 -9999 -9999 -9999 -9999 -9999 -9999 -9999 -9999 -9999 -9999 23.4298572716 23.0054009549 22.9117925905 21.7842651618 21.3531484838 20.700007112 20.8571100696 19.3719184585 19.390606715 17.6284894134 18.0825252081 16.6322907674 16.9852367316 8.52689418895 15.449631562 14.1615544612 14.169423907 12.9651362982 8.53488964318 6.84835041045 6.86132526196 6.43265334563 6.40656169927 6.14207340114 5.99389306385 5.50165226273 8.14099265589 5.49922340149 5.83200602552 5.46709349821 6.03986822454 5.34075635301 5.56141643823 7.77611349323 8.04658920001 5.93879739152 5.58441837781 7.06902978432 8.53486125636 8.55059894205 8.51056563495 8.36540470813
-9999 -9999 -9999 -9999 -9999 -9999 -9999 -9999 -9999 -9999 -9999 -9999 -9999 -9999 -9999 -9999 22.9333771448 23.2871615826 21.4443803033 22.0376616457 21.4278773937 21.6250223785 19.3944892451 19.148593845 18.4276494389 18.3628736719 16.9268373954 15.1907208204 8.30225007324 13.7526501685 15.2760937607 9.79512596687 6.30980677899 4.1448374463 6.90765350462 7.04559649361 6.71960071295 6.82311830846 6.59419571713 8.7389057909 15.086473302 14.6052965074 12.707947854 7.79957340934 5.22151053034 4.44410264062 3.91699123715 7.22956823311 5.75016987456 4.94380992213 6.18887071353 7.54618458848 6.97726497214 6.35788392972 6.96620479655 6.59911405742 6.5990502479
-9999 -9999 -9999 -9999 -9999 -9999 -9999 -9999 -9999 -9999 -9999 -9999 -9999 -9999 -9999 -9999 24.240826105 24.0253252081 22.1055855091 22.631052335 21.358782133 21.0311742669 19.670331071 19.3974335098 18.678661406 18.8463604607 17.2022642167 16.791033106 8.68204826449 12.9854199522 8.83761537987 6.25930882553 7.01008430778 4.92183235222 6.79070294799 6.98353268823 8.30846024231 6.85829033281 6.57327257208 7.12739464743 13.3628512352 11.0324613305 13.060283409 12.0440508247 8.65813635781 7.03635815577 7.46242063804 7.56115719025 4.86774958841 5.59033919982 6.82015929308 6.97961412288 8.08563237393 8.2817442603 8.96656106403 7.97996840527 6.63148046977
-9999 -9999 -9999 -9999 -9999 -9999 -9999 -9999 -9999 -9999 -9999 -9999 -9999 -9999 -9999 23.1915026401 23.2752523585 23.4735405507 23.8062109412 23.5284737808 21.6189584277 21.0808727622 19.6113559362 19.6945401446 18.6750664526 18.8970324865 17.5423954387 17.5909072061 11.7331061461 15.0382672552 15.0789946192 15.1809115571 14.5085618748 11.2837128213 11.3706028396 15.5583064935 14.3756211006 13.8152046376 11.9472474532 6.90608916511 12.2643522328 11.2560190705 9.29755831727 9.21592668784 8.81146541287 7.6007675391 7.73899694404 7.0199383415 6.46807903245 6.93518060613 6.31500861096 5.51134888777 6.13238864785 6.51490373329 7.0246319115 7.12428024613 7.49161102791
-9999 -9999 -9999 -9999 -9999 -9999 -9999 -9999 -9999 -9999 -9999 -9999 -9999 -9999 23.8210985211 23.53774715 23.3915682131 22.0638013998 23.1648427942 23.5110228712 21.9517411486 21.9069432479 19.9112429164 19.9295997559 18.5034498667 18.5975539342 17.2392246997 17.4045158255 16.1299515998 16.1483664647 14.7613381537 14.8756209002 13.1807309355 12.3868691526 11.6877997041 16.9800109259 13.9957560849 12.1476812969 8.8668651816 11.7956850194 11.7360389683 8.47250982929 7.96941463244 8.35779246763 6.56666204406 6.05212564436 7.57503645769 8.00177029945 6.8306234253 6.13068531528 5.91728919501 5.88306871324 6.38440308397 6.29513313238 6.30264044762 6.52145308124 6.38646484521
-9999 -9999 -9999 -9999 -9999 -9999 -9999 -9999 -9999 -9999 -9999 -9999 -9999 -9999 23.9948138184 24.0362451124 22.8570196904 21.4437034273 20.0512731784 21.1606463616 21.3031885893 21.5859615945 20.0463824925 20.0841712413 18.405473256 18.2113371359 16.0131659324 16.0935697167 15.125936665 16.1693437797 15.3670140534 14.772176353 11.9024446722 11.579556161 10.5012454891 13.6266266994 16.4715504411 17.79909295 13.4752998057 13.6300666459 14.832693961 14.2989697245 9.44439968207 9.01940951658 8.3163359582 6.46842172402 8.0518210718 10.1139025916 8.44554474054 8.85863470895 8.80243040292 8.78414343715 7.95598047999 7.54731350928 8.07509800833 7.95507938908 7.24501645169
-9999 -9999 -9999 -9999 -9999 -9999 -9999 -9999 -9999 -9999 -9999 -9999 -9999 -9999 -9999 -9999 23.0493197947 21.7634485476 21.2710209987 21.1809119196 20.8609366038 21.5319294891 20.3512842772 20.3063899437 18.5637794425 17.3260252196 14.0151120383 14.2318174166 12.6349171791 13.9557687091 14.154364273 12.677567733 11.661322723 11.1530119133 10.7511918338 10.78418219 12.88547765 13.9572251473 14.8132437408 13.1718754577 10.5290593724 10.9283223756 12.8715937993 12.0336230563 7.11401507106 7.72681197814 7.10967706796 7.92321745988 7.19151474391 7.74960247742 7.64130686754 7.73688608947 7.46739619982 6.99781939794 5.96224381718 6.16631494099 7.64909012094
-9999 -9999 -9999 -9999 -9999 -9999 -9999 -9999 -9999 -9999 -9999 -9999 -9999 -9999 -9999 -9999 22.419617135 22.368147552 21.6795949524 20.9723180929 20.2213361415 20.8125470605 19.9596371901 20.0442995604 19.0656897763 17.7706779116 15.2022956303 15.0538555951 13.8581466706 14.1505764066 13.7962711778 13.6099090642 12.2239836967 11.3984513419 9.90706052298 10.1407400597 9.9075670563 10.395951222 8.86869444526 8.42977853316 8.92607798173 9.77856545303 6.75916193061 8.60143395771 11.3002759889 7.75864626536 5.47333675252 7.20125286166 6.98146921548 6.15502770141 5.44713833905 5.49868179466 4.79405664399 5.24543613053 5.09687367901 5.11228153515 5.23801610525
-9999 -9999 -9999 -9999 -9999 -9999 -9999 -9999 -9999 -9999 -9999 -9999 -9999 -9999 -9999 -9999 -9999 -9999 21.7062864431 21.2453570076 19.970049276 20.2110432083 20.0948412399 20.2338514299 18.9042481847 18.6966606387 14.9675186811 14.8533254248 13.9206252376 13.9315766085 12.3746644766 11.9144511756 11.2336228187 11.4623014219 9.83808977306 10.5409169816 10.1466350609 9.15307934909 8.5910682563 9.55850038571 8.34379734445 7.92405341305 7.53872177647 7.51360373959 6.76004566407 8.48310403602 6.11798419016 6.16816847535 7.94598377543 5.94959235867 5.79781031223 6.1626378768 4.87637170497 4.97339386215 5.36686199103 5.59131043702 5.51351284817
-9999 -9999 -9999 -9999 -9999 -9999 -9999 -9999 -9999 -9999 -9999 -9999 -9999 -9999 -9999 -9999 -9999 -9999 -9999 20.7115437475 20.1681264096 20.2888291585 19.4086701914 21.0819804631 19.4143864001 19.2659099966 16.9727846716 15.0213266025 12.7848007161 12.6334967101 12.0839112788 12.4427302239 10.9559602327 10.7047245409 9.34681862569 9.15127434178 8.83351774255 9.68826112877 8.81926186795 9.21736296396 8.09614095545 7.78665022641 6.94828885782 7.76746665105 7.61678721088 7.7653573464 8.07437596682 6.1922896135 5.44871294345 7.67708042264 6.56309377111 5.61756503581 4.88798478258 4.85566752507 5.43929694908 5.28183948349 4.69103402301
-9999 -9999 -9999 -9999 -9999 -9999 -9999 -9999 -9999 -9999 -9999 -9999 -9999 -9999 -9999 -9999 -9999 -9999 21.1972930048 21.4143895709 21.008879997 20.9309234358 19.2509763253 20.7550227504 19.3268261981 19.1818038716 17.4831063994 16.8077983436 13.3685050922 13.0645211713 9.82081185681 5.44962884907 11.0001990956 11.1979430898 10.4553795773 10.9959193325 11.3098229632 11.1713374681 10.586395455 10.262285217 9.36178085841 8.0963937537 7.50269321431 7.11772515144 7.41734551344 7.16560405145 7.33440208547 10.5509046217 8.5773893174 6.31820513535 7.87839510705 9.48389294949 8.69916088421 7.31613044779 6.45075919406 6.03642406365 5.76591585114
-9999 -9999 -9999 -9999 -9999 -9999 -9999 -9999 -9999 -9999 -9999 -9999 -9999 -9999 -9999 -9999 -9999 -9999 -9999 22.386273268 22.0502154306 21.9236987967 19.3002685238 20.8003119502 19.679129623 19.5816726398 17.1131161198 17.213554075 15.0020090654 15.7714074846 11.0758005868 11.0743292216 13.2043457404 11.5864879427 10.2922647077 9.67644952603 8.91091392808 8.42423123299 7.80074153417 7.81044790575 7.64038298512 8.39851018056 8.20824766403 7.13503851133 6.42882547718 9.57184636932 8.42038707611 7.9246760725 9.58395940886 7.70523112593 4.8856857597 9.83707046946 9.77236195404 6.33730112635 10.2939477357 5.75865017793 4.82789868282
-9999 -9999 -9999 -9999 -9999 -9999 -9999 -9999 -9999 -9999 -9999 -9999 -9999 -9999 -9999 -9999 -9999 -9999 -9999 -9999 21.7369856531 21.9190652472 19.3255145889 20.5942213533 19.2967421103 19.498666722 17.0053489107 17.3408411314 16.7387445256 16.4533915142 15.2914188395 15.1684676158 12.4616605401 10.1217981753 8.10386606208 9.78101802755 10.0675929306 10.2495546757 10.0497498232 9.63206567583 8.2883297647 9.22999214509 9.21921182015 8.79230697499 9.58240874405 9.10202869709 8.28156988829 8.68832572004 8.52510747671 10.2044148634 8.86903512562 7.15328294053 5.17994405341 6.26174987581 10.0352390321 6.0275472778 6.15909592951
-9999 -9999 -9999 -9999 -9999 -9999 -9999 -9999 -9999 -9999 -9999 -9999 -9999 -9999 -9999 -9999 -9999 -9999 -9999 -9999 -9999 21.7195281007 19.9438016738 20.2394238768 18.6713594885 18.4529981325 16.8824864497 17.5027721596 16.2967579461 16.1523381943 15.1404506484 15.7063438433 12.512239329 7.44692398048 11.750187418 11.7411397039 10.207911539 9.25864968607 8.83401862661 9.03532327889 9.86268875367 10.0322977943 10.2619485952 9.22173953679 8.43759239602 7.41815715605 8.12801039663 8.47466209554 8.27711517858 8.96945043165 9.24180582443 8.29698802255 7.7774715936 7.20987908677 3.80549393717 4.67400791267 5.22096284907
-9999 -9999 -9999 -9999 -9999 -9999 -9999 -9999 -9999 -9999 -9999 -9999 -9999 -9999 -9999 -9999 -9999 -9999 -9999 -9999 -9999 21.24592657 19.605535036 19.5761849969 19.0415431706 19.2581796344 17.594524374 16.7395916483 15.2664342898 15.7458530365 6.76629528445 14.3652390175 13.3079278661 12.061479239 9.95369745762 10.0881687737 9.39455952072 9.23151443401 8.80594544343 9.79873694211 9.89073860976 9.75047120622 8.82113748122 8.79877155607 9.41439614292 9.22864074631 8.84959813656 8.76242339686 7.31332061892 7.46584194758 6.62747825952 4.74911559234 7.56240034566 5.47047521598 5.64682448201 4.08767643552 4.36347176817
-9999 -9999 -9999 -9999 -9999 -9999 -9999 -9999 -9999 -9999 -9999 -9999 -9999 -9999 -9999 -9999 -9999 -9999 -9999 -9999 -9999 -9999 19.4899325223 19.8772674306 19.7259574202 19.4919765471 17.5924162561 16.8987964213 13.9909187454 14.3872354249 14.2544366527 14.4439497359 12.2385061684 11.5853840258 11.400613026 10.5895918877 10.3685353641 10.0668905607 9.65454689558 9.93026211798 10.0916933832 8.71524175973 8.92137983961 9.74981829016 7.90602857075 7.5090102955 6.7459381538 7.60017325761 8.45939177373 8.28010071605 3.50444626837 6.36955030707 11.9205414074 7.40430396485 4.32420551014 3.85166886834 4.23701772908
-9999 -9999 -9999 -9999 -9999 -9999 -9999 -9999 -9999 -9999 -9999 -9999 -9999 -9999 -9999 -9999 -9999 -9999 -9999 -9999 -9999 -9999 19.650645583 19.5044676147 19.5557319063 19.748801856 17.9349628126 15.9202453862 14.1966625436 14.3924825702 13.0836575972 13.1804313 12.5835968454 11.6640802965 10.6480397524 11.5207436503 10.3093415355 10.0560279203 10.4816417444 10.4688187477 9.17648374269 10.1624595566 8.98089763917 8.16187310868 7.69252751666 8.511278044 9.17721602603 9.26970032431 7.33737275939 7.29626397334 6.99879092993 10.8103171788 6.52175966735 9.32200952431 7.05944502042 6.6649492329 5.59039837482
-9999 -9999 -9999 -9999 -9999 -9999 -9999 -9999 -9999 -9999 -9999 -9999 -9999 -9999 -9999 -9999 -9999 -9999 -9999 -9999 -9999 -9999 19.4189472151 19.5985313189 20.6684742597 20.2191350597 17.9627370631 16.3234538937 14.6110700235 14.9656055496 13.3852303483 12.931190954 12.073462849 11.736006105 11.6221413589 10.4837777117 10.2579914403 11.1517142867 10.7046753162 10.4203262449 10.3148987803 9.54260727173 8.30096169952 9.10307071668 9.75945482726 9.58147737057 9.51674835296 9.04566189626 8.04436104406 8.05339321687 8.77120054641 8.11923674926 8.91837440045 9.24556201375 9.55793003327 9.92087229531 7.39029523908
-9999 -9999 -9999 -9999 -9999 -9999 -9999 -9999 -9999 -9999 -9999 -9999 -9999 -9999 -9999 -9999 -9999 -9999 -9999 -9999 -9999 -9999 -9999 19.8583595978 20.8382439944 20.3259660036 17.455349487 15.6381142302 14.1216384787 14.7682233798 13.4018034068 13.7209158917 12.8907578048 12.860785056 11.2031915743 11.5393638501 11.4103183924 10.9699234004 9.60585188963 9.36381113111 8.28138892382 9.31927992641 10.1034948172 10.094121146 9.5771352917 9.18280939623 7.30933727821 6.93252434998 6.71955314971 7.02649610622 6.13657104847 6.98196366059 7.6607650031 10.7963665823 8.01276558348 6.36980212304 8.29397208636
-9999 -9999 -9999 -9999 -9999 -9999 -9999 -9999 -9999 -9999 -9999 -9999 -9999 -9999 -9999 -9999 -9999 -9999 -9999 -9999 -9999 -9999 -9999 20.0678963714 20.2436132656 19.6870778806 17.2440236509 16.2872758804 14.4359239751 15.1953092807 13.9043017728 14.1382882319 13.0715631961 12.8473675099 11.7247123884 11.5264961847 11.0750810158 10.5954951787 9.60649154323 7.24316974758 11.2465237817 11.4069095308 11.2990640213 10.1568307805 8.60332201563 8.88586647697 9.23966166046 9.62125987109 8.84260746067 8.74605843001 9.10520960432 9.23993020935 7.69079345669 6.81958739581 6.55842556589 8.18827460417 6.75941896788
-9999 -9999 -9999 -9999 -9999 -9999 -9999 -9999 -9999 -9999 -9999 -9999 -9999 -9999 -9999 -9999 -9999 -9999 -9999 -9999 -9999 -9999 -9999 -9999 21.0288414817 19.9162730428 17.3781138037 17.7073926372 15.1903138697 14.7976077002 12.7154101446 9.76455786894 11.8453860255 12.9464165013 12.6119614063 10.8283460069 10.2209777199 11.4637387291 11.1250008888 10.9952327321 11.7478619323 10.2669354143 9.3935667175 9.58632544233 9.88855316531 9.5869292255 8.3105046686 9.05521684426 9.39668078612 8.91020167526 7.86336434098 6.73720376165 7.03768766271 8.06511176638 8.23097219342 6.95421135861 7.14406266632
