data/recharge/transience/recharge120.asc
ncols                  80
nrows                 72
xllcorner      4374000.0
yllcorner      5656000.0
cellsize            500
NODATA_value       -9999
[rows 0 to 24 of 72, columns 0 to 56 of 80]
-9999 -9999 -9999 -9999 -9999 -9999 -9999 -9999 -9999 -9999 -9999 -9999 36.9765045596 38.4223126886 -9999 -9999 -9999 -9999 -9999 -9999 -9999 -9999 -9999 -9999 -9999 -9999 -9999 -9999 -9999 -9999 -9999 -9999 -9999 -9999 -9999 -9999 -9999 -9999 -9999 -9999 -9999 -9999 -9999 -9999 -9999 -9999 -9999 -9999 -9999 -9999 -9999 -9999 -9999 -9999 -9999 -9999 -9999
-9999 -9999 -9999 -9999 -9999 -9999 -9999 -9999 -9999 -9999 -9999 -9999 30.1354011537 28.4530077633 27.9919703976 -9999 28.4323348804 -9999 -9999 -9999 -9999 -9999 -9999 -9999 -9999 -9999 -9999 -9999 -9999 -9999 -9999 -9999 -9999 -9999 -9999 -9999 -9999 -9999 -9999 -9999 -9999 -9999 -9999 -9999 -9999 -9999 -9999 -9999 -9999 -9999 -9999 -9999 -9999 -9999 -9999 -9999 -9999
-9999 -9999 -9999 -9999 -9999 -9999 -9999 -9999 -9999 -9999 29.5029446533 28.6244590953 29.9523447637 29.1159424546 26.3352764672 25.3936437202 23.5118206139 23.7189592705 -9999 -9999 -9999 -9999 -9999 -9999 -9999 -9999 -9999 -9999 -9999 -9999 -9999 -9999 -9999 -9999 -9999 -9999 -9999 -9999 -9999 -9999 -9999 -9999 -9999 -9999 -9999 -9999 -9999 -9999 -9999 -9999 -9999 -9999 -9999 -9999 -9999 -9999 -9999
-9999 -9999 -9999 -9999 -9999 -9999 -9999 -9999 -9999 28.5035145708 28.8090143506 28.6884312796 28.1594105169 28.5797919404 27.2693791182 26.8973444289 24.5210376117 27.4957993223 -9999 29.4217758719 -9999 -9999 -9999 -9999 26.7280728882 27.7898436679 -9999 -9999 -9999 -9999 -9999 -9999 -9999 -9999 -9999 -9999 -9999 -9999 -9999 -9999 -9999 -9999 -9999 -9999 -9999 -9999 -9999 -9999 -9999 -9999 -9999 -9999 -9999 -9999 -9999 -9999 -9999
-9999 -9999 -9999 -9999 -9999 -9999 -9999 -9999 30.9229354159 29.6915211349 28.0372884993 28.1309442808 27.0891925267 26.6827890441 25.973304362 25.9789295412 23.3997840373 22.9450893726 24.2752759758 26.7073123665 25.7188688635 26.3041084649 -9999 24.6576252256 27.9832808219 28.3957594607 -9999 -9999 -9999 -9999 -9999 -9999 -9999 -9999 -9999 -9999 -9999 -9999 -9999 -9999 -9999 -9999 -9999 -9999 -9999 -9999 -9999 -9999 -9999 -9999 -9999 -9999 -9999 -9999 -9999 -9999 -9999
-9999 -9999 -9999 -9999 -9999 -9999 30.4564331571 28.8568159114 28.667047108 28.9368791636 29.0920458462 29.1736268526 27.8078047588 27.5904989241 26.03983907 26.5292298788 24.6045061969 23.6761795325 26.1741226481 26.2082492281 25.3411212434 25.7578324339 25.9164529346 24.727676781 27.0057725285 26.8801645367 27.8537126994 -9999 -9999 -9999 -9999 -9999 -9999 -9999 -9999 -9999 -9999 -9999 -9999 -9999 -9999 -9999 -9999 -9999 -9999 -9999 -9999 -9999 -9999 -9999 -9999 -9999 -9999 -9999 -9999 -9999 -9999
-9999 -9999 -9999 -9999 -9999 -9999 30.312074843 29.3864628446 27.7165203381 27.3689246469 26.7519023709 27.5195805203 26.1472090423 25.2243206204 23.7183704949 23.5543230391 23.1714185954 20.1130505813 22.9258894811 23.1545453026 23.4446632086 24.7851397332 25.213410806 24.5235450031 24.3104768807 23.5863677421 27.3769617894 28.6384723555 28.9809213014 28.7740755899 29.2004924398 29.440115739 -9999 -9999 -9999 -9999 -9999 -9999 -9999 -9999 -9999 -9999 -9999 -9999 -9999 -9999 -9999 -9999 -9999 -9999 -9999 -9999 -9999 -9999 -9999 -9999 -9999
-9999 -9999 -9999 -9999 -9999 31.2232518338 30.396004933 30.0526237582 29.2804266856 29.4867946426 28.592608848 27.6663129051 25.3671307722 25.3693605673 24.7807049574 25.2287711213 20.51166881 12.6726265492 20.0170141754 23.3172294823 23.5814484188 23.3349589704 24.6239810496 24.8731589769 25.0143879332 25.4948020953 26.970658094 27.455173674 28.3180445682 28.3077085913 27.8819745895 28.4726513415 27.5407200508 27.3890616961 -9999 -9999 -9999 -9999 -9999 -9999 -9999 -9999 -9999 -9999 -9999 -9999 -9999 -9999 -9999 -9999 -9999 -9999 -9999 -9999 -9999 -9999 -9999
-9999 -9999 -9999 -9999 -9999 31.5848221567 30.0706827033 30.2545207287 29.6169499462 29.1968364286 28.4232849554 28.7332426903 21.2417478783 18.4547664861 27.1967095149 27.1461080425 22.0828131733 11.2326712894 18.0393099133 20.8541906538 22.3181078612 22.5393614851 24.5291158639 24.3154909841 24.3450911265 22.8938455927 23.43737243 22.9118679483 25.7795482479 24.9351095801 24.0721420902 25.3058449804 26.7282289567 26.5204993537 26.2812253957 26.5899157512 -9999 -9999 -9999 -9999 26.4003953657 26.293203567 -9999 -9999 -9999 -9999 -9999 -9999 -9999 -9999 -9999 -9999 -9999 -9999 -9999 -9999 -9999
-9999 -9999 -9999 -9999 -9999 31.1622074698 30.3123672473 29.7892761693 29.71911639 30.3456929577 29.4896334482 29.2184111999 27.2241839015 27.4146670104 27.9197286881 26.615611141 24.0066366907 26.15321614 24.9654468148 25.4667818712 23.2876889055 22.2247348444 23.1091568954 22.8470345182 24.2156461926 23.1089269273 23.1776789691 21.9778246506 25.8672929007 24.3499367438 18.7062188009 22.7590521522 26.4678663837 25.6766294805 24.8198408301 26.6802771995 26.5751784921 -9999 -9999 27.0868729867 27.0758548024 26.9676584448 27.1139789687 -9999 -9999 -9999 -9999 -9999 -9999 -9999 -9999 -9999 -9999 -9999 -9999 -9999 -9999
-9999 -9999 -9999 -9999 -9999 -9999 31.7656670621 31.4721196142 30.5046455951 30.7022090156 29.8361962994 30.0841144778 29.917337628 30.8002929771 26.5494821166 26.2144449204 25.476504391 25.4308750763 23.769221277 24.0712964809 23.1559559911 23.2492870801 22.6727118702 23.5621404428 23.1975747351 22.4474765771 19.2132421366 19.4666655486 21.6766085613 22.7236186086 21.3150298938 22.7877705029 22.2175620398 22.2913167494 22.9019822093 24.3932267505 24.4451453387 22.4675732301 26.2303006573 25.9352139458 25.6646676979 26.9657268861 23.64394606 21.2718983814 -9999 -9999 -9999 -9999 24.5079219984 23.3836006624 8.98134042921 -9999 -9999 -9999 -9999 -9999 -9999
-9999 -9999 -9999 -9999 -9999 -9999 -9999 31.9344397299 30.2833997674 30.5456578846 30.7485136141 30.6804194906 29.0142580099 27.559376382 26.1926960965 27.5552325653 26.6577613869 26.7528069554 25.7979066171 24.6150797367 22.5739331272 22.4254534249 22.3135282739 22.6930100317 22.7271258356 21.8956831241 19.7005775683 21.4041936954 22.768364022 22.2223284602 21.6773449075 21.6755387245 22.4907290984 22.6188266396 24.5840697776 24.6420514132 24.2299770565 24.3830358221 26.1880139884 26.0582531933 24.2498821316 23.0005657599 15.6773894075 12.1079327838 10.4655569007 11.6995113748 12.4872915781 10.9881918452 10.5859637362 17.0876878974 20.9692637348 19.3084391377 -9999 -9999 -9999 -9999 -9999
-9999 -9999 -9999 -9999 -9999 -9999 -9999 -9999 30.3086788207 30.2080107513 30.4881505228 30.7115457754 29.6364410154 30.498832003 29.8731988837 29.3713205872 26.4549876903 26.7696601933 24.4899709676 24.8681023762 26.2634690411 26.0396623553 15.6812243175 6.6720389117 6.2486104433 6.25134432122 14.272827385 20.0918497706 18.8049419963 16.9322383842 17.5006895088 17.5832098601 18.9236050055 18.0129287569 20.4837626222 21.4004605214 22.9139324696 23.2847052961 23.5171459489 23.265599984 20.7247028126 15.0965086322 9.34668078034 8.67439583428 8.23698380979 7.64225643168 8.74475503411 7.93804427483 7.33921845424 12.5058283795 15.824467818 16.781678897 15.271863561 -9999 -9999 -9999 -9999
-9999 -9999 -9999 -9999 -9999 -9999 -9999 -9999 31.2268745926 30.8089914889 30.0732837192 30.2522923133 29.7372632683 29.7629877651 28.5486172724 28.1261662095 25.8502454743 26.4104986212 24.9432442248 25.2921747736 25.9068672784 25.984063994 14.0112791288 13.1593471309 9.35298902215 5.3353130006 7.28854577159 15.955290871 17.8709477689 15.842098935 16.8375608769 17.2106461874 17.557114979 17.7262929027 21.2650369835 12.4349437464 23.5731689064 23.0250592796 23.4158747213 23.3088692393 22.9114783863 15.5049434059 8.81190657509 8.78302875807 7.66861588696 7.59706685447 8.6544805354 8.10151742051 8.40977268937 17.1008776724 16.0984096762 16.1436132372 16.1211268824 17.7807337456 15.3760300886 15.8354342499 -9999
-9999 -9999 -9999 -9999 -9999 -9999 -9999 -9999 -9999 31.0429843529 30.6469405914 30.2906577366 30.0435852283 29.8001586854 28.2242939194 28.2385342773 28.3424422921 28.1591059656 28.2761761112 28.4615041056 28.3841020994 26.8493708096 23.9131425421 22.5065792205 14.5607041022 12.0786759658 6.65216837735 4.32314152389 7.52458369133 17.3149764692 15.7973916781 15.6518439319 15.3535926608 13.6985935013 17.0273635405 17.4934539161 21.0019195344 20.6041603975 20.4731804309 20.5319498548 20.1493166584 18.7181687299 7.33024229132 8.45371971624 6.50913313822 5.75816844575 5.10067071156 5.37368683376 10.8290517556 12.2265498656 12.0073928069 11.774814756 13.1100867818 14.9297545074 14.7228365202 6.99460362034 4.66401426188
-9999 -9999 -9999 -9999 -9999 -9999 -9999 -9999 -9999 -9999 29.8929323308 30.3042939544 29.986139198 29.8355985137 27.7665889403 27.297840838 27.557075978 29.1847910365 28.2725082671 26.875328533 25.7332492769 25.0246567878 22.2948889549 16.0827599332 8.96567437429 12.6792886523 9.50408373355 6.50931906525 3.15204060005 7.43079183928 17.1619028933 17.1892542328 17.9311844432 15.4361869284 19.1605651491 19.1015023152 20.7981199063 20.6009639825 20.5362615562 20.5811073579 20.5016344891 19.7411331058 14.4861830052 8.19149808654 9.15675134982 8.83045511291 7.14548784565 6.00887760961 13.124445561 13.0658680368 12.9793972191 12.6798815254 11.8487313501 14.0096015716 13.7540577476 6.32120541776 4.61899261291
-9999 -9999 -9999 -9999 -9999 -9999 -9999 -9999 -9999 -9999 -9999 18.0240779903 21.5368710029 28.8225091443 27.2248987851 26.5843740308 26.9152044338 26.8814466066 24.979373682 26.3841962589 26.1319385336 25.6968815777 21.1542132689 19.4687794822 12.5074529426 3.52851150974 5.46409698479 9.12958507272 9.56956940307 17.9533690507 4.68888625999 12.478245328 13.8641745569 13.9679415318 15.4084764154 14.5640941258 17.7696060815 17.7105358055 18.5718956346 18.5786634802 17.6645816094 16.6063761202 16.8967667505 11.0328940139 6.73897791452 5.45320041491 6.25830759897 7.21685320242 8.39565748507 12.0708510584 10.8800814078 12.2932317125 11.9071528384 11.9528456158 10.631812381 10.2702785424 5.15554814316
-9999 -9999 -9999 -9999 -9999 -9999 -9999 -9999 -9999 -9999 -9999 16.9686943729 22.7478082564 27.9711919873 27.294260018 26.8527982918 25.323863328 25.2779677927 26.3585152455 26.3882126016 25.8490756391 26.5968921619 22.015043748 20.3693117992 20.0399641244 20.8674438029 11.9397630899 7.30231740238 4.28860247242 10.8864391433 8.06947207916 5.64514348187 2.12969302391 2.8976623219 5.68311195913 13.9206599434 17.722856002 17.8774786893 18.3449436287 17.8953800191 17.0495660582 17.7012167261 16.1113324791 16.4322733995 12.1276230791 7.65825624162 8.82462086503 10.1542905418 8.99138573219 6.94701368412 6.91117913237 7.14493906954 5.64538383536 11.4399759625 11.8111309937 11.1613471034 10.5596776931
-9999 -9999 -9999 -9999 -9999 -9999 -9999 -9999 -9999 -9999 -9999 31.1992129724 28.713597547 28.4257946456 26.0955569504 25.7991078091 22.7248924308 21.8885536249 22.4635371427 23.1805340655 23.7671528545 23.9235851579 19.6478673882 17.6856022562 17.6665166893 18.8420591541 17.831003507 17.6783868401 16.3573153974 10.7470266202 5.36739946901 5.74777463881 8.41213280046 8.32090338901 4.74208696755 1.18643571036 2.22079922623 1.82542776566 13.3227861181 13.1470258355 13.3557824997 15.7969979077 16.5597163307 17.5246584476 19.1176776924 17.5995843672 8.57189232443 7.87992468008 7.34112194297 7.0222692551 5.77732016359 6.4841222231 6.93962432622 8.68272750535 11.4152598413 11.2395186861 8.14146844929
-9999 -9999 -9999 -9999 -9999 -9999 -9999 -9999 -9999 -9999 -9999 -9999 28.6176701253 28.3167060666 27.0206648229 25.9878060285 23.7656576782 22.3169804018 20.9078137941 23.8857377335 24.1084393923 23.6135248802 21.7161971946 20.9653490326 19.1655394427 19.3269495322 17.967642471 18.1976202365 17.1416871688 16.8261178545 16.5915203135 16.8974326791 12.2754679266 5.29044620232 6.06431026104 12.9472700904 3.6632748328 1.62070878845 2.69365387215 15.8744799901 17.169441288 15.4816561353 18.2216434509 19.4530800592 20.4378443112 20.3840252146 11.4076199414 7.96271060432 6.13868047942 6.64356255627 5.43259554898 4.66263666876 4.1097995615 4.21947525949 3.64898698455 6.63907135942 6.6317463848
-9999 -9999 -9999 -9999 -9999 -9999 -9999 -9999 -9999 -9999 -9999 30.4695832942 30.0534090581 29.4534416753 27.6782488026 18.2482926031 21.9728517843 23.754167931 20.1864335152 22.1547423695 20.693335839 20.5811386943 18.7688738095 18.9480161234 17.4885156451 17.3776076899 15.6899842383 15.5302856485 15.0829023174 14.8662438279 13.934620302 14.1556374303 13.6051116016 13.5333224306 13.984532116 2.41508248302 2.59150542094 0.945218584215 0.940940559216 10.3107027933 14.2556738268 12.5893739195 21.1619099681 21.7626969909 23.9603362719 23.8350636446 20.7055969556 11.94269514 7.26162211446 7.30737776399 4.96790389635 3.38479040928 2.91822691272 2.93970733062 2.64569069765 2.91513612536 4.14231411583
-9999 -9999 -9999 -9999 -9999 -9999 -9999 -9999 -9999 -9999 -9999 30.9669422957 31.1015513502 30.1857444256 27.3282112187 21.7732419661 24.0483680802 24.3438840136 22.3356170533 22.4161802094 19.0558942966 18.7202434684 19.12321871 19.34179163 17.8342344818 17.2231132378 13.3291430558 13.8688961759 15.0829809622 17.132190506 15.8456976069 14.2807805709 13.4954446975 13.5375238069 13.8215093617 3.13049214046 1.29975566069 2.58161135747 1.13013444406 4.4508838377 13.1312797931 11.9313663809 17.8648183885 19.3740399371 20.4501060548 19.8992909129 19.2006227706 18.8497195755 12.9093651977 10.604519496 4.68605463261 4.86613031351 4.07135765919 3.86030577366 3.49778425669 3.23658638906 2.56736387745
-9999 -9999 -9999 -9999 -9999 -9999 -9999 -9999 -9999 -9999 -9999 31.7048598743 31.3886600234 30.0249786312 29.0014799594 28.7675745546 25.2403883661 25.5044902074 23.1425747746 24.2828005944 18.4773786387 11.0469413156 18.2275820516 12.7874055721 8.18616199152 8.17578187544 9.57664528786 11.1299368993 10.6297341895 11.8309918891 11.7255053029 15.7224712653 15.0056357083 14.5293021116 12.4307257484 1.83545985121 0.577869088706 0.361746224069 0.900054773661 2.09890480164 13.447406517 14.303389086 13.4828316017 12.1567214666 13.7374373123 13.5811386042 15.9836542453 16.1236731094 13.9779075018 13.9044651277 5.95314893885 3.28301281829 2.7101068368 2.63168756256 2.49921803631 2.51718545529 3.02498264839
-9999 -9999 -9999 -9999 -9999 -9999 -9999 -9999 -9999 -9999 -9999 -9999 31.989877167 30.949578174 29.3630307558 28.4828133019 25.745009624 26.0376555364 22.7805253378 23.665267509 21.3419785448 23.1562225599 11.2172771582 8.28594919652 7.69650378132 7.59230193594 6.32053623443 6.60579648921 5.98018848182 5.43936947557 4.68475674545 8.63493415726 12.4421932756 12.8364925405 11.9667258897 1.21415885294 0.77456261618 0.451040818732 1.39806665471 3.1219876455 13.6140196207 13.7769944431 15.2427636236 12.0575670168 13.1464161776 13.1209640306 14.7473124738 15.5798290295 13.218175843 14.3418264287 11.8803600106 7.67295149337 5.85184017823 4.83935335452 2.76413034478 3.10687846129 2.91633784616
-9999 -9999 -9999 -9999 -9999 -9999 -9999 -9999 -9999 -9999 -9999 -9999 33.0921363704 31.4305539647 30.1142469154 30.0401722612 26.3866429572 27.2084170577 24.8220973219 24.5635336693 23.0914779054 23.1120167228 15.2181807283 11.3428258129 8.94559940621 9.76767745171 9.75272897963 9.035539045 7.17439763811 8.67414462742 6.75209275436 7.27569938171 13.7102762339 15.6271331538 3.96020821616 1.2146793095 0.710901958805 1.49955170517 3.07847534773 3.06016309514 10.4861326732 12.4144738999 11.8239069757 11.6960619161 11.3524570085 10.5743163406 10.3498096451 10.6108815559 9.57767779481 10.999385619 9.71564647403 8.5495027909 6.26657523035 1.62171194446 1.06131150588 1.35965010979 1.17544086384
