data/recharge/transience/recharge192.asc
ncols                  80
nrows                 72
xllcorner      4374000.0
yllcorner      5656000.0
cellsize            500
NODATA_value       -9999
[rows 26 to 51 of 72, columns 0 to 56 of 80]
-9999 -9999 -9999 -9999 -9999 -9999 -9999 -9999 -9999 -9999 -9999 -9999 -9999 16.6329898428 16.4440390794 16.4093683708 16.4396908504 16.24274718 15.5992464476 15.5190647855 14.9509725884 14.971810113 14.1864211475 12.2513264397 12.7705202693 11.3689225256 9.64209741187 9.00948471378 8.06807435889 8.40083913594 7.25883287317 7.02661804788 8.49950032813 7.15838906907 6.15101617603 3.96928790033 6.75221160906 6.56690202174 5.96611579073 4.45963545396 3.93035353345 4.96897971019 3.48817396749 4.05649519748 4.20299931817 5.13107371925 5.97108556424 5.83099967837 3.74749479766 2.62546940019 2.33999121398 2.5229677667 2.67773705785 3.60125764773 3.15306614725 2.00627431392 1.94591824451
-9999 -9999 -9999 -9999 -9999 -9999 -9999 -9999 -9999 -9999 -9999 -9999 -9999 -9999 16.952775638 16.7976072666 16.400601874 16.003991928 15.4515675521 15.5969872587 14.8387535808 15.3030081977 14.216926944 14.2386457584 12.4082517359 12.4475217992 12.3466029748 11.7159041493 8.62878571981 7.73679621142 7.42989232481 9.26070404754 9.61151501852 8.40051122074 6.68518216496 5.81117485695 7.02177424229 5.30593676976 4.60190484923 5.0000240446 4.97007822755 4.43551335779 4.70159271075 3.92863896789 2.94183872 3.37347176087 2.69182274936 3.19375436193 2.36433509995 2.84516678653 2.67837367134 2.07260284057 1.89325097504 3.39712412215 2.98016143522 4.32798268804 4.75829428977
-9999 -9999 -9999 -9999 -9999 -9999 -9999 -9999 -9999 -9999 -9999 -9999 -9999 -9999 4.62822178057 11.0580034562 16.2941820754 16.1203082812 15.7980900841 15.8508721952 15.5274908842 15.6078270868 14.6867602336 15.2349917763 14.7985357668 14.598934942 12.2670307736 12.2739617474 11.5400634615 11.2387594846 9.10301030887 5.57799920273 9.39076692868 10.3974749651 6.67580763195 4.47341574888 6.65469290479 3.92851956156 4.75886330111 4.91870467608 4.08192208676 4.20120038561 3.79197244575 4.48257080638 3.81986154696 3.19240318526 3.09952709529 3.08581926864 3.30729579862 2.81232062269 3.07401017466 3.47061993294 3.70866509335 4.80738071138 4.80887012727 4.90969957611 6.19335170238
-9999 -9999 -9999 -9999 -9999 -9999 -9999 -9999 -9999 -9999 -9999 -9999 -9999 -9999 7.29446641724 11.1212192868 15.7894133182 16.390451361 15.9536438663 15.862771129 15.2618635732 15.5170896944 15.0338118274 15.0592747487 14.1609936969 13.9049926444 12.830614619 12.5620292264 10.9553138835 11.3514443444 10.3360548604 10.0069832987 9.15853733168 8.77421936635 8.67433994326 3.76901390289 4.93255256462 5.46159247478 3.33572758536 4.62289047758 3.57676714477 3.99507141321 3.43953711526 3.53105578187 2.87080755629 3.26544403477 2.33306014605 3.1530368544 4.64050098535 5.06052459238 4.67287469578 3.66497593019 4.64056222873 4.4860866323 4.09548254624 4.28380911087 3.6777007196
-9999 -9999 -9999 -9999 -9999 -9999 -9999 -9999 -9999 -9999 -9999 -9999 -9999 -9999 16.6853336237 16.4239835485 16.263724619 16.7039466462 16.6048267969 16.2556008554 16.0983691855 16.0015465989 15.0096099375 15.2420430565 13.7791884745 14.0774131425 12.4737260029 12.8675136429 11.4905343506 11.2633205681 10.561541933 10.931076182 10.1799094711 6.28186669495 3.92591696203 3.93696242907 3.64959939493 6.72402416124 3.36552647082 4.53482033431 4.75770452874 3.18531707778 2.68506482219 2.89177960207 2.45259321402 2.71545820834 4.31628782004 5.07900140459 7.12392923212 7.54028570411 6.25890944628 6.59499141427 5.16539535294 4.96562753115 4.45186983849 3.93731510843 4.31492703351
-9999 -9999 -9999 -9999 -9999 -9999 -9999 -9999 -9999 -9999 -9999 -9999 -9999 -9999 -9999 16.2984955696 16.1849015175 16.4489486787 15.9981632001 15.7775932133 15.5183549293 15.6553603389 15.4419298193 15.339593757 13.7569575239 14.1773355892 12.5298372927 12.7006867601 7.05575646005 11.0946422799 9.84094490329 9.78744899866 8.92490531481 6.10930080578 4.00407980866 4.01327284345 3.77817118463 3.75884055909 3.64551580604 3.52119052311 3.20502318223 4.55400294848 2.95280646076 2.53480360178 2.36071224471 2.81573771454 3.31700358193 3.56075147359 4.06769883167 4.00927518363 2.78979875318 2.48155985632 3.71255861029 5.20121105441 4.9637057762 4.92054585205 4.48819311983
-9999 -9999 -9999 -9999 -9999 -9999 -9999 -9999 -9999 -9999 -9999 -9999 -9999 -9999 -9999 -9999 16.0486021774 16.2708706474 16.1601095448 16.5293339532 16.3260996215 16.089815416 15.2253362098 14.7562684058 14.151614532 14.0131203961 12.3575512624 11.7037130162 6.79804601142 10.1956400904 10.4103479667 7.74018718669 5.47395238119 3.63085227175 4.0062952882 4.10432302585 3.99658471238 4.0706303583 3.98434806343 5.18353661108 8.51758870029 8.27145261434 6.95739945575 4.87448761773 3.34694030052 2.76746541243 2.3233937682 3.62062203581 2.75328470163 2.12222245815 2.99065288579 4.37196911296 3.50421861666 2.88878645959 3.3464988373 2.97690920012 2.74102702133
-9999 -9999 -9999 -9999 -9999 -9999 -9999 -9999 -9999 -9999 -9999 -9999 -9999 -9999 -9999 -9999 16.5385069086 16.5140967033 16.5339263153 16.3651391258 15.995527211 15.8194875691 14.8572637981 14.7128203676 14.1474792699 14.420072833 12.626982432 12.4801562529 7.33979099846 9.67922582105 7.10533678919 5.27000913266 5.86263668211 4.25472788575 4.16929794884 4.06090198228 4.89374840873 4.09590614392 3.96941443198 4.24956120741 7.41818236188 6.25543582567 7.44849259702 7.12065039791 5.48528673657 4.55917135562 4.66352633924 4.45940727623 2.03831388621 2.60828197781 3.63469723534 3.80057354963 4.66936887229 4.87038165167 5.43373127458 4.39479556478 2.76870605749
-9999 -9999 -9999 -9999 -9999 -9999 -9999 -9999 -9999 -9999 -9999 -9999 -9999 -9999 -9999 15.5149730954 15.6966079115 15.9542160943 16.428627315 16.287024484 16.0390751969 16.152144734 15.2643489966 14.7515398361 13.8179633004 14.0551500383 12.7886019194 12.8286208447 9.36020983916 10.9023946913 10.3090171949 10.4195796928 10.083540322 8.26440243493 7.05428698015 7.9216005927 7.35034499198 7.31370775932 6.53292833789 4.03604135276 6.51516047201 6.55373718025 5.52643508428 5.47827853325 5.31891159628 4.59555667921 4.24829993907 4.36473300033 3.63035670436 3.88433132241 3.10148818714 2.38788416603 2.70669794551 3.05653056312 3.38702248244 3.48792675959 3.78114722353
-9999 -9999 -9999 -9999 -9999 -9999 -9999 -9999 -9999 -9999 -9999 -9999 -9999 -9999 15.8419816231 15.7348551949 15.780812035 13.7693481098 15.7526470398 16.2139208163 15.78187442 15.8937986676 14.854017513 14.9392798566 13.814977752 13.6575133331 12.3516025414 12.6097170263 11.1464879764 11.1455903479 9.85998385394 9.95741499902 8.21181059249 7.32943604803 6.43274849145 8.70432253509 7.74660299614 6.56939605244 4.53227150031 6.29587397137 6.49181991152 4.959979154 4.69996897709 4.94983317339 3.92019404458 3.5676925422 4.81994749824 4.03138352659 3.75530514822 3.06642850321 2.70996224646 2.68108015999 2.93118346514 2.85694750509 2.69772797846 2.89181144589 2.80107219909
-9999 -9999 -9999 -9999 -9999 -9999 -9999 -9999 -9999 -9999 -9999 -9999 -9999 -9999 16.0642461371 16.0564509005 15.8022070459 13.3380309025 12.3788667441 13.3925376658 15.1111560583 15.4654318514 14.9091231547 15.0384024011 13.5050600949 12.8743141338 10.22679481 10.2919831598 9.43707058256 10.9794250811 10.5051841651 9.54732406314 7.93982526629 7.57016135536 6.59512960331 8.35708978761 8.94586788027 9.70250639572 7.55267079356 7.63434126952 8.32259469916 8.05061990053 5.52584069467 5.27869945822 4.87368600802 3.67032468224 4.78736839488 5.2323037732 5.09330299635 5.69345028894 5.6584914068 5.62850939543 4.60456699742 4.16152053115 4.58694653742 4.44628389195 3.49514065846
-9999 -9999 -9999 -9999 -9999 -9999 -9999 -9999 -9999 -9999 -9999 -9999 -9999 -9999 -9999 -9999 15.8825411499 13.8612177239 13.7541082383 13.6888429636 13.5832429982 15.1163657957 15.2368630065 15.2396083266 13.7064780391 11.4958727054 8.41850057436 8.68010396596 7.47128027765 8.39901602276 8.75017711976 8.00764589208 7.63813475381 7.06591060491 7.10379446199 7.13846091236 7.75010493493 7.40845655407 8.3613634108 7.96132808111 6.08212217255 6.09662089888 7.25922671312 6.71326529831 4.10595764131 4.50508078796 4.18699553841 3.39722587416 3.72812854058 4.50744545194 4.40083217662 4.50502106119 4.08518391114 3.59173060973 2.44616649748 2.61298593293 3.92432369935
-9999 -9999 -9999 -9999 -9999 -9999 -9999 -9999 -9999 -9999 -9999 -9999 -9999 -9999 -9999 -9999 14.1784683702 14.0638558749 14.111411436 13.3351760939 13.0265316703 13.5241903608 14.4197474804 14.6990893254 14.3951405091 12.050690199 9.91625710517 9.71901874122 8.76378356773 8.82547162633 9.1270457682 8.9083587726 8.02581849268 7.51360930112 6.20315924089 6.46559898396 6.56284241902 7.13909329796 5.60339251242 5.15185323696 5.83200386914 6.73587104246 5.33081762389 6.38089288823 6.43040591161 4.47514964251 2.91721304342 3.61236851962 3.57367221706 2.79760225309 2.21836156752 2.25775453549 1.7490635241 2.0376852509 1.93817695749 1.95438145774 1.92145690045
-9999 -9999 -9999 -9999 -9999 -9999 -9999 -9999 -9999 -9999 -9999 -9999 -9999 -9999 -9999 -9999 -9999 -9999 14.1465668296 13.6534151447 12.6476238304 12.996486544 13.8611903861 15.077533481 14.2066654878 13.3124871731 9.56069235831 9.41713997889 8.5958027112 8.56957401633 7.49652834235 6.99948674732 6.8160324252 7.25942631538 6.13382488034 6.93625056304 6.84056964094 5.71495614665 5.32780850449 6.3515659568 5.21141040927 4.77102015799 4.57152644188 4.54546126237 3.76640515858 4.41823315749 3.32673829997 3.41879931084 3.97479012219 2.25536314797 2.39312658193 2.54181769316 1.79103059402 1.84691866067 2.11333918065 2.28020793123 2.09298216658
-9999 -9999 -9999 -9999 -9999 -9999 -9999 -9999 -9999 -9999 -9999 -9999 -9999 -9999 -9999 -9999 -9999 -9999 -9999 12.9715768683 12.9581638793 13.1685307222 13.1073290132 15.9481956685 15.0231028078 14.8560880699 11.6079296055 9.31047353376 7.51407298347 7.35101320181 7.31172728842 7.2343302076 6.51331277027 6.40477903283 5.43961030488 5.28221163916 5.17275075307 6.22527796966 5.57937341069 6.01922050583 4.9731707494 4.63428979676 3.85508924858 4.64969374505 4.55719417444 4.72703160743 4.04112674934 3.38811374139 2.80969953278 4.1276220686 2.34298067707 2.30521043019 1.76328290576 1.74322240753 2.12244304219 2.0184037495 1.58763113775
-9999 -9999 -9999 -9999 -9999 -9999 -9999 -9999 -9999 -9999 -9999 -9999 -9999 -9999 -9999 -9999 -9999 -9999 13.6889141913 13.9427504322 13.9918974497 13.9099242143 13.0566731152 15.6028418611 14.9423063089 15.0835800358 12.9431163845 11.1722102232 8.16662366015 7.80555173429 6.87678948405 4.20958262189 7.04716551041 6.87309055164 6.52692589009 7.11915636768 7.75944797853 7.59628754754 7.19810300405 6.92644651279 6.28285406164 4.96856536074 4.35950659794 5.01183419797 4.80152306048 4.96325128379 4.29393482059 5.94648369765 4.94113497259 3.44453018804 4.55348710093 4.66996223913 4.18718663802 3.770858404 2.9690427647 2.59224820653 2.28109126189
-9999 -9999 -9999 -9999 -9999 -9999 -9999 -9999 -9999 -9999 -9999 -9999 -9999 -9999 -9999 -9999 -9999 -9999 -9999 14.8764278209 14.9510479176 14.8024823182 13.3328657489 15.8352995414 15.5161783735 15.4648924896 13.062321157 13.2267810643 9.78872602712 10.7383565849 9.11920835662 9.10920606463 9.12517172671 7.54628643432 6.973399534 6.50123220945 5.29237406624 4.76407124027 4.26480558206 4.26616347844 4.2902844561 5.2615801674 5.669546105 5.54628215169 5.10152085117 6.95040921542 5.40841688824 4.53012442354 5.34557217656 4.35539826698 2.47349430796 5.23920080555 5.18369422145 3.74393710207 5.11205448726 1.65641080022 1.52781821738
-9999 -9999 -9999 -9999 -9999 -9999 -9999 -9999 -9999 -9999 -9999 -9999 -9999 -9999 -9999 -9999 -9999 -9999 -9999 -9999 14.4571560082 14.7192080952 13.3732887952 14.9508618836 15.0524914477 15.3696707829 12.9568087386 13.371413359 12.5770146646 12.1766822271 11.1235539611 10.9396905106 8.1086077438 7.24273831999 6.27871751672 7.21587851815 6.65540124443 6.98792789875 6.87886937264 6.48876710244 5.15708736178 6.20160467437 6.20054971686 5.73844196839 6.57554001235 6.08031208031 5.26885585166 5.696918491 5.14777275382 5.63287307457 4.86709966415 3.65775923685 2.39020444734 3.61086067048 5.0047935453 3.01569922522 3.06911363239
-9999 -9999 -9999 -9999 -9999 -9999 -9999 -9999 -9999 -9999 -9999 -9999 -9999 -9999 -9999 -9999 -9999 -9999 -9999 -9999 -9999 14.9155522111 14.1109101626 14.3633312214 14.7596486297 14.4552494625 13.3806323127 13.9108556738 12.3966116163 12.1172762217 11.4096654775 12.034663134 8.82852255132 5.99036309485 8.79666995261 8.46886635891 7.26239957068 6.29222592754 5.76578159467 5.99885708257 6.9609650453 7.16159832435 7.38536765297 6.14325745005 5.321117633 4.24871531324 4.98478438115 5.35626191645 5.15093844261 5.87983684447 5.47054334873 5.41908611254 3.74777718961 3.72322535642 1.29584166657 1.96201187242 2.34001807118
-9999 -9999 -9999 -9999 -9999 -9999 -9999 -9999 -9999 -9999 -9999 -9999 -9999 -9999 -9999 -9999 -9999 -9999 -9999 -9999 -9999 14.3739414187 13.6963677092 13.6941658908 14.8316827018 15.5715265901 14.0466368322 12.1312142137 10.4662214 12.384485834 6.0940682028 11.3843131614 9.38533110995 8.39394963137 6.51677015413 6.90506310748 6.34296274782 6.59883674282 6.19319102834 6.91808241216 7.00358202675 6.83753501129 5.7693231107 5.68865356965 6.39700039569 6.19970615813 5.77921550195 5.68009296294 4.12999000326 4.23068704844 4.75924784354 3.4782979502 4.07574998287 2.23785336714 2.70408961708 1.5114314172 1.6849552405
-9999 -9999 -9999 -9999 -9999 -9999 -9999 -9999 -9999 -9999 -9999 -9999 -9999 -9999 -9999 -9999 -9999 -9999 -9999 -9999 -9999 -9999 13.9372598408 14.3876181224 16.0220154322 15.8628145301 14.99356634 13.0944599065 9.98714858997 10.1370287032 10.4024228004 10.6457463871 8.89313566167 8.54011283644 8.62355505245 7.70423487184 7.67062843638 7.39803016285 7.25379286471 7.13238764932 7.20075596805 5.59992833085 5.84867395843 6.82925660879 4.67780818324 4.2906146437 3.57658623223 4.48744977992 5.39837023113 6.11636925786 2.79539803046 3.91202184452 6.45245051979 3.92763314773 1.61832831236 1.25962394486 1.52906299686
-9999 -9999 -9999 -9999 -9999 -9999 -9999 -9999 -9999 -9999 -9999 -9999 -9999 -9999 -9999 -9999 -9999 -9999 -9999 -9999 -9999 -9999 14.0857800768 13.9622333561 15.8589767443 16.0704402644 15.2184092181 11.9659850398 10.1242222945 10.3071912067 9.55397372087 9.67228282828 9.36747632218 8.7439994283 7.78120266852 8.77558462621 7.48521497928 7.26986053473 7.80472827767 7.70302008295 6.12755092815 7.27961544795 5.92377944657 4.99729222073 4.47454567795 5.32901716866 6.06049845951 6.13138154835 4.04057639968 4.1229838931 4.26099852341 6.36781289166 3.28790985031 5.14374845015 3.67979423605 3.39353221168 2.56585786734
-9999 -9999 -9999 -9999 -9999 -9999 -9999 -9999 -9999 -9999 -9999 -9999 -9999 -9999 -9999 -9999 -9999 -9999 -9999 -9999 -9999 -9999 14.25877642 14.5240752725 16.9608098778 16.3230422848 15.5408248001 12.9777687377 11.1989180029 11.3532396503 10.3118543083 9.78345843677 9.12437361129 9.11210061155 9.14082471675 7.82398994183 7.55962373102 8.60053195301 8.01327433331 7.66111260501 7.47358647604 6.58608794643 5.11547196368 6.03425781918 6.7404660604 6.46713937864 6.27550524352 5.73955189132 4.66352540722 4.670274879 5.44501321551 4.73865339536 4.64580531696 4.99370368052 5.17223902046 5.38375890865 3.78932125075
-9999 -9999 -9999 -9999 -9999 -9999 -9999 -9999 -9999 -9999 -9999 -9999 -9999 -9999 -9999 -9999 -9999 -9999 -9999 -9999 -9999 -9999 -9999 14.7503390819 17.0799248468 16.4025181873 15.2221818128 12.486379236 10.9603420216 11.1486138827 10.3466174189 10.693685494 10.063513329 10.2327442697 8.66298050635 9.04396950605 8.89735718768 8.39768170169 6.72771556992 6.35374490448 5.14925651584 6.33837834303 7.17509089613 7.18890107353 6.50577947943 6.04710797998 3.93182642586 3.61874091049 3.41039975134 3.66284016841 2.92115650872 3.5994658652 3.92280615655 5.77168091106 4.12419140318 2.5641660438 3.82179711272
-9999 -9999 -9999 -9999 -9999 -9999 -9999 -9999 -9999 -9999 -9999 -9999 -9999 -9999 -9999 -9999 -9999 -9999 -9999 -9999 -9999 -9999 -9999 14.4056775918 17.0642140157 16.7182687454 16.1715162907 14.3605657015 12.1247723155 12.3291043384 11.3228767643 11.5282594412 10.6365483502 10.4725699005 9.42231449693 9.27442609206 8.51209779022 7.95510877028 7.36155063686 5.98926944445 8.29733918006 8.34525732769 7.98977930306 6.87697016219 5.22863316408 5.55472091203 5.95110612726 6.27243572616 5.33821034424 5.24034671554 5.61968389922 5.77439645865 4.10609526721 3.141494493 3.10631543801 4.63321281214 3.28008695122
-9999 -9999 -9999 -9999 -9999 -9999 -9999 -9999 -9999 -9999 -9999 -9999 -9999 -9999 -9999 -9999 -9999 -9999 -9999 -9999 -9999 -9999 -9999 -9999 17.2441030662 16.7540946854 16.2143336694 16.0477852195 12.5592330134 12.38623901 11.0855656778 9.02525991538 10.3324554967 10.5746426409 10.1293691271 8.36663261086 7.51943336426 8.87755255304 8.4835181939 8.65986050645 8.64375390687 6.96652226984 5.81202063429 6.43020365743 6.73193379396 6.38113115992 4.87413086314 5.74307600139 6.09796732356 5.48743670489 4.27144635001 3.2249862895 3.60462879207 5.38734892541 4.59562651411 3.4223811817 3.59578136527
