data/recharge/transience/recharge328.asc
ncols                  80
nrows                 72
xllcorner      4374000.0
yllcorner      5656000.0
cellsize            500
NODATA_value       -9999
[rows 0 to 25 of 72, columns 0 to 56 of 80]
-9999 -9999 -9999 -9999 -9999 -9999 -9999 -9999 -9999 -9999 -9999 -9999 18.0344725607 18.4220656605 -9999 -9999 -9999 -9999 -9999 -9999 -9999 -9999 -9999 -9999 -9999 -9999 -9999 -9999 -9999 -9999 -9999 -9999 -9999 -9999 -9999 -9999 -9999 -9999 -9999 -9999 -9999 -9999 -9999 -9999 -9999 -9999 -9999 -9999 -9999 -9999 -9999 -9999 -9999 -9999 -9999 -9999 -9999
-9999 -9999 -9999 -9999 -9999 -9999 -9999 -9999 -9999 -9999 -9999 -9999 19.3172661417 18.126115074 17.3750596167 -9999 17.4273209957 -9999 -9999 -9999 -9999 -9999 -9999 -9999 -9999 -9999 -9999 -9999 -9999 -9999 -9999 -9999 -9999 -9999 -9999 -9999 -9999 -9999 -9999 -9999 -9999 -9999 -9999 -9999 -9999 -9999 -9999 -9999 -9999 -9999 -9999 -9999 -9999 -9999 -9999 -9999 -9999
-9999 -9999 -9999 -9999 -9999 -9999 -9999 -9999 -9999 -9999 18.1872243318 17.9896145559 18.7085220113 18.6380655604 16.8381876672 16.0846058436 14.7820591169 14.9101752868 -9999 -9999 -9999 -9999 -9999 -9999 -9999 -9999 -9999 -9999 -9999 -9999 -9999 -9999 -9999 -9999 -9999 -9999 -9999 -9999 -9999 -9999 -9999 -9999 -9999 -9999 -9999 -9999 -9999 -9999 -9999 -9999 -9999 -9999 -9999 -9999 -9999 -9999 -9999
-9999 -9999 -9999 -9999 -9999 -9999 -9999 -9999 -9999 18.0708598367 18.0818743999 17.9580318731 17.6753999982 17.9829219154 17.2379060018 16.8928881554 15.6662630904 17.2195505423 -9999 17.6848578425 -9999 -9999 -9999 -9999 15.6431332464 16.1914166135 -9999 -9999 -9999 -9999 -9999 -9999 -9999 -9999 -9999 -9999 -9999 -9999 -9999 -9999 -9999 -9999 -9999 -9999 -9999 -9999 -9999 -9999 -9999 -9999 -9999 -9999 -9999 -9999 -9999 -9999 -9999
-9999 -9999 -9999 -9999 -9999 -9999 -9999 -9999 20.2940019584 19.3053692137 17.9178134892 17.7890339929 17.3062296431 16.8856379337 16.6975678585 16.3727170871 15.2257749476 15.0051048452 14.7137885768 15.9462383483 15.5687771425 16.0565511341 -9999 15.0427342922 16.7530364085 16.7278448795 -9999 -9999 -9999 -9999 -9999 -9999 -9999 -9999 -9999 -9999 -9999 -9999 -9999 -9999 -9999 -9999 -9999 -9999 -9999 -9999 -9999 -9999 -9999 -9999 -9999 -9999 -9999 -9999 -9999 -9999 -9999
-9999 -9999 -9999 -9999 -9999 -9999 19.7146171254 18.6679982537 18.3718532988 18.6469788921 18.7288597051 18.8311949909 17.9190783494 17.6269492308 16.6070999595 17.0708915115 15.6905048689 15.2217527496 15.7814669249 15.8273512365 15.3175542873 15.8009532971 15.227469904 15.1405554064 15.8744635972 15.62587385 16.1045635526 -9999 -9999 -9999 -9999 -9999 -9999 -9999 -9999 -9999 -9999 -9999 -9999 -9999 -9999 -9999 -9999 -9999 -9999 -9999 -9999 -9999 -9999 -9999 -9999 -9999 -9999 -9999 -9999 -9999 -9999
-9999 -9999 -9999 -9999 -9999 -9999 20.022341573 19.3995728355 17.9619006375 17.7206339516 17.2424393393 17.5368158945 17.0658622904 16.6495893034 15.96524053 15.1650609422 14.8655494176 11.8795900525 14.3686494495 14.1010787591 14.4082076906 15.6110524857 15.0238285591 14.9699405548 14.759633437 14.2813790379 16.0808375235 16.6108005803 16.5825145002 16.1716024143 17.1582043061 17.120339855 -9999 -9999 -9999 -9999 -9999 -9999 -9999 -9999 -9999 -9999 -9999 -9999 -9999 -9999 -9999 -9999 -9999 -9999 -9999 -9999 -9999 -9999 -9999 -9999 -9999
-9999 -9999 -9999 -9999 -9999 21.2536964226 20.2205075426 20.0542572078 19.2507727069 19.5388853047 18.906419051 18.2192827399 16.8429333761 16.8289200731 16.6522950999 16.7408639094 11.8948290977 6.40853030582 12.0515686973 14.26618316 14.4567222099 14.1547768164 14.5646573037 14.8322555752 15.0533450467 15.3842626284 15.8372870198 15.7556942867 16.2632445658 16.0949698229 15.6060542053 16.0269128472 14.9676449753 14.6639347988 -9999 -9999 -9999 -9999 -9999 -9999 -9999 -9999 -9999 -9999 -9999 -9999 -9999 -9999 -9999 -9999 -9999 -9999 -9999 -9999 -9999 -9999 -9999
-9999 -9999 -9999 -9999 -9999 21.5690592616 20.5121514509 20.6126988873 19.5387258597 19.105366953 18.6856002532 19.009299309 12.6639500014 10.3252035689 18.0193172552 18.3306390677 14.0717219192 5.3132329032 9.506061127 12.333902647 14.304315892 14.5954562852 15.4967748446 15.172795895 14.6099066584 13.8940741905 14.4676892702 13.851523687 14.6438238133 14.1603726136 13.4530240289 14.1259460463 14.708400281 14.355807121 14.675752572 14.2930214855 -9999 -9999 -9999 -9999 14.9417334651 14.705004525 -9999 -9999 -9999 -9999 -9999 -9999 -9999 -9999 -9999 -9999 -9999 -9999 -9999 -9999 -9999
-9999 -9999 -9999 -9999 -9999 21.0779103356 20.3511467672 20.2963008894 19.7438162482 20.2131261104 19.5421524718 19.2781276725 18.185033583 18.4353538836 18.5635068609 17.6148832225 16.2985184238 17.6572056886 16.6398326827 16.952718313 15.5430809451 14.2566933113 13.9859851237 13.6514641213 14.4532153194 14.1168588933 14.1982296566 13.4318918148 15.0060771133 13.4830197151 8.5612437522 11.9937198257 14.5928991374 14.5493265478 14.2084902174 14.6006998138 14.6180850508 -9999 -9999 15.0586517842 15.4934332301 15.2557069676 15.9075840715 -9999 -9999 -9999 -9999 -9999 -9999 -9999 -9999 -9999 -9999 -9999 -9999 -9999 -9999
-9999 -9999 -9999 -9999 -9999 -9999 21.8362215462 22.0332627626 20.6792736364 20.5857947644 19.3873553632 19.7844570898 19.9925513564 21.1610698581 17.5296930123 17.0585735601 16.8664748309 16.7398289357 15.575342203 15.456202675 15.2392384601 15.5639370948 14.7725139284 15.4089093557 14.4675920182 13.6531385518 12.5900401288 13.1043476447 13.1852544462 13.1713838089 12.5584513587 13.6233401864 13.4467171974 13.1276896781 13.5087269345 13.9034454429 14.2409564292 13.4553673391 14.6073806355 14.3754748999 14.3521850412 15.5189821617 14.2427645579 13.2806557976 -9999 -9999 -9999 -9999 15.246746822 14.6004312062 3.45973080881 -9999 -9999 -9999 -9999 -9999 -9999
-9999 -9999 -9999 -9999 -9999 -9999 -9999 21.8042441682 20.2675423359 20.8354432767 20.424231276 20.0657615216 19.0100291544 18.0004042333 17.4992625696 18.5271738164 17.8928693006 17.7274905688 17.2223924342 16.3208281021 14.7282243461 14.7638091951 14.3465698351 14.4596875558 13.8419983407 13.0511452297 12.7954857215 13.3083632738 13.2487745623 13.0043495583 13.337884521 13.2269719884 13.5297015237 13.145494502 14.0911596472 14.0432197487 14.1934757831 14.2080365038 14.4559712097 14.4275000877 13.9489774052 13.7075679949 13.459778581 13.273892873 12.6680836676 13.1614011902 13.5613541782 12.9004824876 12.6617168068 13.2256435719 12.4694056784 9.90739951045 -9999 -9999 -9999 -9999 -9999
-9999 -9999 -9999 -9999 -9999 -9999 -9999 -9999 20.1866963654 19.9001840659 20.0908976432 20.5358731188 19.4766038831 20.1043271326 19.5039690568 18.99012935 17.1399842735 17.2534846688 15.8786610669 16.452275367 17.2909943252 17.0957367251 18.0125363097 20.0761938299 19.4708795951 19.2687456366 14.1547728245 12.6786221297 11.9309318982 11.2368592139 11.5638093663 11.9698527869 12.1632294093 11.852728932 12.7172462447 12.8203205269 13.3648580631 13.6873752594 13.3599069312 13.228294595 13.3741384811 13.1589034899 12.3499304724 11.9870981973 11.8405415671 11.4799760063 11.9856305866 11.5257318646 11.1610719677 11.6909580768 11.2430268895 11.6228164198 10.4422629028 -9999 -9999 -9999 -9999
-9999 -9999 -9999 -9999 -9999 -9999 -9999 -9999 21.2273809244 20.5932501637 19.6501646267 19.750833586 19.1038860866 19.0909509907 18.08154643 17.8562762176 16.9765652275 17.3565607185 16.4762788639 16.8260756095 17.0855937067 17.0050183638 20.3430303472 23.0506177942 20.9532708179 18.9947019424 19.3121864935 15.3010556982 12.3953152545 11.3353107604 11.165873263 11.6555349196 11.4255349999 11.7096204072 12.6294717559 4.92120222665 13.9653664328 13.4266250584 13.3316288175 13.1989595679 13.1087358019 12.8756641052 12.0904386394 12.0446114224 11.5119749264 11.4635548823 11.9351368546 11.6190081345 11.4476382094 11.8220597272 11.4340536237 11.4658058973 10.8023466572 11.2810222172 9.93574902664 10.3952756704 -9999
-9999 -9999 -9999 -9999 -9999 -9999 -9999 -9999 -9999 21.3572571391 20.3685412809 19.5401824112 19.3052924951 19.3876873668 18.5198719987 18.5629472327 18.7063909603 18.7548083998 18.632377831 18.7288244511 18.3332770631 17.1619324669 18.588988979 26.6509584221 23.2131233378 22.1319112065 19.2175248613 18.1720752921 13.327128667 11.4725715742 11.1086394536 11.4038087541 11.1674133987 10.5521562473 11.3268042156 10.0749131863 12.8205330337 12.4069573911 12.1212670951 12.1946632833 11.9849849309 12.1181728429 11.1950025104 12.2977615807 11.177248155 10.538795323 10.0324018657 10.0546091111 10.1419829635 9.94781137359 9.95640652846 9.75641685403 9.61018759952 9.94914570172 10.1118758794 9.45450343086 8.33495409051
-9999 -9999 -9999 -9999 -9999 -9999 -9999 -9999 -9999 -9999 19.7235680164 19.9806506574 19.2097110779 19.3750108093 18.1315550962 17.7399795921 17.9746236764 19.1136467396 18.1705507216 17.282325691 16.515507237 16.2930361334 14.9115950345 19.2752949121 20.9904182492 22.251912709 20.4943251052 19.2629630448 16.9804897484 14.671473864 11.255363022 11.2858434252 11.8728976419 11.0543647108 12.4095149992 12.052172351 12.6300553398 12.4102858664 12.1827996547 12.2277269515 12.3397685123 12.2774841287 11.5215942263 11.6910848532 12.6428046512 12.5034921584 11.6098406519 10.5330705512 10.470569303 10.4262622286 10.7505229748 10.5051576183 9.50978620735 9.97019338121 9.08707288868 9.40578185153 8.27578689319
-9999 -9999 -9999 -9999 -9999 -9999 -9999 -9999 -9999 -9999 -9999 10.2094045411 12.4809473137 18.8892858285 18.0351878917 17.6945562528 18.0954570061 18.0600273314 16.4930960394 16.88305469 16.8667211709 16.7857606989 14.9939685299 13.8156773592 14.9985764927 17.6583840876 19.2147804859 21.2539372891 19.324294832 9.40221092921 12.7551347013 11.5402255926 11.0013261555 11.1912629837 11.5334245201 10.7960713641 11.4821278462 11.426444284 11.7415936291 11.7442903104 12.0659995614 11.3982010897 11.5625086519 11.0775220988 10.5766605879 10.3809055841 10.8273695266 11.4119072806 10.4384574322 9.94572693398 9.37432499014 9.95697585665 9.46396044024 8.91762563195 7.80291573325 8.00271610849 7.63531684363
-9999 -9999 -9999 -9999 -9999 -9999 -9999 -9999 -9999 -9999 -9999 9.15786803014 13.5577473181 18.1263643863 18.0794916971 17.9865451042 17.1008718553 16.7576366744 16.685605982 16.7350988394 16.4113322346 17.0736321626 15.0281457125 14.5330006057 13.8776078746 14.4905361495 15.7051454844 18.5338983944 18.0099857703 15.7947316222 17.9347901924 17.9875891898 14.7617910124 15.5753826166 13.8387182905 11.2446515787 11.4418881721 11.583303749 11.5322881673 11.3851633544 11.0680349385 12.4083066626 11.036389048 11.1961010468 11.1848427169 11.3561031048 12.4003807444 13.1257481418 12.5046913481 10.9550052771 11.4099836126 11.2360684882 9.6102917926 9.96500640782 9.24891818257 8.48160462964 7.76535033278
-9999 -9999 -9999 -9999 -9999 -9999 -9999 -9999 -9999 -9999 -9999 20.5975144932 19.1439460953 18.8463184677 17.1520093471 17.6862066207 16.7024524761 15.7523349791 15.5856580366 15.8533922807 15.6044660128 15.745974709 14.286122994 13.4976166919 12.3888974072 12.28496995 11.6296350774 11.4596259811 11.5217191806 13.2905808502 15.3039758954 18.4222677681 19.9204310842 19.8031056733 14.8657010826 14.3878273362 15.510169051 14.0941600986 11.0616392058 7.21340470473 5.86115120962 11.5415725213 12.1821333093 12.9801879201 13.5957392754 14.3721757699 12.1198869244 11.6054315101 11.3429847907 11.444214327 10.77700838 11.3048120906 11.4335544566 12.0961453113 10.8690042872 7.30561655648 5.95637565959
-9999 -9999 -9999 -9999 -9999 -9999 -9999 -9999 -9999 -9999 -9999 -9999 18.4500427234 18.5630258007 18.0003983788 17.4857143664 16.8266918766 16.4830415133 15.5127114119 16.0238748318 15.8353538321 15.4373653001 14.5981766153 14.5166630484 12.7077723793 12.8915421269 11.7787644972 12.0403662046 11.39730536 11.0378082924 10.9377062532 11.2796472613 11.9398001966 14.621784102 15.5424848445 5.05846496954 15.5054786148 14.8031476445 14.554707196 11.1065931829 11.8185126703 11.4917959582 13.5162098094 14.3701534559 14.6681986331 14.5641525197 12.6922421339 11.6676456127 10.2623083844 10.7933706379 10.4991820254 9.7958480592 9.0747372745 9.12160959859 8.53008582594 7.55985878915 2.57692760858
-9999 -9999 -9999 -9999 -9999 -9999 -9999 -9999 -9999 -9999 -9999 19.9336841834 19.569296149 19.494618551 18.8739087048 10.4732417856 14.1968612887 16.9374671507 15.6434108094 15.8581264924 14.5227463389 14.378726717 13.0797289168 13.2966948679 12.7395421719 12.6121088841 11.1871222245 10.9641970557 10.7474378096 10.4776484199 9.96535098173 10.2521789623 9.79942646821 9.70978215593 10.2079770449 15.7035693615 15.932394415 13.7472163576 13.2110562851 10.7444097067 11.0518777042 10.7923031363 13.7280120889 14.8215793828 15.7935007924 15.7154021456 14.5596137849 13.6833886793 11.6587755496 11.7058787814 10.1253864357 8.48145896303 7.82689361417 7.86222673602 7.39054897392 7.85085045993 9.10571142453
-9999 -9999 -9999 -9999 -9999 -9999 -9999 -9999 -9999 -9999 -9999 20.3557537568 20.6991322789 20.1503530826 18.3429458481 13.1762450524 16.7899858872 17.2284998435 15.9733744656 16.1131827976 12.629385373 12.7943769585 13.5486054163 13.8189289277 13.1270250293 13.25294694 6.76931121238 7.58132763502 11.1282345742 13.0552268856 12.2088489429 10.4107723598 9.66008451595 9.71567695837 10.0084180117 12.9745282163 14.4784747761 15.9460865214 13.9753299153 13.1644873259 10.2412846375 11.1375928795 13.0412063983 13.167823024 13.4451834231 13.0117101016 13.3310562302 13.576662456 12.3373535506 12.3042591912 9.98409764263 10.230975786 9.47730794715 9.21979308647 8.77976498537 8.40309343408 6.95374972219
-9999 -9999 -9999 -9999 -9999 -9999 -9999 -9999 -9999 -9999 -9999 21.1875494747 20.9857816936 19.933436773 19.4566051349 19.2745844947 17.4867487263 18.0189746395 17.0988881423 17.2641821284 12.6801065435 5.61062953566 13.1906573734 15.9589592478 13.6967694937 13.7062721846 13.7748715623 13.3689797991 11.7359600678 10.8925243324 10.682438421 12.5387597901 12.4548495531 11.941484132 10.2679075373 12.3008919369 12.1199669572 10.9148183235 13.5732142067 11.7213743096 11.0714051507 11.356522834 11.2710896811 10.5859094454 10.741684289 10.7718247918 11.2708987162 11.3710489822 10.4738522986 10.0721344774 9.12452179414 8.53570812572 7.21067808472 7.07322396028 6.53122840647 7.35064064756 7.99026937113
-9999 -9999 -9999 -9999 -9999 -9999 -9999 -9999 -9999 -9999 -9999 -9999 21.4400414851 20.649710056 19.3844153476 19.0743531023 18.4428708336 18.4148221417 16.9757953026 17.1713484975 16.6963230153 17.2832564251 14.8911927853 13.8342097625 13.314553861 13.2220829171 11.9193915157 12.2008959071 11.4300750936 10.8073569411 9.84571909884 10.1797414917 9.30752213333 9.8576030541 9.65528757159 14.0830915268 12.9186546083 11.8102831847 14.2813523719 13.7455189787 10.8766457655 10.2110120946 11.0902955197 10.4141701577 10.825403319 10.8953107317 10.6445239688 10.867349045 9.84338744105 9.85334343839 8.68025396563 3.63097591072 4.2098057352 8.63647519201 7.35030309502 7.1251894588 6.63958922677
-9999 -9999 -9999 -9999 -9999 -9999 -9999 -9999 -9999 -9999 -9999 -9999 22.6666257328 21.1521785281 20.1085508787 20.5226813041 18.7984287728 19.0637946279 18.0614842562 17.394984695 16.8978156957 16.5702616535 16.0013131248 16.2175452643 14.496641597 15.0531924649 14.8791743552 14.3415639169 12.8700030826 14.0027468646 12.5367035581 12.8686950443 13.54238173 13.3271676784 14.3605326656 14.3998231911 12.9063833799 14.4555878506 16.2001180558 13.9035958232 11.5428108148 9.72000655959 9.01655835448 8.9241186149 8.94829771315 9.07471108906 8.73290861269 8.83144510234 8.06784868249 8.36366467283 7.81933022335 6.64702062972 7.16020941916 6.82829271207 6.05821386325 7.0463737809 5.10025607831
-9999 -9999 -9999 -9999 -9999 -9999 -9999 -9999 -9999 -9999 -9999 -9999 22.023802414 21.4834810789 20.0618958305 20.8170716753 18.7984330504 18.4471792985 17.6397337961 18.4459570427 17.1391423947 16.647454798 15.7173694889 9.73543429576 11.9510635039 14.9632905274 14.8551558147 14.6094919112 13.0615999984 12.4134378718 11.4245569989 11.0439260201 10.3772534335 11.1879489216 13.8600245473 8.42466304368 10.0181867277 14.7346522836 13.3969001979 10.0856927666 9.01810079767 8.73152114507 8.89180610991 9.08404348678 8.81693273203 8.98178551128 8.98621668466 8.94393827689 8.74139246565 9.27792030605 9.05959302523 8.87505388895 7.27582764525 6.41618960509 6.32022571109 6.52853291598 6.27082505457
