data/recharge/transience/recharge321.asc
ncols                  80
nrows                 72
xllcorner      4374000.0
yllcorner      5656000.0
cellsize            500
NODATA_value       -9999
[rows 0 to 25 of 72, columns 0 to 56 of 80]
-9999 -9999 -9999 -9999 -9999 -9999 -9999 -9999 -9999 -9999 -9999 -9999 34.7297171827 35.9301309439 -9999 -9999 -9999 -9999 -9999 -9999 -9999 -9999 -9999 -9999 -9999 -9999 -9999 -9999 -9999 -9999 -9999 -9999 -9999 -9999 -9999 -9999 -9999 -9999 -9999 -9999 -9999 -9999 -9999 -9999 -9999 -9999 -9999 -9999 -9999 -9999 -9999 -9999 -9999 -9999 -9999 -9999 -9999
-9999 -9999 -9999 -9999 -9999 -9999 -9999 -9999 -9999 -9999 -9999 -9999 31.5439260857 29.1406291539 27.2852641372 -9999 27.2572112768 -9999 -9999 -9999 -9999 -9999 -9999 -9999 -9999 -9999 -9999 -9999 -9999 -9999 -9999 -9999 -9999 -9999 -9999 -9999 -9999 -9999 -9999 -9999 -9999 -9999 -9999 -9999 -9999 -9999 -9999 -9999 -9999 -9999 -9999 -9999 -9999 -9999 -9999 -9999 -9999
-9999 -9999 -9999 -9999 -9999 -9999 -9999 -9999 -9999 -9999 29.5022760087 28.3186713602 29.7227145445 29.7956847477 25.1424768417 23.2023113121 20.0755388212 20.2189411094 -9999 -9999 -9999 -9999 -9999 -9999 -9999 -9999 -9999 -9999 -9999 -9999 -9999 -9999 -9999 -9999 -9999 -9999 -9999 -9999 -9999 -9999 -9999 -9999 -9999 -9999 -9999 -9999 -9999 -9999 -9999 -9999 -9999 -9999 -9999 -9999 -9999 -9999 -9999
-9999 -9999 -9999 -9999 -9999 -9999 -9999 -9999 -9999 28.9000179068 28.9450020713 29.1051055982 27.5474183159 28.2188760112 26.8556661122 25.4516283599 21.8566802234 25.8174480924 -9999 27.2474515801 -9999 -9999 -9999 -9999 20.6722889996 22.1021952769 -9999 -9999 -9999 -9999 -9999 -9999 -9999 -9999 -9999 -9999 -9999 -9999 -9999 -9999 -9999 -9999 -9999 -9999 -9999 -9999 -9999 -9999 -9999 -9999 -9999 -9999 -9999 -9999 -9999 -9999 -9999
-9999 -9999 -9999 -9999 -9999 -9999 -9999 -9999 32.0504431911 30.3371704185 27.4727606273 27.6391598921 26.6343396638 25.5894204877 24.8367253952 24.0476214767 20.2112021796 19.9437960655 18.922222196 22.7022972844 21.7043223307 22.7484256389 -9999 19.3305917619 23.1449835523 23.1267174278 -9999 -9999 -9999 -9999 -9999 -9999 -9999 -9999 -9999 -9999 -9999 -9999 -9999 -9999 -9999 -9999 -9999 -9999 -9999 -9999 -9999 -9999 -9999 -9999 -9999 -9999 -9999 -9999 -9999 -9999 -9999
-9999 -9999 -9999 -9999 -9999 -9999 32.0370251002 29.4912245041 28.4707490543 29.0595154169 29.1890439003 29.914642934 28.0518983066 27.3443532023 24.583952345 25.7023986628 21.2515423163 20.2722093993 22.078706659 22.4751303333 21.1716961079 22.2224646271 19.8575796787 19.5009244622 21.1467527875 20.5150568244 21.4017889998 -9999 -9999 -9999 -9999 -9999 -9999 -9999 -9999 -9999 -9999 -9999 -9999 -9999 -9999 -9999 -9999 -9999 -9999 -9999 -9999 -9999 -9999 -9999 -9999 -9999 -9999 -9999 -9999 -9999 -9999
-9999 -9999 -9999 -9999 -9999 -9999 32.0238918292 30.5563293665 26.9368418249 26.413794191 25.2066535566 26.5838067409 25.1996805843 23.4898657321 21.4865416287 20.4585491419 19.3742796168 20.2873556268 20.2344457242 18.1931842328 18.6616165259 21.0643477907 19.8431076884 18.9107848271 18.1054388954 17.0704151041 21.331011153 22.9025302722 23.3610142665 22.2815204623 24.9635949569 24.7504175732 -9999 -9999 -9999 -9999 -9999 -9999 -9999 -9999 -9999 -9999 -9999 -9999 -9999 -9999 -9999 -9999 -9999 -9999 -9999 -9999 -9999 -9999 -9999 -9999 -9999
-9999 -9999 -9999 -9999 -9999 34.4208762184 32.4186441565 32.2734589024 30.1276256503 30.4066316833 29.0034631114 27.7465565863 23.8193356404 24.7123629065 23.3788406263 23.9891833338 20.7579774035 11.6811094543 19.4434184562 18.3895759106 18.7442164872 18.1877223211 18.9479283966 19.4708447016 18.7523336044 19.4206070693 20.5860845396 20.6702010023 22.5856933375 22.1401828319 20.9151926249 21.8753023597 19.5148262699 18.8742953841 -9999 -9999 -9999 -9999 -9999 -9999 -9999 -9999 -9999 -9999 -9999 -9999 -9999 -9999 -9999 -9999 -9999 -9999 -9999 -9999 -9999 -9999 -9999
-9999 -9999 -9999 -9999 -9999 34.2658608159 32.5118020105 32.6368149096 30.5156527452 29.6519448132 28.5726552732 29.2976207348 22.2900453601 18.7692666981 26.6475906729 26.8494466755 21.6666931572 10.0667645344 17.4705054383 19.8644228435 17.5076954403 18.1232945736 20.2076529997 19.5187025997 18.4715282844 16.4083552182 17.0649040876 15.8142510831 18.114975828 19.5406846964 19.075236757 18.3559692427 18.5536593168 17.8389123764 17.5434507739 17.3581714305 -9999 -9999 -9999 -9999 16.7243900772 16.4651831674 -9999 -9999 -9999 -9999 -9999 -9999 -9999 -9999 -9999 -9999 -9999 -9999 -9999 -9999 -9999
-9999 -9999 -9999 -9999 -9999 33.5299446241 32.079512851 31.5656792315 30.9732746128 31.6954460795 30.2092091684 29.6780433913 27.2406497681 28.7961418383 27.7847512445 24.9511577991 21.3821647302 24.3340409947 22.0827916487 23.5611881477 19.699579531 17.6640961967 17.2829500959 16.6957261496 18.1913822846 16.7151804602 16.4096609811 14.815678784 18.6372286644 19.4892212883 16.2030019386 19.2964157116 18.3373804973 17.3564816977 16.2196693743 17.9817085793 17.427337905 -9999 -9999 17.6714875613 18.137646127 17.5575538415 18.2096444125 -9999 -9999 -9999 -9999 -9999 -9999 -9999 -9999 -9999 -9999 -9999 -9999 -9999 -9999
-9999 -9999 -9999 -9999 -9999 -9999 33.7682170243 33.4842614859 31.9446642196 31.5925477043 29.1992428726 30.1502938028 30.0325071734 30.0564590684 24.2983518063 22.9916777471 22.2240923768 21.6642440655 18.8563194234 19.1309671504 18.7889245448 19.4789762108 18.0931377073 19.3150377612 17.6304377789 16.1307363665 12.9358864652 13.6726488886 14.4918971712 15.3763749196 15.89767552 16.054777641 14.6428249431 14.3319861323 14.588488447 16.157442338 15.5360753223 13.5934344808 16.6048121454 16.1855660761 15.6303624043 18.0243181656 14.0225639862 11.9208173525 -9999 -9999 -9999 -9999 15.3467891014 13.904723179 6.53960191229 -9999 -9999 -9999 -9999 -9999 -9999
-9999 -9999 -9999 -9999 -9999 -9999 -9999 32.786885348 31.0987055715 32.2674606649 31.3019370239 30.4101172984 26.97656079 25.118466405 23.9011825179 26.3778206818 25.2934061145 25.3461742939 23.9706900164 21.2708499857 17.8522890941 17.9366200162 17.3004469231 17.4684141105 16.4707130468 15.1622819136 13.3180553886 14.8645305741 15.4543776632 14.5824786176 14.7919552013 14.7020408416 14.921453874 14.5471083395 16.5064033604 16.401924233 15.3483418438 15.3897813745 16.3099196482 16.2716834403 14.1135411742 13.4157303078 12.0473424075 12.1658657443 10.9908111478 12.031292752 12.3681741915 11.1046190545 10.6700861041 11.0999186218 11.4697546671 11.7255300411 -9999 -9999 -9999 -9999 -9999
-9999 -9999 -9999 -9999 -9999 -9999 -9999 -9999 29.8190268192 29.3101508369 29.8757582514 30.8996516116 28.4381535 29.4457238601 28.0385352333 27.2268202718 22.9803764951 23.0844278716 19.238000867 21.0061218891 24.0360621917 23.4334516752 20.4502865233 20.5791638971 19.862802649 19.6800999685 13.9328785428 14.0472899389 12.1817445609 10.6099655814 11.3378251283 11.7306409008 12.1678279563 11.3944422944 12.9277079351 13.7967555382 14.4022391158 14.9567035438 14.0513580205 13.755596464 12.2460075008 11.5442230567 10.5573065188 9.89349195692 9.4609117736 8.83094073605 9.58822453798 8.75931209529 8.13698587493 8.40053549571 8.24868004817 8.92864910054 7.78772037018 -9999 -9999 -9999 -9999
-9999 -9999 -9999 -9999 -9999 -9999 -9999 -9999 31.9724666399 30.7149027323 28.9820549025 29.1045912573 27.7364964326 27.6610355444 25.1654763875 24.8104530921 22.0356778228 23.1352393512 21.0307800316 22.2646944517 22.8640341691 23.0625732083 23.4907071844 25.2212911272 21.8140592828 19.0081258533 20.0955408871 16.4450558156 12.2522310911 10.2748276275 10.5246729534 11.2191027029 10.7559526788 11.125508152 13.4928773276 10.0318068384 15.4491088033 14.5116438842 14.0181876955 13.8095939411 13.2909217562 11.2094224225 10.0382471678 10.0028136835 8.86207081465 8.78331751245 9.49850552851 8.93234283751 8.40098270366 9.06064834405 8.52988302584 8.57357720666 8.50790383939 9.85808891094 8.3456711256 8.89895930621 -9999
-9999 -9999 -9999 -9999 -9999 -9999 -9999 -9999 -9999 32.0476825793 30.1888708237 27.9623614203 27.4116639638 27.0560604667 25.1267479454 25.2154581433 25.834123508 26.4519932861 26.3829569907 26.5163130905 25.435521326 22.4421691787 22.2633815608 30.8322822342 24.8226487047 22.680500744 18.1692702194 17.5015294701 10.3598700416 11.6030533629 10.3738619413 10.6420877828 10.095228281 8.71649865975 10.903851598 13.677320205 13.1139979057 12.4931134894 11.7808247016 11.8926237344 11.2931658937 10.6103273251 7.98242155738 10.1271009242 8.05681417034 7.13822178981 6.32987027373 6.26779898614 6.31951798436 6.3268367607 6.36475530012 6.12169506576 6.820665186 8.07247798632 8.34609724951 6.59784562878 5.46539594537
-9999 -9999 -9999 -9999 -9999 -9999 -9999 -9999 -9999 -9999 28.3611269459 28.4233045998 27.0596156542 26.7759453095 24.1167033041 22.9414421492 23.1127133077 26.0594878782 23.8631524693 21.28206498 19.6632521356 18.9429448753 16.2675888027 20.8982330611 20.9854310824 22.6003246696 19.7278598296 18.3226581771 15.7422957125 13.0560949321 11.3341882168 11.3844993589 12.0896941977 10.0604267538 12.5878841766 12.1689605412 12.8334473735 12.5009094741 11.8670002876 11.9309334666 11.7954929176 11.2226419761 8.92371697222 9.5054390216 10.9847943438 10.5193334576 8.85079605954 6.83494500252 7.06792453839 7.00007339587 7.35204352211 7.05695106163 6.20109027954 7.54028453555 7.19426098765 6.60214063564 5.38522233097
-9999 -9999 -9999 -9999 -9999 -9999 -9999 -9999 -9999 -9999 -9999 16.779154336 19.4575863671 24.988373887 23.2669814442 22.0412860077 21.9479894499 21.732104533 17.9709995186 19.4634875495 20.8190024843 19.8927935594 15.2753492153 13.104066817 13.0446604166 13.9549871099 16.5484972667 21.1705793383 21.0276369379 13.9135204498 13.2662731568 9.65182818784 9.60116484801 9.83611525648 9.99569771484 8.91567266043 10.7653647627 10.6914317385 10.8831261953 10.880191685 10.4293387632 9.35367123172 9.3549471184 8.01565652155 7.90331953783 6.69354871089 7.73182350754 8.97675272 6.87531407964 6.50755392906 5.71775398858 6.84803532464 7.03944312155 6.6626792927 5.64824255526 5.71886066404 4.56623717888
-9999 -9999 -9999 -9999 -9999 -9999 -9999 -9999 -9999 -9999 -9999 15.294816947 21.3251002435 23.6682008693 23.6578859927 22.3919238611 19.4050319773 18.4223342665 20.2410209292 20.4309499793 19.6007566321 21.5976108752 15.7392000416 14.4540401842 13.992958287 15.2188015021 14.5651734128 18.0821811912 16.5518241052 18.1185222459 18.0781067189 16.4583531451 11.0021867649 12.5181210364 10.0944152314 9.41844993106 10.7190196468 10.9002353198 10.6076204934 10.8379831393 11.6044211281 10.6686766488 8.5775204571 8.86781238417 8.28448489106 8.99153364265 10.8686099125 12.2549865344 11.230110611 8.21454317409 8.72889612847 8.57667303574 6.16862745689 7.53175783699 7.11311942148 6.31768628852 5.73432937239
-9999 -9999 -9999 -9999 -9999 -9999 -9999 -9999 -9999 -9999 -9999 28.9624552576 26.376314657 25.6453523826 20.8644862261 20.7588983236 17.5497631221 15.2432463623 15.7106027927 16.5746986065 16.8635978099 17.196616351 13.6130674098 11.8962245485 11.4542160673 12.051658878 11.3144987382 11.0845343162 10.7236473579 10.877089835 12.6336095372 16.8462763096 18.4422589708 19.6784763022 14.4345739154 10.8783682775 12.5749938449 10.2493289584 8.60082197399 9.29540860058 9.26759420796 9.37658709084 9.79437199719 10.899545133 11.8257541058 13.6519409539 10.3547133996 9.48996237112 9.15767561861 8.82221400404 7.37321238687 8.20115995123 8.5732707129 9.79675504334 8.19245368451 7.83261671354 5.65449838314
-9999 -9999 -9999 -9999 -9999 -9999 -9999 -9999 -9999 -9999 -9999 -9999 23.9804730862 25.4156917926 23.5750934936 21.0916588532 18.1072851911 16.7080546116 14.9665073783 17.560073986 17.3428228731 16.4833724377 15.2252835127 14.4788811065 12.6539433699 12.9099142327 11.5158523717 11.885323205 11.0483740672 10.5532007695 10.3265551159 10.7999539314 9.54466524722 11.8884416845 15.5668981833 7.42401065496 13.8127439127 11.4492210675 10.2531535982 9.68499397539 10.3877433647 9.1517399698 11.7505067543 13.2614548833 13.6526706041 13.4818321558 10.434616393 9.59717627449 7.42016551197 8.22345147715 6.89455832797 5.87392707579 4.94578074463 5.06786008185 4.69582624377 6.52158185183 3.27987279831
-9999 -9999 -9999 -9999 -9999 -9999 -9999 -9999 -9999 -9999 -9999 26.6336734833 25.9296485918 26.2067518774 25.0092776776 16.5228257664 20.0486651001 18.3515724809 14.7476585989 16.7153043964 14.0452769307 13.8380006371 12.3332559069 12.6193241756 12.1390432026 11.9628848286 10.3467740039 10.0014091918 9.84095357331 9.49794573575 8.69190010641 9.04865666686 8.3363716501 8.23369881768 8.66944661347 12.6458373616 12.5397681215 8.7780512436 7.88697444168 7.48194190639 8.71154141305 7.77990413236 12.8787267653 14.3125621488 16.6146218476 16.4959895062 13.5089203131 12.1099394207 9.11006560082 9.13581395114 6.47720816828 4.1260963434 3.49006498338 3.5299351881 3.14087692085 3.62159179637 5.64314316299
-9999 -9999 -9999 -9999 -9999 -9999 -9999 -9999 -9999 -9999 -9999 27.2611275439 28.4924324656 27.514576405 23.6975641456 20.0556792126 20.9378303489 19.8171182026 16.7068364644 16.9730504568 17.5793408701 16.0010559473 12.9966658365 13.3521413301 12.6857079359 12.7193249337 11.0125333353 12.0358041311 11.4230575358 13.1855167235 11.6901879426 9.24892996028 8.1751228447 8.2410155204 8.42934648752 8.76430996063 9.75221233892 11.6514268532 8.43886996488 8.65463732719 7.5324892326 7.90249201555 10.6982721285 11.2137495206 11.3667168565 10.6927633156 11.124460583 11.450291392 9.38791495428 9.37752349095 6.06626191341 6.50423850082 5.48951648351 5.15875400336 4.69489326211 4.22902739933 2.97972993479
-9999 -9999 -9999 -9999 -9999 -9999 -9999 -9999 -9999 -9999 -9999 29.177476824 29.0731020196 26.9441468146 25.9648937538 25.6045235963 20.0013665489 20.671369712 18.9167518019 19.7580151406 15.6566664245 9.01700865188 17.7678990076 16.1550888376 12.9185711522 12.910220344 13.3268501154 12.3458135484 9.81368128143 8.89284306795 8.68572282048 11.6731639537 11.4078867607 10.6802087108 8.40666757403 7.59081258444 7.18457653872 5.06730792318 8.15143756392 6.43226920121 8.40833088878 9.22295826195 7.90001160142 6.90866152265 7.18255964063 7.15872703498 8.25452002968 8.3935128844 7.61973818773 7.32104668431 5.00454718195 4.05806743858 3.1918264895 3.09797277798 2.86220603823 3.25445799803 4.12230963644
-9999 -9999 -9999 -9999 -9999 -9999 -9999 -9999 -9999 -9999 -9999 -9999 29.5306711512 28.7174673578 26.0288604219 24.7396526005 21.5847644918 21.7174012592 18.2198959167 19.6187332954 17.3776951857 19.5799183877 14.188778755 12.6685148702 12.2257422024 12.0684071928 10.3153426089 10.8226499906 9.81630818477 8.72210950445 7.22692108333 7.5800519375 7.45040316977 8.06457691981 7.70027165648 10.0442389926 8.34252605125 6.16651000253 9.6064414208 9.31841478335 8.38825615837 8.0136924466 8.38295916157 6.67574317577 7.06581305276 7.14930182065 7.34784252599 7.80193205145 6.84266034918 7.4094294295 6.13541977943 4.74750785831 4.56258637688 5.08192746 3.85774409939 3.71009889368 3.31715640051
-9999 -9999 -9999 -9999 -9999 -9999 -9999 -9999 -9999 -9999 -9999 -9999 31.0597217524 29.0130183903 26.2976464211 24.6156257896 20.8890948503 22.211125382 19.7835555327 18.8540316553 17.8782412533 17.1842021125 15.1537039822 16.0455589495 13.5480699694 14.5190914064 14.6508621139 13.7920263835 11.6007753069 13.5649517466 11.2330457887 11.7468231796 12.4205931356 12.2406450163 10.6191160693 10.1823592639 7.95398608182 10.4343376651 12.245871569 10.1388823583 8.92970305751 7.30836774247 6.50347131425 6.39169888644 6.19620198705 5.89832893169 5.40194433453 5.504848045 4.88553701649 5.7536076094 5.22471017926 4.72316520479 4.0005634215 3.0236160761 2.50749820172 3.46004204571 1.88336174406
-9999 -9999 -9999 -9999 -9999 -9999 -9999 -9999 -9999 -9999 -9999 -9999 28.9025134151 28.6792787586 26.8159021052 25.8826423861 21.6712687233 22.0968708623 19.0217987212 20.4956030576 18.2934579346 17.9473521665 15.435302894 12.726806379 14.5496893748 16.2725276659 14.4008928614 14.2003840596 11.9473002583 10.8192744784 9.37382952145 8.75763272409 7.45999244945 7.57472336308 9.25475064979 9.41348578767 10.1674884747 10.8542850558 8.86357138309 7.22602552671 6.16943274445 4.92477828708 5.44367855441 6.58511017763 6.27259693518 6.43937611093 6.4093402348 6.36380178582 6.10642487185 6.63334077658 6.12234494012 5.02286272691 3.60638214315 2.76159967651 2.73252286269 2.93463096507 2.77160075334
