data/recharge/transience/recharge480.asc
ncols                  80
nrows                 72
xllcorner      4374000.0
yllcorner      5656000.0
cellsize            500
NODATA_value       -9999
[rows 26 to 51 of 72, columns 0 to 56 of 80]
-9999 -9999 -9999 -9999 -9999 -9999 -9999 -9999 -9999 -9999 -9999 -9999 -9999 36.2095405145 34.7142698915 33.737890111 37.6248011677 39.6802158428 39.0913984018 38.7987838911 37.4402873664 36.3706431664 34.9783773416 30.1780560645 39.7323670904 38.3937095333 38.6346401142 36.3020693583 35.1629711336 35.8493565884 33.1097730962 32.7342101736 35.8174438869 39.2330538676 45.0510326826 18.0289818322 36.0353691094 34.0823510853 28.3682912148 21.7039405198 19.6982138235 23.7073990802 19.1602928568 21.6573336728 22.8059347952 27.2456554523 28.8012445263 28.3946365965 20.9386352077 15.4946576862 13.9829016773 14.7474274629 14.867306513 14.4409319314 15.0434269133 16.8171160378 11.6440905465
-9999 -9999 -9999 -9999 -9999 -9999 -9999 -9999 -9999 -9999 -9999 -9999 -9999 -9999 36.2798852429 34.4258971556 36.0669913818 39.4821511764 38.6625712838 39.1178117819 38.1082421985 37.1909334764 35.7715119319 36.5901504652 39.842815642 38.7858097165 39.7606524426 39.5466217007 36.3423264807 34.4679488032 34.0986585562 39.0192072166 37.801010083 42.4687555748 35.2216802658 27.4496622312 37.3122413702 26.7965864523 29.8583846697 26.1162616153 21.9194915226 26.0266298526 22.7865251147 20.5450235454 17.0481813515 18.5034653303 21.4091752084 23.576147563 17.3304127117 16.2465986277 15.284791748 12.8761755717 11.8047108898 18.4747361809 12.6814221723 19.2739039787 25.4346114216
-9999 -9999 -9999 -9999 -9999 -9999 -9999 -9999 -9999 -9999 -9999 -9999 -9999 -9999 10.2606486204 22.9448403339 36.0021947967 40.0355907032 40.857903488 40.0713917267 39.6841746891 37.7718586038 36.8570907888 35.9872373185 36.3550623481 37.784655115 38.0709980832 36.8920615566 38.2587794008 38.4786636721 32.0026780097 18.86560467 36.3967010848 39.9180744016 33.458571533 20.164764673 37.6487436607 27.5877800955 23.435753531 23.5678676458 17.5006316971 18.8523626759 18.480357082 21.2077625739 19.1240299558 17.1865660698 10.3162656618 12.0746722611 14.7991859296 18.9771822863 15.985654819 17.1806450914 17.480169176 14.903292976 16.5023072571 22.7931778018 29.1683466135
-9999 -9999 -9999 -9999 -9999 -9999 -9999 -9999 -9999 -9999 -9999 -9999 -9999 -9999 16.1714802749 23.6679560891 36.1783120693 41.193990183 38.970722923 38.9355600731 38.613289575 38.4618577344 37.4216055899 36.8698652067 37.9876685425 37.3223897768 37.5272789053 37.0917723528 37.6263742077 37.9652081398 37.7741100592 36.0019745951 36.2180117821 43.6303346695 43.7012262237 17.1554821617 24.3921848744 51.9125617275 13.7681038634 21.7206601899 17.8316678417 19.2413343464 17.1702548747 17.5274831556 15.9651605503 17.4162401678 14.0876226111 16.9161760652 20.9838674523 23.2841952035 22.7871006316 19.4918006139 22.1618197392 21.0649121966 19.590332646 20.8597498844 17.6218761795
-9999 -9999 -9999 -9999 -9999 -9999 -9999 -9999 -9999 -9999 -9999 -9999 -9999 -9999 36.5350283066 35.2120927991 33.7958621113 35.0137499531 36.6839610655 36.709314934 37.9600281993 39.10209584 36.8957001736 37.2021004563 38.3016326312 38.4405017286 37.8171470469 37.2787979439 38.0291385933 37.6364634775 37.8368528576 38.1363193788 36.833432154 25.015179447 17.503278912 17.5292960789 16.5513642588 36.3102108183 15.3300868732 21.7014678739 33.7509893644 23.282776279 13.8932441997 14.5784036565 13.1050977342 14.6924020505 20.3263599724 24.0307866471 30.9937677188 32.5360122503 27.5578940778 28.5767284334 23.1926105278 21.315403235 18.6657938102 17.2284648001 18.0463186386
-9999 -9999 -9999 -9999 -9999 -9999 -9999 -9999 -9999 -9999 -9999 -9999 -9999 -9999 -9999 36.05204256 35.4062411078 35.127690319 34.3750321503 35.4790051031 38.4650562836 40.7459262234 37.4604037526 37.5277973566 38.6305088353 37.8372896472 37.4629348003 37.0175129063 21.520813273 37.3832685463 36.7012564992 36.804729699 34.715755596 23.6542222849 17.6794495416 17.7000362576 16.8490705222 16.8053837255 16.2088161864 15.8598743436 14.7061227759 23.5490952077 16.0220874372 15.4150896629 13.9241094287 16.3436850966 16.3264676076 17.1331780665 20.0649031352 19.8120103059 14.3846758465 13.3221425899 16.8862423093 21.0159080426 20.055903675 19.9409846499 18.5270581751
-9999 -9999 -9999 -9999 -9999 -9999 -9999 -9999 -9999 -9999 -9999 -9999 -9999 -9999 -9999 -9999 34.8367369087 36.608961559 35.7262848385 36.1156678103 38.1871760823 38.0467207915 37.5538600249 39.7221904379 39.254374083 38.4930543592 37.9055347341 33.9323946253 20.8355350355 33.0761444316 39.1773526884 25.960424838 17.4664246031 11.8205216621 17.3397133911 17.5623115147 16.9612345514 17.1254217826 16.6030118138 22.303303253 38.9632763064 35.3530962031 36.3992641632 25.4421194141 14.9222113624 12.674424448 10.905808803 17.4634315489 13.6091952776 11.3205667353 14.1691949946 18.0522745764 15.4743433001 13.6905337127 14.797529204 13.7397020938 12.8350197947
-9999 -9999 -9999 -9999 -9999 -9999 -9999 -9999 -9999 -9999 -9999 -9999 -9999 -9999 -9999 -9999 42.3809899301 39.0075465114 37.4746413115 40.5760817773 39.3545983825 36.478645131 35.4112354482 38.1877130821 38.5810906604 38.5817452444 37.7768109764 37.1739978093 22.5237977374 31.6459715709 23.5570316952 17.4202674941 19.8129040022 13.8668654515 17.3233809231 17.4637495094 20.5095621431 16.1960228511 16.5697529313 18.2066923637 34.6290513433 25.2295951553 31.7555092099 32.3289435105 23.5275233451 19.759195691 25.4168703574 23.3339969362 13.4681245174 13.1377412276 16.0111661793 16.4688100691 18.6361628145 19.1815907478 20.419022651 17.6483930124 12.9196120229
-9999 -9999 -9999 -9999 -9999 -9999 -9999 -9999 -9999 -9999 -9999 -9999 -9999 -9999 -9999 39.9482488424 40.5705784547 40.5271018428 40.8878839323 39.4019350938 39.3084378781 37.3548857762 36.8970100381 37.2051749777 37.709047989 38.5662785781 37.7113602968 37.5744552929 28.2018514913 34.0395014486 36.3398056892 36.6287846829 35.9875735896 29.1482849687 27.8181131856 24.781757191 32.8636727977 30.1350881042 32.1888838411 17.0895307698 34.2814087792 26.3699507207 21.5719786406 21.3841245018 20.6656201227 17.8526526359 15.5480499771 16.8835495482 19.1644412438 15.8973523672 13.6080693893 11.3883356275 12.3014550053 13.339092038 14.0476907774 14.3215080751 14.7309127261
-9999 -9999 -9999 -9999 -9999 -9999 -9999 -9999 -9999 -9999 -9999 -9999 -9999 -9999 39.3430459395 41.1973755193 40.9405222828 38.817631016 39.910749034 39.9452542036 41.5226976173 40.1011822055 38.0203794372 37.6876321614 36.1346690624 37.7731581985 37.1707362203 36.864064894 36.0957067733 36.2583964611 35.8356214696 36.2614358849 33.1027056181 32.2173260284 37.9672129305 46.1266145103 26.324423303 26.2712425129 43.0851918991 44.2333751978 38.4760465019 19.4462718729 18.3644089793 19.3284694074 15.2808440225 13.9637019753 14.1185959249 17.8306315001 15.5598879051 13.633640811 12.4697723059 12.3784058405 12.9786643262 12.7526032658 12.0779715262 12.6617135403 11.8483606397
-9999 -9999 -9999 -9999 -9999 -9999 -9999 -9999 -9999 -9999 -9999 -9999 -9999 -9999 37.9032822001 41.8914274045 41.0058285101 38.225934712 36.0347811923 37.0986634972 38.3727986948 39.3775090035 37.6325108345 37.2928012042 34.9890662569 35.4637192307 34.4363147882 34.7059064054 35.2310987078 37.0404459551 36.3933120941 34.8878653072 27.6710999264 27.6705338073 32.3963842026 35.4246749211 33.1650534648 35.9149200739 27.4736498756 27.7961826993 30.3288876489 29.3078175406 19.5141879587 18.5763340714 17.0383627367 12.6849299149 16.864030647 19.7296698088 18.0299737851 19.5608445151 19.3748374159 19.3067106065 16.4534981202 15.3395326001 16.1014605721 15.7637695888 13.1158633396
-9999 -9999 -9999 -9999 -9999 -9999 -9999 -9999 -9999 -9999 -9999 -9999 -9999 -9999 -9999 -9999 42.0247631347 39.3990114201 39.3014148809 38.7055600844 37.9408530257 38.6463938473 38.3604255214 37.9937799607 35.49590494 33.7817072553 30.2549792114 30.9086511308 27.4512548954 31.7510884211 33.3346380391 28.8444744122 26.7790627669 25.0415932096 24.62719217 24.7319154615 27.6543022068 27.5676661001 30.4585988634 28.5576064674 22.3521584892 22.5760780351 29.8375641883 29.738870978 14.2268145655 15.6753872883 14.6824285342 14.3551657019 14.4352467182 16.4582668822 16.1436318028 16.4107846761 15.1389960213 13.876791691 10.5118704274 11.026371802 14.1838796685
-9999 -9999 -9999 -9999 -9999 -9999 -9999 -9999 -9999 -9999 -9999 -9999 -9999 -9999 -9999 -9999 39.9852239544 40.1634236318 40.3082898738 38.1881663825 37.1392718661 37.363518331 36.7084911754 37.1518839744 36.3163071091 34.3797720892 33.2910239104 32.8270537071 30.6249542065 31.3511349834 31.4604684374 30.8118361883 27.2028429825 25.0604789409 20.6507267379 21.38051135 21.1714412288 22.8291573319 18.3875123014 17.3562610287 19.1706089003 21.6736316981 15.8171732403 23.4317931403 21.831839148 14.0541787462 9.23206599847 12.5533510012 13.0638310184 10.9387946884 9.1896638827 9.31333526465 7.62498953446 8.5536330581 8.185405039 8.23437831033 7.91214400651
-9999 -9999 -9999 -9999 -9999 -9999 -9999 -9999 -9999 -9999 -9999 -9999 -9999 -9999 -9999 -9999 -9999 -9999 40.3261366772 38.9483795218 37.077186781 37.2747850197 36.4518865149 36.8764062948 35.7507932524 35.1307883632 32.4861437176 32.8016665311 30.8277491148 30.6062261237 26.8237529333 25.5378722023 24.2603527164 24.8379864447 20.4544534506 22.743114752 21.9718695075 18.8465102741 17.534117683 20.7408200496 17.4501608705 16.2400273179 14.5966643937 14.5307368026 13.512140456 15.8285018797 10.6444640078 10.804994808 13.8203685048 9.66469991878 9.73327621051 10.1397528517 7.76557549016 7.94612774018 8.76927989514 9.30486448197 8.47872789868
-9999 -9999 -9999 -9999 -9999 -9999 -9999 -9999 -9999 -9999 -9999 -9999 -9999 -9999 -9999 -9999 -9999 -9999 -9999 37.5130756399 37.2372870856 37.2174220216 36.380122167 38.3945613339 36.4225749986 36.1354949093 35.336617316 32.3123482375 26.5246580751 26.1090099401 25.0385463206 33.645902085 26.6231145682 21.8797216254 17.7316315936 16.8445526355 16.0718604332 18.9664659985 16.8053599225 18.213246505 15.5313897058 14.6733615902 12.8429907683 14.8085402972 14.6957694376 15.1335961784 13.774674006 9.66146753523 8.07222453184 12.5518813325 9.52975744179 8.87458005892 7.20264876857 7.14333916316 8.18994591554 7.86624592921 6.35792124677
-9999 -9999 -9999 -9999 -9999 -9999 -9999 -9999 -9999 -9999 -9999 -9999 -9999 -9999 -9999 -9999 -9999 -9999 38.1781733316 38.7415641046 39.0881154095 38.862758841 36.2892159 38.3333139794 36.1192766824 35.9508950321 36.0582425041 35.3019093374 28.2596124823 27.2937199911 24.4715281944 14.8739889082 31.0752270492 22.3056888359 20.5899915228 22.3876215761 23.7039234933 23.2136546301 21.578939956 20.8050281839 19.0907539273 15.52210657 15.2626980595 17.1540178285 22.1161606313 17.8238820486 18.2428118053 19.0160828969 14.6430966398 9.8830902621 11.6133873161 25.7801258616 22.5314449474 18.0517732166 12.5041881425 9.5370284024 8.46919510913
-9999 -9999 -9999 -9999 -9999 -9999 -9999 -9999 -9999 -9999 -9999 -9999 -9999 -9999 -9999 -9999 -9999 -9999 -9999 40.1336908241 39.4361137729 39.1503318996 36.191322451 37.6121153348 36.6534453122 36.1533654007 35.6243251354 36.0456439716 33.5078203584 35.4821541209 26.4425741548 26.4780774701 28.8418958368 23.126983104 24.2677206741 24.4130528243 15.0070402009 13.6458064338 12.1234011882 12.1299579517 12.5404771149 15.1233497468 14.1504016069 14.3245274743 14.2408936938 17.6348879113 16.1294926904 14.1271135046 15.6417853851 11.8018446048 5.48898315144 8.47817721123 14.3484532151 12.0188532218 22.8519670988 6.91316503536 5.87932464216
-9999 -9999 -9999 -9999 -9999 -9999 -9999 -9999 -9999 -9999 -9999 -9999 -9999 -9999 -9999 -9999 -9999 -9999 -9999 -9999 39.4222886976 39.6425312997 36.14427432 36.9550997831 36.0562921655 36.0265100245 35.5733967487 36.1996717345 37.0184174427 36.5886665763 35.0535494849 34.8734028464 24.6928102875 24.9961232248 20.332292458 22.5369485983 18.8044471785 19.7069818344 19.0294983158 17.9056104699 14.6692833523 17.3272981747 17.8930888945 16.7298864378 19.0640856727 17.7748343392 15.7780316053 16.8459374456 15.7820462223 17.1153763893 13.9670800715 10.4292353221 6.52701514756 6.50856404145 18.5574226455 9.75652696333 7.36966282725
-9999 -9999 -9999 -9999 -9999 -9999 -9999 -9999 -9999 -9999 -9999 -9999 -9999 -9999 -9999 -9999 -9999 -9999 -9999 -9999 -9999 39.6837420321 36.9153280871 36.7671364164 34.6213797973 34.1500966814 35.303333991 36.2707488514 36.24279666 36.0092042806 36.2483474403 36.9219722322 24.9025736953 17.8444762905 27.4729367353 23.9112753489 19.3693011 16.9099498322 15.1075062706 15.5357145435 18.4795673576 19.024975096 20.0489075479 17.1133277801 15.2840803148 12.7021878588 14.5942284609 15.5155980588 14.9759635718 16.7251171608 26.2893304403 21.2156022959 13.930939175 9.60987566169 3.88335149399 5.05226500205 5.52287967702
-9999 -9999 -9999 -9999 -9999 -9999 -9999 -9999 -9999 -9999 -9999 -9999 -9999 -9999 -9999 -9999 -9999 -9999 -9999 -9999 -9999 38.1069524582 36.1045045385 35.748477518 35.0474712863 35.5642016159 36.3662051912 35.3358380212 33.9854819163 35.1983862464 16.9273749732 33.6053370995 27.7965038169 24.5797988473 18.0061329425 19.1220547897 16.9003340464 17.773048926 16.2080657683 17.9686936206 18.5924165712 18.1443289343 15.7458221555 15.7381756656 18.0071168701 17.5007630604 16.5477506783 16.3061208023 12.6531347127 13.8665789664 15.8086384372 11.0534090342 16.7959250966 6.54245987433 6.50972918809 4.25505216207 4.37521160194
-9999 -9999 -9999 -9999 -9999 -9999 -9999 -9999 -9999 -9999 -9999 -9999 -9999 -9999 -9999 -9999 -9999 -9999 -9999 -9999 -9999 -9999 36.1226284366 36.8293341299 36.8447581095 36.1438898706 33.5494543359 33.1405203952 29.7959471046 30.9125748974 32.2130053713 32.7537217228 25.1225718114 23.8371967001 23.454286057 20.6725002169 20.2515715459 19.5221038166 18.9796961127 18.4918623651 18.8154103818 14.8553737912 15.6366068369 18.1086807637 13.3139982428 12.5033198213 11.1040912428 13.2142041577 15.4181365882 14.7344363074 8.0245840166 12.3861821827 15.7356639335 9.45375986871 4.31346458272 3.71483819027 4.0219386555
-9999 -9999 -9999 -9999 -9999 -9999 -9999 -9999 -9999 -9999 -9999 -9999 -9999 -9999 -9999 -9999 -9999 -9999 -9999 -9999 -9999 -9999 36.794970065 36.0848806242 36.1890047326 36.5319296104 34.1623537147 31.3893658044 30.1253686301 30.9924866464 28.0999683983 28.4505322386 26.6278300492 24.4342443163 20.8959914835 23.9220921785 19.5959317743 19.0624441793 20.3961966641 20.0106844419 16.0436545864 19.0326026715 15.8147231212 13.7693552441 12.7431262604 14.9253414695 17.004283331 17.0547513938 12.0348861879 11.330957076 13.8146032948 16.8611074428 7.82959532796 12.8509015085 8.55729867599 7.85625464932 5.804993157
-9999 -9999 -9999 -9999 -9999 -9999 -9999 -9999 -9999 -9999 -9999 -9999 -9999 -9999 -9999 -9999 -9999 -9999 -9999 -9999 -9999 -9999 36.8008729753 36.7938025651 38.7602010902 36.6200648787 34.3071135735 32.9344704971 32.0646535088 33.0788382471 29.4241849538 27.8615522386 25.3308840221 24.7134281575 24.5132064706 20.5420585881 19.5975530302 22.6543038975 20.8352489447 19.8251344429 19.5113848373 17.1267153364 13.8842779274 15.9482659448 17.8799271618 17.339060914 17.2300613461 15.9291588964 13.2875344794 13.3048065912 14.9418027972 13.3360825771 11.6661672335 12.1026450113 12.2631245205 12.8583341334 8.38409279621
-9999 -9999 -9999 -9999 -9999 -9999 -9999 -9999 -9999 -9999 -9999 -9999 -9999 -9999 -9999 -9999 -9999 -9999 -9999 -9999 -9999 -9999 -9999 37.8907624127 38.7264940339 36.9895438959 34.1156279976 32.655372942 31.7517433606 32.439614419 29.526212454 30.6066383932 27.9826806323 28.3546915962 23.0254103046 24.209822798 23.5573461356 22.0416874098 17.3341339368 18.7216108691 13.9049303308 16.5032311097 18.9148982389 18.9427294401 17.2866358286 16.1261262425 11.6141169331 10.9865796598 10.4259036472 11.0004059544 9.1656195749 10.7311328619 11.5685092357 15.5455378987 9.74437685924 7.01172121907 10.7357688185
-9999 -9999 -9999 -9999 -9999 -9999 -9999 -9999 -9999 -9999 -9999 -9999 -9999 -9999 -9999 -9999 -9999 -9999 -9999 -9999 -9999 -9999 -9999 36.3205708136 39.0998004251 37.346338448 35.5510073404 34.4119603895 32.4684768112 33.4998192821 31.4161005572 32.0834041714 31.0487253242 28.5311446137 24.9686226916 24.5247491845 22.2226799031 20.5780618949 19.5527606395 18.3825159852 21.9581497263 22.1386618751 21.3345814003 18.1831256841 14.243281452 14.9638844789 15.8841673621 16.984187227 14.8396825101 14.6063693454 15.2858690782 15.6336638568 11.6371238147 14.7690579658 9.23884416028 12.6391802116 9.44754903193
-9999 -9999 -9999 -9999 -9999 -9999 -9999 -9999 -9999 -9999 -9999 -9999 -9999 -9999 -9999 -9999 -9999 -9999 -9999 -9999 -9999 -9999 -9999 -9999 40.4839569885 37.659441526 35.8517884709 35.2335239495 32.534181771 33.1867523017 31.3853132755 26.7441478425 29.8635038785 28.8725695011 27.2839985691 21.7900644247 19.3831318901 23.351437841 20.695035423 22.0113303181 23.0532012623 18.1912996399 18.2636295759 21.2847524437 17.8728267854 16.9702343167 13.3908789251 15.375013528 16.1828501761 14.8873054092 12.0786725024 11.2915302225 15.4787679505 18.68319321 17.2938031675 9.97793129804 10.1849869086
