data/recharge/transience/recharge485.asc
ncols                  80
nrows                 72
xllcorner      4374000.0
yllcorner      5656000.0
cellsize            500
NODATA_value       -9999
[rows 26 to 51 of 72, columns 0 to 56 of 80]
-9999 -9999 -9999 -9999 -9999 -9999 -9999 -9999 -9999 -9999 -9999 -9999 -9999 15.8198765376 15.5330124163 15.5571445062 14.6410213959 14.2540569157 13.4741865084 13.1981576603 12.9320779329 13.2869730454 12.9436814339 10.9970666679 13.2168040936 12.2789039271 11.4924861632 11.2005847543 10.8906918248 11.293235243 10.6039242511 10.2861743457 9.48292054951 13.9711377454 13.2368989824 3.41385127582 6.85902119953 15.6966967682 12.1371488323 8.69671856961 8.29341485789 9.93135037152 8.69020666169 9.291548615 9.04882854838 8.99233316798 9.04828209724 8.72791286441 8.51361215892 7.84089466984 7.73570639587 8.14400053178 8.37114714846 8.08079756131 4.43974677064 7.31552290486 6.94204064414
-9999 -9999 -9999 -9999 -9999 -9999 -9999 -9999 -9999 -9999 -9999 -9999 -9999 -9999 15.7440429724 15.5235298236 14.354457665 13.8404666729 13.4167593527 13.6551419203 13.0215722975 13.5565127384 13.043576254 12.8809974377 11.873209978 11.6205378723 12.0339265349 13.1644761865 11.3721381122 10.521246942 10.7561186706 10.6711650423 11.1355337461 15.0729496642 15.7180441551 5.63726471162 7.45839556228 11.1538739177 8.00494501518 5.52077050432 6.2474313712 8.25665209687 10.2127087077 9.25647926551 8.2675675582 8.88220899643 8.36417112665 7.20235194202 8.24887564141 8.83243271253 8.39189730975 7.22546504698 6.83615082216 6.0501694142 4.39638636943 7.07913413965 9.32135016255
-9999 -9999 -9999 -9999 -9999 -9999 -9999 -9999 -9999 -9999 -9999 -9999 -9999 -9999 4.95134788415 9.92666162651 14.0752013417 13.8681128821 13.3483505917 13.4964477924 13.2754869995 13.3809165068 12.6011680171 13.3413843727 13.1554061413 13.3769184864 11.362094696 10.9181706029 11.4806579672 12.1154088765 9.23583151853 5.03296832565 10.3689231529 16.0949503465 17.989854857 4.61920060911 6.64714529048 7.73409380977 5.59821269837 5.00512693713 7.49379198648 8.07431470324 8.39556290069 9.59290323104 9.41037261147 8.5567208801 5.75027429555 3.39557486337 3.90262969477 7.49231027997 8.97634827674 9.58336680287 9.81723523282 9.04743072813 8.05064509329 6.7450523587 17.966439041
-9999 -9999 -9999 -9999 -9999 -9999 -9999 -9999 -9999 -9999 -9999 -9999 -9999 -9999 7.43295738293 10.641093829 14.3289242748 14.5776548491 13.962761243 13.7474310271 13.1852187298 13.4132866266 13.2888026304 13.1180096285 12.490916201 12.1346652481 12.189631254 11.8615928825 10.2453623855 11.0739020679 10.6956635074 10.1988803233 9.85431607989 14.8785908171 17.4781679117 4.13490576918 5.44451699094 11.8141075929 3.28190509844 4.14013324312 7.62600477184 8.23278962804 7.77701115302 7.95081875166 8.01206139929 8.65509408021 7.7357365019 9.05384994895 11.4593615526 13.3083153114 14.0160410587 12.7583292326 14.8435690849 14.498633328 13.3016945871 13.4876978618 10.2422555943
-9999 -9999 -9999 -9999 -9999 -9999 -9999 -9999 -9999 -9999 -9999 -9999 -9999 -9999 16.6695674617 15.7980458275 15.0536856476 15.3874011982 14.9972108779 14.9386409194 13.474807074 13.2966777526 12.8814986844 12.9170915063 11.9590749263 12.2563203473 11.4506772045 12.3227324745 11.458918587 10.7629619947 10.7510338695 11.5239738837 10.7991582522 6.06023604894 4.16763043597 4.21097931637 3.83844916915 8.13610987065 3.3704546067 4.84133550921 6.80835434246 7.64973652638 6.45256631135 6.81138549713 6.66146403303 7.55505391353 10.9212166754 13.9471415506 18.6177592437 19.7546048763 17.1424984339 17.4563573569 14.2236932024 12.1394657895 10.2656731774 9.50151417387 9.80178153363
-9999 -9999 -9999 -9999 -9999 -9999 -9999 -9999 -9999 -9999 -9999 -9999 -9999 -9999 -9999 15.1647775082 14.579891214 14.4739146737 13.7304218493 13.1449176592 12.6420288621 12.6980040472 12.9837129056 12.982108364 11.9672772494 12.2419130264 11.3609163065 11.6494718911 6.86553366985 10.700075796 9.32640108488 9.29748136698 8.6624142032 6.86092096115 4.49748711121 4.53837366024 4.33586316876 4.25537518147 4.192177264 3.19851511267 2.42152050153 3.63261007279 9.63996034947 8.82304147414 7.82117964206 9.73042524163 10.8987912863 11.3809035763 12.4409599211 11.2742262451 7.89550109769 7.39452709634 9.27645922382 11.4409256292 11.0235289295 10.9604125427 10.0593513194
-9999 -9999 -9999 -9999 -9999 -9999 -9999 -9999 -9999 -9999 -9999 -9999 -9999 -9999 -9999 -9999 14.2893999013 13.6807702041 13.5129090639 14.4004094369 13.7777263933 13.7431525259 12.6507956305 11.8234735338 11.9151451818 11.3585248342 10.6397595282 9.64822568808 5.80267813367 9.50785992898 10.8208986658 7.4450830334 6.20178386128 4.19652815768 4.01533071986 4.4311164844 4.40515317025 4.75006934975 4.74455221993 6.19806917641 11.2425013585 11.3357428258 10.7765757062 12.2440634005 9.85402826153 8.63633657626 7.9615428102 10.0149556734 7.49139663388 6.35388955451 7.82780069682 9.72981432888 8.45157414173 7.59276719775 8.17154683809 7.65591060796 7.27330467589
-9999 -9999 -9999 -9999 -9999 -9999 -9999 -9999 -9999 -9999 -9999 -9999 -9999 -9999 -9999 -9999 14.4306059819 14.4079251377 14.2359211389 13.9268148753 13.0142492782 13.4719439122 12.7646017828 12.1858604775 11.5812858828 12.1242768559 11.037471392 10.7752980063 6.32615061024 8.56712085761 6.03397796777 4.49466677708 5.34208007277 4.14182145807 4.94563184421 4.24118723362 5.68840937502 5.12209970808 4.67487031793 4.61657784394 9.05141489093 6.40944364216 10.8718351484 16.5299628539 14.2620820035 12.3586584194 11.340314879 5.62899200337 6.3995104249 7.26999548565 8.70843433491 8.93175923291 10.0233024761 10.3088423682 11.1207604472 9.61533780392 7.31712015975
-9999 -9999 -9999 -9999 -9999 -9999 -9999 -9999 -9999 -9999 -9999 -9999 -9999 -9999 -9999 12.1184098608 12.1875982108 13.1918720621 13.5856979483 13.394573941 12.8712989239 12.9035294501 12.1104813602 11.4910092547 10.7245966288 11.1571117925 10.6496419832 10.7840961303 7.66938413851 9.56220234638 9.56188990965 9.77531059708 9.91195592992 7.04907912148 5.91070675261 11.3176483733 7.57482621939 9.44728811066 6.58102444531 3.48965513065 7.06039522656 11.7148239969 12.0773310737 11.9911367695 12.5197997631 11.1151780916 3.81016039849 4.25769232665 6.9959176518 8.6543831404 7.5987224904 6.49839346476 6.95841182716 7.47761830536 7.85611672945 7.99417189607 8.39491588945
-9999 -9999 -9999 -9999 -9999 -9999 -9999 -9999 -9999 -9999 -9999 -9999 -9999 -9999 13.3917587344 12.7849559952 12.461553785 12.4457303809 12.8591975594 13.0470191481 12.4028907611 12.9180700799 11.7838341368 12.0220511494 10.7263770869 10.4406379815 9.92487388202 10.1491518443 9.63232372611 9.6285812038 8.71426202911 8.8921036314 8.1991106326 9.01104760691 7.81144474566 13.9520000734 9.00205820021 5.38324866761 7.45960275533 7.17060778434 7.13271425644 10.7613549998 10.6009734313 11.0473258326 9.80758847157 9.12169358249 9.35659964828 10.2027547143 8.51969274858 7.55444417124 7.05035921339 7.00402172246 7.29915362243 7.18044109304 6.87416804824 7.16839360344 6.84844964628
-9999 -9999 -9999 -9999 -9999 -9999 -9999 -9999 -9999 -9999 -9999 -9999 -9999 -9999 13.6625292256 13.7703442898 13.0693566864 11.8884889644 10.9111244948 11.0450549651 11.0450909634 11.897131554 11.2519295663 11.604062781 10.4196625957 9.66845592057 9.59068723025 9.84135152914 9.36855327006 9.44177582922 9.25770314396 10.1960540674 9.81045246545 9.31445293639 6.96774168642 11.2743951103 15.2748326365 16.6104534836 13.6126261955 13.7523435563 15.5955813175 15.1064619321 11.3358015153 10.8903483727 10.7045611096 8.42803333959 11.0147888172 11.6431447223 9.68272945415 10.2292970459 10.3255570864 10.2944607281 9.11920092449 8.54550576347 9.15461303402 8.97819239912 7.69767501967
-9999 -9999 -9999 -9999 -9999 -9999 -9999 -9999 -9999 -9999 -9999 -9999 -9999 -9999 -9999 -9999 13.2085655038 13.6247926487 13.4308487939 13.2869996426 12.3965089741 11.5144275372 12.0945404385 12.1228828712 10.7763965616 10.6592077254 8.6801030648 8.91576289452 8.39451002949 9.42603423344 9.84432516396 9.63470871669 9.44777389398 8.76700918033 9.15864648872 9.20199839626 11.7289921097 12.5307509308 14.6486686444 13.3462487744 10.8539995917 11.3152466459 11.087185214 9.5085894286 9.25098002171 10.006575445 9.84684309482 9.09370364256 7.9405231872 8.67054375071 8.67195180516 8.80427371497 8.43749503962 7.79532939599 6.24415522146 6.51575366076 8.26015893953
-9999 -9999 -9999 -9999 -9999 -9999 -9999 -9999 -9999 -9999 -9999 -9999 -9999 -9999 -9999 -9999 13.857562732 13.533522465 13.2520324941 11.6821429951 11.8559915002 12.0622640663 10.4610214625 10.7917383035 11.0292587005 10.9576418023 9.94637544124 9.76535848397 9.44638536659 9.53565515996 10.2185323843 9.93436723708 9.13233290947 8.65139760042 7.58335490175 7.86055312758 8.19912336348 8.84898924468 7.63365787301 7.31259954513 8.50211717655 9.63980275733 5.14312858313 5.88362659912 12.4302107338 9.05053919514 6.64686008033 8.30746887356 7.18341086019 6.09090459922 5.32762024779 5.39441553971 4.67597676122 5.25218276446 5.25682261364 5.28199764437 5.08578036682
-9999 -9999 -9999 -9999 -9999 -9999 -9999 -9999 -9999 -9999 -9999 -9999 -9999 -9999 -9999 -9999 -9999 -9999 13.3415206582 12.2619600753 11.2348469233 11.8035241716 12.0778574347 11.7552667482 10.671303884 10.7234545309 9.59837497206 9.92621531026 9.36552261816 9.23299046199 8.30848729239 7.76288618613 7.76743756862 8.30394254164 7.50666181351 8.3673577451 8.51012756544 7.28616928378 7.2093036929 8.71072702981 7.75547951593 7.23406556624 6.86750426903 6.83661300245 6.83379736379 8.85416273469 7.44657321561 7.57837006731 9.23438976674 5.75559813851 5.80338588289 6.20576401453 4.77308146387 4.89201829563 5.61683180205 5.92448358719 5.44589630777
-9999 -9999 -9999 -9999 -9999 -9999 -9999 -9999 -9999 -9999 -9999 -9999 -9999 -9999 -9999 -9999 -9999 -9999 -9999 11.0659534218 11.1417022649 11.4790010119 11.303089791 12.6932902512 11.0682047778 10.6829903556 9.57003277917 9.24805866167 7.81371500925 7.63892926635 7.82825903511 6.42589995022 6.70374540894 7.05977198878 6.49268759437 6.35873975474 6.37705459422 7.43733485425 7.04969539408 7.72575894468 7.00793191923 6.63179498708 6.0569844726 7.01195038963 7.40323338123 7.58610084659 8.26155158821 6.85390713762 6.13196815997 8.74291181645 6.43928709521 5.3346773946 4.51280060732 4.47337161043 5.32002732587 5.11692880136 4.25338829134
-9999 -9999 -9999 -9999 -9999 -9999 -9999 -9999 -9999 -9999 -9999 -9999 -9999 -9999 -9999 -9999 -9999 -9999 12.3791679179 12.9676597651 13.0888818178 12.902432687 11.5270238388 11.3273566063 10.885897707 10.8365987288 9.74849657071 9.89221214923 8.51078954867 8.13050344948 4.47049770139 2.57099668112 4.650433296 7.66349914818 7.66587730712 8.31437700997 9.23926507691 9.04442393851 8.9688272871 8.72945158411 8.58352618843 7.00588064698 6.74306282803 3.51430857494 4.08610161647 3.95603719415 7.38847840074 11.5323736762 10.0702746995 7.28091587912 8.6410910522 10.0451945568 8.87010891365 7.62273504361 6.92809151282 6.11360596942 5.66007570553
-9999 -9999 -9999 -9999 -9999 -9999 -9999 -9999 -9999 -9999 -9999 -9999 -9999 -9999 -9999 -9999 -9999 -9999 -9999 14.1227801203 13.7296575273 13.3411856896 11.5626705872 11.4123588525 11.2802733562 11.1718587117 9.48621284678 9.97050461962 8.9202036973 9.96335602409 6.89318416532 6.83170618805 8.8668476321 8.09709329616 5.59512081345 4.67250185824 6.03383779592 5.53183792419 5.27909949882 5.28476958859 5.71389848195 6.85000774633 6.21969569746 4.66202869023 4.3108703565 8.66967326373 8.37938223977 7.57488009655 10.2723836927 8.35500385539 4.4656377435 4.39909009955 4.46940549546 3.90939389676 6.41950604875 5.16759975039 4.07320324566
-9999 -9999 -9999 -9999 -9999 -9999 -9999 -9999 -9999 -9999 -9999 -9999 -9999 -9999 -9999 -9999 -9999 -9999 -9999 -9999 12.5035254633 13.1078106727 11.6309406501 11.6869998876 10.125683483 10.9147356032 9.5458075077 10.2491595347 10.3673185295 9.55179925443 8.28653850446 7.96225485304 7.73066839226 5.11231387157 3.97897892035 5.48047230258 7.43745491857 7.78927961749 7.98573211677 7.53292444482 6.54361960707 7.73138593314 8.4321578428 7.90719072485 9.38029753419 8.72459665247 8.19571188791 8.74912539211 8.7892640136 10.7645713966 9.84914599703 7.72501068286 5.43693032423 4.59080938327 4.8133805526 7.01006687221 6.60501378775
-9999 -9999 -9999 -9999 -9999 -9999 -9999 -9999 -9999 -9999 -9999 -9999 -9999 -9999 -9999 -9999 -9999 -9999 -9999 -9999 -9999 12.7405305495 11.9392280559 12.024963661 9.75337721552 9.19834263508 9.17978085792 10.3554846489 8.74882748237 8.24360698997 8.22673915395 8.76885548733 8.2745742929 3.92501950962 7.86461949891 8.78825036951 7.6345159398 6.77432751914 6.40369937615 6.50049667736 8.03071840769 8.26579473907 9.11722045085 7.88694969641 7.37028782756 6.13858088659 7.38169598704 7.83421019755 8.00513541749 8.97684961762 9.172097049 5.30616333115 7.77319319437 7.41741185337 3.43504201633 4.45203015045 5.06629408437
-9999 -9999 -9999 -9999 -9999 -9999 -9999 -9999 -9999 -9999 -9999 -9999 -9999 -9999 -9999 -9999 -9999 -9999 -9999 -9999 -9999 11.6613506021 11.2259815606 11.2248517672 11.1780208256 11.6123496897 10.4175498895 10.7452073255 9.21715801913 9.06669803593 4.05989773103 8.06334480446 9.03922216001 8.45472184389 6.64067261132 7.03769217727 6.64708377821 7.22894768689 7.03066395054 7.60229990653 8.07560277709 7.8844389499 7.1361440912 7.2078523949 8.65942735073 8.41199609894 8.34021185908 8.22126319314 6.90385875388 7.05001384182 4.54215840079 2.79868748379 3.9809392827 5.13798893458 5.64503371573 3.76341332242 4.04160700183
-9999 -9999 -9999 -9999 -9999 -9999 -9999 -9999 -9999 -9999 -9999 -9999 -9999 -9999 -9999 -9999 -9999 -9999 -9999 -9999 -9999 -9999 11.4526695503 12.2960428796 11.5700135092 10.9411402948 9.7686422889 10.5879659105 9.00490728048 8.98356286121 8.90322037986 9.21932571249 8.2259391597 8.1596607184 8.56536792749 7.49922087714 7.92065825478 7.67277250506 7.97042951505 7.61319423927 7.97304641046 6.31165775646 6.96391175377 8.01979106126 6.38022249173 6.00450357289 5.69197381602 6.80929800563 8.2571792506 6.25307517686 2.12767449684 2.83232898613 9.73124419198 7.39928425646 3.7776753311 3.25310093079 3.65799540476
-9999 -9999 -9999 -9999 -9999 -9999 -9999 -9999 -9999 -9999 -9999 -9999 -9999 -9999 -9999 -9999 -9999 -9999 -9999 -9999 -9999 -9999 11.7027764237 11.4960221293 11.2530525408 11.7456698721 10.3887473189 9.62625655852 9.24727529289 9.47552205075 8.81604678156 8.95821523115 8.88753306164 8.42936342756 7.5787764384 8.75035035302 7.57375104972 7.45417866801 8.38032586987 8.14134621414 6.82806346773 8.06539137068 7.0382409542 6.11501748986 6.0077016066 7.14457107284 8.61379320974 8.53741599479 6.34549116667 5.96717180994 4.66218381235 6.61954849238 6.29338205792 9.58605875388 7.10599403887 6.598218249 5.22319386021
-9999 -9999 -9999 -9999 -9999 -9999 -9999 -9999 -9999 -9999 -9999 -9999 -9999 -9999 -9999 -9999 -9999 -9999 -9999 -9999 -9999 -9999 11.5977761302 12.0980959424 12.4082201304 11.6502093061 10.5288864787 10.5501309785 9.67045786437 10.155772323 9.09959270777 8.46647537476 8.02725957514 8.28108187624 8.76142380234 7.27109195405 7.39815686438 8.5677471963 8.2311024053 7.84439268793 8.20269540686 7.2258811945 6.20979928411 7.13386889397 8.28093083958 8.09246224648 8.5186170176 7.89301302056 6.99545849097 7.00539009428 8.25858062785 7.38397735193 8.46837371016 8.90901282988 9.40940989239 9.79469756564 7.06670746646
-9999 -9999 -9999 -9999 -9999 -9999 -9999 -9999 -9999 -9999 -9999 -9999 -9999 -9999 -9999 -9999 -9999 -9999 -9999 -9999 -9999 -9999 -9999 12.53783041 12.9589440592 11.8818924621 10.2000236744 10.5105791786 9.66025560914 9.86039303991 9.14137240233 9.59996948734 9.11021163583 9.56319002755 8.18331225898 8.64076622103 8.93744740923 8.32408594693 6.86637124284 6.52024259772 5.83639282134 6.96522178497 8.4015758647 8.41648228935 8.02471412255 7.51261887989 5.72860921796 5.42693317985 5.46541172033 5.7961752537 5.02098136157 5.96317451315 6.87576114953 10.465145344 7.65532921795 5.46777538968 7.7126502192
-9999 -9999 -9999 -9999 -9999 -9999 -9999 -9999 -9999 -9999 -9999 -9999 -9999 -9999 -9999 -9999 -9999 -9999 -9999 -9999 -9999 -9999 -9999 11.1554063835 12.2234579882 12.9599361593 11.5744038924 11.6805875605 10.1915551323 10.5112796844 9.72060769327 10.0714626665 9.13916598106 9.02241832034 8.68215370578 8.55591554095 8.23766346985 7.62021806029 6.08808145715 3.41627678665 9.0873828709 9.12314655555 9.22016186138 7.92340693222 6.61789404361 6.94705538091 7.72378070096 8.33230704505 7.7163344067 7.59593956199 8.28373716783 8.46815366433 6.64040953804 5.24511215418 5.43705182067 7.46953491965 5.77979439162
-9999 -9999 -9999 -9999 -9999 -9999 -9999 -9999 -9999 -9999 -9999 -9999 -9999 -9999 -9999 -9999 -9999 -9999 -9999 -9999 -9999 -9999 -9999 -9999 12.9664361668 12.8058692282 11.5858788599 10.9186704902 9.97251842657 10.420122075 8.99560826991 5.50972824397 7.73971322724 9.12892321567 9.26741166858 7.51801759738 7.16866110686 8.63268267943 8.13908290054 7.69390792281 9.49392508961 7.5729824447 6.48367805759 6.75552785355 8.2187458365 7.82353900596 6.57355580644 7.49018250761 8.2372491471 7.64293367489 6.54977880337 5.36717630434 3.95687941442 4.39258073167 7.34656482921 5.8963059901 6.24916359344
