data/recharge/transience/recharge46.asc
ncols                  80
nrows                 72
xllcorner      4374000.0
yllcorner      5656000.0
cellsize            500
NODATA_value       -9999
[rows 0 to 25 of 72, columns 0 to 56 of 80]
-9999 -9999 -9999 -9999 -9999 -9999 -9999 -9999 -9999 -9999 -9999 -9999 12.13349035 12.6343658591 -9999 -9999 -9999 -9999 -9999 -9999 -9999 -9999 -9999 -9999 -9999 -9999 -9999 -9999 -9999 -9999 -9999 -9999 -9999 -9999 -9999 -9999 -9999 -9999 -9999 -9999 -9999 -9999 -9999 -9999 -9999 -9999 -9999 -9999 -9999 -9999 -9999 -9999 -9999 -9999 -9999 -9999 -9999
-9999 -9999 -9999 -9999 -9999 -9999 -9999 -9999 -9999 -9999 -9999 -9999 10.0384193116 9.37325812407 8.7185990714 -9999 8.84942718317 -9999 -9999 -9999 -9999 -9999 -9999 -9999 -9999 -9999 -9999 -9999 -9999 -9999 -9999 -9999 -9999 -9999 -9999 -9999 -9999 -9999 -9999 -9999 -9999 -9999 -9999 -9999 -9999 -9999 -9999 -9999 -9999 -9999 -9999 -9999 -9999 -9999 -9999 -9999 -9999
-9999 -9999 -9999 -9999 -9999 -9999 -9999 -9999 -9999 -9999 10.4878588513 8.73851963749 9.56692198611 9.67144475023 7.7021580995 7.30706288047 6.67175848648 6.71973008932 -9999 -9999 -9999 -9999 -9999 -9999 -9999 -9999 -9999 -9999 -9999 -9999 -9999 -9999 -9999 -9999 -9999 -9999 -9999 -9999 -9999 -9999 -9999 -9999 -9999 -9999 -9999 -9999 -9999 -9999 -9999 -9999 -9999 -9999 -9999 -9999 -9999 -9999 -9999
-9999 -9999 -9999 -9999 -9999 -9999 -9999 -9999 -9999 8.87418041813 9.26346657181 10.3726009528 8.66075631617 8.94678415924 9.58229782746 7.95571693884 7.19472342404 8.6665398206 -9999 9.9197384779 -9999 -9999 -9999 -9999 6.38125290696 7.15967183468 -9999 -9999 -9999 -9999 -9999 -9999 -9999 -9999 -9999 -9999 -9999 -9999 -9999 -9999 -9999 -9999 -9999 -9999 -9999 -9999 -9999 -9999 -9999 -9999 -9999 -9999 -9999 -9999 -9999 -9999 -9999
-9999 -9999 -9999 -9999 -9999 -9999 -9999 -9999 10.3953860144 9.71967631343 8.75316904404 9.10887510376 9.74804016988 9.26694503783 9.10178949859 8.81088984485 7.08557187765 7.06560040626 6.78509623559 8.62471442085 8.17645604567 8.51205531956 -9999 6.59245025581 7.39049502545 7.59815540166 -9999 -9999 -9999 -9999 -9999 -9999 -9999 -9999 -9999 -9999 -9999 -9999 -9999 -9999 -9999 -9999 -9999 -9999 -9999 -9999 -9999 -9999 -9999 -9999 -9999 -9999 -9999 -9999 -9999 -9999 -9999
-9999 -9999 -9999 -9999 -9999 -9999 11.7316288572 9.37001650869 8.94176780164 9.19633292736 9.46712527452 10.1007205333 10.4340912888 10.0771820037 9.00270295021 9.47616948575 7.29223288788 7.02377809805 8.27645763546 8.54516897837 8.00764508472 8.33610409318 6.9546795704 6.71526002408 7.10289893802 6.90440484923 7.01707069204 -9999 -9999 -9999 -9999 -9999 -9999 -9999 -9999 -9999 -9999 -9999 -9999 -9999 -9999 -9999 -9999 -9999 -9999 -9999 -9999 -9999 -9999 -9999 -9999 -9999 -9999 -9999 -9999 -9999 -9999
-9999 -9999 -9999 -9999 -9999 -9999 12.1329612511 10.3211476021 8.67955769613 8.44018049088 8.17561817998 9.89734488904 9.43814168197 7.68009460026 7.38275258268 7.99692125637 7.42598195241 7.54989377216 7.43684606856 7.48881052002 7.4528119071 8.24687305012 7.64979668921 6.62850696746 6.29572342879 5.98798917724 7.10996626827 7.4105035053 8.23304583806 7.89093423581 8.58889197476 8.5175116256 -9999 -9999 -9999 -9999 -9999 -9999 -9999 -9999 -9999 -9999 -9999 -9999 -9999 -9999 -9999 -9999 -9999 -9999 -9999 -9999 -9999 -9999 -9999 -9999 -9999
-9999 -9999 -9999 -9999 -9999 13.2152085471 12.32867342 12.2966484536 10.2498400281 10.2249682586 9.7762701931 9.34976340371 7.91983140072 8.30958624842 8.03205230665 9.10274744115 7.76291820148 4.28197621397 7.1460755484 7.45571858387 7.48371537302 7.28954123204 7.34927545486 7.52436620268 6.44957165834 6.64033033982 6.86986774491 6.84474254423 7.97814824782 7.84176861482 7.25185575857 7.54991078647 6.63339045428 6.43480495116 -9999 -9999 -9999 -9999 -9999 -9999 -9999 -9999 -9999 -9999 -9999 -9999 -9999 -9999 -9999 -9999 -9999 -9999 -9999 -9999 -9999 -9999 -9999
-9999 -9999 -9999 -9999 -9999 13.4941512236 12.8124573061 12.8547569385 11.9388914194 11.5565706715 11.1845112853 11.5011690999 8.86792026116 7.37285784337 10.6771500184 9.59982851247 7.94668366479 3.78880765619 6.78160878732 8.18338764125 6.86964384098 7.31991854709 7.86016873 7.644784078 7.06174649098 5.72967878674 5.86261985482 5.48207709065 6.1199342725 6.60271709388 6.18323809129 6.19670844256 6.44182909017 6.21551749259 5.36242659495 6.07448324896 -9999 -9999 -9999 -9999 6.47962731704 6.35591915806 -9999 -9999 -9999 -9999 -9999 -9999 -9999 -9999 -9999 -9999 -9999 -9999 -9999 -9999 -9999
-9999 -9999 -9999 -9999 -9999 13.1643318653 12.5612312501 11.0850206592 12.1544092354 12.4481907371 11.8684688439 11.6420776754 10.7402581867 11.4306446076 11.1407720606 8.828455454 7.64120503674 8.86559631993 8.76780528682 9.62371289158 7.57320552569 7.2899572842 6.88276376806 6.67447190108 6.96330352832 5.82650513174 5.65014093031 5.16736882416 6.02727069033 6.83595247417 5.75769080431 6.78385776078 6.37090278213 5.21822055269 4.85574679684 6.27233701233 6.22918131878 -9999 -9999 6.55121190027 6.92755281307 6.73458706654 6.43843014481 -9999 -9999 -9999 -9999 -9999 -9999 -9999 -9999 -9999 -9999 -9999 -9999 -9999 -9999
-9999 -9999 -9999 -9999 -9999 -9999 13.6411493752 12.1001880846 12.9030885553 12.7146815166 11.7478118537 12.1653801837 11.7980510283 11.1252745265 8.80531644137 8.37714862921 8.12509851957 7.94158517798 7.18469450473 8.07651351439 7.72705974067 7.94496024763 7.20495027408 7.61386894163 6.80238831908 6.29212850214 4.58788200513 4.82136982835 4.82654005472 5.66120418144 5.6360971406 5.7507322427 4.56230966079 4.55533806696 4.64826075412 5.80573703511 5.16777311944 4.60210706767 6.28123335683 6.13744773317 6.14845981546 6.97199717992 5.30516611157 4.59993482911 -9999 -9999 -9999 -9999 6.27365373684 5.75441862516 2.93622991847 -9999 -9999 -9999 -9999 -9999 -9999
-9999 -9999 -9999 -9999 -9999 -9999 -9999 11.7057749554 12.5139187498 13.0564083113 12.6478750817 12.2430213918 9.72006647138 8.76964402991 8.12696266814 9.21419842763 9.30508204288 10.3941283077 9.72776935105 8.76453567991 7.40038655843 7.42422076289 6.93498592541 7.00238225912 6.40976667843 5.93958653259 4.61731969131 5.0623960117 5.69725272169 5.04687463963 4.79188206264 4.73072898492 4.67179762879 4.68145914309 5.92049939094 5.88818783431 5.05219303895 5.06976228941 6.18318492706 6.16813536848 5.06791666484 4.8993164613 4.64167586216 4.77630350549 4.47006929587 4.8904736075 5.15928175304 4.64857270933 4.56090910086 4.68115061179 4.91028379295 5.13219348202 -9999 -9999 -9999 -9999 -9999
-9999 -9999 -9999 -9999 -9999 -9999 -9999 -9999 12.0290080589 11.965470331 12.3313061295 12.777690804 10.6192884906 10.9805477994 11.6203483851 11.2784757221 9.42969408155 9.47155371156 8.07344920566 8.63464219639 9.53400806375 9.28771919032 8.423143215 9.45450912923 8.88748326598 8.59374745286 5.2579170794 5.35755095405 4.09272297719 3.73548065094 3.79980902341 3.90132824329 3.91289973779 3.80388482386 4.28038599889 4.88949332162 5.40768216458 5.63017635797 5.48950594987 5.39520107166 4.55724215906 4.31761255285 4.23529756106 3.9669423547 3.91047777006 3.64549348693 4.05902239186 3.70543721809 3.50049976527 3.65841902497 3.71233682851 3.99609078024 3.57834964953 -9999 -9999 -9999 -9999
-9999 -9999 -9999 -9999 -9999 -9999 -9999 -9999 13.1332870854 12.5756347147 11.9520209185 11.997462939 11.4618932427 11.4265989631 10.3556463056 10.1996966528 8.15891709937 8.54065317547 8.64439440778 9.05096776389 8.30259431739 9.15395417492 9.94876901796 10.8919645076 8.93465180197 8.50925943796 8.44591610918 6.18686047488 4.25008241329 3.61635877306 3.59553926003 3.81270673842 3.64302216222 3.74785987753 4.95087180623 3.47138671232 5.79723545349 5.47711103359 5.47568052614 5.39955009158 5.37287569079 4.16966151093 4.0281830236 4.01099238775 3.65990845049 3.62637693006 4.02086891096 3.77926500118 3.61005044666 3.97147734724 3.8236915818 3.84138126048 3.75461102504 4.6783480218 4.06315731245 4.29221732022 -9999
-9999 -9999 -9999 -9999 -9999 -9999 -9999 -9999 -9999 13.5094596033 12.7264798614 11.7478890445 11.5201682267 10.1395271412 9.2470107837 9.24184499693 9.42997595108 9.71473545676 9.64182165225 9.72476492811 9.18472970114 8.23479152733 8.12393673027 12.9975162176 9.9933782485 9.56977100332 7.52341774089 7.34893265058 3.44938987218 4.41075030238 3.69564406691 3.59485209604 3.41822304983 3.08130101558 3.72294438641 5.09404416224 5.06623547369 4.84736032902 4.74565688376 4.78496749421 4.72879669254 4.0091191492 3.13993322218 4.05301934296 3.34575461416 2.99365459568 2.69863439375 2.67307721043 2.90249880499 2.93239748505 2.98692068684 2.88620243896 3.15112976548 3.95428512155 4.10028076686 3.09901949646 2.5131500025
-9999 -9999 -9999 -9999 -9999 -9999 -9999 -9999 -9999 -9999 10.7567738882 10.7893771774 11.3131152129 10.0868130422 8.80392088472 8.28473969404 9.01914095458 10.078184673 9.20556622006 8.27377264619 7.51129402265 7.28550565929 6.18920464208 8.15866095449 8.71275050961 9.77348905313 8.36973200586 7.48946279201 6.43039074154 4.73732476629 4.2446225284 4.26054495756 4.50079560889 3.33601849711 4.75034364506 4.59353377109 4.96629751607 4.84965275856 4.77715915129 4.80038768511 4.91490164376 4.15728038578 3.38796805642 3.57769800918 4.41859946788 4.45258242702 3.69553256926 2.87790220934 3.13411353678 3.14073343893 3.39130272768 3.26755019302 2.95730465873 3.38171249148 3.61390975246 3.05346705161 2.47952325349
-9999 -9999 -9999 -9999 -9999 -9999 -9999 -9999 -9999 -9999 -9999 6.73325001212 7.75591644475 9.54127385813 8.6497709728 8.41351710396 8.68613140005 8.60842058634 7.06140972126 7.77364737182 8.450014164 7.65485545389 5.77483922087 5.12638210124 4.80881248067 5.77956014265 6.91629627277 8.65333121238 8.69416780735 5.39610101051 4.71795006021 3.12085928319 3.02789481162 3.13259259156 3.62042985984 3.24573731679 4.29607277354 4.26931340998 4.49325341042 4.49332992027 3.94750847567 3.54005987819 3.72002944887 3.19668444531 3.48351731154 2.84915967611 3.32070629966 3.71228885196 2.88292540095 2.98178556833 2.74047651346 3.11509829779 3.54510860884 3.39605267623 2.97827317871 2.99017243209 2.27370585902
-9999 -9999 -9999 -9999 -9999 -9999 -9999 -9999 -9999 -9999 -9999 6.14588972936 8.37296957115 9.00652212469 8.91012135619 8.7487150978 7.78345787033 7.4404704191 8.50304355645 8.56359998815 8.04741505189 8.68802914001 5.94374161487 5.57269807783 5.1084375735 5.43527561911 5.02427829218 6.57011578593 6.01033046064 6.80908628778 6.6356415482 5.85611016894 3.4588558764 4.13521093929 3.35502463635 3.65815432333 4.27807680246 4.34490275013 4.3908902097 4.33834017687 4.31220918672 3.95564384154 3.41610225165 3.54246044785 3.49915971058 3.98985440005 4.9277519277 5.56441833061 5.14607244387 3.53812923028 3.89883622052 3.81239871382 2.73718437595 3.71968793044 3.61446111291 3.24943450489 2.98894017624
-9999 -9999 -9999 -9999 -9999 -9999 -9999 -9999 -9999 -9999 -9999 12.706166095 10.5040890634 10.2065767274 9.0330626057 8.06446019289 7.12717765894 6.45510497047 6.33112786707 6.56287973779 7.10346465059 7.21798043118 5.13781690129 4.70822805664 4.16771337231 4.83740720433 4.37934856524 4.30005767056 3.58298704779 3.42015811794 4.04564038157 5.86918584502 6.76920782945 8.07871704654 5.97189748526 4.16355051245 5.19517097359 3.99130120303 3.65780412445 3.90571895933 4.00345853237 3.65335037454 3.91545386978 4.29287475524 4.87142455382 6.0836757755 4.75912268302 4.34931829185 4.22087878016 3.76313859147 3.34189008671 3.72772984146 3.93328414405 4.4433155314 3.81236212098 3.77991077881 2.67080695154
-9999 -9999 -9999 -9999 -9999 -9999 -9999 -9999 -9999 -9999 -9999 -9999 10.3818917879 11.0869035205 10.0461482947 8.12374389787 7.04938904025 6.79594600178 6.18058889713 7.55515123789 7.27155973465 6.97189769435 6.23966337029 5.63953069846 5.0472048996 5.13863270383 4.44921473001 4.57483832044 4.17460647508 4.00833322126 3.93430673138 4.09288142353 3.60139731819 4.31857432102 6.38151482688 3.2034464979 5.69933445291 4.69252261464 3.74451724366 4.12510466907 4.56249037265 3.53285811651 4.57951267217 5.08613586639 5.39942555555 5.41718777105 4.29352755764 4.40009104594 3.385575291 3.7693392132 3.05939612441 2.6400238986 2.2509209997 2.30750368761 2.1669382643 3.21047158973 1.80832798463
-9999 -9999 -9999 -9999 -9999 -9999 -9999 -9999 -9999 -9999 -9999 11.943153107 11.5448982261 10.516070143 9.69826419007 6.77959658898 8.57311421156 7.1752292703 5.94310852987 7.27356892263 6.09128022383 6.01253535848 5.20690443634 5.31331108707 4.88181596507 4.82003597726 3.91007749439 3.90311744464 3.71473013619 3.59957781977 3.39804654581 3.51902758489 3.36011879409 3.32346353903 3.57327126475 5.02846268286 4.853259074 3.39830133121 3.20557454888 2.93183742943 3.52760065298 2.96894589559 5.82145327864 5.61823846601 6.46454260002 6.40405960623 5.57725230814 5.01528025013 3.83284839323 3.88154853807 2.92067451467 1.91457092652 1.66077672154 1.67723796411 1.52095972246 1.72577211752 2.59163820001
-9999 -9999 -9999 -9999 -9999 -9999 -9999 -9999 -9999 -9999 -9999 12.2059191101 12.6319682397 11.0696332729 9.42598891691 8.22071291843 7.98848399662 7.68967817208 7.27907572558 7.24573530359 6.8151966858 6.10762150723 5.31846011563 5.58124892368 5.07286996677 5.07142197065 4.16587335536 4.28931688341 4.13450379931 4.80520560081 4.41418748901 3.58700582812 3.30291169714 3.32596374452 3.48698870718 3.19850681589 3.80049916557 4.63454191166 3.44346111301 3.15493280123 3.06597520599 2.91480686656 4.09427463822 4.62442263156 4.74655511531 4.47872285261 4.63862287713 4.72941963586 3.93255468656 3.88237354995 2.76372638998 2.97836231849 2.5182440737 2.37705209898 2.18560701896 1.98436599023 1.4499158926
-9999 -9999 -9999 -9999 -9999 -9999 -9999 -9999 -9999 -9999 -9999 13.2894346353 13.1696396683 11.0245610999 10.3788681138 10.1976295395 7.83753463785 8.1711018821 7.33026686138 8.47287971184 6.41243024872 3.77781900103 7.27813726718 6.70266352093 5.23293768146 5.2312215516 5.09297217903 4.63415415448 3.71476468322 3.45426746927 3.43281741348 4.52225286357 4.5266123418 4.27706548591 3.55556124195 2.80057639708 3.10498775427 2.10036554669 3.35496631443 2.28776872168 3.42672280256 4.23597367895 3.3276633285 2.94092755005 3.17047459287 3.15357910996 3.62686797031 3.6718622787 3.46587162456 3.42600704006 2.34900372238 1.8874715344 1.50277792826 1.46200744865 1.41004436571 1.57543611016 1.91346325306
-9999 -9999 -9999 -9999 -9999 -9999 -9999 -9999 -9999 -9999 -9999 -9999 13.3435608587 13.0335149868 11.6794860202 10.0500939216 8.47711557942 8.59174253137 7.11215606711 7.57171330703 6.78871791852 8.12958978269 5.90588984158 5.35100177458 4.94880104642 4.88352917138 3.94914179048 4.15569385033 3.63861248879 3.20158271462 2.68913937276 2.98113376071 3.12467474886 3.34668795518 3.29500907401 4.05951663887 3.58337201557 2.46145119129 3.9487040936 3.45024538539 3.47103499392 3.7586651041 3.58452960571 2.88575089232 3.10704651895 3.12314840008 3.30470162177 3.45109714372 3.14325069653 3.82199349585 3.28405496012 2.54009382235 2.4660125508 2.53582718252 1.89769638024 1.89529102729 1.71459447512
-9999 -9999 -9999 -9999 -9999 -9999 -9999 -9999 -9999 -9999 -9999 -9999 14.2114309 13.406652395 10.8646137622 10.0882766776 8.40500923193 8.91553190469 7.81427535216 7.75262000801 7.22911782124 7.47870705767 6.32122525178 6.8776418638 5.54032479702 5.97067017721 5.7640161176 5.52640103026 4.5766255237 5.39185537011 4.45336587114 4.65731705542 4.91727299357 4.94284056933 4.2045946066 4.37507269574 3.37194372147 4.64472078572 5.14247368238 4.41752324122 4.04458485343 3.53224009022 3.27207117403 3.22269083495 3.19024617826 2.72734543664 2.56214662313 2.58933726188 2.39814904439 3.11754179408 2.89668142055 2.62881424673 2.23481468082 1.44352301101 1.21996068374 1.68807919954 0.981231611755
-9999 -9999 -9999 -9999 -9999 -9999 -9999 -9999 -9999 -9999 -9999 -9999 11.6969163158 11.8645559734 12.2651396235 10.6711117347 8.78251833051 9.06157681449 7.85265580675 8.31889908841 7.16212374287 7.72910968478 6.56094110772 5.30546677139 6.02900857097 6.82353082189 5.26094372449 5.60902874919 4.72049454832 4.25019208236 3.66944433724 3.40898566381 3.10478731336 3.12846784039 3.82679899567 4.12311365202 4.42967464006 4.83365292297 4.02587480865 3.1274354362 2.71524653576 2.10649886133 2.67192094602 3.30964204945 3.2514971529 3.3225105969 3.37166604317 3.35275747211 3.27686619788 3.51121873713 3.26122612049 2.42107955245 1.72875135601 1.32121345489 1.27522919734 1.42963944052 1.364551624
