data/recharge/transience/recharge309.asc
ncols                  80
nrows                 72
xllcorner      4374000.0
yllcorner      5656000.0
cellsize            500
NODATA_value       -9999
[rows 0 to 24 of 72, columns 0 to 55 of 80]
-9999 -9999 -9999 -9999 -9999 -9999 -9999 -9999 -9999 -9999 -9999 -9999 7.0217508835 7.24144567794 -9999 -9999 -9999 -9999 -9999 -9999 -9999 -9999 -9999 -9999 -9999 -9999 -9999 -9999 -9999 -9999 -9999 -9999 -9999 -9999 -9999 -9999 -9999 -9999 -9999 -9999 -9999 -9999 -9999 -9999 -9999 -9999 -9999 -9999 -9999 -9999 -9999 -9999 -9999 -9999 -9999 -9999
-9999 -9999 -9999 -9999 -9999 -9999 -9999 -9999 -9999 -9999 -9999 -9999 10.196856956 8.12660440039 6.88127466853 -9999 6.78464474865 -9999 -9999 -9999 -9999 -9999 -9999 -9999 -9999 -9999 -9999 -9999 -9999 -9999 -9999 -9999 -9999 -9999 -9999 -9999 -9999 -9999 -9999 -9999 -9999 -9999 -9999 -9999 -9999 -9999 -9999 -9999 -9999 -9999 -9999 -9999 -9999 -9999 -9999 -9999
-9999 -9999 -9999 -9999 -9999 -9999 -9999 -9999 -9999 -9999 8.17414041946 7.42756861812 8.54471584421 8.83107430856 5.76668916685 4.92728603653 3.87388069596 3.9669927828 -9999 -9999 -9999 -9999 -9999 -9999 -9999 -9999 -9999 -9999 -9999 -9999 -9999 -9999 -9999 -9999 -9999 -9999 -9999 -9999 -9999 -9999 -9999 -9999 -9999 -9999 -9999 -9999 -9999 -9999 -9999 -9999 -9999 -9999 -9999 -9999 -9999 -9999
-9999 -9999 -9999 -9999 -9999 -9999 -9999 -9999 -9999 7.64362287001 7.98429846762 8.05200974498 7.1755372237 7.59154881153 6.92360838076 6.18997983786 4.68919364765 6.08056197671 -9999 7.23814390245 -9999 -9999 -9999 -9999 4.81578522789 5.16941488602 -9999 -9999 -9999 -9999 -9999 -9999 -9999 -9999 -9999 -9999 -9999 -9999 -9999 -9999 -9999 -9999 -9999 -9999 -9999 -9999 -9999 -9999 -9999 -9999 -9999 -9999 -9999 -9999 -9999 -9999
-9999 -9999 -9999 -9999 -9999 -9999 -9999 -9999 10.0463775098 8.72187735431 6.96121272062 7.21051257681 6.68649112112 6.08183148043 5.75102979786 5.38956491991 4.00927470102 3.70687849304 3.583727803 5.01733670679 4.76133205648 5.13004165399 -9999 3.90682811018 5.58540084968 5.44324558607 -9999 -9999 -9999 -9999 -9999 -9999 -9999 -9999 -9999 -9999 -9999 -9999 -9999 -9999 -9999 -9999 -9999 -9999 -9999 -9999 -9999 -9999 -9999 -9999 -9999 -9999 -9999 -9999 -9999 -9999
-9999 -9999 -9999 -9999 -9999 -9999 9.84514465531 8.00832217685 7.36794139864 7.7845400914 8.1021898951 8.87954655632 7.60130126143 7.10583394085 5.62400870232 6.19996624428 4.4587076776 4.10686192362 4.86292840421 4.94694411652 4.58309417385 4.9472625876 4.48497442096 3.99677815775 4.60265169327 4.36786629477 4.83244907752 -9999 -9999 -9999 -9999 -9999 -9999 -9999 -9999 -9999 -9999 -9999 -9999 -9999 -9999 -9999 -9999 -9999 -9999 -9999 -9999 -9999 -9999 -9999 -9999 -9999 -9999 -9999 -9999 -9999
-9999 -9999 -9999 -9999 -9999 -9999 10.1488839206 9.12300138728 6.62522432006 6.31169230328 5.7555405378 6.62724246916 5.92331549023 4.93834562578 4.34656217821 4.08543054317 3.74905522098 3.87238683146 3.85414210449 3.32447727869 3.61016595323 4.41408619561 4.14716216217 3.86042436219 3.53762891394 3.19457664473 4.63234684902 5.30451818594 5.75165597523 5.34177051968 6.5430785419 6.43887395514 -9999 -9999 -9999 -9999 -9999 -9999 -9999 -9999 -9999 -9999 -9999 -9999 -9999 -9999 -9999 -9999 -9999 -9999 -9999 -9999 -9999 -9999 -9999 -9999
-9999 -9999 -9999 -9999 -9999 12.0868728417 10.5368198973 10.4842432063 9.1020631521 9.19713594603 8.21079022722 7.41125318507 5.30231794427 5.62623367019 5.11759842188 5.33832776834 4.15598132863 2.44238633485 3.81325309795 3.40296575462 3.6357871256 3.44488137802 3.84356718777 4.02437971314 3.82814418536 4.11452685294 4.41717331755 4.28772258301 5.46268866158 5.29814454347 4.91557802961 5.25389052914 4.45955829731 4.23229185768 -9999 -9999 -9999 -9999 -9999 -9999 -9999 -9999 -9999 -9999 -9999 -9999 -9999 -9999 -9999 -9999 -9999 -9999 -9999 -9999 -9999 -9999
-9999 -9999 -9999 -9999 -9999 12.1973645227 11.1462909579 11.211387224 9.61918061254 8.92108352655 8.20246281536 8.75742466266 5.89936883836 5.22982784829 6.87292077067 6.9347246946 3.79349583849 1.91857847048 3.39700134064 3.18725876878 3.22090391434 3.40169907033 4.21908671474 3.98550596351 3.76381163443 2.88627706947 3.23369916626 2.81288024229 3.84662718676 3.97139315162 3.74536954724 3.80494707501 4.11610013076 3.86394798745 3.782116766 3.78517343047 -9999 -9999 -9999 -9999 4.2209643973 4.01568036319 -9999 -9999 -9999 -9999 -9999 -9999 -9999 -9999 -9999 -9999 -9999 -9999 -9999 -9999
-9999 -9999 -9999 -9999 -9999 11.4776565923 10.5419943483 10.3824922046 10.0599876927 10.6094238334 9.3897553067 8.96818455328 7.33481342817 8.59427532759 7.60592069819 5.68666688855 3.98999468527 5.38397522573 4.63461093014 5.14153075196 3.99442137218 3.23470853004 3.23392928731 3.03616195099 3.65519754189 3.1356948872 3.0873784587 2.58879248048 3.84945062347 3.77873423555 2.91198867677 3.58879935834 4.04427653844 3.35307405549 3.00418928685 4.00946238705 3.96091459916 -9999 -9999 4.23097628288 4.64479894833 4.42313062119 4.68517853856 -9999 -9999 -9999 -9999 -9999 -9999 -9999 -9999 -9999 -9999 -9999 -9999 -9999
-9999 -9999 -9999 -9999 -9999 -9999 12.370041677 12.366942441 11.0693671063 10.6107076361 8.79404556953 9.58645476592 9.49448198131 9.44875554799 5.65500018299 5.08627195118 4.55699733561 4.33616131047 3.62190990423 3.6923584237 3.6383626219 3.87201381784 3.51885025547 3.91284937582 3.45825834249 2.96941264019 2.00317559155 2.3262113315 2.46962415275 2.87506259028 2.77909147509 3.16970326801 2.58013942022 2.79668150453 2.95273844002 3.38474660936 3.00701104978 2.56734309122 3.81628810942 3.66867334113 3.61221138592 4.48912720515 2.91163766482 2.39086929106 -9999 -9999 -9999 -9999 3.9101013537 3.39957667577 1.3530825147 -9999 -9999 -9999 -9999 -9999
-9999 -9999 -9999 -9999 -9999 -9999 -9999 11.2597749581 10.2489677827 11.4224624206 10.5419342499 9.65273498245 7.16233505496 5.93979400521 5.06460302861 6.67019336681 6.1208470156 6.18953365874 5.47508674924 4.41735066644 3.33303217787 3.36683013394 3.25423613634 3.29913178984 3.06638307396 2.63707087613 2.29042458541 2.56182037571 2.92557889362 2.6324892076 2.52221959633 2.54775605339 2.75909516675 2.70331393451 3.50461461437 3.46524747733 3.35375030754 3.23723963164 3.70788744153 3.69731802055 2.79327121867 2.58065311822 2.71470119294 3.07398862265 2.76564093762 3.09318386281 3.48189847255 2.93695502435 2.84428718285 2.62686062995 2.30852218518 1.94694747133 -9999 -9999 -9999 -9999
-9999 -9999 -9999 -9999 -9999 -9999 -9999 -9999 9.45488071115 9.03062265469 9.48712642084 10.3936547986 8.5813298778 9.24366948102 8.16412047019 7.52777136774 5.16184703575 5.19429291313 3.85158962889 4.4542620911 5.73510162322 5.43793945466 3.87302817511 3.72607220935 3.48703302017 3.48566699963 2.16625791244 2.37755811448 1.79977059355 1.32609014485 1.83395317016 1.77006033099 1.95536442907 1.74350297524 2.18313120754 2.60626919281 2.90293610717 3.08575333428 2.8839863996 2.82624777671 2.51522261712 2.46004757406 2.45639727919 2.2116808254 2.12271875209 1.89797384217 2.25177075828 1.94427936435 1.76773392928 1.68075499446 1.57333057553 1.7014443703 1.29787814811 -9999 -9999 -9999
-9999 -9999 -9999 -9999 -9999 -9999 -9999 -9999 11.2732641073 10.1212046468 8.81680511488 8.87893199138 7.8832559208 7.82014801462 6.19757677518 6.02384702168 4.78606156156 5.22954300617 4.46114657025 4.90710749785 5.23483517886 5.27893165001 4.900513699 5.6756797834 4.24361316891 3.16890283362 3.72288853645 2.83040502449 1.86429613221 1.47153734886 1.35343528665 1.56371189597 1.46058165916 1.62390151997 2.488799564 1.51491040249 3.25276509419 2.93443871997 2.87533722228 2.80028532247 2.73433086108 2.22034965116 2.25877574497 2.25190662838 1.90604859046 1.87917606532 2.2178921761 2.00771227502 1.81744548805 1.74024161513 1.65538011298 1.66791512568 1.60906882951 2.11215367141 1.60863577626 1.77451903359
-9999 -9999 -9999 -9999 -9999 -9999 -9999 -9999 -9999 11.7756269913 10.0790470292 8.23195164883 7.83054327015 7.53663510569 6.1924140719 6.21956100759 6.5847641125 7.10129164983 7.02857008609 7.08513908581 6.58140801362 4.88636094914 4.66736467989 8.45758307894 5.31761300144 4.38306912771 2.79449105827 2.79362414369 1.30398851752 1.82917693911 1.61496416091 1.58884180648 1.52641614964 1.14684379942 1.50342622672 2.00732809577 2.45737276328 2.25451118831 2.10996160265 2.14629837825 2.03878159622 1.85346021182 1.56389908164 2.37340594812 1.68054867633 1.29929664278 1.08900369819 1.06534903701 0.991925268501 0.97769710579 1.01283808764 0.957403578406 1.04909683395 1.42635331373 1.53855488662 1.14184612945
-9999 -9999 -9999 -9999 -9999 -9999 -9999 -9999 -9999 -9999 8.76607662848 8.76710085448 7.57503609327 7.45083819525 5.60208331252 4.98179258747 4.93040948304 6.51128273957 5.31464756475 4.30573219544 3.80800395049 3.65889079932 2.71397231922 3.73710851444 3.75029011999 4.42865953109 3.5910885432 2.86083525514 2.21089368113 1.82046803431 1.71832860808 1.733053259 1.97981431618 1.48167703858 2.27247586257 2.07022181861 2.36675172092 2.25776888448 2.1361491089 2.15593781455 2.1965668822 2.0434593553 1.34457786647 1.84921420708 2.70615704861 2.465955458 2.00484358824 1.29852574961 1.16642730784 1.13003466724 1.25895188682 1.18699631788 0.926538065706 1.2534181771 1.2359543992 1.1640162898
-9999 -9999 -9999 -9999 -9999 -9999 -9999 -9999 -9999 -9999 -9999 5.15089823107 4.60606843724 6.52294596175 5.37958741183 4.6832915763 4.84596294449 4.75360360263 3.65341172687 4.28264500299 4.72052255488 4.45239692869 2.86949909969 2.12041600319 1.96007852147 1.98738211792 2.70549588758 4.51203388807 3.751736157 0.888621643755 1.07993739103 1.195010405 1.13799317355 1.27948989416 1.32542413639 1.13488384008 1.73743713702 1.71799423223 1.83183442417 1.82954677909 1.72814146225 1.3627107219 1.43638656176 1.25222941901 1.46417388717 1.18253680613 1.37274487173 1.89481466595 1.00964369399 0.949331748532 0.850265829277 1.1483973111 1.19069675978 1.02762308359 0.812848639426 0.815750696907
-9999 -9999 -9999 -9999 -9999 -9999 -9999 -9999 -9999 -9999 -9999 4.24925736282 5.26070663957 5.82347392713 5.7453382972 5.06826068307 3.91144668016 3.59070089032 4.4449178196 4.5100951767 4.23831790154 4.92740776257 2.72021237272 2.48202550365 2.26793701847 2.95856452821 2.40665512277 3.25177103777 2.57487606116 1.63611510143 2.44836109419 2.37337699828 1.21813990732 1.52587634994 1.35396148877 1.38996141191 1.72682325412 1.77324635871 1.75752673435 1.75759480857 1.79385576784 1.67834349942 1.20828488407 1.30603132043 1.36984625386 1.90388528083 2.67706474473 3.17730261616 2.76714852191 1.60600731528 1.77081585531 1.55994956657 0.842048011234 1.19956093844 1.12965844723 0.952205197337
-9999 -9999 -9999 -9999 -9999 -9999 -9999 -9999 -9999 -9999 -9999 9.36214517844 7.75112028165 7.2236892585 4.74886538388 4.66468876853 3.41279271863 2.56947261407 2.65095727833 3.19272615447 3.37517405411 3.48553544849 2.46945360735 1.86280701335 1.72122371874 1.87979025369 1.72255522569 1.66412040095 1.61276088944 1.47471534023 1.58191232244 2.68583326486 3.50134645336 3.91732246024 1.40447831092 0.998861130704 1.50254160506 1.02499310194 1.2118321416 1.08020839343 1.1588006928 1.38767260095 1.46868328591 1.75049794577 2.20348389587 2.97752474842 2.31905540278 1.98869233439 1.87620710476 1.85921250879 1.36989087091 1.64108015051 1.77856372126 2.01373016359 1.36608533526 1.01679379181
-9999 -9999 -9999 -9999 -9999 -9999 -9999 -9999 -9999 -9999 -9999 -9999 6.03551146536 6.98389810009 5.87468737465 4.81683609515 3.729319708 3.23483801268 2.57440496971 3.58572752574 3.53070908033 3.24870381698 2.87842436354 2.72961220396 2.05355198081 2.12827893221 1.77446994997 1.87543636185 1.68661666485 1.56198368707 1.52970927789 1.64932104339 1.32859993063 1.54113897774 1.75870817485 0.310417678251 1.57640368542 1.19847654836 1.16071987013 1.4872671967 1.72929427064 1.26623194614 1.9826817121 2.41286281998 2.60526025183 2.66093498414 2.11300298973 2.02889157524 1.29378917718 1.59744733699 1.30520830552 0.935252617761 0.72435010266 0.727878747251 0.564555687622 0.532214479979
-9999 -9999 -9999 -9999 -9999 -9999 -9999 -9999 -9999 -9999 -9999 7.83895803566 7.34066726967 7.72146355392 6.73219849809 4.1978181268 4.08879569801 3.87561007726 2.62870414626 3.31877416107 2.46025875537 2.39327471509 1.94189045736 2.02295281915 1.91245770674 1.86268684397 1.50243185536 1.41147716711 1.40797973719 1.33138973867 1.15167840966 1.22654577131 1.08367577946 1.06375068913 1.16791888193 1.52904854999 1.50790607817 0.638728827542 0.501883741285 0.86230897751 1.26885617222 0.888107185685 2.5812031728 2.96884979189 3.65581244613 3.58457818767 2.88005702849 2.77852793768 1.81486830902 1.75973289226 1.02083304384 0.508580425264 0.393066203184 0.400006177592 0.335072491255 0.409789173945
-9999 -9999 -9999 -9999 -9999 -9999 -9999 -9999 -9999 -9999 -9999 8.24539775623 9.2191866738 8.69508563073 6.10791492145 4.76617821312 4.50935947491 4.14396540275 3.30868166752 3.42696412852 3.08766161268 2.79549835412 2.15223633884 2.24858920236 2.07201037461 2.09944573271 1.37681595525 1.64613067179 1.65132904604 2.31987546532 1.88016069279 1.26987621819 1.05212865162 1.06526317365 1.11752284321 0.839733450385 0.850021100669 1.38158301727 0.733385791303 0.89597757799 0.920307061548 0.982107230485 1.64597433704 1.87515024436 1.91897353794 1.73979303888 1.91023914104 2.00219532289 1.45048462438 1.54152336451 0.936055846454 1.05096267555 0.806377148526 0.715006568266 0.615791460631 0.524828443484
-9999 -9999 -9999 -9999 -9999 -9999 -9999 -9999 -9999 -9999 -9999 10.0027696397 9.81891439531 8.32499356726 7.51165135302 7.22996308561 4.11136708909 4.47844751544 3.74863058043 4.38857599928 2.39118949018 1.47657937806 3.09235706081 3.85068229668 2.76219989199 2.75306051789 2.74949415426 2.18096744563 1.46147657636 1.19822900741 1.14594671588 1.8748290957 1.80314208779 1.61285721805 1.081748022 0.56815709844 0.387572370854 0.174782453497 0.654694298206 0.481308835644 1.0986823022 1.4677888056 1.21281268526 0.870118016962 0.902775585801 0.921686649633 1.13158543532 1.17096602524 1.10894808497 1.06397896131 0.639555457736 0.525814037691 0.345669962693 0.332363955987 0.302684416627 0.3626262878
-9999 -9999 -9999 -9999 -9999 -9999 -9999 -9999 -9999 -9999 -9999 -9999 10.1036082899 9.59420829594 7.58636930557 6.5191884509 4.86724262098 5.05541829417 3.75577456758 4.19841045581 3.2977041919 4.34374025562 2.99720732666 2.64840613116 2.47762883278 2.4169828981 1.80592844482 1.98497581217 1.66795684794 1.3318708146 0.952388648039 0.938720109678 0.90540440136 1.02112291338 0.943860706966 0.840221952565 0.545856876602 0.30982837089 0.809019976621 0.894632451656 1.18493402221 1.096837004 1.2030180723 0.93581869934 1.01841630116 0.996168264358 0.930190250228 1.04139549629 0.906015418991 1.07588965774 0.803959271348 0.342414145594 0.276126981909 0.586387722618 0.391228240368 0.381153931355
-9999 -9999 -9999 -9999 -9999 -9999 -9999 -9999 -9999 -9999 -9999 -9999 11.3248823982 9.74162524433 7.66275527564 6.52001844247 4.68611456851 5.20905723942 4.30573583247 3.78050912555 3.77810628367 3.52363928754 3.02650797263 4.16057047407 3.04512958591 3.47144820667 3.58726414024 3.17409803393 2.28079822454 3.09644717715 2.14658864112 2.3125147319 2.07417589797 2.01050039973 1.13844273681 0.841257361428 0.495468032289 0.938952363124 1.53484489773 1.15085719176 1.28194183841 0.921784430185 0.79935799811 0.786570123837 0.830367321179 0.779763050429 0.602741632349 0.547990491971 0.48086672441 0.692476315331 0.596135201631 0.446752380707 0.394849222626 0.225169479911 0.167939811796 0.264737102416
