data/recharge/transience/recharge582.asc
ncols                  80
nrows                 72
xllcorner      4374000.0
yllcorner      5656000.0
cellsize            500
NODATA_value       -9999
[rows 0 to 23 of 72, columns 0 to 54 of 80]
-9999 -9999 -9999 -9999 -9999 -9999 -9999 -9999 -9999 -9999 -9999 -9999 0.0634971199002 0.0630216825754 -9999 -9999 -9999 -9999 -9999 -9999 -9999 -9999 -9999 -9999 -9999 -9999 -9999 -9999 -9999 -9999 -9999 -9999 -9999 -9999 -9999 -9999 -9999 -9999 -9999 -9999 -9999 -9999 -9999 -9999 -9999 -9999 -9999 -9999 -9999 -9999 -9999 -9999 -9999 -9999 -9999
-9999 -9999 -9999 -9999 -9999 -9999 -9999 -9999 -9999 -9999 -9999 -9999 0.262672003648 0.184293079557 0.159096433731 -9999 0.206959799627 -9999 -9999 -9999 -9999 -9999 -9999 -9999 -9999 -9999 -9999 -9999 -9999 -9999 -9999 -9999 -9999 -9999 -9999 -9999 -9999 -9999 -9999 -9999 -9999 -9999 -9999 -9999 -9999 -9999 -9999 -9999 -9999 -9999 -9999 -9999 -9999 -9999 -9999
-9999 -9999 -9999 -9999 -9999 -9999 -9999 -9999 -9999 -9999 0.15429574531 0.150543479256 0.197014025556 0.211578857735 0.134187554555 0.116126586193 0.106322597587 0.109457260052 -9999 -9999 -9999 -9999 -9999 -9999 -9999 -9999 -9999 -9999 -9999 -9999 -9999 -9999 -9999 -9999 -9999 -9999 -9999 -9999 -9999 -9999 -9999 -9999 -9999 -9999 -9999 -9999 -9999 -9999 -9999 -9999 -9999 -9999 -9999 -9999 -9999
-9999 -9999 -9999 -9999 -9999 -9999 -9999 -9999 -9999 0.143489800491 0.154377188854 0.149832814473 0.142726792063 0.159635518028 0.147758360023 0.131793698739 0.126623033948 0.193950142406 -9999 0.183638247948 -9999 -9999 -9999 -9999 0.124564200574 0.166693314006 -9999 -9999 -9999 -9999 -9999 -9999 -9999 -9999 -9999 -9999 -9999 -9999 -9999 -9999 -9999 -9999 -9999 -9999 -9999 -9999 -9999 -9999 -9999 -9999 -9999 -9999 -9999 -9999 -9999
-9999 -9999 -9999 -9999 -9999 -9999 -9999 -9999 0.293827875802 0.210064593614 0.144773309466 0.134841746745 0.13107236125 0.111194043777 0.122359310829 0.109970938141 0.10686777561 0.113421448551 0.0971181430981 0.112802335685 0.120164525718 0.134414283234 -9999 0.126993468 0.164790957374 0.177414309677 -9999 -9999 -9999 -9999 -9999 -9999 -9999 -9999 -9999 -9999 -9999 -9999 -9999 -9999 -9999 -9999 -9999 -9999 -9999 -9999 -9999 -9999 -9999 -9999 -9999 -9999 -9999 -9999 -9999
-9999 -9999 -9999 -9999 -9999 -9999 0.219462771758 0.155752067573 0.14761409815 0.164735061641 0.194450464497 0.205256697119 0.165640048256 0.146094391963 0.117953382074 0.138496030776 0.0929232467506 0.0928113168884 0.0897099635784 0.110285079616 0.113530977545 0.127155817909 0.120682689635 0.132473805232 0.153095856268 0.143592278983 0.158876443385 -9999 -9999 -9999 -9999 -9999 -9999 -9999 -9999 -9999 -9999 -9999 -9999 -9999 -9999 -9999 -9999 -9999 -9999 -9999 -9999 -9999 -9999 -9999 -9999 -9999 -9999 -9999 -9999
-9999 -9999 -9999 -9999 -9999 -9999 0.23416416541 0.189686145506 0.126439042785 0.116759980382 0.107999347697 0.117185806219 0.119872489754 0.106788536142 0.102132987579 0.0833641144548 0.0877711788146 0.130116370261 0.140088475176 0.0826112656015 0.096088144716 0.126496800224 0.111691506895 0.113937740438 0.125610486626 0.114004998078 0.162271551218 0.153773264352 0.15042825809 0.134636837931 0.202664047904 0.197780414114 -9999 -9999 -9999 -9999 -9999 -9999 -9999 -9999 -9999 -9999 -9999 -9999 -9999 -9999 -9999 -9999 -9999 -9999 -9999 -9999 -9999 -9999 -9999
-9999 -9999 -9999 -9999 -9999 0.359472222039 0.257773068666 0.252272575515 0.211401019038 0.240731163164 0.21006868728 0.165117785603 0.0857953623217 0.0961612117355 0.124249573204 0.115010573294 0.122563854042 0.228228038549 0.241914810774 0.0726499152288 0.0970392981349 0.0904503649258 0.100588865935 0.107074616899 0.122775660255 0.130523497743 0.15274988586 0.134363082002 0.139050699603 0.132832301304 0.132368296767 0.146070239092 0.126491205783 0.117832450972 -9999 -9999 -9999 -9999 -9999 -9999 -9999 -9999 -9999 -9999 -9999 -9999 -9999 -9999 -9999 -9999 -9999 -9999 -9999 -9999 -9999
-9999 -9999 -9999 -9999 -9999 0.357053822718 0.285651898894 0.290292990797 0.222608677079 0.186068611104 0.176010606755 0.202936643048 0.0990806332011 0.0938344859874 0.17946527591 0.185251763866 0.0978338794608 0.0846946694615 0.106695443034 0.074601674498 0.0940389286929 0.0883702066863 0.12962611905 0.120192639901 0.109813697665 0.0943803702587 0.125306962867 0.106525867754 0.109821134454 0.0995994517249 0.105743109488 0.0937762646995 0.118990132878 0.109600976076 0.11804018738 0.107731158468 -9999 -9999 -9999 -9999 0.110985855551 0.101839877845 -9999 -9999 -9999 -9999 -9999 -9999 -9999 -9999 -9999 -9999 -9999 -9999 -9999
-9999 -9999 -9999 -9999 -9999 0.296123515104 0.244282760796 0.256395058806 0.2493435054 0.286651109574 0.238296542237 0.214045239213 0.176057403244 0.237256337634 0.215752861116 0.15454216725 0.128671549688 0.14550847188 0.125667665793 0.167871085728 0.121501143573 0.0977460739926 0.0918734371565 0.0851079277671 0.105522219579 0.100609826141 0.113240845284 0.0982265623976 0.120974356868 0.0875583254002 0.0636191514704 0.0979014463384 0.116128458643 0.118533130698 0.11802033042 0.115892163794 0.112685358792 -9999 -9999 0.110069082159 0.123874959742 0.115970000927 0.136239083726 -9999 -9999 -9999 -9999 -9999 -9999 -9999 -9999 -9999 -9999 -9999 -9999
-9999 -9999 -9999 -9999 -9999 -9999 0.364193165525 0.434398191579 0.282223021327 0.250902395138 0.190827539746 0.233515477467 0.193046709164 0.374902593358 0.117044385587 0.113428050625 0.131808794706 0.124243658266 0.104402855271 0.101402023647 0.115175768318 0.124753870845 0.114039701428 0.130880859998 0.110997956439 0.0925123507567 0.0886469025505 0.0995296371278 0.0911536982085 0.0889820996554 0.0932988571296 0.105694042051 0.100936139071 0.0927591864505 0.0978134467741 0.103812064327 0.107730603494 0.0961330156993 0.103748346518 0.0986053307544 0.0952712336785 0.1265981721 0.101059322097 0.0883145846816 -9999 -9999 -9999 -9999 0.130174913657 0.112886193313 0.0291898532616 -9999 -9999 -9999 -9999
-9999 -9999 -9999 -9999 -9999 -9999 -9999 0.326364134123 0.229086408354 0.308935886027 0.297447870852 0.237171951716 0.131683303807 0.126683346247 0.164707984857 0.224488454948 0.1940558923 0.179321994546 0.175789941711 0.129202414864 0.103039430869 0.104193602306 0.103531233451 0.105575617196 0.0960525602277 0.0806103962484 0.0845651877574 0.0919816420421 0.0910241211923 0.0859776407604 0.100512463368 0.0969810395168 0.101240041241 0.0915415993929 0.108311449969 0.106949257678 0.105289959546 0.104721056101 0.100109654169 0.0996459104162 0.0900074614628 0.0925808108589 0.125002635746 0.176414703727 0.165788948977 0.184629795053 0.190479925208 0.164528786155 0.158646793955 0.102140117223 0.0763698256025 0.0636648486412 -9999 -9999 -9999
-9999 -9999 -9999 -9999 -9999 -9999 -9999 -9999 0.148354785275 0.173841053536 0.218077295062 0.27397700474 0.225722863695 0.269611933383 0.230415158233 0.193450880284 0.129267695104 0.130587375499 0.103810248314 0.126777688697 0.188765941851 0.174560206924 0.150812956126 0.2265697079 0.247585284955 0.218825003634 0.087263961118 0.0856536455357 0.0753768484072 0.0711137325397 0.0742961189015 0.0835897132671 0.082486156676 0.0794543811444 0.0875447377477 0.0795186289142 0.0848580345544 0.0973880319058 0.0833451654434 0.0817701830586 0.0882239849881 0.112197234746 0.170760079561 0.157529837811 0.155158837116 0.142992360362 0.151581382613 0.136402609294 0.128651302094 0.0851250048276 0.0664524640255 0.0724554709607 0.0581277825253 -9999 -9999
-9999 -9999 -9999 -9999 -9999 -9999 -9999 -9999 0.306731926055 0.228896014911 0.184292614843 0.187149748683 0.17773253877 0.174979708971 0.137258925953 0.131093052539 0.124784800611 0.140440768523 0.127087413839 0.145740693318 0.170596532297 0.167247112505 0.22778449355 0.420523390811 0.334388566377 0.224962555179 0.248365128477 0.114411416073 0.0915548925664 0.0718590824045 0.0710915927226 0.0799431599193 0.0747444202725 0.0786736573757 0.0795714472703 0.0564854723833 0.103591502819 0.0918767894334 0.0829486199941 0.0804695184057 0.0773339956301 0.0961120696809 0.160769641422 0.159631556962 0.143815397753 0.142271218756 0.149889432801 0.1394600279 0.121521617666 0.0716828094735 0.0693137831031 0.0697876982465 0.0569841845531 0.0615630708989 0.0511462932035
-9999 -9999 -9999 -9999 -9999 -9999 -9999 -9999 -9999 0.384780326825 0.276904672145 0.171890155196 0.182599393124 0.197258268664 0.1760696428 0.181227247129 0.226414412788 0.254916244974 0.263973004307 0.268670595349 0.225676924615 0.153021725972 0.169060648251 0.605969871932 0.485387201518 0.422026383047 0.313588227395 0.204495963478 0.0786407844709 0.0726501617004 0.0706834495457 0.0761788844513 0.0723537330319 0.0687492411765 0.0732673709637 0.0771643483344 0.0851637170972 0.0775707342195 0.0693186229626 0.0705492977256 0.0655263399379 0.0690626872408 0.11223104356 0.167200752711 0.134780991541 0.125585789018 0.11627037519 0.109866770096 0.0619253023424 0.0562500926352 0.0585752130584 0.0559413033964 0.0493434741979 0.0504565963309 0.0558543534149
-9999 -9999 -9999 -9999 -9999 -9999 -9999 -9999 -9999 -9999 0.212418733895 0.167716640094 0.15486219995 0.147256252035 0.151245697195 0.129908226854 0.177264724922 0.259208171473 0.204869885171 0.153130486554 0.134684483951 0.131439294125 0.113250269276 0.167047672733 0.317832079311 0.458318319468 0.426088718593 0.301677030728 0.193505275518 0.0732112474858 0.0718464354813 0.072421483762 0.0829077414489 0.0699925535269 0.087871808605 0.0800854081481 0.0816708888134 0.0776603251493 0.070275682291 0.0709902506094 0.0710732021175 0.0703715440797 0.0634537427849 0.128756162505 0.175801770752 0.194465576134 0.147142849362 0.109786267471 0.0572507660671 0.0584274444893 0.0689380882117 0.0653922437466 0.0545281718222 0.0518240960512 0.0439172082405
-9999 -9999 -9999 -9999 -9999 -9999 -9999 -9999 -9999 -9999 -9999 0.140623855807 0.106808392783 0.127405787799 0.14886151589 0.134744446019 0.177120740284 0.17249131391 0.105127285205 0.114015208425 0.138025857789 0.134916754215 0.107992213379 0.0888131679839 0.0977682981402 0.174911492617 0.310384738536 0.364004789329 0.289309336526 0.0393521901597 0.056213053345 0.0738371217571 0.0761764459447 0.0786809458042 0.0827991090439 0.0682856813245 0.0687898638219 0.0679439569895 0.0681501169096 0.0681330329655 0.0722102757296 0.0631300185951 0.062266319642 0.0655337855025 0.101777655355 0.11443513503 0.129252468205 0.137491908762 0.0735217684293 0.0534627959239 0.0501819914539 0.0515332643111 0.0519336685311 0.0458488698254 0.0378882734544
-9999 -9999 -9999 -9999 -9999 -9999 -9999 -9999 -9999 -9999 -9999 0.0746784328754 0.10286638416 0.12756372413 0.151979976153 0.143727123397 0.1331735769 0.108967901953 0.110615506244 0.113012455007 0.116447067762 0.145395605818 0.106257957443 0.10416084786 0.0968341032486 0.110487985539 0.117687504626 0.182912376813 0.228538985201 0.274928801656 0.344181520195 0.323289129428 0.199558415098 0.166283520085 0.093110270718 0.0620437193768 0.0682409431001 0.0703505784662 0.0650768537537 0.0573449575214 0.0745510028939 0.0798412252625 0.0561197472773 0.0575553568264 0.0639314877311 0.121039467281 0.176585888941 0.210961508977 0.195022909567 0.12404929108 0.169388872212 0.151660726709 0.0992994746012 0.0604321754815 0.0536860604902
-9999 -9999 -9999 -9999 -9999 -9999 -9999 -9999 -9999 -9999 -9999 0.277490317986 0.227374799142 0.197967436925 0.115624068968 0.134653663978 0.129202477394 0.0948610087541 0.0890432119847 0.0939789602833 0.0961821044967 0.100406545882 0.0905102962556 0.0839101699174 0.0709229915568 0.0682758027151 0.0677925377046 0.0652413653416 0.0737516459409 0.0809833643746 0.122070574174 0.258558971693 0.407915930243 0.376090366501 0.175284732613 0.047913449817 0.194231386869 0.118917642262 0.0585102899181 0.0403911201128 0.0374590023145 0.0683386613415 0.0757525040617 0.0902202168316 0.0946662612074 0.129993420295 0.158325609575 0.138878148267 0.143428794094 0.147828453145 0.150301637994 0.167863507717 0.173687231413 0.171745008447 0.0791967144453
-9999 -9999 -9999 -9999 -9999 -9999 -9999 -9999 -9999 -9999 -9999 -9999 0.138165695866 0.178345525406 0.162601317517 0.102413726093 0.105408672209 0.112990465873 0.103000668738 0.0992536313834 0.102233913498 0.0914712509953 0.0934128704381 0.093743355257 0.0752779243969 0.0784155323447 0.0700878320528 0.0744469568354 0.0710013485836 0.0653251499722 0.0649576691363 0.0703680274539 0.065728165227 0.10387867823 0.217113097786 0.023296922103 0.0956227899903 0.168962769401 0.117925738466 0.0658970109023 0.0716954467826 0.0690606075441 0.101484835993 0.123446709096 0.126220788812 0.119460353681 0.120645612769 0.141147506282 0.108359048193 0.124789300917 0.130966363462 0.12062272457 0.102409947282 0.104143479576 0.107300775419
-9999 -9999 -9999 -9999 -9999 -9999 -9999 -9999 -9999 -9999 -9999 0.215721392721 0.20492886632 0.243071710192 0.258797471173 0.127869364766 0.0916449043685 0.123779689478 0.0988283577658 0.105764854219 0.0794851314354 0.0768898053036 0.0704164833281 0.0738525119433 0.0804867992841 0.07815851905 0.0591881120213 0.0633635339785 0.0676177033671 0.0635743155436 0.0574343903126 0.0614459424882 0.054979296233 0.0538563818943 0.0590214826791 0.17224173293 0.235046388639 0.166998677048 0.201752416054 0.0645612805735 0.0664363224709 0.0684973316469 0.0949373611465 0.123009656176 0.157645874613 0.156751606449 0.117177569646 0.176858941987 0.15599582424 0.159187424645 0.130988359131 0.0959132414874 0.0864155332297 0.0871964754231 0.0807098933608
-9999 -9999 -9999 -9999 -9999 -9999 -9999 -9999 -9999 -9999 -9999 0.240618622605 0.337993532315 0.310877832372 0.184206620177 0.123585368906 0.155730590793 0.147772996926 0.10547284644 0.0894252877094 0.113438774589 0.171924782506 0.0667379710796 0.0832937594619 0.088013556549 0.0896609057027 0.0516441619683 0.0869306002805 0.0750075301316 0.115930402353 0.0968512032085 0.0637716482069 0.0532276780442 0.0539339494417 0.0563420114844 0.0816054773025 0.192567694036 0.261153338797 0.231768978276 0.101610178739 0.056507998728 0.0798734223923 0.0930714247047 0.0840764753896 0.0849470483405 0.07783570215 0.0909795691888 0.0973696998571 0.0969409637155 0.118362066252 0.130239513576 0.143465216128 0.125222884962 0.120422924073 0.11314307705
-9999 -9999 -9999 -9999 -9999 -9999 -9999 -9999 -9999 -9999 -9999 0.403511822252 0.382693389455 0.281264255603 0.290193992636 0.275881864073 0.164708885276 0.196677823301 0.167978430005 0.159446150709 0.0815770857478 0.0558403981688 0.123771410688 0.217342286056 0.1899225148 0.189554022001 0.182557172867 0.124409064751 0.0831767212919 0.0621259709644 0.063522601259 0.0998856281171 0.102317581504 0.0911088188812 0.0660936372362 0.0826267293763 0.124236392114 0.115783813707 0.181504638487 0.0795366455557 0.0715869637024 0.075643016445 0.0681704851063 0.0699024478544 0.0677799196433 0.0680467769427 0.063546499461 0.0648687635656 0.058630510447 0.0534887582376 0.064306698151 0.0404370611268 0.0382475346635 0.0652141298956 0.0580528061841
-9999 -9999 -9999 -9999 -9999 -9999 -9999 -9999 -9999 -9999 -9999 -9999 0.412268983271 0.360807746929 0.253416571159 0.25778784335 0.251912491509 0.218003459812 0.150672670012 0.16943279927 0.160804241207 0.18169113426 0.158696820031 0.160704231581 0.169172268696 0.164781819409 0.136707514274 0.149027916498 0.13638375053 0.112637413684 0.0932873258555 0.0605363915468 0.0497623988465 0.0565879124444 0.0574085444097 0.150675115505 0.144085191307 0.123397060969 0.206608864559 0.124330464818 0.0675309870687 0.057836865762 0.0622664736063 0.0595490766596 0.0647247472032 0.0692780688219 0.0578737627613 0.0581509129261 0.0513163040273 0.050617254791 0.0436146141492 0.0169555933771 0.0222899020645 0.0724981921849 0.0745658267292
