data/recharge/transience/recharge174.asc
ncols                  80
nrows                 72
xllcorner      4374000.0
yllcorner      5656000.0
cellsize            500
NODATA_value       -9999
[rows 25 to 49 of 72, columns 0 to 56 of 80]
-9999 -9999 -9999 -9999 -9999 -9999 -9999 -9999 -9999 -9999 -9999 -9999 7.93580271588 7.55195982859 6.96750992616 7.40484215172 6.20234867296 5.96983843272 5.58980737648 6.35579147304 5.45219541405 5.0944637542 4.61106059357 2.52591034455 3.8831772951 5.39234662983 5.35589318661 5.2398787688 4.45495986783 4.02108551551 3.64081480169 3.39990238082 2.91662725024 3.09024979542 4.91924736685 3.08381294654 3.94783204231 5.93515352133 4.95889451886 3.29156057591 2.74381106271 2.26609996621 2.35792128365 2.48970513131 2.3709526159 2.44447908489 2.4378553862 2.41908172251 2.39638491053 2.6432493993 2.62708508678 2.50504390219 1.94383342315 1.57801180811 1.60313179053 1.69521233792 1.63966755142
-9999 -9999 -9999 -9999 -9999 -9999 -9999 -9999 -9999 -9999 -9999 -9999 -9999 6.92200082475 7.27857626719 7.46198755434 7.22250809443 7.07671126278 6.2221171068 5.75441614397 5.40243924074 5.76001463747 5.49795409824 3.97296833866 5.48078771401 5.08836329428 4.87127294747 4.59484565561 4.33346394625 4.62462680224 4.0620846735 3.80800682672 2.8997630009 4.51160017761 4.9697679922 0.91102582102 2.35329588197 5.37740022195 4.14438057283 2.59379189248 2.27182959508 3.00806005723 2.10738807324 2.28549263577 1.99801452462 2.002848438 1.98182169241 1.86991351369 1.63216164696 1.40286246068 1.46925897996 1.63712376153 1.79860627956 1.8158737617 0.775911544243 1.39505213603 1.34135939522
-9999 -9999 -9999 -9999 -9999 -9999 -9999 -9999 -9999 -9999 -9999 -9999 -9999 -9999 7.12017964046 7.09051023652 6.62732890822 6.64032253805 6.34904794202 6.62519725489 5.81389072962 6.20690885858 5.47875545976 5.30305116133 4.70379262562 4.49903085691 4.65951252435 5.57824404313 4.54881856857 4.06306130559 4.10739711501 4.06859116901 3.63589604919 5.34296473442 5.44196823761 1.51044007268 2.47512344663 3.64717974675 2.81116456151 1.67103916484 1.57441681918 2.47372133462 2.98329436816 2.41311068107 1.78684901568 2.08508092447 1.75167724364 1.54635245036 1.57691107705 1.89533926366 1.74557266672 1.29473293121 1.2106435511 1.16869722138 0.844735914758 1.70480892786 2.66252880666
-9999 -9999 -9999 -9999 -9999 -9999 -9999 -9999 -9999 -9999 -9999 -9999 -9999 -9999 1.59085882649 3.53230868328 6.60115554671 7.00171297438 6.50967401729 6.71077947331 6.38785380415 6.23156635243 5.24384869509 6.123695945 5.72633516463 6.07177494597 4.27489315468 4.00143685509 4.25425214234 4.76138965952 2.77592933166 1.23562337622 3.46305190755 5.6737402253 6.90182078208 1.35781719163 2.30591315084 2.49579401379 1.61833662293 1.45872519998 1.99880544568 2.29967292543 2.31209165992 2.79499642073 2.48505752916 2.03439243692 1.02413426547 0.508431972786 0.646661265368 1.53131805317 2.10909057346 2.41041034114 2.61373349529 2.05987833845 1.63256561941 1.81343530099 6.04945597449
-9999 -9999 -9999 -9999 -9999 -9999 -9999 -9999 -9999 -9999 -9999 -9999 -9999 -9999 2.50628210549 3.95486637876 6.8074388634 7.5008045726 7.25328105643 7.16007645521 6.50763620178 6.62535113018 6.33478082877 5.66728114455 5.02314504225 4.64396578552 4.6783486876 4.55511618992 3.56891667728 4.02271271879 3.73110272028 3.39943129849 3.21176700243 5.45872865634 6.99889788767 1.27824047565 1.55319683194 5.61196546515 0.761127519953 1.10646385932 2.03677918053 2.36667521368 2.02015474675 2.09740147172 1.80980028652 2.08545052147 1.54466235527 2.15248485587 3.36624285434 4.02365128937 4.02823497685 3.19820870043 4.32347329462 4.17862476483 3.66802656804 3.77374340163 2.66001645806
-9999 -9999 -9999 -9999 -9999 -9999 -9999 -9999 -9999 -9999 -9999 -9999 -9999 -9999 9.30473324452 8.345339939 8.01207287848 8.64992255999 7.56567377725 7.61211060326 6.5119906301 6.22525086508 5.63544776971 5.91460672662 5.30375128765 5.52376226744 4.76111671292 5.03901379967 4.35769677375 4.02401246816 3.96284468995 4.41934692321 3.91102705799 1.68337901837 1.36279214015 1.38365589105 1.15909217738 2.92109210132 0.906241522631 1.34424327165 2.30305511961 2.13591806572 1.52203981049 1.69016825432 1.47063292588 1.71312664282 3.04752243931 4.16468314956 6.45558827201 7.04209237604 5.67128294619 5.97819122268 4.37011821051 3.72386089849 3.04161906145 2.62304224816 2.79956735391
-9999 -9999 -9999 -9999 -9999 -9999 -9999 -9999 -9999 -9999 -9999 -9999 -9999 -9999 -9999 7.43623806374 7.18779963921 7.17760237726 6.7826985928 6.05775718969 5.81611281946 5.96196410978 5.74470267489 5.84438326623 5.27945276309 5.25767678625 4.43286416118 4.60881540977 1.97420352195 3.89244028437 3.18330920143 3.14388753615 2.69729217337 2.02823331432 1.5209425201 1.54056610378 1.39356195854 1.35548538553 1.26388339808 0.931318818914 0.590445469559 0.862775405474 2.34643345476 1.99107603012 1.66730391413 2.21746907021 2.67305986008 2.88811591355 3.18390712982 2.87462251165 1.73687016168 1.52433606778 2.45236208585 3.68823066466 3.4839042772 3.44572924377 2.9398386481
-9999 -9999 -9999 -9999 -9999 -9999 -9999 -9999 -9999 -9999 -9999 -9999 -9999 -9999 -9999 -9999 7.03127721146 6.94081566525 6.55120403926 7.79277309606 7.39359905722 7.34883367795 5.80294184296 5.41776637703 5.52059305988 5.12784430489 4.56635633875 3.64101935799 1.66529114697 3.23107005037 3.98438389954 2.16753436414 1.71937092918 1.13727751567 1.35039223415 1.55126269059 1.49340071743 1.66165848303 1.60109360936 2.08000683162 4.69398580262 4.1827319211 4.11891283262 3.8360953491 2.68713167493 2.19897418684 1.88891571482 2.68821963783 1.74383525766 1.28227220103 1.8764242511 2.88080871652 2.17709340202 1.76295176508 2.06148759253 1.8157430713 1.66911832435
-9999 -9999 -9999 -9999 -9999 -9999 -9999 -9999 -9999 -9999 -9999 -9999 -9999 -9999 -9999 -9999 8.12791840673 8.08875564367 7.82669161723 7.61310039431 6.41440582881 6.4416416934 5.97094867688 5.83556977285 5.33767789564 5.7012788887 4.88350832658 4.65232276525 1.85595381197 2.76639116035 1.67157774972 1.19231060154 1.41091010681 1.11436630567 1.67876825917 1.45945996414 1.94757994294 1.72330771311 1.56701008786 1.45272359023 3.21212868668 1.72597798747 3.51759726213 6.22677142063 4.77482323704 3.81514235711 3.45482977762 1.34429904049 1.24374230631 1.64358488059 2.32347080182 2.44306838088 3.04504251066 3.21138713103 3.71045984731 2.82860521394 1.68758836965
-9999 -9999 -9999 -9999 -9999 -9999 -9999 -9999 -9999 -9999 -9999 -9999 -9999 -9999 -9999 6.21419159799 6.28604033042 7.20461853049 7.41126165915 7.23660597997 6.49012102401 6.19694978401 5.63576323842 5.60070205322 5.01670514136 5.31095620619 4.86596452193 4.99368117038 2.50950835066 3.62608347795 3.72374625957 3.84926898017 3.83588052961 2.11504050236 1.55817077568 3.90755513141 2.74728029663 3.12102713737 2.28498825701 1.00630456049 2.64266907333 4.14174588568 4.11895886328 4.07441150176 4.31580156599 3.62220236387 0.769160915747 0.935314593445 1.92225563951 2.5601866193 1.95010355658 1.4602291505 1.63481529674 1.86779093768 2.04923076529 2.11791449971 2.4089201239
-9999 -9999 -9999 -9999 -9999 -9999 -9999 -9999 -9999 -9999 -9999 -9999 -9999 -9999 7.04292183368 6.71785194662 6.48419860123 7.21799736888 7.07289575175 6.87510885353 6.29992528106 6.7580017458 5.81726901187 5.97128333719 5.0228711537 4.81627651446 4.36503664612 4.45537306989 3.81192980815 3.8092761616 3.24079744876 3.33865175067 2.89957114473 3.69868881027 4.20189579324 7.2918323777 2.55296833075 1.53415867343 3.4750418597 3.65943547049 3.06916660335 3.62898363358 3.38437312464 3.60023069752 3.01972710913 2.72248193622 2.87266642771 3.03317976033 2.48096469384 1.97073772259 1.68924755148 1.66903182662 1.78519021481 1.73387404617 1.59717292028 1.72453693257 1.73461755868
-9999 -9999 -9999 -9999 -9999 -9999 -9999 -9999 -9999 -9999 -9999 -9999 -9999 -9999 7.20465346139 7.73371305148 7.17600519037 6.9012343834 6.19438349433 6.05936959876 5.61364397483 6.15040931747 5.64403882581 5.87646970616 5.04823577795 4.52286278492 4.58624157135 4.73254310663 4.13040076452 3.94887624772 3.74867021414 4.58587072183 4.90091414249 4.52883513961 3.99662639651 5.81819335771 7.05680468942 8.00360839244 5.77886582845 5.8667228695 6.83699343104 6.51480587004 4.19171049336 3.96277588193 3.80359554624 2.75439652575 3.82984553713 4.20988254487 3.42847895078 3.78500596079 3.73502160528 3.71088789461 2.95914841152 2.61997316031 2.98541992037 2.87621506832 2.17415295742
-9999 -9999 -9999 -9999 -9999 -9999 -9999 -9999 -9999 -9999 -9999 -9999 -9999 -9999 -9999 -9999 7.29698072734 8.51684792257 8.42009649894 8.30256297211 7.23955803826 6.01856837368 6.20996108327 6.22683962116 5.30734068008 5.60746227043 4.1019036447 4.28346890542 3.80589761939 4.53130067636 4.5577034323 4.77454982457 4.59784890109 4.06378383788 4.28254048244 4.31530947562 5.3856985173 5.35442257567 6.68155465621 6.06195350753 4.24470975756 4.38419104177 4.42768404037 3.68461354433 3.11884596702 3.46860721763 3.27736010379 2.66283693249 2.38352174579 2.81490868239 2.71157976039 2.78917807604 2.56118966626 2.2073327586 1.47442912885 1.58730305732 2.46140519636
-9999 -9999 -9999 -9999 -9999 -9999 -9999 -9999 -9999 -9999 -9999 -9999 -9999 -9999 -9999 -9999 8.71626790666 8.44776180948 8.24525353675 6.91240374796 7.05572373131 7.10687527831 5.26868734191 5.48845283838 5.62073133021 6.0565844506 5.38773234442 5.23693888202 4.95074003191 4.90943274523 5.39654102539 5.16146115838 4.44599961041 4.18621444604 3.32202567619 3.5297178392 3.68846113173 4.18996112321 3.09833918942 2.80987697372 3.45375445332 4.23930259668 1.40260751474 2.30328812292 5.0793959475 3.28557290014 2.17339552266 2.70509627209 2.16707641984 1.62018719837 1.25074126176 1.27811104731 1.01288838796 1.23298082895 1.22138543741 1.23249309846 1.1619185457
-9999 -9999 -9999 -9999 -9999 -9999 -9999 -9999 -9999 -9999 -9999 -9999 -9999 -9999 -9999 -9999 -9999 -9999 8.31863055095 7.41763231652 6.50127476994 7.00612659744 6.82521147285 6.14984216012 5.36060164883 5.5377630308 5.08483871056 5.35011345745 4.76469054028 4.66190839739 3.86359149077 3.44534023933 3.37504472599 3.82742342503 3.26742660508 3.92021775719 3.9249112806 3.0224076987 2.86722741725 3.74250727191 2.97011889586 2.64739711838 2.35151260365 2.33399519346 2.26913341137 3.10610667432 2.49343605923 2.56318388694 2.98706117205 1.37146196713 1.44687528429 1.62643894131 1.04707583904 1.09102689185 1.36094471028 1.48791920693 1.29697171079
-9999 -9999 -9999 -9999 -9999 -9999 -9999 -9999 -9999 -9999 -9999 -9999 -9999 -9999 -9999 -9999 -9999 -9999 -9999 6.44058475362 6.4473535628 6.74521681726 6.49230648327 6.83792980453 5.71720841379 5.42882335618 4.60962632886 4.78433409111 3.74487760668 3.60807783025 3.71946404168 3.89586774893 3.29771990011 3.10158107341 2.68479747461 2.58313328371 2.51606832778 3.29854855258 3.01225252645 3.41965415692 2.76595640884 2.52970563453 2.07633863872 2.63199410756 2.75987660901 2.87127005378 2.89694721827 2.44779833793 2.09618501397 3.1443184317 1.72062306629 1.39232610747 1.05540138866 1.03982325176 1.37467671446 1.29174657648 0.979849639077
-9999 -9999 -9999 -9999 -9999 -9999 -9999 -9999 -9999 -9999 -9999 -9999 -9999 -9999 -9999 -9999 -9999 -9999 7.54877911556 8.00858278113 8.09792060847 7.94493767793 6.75156116565 5.86321505218 5.58158167245 5.39858201315 4.42628185572 4.85843990474 4.29746932123 3.99146357551 1.70938236442 0.852361072399 2.78805542457 3.51864214863 3.41623974626 3.88876824332 4.47295528941 4.32309262821 4.16683147414 4.01334588002 3.79300049805 2.76361568098 2.45664004402 1.03957664488 1.60212727426 1.25033635621 2.73928989072 4.68042579967 3.88076603727 2.58639927933 3.28188587479 4.03735625317 3.2905101924 2.63489510323 2.02308703966 1.72404598868 1.54314497114
-9999 -9999 -9999 -9999 -9999 -9999 -9999 -9999 -9999 -9999 -9999 -9999 -9999 -9999 -9999 -9999 -9999 -9999 -9999 8.64761111994 8.41129896876 8.10717461682 6.79629710807 5.98895445408 5.89870591018 5.81822879199 4.51295838725 4.59452430453 4.38759862197 5.12103356649 2.46474075762 2.43554971645 4.33043554839 3.97594238592 2.4920151408 2.08924810452 2.46704688906 2.14349970031 1.94295222007 1.94513954324 2.14670484076 2.89560544262 2.18534137832 1.26147979432 1.21892026363 3.5538548656 3.39909229506 2.80158054059 4.07958906054 3.20086453087 1.6040431716 1.04812138857 1.20615056078 1.25036009765 2.48860312485 1.28802038612 0.956680860927
-9999 -9999 -9999 -9999 -9999 -9999 -9999 -9999 -9999 -9999 -9999 -9999 -9999 -9999 -9999 -9999 -9999 -9999 -9999 -9999 7.42921037877 7.91664622762 6.85785823841 6.46449143956 5.04231757905 5.62516899992 4.59007353377 4.77411799654 5.00398421825 4.43807653315 3.62151500172 3.42227114839 3.3682196019 2.14165807369 1.4681407639 2.16585785365 3.47795392979 3.8046324751 3.82111537168 3.5404518059 2.76627535201 3.58009061395 3.74968585913 3.37890274581 4.18540949845 3.73970283836 3.28353673655 3.64081084984 3.454492257 4.31773016562 3.84154791136 2.80872003808 1.88243096109 1.71913129875 1.62661672428 2.45759157494 2.5557859207
-9999 -9999 -9999 -9999 -9999 -9999 -9999 -9999 -9999 -9999 -9999 -9999 -9999 -9999 -9999 -9999 -9999 -9999 -9999 -9999 -9999 7.42447603903 6.97175521615 6.9800597964 4.82209777063 4.42424437168 4.2858195711 4.87118924777 3.94125328966 3.62902532882 3.52939507405 4.13481123349 4.00408867816 1.26660835616 4.00681691357 4.68303289919 3.94140423287 3.26452028267 2.95418009875 3.03474163365 3.91366616043 4.09140877912 4.43328966275 3.41542930702 2.92288022233 2.19116384328 2.81967414801 3.09624519063 3.13930967541 3.76130586699 4.8273118422 2.25906552642 2.63151096875 2.77570396444 1.09441257921 1.56470432534 1.90996707615
-9999 -9999 -9999 -9999 -9999 -9999 -9999 -9999 -9999 -9999 -9999 -9999 -9999 -9999 -9999 -9999 -9999 -9999 -9999 -9999 -9999 6.58121457901 6.37457067338 6.37934163507 6.03352727228 6.23030430174 5.32607792129 5.46198187434 4.67728902774 4.00956780927 1.36311046375 3.42764800618 4.5838876931 4.35004987127 3.07313812246 3.47973382631 3.19182918357 3.56817448481 3.36523136414 3.83634739431 3.94985393836 3.80648311814 3.05140924118 3.02923356319 3.7612876438 3.59604888039 3.42216956112 3.34423848968 2.48462409195 2.52594686038 1.39398638719 0.724453693167 1.3868393607 1.6844441618 2.11622646914 1.24520912533 1.41676694594
-9999 -9999 -9999 -9999 -9999 -9999 -9999 -9999 -9999 -9999 -9999 -9999 -9999 -9999 -9999 -9999 -9999 -9999 -9999 -9999 -9999 -9999 6.4542742551 7.14210005174 6.13547983608 5.52461424479 4.76234090899 5.49225674914 4.81303154997 4.70350988969 4.50822435392 4.75478844743 4.23266897055 4.34701615053 4.72024694569 3.86317802369 4.1190782833 3.91440091847 3.9622996035 3.76202600819 3.83385020365 2.63710328211 2.92803782923 3.67867756657 2.36641452624 2.13459317854 1.8887195383 2.50592665451 3.27438276033 1.84770496824 0.593505569881 0.992668757617 3.88282885261 2.88594292856 1.27639187473 1.03460260263 1.24578110996
-9999 -9999 -9999 -9999 -9999 -9999 -9999 -9999 -9999 -9999 -9999 -9999 -9999 -9999 -9999 -9999 -9999 -9999 -9999 -9999 -9999 -9999 6.65409491385 6.49167136476 5.89301333528 6.12514686519 5.34064659066 5.22721036404 5.06940924324 5.20160456622 4.7599067205 4.87814108601 4.86827952995 4.6350011403 3.92905780955 4.87871292003 3.87518942118 3.76278817795 4.34898002008 4.18620177975 2.99655779281 3.90167873495 2.98059504446 2.3627937375 2.19590613952 2.81676291295 3.61132760524 3.57151698616 2.18254120848 1.99556504438 1.500636372 2.17588626772 2.3883192895 3.92874863111 2.79889750406 2.56803757801 1.99107029086
-9999 -9999 -9999 -9999 -9999 -9999 -9999 -9999 -9999 -9999 -9999 -9999 -9999 -9999 -9999 -9999 -9999 -9999 -9999 -9999 -9999 -9999 6.36403519271 6.77507183854 6.57285336585 5.85801377775 5.3688884578 5.91967306312 5.25307547091 5.6454592634 4.94932581341 4.4366222885 4.11487212385 4.45052243457 4.79895569593 3.59921441808 3.6145904883 4.54004865647 4.09752283991 3.79447705917 3.92074956316 3.20773889287 2.39469979051 3.00456600108 3.65173559117 3.45573116247 3.50936712297 3.10488019505 2.53765085206 2.54279138476 3.26341604573 2.73848765425 3.29006326486 3.57087214328 3.8710615186 4.06171359553 2.81594459972
-9999 -9999 -9999 -9999 -9999 -9999 -9999 -9999 -9999 -9999 -9999 -9999 -9999 -9999 -9999 -9999 -9999 -9999 -9999 -9999 -9999 -9999 -9999 7.10814404751 6.96368890496 6.02628184593 5.07474905976 5.88505517256 5.22100379586 5.40823633947 4.98735900992 5.36199343873 4.99622905493 5.45450744907 4.32701955641 4.69915480202 4.84141675454 4.3445316055 3.07145299511 2.89964203338 2.2548787643 3.02564937024 3.87432295179 3.90570287859 3.46507933305 3.11389133394 1.88276604423 1.71101931914 1.71786163162 1.88763777668 1.49932136971 1.96977318619 2.36878646535 4.22955718833 2.98965148247 1.85188139801 2.75526737381
