data/recharge/transience/recharge150.asc
ncols                  80
nrows                 72
xllcorner      4374000.0
yllcorner      5656000.0
cellsize            500
NODATA_value       -9999
[rows 0 to 24 of 72, columns 0 to 56 of 80]
-9999 -9999 -9999 -9999 -9999 -9999 -9999 -9999 -9999 -9999 -9999 -9999 2.6646905886 2.75692609303 -9999 -9999 -9999 -9999 -9999 -9999 -9999 -9999 -9999 -9999 -9999 -9999 -9999 -9999 -9999 -9999 -9999 -9999 -9999 -9999 -9999 -9999 -9999 -9999 -9999 -9999 -9999 -9999 -9999 -9999 -9999 -9999 -9999 -9999 -9999 -9999 -9999 -9999 -9999 -9999 -9999 -9999 -9999
-9999 -9999 -9999 -9999 -9999 -9999 -9999 -9999 -9999 -9999 -9999 -9999 4.29065165381 3.25987641556 2.83694060082 -9999 3.15358988099 -9999 -9999 -9999 -9999 -9999 -9999 -9999 -9999 -9999 -9999 -9999 -9999 -9999 -9999 -9999 -9999 -9999 -9999 -9999 -9999 -9999 -9999 -9999 -9999 -9999 -9999 -9999 -9999 -9999 -9999 -9999 -9999 -9999 -9999 -9999 -9999 -9999 -9999 -9999 -9999
-9999 -9999 -9999 -9999 -9999 -9999 -9999 -9999 -9999 -9999 3.3248172029 3.31000989088 3.87295202556 4.00345965814 3.10859057908 2.86962413049 2.49817477123 2.57967753109 -9999 -9999 -9999 -9999 -9999 -9999 -9999 -9999 -9999 -9999 -9999 -9999 -9999 -9999 -9999 -9999 -9999 -9999 -9999 -9999 -9999 -9999 -9999 -9999 -9999 -9999 -9999 -9999 -9999 -9999 -9999 -9999 -9999 -9999 -9999 -9999 -9999 -9999 -9999
-9999 -9999 -9999 -9999 -9999 -9999 -9999 -9999 -9999 3.20193731644 3.32448189959 3.26106404015 3.25198889466 3.45912119225 3.25511822499 3.11644986677 2.99107596868 3.5429139088 -9999 3.7341148764 -9999 -9999 -9999 -9999 3.36476500253 3.46654592652 -9999 -9999 -9999 -9999 -9999 -9999 -9999 -9999 -9999 -9999 -9999 -9999 -9999 -9999 -9999 -9999 -9999 -9999 -9999 -9999 -9999 -9999 -9999 -9999 -9999 -9999 -9999 -9999 -9999 -9999 -9999
-9999 -9999 -9999 -9999 -9999 -9999 -9999 -9999 4.70325655954 4.01494273551 3.34748691579 3.1919761684 3.14817931108 2.86858414715 3.03136613156 2.84933299909 2.90740003087 2.7216454135 2.65154521922 2.90757415922 2.93232729745 3.15827190062 -9999 3.04651813633 4.03634888387 3.8830268767 -9999 -9999 -9999 -9999 -9999 -9999 -9999 -9999 -9999 -9999 -9999 -9999 -9999 -9999 -9999 -9999 -9999 -9999 -9999 -9999 -9999 -9999 -9999 -9999 -9999 -9999 -9999 -9999 -9999 -9999 -9999
-9999 -9999 -9999 -9999 -9999 -9999 4.14141886698 3.48208315554 3.38023973109 3.56822711553 3.89819532114 3.97259309127 3.58408980469 3.34820951539 2.96859963623 3.26012050294 3.01937889594 2.84804086361 2.8951491587 2.86161721454 2.82195273949 3.04243192348 3.15582097913 3.08387291906 3.29577908435 3.1564901054 3.43723696351 -9999 -9999 -9999 -9999 -9999 -9999 -9999 -9999 -9999 -9999 -9999 -9999 -9999 -9999 -9999 -9999 -9999 -9999 -9999 -9999 -9999 -9999 -9999 -9999 -9999 -9999 -9999 -9999 -9999 -9999
-9999 -9999 -9999 -9999 -9999 -9999 4.25538830418 3.8086326671 3.17166451212 3.04203224748 2.91265173528 3.01000181785 3.04885256607 2.89639029015 2.80220012987 2.45195172424 2.63395669414 2.07529329745 2.60328840234 2.39083475278 2.56392603853 3.096562692 2.80267379081 2.99204192451 2.93816075118 2.69229809417 3.44821271111 3.47905211749 3.47399030663 3.21646724617 4.22381066715 4.15944465979 -9999 -9999 -9999 -9999 -9999 -9999 -9999 -9999 -9999 -9999 -9999 -9999 -9999 -9999 -9999 -9999 -9999 -9999 -9999 -9999 -9999 -9999 -9999 -9999 -9999
-9999 -9999 -9999 -9999 -9999 5.01674467615 4.43000616503 4.3402779043 4.05581979227 4.3309426704 4.13021447787 3.64494264114 2.97284291972 3.11085932194 3.13842707539 3.16248686677 2.1218770993 1.42635774965 2.447211757 2.46161935977 2.58264626289 2.4578056427 2.60224291739 2.71981152506 3.0747523388 3.28192596709 3.33855462636 3.05103012753 3.28811008284 3.1842995869 3.15201461148 3.38416921198 3.0533877891 2.89325228282 -9999 -9999 -9999 -9999 -9999 -9999 -9999 -9999 -9999 -9999 -9999 -9999 -9999 -9999 -9999 -9999 -9999 -9999 -9999 -9999 -9999 -9999 -9999
-9999 -9999 -9999 -9999 -9999 5.17099428562 4.71507752833 4.7525090281 4.22082951846 3.86748113457 3.80567722836 4.08551511298 2.27941356104 1.90859915514 3.95161699609 4.41139098255 2.67338657001 1.04624638413 1.74391729261 2.04587837965 2.60722506738 2.7194374189 3.08314942548 2.9269249361 2.71341604997 2.36634796947 2.85188562325 2.50887072637 2.68622774353 2.54827595139 2.41937322758 2.59962348771 2.88576029551 2.70690602844 2.86482816947 2.67934087652 -9999 -9999 -9999 -9999 3.05985081686 2.70131457756 -9999 -9999 -9999 -9999 -9999 -9999 -9999 -9999 -9999 -9999 -9999 -9999 -9999 -9999 -9999
-9999 -9999 -9999 -9999 -9999 4.76551136669 4.39609348703 4.49842267176 4.45340523618 4.76087431369 4.42836831875 4.20079865181 3.83634687827 4.29608880134 4.3636594111 3.67278476699 3.3292486622 4.10671100755 3.56056542306 3.81469249836 3.16102321562 2.56948970193 2.40945507415 2.27426709413 2.61818180547 2.61161093156 2.72856221846 2.36849100973 2.90717767373 2.27507712556 1.29262622214 1.94948153857 2.83191835344 2.79744807579 2.76514832172 2.83751094304 2.80272431573 -9999 -9999 2.85262728615 3.15671130177 2.99588344587 3.4431332293 -9999 -9999 -9999 -9999 -9999 -9999 -9999 -9999 -9999 -9999 -9999 -9999 -9999 -9999
-9999 -9999 -9999 -9999 -9999 -9999 5.41597470054 5.83365470571 4.86236098881 4.60664023922 4.04579097315 4.46492571123 5.00863024127 5.82008586743 3.40694358452 3.04675302499 3.31855946477 3.2080247751 2.77452661602 2.70772227785 2.83502118639 2.99072379689 2.73182627447 3.01645550145 2.63031530919 2.30185893693 2.08383592029 2.38588764333 2.22159777176 2.16272287246 2.0446011024 2.46933641304 2.42392215446 2.39391579771 2.59185105306 2.54015671793 2.63435833795 2.47896549293 2.69158262458 2.5828983502 2.58611078631 3.23783443032 2.67230483069 2.3549772193 -9999 -9999 -9999 -9999 3.58693842112 3.17098862009 0.604535254536 -9999 -9999 -9999 -9999 -9999 -9999
-9999 -9999 -9999 -9999 -9999 -9999 -9999 5.18900181534 4.40675497467 5.06855440218 5.01697164649 4.50790161789 4.09620293567 3.57883402227 3.56052986353 4.37137717697 4.08903105667 3.94083665364 3.83433622635 3.17073474598 2.61802249254 2.6372195082 2.54495976388 2.58491118073 2.35539136122 2.04617807985 2.26584038451 2.2528677518 2.23528078624 2.09424925302 2.3063079736 2.24955673681 2.47821630159 2.2276400614 2.62866739873 2.60190153005 2.89206680436 2.81015877634 2.61477282949 2.60504560757 2.34239652377 2.36285578248 2.81745771727 3.22163959656 3.01429785118 3.24065293081 3.50889279929 3.09374299926 3.08313785749 2.68210046579 2.15854762606 1.45109497711 -9999 -9999 -9999 -9999 -9999
-9999 -9999 -9999 -9999 -9999 -9999 -9999 -9999 4.14321105123 3.84986576551 4.35356353099 4.85982291916 4.44355809618 4.85400436098 4.65507024159 4.156878565 3.18499158024 3.20815666532 2.67390516697 3.04690545571 3.85281246919 3.67298689181 3.73473294041 5.0460188511 5.05711173086 4.71777045601 2.34372901363 1.97518182876 1.71936732222 1.49026753508 1.84805517946 1.92207617488 1.96767771886 1.88534519363 2.08698361789 2.16905022146 2.28008355655 2.41665695824 2.22965298416 2.25715156734 2.59642732474 2.75783292133 2.98557085792 2.78132583121 2.78848276153 2.59354068792 2.81614481884 2.55913681778 2.47028116683 2.15896005207 1.91301849536 2.0246554641 1.69005279854 -9999 -9999 -9999 -9999
-9999 -9999 -9999 -9999 -9999 -9999 -9999 -9999 5.07403047403 4.41574364105 4.00234148926 4.03559734739 3.92464429145 3.89269933055 3.37837833834 3.28423298252 3.13331324272 3.36531141849 3.05245221458 3.32831436281 3.62842734355 3.57790894431 4.88014873479 6.9507396651 5.99995000587 4.79902511943 4.88771983592 2.82213924892 2.02065189052 1.69153278315 1.5222645059 1.74039425141 1.63402810145 1.79531606428 2.05472761113 0.710650877924 2.54449512899 2.30112061496 2.22097846542 2.1649118693 2.16467959444 2.49365995181 2.8279050923 2.81422256003 2.60478243663 2.58047041186 2.78763512646 2.61137812758 2.47234954613 2.01996782857 1.99594324508 2.0090997374 1.91425762685 2.14757903974 1.77895955884 1.96368892297 -9999
-9999 -9999 -9999 -9999 -9999 -9999 -9999 -9999 -9999 5.60581502885 4.82121738527 3.82614250399 3.92177712082 4.11224046856 3.85254543024 3.91892984939 4.3734076503 4.63033931209 4.65363695587 4.67205072162 4.2169231616 3.23716955832 3.65690921762 8.29685204291 7.15708578334 6.1522453005 4.68620397584 4.16688100378 2.08455397112 1.65075059368 1.65361911456 1.73108765483 1.71672313675 1.47639432948 1.55956376076 1.3941207306 2.0792189518 1.91511334467 1.82871921127 1.85786972069 1.824166239 1.98836044404 2.46438504999 3.21128851257 2.64355842464 2.24410382778 2.09028093841 2.03941326281 1.58325017972 1.47294656 1.55087103008 1.47925952562 1.51784571747 1.62753985265 1.82366418848 2.04324636905 1.96725987051
-9999 -9999 -9999 -9999 -9999 -9999 -9999 -9999 -9999 -9999 4.25417379707 4.32171795173 3.80903541344 4.01482544323 3.54602361417 3.25855015834 3.40271809946 4.29240180474 3.72306557622 3.1679960774 2.91928853575 2.88535684621 2.37896611915 3.65617571757 5.34609257173 6.19018132553 5.53751015635 4.73556793594 3.87302479641 2.47931982102 1.55610541821 1.56789599619 1.81409910964 1.63111677125 2.07522630311 1.84132855009 2.0046813437 1.91719252321 1.85111664259 1.86782553854 1.95980729746 1.95021654417 1.96011466723 2.75095547677 3.47532731133 3.33834675114 3.05521848548 2.31474515572 1.7685088548 1.7072354014 1.86318095516 1.76990848806 1.48769188166 1.63442775745 1.45571471957 2.13072380796 1.93916906354
-9999 -9999 -9999 -9999 -9999 -9999 -9999 -9999 -9999 -9999 -9999 2.0866805125 2.13609141023 3.61658863754 3.38737221613 3.10546304735 3.42817539289 3.37691849493 2.74297592479 2.84623888904 3.03940127478 3.0506192583 2.50794110074 1.97334510793 2.32665944143 3.25255798958 4.51645203712 5.70928734523 4.91507430516 1.35411209602 1.90587485661 1.59727143276 1.4850289142 1.60964593518 1.61965324013 1.40834733468 1.61654378578 1.59815949146 1.7152753931 1.71453942482 1.93404697226 1.74392383205 1.82887088071 1.86968201202 2.25871325115 2.18858689726 2.42501244859 2.81938933508 2.06771805379 1.57800525582 1.41707584633 1.68461109089 1.66891517691 1.3938499383 1.14597054362 1.20454868266 1.4226237762
-9999 -9999 -9999 -9999 -9999 -9999 -9999 -9999 -9999 -9999 -9999 1.58824381164 2.32172117592 3.13443747881 3.39980484628 3.31732884329 2.88307012187 2.6497583386 2.65315067529 2.69056150569 2.63515722481 3.05953961818 2.27983447382 2.24312998384 2.02086006756 2.42414395077 2.73839213511 3.72498798137 4.1274383109 3.29804383719 4.82702973887 4.89505097113 3.21026957892 3.25743303163 2.38371662859 1.52609339425 1.60501904913 1.65031269951 1.64478003742 1.61640294963 1.76501509961 2.15354548608 1.69203293914 1.71287127 1.89093948532 2.67547225766 3.47197866807 3.88314579556 3.66612845335 2.63807941749 2.99216864957 2.73526355261 2.06731069455 1.78501733362 1.60871641171 1.35286923411 1.2100011045
-9999 -9999 -9999 -9999 -9999 -9999 -9999 -9999 -9999 -9999 -9999 4.70337973022 4.15244834179 3.86629289671 2.75670891523 3.19137008267 2.78337223451 2.12724904309 2.01132046671 2.19685873832 2.15770712078 2.22575650128 2.11554285574 1.80115703176 1.49206729057 1.40983709698 1.31463713779 1.26972138531 1.38798974066 1.77650591917 2.5968194543 4.34320600356 5.90910684115 5.3531781825 3.06660872409 3.10223706419 3.5560901604 2.60559155401 1.45796389531 0.821003796532 0.756914701527 1.76615743182 2.12015851887 2.45118394199 2.6380229769 3.27276193296 3.03730349409 2.74782328356 2.77385152582 2.88862905471 2.45901482003 2.7390433925 2.85295825992 3.06502047255 2.13765160772 1.11824305267 0.906323159771
-9999 -9999 -9999 -9999 -9999 -9999 -9999 -9999 -9999 -9999 -9999 -9999 3.18017651471 3.65160643367 3.38377336185 3.04031400302 2.88677169385 2.68780873088 2.23521314356 2.29810880042 2.2565030441 2.08066434346 1.99697283475 2.0771489205 1.53345566264 1.58744324245 1.35471544872 1.42977796911 1.3308723155 1.23289340749 1.26105321156 1.35794846771 1.48872970203 2.31095567753 3.17394968858 0.488703914931 3.51056068902 3.22715238646 2.70584897352 1.55517269314 1.81330851531 1.81163882811 2.69590309348 3.1453542159 3.35834305721 3.18777156964 2.81757246408 2.78261273227 2.20885048869 2.51473169378 2.43622513016 1.98548144769 1.71725745329 1.71529571547 1.67386058122 1.17303357397 0.345294402354
-9999 -9999 -9999 -9999 -9999 -9999 -9999 -9999 -9999 -9999 -9999 4.07918687524 3.86845225416 4.22481572445 4.2687700375 1.96407766204 2.08952861415 2.76321322911 2.29167027664 2.2635745487 1.73788136759 1.69410585701 1.4622849254 1.5214779352 1.50371665458 1.46567402249 1.20807086939 1.12188366552 1.13926259482 1.07578674784 1.02330728726 1.09052255218 1.03574018406 1.01579417487 1.17872058783 3.14519203996 3.77985036225 2.85232355301 2.62163630603 1.42100486165 1.57812327569 1.55064143253 2.37157720964 2.95106117817 3.76699437794 3.75733758609 2.92873799345 3.40513361815 2.81851425503 2.84246616797 2.16990736144 1.46813115052 1.32052469784 1.33237682315 1.24027237049 1.38283849013 1.97680782777
-9999 -9999 -9999 -9999 -9999 -9999 -9999 -9999 -9999 -9999 -9999 4.31189089036 4.95758901077 4.76073167373 3.53642758671 2.14667875062 2.97192925837 2.9302401036 2.26228226128 2.35652422675 1.69823268251 1.77744184857 1.6325640115 1.67850978942 1.62468892425 1.68967924791 0.665694394288 0.832713078383 1.2626834624 1.86153665473 1.65964803294 1.12923709624 1.00453315664 1.01719354908 1.12821835294 1.85347857213 3.18114731043 3.90881009588 3.16045172992 2.22542498518 1.37331602465 1.76295416947 2.11584970609 2.06956120409 2.21957960442 2.09331370144 2.42406561124 2.56635362594 2.43422805869 2.70483230901 2.0432975775 2.17848909466 1.9594375501 1.82637595957 1.7243432623 1.58176622448 1.19670600595
-9999 -9999 -9999 -9999 -9999 -9999 -9999 -9999 -9999 -9999 -9999 5.40714633767 5.18370703457 4.47738359365 4.41436837199 4.30867337191 2.9992835464 3.30901369023 2.85269810816 2.88690980908 1.43920464708 0.71279425542 1.89038276907 3.14206313147 2.62963936255 2.62794312929 2.59171162178 2.0965145003 1.51540789626 1.16777667899 1.18506864344 1.66456145811 1.77195951872 1.59321022548 1.22069586168 1.74665133139 2.24777525832 1.87773547479 3.07384085857 1.74828446353 1.5784973167 1.7400982697 1.69322114805 1.37682274407 1.33823135822 1.36585825622 1.5953685774 1.64007011931 1.42134205998 1.29455493935 1.46234785192 1.67175707655 1.32712103242 1.25806748598 1.15839488412 1.41885050011 1.65882724709
-9999 -9999 -9999 -9999 -9999 -9999 -9999 -9999 -9999 -9999 -9999 -9999 5.37170242595 5.03928475231 4.09965617632 3.94296961177 3.67397765218 3.63249603989 2.84788304954 2.95906898655 2.7442960518 3.07250028711 2.61556798562 2.48500855664 2.44578345251 2.40495189195 2.02908811821 2.15155018901 1.97000629094 1.72147679239 1.50072844411 1.17461172431 0.902769024423 1.02082472163 1.06678050692 2.66391717421 2.53126347024 2.24465293098 3.2278414416 2.47556400944 1.47587186617 1.26878644809 1.45485242933 1.40246440316 1.46976326304 1.46496712794 1.37718025162 1.4856068041 1.26097563204 1.22725486743 1.03429661378 0.380897964774 0.453899301826 1.47134926076 1.36549946897 1.28065716904 1.13261958771
-9999 -9999 -9999 -9999 -9999 -9999 -9999 -9999 -9999 -9999 -9999 -9999 6.05890799744 5.00486961838 4.37827242312 4.27304013547 3.48987624083 3.71509462439 3.29070261618 2.8034482318 2.65724895037 2.34406329918 2.48450969777 3.42566742312 2.79591511426 3.06278248414 3.24446857051 2.9253677611 2.44157488585 3.00649363707 2.52192165569 2.63514707199 2.2005159801 1.97585119226 2.2957887709 2.90912232482 2.65765598426 3.12758032956 3.95988548201 2.7607213667 1.8296619576 1.13331915093 1.01481767543 1.00271843994 1.09933710328 1.13881479915 1.05654840041 1.07250910536 0.923970818876 0.936486770823 0.879401472345 0.648586780296 0.79589745656 1.06694435999 1.05303182903 1.31992560459 0.841880858573
