data/recharge/transience/recharge214.asc
ncols                  80
nrows                 72
xllcorner      4374000.0
yllcorner      5656000.0
cellsize            500
NODATA_value       -9999
[rows 26 to 51 of 72, columns 0 to 56 of 80]
-9999 -9999 -9999 -9999 -9999 -9999 -9999 -9999 -9999 -9999 -9999 -9999 -9999 21.6108081746 21.7926376758 22.0368020089 20.0721915905 20.194240826 18.2215019678 17.5912760333 16.6173586722 16.8729222082 17.8005887131 16.0147462624 15.02971367 12.9376152327 11.763171977 9.69217208799 9.7327214153 10.4621843926 8.97288603996 8.47071689887 9.6608863441 6.46226248543 5.05662938136 3.27557417103 6.24825965994 6.16795280745 6.62347577829 4.98345455004 4.4323338836 5.36237705458 3.43803076054 4.88188952117 5.59601918228 6.79717628988 7.75364093091 7.46399552989 5.24377093594 3.340618107 2.622959452 2.76920125344 3.03081721682 3.66746941796 2.67215575771 2.38335511207 2.33273154908
-9999 -9999 -9999 -9999 -9999 -9999 -9999 -9999 -9999 -9999 -9999 -9999 -9999 -9999 20.4127646038 20.3749565825 19.3715767358 19.1358538478 18.0847815131 18.6887176002 16.6736070149 18.0189565049 16.9819509738 15.2514450556 13.3207950704 13.0863657373 13.7862145771 14.136526629 10.837032698 9.01605665455 9.30325356215 12.1740818704 11.7912035008 9.75307389894 6.14869954595 4.71940018515 6.46190198964 5.45118556563 5.23539882639 4.6055389577 4.76080953699 4.69660059059 5.28062985445 3.97222992118 2.97776041424 3.45415883934 2.89211892535 2.73965993332 2.62848628688 3.15222628441 2.94211614695 2.2470373212 2.12504053681 2.85406410126 2.91180015998 4.96697109233 6.16855233668
-9999 -9999 -9999 -9999 -9999 -9999 -9999 -9999 -9999 -9999 -9999 -9999 -9999 -9999 6.45385965733 14.4016645406 19.0690152726 19.2957779527 18.661266341 19.1462328829 18.6607820468 18.3033758819 16.2112156679 18.2173120399 17.2799351204 16.7800920701 13.0594664786 12.4915621461 13.9451074042 14.3958304341 11.9918627733 7.3815101382 11.0468676468 11.8142166012 6.67930604968 3.59674612807 5.7656367496 4.22296463189 4.42188289575 4.67079664659 4.20522954317 4.6452122189 4.48462407785 4.9224558641 4.1250306201 3.33881945314 2.15731014848 2.5213347865 2.93028416069 2.65854108315 3.47349243203 3.98812972839 4.4015110193 5.26836450883 4.62889689716 4.81538754237 8.60318825199
-9999 -9999 -9999 -9999 -9999 -9999 -9999 -9999 -9999 -9999 -9999 -9999 -9999 -9999 10.8955941703 16.1738104349 20.8157918122 19.5621685099 19.2567176435 19.2138627806 17.6941874624 18.423064288 17.8375929094 17.4349065495 15.3969077875 14.5673111812 14.2216472698 14.936071483 12.1650296411 13.3609692942 12.4297062348 12.6333848929 10.7643221535 11.5526683881 10.1194531168 3.10014635227 3.60659304888 4.94427774609 2.68641194289 4.07048616869 4.00615242399 4.61738348369 4.0186524945 4.12963173569 3.08174289487 3.4216280677 2.58985065586 3.52544721121 6.23626199109 6.81010934742 5.3318336879 3.0094333726 4.88112527466 4.50658719838 3.67028015054 4.17191968096 3.89875829037
-9999 -9999 -9999 -9999 -9999 -9999 -9999 -9999 -9999 -9999 -9999 -9999 -9999 -9999 24.0577364013 22.9935282397 22.4461478765 21.8725644911 20.9851108968 21.9742207185 19.8637303076 19.246204726 18.5757633374 17.6414600145 15.2575115974 15.8752176316 14.0440901609 16.3667191293 14.0247532261 13.5243657318 13.1518229268 14.2546920688 12.974089098 7.23954314283 3.40005321524 3.43744414294 2.94511839855 5.66597770174 2.41952121564 3.28177578264 3.60256449392 3.46053363232 3.17462474976 3.43777593393 2.82430082178 2.83718001397 4.54155055649 5.11440156748 9.18944599543 10.1314059869 7.57996166623 8.60505797861 5.68734570102 6.06101505762 5.41283470014 4.39642931882 4.93486292871
-9999 -9999 -9999 -9999 -9999 -9999 -9999 -9999 -9999 -9999 -9999 -9999 -9999 -9999 -9999 21.8954454118 21.3830991595 20.1222614218 20.4623731106 19.7213847784 17.5331189252 18.2174479297 18.161940112 17.8061829509 15.1775736079 15.6351067579 13.8871802917 14.1816140816 9.74173600158 13.614316464 11.1586804357 10.9683769468 10.0299605558 7.01660316361 3.68368315572 3.71825063518 3.37360023255 3.30501275487 3.09220821648 3.03932651657 2.4450557167 3.32464507955 1.45712026869 1.80399288715 2.43404716686 1.93739518167 1.81667012757 2.12489003471 2.74619418684 3.41424769916 2.85182825287 2.52471688261 4.00972368378 7.04155957149 6.58064027311 6.47727744223 5.30252946108
-9999 -9999 -9999 -9999 -9999 -9999 -9999 -9999 -9999 -9999 -9999 -9999 -9999 -9999 -9999 -9999 21.5324860732 20.1265418212 20.3002912268 22.0398428317 21.6152621108 20.4326992377 18.0786892391 16.710729907 16.2802144099 15.7298651907 14.0823263713 14.0133078563 9.56138284504 13.7744039702 12.7049289506 10.6882975253 7.18353897954 4.82627266999 3.54135541656 3.90799676324 3.72740238116 4.0186671484 3.85967887441 4.82942331547 10.5645786224 9.87686381692 7.79184124213 3.72241534332 1.85234984436 1.23983769 0.951442230761 3.32474617363 2.84013072926 2.16201917808 3.0227482584 4.9068454394 3.47107554127 2.823895569 3.26696166695 2.88364190686 2.64754227161
-9999 -9999 -9999 -9999 -9999 -9999 -9999 -9999 -9999 -9999 -9999 -9999 -9999 -9999 -9999 -9999 21.7795230185 22.0829819382 22.4355818571 21.7482380923 19.4987600346 21.0386817034 18.8538083891 16.9451049977 16.1928261177 17.1294951881 14.8562931929 14.9848571862 9.39407717484 12.865787065 9.57416396909 7.32450555961 8.09820399444 6.15343544064 4.51385924089 3.74270157742 4.63012821174 4.12415051193 3.80162670912 3.6477348525 7.67254907628 5.60094124818 8.40391496884 8.60504577377 5.58206579335 3.72737200475 4.10079263115 3.58248117243 2.08072006809 2.6880920939 3.74654985305 3.96928500197 5.3164474266 5.73113609936 6.98265073803 4.75269714788 2.67446942583
-9999 -9999 -9999 -9999 -9999 -9999 -9999 -9999 -9999 -9999 -9999 -9999 -9999 -9999 -9999 18.5993285821 19.0444489431 20.1093902171 21.5708326241 21.273728729 20.8248657522 20.5649138921 18.6996311069 17.4361616006 15.6159905748 16.3569187665 15.1781048409 15.2410788113 12.2151940747 14.7684823988 12.9256868065 13.2437926466 12.9138066767 10.8273873639 7.62085405307 8.1204951468 6.91009461196 6.16279588174 4.96603891924 2.89171145504 5.73955127986 6.24890934732 4.28164807134 4.19357675707 4.61991359312 3.31155730342 2.84874518225 3.54941717899 3.35741163597 4.16777483654 3.09152641577 2.3717952991 2.58503117429 2.92434614612 3.14909877745 3.25280546137 3.76897866923
-9999 -9999 -9999 -9999 -9999 -9999 -9999 -9999 -9999 -9999 -9999 -9999 -9999 -9999 19.7756690792 19.5891478227 19.4433325858 17.2728073051 19.377000743 20.6546195588 19.6359041625 20.5686502077 17.9655703164 18.3542913474 15.6479884868 15.1012465493 13.8552687139 14.0623024226 13.528256096 13.5183310114 11.6591730397 11.9076473657 9.73277321205 9.50079983591 8.19272893307 10.7504392851 7.95718066645 5.5375543149 2.6442736762 5.57810985462 5.81462621763 3.31204162252 2.89369419075 3.28420478828 2.28315417358 1.83943382879 3.93540545596 3.65611677627 3.98258340451 3.15568021816 2.69913843378 2.67020211604 2.80234121251 2.73074296027 2.48690654899 2.66930734607 2.93434822034
-9999 -9999 -9999 -9999 -9999 -9999 -9999 -9999 -9999 -9999 -9999 -9999 -9999 -9999 21.0625022011 21.8676453014 21.2892372957 17.3819575366 15.2889194701 16.3677556476 18.0739917887 19.55465068 18.0987673164 18.6721422353 15.8585375773 14.2931865334 12.3146103737 12.5450174108 11.7249303738 13.9032386322 13.3136409773 13.5071235221 10.9294322912 10.0125463633 8.20021117453 11.2602664793 10.8999289036 12.8629727589 8.00985505367 8.20335759307 10.2118046168 9.53305180146 4.49347649992 4.03999197309 3.68983787573 1.91275098176 3.72512056336 5.63178738839 5.88497870563 7.07728243095 6.86623263091 6.79696203977 4.82645021416 4.10677062777 4.74394001404 4.49653382003 3.21893460406
-9999 -9999 -9999 -9999 -9999 -9999 -9999 -9999 -9999 -9999 -9999 -9999 -9999 -9999 -9999 -9999 21.4967509458 19.9904253245 19.7905322352 19.5938441187 18.2824447257 18.6010986932 19.3998384833 19.4415276028 16.4813420365 14.3298817424 9.16535577953 9.73545960867 8.25246396083 11.1848750458 12.2599513711 10.9580937594 10.1654346379 8.80409189521 9.28405337888 9.36406822426 9.7668789706 7.45604225019 10.4695937803 10.2316361567 6.25628893797 5.7877074619 8.29247359928 6.64467872342 2.47803622732 3.07773259477 2.75279890738 2.50080126762 3.66782207578 4.72341463103 4.43958480218 4.61006678892 3.99882206343 3.38902201112 2.25114486718 2.40647130789 3.60690001332
-9999 -9999 -9999 -9999 -9999 -9999 -9999 -9999 -9999 -9999 -9999 -9999 -9999 -9999 -9999 -9999 20.8983459855 20.4457672366 20.3874182859 17.7757245137 17.7760778175 18.4591260412 17.3234907166 18.0531958092 17.9076573104 15.641591864 12.9790158129 12.4742208014 10.9896523803 12.1111227892 13.081097563 12.5567679973 10.6714552533 9.48619522235 7.04406327824 7.56489249727 7.92713637673 9.19725702329 6.16698777811 5.25385170921 6.52607467915 8.39105096016 5.77960181192 7.35171187081 6.85990687495 2.84478966359 1.22457140291 1.99175401168 3.39912875586 2.62247902092 2.03918781534 2.07761192975 1.67221499521 1.94617090861 1.87589908642 1.89195518127 1.7320494959
-9999 -9999 -9999 -9999 -9999 -9999 -9999 -9999 -9999 -9999 -9999 -9999 -9999 -9999 -9999 -9999 -9999 -9999 20.517384796 18.8323262 16.5346793272 17.6669883487 18.7597089869 19.5447332907 17.3026521777 16.5873247975 12.0184033921 11.7086271237 10.9475982721 11.5056117388 9.39471921786 8.31906886209 8.13851235082 9.00042130137 6.91331209559 8.57421113041 8.52152764683 6.30489089552 5.85467791372 7.35373235331 5.49036203077 4.87971404819 4.49963958978 4.46582356085 4.04068698302 3.76810859481 1.62230680059 1.70277264448 2.39011697037 1.96008529456 2.24296041115 2.44012428607 1.71094576406 1.7631792772 2.04901726772 2.2131368339 1.88930949633
-9999 -9999 -9999 -9999 -9999 -9999 -9999 -9999 -9999 -9999 -9999 -9999 -9999 -9999 -9999 -9999 -9999 -9999 -9999 17.2009677132 17.0711885526 17.7714241309 17.3127183716 21.7850930942 18.9470748023 18.2577728845 14.160756781 11.424398151 9.37379292581 9.00720023805 9.22924440089 9.18452237572 7.85553184678 7.62796901319 5.87074223777 5.03494353365 4.85950799256 6.95484209464 6.21733163171 6.86521923771 5.18737930812 4.73689352924 3.89134482646 4.84259797665 4.91593608863 5.14071425642 3.13501786417 1.59598795342 1.15308143941 2.59036180918 1.80573753881 2.21530550537 1.71842197518 1.69947539696 2.03977326772 1.93906168797 1.48218812634
-9999 -9999 -9999 -9999 -9999 -9999 -9999 -9999 -9999 -9999 -9999 -9999 -9999 -9999 -9999 -9999 -9999 -9999 19.6242277449 20.4969291995 20.4620964749 20.1878663173 17.6006462361 19.9734805119 18.6650673913 18.7929357949 15.8217776121 14.2234450582 10.8228773253 10.0168248438 8.11934209657 4.35773247163 8.54965909272 8.07834183088 7.22391799781 8.59569365713 10.181189405 9.76555344371 9.12628835195 8.51634583883 7.42643248378 5.18016113941 4.49327372102 4.14548232201 4.06673501538 4.23908903961 4.70924580408 5.79087872513 3.84890062208 1.74316037157 3.31876038077 3.77644308407 3.80231301225 3.76377005885 2.8223516221 2.47947527769 2.11903706831
-9999 -9999 -9999 -9999 -9999 -9999 -9999 -9999 -9999 -9999 -9999 -9999 -9999 -9999 -9999 -9999 -9999 -9999 -9999 22.2610016893 21.8205445758 21.2913484284 18.1611788783 20.4819755666 19.9610459958 19.7983437443 16.3025855895 16.2908172868 13.5156925421 15.6246489017 13.4372755098 13.397764446 12.947011997 9.16771465892 8.18916018762 6.8788783893 4.78454474648 4.01116632214 3.55959123467 3.55988196823 4.15982995798 5.65758585863 5.67900933596 5.59525585415 5.2068047898 8.67563011504 6.12715865272 4.63725333846 4.44579264494 2.77329963208 0.886382804742 2.93862763805 2.99767960115 2.26091560062 3.68492056976 1.28997485915 1.38776910198
-9999 -9999 -9999 -9999 -9999 -9999 -9999 -9999 -9999 -9999 -9999 -9999 -9999 -9999 -9999 -9999 -9999 -9999 -9999 -9999 20.0096384592 20.9443013508 18.2949132368 19.8335218229 18.1622127295 19.4238751851 15.9310300576 16.733152565 17.8529690322 16.6027181221 14.1287876579 13.5765339065 10.4725474527 9.08389256911 7.5427864679 8.89730085175 7.55262450348 8.4629222497 8.37063522676 7.63615840682 5.78426080747 7.55610102782 7.37172124149 6.45265193614 8.14414882037 7.12954753707 5.89536019203 6.64157603196 5.61085650257 5.14246450926 3.79292905555 2.1056808192 0.956935177197 1.78639171286 2.76756888951 1.46966534686 1.48767802348
-9999 -9999 -9999 -9999 -9999 -9999 -9999 -9999 -9999 -9999 -9999 -9999 -9999 -9999 -9999 -9999 -9999 -9999 -9999 -9999 -9999 20.5167398878 19.2906316257 19.6303761789 17.7243778728 16.6516293867 15.9090944044 17.4734143284 16.0191982347 15.0340459746 14.8912552658 15.8680681264 11.6055584804 7.46949618322 12.2078771959 11.2966615549 9.09574634309 6.57815044634 5.96053830902 6.73153483492 8.74950149547 9.18713558015 9.66777084062 6.79950269793 5.57580884165 4.22810016751 5.21808946492 5.75150273699 5.61841050641 6.85693194912 6.39926081894 5.31398748205 3.35153847133 2.09786457731 0.510874011424 0.72887935147 0.93027003292
-9999 -9999 -9999 -9999 -9999 -9999 -9999 -9999 -9999 -9999 -9999 -9999 -9999 -9999 -9999 -9999 -9999 -9999 -9999 -9999 -9999 18.7491899916 17.9834362011 18.0024802195 19.5207241695 20.5578372601 18.2055691835 15.8392847605 14.5819328189 17.4483104085 9.10541007785 15.8844522905 12.8380196198 10.6861159586 6.81679803071 8.04529171096 7.21569900373 6.97624845241 6.35984690361 7.91423194438 8.84560020213 8.49279831115 6.53231937962 6.20853689129 7.44333057015 7.06249393026 6.45386798255 6.28034310259 4.00694405379 4.43440513358 3.2878364442 2.02039408031 2.25096350796 1.02965634735 1.17532048591 0.574838839607 0.630882289415
-9999 -9999 -9999 -9999 -9999 -9999 -9999 -9999 -9999 -9999 -9999 -9999 -9999 -9999 -9999 -9999 -9999 -9999 -9999 -9999 -9999 -9999 18.5366359399 19.9851335365 20.92831411 20.3468920747 17.9881603826 16.4609536442 12.6397464941 13.7523171953 14.2954038638 14.8741319487 11.5222454557 10.8468116454 11.5458954023 9.37564316741 8.99333452517 8.38815606155 8.0798297354 8.05365833332 8.88945685339 5.95022418821 6.50081088338 8.32721393266 4.78339688258 4.2682077448 3.24193421603 4.12278678568 5.31340552822 6.18586196223 2.053054332 2.95753272223 5.98808695322 2.33733256624 0.624548067823 0.515932188614 0.601196898304
-9999 -9999 -9999 -9999 -9999 -9999 -9999 -9999 -9999 -9999 -9999 -9999 -9999 -9999 -9999 -9999 -9999 -9999 -9999 -9999 -9999 -9999 18.9701056245 18.6217769613 20.4254006076 21.4351233053 19.0211991035 14.8048389272 13.9490674847 14.3663849101 12.9649634868 13.2481875596 12.8482792989 11.5332394778 9.55552602203 11.933618282 9.24584634433 8.16698533909 9.46616037604 9.92195228318 6.80171670723 9.05711234183 6.62839179438 5.24421769941 4.73065049723 5.58761686023 6.39284018844 7.01879594673 4.12211896544 3.93996519468 3.31415715327 5.29443967679 1.62985030594 4.11129463284 2.13234262681 1.81374190581 1.10490806698
-9999 -9999 -9999 -9999 -9999 -9999 -9999 -9999 -9999 -9999 -9999 -9999 -9999 -9999 -9999 -9999 -9999 -9999 -9999 -9999 -9999 -9999 18.8755079431 19.7773230574 22.68029857 21.8166740066 19.4105825647 16.8742373335 14.351330735 15.9999647247 13.9246909235 12.6795767628 11.59695334 11.6485775325 12.1948092131 9.0929326292 8.96692890469 11.3592146694 10.133341495 9.33000280776 9.4111819061 7.60522881366 5.48462000282 6.90609593355 8.32204179135 7.67158198303 7.18391261566 6.23739150185 4.90028723821 4.90838822394 6.13092683845 5.10161362264 3.20922534108 3.67874771595 4.10210391043 4.44690955597 2.27192809983
-9999 -9999 -9999 -9999 -9999 -9999 -9999 -9999 -9999 -9999 -9999 -9999 -9999 -9999 -9999 -9999 -9999 -9999 -9999 -9999 -9999 -9999 -9999 20.4494848629 23.4075521379 22.1074044343 18.3936312153 15.5427749009 13.9591485924 15.4874810944 14.0178370828 14.8505111146 13.7122187979 14.294801804 11.0226055816 11.9516043561 12.085104204 10.8763610316 7.44889368998 6.82335131515 5.29568918975 7.15030459271 9.07192710968 9.14604484816 7.85370919961 7.00877588769 4.00916274523 3.57636716222 3.47466694941 3.75783708733 3.03047622898 3.78122512513 4.02499027555 5.21008274666 2.59907199415 1.33835486176 3.11132456432
-9999 -9999 -9999 -9999 -9999 -9999 -9999 -9999 -9999 -9999 -9999 -9999 -9999 -9999 -9999 -9999 -9999 -9999 -9999 -9999 -9999 -9999 -9999 18.0961547727 22.2007612315 21.915468158 19.7221511423 18.0450059689 15.4034510162 15.8142498608 15.4578676388 15.9215812952 14.1758386166 13.8400712661 12.2313279986 11.9262565038 10.7117620238 9.44542593122 8.56539489261 6.97582918921 10.7920478739 10.7296670378 9.96448806327 7.69920164703 5.67274252578 6.14467322391 7.03937319104 7.40152104486 5.85953473969 5.71593271631 6.40581417538 6.67362015311 4.41121393651 3.36167829794 3.32020640108 5.06886530929 3.52503388392
-9999 -9999 -9999 -9999 -9999 -9999 -9999 -9999 -9999 -9999 -9999 -9999 -9999 -9999 -9999 -9999 -9999 -9999 -9999 -9999 -9999 -9999 -9999 -9999 23.6650457458 22.2237340646 19.9106400661 19.8279292854 16.26621291 15.7804611391 14.1574018107 11.6518346232 14.5438412019 14.0702803423 13.715379607 9.75519462408 8.5279618788 11.4307048918 10.9413087149 11.4994477246 11.3817131205 7.45688390409 5.40055010632 6.93366313572 8.21840671555 7.54911043627 5.3922033622 6.68314695324 7.47001342794 6.32769761229 4.68244268609 3.41762608086 2.85681769132 4.40205718129 5.0375427981 3.68148652526 3.88234539524
