data/recharge/transience/recharge185.asc
ncols                  80
nrows                 72
xllcorner      4374000.0
yllcorner      5656000.0
cellsize            500
NODATA_value       -9999
[rows 0 to 24 of 72, columns 0 to 56 of 80]
-9999 -9999 -9999 -9999 -9999 -9999 -9999 -9999 -9999 -9999 -9999 -9999 2.01612961975 2.05084618775 -9999 -9999 -9999 -9999 -9999 -9999 -9999 -9999 -9999 -9999 -9999 -9999 -9999 -9999 -9999 -9999 -9999 -9999 -9999 -9999 -9999 -9999 -9999 -9999 -9999 -9999 -9999 -9999 -9999 -9999 -9999 -9999 -9999 -9999 -9999 -9999 -9999 -9999 -9999 -9999 -9999 -9999 -9999
-9999 -9999 -9999 -9999 -9999 -9999 -9999 -9999 -9999 -9999 -9999 -9999 2.85563051906 2.28301070045 2.00299119317 -9999 2.04693840138 -9999 -9999 -9999 -9999 -9999 -9999 -9999 -9999 -9999 -9999 -9999 -9999 -9999 -9999 -9999 -9999 -9999 -9999 -9999 -9999 -9999 -9999 -9999 -9999 -9999 -9999 -9999 -9999 -9999 -9999 -9999 -9999 -9999 -9999 -9999 -9999 -9999 -9999 -9999 -9999
-9999 -9999 -9999 -9999 -9999 -9999 -9999 -9999 -9999 -9999 2.23535226817 2.10856674575 2.39408553821 2.45140389957 1.78650398625 1.73469119663 1.57268854828 1.61917037422 -9999 -9999 -9999 -9999 -9999 -9999 -9999 -9999 -9999 -9999 -9999 -9999 -9999 -9999 -9999 -9999 -9999 -9999 -9999 -9999 -9999 -9999 -9999 -9999 -9999 -9999 -9999 -9999 -9999 -9999 -9999 -9999 -9999 -9999 -9999 -9999 -9999 -9999 -9999
-9999 -9999 -9999 -9999 -9999 -9999 -9999 -9999 -9999 2.13937350507 2.22166939708 2.19937474837 2.07660327422 2.16978814663 2.01067927085 1.93481336829 1.78077670494 1.98766672161 -9999 2.23354033469 -9999 -9999 -9999 -9999 2.21704815981 2.3432797812 -9999 -9999 -9999 -9999 -9999 -9999 -9999 -9999 -9999 -9999 -9999 -9999 -9999 -9999 -9999 -9999 -9999 -9999 -9999 -9999 -9999 -9999 -9999 -9999 -9999 -9999 -9999 -9999 -9999 -9999 -9999
-9999 -9999 -9999 -9999 -9999 -9999 -9999 -9999 2.74714607525 2.37288556054 1.95468209216 2.00106496541 1.87875853135 1.74727358466 1.71291537082 1.63460760506 1.54269753639 1.46938908958 1.50317053712 1.6828018809 1.72638973091 1.82146260854 -9999 1.8263702553 2.4366934614 2.39818104436 -9999 -9999 -9999 -9999 -9999 -9999 -9999 -9999 -9999 -9999 -9999 -9999 -9999 -9999 -9999 -9999 -9999 -9999 -9999 -9999 -9999 -9999 -9999 -9999 -9999 -9999 -9999 -9999 -9999 -9999 -9999
-9999 -9999 -9999 -9999 -9999 -9999 2.73009922937 2.26721288979 2.03341450545 2.13328358938 2.2300761316 2.38548137818 2.07873766598 1.9710221147 1.68630504722 1.81461371623 1.69125576463 1.58446463698 1.71778608112 1.66044230936 1.67870628706 1.77072260606 2.00819722369 1.86320858902 2.16468689419 2.10910927676 2.39880000058 -9999 -9999 -9999 -9999 -9999 -9999 -9999 -9999 -9999 -9999 -9999 -9999 -9999 -9999 -9999 -9999 -9999 -9999 -9999 -9999 -9999 -9999 -9999 -9999 -9999 -9999 -9999 -9999 -9999 -9999
-9999 -9999 -9999 -9999 -9999 -9999 2.73367378218 2.44573992238 1.87645430968 1.80226086717 1.68950810326 1.84143123519 1.71024051979 1.52220631947 1.41634438601 1.31703963512 1.41933237322 0.960668892534 1.4189217102 1.25369889239 1.43274890352 1.64745860805 1.70024413422 1.79470187667 1.88133575045 1.76701102353 2.32608652095 2.38274912133 2.56664147518 2.44874346775 3.02475629656 2.99898596297 -9999 -9999 -9999 -9999 -9999 -9999 -9999 -9999 -9999 -9999 -9999 -9999 -9999 -9999 -9999 -9999 -9999 -9999 -9999 -9999 -9999 -9999 -9999 -9999 -9999
-9999 -9999 -9999 -9999 -9999 3.27223268425 2.82799734899 2.7661274846 2.45591146682 2.52742073995 2.28792245037 2.0741188028 1.69314703142 1.70824519072 1.59213291024 1.63126937851 0.959601380347 0.680123946326 1.21520033128 1.30829307008 1.4412427745 1.39093975029 1.61368575383 1.66339028849 1.9668813575 2.08583822153 2.28108947208 2.13230655264 2.47432510295 2.42881567136 2.51451300509 2.63124979914 2.5703273022 2.49194265706 -9999 -9999 -9999 -9999 -9999 -9999 -9999 -9999 -9999 -9999 -9999 -9999 -9999 -9999 -9999 -9999 -9999 -9999 -9999 -9999 -9999 -9999 -9999
-9999 -9999 -9999 -9999 -9999 3.4284027276 3.04395379621 3.06623915336 2.60821994608 2.41246709735 2.2650790951 2.4139121587 1.09900856492 0.893285047554 2.04431271889 2.1789606165 1.0909592184 0.380730239083 0.712570944844 0.888981963488 1.50340037994 1.46587286231 1.77051830118 1.70512208159 1.77638005962 1.57515643456 1.96115688825 1.79541629949 2.06648115095 1.93970193882 1.89942001895 2.10936234964 2.38542356112 2.29648552418 2.41225814819 2.34193241452 -9999 -9999 -9999 -9999 2.39364224302 2.19224014953 -9999 -9999 -9999 -9999 -9999 -9999 -9999 -9999 -9999 -9999 -9999 -9999 -9999 -9999 -9999
-9999 -9999 -9999 -9999 -9999 3.17836108343 2.85568951517 2.87717057465 2.73854103903 2.91350537332 2.59664374226 2.47558622627 2.11074508338 2.28331236196 2.23977488343 1.80843863559 1.43492681351 1.93552356396 1.75673817407 1.75287596753 1.74595703841 1.36994587985 1.48122887138 1.42355232541 1.72945287281 1.72969405483 1.91559209295 1.73442379327 2.15808436409 1.72769509532 0.949612707609 1.50615211883 2.35492091913 2.26369579326 2.27397489355 2.41884542851 2.37763125532 -9999 -9999 2.37243498378 2.40629108416 2.33423469284 2.41404560927 -9999 -9999 -9999 -9999 -9999 -9999 -9999 -9999 -9999 -9999 -9999 -9999 -9999 -9999
-9999 -9999 -9999 -9999 -9999 -9999 3.68779947476 3.88013039714 3.20146110794 3.0447056129 2.59933576011 2.84694490951 3.1207133382 3.86623590409 1.98491247285 1.78613855187 1.74141077853 1.6790895937 1.51872445122 1.50472259018 1.60384385911 1.67402861966 1.66367995456 1.80323632881 1.74593802703 1.59459968301 1.57388278441 1.75084376287 1.75828916428 1.74652795195 1.63631713683 1.9550666348 1.97483753109 2.03456831958 2.18771043039 2.13927915755 2.1895675649 2.14656748211 2.2378151008 2.18197667167 2.11523685282 2.42525710388 2.05350119087 1.93659537712 -9999 -9999 -9999 -9999 2.21515079603 2.04563242028 0.263555725991 -9999 -9999 -9999 -9999 -9999 -9999
-9999 -9999 -9999 -9999 -9999 -9999 -9999 3.44750040706 2.92253520004 3.32867840541 3.17568261373 2.87275661864 2.53662196197 2.09818676433 1.91678533029 2.37992310754 2.14930565586 2.14094495553 2.04077250694 1.72007155645 1.50170354224 1.50863097768 1.5755419764 1.59901394336 1.61666783003 1.46667483709 1.72214599606 1.65917936805 1.79237263281 1.70563971216 1.84181698703 1.81861376525 2.02806281735 1.91693504049 2.18340018898 2.17305496816 2.39403164103 2.33207887036 2.20254923775 2.19489193043 1.94487481643 1.97321310895 2.12809374923 2.22925856516 2.011026369 2.10675525058 2.18989211745 2.00757481274 1.88394679515 1.82128889055 1.36395712802 0.897543355288 -9999 -9999 -9999 -9999 -9999
-9999 -9999 -9999 -9999 -9999 -9999 -9999 -9999 3.07732823076 2.86418924233 3.19486174904 3.554094503 3.14361804943 3.42459517848 3.28223035263 2.90120673675 2.14174971106 2.15670814732 1.79027584238 2.0053114462 2.52139356898 2.4192102106 2.65196004753 3.61036918575 3.77626151742 3.60508150569 2.02099347438 1.58613699148 1.48949559507 1.35345354226 1.65494399528 1.64514850732 1.72202471459 1.68672680208 1.82767028108 1.93444970954 1.99024721737 2.05795631508 1.95234571909 1.98924559846 2.13961455681 2.19420872104 2.0677848196 1.96307429685 1.86315703003 1.76957887046 1.83238395126 1.71418606384 1.55937826935 1.54038014929 1.32878077663 1.36033309467 1.07141836431 -9999 -9999 -9999 -9999
-9999 -9999 -9999 -9999 -9999 -9999 -9999 -9999 3.70579840566 3.25142617168 2.95400104517 2.97666179172 2.81195468991 2.79015221783 2.37035380212 2.31023800718 2.07500612482 2.22492975188 2.00887009477 2.17074901508 2.3849787034 2.36475566526 3.40811082824 4.66766728302 4.22104665045 3.62136964805 3.87981288164 2.26048688005 1.68208100482 1.51874923666 1.41689317153 1.54285723988 1.53221891998 1.63433153567 1.83322756105 0.502447241961 2.12418113715 1.99692764515 1.94493416474 1.91560811316 1.8525632676 2.02560902117 1.99229979439 1.9794932793 1.77799936948 1.76569381302 1.81914653897 1.73750606794 1.59512546383 1.48756684174 1.3602234244 1.36582706937 1.20652021998 1.34973024076 1.0759507446 1.13964092094 -9999
-9999 -9999 -9999 -9999 -9999 -9999 -9999 -9999 -9999 5.01699577784 4.33144884912 3.48433480827 3.50017423541 3.58069700719 3.21801127938 3.26797707479 3.54054516097 3.75380788936 3.69838964891 3.71835707559 3.37210329902 2.64894083918 2.97384647342 6.48830175989 5.30955569372 4.84538331513 3.99444588279 3.71969735435 2.19659669884 1.60207417895 1.62454251225 1.63653672845 1.65366086849 1.50166714833 1.47860428381 1.19365440521 1.87840315341 1.78947783177 1.71077518672 1.72478389818 1.65580911351 1.75995455756 1.87835218696 2.22415707154 1.84165125943 1.63269331968 1.4554257204 1.44846654614 1.26828699019 1.21194649691 1.15309476724 1.12221092563 1.01644192086 1.10740552832 1.11058829142 1.20056615583 1.05079251029
-9999 -9999 -9999 -9999 -9999 -9999 -9999 -9999 -9999 -9999 3.82335920647 3.89332118253 3.4121263571 3.55035233874 2.96234610089 2.71789956751 2.97515735474 3.618110621 3.13973299652 2.75630656907 2.49107812454 2.52804305623 2.08648598395 3.06348108596 4.32904765923 5.03461379894 4.76380345579 4.01528330161 3.55783365665 2.55579457074 1.52364280448 1.52854306449 1.67731155947 1.5771613979 1.87965540639 1.72369003418 1.83606077558 1.78981282454 1.72352343106 1.73276201944 1.7267814534 1.7093967431 1.56473785153 1.92109893536 2.24033176037 2.16133789457 1.91427959013 1.59635528887 1.32584753073 1.30415722606 1.28928302247 1.24594107081 0.997126703944 1.08190781654 0.970375164289 1.21642594069 1.04202116566
-9999 -9999 -9999 -9999 -9999 -9999 -9999 -9999 -9999 -9999 -9999 1.87017366623 1.91005280651 4.09042015653 3.69057900181 3.49095967337 4.05171177775 4.00326743824 3.11673962648 3.17292557119 3.21432308554 3.25552209199 2.74003301697 2.33851851933 2.66415169429 3.70703524624 4.59217671383 5.34601071674 4.62639586031 2.17448124993 2.52630669806 1.67381651551 1.44540438171 1.55034762641 1.6492426843 1.52256355063 1.63853049632 1.6267518917 1.67177500573 1.67322515129 1.69329108997 1.53978899345 1.5423393524 1.64195272062 1.73351403024 1.69511315645 1.65926471286 1.89571614064 1.41975401019 1.2401430636 1.11670657143 1.27102502812 1.14211208611 0.990212802997 0.811597414798 0.844149921108 0.897578962767
-9999 -9999 -9999 -9999 -9999 -9999 -9999 -9999 -9999 -9999 -9999 1.34542828902 2.1246908362 3.60798351554 3.75710480421 3.77344944956 3.52462844749 3.17377444266 2.90957671737 2.9453729889 2.8093143263 3.18534049374 2.42337296572 2.56979568408 2.12453283397 2.53429942126 2.9240608606 3.81371661588 3.97350319678 3.42039168578 4.18423476143 4.18150360758 3.1613925599 3.17347286336 2.64119692062 1.73063297237 1.6289739894 1.6600913675 1.62737415222 1.58151877541 1.47133697837 1.74329997976 1.44144817289 1.47057163914 1.60866177876 1.97639371131 2.2197594475 2.36837091859 2.12414365011 1.69503928453 1.64627287036 1.5339210271 1.1594396006 1.15963501761 0.994816326292 0.903983006192 0.815821338486
-9999 -9999 -9999 -9999 -9999 -9999 -9999 -9999 -9999 -9999 -9999 6.56691943271 5.84624520518 5.51392747997 4.05384635907 4.60229206635 4.31820562077 3.48019215574 2.91474528978 3.15068095357 3.00331590283 3.07817395536 2.95037783445 2.72628114601 2.05336048806 1.95108811611 1.77109822722 1.7276792492 1.74041203626 2.27624112689 3.02139801878 4.37222021979 5.33648578589 5.15558143047 3.38910102416 3.28728133918 3.48175762393 2.85542914874 1.63550117564 0.794025077441 0.595031122483 1.62811073017 1.73681772532 1.91970591343 2.0074566244 2.41037293201 2.13105251135 1.98777715086 1.86271330906 1.90790688646 1.59680247088 1.72591227385 1.63943693275 1.71168038829 1.2906614646 0.708202136928 0.615506078167
-9999 -9999 -9999 -9999 -9999 -9999 -9999 -9999 -9999 -9999 -9999 -9999 4.69766993903 5.26912715044 4.79115365047 4.38422074676 4.15688418057 4.16692016788 3.50470887054 3.27803342449 3.11227116609 2.91793813353 2.70490936598 2.83335323809 2.07420474081 2.12929722135 1.80996224087 1.87928220659 1.71795829195 1.6355932115 1.61878662161 1.69452326339 1.93204702718 2.85415604183 3.41693374951 1.234533068 3.56842521197 3.24625145847 2.84914432617 1.59791009806 1.71894132882 1.62072411591 2.04891556431 2.28601414732 2.31770670798 2.26917601252 2.06140328284 2.00469703867 1.60106099716 1.75106129256 1.57387637657 1.37704184367 1.15676097764 1.15328037906 0.961696124528 0.799828568575 0.31300258678
-9999 -9999 -9999 -9999 -9999 -9999 -9999 -9999 -9999 -9999 -9999 7.1665352526 6.85799249108 7.31983465095 7.18694466874 2.95283731935 3.46651089367 4.97173230757 4.21166260821 4.08891909746 3.17384621187 3.11226990562 2.59824782407 2.67794147693 2.46269314062 2.41783820644 1.99354639587 1.85577391179 1.75479804738 1.68582268852 1.54481639066 1.60875083561 1.49118717862 1.47157950067 1.54758894578 3.55556342905 3.71604212721 3.00075808044 2.83024307342 1.62066250981 1.61025039343 1.57540830019 2.17048595623 2.47251494862 2.79189048709 2.77762666848 2.27611532619 2.46306712821 1.96248950278 1.94552238473 1.48894965756 1.15509447906 0.971560319422 0.976692939137 0.847454819232 0.908968707674 1.06811758969
-9999 -9999 -9999 -9999 -9999 -9999 -9999 -9999 -9999 -9999 -9999 7.4706193536 8.25021605355 8.00393489033 6.233321489 3.46100425826 5.09795593974 5.21044823651 4.08872977476 4.23706977083 2.57830750519 2.68960930838 2.85333776193 2.88099158318 2.60309525396 2.67980112676 0.910944313238 1.09939234363 1.76952272282 2.44603364577 2.12521589037 1.64531459741 1.46118558762 1.47274665397 1.50463351258 2.49618245224 3.25479440953 3.8324760253 3.24649173789 2.4510968489 1.44230751509 1.80311040761 2.01173358369 1.93822787611 1.93665854773 1.85166736349 1.90241304289 1.98550066722 1.76503651605 1.9029574876 1.46738077682 1.52503764334 1.27877458033 1.21573774109 1.05408297529 0.992759160846 0.761738811119
-9999 -9999 -9999 -9999 -9999 -9999 -9999 -9999 -9999 -9999 -9999 10.5028692432 10.1925946132 9.23080204552 8.98410074153 8.83774854033 6.71158180033 7.2129495288 6.09764963556 6.07976284794 2.93201070805 1.28959220793 3.22475878817 5.18468542813 4.01641856229 4.01650012607 3.73060147023 3.31569841153 2.46145112976 2.08177174459 1.94339355986 2.44582134361 2.35390009935 2.1877297815 1.69374959825 2.43025948509 2.6156291371 2.29140276236 3.12874950339 2.17414638882 1.68952256329 1.90681428598 1.91836420106 1.74283978329 1.6303268895 1.66445145178 1.5228624038 1.54833990016 1.36480608856 1.30414927419 1.31625512065 1.31553334692 1.02541841738 0.964553582244 0.860557443502 0.93819259161 1.01296855547
-9999 -9999 -9999 -9999 -9999 -9999 -9999 -9999 -9999 -9999 -9999 -9999 10.4401122365 9.99958780403 8.52821451991 8.39295125492 7.86665423764 7.60462730291 6.02173656282 6.19229324163 5.53127889224 5.90407851716 4.54060613547 4.20216543149 3.80269814578 3.75397737188 3.00209064773 3.13598306516 2.6871031672 2.43083172321 2.02491687387 1.90687514255 1.48544588203 1.61266123381 1.54692171717 3.18621033444 2.85787756468 2.58933622163 3.23690623165 2.75134869491 1.65195862058 1.50743539393 1.63047146479 1.74958684903 1.77089249491 1.77304789636 1.44232627079 1.45052619319 1.24551165141 1.26781003011 1.04311531787 0.425479933666 0.533603274099 1.16560528664 0.955574621394 0.932686460768 0.830828651321
-9999 -9999 -9999 -9999 -9999 -9999 -9999 -9999 -9999 -9999 -9999 -9999 13.2077100512 11.7358256718 10.6758202188 10.5811005631 9.09538419942 9.35740665512 8.05118007211 7.33357665201 6.39686306177 5.89198766473 5.34488833329 6.18868900258 4.86067352274 5.19497962911 4.93139495158 4.55570070426 3.60300321878 4.21226657025 3.3474146245 3.4822102188 3.07454381624 2.86301234461 3.20674658131 3.52688193607 3.13293046752 3.51926448673 4.08139036698 3.12339662674 2.04788667051 1.49394442198 1.31224202854 1.30720084964 1.37385884624 1.40470864433 1.22267086824 1.17670675846 1.01133097861 1.07590062166 0.961746329139 0.726076167515 0.858777148717 0.862387349181 0.7439776094 0.907541371968 0.618311127372
