data/recharge/transience/recharge421.asc
ncols                  80
nrows                 72
xllcorner      4374000.0
yllcorner      5656000.0
cellsize            500
NODATA_value       -9999
[rows 25 to 49 of 72, columns 0 to 56 of 80]
-9999 -9999 -9999 -9999 -9999 -9999 -9999 -9999 -9999 -9999 -9999 -9999 32.3278691648 32.0433467867 30.5003134747 31.6978571383 30.3781734526 29.7938974327 29.5948340748 30.2225647636 28.9470429742 28.0629557681 27.8055517611 20.2481828228 20.801458814 22.5856910338 21.1120447973 20.7451663054 18.0713135395 17.0677172465 14.9654104299 14.4295885469 19.3733095039 23.0848788109 7.68555108504 18.1132057073 16.3235814901 9.48507590804 6.96782544722 8.20492494603 7.3870961999 8.77124117293 16.0746413846 19.8646182834 19.175874382 19.2500509313 18.7753552397 18.7788136227 17.6970711906 18.1021855655 15.8978698193 8.70171940143 3.4466557945 2.88978178767 2.63301293981 2.74910323735 2.47060976864
-9999 -9999 -9999 -9999 -9999 -9999 -9999 -9999 -9999 -9999 -9999 -9999 -9999 31.8978620323 30.9756655457 30.6710080238 30.8543669782 31.2682635989 30.1704825283 29.8163547414 28.6644588358 28.5949649131 27.4458440976 23.4475539545 28.3191271703 26.8548261058 21.5302714558 19.1545303318 17.359950759 18.0084929688 15.4752194793 15.3060799477 22.8809035787 11.1220726364 7.39265036135 10.6649580586 16.4625285917 7.89848212492 8.55309524581 7.22480755377 6.24325777866 6.74623867751 4.60413593418 6.73363624442 8.74083632823 12.7251436147 16.0740953926 15.8531189967 8.50204739576 4.48342292678 2.95515429675 2.9941944853 2.87676048572 3.75810356597 6.22771842971 2.22281119033 2.05223473645
-9999 -9999 -9999 -9999 -9999 -9999 -9999 -9999 -9999 -9999 -9999 -9999 -9999 -9999 31.2502307279 30.6183058828 29.8616369188 31.2003466996 30.1372429098 30.4156789522 29.1924162072 29.0222431668 27.9718596268 28.3732914639 27.7235156213 27.3577944376 27.0301667624 27.3029252688 19.4708848976 16.7626560109 16.3145631843 22.9604765226 23.9041109776 15.6951805872 8.59055296672 14.9803883061 15.8281038919 7.96664487735 7.51438806322 8.47405198018 8.4294645726 6.53386641671 6.05406385008 5.05546015092 3.90715843042 4.30142407047 3.54355838853 3.98856381148 3.09440395139 3.47392158397 3.11299448203 2.6256401155 2.29032539776 4.22479068364 6.45088259681 8.76645640609 6.11898983478
-9999 -9999 -9999 -9999 -9999 -9999 -9999 -9999 -9999 -9999 -9999 -9999 -9999 -9999 8.85155390843 20.347825651 30.049027553 31.7377936585 31.1638655851 30.9873134029 30.1859449916 29.4539834003 27.9283996466 28.2484426928 27.7655940665 28.6066634462 26.6594412437 26.3775125285 25.7671925266 26.0059727092 20.5318686806 12.0433121149 23.4269142216 26.4747657969 8.47040914156 11.6500733461 14.6960509178 6.41116293628 7.82584189195 8.64184346877 6.00459268487 6.22041233732 5.53635599857 5.61949151829 4.46261859508 3.87335651078 3.9220978136 6.63464580161 6.91085412508 3.17176043721 3.20284070732 3.53847191992 3.52115407704 6.82833011005 9.2658453175 10.1444377862 5.17415626559
-9999 -9999 -9999 -9999 -9999 -9999 -9999 -9999 -9999 -9999 -9999 -9999 -9999 -9999 13.8061043365 20.9023093607 29.9220870367 32.2371123703 30.7928499355 30.7900642813 30.0268936229 29.8332048153 28.8942124371 28.4046547316 27.637476118 27.4373572887 26.7926548097 26.5848381496 25.2804636183 25.5673927831 24.4493865132 23.2729612227 23.1471962568 20.9725987146 17.7390699354 9.9097388324 12.3565977588 6.64282349922 7.35287940124 8.88140338356 5.56920753488 6.09189891137 5.1911874556 5.26144498276 3.70572251127 3.93716531071 3.00546188537 3.6891042207 5.18141096059 5.42928906729 3.93144468137 2.51327417582 3.09777677468 2.96209365598 2.28919608205 2.6772888296 2.90999188304
-9999 -9999 -9999 -9999 -9999 -9999 -9999 -9999 -9999 -9999 -9999 -9999 -9999 -9999 32.3886212409 31.6936714362 30.4945404108 31.1647465142 30.0897838183 30.3742440641 29.9646450323 29.98836405 28.6690834079 28.8529608913 27.6178376249 27.8824170716 26.1960325751 26.3946775774 25.1566935437 25.0341159749 24.2740728471 24.5199915817 23.5677701194 15.8202555493 9.91117427596 9.93867891383 9.22511917719 14.8873739076 8.32391658503 10.7274908348 5.66671727915 4.50789220425 4.0494126317 4.27122077172 3.36739579039 3.20807306855 4.14445508216 4.04289890883 6.82959649776 7.79046761031 5.06655050551 5.72797604207 3.63727516514 4.21055302433 3.7877205912 3.29173473589 3.47702692458
-9999 -9999 -9999 -9999 -9999 -9999 -9999 -9999 -9999 -9999 -9999 -9999 -9999 -9999 -9999 31.7424289607 30.8767568565 30.9236866385 29.7679912352 29.4269604011 29.9888048958 30.3402556344 28.733142197 28.8336038881 27.7659887861 27.7980371255 26.1323073851 26.1783761087 14.3527073479 24.4299812246 23.5553081213 23.5196324253 22.0737296382 15.1564633692 10.1056250022 10.1285142747 9.5469457782 9.49858713755 9.050992601 8.82574356294 7.97130817577 10.6812948905 1.97447616255 2.355801553 2.90574287208 2.24407934129 1.86324063045 2.03535007748 2.5029315318 3.29387987904 2.81901764316 2.611229765 3.27983995828 4.92570428487 4.40507586045 4.34698130741 3.64877465197
-9999 -9999 -9999 -9999 -9999 -9999 -9999 -9999 -9999 -9999 -9999 -9999 -9999 -9999 -9999 -9999 30.4363895637 31.1358939777 29.2479418514 30.1473189996 30.0338967812 30.276447274 28.3587276376 28.6803873824 28.045254241 27.7539061524 26.0939951996 23.406104614 13.5379647376 21.2012601447 23.8919315357 16.3151545741 11.1725804662 7.58642773277 9.80032026351 10.0441368518 9.63796633575 9.82219501829 9.44857390643 12.0347051852 15.0096390359 14.904909684 9.29239111572 3.04336029259 1.68337774783 1.31848086402 1.02149136628 2.90337881358 2.65130321211 2.23532857975 2.66205150478 3.69013365784 2.85778156665 2.48532356353 2.61212939456 2.40082224508 2.15018095798
-9999 -9999 -9999 -9999 -9999 -9999 -9999 -9999 -9999 -9999 -9999 -9999 -9999 -9999 -9999 -9999 33.3113555356 32.0049845643 30.2548052504 31.4862925055 30.2149246361 29.2786730106 28.1853475012 28.5193446199 28.004937842 28.2167809823 26.2500445434 25.7248851758 14.5834881844 20.2538078714 14.9740152738 10.9678953268 12.356892039 8.8448006583 10.2474500113 9.93608270731 11.6624305849 9.88518248758 9.41148512986 9.98743282132 11.9497759355 12.9052889086 12.0574261072 6.68603353031 3.93515494554 2.7278367819 3.45960113381 6.26212933734 2.19061609913 2.56062949358 3.08589563012 3.20806100235 3.79399183518 4.0018613399 4.49075484025 3.3615965784 2.16418083001
-9999 -9999 -9999 -9999 -9999 -9999 -9999 -9999 -9999 -9999 -9999 -9999 -9999 -9999 -9999 31.0665324387 31.1716947382 31.4973978509 32.4115610807 31.89904885 29.9704422642 29.1621274554 27.8807880333 28.1124308579 27.3606389907 27.7965419311 26.2206534251 26.22251382 18.4085709837 22.6789656767 23.2444188091 23.4068506016 22.9093484334 18.4530538506 14.6586049001 11.2597405781 12.4285137856 13.5963460676 12.5978025885 9.0320740045 8.55181939572 5.6262814657 3.06344889209 3.01101576613 2.89689871631 2.18819289942 8.27339163973 7.7934045341 2.86467579652 3.07524474576 2.44206255719 2.05743354493 2.14041431976 2.31802707034 2.38043938533 2.43412701711 2.58071199857
-9999 -9999 -9999 -9999 -9999 -9999 -9999 -9999 -9999 -9999 -9999 -9999 -9999 -9999 32.1935114264 31.6566503594 31.3649676304 28.5285830948 31.6007330083 31.9230063004 30.7958345966 30.5193198132 28.5010490682 28.4594050227 26.8191013982 27.2841152543 25.7988917692 25.8384479347 24.1091447387 24.1856968717 22.9045559657 23.1117264928 19.558454159 14.6357915592 10.758821561 9.993075297 14.835085962 13.1861453353 2.46387976341 5.96801550855 7.19939520269 2.64604217864 2.28633040912 2.4945849463 1.68696437832 1.46617304474 3.39713012153 2.74417314971 2.98915745645 2.54530292264 2.23406827384 2.2186495257 2.25414220253 2.21612945533 2.04014596266 2.13372257237 2.27263955665
-9999 -9999 -9999 -9999 -9999 -9999 -9999 -9999 -9999 -9999 -9999 -9999 -9999 -9999 31.6245935353 32.0268858703 31.1012407052 27.7103176306 24.3119597891 27.6558695705 28.9521844456 29.598576786 28.2539467498 28.2423302624 26.2145738222 26.1168901548 20.9449103327 21.0255025392 20.7093253616 24.0576438603 23.3257914345 20.1707355128 11.737782962 10.9348747086 8.91862646838 10.7746309176 8.65967012368 10.6209407513 5.600788834 5.75123036335 6.99223945043 6.42877060898 2.62855793212 2.39624234548 2.00630723749 1.2392969869 1.89653843359 3.37897339115 3.73299754721 4.29793912869 4.08841797743 4.05176774834 2.94438001138 2.64506074505 2.77813830625 2.68081049691 2.11411482905
-9999 -9999 -9999 -9999 -9999 -9999 -9999 -9999 -9999 -9999 -9999 -9999 -9999 -9999 -9999 -9999 31.4960454408 29.067479667 28.2114804591 28.0161971179 27.4163944678 29.1266962674 28.7825775924 28.6594747077 26.4973851873 22.5652925947 14.7931062223 15.2749318787 13.0135855142 15.8648931134 17.6287640527 12.9305934714 11.0686364834 9.9772911333 9.63636734971 9.69987584191 8.61270679817 5.76372201893 7.64647461255 8.07239003448 5.08949586772 4.44823669803 7.54891292975 6.12081432069 1.48253582378 1.73730211037 1.48612029796 1.87242258187 2.71858936048 3.16428510442 2.95900160965 3.03214125355 2.59858105154 2.32440009622 1.68982027694 1.76199781816 2.25347585572
-9999 -9999 -9999 -9999 -9999 -9999 -9999 -9999 -9999 -9999 -9999 -9999 -9999 -9999 -9999 -9999 29.0934731478 28.760443901 28.2909845172 26.0764460735 25.2775856851 26.7136085465 27.526761744 27.7838640914 27.0528267426 22.8654113023 17.4037764764 16.9783860866 15.1257159268 15.646121949 15.5704986552 15.1219275776 12.4702084037 10.3217583856 7.67814992957 8.02718092439 7.6825533894 8.56965195753 5.81595443525 5.05923322263 5.47011819475 6.66320791701 8.87190314537 8.24578045263 3.66602996027 1.40572207928 0.692201119337 1.08194112873 2.29338861028 1.92683446139 1.56798980252 1.58536483966 1.25098832381 1.37204691564 1.24771105791 1.25380416252 1.19712859214
-9999 -9999 -9999 -9999 -9999 -9999 -9999 -9999 -9999 -9999 -9999 -9999 -9999 -9999 -9999 -9999 -9999 -9999 28.3941555028 26.9682771383 24.2209186945 25.190884529 27.6377478186 27.9646775107 26.7535630059 26.3604906008 16.8480061798 16.8480579773 15.1907750826 15.1819729553 12.7504797305 12.0156845113 11.0677070583 10.9249945165 7.58977155277 8.72257245093 8.08927034156 6.62194340335 5.73283522977 6.42426366758 4.82845010311 4.43493745915 3.9618012281 3.94048413927 3.18940580105 2.65749638355 0.850201825895 0.85533160856 1.19977170482 1.5338802787 1.67703928366 1.80779656795 1.26918410048 1.29287165727 1.31835874541 1.38441619095 1.26302570473
-9999 -9999 -9999 -9999 -9999 -9999 -9999 -9999 -9999 -9999 -9999 -9999 -9999 -9999 -9999 -9999 -9999 -9999 -9999 24.8940255373 24.2604583421 24.8286201485 24.2518938806 29.2593743558 27.3438110396 27.1411764434 24.5217471081 16.7529598031 13.0294956053 12.7876740013 11.9421126847 12.2805218826 10.2661677395 10.0028195774 6.63650481026 5.29189792979 4.73005385542 6.09145611563 5.35816499557 5.63981741124 4.19496641284 3.92946647997 3.14649133028 3.69991139896 3.4254871137 3.54246067942 1.81059837789 0.683415423804 0.502697791047 0.950815221836 1.02853600557 1.39497838296 1.10477811959 1.0975457052 1.16208513624 1.12604488662 0.925123269467
-9999 -9999 -9999 -9999 -9999 -9999 -9999 -9999 -9999 -9999 -9999 -9999 -9999 -9999 -9999 -9999 -9999 -9999 26.8660647993 27.5978550238 27.2006051885 26.9571858969 24.0591947013 28.8106785985 27.1798227381 27.0772574812 24.7739601693 23.2164483411 14.0190277995 13.469547505 12.3741581394 8.57756213685 10.5960757183 8.80770267827 6.29925005396 7.14891406035 7.73643717158 7.42337119619 6.31332188508 6.09049135231 5.45425241781 4.19115798136 3.50815844388 6.41825092811 4.43707553358 5.39777867272 3.06506879236 2.43226343235 1.2956266668 0.655133889394 1.1565696225 1.3381419218 1.661602874 1.86897678153 1.44611212747 1.31884765283 1.14986003016
-9999 -9999 -9999 -9999 -9999 -9999 -9999 -9999 -9999 -9999 -9999 -9999 -9999 -9999 -9999 -9999 -9999 -9999 -9999 28.8826898695 28.2921776179 27.8576259783 24.0832797418 28.5423017925 27.6381224488 27.4217181275 24.8308181579 24.8254322364 19.0214623479 21.079270145 17.30072198 17.3271942734 14.0192483429 7.8679289369 7.92409218295 6.81557167196 4.16050792519 3.79193491709 3.12072558816 3.12185237007 3.23709118485 4.1254402116 4.40721704751 7.64553295374 7.46518743139 5.82810575268 3.52897153716 2.73261504578 1.44705888004 0.808424840034 0.342596230129 5.25799417795 5.74889524378 5.5301986621 2.65469026343 0.623567028693 0.772909513641
-9999 -9999 -9999 -9999 -9999 -9999 -9999 -9999 -9999 -9999 -9999 -9999 -9999 -9999 -9999 -9999 -9999 -9999 -9999 -9999 26.8496692229 27.6091664561 24.1988734356 28.0769263498 27.0895901383 27.3006437586 24.752258947 24.9488348724 24.3637255545 24.0702474721 22.9081449931 22.7898335226 11.7316045723 12.2919318306 10.890150648 10.2789697128 5.76686153361 6.54762043118 5.73048444828 5.50903976599 4.39791284555 5.28247061189 4.68503889611 4.1969637989 4.84137413852 4.30045025219 3.4202072697 3.77394026698 2.96853276107 1.90644221132 1.12464699453 0.687298020321 0.327317050547 0.734681113976 3.35206427257 0.367867278972 0.345245838016
-9999 -9999 -9999 -9999 -9999 -9999 -9999 -9999 -9999 -9999 -9999 -9999 -9999 -9999 -9999 -9999 -9999 -9999 -9999 -9999 -9999 27.0283755315 24.9139899582 25.5743218957 26.3472104488 26.037588182 24.7480631729 25.3760119808 24.0503350142 23.9189007384 22.4103470134 23.4557976114 10.4805156256 11.0152093309 10.4275010131 8.64363492921 7.01415248146 5.67117816856 4.7745052905 5.08362469647 5.73321953353 5.99067275569 5.84694214261 4.16704407708 3.32489912659 2.68019252668 2.93908645725 3.18058205952 2.88949174402 3.43388461882 3.58432364572 3.75432897971 1.45326302548 0.513754731515 0.171316848727 0.213371046038 0.224958928028
-9999 -9999 -9999 -9999 -9999 -9999 -9999 -9999 -9999 -9999 -9999 -9999 -9999 -9999 -9999 -9999 -9999 -9999 -9999 -9999 -9999 25.5389965274 23.7767479904 23.7738837551 26.8360832285 27.1222636442 25.5030022741 22.9889485141 19.3503212064 23.3286417703 11.0022984055 21.6639745939 12.1933528488 8.72991486556 5.85571381436 7.08941971816 5.91114985942 5.86076429319 4.92541702157 5.90155982503 5.78881337611 5.5871190786 4.2377167083 3.96660946595 4.20261165575 4.01781031744 3.49355522525 3.41604766548 2.26738934632 2.38858083108 5.10121955491 4.52247683662 1.78359173475 0.367372981083 0.276535637145 0.183906939906 0.180343208477
-9999 -9999 -9999 -9999 -9999 -9999 -9999 -9999 -9999 -9999 -9999 -9999 -9999 -9999 -9999 -9999 -9999 -9999 -9999 -9999 -9999 -9999 23.8276333506 25.0976222281 27.9352401734 27.6017071663 25.6453674581 22.340847356 15.3506722127 16.5049723796 17.7542695466 18.1281249638 11.2185813358 9.40203795238 9.31877559866 7.7943787273 6.99605303938 6.57991901678 5.74449672094 5.77443213316 5.57948858931 4.13637404832 3.98714881532 4.83833889566 2.73105727837 2.47379789113 1.91005563092 2.30541278358 2.69757232287 5.62110854922 3.76061862974 5.43312373206 2.14412773025 0.428743467418 0.170723183602 0.152441844852 0.155135445741
-9999 -9999 -9999 -9999 -9999 -9999 -9999 -9999 -9999 -9999 -9999 -9999 -9999 -9999 -9999 -9999 -9999 -9999 -9999 -9999 -9999 -9999 24.225549577 23.8960210001 27.6418985511 27.9717997346 26.0142295359 18.8780388129 15.81625753 16.1740733439 13.9296424844 14.1381925358 12.6186175742 10.1906856451 7.90815325043 9.63274054436 6.88563625173 6.45667512708 6.69145907735 6.66424659589 4.53155159349 5.67253476545 4.04332902367 3.42897214902 2.82829975851 3.06492418695 3.34641380682 3.45778697081 2.09933299447 2.09826997246 2.16569157392 4.45369823525 0.326476531976 0.786663695643 0.359443164097 0.317412762061 0.217292948716
-9999 -9999 -9999 -9999 -9999 -9999 -9999 -9999 -9999 -9999 -9999 -9999 -9999 -9999 -9999 -9999 -9999 -9999 -9999 -9999 -9999 -9999 23.814685973 24.568338915 28.9937208285 28.3483530887 26.2197301524 20.0659565171 16.8692726283 17.6189517192 14.7278078819 13.8395350427 11.9009803031 10.418069064 9.73128374037 7.60166818229 6.62906980613 8.16628698679 6.66091320066 6.18624469921 5.50872711787 4.60132583181 3.2086438207 3.79298398641 4.11302336399 3.7770399634 3.29231078986 2.91619009527 2.21557409629 2.21864276677 2.52676061379 2.15325620136 0.614924767883 0.631618356691 0.666648375677 0.741927564543 0.318453244178
-9999 -9999 -9999 -9999 -9999 -9999 -9999 -9999 -9999 -9999 -9999 -9999 -9999 -9999 -9999 -9999 -9999 -9999 -9999 -9999 -9999 -9999 -9999 25.2002363629 29.2256875755 28.5345799409 25.7678223729 19.0651279118 16.4757093303 17.1813114353 14.7937063304 15.4532477605 13.384836572 13.048829435 8.84998924144 9.53875661064 8.72215172502 7.82349050668 5.20021328448 4.93701068125 3.57958368612 4.39415663428 4.65933656226 4.77885624188 3.90338340195 3.55057029691 2.07900657621 1.86689632205 1.67924491742 1.78342561191 1.41098499576 1.67296626975 1.60189824196 1.24005245633 0.427489883771 0.353788686288 0.920613806222
