data/recharge/transience/recharge260.asc
ncols                  80
nrows                 72
xllcorner      4374000.0
yllcorner      5656000.0
cellsize            500
NODATA_value       -9999
[rows 0 to 23 of 72, columns 0 to 52 of 80]
-9999 -9999 -9999 -9999 -9999 -9999 -9999 -9999 -9999 -9999 -9999 -9999 0.0449486085052 0.043894556397 -9999 -9999 -9999 -9999 -9999 -9999 -9999 -9999 -9999 -9999 -9999 -9999 -9999 -9999 -9999 -9999 -9999 -9999 -9999 -9999 -9999 -9999 -9999 -9999 -9999 -9999 -9999 -9999 -9999 -9999 -9999 -9999 -9999 -9999 -9999 -9999 -9999 -9999 -9999
-9999 -9999 -9999 -9999 -9999 -9999 -9999 -9999 -9999 -9999 -9999 -9999 0.152208993327 0.0702976044841 0.0410746516084 -9999 0.0350603693408 -9999 -9999 -9999 -9999 -9999 -9999 -9999 -9999 -9999 -9999 -9999 -9999 -9999 -9999 -9999 -9999 -9999 -9999 -9999 -9999 -9999 -9999 -9999 -9999 -9999 -9999 -9999 -9999 -9999 -9999 -9999 -9999 -9999 -9999 -9999 -9999
-9999 -9999 -9999 -9999 -9999 -9999 -9999 -9999 -9999 -9999 0.115217832118 0.0916087979386 0.118034117136 0.125608195968 0.0619242703265 0.0485018159952 0.0311440182809 0.0333562188333 -9999 -9999 -9999 -9999 -9999 -9999 -9999 -9999 -9999 -9999 -9999 -9999 -9999 -9999 -9999 -9999 -9999 -9999 -9999 -9999 -9999 -9999 -9999 -9999 -9999 -9999 -9999 -9999 -9999 -9999 -9999 -9999 -9999 -9999 -9999
-9999 -9999 -9999 -9999 -9999 -9999 -9999 -9999 -9999 0.0972103408221 0.113111271077 0.112934145365 0.0888534318617 0.0960104853919 0.0949938724901 0.0851627900484 0.0508242632749 0.0522413564878 -9999 0.0962062473839 -9999 -9999 -9999 -9999 0.0483220877191 0.0410145774035 -9999 -9999 -9999 -9999 -9999 -9999 -9999 -9999 -9999 -9999 -9999 -9999 -9999 -9999 -9999 -9999 -9999 -9999 -9999 -9999 -9999 -9999 -9999 -9999 -9999 -9999 -9999
-9999 -9999 -9999 -9999 -9999 -9999 -9999 -9999 0.155657397426 0.116961201316 0.0900674724608 0.106268988405 0.0982759110297 0.0862285245764 0.0842029402238 0.0770218742354 0.0541119966503 0.0339193556891 0.0373847130465 0.0663184848589 0.0610836758631 0.0674724814514 -9999 0.0345369987632 0.060684316165 0.0500007424549 -9999 -9999 -9999 -9999 -9999 -9999 -9999 -9999 -9999 -9999 -9999 -9999 -9999 -9999 -9999 -9999 -9999 -9999 -9999 -9999 -9999 -9999 -9999 -9999 -9999 -9999 -9999
-9999 -9999 -9999 -9999 -9999 -9999 0.184559433584 0.118940977832 0.0878798012154 0.0959201262632 0.114646699546 0.147810628573 0.118506520266 0.107067024417 0.0816265851335 0.0933045912709 0.0726422947906 0.0645211944325 0.0688214263645 0.0651679426293 0.0581344140956 0.0643072524152 0.0679456407289 0.0375505347146 0.0352562772192 0.0329239826886 0.0387495084807 -9999 -9999 -9999 -9999 -9999 -9999 -9999 -9999 -9999 -9999 -9999 -9999 -9999 -9999 -9999 -9999 -9999 -9999 -9999 -9999 -9999 -9999 -9999 -9999 -9999 -9999
-9999 -9999 -9999 -9999 -9999 -9999 0.189362246397 0.150558429313 0.0855157151058 0.0793414370872 0.0781549683279 0.0999491687619 0.0923051791567 0.068024001912 0.0653463135302 0.0616415051799 0.0655994505179 0.0504514473619 0.0617291000417 0.049523511002 0.049384426609 0.0632678605935 0.0509204585592 0.0531297878278 0.0295266788703 0.0246318847454 0.0345100920533 0.0502758443562 0.0586142393272 0.0528530192388 0.0738904024555 0.0720452512352 -9999 -9999 -9999 -9999 -9999 -9999 -9999 -9999 -9999 -9999 -9999 -9999 -9999 -9999 -9999 -9999 -9999 -9999 -9999 -9999 -9999
-9999 -9999 -9999 -9999 -9999 0.254521982969 0.20234771205 0.194192267677 0.157979517221 0.153814244097 0.130500435845 0.11301089728 0.0844060320488 0.0780005207272 0.0824462752858 0.0875235537237 0.0527743647497 0.0814120408546 0.0660057738213 0.0523189567693 0.0497875484366 0.0467575033063 0.0463450045583 0.0490484965398 0.0409766814944 0.0483633343563 0.0337251843207 0.0312401629988 0.0545761291201 0.0522966573375 0.0492680970134 0.0539135218856 0.0455655382993 0.0426707251973 -9999 -9999 -9999 -9999 -9999 -9999 -9999 -9999 -9999 -9999 -9999 -9999 -9999 -9999 -9999 -9999 -9999 -9999 -9999
-9999 -9999 -9999 -9999 -9999 0.264979506585 0.225795294873 0.228753357786 0.180315015602 0.156528785771 0.142031939724 0.159368482748 0.0703032937938 0.0820497975867 0.121671594115 0.121158882445 0.0394504058686 0.0457559557247 0.0500167533492 0.0324599259508 0.0525445701047 0.0523152519263 0.0551872007036 0.0513102628872 0.0437173327494 0.0279612698843 0.0250112313869 0.0211758926905 0.0369789363449 0.0337246477469 0.0309348840094 0.0351110094534 0.0412694420828 0.0382540245032 0.0367742095452 0.0378390455562 -9999 -9999 -9999 -9999 0.0501912336341 0.0393763414865 -9999 -9999 -9999 -9999 -9999 -9999 -9999 -9999 -9999 -9999 -9999
-9999 -9999 -9999 -9999 -9999 0.2277385332 0.198854611806 0.194433898912 0.197849012699 0.222119411191 0.181951193849 0.166379372896 0.129130484221 0.145962664909 0.143550686292 0.0878632200804 0.0562159488145 0.101175484763 0.0876864422863 0.0931187435123 0.0683273432167 0.0473787848521 0.0400106171348 0.0372992705545 0.0412859561017 0.0370878056052 0.0265325360394 0.0194426140516 0.0356376235302 0.0273270281688 0.023143328913 0.0232924797972 0.0404009558723 0.0272778425655 0.0233638966589 0.0404988158142 0.0400739859825 -9999 -9999 0.0414181476155 0.0473186199404 0.0443916211442 0.0442313344488 -9999 -9999 -9999 -9999 -9999 -9999 -9999 -9999 -9999 -9999
-9999 -9999 -9999 -9999 -9999 -9999 0.290194307433 0.293395301639 0.232264740621 0.21048541048 0.154329788453 0.182262089816 0.197241108073 0.304809814298 0.0893493993745 0.075973992672 0.0665157825138 0.0620474513935 0.0531723046002 0.0538171047756 0.0513795526789 0.0554622433049 0.0445866571296 0.0507400715671 0.0392681106623 0.0337738434033 0.0167019936261 0.0216332972457 0.0233453796921 0.028730910877 0.0225982334927 0.0325331525463 0.0237070541264 0.0324921653245 0.0353231075528 0.0341172624201 0.024265883056 0.021837673708 0.037804798516 0.0361265212704 0.0359781989629 0.0467924450403 0.0227953593708 0.0178060494966 -9999 -9999 -9999 -9999 0.0289271229965 0.0242764273969 0.0189138304612 -9999 -9999
-9999 -9999 -9999 -9999 -9999 -9999 -9999 0.226756770577 0.195467582416 0.250761140517 0.224093082147 0.184451087122 0.120526203588 0.0814484501112 0.0586968823417 0.106709339925 0.102006935613 0.104824058938 0.0900035132665 0.0673599488215 0.0463660965881 0.0469231938184 0.0406828629849 0.0413099448121 0.0342203868894 0.0291249453505 0.0281673831305 0.0263890689358 0.0305419775311 0.0260083619597 0.0220411169144 0.0231463696537 0.027303071655 0.0260921656589 0.0354641379787 0.0350208808465 0.0411114139405 0.0353775298643 0.0365688602247 0.036449194708 0.0213862728514 0.0178044595864 0.0126111083876 0.0133048956088 0.0106692355297 0.0115534789532 0.0148943692002 0.0109707383167 0.0101541085486 0.0123913524805 0.014800311681 0.00936467199448 -9999
-9999 -9999 -9999 -9999 -9999 -9999 -9999 -9999 0.170914415328 0.153747297568 0.166860469976 0.202456593124 0.144489416037 0.166466639296 0.155572177102 0.123944993453 0.0714688509153 0.0720363690332 0.0497233220311 0.0598317228614 0.0770876903479 0.0714834852054 0.0151044391171 0.00643318516062 0.00622732659002 0.00555364778767 0.0108938200504 0.0250903091084 0.017715924722 0.0104940703578 0.0229361783875 0.0185159458894 0.0211536330123 0.0179346367185 0.0213342733802 0.0288428388539 0.0297952778792 0.0314647964094 0.0292898911154 0.0310286106021 0.0278494954288 0.0151040148388 0.0109959289723 0.00938448755496 0.00909565078919 0.00777924852389 0.00899667275408 0.00729668224977 0.00632834901656 0.00826033819962 0.011660658508 0.0120155010191 0.0113922322855
-9999 -9999 -9999 -9999 -9999 -9999 -9999 -9999 0.244881115897 0.191426035726 0.145540585297 0.147310921904 0.124348461321 0.122695248941 0.0877621834099 0.0844392605854 0.0642510005323 0.0724185297131 0.0599452319532 0.0681473271794 0.0682432567795 0.0686032858492 0.0143644081742 0.0204672279953 0.01084893338 0.00509502074498 0.00661126396404 0.0141172038712 0.0165869704311 0.0141106414775 0.0121174919677 0.0142605596825 0.0126910721084 0.0151885280942 0.0260029855022 0.0218569597013 0.0333015867752 0.0298455112321 0.0291935778514 0.0284233880459 0.0285696159591 0.0132108201469 0.00967525048438 0.00963788868113 0.00782262958258 0.00767420624289 0.00879748370023 0.00762852974645 0.0067331655024 0.0130564778039 0.0122431461395 0.0123336712671 0.0191815333572
-9999 -9999 -9999 -9999 -9999 -9999 -9999 -9999 -9999 0.262767294062 0.181802252933 0.12294983216 0.114298117141 0.104044462349 0.0726618302437 0.0705093518867 0.07433748153 0.0870898192276 0.0792416076615 0.0784359294578 0.0756584768045 0.0434606651137 0.0259430835787 0.0424256039156 0.0178826503002 0.0120566503118 0.00550531132265 0.00377125676597 0.00477953773942 0.0206064153865 0.0201080668617 0.0186657447581 0.0190359769617 0.011443622471 0.0136650963541 0.0149090988759 0.0255649598299 0.0235240956726 0.0229249019197 0.0232895714907 0.0232127698098 0.0222619352566 0.00818544937027 0.0140553027101 0.00929372906919 0.00581416650481 0.00494572969152 0.00488951463631 0.00743368837054 0.00888541715084 0.00904817213065 0.0086422658824 0.0132300922192
-9999 -9999 -9999 -9999 -9999 -9999 -9999 -9999 -9999 -9999 0.138245332764 0.143537008448 0.10929428064 0.107898459017 0.0624703145069 0.0514139654622 0.0354819019086 0.05521099759 0.0382878709062 0.0315869066564 0.0276698128386 0.0272605054467 0.0168329815782 0.00807239077588 0.00728018956925 0.0143497584536 0.0120821972681 0.00558987171448 0.00296698863035 0.00425863727998 0.0178095758929 0.0179468738701 0.0209806429771 0.0178743832795 0.0263622933246 0.0219317740958 0.0246411045301 0.0235539121792 0.0231945397192 0.0233977159302 0.0249031045756 0.0235789180829 0.0108296348125 0.00784940542586 0.0167309733719 0.0135863029126 0.0125011008449 0.00725949083721 0.0126099083169 0.0114436395174 0.0111221534955 0.0105624645505 0.00915349130472
-9999 -9999 -9999 -9999 -9999 -9999 -9999 -9999 -9999 -9999 -9999 0.0852245258348 0.0454278567757 0.0836611107373 0.0583838841976 0.0397956186357 0.0396447147246 0.0386527600523 0.0400812949472 0.0495631750082 0.0499381988692 0.0502164410548 0.0275877454213 0.0145888607553 0.00757985434192 0.0022454253083 0.00604719299044 0.0118920975221 0.00832229205884 0.00574209365979 0.00244443682672 0.00933575750994 0.0113976589915 0.0138083670176 0.0115735386256 0.0111869352574 0.0190641614031 0.0188645204631 0.0208057608502 0.0207896945394 0.0211287236044 0.0163493793547 0.0182715081086 0.00956707300685 0.00713484016223 0.00607194002414 0.00624853001025 0.0104048984101 0.0074453158105 0.0121813857438 0.0107848178565 0.0187028241815 0.0220448148106
-9999 -9999 -9999 -9999 -9999 -9999 -9999 -9999 -9999 -9999 -9999 0.0588161656071 0.0423903212208 0.0701779651961 0.0674095505579 0.0575899166578 0.0304723373863 0.0298764868407 0.0429850088837 0.0437701685933 0.0390432484108 0.0473308876263 0.0200723427495 0.0171525427233 0.0175882418312 0.0316862013406 0.00925265286107 0.00457558031143 0.00380308408583 0.00435397050882 0.00644316798593 0.00630378231371 0.00229945526678 0.0026131413596 0.00407862393687 0.0127985639563 0.0189465681497 0.01943274053 0.0200129730289 0.0186091099131 0.0191477301668 0.0187466175959 0.0150111291946 0.016708589208 0.0119569338076 0.0111933990505 0.0180036313468 0.0210823585647 0.0177907377581 0.00895812690273 0.00868737722908 0.00649949827438 0.00447937556105
-9999 -9999 -9999 -9999 -9999 -9999 -9999 -9999 -9999 -9999 -9999 0.134797786951 0.0985394503311 0.0878512181704 0.0496119774886 0.0562387227274 0.028356973117 0.0178791617955 0.0186888886515 0.0286611252172 0.0286426818064 0.0296806729917 0.0259436969358 0.013285372007 0.0152523762238 0.0154587785213 0.0136715591958 0.0132462496693 0.0131294994714 0.00582673506286 0.00257762651139 0.00462242046028 0.0132012604276 0.010582881198 0.00361348314467 0.00167439932467 0.00291895816752 0.00145060410483 0.0120871700611 0.0103586263316 0.0138944264036 0.0177024528914 0.017750341005 0.0205607934069 0.0286113082582 0.0296566296077 0.0124821790782 0.0101007069032 0.00995500798451 0.0110943380772 0.00694286954811 0.00867339848962 0.00894874350102
-9999 -9999 -9999 -9999 -9999 -9999 -9999 -9999 -9999 -9999 -9999 -9999 0.0670386857528 0.0824174429845 0.0656873284805 0.0531390539391 0.0430105809397 0.030053093404 0.0185723581855 0.0332309607519 0.0301105564012 0.0274788520214 0.0248237671208 0.0266210879578 0.0167903325765 0.017370715946 0.0140504693534 0.0147808366871 0.0135070806964 0.0125873633144 0.0130068722976 0.0139247668489 0.00778231356507 0.00263629443399 0.00452508412097 0.00382974190176 0.00375266786949 0.00213176295567 0.00199452639701 0.0181876885539 0.0218649488936 0.0152937346392 0.0230711918731 0.028007307711 0.0300932088783 0.0336624223323 0.0144076870696 0.0103721501015 0.00639973086754 0.0087094370003 0.007607425317 0.00456885620074 0.0033414229124
-9999 -9999 -9999 -9999 -9999 -9999 -9999 -9999 -9999 -9999 -9999 0.0932160452872 0.0801178356143 0.0873608840489 0.0645570618111 0.0462400330188 0.0271348971618 0.0391755471115 0.0258576955388 0.0298988355327 0.0208605451662 0.0203205211231 0.0162870212557 0.0169090644688 0.0155901808972 0.0152170166423 0.0123334908347 0.0111677479015 0.0109036809972 0.0103594266319 0.0102601361152 0.0108292721759 0.0108080816751 0.0106378334158 0.0126083299382 0.00225022763418 0.0036625590559 0.0014904974999 0.00137838367996 0.00990556169861 0.0173959852793 0.0109329448427 0.0299508358841 0.0339014527901 0.0375191350004 0.0357363304399 0.0334905776085 0.0160603062689 0.0096616251261 0.00885967791487 0.00540443944641 0.00283745066422 0.00228343920999
-9999 -9999 -9999 -9999 -9999 -9999 -9999 -9999 -9999 -9999 -9999 0.101785766921 0.121933236346 0.109166718853 0.0623951845064 0.0332833558278 0.0355804735687 0.0357297563544 0.0298015468188 0.0321268618394 0.0221572201412 0.0259483298561 0.0189619188156 0.01863059293 0.0167930773415 0.015695926346 0.00862973167117 0.0114235408597 0.0104418123106 0.0175755322861 0.0160398514496 0.011157957908 0.0105409383091 0.0106500378651 0.0121467117262 0.00157677428312 0.00213646194591 0.00439174329819 0.00254970964802 0.00357971704269 0.0130252467067 0.0109757144772 0.0148083341301 0.0191555346845 0.0178519138682 0.0165685141556 0.0199621793746 0.0195235266529 0.0120756030374 0.0102739195854 0.0052111393611 0.00579304611224 0.00464976221356
-9999 -9999 -9999 -9999 -9999 -9999 -9999 -9999 -9999 -9999 -9999 0.137283376216 0.12064354122 0.0862699757285 0.0708151011614 0.0651118484336 0.0282085213757 0.034568034558 0.0279608436477 0.0380009409902 0.0142035158955 0.0195108653086 0.0132529663524 0.0156604779885 0.00886179310463 0.00880841933068 0.0097070228723 0.00875009391711 0.00662132394881 0.006805229089 0.0077837357607 0.0161046148401 0.017472877757 0.0156839924913 0.0126947015388 0.00105645085057 0.000740800377442 0.000403293930818 0.0021125460407 0.00151787951182 0.0148337684201 0.0220643300634 0.0159670407268 0.00858862464429 0.00847626786317 0.00868695235697 0.0127685756212 0.0133508022356 0.0163211521107 0.0161136826127 0.00624740934821 0.00402796026999 0.00318596951075
-9999 -9999 -9999 -9999 -9999 -9999 -9999 -9999 -9999 -9999 -9999 -9999 0.128677648058 0.114697647106 0.0743968364156 0.0507669477795 0.0362232723452 0.045204651496 0.0346089934666 0.0348397126372 0.026138796513 0.0401845264145 0.0104691609726 0.0077819051132 0.00748077292849 0.00721097944467 0.00495558546988 0.00560253819868 0.00469082878273 0.0036090367415 0.0029396267193 0.00470829316929 0.00952909882742 0.0105265610628 0.0113076426342 0.00134878093147 0.00110195614202 0.000693210138186 0.00241916982588 0.00267937771485 0.0164492777416 0.0151648538695 0.0154429732964 0.0110446604761 0.0103499116315 0.00949795147878 0.0101125043359 0.0122074195049 0.0135001155698 0.0158008637208 0.0135979420841 0.00441270032613 0.00296263711717
