data/recharge/transience/recharge299.asc
ncols                  80
nrows                 72
xllcorner      4374000.0
yllcorner      5656000.0
cellsize            500
NODATA_value       -9999
[rows 0 to 24 of 72, columns 0 to 56 of 80]
-9999 -9999 -9999 -9999 -9999 -9999 -9999 -9999 -9999 -9999 -9999 -9999 34.9090723385 36.2299575765 -9999 -9999 -9999 -9999 -9999 -9999 -9999 -9999 -9999 -9999 -9999 -9999 -9999 -9999 -9999 -9999 -9999 -9999 -9999 -9999 -9999 -9999 -9999 -9999 -9999 -9999 -9999 -9999 -9999 -9999 -9999 -9999 -9999 -9999 -9999 -9999 -9999 -9999 -9999 -9999 -9999 -9999 -9999
-9999 -9999 -9999 -9999 -9999 -9999 -9999 -9999 -9999 -9999 -9999 -9999 28.4847804232 27.0776337353 26.2953739674 -9999 26.7884400114 -9999 -9999 -9999 -9999 -9999 -9999 -9999 -9999 -9999 -9999 -9999 -9999 -9999 -9999 -9999 -9999 -9999 -9999 -9999 -9999 -9999 -9999 -9999 -9999 -9999 -9999 -9999 -9999 -9999 -9999 -9999 -9999 -9999 -9999 -9999 -9999 -9999 -9999 -9999 -9999
-9999 -9999 -9999 -9999 -9999 -9999 -9999 -9999 -9999 -9999 28.692249021 27.2871172141 28.0112936054 27.4755883104 25.4498663879 24.7993654532 23.511809984 23.6256903238 -9999 -9999 -9999 -9999 -9999 -9999 -9999 -9999 -9999 -9999 -9999 -9999 -9999 -9999 -9999 -9999 -9999 -9999 -9999 -9999 -9999 -9999 -9999 -9999 -9999 -9999 -9999 -9999 -9999 -9999 -9999 -9999 -9999 -9999 -9999 -9999 -9999 -9999 -9999
-9999 -9999 -9999 -9999 -9999 -9999 -9999 -9999 -9999 27.7082752379 27.5856741351 28.0108315394 26.49846499 26.8550724331 26.856749818 25.8585567948 24.2475090965 26.5902398429 -9999 27.7368823942 -9999 -9999 -9999 -9999 24.1757927587 25.1028030336 -9999 -9999 -9999 -9999 -9999 -9999 -9999 -9999 -9999 -9999 -9999 -9999 -9999 -9999 -9999 -9999 -9999 -9999 -9999 -9999 -9999 -9999 -9999 -9999 -9999 -9999 -9999 -9999 -9999 -9999 -9999
-9999 -9999 -9999 -9999 -9999 -9999 -9999 -9999 29.9734476804 28.8049421216 27.1690690958 27.3527077019 27.1596986155 26.7842454551 26.2377786037 26.2313776823 23.9565967693 23.675709435 23.6558513102 25.965142731 25.3975575089 25.8311808006 -9999 23.7570973488 25.3143246567 25.6717690426 -9999 -9999 -9999 -9999 -9999 -9999 -9999 -9999 -9999 -9999 -9999 -9999 -9999 -9999 -9999 -9999 -9999 -9999 -9999 -9999 -9999 -9999 -9999 -9999 -9999 -9999 -9999 -9999 -9999 -9999 -9999
-9999 -9999 -9999 -9999 -9999 -9999 30.7936477392 28.5223065389 27.8225661797 28.0813935436 28.1055245236 28.332966071 27.8108824287 27.5920527677 26.2830555774 26.6908142063 24.7065148529 24.0469532272 25.4930820053 25.632662705 25.136558238 25.4408113717 24.9093631574 23.8335271942 24.5871943873 24.4567516663 25.1299614754 -9999 -9999 -9999 -9999 -9999 -9999 -9999 -9999 -9999 -9999 -9999 -9999 -9999 -9999 -9999 -9999 -9999 -9999 -9999 -9999 -9999 -9999 -9999 -9999 -9999 -9999 -9999 -9999 -9999 -9999
-9999 -9999 -9999 -9999 -9999 -9999 30.566990163 29.0881032363 27.2513501264 26.9360521895 26.4543574168 27.7163050131 26.7988172023 25.5151275713 24.590003693 24.978786973 24.5842588198 20.8929955723 23.3806923464 24.1980473447 24.3720100247 25.2406793268 25.1687751452 24.2873539008 23.5993039656 23.0639421368 25.031783047 25.9303107173 26.7360189136 26.4931888137 27.1967215977 27.3526147022 -9999 -9999 -9999 -9999 -9999 -9999 -9999 -9999 -9999 -9999 -9999 -9999 -9999 -9999 -9999 -9999 -9999 -9999 -9999 -9999 -9999 -9999 -9999 -9999 -9999
-9999 -9999 -9999 -9999 -9999 30.9193582993 30.6722026058 30.3582177587 28.7617240307 28.9036011904 28.1255541494 27.333229099 25.6276576004 25.6022999376 25.3055877011 26.1087544519 21.0993074538 12.2429323903 19.8831500555 24.2383879747 24.4561458278 24.2973054255 24.7872746522 24.9423438781 24.0578120799 24.3672669062 24.69526823 25.0007463874 26.2306650822 26.1796873125 25.9441801785 26.4196868311 25.6889380152 25.5453309426 -9999 -9999 -9999 -9999 -9999 -9999 -9999 -9999 -9999 -9999 -9999 -9999 -9999 -9999 -9999 -9999 -9999 -9999 -9999 -9999 -9999 -9999 -9999
-9999 -9999 -9999 -9999 -9999 30.9106010895 29.6414937911 29.7953167528 29.4686783491 29.0470668661 28.6441757641 28.9506053831 21.7788436618 18.4748733653 27.4000976208 26.7527067804 22.3384923295 10.5923984521 18.0343960142 22.1282684061 24.1870022883 24.460525086 25.1820513886 25.0625717014 24.9072191641 23.486478474 23.3762370394 22.9409859189 24.8218108925 24.0748249033 23.3166179971 24.5237648433 25.3273323086 25.1862604249 24.3812632541 25.1521827536 -9999 -9999 -9999 -9999 24.5210424594 24.4625267552 -9999 -9999 -9999 -9999 -9999 -9999 -9999 -9999 -9999 -9999 -9999 -9999 -9999 -9999 -9999
-9999 -9999 -9999 -9999 -9999 30.4768692047 29.7636275992 28.7697341921 29.5915395064 30.1539905343 29.6241501169 29.3692686458 27.759541145 27.9419123174 28.0235486564 26.2868214258 24.4203195039 25.8901793566 25.7569065893 26.2267906168 24.8169228366 24.3304778711 24.2635106008 24.0909342026 24.8204932403 23.6215765448 23.152368877 22.0540049834 24.5921211189 23.6634509976 18.0811725337 22.1833322692 25.1388574159 24.1068300272 23.4994828035 25.2125670378 25.0441181829 -9999 -9999 25.011280446 25.0661848527 24.9545633395 24.6723593109 -9999 -9999 -9999 -9999 -9999 -9999 -9999 -9999 -9999 -9999 -9999 -9999 -9999 -9999
-9999 -9999 -9999 -9999 -9999 -9999 30.9289475702 30.2393789121 30.5877221965 30.6879734289 29.3723828368 29.6614454056 29.4140171481 29.6557714531 26.1548156859 25.8697110705 25.2647696913 25.2328706068 24.3743847352 25.0770321015 25.1217830393 25.1488386007 24.6554442843 25.3180274466 24.6885315041 24.1771018844 20.6527089094 21.0602638606 22.7817740387 24.1091671148 23.0293229717 24.2772564356 22.8614944645 22.7783146194 22.7828567862 24.5839030992 23.3813720442 21.4400094496 24.682408488 24.4856945291 24.2711568969 25.1839178345 21.981955499 19.377980804 -9999 -9999 -9999 -9999 22.6877366159 21.5031233779 8.34532612458 -9999 -9999 -9999 -9999 -9999 -9999
-9999 -9999 -9999 -9999 -9999 -9999 -9999 30.4418875506 30.2986488033 30.6653176421 30.290098138 30.1625027607 27.9917095976 26.7473347144 25.9092595474 26.9759574757 26.2029357006 26.8538367794 26.1995166187 25.358841048 24.7071056383 24.5992231363 24.4212839814 24.7122392624 24.374188033 23.7757546131 20.9482788618 22.8844683531 24.1443072075 23.5823108714 22.9953394147 22.9782086947 23.049494943 23.4206090225 24.7094308807 24.7571798382 23.2042061124 23.1991066443 24.647621987 24.5645098242 22.5940524273 21.2827688368 15.7917434937 14.208874874 12.8166564597 14.224926236 14.718024954 13.0458556686 12.6804672373 16.2063397649 19.6386607955 19.2769441218 -9999 -9999 -9999 -9999 -9999
-9999 -9999 -9999 -9999 -9999 -9999 -9999 -9999 30.0833160365 29.9969272441 29.9372809144 30.2443567108 28.4839741214 29.2261935024 29.3204941235 28.85061837 26.5584237302 26.8139669017 25.4243531436 25.6088302237 26.4502477627 26.2682420156 23.3340163974 20.1877666871 18.99430969 19.5210507362 19.3135621491 23.3902711602 21.053085046 19.2514131779 20.0648089972 20.0228140674 20.4496011828 19.618251734 21.533686408 23.060019048 23.7741667664 24.0821005106 23.6876752534 23.3915794612 19.8032921959 15.836494913 12.3393124887 11.504555532 11.1366347418 10.3603291541 11.3557622028 10.3332908233 9.73796190283 13.0341839337 15.4604948534 16.4787333565 15.7178481447 -9999 -9999 -9999 -9999
-9999 -9999 -9999 -9999 -9999 -9999 -9999 -9999 31.1513779186 30.6640595517 29.4969656866 29.6491479322 29.0039555941 29.0169255523 28.017446952 27.6617568333 25.5691569259 26.0318328422 25.6729980742 25.9159839704 25.7186348014 26.2248544867 26.0692911617 26.9494428645 22.4092752203 17.4690461174 20.6932792265 21.5550950741 20.5110579907 18.2220612415 19.1700699948 19.6819059884 19.2002371715 19.3960964516 23.0538470153 12.2033256566 24.2960473091 23.8777546147 23.6342710985 23.5203928428 22.9587568934 15.9713274965 11.6826079502 11.6402791914 10.3976288156 10.3029801264 11.2429777626 10.5421152366 10.49939808 16.2834894572 15.769818121 15.8202858489 16.4348094176 18.938160051 17.3529529454 17.9067851604 -9999
-9999 -9999 -9999 -9999 -9999 -9999 -9999 -9999 -9999 30.8308402599 29.9006891321 29.3345562219 29.1559159291 28.3582172502 27.3269269108 27.3453047535 27.4416696066 27.3499277449 27.2911916294 27.4513606287 27.3627064844 26.1417886814 27.3652758454 35.1538588796 28.4373630205 25.9824268203 19.1376229068 16.4622677138 12.9116648233 21.2069642467 19.4952345775 19.0077234103 18.2799873816 16.6544044452 19.2371476031 20.5337120022 22.647565808 22.0948476701 21.2975493277 21.387011265 20.5937658355 18.4868886062 9.70067306633 11.7251135412 9.40150142101 8.49038890175 7.68738140447 7.85361620137 11.8213631596 12.826550649 12.9109570232 12.6279468063 14.3770733253 16.9358637708 17.2323733057 10.025171372 7.66736746057
-9999 -9999 -9999 -9999 -9999 -9999 -9999 -9999 -9999 -9999 28.6078544222 28.9053542324 29.0510692622 28.3747752093 26.9007324017 26.4654601547 27.1058382403 28.4571448639 27.5283567115 26.3601900596 25.4562840601 24.936742618 23.7732461698 23.6221045611 22.5009760987 26.5932029784 22.8464359203 18.9341588742 13.3903648162 14.4024818293 21.0513412277 21.085023504 21.6044049546 18.2136453052 21.938213853 21.769020718 22.3874803685 22.0975531816 21.3772041561 21.4350354984 21.0364731102 19.4039559739 14.8405621912 10.8747773517 12.6897701378 12.6815053557 10.320981113 8.50181385068 13.7141267817 13.6848773922 14.0670877475 13.7079730772 13.2780647238 15.4664020034 16.0394623277 9.43561491622 7.58745437406
-9999 -9999 -9999 -9999 -9999 -9999 -9999 -9999 -9999 -9999 -9999 17.1729930795 21.0755792768 27.6944220878 26.6589568083 26.2495564806 26.6281822067 26.6175767488 24.9370036182 26.234009463 26.4101532012 25.9490106372 23.267613513 21.5568571529 17.8618961573 13.8759329386 17.3296272257 23.4118136763 23.9429736431 24.8609564154 16.2208229336 17.2471523962 18.0251394567 18.0897715309 18.4389228899 17.2749011261 20.187060814 20.1160421389 20.0333183366 20.0409335521 18.1466196265 17.0336385152 16.8682024347 12.230984199 9.48464555331 7.98500236727 9.33961683908 10.3461195345 10.5494190665 13.2613032911 12.2198696051 13.7217862994 14.8765843715 14.8067420467 13.7589369749 13.4247329408 8.13866258341
-9999 -9999 -9999 -9999 -9999 -9999 -9999 -9999 -9999 -9999 -9999 16.0905598438 22.3404571439 26.9406219291 26.7851338015 26.5810856907 25.2001508755 25.0505282413 26.2647485394 26.2969187919 26.1036109279 26.7612165882 23.802070687 22.6366559357 23.0258752087 23.8735033424 18.3527474898 19.1659361575 16.0870758128 23.4495223856 21.0433917314 17.8077718481 10.4909872459 12.1264136912 11.2696404778 17.6069163192 20.1306979952 20.3167521613 19.7705118677 19.5004210538 18.5051224448 18.3358567367 16.0872762216 16.3718910325 13.1389230678 10.6651013167 12.9224304023 14.6939869008 13.6239556694 10.3237524888 11.0093575736 11.0066935062 8.82077572128 14.6315659764 15.3190789779 14.4393022669 13.8513200152
-9999 -9999 -9999 -9999 -9999 -9999 -9999 -9999 -9999 -9999 -9999 29.8551307958 27.8125892424 27.5177836567 26.3367154753 25.7859675527 24.1444563457 23.4429271356 23.9662040007 24.5179129127 25.0249746052 25.1404855555 22.5093007829 20.632603492 21.1229778614 22.694417921 21.981730044 21.7651159173 20.1256126486 16.313914166 13.3408204483 18.6325834756 20.9042774331 21.8816184991 15.8481594088 6.77248259756 10.4355309877 8.42979372943 16.3949045765 16.9821139888 14.9152738369 16.9631589569 17.2417450661 18.3392837874 19.0271642921 19.3158494807 12.2161202266 11.2230907566 11.0759783721 10.5872019858 9.23163638984 10.3002501869 11.0036668093 12.8418503841 14.8814428467 15.3505178357 12.6839781359
-9999 -9999 -9999 -9999 -9999 -9999 -9999 -9999 -9999 -9999 -9999 -9999 27.9083512552 27.8627007499 27.2120306661 25.7969676963 24.5943920759 23.7882999681 23.0512828833 25.1790412667 25.2983135551 24.9135715291 24.4581402932 23.8845864359 23.1256989391 23.3164532023 22.1754284761 22.5086224353 21.5545667164 21.1028401267 20.6441499646 21.0667761146 17.0180262624 12.5659189722 18.6188883493 17.9302116184 13.5213835421 8.45380116583 9.19689075212 18.5668521408 19.0821496852 16.7315412156 19.111997393 20.4698875909 20.646299208 20.4715320431 13.4865853696 11.3425574363 9.23630002333 10.0250651864 8.51722514065 7.46301829507 6.55206058887 6.72344679995 6.53557801578 11.5319877457 9.91588451003
-9999 -9999 -9999 -9999 -9999 -9999 -9999 -9999 -9999 -9999 -9999 29.1071652087 28.8335030863 27.9261882865 27.1179259303 17.7925817863 22.9691339069 24.7899429166 23.1524359301 24.9387313848 23.9677508815 23.8508861091 22.7266764453 22.9667508804 22.7821964854 22.6241269955 20.9846209518 20.8599356018 20.6777088231 20.3397429018 19.0246054783 19.3593969047 18.2417670549 18.1362426872 18.1991038646 11.5931855018 10.8648954487 5.33532402693 5.42322905365 13.9691695206 16.1158533038 14.7994807772 21.5380431398 21.6486257052 23.2551889693 23.1588151691 20.4448663203 14.5398685531 10.6231152501 10.7944492905 8.12813999636 5.57563064591 4.98580040457 5.02752910905 4.67684524556 5.21097723122 7.71294248885
-9999 -9999 -9999 -9999 -9999 -9999 -9999 -9999 -9999 -9999 -9999 29.5614866742 29.9176259869 28.6192678397 26.8477488083 21.6965924232 24.7707338749 25.184662128 25.118943642 25.0846735191 21.2889953376 21.2381487157 23.0684728493 23.4434295847 23.227810799 22.8013875078 17.069930432 17.6637619274 21.378400553 23.5932049138 21.8551099059 19.5488284254 18.0804630355 18.1424418341 17.9695958026 8.68871922842 6.86708173738 10.6363446724 6.0967888565 9.92430797433 14.8381555278 14.4261110485 17.8970788844 18.9417031973 19.2538483166 18.615516739 18.7143890304 18.5980238798 14.7554708533 13.1393063785 7.74267622701 8.16621829757 7.11071724518 6.76490139052 6.35668291882 5.85241644654 4.70795777696
-9999 -9999 -9999 -9999 -9999 -9999 -9999 -9999 -9999 -9999 -9999 29.9227714972 29.8046728915 28.0232085561 27.6393584619 27.4250552629 25.2497243116 25.5984079239 25.0936270586 26.2511493482 21.5357786668 11.0300449612 23.1339257781 19.8083883357 15.1671683257 15.1552750991 16.8349838234 17.6964199208 16.387546477 17.0979222814 16.9357041016 21.7451625894 20.9141155998 20.2374635746 17.4437194501 6.5307812053 3.38078457556 2.01298309094 5.02551550985 6.07181139957 15.7966588218 17.4200043326 14.4129913689 13.2623306085 13.8334065653 13.7025602125 15.681464883 15.8195723742 14.8068862425 14.7625335337 8.23013828175 5.46540445298 4.744599776 4.62454286995 4.66611065814 4.83573383347 5.84815318033
-9999 -9999 -9999 -9999 -9999 -9999 -9999 -9999 -9999 -9999 -9999 -9999 30.2989672982 29.4478376732 28.4360485623 27.2181111721 25.8853253348 26.0316459988 24.8387888015 25.3465987744 24.6992893601 26.2427292456 17.5221841313 14.4957598803 14.3071651517 14.1159475142 12.2081391088 12.7775718036 11.7202813696 10.5954801639 9.08736696648 13.4701726703 17.1164822789 17.7198603515 16.7519143246 7.11766280628 4.55407148278 2.58735095109 7.08157406883 9.33537415039 15.8765873084 16.5776810353 15.8219352296 12.906797568 13.2575314866 13.338185298 14.5285078332 15.2064146776 13.954856842 15.7518362457 14.1338470761 11.2641665815 10.5859568132 8.0564300171 5.55659520954 5.80491811965 5.45667125556
-9999 -9999 -9999 -9999 -9999 -9999 -9999 -9999 -9999 -9999 -9999 -9999 30.2230936264 28.7137742183 27.984999988 27.8790424782 25.7523569193 26.3838100831 25.307907401 25.080874404 25.3077684554 25.4251089378 20.7569935281 18.8856255286 15.6067017131 16.9026297927 17.3232696872 16.357333726 13.7017846782 16.2258697046 13.2924256681 14.0658805746 19.8598770474 21.489810904 11.3943702677 6.60509767833 3.94588138894 7.6597571446 11.0919947734 9.90343670769 14.5620227105 15.5871652028 14.5429631842 14.3894222758 13.7362386408 12.3433390232 11.8913157913 12.2324864462 11.3956451673 13.5199460315 12.723620908 11.9654182667 9.44234530172 3.91122188056 2.96013606693 3.82283720774 2.95450829822
