data/recharge/transience/recharge213.asc
ncols                  80
nrows                 72
xllcorner      4374000.0
yllcorner      5656000.0
cellsize            500
NODATA_value       -9999
[rows 0 to 24 of 72, columns 0 to 56 of 80]
-9999 -9999 -9999 -9999 -9999 -9999 -9999 -9999 -9999 -9999 -9999 -9999 3.5524479741 3.64069045267 -9999 -9999 -9999 -9999 -9999 -9999 -9999 -9999 -9999 -9999 -9999 -9999 -9999 -9999 -9999 -9999 -9999 -9999 -9999 -9999 -9999 -9999 -9999 -9999 -9999 -9999 -9999 -9999 -9999 -9999 -9999 -9999 -9999 -9999 -9999 -9999 -9999 -9999 -9999 -9999 -9999 -9999 -9999
-9999 -9999 -9999 -9999 -9999 -9999 -9999 -9999 -9999 -9999 -9999 -9999 4.71781455012 3.84616599064 3.30020747265 -9999 3.37788670027 -9999 -9999 -9999 -9999 -9999 -9999 -9999 -9999 -9999 -9999 -9999 -9999 -9999 -9999 -9999 -9999 -9999 -9999 -9999 -9999 -9999 -9999 -9999 -9999 -9999 -9999 -9999 -9999 -9999 -9999 -9999 -9999 -9999 -9999 -9999 -9999 -9999 -9999 -9999 -9999
-9999 -9999 -9999 -9999 -9999 -9999 -9999 -9999 -9999 -9999 3.94239332796 3.63817597253 4.12841977147 4.24658644871 2.99558824139 2.82848882074 2.45961599642 2.52341875053 -9999 -9999 -9999 -9999 -9999 -9999 -9999 -9999 -9999 -9999 -9999 -9999 -9999 -9999 -9999 -9999 -9999 -9999 -9999 -9999 -9999 -9999 -9999 -9999 -9999 -9999 -9999 -9999 -9999 -9999 -9999 -9999 -9999 -9999 -9999 -9999 -9999 -9999 -9999
-9999 -9999 -9999 -9999 -9999 -9999 -9999 -9999 -9999 3.7272897716 3.88542796102 3.88772071399 3.53899346862 3.71456295707 3.45587172229 3.20393687455 2.84238153141 3.3936686743 -9999 3.64806192478 -9999 -9999 -9999 -9999 3.04112416591 3.2652765701 -9999 -9999 -9999 -9999 -9999 -9999 -9999 -9999 -9999 -9999 -9999 -9999 -9999 -9999 -9999 -9999 -9999 -9999 -9999 -9999 -9999 -9999 -9999 -9999 -9999 -9999 -9999 -9999 -9999 -9999 -9999
-9999 -9999 -9999 -9999 -9999 -9999 -9999 -9999 4.87452804131 4.30782062186 3.56491529044 3.67006032843 3.43925372975 3.16479320256 3.06025004699 2.886172681 2.56299622387 2.50276048023 2.34642251974 2.72422566806 2.67815081432 2.86751299055 -9999 2.69570509505 3.51630159454 3.47993024176 -9999 -9999 -9999 -9999 -9999 -9999 -9999 -9999 -9999 -9999 -9999 -9999 -9999 -9999 -9999 -9999 -9999 -9999 -9999 -9999 -9999 -9999 -9999 -9999 -9999 -9999 -9999 -9999 -9999 -9999 -9999
-9999 -9999 -9999 -9999 -9999 -9999 4.87896095334 4.07171757598 3.7284702688 3.90705073808 4.05249478838 4.37340805323 3.82941260405 3.62081322778 3.00041323081 3.26586370228 2.65435388666 2.51116513844 2.66448546189 2.6866335772 2.583647615 2.77356294888 2.80072094174 2.73719862361 3.08505951449 2.96686860243 3.26211112511 -9999 -9999 -9999 -9999 -9999 -9999 -9999 -9999 -9999 -9999 -9999 -9999 -9999 -9999 -9999 -9999 -9999 -9999 -9999 -9999 -9999 -9999 -9999 -9999 -9999 -9999 -9999 -9999 -9999 -9999
-9999 -9999 -9999 -9999 -9999 -9999 5.05670883343 4.61179505228 3.52933244485 3.3898027885 3.14133409917 3.49827720454 3.22288964968 2.79994045288 2.53869175253 2.35112374104 2.20983931576 1.64130595578 2.12506165117 2.00524637675 2.19080576951 2.63299554077 2.48536358072 2.52343547101 2.62833926285 2.43311834707 3.22892207289 3.20318561074 3.38629703732 3.1759364848 3.89876896049 3.85208806975 -9999 -9999 -9999 -9999 -9999 -9999 -9999 -9999 -9999 -9999 -9999 -9999 -9999 -9999 -9999 -9999 -9999 -9999 -9999 -9999 -9999 -9999 -9999 -9999 -9999
-9999 -9999 -9999 -9999 -9999 5.8978962938 5.21392646205 5.16434997861 4.59052058134 4.64015391892 4.2181106046 3.87309406449 2.95113733022 2.99380383606 2.9175859057 3.00063725171 1.70811639475 0.768903203788 1.52728529187 2.04354510398 2.2058076362 2.09640698427 2.31432657553 2.41638009793 2.68603345921 2.8381054724 3.13716550985 2.85822755133 3.2379892571 3.15146879599 3.09199448767 3.27644840515 2.97821575046 2.84476301267 -9999 -9999 -9999 -9999 -9999 -9999 -9999 -9999 -9999 -9999 -9999 -9999 -9999 -9999 -9999 -9999 -9999 -9999 -9999 -9999 -9999 -9999 -9999
-9999 -9999 -9999 -9999 -9999 6.08246330881 5.57717573682 5.60679610146 4.88985035457 4.58484957624 4.27024796705 4.50928274863 2.30928549795 1.86378538134 3.74028114344 3.79206462818 1.92973438556 0.648324028223 1.28783134023 1.5874993366 2.07312993414 2.19536605125 2.63482240052 2.50882054568 2.41310835615 2.01175699306 2.60018005438 2.29394720087 2.53260909203 2.38246882919 2.26298511543 2.48892356644 2.85460886768 2.70306818119 2.82863028207 2.75761202099 -9999 -9999 -9999 -9999 3.33620796138 3.06731395132 -9999 -9999 -9999 -9999 -9999 -9999 -9999 -9999 -9999 -9999 -9999 -9999 -9999 -9999 -9999
-9999 -9999 -9999 -9999 -9999 5.75544618314 5.30863779915 5.28268050427 5.08276209679 5.32665293928 4.7830192537 4.60144749002 3.9297945364 4.31312384319 4.05458392819 3.252225958 2.50364755364 3.15421160064 2.80715367383 3.06642805581 2.50775243293 2.10661578311 2.07675600746 1.95938846195 2.33549799634 2.21750977329 2.46132292473 2.17708988782 2.65648459424 2.18689652231 1.25177922633 1.90642510727 2.8106469768 2.58826952102 2.62759640397 2.89504911073 2.95561771122 -9999 -9999 3.14524018695 3.45144381781 3.32059017198 3.62130787231 -9999 -9999 -9999 -9999 -9999 -9999 -9999 -9999 -9999 -9999 -9999 -9999 -9999 -9999
-9999 -9999 -9999 -9999 -9999 -9999 6.26693274863 6.35092509621 5.61584685003 5.40586459971 4.59930435514 4.94820956096 4.88347583463 4.9063799206 3.28913129626 3.00014117497 2.8146355761 2.70721723191 2.33279700888 2.3498505022 2.39053903736 2.51879225861 2.33718495914 2.56011223306 2.31538564144 2.03540118703 1.84765106078 2.0967745106 1.9895411737 2.04502103706 1.97823334168 2.34642484767 2.24898091698 2.30216236879 2.55334816536 2.62210300266 2.72233013839 2.60429625325 3.03164847246 2.93574570342 2.99675501091 3.54745204521 2.99404518169 2.73605251889 -9999 -9999 -9999 -9999 3.7697467853 3.44888634839 0.611693236706 -9999 -9999 -9999 -9999 -9999 -9999
-9999 -9999 -9999 -9999 -9999 -9999 -9999 5.8272471608 5.24089276697 5.77898181129 5.37577002716 4.97933111975 3.93578926718 3.45658886916 3.182775564 3.87740540739 3.53383226096 3.54258863898 3.26060296511 2.7442104329 2.21365752695 2.23238275682 2.182691051 2.21123659889 2.0818705028 1.81689700034 1.94723882939 1.95344393812 2.1045762451 1.9326957814 2.101451395 2.06064750887 2.31574655302 2.16610589166 2.69833930439 2.67449997999 2.94553405717 2.86305375627 2.9629597161 2.95506179182 2.63118639054 2.65334448163 2.74194307052 2.63807573914 2.35649684251 2.60561073016 2.84140205621 2.44370104706 2.37402256026 2.77191812655 2.37369529691 1.59681325115 -9999 -9999 -9999 -9999 -9999
-9999 -9999 -9999 -9999 -9999 -9999 -9999 -9999 4.97114934002 4.79554227538 4.98820767915 5.40113571799 4.63154595834 4.93116638569 4.53841671456 4.1861417695 3.10767385158 3.12527909306 2.47004495042 2.80029561502 3.4064694342 3.27303643045 2.60981893535 2.054938289 1.95502507778 2.00790280477 1.77178497564 1.79408184668 1.55339340211 1.37991120163 1.71405227428 1.7555746217 1.86588113683 1.80894079322 2.09346049654 2.22693228461 2.50421147735 2.63675476431 2.5819240086 2.5933373672 2.80591226159 2.66321226202 2.29705237069 2.09824919604 2.08702607662 1.90106053199 2.15524735314 1.90608188979 1.77622294326 2.22318426775 2.22393044762 2.33624120731 1.84073465017 -9999 -9999 -9999 -9999
-9999 -9999 -9999 -9999 -9999 -9999 -9999 -9999 5.83347707502 5.29543652058 4.68653752879 4.71491035558 4.2938114416 4.26605064674 3.55050217498 3.46852004289 2.94771151479 3.16780670841 2.80427886782 3.03368579484 3.18898087052 3.20011934543 3.05614888482 3.21294832024 2.49719681859 1.76288656202 2.23311624813 2.18037907417 1.83764612912 1.54973427221 1.42685189905 1.62171733805 1.60196356629 1.74237419948 2.15893810907 0.726785634467 2.74870931316 2.53266643729 2.57450772274 2.52022381602 2.58166968156 2.42232718554 2.13799854212 2.13107816523 1.90849189754 1.88621447831 2.12766412363 1.95713467726 1.93724188377 2.39993220248 2.30296043255 2.31519506494 2.0183182635 2.34279682697 1.88536092427 2.04045738193 -9999
-9999 -9999 -9999 -9999 -9999 -9999 -9999 -9999 -9999 6.2019167631 5.38076671944 4.53893748668 4.3645628611 4.28401156474 3.68828741968 3.69836312191 3.84218714545 4.07349134761 4.00617484962 4.03280057278 3.77559109822 3.0502454656 3.02250809967 4.65039416834 3.23775925052 2.8240084945 1.94093831557 1.65045748673 1.27657586286 1.57703218497 1.57566405181 1.61922417256 1.66842350092 1.47012308107 1.61731042131 1.49599307918 2.33063829197 2.17382701749 2.17415163403 2.20401583407 2.24126487893 2.27277092327 1.81275020797 2.34662042424 1.86209185155 1.59291131183 1.45638555513 1.48957796339 1.85616930757 1.83807346893 1.87270716964 1.80137409367 1.67670760719 1.89921661551 2.00429154999 1.62184162423 1.26887232428
-9999 -9999 -9999 -9999 -9999 -9999 -9999 -9999 -9999 -9999 4.81945119322 4.81209180908 4.24669877344 4.23154123552 3.41663469488 3.11810439144 3.39919023875 4.05547828919 3.57298214112 3.1171141974 2.81764457431 2.8086689574 2.27856933907 2.57224862283 2.32894203483 2.95951294629 2.57499145815 1.9437557711 1.3794420592 1.46953972901 1.53375707563 1.5446784233 1.83711184794 1.5830844173 2.18701990028 1.97697256976 2.26067073951 2.17610021993 2.19647945454 2.21317438886 2.37830855095 2.28905763178 1.92986651848 1.93598461327 2.64041884295 2.59628983314 2.14361899767 1.6860744886 1.99839064905 1.9791792163 2.16110980231 2.07564200363 1.70924111407 1.81242326307 1.67899343813 1.57319730633 1.25127569224
-9999 -9999 -9999 -9999 -9999 -9999 -9999 -9999 -9999 -9999 -9999 2.00595481688 1.99671420136 3.92148136035 3.41381010975 3.17829917241 3.56557948229 3.51959249538 2.71432397948 2.88341721095 3.03417929635 2.98141184053 2.38949629015 1.96685371728 1.8238890989 1.2984218882 1.8468085626 2.69382514202 2.51023498059 1.02906315817 1.07516590364 1.32756688563 1.38678279312 1.51508218721 1.7291794941 1.52000549105 1.8899026597 1.87219443024 2.08568668735 2.0844282077 2.2307460394 1.92175379118 2.11250364747 1.94237337676 1.78842403542 1.59061503762 1.79052937215 2.1614534018 1.81734561095 1.8507530935 1.73797250679 1.97967855234 1.96033663112 1.69680934196 1.39926429322 1.44321388467 1.23190846977
-9999 -9999 -9999 -9999 -9999 -9999 -9999 -9999 -9999 -9999 -9999 1.65464576032 2.41068863564 3.58570556537 3.56128810609 3.44348695726 3.06964799492 2.78114720776 2.79767919506 2.83406826259 2.69270162774 3.06473059393 2.19768838711 2.2287669408 1.91130231567 2.26820629286 2.05447082535 2.09366794636 1.71508825522 1.73482504073 2.15175400479 1.97374230818 1.15620555391 1.37198225912 1.50114948143 1.6053439069 1.87934767471 1.92241711852 2.0157178869 1.95745455612 1.91181728971 2.2489853483 1.88562440958 1.97732870373 2.13938228057 2.15323804257 2.76824516818 3.14013516832 2.85987096623 2.02572402768 2.18673464094 2.06955427997 1.56109380224 1.98903967388 1.82517203107 1.59132720336 1.42247577845
-9999 -9999 -9999 -9999 -9999 -9999 -9999 -9999 -9999 -9999 -9999 5.29322592718 4.57417512782 4.33234950243 3.13249953854 3.31040653151 2.9139079745 2.31602419989 2.07494182177 2.28614071665 2.28929923748 2.35617062777 2.07972627678 1.83202931132 1.46308319202 1.43735966769 1.34580730399 1.30508678814 1.36265626575 1.36917445009 1.3847532656 2.05573802392 2.78141316854 2.80244798309 1.68488763199 0.963718038579 1.45407421904 1.00494118193 1.73973665729 1.0443468038 0.939911499022 2.04438166027 2.31603061438 2.60862840252 3.06063306189 3.6117725441 2.55698314933 2.28939724133 2.23712647458 2.23550134215 1.88582875807 2.14546688238 2.25849856157 2.53362689622 2.27970218251 1.27279956849 0.972184503289
-9999 -9999 -9999 -9999 -9999 -9999 -9999 -9999 -9999 -9999 -9999 -9999 3.7608487781 4.19980738651 3.70978629483 3.20644720485 2.84416183979 2.7661213488 2.35205179252 2.46383276948 2.38399178599 2.21185411621 2.052911394 2.06743650969 1.5530167928 1.60269687975 1.38179490331 1.45033604943 1.37585476139 1.28649355695 1.36155378616 1.45192268388 1.44023321652 1.3938157013 2.01760319485 0.659414948789 1.72750225016 1.19218699525 1.30269324235 1.93049349306 2.29208273472 1.96430307371 2.82178145388 3.18782783933 3.43197479252 3.45438384431 2.77353256719 2.32186001711 1.76356652595 2.00027485866 1.78005795879 1.48547391558 1.25921423308 1.27072007596 1.19033718086 1.26807639589 0.378912712418
-9999 -9999 -9999 -9999 -9999 -9999 -9999 -9999 -9999 -9999 -9999 4.72585384036 4.46063912505 4.6678091661 4.22891256036 1.7887332001 2.24640895797 2.87672702048 2.31090195345 2.45262908609 1.88206246884 1.83762064519 1.55298798353 1.60993224411 1.55035507303 1.51532207155 1.23607438545 1.1781459574 1.20747884355 1.14820649299 1.14318966858 1.20865725823 1.21094176717 1.19116207065 1.4196889424 1.42178941717 1.66272081269 0.896274873852 0.901183406165 1.5988488541 1.97033114982 1.74765626049 3.08348603652 3.437239687 3.99255202026 3.94856921676 3.5008870627 3.12015796029 2.24789278269 2.23287157396 1.65611076858 1.1079524335 0.974511483907 0.984081206486 0.904535685892 1.01725123464 1.44980553021
-9999 -9999 -9999 -9999 -9999 -9999 -9999 -9999 -9999 -9999 -9999 4.91816917251 5.33586172767 5.1169818076 3.90760440811 2.31611635599 3.03613466787 3.02908529954 2.44810665972 2.50608707914 1.704915587 1.59571917042 1.68937575236 1.76326975364 1.66160557457 1.70074439855 0.681608412717 0.832037057366 1.28524564263 1.85303977636 1.73825564311 1.24586533832 1.17974161724 1.19261366857 1.36846297068 0.942075262704 1.11586946545 1.65336480795 1.12505383825 1.56641385588 1.63133753576 1.96250370184 2.5801930583 2.61461826981 2.73240509932 2.55457314424 2.77725074805 2.87932587489 2.47895855789 2.47915842342 1.61386740297 1.70223774995 1.47481187562 1.38359353642 1.28605126184 1.17163310307 0.864376526676
-9999 -9999 -9999 -9999 -9999 -9999 -9999 -9999 -9999 -9999 -9999 5.85560679826 5.68691940367 5.01776080398 4.64261679041 4.51814793701 3.15253405281 3.46999885055 2.94284676098 3.13736370258 1.52975088671 0.654398737319 1.79447155925 2.68511450545 1.9404417577 1.93568376674 2.0512606766 1.84052233754 1.41550136217 1.19154484982 1.26600777519 1.80204553655 1.95062199736 1.78535874999 1.46947359457 0.708936824332 0.615171867801 0.398169439044 1.04928935948 0.873011083053 1.87616159787 2.24539256752 2.15433940119 1.88633148989 1.93036420015 1.95994233035 1.99277111283 2.03060098807 1.95382020167 1.86500573342 1.53755590657 1.16663701732 0.960944652067 0.93929492134 0.898887451455 1.02923665795 1.22490014953
-9999 -9999 -9999 -9999 -9999 -9999 -9999 -9999 -9999 -9999 -9999 -9999 5.82512591482 5.57821880315 4.62676246808 4.26277409007 3.79394784275 3.73949901858 2.95831950557 3.0886575087 2.78941097945 3.16146642332 2.21035417156 1.85570445049 1.76837378539 1.73110957799 1.36023652349 1.4663655172 1.31479747092 1.11578326006 0.97596485825 1.12013675361 1.0991914166 1.22181259862 1.31261404016 0.960044838349 0.799534071674 0.539217223105 1.28319911384 1.4991665146 1.90372406818 1.75526962448 1.95739921751 1.87337405253 2.04754281972 2.06305272214 1.83604427787 1.86847051006 1.71747715973 1.84541985404 1.56746637402 0.535364139929 0.616967264838 1.42744744351 1.02081620437 1.05069801099 0.945378167138
-9999 -9999 -9999 -9999 -9999 -9999 -9999 -9999 -9999 -9999 -9999 -9999 6.48332959401 5.70109078905 4.84057804162 4.63662248541 3.81077460327 3.98753345494 3.45263772476 3.1015455616 2.90512556378 2.67807915246 2.46119997063 2.84414537649 2.17643335728 2.43156600801 2.51524182108 2.27960544993 1.81993532313 2.32904788413 1.87643666591 2.01102337081 2.31594408669 2.20214067757 1.58531833822 1.08003047309 0.809296726695 1.31547275283 1.98210089835 1.58106433111 2.15738234498 1.60605849502 1.50972312764 1.49612983839 1.64685044485 1.62679106523 1.42755057818 1.35954796412 1.24791878425 1.46472405237 1.37565057732 1.01547788643 1.15157173098 0.675754568979 0.526270269655 0.711061340007 0.513581496626
