data/recharge/transience/recharge96.asc
ncols                  80
nrows                 72
xllcorner      4374000.0
yllcorner      5656000.0
cellsize            500
NODATA_value       -9999
[rows 0 to 24 of 72, columns 0 to 56 of 80]
-9999 -9999 -9999 -9999 -9999 -9999 -9999 -9999 -9999 -9999 -9999 -9999 1.18823899689 1.23999912875 -9999 -9999 -9999 -9999 -9999 -9999 -9999 -9999 -9999 -9999 -9999 -9999 -9999 -9999 -9999 -9999 -9999 -9999 -9999 -9999 -9999 -9999 -9999 -9999 -9999 -9999 -9999 -9999 -9999 -9999 -9999 -9999 -9999 -9999 -9999 -9999 -9999 -9999 -9999 -9999 -9999 -9999 -9999
-9999 -9999 -9999 -9999 -9999 -9999 -9999 -9999 -9999 -9999 -9999 -9999 1.37631027036 1.2205710757 1.19362770094 -9999 1.75051331045 -9999 -9999 -9999 -9999 -9999 -9999 -9999 -9999 -9999 -9999 -9999 -9999 -9999 -9999 -9999 -9999 -9999 -9999 -9999 -9999 -9999 -9999 -9999 -9999 -9999 -9999 -9999 -9999 -9999 -9999 -9999 -9999 -9999 -9999 -9999 -9999 -9999 -9999 -9999 -9999
-9999 -9999 -9999 -9999 -9999 -9999 -9999 -9999 -9999 -9999 1.23761585951 1.19361687639 1.33887819258 1.36882311487 1.66851430241 1.36625822239 1.25141947238 1.23219147473 -9999 -9999 -9999 -9999 -9999 -9999 -9999 -9999 -9999 -9999 -9999 -9999 -9999 -9999 -9999 -9999 -9999 -9999 -9999 -9999 -9999 -9999 -9999 -9999 -9999 -9999 -9999 -9999 -9999 -9999 -9999 -9999 -9999 -9999 -9999 -9999 -9999 -9999 -9999
-9999 -9999 -9999 -9999 -9999 -9999 -9999 -9999 -9999 1.11907906128 1.21975319652 1.21914897706 1.17582823524 1.22832642071 1.76999877742 1.64345663077 1.34300584796 1.84678527648 -9999 1.74909796006 -9999 -9999 -9999 -9999 0.995178842915 1.10583945388 -9999 -9999 -9999 -9999 -9999 -9999 -9999 -9999 -9999 -9999 -9999 -9999 -9999 -9999 -9999 -9999 -9999 -9999 -9999 -9999 -9999 -9999 -9999 -9999 -9999 -9999 -9999 -9999 -9999 -9999 -9999
-9999 -9999 -9999 -9999 -9999 -9999 -9999 -9999 1.53012743437 1.34117602451 1.49289197255 1.47324014189 1.77057366813 1.67566584938 1.81526494892 1.75382501843 1.46314992788 1.43467657414 1.33949577464 1.81661578714 1.85048219597 1.93286941479 -9999 1.37020737811 1.35965270694 1.37553048886 -9999 -9999 -9999 -9999 -9999 -9999 -9999 -9999 -9999 -9999 -9999 -9999 -9999 -9999 -9999 -9999 -9999 -9999 -9999 -9999 -9999 -9999 -9999 -9999 -9999 -9999 -9999 -9999 -9999 -9999 -9999
-9999 -9999 -9999 -9999 -9999 -9999 1.22676155895 1.08707215165 1.1746324308 1.22404707798 1.66109408476 1.69997427569 1.9108977886 1.83704246602 1.79472680726 1.89673710488 1.67122522182 1.56833689865 1.74436427605 1.79637273764 1.80883740664 1.88832646498 1.51141835498 1.38096523598 1.24579478627 1.20487936658 1.07336876074 -9999 -9999 -9999 -9999 -9999 -9999 -9999 -9999 -9999 -9999 -9999 -9999 -9999 -9999 -9999 -9999 -9999 -9999 -9999 -9999 -9999 -9999 -9999 -9999 -9999 -9999 -9999 -9999 -9999 -9999
-9999 -9999 -9999 -9999 -9999 -9999 1.33667671364 1.25122482842 1.40143820333 1.35938993512 1.43569190675 1.51318261488 1.82675870216 1.70886482399 1.71261545062 1.62601409036 1.65341668051 1.74984891962 1.69184338914 1.65234151898 1.73179763354 1.93035868583 1.83802911941 1.72749965647 1.32327085676 1.25211210657 1.13366944424 1.37025765678 1.30136856065 1.23929311633 1.51322536436 1.49865211584 -9999 -9999 -9999 -9999 -9999 -9999 -9999 -9999 -9999 -9999 -9999 -9999 -9999 -9999 -9999 -9999 -9999 -9999 -9999 -9999 -9999 -9999 -9999 -9999 -9999
-9999 -9999 -9999 -9999 -9999 1.40725813537 1.38680851008 1.39256294667 1.68337944879 1.75575376476 1.82342528115 1.67462308336 1.72523420205 1.80079001634 1.85708968823 1.88301584718 1.92443249406 1.29915778726 1.76107216571 1.66471730323 1.73995232548 1.69274697067 1.76208966679 1.80562688197 1.44924741894 1.4817119249 1.06180440626 1.19496887418 1.25483789403 1.22995432888 1.24824297316 1.30734065547 1.23010658565 1.18937644289 -9999 -9999 -9999 -9999 -9999 -9999 -9999 -9999 -9999 -9999 -9999 -9999 -9999 -9999 -9999 -9999 -9999 -9999 -9999 -9999 -9999 -9999 -9999
-9999 -9999 -9999 -9999 -9999 1.40856683369 1.40195756146 1.41094509511 1.73188816698 1.63743742632 1.76036315607 1.84040009299 1.95993532032 1.71834548788 2.18527994062 2.3029734679 2.0453474817 1.21009483527 1.93468685426 1.83172224046 1.70671761789 1.78511596281 1.94436463071 1.88870329786 1.79924438248 1.65358203322 1.28999064501 1.2816732439 1.42299152058 1.40865466813 1.35517590111 1.37117794801 1.21867664106 1.17166058674 1.14399019501 1.11667464252 -9999 -9999 -9999 -9999 0.914645819448 0.937973759978 -9999 -9999 -9999 -9999 -9999 -9999 -9999 -9999 -9999 -9999 -9999 -9999 -9999 -9999 -9999
-9999 -9999 -9999 -9999 -9999 1.32068231827 1.3313754167 1.3309080989 1.7949339372 1.88296864362 1.94209729217 1.87552619579 2.11549656272 2.34115452923 2.3228096031 2.05900064149 1.9430492367 2.20203034443 2.05675183655 2.20034462592 1.89957894242 1.74878465403 1.69257430281 1.64026349951 1.77796713823 1.65524470454 1.27723363097 1.12123017033 1.44215004335 1.40378491619 1.48030832466 1.44627834118 1.2036510769 1.15155608573 1.01812868912 1.15661875014 1.09942636079 -9999 -9999 0.993896500409 1.03545352096 1.00234033484 1.05745076724 -9999 -9999 -9999 -9999 -9999 -9999 -9999 -9999 -9999 -9999 -9999 -9999 -9999 -9999
-9999 -9999 -9999 -9999 -9999 -9999 1.50344370878 1.56913250455 1.52545130882 1.46640755788 1.73355694133 1.8471196 2.26148300512 2.17075178607 1.99110239881 1.87317943599 1.97734693032 1.93531492202 1.811597592 1.81304735901 1.86477078957 1.91929550432 1.82081657217 1.93214147688 1.77794506934 1.63811931895 1.25127204348 1.18966585065 1.51037648634 1.57585390904 1.57089439192 1.66589591987 1.40413521683 1.33442796464 1.22998330888 1.4416720194 0.985743887656 0.753496121267 0.996789250923 0.971088270671 0.926323554356 1.06971122859 0.783914368672 0.585985715121 -9999 -9999 -9999 -9999 0.740533585874 0.664325279687 0.562704224576 -9999 -9999 -9999 -9999 -9999 -9999
-9999 -9999 -9999 -9999 -9999 -9999 -9999 1.42606056936 1.41947682341 1.57379380144 2.00398949287 1.86218775394 1.97421591333 1.77101943817 1.93593124011 2.24408839274 2.28058449007 2.22869747244 2.21230926134 1.97778200569 1.78035091074 1.78500924671 1.75009728542 1.77041164833 1.67488762664 1.5493093472 1.24788262325 1.54772556904 1.57879158887 1.52548265565 1.58545331867 1.56959708942 1.42729538598 1.44104164472 1.47059511919 1.46320002387 0.895624999761 0.924286783981 0.97954984484 0.976668397828 0.843985132061 0.768499339915 0.59927532468 0.694579900106 0.637297325055 0.759448062246 0.714561793208 0.605450878622 0.582586955723 0.519908223814 0.647576236408 0.677953465928 -9999 -9999 -9999 -9999 -9999
-9999 -9999 -9999 -9999 -9999 -9999 -9999 -9999 1.35815561092 1.31870180896 1.48732268144 1.61038148201 1.93479007384 2.06523005521 2.12225658234 2.1051757829 1.99299639508 2.00433507032 1.8147890179 1.94740843445 2.22821992325 2.16866155816 1.86700063724 2.64075858955 2.66093918095 2.3962588494 1.2481249224 1.49743125255 1.32891659151 1.1885661 1.20999412167 1.27268892696 1.29331048479 1.22019306283 1.35640155931 1.39969768418 1.33687488931 1.38698219236 1.19473427989 1.14163008859 0.86674655781 0.780645426733 0.813354530709 0.741798194808 0.721573160502 0.656114121382 0.697503070167 0.616696965355 0.578874579695 0.568205260062 0.598164559775 0.677716336109 0.759547371705 -9999 -9999 -9999 -9999
-9999 -9999 -9999 -9999 -9999 -9999 -9999 -9999 1.60166521439 1.44629094244 1.40473250811 1.4129979833 1.79138063528 1.78293363503 1.92943078971 1.8961125592 1.93850689424 2.02971929511 1.95022884485 2.04784627684 2.14887131096 2.13666626523 2.53857254321 3.80838244997 3.16441487664 2.48855096816 2.48831027259 1.48186328948 1.32211880047 1.04004352531 1.18940454753 1.24457865113 1.1859121898 1.20568536891 1.3885781106 1.34943553271 1.42875030904 1.34870841148 1.19093302082 1.17395718287 1.11854508418 0.843939021717 0.75741861679 0.753328410789 0.659462281354 0.651428636095 0.68851496918 0.63312698319 0.584059802282 0.629319492667 0.617077277922 0.620177757285 0.795379537992 0.906136712406 0.816842987993 0.860910783673 -9999
-9999 -9999 -9999 -9999 -9999 -9999 -9999 -9999 -9999 1.73364938707 1.63445406985 1.39552472155 1.79568990915 1.8295446093 2.08893309786 2.10890462807 2.35320628333 2.43939507511 2.45075848958 2.47109220282 2.31825685416 2.03536843635 2.07839910393 4.69616004859 3.93998644938 3.57261952861 2.5806035066 2.04027892871 0.800799541198 1.22188550315 1.10609109378 1.13157024986 1.05931968379 0.941086679424 1.14745087567 1.34652657676 1.3061174993 1.24878949133 1.15135531976 1.16030065625 1.07934059141 0.976207239128 0.568705822517 0.800012985947 0.61226842853 0.53718362318 0.48709655565 0.477931497266 0.512677268398 0.53232269624 0.550658102218 0.53270173452 0.682977348593 0.799187688973 0.827907381633 0.587567890785 0.494289619705
-9999 -9999 -9999 -9999 -9999 -9999 -9999 -9999 -9999 -9999 1.47952615413 1.47588928205 1.75840635961 1.78270926525 1.97918240378 1.87048163832 1.88654711792 2.29826829113 1.96624865991 1.68200865879 1.62534884039 1.47965186815 1.56686417463 2.03312899296 3.03921630727 3.64929760864 2.99706772062 2.55748457757 1.78941588195 0.974103519447 1.22691037535 1.23075248688 1.28731111959 1.06628015959 1.29151754435 1.27064518458 1.27918540392 1.24915435482 1.15911489137 1.16478990211 1.12179615713 1.06574400459 0.814075930987 0.815155351699 0.993033905603 0.911897275172 0.748865859806 0.515850351366 0.605932765554 0.605479952741 0.625174937234 0.60133155097 0.622320913991 0.744922320159 0.735027805794 0.582018267387 0.487150160429
-9999 -9999 -9999 -9999 -9999 -9999 -9999 -9999 -9999 -9999 -9999 1.33692193276 1.80568881346 1.91662036982 2.0050800245 1.88121528233 1.57869143697 1.56217175075 1.42029049354 1.6600410017 1.89400537142 1.77383519203 1.31805062831 1.1360216792 1.09291578939 1.33959982863 2.15063339451 2.97352154461 2.8805404508 2.15585023424 1.31399037996 0.999781853544 1.05433802867 1.05428718651 1.07256471126 0.960749938458 1.10480651728 1.09796093816 1.07260247578 1.07315578556 0.996498063959 0.910409205607 0.870470472301 0.681251507385 0.616723134707 0.499171651307 0.656479338809 0.738484114401 0.597019418595 0.627547911679 0.565793559552 0.642116674157 0.692416024041 0.693963903242 0.63186740846 0.624134414089 0.436665817774
-9999 -9999 -9999 -9999 -9999 -9999 -9999 -9999 -9999 -9999 -9999 1.22980832183 1.94304783738 1.78367335333 2.02399633592 1.78297478999 1.38816970163 1.39328559651 1.8186672622 1.83209177563 1.84134711612 1.99531903762 1.57803145107 1.24390762305 1.45040350893 1.51400521939 1.21299567435 1.78381607407 1.89198473478 2.44549927637 2.51921178011 2.16224608832 0.990353128412 1.12162251129 0.686670497307 0.917997762794 1.09959448723 1.11735863955 1.04778656733 1.03255595033 1.03476843965 1.03045851573 0.811266687716 0.831063179645 0.696617844507 0.714779781631 0.947179180815 1.12896936806 1.04467635593 0.702333419 0.85113522839 0.816605035671 0.562850321699 0.741805838301 0.750508165308 0.682860164996 0.636740000349
-9999 -9999 -9999 -9999 -9999 -9999 -9999 -9999 -9999 -9999 -9999 1.66559996119 2.16120696358 2.06803204612 1.92120379221 1.8004168351 1.42483618626 1.38305397801 1.62786516606 1.67820552485 1.67037765177 1.69773220417 1.33286236503 1.09622606264 1.1969400653 1.26064868506 1.17921760616 1.15902594935 1.12125551978 0.925148525596 0.967399087399 1.90598090967 2.48008051192 2.55619642972 1.55552834292 0.901089415334 1.17872917763 0.747159220559 0.824107615351 0.946918629599 1.07725339376 0.91313711863 0.907785748248 1.00425585411 1.03032154313 1.13361589163 0.874925527109 0.781663898436 0.784513124921 0.761145730046 0.65467470884 0.749702118292 0.836485550687 0.967119195969 0.804907793605 0.787018628405 0.615901666458
-9999 -9999 -9999 -9999 -9999 -9999 -9999 -9999 -9999 -9999 -9999 -9999 1.85988096772 2.00342740455 2.14852166534 1.95501768932 1.6342531209 1.35263288266 1.34771878533 1.73876436363 1.71191796704 1.63940972424 1.54404216908 1.46584297468 1.31309526708 1.33725282997 1.19738124061 1.22925082255 1.14580279014 1.1040437956 1.08110464565 1.12043425368 0.885612001496 0.826004327093 1.66657012137 1.22329508522 1.37746304993 0.99493489834 0.722718789545 0.973718230621 1.00529544468 0.901590591167 1.07453602881 1.20260841204 1.18967691108 1.16592498944 0.859901268832 0.792743748933 0.611208625582 0.684659093374 0.592621634131 0.50089212609 0.431032966512 0.46234304065 0.451045556862 0.636646319547 0.475546102333
-9999 -9999 -9999 -9999 -9999 -9999 -9999 -9999 -9999 -9999 -9999 1.89003879655 1.89217631126 1.98605239449 2.39724812505 1.79054059146 2.01414658529 1.83281945976 1.54238033377 1.75106935255 1.51096334846 1.49138548714 1.32678472893 1.35426069768 1.29462190534 1.27863920338 1.09205382505 1.07654422988 1.03844835233 1.00961493459 0.954567109576 0.983422105883 0.925140967703 0.916214331002 0.940866465127 1.12585197532 1.24551700059 0.700860886496 0.616656227836 0.748480677653 0.86535714349 0.771597108927 1.14664016586 1.25383150821 1.40726942185 1.40018741148 1.16267417372 1.04788576121 0.798620226788 0.816725538998 0.592260342976 0.380434277 0.327871678058 0.331374999821 0.309261175224 0.353975085382 0.56497675963
-9999 -9999 -9999 -9999 -9999 -9999 -9999 -9999 -9999 -9999 -9999 1.95729379279 2.21376425321 2.15913580065 2.16069301249 2.07986358262 2.06045623086 1.99793132136 1.75527494457 1.77000414202 1.7437303462 1.52741011578 1.37555143361 1.42104955602 1.34463490337 1.33369495808 1.26703473918 1.3018249628 1.1196245186 1.32559211075 1.21311305922 0.999898772103 0.911465526874 0.916752554679 0.920934283228 0.538158214365 0.842307384667 1.19248712497 0.697069910347 0.578657211117 0.772583850756 0.731744799594 0.938190529357 1.01809884047 1.00588685334 0.952503674037 1.00120488847 1.01782475363 0.855439131515 0.827077201058 0.563625826153 0.615312844536 0.512396238132 0.482718592933 0.454957133508 0.410695462012 0.301050289309
-9999 -9999 -9999 -9999 -9999 -9999 -9999 -9999 -9999 -9999 -9999 2.23300734311 1.8631683301 1.65244594852 2.29336844786 2.25452885141 2.04169711119 1.96413098765 2.01387560612 2.04351885424 1.64814729177 1.29872209839 2.00799237254 1.62247203058 1.26784928841 1.2675994251 1.25647720881 1.15866122827 0.946552606976 0.904060210913 0.997330431412 1.34665534017 1.33791268128 1.26662689292 1.05775846726 0.517327558203 0.586615404488 0.399635626303 0.705608905034 0.425665873095 0.869644251983 0.90618322791 0.730537767393 0.654384596596 0.67854837821 0.651149775395 0.802019378753 0.811924933694 0.765661319363 0.738470018557 0.453618170275 0.367532363697 0.292441293775 0.282965998217 0.275925649745 0.319271923941 0.404181025935
-9999 -9999 -9999 -9999 -9999 -9999 -9999 -9999 -9999 -9999 -9999 -9999 1.9135172088 1.82408399829 2.20467629916 2.15431144719 1.93287132421 2.02822014787 1.89469229695 2.05959974037 1.82914471566 2.00030701074 1.38029635683 1.23781324542 1.17893873811 1.15918932827 0.936077231731 0.991861327214 0.869738578989 0.758331879672 0.690991130264 0.82361820403 0.964997222884 1.01980610534 0.99153801977 0.930927964309 0.722728380321 0.483764117345 0.933475756133 0.731672499459 0.862813677276 0.843547254205 0.82613172908 0.601680701612 0.569363876665 0.577741173902 0.717227527234 0.763571492461 0.702789024603 0.766514597877 0.678453084827 0.594874814726 0.52470470988 0.472146837205 0.361689352124 0.364067173748 0.335975653629
-9999 -9999 -9999 -9999 -9999 -9999 -9999 -9999 -9999 -9999 -9999 -9999 1.93297598209 1.68442304891 1.67674500443 1.4018479065 1.62742288444 1.82749340089 1.90873922848 1.98449102759 1.90498050533 1.845765828 1.50753303155 1.73914576884 1.35416708802 1.49476334314 1.49550656707 1.38681277306 1.11247382885 1.37989617196 1.18953395476 1.2540852406 1.39964757682 1.44795452672 0.883593915611 1.05326556205 0.726859533568 1.15693818049 1.44793625906 0.970390848082 0.874664282706 0.822062770319 0.734484620462 0.720861738338 0.659251554035 0.613248221937 0.59508248914 0.633834986933 0.584321309136 0.670392891106 0.635433947831 0.580090138724 0.522188174448 0.287570240343 0.260945595922 0.349691401036 0.224428446885
