data/recharge/transience/recharge560.asc
ncols                  80
nrows                 72
xllcorner      4374000.0
yllcorner      5656000.0
cellsize            500
NODATA_value       -9999
[rows 25 to 49 of 72, columns 0 to 56 of 80]
-9999 -9999 -9999 -9999 -9999 -9999 -9999 -9999 -9999 -9999 -9999 -9999 26.7274800085 26.026294637 22.5098082702 22.4627261935 15.8251081929 15.7495695382 11.8378784315 13.8635877295 10.6854745852 10.251436573 8.02968604747 7.09426731143 6.61462568256 7.72767476927 7.83133906844 6.67744139594 4.12986991947 3.39740715867 2.55285652611 2.27066216339 2.14937283848 2.17742362104 1.60123873384 2.1378735075 3.02908840029 2.27414203658 1.50586913803 1.43306389184 1.24773943758 0.888287690856 1.54557782533 2.28184753211 2.18744428642 2.25392396618 2.2525858389 2.23370763381 2.02756621878 2.22905251006 1.81489701635 0.982489244979 0.440331216717 0.312083621444 0.295121676082 0.3187612806 0.278931622762
-9999 -9999 -9999 -9999 -9999 -9999 -9999 -9999 -9999 -9999 -9999 -9999 -9999 23.7576024456 23.6589800914 24.3387945648 19.7993619557 18.6064503355 13.8565849527 12.6155741865 10.7961100507 12.3923520539 11.3296742288 9.53006597586 8.04752160053 6.30293024939 5.41598456898 4.71143246376 3.82596723601 4.32041246934 3.02654338769 2.69656024779 2.7700912009 1.35091190713 1.82331407543 0.839339408226 2.29902720669 1.70972467495 1.708035247 1.09396982487 0.856232715862 1.19261873237 0.55676608053 0.715340823081 0.721042344112 1.0027578806 1.38244796117 1.3097130297 0.589884924532 0.336613597644 0.288905667317 0.32661215055 0.345834131396 0.367724167097 0.859970433883 0.251622365562 0.200727750092
-9999 -9999 -9999 -9999 -9999 -9999 -9999 -9999 -9999 -9999 -9999 -9999 -9999 -9999 22.2994745697 23.136086812 18.1029820501 16.6437132283 13.8995263282 14.8680282718 11.2719704309 13.5298024555 10.6674396459 9.74442035215 6.51213537846 6.39494958583 6.4449559933 7.22839984535 4.2258881316 3.3838980091 3.01349281602 5.88763386729 3.80863456862 2.04878894699 1.77971156858 1.38957396267 1.54248581427 1.27728524496 1.34122086017 1.06830224096 0.802592728939 1.01129466744 1.08087102626 0.70416045038 0.422659335269 0.539552460045 0.509222161577 0.735810299617 0.341756103514 0.384978683151 0.360374162513 0.236626747054 0.197669287236 0.405272362629 1.04912896897 1.55812484656 0.836613382246
-9999 -9999 -9999 -9999 -9999 -9999 -9999 -9999 -9999 -9999 -9999 -9999 -9999 -9999 9.43212268824 19.6324120189 19.0339581942 17.5954632466 14.6615734664 15.4497160062 13.4809239072 14.0801604171 9.85134162945 12.9078719646 10.4292750574 10.7171832079 5.81556203274 6.23960677554 5.84995228841 5.79687343281 4.33208918165 2.8779437699 3.54397273234 5.12331700712 2.60100166034 1.92456717261 1.94705629598 0.825416635129 0.852810006342 0.834063789042 0.709008982213 0.846825172188 0.787113279182 0.943989902925 0.662166365986 0.465804274094 0.170165823403 0.256846416017 0.424696035991 0.363437007461 0.44092933892 0.559759058213 0.629974512559 0.384794261638 0.411057529261 0.64693120258 1.97000783402
-9999 -9999 -9999 -9999 -9999 -9999 -9999 -9999 -9999 -9999 -9999 -9999 -9999 -9999 12.945413866 17.2049250028 20.1328137877 19.2639261248 17.2360301764 16.9720759921 13.4987470782 14.4428685645 12.5974916944 11.2631213378 8.33674892858 7.80883380311 7.34419899891 7.22589933259 4.89145998258 5.51801264165 4.46222076688 4.26003627018 3.3004879224 4.87394467275 5.12728908049 1.85771521735 2.16885654356 4.46038898011 1.36435177982 0.768147324657 0.67821763283 0.861840716664 0.651523241136 0.683908663782 0.401483948334 0.485514464153 0.285301395337 0.479003069095 1.20443134913 1.34242176679 0.89028788292 0.426348906721 0.775662565207 0.702649627361 0.510755090218 0.607061000064 0.517067379591
-9999 -9999 -9999 -9999 -9999 -9999 -9999 -9999 -9999 -9999 -9999 -9999 -9999 -9999 28.1683494763 25.7934414312 23.9282905859 25.6485037639 25.4536342114 25.6020731721 15.3695906204 14.5898884689 12.0826789661 11.916665194 7.96239083935 8.74427143012 6.4632074409 7.91124795392 6.84114531319 5.32503782957 4.59073235272 5.1694373677 4.162499432 3.5257686806 2.02706594478 2.04768567509 1.53939656683 3.25786712998 1.11380105044 1.5715348177 0.750502577784 0.463689768219 0.375466837834 0.43621219321 0.306183807743 0.325406664624 0.716628323216 0.917673915261 2.27637145419 2.71212694428 1.61068261642 1.91111803169 0.981378221912 1.06690413797 0.896881715065 0.649561363013 0.80196710901
-9999 -9999 -9999 -9999 -9999 -9999 -9999 -9999 -9999 -9999 -9999 -9999 -9999 -9999 -9999 22.991656395 20.8539804035 24.1757853085 27.4538899462 19.1939757357 12.2661508475 12.5709953966 12.0603625639 12.1977368517 7.88223737509 8.76757024059 6.31686746169 6.99479340938 9.10991777702 5.68587584593 3.69616811561 3.63568304539 3.31088968375 6.09398380503 2.18558743784 2.20533154811 1.74932896883 1.71493269364 1.45144427574 0.967017503232 0.48661773511 0.665274055496 0.203752388991 0.201453822243 0.244953260867 0.22021100485 0.268312007709 0.326078223677 0.461730436979 0.518591017979 0.339744161397 0.280909197422 0.57119240009 1.43916856114 1.26138026695 1.22577950772 0.895328030277
-9999 -9999 -9999 -9999 -9999 -9999 -9999 -9999 -9999 -9999 -9999 -9999 -9999 -9999 -9999 -9999 20.0461313839 18.230122399 17.3648327449 21.5596169285 18.0986422705 17.4947953755 11.2907487498 9.45450280105 8.47135004443 7.7537339995 5.62629471814 5.28574517301 4.25547606241 7.94172571223 8.07692756416 7.49259629871 6.98435119477 4.37176846681 2.07233725953 2.27747311994 1.96359883791 2.1213713202 1.87697926994 2.44502265957 2.01701738672 1.76658600496 1.21536972647 0.840528346952 0.232538166783 0.137254042608 0.088139169646 0.399236611937 0.304444374535 0.198984001254 0.345240489031 0.757960228791 0.453061417415 0.320995527274 0.407661480367 0.331245855632 0.286821713108
-9999 -9999 -9999 -9999 -9999 -9999 -9999 -9999 -9999 -9999 -9999 -9999 -9999 -9999 -9999 -9999 21.0301545259 21.7779078569 21.3136727495 19.0611327517 14.4695690081 16.1018795252 12.2976195151 10.2815531304 8.13105181781 9.0028671083 6.11275110237 5.96231131981 7.262957376 5.47037888139 2.81151191917 2.81230159471 3.16872900544 3.72829559918 3.03464169666 2.0554145768 2.33036006186 2.01997651536 1.84703963394 1.80637068344 1.23464443245 0.88360694501 1.6273992817 2.06703985781 0.974128101069 0.569523847339 0.496112809127 0.519310141314 0.179298155375 0.278823371301 0.497364836364 0.546270745393 0.886116010237 1.00184155247 1.41549983344 0.742313229724 0.291226786304
-9999 -9999 -9999 -9999 -9999 -9999 -9999 -9999 -9999 -9999 -9999 -9999 -9999 -9999 -9999 14.3890821646 14.3857367441 16.0300339088 18.3747850865 17.8524447386 14.5049081862 14.5417921458 10.7480032551 9.67980462061 7.27189720212 7.85365516358 6.12731330393 6.37129173953 3.98018221447 5.00904668218 3.98577152416 4.120967773 3.79985586882 2.405407774 0.823183574906 1.14386405712 1.45158762287 2.40668427196 2.54010512659 1.34678414159 1.01056928967 1.01893069504 0.742855725015 0.723509105886 0.718915399424 0.460163115729 0.229353402226 0.349202782661 0.448467161095 0.522151402607 0.331511103378 0.217534976611 0.261908622148 0.317749463974 0.370610296951 0.391417577209 0.482125624927
-9999 -9999 -9999 -9999 -9999 -9999 -9999 -9999 -9999 -9999 -9999 -9999 -9999 -9999 16.9109655409 15.9319368641 15.0011731069 14.3525024459 14.6741560891 16.5289905922 13.1265140788 14.6837286661 10.1273462891 10.5611375342 7.30634785726 6.89667303954 5.32529034842 5.93888036151 4.87455273003 4.8689117162 3.47923829011 3.57434209665 2.19873725875 2.56063199735 3.53366259067 2.96936594813 1.41242622901 0.906815363287 1.25898251482 1.37999273732 0.964827469322 0.526982505587 0.455330846033 0.532453427603 0.282892292626 0.213041763036 0.243949839303 0.404626472633 0.462613594997 0.329018954179 0.265614525542 0.261225401932 0.296816659891 0.285260286088 0.25506686669 0.28416462098 0.314733359627
-9999 -9999 -9999 -9999 -9999 -9999 -9999 -9999 -9999 -9999 -9999 -9999 -9999 -9999 17.750114693 19.0207299081 16.4406207042 12.7084348733 10.2858228984 9.98810875823 10.3435805202 12.1480788694 9.76570409666 10.3883685788 6.89088301266 5.76817738402 4.07821427866 4.3775848923 3.46412463707 4.60884256328 3.98757489617 3.62795657908 3.6971758585 3.17302978028 2.30639208479 3.54484459776 2.66926115081 3.51599351601 1.58731172823 1.64303024202 2.25685696832 2.02390647335 0.655705262963 0.567574478338 0.46553805766 0.189401723034 0.464151393354 0.78415882911 0.854705839201 1.25799975392 1.24130463581 1.2171934323 0.670392582014 0.521652027988 0.647907911581 0.595920352247 0.352094603231
-9999 -9999 -9999 -9999 -9999 -9999 -9999 -9999 -9999 -9999 -9999 -9999 -9999 -9999 -9999 -9999 16.7873060012 18.432322802 17.910646337 17.5466255709 13.1929854732 10.8783186781 11.2722942266 11.3379091016 7.36976440113 6.43168444244 3.13315701305 3.41948876591 2.34860264974 3.37315240214 3.23754482781 3.45338770297 3.17717307788 2.43706124127 2.51876820797 2.55945308909 2.31841830196 1.50285321953 2.44068531184 2.65684683515 1.20873264041 1.06732888314 1.02813632623 0.814178564939 0.269259431069 0.361860800577 0.303073299257 0.289153632774 0.439200170887 0.634105005968 0.599869925045 0.635451183459 0.500818346506 0.383751727384 0.196595509719 0.218016553018 0.427965454356
-9999 -9999 -9999 -9999 -9999 -9999 -9999 -9999 -9999 -9999 -9999 -9999 -9999 -9999 -9999 -9999 19.8361017107 18.8333714701 17.9013738187 13.2106343836 12.8538911125 12.9589913892 8.37562524908 9.08570976197 8.36759301755 7.77313775464 5.37808065385 5.00510676214 3.83610130526 3.93139520414 4.38766405731 4.00363724526 2.80917008529 2.59966618811 1.49332786567 1.67487902793 1.73123057869 2.27097911736 1.15632249444 0.97455184422 1.35930951954 2.10360737834 0.946152979218 1.23928153989 1.16532869957 0.302646626391 0.0843625132574 0.17376389847 0.315343041383 0.229909156856 0.156392119383 0.161066049585 0.104943661333 0.133664591789 0.121537924225 0.12330041109 0.115475145275
-9999 -9999 -9999 -9999 -9999 -9999 -9999 -9999 -9999 -9999 -9999 -9999 -9999 -9999 -9999 -9999 -9999 -9999 18.171162132 14.9948273432 10.902536621 12.6630549737 10.8949212222 10.7878699705 7.83594317324 7.21604419541 4.63194081699 4.83423333388 3.67938539766 3.56110308502 2.32670999505 1.92266527597 1.72114178328 2.13068504958 1.45086385292 2.07501638106 1.969019487 1.18807032754 1.00617956843 1.68198666161 1.01924327414 0.83160183274 0.664964721636 0.656854555444 0.536408978583 0.478013349072 0.126979937171 0.134863770073 0.234041940399 0.144710719318 0.166466967227 0.262971071743 0.108702827627 0.113966256361 0.139402055369 0.157755377095 0.13183295265
-9999 -9999 -9999 -9999 -9999 -9999 -9999 -9999 -9999 -9999 -9999 -9999 -9999 -9999 -9999 -9999 -9999 -9999 -9999 11.4766111384 11.0495879959 12.1274233431 10.6848183526 13.9827548622 9.18002767511 8.61359424037 5.18589948684 4.23844116374 2.34319589384 2.20222858441 2.07615377794 2.69215908146 1.39312268633 1.40478367176 0.889734329884 0.757426865059 0.682563257997 1.19754209124 0.973340447258 1.27906112293 0.832440099869 0.708982105838 0.499574804472 0.735144369569 0.655816705311 0.796999371118 0.333465390955 0.117305117526 0.0686019242658 0.22864246274 0.0962498812113 0.138139401261 0.0980620375902 0.096298591287 0.126782718569 0.117025626056 0.0767131299959
-9999 -9999 -9999 -9999 -9999 -9999 -9999 -9999 -9999 -9999 -9999 -9999 -9999 -9999 -9999 -9999 -9999 -9999 15.4949250313 17.1349866905 16.8143672941 16.288044292 11.6278647484 11.053111522 8.8854945335 8.83115844458 6.19242783823 5.16809916753 2.98810660223 2.60948952637 1.80598594039 2.20300776219 1.93630396903 1.53419389148 1.2457240477 1.68783641192 2.26593650168 2.08317393285 1.75341984854 1.64653899458 1.52196644714 0.829974011427 0.553809366427 0.578298671687 0.757078922906 0.450986961874 0.676162437893 0.824638785327 0.40404356333 0.124074894532 0.212130448843 0.54515788886 0.538075502394 0.483430497114 0.204762539604 0.173637802288 0.134755390484
-9999 -9999 -9999 -9999 -9999 -9999 -9999 -9999 -9999 -9999 -9999 -9999 -9999 -9999 -9999 -9999 -9999 -9999 -9999 20.3103107044 19.2133331944 18.1130279649 12.0563471021 11.1419215082 10.0942874036 9.91163860598 5.66467748601 6.63274235884 3.60718363199 4.72852963573 3.61448944524 3.45045723148 2.63372511253 2.00236504696 2.01511689739 1.42574526329 0.601864628951 0.474496137279 0.366981951105 0.366789045131 0.452873640008 0.859815351516 0.724172256841 0.760468991754 0.757452201905 1.67273661674 1.07343567359 0.63520343654 0.527274113626 0.24912332997 0.0312537386394 0.0786902135736 0.162016898138 0.56860016552 0.458975799966 0.0609226428454 0.064520854176
-9999 -9999 -9999 -9999 -9999 -9999 -9999 -9999 -9999 -9999 -9999 -9999 -9999 -9999 -9999 -9999 -9999 -9999 -9999 -9999 15.5501421723 17.3519118199 12.2755445769 11.187926986 8.1934459191 9.4646035497 5.81638134861 6.93226041826 6.24878695875 5.48409967499 3.89551061727 3.68456217343 1.72327970104 3.22868925784 1.50054993915 1.51907442193 1.23214211145 1.5623175196 1.43036437043 1.23775019589 0.787533587402 1.29319839719 1.43232001205 1.15045538188 1.81703917006 1.41829246661 1.00396504392 1.2398443903 0.873148434135 0.688323408783 0.351443916786 0.134468241568 0.0438959201107 0.0375114268179 0.176168422742 0.132690990995 0.0566053077238
-9999 -9999 -9999 -9999 -9999 -9999 -9999 -9999 -9999 -9999 -9999 -9999 -9999 -9999 -9999 -9999 -9999 -9999 -9999 -9999 -9999 16.1750194704 13.4450664131 13.4751572069 7.37944388564 6.62419125904 5.7452661999 7.30793682311 5.21965453339 4.85074118321 9.98312584058 4.74750549594 2.29072240549 1.87250675433 2.98610846714 2.84919516626 1.83907820058 1.20232326202 0.935167459391 1.00036152637 1.70361929921 1.88311914523 2.29137474225 1.30393799457 0.947646901771 0.578764470681 0.844267994504 1.00329445877 0.936454150902 1.23143450049 1.75141564249 0.620400784316 0.344601454216 0.149797073909 0.0162492835837 0.026905909176 0.0321431263922
-9999 -9999 -9999 -9999 -9999 -9999 -9999 -9999 -9999 -9999 -9999 -9999 -9999 -9999 -9999 -9999 -9999 -9999 -9999 -9999 -9999 13.1695231765 11.4048887644 11.4571316981 9.12436180836 10.4702460604 7.27849858112 6.21390091607 4.21164325415 5.63626216061 3.20994785676 4.22368210169 2.76727240277 2.59765764766 1.1390881182 1.59617805389 1.20682141765 1.31496923388 1.0494198448 1.56858997276 1.7437138023 1.60694728956 1.03627797346 1.02754976311 1.5722086233 1.42991899945 1.22902260153 1.17123636776 0.601226819914 0.435364409888 0.869001452017 0.527174743519 0.196145064541 0.0536336764316 0.049679377226 0.0191372605772 0.0196059819611
-9999 -9999 -9999 -9999 -9999 -9999 -9999 -9999 -9999 -9999 -9999 -9999 -9999 -9999 -9999 -9999 -9999 -9999 -9999 -9999 -9999 -9999 11.9858176192 14.3699845582 10.6287335538 10.0920929179 6.95812726056 6.91467964814 4.34173509061 4.23519943711 3.70844387928 4.03425655831 2.66246258983 2.96182825614 3.30213863142 2.15043035339 2.1915947497 1.91758214821 1.75431208951 1.74233026393 1.84731370717 0.898756295605 1.0687407891 1.6785544443 0.70433907407 0.598765657746 0.448133715608 0.679734700446 1.05192998763 0.697355941951 0.454116269874 0.346080432023 0.619330203049 0.181178434699 0.022537418202 0.0170961352248 0.019129340562
-9999 -9999 -9999 -9999 -9999 -9999 -9999 -9999 -9999 -9999 -9999 -9999 -9999 -9999 -9999 -9999 -9999 -9999 -9999 -9999 -9999 -9999 12.6232175045 12.1229286663 9.9944554692 11.6012751144 7.84230032172 6.04859904457 4.80237164767 5.0394787649 3.75640069523 3.94080730798 3.5461796557 3.47018721232 2.23113018193 3.5711410674 1.96926615686 1.82661297512 2.40208926291 2.23844962652 1.1311438921 1.91625802845 1.10630503321 0.734304172068 0.607814988806 0.954381032306 1.45806752248 1.4497189912 0.552169622297 0.492051920651 0.275008762314 0.567636126304 0.104924749474 0.429985678151 0.135448651557 0.104537989681 0.0430320621175
-9999 -9999 -9999 -9999 -9999 -9999 -9999 -9999 -9999 -9999 -9999 -9999 -9999 -9999 -9999 -9999 -9999 -9999 -9999 -9999 -9999 -9999 12.1825571969 13.6895025934 13.0563754782 12.0848176275 8.14076776443 8.6552503365 5.70398196587 6.55237375377 4.44163575959 3.63818578155 2.8670112967 3.47540964175 3.86035577796 2.14184888661 1.98298611078 3.20925567592 2.52610131892 2.13274587145 2.15852349841 1.43983631658 0.80648555461 1.20962169835 1.75919533121 1.57514430401 1.5824633433 1.23088415357 0.77053261015 0.77263366922 1.11765854123 0.796390939452 0.344498054388 0.404946388161 0.430585605558 0.489120483575 0.147233756789
-9999 -9999 -9999 -9999 -9999 -9999 -9999 -9999 -9999 -9999 -9999 -9999 -9999 -9999 -9999 -9999 -9999 -9999 -9999 -9999 -9999 -9999 -9999 14.7779295519 14.4207610317 12.5417407254 7.48459639791 8.16696961151 5.60628689735 6.05390961497 4.51751137273 5.16673975707 4.09621572154 5.077613877 3.09880791569 3.68840084294 3.70033863611 2.91783830012 1.42226948223 1.15152449 0.773145730583 1.29401483635 2.00800435685 2.0590283647 1.56840558955 1.2705216066 0.514873144759 0.452438039734 0.406528551195 0.470388948594 0.29720017757 0.452749907594 0.48308933411 0.73219380464 0.217738327188 0.0816811398498 0.279464121618
