data/recharge/transience/recharge329.asc
ncols                  80
nrows                 72
xllcorner      4374000.0
yllcorner      5656000.0
cellsize            500
NODATA_value       -9999
[rows 25 to 49 of 72, columns 0 to 56 of 80]
-9999 -9999 -9999 -9999 -9999 -9999 -9999 -9999 -9999 -9999 -9999 -9999 2.80753494619 2.60078925303 2.30177172434 2.55570642873 1.97697721316 1.85116237816 1.69197488624 2.00848694602 1.60046364849 1.49988142107 1.35373911022 0.826704326901 1.14663786091 1.65213330608 1.95524080661 1.71838427742 1.44402737633 1.33622129356 1.21695319662 1.16154291808 0.93332061067 1.04101539639 2.27714045085 1.33199306372 1.61818523931 2.49393860575 2.22885788068 1.18157444493 0.968906259367 0.842377995166 0.761486707143 0.747845858805 0.724989872492 0.738002840703 0.737085405889 0.734644364562 0.722616030221 0.771929552988 0.766102543983 0.829498835977 0.774210837923 0.692083715244 0.69440777598 0.711200276247 0.689698738698
-9999 -9999 -9999 -9999 -9999 -9999 -9999 -9999 -9999 -9999 -9999 -9999 -9999 2.28135075644 2.38867946108 2.47274470927 2.35309252242 2.36489195078 1.93158941006 1.7407874111 1.56706567663 1.69049126317 1.57507049719 1.14062280317 1.58284460874 1.53327630558 1.55750363828 1.51661836458 1.41818125373 1.49364979991 1.32063031901 1.25448659984 0.885561622832 1.93981195767 2.29738586083 0.431896269371 1.0066594211 2.35759217477 1.52716512199 0.936000308751 0.858934984707 1.01537356809 0.832454273074 0.84427674389 0.731043190796 0.680226168713 0.614882771396 0.590371482003 0.611097235931 0.615135023147 0.647185940838 0.693154984813 0.722314132293 0.651068842019 0.28763081682 0.61217571653 0.597088454107
-9999 -9999 -9999 -9999 -9999 -9999 -9999 -9999 -9999 -9999 -9999 -9999 -9999 -9999 2.32652492452 2.32422375274 2.07446252891 2.19145566473 2.02636869841 2.13895394148 1.74516619147 1.8285918052 1.58284444999 1.5369564227 1.40773656644 1.32774743907 1.33247227073 1.63842057228 1.43632152796 1.35479557613 1.3190682954 1.16397476671 1.01979070458 1.99109396772 2.42070723683 0.709815794054 1.11744155961 1.42344168714 1.00318135755 0.608186016253 0.561762747135 0.875991456726 0.99700051367 0.890584196961 0.756592116235 0.817685937996 0.738593952513 0.628144786851 0.686902762761 0.753161165543 0.716084196328 0.601807898681 0.570424932076 0.44909600692 0.283165152491 0.547441540682 0.950361643023
-9999 -9999 -9999 -9999 -9999 -9999 -9999 -9999 -9999 -9999 -9999 -9999 -9999 -9999 0.888603109991 1.27648878085 2.0528279527 2.31333466197 2.08476326981 2.16596189606 1.98434752782 1.85287826737 1.50285237801 1.76091386556 1.60681607348 1.76718204027 1.2498853823 1.21161785081 1.22703506405 1.36191198354 0.814270056401 0.393357626909 1.02735424366 2.29850489447 3.16645472697 0.585178315597 1.06598527268 1.01890622607 0.589895448141 0.526894057834 0.735041363833 0.818815390443 0.843977937586 0.948215736033 0.869123396666 0.781019045313 0.421660764075 0.197443276612 0.238736388937 0.597447677676 0.764734008334 0.829542965028 0.874889742515 0.75023709268 0.615892259421 0.650266016889 2.41010913211
-9999 -9999 -9999 -9999 -9999 -9999 -9999 -9999 -9999 -9999 -9999 -9999 -9999 -9999 0.876478045645 1.27737618127 2.13496997942 2.49874035452 2.3864810297 2.36039232113 2.05548402477 2.04682648892 1.88008536333 1.60861345779 1.42249437845 1.32153395499 1.33461835151 1.31671332603 1.09007419397 1.18181121337 1.08212184291 0.984316526152 0.948039364357 1.95942167274 2.94817505219 0.534489483225 0.651691255761 2.82861629619 0.280241133881 0.423325768937 0.791643958277 0.861234539832 0.776930724888 0.794365028617 0.731362289761 0.790665054135 0.652527732298 0.783977405258 1.020319994 1.32123461126 1.55855656174 1.40027528415 1.77877549486 1.71125505037 1.58247124951 1.61838198119 1.05913692285
-9999 -9999 -9999 -9999 -9999 -9999 -9999 -9999 -9999 -9999 -9999 -9999 -9999 -9999 3.28206298221 2.78949495305 2.61849513111 2.98247947265 2.52003835278 2.52668502833 1.94554600732 1.84692387929 1.65146739816 1.74344488825 1.60609819286 1.64712794406 1.37869760007 1.42603115559 1.27524489633 1.19403146601 1.13868750564 1.2240979042 1.08993290543 0.701914210348 0.58801897328 0.595948258432 0.479917774657 1.25833532216 0.370115571507 0.562719712278 1.11578837714 0.94663878079 0.633796075134 0.673142207778 0.617782773088 0.690590917972 1.11320924067 1.68057445422 2.43869235666 2.62289412388 2.19890124679 2.22581529939 1.70956303948 1.26139856746 0.968180232787 0.882313541119 0.939851831796
-9999 -9999 -9999 -9999 -9999 -9999 -9999 -9999 -9999 -9999 -9999 -9999 -9999 -9999 -9999 2.39005569854 2.26635216605 2.31355585151 2.37507062266 1.88905092315 1.7788751413 1.83218361151 1.6540486032 1.70667081557 1.60167111221 1.52879191917 1.28508090964 1.33230167167 0.635825500305 1.15441013418 0.982099344774 0.977641789476 0.849433616699 0.771774198851 0.646400404326 0.653478267738 0.568334836774 0.554371677984 0.496769972287 0.398504725917 0.268180759495 0.420848636482 1.12255103471 1.05349925701 0.842796857515 1.08665063468 1.14797622142 1.22607912504 1.45304415944 1.23185389234 0.690658972978 0.642392940071 0.841618941323 1.08479462622 1.05304883934 1.04603194848 0.968382257841
-9999 -9999 -9999 -9999 -9999 -9999 -9999 -9999 -9999 -9999 -9999 -9999 -9999 -9999 -9999 -9999 2.2177568199 2.20564534175 1.99455752525 2.49582412074 2.35671068185 2.38459923124 1.71111725778 1.66967560741 1.70524075485 1.58019545594 1.401059545 1.08952534015 0.547873279337 0.98169652444 1.20383883242 0.693482251806 0.696801461481 0.437628492248 0.606484450006 0.681418532359 0.624606438965 0.682591998772 0.633796467801 0.833668778398 1.75756385808 1.59859685677 1.67627800516 1.64790322894 1.06111840084 0.85580888014 0.688255590374 1.0739525765 0.663644253712 0.547199156304 0.697936719137 0.899976697081 0.7756460703 0.687901179624 0.759446052705 0.706769904215 0.678959540334
-9999 -9999 -9999 -9999 -9999 -9999 -9999 -9999 -9999 -9999 -9999 -9999 -9999 -9999 -9999 -9999 2.86029947182 2.76260119112 2.52116222288 2.53625476499 1.99400660209 1.95486374352 1.79837479519 1.83130283881 1.658650878 1.76685417364 1.4814361641 1.3870837138 0.611373335236 0.874783546522 0.55106200244 0.399603706136 0.449293123727 0.349264325156 0.686555937745 0.647652141555 0.811541672324 0.703262676278 0.622307995495 0.590720119994 1.36828977009 0.76910272735 1.40698521653 2.39690172587 1.88089120225 1.5289012109 1.38537028857 0.554649305765 0.540207678694 0.641927834483 0.787484588396 0.811054382698 0.944410668847 0.977118277208 1.08748078194 0.916321529532 0.683823349129
-9999 -9999 -9999 -9999 -9999 -9999 -9999 -9999 -9999 -9999 -9999 -9999 -9999 -9999 -9999 2.1261968073 2.15087189103 2.5428667407 2.62407364867 2.53911571938 2.10032831788 1.89658517768 1.6833255287 1.78413750209 1.59832974118 1.68188374622 1.50761981004 1.53909975718 0.784501856803 1.07547954028 1.11132143047 1.13552763963 1.09249368391 0.685589720459 0.719515589703 1.87809013401 1.33504702283 1.42629480695 0.991709275932 0.435885877412 1.23866936937 1.76428179159 1.73258558178 1.71599307901 1.66407760276 1.3889640688 0.334150365797 0.374320921782 0.638278691805 0.804577364301 0.688401884559 0.573637115466 0.631135173167 0.686307918373 0.738453307115 0.75338677794 0.806494812932
-9999 -9999 -9999 -9999 -9999 -9999 -9999 -9999 -9999 -9999 -9999 -9999 -9999 -9999 2.46419045374 2.32013886536 2.22524793423 2.84116212491 2.57734899058 2.38771884029 2.11892678887 2.28489762606 1.87161514122 1.9204768589 1.58507915423 1.55180623225 1.39329485705 1.38214723449 1.17918549485 1.18042498156 1.0176179028 1.03934259218 0.932883638342 1.15568068483 1.46202869747 2.96009145033 1.2125051034 0.813071592715 1.63008509467 1.69355168781 1.39333935534 1.57302175476 1.4446490938 1.53160882286 1.13737008038 1.01055226747 1.1212130586 1.15993338468 0.791049757687 0.685916708532 0.632815643858 0.6277558981 0.667555338403 0.653811096661 0.633449612905 0.664976383216 0.653689367475
-9999 -9999 -9999 -9999 -9999 -9999 -9999 -9999 -9999 -9999 -9999 -9999 -9999 -9999 2.54518285544 2.87663173986 2.61091418281 2.79848694766 2.4982753767 2.35985475991 1.93016264961 2.11642760713 1.86923940743 1.94243705118 1.61458438765 1.51513320496 1.58404617946 1.59837597819 1.33319053186 1.23013176237 1.13309753926 1.34992187266 1.48620263737 1.3924592332 1.25226977873 1.95060899716 2.80792299131 3.05973709023 2.3364169257 2.36093875384 2.53877187589 2.45400973303 1.62219852748 1.53138412837 1.35923479945 0.919710091093 1.32771160408 1.46857494935 0.975757914426 1.02354636119 1.02522986975 1.02279297 0.87729740898 0.812625221144 0.880608654754 0.861874397968 0.731426018038
-9999 -9999 -9999 -9999 -9999 -9999 -9999 -9999 -9999 -9999 -9999 -9999 -9999 -9999 -9999 -9999 2.67430816651 3.69296567663 3.64365132844 3.57424731653 2.87498895046 2.08930106865 2.07052893654 2.07354438272 1.68377853254 1.99567920803 1.52784526338 1.57410394733 1.36108081125 1.51250399972 1.39729570279 1.50665833801 1.41323029564 1.28673516583 1.2815422087 1.28941951562 1.8471090514 2.27203211824 2.45976071883 2.02541754306 1.4917540764 1.65642117765 1.60539684114 1.47183608681 1.07179732487 1.21959322442 1.09560129062 1.08075954745 0.774566536976 0.841145980979 0.83413879079 0.848933925875 0.799387408027 0.727316948787 0.563286878525 0.591493549984 0.786007327985
-9999 -9999 -9999 -9999 -9999 -9999 -9999 -9999 -9999 -9999 -9999 -9999 -9999 -9999 -9999 -9999 4.07713782392 3.90552517397 3.73222073939 2.99141901486 2.9697716707 2.94441668771 1.82033498617 1.87200161513 1.83523079244 2.25204227995 1.94678239582 1.89962076869 1.69744796661 1.65110194112 1.71069538985 1.64628473046 1.39721419947 1.3254844683 1.08016438024 1.12206039265 1.10266333789 1.20473136381 0.950104431005 0.889712556043 0.983527622662 1.14374365872 0.413235435185 0.640102441133 1.72502983215 1.08171770498 0.583174543313 0.879554085835 0.692393860245 0.569974335825 0.480843335525 0.486731831045 0.404645350951 0.456949914215 0.450508771276 0.45163351626 0.448713885136
-9999 -9999 -9999 -9999 -9999 -9999 -9999 -9999 -9999 -9999 -9999 -9999 -9999 -9999 -9999 -9999 -9999 -9999 3.7773081457 3.25558855517 2.69973522936 2.94474666935 2.56307618098 2.0928727207 1.75495508028 1.90519889868 1.84530008227 1.95307910803 1.62238608642 1.5856652213 1.32472874499 1.23202209228 1.16306892508 1.25335933789 1.06777837505 1.20046617286 1.15046573882 0.97146609936 0.902784719197 1.07408131444 0.88851397829 0.825308744376 0.716963393884 0.713530984471 0.681846109579 1.07008430185 0.702848821938 0.716726711637 1.00644707929 0.572206398885 0.533009583781 0.592211966068 0.415109031123 0.426841246583 0.484416341548 0.512732582749 0.483140179452
-9999 -9999 -9999 -9999 -9999 -9999 -9999 -9999 -9999 -9999 -9999 -9999 -9999 -9999 -9999 -9999 -9999 -9999 -9999 2.87892739894 2.786418045 2.93146208684 2.68705280204 2.48713902813 1.92630568706 1.83369347954 1.5581633557 1.7459955287 1.37596742965 1.3443053572 1.30363981756 1.41692775823 1.15019137107 1.09691224674 0.954406619138 0.938475791512 0.873843485963 1.01172577549 0.903490004966 0.978755572507 0.811392846145 0.767355649718 0.651850135973 0.768594814385 0.770579908493 0.792121065819 0.932851639743 0.612708502496 0.466597610062 0.866591079864 0.619073431368 0.476661455083 0.391148917896 0.38770162443 0.458948005357 0.440371961552 0.368113158486
-9999 -9999 -9999 -9999 -9999 -9999 -9999 -9999 -9999 -9999 -9999 -9999 -9999 -9999 -9999 -9999 -9999 -9999 3.4666137283 3.74358994759 3.6918137605 3.59886293338 2.83113876782 2.0916982767 1.88152526086 1.76607618921 1.36667839692 1.65097788833 1.51018750724 1.43769299581 0.699382523296 0.389312407493 0.962624184949 1.19901290684 1.11353046609 1.20307279755 1.25372812153 1.22574945794 1.13347687478 1.10299953888 1.0205029363 0.811820229597 0.732631945765 0.36553235055 0.499899749214 0.407931544309 0.746385326026 1.5180666671 1.10611094959 0.613367168585 0.855341270921 1.26758648007 1.02320579196 0.739139151896 0.599401976233 0.534646397866 0.490921940915
-9999 -9999 -9999 -9999 -9999 -9999 -9999 -9999 -9999 -9999 -9999 -9999 -9999 -9999 -9999 -9999 -9999 -9999 -9999 4.32581562974 4.04484587383 3.84490055632 2.94319257107 2.22142763644 2.05606356542 2.02254639276 1.47108542141 1.43767371842 1.49687585212 1.6658386936 0.805002207267 0.802212760368 1.2949302019 1.3160500978 0.866279592678 0.778440224036 0.856841185015 0.796740082426 0.696594499014 0.698592988039 0.696773325814 0.82139621127 0.627424108904 0.396288831928 0.361834515929 0.876431528362 0.8811589085 0.805053070521 1.18983622881 0.777432966658 0.287091378813 0.407657488256 0.425439211853 0.379036599564 0.796889736045 0.459524177455 0.371125136363
-9999 -9999 -9999 -9999 -9999 -9999 -9999 -9999 -9999 -9999 -9999 -9999 -9999 -9999 -9999 -9999 -9999 -9999 -9999 -9999 3.43111944226 3.72451880728 2.97544436384 2.57992225216 1.7896890199 1.95974918675 1.50154294139 1.47394798871 1.45801355344 1.35508978943 1.16136122178 1.12912068307 1.12308275293 0.805600755095 0.550246415229 0.754217856167 1.04124283747 1.09556292672 1.0390048065 0.982860661626 0.809521022539 0.96478969521 0.978568564232 0.900560682184 1.06510353653 0.968766360495 0.855467094895 0.931672712494 0.930548901006 1.31516391282 1.02660045213 0.663589772069 0.349328436008 0.314848328773 0.517674891571 0.45011800186 0.461259491975
-9999 -9999 -9999 -9999 -9999 -9999 -9999 -9999 -9999 -9999 -9999 -9999 -9999 -9999 -9999 -9999 -9999 -9999 -9999 -9999 -9999 3.54545628059 3.14758117528 3.1254753696 1.7549340158 1.64429232771 1.46385396347 1.55477271666 1.30150827588 1.25417111612 1.20821974599 1.28608522701 1.29953270565 0.545988063506 1.17055106021 1.39882793418 1.13012035115 0.994027992317 0.863652484328 0.875687723783 1.0447551406 1.08053930484 1.1533276648 0.9287892763 0.81450824382 0.659539537637 0.778470960478 0.838297691988 0.827354137699 0.963485575122 1.6015768482 0.622405117731 0.768988411337 0.585510058521 0.204271835191 0.264270557163 0.310190540892
-9999 -9999 -9999 -9999 -9999 -9999 -9999 -9999 -9999 -9999 -9999 -9999 -9999 -9999 -9999 -9999 -9999 -9999 -9999 -9999 -9999 3.06727116862 2.83336648441 2.83429466362 2.23691742837 2.21380132179 1.77438888048 1.9598721159 1.62265424769 1.25703191477 0.493736134673 1.08973101446 1.44278644018 1.43186413995 1.06191404481 1.1251038394 0.977284788177 1.03998177267 0.922368854196 1.03400480432 1.05055775909 1.02206504068 0.873874359057 0.86322660196 0.990905610541 0.954884959765 0.906049741608 0.889885846468 0.676852720877 0.698520558619 0.439776958724 0.238238301208 0.400680659845 0.367044324451 0.354095890312 0.222391374602 0.240170141729
-9999 -9999 -9999 -9999 -9999 -9999 -9999 -9999 -9999 -9999 -9999 -9999 -9999 -9999 -9999 -9999 -9999 -9999 -9999 -9999 -9999 -9999 2.9584709074 3.33971443582 2.38121359211 2.05537044648 1.67550664673 2.05378482747 1.79055917017 1.73833126315 1.54396373331 1.60575924114 1.43073686393 1.46664607528 1.46789799559 1.25672614224 1.22859743371 1.18032659411 1.11626814441 1.088199464 1.0773413491 0.835860821314 0.878207345046 1.03033373693 0.714015742198 0.652940174888 0.574550034539 0.696703910871 0.861726912164 0.540077394287 0.180873640719 0.347075663834 1.20774090889 0.547227538228 0.2241634329 0.195858163084 0.220681418084
-9999 -9999 -9999 -9999 -9999 -9999 -9999 -9999 -9999 -9999 -9999 -9999 -9999 -9999 -9999 -9999 -9999 -9999 -9999 -9999 -9999 -9999 3.06698851302 2.9779953722 2.27922844419 2.27561335116 1.88472007257 2.09921667097 1.88068021858 1.91691157437 1.68671212091 1.7193077917 1.61552075194 1.53897242489 1.26970927882 1.50771552102 1.17287521746 1.15101024528 1.21460591345 1.17622330044 0.908800080588 1.09234942791 0.888064831962 0.758676150013 0.702741470152 0.80635239371 0.961446454813 0.958312701217 0.642688193652 0.584634573967 0.432220704853 0.764971158466 0.415772372426 0.912894412058 0.503399765229 0.444216037578 0.323990628927
-9999 -9999 -9999 -9999 -9999 -9999 -9999 -9999 -9999 -9999 -9999 -9999 -9999 -9999 -9999 -9999 -9999 -9999 -9999 -9999 -9999 -9999 3.01849840572 3.24679670756 2.6774208502 2.26350842101 2.0202040723 2.49891575118 2.00334048862 2.1520725256 1.81584319546 1.66393199207 1.48892533839 1.56199148662 1.5684953648 1.26194809313 1.18625644507 1.40909412849 1.23991195819 1.173345587 1.15446550666 0.994816303835 0.785064961512 0.919040907552 1.04779504717 1.00037390585 0.979322910716 0.885449808352 0.731010784688 0.732526033865 0.887815847139 0.764090504531 0.761106607291 0.801689024236 0.895643881067 0.979954709007 0.522073100956
-9999 -9999 -9999 -9999 -9999 -9999 -9999 -9999 -9999 -9999 -9999 -9999 -9999 -9999 -9999 -9999 -9999 -9999 -9999 -9999 -9999 -9999 -9999 3.44462738573 2.83810295945 2.33368033819 1.91901891997 2.49573742093 1.99293928654 2.06344520112 1.82484050878 1.9494162008 1.73255605064 1.87094294842 1.43951413402 1.54084107439 1.49060203821 1.35745531506 1.0128477715 0.983053531725 0.789083564948 0.954051207429 1.10748706841 1.11562182663 1.00899732888 0.931426001736 0.626891841154 0.567447848055 0.552010908743 0.589545327805 0.495538985094 0.59592074659 0.706929156153 1.22935000233 0.609297128646 0.420377371877 0.793601719041
