data/recharge/transience/recharge82.asc
ncols                  80
nrows                 72
xllcorner      4374000.0
yllcorner      5656000.0
cellsize            500
NODATA_value       -9999
[rows 0 to 24 of 72, columns 0 to 56 of 80]
-9999 -9999 -9999 -9999 -9999 -9999 -9999 -9999 -9999 -9999 -9999 -9999 21.4290432058 22.44041105 -9999 -9999 -9999 -9999 -9999 -9999 -9999 -9999 -9999 -9999 -9999 -9999 -9999 -9999 -9999 -9999 -9999 -9999 -9999 -9999 -9999 -9999 -9999 -9999 -9999 -9999 -9999 -9999 -9999 -9999 -9999 -9999 -9999 -9999 -9999 -9999 -9999 -9999 -9999 -9999 -9999 -9999 -9999
-9999 -9999 -9999 -9999 -9999 -9999 -9999 -9999 -9999 -9999 -9999 -9999 21.1498342085 19.2831244458 17.8450895878 -9999 18.5912394525 -9999 -9999 -9999 -9999 -9999 -9999 -9999 -9999 -9999 -9999 -9999 -9999 -9999 -9999 -9999 -9999 -9999 -9999 -9999 -9999 -9999 -9999 -9999 -9999 -9999 -9999 -9999 -9999 -9999 -9999 -9999 -9999 -9999 -9999 -9999 -9999 -9999 -9999 -9999 -9999
-9999 -9999 -9999 -9999 -9999 -9999 -9999 -9999 -9999 -9999 19.2216962443 17.4003411319 19.5725309512 19.9902057147 15.6073910142 14.263865089 12.6929318856 12.7759665183 -9999 -9999 -9999 -9999 -9999 -9999 -9999 -9999 -9999 -9999 -9999 -9999 -9999 -9999 -9999 -9999 -9999 -9999 -9999 -9999 -9999 -9999 -9999 -9999 -9999 -9999 -9999 -9999 -9999 -9999 -9999 -9999 -9999 -9999 -9999 -9999 -9999 -9999 -9999
-9999 -9999 -9999 -9999 -9999 -9999 -9999 -9999 -9999 17.3529328893 18.0456328553 19.0047650552 17.3088296427 18.0355310606 17.8612280535 15.6791843495 13.8867832438 17.5081454842 -9999 19.022808299 -9999 -9999 -9999 -9999 13.3631596857 14.8472860678 -9999 -9999 -9999 -9999 -9999 -9999 -9999 -9999 -9999 -9999 -9999 -9999 -9999 -9999 -9999 -9999 -9999 -9999 -9999 -9999 -9999 -9999 -9999 -9999 -9999 -9999 -9999 -9999 -9999 -9999 -9999
-9999 -9999 -9999 -9999 -9999 -9999 -9999 -9999 21.9588863376 19.9389577844 17.1508029185 17.2731470757 17.6349487143 16.6258977541 16.4960413888 15.8549498476 13.1754970094 13.1721379709 12.6897134605 15.8028039937 15.1078962369 15.8252475199 -9999 12.9068536501 15.4907105626 15.7251579204 -9999 -9999 -9999 -9999 -9999 -9999 -9999 -9999 -9999 -9999 -9999 -9999 -9999 -9999 -9999 -9999 -9999 -9999 -9999 -9999 -9999 -9999 -9999 -9999 -9999 -9999 -9999 -9999 -9999 -9999 -9999
-9999 -9999 -9999 -9999 -9999 -9999 21.4607650168 17.9588369805 17.6260944981 18.3441837468 19.1258385009 19.9734186989 19.1557491006 18.3302711482 16.2757435428 17.2760033195 13.7001110546 13.0825111416 15.2267902445 15.6524118046 14.7505498547 15.4638465504 13.2215608126 13.0692362261 14.3137652872 13.8197776559 14.395732287 -9999 -9999 -9999 -9999 -9999 -9999 -9999 -9999 -9999 -9999 -9999 -9999 -9999 -9999 -9999 -9999 -9999 -9999 -9999 -9999 -9999 -9999 -9999 -9999 -9999 -9999 -9999 -9999 -9999 -9999
-9999 -9999 -9999 -9999 -9999 -9999 22.3256468184 19.9766004447 16.515889516 16.0110714138 15.3326912319 17.4078295605 16.6699101639 14.4112993434 13.6521727035 13.8131624777 13.122343556 14.63979776 13.5059437247 13.0412089895 13.2176636379 14.8837350312 13.8663402581 12.5167444983 12.0304279609 11.3305508491 14.2861615683 15.0416640801 15.8463451225 15.1045793807 16.927282419 16.7515530397 -9999 -9999 -9999 -9999 -9999 -9999 -9999 -9999 -9999 -9999 -9999 -9999 -9999 -9999 -9999 -9999 -9999 -9999 -9999 -9999 -9999 -9999 -9999 -9999 -9999
-9999 -9999 -9999 -9999 -9999 25.112272819 22.8777712854 22.8286433484 20.1606124279 20.6905639447 19.5973557408 18.0775753122 14.6618326113 15.527118646 14.974596221 16.1795240632 15.6293768066 9.70279099021 14.0861737428 13.0777316208 13.2754557178 12.8762604145 13.2435085649 13.6107123106 12.3588606092 12.780286954 13.70778279 13.664908481 15.3158924103 15.0133763652 14.0232826991 14.6633756992 12.9723338111 12.5386705485 -9999 -9999 -9999 -9999 -9999 -9999 -9999 -9999 -9999 -9999 -9999 -9999 -9999 -9999 -9999 -9999 -9999 -9999 -9999 -9999 -9999 -9999 -9999
-9999 -9999 -9999 -9999 -9999 25.482304849 23.8258562248 23.9343850319 21.8723462125 20.8447350067 20.0783894781 20.9724037556 17.7625500529 15.5130997703 19.1734711037 18.8517492032 15.6301793954 8.65671530081 14.2821057301 14.7010759595 11.9698545172 12.6898018671 13.9753712569 13.5131342621 12.5343141502 10.5641112189 10.9255921271 10.0504349887 11.59741272 12.3077952372 11.6514049869 11.5582432875 11.9548162574 11.4836617676 10.4610235111 11.0470225893 -9999 -9999 -9999 -9999 10.4015218324 10.3301603445 -9999 -9999 -9999 -9999 -9999 -9999 -9999 -9999 -9999 -9999 -9999 -9999 -9999 -9999 -9999
-9999 -9999 -9999 -9999 -9999 24.5041975775 23.091772903 22.0216526301 22.4655315768 23.238809358 21.9220609975 21.3080516244 19.1984815118 21.476933017 20.4488148781 16.6412295643 14.4271491183 16.6683284664 15.5993575975 17.0627315518 13.4665101443 12.4880352656 11.9609236159 11.5470316632 12.3505558104 10.6882887902 10.4264467085 9.35997891836 11.6638466013 12.5092563035 12.2447639281 12.7739807989 11.815386605 10.4352968093 9.54381419182 11.4586758025 11.0021748996 -9999 -9999 11.1465974297 11.40834328 11.032996236 10.8263575534 -9999 -9999 -9999 -9999 -9999 -9999 -9999 -9999 -9999 -9999 -9999 -9999 -9999 -9999
-9999 -9999 -9999 -9999 -9999 -9999 25.6627099626 25.0366391651 23.8285602197 23.2671594976 21.0532848094 22.2067868172 22.1000292429 20.813104359 15.990958755 14.9447827576 14.7552225541 14.3653901218 12.5983742717 13.5319597055 13.0257897095 13.491590739 12.2438332709 13.0533548986 11.647576878 10.6299347494 7.73539160461 8.21276219479 8.54510289216 9.71861409877 9.6145333551 9.95052229306 8.23538224208 8.0590152445 8.07729813473 9.82972360508 8.70785826944 7.46608726994 9.98794464937 9.73022288775 9.32559494818 10.8060188209 7.66425889316 6.38208104588 -9999 -9999 -9999 -9999 9.03651311743 8.07455620283 5.55413088932 -9999 -9999 -9999 -9999 -9999 -9999
-9999 -9999 -9999 -9999 -9999 -9999 -9999 23.7786351848 22.7529203511 24.2725876242 23.524704696 22.3427568912 18.1568099592 16.4217973208 15.8292320946 18.4829984289 17.4511567828 18.2412410834 16.9788639545 14.9841366212 12.3782744775 12.4400035877 11.7044452453 11.8129947738 10.8677297618 9.97863125924 7.85232087796 8.9548598233 9.74886719583 8.86565886019 8.58479399603 8.51805372057 8.42679835375 8.35440708459 10.0485262692 9.98045052695 8.47827889964 8.52559901757 9.80308762807 9.78182366839 7.73310522652 7.26329243558 6.42803976966 7.15448569207 6.38257050316 7.16558154676 7.71324911765 6.63241362421 6.47045150784 6.17278061417 6.58327348361 6.99030421209 -9999 -9999 -9999 -9999 -9999
-9999 -9999 -9999 -9999 -9999 -9999 -9999 -9999 21.3801536918 20.9169111836 22.0743197757 23.3167387113 20.2030485384 21.2891128785 20.5656961978 19.6654293541 15.8102476189 15.8791630245 13.2154452119 14.3807469977 16.411302092 15.8956018734 12.33900267 13.7398314388 12.8064325845 12.4272818643 7.47823966651 8.61910953259 6.70994844644 5.7806049843 5.98475793329 6.19367845311 6.30630028498 5.88689322697 6.7594837169 7.71025591414 8.19009640564 8.54150042981 7.93976837225 7.71332760305 6.06241884957 5.64108502129 5.64841734497 5.15098982528 4.89872262228 4.44398358715 5.12865427555 4.51352044797 4.22698193295 4.16976554138 4.34275283771 4.73804096803 4.27515404762 -9999 -9999 -9999 -9999
-9999 -9999 -9999 -9999 -9999 -9999 -9999 -9999 24.1321131724 22.556416904 21.0587356921 21.1613889831 19.9514273261 19.8465695569 17.5052145128 17.2006865085 14.3252073933 15.0950626952 14.3965131355 15.2267538447 14.78580419 15.6198192419 15.0159177161 17.056595448 13.7423325342 12.0717753092 12.3391720619 8.92432369295 6.73175156072 5.50635004169 5.54842586536 5.93520781659 5.55822251331 5.74281652065 7.66318665692 7.26208801464 8.83261692182 8.27645676395 7.92214905416 7.79353262665 7.38914128124 5.35878329947 5.24811675838 5.23289936995 4.46088607261 4.40635437585 5.06102101113 4.64060672437 4.28678930084 4.63485800156 4.50871468907 4.53420062203 4.6348792441 5.96926600013 5.26962882621 5.58909814326 -9999
-9999 -9999 -9999 -9999 -9999 -9999 -9999 -9999 -9999 24.9378371136 22.8482618489 20.0437338156 19.6266641503 18.5861765023 16.6977841568 16.8386796268 17.6138075733 18.4460703134 18.2690185401 18.4616067044 16.5521567364 14.269092492 12.9960501353 20.8399371118 15.7843240491 14.4722346041 10.3439216087 9.80267000006 4.2759030741 6.46291479544 5.26985061904 5.22780940113 4.80152061243 4.09517858963 5.17614614012 7.21498402961 6.9982711465 6.63758730072 6.14699852931 6.20998851628 5.78744717729 4.78548036715 3.36647847434 4.85875217908 3.55325412097 3.04613608137 2.69094179489 2.63969152619 2.79727779075 2.8835445015 3.04659173872 2.92658138255 3.48075430877 4.67115766404 5.00527820869 3.44596043312 2.92888676658
-9999 -9999 -9999 -9999 -9999 -9999 -9999 -9999 -9999 -9999 20.0036336647 19.9104194511 19.14836963 18.1345008586 15.6741488539 14.6527534482 15.5769364286 18.5980138595 16.2124701756 13.9919789201 12.567319376 12.0845884002 9.94621191324 12.2081431505 12.8788705315 14.6631758882 11.9488188297 10.3646155054 7.90936773269 5.85780812377 6.19118155135 6.220432036 6.49578213153 4.75374047061 6.66989960329 6.47429756076 6.83636642087 6.64273660302 6.19395584363 6.22916174059 6.05875450477 5.16558824542 3.62396072669 3.88791462114 5.13260397107 5.32099116279 4.05256475929 2.91089957102 3.17567523121 3.15867477644 3.5489834854 3.39744221893 3.1111864434 3.88970888744 4.39040365575 3.42827509826 2.88337979875
-9999 -9999 -9999 -9999 -9999 -9999 -9999 -9999 -9999 -9999 -9999 14.1565126984 15.2390823477 16.3119876383 14.7459844121 14.1054612002 14.3586588964 14.1753461225 11.0943905893 12.3274126549 13.3112656301 12.2595518257 8.75756270706 7.483539796 6.21581875062 7.25295703538 8.87654563255 12.1266606566 11.522412099 5.76341229045 5.01269081216 4.13863405846 4.08493055091 4.21214425106 4.44510455939 3.90636306328 5.32802730097 5.29114767242 5.3125068548 5.30976011936 4.38486474825 3.79432552227 3.73545946002 2.92583757592 3.13602477432 2.50705165473 2.97805961019 3.61346287851 2.55780509182 2.70475352483 2.55257738581 3.06628890473 3.72473482486 3.63375283081 3.30863251387 3.25609186412 2.31318060238
-9999 -9999 -9999 -9999 -9999 -9999 -9999 -9999 -9999 -9999 -9999 13.0066610158 16.597126706 15.1103343533 15.0676373684 14.3867904862 12.4566815918 11.7234735833 13.3265527227 13.4456238128 12.5928416043 13.8388828615 9.14511521285 8.32404155145 7.66847892611 8.30636595423 6.47321141095 8.90001716715 7.65452410097 7.65828255521 8.16829758304 7.25967807942 3.75744389968 4.56287279515 3.40495355762 4.37762570752 5.30625212665 5.39567186685 5.1770615311 5.15558049362 4.86589907492 4.388444681 3.3458865355 3.51113912151 3.18232042658 3.7512710295 5.17769564547 6.16621366355 5.67628524607 3.45169984158 4.17542093562 3.85186604686 2.54778886854 3.88063585499 4.01998612148 3.61833254891 3.48646499076
-9999 -9999 -9999 -9999 -9999 -9999 -9999 -9999 -9999 -9999 -9999 21.88386366 18.1943022408 17.3246720634 13.7768809652 12.8324268949 10.8099156006 9.38583990674 9.45705977665 9.93530200739 10.4812456239 10.6833027451 7.32246589356 6.39071564104 5.78174053596 6.69912352847 5.98732243724 5.86852358377 4.92322230277 4.20939978162 4.55239770915 7.21000954339 8.33692502176 9.82308334548 4.96398634386 3.03452296103 3.88931558269 3.28706477372 3.67542521047 4.44376149497 5.12081053501 3.63439074303 3.62397526913 4.10936028228 4.66862414126 5.91662569624 4.57497553245 4.02465547898 4.05011384371 3.66215027961 3.38582797922 3.92546732525 4.42659952805 4.87045031086 4.00917476022 4.37239648074 3.34830200572
-9999 -9999 -9999 -9999 -9999 -9999 -9999 -9999 -9999 -9999 -9999 -9999 16.2674640685 17.7975909985 15.6948511541 13.0563639998 10.8877713901 10.1833274781 8.93373711017 11.1741589469 10.7706662265 10.2496119063 9.0148458073 8.13565403105 7.04215101464 7.18942380018 6.09228485348 6.28939246053 5.61111837343 5.36648028236 5.13950266823 5.36867533567 4.15243079422 4.45926795499 5.95896921468 2.75450584152 4.48457547212 3.24830068137 3.00585072428 4.43761702177 4.68970175311 3.46147438584 4.49883630833 5.20208299543 5.38303602387 5.3951727533 4.00495972768 4.09059320564 3.06551079585 3.53050212039 3.05238455635 2.51427408306 2.20908110957 2.23457516598 2.03509390214 2.43597076981 1.65546112841
-9999 -9999 -9999 -9999 -9999 -9999 -9999 -9999 -9999 -9999 -9999 19.3283420027 18.3086287242 18.0174283606 16.6458758201 13.3682569255 13.3391397072 10.7998163966 8.30458438186 10.2386289161 8.32358457919 8.19479865609 6.90340790204 7.06844758691 6.40076639929 6.30368123929 5.06817933116 4.97760702193 4.68198494318 4.53062823424 4.10257557578 4.25571459955 3.8883838302 3.84556897725 3.97742857634 4.40516993023 3.45053163294 1.76368093892 1.37970384194 2.60517618827 3.29472127801 2.60882776858 5.92676214846 5.94809915165 7.11240561771 7.03019358679 5.78697807031 5.06699313914 3.6210351704 3.64411908297 2.61112190105 1.61334142033 1.44207321429 1.46003019007 1.38691392441 1.60099487648 2.50442398077
-9999 -9999 -9999 -9999 -9999 -9999 -9999 -9999 -9999 -9999 -9999 20.0228873124 21.447164053 19.6082902317 15.0683660592 15.2160480659 12.4292129882 11.8529018676 10.2302181757 10.2924301927 10.1828636485 8.72515133837 7.18860949529 7.50458795051 6.70701567705 6.68224699021 6.14733926214 6.36009168562 5.26930672979 6.3071907551 5.48708822602 4.3427947911 3.82099591404 3.84867682878 3.87521539175 2.79270115434 2.14789692744 3.17747465461 1.66776592938 2.33454343019 2.74079145538 2.58363650361 3.897907789 4.43636087142 4.51620247564 4.19092972888 4.48810701741 4.58912012053 3.55612848038 3.48166996421 2.52117910974 2.78025035697 2.39195372558 2.22423487294 2.13145734124 1.90136795661 1.31128610421
-9999 -9999 -9999 -9999 -9999 -9999 -9999 -9999 -9999 -9999 -9999 22.9092419394 22.3190078926 19.0337091194 17.6078411549 17.2325253272 12.0076177554 12.5404057822 10.7995796846 11.9521319143 8.6547950926 6.97561874116 10.5117541346 9.19282752248 6.87490383859 6.86178114131 6.43224537063 5.66675361258 4.23809005023 3.91771317628 3.77072391747 5.35870878959 5.13742800444 4.79422544127 3.66787602157 2.22730903203 1.49357215651 0.810745722432 1.51353385629 1.54082396724 3.06299406214 3.89509874996 2.79509221677 2.3737111904 2.55670422493 2.5477970695 3.16971372818 3.23004988197 3.10102661239 3.10433448362 1.79788974664 1.54789715948 1.17142377664 1.13944327396 1.17170194384 1.3337140253 1.75963450453
-9999 -9999 -9999 -9999 -9999 -9999 -9999 -9999 -9999 -9999 -9999 -9999 22.7557448536 21.973150693 18.2728046387 16.7096191442 13.4138713478 13.2894043574 10.2613443958 11.1791129453 9.47464127561 11.3114244108 7.67600643753 7.00869702578 6.35937273116 6.24665359858 4.74689772581 5.07022743671 4.2381493673 3.62041196967 2.81212253735 3.09910894652 3.39524110489 3.64497686427 3.37879366515 2.80700550665 1.81886327131 1.07943674807 1.93300349249 2.48388446865 3.14259933224 3.45714331467 3.1711557891 2.31779108192 2.53624229274 2.5617403671 2.75691372348 2.99039586034 2.74494222599 3.50418958462 2.98878668635 2.36244921451 1.94773563583 2.08060007076 1.63818430233 1.57651624593 1.48924726952
-9999 -9999 -9999 -9999 -9999 -9999 -9999 -9999 -9999 -9999 -9999 -9999 24.394829342 22.1643771172 17.9579466693 16.4932817199 12.7051789579 13.7207142556 11.3223214163 10.901707544 9.84346770835 9.89729282795 7.960084592 9.60042731278 7.22887462581 7.99583425602 7.73184323202 7.1839332023 5.43654806389 6.839473481 5.07331450418 5.36441123502 5.36897612832 5.47249859148 3.42871490704 2.63935751098 1.71110074729 2.65999386257 3.35772917581 3.33514864129 3.53651201265 3.11812514527 2.78987535458 2.73681391044 2.62449768546 2.13997906345 1.95265935137 1.97297699984 1.84752845146 2.65209901102 2.46690764724 2.28724785957 1.82084792492 1.20568916262 1.06938422702 1.42703461461 0.883552151416
