data/recharge/transience/recharge75.asc
ncols                  80
nrows                 72
xllcorner      4374000.0
yllcorner      5656000.0
cellsize            500
NODATA_value       -9999
[rows 0 to 25 of 72, columns 0 to 56 of 80]
-9999 -9999 -9999 -9999 -9999 -9999 -9999 -9999 -9999 -9999 -9999 -9999 40.7785400665 41.9061893768 -9999 -9999 -9999 -9999 -9999 -9999 -9999 -9999 -9999 -9999 -9999 -9999 -9999 -9999 -9999 -9999 -9999 -9999 -9999 -9999 -9999 -9999 -9999 -9999 -9999 -9999 -9999 -9999 -9999 -9999 -9999 -9999 -9999 -9999 -9999 -9999 -9999 -9999 -9999 -9999 -9999 -9999 -9999
-9999 -9999 -9999 -9999 -9999 -9999 -9999 -9999 -9999 -9999 -9999 -9999 36.7536968694 34.9407602067 34.4707689039 -9999 35.5138049316 -9999 -9999 -9999 -9999 -9999 -9999 -9999 -9999 -9999 -9999 -9999 -9999 -9999 -9999 -9999 -9999 -9999 -9999 -9999 -9999 -9999 -9999 -9999 -9999 -9999 -9999 -9999 -9999 -9999 -9999 -9999 -9999 -9999 -9999 -9999 -9999 -9999 -9999 -9999 -9999
-9999 -9999 -9999 -9999 -9999 -9999 -9999 -9999 -9999 -9999 37.1612149613 36.0686880289 36.9511650499 35.6684684529 34.0955663509 34.5549654566 34.6174651358 35.5019293636 -9999 -9999 -9999 -9999 -9999 -9999 -9999 -9999 -9999 -9999 -9999 -9999 -9999 -9999 -9999 -9999 -9999 -9999 -9999 -9999 -9999 -9999 -9999 -9999 -9999 -9999 -9999 -9999 -9999 -9999 -9999 -9999 -9999 -9999 -9999 -9999 -9999 -9999 -9999
-9999 -9999 -9999 -9999 -9999 -9999 -9999 -9999 -9999 36.4511114142 36.3945345452 35.9724418906 35.054442808 35.4032915813 34.9861596403 35.3138095207 35.0781867953 36.648833202 -9999 36.856199791 -9999 -9999 -9999 -9999 34.8955866367 36.0248166167 -9999 -9999 -9999 -9999 -9999 -9999 -9999 -9999 -9999 -9999 -9999 -9999 -9999 -9999 -9999 -9999 -9999 -9999 -9999 -9999 -9999 -9999 -9999 -9999 -9999 -9999 -9999 -9999 -9999 -9999 -9999
-9999 -9999 -9999 -9999 -9999 -9999 -9999 -9999 38.046074323 37.0435204689 35.8776791855 36.2221475034 35.3165429622 35.086591792 34.8894594903 35.3576690015 35.2246109356 34.7406206615 35.1613292115 35.3608177153 34.7002921299 35.3100407042 -9999 35.2849556047 35.404559151 36.252430968 -9999 -9999 -9999 -9999 -9999 -9999 -9999 -9999 -9999 -9999 -9999 -9999 -9999 -9999 -9999 -9999 -9999 -9999 -9999 -9999 -9999 -9999 -9999 -9999 -9999 -9999 -9999 -9999 -9999 -9999 -9999
-9999 -9999 -9999 -9999 -9999 -9999 38.9580432302 37.4252586196 36.3504998631 36.4798547827 36.7000089456 36.7573805873 35.8788655543 35.8621839093 35.167055834 35.467291441 35.6203886333 34.6970262691 34.8409352135 34.569197657 34.2296985542 34.519247713 36.0646212369 35.1854463162 35.1197218326 35.4242410103 35.6669472461 -9999 -9999 -9999 -9999 -9999 -9999 -9999 -9999 -9999 -9999 -9999 -9999 -9999 -9999 -9999 -9999 -9999 -9999 -9999 -9999 -9999 -9999 -9999 -9999 -9999 -9999 -9999 -9999 -9999 -9999
-9999 -9999 -9999 -9999 -9999 -9999 38.4138144491 37.6456366985 35.9273252231 35.5392960373 35.5670167246 36.0895021114 35.4920665571 35.0321442013 34.5504634506 34.2906796521 35.5031782615 28.7316052175 34.4533211118 34.1735913835 34.0763878549 35.2416233813 34.9897387777 35.4833073586 34.958343024 34.4323808533 35.1287029223 35.7925677797 36.1744291811 36.0860034718 36.4455802168 36.8089340834 -9999 -9999 -9999 -9999 -9999 -9999 -9999 -9999 -9999 -9999 -9999 -9999 -9999 -9999 -9999 -9999 -9999 -9999 -9999 -9999 -9999 -9999 -9999 -9999 -9999
-9999 -9999 -9999 -9999 -9999 39.0969571675 38.3467791051 37.8713635175 37.1352426027 37.0650039359 36.57615552 35.7902198021 34.9898199542 34.9262724706 35.4027169432 35.5711987953 28.4372553072 14.8910895703 27.5654907334 34.4860380812 34.3422014488 34.240247914 34.4003139558 34.5240324315 35.1535781875 35.6700323222 35.0021820311 34.8600782007 35.42588374 35.4825796875 35.475183522 36.1050655836 35.5456063535 35.5372891716 -9999 -9999 -9999 -9999 -9999 -9999 -9999 -9999 -9999 -9999 -9999 -9999 -9999 -9999 -9999 -9999 -9999 -9999 -9999 -9999 -9999 -9999 -9999
-9999 -9999 -9999 -9999 -9999 39.3938125137 37.8233966077 38.022618736 37.199868253 36.920951736 36.5902609335 36.7569345234 26.3901846396 21.7504846118 36.2932612682 35.9650943614 30.5137401401 12.448121452 23.0420161346 30.2374767499 35.4353374756 34.8448720367 35.1869067284 35.2981714966 34.924061347 34.1022812295 34.5218871958 34.2256607656 34.2463558772 33.3092279124 32.3663124887 34.1490657718 35.077276149 35.1307553581 34.8995562339 35.407262667 -9999 -9999 -9999 -9999 35.4687428509 34.7919258111 -9999 -9999 -9999 -9999 -9999 -9999 -9999 -9999 -9999 -9999 -9999 -9999 -9999 -9999 -9999
-9999 -9999 -9999 -9999 -9999 39.1034698866 38.2831880241 37.7570020946 37.1608290129 37.7507024413 37.4970811412 37.3338135678 36.1455696027 35.7083451519 36.9418017798 36.2889961434 34.468690189 36.6949044777 36.6970782538 36.1999841699 35.7455925811 34.2821078086 34.3699598814 34.2804419891 34.7932440304 34.8880011715 34.2938517931 33.7685214384 34.55831905 32.1389985382 22.1185248271 28.9845875402 34.6948520765 34.2678064336 33.8456865927 35.1621310866 35.2862380672 -9999 -9999 35.4821223991 35.3802408859 35.4385300597 35.4050402115 -9999 -9999 -9999 -9999 -9999 -9999 -9999 -9999 -9999 -9999 -9999 -9999 -9999 -9999
-9999 -9999 -9999 -9999 -9999 -9999 39.3599455308 38.8278510188 38.0019780451 38.3610177166 37.5227459899 37.5320155035 37.9832940444 39.8288717125 35.9647781242 35.9268709819 35.6970018452 35.9987881798 35.8617392713 35.7524965168 35.6685621302 35.1542978135 34.572145231 35.8678815929 35.2593335733 34.987976262 33.6916165675 34.1314741433 34.062650153 34.2686450455 32.1978749592 34.2501639657 33.5177531533 34.2144638473 34.1848068314 34.4518702308 34.2656218398 33.8784792686 35.072116323 34.7888070403 34.9647832601 35.8236923342 33.9132610712 32.9014521281 -9999 -9999 -9999 -9999 35.1255337153 34.4570999862 9.48687800416 -9999 -9999 -9999 -9999 -9999 -9999
-9999 -9999 -9999 -9999 -9999 -9999 -9999 39.6922488941 37.9665046268 37.9527083497 38.0064946508 38.2650771393 37.5221829784 36.0991728146 35.9127440982 36.5825156169 36.2667887825 36.164967887 35.9104287051 35.1699689524 34.9843476388 34.4166761039 34.4164765874 35.4546650159 35.3142445319 34.4028154584 34.299237209 33.9778987582 34.5478905117 34.0409384284 33.6643667718 33.4376667981 33.6972663507 33.5926676312 34.5641692724 34.8238674767 34.698310647 34.7872093832 35.2075336481 34.9725922348 33.7653887175 33.7906979156 32.5970310826 29.7218031725 28.0557597554 29.0142767299 29.4754769151 28.4599375877 28.0917286809 32.6739034541 32.2065609634 27.3635764453 -9999 -9999 -9999 -9999 -9999
-9999 -9999 -9999 -9999 -9999 -9999 -9999 -9999 38.4309997007 38.2915584041 38.208780625 38.2083312629 37.4453140861 38.2287534279 38.5017012302 38.0033257517 36.2631462292 36.7793617961 36.0918093874 35.5196605439 35.9066661877 35.7978597493 45.3797814216 47.4706692348 42.9198845076 46.0634029168 40.4976616092 34.2055628751 33.2402459534 32.5287045943 33.1244392161 32.8727622817 33.1030069812 32.933709469 33.5878708369 34.228916898 34.2450051827 34.5582467945 34.5366655484 34.7160775855 33.9596200623 32.9548903034 27.3440798267 26.7169804338 26.0002958419 25.3540705802 26.3905022197 25.59328271 24.9249285324 29.9964301457 30.824682077 31.4139645912 30.395120917 -9999 -9999 -9999 -9999
-9999 -9999 -9999 -9999 -9999 -9999 -9999 -9999 38.8522511176 38.7012795669 37.9033914497 38.1067539805 37.7651222673 37.8312565743 37.5104357227 36.995825903 35.9122026474 36.4381729496 35.684413146 35.6571477753 36.0557843509 35.8748620985 52.389547195 53.7294914225 47.4461796321 40.95477038 45.8365649802 40.8894490456 33.8907696957 32.9405767383 32.6232430604 32.7287465636 32.4393222177 32.7071600869 33.8889262124 15.0313832263 34.7633064494 34.3756234648 34.2861243027 34.260253311 34.1470498215 33.3045960089 26.9100030655 26.815737334 25.4170178881 25.3284971118 26.3036054793 25.754663345 26.5438735116 31.3776928125 30.9774948817 31.023123141 31.1791117172 32.35073816 30.8774661322 31.4264573611 -9999
-9999 -9999 -9999 -9999 -9999 -9999 -9999 -9999 -9999 38.5090677402 38.1032352477 38.2814319555 38.2265467396 38.01777453 37.3005493863 37.2202780472 37.2032414354 36.6505195946 36.6395539443 36.8498658981 37.5696326794 36.4549943214 40.2549791786 62.1754873758 52.930582746 50.4945624923 40.640173531 38.6317573841 40.7236963193 33.8994624237 33.3975125899 33.2234562005 32.7908471401 31.7899561807 32.0534448629 28.6349494844 34.3613762908 34.1392030535 33.8629294572 33.7835316867 33.5505812521 33.0413278425 25.7330229236 26.6244393463 24.0966213717 22.7561407784 21.5164587655 22.2179023308 28.0716162753 28.3709115845 28.4561344321 28.1727105554 29.1030979173 30.4491053808 30.8461384087 25.8086188362 21.9158243883
-9999 -9999 -9999 -9999 -9999 -9999 -9999 -9999 -9999 -9999 37.6962795189 38.2360140923 38.2991901544 38.2344809457 37.0533462674 36.7931950488 38.2625115722 38.6790122553 38.5522374385 38.143309351 36.9566540231 36.6705366446 35.647341335 48.187758981 47.9049478314 50.7543974205 44.7921846124 40.6195713943 30.6200658302 43.9128945842 33.6475761463 33.499590407 33.5370504588 32.7081867458 33.9332210731 33.8003762456 34.0927006308 34.0822473144 33.9341054542 33.9711916717 33.7152706835 33.2820263806 31.1443348091 26.6180526442 27.6171120388 26.4778412973 24.9492318501 23.5895803524 29.1791405284 29.1958365253 29.6795110207 29.2261058087 28.2686099796 29.8119874544 29.3679381128 24.79426094 21.8178133495
-9999 -9999 -9999 -9999 -9999 -9999 -9999 -9999 -9999 -9999 -9999 20.3836459611 26.4471782456 38.0811391237 37.1452228931 36.8659581393 38.5806595244 38.7625300158 37.4892791386 37.6901903899 36.8313291344 36.907886205 36.1571403707 35.199260821 40.9793650857 42.1960244045 38.5771593771 46.8827472803 43.5863682487 29.922407106 32.582987711 34.1206615705 31.7519268324 32.1313952149 32.729710462 32.2160823491 33.3508924867 33.267355381 33.5294628041 33.6335103494 32.8577645848 31.7883587436 31.8069092228 29.6627202252 24.1888303446 22.0672483097 23.4018814748 25.0578440873 26.7394078335 28.4732675288 27.708097613 29.0988666674 28.952303003 28.3546971737 26.84781035 26.9877607418 23.1021716109
-9999 -9999 -9999 -9999 -9999 -9999 -9999 -9999 -9999 -9999 -9999 18.9791962535 28.1555204373 37.3008197238 37.1321909769 37.6679998036 37.2769193374 37.2528539254 36.3758223059 36.3571759474 36.5711536601 37.0792629264 35.7696745449 35.8843801575 35.3144902778 36.0815218088 42.9114788487 49.0420732384 36.4337402323 38.8650578713 36.8161862905 33.4358680351 27.2944342923 32.234666704 38.1892121779 34.6892726197 33.1388909886 33.501378318 33.2037113177 32.8145332239 30.779993157 32.4318882235 30.6584474954 31.1862962671 30.1678752345 25.7186525025 27.0191583965 28.3771611719 27.3020426493 24.9736383122 24.5923649084 25.2069639556 23.7516375156 29.3122682974 29.0509641786 27.9540697799 27.2338243381
-9999 -9999 -9999 -9999 -9999 -9999 -9999 -9999 -9999 -9999 -9999 39.2014817806 37.3527825053 37.2195235133 36.3721051163 37.2431218468 36.5298870252 35.8936897604 35.3489235428 35.7982471751 35.7891429105 35.8928129059 35.6926987423 35.0920025559 34.2781493068 34.4165036408 34.1406206941 33.9018938742 33.4824443182 39.4056816122 41.8639962423 39.4697778828 37.6903200537 39.1594747405 25.5502029351 14.9932404431 17.5008021296 23.4362857395 33.4311935096 24.1929358151 18.9728946685 31.9093576466 31.5781488977 32.6387305273 33.9373638709 35.0022355761 26.8598652839 25.9795933902 25.4396446361 24.9995612178 23.0535475473 24.0579752225 24.809448751 27.4239740249 30.1884892158 24.2633248907 22.666015082
-9999 -9999 -9999 -9999 -9999 -9999 -9999 -9999 -9999 -9999 -9999 -9999 38.0030660236 36.9749705024 36.9711297991 36.4749196288 36.5341233574 36.5163373297 35.6467676412 35.885868893 36.2780477425 35.7432773172 35.4179817227 35.3994209744 34.4946562768 34.8028432531 34.3950747565 34.5239357254 34.0732233599 33.8460161107 33.6069300939 33.6899669391 37.0836065066 40.6171754414 32.0608175208 18.863560305 21.7037979795 15.3247308179 27.4924742445 32.5619285726 33.1229580428 31.2453747653 33.0488214434 34.0210192595 34.3065819145 34.7843812628 30.6166918696 26.0852377949 23.587016322 24.4012825899 22.7161054869 21.1750068883 20.3538726349 20.5429631373 19.499675318 20.8627721275 11.1050858989
-9999 -9999 -9999 -9999 -9999 -9999 -9999 -9999 -9999 -9999 -9999 39.220558316 38.9506837107 37.9870321887 36.9405472946 21.8454138821 31.40060642 36.706486433 35.9273805713 35.4004372575 35.0849900214 34.9735624538 34.4227719789 34.7921620915 34.4757322011 34.4248576055 33.9552358241 33.7626553725 33.7327031178 33.3702341899 32.7814485063 32.9725209161 32.330791948 32.1665225009 32.2816240752 25.6919095306 17.780104972 11.2308752921 9.90694670136 31.7048181461 31.5049239938 29.7990754175 34.7775749123 35.4643463517 35.8543041834 35.552373532 35.2914669064 31.1248216837 25.6215002412 25.5649895969 21.9816895828 18.3554166188 17.3642479995 17.4285507785 16.9404856021 17.8017969095 21.2600004544
-9999 -9999 -9999 -9999 -9999 -9999 -9999 -9999 -9999 -9999 -9999 39.753277038 39.4496585904 38.5341946385 37.1858582368 27.9399060653 35.2041552858 36.4418489164 36.2107588299 36.1899289386 29.6577839233 30.721456572 34.9768182762 34.8544949366 34.6115595161 35.1509180414 22.2479322289 23.7378992627 32.3995653365 34.5292214675 34.0368831029 33.0832575981 32.1197217086 32.1638357581 32.0615636707 33.2508166681 12.7810071253 17.1738952059 10.2499904633 32.5107867438 29.9802103799 29.837559722 32.6674317831 33.9787047097 33.9316787376 33.4582512728 33.3566275643 33.651298964 31.080369801 29.6460398222 21.5505783598 21.6855356619 20.4555665911 19.9352187277 19.4516777732 18.7644996887 16.9892556531
-9999 -9999 -9999 -9999 -9999 -9999 -9999 -9999 -9999 -9999 -9999 39.6326754291 39.3353626323 38.1658698855 37.5640472653 37.3185246347 36.1802414116 37.0508449171 36.2729993022 37.0989847364 30.2680538669 13.3750917298 30.9614516468 38.5692529686 33.7757546602 33.817549471 35.6172809812 36.6715552153 35.0952108231 34.5222930368 33.7385546739 34.2710928975 33.9354127759 33.698632731 31.8808947243 26.8090972424 9.27952483947 7.16131649163 9.71708850133 25.0247788692 31.1102281908 32.2592288136 31.1387473678 29.6863913077 30.1537445409 30.1800086854 31.1306949479 31.249558878 30.4637074847 30.212462577 24.589687512 18.5301960351 16.8122811699 16.5404175623 16.2533925058 16.7819832196 18.8530518078
-9999 -9999 -9999 -9999 -9999 -9999 -9999 -9999 -9999 -9999 -9999 -9999 40.0228423435 38.8406373238 38.0610667228 37.3662776103 37.3249041396 37.4588919039 36.4181154803 36.2541185463 36.7127560737 37.6785818733 37.5333470454 34.188286113 33.2797999536 33.1471783985 31.1297293152 31.5385686094 30.0703741765 29.1057974337 26.6929191778 32.3319879002 31.4653344914 32.1222020274 31.163230888 17.2231654767 10.4152145417 8.23579561094 11.761321155 29.5260196039 31.404647855 31.0214718002 31.7753096749 29.7295589464 30.1035944317 30.0546147045 30.0905326963 30.5173554954 29.4036798144 30.2086791627 28.1299733094 14.3640972487 15.6053648921 22.9564393189 17.5208705196 17.996074331 17.7546737441
-9999 -9999 -9999 -9999 -9999 -9999 -9999 -9999 -9999 -9999 -9999 -9999 41.126082311 39.5337777451 38.5602540025 39.7948519503 38.0312790923 38.1020228966 37.4436047607 36.6053807003 36.4913763956 36.733887224 39.1641064903 36.9561261735 34.7468750221 35.4590449875 35.1600792296 34.3702472078 31.7814081908 33.4242925075 30.5413447532 31.3876137552 35.6722145303 34.5985800591 35.6753156344 13.7640614867 10.3074146985 13.4895290037 18.0778779127 26.0032389871 31.924754571 30.5960559212 29.1948801774 29.0536626121 28.6687232421 28.3938454011 27.3788912375 27.290564919 26.0899329072 27.6217775557 26.4511523466 23.8409139647 24.2464435723 14.5928500062 11.0164539512 12.7799249071 11.6215750206
-9999 -9999 -9999 -9999 -9999 -9999 -9999 -9999 -9999 -9999 -9999 -9999 40.4612576228 40.0566914034 38.7179825892 40.0591538335 38.3794554758 37.5306643809 37.1804442121 38.2243686645 36.7426724953 36.1173856412 35.9608685072 27.607357847 29.8888824767 34.9021054467 36.3158776901 34.7778864246 32.0488248221 31.0965169523 28.7598565907 28.1269480371 31.5402268245 35.1875025373 13.3284010244 25.2176468428 24.3625196394 14.2444534985 12.8991210303 19.674090721 18.0278541935 21.7786190588 27.9779408511 29.374067228 28.8085533608 28.9670175283 28.8427869097 28.8378596056 28.2205901894 29.0344923357 28.0576016619 23.6599669396 13.1477159179 11.3603351684 11.5661338822 11.6769105251 11.6325229866
