data/recharge/transience/recharge526.asc
ncols                  80
nrows                 72
xllcorner      4374000.0
yllcorner      5656000.0
cellsize            500
NODATA_value       -9999
[rows 26 to 51 of 72, columns 0 to 56 of 80]
-9999 -9999 -9999 -9999 -9999 -9999 -9999 -9999 -9999 -9999 -9999 -9999 -9999 36.5471820103 35.4914575876 34.8932163203 36.0059884303 37.3343463234 36.9982738613 36.7907462959 35.6729987401 34.8836546425 34.0969866075 29.2681555431 37.4121373616 38.0115070328 37.6002947647 33.9521685786 34.5148400056 35.5496037122 32.1149634274 31.8603988533 35.6759810596 32.7634442241 45.0961464317 22.084312369 44.9943050771 24.0340305451 23.0754534586 17.8444597043 16.0236872969 18.2289477785 13.1735060954 18.9987914386 23.9641002758 31.7448902827 32.0987862508 31.6937473762 23.8870854395 14.0061079619 9.56388323341 9.6245067071 9.44993114268 9.2354468631 16.9074019179 10.0350973119 7.20672025632
-9999 -9999 -9999 -9999 -9999 -9999 -9999 -9999 -9999 -9999 -9999 -9999 -9999 -9999 35.8657993377 34.7394240631 35.0612383558 37.2101888247 36.7361026957 37.0532211547 36.2348831406 35.3817848038 34.9182283647 34.8290353515 36.4284547296 35.5931082967 35.3520718684 37.0128038032 36.8329079713 33.5605379513 33.6157655146 36.7021471668 35.709643004 42.9626773039 25.0710211801 32.408487464 45.2080058405 20.822107018 27.2694637937 25.2346099527 18.8750287036 21.4662864393 17.0171857954 14.4133742981 11.5519089046 12.6697835276 14.7080950058 20.6554955586 10.9482412252 10.7859272935 9.9796557954 8.50958827988 7.6520396831 15.4590445554 14.6927454199 22.8012150389 28.5789500134
-9999 -9999 -9999 -9999 -9999 -9999 -9999 -9999 -9999 -9999 -9999 -9999 -9999 -9999 10.0508549899 22.9227666355 34.9531184021 37.4787625705 38.1563027522 37.5867583619 37.465439995 35.9710316176 35.1998866785 34.554405493 34.6717439102 35.6954581042 35.1073258544 34.2755330898 36.7984212691 38.0927284286 30.0724597648 17.1751732432 35.2644514872 39.6467382298 24.8610128495 25.1917069018 47.3084520703 23.0099806572 21.6440683076 23.1139783944 14.3199215921 15.4836706533 14.928568098 15.9411100719 13.3501612104 11.6479673776 6.96678818115 11.0619525293 15.92609476 12.9671262158 10.4316643021 11.5025353396 11.7778645101 8.47287543078 12.2923995375 29.721540045 24.8342946302
-9999 -9999 -9999 -9999 -9999 -9999 -9999 -9999 -9999 -9999 -9999 -9999 -9999 -9999 16.3110292735 24.1650113873 35.4154513586 38.2317765559 36.7432782014 36.7445647688 36.619714923 36.448125008 35.574296615 35.2022662505 35.9938474104 35.4910222472 34.4135754391 34.8191886609 36.6015692643 36.6427526753 35.9199830608 34.2407760313 35.4472998765 45.7306515104 50.7894087073 21.4405896533 30.9416861987 60.2389047502 13.762516314 21.8093811263 14.5680576325 15.791320679 13.9955092011 14.1985186577 11.0538926767 11.8297115643 9.3218434743 11.3238521246 16.189067415 18.0070662471 14.1353617502 8.44852617124 11.4637381744 10.4144518577 7.93485543525 9.78343406026 10.6857337599
-9999 -9999 -9999 -9999 -9999 -9999 -9999 -9999 -9999 -9999 -9999 -9999 -9999 -9999 36.7914929306 35.9481337928 34.9120507533 35.0831098767 35.3038016416 35.8844908677 36.2804513234 37.0215376949 36.0853703227 35.5753923312 36.7515901201 36.7758596665 35.3150382736 34.8990729276 36.4747567023 36.7457563856 36.6934073141 36.6444834187 35.9271228234 26.5039152219 21.6582483808 21.8447457108 21.2403383486 46.6830315797 19.4750254155 26.5440966528 37.7778627749 17.3715846816 11.3454161587 11.9025091984 10.0359103893 9.90485704133 13.7718716605 14.4054144734 26.5513814198 29.3633943388 20.519654189 23.4346441456 14.2338521721 15.2905157489 13.3495187538 11.6287777154 12.5866565635
-9999 -9999 -9999 -9999 -9999 -9999 -9999 -9999 -9999 -9999 -9999 -9999 -9999 -9999 -9999 36.4863739724 35.9159486366 35.0711244391 33.6945603793 34.7960365946 36.5519563785 38.2420767964 35.7930503989 35.8059839616 36.9316213811 36.0405611986 34.7218857145 34.2527058396 19.7609664405 35.6977638537 36.0597094916 35.9747519976 34.4092646059 23.4219867762 21.8202925681 21.8694383797 21.4545887248 21.4586673114 21.0389197826 20.7027622368 19.0046403941 30.7788152783 5.56244139286 7.38637197614 9.3563069421 7.32098911622 5.23559350215 5.78634826345 8.42992743428 11.7003941191 9.53908142594 8.88892841659 11.3200192634 16.8520523894 15.4732278464 15.2724087681 13.1946740977
-9999 -9999 -9999 -9999 -9999 -9999 -9999 -9999 -9999 -9999 -9999 -9999 -9999 -9999 -9999 -9999 35.64864655 36.1035948491 34.9459954988 35.2226793766 36.4092153062 36.2992705999 35.8860375163 37.7053973254 37.6767002417 37.1476906033 36.2669084837 32.0532978669 19.5568918859 30.8966167882 36.2943833879 23.9532772189 15.8934574976 10.8025155289 21.7782819097 21.9992466753 21.6551001186 21.7905760733 21.4819498744 28.8944641192 48.5871184878 42.069518558 41.6936291417 16.7502969321 4.63767920384 3.61072109686 2.96702058393 10.196206118 9.08314497962 7.76400791289 9.35524794189 12.8216607305 10.2522294413 8.98586270908 9.6097761516 8.88069330389 8.19326154622
-9999 -9999 -9999 -9999 -9999 -9999 -9999 -9999 -9999 -9999 -9999 -9999 -9999 -9999 -9999 -9999 40.2083175793 37.6638341842 35.9740867067 38.0061167441 37.207166192 35.9483486429 35.0705889508 36.473044808 37.2356709916 37.15141072 35.9960381579 35.4257012411 20.6889964969 29.8472906042 22.6191517748 16.2803966122 18.5286242759 12.8117369638 19.7446981873 21.7402485965 26.3023559362 20.9326957976 21.4115973512 23.6889995902 39.5516029857 29.2893033472 34.2201786301 27.9021557337 13.8839570213 8.73122335728 20.9700369957 26.1151951158 8.40653800675 8.79810972611 10.7680855926 11.1808877791 13.4927791272 14.2096544771 16.3081199358 12.2895886684 8.24430668076
-9999 -9999 -9999 -9999 -9999 -9999 -9999 -9999 -9999 -9999 -9999 -9999 -9999 -9999 -9999 38.024267619 38.2343544942 39.1722828875 38.9934511021 37.8945596938 37.2754734385 35.9507199 35.598404804 35.9910581386 36.7918521999 37.4410529317 36.1185810242 35.8809017964 26.9844599324 33.877243196 36.3479406606 36.6228444709 36.3156418871 29.6440880192 31.5614871533 15.4823709801 37.2056827269 34.5572017635 42.6738390497 22.6487248257 40.4145389363 18.9079482947 10.4122068519 10.1764416004 10.2999943849 7.09625619506 16.3501424999 18.4641460784 14.9587471612 10.8622800737 8.99524555381 7.6777305098 8.12204407329 8.75404526256 9.15287025673 9.34966559174 9.91998777761
-9999 -9999 -9999 -9999 -9999 -9999 -9999 -9999 -9999 -9999 -9999 -9999 -9999 -9999 37.6752005625 38.9519921958 38.5014160659 40.4313949774 39.989159082 38.2956776046 38.9675211183 37.842048742 36.635225838 36.3543540331 35.4473753045 36.9335404402 35.9242504872 35.3009608345 36.1923098833 36.3819957119 36.2509750411 36.753780373 35.9499382907 34.1309495936 39.5626685121 54.624708108 25.799772339 30.3212729119 53.7193567187 56.91362484 47.4781387994 7.94122983355 6.98893973901 7.89062033239 5.03742666831 4.30070149167 4.45421417294 10.138580037 10.5654384562 9.06671784402 8.28908519692 8.23540581582 8.52734280404 8.38637490734 7.91603035947 8.25573445081 8.61456327907
-9999 -9999 -9999 -9999 -9999 -9999 -9999 -9999 -9999 -9999 -9999 -9999 -9999 -9999 36.779265723 39.5704974882 38.7830598844 40.3721626475 37.8680652658 39.1925321295 37.1561151308 37.5616627638 36.4265998652 36.1276926333 34.953316264 36.0149382756 37.4859621915 37.3261785035 37.3054996019 36.993546888 37.0522747195 37.5685962705 27.4607452581 26.9983987465 34.3630752742 38.7663484254 29.8381783265 35.6630249028 19.9563536793 20.524644183 25.9409695729 23.950278349 9.16290442735 8.10783622828 6.95628354031 3.89330062437 6.9833580845 13.209687803 13.704204122 15.7708764019 15.4827142971 15.3570992358 11.5925845446 10.4428287741 11.1536241855 10.7759724814 8.61815861041
-9999 -9999 -9999 -9999 -9999 -9999 -9999 -9999 -9999 -9999 -9999 -9999 -9999 -9999 -9999 -9999 39.589394665 41.1503230216 40.7188701498 40.2215503084 39.7855409213 37.8095369258 36.9121330176 36.6215260485 35.2611196319 36.6050459186 30.5659490603 31.3227808491 27.5013710274 34.2597083979 36.8652303326 29.5659800703 26.196839942 23.9320844423 23.5464436632 23.6858115875 25.3529135057 19.5695723962 26.8832394298 25.21683739 15.905424478 14.3027334989 30.5937614053 29.994856873 4.71651310021 5.74191088425 5.09616267016 7.3958555122 10.1222757883 11.7692653237 11.3560735343 11.6283679478 10.2588531716 9.20395378818 6.94968170329 7.22075133595 9.23554262099
-9999 -9999 -9999 -9999 -9999 -9999 -9999 -9999 -9999 -9999 -9999 -9999 -9999 -9999 -9999 -9999 41.5023745449 41.6749136568 41.5865610417 39.870461252 38.9271217794 39.4498782255 36.3270299364 36.2418039194 35.8051026845 37.0953979656 34.4523469359 33.9946476218 31.4758388203 33.8221969576 34.4885527712 33.7049399125 29.161135575 24.7747927203 19.423792359 20.2104072229 19.9210963447 21.877757597 16.13079685 14.1272798659 15.779851804 18.8921509825 16.5316248631 25.7522766242 14.2867451973 4.90852776396 2.64830136991 4.28274592313 9.14162293118 7.79901718657 6.64584990606 6.70980113621 5.51646330635 5.97968892802 5.5721374278 5.59048904225 5.42750578306
-9999 -9999 -9999 -9999 -9999 -9999 -9999 -9999 -9999 -9999 -9999 -9999 -9999 -9999 -9999 -9999 -9999 -9999 41.5950808089 40.4960908694 38.8145508123 39.0403859955 38.435471274 35.8822721716 35.4482531774 36.7835293728 33.7605002834 33.8228817373 32.3814401931 32.9795565028 29.1765843483 27.7104042922 26.3064057581 26.0551476188 19.2151093002 21.7228713659 20.8323021801 17.4578114251 15.8746219575 17.6148887555 14.0677314215 13.0203873465 11.5335260924 11.4804534861 10.4239239725 9.59609867972 3.19000481775 3.18044293691 5.03290638701 6.61523147273 7.05923110306 7.49965881265 5.59551528567 5.69133282508 5.8488757902 6.10094323741 5.69396842705
-9999 -9999 -9999 -9999 -9999 -9999 -9999 -9999 -9999 -9999 -9999 -9999 -9999 -9999 -9999 -9999 -9999 -9999 -9999 39.5308919954 39.1272885797 39.1275204695 38.5669008101 36.9198843362 35.7690142322 35.5920943412 37.3115664525 34.1080109799 29.2540609615 28.7753627567 27.6748715622 36.152020811 27.7340534355 24.144074009 17.6207651814 14.6572857484 13.7015969727 16.9801569406 15.3543124671 15.9527054136 12.6632638688 11.957083013 10.3584415597 11.9594849744 11.6860644542 12.0453801155 7.561355529 2.91596659324 2.35002965384 4.32100648757 5.17313687837 6.35760277806 5.2580965688 5.22771419148 5.53551172691 5.3839479788 4.53107946081
-9999 -9999 -9999 -9999 -9999 -9999 -9999 -9999 -9999 -9999 -9999 -9999 -9999 -9999 -9999 -9999 -9999 -9999 40.0577091152 40.4979494242 40.7017278399 40.5158007054 38.2200635947 36.9933075296 35.5611569617 35.3539729086 35.9166702227 37.9096856683 31.1864391888 30.1423522342 26.1474285643 14.9089209795 33.3117697025 22.5638227818 17.7813483501 20.1214294079 22.4180185104 21.5878188762 19.4182029183 18.2352420735 16.1988993201 12.6570441229 11.9254126559 17.7426436351 25.2893949595 18.6933373555 14.4310759816 10.8516963513 6.08012894589 2.95811066343 3.90586145416 27.7109146376 22.7490899825 15.4447632897 7.68285537255 6.19113248576 5.49724571257
-9999 -9999 -9999 -9999 -9999 -9999 -9999 -9999 -9999 -9999 -9999 -9999 -9999 -9999 -9999 -9999 -9999 -9999 -9999 41.5908794199 40.8490591701 40.642975911 38.267034732 37.0087519092 35.9389114791 35.5537276899 36.551140146 35.9949039293 37.8180258866 39.1155494529 26.8963394816 27.006796933 33.5738835423 21.6652873756 26.1647229122 26.5931459035 12.5850183032 11.5207105032 10.1057099889 10.1144134426 10.902696247 12.9742840495 11.3620594081 13.6792827886 15.7215199002 15.6795472288 13.3535048244 10.9951269638 7.55932684366 4.20055285973 1.66998292999 2.91118551065 14.2559409801 17.504419571 30.9170477933 3.67256712334 4.19295830541
-9999 -9999 -9999 -9999 -9999 -9999 -9999 -9999 -9999 -9999 -9999 -9999 -9999 -9999 -9999 -9999 -9999 -9999 -9999 -9999 40.9976256585 41.1107302666 38.222159232 38.6277810783 35.6940625424 35.4950554586 36.4023992597 36.0063948318 37.3638474157 37.3111752664 36.8557749068 36.9019516398 28.800444536 28.4598020613 23.6321219793 24.5015193759 16.7775725691 18.3798886361 17.2525220296 16.3382494601 13.7986585416 16.2567921293 15.593192762 14.087456498 16.9812283178 15.2759705003 12.9749219412 14.1820989305 12.2524484809 9.55757150583 6.09881422453 3.70048293841 1.92709624404 2.01665168446 22.5256584334 3.84080813821 2.06556833922
-9999 -9999 -9999 -9999 -9999 -9999 -9999 -9999 -9999 -9999 -9999 -9999 -9999 -9999 -9999 -9999 -9999 -9999 -9999 -9999 -9999 41.2955208394 38.9511161737 38.973889838 35.1113713586 34.9126251404 36.236115194 36.6197221083 36.9085438664 36.9674303881 34.8235764278 37.5192192461 26.7203006712 20.410060148 31.03221052 24.2568358769 19.3589354707 15.6762836544 14.0633654896 15.1507034051 18.3822943565 19.0556531597 20.0946611403 15.0301875105 13.0988945411 10.8647674968 12.2931303421 13.179522399 12.4781831338 14.5250334011 31.5515881802 25.7291115472 9.03414544098 3.3277599669 1.23590933231 1.4954264349 1.57214714698
-9999 -9999 -9999 -9999 -9999 -9999 -9999 -9999 -9999 -9999 -9999 -9999 -9999 -9999 -9999 -9999 -9999 -9999 -9999 -9999 -9999 40.0379683497 38.2881092542 37.9601691461 36.6501475955 35.2487476927 37.0317620355 38.1611437888 37.8972641428 35.5564712042 16.7291683079 34.6092767913 31.6096821816 24.4015840075 16.7674268602 19.0145891734 16.6422079942 16.2538995317 14.5552131781 16.8264937767 18.5177341642 17.9818201086 15.3269053745 14.483856066 16.0957320288 15.4667116757 14.3040005011 14.0276265263 9.85006941434 11.0774189615 19.0750885457 13.861730207 20.1029538463 2.39316822843 1.90936151517 1.31108645843 1.27783440021
-9999 -9999 -9999 -9999 -9999 -9999 -9999 -9999 -9999 -9999 -9999 -9999 -9999 -9999 -9999 -9999 -9999 -9999 -9999 -9999 -9999 -9999 38.451888744 38.9962477739 37.850938252 35.7292380522 34.5593067053 36.3377424855 32.7510347779 35.7046551617 37.4765295931 37.8271086712 28.4954545163 24.6312117419 24.8207889464 21.3149017273 19.8898442412 18.946559001 18.1341132871 17.9833639626 19.3427695896 15.0223992426 15.7865467145 18.5084353577 12.1569873247 11.1023076068 9.05164395013 10.6532719234 12.4843019907 13.9835549767 9.99564135901 18.1496290383 11.7016624629 3.37487467111 1.38191626368 1.25128488094 1.25155005327
-9999 -9999 -9999 -9999 -9999 -9999 -9999 -9999 -9999 -9999 -9999 -9999 -9999 -9999 -9999 -9999 -9999 -9999 -9999 -9999 -9999 -9999 39.0623827213 38.4095256729 37.4087721193 35.9320805946 34.8586505831 34.1251298133 34.1289717469 35.2754238624 32.3473998707 32.748041587 30.6715991787 25.7390351508 21.5681523506 25.4808770584 20.154729379 18.587119064 20.2397352061 20.7467630305 16.2650628045 19.6059450901 15.9685958431 13.8733277386 12.6211699447 13.3771237331 14.5724850064 15.4568380355 10.2858888111 9.69345769895 11.8077092913 15.8101582313 2.55692703646 6.25701556914 2.90169794182 2.54824459448 1.73716409482
-9999 -9999 -9999 -9999 -9999 -9999 -9999 -9999 -9999 -9999 -9999 -9999 -9999 -9999 -9999 -9999 -9999 -9999 -9999 -9999 -9999 -9999 39.2766823389 39.1732809413 38.8539873963 36.0226779386 35.9376245365 35.414632828 35.0842345428 37.1795411139 33.7631366451 32.0011621596 29.7405155013 26.7910007356 26.5363755137 21.5918162412 20.656423611 24.4630521218 22.2335546587 21.0079207855 20.8155647319 18.0324162321 14.5415862983 16.7200770254 18.8030519439 17.6559377481 16.2060204301 14.6423335138 11.7267234068 11.7431536484 13.1908570104 11.4740305771 5.24259412743 5.74632236691 6.16780182819 6.87585375872 2.96145100625
-9999 -9999 -9999 -9999 -9999 -9999 -9999 -9999 -9999 -9999 -9999 -9999 -9999 -9999 -9999 -9999 -9999 -9999 -9999 -9999 -9999 -9999 -9999 40.1879432901 38.5236364324 36.2866302074 35.8542640359 34.9144953488 34.6672580145 36.6487787367 33.86295713 35.1489159208 32.7774415142 32.1776876896 24.5469080142 26.1197104861 25.74218991 23.6280484277 18.1887587418 18.8093829685 14.5783620997 17.3454785512 19.9757831637 20.1415123011 18.0903749912 16.7792896183 11.0663725295 9.9970565438 9.25672445039 9.75194777061 7.97691174005 9.23503486697 9.21134479624 9.58545872209 3.81281990574 2.86093382647 6.25024569325
-9999 -9999 -9999 -9999 -9999 -9999 -9999 -9999 -9999 -9999 -9999 -9999 -9999 -9999 -9999 -9999 -9999 -9999 -9999 -9999 -9999 -9999 -9999 38.9136650041 38.6828329882 36.2735782153 35.2639344276 37.5035002336 33.7098342152 34.7995690704 36.2083630668 36.7816277196 35.3475384523 33.11083954 27.6472147996 26.7206510081 24.2005987577 22.219342055 20.6856684818 20.7735328524 24.2868275326 24.3818112982 23.2624702409 18.946133462 15.4106577079 16.1730468829 16.7999495083 17.1607690165 13.6857393215 13.4322210148 14.0031405439 14.450661458 9.98095862833 13.3242887043 7.74313586134 10.5983724846 7.71440666552
-9999 -9999 -9999 -9999 -9999 -9999 -9999 -9999 -9999 -9999 -9999 -9999 -9999 -9999 -9999 -9999 -9999 -9999 -9999 -9999 -9999 -9999 -9999 -9999 39.3143660548 36.5763594308 35.5248165414 36.4427315734 34.4523563326 34.2815290434 33.532884456 27.0035994142 32.5097039817 33.590753764 32.1920073722 23.7211886507 20.849447545 25.4643455277 22.2646404559 25.0005716597 25.9120306333 18.3817460847 18.0217127939 22.8582484571 19.4129797478 18.3553229596 14.1711440578 16.2357260663 16.7059478649 14.7668757333 11.3189630496 9.78845784888 17.0765052602 24.0783004113 17.0625842635 8.30382341596 8.27337736234
