data/recharge/transience/recharge415.asc
ncols                  80
nrows                 72
xllcorner      4374000.0
yllcorner      5656000.0
cellsize            500
NODATA_value       -9999
[rows 0 to 23 of 72, columns 0 to 53 of 80]
-9999 -9999 -9999 -9999 -9999 -9999 -9999 -9999 -9999 -9999 -9999 -9999 0.40641889527 0.408180216668 -9999 -9999 -9999 -9999 -9999 -9999 -9999 -9999 -9999 -9999 -9999 -9999 -9999 -9999 -9999 -9999 -9999 -9999 -9999 -9999 -9999 -9999 -9999 -9999 -9999 -9999 -9999 -9999 -9999 -9999 -9999 -9999 -9999 -9999 -9999 -9999 -9999 -9999 -9999 -9999
-9999 -9999 -9999 -9999 -9999 -9999 -9999 -9999 -9999 -9999 -9999 -9999 1.34104693913 0.855014082811 0.588959490468 -9999 0.582397316736 -9999 -9999 -9999 -9999 -9999 -9999 -9999 -9999 -9999 -9999 -9999 -9999 -9999 -9999 -9999 -9999 -9999 -9999 -9999 -9999 -9999 -9999 -9999 -9999 -9999 -9999 -9999 -9999 -9999 -9999 -9999 -9999 -9999 -9999 -9999 -9999 -9999
-9999 -9999 -9999 -9999 -9999 -9999 -9999 -9999 -9999 -9999 0.943430540874 0.898584602172 1.03810921787 1.10909664127 0.592268231877 0.517248260221 0.366894168279 0.385719162564 -9999 -9999 -9999 -9999 -9999 -9999 -9999 -9999 -9999 -9999 -9999 -9999 -9999 -9999 -9999 -9999 -9999 -9999 -9999 -9999 -9999 -9999 -9999 -9999 -9999 -9999 -9999 -9999 -9999 -9999 -9999 -9999 -9999 -9999 -9999 -9999
-9999 -9999 -9999 -9999 -9999 -9999 -9999 -9999 -9999 0.97008400232 0.944798948318 0.921234104492 0.776118878863 0.855204648144 0.685736641665 0.62651066944 0.489500009709 0.630842223179 -9999 0.646278473175 -9999 -9999 -9999 -9999 0.374066670526 0.400517354975 -9999 -9999 -9999 -9999 -9999 -9999 -9999 -9999 -9999 -9999 -9999 -9999 -9999 -9999 -9999 -9999 -9999 -9999 -9999 -9999 -9999 -9999 -9999 -9999 -9999 -9999 -9999 -9999
-9999 -9999 -9999 -9999 -9999 -9999 -9999 -9999 1.73237525804 1.31207666659 0.86265529707 0.838930069201 0.71020436808 0.611028800939 0.563476737151 0.508189170358 0.425923902742 0.377389217018 0.322613107459 0.389303325137 0.349918222506 0.393650699939 -9999 0.333276386 0.49400119731 0.465427886429 -9999 -9999 -9999 -9999 -9999 -9999 -9999 -9999 -9999 -9999 -9999 -9999 -9999 -9999 -9999 -9999 -9999 -9999 -9999 -9999 -9999 -9999 -9999 -9999 -9999 -9999 -9999 -9999
-9999 -9999 -9999 -9999 -9999 -9999 1.54903144418 1.149018569 0.974929276148 1.06950715638 1.11682488024 1.21053575095 0.878343879863 0.783139863313 0.543675145095 0.633931658042 0.462383655317 0.421332229794 0.387074424487 0.381270359858 0.329938682221 0.371920543299 0.368339692403 0.344069295728 0.35568740984 0.329992209543 0.345746278696 -9999 -9999 -9999 -9999 -9999 -9999 -9999 -9999 -9999 -9999 -9999 -9999 -9999 -9999 -9999 -9999 -9999 -9999 -9999 -9999 -9999 -9999 -9999 -9999 -9999 -9999 -9999
-9999 -9999 -9999 -9999 -9999 -9999 1.56832668949 1.30934125712 0.835321456024 0.778611458751 0.658396128434 0.725405206684 0.631451364782 0.549978877067 0.448075925537 0.373387602296 0.34690842385 0.288672429131 0.281596596841 0.259502282064 0.265329197351 0.3543648705 0.280374366294 0.311568104298 0.279093776318 0.241206103171 0.335318955989 0.326608142285 0.297629993729 0.262921666881 0.354668441873 0.344132525806 -9999 -9999 -9999 -9999 -9999 -9999 -9999 -9999 -9999 -9999 -9999 -9999 -9999 -9999 -9999 -9999 -9999 -9999 -9999 -9999 -9999 -9999
-9999 -9999 -9999 -9999 -9999 2.2224747359 1.69032159121 1.65347321503 1.33494927903 1.45426942514 1.18141211295 0.967192579172 0.593393013088 0.600412254262 0.547539806189 0.558086917472 0.309757706429 0.534742991241 0.380646047807 0.270707664616 0.267857454152 0.248875046798 0.251279216949 0.268442821212 0.300636831937 0.336572810032 0.320753398184 0.261264277185 0.273426774479 0.259725006091 0.217746127738 0.243054696578 0.173082509682 0.159176309499 -9999 -9999 -9999 -9999 -9999 -9999 -9999 -9999 -9999 -9999 -9999 -9999 -9999 -9999 -9999 -9999 -9999 -9999 -9999 -9999
-9999 -9999 -9999 -9999 -9999 2.16500010725 1.78544926184 1.8085245755 1.36994841244 1.17840304776 1.02502043651 1.1604491856 0.5602597559 0.603815108108 0.792273332007 0.925696911453 0.32914570083 0.293597019505 0.289434722034 0.202092575552 0.26987118036 0.283337680332 0.321985054577 0.295662844639 0.243516975764 0.18588879395 0.238384560147 0.190224483756 0.193697296732 0.173610025865 0.14337644359 0.159178788932 0.168802957558 0.152934320492 0.142830123424 0.133939348555 -9999 -9999 -9999 -9999 0.143350588652 0.110437558734 -9999 -9999 -9999 -9999 -9999 -9999 -9999 -9999 -9999 -9999 -9999 -9999
-9999 -9999 -9999 -9999 -9999 1.86970407377 1.57301130947 1.62607228843 1.50546466441 1.68801495549 1.33176523954 1.21449326914 0.89234073516 1.08470728696 0.946105454772 0.663852413683 0.442987820455 0.673202906078 0.467587422335 0.532429039767 0.36352594485 0.259251454699 0.220503713389 0.202842743791 0.229697429017 0.226626847781 0.223311181896 0.176958744546 0.212977954546 0.144797317946 0.118980833716 0.116271884972 0.164335560663 0.143358530247 0.124067767261 0.146662140959 0.131299753981 -9999 -9999 0.128408043467 0.140164568952 0.12892749894 0.138760629195 -9999 -9999 -9999 -9999 -9999 -9999 -9999 -9999 -9999 -9999 -9999
-9999 -9999 -9999 -9999 -9999 -9999 2.12852157464 2.37878229095 1.6635564976 1.50935060583 1.08884133932 1.29669871621 1.33819752649 1.72453885398 0.603887344161 0.501323962335 0.477896740284 0.447780108656 0.324021624559 0.31537813381 0.312028792249 0.341442400507 0.274411028692 0.319510009824 0.237199376787 0.195587111835 0.143779418739 0.183834776991 0.141662575846 0.145264455082 0.108486256162 0.154793511938 0.121883193559 0.137434256755 0.140047322934 0.129983088655 0.111059794341 0.10915046526 0.121687260726 0.1143559752 0.105665988184 0.150328383819 0.0847775754497 0.0743532867877 -9999 -9999 -9999 -9999 0.120226716634 0.0956165018341 0.049405138981 -9999 -9999 -9999
-9999 -9999 -9999 -9999 -9999 -9999 -9999 1.90311779126 1.39988102267 1.79147605748 1.59250637833 1.3131229089 0.908533400879 0.706940453699 0.601615125263 0.899263312632 0.713486667176 0.675674972359 0.570694989955 0.409220518291 0.276240562359 0.280236953346 0.246092778127 0.250513586313 0.200710190001 0.164732794297 0.175907096485 0.16574055218 0.154161959768 0.136520910255 0.125507768907 0.124053040879 0.132536679634 0.114761888368 0.136915235591 0.134525530956 0.156012736255 0.140472768182 0.116149895656 0.11571225022 0.0748654006323 0.0688609847048 0.0650160687863 0.0810191980197 0.0589881200586 0.0659298548598 0.0833462402891 0.0579070941866 0.0511318514579 0.049528166432 0.0364257910235 0.0252621757129 -9999 -9999
-9999 -9999 -9999 -9999 -9999 -9999 -9999 -9999 1.17171953332 1.05829414478 1.19305420796 1.45355581749 1.10277053956 1.28970053743 1.05194105558 0.864406334367 0.484745022587 0.489227715328 0.327644559113 0.406195630371 0.562897880703 0.517136975571 0.211959301258 0.191866429795 0.170910123899 0.15843093874 0.0958263579547 0.151159207722 0.104969118853 0.0794824972416 0.113672850307 0.107034418194 0.10086942575 0.0905829768275 0.0929547097463 0.113832469557 0.106203447026 0.115049478563 0.093215250358 0.0983198116423 0.108461792896 0.077865268682 0.0670567860478 0.0554924076714 0.0501267331199 0.0415135498343 0.0476123488777 0.0368861627075 0.0301192494035 0.0319465257873 0.0377550196396 0.038797331418 0.0244554169982 -9999
-9999 -9999 -9999 -9999 -9999 -9999 -9999 -9999 1.71019422866 1.33924671821 1.02898518494 1.04287078447 0.887877015313 0.874767174729 0.604504522813 0.578278705089 0.463990537856 0.52497567389 0.407081546434 0.47216481438 0.502889556384 0.493540009969 0.306157024812 0.510336031067 0.290345481903 0.143852970799 0.166176355601 0.133680533958 0.129769283358 0.104538666511 0.0712777386343 0.0882740902713 0.0682023158861 0.0816619791057 0.100272779671 0.0828860082421 0.124672081674 0.106769545235 0.0928781405296 0.0894895150242 0.0824188199095 0.0571292333462 0.0575162348957 0.0572957013376 0.041779691308 0.0408304963886 0.0463204711939 0.0389397917095 0.031268624896 0.0454442250578 0.04033141879 0.0407261224039 0.0361603870762 0.0518608646847
-9999 -9999 -9999 -9999 -9999 -9999 -9999 -9999 -9999 1.92869335022 1.38017689732 0.910383802743 0.869911995057 0.915046213279 0.713739102331 0.727350055219 0.808040646246 0.915759725159 0.858782012559 0.86581398828 0.690774225708 0.42663086175 0.331014252503 1.03137464449 0.56623528455 0.394991506923 0.172672821212 0.117303254422 0.05813413425 0.12231607455 0.108636446921 0.109534593162 0.0950623845269 0.0691455834971 0.0594494161272 0.0630442517035 0.0971685678087 0.0865151703185 0.0728462769695 0.0745607659685 0.0659817615781 0.0726756690093 0.0443237434228 0.0879041535905 0.0483881329553 0.0307717022327 0.0242191117395 0.0234155843536 0.026121214212 0.0297672356238 0.0294284071549 0.0275353241076 0.0262379964053 0.035634974661
-9999 -9999 -9999 -9999 -9999 -9999 -9999 -9999 -9999 -9999 1.09167573754 1.10494370012 0.822005046193 0.878507811782 0.613137462047 0.522259501573 0.509558632343 0.773280654431 0.556510010216 0.426806536121 0.350032710784 0.351488808701 0.231731122241 0.192377226845 0.246273628894 0.440171382813 0.332817123402 0.171916067344 0.0816595958246 0.0611483405184 0.0938351012766 0.0949470301558 0.101394970406 0.0871642899158 0.114080379858 0.0911938281807 0.0923159292326 0.0866916365042 0.0740545418547 0.0749757686165 0.0729465743266 0.0710194672759 0.0360502389531 0.0428807438051 0.0887322414059 0.0888094712337 0.0624715743167 0.032950546245 0.0400629301235 0.0368003353059 0.0388536627129 0.036132317902 0.0233228347322 0.0320817883435
-9999 -9999 -9999 -9999 -9999 -9999 -9999 -9999 -9999 -9999 -9999 0.682112880605 0.42182608946 0.719426552225 0.580544873477 0.47879534149 0.546797852474 0.532628076671 0.372321455078 0.409107741934 0.431171559475 0.435778700446 0.300442275111 0.200950434786 0.136581150201 0.115377173464 0.22126401676 0.366215766404 0.20173977049 0.0292144837274 0.0298568764108 0.0756958132162 0.0708991524859 0.0856709869631 0.0689015653363 0.0586859030118 0.0728938023714 0.0718344195595 0.0706615245729 0.0705193349393 0.0713682308727 0.05704187986 0.0572023105082 0.0311732249174 0.0304378329686 0.031395462149 0.0298541405177 0.0482007436548 0.0255690992272 0.0358011387349 0.0301144540411 0.047513164384 0.045456907136 0.0322130774795
-9999 -9999 -9999 -9999 -9999 -9999 -9999 -9999 -9999 -9999 -9999 0.476742114007 0.452195877564 0.578360446767 0.605132776808 0.558600987662 0.413884678149 0.356743603812 0.36190039588 0.370007083311 0.339400202187 0.428754347185 0.24173740296 0.241599915372 0.195522764708 0.282542600312 0.153826279837 0.15038792401 0.12913235621 0.0744220870985 0.148436612267 0.173883536483 0.0646971709048 0.0590648118794 0.0424893677521 0.0606306689332 0.0723391458772 0.0748603730929 0.0668634986398 0.0639260390729 0.0693466080531 0.075164499402 0.0480920742368 0.05155629012 0.0338742149325 0.0515480548446 0.0920337387685 0.114293964334 0.0889966324817 0.0377560941365 0.0460746736965 0.030796013368 0.0149050876222 0.0322816899048
-9999 -9999 -9999 -9999 -9999 -9999 -9999 -9999 -9999 -9999 -9999 1.19933680357 0.925774831965 0.814511668553 0.437010508594 0.536755786103 0.386461610473 0.25200630463 0.221311317124 0.276832666586 0.266955588753 0.279140790942 0.262684488807 0.189283945144 0.151167789291 0.13981480171 0.123193940523 0.118019828927 0.119037168611 0.0826145367182 0.0636981263994 0.16264151348 0.303216768707 0.226412170459 0.0402827630175 0.0377255070339 0.0432276484048 0.0214900876918 0.0437832356532 0.0342509970054 0.0460520793754 0.0646207054043 0.0700730814005 0.0875252039258 0.102948528503 0.115271159418 0.0654709331613 0.0500646941696 0.0481708342193 0.0576748541304 0.0409261711012 0.0545854595331 0.0560744076552 0.0527435315571
-9999 -9999 -9999 -9999 -9999 -9999 -9999 -9999 -9999 -9999 -9999 -9999 0.581412836671 0.739922055376 0.609925573374 0.500147701877 0.431715791266 0.372456767972 0.266604824889 0.30274726994 0.28413794378 0.253334980463 0.234530253985 0.25284733843 0.155973733719 0.163014033331 0.127819118777 0.136955653222 0.114847789832 0.10414219907 0.0918935935861 0.101339125811 0.0557746177975 0.0421179476029 0.0521162915061 0.00570252537742 0.0423792658719 0.033354798538 0.02108564075 0.0652912345457 0.0728645828386 0.0613903672726 0.102937219087 0.134380135561 0.139211360171 0.136679803408 0.0605047704195 0.0517919967658 0.0275347955667 0.0401953002211 0.0404163705831 0.0237464061632 0.0157657944495 0.0148737964985
-9999 -9999 -9999 -9999 -9999 -9999 -9999 -9999 -9999 -9999 -9999 0.878235813613 0.786809662071 0.91762805512 0.856007829343 0.463702363673 0.281850257801 0.412672866116 0.296108605756 0.303392682436 0.204972451073 0.198003717576 0.15970436291 0.167893671736 0.164010771032 0.158762056927 0.124237776045 0.112660416407 0.108199548668 0.100745757573 0.0770939500261 0.0834934951335 0.0646989681341 0.063206516695 0.0642381785981 0.0480721107594 0.0570532314169 0.0288964834801 0.020420749731 0.0410986006308 0.0626992177497 0.0473270120187 0.115286450173 0.155876495715 0.210559174738 0.206505115534 0.134086053659 0.0996333945474 0.0547375125928 0.0538203329229 0.0301355944818 0.0141268725814 0.0105682828028 0.0107728137933
-9999 -9999 -9999 -9999 -9999 -9999 -9999 -9999 -9999 -9999 -9999 0.968046362219 1.2385441942 1.14622935029 0.646754753072 0.369522522056 0.436679063894 0.435006446447 0.302016015993 0.323036953749 0.214168765854 0.233997366815 0.186251567684 0.191167606055 0.18112064699 0.180167357761 0.0770867035268 0.103205020278 0.110698359949 0.204887502615 0.146256016131 0.0872673541364 0.0623364355814 0.0633206701945 0.0607650044721 0.0205466910517 0.0388972699091 0.072251856583 0.0399712594158 0.0282775109516 0.0474822688547 0.0607242666915 0.073485688398 0.0784509762425 0.0772706875469 0.0704529563969 0.0901115720319 0.0914898205266 0.0558014297597 0.0559210769029 0.0309784976776 0.0360883979622 0.0259618811128 0.0218072061679
-9999 -9999 -9999 -9999 -9999 -9999 -9999 -9999 -9999 -9999 -9999 1.40393078885 1.30071758362 0.979552851717 0.917452886902 0.868427962978 0.42349475114 0.510602739038 0.400430195631 0.441337933504 0.15303425261 0.14486377739 0.206640457006 0.374349916037 0.239580942332 0.238078066136 0.23479429023 0.169971501477 0.100986384055 0.0816805882543 0.0736677352972 0.152638094836 0.141223762053 0.121354774328 0.0709329371925 0.0157890049668 0.0176005666327 0.011772389924 0.0364885103999 0.0124777410815 0.0645098907599 0.0892612632182 0.0745647386643 0.0462995665075 0.0410104733237 0.0432826407483 0.0528569262957 0.0559470896244 0.0510968121886 0.0465664825657 0.0234085074447 0.0220361789867 0.012712223173 0.0113444418749
-9999 -9999 -9999 -9999 -9999 -9999 -9999 -9999 -9999 -9999 -9999 -9999 1.38722073291 1.23556808609 0.829044088432 0.718859521633 0.602056812458 0.608075554561 0.422891657866 0.446245617717 0.375772917443 0.479289904454 0.24173191653 0.206699082638 0.199449479234 0.191619926201 0.127808532734 0.146513854501 0.111877462432 0.0826751178722 0.0507388310228 0.0532144957989 0.0570367852282 0.0665516015557 0.0593695128756 0.0323723486025 0.0229593076681 0.0192158692589 0.0350189344362 0.0271095784684 0.0630306369451 0.0526369096942 0.0575937339835 0.0534760390596 0.0539386128285 0.05198966044 0.040784743415 0.0487706317389 0.0422694669518 0.0440929153555 0.0334047899603 0.00806460884488 0.004450357389 0.0151884576147
