data/recharge/transience/recharge156.asc
ncols                  80
nrows                 72
xllcorner      4374000.0
yllcorner      5656000.0
cellsize            500
NODATA_value       -9999
[rows 0 to 25 of 72, columns 0 to 56 of 80]
-9999 -9999 -9999 -9999 -9999 -9999 -9999 -9999 -9999 -9999 -9999 -9999 31.0108418609 32.13925509 -9999 -9999 -9999 -9999 -9999 -9999 -9999 -9999 -9999 -9999 -9999 -9999 -9999 -9999 -9999 -9999 -9999 -9999 -9999 -9999 -9999 -9999 -9999 -9999 -9999 -9999 -9999 -9999 -9999 -9999 -9999 -9999 -9999 -9999 -9999 -9999 -9999 -9999 -9999 -9999 -9999 -9999 -9999
-9999 -9999 -9999 -9999 -9999 -9999 -9999 -9999 -9999 -9999 -9999 -9999 27.8715801151 26.271780177 26.5754529525 -9999 29.9052830139 -9999 -9999 -9999 -9999 -9999 -9999 -9999 -9999 -9999 -9999 -9999 -9999 -9999 -9999 -9999 -9999 -9999 -9999 -9999 -9999 -9999 -9999 -9999 -9999 -9999 -9999 -9999 -9999 -9999 -9999 -9999 -9999 -9999 -9999 -9999 -9999 -9999 -9999 -9999 -9999
-9999 -9999 -9999 -9999 -9999 -9999 -9999 -9999 -9999 -9999 29.3170628876 28.5538528024 28.9596623968 26.8086477475 27.4230228562 28.1548492673 29.8123207959 30.6449076954 -9999 -9999 -9999 -9999 -9999 -9999 -9999 -9999 -9999 -9999 -9999 -9999 -9999 -9999 -9999 -9999 -9999 -9999 -9999 -9999 -9999 -9999 -9999 -9999 -9999 -9999 -9999 -9999 -9999 -9999 -9999 -9999 -9999 -9999 -9999 -9999 -9999 -9999 -9999
-9999 -9999 -9999 -9999 -9999 -9999 -9999 -9999 -9999 28.6020104431 28.2429335617 27.4257846823 26.6724936525 27.0639755167 27.546881023 28.5992531753 29.3380358094 32.2772381219 -9999 30.5042539026 -9999 -9999 -9999 -9999 28.387673969 29.4869426119 -9999 -9999 -9999 -9999 -9999 -9999 -9999 -9999 -9999 -9999 -9999 -9999 -9999 -9999 -9999 -9999 -9999 -9999 -9999 -9999 -9999 -9999 -9999 -9999 -9999 -9999 -9999 -9999 -9999 -9999 -9999
-9999 -9999 -9999 -9999 -9999 -9999 -9999 -9999 29.8836592777 29.0117253478 28.6008913103 28.4269147297 27.8417645205 27.7684005661 28.3340943555 29.3213711162 30.5422703696 30.3445050405 30.9725009717 29.629247883 28.9005314411 29.7247051185 -9999 30.078346503 27.7792196564 28.9916590774 -9999 -9999 -9999 -9999 -9999 -9999 -9999 -9999 -9999 -9999 -9999 -9999 -9999 -9999 -9999 -9999 -9999 -9999 -9999 -9999 -9999 -9999 -9999 -9999 -9999 -9999 -9999 -9999 -9999 -9999 -9999
-9999 -9999 -9999 -9999 -9999 -9999 30.1780866282 29.1452358099 28.687533682 28.6505486819 29.3035228889 28.4654630727 28.3452486746 28.5494485022 28.8595367746 29.0498926669 30.5986057746 29.2658850321 28.6858422042 28.2767066201 28.1992381623 28.4576904217 31.25109364 29.5021802819 27.5801811993 28.2904186614 28.1267489096 -9999 -9999 -9999 -9999 -9999 -9999 -9999 -9999 -9999 -9999 -9999 -9999 -9999 -9999 -9999 -9999 -9999 -9999 -9999 -9999 -9999 -9999 -9999 -9999 -9999 -9999 -9999 -9999 -9999 -9999
-9999 -9999 -9999 -9999 -9999 -9999 28.9195743372 28.3703547006 28.3389675975 27.9301594652 28.3944360274 28.3891019353 28.7032474921 28.937903624 28.4935847526 28.1056616813 29.6922903901 23.8201889226 28.274549926 28.8588387227 28.6063994529 29.9639596695 29.5053603179 30.9115588592 29.0604233775 28.551518279 27.7153593198 28.3674033109 27.8193085892 28.0026169798 28.0682012496 28.8198422503 -9999 -9999 -9999 -9999 -9999 -9999 -9999 -9999 -9999 -9999 -9999 -9999 -9999 -9999 -9999 -9999 -9999 -9999 -9999 -9999 -9999 -9999 -9999 -9999 -9999
-9999 -9999 -9999 -9999 -9999 28.3199877545 28.6471651702 27.970916433 28.4123929052 28.5608032294 28.8565955553 27.831918218 28.2234185388 28.6816373234 29.2434750281 29.3565843917 24.0365889464 12.8694546547 22.6948348657 29.2213391409 29.0284316523 29.009615221 28.6900738635 28.7604414445 29.6536755559 30.2250247407 27.1072871203 27.7947086058 26.7121501103 26.9409746876 27.59004786 28.4870125246 28.4679817251 28.7608424308 -9999 -9999 -9999 -9999 -9999 -9999 -9999 -9999 -9999 -9999 -9999 -9999 -9999 -9999 -9999 -9999 -9999 -9999 -9999 -9999 -9999 -9999 -9999
-9999 -9999 -9999 -9999 -9999 26.5116889029 26.8709996174 27.1401346927 27.6479139434 27.5038063856 28.2189648392 28.2398287679 21.0564548056 17.5855355603 29.1847914788 28.9372788246 25.812170791 11.0345176473 19.6033201773 26.2100436921 29.9285285288 29.3751099919 29.6046212921 29.973010777 29.3077543705 28.8816994335 28.5460907889 29.2839513972 26.9123575335 25.9620459607 24.8601507614 26.9467254866 27.6784379425 28.1350168267 28.1984203763 28.8813369017 -9999 -9999 -9999 -9999 28.3841960965 26.9634199613 -9999 -9999 -9999 -9999 -9999 -9999 -9999 -9999 -9999 -9999 -9999 -9999 -9999 -9999 -9999
-9999 -9999 -9999 -9999 -9999 26.414473428 27.826201124 27.2088323219 27.3976487626 28.0929620054 29.1451641379 29.0728880689 28.6360254947 28.1220924574 29.8357714529 30.0419991645 28.9254408559 30.9192027214 30.8740237022 30.3367356071 29.6994557985 28.81868441 29.0031229723 29.0374463938 29.1493331111 30.2390932484 28.7428220019 27.9813372109 27.7068118879 25.3756086558 17.6060528975 22.7950652032 26.9748884636 28.2753292561 28.5694519489 27.9440464671 28.3934592129 -9999 -9999 27.9597476215 27.4072988006 27.9022698655 27.9593369172 -9999 -9999 -9999 -9999 -9999 -9999 -9999 -9999 -9999 -9999 -9999 -9999 -9999 -9999
-9999 -9999 -9999 -9999 -9999 -9999 27.7484329928 27.2300455551 27.0383166745 27.7610330921 28.1757473238 27.8458167539 29.0007374888 30.3164783991 28.6337659633 28.8896509436 29.3401095642 29.9782741082 30.3648608894 30.1603914767 30.221342205 29.2534099111 28.7196202691 30.5278348152 29.9910306039 30.0575485418 30.2247465133 30.7886179823 29.4652672324 28.5979924895 26.3760813184 28.2043093277 28.6628133469 29.253349409 28.2733940982 27.6722610667 28.2062719188 28.956131463 27.5839621745 27.14138685 27.7846445906 28.3985185652 28.0592726678 26.9807577205 -9999 -9999 -9999 -9999 29.1837202084 28.6753564416 8.18798414789 -9999 -9999 -9999 -9999 -9999 -9999
-9999 -9999 -9999 -9999 -9999 -9999 -9999 28.9598006926 27.3151877413 26.8341300079 28.1822925754 28.9889410887 29.9632151442 28.6907314702 29.9060395308 29.8116292516 29.2458539017 29.0079147634 29.3726208876 28.8125185355 29.3731049555 28.4802350607 28.6731798962 30.3690687936 30.5411158023 29.3436349852 30.5715204263 28.8253985454 29.1835699259 28.6213437217 28.4879278539 27.7419219475 28.2110366619 27.4904636332 27.744324325 28.4111373271 27.9822043113 28.5355955393 28.1379858586 27.5503189857 27.2336357658 27.8630990999 27.6404833012 26.5267674594 26.1421621481 28.2095364296 26.5031192566 25.3725244598 25.0076853183 26.8643336084 26.9068351819 23.2240101629 -9999 -9999 -9999 -9999 -9999
-9999 -9999 -9999 -9999 -9999 -9999 -9999 -9999 27.8545175157 28.0082827946 27.9283245359 27.5488558165 28.1821849085 29.1612174174 30.7114029697 30.2621861946 29.0888306408 29.9728522435 30.1562038451 28.8122436168 28.5751080588 28.5383363384 36.6375204522 47.4144475534 46.2058138815 47.154730858 33.6138541473 29.0024599687 28.4598815281 28.9807605224 28.8853206337 28.6277986981 28.3293784102 29.0143886906 28.3209440261 27.9934017296 27.6896690817 28.2301818469 28.2960136817 29.4148836753 29.8414914897 28.5367786127 26.2968609976 25.5956590245 25.8575057258 25.084954035 25.0277273999 23.9735347184 23.3603463287 26.5958466202 27.1069265725 28.3352701952 27.061588941 -9999 -9999 -9999 -9999
-9999 -9999 -9999 -9999 -9999 -9999 -9999 -9999 27.8786683933 28.1517386708 27.7438453276 28.0351565706 28.9068319567 29.0468338654 29.9773477273 29.1418635417 28.7905965742 29.3839357496 29.0619885644 28.7815441414 29.0970658289 28.7351473351 42.9393636404 52.8759063679 49.5412719665 44.9889348999 48.4131924747 33.5776338859 30.9308318934 30.1538879189 29.3418854937 29.0250194767 28.9425850024 29.1230286826 27.9349715767 12.544917262 28.4289071642 28.0730235344 27.5921913637 27.7150027483 27.7110142356 30.246164868 25.8271802431 25.7050384547 25.1637691926 25.0485118713 24.9129442022 24.1869548908 24.7384886401 26.8213895713 26.6184826876 26.6983379336 26.667623499 26.8502111324 26.8001090519 26.9704496161 -9999
-9999 -9999 -9999 -9999 -9999 -9999 -9999 -9999 -9999 26.7871316803 27.2681174816 28.3312465325 29.278588162 29.3743697472 29.736594954 29.6866271591 29.9450926465 28.7008593359 28.7122951037 29.0178256133 30.3729305037 29.2337216095 31.9493231655 58.1624129988 55.4937756219 53.5397209907 47.2223181891 44.3270024313 33.7800563315 29.414689909 29.5547774955 29.1610182868 28.8316089999 29.08089658 27.2644262824 24.2525344419 28.7485329627 28.7662490915 28.6052453727 28.1654432486 28.1844093607 28.6808144042 25.6411581045 27.1035510579 24.7680808559 23.6953051287 22.1682547412 22.6540903555 26.4202285922 26.5744729895 26.364297346 26.2498517925 25.5116817632 26.2903854258 26.5405446175 24.0619327233 19.6597337153
-9999 -9999 -9999 -9999 -9999 -9999 -9999 -9999 -9999 -9999 27.3051282073 28.0842922118 29.4923809959 29.6387574279 29.686614111 29.7580802206 33.0731133809 32.5894748048 33.5181334948 33.5330874413 31.9075348475 31.3713798485 31.1483448636 39.6395102844 50.7564735866 53.9929187311 50.0021535835 46.9597059828 41.3804240701 35.7262410413 29.0616193124 28.6618566466 28.2076071218 28.7326536137 28.6851993664 28.6259181079 28.2657093471 28.5864562466 28.7232963342 28.7556376273 27.9181119134 27.9642639171 28.2412732328 27.1851777316 27.9672224265 27.9747263147 25.379742032 23.6258919801 27.4571914929 27.9419076556 27.9886029598 26.7054136837 25.6992889558 25.3535957013 25.2052404047 23.1160373623 19.5411706099
-9999 -9999 -9999 -9999 -9999 -9999 -9999 -9999 -9999 -9999 -9999 14.9810131091 20.948822569 29.8689721874 29.4690354028 29.6028617726 31.2612572762 31.632332317 32.217193575 31.7757006808 29.8295315519 30.3800539895 31.5276860347 31.1503675501 34.9704785269 42.999225651 46.2485832168 50.5945301855 49.5556954459 37.9606074824 41.6510515596 29.4601034253 28.1253213953 28.6552301105 28.9665771035 28.7779378617 28.1329279191 27.9714342161 28.4182681483 28.826348571 27.9882482305 27.8199157039 28.3534175872 27.7626742475 24.4189265481 22.8639173772 24.5291244715 25.4660344701 25.8634929492 26.806268414 25.7470659998 26.2183414858 25.6807078002 24.8794817263 23.5993007819 23.7995579758 20.1480528857
-9999 -9999 -9999 -9999 -9999 -9999 -9999 -9999 -9999 -9999 -9999 14.3113370843 21.7952069527 28.8719565094 28.9854811346 30.5841454446 29.8385193139 31.1886791499 28.8733608913 28.7905671986 29.6304918689 30.0468108599 30.6006038164 32.0156641911 30.654262886 31.3572958128 36.0942111705 43.8172604182 44.4883321106 48.6216020644 48.5014070359 46.4518072351 39.3968988248 40.7981439888 33.8466858906 29.4734004694 27.5296959909 28.4216855235 27.7163609303 27.3227465631 25.8178616401 27.4570466469 27.1392322039 27.5814832097 27.9238771967 25.8034562965 27.2720119391 28.5445037783 27.4509119891 24.8613297508 25.5460162679 25.7384907594 22.8883377355 25.7025768984 25.2703979134 24.389676959 23.5272916199
-9999 -9999 -9999 -9999 -9999 -9999 -9999 -9999 -9999 -9999 -9999 28.5480596511 27.6662451254 27.6630940504 28.2409711859 30.0378071734 30.6520034134 30.1636466901 28.4789191333 28.7911573083 28.6907416127 28.7822674198 30.6217776159 30.94576513 28.9300280815 28.6296042033 28.6257772284 28.2571419919 28.9168462719 33.2710237522 37.8300495012 47.1333048668 48.6262337902 48.4186611214 42.1087970404 33.9816226048 37.6571204881 34.6484735899 28.8241816402 21.8061631733 17.3191467667 27.2299244662 26.7244471329 27.8799987955 28.9028414228 30.1756589361 27.013522764 26.1176500305 25.2828306922 24.9652592168 23.3205210835 24.5983595413 25.1061334132 26.8857181656 25.3058294836 21.3635364973 19.9583733108
-9999 -9999 -9999 -9999 -9999 -9999 -9999 -9999 -9999 -9999 -9999 -9999 29.5585697617 27.4226230894 28.6455173457 28.3940200093 29.9205765537 30.7629374752 29.9906105643 28.6027045049 29.469688718 28.7279586131 28.9781230669 29.3728311501 28.4565743788 28.9600217663 29.0624887346 29.0960391657 29.6398392412 29.5127918387 28.4386238954 28.1942419039 30.6642998588 36.6230300759 44.7086282834 28.5286104045 40.2141868574 35.6592349739 35.5551607884 27.464758135 28.106892105 26.6104309651 27.4261314877 28.2686633543 28.5752292686 29.2555377337 28.4687070233 26.2247822604 23.062234022 23.9507237562 22.2230220559 20.9541809292 19.3767282729 19.7434527051 18.6141328447 22.6319286416 13.4724434096
-9999 -9999 -9999 -9999 -9999 -9999 -9999 -9999 -9999 -9999 -9999 29.67993145 29.8470259431 28.0903973547 27.7848811989 16.6344914927 25.0399683442 29.6093224852 29.7483108982 27.9053545386 28.2625690033 28.1401189561 27.9023798236 28.4804544684 29.0792563995 29.0722313104 28.9732961703 29.1383940742 29.4202600342 28.8305474651 28.4326664141 28.4679647347 28.1070651574 27.7757808705 27.8425101473 39.1553536529 38.1278277773 32.2878124411 32.2122233071 27.8751099209 26.9945047228 26.2638208834 27.4468942902 28.6361920582 28.4300444171 27.9584089478 27.703342003 29.0535185946 25.5414626977 25.7309426036 21.5176104894 17.455910504 15.9209359466 15.995315515 14.9728415749 16.0012286543 19.4947980825
-9999 -9999 -9999 -9999 -9999 -9999 -9999 -9999 -9999 -9999 -9999 30.3133687122 29.7451517917 28.5206697509 28.0613877858 21.1656313979 27.5059010568 28.8961313222 29.2482249957 28.9136606001 23.276076849 24.1408854166 28.3725841218 28.2634599242 29.0701460202 29.4839116474 19.783338961 20.4712226178 27.4418636091 28.9036936789 28.6405788284 28.5147826434 27.75024576 27.7503927604 27.6959532809 33.1818225237 34.2813218427 38.2746909619 32.8080085378 32.5248376745 26.0941507523 26.6573036865 27.3629134024 27.9716992202 28.7790299161 28.7187068988 27.6964877776 27.7887539621 27.7209011337 27.8456230894 20.9820363037 21.4570227787 19.4360840114 18.9534846784 17.90838746 17.0940516851 14.5942773121
-9999 -9999 -9999 -9999 -9999 -9999 -9999 -9999 -9999 -9999 -9999 28.4208683355 27.9681775982 27.0150607901 27.6174945017 27.4212659964 28.2296423766 29.5137798099 28.8053089131 29.5089668518 24.67434145 10.9294931999 24.4604417331 30.6654249232 29.4021282699 29.5164370594 30.6480202062 30.7859338967 30.0031973345 29.4591385185 29.2902153169 28.9799644565 28.3297089612 28.3685243544 27.4414197623 29.3665089356 27.8379404939 25.0268883629 30.4427786689 27.1848505237 26.5423722017 27.751457233 27.2341959781 26.4830152831 26.9399870435 27.3251770442 26.5896479237 26.5763302985 25.8033363874 25.6477083353 22.1631538314 16.6247954763 14.4178402834 14.1857432014 13.3271176857 14.3430624626 15.835965755
-9999 -9999 -9999 -9999 -9999 -9999 -9999 -9999 -9999 -9999 -9999 -9999 28.8259037092 27.3593001536 28.1604376585 27.8174307357 30.1007639921 29.6833813191 28.9740703547 28.3499029636 30.135564675 30.7182804988 30.2705059233 28.3787223404 28.9921231492 28.8524430286 27.5205333056 27.930206891 27.1067915766 25.9823415081 24.1063043382 28.4942230456 27.2560030714 27.754408189 26.9473292748 33.3947286907 29.9793400935 26.3594837982 33.2232360964 34.0203313639 26.9441095919 26.5666851107 26.7965567286 26.8569032708 26.9769276938 26.7139368466 25.7508229873 25.6882678914 25.0131426448 25.4850646306 24.3871377317 16.3119048338 18.2384610736 20.0313875592 15.1915280105 15.1952735838 14.3218570403
-9999 -9999 -9999 -9999 -9999 -9999 -9999 -9999 -9999 -9999 -9999 -9999 28.7411493008 27.2065144759 27.6979938532 29.6726477436 29.2361683488 30.3338902513 30.0894731811 28.7342568832 28.8862298809 29.3426507966 30.5055339036 30.6270144957 29.828438322 30.5547415514 30.7982968664 30.3992640506 28.692078713 30.2205335222 28.3499540856 28.9931367872 29.776221358 28.8377670286 35.5339363471 33.3390899062 28.4528515828 33.492256661 37.5494002596 32.7194772886 27.8698594961 27.1071510719 25.8561189148 25.8530980142 25.5687977372 25.3754935174 24.7122074832 24.6921140662 23.3537758442 24.1936644545 23.2529958814 21.6522616912 21.1633276747 13.5188184182 11.613062706 13.5881109696 9.92701694239
-9999 -9999 -9999 -9999 -9999 -9999 -9999 -9999 -9999 -9999 -9999 -9999 29.0506400161 28.1712305155 27.5283543413 29.5450440242 30.0993863887 28.3439658183 29.8341862173 30.9857120606 29.396010838 28.1326513466 28.7702586446 22.5408337997 26.9325254874 30.6151940406 30.2673558733 30.537431978 28.9057471581 28.0096497335 26.3781650348 25.6111606072 27.8584107432 30.2515769709 31.3544570182 37.1515633029 36.9016501309 34.1964746332 30.87288486 21.7487944996 18.9738448314 20.4129385635 25.5466813699 26.2071127816 25.547611193 25.2692802175 24.9940852737 25.2602761393 24.6432548959 25.2272654828 24.0958267355 20.6749030089 14.2606029555 12.4509129375 11.8828636253 12.570738855 11.9869709051
