data/recharge/transience/recharge544.asc
ncols                  80
nrows                 72
xllcorner      4374000.0
yllcorner      5656000.0
cellsize            500
NODATA_value       -9999
[rows 25 to 49 of 72, columns 0 to 56 of 80]
-9999 -9999 -9999 -9999 -9999 -9999 -9999 -9999 -9999 -9999 -9999 -9999 14.477026039 14.1348271951 13.2781762519 13.5510067555 12.5346670705 12.4064753725 11.8104024009 12.315417453 10.5283689465 10.0057364325 8.0771565657 4.01913352724 4.63818125847 7.31715655721 4.18441656251 4.38008509384 4.86082406979 4.52774376729 3.60221629263 3.43887773297 2.49362607885 2.51442372828 3.12551050021 2.23916266358 1.60040610659 3.04999733883 2.4669486605 1.69800031977 1.24378533927 1.03820002957 0.88578395878 0.878475420733 0.784232122166 0.798659268711 0.745494097635 0.742938367774 0.702508690171 0.748662983615 0.721034168194 0.734392776561 0.59409137712 0.519974181791 0.483149815563 0.51395451529 0.474576276682
-9999 -9999 -9999 -9999 -9999 -9999 -9999 -9999 -9999 -9999 -9999 -9999 -9999 13.3781218215 13.4592227282 13.4832780063 13.1834187725 13.4786078358 12.319789884 11.9472456515 10.3645037577 10.4967128429 8.94690833841 7.54779041118 7.35021898986 6.95062654651 4.87984088683 5.29931840243 4.44845207112 4.65898480789 3.6543980357 3.48508866513 2.26271750129 3.33551666045 2.55519255721 0.729518786853 1.26781328991 2.92045739161 2.0220062604 1.40600273368 1.08576843696 1.27473305697 0.880679087695 0.930694859412 0.770769976942 0.750542806867 0.657081908898 0.633506887026 0.58142510059 0.538143724213 0.509467741939 0.542431070621 0.537046899854 0.525376497131 0.291437366789 0.423378187125 0.396567425753
-9999 -9999 -9999 -9999 -9999 -9999 -9999 -9999 -9999 -9999 -9999 -9999 -9999 -9999 13.3497256329 13.0083102708 12.6269984226 13.0611333892 12.3761389523 12.6332144378 10.7537004375 11.1913870101 8.76597380087 8.39114930933 6.61070413059 6.47496054315 5.66492515495 6.18067092413 4.5825584444 4.25614026288 3.67752298909 2.20912105348 2.13542427738 3.76380962087 3.34018234386 1.26532196498 1.40125161956 2.12366187209 1.04928051593 0.713477939867 0.693394656043 0.911030981539 1.12092250376 0.960213680552 0.724657914072 0.794895585468 0.585434530192 0.536579149977 0.541028556818 0.627664966615 0.562620773894 0.470914779773 0.421860571207 0.383007295805 0.277786051147 0.500448857949 0.686919444134
-9999 -9999 -9999 -9999 -9999 -9999 -9999 -9999 -9999 -9999 -9999 -9999 -9999 -9999 3.67684132358 7.51642037543 12.1226783144 13.0896713415 12.1539348671 12.3239642694 10.8832651155 10.4205142596 7.98005262441 8.82312243024 6.91101928715 6.99233540678 4.42415868513 4.2199599019 3.75861834549 4.13007655972 2.15911199609 0.719899589615 2.72788259322 4.58856297357 4.88423761456 0.883408249828 1.37249749517 1.26886671547 0.814252469051 0.617056110356 1.00212394036 1.09681348272 0.977559032143 1.0790245559 0.883955641226 0.775001586025 0.429343992865 0.237050197933 0.252849124726 0.481847539404 0.613320014697 0.675080850837 0.676913864548 0.64965742154 0.670122624738 0.747355121951 1.54448811014
-9999 -9999 -9999 -9999 -9999 -9999 -9999 -9999 -9999 -9999 -9999 -9999 -9999 -9999 6.34522835586 8.76542498057 12.6844808752 13.3696094515 12.464219314 12.4665171815 10.6205670203 10.8845189979 9.03632590592 8.32474919761 6.39455629511 5.82889284452 4.70824880409 4.73609862628 3.3095423969 3.60661001133 2.92591987313 2.7910123796 2.34082584132 3.57859480466 3.4538906563 0.708055284841 0.848238776961 1.74093925727 0.331381530628 0.528635791146 1.0104593791 1.11711167302 0.895030074485 0.915735917899 0.725957387709 0.786786878942 0.589868938722 0.722457137106 0.931650196882 1.12807609057 1.1516486773 0.96539867688 1.18366390978 1.1263516381 0.958388658832 1.01626818477 0.684294824826
-9999 -9999 -9999 -9999 -9999 -9999 -9999 -9999 -9999 -9999 -9999 -9999 -9999 -9999 13.8712996888 13.1332475171 12.9486563812 13.286259915 11.2187570826 11.9594156274 9.74316173659 9.44844482984 7.36779407571 7.55898485889 6.15834898458 6.36967470161 4.51180531008 4.51405410582 3.08731721297 3.17802725194 2.80358049277 3.05136323317 2.47592872435 1.07726300858 0.705057749837 0.711613638717 0.616389467382 1.31645104332 0.515401623412 0.718772356899 1.22088190245 1.01949632819 0.746134355886 0.796478746412 0.653814624416 0.701645557021 1.00691280639 1.40422257468 1.96261375757 2.10436015335 1.64974234482 1.70560077686 1.20326955928 0.958441765757 0.730259792698 0.64798614675 0.663211675191
-9999 -9999 -9999 -9999 -9999 -9999 -9999 -9999 -9999 -9999 -9999 -9999 -9999 -9999 -9999 12.5383580405 12.4922444105 11.8217682938 9.03595891061 8.70297161879 8.38223531593 9.33073511371 7.54751782412 7.53263605427 6.01524138141 5.88822555653 4.02658307693 4.0699336904 1.18813606866 2.50405135703 2.3895011838 2.22720962323 1.87322000301 0.872313984571 0.753297919657 0.759324902743 0.682173932721 0.671595197207 0.618029493071 0.55770248875 0.456883263567 0.661226638277 0.992219243333 0.96616251234 0.793170470822 0.92707240819 0.896609186757 0.961683998448 1.08449225305 0.972201125021 0.557547742178 0.516863051553 0.650600991272 0.902641553521 0.818207232231 0.810564804389 0.68991668385
-9999 -9999 -9999 -9999 -9999 -9999 -9999 -9999 -9999 -9999 -9999 -9999 -9999 -9999 -9999 -9999 10.4465587278 10.2687319102 9.36533482676 10.6222966743 9.47989558466 8.96264206659 6.6903662671 6.53753351251 5.68601376207 5.44161193076 4.15782644521 3.33158494131 1.0277293351 1.6518647149 1.5362933088 1.09499398778 0.791375027438 0.481824641233 0.715257353498 0.777675192086 0.727995577165 0.77543380976 0.725599494228 0.953343728621 1.83026116828 1.81912715386 1.79380614435 1.60131426937 0.925351167564 0.75459561925 0.586333011954 0.957291285165 0.602314421408 0.500127429372 0.584945706581 0.787895827777 0.607142583831 0.53207291029 0.550855357057 0.508763829163 0.455282528379
-9999 -9999 -9999 -9999 -9999 -9999 -9999 -9999 -9999 -9999 -9999 -9999 -9999 -9999 -9999 -9999 11.736210436 11.7935552201 10.9773476639 10.6892248155 8.30258283605 8.29808748731 6.60880339709 6.76797622336 5.60578482234 5.92295196032 4.37392280774 4.26933665623 0.836388869236 1.49239257285 1.08432544945 0.643729257333 0.673482848375 0.541201430783 0.727166343202 0.748967261054 0.98952307662 0.924462994152 0.716726100892 0.724476944961 1.46094386766 1.16026731711 1.47348874578 2.29599812706 1.68815710385 1.35010707663 1.40248867402 0.599215425601 0.475290684474 0.5819340479 0.671057476896 0.695118561896 0.774112160155 0.807865631942 0.860714170691 0.68992784637 0.458584778042
-9999 -9999 -9999 -9999 -9999 -9999 -9999 -9999 -9999 -9999 -9999 -9999 -9999 -9999 -9999 7.65680975614 7.84221647013 8.62566243599 8.61449685209 8.46478801486 7.42709772906 6.92017040291 5.88706707345 5.87288445541 4.81450979178 5.03075880795 4.13504698174 4.16967491745 1.64913680038 2.75424249685 2.47672527164 2.53900609158 2.39742362058 1.407996992 0.893957263539 2.82211598911 1.95525985685 1.97353189846 1.16619962523 0.6185519748 1.54399757183 1.88597474281 1.73521536203 1.71679029705 1.56785021253 1.29793018984 0.61460371608 0.47617812567 0.569722920331 0.790195242281 0.607668614151 0.507861903046 0.509440103449 0.553873984551 0.549657015736 0.561711328293 0.567901063112
-9999 -9999 -9999 -9999 -9999 -9999 -9999 -9999 -9999 -9999 -9999 -9999 -9999 -9999 7.76770249984 8.11220075457 8.02704432579 8.54363437411 8.17204897518 8.11011437721 7.1002262756 7.54015523896 6.10820240752 6.24613855949 4.8183120876 4.67335621211 3.81094759176 3.78004095529 2.7505549512 2.74931032223 2.24302534936 2.28936354871 1.98001841786 2.11898920074 1.50144716723 3.11762729593 1.78889308142 1.28798319862 1.80453566357 1.67692931809 1.39967022773 1.63456254423 1.42169700147 1.51596146005 1.05699297526 0.943318584441 0.867565162003 1.08283985127 0.775601802845 0.661047007663 0.557034950632 0.552767791065 0.538394081377 0.527702790935 0.469849465301 0.492766927716 0.465527211751
-9999 -9999 -9999 -9999 -9999 -9999 -9999 -9999 -9999 -9999 -9999 -9999 -9999 -9999 6.05729687472 7.22116599934 6.934295092 6.72131292733 6.11377428023 6.00581720517 5.40687324094 5.84627382293 5.13579004703 5.32027805516 4.38400028389 4.04347534033 3.80940441413 3.81975596837 2.90267116764 2.76988900658 2.47497732163 2.96160911206 3.0690970336 2.70434424878 1.44095871018 2.58151452703 3.70978798323 4.10157822997 2.88628572639 2.92398834245 3.05518639497 2.93839122249 1.76206488762 1.65832335038 1.3923537696 0.9545619533 1.26798983205 1.82182053286 1.1075829548 1.11892956214 1.01891838036 1.01434681871 0.769026453255 0.702317307818 0.70278200041 0.683746652562 0.520051176703
-9999 -9999 -9999 -9999 -9999 -9999 -9999 -9999 -9999 -9999 -9999 -9999 -9999 -9999 -9999 -9999 7.02752117595 8.03817230534 7.92385450602 7.82606041798 6.74058663166 5.71664309065 5.57947840228 5.59595450964 4.55622734603 4.85054267086 3.5000819869 3.62325164368 3.03662169371 3.27183645609 3.0294218811 3.16610801007 2.90586444706 2.62680815526 2.58618368845 2.60284688638 2.93714423575 2.99486091701 3.2629352229 2.90211971788 1.96228240251 2.04462724893 1.96227111685 1.62284381463 1.10104101028 1.24872497553 1.05303297255 1.24188179603 0.865053224716 0.886310390866 0.796635081295 0.813291953557 0.69004164071 0.621730454772 0.438083558758 0.458314558859 0.560675591249
-9999 -9999 -9999 -9999 -9999 -9999 -9999 -9999 -9999 -9999 -9999 -9999 -9999 -9999 -9999 -9999 6.77345679274 6.55978830481 6.51146337241 5.51145018891 5.66726919116 5.67926495867 4.21704859145 4.35251006789 4.29224233222 4.70014163166 4.09557152972 3.98683526657 3.45856368973 3.38863940631 3.50683297639 3.38174981854 2.89388983048 2.72402851777 2.19201218615 2.28503076894 2.2348474603 2.47451095209 1.80963419558 1.63326105925 1.74571189629 2.0588786327 0.795625756699 0.818206637743 2.00772531875 1.24748015963 0.674705624125 0.958081111114 0.792306108463 0.639756604691 0.494704981423 0.500567798921 0.378872626535 0.424948494324 0.375005040718 0.376091516411 0.333992558322
-9999 -9999 -9999 -9999 -9999 -9999 -9999 -9999 -9999 -9999 -9999 -9999 -9999 -9999 -9999 -9999 -9999 -9999 6.56932597449 5.8860521585 5.25652426243 5.62948172222 5.34797633942 4.8252613857 4.12760577998 4.28492554089 3.87049057139 3.84078884421 3.27682067433 3.25821794105 2.72992908011 2.53694228477 2.40201078844 2.58244690281 2.16695630659 2.47081973571 2.34648812345 1.9415813417 1.74101110224 2.0240870539 1.55914843351 1.4376911878 1.18130944467 1.17519595847 0.99368051055 1.29832267826 0.792455735638 0.808195677317 0.980864044515 0.619945551389 0.584970656443 0.732020808727 0.387752138609 0.397886070309 0.401485619043 0.423765929969 0.358107023334
-9999 -9999 -9999 -9999 -9999 -9999 -9999 -9999 -9999 -9999 -9999 -9999 -9999 -9999 -9999 -9999 -9999 -9999 -9999 4.29007132838 4.49525065364 4.70292361313 4.60484471681 4.67908109093 3.94405062341 3.74897556615 3.03555219137 3.12594768555 2.71521711119 2.65153726596 2.64175351213 1.86088574117 1.93756114217 2.29757870559 1.98906016128 1.87698190633 1.79209346679 2.16065683218 1.93783971484 2.06831679084 1.59319513665 1.4986780352 1.17014777284 1.37754408075 1.25289325825 1.27826498982 1.14797358023 0.823035699263 0.59538972856 0.997175546824 0.665096607315 0.539705133503 0.39825076839 0.39488332166 0.41076650514 0.394831824108 0.292035038744
-9999 -9999 -9999 -9999 -9999 -9999 -9999 -9999 -9999 -9999 -9999 -9999 -9999 -9999 -9999 -9999 -9999 -9999 5.061644433 5.38922955875 5.66065675215 5.54953144505 4.79720541409 4.01200661945 3.86337915365 3.7521625971 2.82921639959 3.05863136138 2.97829587056 2.83173435281 1.21301458876 0.55400817308 1.20736887725 2.42781474361 2.25758812121 2.48909183685 2.7039154638 2.63093469823 2.41440116775 2.33921070575 2.02545747219 1.59269801194 1.26576391868 0.702015458884 0.654352119956 0.646576704127 0.939613261838 1.76663234853 1.24725463089 0.752132075601 0.846670881008 1.47940853833 0.913193894221 0.675888191744 0.527103984945 0.474964463397 0.38563725474
-9999 -9999 -9999 -9999 -9999 -9999 -9999 -9999 -9999 -9999 -9999 -9999 -9999 -9999 -9999 -9999 -9999 -9999 -9999 5.25515545854 5.34129360978 5.12398480877 4.42181486775 3.7119401853 3.74730065576 3.7013029586 3.00511109469 2.64936069619 2.87926405195 3.21223381981 1.66863836601 1.63792368415 2.71238788824 2.66082363947 1.70499570385 1.29513730718 1.89923327042 1.74213815431 1.57060858345 1.57277033308 1.52561484532 1.81294793373 1.30762023868 0.88903696427 0.691462538476 1.73902828 1.38209392496 1.21307744084 1.4715604893 1.0856377009 0.397468097977 0.472454885673 0.69863685382 0.51394803674 0.939400304298 0.444407553096 0.315130676253
-9999 -9999 -9999 -9999 -9999 -9999 -9999 -9999 -9999 -9999 -9999 -9999 -9999 -9999 -9999 -9999 -9999 -9999 -9999 -9999 4.64459425989 4.98339278444 4.46316190661 4.08698592493 3.2641342249 3.59121353917 2.960949148 2.7191455057 3.02945685831 2.76392933107 2.39476333373 2.30186020085 2.44543999586 1.46514592907 0.972085980299 1.452718926 2.40907977318 2.57580452591 2.50096312955 2.36974102353 1.83222980819 2.1859140763 1.95452209645 1.78830231132 1.88324250921 1.71604124424 1.34351416282 1.46162474224 1.22920343088 1.56606787809 1.18755699294 0.83189258799 0.428145629985 0.399917928753 0.772481244481 0.621927151022 0.403539285354
-9999 -9999 -9999 -9999 -9999 -9999 -9999 -9999 -9999 -9999 -9999 -9999 -9999 -9999 -9999 -9999 -9999 -9999 -9999 -9999 -9999 4.36875558311 4.26546954455 4.25312425262 2.98306285315 2.78078366775 2.64610202799 2.69476143272 2.50777903809 2.40026863463 1.51427574798 1.9632658315 2.7757119354 1.08736573483 2.26618895115 3.11896429538 2.81538231151 2.30826847792 2.2329307667 2.34007534561 2.51777258422 2.60147133778 2.45547423328 1.95599732894 1.54347168803 1.27258000464 1.31881838653 1.41055432888 1.23492167602 1.43611930601 1.16959257276 0.676797070182 0.866578794752 0.782572055162 0.250599946078 0.329596656588 0.326243781234
-9999 -9999 -9999 -9999 -9999 -9999 -9999 -9999 -9999 -9999 -9999 -9999 -9999 -9999 -9999 -9999 -9999 -9999 -9999 -9999 -9999 3.84797179147 3.8985879165 3.90301852511 3.67093669592 3.73747026686 3.31841918321 3.16423905898 2.99420108592 2.6119944338 0.855580203655 1.98503225177 2.99698666536 2.90181060489 2.32742712167 2.54043005832 2.4337932406 2.34793450202 2.21080643987 2.63244098337 2.533974125 2.46654878351 1.88884457701 1.84322297841 1.85965209953 1.79619468175 1.51899453231 1.49287645744 0.986114591882 1.05142756618 0.503634692761 0.304573835384 0.644399932955 0.497847797795 0.446951541291 0.274253843205 0.248586362632
-9999 -9999 -9999 -9999 -9999 -9999 -9999 -9999 -9999 -9999 -9999 -9999 -9999 -9999 -9999 -9999 -9999 -9999 -9999 -9999 -9999 -9999 3.80644081963 4.22442600944 3.57806441837 3.2134411155 3.03111154436 3.21223767662 3.05252698697 3.08131864681 3.00612826643 3.11663117627 2.96173491655 2.99065447008 3.22866167682 2.80156629982 2.79824752779 2.6564529024 2.49701735687 2.5700474582 2.54515202609 1.99819413408 1.92737478488 2.23657639934 1.45184651638 1.33869379961 0.975562404721 1.12642400297 1.23026638941 0.965692777915 0.243482240089 0.515702730539 1.43512844337 0.906481287822 0.327069764362 0.281881731937 0.269001945147
-9999 -9999 -9999 -9999 -9999 -9999 -9999 -9999 -9999 -9999 -9999 -9999 -9999 -9999 -9999 -9999 -9999 -9999 -9999 -9999 -9999 -9999 3.92331522871 3.8289997912 3.44873447018 3.52366437759 3.26295547722 3.36199957513 3.36466365884 3.33035224637 3.19195117514 3.24690064106 3.30259804478 3.1379255926 2.83277436682 3.30692189252 2.81914524645 2.63030013138 2.86293039593 2.90506674384 2.16279101241 2.57679859502 1.94834419963 1.68963587953 1.43641781955 1.61012984383 1.57953645074 1.68389992079 1.05765464061 0.993083872783 0.630664407971 1.04531814233 0.723401404907 1.33099930038 0.735866649283 0.660288668565 0.41216499014
-9999 -9999 -9999 -9999 -9999 -9999 -9999 -9999 -9999 -9999 -9999 -9999 -9999 -9999 -9999 -9999 -9999 -9999 -9999 -9999 -9999 -9999 3.71466577908 3.96330981943 3.77544185644 3.34490831413 3.2657148796 3.73805824635 3.30171231617 3.59471350212 3.34633334066 3.10763206704 3.01678586909 3.1198879496 3.30843540046 2.72314342155 2.70479784438 3.15526433484 2.84874250495 2.70819430284 2.59314745973 2.27380888715 1.75171774605 2.00279858227 2.06761681535 1.98191768628 1.77309180907 1.63216917232 1.26917219468 1.271207762 1.35385948444 1.18557585501 1.28027043911 1.39305750857 1.33836058224 1.41790363253 0.768512789723
-9999 -9999 -9999 -9999 -9999 -9999 -9999 -9999 -9999 -9999 -9999 -9999 -9999 -9999 -9999 -9999 -9999 -9999 -9999 -9999 -9999 -9999 -9999 4.1629500532 3.98398711268 3.43217018246 3.07824734169 3.54509320411 3.21813438535 3.47673210179 3.36244586833 3.54401120288 3.43094148508 3.63129162406 3.07600839537 3.25945080249 3.30389727049 3.05856181655 2.36522164521 2.12768435719 1.84767980763 2.19179428503 2.35287677026 2.36889927584 2.0000088283 1.86836306113 1.22081039945 1.12176924315 0.990182442792 1.0508839436 0.796000141817 0.946690415909 0.992029023952 1.67266256752 0.980495145627 0.641598193412 0.89866758682
