data/recharge/transience/recharge551.asc
ncols                  80
nrows                 72
xllcorner      4374000.0
yllcorner      5656000.0
cellsize            500
NODATA_value       -9999
[rows 0 to 24 of 72, columns 0 to 56 of 80]
-9999 -9999 -9999 -9999 -9999 -9999 -9999 -9999 -9999 -9999 -9999 -9999 14.4894206542 15.3083332662 -9999 -9999 -9999 -9999 -9999 -9999 -9999 -9999 -9999 -9999 -9999 -9999 -9999 -9999 -9999 -9999 -9999 -9999 -9999 -9999 -9999 -9999 -9999 -9999 -9999 -9999 -9999 -9999 -9999 -9999 -9999 -9999 -9999 -9999 -9999 -9999 -9999 -9999 -9999 -9999 -9999 -9999 -9999
-9999 -9999 -9999 -9999 -9999 -9999 -9999 -9999 -9999 -9999 -9999 -9999 12.1207080926 10.711617227 9.50418700385 -9999 8.65502896084 -9999 -9999 -9999 -9999 -9999 -9999 -9999 -9999 -9999 -9999 -9999 -9999 -9999 -9999 -9999 -9999 -9999 -9999 -9999 -9999 -9999 -9999 -9999 -9999 -9999 -9999 -9999 -9999 -9999 -9999 -9999 -9999 -9999 -9999 -9999 -9999 -9999 -9999 -9999 -9999
-9999 -9999 -9999 -9999 -9999 -9999 -9999 -9999 -9999 -9999 11.1828871205 10.0217853092 10.913154267 11.1688086791 8.18283661159 7.4910507407 6.01664800101 6.1161948294 -9999 -9999 -9999 -9999 -9999 -9999 -9999 -9999 -9999 -9999 -9999 -9999 -9999 -9999 -9999 -9999 -9999 -9999 -9999 -9999 -9999 -9999 -9999 -9999 -9999 -9999 -9999 -9999 -9999 -9999 -9999 -9999 -9999 -9999 -9999 -9999 -9999 -9999 -9999
-9999 -9999 -9999 -9999 -9999 -9999 -9999 -9999 -9999 10.3074504658 10.4074402545 11.0594848444 9.63672691066 10.041310986 9.66870442909 8.42214546016 7.09098874955 8.45502882204 -9999 10.252429394 -9999 -9999 -9999 -9999 7.45285796416 8.18017728663 -9999 -9999 -9999 -9999 -9999 -9999 -9999 -9999 -9999 -9999 -9999 -9999 -9999 -9999 -9999 -9999 -9999 -9999 -9999 -9999 -9999 -9999 -9999 -9999 -9999 -9999 -9999 -9999 -9999 -9999 -9999
-9999 -9999 -9999 -9999 -9999 -9999 -9999 -9999 13.2595746462 11.8953204251 9.80493589946 9.91405068956 9.74173541793 9.18885791266 8.89176636682 8.55097828003 6.47481591678 5.97655112775 6.17847873017 8.37368251082 8.22604630254 8.60411718732 -9999 6.64860135447 8.89897027926 8.94108045726 -9999 -9999 -9999 -9999 -9999 -9999 -9999 -9999 -9999 -9999 -9999 -9999 -9999 -9999 -9999 -9999 -9999 -9999 -9999 -9999 -9999 -9999 -9999 -9999 -9999 -9999 -9999 -9999 -9999 -9999 -9999
-9999 -9999 -9999 -9999 -9999 -9999 13.0633940072 11.1600630997 10.5471406285 10.9579588747 10.9239869118 11.4114975946 10.555978557 10.1197483295 8.7743789582 9.31597241287 7.11047077843 6.59391559692 9.05572396746 8.32128239247 8.04097434462 8.41080839768 7.87637081148 6.94206703331 8.04627910986 7.75764046173 8.76316289456 -9999 -9999 -9999 -9999 -9999 -9999 -9999 -9999 -9999 -9999 -9999 -9999 -9999 -9999 -9999 -9999 -9999 -9999 -9999 -9999 -9999 -9999 -9999 -9999 -9999 -9999 -9999 -9999 -9999 -9999
-9999 -9999 -9999 -9999 -9999 -9999 13.6834542247 12.3826271575 9.95600833924 9.65295528828 8.81155050002 10.1569577868 9.38871105778 7.86198670107 6.88538418295 7.26948464829 6.60349673765 8.10875829602 13.0609756555 6.52753529669 7.0563417331 7.89132238279 8.08797978643 7.34092106565 7.04539753007 6.43613844402 8.9015166504 9.65258488732 11.2730958691 10.8220666726 12.3724243973 12.275118435 -9999 -9999 -9999 -9999 -9999 -9999 -9999 -9999 -9999 -9999 -9999 -9999 -9999 -9999 -9999 -9999 -9999 -9999 -9999 -9999 -9999 -9999 -9999 -9999 -9999
-9999 -9999 -9999 -9999 -9999 15.9049543394 14.1945270608 14.1771728004 12.0678785783 12.4129093129 11.2557427646 10.4026995146 8.25946650503 9.20572508673 7.64728023597 8.49707984356 7.86333924539 5.58603984125 11.1011551276 6.6788486545 7.08557631428 6.88952285106 7.75924518966 7.95172950993 7.55622502371 7.83715526244 8.68286781215 8.49809973184 10.9432846511 10.7604518062 10.5941440919 10.9970325314 10.3384977981 10.0645278199 -9999 -9999 -9999 -9999 -9999 -9999 -9999 -9999 -9999 -9999 -9999 -9999 -9999 -9999 -9999 -9999 -9999 -9999 -9999 -9999 -9999 -9999 -9999
-9999 -9999 -9999 -9999 -9999 16.2690005551 15.2961004659 15.3597886683 13.4638787214 12.8302050129 11.8885775469 12.390034217 9.1724031437 10.0063338661 10.5140234308 10.183605999 6.71261931609 4.80330456221 8.8632458846 7.50954348991 6.52479436229 6.82688984515 8.26194030601 8.01103405145 8.21240555862 6.64247488436 7.13174025117 6.46614729817 8.66663194569 8.99069587729 11.9240849109 10.5669343854 9.8705493978 9.56338091485 8.9902178109 9.58107173837 -9999 -9999 -9999 -9999 9.40965489736 9.10665663039 -9999 -9999 -9999 -9999 -9999 -9999 -9999 -9999 -9999 -9999 -9999 -9999 -9999 -9999 -9999
-9999 -9999 -9999 -9999 -9999 15.6043635719 14.7401290704 14.1291720452 13.8741288477 14.398975364 12.9777623464 12.5895977132 11.0488932326 11.9520352894 11.2120943225 8.89772206924 6.89471904198 10.4233841061 10.5018021781 8.47657566158 7.28314428039 6.70422462421 7.18353289273 6.96712736115 8.08292417099 6.94735198191 6.9879290093 6.11393727987 8.28290802942 9.19713116124 7.24882128081 8.00798546997 9.77457175157 8.50492539348 7.88687956919 9.84887900951 9.63150488021 -9999 -9999 9.85399198809 9.80884116048 9.57038789993 9.03486258001 -9999 -9999 -9999 -9999 -9999 -9999 -9999 -9999 -9999 -9999 -9999 -9999 -9999 -9999
-9999 -9999 -9999 -9999 -9999 -9999 16.7779942076 16.629685509 15.2539076388 14.8337692293 13.0252671074 13.7481954165 15.1285931936 17.6839933071 9.3585533688 8.58425746757 7.96515526267 7.73339915652 6.74435801726 7.51067782235 7.48990567049 7.73634054263 7.62034836942 8.07688668241 7.93712234678 7.36999386856 5.58433961789 5.75810389197 6.51258696589 7.80584237164 7.70238330966 8.34367433559 7.23031079633 7.33854761087 7.55100009843 8.80459932134 8.06916191905 6.83386791418 9.337650927 9.15651512074 8.79619872255 9.80386247511 7.15514643918 5.94953544213 -9999 -9999 -9999 -9999 7.17320189546 6.53056135531 2.41645676929 -9999 -9999 -9999 -9999 -9999 -9999
-9999 -9999 -9999 -9999 -9999 -9999 -9999 15.6170348613 14.4927524488 15.580720567 14.6588404055 13.8217491225 14.1302575224 11.7463427057 8.80145270553 10.3920169504 9.44370617085 10.1510891815 9.36611745062 8.27339323731 7.14768637855 7.17793910154 7.32197964339 7.38724243075 7.48589226128 6.96978358104 5.95342209903 6.43673816319 7.85136512643 7.23233413636 6.96618261054 6.90284357978 7.45232975297 7.63313732433 9.00840467369 8.96629491561 8.34504423653 7.98466402878 9.21465246155 9.19533342824 7.27815246456 6.82575218115 5.08533292004 4.8204129175 4.11074561943 4.59543988779 4.84180171551 4.14361010985 3.84554134829 4.62688389301 5.02952636393 4.24289561209 -9999 -9999 -9999 -9999 -9999
-9999 -9999 -9999 -9999 -9999 -9999 -9999 -9999 16.4226239088 13.7049679449 13.9554097222 14.7841300642 12.5346754295 13.2117015895 12.6059621296 12.0049916071 9.70236195905 9.74498564762 8.12312875042 8.7777314162 10.4174230892 10.1158806044 6.23860978465 6.59351372955 6.80593890523 6.3513134554 5.16593970999 6.88433996854 5.77077499252 4.763592734 5.93936716449 5.61618001681 6.02909579591 5.68824610879 6.62107358242 7.89210096018 8.34846826318 8.60923515123 8.08280888786 8.02576905896 6.58911724663 5.16305658863 4.13499064845 3.78266165326 3.54582634357 3.23676105228 3.5246444484 3.12697778438 2.7986099311 3.49238201499 3.92046356862 4.17186131304 3.56413344446 -9999 -9999 -9999 -9999
-9999 -9999 -9999 -9999 -9999 -9999 -9999 -9999 15.7500253319 14.6830505635 13.353952348 13.412714139 12.4299050493 12.3733665745 10.7200848264 10.5443155396 8.63778365425 9.11677879567 8.78736422801 9.27016881204 9.28441897678 9.95238395709 7.5104157664 8.92577268994 7.4511010591 6.34040078174 6.98815367965 6.0246961514 5.66789147465 4.64980704685 4.77812511376 5.35820776085 5.01519816239 5.47168269407 7.67024560281 5.8548377628 8.89314458834 8.41326245062 8.06526747337 7.9731717229 7.77020160308 5.19136468517 3.85346168157 3.8399273446 3.24956490087 3.21263853245 3.48021036513 3.20785885456 2.96714704054 4.39030577318 4.04448946637 4.06401676215 4.05204430432 5.50984219377 4.56291169817 4.76712917883 -9999
-9999 -9999 -9999 -9999 -9999 -9999 -9999 -9999 -9999 16.3804500387 14.6780625736 13.0387913331 12.6880330788 12.0309425701 10.8176123593 10.9020740108 11.4093096848 11.9067344049 12.0180356104 12.1168967816 11.4294202696 9.86776436448 8.43056090454 12.6189108234 9.80155657595 8.81964044508 6.45700440937 5.91399944795 3.09942303831 6.30334019673 5.645923457 5.37975626457 5.27885767079 4.3584863114 5.40821694458 6.39818317168 7.65098624243 7.37201567344 7.11341762107 7.16115108825 6.85661651576 5.83566294081 3.03372996416 3.98300260671 2.93600700668 2.51625403674 2.14002671335 2.14768365303 2.8606240506 3.09262789692 3.01428832713 2.91419768735 3.23081070555 4.59516542163 4.54221779932 2.6449071804 1.940347404
-9999 -9999 -9999 -9999 -9999 -9999 -9999 -9999 -9999 -9999 12.9712631919 12.9643033475 12.433445162 11.8225377866 10.1948436541 9.54766926346 9.60242084669 11.3307343499 10.2858390854 8.80619297287 8.35497997647 8.04274073231 6.7825575719 6.22302760645 7.37019805348 9.01587229922 7.69819976033 6.36873941924 5.3729035504 3.82058482087 6.24329172934 6.26269277681 6.73707930161 5.14468484482 7.10649506625 6.93520593494 7.52269232111 7.37474374626 7.15224216722 7.18085843725 7.07726546484 6.09323408323 4.32576736103 3.50954277317 4.34495051011 4.20325529627 3.22749739699 2.45046993211 3.40959880425 3.51083524487 3.43457853213 3.30781536516 2.77918998032 3.71050995478 4.1147002518 2.5211872513 1.91670321775
-9999 -9999 -9999 -9999 -9999 -9999 -9999 -9999 -9999 -9999 -9999 9.51243935222 11.624357709 13.1744115679 10.1100214861 9.55866968215 9.65381855383 9.53697929156 8.1007651628 9.29305809079 10.2912775754 9.71358678009 7.22668702633 5.87917377787 4.51439156202 4.03700656447 6.11187882014 8.55517898166 8.24887219676 8.81633895486 7.11965198425 4.31879809051 4.47965888607 4.73229079594 5.14146341674 4.51764804357 6.42952778528 6.39680518139 6.59334754316 6.59407188091 5.58192811678 5.02692281998 5.02604507667 3.65581036002 3.25090955915 2.45492726947 2.67427718625 3.26999384394 2.76530875435 3.3772176793 2.73663737334 3.6432011786 4.05836721234 3.88066393375 3.3223382097 3.25283043294 1.91062736784
-9999 -9999 -9999 -9999 -9999 -9999 -9999 -9999 -9999 -9999 -9999 8.64279865206 10.5648792066 10.2644293373 10.3325655404 9.99582356465 8.40585749449 7.92951337956 9.77469329855 9.88059722049 9.67369726116 10.4922383818 7.29752123589 6.48699581231 6.32278929507 7.57652923925 4.91798523878 5.60305799969 5.47475220539 5.92320630851 6.70598891363 6.2326866726 3.22823063753 3.52796695629 3.0301107304 5.14942667783 6.40681688582 6.48936786 6.47006546183 6.35477760259 7.5373814653 5.61700809297 4.63843005725 4.79690690096 3.95972467982 3.77226889285 4.54781093087 5.19654727133 4.57367485854 3.14053536836 3.12902217157 2.98982685828 2.01664975855 3.89415725187 3.84803752184 3.54860889828 3.23661767794
-9999 -9999 -9999 -9999 -9999 -9999 -9999 -9999 -9999 -9999 -9999 14.5004022267 12.2514381375 11.7696711241 10.0376443339 9.52076055338 7.86100873503 6.59985159193 7.08309757972 7.85390247169 8.68425255915 8.82043857558 6.76888951135 5.57523010948 5.72242418126 6.62050241598 6.46741137477 6.37067953289 5.62315328545 4.21679413848 3.55622134411 6.14578591153 7.82353092167 8.57952266106 5.02238818326 5.7390928125 4.72040747217 3.09604935009 4.92614142341 4.28846790268 4.92717690239 5.05892624585 5.20345147295 5.71175063006 6.21544148369 6.9835181272 4.32635430156 3.92559413835 3.6912426823 3.37503687719 2.61985436876 2.9850158891 3.07496307576 3.50937388339 3.80265809691 3.41097878432 3.94547804112
-9999 -9999 -9999 -9999 -9999 -9999 -9999 -9999 -9999 -9999 -9999 -9999 11.2753162821 12.129245322 11.2334260141 10.3317028391 8.51919147568 7.63415834366 6.63904656514 8.69350341489 8.88258773292 8.53022673341 8.01462597996 7.54359374276 6.87200320628 6.98226703635 6.55311520483 6.70846861676 6.45353914709 6.24572306477 6.23706494332 6.43687025122 4.93216115945 3.63365687531 5.30743749136 5.66911495912 7.62522900146 4.15862448794 2.73960190753 5.86085614687 6.26724930462 4.8869098675 6.09208864191 6.76372531583 6.95627701088 6.90527841673 4.31561350762 3.97346802486 2.99453284734 3.32631650772 2.45165696121 1.99192596222 1.61134109461 1.64347850768 1.4041245745 1.91417103683 1.70587330979
-9999 -9999 -9999 -9999 -9999 -9999 -9999 -9999 -9999 -9999 -9999 13.0297916358 12.6912141513 12.4403794246 11.9865324056 9.45340766702 11.0127859471 8.5185631039 6.84517681905 8.27671610594 7.38460247453 7.29588178046 6.68240783116 6.80508303342 6.64394459659 6.56963679265 5.92625808298 5.91245735395 6.10785439687 5.96000267971 5.57404664289 5.72411658319 5.40144466966 5.35640310439 5.46204454382 4.3725736023 4.44493288772 2.94844891292 2.51935126329 3.63113047 4.72910884423 3.97386660407 7.80267970332 7.66982592198 8.74499728822 8.69320272248 7.02430512866 5.02298756982 3.36508421756 3.40621696591 2.27519970113 1.40370136362 1.15132870343 1.16370156054 1.00221805416 1.14432830433 1.69726051212
-9999 -9999 -9999 -9999 -9999 -9999 -9999 -9999 -9999 -9999 -9999 13.3919515736 14.3345470324 13.2990324133 11.0471181639 8.45517289964 9.12691638031 8.90043004311 8.32725918192 8.45770475339 9.40749996883 10.2465759259 7.46937916361 7.11619788379 6.87571911962 6.75706064067 4.7002937632 7.14545820321 6.6252499345 7.55326985702 6.87256783939 5.80893504479 5.33152039484 5.35937264726 5.36071100662 2.48033892997 3.33068080227 4.27824872842 2.95888267913 2.50127096397 4.13066133429 4.01562979745 5.48631451188 6.18315963261 6.32209554497 5.95641046185 6.01561889111 6.0359806348 4.33626867599 3.94670988681 2.12475259849 2.26626537359 1.81804270699 1.69199847645 1.4763973358 1.3302065154 0.914803596944
-9999 -9999 -9999 -9999 -9999 -9999 -9999 -9999 -9999 -9999 -9999 15.1095538009 15.0328129864 13.2128914696 12.695006525 12.4855486818 9.54954294297 9.71761907807 8.8040035395 9.9384050305 6.66303587924 5.09742700552 8.64611520662 6.88719681035 5.1853433159 5.17837157495 5.64923505562 5.95167848962 5.12849298026 5.15409263092 5.15005423591 6.97587687687 6.77240766232 6.45650158058 5.32042276468 2.02368081762 2.58188422639 1.68723157121 2.75524875928 1.61233242922 4.53693425126 5.68422638827 4.44508431969 3.6417263953 3.78090707046 3.79049322479 4.58809908435 4.78423088622 4.23759564199 4.25537206346 2.20911909788 1.57634428179 1.28328260182 1.13391746019 1.14211230133 1.0766612465 1.29042007881
-9999 -9999 -9999 -9999 -9999 -9999 -9999 -9999 -9999 -9999 -9999 -9999 15.2992140508 14.8291999634 13.1457192509 12.0058582693 10.3097379106 10.3313087272 8.61875667721 9.15782636154 8.27921007207 9.70699441042 5.88993534469 4.95819286508 4.83723432934 4.7615224163 4.06236954454 4.28301814454 4.00601970279 3.55709383594 3.01347313242 4.09151476311 5.05403951293 5.31796026946 5.0183286333 3.381030193 3.02976258216 2.03344226351 3.26523673115 2.53137005553 4.6139048388 5.13122787245 4.84718540762 3.74112804515 3.81924782783 3.8463660934 3.99889528645 4.51091967411 3.86908208829 4.86561455125 4.02423086967 2.42907538156 2.86803420889 2.2120556713 1.46690733383 1.52575650478 1.36057838459
-9999 -9999 -9999 -9999 -9999 -9999 -9999 -9999 -9999 -9999 -9999 -9999 16.9609983131 15.5241141718 13.255538692 12.2183483506 10.0613971178 10.6787521664 9.7802746393 9.44799564351 9.29871188288 9.2656465785 7.02039962085 6.9830795115 5.85850064589 7.67057078177 7.07375511196 5.84491886392 4.86532792635 5.91460152391 4.73834998253 5.01767760622 6.70183263393 7.16886573453 3.37781373499 3.76075463977 4.66378233863 4.00059436868 4.54425612535 3.53201020483 4.84013902112 4.91535580976 4.39009483784 4.35175510799 4.34887846082 3.57820782646 3.17331926113 3.15134529318 2.80784702878 3.90146493946 3.54600560282 3.21881524024 2.42661583373 1.08738900622 0.832621470904 1.09029473106 0.71875685956
