data/recharge/transience/recharge532.asc
ncols                  80
nrows                 72
xllcorner      4374000.0
yllcorner      5656000.0
cellsize            500
NODATA_value       -9999
[rows 0 to 25 of 72, columns 0 to 56 of 80]
-9999 -9999 -9999 -9999 -9999 -9999 -9999 -9999 -9999 -9999 -9999 -9999 4.33125031671 4.39082000193 -9999 -9999 -9999 -9999 -9999 -9999 -9999 -9999 -9999 -9999 -9999 -9999 -9999 -9999 -9999 -9999 -9999 -9999 -9999 -9999 -9999 -9999 -9999 -9999 -9999 -9999 -9999 -9999 -9999 -9999 -9999 -9999 -9999 -9999 -9999 -9999 -9999 -9999 -9999 -9999 -9999 -9999 -9999
-9999 -9999 -9999 -9999 -9999 -9999 -9999 -9999 -9999 -9999 -9999 -9999 6.42133665723 5.30356230918 4.84975345015 -9999 5.96714798446 -9999 -9999 -9999 -9999 -9999 -9999 -9999 -9999 -9999 -9999 -9999 -9999 -9999 -9999 -9999 -9999 -9999 -9999 -9999 -9999 -9999 -9999 -9999 -9999 -9999 -9999 -9999 -9999 -9999 -9999 -9999 -9999 -9999 -9999 -9999 -9999 -9999 -9999 -9999 -9999
-9999 -9999 -9999 -9999 -9999 -9999 -9999 -9999 -9999 -9999 5.32417169939 4.95653243407 5.78237950635 5.92281335442 4.79951852184 4.61871234267 4.80968276422 4.87533518448 -9999 -9999 -9999 -9999 -9999 -9999 -9999 -9999 -9999 -9999 -9999 -9999 -9999 -9999 -9999 -9999 -9999 -9999 -9999 -9999 -9999 -9999 -9999 -9999 -9999 -9999 -9999 -9999 -9999 -9999 -9999 -9999 -9999 -9999 -9999 -9999 -9999 -9999 -9999
-9999 -9999 -9999 -9999 -9999 -9999 -9999 -9999 -9999 4.8331762238 5.29819359177 5.2496137686 5.04110862046 5.25054081665 5.37643227348 5.07394407675 5.04150760936 6.11687910037 -9999 5.83350066623 -9999 -9999 -9999 -9999 4.96302019414 5.27238505346 -9999 -9999 -9999 -9999 -9999 -9999 -9999 -9999 -9999 -9999 -9999 -9999 -9999 -9999 -9999 -9999 -9999 -9999 -9999 -9999 -9999 -9999 -9999 -9999 -9999 -9999 -9999 -9999 -9999 -9999 -9999
-9999 -9999 -9999 -9999 -9999 -9999 -9999 -9999 6.06912918734 5.35358086614 4.88669050713 5.07160466552 5.19038328952 4.8499455078 5.16995293786 4.9446137031 5.0265718036 5.18723781532 4.78000460227 5.04401740999 4.9507846703 5.21975323358 -9999 5.11722840969 5.68425956403 5.66788179032 -9999 -9999 -9999 -9999 -9999 -9999 -9999 -9999 -9999 -9999 -9999 -9999 -9999 -9999 -9999 -9999 -9999 -9999 -9999 -9999 -9999 -9999 -9999 -9999 -9999 -9999 -9999 -9999 -9999 -9999 -9999
-9999 -9999 -9999 -9999 -9999 -9999 5.90375496695 4.79867460619 4.68991455107 4.88775474681 5.49184098603 5.94278811923 5.70138673608 5.4275780733 5.09288233645 5.45338934928 5.06409844392 4.88855048789 3.97857531622 4.95229618704 4.81836421915 5.08022807086 4.81619908459 5.03763161431 5.20552756072 5.07380684823 5.09679154464 -9999 -9999 -9999 -9999 -9999 -9999 -9999 -9999 -9999 -9999 -9999 -9999 -9999 -9999 -9999 -9999 -9999 -9999 -9999 -9999 -9999 -9999 -9999 -9999 -9999 -9999 -9999 -9999 -9999 -9999
-9999 -9999 -9999 -9999 -9999 -9999 5.98111727586 5.31479258598 4.47583174319 4.32417657609 4.44771885564 4.86025435504 5.09541088552 4.5761694217 4.81310867442 4.49791522707 4.77278765635 3.31218876415 3.21542090756 4.59055439837 4.67045446855 5.34186692731 4.73732352632 4.75423505214 4.8008379516 4.70393775428 5.24081068049 5.07697748745 4.71059653682 4.4949344891 5.05698354628 5.01373402599 -9999 -9999 -9999 -9999 -9999 -9999 -9999 -9999 -9999 -9999 -9999 -9999 -9999 -9999 -9999 -9999 -9999 -9999 -9999 -9999 -9999 -9999 -9999 -9999 -9999
-9999 -9999 -9999 -9999 -9999 6.47170516019 6.02420375102 5.91367348345 5.73072194614 5.77716825733 5.74416847391 5.3191784843 4.69616701661 4.28055505791 5.34526683097 5.42505210587 3.42623449894 2.1326000601 3.25307647479 4.24583392642 4.69521438418 4.53524830755 4.50343288595 4.63955246753 4.68478673742 4.90644592794 5.05607727411 4.83244709956 4.54799817436 4.4614923954 4.23496405596 4.42137424606 3.99379873006 3.87834536085 -9999 -9999 -9999 -9999 -9999 -9999 -9999 -9999 -9999 -9999 -9999 -9999 -9999 -9999 -9999 -9999 -9999 -9999 -9999 -9999 -9999 -9999 -9999
-9999 -9999 -9999 -9999 -9999 6.49667033945 6.18163986539 6.22085567787 5.90504345936 5.54202986721 5.70416465463 6.00583017391 3.66677221335 2.46874055696 6.36635835953 6.59318857261 4.34385664189 1.49650934355 2.55186943173 3.21622201791 4.99744419072 5.06731927195 5.21121269171 5.02907214756 4.56640438218 4.1333554731 4.78643510241 4.51249423606 4.23223271154 3.70210232269 2.65471236436 3.00371685151 4.09611376326 3.95441190625 4.00002396796 3.90712011307 -9999 -9999 -9999 -9999 4.20631048236 4.05408270991 -9999 -9999 -9999 -9999 -9999 -9999 -9999 -9999 -9999 -9999 -9999 -9999 -9999 -9999 -9999
-9999 -9999 -9999 -9999 -9999 6.09500632372 5.86788130278 5.86140258798 6.1397264815 6.45397110755 6.37060823566 6.1316135605 5.99263500733 6.59748435817 6.85039654731 5.72417238311 5.45705542575 5.09152134125 4.47959055289 6.64992862569 5.71931093904 4.83006054379 4.41073974331 4.24661604345 4.48175478565 4.31562033513 4.52650882906 4.32196582141 4.53067997723 3.15275440292 2.01688071642 3.50083387649 4.04880865886 3.94160318418 4.1361761651 4.02628706667 4.03695068694 -9999 -9999 4.12096910333 4.40622463763 4.28848372744 4.6325160351 -9999 -9999 -9999 -9999 -9999 -9999 -9999 -9999 -9999 -9999 -9999 -9999 -9999 -9999
-9999 -9999 -9999 -9999 -9999 -9999 6.75773602468 6.92315636128 6.39583768407 6.14910881729 5.85728988727 6.28758930899 5.93291297228 5.46171659407 5.32272192263 5.15583306424 5.50419568301 5.34428758159 5.12449305513 5.08504813621 5.22197280665 5.41920884061 4.95317530436 5.30231818289 4.68142637999 4.28594518505 4.04220443456 4.50931829706 4.10199736271 3.90740762371 3.77174850232 4.10909749426 3.95537490794 3.95410590435 4.05693916328 4.0997527011 4.11663393117 4.29849118838 4.20657287562 4.11236860292 4.14044997661 4.68088141368 4.30702111456 4.26637126452 -9999 -9999 -9999 -9999 5.2668203234 4.93730883211 1.06078672575 -9999 -9999 -9999 -9999 -9999 -9999
-9999 -9999 -9999 -9999 -9999 -9999 -9999 6.30181539475 5.9492946838 6.59594773947 6.8516341817 6.33784704588 4.2681617404 3.92186128093 5.48800767192 6.56303076843 6.64638183566 6.53286148257 6.52464056103 5.69145971484 4.93803617007 4.96099434833 4.72318004551 4.77822041451 4.36896879248 4.00139980435 4.01749398598 4.22004734438 3.98040570148 3.81865822747 4.02512352872 4.01420124073 4.00639723273 3.80070523292 4.12066318204 4.10093081755 4.24063680028 4.36803730567 4.14565814675 4.13364786044 4.00172168463 4.04984364452 4.58880517627 4.84840237439 4.67766842701 4.90801783701 5.03714955444 4.72177670658 4.66580763544 4.51017743832 4.01921810053 3.35440145855 -9999 -9999 -9999 -9999 -9999
-9999 -9999 -9999 -9999 -9999 -9999 -9999 -9999 4.39266047717 5.40521933244 6.14040707108 6.6567997777 6.42269003504 6.84081800426 6.86727088169 6.36773769534 5.50806837436 5.53862267342 4.99959425242 5.46915832648 6.39261256934 6.18793012024 6.66602227342 8.60111420526 8.57405876091 8.22945716882 4.83983161615 4.06003669431 3.65074129733 3.66323187814 3.63597552068 3.88532257408 3.80937763297 3.77059094852 3.98424169976 3.51241084212 4.06512931212 4.19106973272 3.99805626982 3.96595930935 4.3596293979 4.67599510035 4.78661555367 4.60790014898 4.58992151753 4.41745535457 4.59210823536 4.37487043185 4.24384848041 4.16486041666 3.89574524451 4.06674106609 3.64700113137 -9999 -9999 -9999 -9999
-9999 -9999 -9999 -9999 -9999 -9999 -9999 -9999 6.59897960472 5.96137100066 5.77381111493 5.80974585948 5.95457124621 5.92071758611 5.55450117305 5.44265478001 5.33222800866 5.64238870134 5.47658228215 5.81367338948 6.11443415361 6.07863677798 8.10605893841 10.4532874108 9.25683473727 8.31035434134 8.33698678591 5.38075931218 4.12283586141 3.86094129362 3.75918405346 3.75941285644 3.84772255975 3.76209029312 3.87793864218 1.28437262531 4.08672818398 4.08063938692 3.9857817607 3.93235641571 3.9418814811 4.2352710666 4.65699513826 4.63554570565 4.43262638414 4.40972393109 4.56803823796 4.4184160257 4.30953866645 4.03918955311 3.97583449391 3.98948504851 3.68375609244 3.71427949633 3.41392795523 3.59799562404 -9999
-9999 -9999 -9999 -9999 -9999 -9999 -9999 -9999 -9999 7.24794804766 6.70841724209 5.67489199478 5.9905351974 5.93273699626 5.70432002149 5.72857530029 6.36781118758 6.68889274695 6.85475648993 6.89966055541 6.66068758749 5.60774882296 6.42288804858 11.81510456 10.2150903202 9.85307621876 8.77934466723 7.95878204 5.01194939567 3.76714288783 3.77179183634 3.83357224768 3.76697402872 3.71349685146 3.73208943155 3.0612116782 4.10423329573 3.92801227524 3.7931518693 3.8221770389 3.77126982971 3.88710888372 4.32418160922 5.00972284402 4.51785386209 4.2380767645 4.03602542829 4.02360710673 3.71437077125 3.57576864474 3.62943459018 3.54484822888 3.45581176088 3.40269118682 3.60701678028 3.80632964267 3.58235855811
-9999 -9999 -9999 -9999 -9999 -9999 -9999 -9999 -9999 -9999 6.02922193888 6.16339309573 5.8791204925 5.97474351852 5.35141126186 4.99169449281 6.01778265026 7.02925452406 6.42523271156 5.88366351728 5.56471896664 5.56225480022 5.17155874301 7.06649857753 9.26862786894 10.2130417493 9.82410314075 8.84743932833 7.61164572121 5.67632935835 3.71200848582 3.72431929069 3.9585348889 3.65217114985 4.20478827911 3.91609167396 4.02184873776 3.92917241837 3.8183204101 3.83667081903 3.91548968111 3.88844019237 3.64374615689 4.40084005099 5.08319858798 5.24169992551 4.7231090283 4.1249231085 3.74099034404 3.59406843179 3.97969067477 3.86937964257 3.60531234718 3.52856177887 3.19252655439 3.8408333275 3.55592927895
-9999 -9999 -9999 -9999 -9999 -9999 -9999 -9999 -9999 -9999 -9999 2.60334445661 2.48258399079 4.31180914189 5.36089621041 5.14061651186 6.05640979921 5.99992097144 5.10763612476 5.1866852588 5.44485587001 5.42622829239 4.9572043593 4.66187207763 5.43209654413 7.48976843879 9.13384766203 9.9869078562 9.32443025767 3.67947959095 4.27812491268 4.01546715809 3.8725286359 3.9078553984 4.00061871867 3.84374945916 3.78572044255 3.76199551298 3.84423473226 3.84613116215 3.99079015257 3.64782857136 3.76550596097 3.96735449455 4.24685029335 4.17862586871 4.53862967528 4.68990237689 3.81824339237 3.40303598185 3.57548460616 3.50323906654 3.48160199573 3.21160795544 2.92462115273 3.02624716533 3.31197086564
-9999 -9999 -9999 -9999 -9999 -9999 -9999 -9999 -9999 -9999 -9999 2.02455272006 3.16036464776 5.14772044242 5.53559811042 5.36740784752 5.42229509624 5.08618151062 4.98795195126 5.00525022707 5.0620069461 5.57234647326 4.76451097041 5.0163946338 4.8317431682 4.92175346947 6.03483929353 7.59118598168 8.12206687884 7.74109215931 8.47559857806 8.30912135836 6.78294305999 6.93805220224 5.48766969344 3.97849686633 3.76772953215 3.82905538653 3.75558217551 3.45774933207 2.73458725573 4.04763919498 3.49825367658 3.60448512795 4.01947227525 4.59652043225 5.24833796896 5.67062175342 5.37685666213 4.46004153386 4.74501069042 4.61722883759 4.02430323884 3.76184963505 3.51351925508 3.20045408876 3.03820287877
-9999 -9999 -9999 -9999 -9999 -9999 -9999 -9999 -9999 -9999 -9999 6.86683056423 6.42423936986 6.11034471545 4.97930134629 5.21422961876 5.2793757476 4.72173418509 4.43807362799 4.53976564677 4.59392527534 4.68148434957 4.56254369391 4.514161323 4.10954286422 3.91447432444 3.93075021261 3.85582559537 4.04611777918 4.97242953345 6.20137134742 8.26152587382 9.35859854143 9.61880805659 7.27391363742 5.91928362673 7.13213535809 6.11647753076 3.81820066841 2.66305752015 1.65138952915 3.65891539727 4.09387460612 4.47666057889 4.85496138187 5.63455282407 5.08972678228 4.80396050138 4.74158346685 4.75786601648 4.48549728982 4.79762921394 4.87412515051 5.19876482848 4.3358773028 2.83733403956 1.83008786396
-9999 -9999 -9999 -9999 -9999 -9999 -9999 -9999 -9999 -9999 -9999 -9999 5.36385608954 5.89795276219 5.7379887801 4.41705485373 4.69611628898 4.97405967422 4.88561542867 4.6888543394 4.72251588676 4.49391012498 4.52598168012 4.54244300412 4.09881238049 4.18106885402 3.99732357659 4.11562108307 3.99882629259 3.83706601822 3.77375028534 3.92603984247 4.27730216716 5.94118340689 7.42304639181 2.42398763491 6.1702494695 6.71362711154 6.1885463286 3.76576561136 4.05413240188 3.7870321597 4.7515631679 5.23356916655 5.39627404564 5.37763173706 5.00991997904 4.83811192219 4.18982392889 4.45158981048 4.29569155234 4.02819864507 3.69932359878 3.73014828153 3.68090935756 3.64139158851 1.16909027666
-9999 -9999 -9999 -9999 -9999 -9999 -9999 -9999 -9999 -9999 -9999 6.40443796468 6.25541297478 6.56523781073 6.49988987737 2.81007422339 3.19309392169 5.01052600941 4.70627392585 4.78464093026 4.171965967 4.11013092099 3.94146547781 4.03317365055 4.22181258219 4.16401309018 3.69124031022 3.83438502859 3.98848771888 3.86436058616 3.55030403453 3.67307717921 3.39256602441 3.35538735276 3.48287171521 7.04078467658 7.39218452888 5.97995289842 6.00414700182 3.98283847996 3.7772152345 3.64912960131 4.74853555077 5.31769645738 5.89995405931 5.85139222594 5.25507722467 5.507721828 4.81704604711 4.78823416678 4.17149960651 3.48200675305 3.24543871553 3.25987112963 3.11134857333 3.31264216891 4.06804600607
-9999 -9999 -9999 -9999 -9999 -9999 -9999 -9999 -9999 -9999 -9999 6.65703856687 7.44172538624 7.16862650703 5.93857871083 4.27498776743 5.38482455205 5.46190502486 4.73186947737 4.67391667234 3.14452236858 3.21811546577 3.38479608699 4.26115526141 4.40112206046 4.49877843267 2.36709930406 2.4398063728 3.74465630636 5.1704621515 4.60473893035 3.74244595239 3.33534474564 3.35769183242 3.4012402646 5.33308566256 6.50165979538 7.48674645972 6.32859115808 5.53488497545 3.38294788718 3.85499715663 4.6121999499 4.44727555536 4.38836994248 4.24024392401 4.41789999816 4.57930659527 4.39033987413 4.59513444924 4.1305368707 4.30455767174 3.9689925157 3.86407373545 3.72872040189 3.55486325161 3.10652148612
-9999 -9999 -9999 -9999 -9999 -9999 -9999 -9999 -9999 -9999 -9999 7.94833084216 7.75648304265 6.87609149134 6.82248194364 6.66914229976 5.44801086601 6.05876831611 5.56641417128 5.5653741497 3.59879306646 1.44988335325 3.76626216178 6.02407913281 5.49896119838 5.50091860218 5.75872686056 4.70507710358 4.49360867428 3.9398601417 3.83067796431 4.59096110315 4.55872177747 4.29642186753 3.57425461758 5.14320814492 5.03194207494 4.24749009047 5.97670030794 4.88775829812 3.70812527824 4.00001410527 3.88709246709 3.79806529894 3.82565872065 3.83479902547 3.66600483713 3.53983773858 3.52455983908 3.40163292034 3.60012489777 3.14659484821 2.58136275609 3.0320635292 2.88574315546 3.23530013998 3.64996774468
-9999 -9999 -9999 -9999 -9999 -9999 -9999 -9999 -9999 -9999 -9999 -9999 7.96159428967 7.59740677184 6.67218020593 6.46283227585 6.47433200693 6.36940267397 5.47020339447 5.67111755355 5.57486552929 6.06349914821 5.41164957478 5.15503986566 5.27647870681 5.22541615661 4.93121862583 5.08447925997 4.90632231624 4.57575518059 4.10770026856 3.80598522351 3.14333917965 3.35876372338 3.31896667556 6.17373657888 5.52383987734 4.78595642465 6.44585430089 5.7235494643 3.6772544014 3.39680279036 3.60681964822 3.61765912457 3.86884664634 3.87023918089 3.59486228164 3.33377129655 3.21787457839 3.30833962464 3.04333979779 1.27921042845 1.45153685938 3.62609137499 3.21981188174 3.17257975385 3.00731527632
-9999 -9999 -9999 -9999 -9999 -9999 -9999 -9999 -9999 -9999 -9999 -9999 8.72281332872 7.6225474547 6.90260367869 6.96067010311 6.24317239902 6.49267501323 6.08548483657 5.53620678049 5.43212391305 5.01667045234 5.32037912402 6.22655730668 5.39070229775 4.9836591449 5.78278352153 5.87386991247 5.3008304896 5.97626748679 5.29681073299 5.45346609218 5.05305054492 4.76212877663 5.80758364155 6.23911596381 5.23347566376 6.33831551698 7.31811410686 5.89773386959 4.18334697271 3.2022307839 2.97056507245 2.93614576568 2.97476299295 3.01880321827 2.86207487501 2.79869319854 2.65854168184 2.9147430438 2.85858556864 2.57868800555 2.81614167312 2.78809577369 2.41679086865 2.81540649193 2.25276272793
-9999 -9999 -9999 -9999 -9999 -9999 -9999 -9999 -9999 -9999 -9999 -9999 7.68381427104 7.58859948541 6.9480422918 6.98546182471 5.93406872935 5.85684047381 5.62601412157 6.26725485625 5.71349524207 5.21940186615 4.84103608406 2.32549432176 3.48643011168 5.89821915718 3.98349721542 4.00761783825 5.41377192101 5.04318471316 4.67810321074 4.47887416915 3.72147785644 3.86090089236 5.76710480477 4.04787868414 3.68388978492 6.368681726 5.68338861624 4.05045041677 3.53827238121 3.20472668676 3.02982706534 2.99730298322 2.93268865785 2.9925178469 3.02607684462 3.01181098216 3.05950047109 3.27211099627 3.37810446996 3.51903410224 2.87800097118 2.53086689112 2.36183663958 2.58468709717 2.5003047786
