data/recharge/transience/recharge9.asc
ncols                  80
nrows                 72
xllcorner      4374000.0
yllcorner      5656000.0
cellsize            500
NODATA_value       -9999
[rows 0 to 24 of 72, columns 0 to 56 of 80]
-9999 -9999 -9999 -9999 -9999 -9999 -9999 -9999 -9999 -9999 -9999 -9999 7.79502927181 8.12195564244 -9999 -9999 -9999 -9999 -9999 -9999 -9999 -9999 -9999 -9999 -9999 -9999 -9999 -9999 -9999 -9999 -9999 -9999 -9999 -9999 -9999 -9999 -9999 -9999 -9999 -9999 -9999 -9999 -9999 -9999 -9999 -9999 -9999 -9999 -9999 -9999 -9999 -9999 -9999 -9999 -9999 -9999 -9999
-9999 -9999 -9999 -9999 -9999 -9999 -9999 -9999 -9999 -9999 -9999 -9999 10.8712088682 8.92929173441 7.8748357705 -9999 8.4882172237 -9999 -9999 -9999 -9999 -9999 -9999 -9999 -9999 -9999 -9999 -9999 -9999 -9999 -9999 -9999 -9999 -9999 -9999 -9999 -9999 -9999 -9999 -9999 -9999 -9999 -9999 -9999 -9999 -9999 -9999 -9999 -9999 -9999 -9999 -9999 -9999 -9999 -9999 -9999 -9999
-9999 -9999 -9999 -9999 -9999 -9999 -9999 -9999 -9999 -9999 8.46298359724 7.9436944856 9.46197525042 9.80839842132 7.0242999429 6.12534508127 5.2021555623 5.29946145832 -9999 -9999 -9999 -9999 -9999 -9999 -9999 -9999 -9999 -9999 -9999 -9999 -9999 -9999 -9999 -9999 -9999 -9999 -9999 -9999 -9999 -9999 -9999 -9999 -9999 -9999 -9999 -9999 -9999 -9999 -9999 -9999 -9999 -9999 -9999 -9999 -9999 -9999 -9999
-9999 -9999 -9999 -9999 -9999 -9999 -9999 -9999 -9999 7.8150718002 8.32920935946 8.33619614628 7.91382273488 8.40025226617 7.94666281279 7.20359183637 6.15588558151 8.02783827054 -9999 8.96840311922 -9999 -9999 -9999 -9999 6.85377569429 7.4464989835 -9999 -9999 -9999 -9999 -9999 -9999 -9999 -9999 -9999 -9999 -9999 -9999 -9999 -9999 -9999 -9999 -9999 -9999 -9999 -9999 -9999 -9999 -9999 -9999 -9999 -9999 -9999 -9999 -9999 -9999 -9999
-9999 -9999 -9999 -9999 -9999 -9999 -9999 -9999 11.0922370787 9.53373675395 7.80060336982 7.80623130665 7.59744069793 6.9333918716 7.02896204686 6.60264068376 5.66183774728 5.38820712145 5.26762690124 6.67646198533 6.61175527955 7.08840991498 -9999 5.96465467338 8.07909863615 7.96450234435 -9999 -9999 -9999 -9999 -9999 -9999 -9999 -9999 -9999 -9999 -9999 -9999 -9999 -9999 -9999 -9999 -9999 -9999 -9999 -9999 -9999 -9999 -9999 -9999 -9999 -9999 -9999 -9999 -9999 -9999 -9999
-9999 -9999 -9999 -9999 -9999 -9999 10.0040748039 8.21353713528 7.94833812223 8.43040651342 9.13760659688 9.7136595117 8.62329607445 8.0575606891 6.88000030011 7.54639488791 6.01535376223 5.64080529485 6.41875553092 6.5887535131 6.38001175669 6.85284562946 6.25079711261 6.07639523043 6.87279873675 6.55013325399 7.24985375747 -9999 -9999 -9999 -9999 -9999 -9999 -9999 -9999 -9999 -9999 -9999 -9999 -9999 -9999 -9999 -9999 -9999 -9999 -9999 -9999 -9999 -9999 -9999 -9999 -9999 -9999 -9999 -9999 -9999 -9999
-9999 -9999 -9999 -9999 -9999 -9999 10.658931747 9.5932217161 7.35683772252 7.03080701322 6.6812425017 7.35817709507 7.06467305166 6.23663853826 5.88295648913 5.3968961661 5.27066793842 5.51784110522 5.50725333895 5.03980935514 5.43802351369 6.522386391 6.06426405478 5.82762622101 5.59774650566 5.11261830926 7.06080735277 7.69685032103 7.97036323813 7.43225147288 9.26354945345 9.13016038004 -9999 -9999 -9999 -9999 -9999 -9999 -9999 -9999 -9999 -9999 -9999 -9999 -9999 -9999 -9999 -9999 -9999 -9999 -9999 -9999 -9999 -9999 -9999 -9999 -9999
-9999 -9999 -9999 -9999 -9999 12.8341057847 11.1261726879 11.0792851573 9.91091182341 10.2923140896 9.54626235646 8.51231598982 6.44898734165 6.88072873238 6.73897155451 6.92025080897 5.96173568604 3.5738625709 5.5118102812 5.11097775056 5.47282799003 5.21281610986 5.65612334144 5.89956717465 5.93816922265 6.28086559653 6.73667811636 6.6180160985 7.59362668164 7.37556033125 7.12295758578 7.58106695679 6.75819605291 6.44512355827 -9999 -9999 -9999 -9999 -9999 -9999 -9999 -9999 -9999 -9999 -9999 -9999 -9999 -9999 -9999 -9999 -9999 -9999 -9999 -9999 -9999 -9999 -9999
-9999 -9999 -9999 -9999 -9999 13.1194414055 11.948194965 12.0258731751 10.4566810246 9.62607899547 9.19284389905 9.8524352122 7.38185853083 6.54905470645 8.79497898519 9.24186434259 6.233092859 3.12023704189 5.37988975503 5.36836501814 4.97816616677 5.33582029879 6.31150821524 5.99592388732 5.60378704759 4.73110974851 5.21272262139 4.62212677808 5.69369303323 5.80381375835 5.65111880688 5.65882191217 6.15755056723 5.81269510467 5.94961898412 5.75838891922 -9999 -9999 -9999 -9999 5.95228432695 5.72038197257 -9999 -9999 -9999 -9999 -9999 -9999 -9999 -9999 -9999 -9999 -9999 -9999 -9999 -9999 -9999
-9999 -9999 -9999 -9999 -9999 12.2348652375 11.2115225947 11.2159616808 10.9845914814 11.6409303223 10.6018559071 10.1005374914 8.79661376536 10.3801980474 9.68620125785 7.70623749943 6.31537164742 7.88643490917 6.90677348338 7.73800555731 6.00009169275 5.14565852338 4.96686828118 4.69373805044 5.46123235672 4.96080617337 4.97812444176 4.24814038267 5.93123796994 5.70872735358 4.835399757 5.76440625774 6.05988156505 5.64274946654 5.26395298807 6.06726341699 5.95612648672 -9999 -9999 6.11508897121 6.55767279663 6.26035547007 6.88924713256 -9999 -9999 -9999 -9999 -9999 -9999 -9999 -9999 -9999 -9999 -9999 -9999 -9999 -9999
-9999 -9999 -9999 -9999 -9999 -9999 13.4892619796 13.8950253087 12.0870607231 11.5254651298 9.86184066921 10.8139513223 11.090090082 10.6829912361 7.37313059411 6.65263281362 6.67222794772 6.4051345236 5.51455850039 5.54799556556 5.60759723366 5.92500546004 5.38978248775 5.92333991824 5.20926388405 4.53379799927 3.46679541741 3.89948848503 4.08791829953 4.34391504641 4.45447313249 4.8544603237 4.41885661486 4.36280831108 4.62694154449 5.12004367871 4.99220588821 4.255307091 5.49013672406 5.29255791898 5.2032739757 6.37219364247 4.76973135843 3.94366597709 -9999 -9999 -9999 -9999 6.10036634273 5.37593700989 2.12712865919 -9999 -9999 -9999 -9999 -9999 -9999
-9999 -9999 -9999 -9999 -9999 -9999 -9999 12.5518570176 11.0891327945 12.5210629694 11.9671378088 10.8896571226 8.67539744606 7.50120617926 7.16522964183 9.07304385325 8.56182300853 8.42846243039 7.88852900424 6.50912627904 5.18865793713 5.23546265854 5.02634395663 5.08782399962 4.67231941113 4.08000501121 3.73652557993 4.17266615296 4.40297473785 4.0975975184 4.34491416137 4.29870602053 4.55153351004 4.34480304802 5.28416377963 5.23015704242 5.09091027595 5.04200119523 5.34454960242 5.33080100772 4.54751152038 4.29637039104 4.28076586263 4.58285854173 4.14464849106 4.6177565316 5.00387005408 4.31503096528 4.22630104479 4.19803661974 4.03155525023 3.67332847386 -9999 -9999 -9999 -9999 -9999
-9999 -9999 -9999 -9999 -9999 -9999 -9999 -9999 10.1925660863 9.73129409134 10.6909659023 11.7925568315 10.2627535837 11.0887197229 10.0421672758 9.30144133638 6.92019958546 6.95996312854 5.53244690901 6.3116140266 7.904394718 7.53445788314 5.79691519317 5.43829872676 4.99858112378 5.10182273168 3.43219877453 3.67993331921 3.04459298235 2.4491266772 2.98203699659 3.09792885927 3.30781513141 3.044786075 3.6720756233 3.91851767327 4.30965491352 4.57170373393 4.24131561629 4.14427423497 3.98175732352 3.86762738721 3.76976486489 3.4325416377 3.37334742007 3.0561254204 3.54127716649 3.11589758425 2.94620082594 3.01609682833 2.92425537922 3.18672793996 2.72220606427 -9999 -9999 -9999 -9999
-9999 -9999 -9999 -9999 -9999 -9999 -9999 -9999 12.4663467403 11.0517152916 9.88368208232 9.95739396042 9.3012578442 9.22510080505 7.73386005607 7.5335286756 6.57366172823 7.09869057481 6.32037862641 6.89615323557 7.30841672621 7.33669652867 7.0159539657 7.73607807529 6.09906046426 4.57977995478 5.32981049246 4.37395657738 3.21818903721 2.5448161331 2.52548940279 2.83731529745 2.69398754666 2.90324263923 3.8166319912 2.64634266275 4.79894114389 4.36371976826 4.22979467067 4.12645906466 4.04698102624 3.58791094307 3.49715833626 3.48833784309 3.0673297557 3.02920959081 3.49485495502 3.20446231087 3.07989662824 3.12976108455 3.06398059684 3.08519217195 3.04553031764 3.61260650408 3.03441141691 3.32003242818 -9999
-9999 -9999 -9999 -9999 -9999 -9999 -9999 -9999 -9999 13.4620575413 11.6902907702 9.44824066155 9.34079562497 9.35286308588 8.21836576178 8.2937318236 8.96273216813 9.56075317135 9.49702354012 9.58467248189 8.61018539642 6.79735303762 6.52952701441 10.1914723572 7.23892339563 6.21674123832 4.14018987939 3.79898646054 2.20905896945 2.75797545144 2.56068219821 2.62451879246 2.54854887592 2.07416556911 2.68980532668 3.41378341484 3.66412446095 3.38300767083 3.20421988678 3.25508205927 3.14159055795 3.04146847054 2.52136142919 3.57720722883 2.70744216572 2.23237445801 2.00882479544 2.00180173004 2.10596776856 2.07420737152 2.21926767335 2.11492248789 2.37100169082 2.78397393422 3.10415645469 2.53253509448 2.08756567649
-9999 -9999 -9999 -9999 -9999 -9999 -9999 -9999 -9999 -9999 10.2294958917 10.1717079595 9.02397181088 9.05502436543 7.50133525715 6.7803981954 7.11957283932 9.08856794301 7.62519709202 6.30003161939 5.62409269393 5.40469792918 4.25968542472 5.57995746009 5.40143362339 6.19414584967 5.01963467177 4.20904949783 2.89403170346 2.8452053747 2.68576290344 2.70672126668 3.09982968976 2.49231208638 3.4520765452 3.19704157987 3.53902917549 3.38761378774 3.24069541383 3.26829755541 3.36442006715 3.25979663349 2.51175999431 2.97058978997 4.03322619909 3.92351591646 3.24138827666 2.29724925301 2.36274347348 2.32133509725 2.66399846136 2.52978185385 2.21371685887 2.64231394103 2.54552934507 2.52313189193 2.04940507059
-9999 -9999 -9999 -9999 -9999 -9999 -9999 -9999 -9999 -9999 -9999 6.42308900294 6.14189840231 8.13374588966 7.25401219909 6.60520073288 6.88863761169 6.7697336218 5.16472397858 5.69169390821 6.1438299383 5.8759978102 4.18498485749 3.23296507863 2.99661135852 2.8001723746 3.45478034332 5.43682085583 4.84490366766 1.6985994199 1.84664080878 2.04997891069 2.14177789168 2.28234144108 2.39982231397 2.05257745135 2.69544561356 2.66823400659 2.83995836937 2.83660871304 2.91048154341 2.45841338766 2.57537143116 2.24405008265 2.29217082215 1.9952133759 2.49371239381 3.08121124987 2.27521030908 2.10504739862 1.98203430631 2.38775143507 2.53589754295 2.28434944146 1.98869931755 2.01949080432 1.72248135632
-9999 -9999 -9999 -9999 -9999 -9999 -9999 -9999 -9999 -9999 -9999 5.50711105576 7.05921865424 7.27401041871 7.49369172248 6.96061850254 5.67679526258 5.2343104174 5.82462446976 5.90551653104 5.54846788528 6.40356834662 4.07776031963 3.73708177239 3.41690365726 4.0502716453 3.45117809159 4.26731094591 3.36019984036 3.0125738004 3.7763025514 3.36823624908 1.77213428489 2.29561469468 2.18986527242 2.1503205311 2.68072435679 2.745610107 2.73568075207 2.74045927947 3.09152086638 2.9921324598 2.28392883496 2.38968349392 2.45652142348 2.84433545742 4.01720441015 4.71433248142 4.39444200906 2.91272335275 3.42202805976 3.25347377441 2.29086477263 2.7177866554 2.64443586543 2.26755861824 2.12816092877
-9999 -9999 -9999 -9999 -9999 -9999 -9999 -9999 -9999 -9999 -9999 11.3930804346 9.72190696811 9.08921560966 6.29134199089 6.48079843278 5.20257785381 4.07873042206 4.09444101113 4.52761269231 4.48509280433 4.62357884976 3.50960199422 2.85544626345 2.4855934773 2.56594847108 2.29349108187 2.22536422058 2.21037243564 2.06035737961 2.33001430189 3.49336440467 4.39715192122 4.64768739009 2.14063946445 0.9248752082 1.63199747869 1.35782427607 2.01916561868 2.0455821611 2.25441073637 2.48494046793 2.76958740435 3.22945192685 3.76802128631 4.65719994304 3.59168256754 3.15360053906 3.2227237655 3.21542918151 2.75865021675 3.18640879982 3.5444250255 4.10020521398 3.39439895873 2.61726305156 1.83969383789
-9999 -9999 -9999 -9999 -9999 -9999 -9999 -9999 -9999 -9999 -9999 -9999 7.61766425531 8.75672310985 7.68263485554 6.48931421627 5.39490780915 4.91892270833 4.05002298608 4.89206287863 4.67970683187 4.32603210473 3.82619435015 3.7018538139 2.77595362158 2.86602107431 2.35394135469 2.47197119181 2.23447203235 2.08799080457 2.11178144942 2.25701821742 1.93947902778 2.22240656752 2.91039684735 0.754359538761 2.09865406142 1.18454947017 1.78582324001 2.44121440687 2.80596987089 2.40043462659 3.59285297921 4.24891529222 4.59242584267 4.50565875608 3.64493817503 3.20743104244 2.38288382344 2.7969927075 2.57221393029 2.03418109924 1.74234887017 1.77670350197 1.7066995856 2.16045677237 0.882620044264
-9999 -9999 -9999 -9999 -9999 -9999 -9999 -9999 -9999 -9999 -9999 9.91724932219 9.3650486894 9.92655790002 9.22134614606 5.76592295963 5.73915892625 5.54081419748 4.12942612566 4.72180127691 3.49641751085 3.40940453535 2.75810070411 2.86053210498 2.62317404444 2.56215501465 1.97942672838 1.88741769499 1.82154460751 1.73586715626 1.6578364677 1.74886288686 1.68155827814 1.65562414777 1.87679753438 1.86260334072 1.75648054408 0.614982579969 0.56364654551 1.76037975805 2.31882420687 1.99036196709 3.89926012063 4.60198834369 5.77352923325 5.7120106248 4.78453102951 4.45090713677 3.2779350123 3.26993011769 2.32071232806 1.32547484284 1.17414307962 1.18998619831 1.12232952955 1.31425819181 2.31839472547
-9999 -9999 -9999 -9999 -9999 -9999 -9999 -9999 -9999 -9999 -9999 10.4110725635 11.6353194377 11.0622470574 8.08114418289 6.59901101635 6.49091294073 6.10944077744 4.7077830008 4.81458614188 4.33233781745 3.79010901193 2.99122547907 3.14600578145 2.81902063156 2.85818333407 1.99309131205 2.2425864572 2.1338726019 2.85540554156 2.55379605579 1.80139824986 1.64046225768 1.65759651789 1.80844053298 1.32274545654 0.845573089569 1.62633377529 0.705162475543 1.80272192931 1.87765263024 2.14479023862 3.07326742687 3.2020224715 3.38705178093 3.10837853232 3.5902957489 3.75748277355 3.27070459504 3.35564760229 2.17114540466 2.36627846015 2.03829598632 1.87636403535 1.78727256754 1.57800799693 1.1268760177
-9999 -9999 -9999 -9999 -9999 -9999 -9999 -9999 -9999 -9999 -9999 12.7822051496 12.4434875831 10.7582205932 10.077059977 9.79806637196 6.29846948976 6.80239564027 5.80047418353 6.15445393728 3.77393289297 2.34601546875 4.34771836146 5.07937908509 3.63237522425 3.6220088893 3.48327699067 2.887642217 1.96425599193 1.62714173797 1.66750919183 2.57762754081 2.68170377461 2.42349832293 1.84608571275 0.91923525361 0.375265041796 0.207965616829 0.610122834326 0.970042057054 2.20497132722 2.55101386977 2.28697334547 1.89272422909 1.98658948319 2.00298880979 2.40473208031 2.46088762974 2.41223268399 2.29513604022 1.74516539541 1.37238424773 1.09648317088 1.06203862244 1.05644241472 1.23586683174 1.68640142353
-9999 -9999 -9999 -9999 -9999 -9999 -9999 -9999 -9999 -9999 -9999 -9999 12.7872758805 12.171754589 9.86004639204 9.17065480038 7.31909248022 7.45195073581 5.62217981915 6.1463818613 5.11081923548 6.02530883928 4.10854815234 3.65317055241 3.31127129574 3.24249795537 2.38113506375 2.58354904629 2.14826803347 1.76444994419 1.38929952215 1.40479749573 1.47392165234 1.63015740046 1.64547170489 0.929499136225 0.508084242836 0.306473530558 0.873012110688 1.77726158641 2.23879944452 2.02640693915 2.24991515739 1.87779131606 2.07093886026 2.08263909524 2.09375314688 2.23318416888 2.09315213317 2.24223087888 1.94992462031 1.0261802674 1.03186946486 1.77615384459 1.30813729802 1.305814262 1.22530877757
-9999 -9999 -9999 -9999 -9999 -9999 -9999 -9999 -9999 -9999 -9999 -9999 14.3112705919 12.4038684964 10.3939802272 9.28864983003 7.08694113739 7.75828367828 6.55976149036 5.89648449086 5.38353318528 4.96448521956 4.32171631394 5.48015400575 4.03014556056 4.51089583371 4.4718847711 4.04502894226 3.04249924451 3.95398290247 2.97267641091 3.18240815161 3.18309357379 3.04271800468 2.00262054975 0.804490045383 0.488987303298 0.955867082953 1.94976643101 1.92040176109 2.51027801274 1.84336049926 1.69406230989 1.66633705534 1.76333898377 1.7432611774 1.59724504094 1.58225579848 1.49645548671 1.74739999413 1.68438719101 1.35929250504 1.34220800549 0.788931849561 0.620014317689 0.925815263628 0.598715255061
