data/recharge/transience/recharge454.asc
ncols                  80
nrows                 72
xllcorner      4374000.0
yllcorner      5656000.0
cellsize            500
NODATA_value       -9999
[rows 25 to 49 of 72, columns 0 to 56 of 80]
-9999 -9999 -9999 -9999 -9999 -9999 -9999 -9999 -9999 -9999 -9999 -9999 39.0650934946 38.2220888243 36.6098031133 36.0445193934 32.0096045652 31.9788530557 29.7334281863 31.0376987038 28.29393645 28.6887035572 26.4552088597 21.442708864 23.3510698762 21.4103292091 27.9101689359 26.0478173276 14.1612779706 12.670172419 10.8178685134 10.1421805889 12.9086726913 13.913873372 2.9729793897 12.9865596593 23.8530755482 4.51753424001 2.26315149813 5.9330705709 5.60284050671 5.58684665776 11.0613304028 15.2185065778 14.7449402209 14.9756406338 14.7910252091 14.7316369286 13.9621867848 14.6931461145 12.835687894 6.61623509872 2.40588717363 1.91179557379 1.85483246979 1.9373328781 1.8176627982
-9999 -9999 -9999 -9999 -9999 -9999 -9999 -9999 -9999 -9999 -9999 -9999 -9999 37.9431666805 38.0791889058 38.283684738 35.2135068394 35.2468330323 31.8109199619 30.807178952 28.7621300762 29.8071726394 29.2469344969 24.7948517542 24.8618445223 20.1295853398 19.0466822698 13.6628540857 12.9095785069 13.8715979812 11.3682676603 10.8981553998 16.0291594118 4.83730286083 4.68572566324 7.98541773264 17.9774873993 2.34105965789 5.78834044597 5.05249059284 4.38120283964 4.42399218203 2.66980321762 4.28122503756 5.60977587644 8.36593612922 11.7063684113 11.3821886373 5.53077253496 2.80438851568 1.88764279337 1.92585376019 2.00095627254 2.03175678701 6.23516637746 1.648722842 1.52375055913
-9999 -9999 -9999 -9999 -9999 -9999 -9999 -9999 -9999 -9999 -9999 -9999 -9999 -9999 36.485521512 36.7646161196 33.8180574125 33.8052136028 31.645760811 32.5800111475 29.0111353835 31.0120606926 29.0938066966 27.3232184624 23.4909101277 22.9863810617 22.7535246288 22.3993603624 14.7458907869 12.0509542265 11.9807286418 23.3490541441 19.8610638798 8.52262211861 2.34996465981 10.5908083284 14.658220621 4.8770879803 7.23344479473 7.86205921005 5.1334505831 4.96422405285 3.98822703058 3.04749285634 2.26262935999 2.5820019142 2.35210806014 3.09077075397 1.90159807016 2.1939154607 2.02698538061 1.62385189511 1.49630639459 2.51853358564 7.01772633829 10.4404028551 6.8673387631
-9999 -9999 -9999 -9999 -9999 -9999 -9999 -9999 -9999 -9999 -9999 -9999 -9999 -9999 12.0516985191 27.349855614 36.115944714 35.3068235103 32.8835742928 33.3638879723 31.4108418066 31.3497559992 27.2583953372 29.9841392153 27.7512402409 27.812327128 21.7137632803 21.8984126495 22.5567606616 22.0600446404 16.9110607815 11.6809425181 18.1776030653 18.4273134659 2.48575874338 9.41370697715 14.9241195703 4.38148370736 5.50640079413 7.11583432277 3.76847819704 4.20339728617 3.97170221122 3.67559578982 2.78930284288 2.303579122 1.29617009018 3.06493159106 5.6968415263 1.88890333033 2.21332279983 2.50964070931 2.68996570613 1.86382935624 3.37216609634 9.68124152897 3.5242928236
-9999 -9999 -9999 -9999 -9999 -9999 -9999 -9999 -9999 -9999 -9999 -9999 -9999 -9999 18.1319752679 28.0634248194 36.1635007927 36.4499551595 34.0264991213 33.7879740684 30.8590067096 31.5227750263 29.747289886 28.9556962663 25.2073539089 24.4576001604 23.6007710555 24.5515878321 20.726666061 21.9447256319 20.1186314378 19.1758698903 17.5004205934 14.1755825022 16.0752779737 8.89405143867 12.0000962338 16.6555308416 7.40630535568 7.63788589192 3.73832015277 4.27772985456 3.64859090828 3.70705448391 2.22805021726 2.35450873797 1.77387572633 2.31280701712 3.83788081851 3.81493277796 2.25250328454 1.05624171922 1.03784245994 0.762610366131 0.752070134669 1.2930812036 2.22982535652
-9999 -9999 -9999 -9999 -9999 -9999 -9999 -9999 -9999 -9999 -9999 -9999 -9999 -9999 41.7318528865 40.1057890911 38.9083645712 38.6291826785 38.0391123147 38.3257882493 32.8169973852 32.0740585988 30.3151526215 29.1703839315 24.062297018 24.9100926392 21.2472629629 25.0014962021 21.8321216392 20.9674128413 19.9557350495 21.140060879 19.3871903738 11.8276800559 9.56041670009 9.62574993388 8.55132877517 17.1187924418 7.23747581526 10.0488490701 4.37505233349 2.793252945 2.69269622043 2.90866275771 2.18457123794 1.87472144829 2.56738321121 1.86540668891 3.68087991029 4.89644490892 2.17728652476 3.2552214499 2.09250075401 3.21767966069 3.19993946207 2.68035156934 3.00159256091
-9999 -9999 -9999 -9999 -9999 -9999 -9999 -9999 -9999 -9999 -9999 -9999 -9999 -9999 -9999 38.6325053423 37.5255465795 38.3699968168 39.753512291 38.7909169456 30.9555707901 30.5203650123 29.4689050142 29.3559060394 24.265932892 25.236110711 21.6431179439 22.5164419833 16.8237559899 21.1257330241 17.6921032558 17.4131853829 15.5980055466 15.6008901572 10.0517747663 10.1119811363 9.30662214914 9.18740892651 8.67060811761 8.01219622662 6.43260112744 9.99297668425 0.564679381636 1.00066974987 1.68619143999 0.929676187741 0.433659775399 0.444930005952 0.879054663969 1.82788941031 1.89147052899 1.71369170134 2.49394419308 4.28121968161 3.91492192318 3.841971154 3.19037671803
-9999 -9999 -9999 -9999 -9999 -9999 -9999 -9999 -9999 -9999 -9999 -9999 -9999 -9999 -9999 -9999 36.6757739145 35.0146031019 33.5104387842 36.5462412825 34.7562998708 33.7008620112 28.6209852455 26.6426923343 24.7651213447 23.7779864527 19.6268694058 18.1446804283 13.3559333304 22.1961673059 26.027201709 17.7706915082 13.6525678235 9.11953300052 9.49121287907 10.1157236448 9.67838083732 10.1828691353 9.79670013691 12.8181720026 15.4394681145 12.5765029809 7.8243626593 0.69122307106 0.376359364984 0.314720554203 0.277551195233 1.67818397461 1.77630260001 1.4317458188 1.89259660036 2.84948772389 2.17411975721 1.82537350141 2.06855557533 1.86216889807 1.73488079091
-9999 -9999 -9999 -9999 -9999 -9999 -9999 -9999 -9999 -9999 -9999 -9999 -9999 -9999 -9999 -9999 38.7651937658 38.377912236 37.0218798412 36.404412961 31.9132174297 33.6864363566 30.1692877563 27.340169236 24.4645062585 25.661622543 20.674297323 20.1826587926 16.431952952 19.4009002841 11.74725305 10.3847728407 12.2305813159 9.78825130447 11.3231762026 9.83346822595 11.4261854757 8.95239599053 9.69578823541 9.90070339629 8.77302079362 8.22441656756 7.88769736353 2.86876458779 0.89041460495 0.578764627392 0.905541531953 5.09525574088 1.34911493051 1.69951670676 2.27700354339 2.39003968287 3.10657441935 3.32612398346 4.13530136357 2.82645318866 1.74880027118
-9999 -9999 -9999 -9999 -9999 -9999 -9999 -9999 -9999 -9999 -9999 -9999 -9999 -9999 -9999 32.1416213864 32.3908426224 33.6479321706 36.1640774677 35.3913098066 32.25969319 31.9758162369 28.0689645513 26.7332282149 23.2250273384 24.2089523877 21.006379765 21.345582616 15.5371473062 19.6033705429 18.393492726 18.7529802621 18.0500939521 12.9977951373 7.19124684898 1.59987107628 7.37572497873 8.30088981575 14.1185678384 8.14535201152 6.48189174927 1.12159241157 0.644002959605 0.632460044724 0.646163425445 0.491964904983 3.90399167317 4.70735031073 2.06778461188 2.31154757593 1.84037464109 1.48986850426 1.63366166107 1.80172677159 1.94756384779 2.00159413398 2.36514937841
-9999 -9999 -9999 -9999 -9999 -9999 -9999 -9999 -9999 -9999 -9999 -9999 -9999 -9999 34.9713658753 33.7193296461 33.0026183555 29.01532348 32.0112264694 34.450516363 31.2593941489 32.4429506405 27.3502414446 27.7999101459 23.1559702308 22.5925887676 19.3477313871 20.2592456911 20.0742353294 20.0692818868 17.0006744993 17.279309938 12.4145926854 10.2143771448 15.4513401473 9.84399546706 5.87451272725 7.30281941524 2.4984278447 7.56954472167 6.86289597763 0.520103812004 0.483099454791 0.524337678841 0.394452641546 0.354289132644 0.425401804863 1.6274192488 2.23360918823 1.83452943246 1.64886722028 1.63492922563 1.74090103214 1.70558323358 1.61111109208 1.70255339265 2.11013832068
-9999 -9999 -9999 -9999 -9999 -9999 -9999 -9999 -9999 -9999 -9999 -9999 -9999 -9999 35.2927823995 36.4006448563 34.2552672223 27.0795762718 21.938629246 24.0694902404 27.8119994914 29.9338446619 26.9716476248 27.6519147321 22.7621503586 20.6214438974 13.7337368684 14.0034941581 13.9871463295 19.6839272963 18.5773788342 15.0698598297 9.27376863256 8.55456422413 11.7032017787 10.9546212293 3.17972761375 5.4890408283 1.29749402483 1.36720636718 2.59512815619 2.08100566823 0.578976294553 0.530186830497 0.480602248593 0.331608112543 0.483549142573 2.2428245795 3.09276417611 3.68005543887 3.64221891118 3.59844072798 2.59090974828 2.27837571482 2.55117445865 2.44486508405 1.95252389017
-9999 -9999 -9999 -9999 -9999 -9999 -9999 -9999 -9999 -9999 -9999 -9999 -9999 -9999 -9999 -9999 34.7929059543 32.9044093657 31.860661253 31.4505728082 27.6229290938 28.3459313903 28.7700422126 28.7854560233 23.577025718 17.3546299168 8.89600053561 9.4421121415 7.40365777503 11.4240975039 13.0348116498 9.7094128737 8.34216841881 7.02520949046 7.25758415525 7.33172332384 5.69249857322 1.98327067095 3.54102670292 5.05895677372 3.09790188582 2.1841976511 4.47517952019 2.84106977458 0.376278050754 0.425823265845 0.397282383048 1.07745452584 2.10189739782 2.51141764257 2.43872831982 2.51259586761 2.23128770278 1.95344717261 1.40973767646 1.48414731953 2.07147526267
-9999 -9999 -9999 -9999 -9999 -9999 -9999 -9999 -9999 -9999 -9999 -9999 -9999 -9999 -9999 -9999 33.6277039458 32.6897355848 31.797429207 26.138791549 25.6193720353 26.9377409816 25.2683575921 26.2659840083 25.2503525773 19.1779807782 13.1709132274 12.455555394 10.5559025939 12.0558291562 12.931723981 12.2125711109 9.59888371991 7.57634682836 5.28832711415 5.66050197206 5.82254530708 6.84238045006 4.37725580231 3.63482319569 4.4013401955 5.66823725692 6.61668855905 8.34745605582 1.86720893468 0.383732860253 0.257402791144 0.452622402099 1.85033289362 1.4950519241 1.24109031228 1.25893398131 1.03522654443 1.1667795583 1.12348264283 1.13090963066 1.08481688219
-9999 -9999 -9999 -9999 -9999 -9999 -9999 -9999 -9999 -9999 -9999 -9999 -9999 -9999 -9999 -9999 -9999 -9999 32.0756481005 28.4571303112 22.7731905015 25.3610317633 26.5197424752 28.2167926889 24.4547324789 22.382954787 11.9734142817 12.0593321556 10.9159588351 11.368737512 8.91870417615 7.98652756868 7.57663423479 7.83996399197 5.19791047844 6.43238459087 6.28227113498 4.68534272492 4.25743948247 4.97777851157 3.75811576906 3.37259523205 2.99656958336 2.9771028359 2.73783312057 1.80388578073 0.308273891499 0.293250268278 0.534580439814 1.09863635946 1.36395949471 1.49009498387 1.05432134418 1.07978367855 1.20227354406 1.27648552409 1.16001559167
-9999 -9999 -9999 -9999 -9999 -9999 -9999 -9999 -9999 -9999 -9999 -9999 -9999 -9999 -9999 -9999 -9999 -9999 -9999 23.6547985654 22.9326529555 24.5360583185 22.8457317306 31.6491022245 26.383240728 25.5705921325 18.4293497827 12.0283741816 9.00627331659 8.69035578336 8.4473072563 12.4205549587 7.15223692681 6.81111519481 4.23191481089 2.9371417166 2.76630833204 4.14560204301 4.10516520392 4.50884425309 3.38394117284 3.1152984547 2.59486205464 3.17568847587 3.1904383592 3.31601377523 1.31791310194 0.274384131406 0.239152288699 0.404327948406 0.816009774929 1.23442028086 0.998380549996 0.989530843248 1.14235144591 1.09822080988 0.890842776538
-9999 -9999 -9999 -9999 -9999 -9999 -9999 -9999 -9999 -9999 -9999 -9999 -9999 -9999 -9999 -9999 -9999 -9999 28.9947308375 30.8573559993 30.5392764666 29.9403129424 23.7241347364 28.681285408 25.9774685589 25.9639632401 22.1009454857 17.4968391897 10.3361423335 9.5777105795 9.7878699824 8.99040994655 13.1681947357 5.61806985154 3.57821140186 4.33367272978 5.49197304818 5.11531548311 4.50579781325 4.44353481663 4.64807759904 3.37948390839 2.88160947137 4.11085572971 4.71160218945 3.71095541534 2.894694061 1.19874557356 0.426168106429 0.2804877619 0.337349611937 1.06069043638 1.88700059059 2.06700441812 1.40984985184 1.33065986841 1.18036171092
-9999 -9999 -9999 -9999 -9999 -9999 -9999 -9999 -9999 -9999 -9999 -9999 -9999 -9999 -9999 -9999 -9999 -9999 -9999 34.0513662975 33.0699328127 31.9313858134 24.3176505123 28.7081949857 27.5862916815 27.3081457946 21.0797797852 22.7058268714 14.6630934002 17.6836074878 15.6308103705 15.5441606561 10.8665897003 4.76074648232 6.16715053635 5.52736192548 2.37591405128 2.09426187978 1.85278695823 1.85290343843 2.41923148198 3.57618891317 2.90265398824 4.17450958686 5.97270121682 4.81136799593 3.79252386455 2.76701014893 0.697046682926 0.338898290878 0.184502680767 0.514790957926 2.45988035708 5.50161036187 2.58522360097 0.585376082563 0.780971282847
-9999 -9999 -9999 -9999 -9999 -9999 -9999 -9999 -9999 -9999 -9999 -9999 -9999 -9999 -9999 -9999 -9999 -9999 -9999 -9999 29.0512413576 31.1417860603 24.6360540029 27.2013921737 25.1188501863 26.7632694982 21.0444551447 23.2388440031 23.5836098743 22.2446214791 18.8542228596 18.2694834304 7.19463511713 11.9034848564 10.0052421408 7.16816644859 3.93646325873 4.92090305035 4.46786019031 4.37280742296 3.83987668038 4.88579580222 4.53790800407 3.96736278674 5.03929292453 4.39503556348 3.66517544746 4.08364293076 3.24791894736 1.21576509879 0.572763076027 0.421294577539 0.223896675936 0.158854872735 1.76844607359 0.217138925438 0.234219233325
-9999 -9999 -9999 -9999 -9999 -9999 -9999 -9999 -9999 -9999 -9999 -9999 -9999 -9999 -9999 -9999 -9999 -9999 -9999 -9999 -9999 29.727823188 26.2330169744 26.8533907671 24.0380698947 22.7746467223 21.1549008352 23.9199718998 21.8030355787 20.8972125027 27.099097855 22.2415043794 6.92414743859 8.83407077248 10.6746088354 6.85581071094 6.04227735751 4.26150065631 3.85271967117 4.37240119848 5.71679251297 6.04361685992 6.41566189921 4.16884240203 3.49969277065 2.71977772352 3.2914442121 3.59096989584 3.47518765724 4.1745107003 7.41639350441 4.89326300753 1.55500550597 0.351499452752 0.150269373881 0.180493410286 0.19400219374
-9999 -9999 -9999 -9999 -9999 -9999 -9999 -9999 -9999 -9999 -9999 -9999 -9999 -9999 -9999 -9999 -9999 -9999 -9999 -9999 -9999 25.762337805 23.2201760073 23.2908774053 25.9446700421 28.0649681065 23.6891585246 18.9128861963 15.7401576133 21.9722794946 11.157140799 19.5888962802 9.14190132055 5.93320539931 3.78600202787 5.44551131634 4.77978785355 4.39475874228 3.91404757859 5.02602804691 5.7884013499 5.53494669701 4.30893957571 3.98279460837 4.56204587309 4.33469427046 3.97977297446 3.88293460306 2.51298802309 2.73211643314 5.68805009457 4.44921842471 1.1162784901 0.313752298289 0.217097270766 0.159938342061 0.163924974173
-9999 -9999 -9999 -9999 -9999 -9999 -9999 -9999 -9999 -9999 -9999 -9999 -9999 -9999 -9999 -9999 -9999 -9999 -9999 -9999 -9999 -9999 24.0184684038 27.4110087149 28.0593415142 27.6594511839 23.3361793055 19.0840389375 12.0389847771 13.6637055666 14.7251452928 15.4320401156 8.98355104429 7.49492036899 8.51276937803 6.50760542588 5.94713914387 5.46294548924 5.07416612219 5.1894462922 5.87060275638 3.98175267343 4.29808049458 5.47354870193 3.0609803962 2.71451102115 2.03551811658 2.52441010216 3.17488216417 3.75480440443 3.98942799768 5.57958354289 0.536179501937 0.294377425774 0.165903872552 0.149917405901 0.159018614254
-9999 -9999 -9999 -9999 -9999 -9999 -9999 -9999 -9999 -9999 -9999 -9999 -9999 -9999 -9999 -9999 -9999 -9999 -9999 -9999 -9999 -9999 24.9891800192 24.223662096 27.2104676205 29.3704399943 24.9189756555 15.2252000009 13.4867172888 14.2124311037 11.8768766269 12.2158196417 11.2549315582 8.77224079985 6.64943295077 8.99378497644 6.187357054 5.34509160184 6.27154956417 6.63419773753 4.49493425858 5.99381852816 4.37609217708 3.53629678321 3.15230142414 3.48484723279 3.80939382066 4.24811843737 2.61202033286 2.43871474897 1.74790592848 1.87158697551 0.253020780107 0.403485002526 0.273919097604 0.255878622261 0.206537455761
-9999 -9999 -9999 -9999 -9999 -9999 -9999 -9999 -9999 -9999 -9999 -9999 -9999 -9999 -9999 -9999 -9999 -9999 -9999 -9999 -9999 -9999 24.2774052614 26.4584840795 30.8784583848 29.8935696548 25.0708326094 18.7949868544 14.3231789428 16.7771936382 13.106075206 11.639967517 10.1285453226 9.0964781631 9.38266842291 6.40821053644 6.11029783435 8.2156499107 6.98501880042 6.32780983052 6.26811462549 5.00005201016 3.63320420631 4.48767580538 5.41464821077 4.88698989433 4.3436097931 3.81572334626 3.02776408361 3.03221608636 3.65439233549 3.09864651662 0.469869200097 0.380335968802 0.395901195533 0.419782188521 0.27797395643
-9999 -9999 -9999 -9999 -9999 -9999 -9999 -9999 -9999 -9999 -9999 -9999 -9999 -9999 -9999 -9999 -9999 -9999 -9999 -9999 -9999 -9999 -9999 27.9736178475 32.2953563243 30.4191798927 23.8074169322 17.4441365554 13.8418159281 15.933220843 13.2362924847 14.4124836513 12.4477051743 12.9011820828 8.05064323374 9.07481822123 9.0989990421 7.71107052729 5.02443785714 4.61993928628 3.58812251909 4.71585818523 5.70030405049 5.91765612887 5.09339174931 4.5543526996 2.61168040182 2.29802523254 2.20037093552 2.3670790756 1.90412297095 2.3466572204 2.32142513506 1.08178363656 0.35321666369 0.398538835948 1.25547233887
