data/recharge/transience/recharge396.asc
ncols                  80
nrows                 72
xllcorner      4374000.0
yllcorner      5656000.0
cellsize            500
NODATA_value       -9999
[rows 26 to 51 of 72, columns 0 to 56 of 80]
-9999 -9999 -9999 -9999 -9999 -9999 -9999 -9999 -9999 -9999 -9999 -9999 -9999 37.1920366369 36.6214990616 36.4970828777 35.9797735504 35.7944208993 34.6989151879 34.7035646434 33.7096727008 33.6892151322 31.7995663323 27.1290053644 30.6662526237 28.5313131917 24.506289448 23.4630443057 21.4802004547 21.8701002112 19.9259508008 19.7545529909 21.8101831274 25.9555610514 22.9896855903 10.8601348556 19.185752114 23.2266374855 18.3292750259 14.2659503529 13.2519773916 15.3332407738 13.1826239544 14.6408445516 14.4603982124 15.1707837617 15.6471265644 15.371340254 12.5531681741 11.1046385766 10.2502458896 10.5764664799 10.4294813938 11.5409283438 8.1411347468 8.82576246047 8.49846750055
-9999 -9999 -9999 -9999 -9999 -9999 -9999 -9999 -9999 -9999 -9999 -9999 -9999 -9999 36.9804104454 36.6581680942 35.800792614 35.546153722 34.3855344714 34.5445166308 33.5070464732 34.0155504676 32.2237032886 32.3547962361 30.1301574801 30.2293823248 29.6957921244 28.5355423252 22.6639546783 21.1238333173 20.3760714796 23.644988267 23.7462625944 27.4451952916 23.8766255486 16.5882352753 20.7382813834 17.5490915159 14.4556915103 13.7784038826 13.3301733008 14.1586035358 14.7336695976 13.7956083906 12.1019612485 12.7675245097 11.4104849519 11.7808122288 10.5310519941 11.3790593151 10.8308675488 9.59590691852 8.81956240249 10.594954897 7.04190760682 10.6077971155 14.0640168689
-9999 -9999 -9999 -9999 -9999 -9999 -9999 -9999 -9999 -9999 -9999 -9999 -9999 -9999 10.3857712723 24.4138707709 36.0911168094 36.1147806634 35.2683603914 35.2313609182 34.429339283 34.5589310437 33.1092743019 33.6373053873 32.5193447736 32.3250972969 29.6025717567 29.4573709539 27.6757827762 27.299491975 22.2058267025 13.0580448692 23.072541412 26.436383748 23.5047160625 12.1785084193 19.853195804 13.9399418428 13.0715289324 12.8231491924 12.9794200661 13.2449893373 12.5151860271 13.9721019125 12.8155836039 11.9406461787 10.5375054033 7.6707713448 8.13311859932 10.6220788559 10.9201607153 11.5029191628 11.5911435549 13.7347941763 13.650297754 13.7258274373 19.1463178669
-9999 -9999 -9999 -9999 -9999 -9999 -9999 -9999 -9999 -9999 -9999 -9999 -9999 -9999 16.2950311811 24.9654246384 35.3769972555 36.5571421491 35.2199066388 35.1267212861 34.0276840499 34.361416755 33.4064336454 33.5476968124 31.9840335181 31.7721110432 30.2745578703 29.6995157535 26.7400966027 27.3809558299 25.3438581937 24.7764547106 22.7835398542 27.0963807358 25.5615123124 10.0933944546 13.5651996137 19.7425577272 7.51555984344 11.7054143536 12.2385470107 12.9546674619 11.8044247683 12.0130916912 11.3281451091 12.0435998722 10.2365341778 11.5691291446 13.2989114089 14.9889195549 15.6584928237 14.3978030629 16.2712167023 15.9873456039 15.0080836512 15.2055741546 12.2920354909
-9999 -9999 -9999 -9999 -9999 -9999 -9999 -9999 -9999 -9999 -9999 -9999 -9999 -9999 37.4237480863 37.0082963218 36.3292457479 36.6449976137 36.023707711 35.9284300679 35.2229620949 35.2175919816 33.6433238595 33.722907747 31.3220031078 31.6837302411 29.5298237694 29.9293637258 27.3507881147 27.0322046074 25.357135483 25.8988740526 24.1857601944 16.2945486117 10.2251264429 10.2415411736 9.57159185461 19.0331397909 8.78341455026 11.9833281837 16.3628342848 12.086007338 9.70020981601 10.1666488716 9.46923928496 10.5858282542 13.8109533351 16.876815228 20.9251859747 21.7360558875 19.0771200316 19.2702900998 16.1266773474 14.0753683141 12.2267583956 11.5102532829 12.0765754516
-9999 -9999 -9999 -9999 -9999 -9999 -9999 -9999 -9999 -9999 -9999 -9999 -9999 -9999 -9999 36.9749016791 36.4242678225 36.5268015693 35.491175803 35.3552517043 34.6660685889 34.8535529127 34.0155435701 33.8959021638 31.3345339962 31.9918502049 29.7621826822 29.9035776412 15.9012957754 26.7191781258 24.1410281768 24.0398493203 22.1285741195 15.3752680217 10.3341994105 10.3469375442 9.75641385861 9.72958381447 9.33476227098 9.09339672216 8.40344533106 12.4333064198 12.8479151727 12.1385328376 10.6557448977 12.5445381954 13.242023304 13.9483732344 15.3079304716 14.2356422252 10.2516444102 9.71515059249 11.3624443754 13.2948953774 12.8661615313 12.8157992254 12.3174175343
-9999 -9999 -9999 -9999 -9999 -9999 -9999 -9999 -9999 -9999 -9999 -9999 -9999 -9999 -9999 -9999 36.1161654063 36.3133910572 35.4594988823 35.9562922821 35.2234765317 35.0241703237 33.5397278699 33.1064788059 31.7322749974 31.6867243918 29.2231159341 27.2747969954 15.3709968809 23.9177056839 24.5712289882 17.5926496531 11.8866940383 7.95990712486 10.2453901584 10.3825592502 9.94371457917 10.0443049519 9.68560022207 12.7893147748 22.1726139211 21.5529645992 20.0652024633 16.8460831642 12.2219937444 10.2087479242 8.39582799438 12.3729228901 9.64997219667 8.38783009407 9.88679768177 11.8031770521 10.5830835 9.67387744489 10.2272223947 9.67738915819 9.17825187091
-9999 -9999 -9999 -9999 -9999 -9999 -9999 -9999 -9999 -9999 -9999 -9999 -9999 -9999 -9999 -9999 36.8996915332 36.5863068257 35.9561889433 35.9882379965 35.0526281173 34.8711767829 33.2008028045 32.8340267787 31.8417722204 32.0928689171 29.5150074567 29.1245905046 16.4710055969 22.9734283762 16.4548934507 11.8534000368 13.0010114548 9.13506271475 10.2605132997 10.3217061458 12.2104363252 10.0774959109 9.66509797803 10.5404586733 20.5904163863 16.315165992 20.1768149699 20.8223728242 17.3977861921 15.5353937565 15.4258516432 12.1697450656 8.19836678842 9.41345283135 10.7971608583 11.0221682544 12.1458029976 12.4084365643 13.0288675907 11.6956995279 9.22628047514
-9999 -9999 -9999 -9999 -9999 -9999 -9999 -9999 -9999 -9999 -9999 -9999 -9999 -9999 -9999 35.6282991418 35.5585248287 36.05506319 36.1597044405 35.8775936832 34.9092777779 34.9553461584 33.4089424488 32.7578344714 31.2081467081 31.4879328463 29.4672916789 29.4707076843 21.073902183 25.3880120276 24.0779848639 24.2669970419 23.0461491999 19.6217556073 18.2637277291 23.286689199 20.539834029 19.72115627 16.9221632526 9.88021524798 18.4772410764 19.3112877914 17.1038363447 17.0061806662 15.9424728737 14.3216211577 10.4081664709 10.1267637203 9.99614040307 10.5044351197 9.31855142686 8.13396888592 8.65223324629 9.21301589651 9.63007983198 9.77644523228 9.89762610142
-9999 -9999 -9999 -9999 -9999 -9999 -9999 -9999 -9999 -9999 -9999 -9999 -9999 -9999 36.2438564048 35.9807973518 35.6764151687 32.1053980058 35.3888934278 35.8673968525 34.8141719084 34.7688217455 32.8536840891 32.8928340814 31.0951456676 31.062222671 28.950671331 29.2665865763 26.1606002626 26.1721273088 23.3499162989 23.534526452 20.1917277113 19.0092640668 17.3094823254 24.7563493753 20.272144029 17.4228621977 15.8122445527 19.2386531164 18.8536690656 16.2704680361 15.2738744275 15.8667675658 12.4673543159 11.3476897676 14.5511212904 12.3627676468 10.3425355443 9.37296359598 8.73483191092 8.68506803998 9.02159298299 8.89404753445 8.55682024454 8.8826842079 8.29501557336
-9999 -9999 -9999 -9999 -9999 -9999 -9999 -9999 -9999 -9999 -9999 -9999 -9999 -9999 36.1396370212 36.0476256148 35.2598790109 31.3504787561 29.2086194911 31.407318266 33.6371113993 33.9186223723 32.6880790723 32.7612571341 30.1721290778 29.5497315017 25.3294040043 25.3622842407 23.5304766841 25.5392444716 23.9447771542 22.6857586825 17.9365936132 17.5089414243 15.687238216 19.9536865518 23.6951319543 24.8887057361 20.554484116 20.6870997505 21.107374179 20.6862835645 15.5414686897 15.0093473664 13.5200254912 9.98922761062 13.0356504041 13.3556189598 11.4756905005 12.1769670501 12.0554739589 12.030398807 10.5280691143 9.95440550313 10.3195394341 10.147132174 8.77199879647
-9999 -9999 -9999 -9999 -9999 -9999 -9999 -9999 -9999 -9999 -9999 -9999 -9999 -9999 -9999 -9999 35.4473541108 31.4985645872 30.7109700858 30.5894762271 30.4868387292 33.7908951532 33.0090072902 32.9784996272 30.3968302756 26.781217244 21.8230466413 22.1384521853 19.9082380744 21.0439597521 21.2685694004 18.9917561434 17.6177964114 16.9360607092 16.2716083553 16.3157610778 18.8072076169 20.7203775521 21.085368955 19.0455740954 15.4668846732 16.2117790861 17.849209678 17.5247127499 11.3955189495 12.5584554797 11.3853226823 10.4058782815 9.69809604492 10.6917477745 10.4788106272 10.6130844294 9.84488994214 9.17929271354 7.28934084363 7.58551240436 9.35448032648
-9999 -9999 -9999 -9999 -9999 -9999 -9999 -9999 -9999 -9999 -9999 -9999 -9999 -9999 -9999 -9999 31.5258607229 31.455198405 31.0842081293 30.219120829 29.0527072383 30.0186149669 31.9422018741 32.2026453318 30.9474467065 27.0096808641 23.098865353 22.8945738747 21.0279926591 20.9941276356 20.5133697667 20.2752603988 18.3637538801 17.1984508646 14.7604725451 15.085111052 14.551724486 15.2290885962 12.8109891243 12.2287062123 12.6496556746 13.8437582245 9.86064731195 12.3682564706 14.8705607981 11.0286891325 6.2078232383 8.65234516529 8.66285736011 7.51822542272 6.29997561798 6.3805815967 5.0797621625 5.74563713288 5.42760469029 5.45655933728 5.29740450747
-9999 -9999 -9999 -9999 -9999 -9999 -9999 -9999 -9999 -9999 -9999 -9999 -9999 -9999 -9999 -9999 -9999 -9999 31.1140826215 30.5534871014 28.7584359689 29.0442564189 30.4244344854 32.4900598524 30.747946137 29.5554056664 22.7945097102 22.5657575395 20.9200450142 20.7101070629 18.6346563268 17.9755217558 16.9761779658 17.3208716535 14.6652380098 15.6375340311 14.8836366628 13.4914722647 12.4092774438 13.8480309723 11.8148438439 11.206675953 10.4524045144 10.4154763221 8.86468879314 10.7712632847 7.2440026793 7.41031573723 9.48870944583 6.88013931965 6.67006195499 6.94662559629 5.19023918939 5.32812720222 5.80023892456 6.11531469491 5.67543585846
-9999 -9999 -9999 -9999 -9999 -9999 -9999 -9999 -9999 -9999 -9999 -9999 -9999 -9999 -9999 -9999 -9999 -9999 -9999 29.5161134016 28.9030123514 29.0439945736 28.5582874571 33.4101904842 31.4971995828 31.3298137053 26.6096647929 22.4410966348 18.9709458718 18.7610942784 17.8329381257 17.7264131729 15.8744931517 15.7131529616 13.5212684863 13.2964174244 12.4599579051 13.6817514331 11.9697560553 12.521260698 10.6079186356 10.1490245276 8.62023668626 9.80389581749 9.29257931169 9.51414227718 8.77708172386 6.16850824652 4.76603577861 8.07286115342 6.09100510859 5.71007175994 4.48566501566 4.44070189543 5.10635361294 4.90409769185 3.86649981862
-9999 -9999 -9999 -9999 -9999 -9999 -9999 -9999 -9999 -9999 -9999 -9999 -9999 -9999 -9999 -9999 -9999 -9999 30.1029789459 30.3672746006 29.9084355524 29.8151449139 28.2303928084 33.0542663932 31.4006701826 31.646564581 28.3238179625 26.0070319919 19.7438455041 19.348492123 15.0961135691 8.71949215583 16.1138590918 16.4952188857 15.1591192109 15.8851902766 15.9335834157 15.7498383727 14.4517471349 14.0120500503 12.4091148766 10.6057543105 9.39887764395 9.44830666751 9.26374913351 9.22443195959 8.61344317181 12.6166060995 10.2028293987 5.99223283677 8.89890312089 9.80773909228 8.71896927033 7.6314065723 6.39642457755 5.88132487826 5.24580183434
-9999 -9999 -9999 -9999 -9999 -9999 -9999 -9999 -9999 -9999 -9999 -9999 -9999 -9999 -9999 -9999 -9999 -9999 -9999 31.273364709 30.8865382233 30.7289000317 28.1910262661 32.9883018152 31.8485430865 31.7649569958 27.963121935 28.1429740117 22.3805179478 23.687927018 18.1753198601 18.185855514 19.2841689253 16.828904899 14.634876255 14.0304615138 11.9763698824 11.2398983815 9.72063501346 9.72938079027 9.14469272234 10.2453930704 10.299934712 9.41592039821 8.28425758253 11.7123023268 9.41454974341 8.49362843969 9.99779120927 7.24917321727 3.17367975107 9.54965550383 9.17661459709 6.41432695852 9.26671641957 3.90101671523 3.32744429089
-9999 -9999 -9999 -9999 -9999 -9999 -9999 -9999 -9999 -9999 -9999 -9999 -9999 -9999 -9999 -9999 -9999 -9999 -9999 -9999 30.4865210296 30.7162313524 28.2195470329 31.2589943877 31.3396691726 31.6587349018 27.7677853546 28.3149906212 26.1224045504 25.6311812828 23.1796229094 22.9034713346 18.40661698 14.9280319851 12.1987724981 14.4711477554 13.6496507396 13.9051442881 13.0698643833 12.4850980698 10.1648830015 11.4792743195 11.093727433 10.4864807984 11.2734066798 10.6206476215 9.23171126221 9.78102587029 9.00730379556 10.5460293694 8.54492944093 5.72731982434 3.20798731067 4.73595212893 8.89406695237 3.72600044612 3.55638881796
-9999 -9999 -9999 -9999 -9999 -9999 -9999 -9999 -9999 -9999 -9999 -9999 -9999 -9999 -9999 -9999 -9999 -9999 -9999 -9999 -9999 30.7391305988 28.8980653935 29.3484156819 30.2274398354 29.8903585157 27.8872434401 28.5784022205 25.5810956859 25.1937046398 23.0360656588 24.0594627153 18.3832515253 11.5887195849 16.7497660573 16.3737835002 13.5055807427 12.4279258418 10.8999389621 11.0670312547 11.873055641 12.1138348024 12.0198173774 10.4843214884 9.09970724755 7.68480861162 8.38458183107 8.85287220417 8.27919644528 9.18155235658 8.89559159089 8.28356044797 6.28795711313 4.71662788026 1.60842661857 2.14268742979 2.33714933678
-9999 -9999 -9999 -9999 -9999 -9999 -9999 -9999 -9999 -9999 -9999 -9999 -9999 -9999 -9999 -9999 -9999 -9999 -9999 -9999 -9999 30.1245062371 28.4704459298 28.4307412984 30.0121354164 31.0636359546 28.6055817063 26.1019531863 22.9197580633 25.3087500698 11.6029118144 22.902994971 19.3756654908 17.5320308487 13.9227960941 14.0794237428 12.3524648709 12.7217643362 11.3377358982 12.3490562867 11.9178594411 11.7187070055 10.0591750709 9.94515244598 10.4638427942 10.2093087629 9.3703669243 9.24970632653 7.06482864282 7.164902618 7.1781280194 5.18675392877 6.04703817244 3.05840661017 2.84725248941 1.77501000653 1.80212140598
-9999 -9999 -9999 -9999 -9999 -9999 -9999 -9999 -9999 -9999 -9999 -9999 -9999 -9999 -9999 -9999 -9999 -9999 -9999 -9999 -9999 -9999 28.3369755313 28.796215136 31.4235940936 31.8165876493 29.1762944411 26.3964854543 21.224662684 21.5690834444 21.5371809135 21.8205674773 17.9446047891 16.9373329484 15.8643386331 14.7575624872 13.8271237168 13.4781527445 12.3939892755 12.3560799855 11.7714526034 9.81377356014 9.67359749063 10.8305620913 7.73294569323 7.17266997348 6.00709968447 7.18678935625 8.07806874046 8.76783738318 3.80754803251 5.95236206197 10.2649073109 4.29016658331 1.63575706624 1.38720398234 1.49495471008
-9999 -9999 -9999 -9999 -9999 -9999 -9999 -9999 -9999 -9999 -9999 -9999 -9999 -9999 -9999 -9999 -9999 -9999 -9999 -9999 -9999 -9999 28.5386151925 28.3536250547 31.232788721 32.106590173 29.4181858757 24.4619983973 21.1557699044 21.4339124075 19.6161149132 19.7404512955 18.3036176533 16.9993679992 14.8404570494 16.027458278 13.4958456525 13.3481529941 13.1571064249 12.9381164403 10.4725792892 11.8686436637 9.76029982254 8.61629434652 7.56275039507 8.52476144002 9.19352474848 9.22168291684 6.45258075164 6.49676011713 6.09025631308 9.90815951914 3.3350363399 7.1839512614 3.67955686711 3.2794688558 2.26823517236
-9999 -9999 -9999 -9999 -9999 -9999 -9999 -9999 -9999 -9999 -9999 -9999 -9999 -9999 -9999 -9999 -9999 -9999 -9999 -9999 -9999 -9999 28.4091708164 28.6237565298 32.5596547968 32.5211870929 29.5078993154 25.1397448132 22.432085071 22.5077267434 20.395790636 19.8001409732 17.9879453847 17.4169478915 16.3241540922 14.7552621558 13.3768834934 14.6215352416 13.0690332123 12.6603693314 11.6116327359 10.5513181917 8.20743166566 9.29561109797 9.73464493718 9.43217160931 8.88848091988 8.25818721172 6.73378619741 6.74291734902 7.43782655345 6.63200823746 5.51210470914 6.16663991038 6.42876938908 6.95710337273 3.37944417062
-9999 -9999 -9999 -9999 -9999 -9999 -9999 -9999 -9999 -9999 -9999 -9999 -9999 -9999 -9999 -9999 -9999 -9999 -9999 -9999 -9999 -9999 -9999 28.9497175827 32.8801477882 32.623320848 28.9660240305 24.3012835812 22.0241308651 22.2537340154 20.4156584834 20.8315158674 19.0634500753 18.9468327893 15.7553444193 16.2122885886 14.9732453964 14.3737942128 11.5149037278 11.070165012 8.7861083515 10.2484682251 10.6308562271 10.630608194 9.48117980031 8.9610028467 6.09989789427 5.58217090094 5.1332503107 5.49641284716 4.30743412788 5.27925582035 5.63129444681 8.10469110087 4.19340042214 2.81737929653 5.00512659362
-9999 -9999 -9999 -9999 -9999 -9999 -9999 -9999 -9999 -9999 -9999 -9999 -9999 -9999 -9999 -9999 -9999 -9999 -9999 -9999 -9999 -9999 -9999 28.4175852068 32.697510664 32.6519177047 30.2901210551 26.9312872639 23.0539984006 23.5445725955 21.5125884546 21.7862167136 19.7301114706 19.4949191977 16.585157238 16.3151824303 14.2927060765 13.6242581068 11.7370581108 9.21456910251 12.2995084154 12.4485039475 11.4186115517 10.0105464787 7.56666707269 7.93411173583 8.09588019707 8.42877260807 7.15499098991 7.04139365013 7.34693447057 7.51808324391 5.50456911216 4.3233589626 4.17107723121 5.96280143682 4.32753644748
-9999 -9999 -9999 -9999 -9999 -9999 -9999 -9999 -9999 -9999 -9999 -9999 -9999 -9999 -9999 -9999 -9999 -9999 -9999 -9999 -9999 -9999 -9999 -9999 33.454654029 32.7158168111 30.3555603572 29.8727475698 23.959349069 23.5424543193 20.7313320468 16.3764840976 18.462704903 19.6339631946 17.8081974565 15.3270880385 13.0974585323 14.8234777479 13.3993033909 13.6045700472 12.8523121827 10.8650143741 8.83007366824 9.44610249262 9.2381138768 8.84882186528 6.92504008971 7.86929412865 8.07672343463 7.4110168953 5.94950200632 4.55729980109 4.62744692982 6.97543101971 5.9474393583 4.5904854926 4.72601227008
