data/recharge/transience/recharge314.asc
ncols                  80
nrows                 72
xllcorner      4374000.0
yllcorner      5656000.0
cellsize            500
NODATA_value       -9999
[rows 0 to 25 of 72, columns 0 to 56 of 80]
-9999 -9999 -9999 -9999 -9999 -9999 -9999 -9999 -9999 -9999 -9999 -9999 49.3158654283 50.8168061095 -9999 -9999 -9999 -9999 -9999 -9999 -9999 -9999 -9999 -9999 -9999 -9999 -9999 -9999 -9999 -9999 -9999 -9999 -9999 -9999 -9999 -9999 -9999 -9999 -9999 -9999 -9999 -9999 -9999 -9999 -9999 -9999 -9999 -9999 -9999 -9999 -9999 -9999 -9999 -9999 -9999 -9999 -9999
-9999 -9999 -9999 -9999 -9999 -9999 -9999 -9999 -9999 -9999 -9999 -9999 44.628812226 42.5952169126 42.3401239331 -9999 41.2233580911 -9999 -9999 -9999 -9999 -9999 -9999 -9999 -9999 -9999 -9999 -9999 -9999 -9999 -9999 -9999 -9999 -9999 -9999 -9999 -9999 -9999 -9999 -9999 -9999 -9999 -9999 -9999 -9999 -9999 -9999 -9999 -9999 -9999 -9999 -9999 -9999 -9999 -9999 -9999 -9999
-9999 -9999 -9999 -9999 -9999 -9999 -9999 -9999 -9999 -9999 44.7389154061 43.3453559383 44.4173633422 42.2026161001 38.1903084511 40.0089469766 41.0736241489 43.5556800007 -9999 -9999 -9999 -9999 -9999 -9999 -9999 -9999 -9999 -9999 -9999 -9999 -9999 -9999 -9999 -9999 -9999 -9999 -9999 -9999 -9999 -9999 -9999 -9999 -9999 -9999 -9999 -9999 -9999 -9999 -9999 -9999 -9999 -9999 -9999 -9999 -9999 -9999 -9999
-9999 -9999 -9999 -9999 -9999 -9999 -9999 -9999 -9999 44.2895288433 43.3369133146 42.7409327718 41.773650254 42.2465818194 38.9369777603 39.6381022167 41.3830871449 42.4927785108 -9999 41.912971021 -9999 -9999 -9999 -9999 45.3098559203 47.0098032894 -9999 -9999 -9999 -9999 -9999 -9999 -9999 -9999 -9999 -9999 -9999 -9999 -9999 -9999 -9999 -9999 -9999 -9999 -9999 -9999 -9999 -9999 -9999 -9999 -9999 -9999 -9999 -9999 -9999 -9999 -9999
-9999 -9999 -9999 -9999 -9999 -9999 -9999 -9999 45.359375671 44.2257086636 40.2251850992 40.3755146783 38.9605327698 38.8096890723 38.1734543398 38.9942839834 39.8190778074 39.6148408207 40.7351604718 39.3266458125 38.2747395729 39.046007956 -9999 42.3001613431 44.1553151601 45.8675091282 -9999 -9999 -9999 -9999 -9999 -9999 -9999 -9999 -9999 -9999 -9999 -9999 -9999 -9999 -9999 -9999 -9999 -9999 -9999 -9999 -9999 -9999 -9999 -9999 -9999 -9999 -9999 -9999 -9999 -9999 -9999
-9999 -9999 -9999 -9999 -9999 -9999 47.7182024491 45.5317872187 43.6347192243 43.6788421421 41.0580448803 40.6715835916 39.5141749273 39.6256857275 38.6194540951 38.8669696743 39.622249753 38.4373018844 38.6169398835 38.1347057649 37.6290906596 37.9215458888 41.768562988 41.8502078023 44.0422402089 45.0173631692 46.0313947727 -9999 -9999 -9999 -9999 -9999 -9999 -9999 -9999 -9999 -9999 -9999 -9999 -9999 -9999 -9999 -9999 -9999 -9999 -9999 -9999 -9999 -9999 -9999 -9999 -9999 -9999 -9999 -9999 -9999 -9999
-9999 -9999 -9999 -9999 -9999 -9999 45.5489706561 44.3247817789 40.083865354 39.6495395557 39.3969472072 39.8401899375 38.6128692062 38.3012421455 37.1034603316 36.9574554226 38.0494447068 30.4507954136 36.6854220838 36.7778510985 36.8394071702 38.1920145463 38.5508876197 39.7211961223 41.7880796695 41.1750846873 43.5089736973 40.8493466825 43.2598430808 43.4220818277 42.8292425259 43.5672580739 -9999 -9999 -9999 -9999 -9999 -9999 -9999 -9999 -9999 -9999 -9999 -9999 -9999 -9999 -9999 -9999 -9999 -9999 -9999 -9999 -9999 -9999 -9999 -9999 -9999
-9999 -9999 -9999 -9999 -9999 46.1827101145 45.2113943666 44.2947388904 40.9339722522 40.8375222651 40.1476202739 39.219918143 37.920150379 37.9568421016 37.9962898722 38.3156033927 30.2290373195 15.9446274765 29.2921187338 37.2251166702 37.230514715 37.1761383912 37.8096906463 37.9036878415 40.6465832568 41.3424138219 43.7272905422 41.4253311343 42.0450567487 42.2767426606 42.1237227393 43.0779075381 40.7693613398 40.966979615 -9999 -9999 -9999 -9999 -9999 -9999 -9999 -9999 -9999 -9999 -9999 -9999 -9999 -9999 -9999 -9999 -9999 -9999 -9999 -9999 -9999 -9999 -9999
-9999 -9999 -9999 -9999 -9999 46.4206595049 43.8232272349 44.1470331294 41.2328767385 40.9630561137 39.782588516 39.8788870298 28.2129453096 23.2344720016 38.8337712358 38.3615422764 32.2736177575 13.270866162 24.2015374744 32.262004006 37.9101604815 37.1513615799 38.0377396325 38.3056671314 38.3530796511 37.7293818905 40.6435191095 40.0910595834 38.1458981955 36.871493144 35.5959434176 38.0318973467 39.2840126185 39.6096871094 39.422246806 40.2844059723 -9999 -9999 -9999 -9999 41.8292220557 39.2466032708 -9999 -9999 -9999 -9999 -9999 -9999 -9999 -9999 -9999 -9999 -9999 -9999 -9999 -9999 -9999
-9999 -9999 -9999 -9999 -9999 46.2228007886 44.8908894395 43.9314347702 41.0886597773 41.8449235969 40.7654265421 40.6390023983 38.8264169799 38.1357708739 39.4856934675 39.0825876611 36.4936694201 38.8530384904 38.8639120684 38.1680551188 37.8836190312 36.4825008316 37.3434632057 37.3285840104 38.1937220067 38.9430910328 39.9017305678 39.9165057242 38.8946135137 35.669868089 24.4952709198 32.0469877216 38.670043427 39.3525755521 39.8416862087 39.5528152273 39.8121090334 -9999 -9999 42.1857939902 39.7767587718 40.1709353861 39.6324801207 -9999 -9999 -9999 -9999 -9999 -9999 -9999 -9999 -9999 -9999 -9999 -9999 -9999 -9999
-9999 -9999 -9999 -9999 -9999 -9999 46.0702797813 45.2016297106 43.8157407288 44.6179460031 41.4929583098 41.343246575 40.9311354475 43.0726477901 38.5144439073 38.6469551021 38.1033835771 38.5769487764 38.3256706966 38.3239954908 38.0943809279 37.3129659459 36.9314615412 38.5471193724 38.3381328277 38.3023175997 38.7985458651 39.4250774094 38.2853250281 37.7647046495 34.9945956485 37.3434556196 37.7006252232 38.3654253873 38.4403085791 37.8260782125 39.1079810345 41.5229233563 38.8999875242 38.4962869679 38.718187942 39.4024371827 39.1319989515 41.107423262 -9999 -9999 -9999 -9999 44.3462113059 43.7995936717 10.431655044 -9999 -9999 -9999 -9999 -9999 -9999
-9999 -9999 -9999 -9999 -9999 -9999 -9999 47.2432916221 44.0700561792 43.6053708617 41.8497471509 42.4159761346 40.9295705383 39.542675438 38.9162729376 39.3118543754 38.3604631437 38.3841494878 37.9600949458 37.2941911031 37.3039052337 36.5082360338 36.8333903592 38.2925645568 38.7159091088 37.6242406196 39.1837915811 37.4355852606 38.25201505 37.6849254523 37.3408668027 36.7346039653 37.4735220685 37.0690573463 37.9118031857 38.4384699553 39.4687798806 39.7035524199 39.3416853646 38.8463955378 37.9570938768 38.9646410593 42.4650929791 41.2371779358 39.5234793406 39.708837625 41.9789131658 41.3793133318 40.6654915613 41.9634496382 36.4074379789 30.8500575107 -9999 -9999 -9999 -9999 -9999
-9999 -9999 -9999 -9999 -9999 -9999 -9999 -9999 44.7468863711 44.8395885104 44.1015591521 43.7700628817 40.4556393428 41.4155749275 42.0882643857 41.4194663104 38.9560300025 39.7070283175 38.8685401264 37.8392435014 38.2462676305 38.1705530194 46.5443201578 62.4403967418 59.8077358843 62.1154607544 42.9795376098 36.9899415324 36.4179241102 36.7664279269 36.7203241974 36.3837105256 36.2934088518 36.9432929285 36.8227815646 37.0031236397 37.1063942202 37.5271978684 37.8180288144 38.617776533 39.6931472422 39.954586654 36.9884809695 36.5031929779 35.6009386661 35.0257461197 36.2295275827 35.606903763 34.6090488115 36.961810767 36.6192831852 36.7971262854 34.5206784382 -9999 -9999 -9999 -9999
-9999 -9999 -9999 -9999 -9999 -9999 -9999 -9999 44.8749674285 45.0930327494 43.8381417886 44.1620943419 41.2179219378 41.3340425366 41.0068517907 40.2711717668 38.4480638148 39.042960315 38.0520545707 37.8897966891 38.5133326814 38.308638761 53.4726667511 65.7760486319 62.1778896185 58.7102863688 62.553955213 42.8988570449 38.7298109742 38.2442949476 36.8382201965 36.6894270289 36.7693183339 36.9920201163 36.7330958735 16.1221976387 37.7153562407 37.3719185399 37.2953789565 37.3642476241 37.0614012354 39.798139079 36.7736870048 36.5673089087 35.1251093385 35.0343241091 36.1608951038 35.7295274537 35.7934369507 36.7493857855 36.1376334418 36.2179713352 34.3112763089 34.7387479304 33.8506433908 34.0673455244 -9999
-9999 -9999 -9999 -9999 -9999 -9999 -9999 -9999 -9999 43.6947375777 43.3528477266 44.3180781702 41.7723401903 41.4310866545 40.5082515623 40.4203589002 40.1964898171 39.2925416233 39.4281162592 39.7062583938 40.8387604109 39.720103482 42.5534067294 72.7068199482 67.1986661099 66.065180993 59.5151204255 58.5866161026 45.2898213997 37.0154472324 36.8696536227 36.4500748347 36.123693707 36.3885410264 34.690149546 30.5639786269 37.0454837973 36.9945967059 36.7137753413 36.4059465531 36.1063900453 36.2957798972 34.5049875892 35.346733002 32.3239971445 31.282078101 29.2794395907 29.9949106532 33.5264000327 33.4016444346 33.1833071591 33.0655076325 32.0089038652 32.8654858028 33.0598164208 31.094905336 25.2551452092
-9999 -9999 -9999 -9999 -9999 -9999 -9999 -9999 -9999 -9999 43.0554513746 43.8714291502 41.9501907855 41.7232635112 40.3395534151 40.2187863277 43.064718942 42.7837171427 43.5784357259 43.6352468136 41.8643648826 41.8006777226 40.2574777043 51.1221467794 64.3856084896 66.5608773766 62.1362126357 59.3534370611 53.5923772668 48.1186568827 36.435736769 36.1083134093 35.7823139772 35.8471072735 36.5064484414 36.3640611223 36.6581775682 36.8606676627 36.8105878452 36.8417180712 35.9760254412 35.746116134 35.4390394835 35.2797971905 35.3514925946 34.9800457434 32.3689610664 31.1128346079 33.9515265454 34.4446492039 34.6722481624 33.5334031257 32.1650824466 32.0481322302 31.8797531059 29.6988019739 25.1224863136
-9999 -9999 -9999 -9999 -9999 -9999 -9999 -9999 -9999 -9999 -9999 22.5540592006 28.5635507091 41.3354998365 40.1922750169 40.2322642177 45.376858079 45.7892136446 42.4644112711 42.1222497448 40.2324843969 40.6530035419 40.9899392873 40.502433528 45.5540468232 60.2920121638 60.2454225065 64.1154553787 59.9500801465 40.688680507 50.7501765084 36.0618468978 33.7287599364 34.3242372537 35.9213441492 35.6828663359 35.5137276815 35.3800038837 35.7364704445 36.0367372595 34.7317237857 34.1850646569 34.4453053768 35.0875569844 31.2608708253 29.8534692001 30.681811172 31.7114037723 32.2183494391 32.2978127346 31.7203829062 32.094435393 31.1341554978 30.4451913266 29.2046437653 29.4925379969 25.1792170006
-9999 -9999 -9999 -9999 -9999 -9999 -9999 -9999 -9999 -9999 -9999 21.1466271368 30.2495516151 40.3873793536 39.9845717756 41.3700386074 43.6228919472 42.278894237 39.5810232388 39.5239130922 39.9329999499 40.4126525375 39.8085274039 41.3595116501 39.2521217091 40.1142055123 46.5847959333 57.4778425196 57.2954668901 55.2255218874 54.8963966497 53.8856291491 48.8647084986 51.3664634013 46.1567566689 37.2215017469 35.045895759 35.7488006029 35.1770209446 34.6971951197 32.0719605385 34.0621661652 33.2475397596 33.754511004 34.8766034761 32.8417979639 33.5334107431 34.8497641652 33.139200853 30.8447588456 30.843252271 31.4923529362 27.9258849029 31.5452449684 30.6729297535 29.9404384031 29.3666525628
-9999 -9999 -9999 -9999 -9999 -9999 -9999 -9999 -9999 -9999 -9999 43.9416165716 39.8540923494 39.7706896311 38.9496694449 40.3395934895 40.6560988513 39.9716330634 38.1696312518 38.5931497808 38.7498126266 38.8528606847 39.7394694884 40.1703247187 37.3925438083 37.210228904 37.029013827 36.6957333626 36.1001374312 41.6331369636 50.3895583922 59.4205157559 57.1816852352 58.0916717785 46.8010880585 38.7696121867 43.1788791718 43.9949034202 35.6811983738 26.2377183747 20.5484318999 33.419111858 32.7647760163 33.7169107135 34.9397957103 36.8236250632 33.3493830259 32.4595201482 30.9631207039 30.5814577292 29.0152089921 30.131852343 30.5360210944 33.1493390073 31.3278557768 25.7617814108 24.3831750524
-9999 -9999 -9999 -9999 -9999 -9999 -9999 -9999 -9999 -9999 -9999 -9999 41.2773056817 39.5843345455 39.4830812585 38.9099690499 39.7783909594 40.6958149035 39.7467960624 38.5761300795 39.4432075356 38.7507203462 38.3135048781 38.6537580189 37.1286590128 37.5815372495 37.4159751464 37.4849469119 36.9457206987 36.7844933915 36.320197017 36.175111753 39.224313211 49.9732356559 50.7073670267 27.714413025 45.8991849397 40.5704781176 46.7090820064 33.9963094288 34.577626344 32.709244117 33.5804400971 34.366151159 34.6293857389 35.3073966343 35.3354696369 32.5672570912 28.8118584045 29.7067752845 28.041640011 26.7163604709 25.031360074 25.3395454171 22.5904386772 26.8026666582 14.8370336786
-9999 -9999 -9999 -9999 -9999 -9999 -9999 -9999 -9999 -9999 -9999 42.921817719 42.1350480532 40.5972521889 39.2728697679 23.1309958684 33.3638320686 39.3381661397 38.885578722 37.4571822501 37.4802023666 37.3523016591 36.6771101324 37.2107539873 36.7233200433 36.6962056901 36.3558194356 36.3126376278 36.383440476 35.8721210157 34.9791385382 35.0682233491 34.2614685036 33.9820882899 33.8338287976 47.6619994587 41.3408740295 32.5923541668 31.52887856 33.1582604823 32.6853726114 31.1922776523 35.077190185 35.8189325719 35.9806486546 35.6094932845 35.0893326873 36.1290301029 30.8326746908 30.9419313613 26.1756704669 21.9350256103 19.7347194112 19.8228856894 18.3116683642 19.5124884865 22.7926261547
-9999 -9999 -9999 -9999 -9999 -9999 -9999 -9999 -9999 -9999 -9999 43.560852713 42.349844728 41.1449745797 39.6489736762 29.6232210258 37.2029653155 38.7688070355 38.6546793348 38.4790311065 31.2146734044 32.5324273883 37.2845840655 37.1006953552 36.7797746184 37.2870685588 24.0471351975 25.3436228438 34.3588787617 36.3981535303 35.5864900442 35.1374242112 33.9498687816 33.9640484162 33.6736028386 45.7619467249 35.6499352309 40.9356242394 32.5865108411 40.7617380109 31.5502053763 31.4289797211 33.7382982039 34.9278651084 35.5347056988 35.3135892526 34.0923552344 34.337410789 33.3708643518 33.7264428857 25.8827832514 26.2400483062 23.7447158275 23.1975113244 21.748653682 20.8206075283 17.197846494
-9999 -9999 -9999 -9999 -9999 -9999 -9999 -9999 -9999 -9999 -9999 43.4811768805 43.8200981095 42.4524367906 40.1105023087 39.8547328258 38.7928979507 40.0764220705 38.5205378518 39.4524237416 32.2474785278 14.168568833 32.1617169511 41.7549375924 39.3771010989 39.4718341164 39.970117029 39.5351143054 37.9855501642 36.9174910383 35.7873853025 35.5659209636 34.6381603176 34.5577670342 32.9261994468 37.9653359078 24.7301340855 19.0101487969 28.5483755369 34.2781963714 31.6326455424 32.9886983461 33.0008722052 32.1583981388 32.7148538547 33.0502125717 32.3523840021 32.3748299611 31.1723129182 31.1275168934 26.931434026 20.3290721605 16.7112485721 16.402370578 15.0807200994 16.0766490793 17.9395400184
-9999 -9999 -9999 -9999 -9999 -9999 -9999 -9999 -9999 -9999 -9999 -9999 44.7065911058 43.1834069829 40.8032846168 40.1172462353 40.5970435549 40.417998317 38.7771230748 38.2890886946 39.4414159092 40.2034054278 41.4576063484 39.7861586972 39.0594341882 38.947452393 36.9794181291 37.4732651576 35.8116618992 34.6067352907 31.2776659973 35.8791288743 33.0869330543 33.6051953168 32.4089650633 36.8337730134 28.3016327172 21.9430870603 32.5169098719 40.3341973318 32.1019733744 31.9634011547 32.8901600601 32.5881296121 32.9155060074 32.66065955 31.631224631 31.6776329939 30.3477716916 31.1956040965 29.4197346141 18.4767724248 20.8762442605 23.7234359408 17.0770495056 17.1787059751 16.3599812258
-9999 -9999 -9999 -9999 -9999 -9999 -9999 -9999 -9999 -9999 -9999 -9999 47.2963420964 45.2191503017 43.1032919081 47.068379487 43.7745347755 42.3877634217 40.6217808715 39.4820048742 38.858699026 39.1938020889 41.1014620661 41.4909792263 40.0053241138 40.4988315698 40.1428590707 39.6565648736 37.1376057857 38.4578234458 35.1229926477 36.0179198774 36.0713991051 34.9937750357 44.1180092898 33.3603688737 25.9787870225 32.9994732106 38.3659217808 37.1509587614 32.7292381813 31.4306851895 30.0848149213 30.0465322928 29.9225471786 29.5866910083 28.6859240145 28.467793355 27.214768474 28.5494919935 27.1891202517 25.2149399373 25.0539632716 14.4034952267 10.7195025818 12.9912022708 9.60851591638
-9999 -9999 -9999 -9999 -9999 -9999 -9999 -9999 -9999 -9999 -9999 -9999 47.1009499773 46.141162735 43.2372483439 46.1862751507 41.9409867309 40.5457712251 40.4496120478 41.7041484749 39.2625719077 38.1947928932 38.0148003113 29.9295854076 34.0598999749 39.2650583429 40.9199380355 39.9039729819 37.4081744773 36.3698890902 33.0463718126 32.2651447104 34.3519908582 36.7238306428 31.4631573093 36.8436929515 37.4836529185 34.0458562849 30.2365604759 24.5450925646 21.7231740592 25.0277491877 30.4081897753 30.3349931603 29.9352348558 29.7815614973 29.5355963246 29.7331209212 28.9761837089 29.5185275735 28.2499933473 24.2858845893 14.1325556007 11.8648705392 11.2730090435 11.6851731579 10.8753172797
