data/recharge/transience/recharge268.asc
ncols                  80
nrows                 72
xllcorner      4374000.0
yllcorner      5656000.0
cellsize            500
NODATA_value       -9999
[rows 0 to 24 of 72, columns 0 to 55 of 80]
-9999 -9999 -9999 -9999 -9999 -9999 -9999 -9999 -9999 -9999 -9999 -9999 10.3248575194 10.5234779356 -9999 -9999 -9999 -9999 -9999 -9999 -9999 -9999 -9999 -9999 -9999 -9999 -9999 -9999 -9999 -9999 -9999 -9999 -9999 -9999 -9999 -9999 -9999 -9999 -9999 -9999 -9999 -9999 -9999 -9999 -9999 -9999 -9999 -9999 -9999 -9999 -9999 -9999 -9999 -9999 -9999 -9999
-9999 -9999 -9999 -9999 -9999 -9999 -9999 -9999 -9999 -9999 -9999 -9999 12.157449709 10.6860187466 9.4777709963 -9999 9.34514661026 -9999 -9999 -9999 -9999 -9999 -9999 -9999 -9999 -9999 -9999 -9999 -9999 -9999 -9999 -9999 -9999 -9999 -9999 -9999 -9999 -9999 -9999 -9999 -9999 -9999 -9999 -9999 -9999 -9999 -9999 -9999 -9999 -9999 -9999 -9999 -9999 -9999 -9999 -9999
-9999 -9999 -9999 -9999 -9999 -9999 -9999 -9999 -9999 -9999 10.6794118525 10.3058415421 11.0608136306 11.2692189621 8.76492174786 8.19421147027 7.03365654482 7.12666734174 -9999 -9999 -9999 -9999 -9999 -9999 -9999 -9999 -9999 -9999 -9999 -9999 -9999 -9999 -9999 -9999 -9999 -9999 -9999 -9999 -9999 -9999 -9999 -9999 -9999 -9999 -9999 -9999 -9999 -9999 -9999 -9999 -9999 -9999 -9999 -9999 -9999 -9999
-9999 -9999 -9999 -9999 -9999 -9999 -9999 -9999 -9999 10.5295303516 10.6112068919 10.5600953527 9.94552685343 10.2954365229 9.52914632388 9.05039649564 7.86366283952 9.08668314388 -9999 9.42497188681 -9999 -9999 -9999 -9999 6.77865978009 7.25672905349 -9999 -9999 -9999 -9999 -9999 -9999 -9999 -9999 -9999 -9999 -9999 -9999 -9999 -9999 -9999 -9999 -9999 -9999 -9999 -9999 -9999 -9999 -9999 -9999 -9999 -9999 -9999 -9999 -9999 -9999
-9999 -9999 -9999 -9999 -9999 -9999 -9999 -9999 12.6664982047 11.5171402963 10.0092074332 10.0600567513 9.5175004659 8.99005365858 8.6733306465 8.3409862628 7.32977338734 6.95840104262 6.70342534807 7.67993937566 7.20497816409 7.55748448845 -9999 6.38926069034 7.44970696402 7.45111196201 -9999 -9999 -9999 -9999 -9999 -9999 -9999 -9999 -9999 -9999 -9999 -9999 -9999 -9999 -9999 -9999 -9999 -9999 -9999 -9999 -9999 -9999 -9999 -9999 -9999 -9999 -9999 -9999 -9999 -9999
-9999 -9999 -9999 -9999 -9999 -9999 12.1946759292 10.9233897948 10.3654767925 10.7160049816 10.9839894438 11.4182911608 10.2753806743 9.87175356763 8.55994238951 9.08000922812 7.71397726706 7.37135990749 7.56340968233 7.60050751019 7.02814950294 7.37688008618 6.92905764031 6.54519095545 6.830036669 6.64351019526 6.81625185387 -9999 -9999 -9999 -9999 -9999 -9999 -9999 -9999 -9999 -9999 -9999 -9999 -9999 -9999 -9999 -9999 -9999 -9999 -9999 -9999 -9999 -9999 -9999 -9999 -9999 -9999 -9999 -9999 -9999
-9999 -9999 -9999 -9999 -9999 -9999 12.3744784886 11.6467402525 9.79104923124 9.51768288566 9.00301274769 9.53010592722 8.95093358266 8.24383761667 7.54559992837 7.13936950347 6.84506480407 5.25168334911 6.40904180736 6.13913917409 6.15848863257 6.98002200755 6.37368211626 6.35690896987 5.87478481472 5.53774616959 6.58941258963 6.97455996535 6.83288786745 6.53773534212 7.13528284431 7.0756793965 -9999 -9999 -9999 -9999 -9999 -9999 -9999 -9999 -9999 -9999 -9999 -9999 -9999 -9999 -9999 -9999 -9999 -9999 -9999 -9999 -9999 -9999 -9999 -9999
-9999 -9999 -9999 -9999 -9999 13.8148770106 12.6867694803 12.6155503955 11.7166102669 11.9831374622 11.1509627265 10.4188866996 8.57522822126 8.61852122981 8.26572913529 8.437749818 5.33065938149 3.08773164154 5.22843077702 6.22804325473 6.18860879815 5.98773005772 6.07578809092 6.25026911081 6.18459981973 6.439740317 6.4236738799 6.32725386549 6.614263579 6.49445309132 6.02357310587 6.27848560417 5.55692558402 5.39081614668 -9999 -9999 -9999 -9999 -9999 -9999 -9999 -9999 -9999 -9999 -9999 -9999 -9999 -9999 -9999 -9999 -9999 -9999 -9999 -9999 -9999 -9999
-9999 -9999 -9999 -9999 -9999 13.8281329237 13.1016212707 13.1599033536 11.9641326823 11.3780463563 10.8202712112 11.2851905636 6.43153616111 5.35590023278 9.70550106498 10.0422174181 5.95692693247 2.40805737592 4.09220713647 4.78165746326 5.85848815149 6.0084953881 6.44838169868 6.23036718251 5.75631630452 5.13154763384 5.3600091653 4.99838277346 5.41809637763 5.06938841494 4.61100231463 4.95643390255 5.2675260267 5.08140112544 4.96611804674 4.8987394871 -9999 -9999 -9999 -9999 4.8895028138 4.59896088388 -9999 -9999 -9999 -9999 -9999 -9999 -9999 -9999 -9999 -9999 -9999 -9999 -9999 -9999
-9999 -9999 -9999 -9999 -9999 13.2621288404 12.5975005743 12.6771504185 12.336305496 12.8139195885 11.8285296926 11.4707238592 10.1316780415 10.8152376732 10.3388146791 8.88820841119 7.24687423473 8.75949113104 7.66500352049 8.0900629331 6.69888105424 5.81275346557 5.4868261033 5.28492328319 5.64259667257 5.38913752436 5.23672870886 4.74800175559 5.60171774756 4.63450019129 2.71235839233 3.84895370145 5.20801386315 4.92256917401 4.58056399543 5.05520740699 4.87949480881 -9999 -9999 4.92108343052 5.00548736952 4.86980954392 5.00908322229 -9999 -9999 -9999 -9999 -9999 -9999 -9999 -9999 -9999 -9999 -9999 -9999 -9999
-9999 -9999 -9999 -9999 -9999 -9999 13.9990202158 14.2629183754 13.0326329871 12.6469472931 11.1591799192 11.81852534 11.8083082013 12.621478406 8.62441883068 8.03690187448 7.59837265883 7.39480283817 6.37475017904 6.42722687726 6.15576758333 6.382803679 5.73567657008 6.12655779589 5.43620542873 4.98252516992 4.09636408354 4.3827084765 4.41055173038 4.51897199839 3.96080301379 4.63778214627 4.24782585343 4.30928814693 4.39460113432 4.55943483159 4.45135813466 4.1444189872 4.60350492859 4.49968577702 4.33395404857 4.90098386743 4.04952173608 3.64895796227 -9999 -9999 -9999 -9999 4.41503971471 4.09201720621 0.863212462505 -9999 -9999 -9999 -9999 -9999
-9999 -9999 -9999 -9999 -9999 -9999 -9999 13.5200198149 12.3366566218 13.3368800225 12.6365154698 11.8854017928 10.2048267163 9.08277067602 8.08273680793 9.62884825987 8.94705709802 8.89398344477 8.1244680294 7.14940560884 5.83140198223 5.85964945159 5.47610345244 5.53498206308 5.07047360505 4.63610921342 4.33570390461 4.54915505392 4.58921441495 4.36867036838 4.31902957488 4.27441835301 4.3591137596 4.21467167473 4.65018297814 4.62578148893 4.66553845367 4.5974979352 4.53493795056 4.52263804102 3.96983876805 3.83643321515 2.90136051382 2.318103013 1.97139650658 2.17616930259 2.33905576875 2.0288339135 1.93512917646 2.95860242725 3.06260014133 2.22456885467 -9999 -9999 -9999 -9999
-9999 -9999 -9999 -9999 -9999 -9999 -9999 -9999 11.6077633936 11.2327525579 11.4898443695 12.2429665601 10.8255608533 11.4119342833 10.3909915382 9.80938837196 7.72852181564 7.76562301646 6.36938211576 6.94183232884 7.75297202531 7.51949361183 4.39976502282 1.62169653397 1.47614288749 1.48385838376 3.34987717644 4.17931657113 3.6254906685 3.24334076488 3.5093082651 3.54920793729 3.56168588207 3.45485487449 3.72089748536 3.91478533403 4.0413089705 4.18680070839 3.92486873051 3.93603535549 3.78653266672 2.92396286376 1.8427031527 1.71011823522 1.62168360713 1.50749254923 1.65816870473 1.5079267316 1.39104693815 2.18703418852 2.56916254375 2.70132649401 2.29249428903 -9999 -9999 -9999
-9999 -9999 -9999 -9999 -9999 -9999 -9999 -9999 13.1293066758 12.141776862 10.9397607855 10.9931348074 10.1445819246 10.0955189444 8.70786499863 8.55749649148 7.46313048895 7.85068669746 6.95042399496 7.35822713358 7.36028561439 7.39299238305 3.97280283293 3.37388814327 2.19348417998 1.27154883232 1.59557354312 3.89780527814 3.8120911575 3.31628678062 3.15497387142 3.38293510948 3.20256194546 3.35712647113 3.81451453267 1.50950766257 4.31112905504 4.07213194059 3.91341299586 3.85911382694 3.68952289453 2.86057074137 1.7384588034 1.73117630214 1.51335873592 1.49961704359 1.64119660493 1.53792195154 1.56672152732 2.799417002 2.63589293166 2.64687078922 2.4917989996 2.79390297669 2.31156100982 2.4445280884
-9999 -9999 -9999 -9999 -9999 -9999 -9999 -9999 -9999 13.2758061972 11.7294530831 10.2458367627 9.84578802572 9.85850936264 8.65457969197 8.67126898543 8.76821170517 9.18248348268 8.85453968674 8.90753409459 8.17847320678 7.02521267289 6.17894694427 5.89284585559 3.39653543553 2.78569644312 1.51650978408 1.05517319732 1.85313953598 3.51744247259 3.23735604489 3.27080525036 3.10589449932 2.75150764327 2.93008137475 2.62090945372 3.67973655028 3.51311632525 3.29444161387 3.32155562282 3.13699207908 3.12457303932 1.48389773117 1.75366578666 1.39006788917 1.20296906952 1.06753498037 1.11243962241 1.88373809347 2.02651600751 2.0038401753 1.94982155834 1.98671065347 2.20672922148 2.25575906167 1.30241847529
-9999 -9999 -9999 -9999 -9999 -9999 -9999 -9999 -9999 -9999 10.8043682666 10.8682493591 9.65540184979 9.77355051316 8.16935865584 7.64039367967 7.64074259384 8.89212902841 7.7238931681 6.93161888419 6.30335625908 6.14580091414 5.10594136253 4.105534868 2.02742692559 2.97386766748 2.23574815627 1.49771461791 0.786452352314 1.84902054712 3.28322389185 3.29599193724 3.44734423016 3.00876024905 3.65030154981 3.43890543629 3.60260865592 3.51450256238 3.31723813059 3.33394461473 3.26271212222 3.12757555589 2.24358505604 1.54526779119 1.89912990681 1.80671339944 1.51618296237 1.27144192258 2.16478915081 2.15437416803 2.2399296152 2.16765068126 1.89409150544 2.10517490745 1.98269208645 1.20905856317
-9999 -9999 -9999 -9999 -9999 -9999 -9999 -9999 -9999 -9999 -9999 4.88473421921 5.09801395379 8.79441108314 7.75777667822 7.3025150178 7.36625505419 7.29527173385 6.1940222354 6.56471819047 6.6222358093 6.5201260364 5.13074719282 4.36583391865 3.1674207679 0.923274050251 1.31473675704 2.22267260791 2.22863343251 2.87833313191 0.96093256005 2.57704802215 2.58438038291 2.74880086468 2.93686767773 2.6995007278 3.02926778891 3.009383836 3.03539497957 3.03648756294 2.88149123563 2.56753160899 2.57535584989 1.92586005704 1.34314538864 1.15767039079 1.25516442359 1.45266231895 1.46251930069 1.94858758188 1.82855336613 2.07806281761 2.00139990933 1.82134070499 1.54149821259 1.53638580835
-9999 -9999 -9999 -9999 -9999 -9999 -9999 -9999 -9999 -9999 -9999 4.03286342148 5.68786250941 8.14040375418 7.97534032359 7.72043173724 6.57677924578 6.33148201696 6.46820963104 6.52299386508 6.14921683408 6.71804501644 5.03604031241 4.74505140251 4.43476227809 4.93738267211 3.15104987074 1.87612719454 1.02447749082 2.15814847363 1.71346701722 1.1997008391 0.470267558512 0.703990871755 1.33896166885 2.68111349324 3.01486447024 3.06561952076 2.96299727919 2.84138708545 2.52772328597 2.84778304981 2.33770298519 2.44714369574 2.06592474529 1.56936506215 1.83868698858 2.10100113267 1.84993015296 1.39036001757 1.37338150297 1.36041938258 1.10408735632 1.90628840606 1.87683733467 1.69046170566
-9999 -9999 -9999 -9999 -9999 -9999 -9999 -9999 -9999 -9999 -9999 10.5778950238 9.31121384921 8.91805909911 6.86398474491 7.09070962409 5.96285483699 5.19560706406 5.04948941901 5.3624211889 5.28501496638 5.38260137744 4.60947031178 4.02197267442 3.66587981657 3.71285761974 3.46035461254 3.39243363288 3.24650894647 2.50919404855 1.2789062115 1.23113345276 1.83189513093 1.86698931702 1.05089238563 0.371602525431 0.555843719652 0.468685286421 2.35747880282 1.5608154095 1.32448857191 2.58014272994 2.56959704445 2.82146994601 3.13365813443 3.29017160311 1.69480034119 1.54527583853 1.45119343047 1.42116064589 1.15582637096 1.28828936253 1.33583503749 1.59773407126 1.97640525994 1.29081041036
-9999 -9999 -9999 -9999 -9999 -9999 -9999 -9999 -9999 -9999 -9999 -9999 8.00553671612 8.68769985711 7.76894548684 7.07554255633 6.18700312811 5.78606266915 5.04340671064 5.60688836857 5.42776539303 5.17305341695 4.77831496806 4.75164500735 3.89428512319 3.97421097731 3.52058920555 3.62864020343 3.33997467641 3.2002507435 3.08231336625 3.21062051032 2.5376566307 1.28328520636 1.19965453137 1.76453516866 0.81092065966 0.440099605798 0.613677797334 2.70316836987 2.86873141253 2.4549873503 3.01211098087 3.34693436347 3.38534774674 3.4558392131 2.12011439378 1.56272231006 1.20418668452 1.32520287353 1.12669702338 0.946414375904 0.821038076968 0.831059461573 0.73629625635 0.918300085916
-9999 -9999 -9999 -9999 -9999 -9999 -9999 -9999 -9999 -9999 -9999 9.23386746247 8.69390600783 9.0254438832 8.29023032071 4.11382582707 4.76211065585 6.00290329531 4.95388257408 5.2977845359 4.4078368197 4.34226251708 3.82185670428 3.91186187907 3.72665323353 3.67371985898 3.19484987268 3.08674165703 3.02832032585 2.93018745201 2.63269349493 2.72815816275 2.47796215818 2.4499931183 2.50677789658 0.621610420755 0.635163007399 0.296566562576 0.270144582641 1.98648936328 2.42006291666 1.99180142599 3.45810575028 3.72614591544 4.05533615075 4.0006988578 3.42531313122 2.20623884817 1.39298800571 1.38207520888 1.00872410192 0.706568679855 0.612519551068 0.616819268186 0.556990886569 0.609404672948
-9999 -9999 -9999 -9999 -9999 -9999 -9999 -9999 -9999 -9999 -9999 9.54153516994 10.0714488635 9.73025024335 7.69901768851 4.85622910703 6.19357928092 6.30916029454 5.30048028159 5.39289385441 3.94514751371 3.95172270661 4.03446933186 4.13790134977 3.89143521724 3.86361757615 1.86737555797 2.23391850819 3.05216841262 3.97999651256 3.45533682176 2.78202634097 2.43469539227 2.45179012773 2.44567755003 0.765046414725 0.379749458049 0.633893678107 0.330126769866 1.02421983097 2.09288252163 2.00282520038 2.69897531061 3.04342071607 2.96778811179 2.80385063713 2.81313902086 2.83377887435 2.06355647137 1.80282741891 0.963673834805 0.99598149434 0.850490108221 0.801622574433 0.730239381634 0.677703758665
-9999 -9999 -9999 -9999 -9999 -9999 -9999 -9999 -9999 -9999 -9999 10.5595352062 10.0958974348 9.11973514172 8.52037269235 8.34782534141 6.14719495952 6.52252355238 5.78834449848 6.06993971761 3.42329393303 1.74306634326 3.54617885918 3.68982986687 2.3665726305 2.36387408511 2.72551351201 2.94916891868 2.55653983619 2.54981156262 2.47235844211 3.43990237699 3.2707449453 3.07758048601 2.40225129192 0.497096931204 0.19684275474 0.127636020304 0.293310645275 0.520962595136 2.28285316946 2.64185396758 2.36177531102 1.99313720724 2.02606448335 2.03540094964 2.15203165655 2.18374621176 2.0258563593 1.97504858982 1.1477591174 0.72955008814 0.606223563277 0.590291641231 0.556841101899 0.582295559664
-9999 -9999 -9999 -9999 -9999 -9999 -9999 -9999 -9999 -9999 -9999 -9999 10.313042397 9.92669684003 8.39907017885 8.00231471519 6.81043349455 6.9680404308 5.77310524116 6.02485727777 5.41781932531 6.00689015197 3.13157829698 2.35981451588 2.20537859167 2.17105813793 1.79848427907 1.88870389626 1.68872895135 1.52186210444 1.276954974 1.95478987661 2.23128794041 2.39190654029 2.2249184043 0.369237860428 0.254215357815 0.163722030751 0.396013509618 0.734756328661 2.32325508543 2.24400402305 2.37979651694 2.06289639155 2.10016023488 2.06583760963 1.9841516703 2.05539394924 1.83573406651 1.99921208992 1.63702556462 0.673111370708 0.613912692726 0.921059637929 0.572886694221 0.641000877626
-9999 -9999 -9999 -9999 -9999 -9999 -9999 -9999 -9999 -9999 -9999 -9999 10.7344537968 9.62666990451 8.42187854012 7.93072236124 6.50833187498 6.89177021569 6.15977130314 5.77547242459 5.47659697619 5.19095464319 3.92339274469 3.30930810629 2.54153713263 2.80542929958 2.83599974975 2.57143620105 2.00526675313 2.47398078032 1.88872818311 2.03367601116 3.26754038842 3.4619277082 1.02581017157 0.368145712089 0.241235154861 0.420175911479 0.690560613714 0.759122095708 2.0982582401 2.04982883268 1.83557142291 1.81989257073 1.82398673576 1.76404274072 1.53312774026 1.45048017918 1.3092454847 1.54404717323 1.37268026327 1.04426636408 0.967879928504 0.32732883856 0.228884680737 0.292103715426
