data/recharge/transience/recharge588.asc
ncols                  80
nrows                 72
xllcorner      4374000.0
yllcorner      5656000.0
cellsize            500
NODATA_value       -9999
[rows 0 to 24 of 72, columns 0 to 56 of 80]
-9999 -9999 -9999 -9999 -9999 -9999 -9999 -9999 -9999 -9999 -9999 -9999 31.1078432257 32.1323386401 -9999 -9999 -9999 -9999 -9999 -9999 -9999 -9999 -9999 -9999 -9999 -9999 -9999 -9999 -9999 -9999 -9999 -9999 -9999 -9999 -9999 -9999 -9999 -9999 -9999 -9999 -9999 -9999 -9999 -9999 -9999 -9999 -9999 -9999 -9999 -9999 -9999 -9999 -9999 -9999 -9999 -9999 -9999
-9999 -9999 -9999 -9999 -9999 -9999 -9999 -9999 -9999 -9999 -9999 -9999 24.8300970108 23.3183925389 22.2917453148 -9999 21.8722566565 -9999 -9999 -9999 -9999 -9999 -9999 -9999 -9999 -9999 -9999 -9999 -9999 -9999 -9999 -9999 -9999 -9999 -9999 -9999 -9999 -9999 -9999 -9999 -9999 -9999 -9999 -9999 -9999 -9999 -9999 -9999 -9999 -9999 -9999 -9999 -9999 -9999 -9999 -9999 -9999
-9999 -9999 -9999 -9999 -9999 -9999 -9999 -9999 -9999 -9999 24.6954977181 23.8772577981 24.4985940768 24.0327888323 22.1829286727 21.2438964696 19.141906375 19.29158717 -9999 -9999 -9999 -9999 -9999 -9999 -9999 -9999 -9999 -9999 -9999 -9999 -9999 -9999 -9999 -9999 -9999 -9999 -9999 -9999 -9999 -9999 -9999 -9999 -9999 -9999 -9999 -9999 -9999 -9999 -9999 -9999 -9999 -9999 -9999 -9999 -9999 -9999 -9999
-9999 -9999 -9999 -9999 -9999 -9999 -9999 -9999 -9999 24.2418792674 24.1178641011 24.1477874502 23.386017145 23.6284628705 23.1227159022 22.7453845741 20.5567141766 21.5183615595 -9999 23.7982034656 -9999 -9999 -9999 -9999 21.7467489265 21.1150163576 -9999 -9999 -9999 -9999 -9999 -9999 -9999 -9999 -9999 -9999 -9999 -9999 -9999 -9999 -9999 -9999 -9999 -9999 -9999 -9999 -9999 -9999 -9999 -9999 -9999 -9999 -9999 -9999 -9999 -9999 -9999
-9999 -9999 -9999 -9999 -9999 -9999 -9999 -9999 25.8595989603 25.0457532899 23.8164139541 24.0042585078 23.3250362982 23.092010759 22.4744227328 22.4844597827 20.2054448252 18.6767260758 19.7910994064 22.2596402355 21.7613269857 22.0346757134 -9999 19.5840043697 22.0678335406 21.6398253013 -9999 -9999 -9999 -9999 -9999 -9999 -9999 -9999 -9999 -9999 -9999 -9999 -9999 -9999 -9999 -9999 -9999 -9999 -9999 -9999 -9999 -9999 -9999 -9999 -9999 -9999 -9999 -9999 -9999 -9999 -9999
-9999 -9999 -9999 -9999 -9999 -9999 25.9521942943 24.8777484889 24.391504396 24.552268553 24.4682308445 24.6239148879 23.7480960007 23.6161147168 22.5096574119 22.7744658364 21.4455448491 20.8279910165 22.0879366046 22.0450702245 21.5995833919 21.8045298662 21.7558842816 19.6138950544 20.3525330101 20.1849946717 20.8948816978 -9999 -9999 -9999 -9999 -9999 -9999 -9999 -9999 -9999 -9999 -9999 -9999 -9999 -9999 -9999 -9999 -9999 -9999 -9999 -9999 -9999 -9999 -9999 -9999 -9999 -9999 -9999 -9999 -9999 -9999
-9999 -9999 -9999 -9999 -9999 -9999 26.1215039187 25.6344848264 24.2025852229 23.9685485285 23.3953466028 24.0451090878 23.0038841439 22.2893241513 21.4120871083 21.5247262971 22.3009993041 19.3470277629 22.6602585242 20.5909435432 20.7409319983 21.3498252208 21.4174986164 20.8255720862 18.8419409979 18.0891715478 20.4124100684 22.2188550635 22.9960062711 22.8539095665 23.0540106937 23.1215759433 -9999 -9999 -9999 -9999 -9999 -9999 -9999 -9999 -9999 -9999 -9999 -9999 -9999 -9999 -9999 -9999 -9999 -9999 -9999 -9999 -9999 -9999 -9999 -9999 -9999
-9999 -9999 -9999 -9999 -9999 27.0290990387 26.1772470796 26.0510159851 25.2171687616 25.2977235208 24.4772616499 23.9274788134 22.6600154894 22.9837861253 21.9363264223 22.2694951256 19.0591525392 10.6765018767 18.875951142 20.6487196175 20.7844816281 20.6444393628 21.1748157873 21.2883345809 20.2919462046 20.7220598406 20.2238084711 20.8484929028 22.7213022565 22.6862344901 22.2998666237 22.5716200552 21.8701329395 21.763285177 -9999 -9999 -9999 -9999 -9999 -9999 -9999 -9999 -9999 -9999 -9999 -9999 -9999 -9999 -9999 -9999 -9999 -9999 -9999 -9999 -9999 -9999 -9999
-9999 -9999 -9999 -9999 -9999 27.3174953042 26.1957169714 26.325839405 25.6597892693 25.4267008623 24.7279754942 24.9012526814 17.8126276922 15.0328988813 23.3455289806 23.2225506702 19.210444194 9.0147033259 15.3893583491 17.7245285903 21.566281626 20.4479787067 21.209032843 21.0804367506 21.0327705183 19.1306129862 17.9282747468 17.5442901559 21.2563662701 21.4155144123 21.1043337301 21.3502613571 21.3762635554 21.2385227296 20.5434254452 21.047871621 -9999 -9999 -9999 -9999 20.855223358 20.6528897703 -9999 -9999 -9999 -9999 -9999 -9999 -9999 -9999 -9999 -9999 -9999 -9999 -9999 -9999 -9999
-9999 -9999 -9999 -9999 -9999 27.1013632079 26.4609851564 26.0184592219 25.6883966287 26.0766561527 25.3582677516 25.2063659551 23.7536393763 23.6656081239 23.765678047 22.7548468137 20.9417382287 22.9802622693 22.5683711787 21.7422326537 22.4050054464 20.0229561409 20.4233469278 20.2253207922 20.9495374167 19.7149781499 18.2736533041 16.8852859306 20.9135885234 20.0037465321 14.2505713635 18.240060282 21.2787050454 19.4729803022 17.9586613266 21.1386278854 20.9321765093 -9999 -9999 21.1879495391 21.0928645776 20.9859653542 20.2582963403 -9999 -9999 -9999 -9999 -9999 -9999 -9999 -9999 -9999 -9999 -9999 -9999 -9999 -9999
-9999 -9999 -9999 -9999 -9999 -9999 27.3532413262 27.0218130112 26.2707468343 26.4766336606 25.6219035462 25.7205963277 25.8791491765 27.5576116916 22.8867074202 22.7170043872 21.9041461917 21.8672690906 21.0072281469 21.3138336271 20.7496853432 20.876485188 20.388506914 20.8310828024 20.365744802 19.8019890809 15.4116471851 16.0047114075 17.9000661953 19.5417521081 18.2105024296 19.3848096741 17.4669596253 18.6934429963 18.8407342582 19.9717811929 17.914325629 16.4684308873 20.5346021888 20.3952246525 19.9058949121 20.7222227887 16.2172093847 14.5582986388 -9999 -9999 -9999 -9999 15.6371434823 14.9188501222 5.03899978685 -9999 -9999 -9999 -9999 -9999 -9999
-9999 -9999 -9999 -9999 -9999 -9999 -9999 27.5776689209 26.2062877484 26.2599694072 26.0915393648 26.1342838549 25.3982845028 23.6088776532 21.7423974627 23.0075334311 22.5608363028 22.8510705118 22.1484959053 21.5722489371 20.4370667266 20.4258302736 20.0969406819 20.2154682223 19.9378383422 19.3781880331 17.3336532499 18.2694271799 19.6161260629 18.9172959959 17.4352521896 17.763171971 18.1611297325 18.5314632795 20.1078153034 20.0868799553 19.4060130287 19.0590519619 20.4707795729 20.4365249892 17.2793070545 15.597442458 9.72625967714 7.45346546283 6.46557638051 7.00563509757 7.33034971092 6.55350919535 6.19844506096 10.1482575961 13.1549337638 11.0535429627 -9999 -9999 -9999 -9999 -9999
-9999 -9999 -9999 -9999 -9999 -9999 -9999 -9999 26.5144126085 26.4287048649 26.0455882483 26.1149294376 25.0783528497 25.5993218036 24.883521714 24.7169224376 22.854697206 23.0279378778 21.7362836306 21.8856187168 22.3767172589 22.249096164 13.1419136328 7.45379559715 7.76009979017 6.82978050351 12.754799766 18.0145304947 16.2485333905 13.6799391971 16.0026497944 15.091610127 15.9518313048 15.0115049273 16.4477391118 18.7233744441 18.5203307943 18.791186317 18.6040450702 18.5587106759 15.8274051346 10.3843890802 6.15017481165 5.78086957906 5.47113081263 5.14466351504 5.54076837062 5.11476691607 4.70700175241 7.84277004873 10.5440251223 10.8401421086 10.0378923017 -9999 -9999 -9999 -9999
-9999 -9999 -9999 -9999 -9999 -9999 -9999 -9999 26.8796622337 26.7343843527 25.8132995132 25.9383645907 25.2699390483 25.292229359 24.2794968551 24.0230272133 22.3758237158 22.6914069011 21.9218276862 22.0979109255 22.0433169021 22.2051547322 11.1909401039 12.2978839948 9.85542603075 7.13075045018 7.42877700693 13.768053317 14.8724959308 13.8891418039 13.9082992473 14.2679772975 13.9174466629 14.3892658926 17.6590130568 10.0023618409 18.9905307235 18.6082120272 18.5714562151 18.486856526 17.9012789818 10.711647204 5.86034360512 5.8401568154 5.16126210884 5.12140031807 5.49311390576 5.20095801299 5.24032503788 11.4468529484 10.6805076715 10.7043467103 11.5598737952 13.3586079188 11.6591788727 11.8998014693 -9999
-9999 -9999 -9999 -9999 -9999 -9999 -9999 -9999 -9999 26.5004250412 26.1557564096 26.0799114031 25.5209948913 25.2190972446 23.9872761265 23.9800305753 23.7431419316 23.719310827 23.5122419022 23.603785954 23.3645137903 22.1746903779 19.267161011 17.5649921221 13.4039616833 11.4808645923 7.94121324419 6.06868511237 7.58835125635 16.3715191532 15.2282381819 14.7624695877 14.3942995124 12.23855644 14.2232960022 14.1455436039 17.1794705322 16.9168809849 16.4991507125 16.5343811141 15.9994889156 14.7974988509 5.421589119 6.0122352058 4.80111234823 4.20782091062 3.75059430111 3.88543844052 7.60024535766 8.85724553338 8.53115250204 8.41180583613 9.6461240724 11.4967113063 11.1193371328 4.90417811823 3.39076502968
-9999 -9999 -9999 -9999 -9999 -9999 -9999 -9999 -9999 -9999 25.6721281022 26.0410716353 25.5003527606 25.3919321026 23.7031624948 23.4079720377 22.1431352251 23.4971318691 22.1909173479 21.3845828311 20.7187772639 20.2527608715 17.627610191 11.8609130279 9.28843137782 11.7647515641 9.87340495985 7.93222417015 5.4970151898 9.49577076257 15.7879721415 15.7965668395 15.9416329066 14.3362197732 16.5399992862 16.2905565762 17.0474298508 16.9152219303 16.5388204603 16.5667261733 16.2083391149 15.5376615034 10.8639011083 5.89115193008 6.46642420178 5.96433061787 5.18216972143 4.40839028014 10.0994621576 9.81324622951 9.14228747765 8.9759200747 8.32880669914 10.5065735543 10.602749171 4.44669050268 3.36449084245
-9999 -9999 -9999 -9999 -9999 -9999 -9999 -9999 -9999 -9999 -9999 14.9745521524 18.9371326908 24.8867498195 23.5658002521 22.8299905304 22.118422451 22.1010598688 21.7940900122 22.7108835602 22.5394444611 22.2258003513 19.1808172212 16.5042601429 11.1113281077 4.34012830791 7.34033459319 10.1847214284 11.2088388228 18.163403178 9.41596403539 12.918744167 13.180134193 13.6907953136 12.6271387181 12.4700866314 15.2692332248 15.2336200854 15.3844777745 15.3947772572 14.2699921326 13.5294866811 13.3881282196 8.41217843221 5.10172380844 4.0708464237 4.41374540271 5.27163036996 6.22538202821 9.5160233728 8.48904982652 10.1851407388 10.0882456762 9.83928370559 9.24985394357 8.84032043746 3.895866921
-9999 -9999 -9999 -9999 -9999 -9999 -9999 -9999 -9999 -9999 -9999 13.602738261 18.8229296891 24.2619012623 23.6622536082 23.0823500793 21.1814055663 21.5039027432 22.7235488836 22.7395415013 22.3507451128 22.7543898931 18.9649474508 17.1658947592 17.4853341345 19.4548340972 11.0952779837 7.05353647374 6.42585459066 7.68556121561 8.88590786735 8.01919491458 3.56357009825 4.26759571408 5.71959585173 13.0137391458 15.2337672254 15.334389422 15.2493694772 15.2367210515 16.5923344666 14.0612295362 12.831832062 13.1035264989 9.13633127387 5.73786831607 6.31403273379 6.98593465541 6.26250678936 5.04349076315 4.59700129108 4.63225336029 3.93938184659 8.91234852881 9.9296049107 9.48398175892 8.4222787884
-9999 -9999 -9999 -9999 -9999 -9999 -9999 -9999 -9999 -9999 -9999 26.3849001828 24.7064632769 24.5179540383 23.1493142288 22.8852850123 20.4495193495 19.3588962422 20.3144952762 21.3680714556 21.6008931956 21.6726770047 19.1863802225 15.9791568508 17.0325948436 17.9796986766 16.9709440778 16.8642659754 16.6427910505 11.3085318106 6.02555690047 6.98520986032 9.58225321616 9.25275682786 6.58971683689 12.0394974786 4.88864817951 3.15244278485 11.8665180912 10.502846787 9.14069063047 13.1605217864 13.005615774 13.5537409725 14.225054825 12.5150069465 5.97228465044 5.58031151667 5.22966152141 5.0194413113 3.90037305243 4.29213011559 4.34682950664 5.18130503666 8.22457051885 8.67903977382 10.164720986
-9999 -9999 -9999 -9999 -9999 -9999 -9999 -9999 -9999 -9999 -9999 -9999 24.7699097271 24.5457915493 23.6951551219 23.106650349 21.8267001286 20.6575549054 18.6115925591 21.8819970749 21.7737196576 21.5327342317 20.5605936385 20.1298406715 18.2256896783 18.3498153507 17.0684340289 17.2229103797 17.2485551899 17.0289882697 16.5269463408 16.7261248688 11.6491738581 5.47860405928 5.33629187686 10.281613895 10.0117603504 4.24966842316 3.27111610487 13.9016652099 14.2735647554 12.820037744 13.9483591505 14.6631602428 14.7707971705 14.8727339971 7.80365030262 5.62688690633 4.53552447316 4.863805309 3.84832322353 3.26832409948 2.82988644682 2.86389262942 2.54856852292 3.4046206536 3.36153473661
-9999 -9999 -9999 -9999 -9999 -9999 -9999 -9999 -9999 -9999 -9999 25.86780638 25.4631070016 24.9570063589 23.9287016541 15.5083068837 19.755517673 22.0849052623 20.1371975329 21.368944218 20.3946350019 20.3187779703 18.624288632 18.7659295737 18.7316559135 18.6515856998 17.2191153242 17.0405361239 16.360848591 16.1884185225 15.2893643338 15.4514377831 14.6949084478 14.6381865281 14.503790303 4.19013892546 5.37282047611 3.53258529609 3.12931222271 10.3892561349 13.1621678392 10.9915809261 16.0022857181 16.1046681744 16.9539486332 16.8614802873 14.4756516801 7.60454583085 5.05536944741 5.00086578238 3.51583962551 2.52845117072 2.20140903429 2.2149174325 1.99220985573 2.15429010168 2.98092926179
-9999 -9999 -9999 -9999 -9999 -9999 -9999 -9999 -9999 -9999 -9999 26.1979065509 26.0705923785 25.4267319698 23.7469079128 18.0934684207 21.7731723712 21.9617187399 21.4984179687 21.602606483 19.3391514352 20.3371701346 19.1463633523 19.0733079838 18.9790650494 18.301706641 12.3418026871 15.7148935173 16.1297505067 17.8498777615 16.6578843702 15.5434442993 14.6107069409 14.6407726006 14.3908378031 4.09118562263 4.07419814455 5.37048445023 3.68617829162 4.83204659074 12.2986759579 10.375316807 12.109056515 13.8872640732 13.998058941 13.8567583719 13.5765852725 13.1531889371 8.99010919178 7.16932818101 3.33387827958 3.42136061688 2.93605060752 2.78464944704 2.52043015332 2.36121139109 2.02521488298
-9999 -9999 -9999 -9999 -9999 -9999 -9999 -9999 -9999 -9999 -9999 26.3966708356 26.2314745851 25.3313663089 24.6442198719 24.4837260352 21.9685041213 22.0282564122 21.2264462256 22.4314834287 17.4293952541 8.83772261795 14.5127005633 11.9490797454 8.79425432727 8.79113686913 10.1009117259 11.8843827431 11.6396953208 13.1995140925 13.0816835315 16.8814439847 16.0563606992 15.7222186353 13.8600636012 3.09881657801 2.70945108611 2.13179470317 3.53215844426 2.99240597107 12.6062548307 13.7650966129 11.3074170508 9.13941113474 9.34195461839 9.35611437759 11.7680045693 11.9335083167 10.8028770921 10.8263931219 4.88716868005 4.5376486786 2.96764842349 2.41582159051 2.32314981234 2.26575569779 2.55438343681
-9999 -9999 -9999 -9999 -9999 -9999 -9999 -9999 -9999 -9999 -9999 -9999 26.6146599555 25.9600562595 24.9502124516 24.0077848842 21.8618078848 22.5691799865 21.4793444853 21.8231945261 20.3200883043 21.9903565042 10.8137213119 8.32546557123 8.39528835804 8.30715657774 7.20159876945 7.45147333282 6.78765773333 6.29730844904 5.51432620267 9.73692098516 14.1925353483 14.4926918852 13.5219697224 3.33503033941 3.1811438631 2.51275602351 4.11280920503 3.97481237177 12.8674762189 13.0996198841 12.2985728645 10.077183398 9.83349599429 9.40522295528 10.5690224672 11.6365699979 10.3089769022 11.2199279752 10.1279061469 5.04810220909 4.24779635334 3.95958720014 2.45259346844 2.68477165638 2.46452059287
-9999 -9999 -9999 -9999 -9999 -9999 -9999 -9999 -9999 -9999 -9999 -9999 27.149700515 26.1169183274 25.1895968256 24.6285881277 22.2755180563 22.9111445606 21.9988739866 21.5694462882 21.7336716376 21.8267234052 14.7199573665 10.7221052095 10.6329951071 10.8698358292 12.6039276127 9.76276229984 7.91113648495 9.11864307984 7.50755313008 7.95659238843 14.4091128117 16.664449833 5.17897999887 5.0336036832 12.5087302246 4.27828731231 5.49131775425 4.0804753753 9.79236738007 12.3883560784 11.5744835794 11.5312634532 11.1943264254 10.5325364653 9.61453280186 9.52891594499 8.72936089892 9.89396277214 8.91531684797 8.18485845885 5.81061379408 1.74611351527 1.28307149133 1.572875001 1.24512249955
