data/recharge/transience/recharge493.asc
ncols                  80
nrows                 72
xllcorner      4374000.0
yllcorner      5656000.0
cellsize            500
NODATA_value       -9999
[rows 25 to 49 of 72, columns 0 to 56 of 80]
-9999 -9999 -9999 -9999 -9999 -9999 -9999 -9999 -9999 -9999 -9999 -9999 20.1707077564 19.9582121496 19.046173603 19.2630284108 17.8706170462 17.8769220432 16.6424256423 17.1213165167 15.6135849371 15.5016695493 14.0300536641 10.2501618319 10.6186603454 9.53004915805 13.0723630593 12.1013182736 6.81570928475 6.25249901508 5.48062385214 5.20666287988 6.3861491798 7.19540155871 6.09882226403 7.60849161979 12.5352171281 6.34642110905 4.75603300079 3.97459388012 3.56995033277 3.30243638166 5.31566691904 7.05686131411 6.720851343 6.80260946837 6.5667927375 6.54639613217 5.96113199447 6.210065847 5.18347001233 3.07757014334 1.83273935066 1.53376443942 1.8546687807 1.50301783849 1.3478486229
-9999 -9999 -9999 -9999 -9999 -9999 -9999 -9999 -9999 -9999 -9999 -9999 -9999 19.282807788 19.3999998598 19.4306533107 18.7746217108 17.5958262573 17.2576898871 17.0312086942 16.150484849 16.6696996252 15.6297558046 13.2114892568 12.9592261591 10.4630221432 9.60433633306 7.5350734196 6.74061887462 7.11275493318 6.01495254868 5.79606494669 8.25566827897 4.50410385291 8.41730931375 4.17768281493 9.13515706477 5.11129809093 4.48343337373 3.42733876884 2.99396248988 3.54624399668 2.41075104329 2.8163054948 2.98321511874 4.01744628022 5.15488927367 5.0383964101 2.60638198286 1.70959341698 1.49694351953 1.61383173554 1.62049113509 1.6140275008 3.06444076107 2.05995425418 1.08482562893
-9999 -9999 -9999 -9999 -9999 -9999 -9999 -9999 -9999 -9999 -9999 -9999 -9999 -9999 19.3726902553 19.3539884094 18.3577640668 17.0474525779 16.8801904213 17.2386168201 16.0799285844 17.1361404923 15.6631350723 15.4270813428 12.9828132012 12.807822314 12.4880287159 11.4384229524 7.4464459782 6.39045951552 6.22689062724 11.3923244904 10.2073841101 5.6289020367 5.2872565873 6.05087591939 8.49190161222 3.96353829925 6.40334912828 6.04195641018 4.35273742513 4.83271277863 3.34877882778 2.70767473497 2.03461949861 2.29807779222 3.13746943339 4.14882259205 2.10485990229 1.88506508761 1.70006657763 1.3441866793 1.17848175661 2.92391878074 2.96494193533 4.42720008638 4.32077426838
-9999 -9999 -9999 -9999 -9999 -9999 -9999 -9999 -9999 -9999 -9999 -9999 -9999 -9999 5.83408148441 13.5089390365 18.9889353109 17.9469176675 17.1712242784 17.4321381919 16.9752996247 17.5858423556 15.7739281778 16.9664191581 15.8663317648 15.8298311021 12.8389500398 13.0052134741 12.281460436 11.4868053595 9.22467332862 6.35889181141 9.52545387343 10.0674234895 5.20026003324 5.0400916542 9.07438607065 5.18764044081 5.07336232822 5.5529670602 2.67621794413 2.95252162132 2.81201585257 3.10582468847 2.57280034082 2.1543820091 1.13429902165 2.20974119628 3.14022042541 2.81933731882 1.91066231541 2.16874481773 2.23814024219 1.72871566221 2.29331072932 4.36893933579 4.24961522048
-9999 -9999 -9999 -9999 -9999 -9999 -9999 -9999 -9999 -9999 -9999 -9999 -9999 -9999 9.02992799894 13.7364921159 18.590411865 18.8833493054 18.3825142293 18.1455977288 17.1132108829 17.3908636679 16.7393075634 16.5476725997 14.5581996717 14.3487422493 13.8038074812 13.6574102537 11.4777059877 12.0150080374 10.7480801822 10.2398852115 9.26936047094 8.49883015663 9.96573711688 4.51901824461 6.34566480172 13.8308151987 4.06247122591 5.31229880318 2.68946692653 3.01296745923 2.56478085006 2.62381777375 1.99351980399 2.19920210964 1.62649150885 2.12208842874 3.21347008516 3.51213420315 3.01217050237 2.32728809208 2.9415797144 2.86608478929 2.40509666427 2.47894586214 1.92395633956
-9999 -9999 -9999 -9999 -9999 -9999 -9999 -9999 -9999 -9999 -9999 -9999 -9999 -9999 20.3972263108 19.8446756026 19.5121253405 19.820172839 19.412611849 19.3157671441 18.3594886199 18.1053264439 16.9626651066 17.0354977935 14.1043487947 14.5670947891 12.9746323375 14.3059215849 12.7349878433 12.024673423 11.0110755751 11.517988105 10.3347821582 6.35335715694 4.80751222057 4.82389536542 4.43931500828 9.65590938361 3.95914172105 5.65665200676 6.98107014636 3.92510163134 2.00277646136 2.15080202913 1.7489806414 1.82915161416 2.77235905005 3.35348076319 5.01838722475 5.49382337005 4.16764770017 4.42282018366 3.11834431412 3.0239659835 2.5778635904 2.19794449807 2.3176702607
-9999 -9999 -9999 -9999 -9999 -9999 -9999 -9999 -9999 -9999 -9999 -9999 -9999 -9999 -9999 19.4048231996 19.194695449 19.5416690268 19.340306252 19.0024367449 17.6908556634 16.9206855856 17.1842084186 17.1256776547 14.3286650546 15.0575453283 13.3517571618 13.7873169969 8.86039165141 12.5353326095 10.1165351781 10.1674739706 8.94628879129 7.5137756369 4.92557584985 4.93944099432 4.63236309937 4.60320527341 4.37017255239 4.13708026024 3.5446143509 5.72471179102 2.03105469998 1.7544060287 1.66457023194 1.86265336455 2.17811453772 2.34961341561 2.51180775244 2.39984304807 1.66684447014 1.4998139985 2.13759153657 3.32812639203 3.00249967057 2.9645499486 2.44607797983
-9999 -9999 -9999 -9999 -9999 -9999 -9999 -9999 -9999 -9999 -9999 -9999 -9999 -9999 -9999 -9999 19.0013449754 18.7415701643 18.4746083721 19.3334836177 18.9541747114 18.7156933849 16.9181811638 15.6780132652 14.7473303469 14.4015713127 12.5869225933 11.8179096067 7.86953316104 12.7773753706 14.2650241414 9.67303247006 6.93018734708 4.60566773831 4.85688901054 5.00641293855 4.79329663126 4.90539009142 4.71957506583 6.30189870844 9.37923176368 8.06112435826 7.81479101705 4.3468417636 2.16325305757 1.76631002965 1.4562906821 2.24364897147 1.68741553927 1.32417055431 1.74153884062 2.63700884142 1.93896785033 1.61079085499 1.76821663974 1.57874086252 1.38933694459
-9999 -9999 -9999 -9999 -9999 -9999 -9999 -9999 -9999 -9999 -9999 -9999 -9999 -9999 -9999 -9999 17.4999828011 18.6287357281 19.34275713 18.6059166592 18.0869863468 18.3177776299 17.0513160133 16.1071133505 14.7560977682 15.2740891542 13.0756709907 12.7618925112 9.16320544804 11.609692633 7.06846171951 5.90193328277 6.61065038153 5.10702308999 5.17104149907 4.9403757362 5.71386987051 4.43405364129 4.6972879596 5.03892512556 7.50273911439 5.52455267739 6.56165549919 5.88110980687 3.83470999796 3.06736552749 4.56115401765 4.79265745385 1.65505517812 1.6081550542 2.112861402 2.22204309389 2.75037526876 2.91192354879 3.28459364075 2.43932846886 1.40194617296
-9999 -9999 -9999 -9999 -9999 -9999 -9999 -9999 -9999 -9999 -9999 -9999 -9999 -9999 -9999 15.6355676293 15.8995386692 15.6916450418 16.9923046837 16.8223973129 17.8001661917 18.3092711584 16.7434520023 15.8923168841 14.2174348244 14.6429937044 13.1810078967 13.3324618635 9.78049965976 11.3339452943 10.5360309271 10.6778991619 10.0360843751 7.73528986269 5.66251928706 4.07085476742 7.27680295306 6.95700089524 8.70259817983 4.61797224003 7.63453034072 4.7573060549 3.49458790558 3.45556633279 3.41295092432 2.84062166503 3.01663653299 3.47414009057 3.49799172112 2.34031893182 1.77473431714 1.39644571616 1.50073667032 1.67569672008 1.76839636185 1.82209626416 1.95673052831
-9999 -9999 -9999 -9999 -9999 -9999 -9999 -9999 -9999 -9999 -9999 -9999 -9999 -9999 18.9044474423 16.1752907424 16.1191014153 12.0722361219 14.0433052754 16.4363514569 17.0249808065 17.5905751395 15.911488321 16.1208894808 14.2281845349 13.933068111 12.4690792327 12.853059593 11.7530800913 11.7503883669 9.9859262755 10.0999511342 7.39125091076 6.80428409375 10.8025244154 10.7414108405 5.30068972719 5.84254614356 10.0598088166 10.7885380469 8.90572793014 3.09393713978 2.84907638522 3.03861417067 2.34286449776 2.09580840837 2.10747056878 2.43598332603 2.25079856436 1.82815519968 1.5703872531 1.55534464457 1.61264229545 1.5760568239 1.42839578943 1.52222030559 1.5009787833
-9999 -9999 -9999 -9999 -9999 -9999 -9999 -9999 -9999 -9999 -9999 -9999 -9999 -9999 19.1922403114 17.461335315 18.0865197434 12.6642724208 10.8867140438 12.0572992473 15.6961501908 16.8341156455 15.8235533767 16.1442474418 13.8687028084 12.720060728 8.92112856698 8.94805435446 8.54289580723 11.3107203546 10.6063337643 8.60428622234 6.56267880714 6.53746387696 9.47451580412 9.03291098831 6.52937126041 7.42330603402 5.12039122839 5.20199245098 5.94043537325 5.6537873972 3.38195219882 3.18052998971 2.89155775077 2.01235465815 2.84454594356 3.17056231614 3.12595729066 3.64915527069 3.54619088947 3.51660038799 2.62581042162 2.30795759231 2.53993235765 2.43813552886 1.77858534309
-9999 -9999 -9999 -9999 -9999 -9999 -9999 -9999 -9999 -9999 -9999 -9999 -9999 -9999 -9999 -9999 18.2239999402 14.8153405228 14.5798767465 14.4214761333 13.4002418939 15.5254450175 16.5811298083 16.6030291763 14.2375594269 10.3092446653 6.60322769154 6.88829291719 5.69502954954 7.0064887036 7.55143664276 6.54986541237 6.10964856312 5.37787808591 5.4383913229 5.4806450993 5.61288984767 4.90672646997 6.07419128085 6.10267866005 4.21471688869 4.09156019867 6.58205154635 6.34121559485 2.31748147238 2.60989253296 2.39994141886 1.87920053817 2.10852353986 2.63759433656 2.51151290478 2.58824271378 2.25670728834 1.94627211378 1.30256174446 1.38733126642 2.00904940818
-9999 -9999 -9999 -9999 -9999 -9999 -9999 -9999 -9999 -9999 -9999 -9999 -9999 -9999 -9999 -9999 14.1172030724 13.7627150374 13.7468769377 11.718283024 12.6755191423 13.2488910421 14.9014745613 15.579473535 15.0943270344 11.1053798757 8.63585472029 8.30503290713 7.15710185817 7.34293640517 7.70164016785 7.3764586314 6.15151143346 5.62683142215 4.28840639908 4.52486101676 4.57058229451 5.20907079781 3.77030221844 3.51841376351 4.10530632482 5.05589169232 4.40418022155 6.77726697669 4.25142575772 2.43691752976 1.43875203214 1.91711615387 1.97226047941 1.56020441331 1.22387647924 1.24545262785 0.958767566092 1.11504263847 1.04868302715 1.05783712308 0.986297813248
-9999 -9999 -9999 -9999 -9999 -9999 -9999 -9999 -9999 -9999 -9999 -9999 -9999 -9999 -9999 -9999 -9999 -9999 13.8493530527 12.5304448568 11.644618077 12.5790958984 14.103672227 16.4566161601 14.7354616377 13.0036991311 8.03205254345 7.93715624487 7.12006705185 7.02155354511 5.77001229188 5.29177940506 5.01657304784 5.34456166942 4.22936800449 5.00934736985 4.86262869067 3.82973666903 3.51450845727 4.57888966719 3.57027978148 3.23657843669 2.83061712155 2.81330697945 2.56057839136 2.7400766096 1.70852829082 1.75292938584 2.13368615733 1.24460174707 1.32046760902 1.39733849526 0.980899565183 1.01072023462 1.14410261778 1.23634770294 1.07622797927
-9999 -9999 -9999 -9999 -9999 -9999 -9999 -9999 -9999 -9999 -9999 -9999 -9999 -9999 -9999 -9999 -9999 -9999 -9999 11.7266770214 11.7447677665 12.3159074867 12.0574048855 17.7711292747 15.7200555131 15.4117560233 11.038152081 7.77071383529 5.79413624899 5.63143049816 5.48551794227 9.47213645141 6.14546694924 4.58194415784 3.48648617519 3.11065600894 2.95884894276 3.91579571388 3.52187162775 4.04227298267 3.29209179316 3.04755632657 2.5271761921 3.06487046687 3.03973717449 3.16216687797 2.37058589377 1.63265716181 1.30477364691 2.15803632134 1.22304885456 1.26673071288 0.962811476112 0.951983314342 1.13488067021 1.07845819707 0.814881448365
-9999 -9999 -9999 -9999 -9999 -9999 -9999 -9999 -9999 -9999 -9999 -9999 -9999 -9999 -9999 -9999 -9999 -9999 13.7451293186 14.4801644528 14.5868568291 14.357405641 12.3154835639 16.5537872268 15.5492849951 15.6810748572 13.3968616157 10.4084006926 6.47670182731 6.0901290557 6.83976061399 5.09581131342 9.53651875525 4.53849222106 4.06900083126 4.74713966256 5.48919096194 5.26872094826 4.8283678345 4.66129207226 4.42522385223 3.28820865631 3.16977716308 4.62935751136 6.36060324977 4.72952503961 4.21799094428 3.69100165538 2.72212372952 1.68594536551 2.08003584607 5.66024259885 4.8673364909 3.863346747 2.09961234365 1.38259038846 1.18390643097
-9999 -9999 -9999 -9999 -9999 -9999 -9999 -9999 -9999 -9999 -9999 -9999 -9999 -9999 -9999 -9999 -9999 -9999 -9999 14.4203994303 14.2253372453 13.8376016154 12.6040448091 16.1963487958 16.1959108447 16.0917958932 12.802652344 13.6196281616 8.33624058071 9.69606007596 8.62843497032 8.59008688966 6.95134551791 5.08793274316 6.57453008255 6.64177999883 2.79657776557 2.46433969103 2.16829195911 2.16852742427 2.42581255496 3.37446124987 3.15283568725 3.91574789396 4.25502735433 4.38525292278 3.66044578113 2.88452249774 3.05001587629 2.21721432433 0.836090052796 1.52154478341 3.00699077251 3.32986033185 5.39840038732 0.869264013592 0.772488798976
-9999 -9999 -9999 -9999 -9999 -9999 -9999 -9999 -9999 -9999 -9999 -9999 -9999 -9999 -9999 -9999 -9999 -9999 -9999 -9999 12.8521485487 13.5653009387 12.7208830245 14.3583555786 15.0713273333 15.8538416063 12.7527614718 13.9098286523 12.9454274969 12.2935154895 10.5502055773 10.3092199936 5.13490879997 7.6444825211 6.32306121251 6.22004562047 4.06746356298 4.54167221604 4.38710168907 4.04476546473 3.20251725068 4.05269270144 4.2852920867 3.86386214644 4.74722889353 4.22876607102 3.53832063258 3.9306150366 3.39379006299 3.39302656798 2.68477349939 1.86222873837 1.07213888312 1.20489641522 4.00668593719 1.97962446148 1.34493980296
-9999 -9999 -9999 -9999 -9999 -9999 -9999 -9999 -9999 -9999 -9999 -9999 -9999 -9999 -9999 -9999 -9999 -9999 -9999 -9999 -9999 12.8419764162 13.1709359659 13.4185133145 14.4311011783 13.803345822 12.8486905225 14.083392388 12.1100666863 11.6870134136 14.5702225501 12.5265408606 5.69957959376 5.45045554941 8.15387381847 6.17431808809 4.88108584638 3.9921376837 3.54015994412 3.66468561798 4.65082372151 4.88283641394 5.3032964772 4.11305582104 3.46874456157 2.70888791239 3.24379603726 3.53654629154 3.40071163315 4.06478566213 8.46304046228 6.24731602222 2.86239224701 1.80715836755 0.548380087521 0.820718943659 0.970239223204
-9999 -9999 -9999 -9999 -9999 -9999 -9999 -9999 -9999 -9999 -9999 -9999 -9999 -9999 -9999 -9999 -9999 -9999 -9999 -9999 -9999 11.5568716055 12.100608134 12.1233783125 14.6341079218 16.3155950184 14.0338737856 10.9681608013 8.86879326608 12.1192419089 6.22192940758 11.0161143478 6.58988120442 5.9055062515 3.82744515876 4.50798046749 3.98484756908 4.23445488908 3.82775847598 4.54255537698 4.70187947499 4.51803181317 3.60135179379 3.6109904817 4.46269587685 4.25981825181 3.91448868862 3.82162870496 2.71991746463 3.02580088153 4.88693638016 3.33683714931 3.91442300373 1.0438509103 1.17083703407 0.633052021199 0.689985529485
-9999 -9999 -9999 -9999 -9999 -9999 -9999 -9999 -9999 -9999 -9999 -9999 -9999 -9999 -9999 -9999 -9999 -9999 -9999 -9999 -9999 -9999 12.4525369668 13.6506122126 15.4509481439 16.113014167 13.9460430583 11.2191462728 7.84126962758 8.03467792774 8.35557100785 8.6806714999 6.18952559081 6.14151497983 6.46441621996 5.21386406054 5.32124709559 5.00190596853 4.85409118827 4.73664801588 4.8351374204 3.41427791464 3.65315749953 4.54551110324 2.96596781361 2.74490072406 2.34349183046 2.95803294305 3.68198201594 3.98848230016 2.68041051313 3.64795769595 3.5730013833 1.88568781333 0.670750923319 0.53024974483 0.62163490617
-9999 -9999 -9999 -9999 -9999 -9999 -9999 -9999 -9999 -9999 -9999 -9999 -9999 -9999 -9999 -9999 -9999 -9999 -9999 -9999 -9999 -9999 12.798716831 12.5248264049 15.0696787155 16.8578482346 14.7671422755 9.66353237618 8.07067474595 8.40910702794 7.30334015768 7.4723233852 7.06900579606 6.58338386652 5.31080636069 6.7131348846 5.02271858262 4.83938364724 5.56261242563 5.35527631143 3.81104319803 4.92455292546 3.71353419931 3.04715795523 2.73633700915 3.46534707872 4.28103949668 4.24739342969 2.583498521 2.40529886146 3.35571645875 3.97626922274 1.49413234149 2.72738536996 1.7093869059 1.53865006083 1.06408510596
-9999 -9999 -9999 -9999 -9999 -9999 -9999 -9999 -9999 -9999 -9999 -9999 -9999 -9999 -9999 -9999 -9999 -9999 -9999 -9999 -9999 -9999 12.5398353344 13.2923463296 16.4644675522 16.8856398781 14.3809936211 11.1975649327 9.08669123837 9.59421284752 7.94170003434 7.2051982707 6.44998561393 6.63426687869 6.96661659151 5.15436685494 4.98794721175 6.36276823617 5.63893727135 5.18478066437 5.18681745554 4.23869699977 3.16341854002 3.85265105441 4.56771034552 4.34490139041 4.39964346823 3.875407145 3.03871197455 3.04330069043 3.65812960444 3.07617242716 2.39725995219 2.56502557283 2.65454541878 2.80824746266 1.70508689333
-9999 -9999 -9999 -9999 -9999 -9999 -9999 -9999 -9999 -9999 -9999 -9999 -9999 -9999 -9999 -9999 -9999 -9999 -9999 -9999 -9999 -9999 -9999 13.8179069612 17.2453236786 17.0894690531 13.7040287853 10.5728280862 8.85522490911 9.22593354104 8.00506489332 8.55962460893 7.65043449166 8.21600064245 6.23149940168 6.81021324971 6.82649527791 6.06379926472 4.23591849252 4.64711273064 3.13323740998 4.0220883373 4.96797406948 5.0150153173 4.31451286261 3.88875233311 2.4747739728 2.3294114044 2.18975802479 2.35989844139 1.84612711693 2.29918307619 2.42377187343 3.35908764241 1.98540121856 1.21522929774 2.08921500473
