data/recharge/transience/recharge317.asc
ncols                  80
nrows                 72
xllcorner      4374000.0
yllcorner      5656000.0
cellsize            500
NODATA_value       -9999
[rows 26 to 51 of 72, columns 0 to 56 of 80]
-9999 -9999 -9999 -9999 -9999 -9999 -9999 -9999 -9999 -9999 -9999 -9999 -9999 24.9657263537 24.1376732134 23.7111149425 24.5032450327 24.9217387847 23.4283435696 22.4543824096 21.0655644313 21.2557077529 20.6706543611 17.8623009747 22.6085899105 23.1212956002 22.9894223629 22.7541303131 22.1439679729 22.639469985 21.5653974879 21.1404949088 17.1553321709 29.5027183661 24.9634714493 10.1498900988 19.5669508682 26.1963088129 20.4978593556 14.4255332253 12.7074121454 15.9838768434 12.0589952063 14.162375837 13.5354800257 14.2175804642 13.4512574514 13.1036327341 11.4343951547 9.11938579588 8.00638682265 8.49475934848 8.8823008545 10.3082403179 7.28539455577 6.9529142467 6.67747339005
-9999 -9999 -9999 -9999 -9999 -9999 -9999 -9999 -9999 -9999 -9999 -9999 -9999 -9999 24.9274928758 23.8117362713 22.8665544461 24.39104455 23.5112299855 24.1364112724 22.4195680038 22.1117365973 20.733744486 21.3918014527 22.0314641658 20.8189315707 20.6827611035 22.8486977307 22.3707652224 21.8783984187 21.6736676266 20.2825534649 17.9460014824 29.4227755286 27.4369949886 15.8803013366 20.4693005881 19.3964673075 15.0991566104 12.6901429879 11.777219653 13.9622790005 15.3841226005 13.2985379701 10.2680097446 11.4897093136 9.50757799759 9.82723700435 8.37678121696 9.6804370529 8.92839017064 7.06532637817 6.49055560255 8.47018039932 7.24287538413 11.7063787684 14.7084299855
-9999 -9999 -9999 -9999 -9999 -9999 -9999 -9999 -9999 -9999 -9999 -9999 -9999 -9999 7.53137610564 15.9930938808 22.2855530878 24.8790994448 24.4545719157 24.2937622445 23.667868678 22.2942633789 20.4265395552 21.2454332575 21.1059025376 22.9939994343 20.0415003409 18.8347832972 19.1356859799 20.5750029341 15.5824594069 8.71539742225 17.4962491336 24.5246130471 30.5470031922 12.6108096746 19.0946939018 13.8940187922 11.8824292474 11.2579101064 11.7055404803 12.5118375781 11.7605727363 13.9127406568 12.1041873937 10.328271332 7.25040927434 5.72797512422 6.52735028186 8.0765929771 9.52963416311 10.6777443134 11.3196923777 12.5497101189 11.2325954625 11.7758275418 22.0916292282
-9999 -9999 -9999 -9999 -9999 -9999 -9999 -9999 -9999 -9999 -9999 -9999 -9999 -9999 11.2074368652 16.3122053333 23.2913044922 26.5073593057 24.6616760043 24.3677313303 23.5631830753 23.4153725662 22.6368774811 21.3483904824 20.724627495 20.1137515457 19.7280193541 19.3839083603 18.1844192112 18.7537933531 17.8971819186 17.2206129776 16.9911177255 26.1089344231 36.6720708545 11.1434620007 14.271049028 26.0210514973 7.2185812515 9.78773333464 11.1682250512 12.3809985882 10.6479097229 10.954024526 9.41220223359 10.528200458 7.76866229029 10.1211812363 14.4867049365 16.739519138 15.7765950421 10.8988815485 14.4730446124 12.9162309201 11.3944557221 13.5074901915 11.4153850998
-9999 -9999 -9999 -9999 -9999 -9999 -9999 -9999 -9999 -9999 -9999 -9999 -9999 -9999 26.9174152663 25.186834353 23.6092255176 25.1959519858 23.7361144854 23.8806334893 22.7759198258 22.6278298772 21.3170890502 21.9147750539 21.8256568468 21.9901395074 20.0047027549 19.8018613436 18.8116790222 18.505255944 18.1341079631 18.5578057244 17.6175661976 14.1489863137 11.0549537693 11.1311801522 9.90080195354 21.1666922239 8.29605679177 11.6975409961 13.2912562283 10.6094052946 7.92067302604 8.55935136191 7.35383710851 8.34855154688 12.9525901394 15.9323802567 23.4746213019 25.1967491517 20.1659552399 21.6565161958 16.0687789685 14.7527570035 12.4932474758 10.9634013671 11.8526275223
-9999 -9999 -9999 -9999 -9999 -9999 -9999 -9999 -9999 -9999 -9999 -9999 -9999 -9999 -9999 24.808412423 23.8244436112 23.8342354349 22.3916750855 21.3710096292 22.5280448838 23.1576586408 21.3846995816 21.6966970887 22.0669691255 21.1661912498 19.3083452412 19.2685437825 11.0617534286 18.2154608703 16.8294472156 16.7678020969 15.792021211 13.2105858166 11.6272560518 11.6974912063 10.779284606 10.6412360013 9.93731962084 8.28730700915 6.37311335264 9.26674349181 6.91809718759 7.61882682316 7.61060958008 8.00251181549 6.53594129043 7.16310282185 10.4454816179 11.6802101655 7.97455348829 7.18341613422 10.3589168712 14.7133700482 14.0046561741 13.8792559545 12.3551362517
-9999 -9999 -9999 -9999 -9999 -9999 -9999 -9999 -9999 -9999 -9999 -9999 -9999 -9999 -9999 -9999 23.4660599159 24.1544840654 21.4003628191 23.4564407077 23.4310523449 24.0234156793 21.3401600114 22.1637431888 22.3395584182 21.3593138224 20.2251923031 17.6543331402 9.91676849465 16.180964087 18.1785225424 12.518098693 9.1106115317 6.1387711663 10.6177435831 11.3436089624 10.7162337173 11.297602441 10.7086501267 14.0105698993 23.9478218146 22.3698179713 20.4023702091 11.6651651327 5.65037872464 4.218198759 3.20594014456 9.85063160219 7.31846968646 5.6756324622 7.75886813022 11.3140938262 8.89150055454 7.45285155637 8.47936307845 7.62360322892 7.08889173785
-9999 -9999 -9999 -9999 -9999 -9999 -9999 -9999 -9999 -9999 -9999 -9999 -9999 -9999 -9999 -9999 28.2038871979 26.2086610565 23.5252869707 25.3841701971 23.1296379557 21.9457266263 21.2699514989 22.1115601135 21.741423209 22.2005472558 20.4701887673 20.2055153027 10.8104063765 15.1173976093 10.9522086762 8.10675774674 9.3388560157 6.77537919686 11.4565848347 11.0137987626 13.4980845148 11.5079219778 10.5928686353 10.7819682715 18.8353289199 13.301893071 19.3018639732 22.7585091229 14.9625976805 10.1879566268 10.8048234328 9.35361113287 5.51399188226 6.96998415222 9.31232400848 9.73644179934 11.9804147361 12.55594831 14.1574719235 11.1868600225 7.15262571335
-9999 -9999 -9999 -9999 -9999 -9999 -9999 -9999 -9999 -9999 -9999 -9999 -9999 -9999 -9999 24.0121917324 24.0105495094 25.166293578 26.180540194 25.2102907764 22.8598603112 21.3661205553 20.3940685214 21.1334925388 20.8722272577 21.6487552969 20.2777843048 20.3068891376 13.570422533 16.8467533878 17.1059074941 17.4154221927 17.2965719994 13.8046545524 15.5792467793 22.4882943816 18.300379719 20.2282931355 16.2397835963 8.58474027596 15.3653002904 16.8249455767 12.2296321794 12.0091247213 11.5112488135 8.30764976747 6.59789796333 7.40642496575 7.83541277983 9.26663062363 7.27051702221 5.67941469735 6.3620441842 7.11663954085 7.78332112337 8.00814046939 8.77106031766
-9999 -9999 -9999 -9999 -9999 -9999 -9999 -9999 -9999 -9999 -9999 -9999 -9999 -9999 26.4735950965 25.3163723043 24.4558488054 25.9698899119 25.4896769748 24.9951439185 24.0405353294 23.9272251575 21.8427783182 21.842258025 20.0434966718 20.6898811279 19.5130649103 19.1805486928 17.3102676891 17.4386667853 16.5075433349 16.908376386 16.4790166895 18.3141436703 18.9551913693 28.9402672222 17.6044216547 13.3107386855 10.391400774 16.9695502822 15.6466748169 10.2614964272 8.77352801564 9.71842643951 6.03041966759 5.06768041892 8.71613018228 9.96198497189 8.9780768326 7.30533583672 6.42597658241 6.36129470751 6.84823561298 6.68397340418 6.30480658392 6.7213356471 6.66305530075
-9999 -9999 -9999 -9999 -9999 -9999 -9999 -9999 -9999 -9999 -9999 -9999 -9999 -9999 26.2935138064 27.0951231326 25.6597233234 25.8198597047 24.0759925456 23.7470618624 21.7876555144 22.9023932217 21.355436088 21.438924659 19.7789204857 19.8218255227 20.577816809 20.8768241753 19.2581186007 17.7887018591 17.2984258305 19.4137177671 19.1871427225 18.4217366347 16.32876192 22.2944963376 26.2538321325 29.0159851576 20.3805019742 20.7305126839 23.1374691129 22.0542744223 10.6397520168 9.56118072579 7.75413829661 4.29236810844 7.31995174883 13.1707601342 11.5813103901 12.9241072987 12.7217394769 12.6424037331 9.87473122328 8.76008139758 9.82413284966 9.45868945191 7.28581170044
-9999 -9999 -9999 -9999 -9999 -9999 -9999 -9999 -9999 -9999 -9999 -9999 -9999 -9999 -9999 -9999 26.3828035317 27.8507792439 27.4465059236 26.9226723525 25.2400335198 22.5117772147 22.4002964518 22.2188268797 20.2716041847 22.2814229659 19.4204919424 19.8485989175 18.5423427922 20.4900510537 20.105949546 19.8368350047 18.6000542046 17.2764349347 17.0958800817 17.1801323871 20.5041768002 20.5763842732 23.5898354006 21.5848568593 14.8872584506 14.7905812364 17.8275900503 15.1289669035 5.32751888222 6.49049631073 5.39697777627 7.11242693685 8.16244850992 9.66416474486 9.30730358642 9.56533239044 8.57489253205 7.46965114405 5.15444645672 5.49753155272 8.1452726344
-9999 -9999 -9999 -9999 -9999 -9999 -9999 -9999 -9999 -9999 -9999 -9999 -9999 -9999 -9999 -9999 28.4384554159 28.3706375642 27.9125460304 25.6942350373 25.1044367113 24.9859748467 20.8053410174 21.0757728499 20.8171179199 22.8683602509 21.3959361852 21.2005432684 20.4241400048 20.6987688851 20.9598315362 20.5903225717 18.3677114266 17.1322041473 13.9276259106 14.5065710362 14.2430209397 15.5199684092 11.9350086943 10.9187474697 12.2084552793 14.5309232336 8.29829195295 11.2663220321 13.7658905456 5.14866276118 2.34364753969 4.09042582292 6.76691077104 5.22795547401 4.08267222463 4.15731944891 3.19665118625 3.75406098636 3.60779208761 3.63628505033 3.59426755164
-9999 -9999 -9999 -9999 -9999 -9999 -9999 -9999 -9999 -9999 -9999 -9999 -9999 -9999 -9999 -9999 -9999 -9999 27.9790505326 26.4746111686 24.790547201 25.1725963923 23.6497405458 21.6159620701 20.2900014108 21.2957936498 20.8711764251 21.5783029265 20.4497339566 20.2696086952 17.7560996506 16.617357832 15.6958244975 16.6595766424 13.770696425 15.5378045386 14.8566506358 12.4071145208 11.2913652428 13.7705164526 10.7496700187 9.78034361441 8.64201299293 8.58616697255 7.39110504032 8.19000787381 2.93589836716 2.95215926737 4.80364457372 4.18394632202 4.59262363454 5.12957107276 3.28174188582 3.39207185306 3.94809873698 4.26211254547 3.93127205961
-9999 -9999 -9999 -9999 -9999 -9999 -9999 -9999 -9999 -9999 -9999 -9999 -9999 -9999 -9999 -9999 -9999 -9999 -9999 25.3126393912 24.8059296158 24.9780117386 24.0062977428 23.0352909412 20.7037078453 20.2771752431 19.3244572135 20.8055000812 17.7284027984 17.3590499692 16.8314054954 17.2946615392 14.7734056529 14.2667761135 11.9031987854 11.4164965736 10.5080679657 12.753728032 10.9345514897 11.9492955217 9.30185251761 8.6169848099 6.83715630726 8.40356563122 8.15796463509 8.47314702735 5.81820097918 2.32759271377 1.72260363427 3.56675050453 3.39045573 3.76295252 2.84486600911 2.81110926906 3.47762105341 3.29752105039 2.59898083302
-9999 -9999 -9999 -9999 -9999 -9999 -9999 -9999 -9999 -9999 -9999 -9999 -9999 -9999 -9999 -9999 -9999 -9999 26.3886996279 27.0526141048 27.0037584631 26.7527111824 24.1922202755 21.8191662383 20.4191086423 19.9516091287 17.6316308827 20.2213770496 19.1336672928 18.3917550327 12.6999055854 7.31550485457 14.800412251 15.5133305864 14.324646558 15.6947628434 16.4529429793 16.0779971622 14.8011948446 14.1678606826 12.3286268898 9.29454275875 7.88790515463 6.31382782093 6.85883805841 6.46213400973 7.60187331505 9.70464527478 4.90377814305 2.28858136632 3.67435813358 6.28915392139 6.96398032186 6.53470877504 4.89705162676 4.24297205778 3.77520020941
-9999 -9999 -9999 -9999 -9999 -9999 -9999 -9999 -9999 -9999 -9999 -9999 -9999 -9999 -9999 -9999 -9999 -9999 -9999 28.2378045732 27.0907374037 26.6820885652 24.1632083921 21.7751311242 20.9187792466 20.5764307524 18.1824453467 18.0323487749 19.4273396966 20.2638747651 13.018206629 13.0654563074 18.6921908306 16.4079212161 13.2249935687 11.7761631579 9.8179689101 8.76203876891 7.27565161161 7.28148471144 7.19012938759 9.05923462897 8.10158813831 6.91668312303 6.54750180288 11.817525682 8.9105932427 7.04936047972 5.57474813723 2.81541056047 1.01635181512 5.21158472082 6.03115774232 6.26363257275 6.89703807012 2.10404255319 2.23357413851
-9999 -9999 -9999 -9999 -9999 -9999 -9999 -9999 -9999 -9999 -9999 -9999 -9999 -9999 -9999 -9999 -9999 -9999 -9999 -9999 26.2953760132 26.8173813465 24.1660392983 23.1188528104 19.8000897015 20.3311487396 18.2533523781 18.2424348811 18.3163010679 17.7630928683 16.4834683107 16.261159761 16.9307349346 13.6050267831 10.1067460178 12.6514308631 12.7814922736 13.4622694052 12.7803722128 11.8731180039 8.97646503012 11.1061065841 10.8672466886 9.76683841053 11.6710775745 10.3968980427 8.60203293783 9.57521809466 8.3192648597 7.35818932062 4.34411494199 2.53091165139 1.20639110109 1.28920456021 5.22507655014 1.49315630146 1.5147653752
-9999 -9999 -9999 -9999 -9999 -9999 -9999 -9999 -9999 -9999 -9999 -9999 -9999 -9999 -9999 -9999 -9999 -9999 -9999 -9999 -9999 26.349636516 24.4387677427 24.2688563405 19.3109691329 18.7347969768 17.8023358901 18.7217735739 17.2041853851 16.9096890134 16.36608964 17.308816104 17.5590107884 9.51792756958 16.5635481019 16.5037619867 13.0584469822 11.288487469 9.60495012048 9.87011853501 11.6075436991 12.05591261 12.4786030095 9.54143199645 7.77344509952 5.92955266239 7.13557008975 7.83350564216 7.52746262605 9.13179067067 10.9834525868 7.41414589993 4.70368179119 1.95546778781 0.625933508288 0.82494108126 0.974419519437
-9999 -9999 -9999 -9999 -9999 -9999 -9999 -9999 -9999 -9999 -9999 -9999 -9999 -9999 -9999 -9999 -9999 -9999 -9999 -9999 -9999 24.8738356291 23.6264771727 23.4493243166 21.4070818147 20.9127459533 19.3369993185 21.1059893324 19.8303494444 17.3312119265 7.95414169599 16.0552124224 18.8690036547 17.1592412117 12.2278915159 12.9364618251 11.1437773344 12.0581322559 10.5767827588 11.8962785859 11.6994652589 11.3343603334 8.97237509045 8.74660392528 10.0331100007 9.57889673721 8.69584323706 8.48638817597 5.80501637348 6.00795832967 6.53919515818 4.12981882155 2.76141363914 1.28648065924 1.1108881076 0.684765568139 0.746426544491
-9999 -9999 -9999 -9999 -9999 -9999 -9999 -9999 -9999 -9999 -9999 -9999 -9999 -9999 -9999 -9999 -9999 -9999 -9999 -9999 -9999 -9999 23.7164846085 24.5531117736 21.9743131075 20.2920813373 18.5898748528 21.3547012328 19.8200116116 19.8442000751 19.0049816524 19.3634967189 16.7720920288 16.2042357765 15.7213779013 13.767512963 13.3560722996 12.8488692639 12.0703614686 11.591932051 11.1649576229 8.11762151249 8.3216027455 10.2187104078 6.05054426489 5.38883527851 4.3819472363 5.67625919948 7.33600192925 7.36592863156 3.21838055809 4.56628665272 6.61977589495 1.59795833977 0.637854478978 0.554041699114 0.62909497368
-9999 -9999 -9999 -9999 -9999 -9999 -9999 -9999 -9999 -9999 -9999 -9999 -9999 -9999 -9999 -9999 -9999 -9999 -9999 -9999 -9999 -9999 24.1868960585 23.7247093964 21.4541857983 21.0869753521 19.4295849536 20.6932068263 20.1109092561 20.5005100808 18.7223437677 18.9782209533 17.793696596 16.5695445114 13.9207217087 16.0467177426 12.7565267612 12.4746588665 13.0466996427 12.6548851603 9.05136086369 11.335023883 8.45614780008 6.87594024417 5.92770437736 7.06598541333 8.59282607308 8.61323218261 5.06069121898 4.75797787452 3.8597488703 6.92352975648 1.21288722536 2.93343755986 1.46250067519 1.28985558949 0.945513021093
-9999 -9999 -9999 -9999 -9999 -9999 -9999 -9999 -9999 -9999 -9999 -9999 -9999 -9999 -9999 -9999 -9999 -9999 -9999 -9999 -9999 -9999 23.9440296272 24.2823712501 22.8576741517 20.7728881581 19.8960988026 21.6966694966 20.5641888776 21.2306091414 19.1506419901 18.0246508003 16.2242592361 16.3433925614 15.9269652847 13.2157729559 12.1615669726 14.3472879784 12.4574754138 11.7155208193 11.0754286038 9.28053946188 6.49003882593 8.01608821922 9.25752224795 8.6526463922 8.14005651072 7.10044419334 5.51000689614 5.52026736064 7.01170659745 5.78995843111 2.30902505596 2.2838824071 2.65051888722 2.99978205717 1.41136782124
-9999 -9999 -9999 -9999 -9999 -9999 -9999 -9999 -9999 -9999 -9999 -9999 -9999 -9999 -9999 -9999 -9999 -9999 -9999 -9999 -9999 -9999 -9999 25.0779885318 23.1381868778 21.1193544867 19.6097050688 21.4805541273 20.4884471429 20.8193410733 19.2169980911 19.9564623523 18.1593806406 18.7041722962 14.9122784658 15.7184760046 14.9989859122 13.9064276977 9.8879889883 9.34834485652 6.8197779565 8.818492707 10.2423230694 10.2979588122 8.78265590363 7.90895220542 4.48967870388 3.95927210065 3.79688818991 4.13577431514 3.32080581768 4.18688672021 4.64367665186 5.0199302798 1.73193914117 1.33207618826 3.65551353378
-9999 -9999 -9999 -9999 -9999 -9999 -9999 -9999 -9999 -9999 -9999 -9999 -9999 -9999 -9999 -9999 -9999 -9999 -9999 -9999 -9999 -9999 -9999 23.0140004951 22.3528175441 21.7004988404 20.0954489801 22.3639607294 20.7328057888 21.3855519808 20.0377943617 20.5476945395 18.4282639066 17.9290697959 15.6653628337 15.3847933009 13.4718532247 12.3325638048 9.60462662395 6.86343071411 12.0759740424 12.1292260325 10.8042281477 8.41129505912 5.94511460574 6.43547636323 7.29793340532 7.72800645548 6.1814027376 6.02084439654 6.9547792266 7.25444727491 4.77231250122 3.75082050374 3.60707552939 5.69188948824 3.92807895275
-9999 -9999 -9999 -9999 -9999 -9999 -9999 -9999 -9999 -9999 -9999 -9999 -9999 -9999 -9999 -9999 -9999 -9999 -9999 -9999 -9999 -9999 -9999 -9999 23.3662507151 21.776864872 20.2519599922 20.1895696218 20.3977655507 21.1757744618 19.107246275 14.1509522618 16.7821851816 18.1248826339 16.9416301677 13.579470082 11.4821020486 14.2422526596 12.5892894633 12.4451830384 12.811062732 8.9428713229 6.14412677855 7.52635303916 8.4974426786 7.83066340355 5.58441148048 6.93447960718 7.89876048295 6.6965208754 5.00974616801 3.59776685914 3.09410028775 6.2055880588 5.79330489016 4.00564941866 4.35473349637
