data/recharge/transience/recharge38.asc
ncols                  80
nrows                 72
xllcorner      4374000.0
yllcorner      5656000.0
cellsize            500
NODATA_value       -9999
[rows 26 to 51 of 72, columns 0 to 56 of 80]
-9999 -9999 -9999 -9999 -9999 -9999 -9999 -9999 -9999 -9999 -9999 -9999 -9999 26.4230635829 24.7025195247 24.4978387203 23.8168177143 25.6169942282 22.3315037597 20.6708557293 18.2210922 18.3920413879 17.4467277557 14.5501342026 17.8148252765 17.7358334539 16.5523725546 15.3701070134 14.0720387285 14.3871443405 12.805795227 12.6843900088 14.5250837913 16.9872701909 13.7547950764 8.02566201044 14.11701685 14.2939468049 11.3855259962 8.19220912496 7.38681351629 8.92454550658 6.72238539564 8.14758365339 8.80170609249 10.4814652429 11.6734519329 11.4923289476 8.25376585229 5.78878386334 4.92041553779 5.13609483502 5.23414441361 6.46734024729 5.55915404391 4.27484096583 4.18657431348
-9999 -9999 -9999 -9999 -9999 -9999 -9999 -9999 -9999 -9999 -9999 -9999 -9999 -9999 24.6419830444 24.2806029008 22.1021715831 25.6112797658 24.9161730419 25.0822090418 18.7353984019 18.5926630092 17.8209893519 17.788715805 18.2143875947 16.8248710051 16.4364545756 17.4707093375 15.0468480503 13.7947896684 13.2103937134 15.1708201538 15.0244987104 18.9062446599 14.9032367487 12.3010810907 14.5765715876 10.4751376888 8.52609139364 8.34829252432 7.96198869399 8.03976142169 8.38351231604 7.33172861022 5.82057321044 6.43212944356 5.48309205806 6.07651279708 4.94320466232 5.57986426471 5.35013901032 4.42321907114 4.04336203759 6.0913427511 4.94929354971 7.70371581211 9.53517012197
-9999 -9999 -9999 -9999 -9999 -9999 -9999 -9999 -9999 -9999 -9999 -9999 -9999 -9999 7.12463363105 16.262900609 24.0540239911 26.1046561238 25.911189354 25.7688717253 23.7517425941 20.2759599675 18.2881494655 18.6416752603 17.8150724417 18.3419655451 17.0891196443 17.1971135615 16.8588241552 17.3048596788 12.9937760019 7.11697512985 15.5941873837 19.2152512402 17.1799038956 9.39187911346 14.9002820586 8.23536515636 8.28647153817 8.07344778643 7.3820283471 7.6594317292 7.13060084529 8.16080654116 7.18056220802 6.27352896098 5.5233703163 5.00654904602 5.39300384712 5.26690311097 5.89484866587 6.48818541114 6.89518027713 9.22233007721 10.0111940919 10.3564689614 13.3319925138
-9999 -9999 -9999 -9999 -9999 -9999 -9999 -9999 -9999 -9999 -9999 -9999 -9999 -9999 11.0500667011 16.8136972174 23.9549477063 26.5565406009 25.6302240732 25.6484519009 25.1829286442 22.610115139 19.1460479924 18.5199770665 17.6559435834 17.5343858242 17.3663472681 17.5197737757 16.532252524 16.7264487197 15.7955091632 14.9476183631 15.1867669233 21.0645425149 20.2972896723 7.79453788843 10.3409013662 13.9080570699 4.94891748409 7.52466874201 6.93641824617 7.50498026778 6.62181671445 6.75433890573 5.79922166027 6.37785634154 4.95007849089 6.1732364319 8.21257123875 9.45583014113 9.51193907855 7.45291766034 9.47005619641 8.81167396613 8.37631978337 9.09733300319 7.43495961306
-9999 -9999 -9999 -9999 -9999 -9999 -9999 -9999 -9999 -9999 -9999 -9999 -9999 -9999 26.832809837 26.295870156 25.2348688477 25.9295524596 24.3840182416 24.8073269391 23.1951107931 22.8850135561 20.2539875131 20.5345601581 22.352814377 19.557035041 17.7397647402 18.2579771615 17.3686710775 17.2170831413 16.5365491319 16.6990668362 16.2851590658 12.3926742528 8.25602867887 8.27503066361 7.58585237014 15.0406283763 6.95187911294 9.47188053876 10.3792884146 7.05781782362 5.65268132506 5.98539682538 5.21095838912 5.66700075195 8.43688401696 10.5762497687 14.7870487609 15.5976773078 13.2477020139 13.8409961004 10.8630565027 9.61887838212 8.20431897216 7.40612190424 8.08867237528
-9999 -9999 -9999 -9999 -9999 -9999 -9999 -9999 -9999 -9999 -9999 -9999 -9999 -9999 -9999 26.442464446 25.5926072894 25.6362881113 24.4541315227 24.1567039921 24.2468250667 24.5370507757 20.010444113 20.1275115427 22.435065283 18.9793400109 17.7199091951 17.87116471 9.33381696915 16.8009789468 16.0267772112 16.0241937601 15.2775751845 11.1312758979 8.38519181528 8.40047784694 7.79895513204 7.76727247973 7.50817641113 7.32534793251 6.58325460265 9.6175282727 5.57602009349 5.57025903322 5.46516904418 5.90802873046 5.79177905691 6.27191858123 8.40380171013 8.32142900712 5.74869906536 5.30404696658 7.08169884359 9.32882050745 8.96527539761 8.9030982276 8.35558134797
-9999 -9999 -9999 -9999 -9999 -9999 -9999 -9999 -9999 -9999 -9999 -9999 -9999 -9999 -9999 -9999 25.9328504684 26.5756698232 24.5553184293 25.1763078903 24.9876227316 25.4875022853 21.2290615552 23.4366465869 23.7854683787 22.3073622348 19.4248222001 16.4069921963 9.07533483027 15.0519793114 17.5751958167 11.3522190027 7.48362363229 5.03625959124 8.49245440209 8.65580750114 8.37250541051 8.49638944525 8.19908639786 10.8383889071 18.1193964435 17.5361422523 15.2816154127 9.68565843695 5.66716879703 4.32625814199 3.4933096594 7.58607160459 5.66613054579 4.67570702484 6.05168800904 8.08535865284 6.83327174752 5.95663047347 6.63487116262 6.10714389837 5.81728861949
-9999 -9999 -9999 -9999 -9999 -9999 -9999 -9999 -9999 -9999 -9999 -9999 -9999 -9999 -9999 -9999 28.0805156464 27.1346979431 25.3655919617 26.7713150739 25.2230815841 24.0837459268 21.5021595795 25.3169953452 23.8403301294 23.9652412961 20.9572780211 18.6822444843 9.56698658648 14.2448286208 10.1524736754 7.23201581518 8.24688248903 5.81014831736 8.47045645038 8.58283227436 10.328877044 8.5382323011 8.17388956825 8.85466137635 15.962197015 13.2745213892 15.4829247199 15.1241001503 11.131306806 8.7384651553 9.23837513573 8.88386761461 4.57795358295 5.46375189439 6.9783555721 7.21671889994 8.52768990059 8.82732763414 9.70600650228 8.16876859722 5.85758280276
-9999 -9999 -9999 -9999 -9999 -9999 -9999 -9999 -9999 -9999 -9999 -9999 -9999 -9999 -9999 27.0545620799 27.1481951985 27.8326625684 27.8805194635 27.4297258037 26.0776261434 24.7805333334 21.8572064335 24.7806230294 23.9922808165 24.2795678277 22.0061216986 22.0240482196 13.0467373951 16.7256136724 17.4363422141 17.569368426 17.3012857887 13.5885818714 14.8419564974 18.7940037954 17.5716623193 17.1460698398 14.7412431555 8.6021579972 14.7635957146 14.0239086177 11.5429216169 11.422761002 10.9807908961 9.12381689048 8.90553306855 8.37504146597 6.96278797742 7.46561834892 6.20944709456 5.17102604965 5.75200223234 6.25097435902 6.71741084461 6.86086959066 7.22790420155
-9999 -9999 -9999 -9999 -9999 -9999 -9999 -9999 -9999 -9999 -9999 -9999 -9999 -9999 27.9927437486 27.5194044801 27.2924972938 26.8229039929 27.9665827932 27.5122573503 27.1632110168 26.8388999053 25.7265259018 25.6577097277 23.6078256737 23.9570063181 21.7044424862 19.2747971448 17.9465323539 18.0060695889 17.1846057325 17.3733944419 16.3071891026 14.996540535 14.2508662066 20.5996825418 16.9453315879 14.6972737574 10.3314495578 14.6063041806 14.0688417807 10.1770392668 9.4618545955 10.0929785036 7.4028214136 6.51832708319 9.13541117104 8.63339366302 7.29326737781 6.24427557566 5.6659021531 5.62370216906 6.07259150834 5.96029042389 5.74371321816 6.01687306804 5.86325568783
-9999 -9999 -9999 -9999 -9999 -9999 -9999 -9999 -9999 -9999 -9999 -9999 -9999 -9999 28.2580425469 28.3233439563 27.919775664 27.355294443 25.5613728561 27.2363599081 26.6841930445 26.8965899 26.0302159936 25.95567459 23.3307932331 23.4498376614 18.8917218388 19.0281596506 18.2882011167 18.5589123916 18.1867553849 18.0759823271 14.1179284837 13.6490319147 12.2418108062 16.5680725838 20.4021229216 21.9609892145 16.8100822702 16.9967865334 18.2804778769 17.6992358996 11.7140890452 11.0770449844 10.002907505 6.93143883894 9.63156588547 11.5354059244 9.41048492248 10.1296898514 9.99470734559 9.96085470877 8.44101151917 7.79007008895 8.36693687357 8.16865755566 6.79364919106
-9999 -9999 -9999 -9999 -9999 -9999 -9999 -9999 -9999 -9999 -9999 -9999 -9999 -9999 -9999 -9999 28.2707437438 27.6897005404 27.1776433823 27.0596462511 27.112505685 27.173344617 26.3395003209 26.2265707503 23.504747235 22.6176860481 16.1608133737 16.4254641592 14.7429493021 16.5615757755 17.3922770018 14.909986299 13.764776946 13.0141004378 12.7083170206 12.7572505198 15.6858875221 16.9456971932 18.1642867751 16.104896287 12.3339162182 12.8571342205 15.8268583036 14.6660599395 8.03435992964 9.05470869482 8.1167527422 7.91230350724 7.42949114303 8.38200016669 8.16230280992 8.31556628896 7.67241281786 6.96929757359 5.33301967137 5.58254478149 7.37616389728
-9999 -9999 -9999 -9999 -9999 -9999 -9999 -9999 -9999 -9999 -9999 -9999 -9999 -9999 -9999 -9999 27.9656067442 27.9124059104 27.7378468193 26.8610552024 26.4224472307 27.3311039189 26.0837739497 26.0173468423 24.5920051334 23.9101759838 17.9523441607 17.7704654573 16.6040187388 17.0324921155 16.9951365684 16.7511536936 15.0953962775 13.7732726398 11.6593442678 11.9968126508 11.8090695947 12.5499881804 10.3959753362 9.70431407226 10.5268613565 11.8651129758 8.55895945 10.7109742106 13.6624699129 8.94345623933 5.12000164774 7.41480003205 7.28448595763 6.11716526955 5.08701856055 5.15252299238 4.19012148063 4.71746046757 4.49575252702 4.51860892631 4.37467851322
-9999 -9999 -9999 -9999 -9999 -9999 -9999 -9999 -9999 -9999 -9999 -9999 -9999 -9999 -9999 -9999 -9999 -9999 27.7664090441 27.2029886008 26.0640161037 26.4074899945 27.569330282 25.9921340471 24.4000201477 25.1077988977 17.7001950247 17.7356906984 16.7793751168 16.7614355393 15.1690929503 14.5679372096 13.8771759994 14.010722582 11.5620127669 12.5848198745 12.1641582902 10.7172368521 10.0388322693 11.4507067652 9.63508504561 9.00341780772 8.47581345529 8.43752291654 7.42662832611 9.23422854903 6.15122675066 6.30809610355 8.40201588227 5.4982693877 5.51046733497 6.00077348991 4.27783955106 4.38636676695 4.81073581284 5.0849208388 4.67999450209
-9999 -9999 -9999 -9999 -9999 -9999 -9999 -9999 -9999 -9999 -9999 -9999 -9999 -9999 -9999 -9999 -9999 -9999 -9999 27.0112568171 26.6121202494 26.7870308601 26.4759314618 27.1890676064 25.5261468289 25.1285300426 20.2881860374 18.3790743002 15.8014550734 15.6047535708 14.9628056431 15.5417803054 13.6652974771 13.3423651389 11.2044626798 10.6762309551 10.283014552 11.672403635 10.6485196712 11.2154800593 9.4801588215 9.0027384994 7.77162299377 8.91966627215 8.6312245154 8.86486534827 8.48001765363 6.20376491153 4.94212060764 8.35306954238 5.67792368737 5.32440581134 4.32685007942 4.28891797932 4.89529497084 4.70990696485 3.89184156135
-9999 -9999 -9999 -9999 -9999 -9999 -9999 -9999 -9999 -9999 -9999 -9999 -9999 -9999 -9999 -9999 -9999 -9999 27.6310068682 27.8975090724 27.7151289023 27.6180868741 26.1771498085 27.0536104852 25.4074341553 23.9473731868 20.089721558 20.4252255956 16.5442889311 16.1638668476 12.4409192885 7.08510418014 13.7693539972 13.6599511791 12.7607789293 13.6520034997 14.2896266045 14.0680000488 13.4899598328 12.94385187 11.4981530786 9.47797337164 8.53327674237 9.15840316826 9.1504317182 8.93241808036 8.18607316576 12.6287239348 10.0549301374 6.40643641515 8.94658490532 10.4013792968 8.9848937328 7.57240696852 6.19131480788 5.63830122684 5.13218517748
-9999 -9999 -9999 -9999 -9999 -9999 -9999 -9999 -9999 -9999 -9999 -9999 -9999 -9999 -9999 -9999 -9999 -9999 -9999 28.481854077 28.0168219734 27.8702907541 26.5512126228 27.4254594816 26.2904003104 26.0834784687 20.3750067191 20.4229553209 19.5716557643 20.3497473303 13.9874706307 14.015237727 17.4468206742 14.7109680014 13.722584523 12.7134764511 10.5042426122 9.70623232974 8.93551215031 8.94580321386 8.83150609072 10.0333254804 10.2050767537 9.34114840588 8.36308530464 12.0441684089 9.80037851694 8.78738229145 11.1998183913 8.62367346945 4.11507625565 10.8663262063 10.9349449103 7.62373675982 11.4698301486 4.46566998904 3.9244648013
-9999 -9999 -9999 -9999 -9999 -9999 -9999 -9999 -9999 -9999 -9999 -9999 -9999 -9999 -9999 -9999 -9999 -9999 -9999 -9999 27.6910877342 27.8974267929 26.5853151439 28.5023386023 26.0107702613 26.02112812 20.2949119467 20.5295082321 20.5134535437 20.287142145 19.4186774519 19.3399240328 16.3995639653 13.5566068828 11.0814164676 13.2033701374 12.4621367267 12.7740126932 12.7770545974 12.0681365093 9.98388720581 11.4205515556 11.2605122705 10.5566047182 11.7133956668 10.944578457 9.58421630625 10.2375760509 9.71084366731 11.8420180496 10.0858239822 7.35633486456 4.40633821259 6.20275350193 10.2447827282 5.81038851124 5.91942200468
-9999 -9999 -9999 -9999 -9999 -9999 -9999 -9999 -9999 -9999 -9999 -9999 -9999 -9999 -9999 -9999 -9999 -9999 -9999 -9999 -9999 27.9222579629 27.1344298026 27.5176779984 25.1888168377 25.0173288882 20.616367477 21.2443334308 20.4295917715 20.3508293619 19.7119237186 20.351066247 16.6452168324 10.2002609766 15.7687367565 15.4389969427 13.246522121 11.8583288952 11.0668772966 11.2931166955 12.5242691372 12.8126076926 12.7321590321 11.0005666248 9.89256527357 8.35990036885 9.28457981706 9.82655043674 9.41325852381 10.5084811673 10.8688103721 10.0485863378 7.84035352081 7.48052324947 2.4916006929 3.65861860511 4.50168420872
-9999 -9999 -9999 -9999 -9999 -9999 -9999 -9999 -9999 -9999 -9999 -9999 -9999 -9999 -9999 -9999 -9999 -9999 -9999 -9999 -9999 27.3086371051 26.6793720003 26.6398135205 26.4813569338 25.5017761482 21.1957643201 21.2881869395 20.0930173762 19.6941675735 8.74318680092 18.6148621409 17.7953709407 15.7981670235 12.4448882944 12.7267954551 11.9412706572 12.1033759732 11.3732928027 12.5767369829 12.5759727659 12.3411961436 10.4656397239 10.3538796098 11.4922634972 11.1857590503 10.4338186211 10.289558577 8.05620272006 8.16689592621 8.30348563711 6.03920661604 8.10026030376 4.49037502695 5.16064755029 2.83527168524 3.23435814629
-9999 -9999 -9999 -9999 -9999 -9999 -9999 -9999 -9999 -9999 -9999 -9999 -9999 -9999 -9999 -9999 -9999 -9999 -9999 -9999 -9999 -9999 26.8874576276 27.3646574298 28.4810565176 26.9574042086 22.541995303 21.9267634625 18.5513339317 19.2547559554 19.9010667166 20.102515689 16.5428185499 15.3632674437 15.0189509207 13.7010082499 13.5178725292 13.0984011656 12.5973840795 12.6373667668 12.6593375589 10.5202181517 10.6889555573 11.9908934877 9.07819080677 8.48317026094 7.42154812253 8.66020035263 9.87466665853 10.3653390096 4.54462892424 7.97415923585 13.6830370672 8.01259399568 3.15799556747 2.55022530195 3.12679755564
-9999 -9999 -9999 -9999 -9999 -9999 -9999 -9999 -9999 -9999 -9999 -9999 -9999 -9999 -9999 -9999 -9999 -9999 -9999 -9999 -9999 -9999 27.1001562075 26.9055473962 28.2483817966 27.143801653 24.6518980355 21.782540678 18.7630917971 19.0557015143 17.7813284996 17.9102929924 17.0438195396 15.456548011 13.795991108 15.2123093072 13.3060670774 12.9736058128 13.5561205027 13.4560649938 11.2120502171 12.7746272659 10.7820735747 9.59863923242 8.92881804087 9.98578090053 11.0306034044 11.0744671224 7.96501219247 7.9622258875 7.96613913794 12.9262873048 6.5837552245 10.8064495119 7.39208108956 6.77878536318 5.16310654193
-9999 -9999 -9999 -9999 -9999 -9999 -9999 -9999 -9999 -9999 -9999 -9999 -9999 -9999 -9999 -9999 -9999 -9999 -9999 -9999 -9999 -9999 27.1066311491 27.3223893665 28.7471816368 27.0271471243 26.034545812 23.0164530949 19.7932958836 20.3132318103 18.6840192661 18.063140747 16.8627964572 15.9761396559 15.7528925442 13.8870779803 13.3614579115 14.8415754406 13.8823074786 13.4019501706 13.1241689104 11.873727593 9.79744137306 10.9826285941 11.8280268322 11.4951148202 11.4268899014 10.6350850138 8.94682914502 8.95887485261 9.95358418506 8.94038010743 9.99519967488 10.6506164655 11.0346332894 11.5008378446 7.96062344385
-9999 -9999 -9999 -9999 -9999 -9999 -9999 -9999 -9999 -9999 -9999 -9999 -9999 -9999 -9999 -9999 -9999 -9999 -9999 -9999 -9999 -9999 -9999 27.6591271752 28.6153195725 27.1890401511 25.8490031416 23.0757144468 19.4391362447 20.0331851908 18.7025683982 19.1550979432 17.9916832599 17.8095427949 15.0684547277 15.6189208515 15.2609472268 14.5422859766 12.1091111051 11.7198523567 9.9937079755 11.5238009926 12.6053958124 12.5878421998 11.5269622125 10.9057119379 8.10046333428 7.53098544518 7.11781796089 7.52426512258 6.23970168789 7.33535612613 8.05992667058 12.3683848101 8.81181427941 5.8175087335 8.31246032531
-9999 -9999 -9999 -9999 -9999 -9999 -9999 -9999 -9999 -9999 -9999 -9999 -9999 -9999 -9999 -9999 -9999 -9999 -9999 -9999 -9999 -9999 -9999 26.7402317124 28.5803770504 27.3913510038 26.0455186964 24.6583567552 20.4821689955 21.07757622 19.7554185369 20.085757265 18.7975238885 18.474955669 16.2613959246 15.9279459862 14.7790745125 13.9799614438 12.6806032906 9.86872530316 14.680539238 14.961907576 14.4745292028 12.5516957866 10.0138380658 10.4192454979 11.0111866148 11.5378113894 10.1046068905 9.95667716817 10.3949472791 10.6167924521 8.29481311996 7.02814522653 6.69845785373 8.9275735423 6.87561704562
-9999 -9999 -9999 -9999 -9999 -9999 -9999 -9999 -9999 -9999 -9999 -9999 -9999 -9999 -9999 -9999 -9999 -9999 -9999 -9999 -9999 -9999 -9999 -9999 28.8747063806 27.5174182158 26.1865081943 26.8538607283 21.4674934878 20.7800116347 18.3895923362 14.0864303472 17.1655157418 18.6379191976 17.8106205987 14.7736380708 13.3732529178 15.4580751355 14.8888846576 15.0245090962 15.5262511054 12.9693742863 11.2225924056 11.7277716167 11.990593576 11.510408022 9.6022004095 10.7209093755 11.0771843117 10.2621622477 8.52486693305 6.99102165859 7.5839410059 9.93257580312 8.93148744284 7.20557761144 7.36484638475
