data/recharge/transience/recharge251.asc
ncols                  80
nrows                 72
xllcorner      4374000.0
yllcorner      5656000.0
cellsize            500
NODATA_value       -9999
[rows 0 to 24 of 72, columns 0 to 56 of 80]
-9999 -9999 -9999 -9999 -9999 -9999 -9999 -9999 -9999 -9999 -9999 -9999 12.8604305119 13.6217448026 -9999 -9999 -9999 -9999 -9999 -9999 -9999 -9999 -9999 -9999 -9999 -9999 -9999 -9999 -9999 -9999 -9999 -9999 -9999 -9999 -9999 -9999 -9999 -9999 -9999 -9999 -9999 -9999 -9999 -9999 -9999 -9999 -9999 -9999 -9999 -9999 -9999 -9999 -9999 -9999 -9999 -9999 -9999
-9999 -9999 -9999 -9999 -9999 -9999 -9999 -9999 -9999 -9999 -9999 -9999 10.0486003359 8.6103210333 7.32504011098 -9999 6.94579467942 -9999 -9999 -9999 -9999 -9999 -9999 -9999 -9999 -9999 -9999 -9999 -9999 -9999 -9999 -9999 -9999 -9999 -9999 -9999 -9999 -9999 -9999 -9999 -9999 -9999 -9999 -9999 -9999 -9999 -9999 -9999 -9999 -9999 -9999 -9999 -9999 -9999 -9999 -9999 -9999
-9999 -9999 -9999 -9999 -9999 -9999 -9999 -9999 -9999 -9999 9.27943420833 7.77646176317 8.60040702013 8.79383536003 6.1862258948 5.28126917327 4.24695894779 4.24041188504 -9999 -9999 -9999 -9999 -9999 -9999 -9999 -9999 -9999 -9999 -9999 -9999 -9999 -9999 -9999 -9999 -9999 -9999 -9999 -9999 -9999 -9999 -9999 -9999 -9999 -9999 -9999 -9999 -9999 -9999 -9999 -9999 -9999 -9999 -9999 -9999 -9999 -9999 -9999
-9999 -9999 -9999 -9999 -9999 -9999 -9999 -9999 -9999 8.06207582735 8.28105053044 9.18238321091 7.62835342288 7.90280997949 7.87747096809 6.52488714325 4.77491256895 6.16220801661 -9999 7.9547307915 -9999 -9999 -9999 -9999 4.58798527134 5.01687288009 -9999 -9999 -9999 -9999 -9999 -9999 -9999 -9999 -9999 -9999 -9999 -9999 -9999 -9999 -9999 -9999 -9999 -9999 -9999 -9999 -9999 -9999 -9999 -9999 -9999 -9999 -9999 -9999 -9999 -9999 -9999
-9999 -9999 -9999 -9999 -9999 -9999 -9999 -9999 10.0699305623 8.98814903022 7.47924366253 7.80835342156 7.95463962078 7.56194844126 7.03886950677 6.80671028906 4.45500495044 4.20162957289 4.19709322589 6.46891241948 6.0571098808 6.30640790525 -9999 4.08613493074 5.33616921024 5.34535671241 -9999 -9999 -9999 -9999 -9999 -9999 -9999 -9999 -9999 -9999 -9999 -9999 -9999 -9999 -9999 -9999 -9999 -9999 -9999 -9999 -9999 -9999 -9999 -9999 -9999 -9999 -9999 -9999 -9999 -9999 -9999
-9999 -9999 -9999 -9999 -9999 -9999 10.5780310225 8.40256524058 7.97025869688 8.27308077722 8.29622297902 8.92310727494 8.54621671278 8.22704561104 6.95893399229 7.33317019837 5.141879298 4.75878701233 6.22921273447 6.41366151013 5.93497394399 6.17776861012 5.03545575773 4.19546129522 4.78369859046 4.60693716104 4.99076725025 -9999 -9999 -9999 -9999 -9999 -9999 -9999 -9999 -9999 -9999 -9999 -9999 -9999 -9999 -9999 -9999 -9999 -9999 -9999 -9999 -9999 -9999 -9999 -9999 -9999 -9999 -9999 -9999 -9999 -9999
-9999 -9999 -9999 -9999 -9999 -9999 11.1701170053 9.61351085159 7.51792055749 7.29473439067 6.78515255784 8.28017195763 7.41261637783 5.90242467203 5.30181825218 5.85560382226 5.28777126941 5.6103953257 5.28336080101 5.08646924717 5.16837876171 5.71193470501 5.57144198467 4.54665727662 3.89325095842 3.63083023398 4.95918043392 6.01808479852 7.31674970322 7.02536202725 7.53987720458 7.47297378542 -9999 -9999 -9999 -9999 -9999 -9999 -9999 -9999 -9999 -9999 -9999 -9999 -9999 -9999 -9999 -9999 -9999 -9999 -9999 -9999 -9999 -9999 -9999 -9999 -9999
-9999 -9999 -9999 -9999 -9999 13.2197027844 11.4884493749 11.4929279631 9.35026985956 9.42812309588 8.4922718208 7.92240962486 6.27051607951 6.46626989242 5.87187137443 6.69602365524 6.05123837543 4.89412381837 5.45749060728 5.10482939157 5.18783801834 5.06158115594 5.36547939532 5.48548007822 4.24703979281 4.42524821305 4.71518747353 5.10979545624 7.10358339329 6.98648000853 6.41179031767 6.65633770894 5.99753707383 5.83785521686 -9999 -9999 -9999 -9999 -9999 -9999 -9999 -9999 -9999 -9999 -9999 -9999 -9999 -9999 -9999 -9999 -9999 -9999 -9999 -9999 -9999 -9999 -9999
-9999 -9999 -9999 -9999 -9999 13.6553604152 12.3173233492 12.3723969415 10.8416695324 10.3288899466 9.53670223202 9.92793656385 8.50456873981 8.40645484341 8.01170807769 7.3278864021 5.36707947838 4.64120827656 6.09032546475 5.23874113242 4.69122331844 4.88874791758 5.5082706615 5.35229881437 5.17397979768 3.97124734724 3.63520361281 3.42845234794 5.06303335841 5.37006660785 5.18680314494 5.23953737291 5.63288528054 5.4574973608 4.78000513212 5.42945870057 -9999 -9999 -9999 -9999 5.55474760326 5.62381196102 -9999 -9999 -9999 -9999 -9999 -9999 -9999 -9999 -9999 -9999 -9999 -9999 -9999 -9999 -9999
-9999 -9999 -9999 -9999 -9999 13.030733756 11.8441289645 10.86456097 11.1757633011 11.6118586096 10.3993581186 10.0867263805 8.51001556125 9.40626780732 8.5211606196 6.44588204078 4.96187550511 6.02823269361 5.86459481332 6.33344136433 5.18444151728 4.81674477925 4.84118581355 4.70891016713 5.1245406817 3.99734680722 3.56341602667 3.12055773476 4.73263169295 5.39065741891 5.68234453286 5.54456268311 5.5783056261 4.33356379906 3.9129275842 5.58379965361 5.54478020336 -9999 -9999 6.0520718741 6.08204171852 5.92393168887 5.47956003381 -9999 -9999 -9999 -9999 -9999 -9999 -9999 -9999 -9999 -9999 -9999 -9999 -9999 -9999
-9999 -9999 -9999 -9999 -9999 -9999 14.1487806817 13.4577022381 12.6250586941 12.2609925173 10.3958180571 10.9830256803 10.3286667087 10.3590190381 6.64003726618 6.29098251908 5.56803589583 5.41011692438 4.74389542291 5.43999543998 5.14757034959 5.30336379821 4.93261504385 5.21368373852 4.8530138991 4.49756956437 2.65321362712 2.75220153922 3.44746340813 4.42689459642 4.31380207848 4.54492420342 3.45186128376 3.63217535178 3.72921324001 4.90165946767 4.03931674628 3.2482658101 5.44051318437 5.33120718507 5.27280446266 5.91808015823 3.87345705071 3.07463618827 -9999 -9999 -9999 -9999 4.35297703051 3.91606881379 3.78389499498 -9999 -9999 -9999 -9999 -9999 -9999
-9999 -9999 -9999 -9999 -9999 -9999 -9999 12.4451870012 11.9716311566 12.9152691988 11.7373889267 11.0435215119 8.12822444291 7.01982851671 5.89481196934 7.10321020772 6.59742391396 7.41964402521 6.65977441062 5.93312263075 4.93074861618 4.94863051093 4.75160509616 4.79252760739 4.59093449377 4.29311499605 2.86578548987 3.56075473139 4.41390292448 3.95639100161 3.55167286384 3.61576031743 3.63795035694 3.87823683278 4.98635882093 4.96190978383 4.08293404538 4.05109003855 5.36516573087 5.35418306547 4.02880272043 3.56881341958 2.58216307036 2.59902192213 2.35553610337 2.69498645285 2.94309568512 2.48072987729 2.42103899028 2.71736797024 3.45341037186 3.7680379343 -9999 -9999 -9999 -9999 -9999
-9999 -9999 -9999 -9999 -9999 -9999 -9999 -9999 11.4440070842 11.2359860842 11.2524301704 11.9565919161 9.24540673408 9.76259352627 9.21702387099 8.8804951555 6.87116023515 6.89983371011 5.60389163167 6.01354877762 6.76606865038 6.57036045355 3.32459765761 3.71739606708 3.75022689231 3.32214575731 2.55525230001 3.85403431968 2.91707499626 2.30262823084 2.69229538828 2.56609255553 2.85885530155 2.57681746831 3.24888162349 3.97973950086 4.41905070993 4.57304899729 4.5478256183 4.41317756856 3.09317061875 2.40114537949 2.14239381511 1.94185404637 1.91588923384 1.7353061295 2.01718179721 1.77200205339 1.65419205197 1.91803462603 2.21279151787 2.43864731083 2.29052300848 -9999 -9999 -9999 -9999
-9999 -9999 -9999 -9999 -9999 -9999 -9999 -9999 12.9882458709 12.0604458305 10.7525076354 10.8005675415 9.54848770329 9.50583562266 8.05937331764 7.93709574618 5.88376138923 6.2030532282 6.01993150869 6.32778316731 5.81325647054 6.46643823497 3.74258525051 5.39905619997 4.10909329708 3.45284479054 3.52657340819 2.99727806541 2.54385560012 2.04976105326 2.364263932 2.45728386439 2.43881669896 2.48401203712 3.9742226364 4.11135861848 4.693308419 4.46388424266 4.53824445106 4.48399517081 4.42247554374 2.45206210093 1.9807505728 1.97432593447 1.74224053707 1.72086407065 1.98973327825 1.82182442004 1.72071534625 2.41225392214 2.28790177018 2.29962732469 2.5619849436 3.51886136738 3.0825746964 3.22495271889 -9999
-9999 -9999 -9999 -9999 -9999 -9999 -9999 -9999 -9999 13.3992818321 11.6818919851 10.3037070471 9.5570992178 8.52769229782 7.1420156388 7.16076972602 7.20470812665 7.58064256659 7.39426244619 7.45763285024 6.87081195952 5.85009465485 4.38177407385 7.52221505641 5.35353432388 4.56082587123 3.04318306783 2.85368409925 1.20688333207 3.0995881724 2.5579861766 2.36335789518 2.27104087411 1.78868425949 2.62321385906 3.70183475906 3.94615867759 3.79512504595 3.73564211331 3.76180746932 3.69605513856 2.85191161529 1.42758800973 2.01040816283 1.54215730654 1.30957512742 1.16945170951 1.15950634702 1.48132507278 1.60824186574 1.62631539113 1.57021992096 2.00544790047 2.91172481197 2.96729221364 1.74678254202 1.37379669286
-9999 -9999 -9999 -9999 -9999 -9999 -9999 -9999 -9999 -9999 9.8461928235 9.88051638162 9.35599152037 8.49009022922 6.71843145144 6.27038548279 5.94329408579 7.27744579126 6.08077780227 5.20315536525 4.7048557414 4.39067217393 3.57785895643 2.96355377263 3.83076724523 4.58214700315 3.61744279263 3.08363412461 2.50725158506 1.62663227075 3.11900049062 3.12880147536 3.32859355213 2.26773195535 3.52575357507 3.4959637703 3.87690483082 3.79675458726 3.75652071983 3.77198073495 3.81989297189 3.18957200716 2.11810836057 1.75943775772 2.36111290426 2.2817342986 1.78909210342 1.29839756435 1.77678430086 1.76730872187 1.86618436301 1.79387810669 1.68133015932 2.32232917734 2.67864170694 1.68646133561 1.35541559344
-9999 -9999 -9999 -9999 -9999 -9999 -9999 -9999 -9999 -9999 -9999 8.56168874635 7.46609352392 7.7223653494 6.48649395047 5.97567655168 5.5325827096 5.45786306519 4.54835102087 5.53574833382 6.05450268337 5.40044209404 3.33964844379 2.70192301075 1.75123721706 1.45709434626 2.52639054442 4.1871079375 4.49791926082 4.25666371156 2.02461265647 1.80540260303 1.97176956365 2.00101391336 2.23680451712 2.02563618478 3.208087589 3.19127648262 3.37023352282 3.37024139342 2.80977352271 2.42882521056 2.54757510811 1.83962187423 1.7901998219 1.224386206 1.48853574246 1.85096582109 1.44401173995 1.67691437074 1.487675453 1.87474992517 2.33095888955 2.34174354055 2.09223205969 2.03981826364 1.24246494028
-9999 -9999 -9999 -9999 -9999 -9999 -9999 -9999 -9999 -9999 -9999 7.83459885762 7.88563055645 7.24241377434 6.77932980113 6.17781058065 4.76539758148 4.6937604867 6.25683772868 6.30168609869 5.84137370002 6.32247048972 3.65139388671 2.99508666654 3.15978440634 3.59737378608 1.91954873127 2.20016692396 2.36018925795 3.30440038729 3.1265719137 2.50911002952 1.03388873958 1.30065852609 1.10081015031 2.35318558173 3.1968083105 3.23890752103 3.30555264816 3.23618658533 3.08563322401 2.69509822835 2.29589185949 2.41547319851 2.0880193512 2.06056008005 2.65688509733 3.15408583819 2.83993207606 1.823381453 1.8503518114 1.7806382847 1.24117945334 2.3836095771 2.44292397235 2.24046507472 2.09888758344
-9999 -9999 -9999 -9999 -9999 -9999 -9999 -9999 -9999 -9999 -9999 11.0281803718 8.50544283342 8.13869854331 6.69219464248 5.65814903089 4.13416675798 3.70932581638 4.09734401356 4.5468323565 5.02614338447 5.10157082874 3.07769107031 2.40382363857 2.72231900466 3.40322676066 3.13669313562 3.09088213285 2.50875202301 1.62849006823 1.24057120507 2.387982311 3.31832318175 4.1984765118 2.7759521858 1.50126603031 2.16729766521 1.30433266477 2.33896097345 2.82185556236 3.41254438185 2.43227622536 2.52216465389 2.78962657183 3.27191231206 3.87444242538 2.49421390331 2.23968055182 2.16645919114 1.87093857529 1.47491922915 1.70755353423 1.84820572853 2.16611782882 2.29170911085 2.57765926702 1.88006977459
-9999 -9999 -9999 -9999 -9999 -9999 -9999 -9999 -9999 -9999 -9999 -9999 8.12291939891 8.73462318963 7.46170721415 6.01728096255 4.58473811599 3.94071587983 3.38174391732 5.30782273096 5.13624250553 4.94069076367 4.32537689861 3.76510124038 3.52782216076 3.58297902852 3.1774159635 3.25171306493 3.01418665388 2.91740522163 2.88270462877 2.9762722497 2.07874079732 1.40064357729 2.96239197595 2.84269648605 2.58703393849 1.83893019697 1.19993226361 2.92370388281 3.22887623896 2.27971720484 2.99877753059 3.37335614233 3.60163695298 3.63539771473 2.36051725752 2.27017359371 1.71575761237 1.91140576962 1.35493186846 1.10977003408 0.932975100011 0.950804336145 0.879994554261 1.41591508027 1.28498610507
-9999 -9999 -9999 -9999 -9999 -9999 -9999 -9999 -9999 -9999 -9999 9.63048081883 8.9983580915 8.43950571768 7.28895316077 7.24302777915 5.956793909 4.77736912083 3.47054329141 4.86750831705 4.10481852138 4.05776503725 3.49487765857 3.55675173228 3.25727941483 3.22072895024 2.74983687808 2.71573556498 2.62456130232 2.56046457817 2.40618920911 2.47219897551 2.36754276682 2.34769487471 2.48352926382 1.84192335741 1.9763035639 1.01569866786 0.903244802362 1.61095049535 2.30282810492 1.73049202803 4.13354692164 3.88826219034 4.507326953 4.46131496395 3.74272755755 2.67094424571 1.84679734142 1.82898294837 1.2232037431 0.74645081666 0.641238390352 0.648693359609 0.587851283457 0.676040313597 1.07071635671
-9999 -9999 -9999 -9999 -9999 -9999 -9999 -9999 -9999 -9999 -9999 9.92972629611 10.3746884256 9.16710056302 6.91462336208 6.98072281247 5.33526365333 5.08924461112 4.86865375796 4.8940127224 4.64513634112 4.20510653147 3.60119152855 3.7156814377 3.372598093 3.28245225064 3.14570091008 3.23733132071 2.79686915629 3.29667662644 2.99874059178 2.50971287393 2.33669514786 2.34902454507 2.43603086597 0.971312824853 1.22129805843 1.68528774335 1.06147156266 1.00625700547 1.90834445474 1.59302191004 2.54703025503 3.01789839502 3.11154380014 2.93689872001 2.99969331347 3.0063146872 2.15155654617 1.94626385491 1.13999425431 1.24418801514 1.03797807886 0.966359723109 0.886027064904 0.794077333011 0.557107081874
-9999 -9999 -9999 -9999 -9999 -9999 -9999 -9999 -9999 -9999 -9999 11.3357075428 11.1162840821 9.10935970665 8.00715911691 7.80225354154 5.06940995107 5.16376451557 4.53819427069 5.61107552565 3.9886743025 4.04240942264 4.90576734026 3.37183493481 2.37520548285 2.37028649477 2.47029905834 2.41567364594 2.04171243485 2.07770789085 2.09068258575 2.99129591386 2.9352143144 2.78066189975 2.30450829086 0.776202970521 0.876187591883 0.414382687244 1.01052164833 0.657404362724 2.06111864084 2.66932510323 1.77025036149 1.47175441963 1.65956610618 1.63243650522 2.20584022204 2.24327224141 2.16484405159 2.16978377451 1.03339398547 0.739283783417 0.596142249572 0.575467765319 0.610292747135 0.603662221789 0.767662807807
-9999 -9999 -9999 -9999 -9999 -9999 -9999 -9999 -9999 -9999 -9999 -9999 11.3526997891 10.9328868486 8.85364268754 7.3375797193 5.33741683577 5.53596299857 4.40976137086 4.87147127471 3.99328030457 5.2607477565 2.8015216339 2.34139723069 2.18547195213 2.14519175603 1.69822810265 1.8113330843 1.59083137424 1.37459341928 1.14123381866 1.58678484918 2.1436345346 2.25777016756 2.16621019943 1.31379959495 1.13093512864 0.581107912446 1.33728659376 1.04461156485 2.19820783311 2.49696340959 2.2675440281 1.45403697597 1.57729243555 1.57599208509 1.90113723775 2.10821752806 1.92765256974 2.56284699233 2.14329179489 1.88592353766 1.52389716905 1.2087255115 0.862805680172 0.864216738077 0.78571603173
-9999 -9999 -9999 -9999 -9999 -9999 -9999 -9999 -9999 -9999 -9999 -9999 12.4750110571 11.1602950776 8.32749242096 7.16220064049 5.11659669858 5.67831637799 4.71099862202 4.64323671969 4.61921268217 4.83147110978 3.30624502824 3.44845166789 2.54964207856 2.86199445784 2.88572798851 2.64185201434 2.05377450234 2.62678564711 2.00728418926 2.14351873504 2.8726792838 3.12468940795 1.3124406305 1.49218838848 1.02517991898 1.70348291612 2.07470212764 1.53728605356 2.20454858818 2.25207103161 2.09834182243 2.06190853978 1.95242823267 1.5427485208 1.3790574583 1.40813097719 1.29680936886 1.96268377616 1.76879361782 1.61842622868 1.19334325859 0.618929176179 0.51768454924 0.683128541541 0.433356977575
