data/recharge/transience/recharge508.asc
ncols                  80
nrows                 72
xllcorner      4374000.0
yllcorner      5656000.0
cellsize            500
NODATA_value       -9999
[rows 25 to 49 of 72, columns 0 to 56 of 80]
-9999 -9999 -9999 -9999 -9999 -9999 -9999 -9999 -9999 -9999 -9999 -9999 23.8180677566 23.2370644635 21.2318302069 21.4854024273 18.4571788834 18.3867195653 17.2224823501 18.3925491032 17.0257290766 16.1993359595 15.0476369141 8.17067723953 10.9662248348 14.911662978 12.6438992884 12.6858044306 12.881509677 11.980664461 10.8904845192 10.3928814935 10.3820332958 11.0697260964 9.25730681418 7.77375660418 6.23981679097 10.4116496566 8.11631943172 7.60262180951 6.61382602715 6.63596714402 7.44268354777 7.79121027374 7.08898675439 7.25437894446 6.75721209567 6.71508243894 6.04681104096 6.52181368425 5.73145227794 5.04893609204 2.61801302477 2.12421364817 1.75030907434 1.89419692396 1.53207094959
-9999 -9999 -9999 -9999 -9999 -9999 -9999 -9999 -9999 -9999 -9999 -9999 -9999 20.8358157936 21.1869051975 21.6328538013 20.1044261577 19.7266667788 18.0592362632 17.244481036 16.85121057 17.57402084 17.5923952936 14.8339244672 16.8230799942 15.376521619 13.5954293209 13.2441004182 12.4819694571 13.0704648876 11.57931081 11.1747866333 10.5412826968 10.4035447074 8.95742008099 2.4818659772 4.67675453562 8.78090273912 8.36977891405 6.38046828707 5.45905700941 6.5652291003 4.45292899777 5.64885005125 5.49636773469 5.9040860622 5.43190730144 5.19165013299 4.10784573179 3.08285101475 2.28597324327 2.42475873231 2.20838896324 2.20891318217 0.942959200412 1.34887253298 1.17532620445
-9999 -9999 -9999 -9999 -9999 -9999 -9999 -9999 -9999 -9999 -9999 -9999 -9999 -9999 20.6422515817 20.5829482056 19.1606661568 18.7134617832 18.1245473123 18.7071488326 17.2966715828 18.6495492645 17.1899676942 16.6294295183 15.1174251839 14.8354498156 15.6153201718 16.6891732757 13.3381722463 11.9278190803 11.8738068936 10.9430061943 11.5998102387 13.1020600565 9.11330952503 4.19741725672 4.99763617653 7.65572529692 6.07145828686 4.04349014012 4.1362717132 5.36855503224 6.05103352943 4.97627316258 3.65349534817 4.12440744007 3.21903920498 2.81302835534 2.64978109145 3.13357205142 2.55987529282 2.00534543805 1.58014310312 1.42252300109 1.10825843407 2.03511146319 1.91041094538
-9999 -9999 -9999 -9999 -9999 -9999 -9999 -9999 -9999 -9999 -9999 -9999 -9999 -9999 5.38568550552 10.3864254547 17.9496057337 18.4461392266 17.8600611196 18.3109679373 18.3198719974 18.2749279857 16.6605190227 18.8827865544 18.2751692023 18.2953746355 14.5621007688 14.1017045256 14.4521820218 15.2262733348 10.4436560999 4.41742960633 11.8702516511 18.0139024483 12.0013100724 3.33760414184 4.31584140891 5.39784593772 4.03007154875 3.56580570085 4.78669755037 5.28465564454 4.95282615664 5.52697299906 4.48236047089 3.77402729613 1.91677442149 1.16197412455 1.18593149569 2.29691496584 2.80876229663 3.18911694114 2.98423351515 2.17639493492 1.72872345409 1.40941845903 4.31941380094
-9999 -9999 -9999 -9999 -9999 -9999 -9999 -9999 -9999 -9999 -9999 -9999 -9999 -9999 10.0954654611 14.0111625707 18.9787137322 19.184605334 19.0830769478 18.9427060357 18.07891061 18.6753880998 18.7605588498 17.7998941477 16.3749852077 15.3686489399 15.6477578711 15.2912255501 12.8694957734 13.9272700497 12.8993345868 12.3003001894 11.1192322805 15.2511016219 13.5748685302 2.87198620467 3.22694756144 7.55930712692 2.29356457545 2.87411118919 4.80397134075 5.3895303555 4.49138548136 4.60695287417 3.4850891678 3.85194127561 2.75348542824 3.60434107561 5.1785299825 5.66971887725 4.21970421638 2.81158991457 3.42193930271 3.18535568206 2.34766659798 2.61096669878 2.06146879744
-9999 -9999 -9999 -9999 -9999 -9999 -9999 -9999 -9999 -9999 -9999 -9999 -9999 -9999 23.1213927906 21.461536302 20.8436784438 21.5490174675 19.9053180599 20.4518991385 18.8850488596 18.2341601884 17.3573971444 17.8190366447 16.3657416729 16.9516042427 15.5602440544 16.4184998619 14.278336641 13.8753141974 13.200912534 14.1920228071 12.5843208974 5.22664098449 2.99353873736 3.03851787105 2.38720654889 4.94441670874 1.78482335948 2.66686351837 3.54814759937 3.94658027936 3.37343636468 3.64414132782 2.90682993795 3.07108049343 4.37588081593 4.92241535685 7.42439788425 8.07628301613 5.61163333841 6.25422543252 3.81925168247 3.91199084847 3.05502718283 2.56596832497 2.48303435545
-9999 -9999 -9999 -9999 -9999 -9999 -9999 -9999 -9999 -9999 -9999 -9999 -9999 -9999 -9999 19.6883480442 19.1266714415 18.4151903592 15.7170120317 14.9030309528 16.5468739146 17.2476570593 17.8984938043 17.8441124657 16.2633340805 16.5864098458 15.1073506493 15.4700297639 7.18078109829 12.7789832005 11.406691529 11.0633224548 9.60843707341 5.27208983674 3.33638650417 3.37834152727 2.87110056258 2.79239041521 2.43282752617 1.89474663732 1.15777678622 1.68326368298 2.47263400244 2.59677844331 2.72591589903 2.61597540631 2.38747095482 2.64965291095 3.00248524531 3.42714560336 2.32131936952 2.07626646506 2.73868756031 4.40177866795 3.63188062871 3.57924103628 2.63776621912
-9999 -9999 -9999 -9999 -9999 -9999 -9999 -9999 -9999 -9999 -9999 -9999 -9999 -9999 -9999 -9999 18.8920943376 18.2637022435 18.5047682012 20.9933506834 20.4121273769 19.8208313279 17.4324337216 16.253238006 16.6645823628 15.9454859838 14.8778307132 13.151396023 6.27056985102 10.1926364758 10.2346729203 7.15958671113 5.38457465319 3.36320630659 2.92049652221 3.35312173985 3.0156428136 3.34811829778 3.02482221418 3.89444785007 6.76672658518 6.76861534393 5.48678101384 4.83523564227 2.31845923258 1.77975665327 1.3511482469 3.23779986516 2.40702163258 1.87125139081 2.29844871635 3.51494358503 2.35889165331 1.93345422065 1.94593041434 1.71911025832 1.35616822546
-9999 -9999 -9999 -9999 -9999 -9999 -9999 -9999 -9999 -9999 -9999 -9999 -9999 -9999 -9999 -9999 19.935497853 20.2410848131 20.9549274476 19.8580296791 18.1309398642 18.7350450987 17.4973286312 16.8343978147 16.3012217544 17.1148866238 15.4827064833 15.1111696979 6.1770290337 9.24213064988 6.36227092036 4.23780495122 4.63164471892 3.69699618974 3.71836230975 3.15690972082 4.01533667226 3.79235735692 2.96113975379 2.7489376906 4.92380185557 3.54866536826 5.4163457929 8.19843956054 5.20427156538 3.82467097773 3.81186539624 1.79297257418 1.69870438583 2.28902248104 2.80987550066 2.95538465685 3.39072044658 3.60819578032 3.82429420963 2.73497034628 1.37008940369
-9999 -9999 -9999 -9999 -9999 -9999 -9999 -9999 -9999 -9999 -9999 -9999 -9999 -9999 -9999 16.0321835095 16.6022161853 17.879324071 19.4742006236 19.1772743668 18.4212201689 18.2364780856 16.9743092398 16.2771027742 15.2508234548 15.8625286098 15.0191231755 15.207272405 9.38853744727 12.5824012094 11.9499225474 12.2181760178 11.6648840914 7.78390522225 4.13396891886 6.2573461752 5.36283479317 6.34668942762 3.40568308881 1.80443594404 3.69282734553 5.40540312757 4.3889545102 4.32069646307 4.21441452691 3.25670150468 1.17519868195 1.37217354649 2.270215794 3.17560543689 2.22350632078 1.72287888183 1.70073518285 1.91820533202 1.8506014276 1.91182071882 1.90540771423
-9999 -9999 -9999 -9999 -9999 -9999 -9999 -9999 -9999 -9999 -9999 -9999 -9999 -9999 17.4336571819 16.9491852893 16.9764642051 16.5917138095 17.858768019 18.4539910834 17.5678117631 18.5378966223 16.7198740586 17.0590680685 15.2680441262 14.842718743 13.9756683322 14.2774042596 12.6753248696 12.6680842543 10.8773476152 11.095579494 9.48172166564 9.49993822863 7.25745915826 11.0443165567 5.82377881347 3.52060054368 4.18535972283 4.01875704722 3.46205778149 3.78171318774 3.28491323334 3.60304670769 2.46703917373 2.11243696229 2.13052373214 3.31325161154 3.07331979951 2.47374454874 1.95217396293 1.93202884261 1.84000706361 1.79379672319 1.4621001693 1.56902152197 1.43973184046
-9999 -9999 -9999 -9999 -9999 -9999 -9999 -9999 -9999 -9999 -9999 -9999 -9999 -9999 18.2233586956 18.9278617052 18.2217637883 16.0518197075 14.8176092445 15.2833193772 15.8878678742 17.0965837364 16.2826355112 16.7841577693 14.896719097 13.7686107119 12.9718986463 13.2041516106 12.0675739345 12.4488332625 11.6824785227 12.6268402374 10.7091442672 9.90547828655 6.7798669553 10.5346880549 10.1594010321 11.7788631064 7.35746201656 7.50757206917 8.67353791873 8.15846138076 4.07848766841 3.74420494683 3.2178685968 1.9309586072 3.04255767164 4.81264520228 4.25710225747 4.80001300573 4.38263358744 4.34308470356 2.93463063683 2.5584508882 2.6009735872 2.48491831814 1.6246082232
-9999 -9999 -9999 -9999 -9999 -9999 -9999 -9999 -9999 -9999 -9999 -9999 -9999 -9999 -9999 -9999 18.4291536753 18.5497612318 18.7102683302 18.5183567477 17.4035095461 16.4984278595 17.4724737487 17.5163113094 15.4101128046 14.6651976619 10.8355054807 11.2261927237 9.93055047856 11.5993792427 11.9754977285 11.0532751182 10.0798112784 9.02153678761 8.97885932603 9.0416834743 9.14868555666 7.44085771611 9.31911871859 9.02834706874 5.73068227623 5.39994335982 5.73206007816 4.34375248802 2.34564283359 2.78245072003 2.38785970243 2.60227056142 2.93307948074 3.41869206682 3.03022507873 3.12466485307 2.49937485202 2.14556319251 1.26200371216 1.35099188835 1.83268040696
-9999 -9999 -9999 -9999 -9999 -9999 -9999 -9999 -9999 -9999 -9999 -9999 -9999 -9999 -9999 -9999 19.2580121039 18.812129746 18.8240295095 16.5017496147 16.8295442255 17.2364457561 15.3111395367 15.8110384334 16.086226143 15.3830187618 13.1908620926 12.8520843533 11.8993272617 11.9222385578 12.4965184951 12.0619236427 10.2477583402 9.22180811959 7.02256469697 7.39328571929 7.27047270972 8.17975957939 5.6227983169 4.85011597861 5.53028680009 6.84382353319 3.34014652072 3.57265232881 5.20328400148 2.42791812876 1.1819974259 1.78877876883 2.49948136192 1.9193223183 1.37351733418 1.39904479306 0.963392935724 1.13451922896 0.959634319925 0.968157095821 0.806857254535
-9999 -9999 -9999 -9999 -9999 -9999 -9999 -9999 -9999 -9999 -9999 -9999 -9999 -9999 -9999 -9999 -9999 -9999 18.9470644537 17.4052729003 15.7922394851 16.7362409261 17.3841723695 17.2000725332 15.5701462618 15.4648154807 12.5978604095 12.8704247622 11.6443951437 11.4605561838 9.68820474504 8.92091430779 8.45516789964 9.00720051623 6.92778566192 8.11229536523 7.6917046838 6.126591827 5.42402614498 6.39993851069 4.7789182326 4.30097017557 3.61024525259 3.58618818723 3.12245490134 3.18632107377 1.45963155336 1.49955641662 1.94665481443 1.49959670246 1.60043104917 1.94194371538 0.988561725111 1.02182568604 1.05390340974 1.14348260337 0.887645811787
-9999 -9999 -9999 -9999 -9999 -9999 -9999 -9999 -9999 -9999 -9999 -9999 -9999 -9999 -9999 -9999 -9999 -9999 -9999 15.7810692683 15.96356106 16.5317146576 16.336203905 19.1160207421 16.5208596119 15.956024899 13.5472810777 12.1468302469 9.58600748896 9.32904968688 9.19104265411 7.76052374374 6.9780806237 7.67405659822 5.86590935064 5.16109069092 4.72839720457 6.14649705552 5.3334968324 5.71436859365 4.24390358562 3.90418626063 3.08510101557 3.81039124431 3.67036728562 3.81478451715 2.44190951041 1.33706896713 0.968003756811 1.87475762429 1.23986558983 1.3898245204 0.940760728807 0.929251283006 1.01148013834 0.957658785019 0.633119685703
-9999 -9999 -9999 -9999 -9999 -9999 -9999 -9999 -9999 -9999 -9999 -9999 -9999 -9999 -9999 -9999 -9999 -9999 17.8221781357 18.6391802369 18.9728135845 18.7090793293 16.6626093468 17.071003601 16.2580783929 16.1425966849 13.8701575994 13.6824710417 10.6161681515 10.043929739 5.2956717633 2.96440126528 5.06071196132 7.86469474034 6.59115095501 7.54427095556 8.31024247189 8.00244265601 7.12998596673 6.74525440223 5.80622685122 4.23891251586 3.49382420582 1.94363436777 1.86447001976 1.82317846523 3.1394107679 4.0535541277 2.58840895726 1.32126868655 1.70888564624 2.85630715383 2.22583907063 2.13001349533 1.41934104144 1.2480685974 0.949781814141
-9999 -9999 -9999 -9999 -9999 -9999 -9999 -9999 -9999 -9999 -9999 -9999 -9999 -9999 -9999 -9999 -9999 -9999 -9999 20.3105606611 20.1410348789 19.6216693318 16.9827771854 17.4370794685 17.2031802968 17.046682948 13.9122680876 14.2120938261 12.0933945387 13.6664580502 8.79554821189 8.72410579114 10.4623239107 8.21758733911 5.44393727748 4.20051150891 4.38431019307 3.87740591293 3.23271561709 3.23393947015 3.43202836349 4.38085247157 3.40188352897 2.82082114143 2.49482986021 5.31573797188 4.2013999834 3.23498830122 2.95289727283 1.90933451981 0.551706036559 0.751569663099 0.892668665326 0.953880074863 1.24960587938 0.683590004899 0.588757187383
-9999 -9999 -9999 -9999 -9999 -9999 -9999 -9999 -9999 -9999 -9999 -9999 -9999 -9999 -9999 -9999 -9999 -9999 -9999 -9999 18.4284114886 19.2912394886 17.1004109517 17.5735454563 15.5005957376 16.6671678398 13.9049440729 14.6028523163 14.5718239842 13.4493578894 11.22903199 10.8019578345 8.79638067232 5.7966343797 3.83088531997 5.34726243723 6.19379972283 6.85912310369 6.33859316853 5.90408563431 4.55276745732 5.72206584284 5.3993518441 4.77604210354 5.75780434568 5.07924759469 4.05259509339 4.52938438307 3.65528708417 3.40237475 2.38889686765 1.44873445152 0.668929068204 0.575003985187 0.729283470479 1.04969222692 0.75259597676
-9999 -9999 -9999 -9999 -9999 -9999 -9999 -9999 -9999 -9999 -9999 -9999 -9999 -9999 -9999 -9999 -9999 -9999 -9999 -9999 -9999 18.9028856275 17.8290867479 18.0175177388 15.0907811063 14.2518165988 13.6737929144 15.2091563269 12.8408383405 12.1452982444 9.21011866923 11.3970992955 9.50000307861 4.61154338157 8.57934877144 9.37619827386 7.26943538335 5.91567386165 5.01416842188 5.20365262762 6.49452531254 6.79412158743 7.03748417277 5.02859553307 4.06903240541 3.10588988664 3.63662194926 3.99297991487 3.65343527646 4.44541871828 4.27689217552 1.86462531785 1.92093705743 1.29063846844 0.305682765553 0.457445536803 0.509417509403
-9999 -9999 -9999 -9999 -9999 -9999 -9999 -9999 -9999 -9999 -9999 -9999 -9999 -9999 -9999 -9999 -9999 -9999 -9999 -9999 -9999 17.3428914738 16.690277561 16.7016427346 17.0887289771 17.9008360846 15.7871595186 15.209001048 12.9370428561 13.2464998879 4.9197924343 10.862928437 10.8604457178 9.34942872436 6.18059849526 7.10892776253 5.98669178631 6.04290121661 5.11623154798 6.41010583054 6.55916060093 6.3204113513 4.94599358128 4.69099195266 5.29449530172 5.04354079773 4.44036836988 4.33117344234 2.83531688068 2.85374641469 1.61415197656 0.860240710635 0.801545986413 0.694907367324 0.689385521198 0.350017125231 0.346523189362
-9999 -9999 -9999 -9999 -9999 -9999 -9999 -9999 -9999 -9999 -9999 -9999 -9999 -9999 -9999 -9999 -9999 -9999 -9999 -9999 -9999 -9999 17.1641628257 18.4759014883 18.0606131196 17.3077806709 15.3464240323 15.5248203912 12.5321011604 12.6607345544 12.5768618605 13.0399506764 10.3076058706 9.78465220282 9.86418483971 8.20811157915 7.89850313638 7.4074265214 6.63738129997 6.82772274697 6.77170884195 4.81468287596 5.02307874402 6.2170840161 3.55654030577 3.15817369524 2.49186541024 3.14045053518 3.77752489468 3.02043318015 0.805194319548 0.818096390375 2.58049363836 1.40350346323 0.382224357304 0.3065694535 0.325047319417
-9999 -9999 -9999 -9999 -9999 -9999 -9999 -9999 -9999 -9999 -9999 -9999 -9999 -9999 -9999 -9999 -9999 -9999 -9999 -9999 -9999 -9999 17.5512282289 17.2378518598 17.5896837325 18.4916790173 16.317947477 14.1204405627 12.97536865 13.2622893503 11.9259478751 12.1499730723 11.4576776731 10.3703728122 8.3369268309 10.1811184926 7.5781205258 7.28743452803 7.87299461064 7.6661497071 5.38562385194 6.88637876946 5.10571977691 4.16436549273 3.57582692509 4.11359029464 4.8079851667 4.82353606367 2.68712470845 2.48795594952 1.43176521731 2.0525481462 1.01935926218 2.32933159739 1.16879019555 1.00821053387 0.591277463073
-9999 -9999 -9999 -9999 -9999 -9999 -9999 -9999 -9999 -9999 -9999 -9999 -9999 -9999 -9999 -9999 -9999 -9999 -9999 -9999 -9999 -9999 17.42030808 18.229571172 19.6025318105 18.6860877702 16.7615125126 15.8585988594 14.07795966 14.7724000785 12.9525617076 11.9642966318 10.7793422524 10.750689763 10.6645146248 8.27110666578 7.67597339664 9.46588666628 8.16491639372 7.59067768876 7.33282812106 6.09010807686 4.40201571184 5.37373058008 6.08002405026 5.63768639566 5.00699076572 4.39803678708 3.22817335589 3.23372742969 3.72984863324 3.09995830045 1.95547378703 2.16371475219 2.17072123329 2.34053404281 1.14303756544
-9999 -9999 -9999 -9999 -9999 -9999 -9999 -9999 -9999 -9999 -9999 -9999 -9999 -9999 -9999 -9999 -9999 -9999 -9999 -9999 -9999 -9999 -9999 18.8624328517 20.4193813389 19.0105680515 16.1628203774 15.4703220194 13.8527677445 14.3208297807 13.0269231805 13.7389005091 12.4298483123 12.9775663678 9.71464142296 10.462688495 10.0533858376 9.0868879267 6.29176594499 5.69966473967 4.49641653218 5.78409176832 6.80798258407 6.87577783064 5.76959043525 5.21960028345 2.87196111368 2.52933792781 2.24498511981 2.44209443905 1.74914171548 2.24318178599 2.23633014621 3.05942518694 1.45393831567 0.807919112998 1.5582667696
