data/recharge/transience/recharge342.asc
ncols                  80
nrows                 72
xllcorner      4374000.0
yllcorner      5656000.0
cellsize            500
NODATA_value       -9999
[rows 25 to 49 of 72, columns 0 to 55 of 80]
-9999 -9999 -9999 -9999 -9999 -9999 -9999 -9999 -9999 -9999 -9999 -9999 0.512139885869 0.461484806969 0.373893012962 0.434055576544 0.290829131326 0.262297642935 0.230834790862 0.307563598098 0.230389524114 0.217288422225 0.204507098738 0.15137162884 0.218962847014 0.313833309003 0.47667000203 0.368294786099 0.307393926042 0.275295052431 0.254539055769 0.238444380643 0.182970912098 0.2035614998 0.399891392339 0.409710505748 0.456884613483 0.465233074856 0.377701415483 0.221842487256 0.178259952984 0.143180665714 0.149025494062 0.155630299428 0.157614562412 0.161185716351 0.172956749799 0.172098300235 0.189330284507 0.206929443197 0.23210252381 0.198985884897 0.156460018942 0.126744735839 0.146989063913 0.149702605586
-9999 -9999 -9999 -9999 -9999 -9999 -9999 -9999 -9999 -9999 -9999 -9999 -9999 0.347925139029 0.336411498844 0.35172364838 0.315062693483 0.323584282363 0.255755017192 0.216989770369 0.203513592483 0.232498016122 0.235576931228 0.171502376202 0.241701959838 0.234475201023 0.289279875372 0.275747088318 0.284205080376 0.306947885748 0.27816372115 0.257265879923 0.16917046434 0.336315229141 0.400108470396 0.16694504286 0.342202612552 0.426096945491 0.30478199277 0.178252452119 0.159522656504 0.191627765679 0.137244542453 0.150550524433 0.143047553481 0.147205524135 0.160952651996 0.15322911244 0.137190817998 0.112422950722 0.117637402958 0.129367509782 0.154511777667 0.147182431836 0.138378854123 0.133049528184
-9999 -9999 -9999 -9999 -9999 -9999 -9999 -9999 -9999 -9999 -9999 -9999 -9999 -9999 0.329337777748 0.334158463819 0.26761730868 0.296235623176 0.282948972251 0.306658141179 0.244567337924 0.251944850487 0.236798930908 0.223945051805 0.229522433095 0.203381771448 0.22868627545 0.29849200764 0.287932608248 0.265288061907 0.278102055878 0.234298579382 0.204821321118 0.388170159549 0.437422109305 0.260442383298 0.34393125077 0.269464809675 0.204170834051 0.127583638412 0.119130252831 0.164556618265 0.191605209473 0.153899548908 0.122554559124 0.138827547065 0.12721858957 0.116822255067 0.122871470772 0.140020658317 0.137169497663 0.104764249573 0.106075606909 0.115742876343 0.157478643675 0.268253890897
-9999 -9999 -9999 -9999 -9999 -9999 -9999 -9999 -9999 -9999 -9999 -9999 -9999 -9999 0.157418189644 0.19465818523 0.237207289515 0.287140875748 0.268847400381 0.284317066981 0.272166471699 0.238858754557 0.197108317912 0.249270094481 0.241394178342 0.294365644773 0.190029336559 0.18378494409 0.211818775331 0.243158229248 0.1446402769 0.0767583670084 0.217280543303 0.729181619053 0.755082135739 0.231193932286 0.338866329244 0.195926305109 0.126993760058 0.115950250496 0.138896219441 0.160770811601 0.175627596708 0.196893955013 0.17551109481 0.14414205938 0.0885079648224 0.065834382736 0.0815283460896 0.115019463808 0.180467222864 0.21177320752 0.261273058765 0.230449572889 0.281833159235 0.322399398765
-9999 -9999 -9999 -9999 -9999 -9999 -9999 -9999 -9999 -9999 -9999 -9999 -9999 -9999 0.130239015926 0.178749227761 0.246616474685 0.313263199148 0.325244476832 0.323442056406 0.302353304998 0.285843248537 0.278023370099 0.213651627096 0.201530867154 0.182386760635 0.211751945545 0.209574752419 0.179775126346 0.200469318346 0.199321974699 0.173020927433 0.187803465247 0.475571479069 0.920135067036 0.214499293306 0.281846947765 0.725148962152 0.0889912104438 0.100926385706 0.152702156012 0.174642382454 0.155439380763 0.16019316616 0.132156315854 0.14738383345 0.116691891249 0.158903265576 0.308657947617 0.371019952125 0.363851142296 0.24974587951 0.397314446704 0.368034677773 0.332502862221 0.365907906483
-9999 -9999 -9999 -9999 -9999 -9999 -9999 -9999 -9999 -9999 -9999 -9999 -9999 -9999 0.39385720237 0.327818049054 0.290960048477 0.345229228187 0.31428113923 0.311213198359 0.239004397331 0.223851009163 0.226810472863 0.235184383444 0.26713735182 0.268280564241 0.223314087097 0.233453576451 0.228722241487 0.201278575839 0.214949974485 0.243509263835 0.228010909502 0.168755857807 0.224116087002 0.226281461527 0.205347240098 0.469177576446 0.175999406039 0.246980116099 0.253831804294 0.189736227093 0.129694985236 0.141837074835 0.124712190192 0.133022295763 0.25763123957 0.357342673936 0.691130625928 0.778635652975 0.607469018255 0.679347537669 0.465353684727 0.431141460386 0.397901539424 0.317643325456
-9999 -9999 -9999 -9999 -9999 -9999 -9999 -9999 -9999 -9999 -9999 -9999 -9999 -9999 -9999 0.278902648257 0.25233245918 0.261405107638 0.335646067295 0.228394425406 0.220569801102 0.22956148715 0.212795096333 0.229352477963 0.265050818607 0.222816058739 0.193466712228 0.209169361925 0.13570581293 0.194228513055 0.174167720218 0.174632778208 0.16103469841 0.207447554269 0.239467569082 0.24134724499 0.229298242065 0.225562903223 0.219239711974 0.165900269151 0.129514531548 0.187446709581 0.158129730675 0.160945403182 0.152239099044 0.167553074359 0.173103051616 0.193003956595 0.252053661658 0.250454946541 0.160919213609 0.141686431973 0.260418079561 0.488677580193 0.501855340294 0.491914369281
-9999 -9999 -9999 -9999 -9999 -9999 -9999 -9999 -9999 -9999 -9999 -9999 -9999 -9999 -9999 -9999 0.252652103714 0.255256838489 0.233164178212 0.295719978694 0.319021901718 0.33849700489 0.227486374642 0.23399327698 0.293053978299 0.252629779019 0.249537538055 0.16023520428 0.0997664059643 0.171889454836 0.258451440039 0.144460053227 0.240845163521 0.152454585397 0.226546377994 0.246421855437 0.24434090617 0.26035579256 0.259281198481 0.343688399766 0.514462975429 0.476910323938 0.450131168288 0.300882877655 0.168434079572 0.12455289362 0.0983929779425 0.234822726781 0.163289454365 0.121230768038 0.189811332632 0.323723904642 0.24418479786 0.192187962952 0.249019156777 0.214774550862
-9999 -9999 -9999 -9999 -9999 -9999 -9999 -9999 -9999 -9999 -9999 -9999 -9999 -9999 -9999 -9999 0.381328516436 0.349854339141 0.305626140671 0.335823918054 0.252676483211 0.247035440022 0.262893026845 0.282842382203 0.279605172139 0.311548305424 0.28083880207 0.242168700797 0.113181951304 0.145671318695 0.103710601904 0.0823183102309 0.102883935297 0.093122912996 0.224637869477 0.237376660634 0.313527861528 0.266065595019 0.25596214131 0.256473681632 0.385881167877 0.287724439818 0.41299761462 0.595257492382 0.418126032413 0.296282262732 0.314772033484 0.176318874874 0.121367825797 0.153961172048 0.242992113026 0.258899000704 0.386374545456 0.420052899585 0.594054533969 0.380706762271
-9999 -9999 -9999 -9999 -9999 -9999 -9999 -9999 -9999 -9999 -9999 -9999 -9999 -9999 -9999 0.26562136391 0.268083099691 0.338893516616 0.365748275837 0.351252501938 0.289457349213 0.233050549814 0.231611937338 0.282061032462 0.279558108216 0.303881921185 0.30784914047 0.323182251134 0.138206826524 0.190279808981 0.232672989401 0.241678599478 0.267195479025 0.137315683072 0.161263061455 0.410766009153 0.371758483163 0.511761185798 0.415936663602 0.210100297145 0.347359303735 0.380109793564 0.34810089507 0.342541873051 0.370744780744 0.277098481234 0.187476895251 0.154850006442 0.180768863015 0.28126842104 0.217238108041 0.159388255638 0.191836138099 0.221960290712 0.267219745311 0.278187229005
-9999 -9999 -9999 -9999 -9999 -9999 -9999 -9999 -9999 -9999 -9999 -9999 -9999 -9999 0.319770355691 0.296738831532 0.280572510906 0.408755016286 0.356908610041 0.320467488292 0.308260148605 0.348721761563 0.308882375209 0.322630987095 0.279810898783 0.264803281491 0.264977960251 0.249302909235 0.214452519421 0.214387778638 0.200856559184 0.207287792267 0.194352529435 0.278572334547 0.435914692559 0.704371018027 0.350300452003 0.268772810064 0.282976249749 0.372309580725 0.346297933525 0.279902510826 0.259067597951 0.284545288568 0.20250484973 0.169975255526 0.268313753665 0.292411197947 0.271700208796 0.204757973405 0.185567885403 0.18320399725 0.211042065393 0.204368136742 0.200437173127 0.218320334186
-9999 -9999 -9999 -9999 -9999 -9999 -9999 -9999 -9999 -9999 -9999 -9999 -9999 -9999 0.323183151488 0.405278447764 0.362560828406 0.413042068507 0.385917620238 0.338755367346 0.289328315522 0.334297586683 0.334414345155 0.358443335027 0.333636893976 0.286630833365 0.365865108283 0.336621052643 0.274194704657 0.249649342816 0.262643214637 0.344790863778 0.517551386495 0.451144012475 0.419869118395 0.622628034728 0.715843843248 0.855540037277 0.558588843333 0.570612260815 0.74854573094 0.695880003956 0.365029301595 0.332571434969 0.309870821635 0.171081193103 0.325340599686 0.535383556783 0.500433495034 0.566387680368 0.603062910575 0.595610050897 0.445012496966 0.37405791579 0.479534361172 0.453411745966
-9999 -9999 -9999 -9999 -9999 -9999 -9999 -9999 -9999 -9999 -9999 -9999 -9999 -9999 -9999 -9999 0.373130120903 0.657450624637 0.715617495081 0.695107073449 0.552392817801 0.325428481673 0.395374314217 0.397782873639 0.359252978576 0.456686651425 0.345738079837 0.36436090162 0.3137160914 0.361862272162 0.370267187421 0.4456863444 0.46188050432 0.379141629981 0.443712633143 0.449186513921 0.566830403487 0.510179124208 0.726194127917 0.660389078562 0.416805117936 0.416216168265 0.481478316455 0.395830488371 0.213807216152 0.26129734315 0.240708489001 0.274966138342 0.303668202883 0.355553336096 0.368341204933 0.383286135719 0.362940744744 0.299331849986 0.198533652977 0.215310544766
-9999 -9999 -9999 -9999 -9999 -9999 -9999 -9999 -9999 -9999 -9999 -9999 -9999 -9999 -9999 -9999 0.783567605989 0.728617770674 0.77396563962 0.536320469453 0.662930946129 0.642025147139 0.367391246555 0.38871170499 0.475362123386 0.646341137994 0.648222747622 0.614921133315 0.540364757345 0.485280882841 0.62905181529 0.581339343702 0.49261767484 0.451082037964 0.342392004906 0.371968933187 0.422171221132 0.517853972917 0.339067314865 0.278565793203 0.403817747527 0.561922651791 0.13935533478 0.221978520802 0.624229004993 0.249722382068 0.118081201074 0.202170180165 0.290345720051 0.20367060412 0.165428290068 0.168931433884 0.139635038847 0.168226160779 0.176078031609 0.1776353913
-9999 -9999 -9999 -9999 -9999 -9999 -9999 -9999 -9999 -9999 -9999 -9999 -9999 -9999 -9999 -9999 -9999 -9999 0.789692423125 0.618593782955 0.559783087431 0.652518104384 0.638901722613 0.47480522246 0.440502113977 0.48223887291 0.579752031907 0.578817826109 0.466813854708 0.447260999998 0.373503212567 0.321612442233 0.334797219918 0.395128281912 0.334983207969 0.434078728046 0.464951517251 0.319209721405 0.316729245758 0.420764563588 0.324977940886 0.279067800351 0.237030167647 0.234839952269 0.272298414047 0.331211697295 0.151614550814 0.154731440468 0.255736561385 0.16695342948 0.203268461901 0.241202591209 0.144124923034 0.149807091463 0.196681418113 0.21630024311
-9999 -9999 -9999 -9999 -9999 -9999 -9999 -9999 -9999 -9999 -9999 -9999 -9999 -9999 -9999 -9999 -9999 -9999 -9999 0.575693158414 0.675831542497 0.73984511759 0.791061753058 0.702893290842 0.598858662199 0.545583977199 0.411450587133 0.503476921579 0.392859194646 0.373857564335 0.424184357693 0.496193160988 0.394725366145 0.354473855935 0.296037195601 0.264291147125 0.261887820889 0.383975295654 0.376822281036 0.431683323918 0.336275151766 0.298584448323 0.256683534024 0.34694923172 0.409591528357 0.430273604313 0.332795418602 0.149956574104 0.11501312554 0.258471868467 0.207969425536 0.205949334889 0.161066566718 0.158892482536 0.217399207775 0.203944671754
-9999 -9999 -9999 -9999 -9999 -9999 -9999 -9999 -9999 -9999 -9999 -9999 -9999 -9999 -9999 -9999 -9999 -9999 0.79001905496 0.893256783865 1.07308519602 1.03142356658 0.873614580689 0.528656961927 0.576492983603 0.491684902724 0.353800468769 0.426185733163 0.477395025681 0.428816140825 0.148609698923 0.106298086362 0.27106040484 0.391005573871 0.362406095199 0.438128019143 0.579163956434 0.545100778721 0.54660003422 0.518658057505 0.534247438465 0.335798546769 0.321854795738 0.129761069419 0.193095251051 0.153419987616 0.440863274461 0.61944308665 0.380755474023 0.162973488716 0.286248992341 0.500585236069 0.512236517081 0.46834222801 0.338991386747 0.277915144941
-9999 -9999 -9999 -9999 -9999 -9999 -9999 -9999 -9999 -9999 -9999 -9999 -9999 -9999 -9999 -9999 -9999 -9999 -9999 1.31791550309 1.42798179039 1.32601806363 1.10967415112 0.710485895276 0.789364407195 0.772651886534 0.542006348306 0.479057493178 0.535363837675 0.664402379977 0.27041539981 0.265930142629 0.55495668886 0.530311783818 0.287884364825 0.227992126484 0.285468608974 0.244584473993 0.224562582047 0.224923684446 0.289088355291 0.424146980673 0.257689510362 0.15526824108 0.168049104103 0.60452476767 0.701006897958 0.495393776866 0.522861108467 0.273865143117 0.0831741818769 0.253715420663 0.294136891437 0.346134540616 0.425063353024 0.176209978409
-9999 -9999 -9999 -9999 -9999 -9999 -9999 -9999 -9999 -9999 -9999 -9999 -9999 -9999 -9999 -9999 -9999 -9999 -9999 -9999 1.10964609477 1.25943494812 1.12947038349 0.880463326087 0.622231631106 0.733194952255 0.56301966226 0.50441855575 0.609347227067 0.517470553141 0.431750849755 0.402519644775 0.390729804656 0.249695526246 0.166285421424 0.229906797785 0.463170581975 0.55209190566 0.569684986426 0.519814256786 0.432024873467 0.617643207081 0.692236981312 0.580014623773 0.903365868224 0.752356295287 0.66627666715 0.779328291754 0.708160436862 0.653514210481 0.452223151011 0.246997010818 0.110875490968 0.114987922817 0.301821427717 0.155050741743
-9999 -9999 -9999 -9999 -9999 -9999 -9999 -9999 -9999 -9999 -9999 -9999 -9999 -9999 -9999 -9999 -9999 -9999 -9999 -9999 -9999 1.41639689622 1.44422891157 1.42341496153 0.761779218838 0.677561727274 0.638264323966 0.659427462982 0.559006524465 0.506226766234 0.546160897836 0.646681405913 0.617279204262 0.171747303331 0.607236558639 0.902284012665 0.748620601804 0.556923861281 0.488830856942 0.514767135667 0.861847678707 0.926779560964 1.15284109116 0.710382296424 0.624031276019 0.427301977153 0.639853681257 0.72838657582 0.782977612289 1.02425387911 1.73624900613 0.469513152347 0.52095352364 0.256435787898 0.0703766643363 0.0973400183862
-9999 -9999 -9999 -9999 -9999 -9999 -9999 -9999 -9999 -9999 -9999 -9999 -9999 -9999 -9999 -9999 -9999 -9999 -9999 -9999 -9999 1.14604343828 1.2351717841 1.23914630594 1.09269634189 1.11041638778 0.918151318209 0.847251999767 0.746011768486 0.544668500009 0.244134463129 0.482578479482 0.792041698151 0.761348666024 0.48269304341 0.616113116508 0.54777740228 0.632068750661 0.579946092463 0.721116345944 0.875802418341 0.825269219848 0.667487240769 0.629957637547 0.905388413346 0.845444529425 0.843309738027 0.814814588103 0.556850162712 0.590594235835 0.369918790855 0.202761922002 0.211897309117 0.14575890858 0.139484020798 0.078384362728
-9999 -9999 -9999 -9999 -9999 -9999 -9999 -9999 -9999 -9999 -9999 -9999 -9999 -9999 -9999 -9999 -9999 -9999 -9999 -9999 -9999 -9999 1.58690964787 1.87640548613 1.36663421938 1.13888528852 0.990771097361 1.11319044324 1.09451099758 1.02684183975 0.967312973146 1.04377637452 0.976076815536 1.04170649534 1.23291425605 0.912896854008 1.01506167307 0.938344412542 0.987423054045 0.919421972988 1.03492869469 0.61911122313 0.777530097163 1.06751669057 0.592173017341 0.50798651754 0.449965532606 0.63369852234 0.956188094609 0.423069052629 0.185279409487 0.272370184008 0.772332679878 0.281163920311 0.0948929907939 0.0798585881616
-9999 -9999 -9999 -9999 -9999 -9999 -9999 -9999 -9999 -9999 -9999 -9999 -9999 -9999 -9999 -9999 -9999 -9999 -9999 -9999 -9999 -9999 1.66439641622 1.60267028516 1.28673776435 1.32105008255 1.22359254622 1.33248669902 1.2028689379 1.22747488217 1.15812690439 1.2005447814 1.24868761988 1.17702407095 0.935738610732 1.30188364419 0.932618714547 0.886449319701 1.15310832447 1.09305177416 0.731935106497 1.06230426268 0.796369952452 0.591297422789 0.577309847637 0.728390948313 1.06938495805 1.06654204871 0.578101806399 0.47459417626 0.303532236588 0.477583295919 0.199758877999 0.560885570528 0.260432302716 0.222684670655
-9999 -9999 -9999 -9999 -9999 -9999 -9999 -9999 -9999 -9999 -9999 -9999 -9999 -9999 -9999 -9999 -9999 -9999 -9999 -9999 -9999 -9999 1.91272705311 2.11156388181 1.83312777149 1.51122076163 1.51679248801 1.96339951331 1.53575953775 1.69496092111 1.51239042332 1.30541213033 1.23540727843 1.38056964028 1.55790263014 1.05173512381 1.07430699602 1.48238318853 1.32824581741 1.18915892677 1.33029371371 1.01448366176 0.75109865208 0.995389086716 1.36451554714 1.23612357179 1.23637867369 1.04285253066 0.823141597118 0.825039934455 1.16780360698 0.92489743274 0.504848249503 0.536149327074 0.642974553106 0.729656363235
-9999 -9999 -9999 -9999 -9999 -9999 -9999 -9999 -9999 -9999 -9999 -9999 -9999 -9999 -9999 -9999 -9999 -9999 -9999 -9999 -9999 -9999 -9999 2.26715112301 1.98477785472 1.57134973719 1.40799177809 1.93897060823 1.52989249764 1.59387016753 1.52958559617 1.68988729121 1.59892733918 1.82528718152 1.34496094631 1.51098016744 1.63323550111 1.39020451245 0.899308042142 0.850620566015 0.655077162436 0.941721787458 1.38816731957 1.41639125905 1.26784936346 1.10101134316 0.585874397951 0.504930051499 0.520556647102 0.578334379434 0.460235222344 0.621329647543 0.743986286136 1.007753859 0.386938206239 0.250613454909
