data/recharge/transience/recharge302.asc
ncols                  80
nrows                 72
xllcorner      4374000.0
yllcorner      5656000.0
cellsize            500
NODATA_value       -9999
[rows 25 to 49 of 72, columns 0 to 56 of 80]
-9999 -9999 -9999 -9999 -9999 -9999 -9999 -9999 -9999 -9999 -9999 -9999 13.1085611957 13.4755049358 12.5644530214 12.1922053685 10.316335281 10.4407378623 9.1033396293 9.67836144476 8.46098879781 8.55876795069 7.70371799853 5.2496677391 5.65372218001 6.69087865374 7.56314185892 6.40486701515 5.46146325239 5.11681990437 4.54977300273 4.36084239744 4.85215766243 5.35680564294 3.30260154919 6.10624944635 6.50098434981 4.38490936787 3.62668031658 3.46185996588 3.17712519361 3.37436678153 4.6661749683 5.10277052262 5.08349279796 5.13083073058 5.19959917063 5.1927989059 4.99037716789 5.18261142129 4.82108807521 3.74931619558 2.09509829936 1.74581971149 1.73330337802 1.77313093795 1.6957498152
-9999 -9999 -9999 -9999 -9999 -9999 -9999 -9999 -9999 -9999 -9999 -9999 -9999 13.3778820674 12.8573795232 12.980772426 11.1991691098 11.2707473281 9.91160099158 9.57876898513 8.77460982109 9.26404734663 8.75138425815 6.84200439722 7.45769886924 6.76650626068 6.7081315767 5.88309729425 5.60307674812 5.83502823725 5.02914972547 4.8906912502 5.28905992765 4.94635362878 3.0620946726 2.75983486484 5.51020165051 3.80397729432 3.98513231426 2.98390101736 2.67351179941 3.14733124822 2.21663665813 2.90047809399 3.21236343693 3.85154425196 4.08130922239 3.98417205253 2.9409105429 2.00017083478 1.61910543338 1.67831814034 1.75789394571 2.04530363097 2.13148721474 1.43034915733 1.40331647793
-9999 -9999 -9999 -9999 -9999 -9999 -9999 -9999 -9999 -9999 -9999 -9999 -9999 -9999 11.5497455793 11.6528707463 10.3482475617 10.9785810997 9.95840655852 10.1690595578 9.00306394376 9.46424969088 8.87064096144 8.22703052937 6.64736546271 6.58730499185 6.56085292042 7.24934436219 6.02321244275 5.38465093996 5.19778944175 6.22625203771 5.89180987027 6.24857584872 3.6982338998 4.42376240392 5.33493949522 3.45329886234 3.26843488774 3.16899879763 2.86187216843 2.88486718365 2.96943356165 2.46107211374 1.93044767599 2.15653862396 1.84043840645 2.07441257516 1.6705460304 1.85488490633 1.75448552131 1.43641130238 1.34609298133 1.95542342581 1.95009883405 3.27188085518 3.43892555568
-9999 -9999 -9999 -9999 -9999 -9999 -9999 -9999 -9999 -9999 -9999 -9999 -9999 -9999 3.30171070242 7.00837960614 11.3192795955 11.3746574584 10.6221769457 10.7675167673 10.1192592777 10.0783886107 8.32752219575 9.15856451021 8.03202725768 8.17857250061 6.6666497654 7.36663816396 7.36075506372 7.46668432907 4.96026421514 2.33930027344 6.67831083356 9.09877177614 5.39665977339 3.42009687022 5.44404936758 2.74279240146 3.01177687629 2.76625613678 2.47197267816 2.65514380072 2.5243095451 2.77089816539 2.2693509162 1.93376788697 1.42035958823 1.45861570007 1.76428840112 1.53693644996 1.84232921008 2.05888235134 2.23044692279 2.95140892905 3.44495978383 3.77940943632 4.47611977316
-9999 -9999 -9999 -9999 -9999 -9999 -9999 -9999 -9999 -9999 -9999 -9999 -9999 -9999 5.20574844334 8.03134315883 11.6097692967 11.2992194952 10.656247371 10.9008739642 10.1780627233 10.1034432759 9.25832836007 8.56690959559 7.46576218545 7.22422423381 7.56046450046 8.06877524982 6.90602402709 7.20945431393 6.51478760686 5.95896808044 5.85314130659 8.30926349106 8.21526177024 2.83698062172 3.87694772038 4.63161880725 1.95588975361 2.70993857733 2.40035547632 2.66167136346 2.31611047808 2.36669779316 1.80598770464 1.9702082704 1.47834579503 1.8761166758 2.87456959564 3.24268434058 2.79228760237 1.68081551023 2.22603027301 1.84840796408 1.68921477516 2.26143717587 2.31104612711
-9999 -9999 -9999 -9999 -9999 -9999 -9999 -9999 -9999 -9999 -9999 -9999 -9999 -9999 14.2071217165 13.6661591285 12.975679761 12.4763911485 11.4938604463 12.7066659902 10.9991641569 10.832276615 10.333553949 9.68177637318 8.10161234503 8.38494120481 7.44662655446 8.66011106905 7.81410885156 7.43255831905 6.91045368465 7.18696921512 6.5887999408 3.87634414861 3.02221461811 3.03591186556 2.75062447233 5.76288768098 2.44687191176 3.46918183311 2.83660286088 2.26393997923 1.76116087611 1.87935567195 1.57692581131 1.61752437044 2.44145091306 2.74143202455 4.7373362281 5.20322549483 3.75598885237 4.34623366447 2.97850622162 2.9936056047 2.6503877873 2.28247799205 2.60401617684
-9999 -9999 -9999 -9999 -9999 -9999 -9999 -9999 -9999 -9999 -9999 -9999 -9999 -9999 -9999 13.1293792186 12.467327116 12.1157619385 13.6540629956 11.6566654409 10.363586827 10.4534622731 9.8007308885 9.86600292502 8.08964966617 8.51466076734 7.39615730371 7.91068467996 4.03982054471 7.25377471538 6.38227852499 6.40331434277 5.76175693347 3.69172282286 3.11859530338 3.1301798758 2.89990786234 2.87706854758 2.75356657228 2.57213287269 2.24211320187 3.37647499786 0.999552481422 1.31877293311 1.54384185346 1.32851562398 0.887184995989 0.94270901936 1.60652100175 2.16263296149 1.65247451002 1.51120146279 2.11587682352 3.22984458008 3.08245267371 3.04371668376 2.73849937543
-9999 -9999 -9999 -9999 -9999 -9999 -9999 -9999 -9999 -9999 -9999 -9999 -9999 -9999 -9999 -9999 12.8882653824 12.3277342837 12.0397625203 12.8886324499 12.1356171906 12.1308190139 9.85747792785 9.20206499942 8.93796955135 8.91273595173 7.91034552333 6.83110695281 3.47116486982 6.61300607349 7.94927223968 4.61843690025 2.87221958571 1.72127549247 3.13842143927 3.26388328375 3.11803632247 3.21325666246 3.10025490251 4.18608110279 6.47308595884 6.16563913453 5.10302944979 1.55956933394 0.78342082364 0.627662921407 0.513947046224 1.81217298075 1.50331393817 1.22469017562 1.60162496319 2.30800135974 1.85179045098 1.57767941721 1.78713531145 1.62188012744 1.53137618233
-9999 -9999 -9999 -9999 -9999 -9999 -9999 -9999 -9999 -9999 -9999 -9999 -9999 -9999 -9999 -9999 13.0349717746 13.0164275127 12.7810034462 12.4809328198 11.432727714 11.9671093007 10.8556243777 9.65782410813 9.3639925492 9.64092539373 8.32386451851 8.03142165717 3.55453458509 5.78474220305 3.43018520246 2.4232332861 2.79656804456 2.08789759537 2.99756532389 3.20745333833 3.95509479557 3.24635201237 3.08121088694 3.29116721031 5.07293150517 4.54291633011 5.04640475363 4.23134377939 2.22517006474 1.3621872166 1.727285943 2.57347179117 1.21400031971 1.44345563412 1.89451726194 1.97785159987 2.5241233096 2.67220544054 3.17323633687 2.35927096697 1.54331210873
-9999 -9999 -9999 -9999 -9999 -9999 -9999 -9999 -9999 -9999 -9999 -9999 -9999 -9999 -9999 11.9911030498 12.1575975726 12.4386765695 13.2799795943 13.1469897116 12.0257774651 11.9340027406 10.5743374559 10.4049581784 9.42147988519 9.65334077184 8.71201950577 8.80954280925 5.05402460359 7.13454078601 7.09162376142 7.18018682197 6.89815834678 4.56428957881 3.94234242855 5.61952205899 5.96880070227 6.30685808556 5.37205900824 3.00504069359 4.50140747127 3.1116782766 1.80099597497 1.76000152589 1.68240045201 1.1661654109 2.6898499274 2.27755525905 1.59087420808 1.85962115402 1.50452013727 1.22662262894 1.35794192494 1.49355545345 1.6223857869 1.66510839077 1.82093159468
-9999 -9999 -9999 -9999 -9999 -9999 -9999 -9999 -9999 -9999 -9999 -9999 -9999 -9999 12.6032829675 12.3618031675 12.3049822539 11.154602625 12.2558117679 12.9002489947 11.8478234169 12.1630878935 10.5654812712 10.678236885 9.39314895666 9.2807197289 8.35214753728 8.52608165926 7.81022429693 7.81314463565 6.75964683627 6.8409829009 5.82565302366 5.70202002197 5.84775814645 6.5448983781 5.45775654764 4.80367221127 1.57823999356 3.58772116788 3.6951190975 1.41945371087 1.23647268845 1.37307052812 0.873862156446 0.762398753548 1.42395068109 1.86169735129 1.81167696569 1.50050398627 1.35592439533 1.34460585939 1.44508831278 1.41526857838 1.35099827769 1.426222176 1.4814599477
-9999 -9999 -9999 -9999 -9999 -9999 -9999 -9999 -9999 -9999 -9999 -9999 -9999 -9999 13.2256696367 13.517976025 13.0418087091 11.2099915854 10.201126558 10.8152838559 11.4179965048 11.9390588037 10.9787726013 11.1531675682 9.47915700425 9.03161960218 7.56957281937 7.64801821399 7.21717073746 7.98455874553 7.3945827533 7.17455084312 5.73020488681 5.37780998778 4.71647667805 6.014919858 6.05814563702 7.11336317125 3.97132387235 4.08992502619 5.054589314 4.66466440828 1.62250139293 1.43357498804 1.15210407845 0.702168993674 1.08404290615 2.90281548691 2.5482414924 2.81355822455 2.73546858559 2.71185166343 1.99967994547 1.77750340638 1.94840529995 1.87408825734 1.4613358385
-9999 -9999 -9999 -9999 -9999 -9999 -9999 -9999 -9999 -9999 -9999 -9999 -9999 -9999 -9999 -9999 13.1385893491 12.1829222649 11.9916758303 11.8929481532 11.163756274 11.5449041817 11.4222484687 11.4303891085 9.67127586525 8.63180896859 6.16792879005 6.36284431449 5.38410804185 6.65906190909 6.76909190696 5.98200341877 5.44092487728 4.93381830307 4.83166960483 4.86181257591 5.20846121589 4.32948586217 5.45024289136 5.02582332779 3.15205584166 2.93548705592 4.5172336697 3.46716352198 0.828702752589 0.977178607889 0.827942761362 1.54124308775 1.83569169665 2.03428328096 1.94034008564 1.99287045415 1.74179332518 1.53275436947 1.09239982527 1.15013839741 1.59966922857
-9999 -9999 -9999 -9999 -9999 -9999 -9999 -9999 -9999 -9999 -9999 -9999 -9999 -9999 -9999 -9999 13.1485503294 12.9810531571 12.7628368138 11.6980822876 11.1663200292 11.4891604735 10.874818125 11.1225014018 10.5482482144 9.42254957626 7.60712551883 7.42224195675 6.68638008378 7.05518097468 7.09674276593 6.90529545128 5.93514164698 5.33304690672 4.10271381678 4.2893823672 4.18786610501 4.64070198801 3.25241895986 2.79973502546 3.06857090873 3.71959783787 2.70926272344 3.30495752889 2.68324505023 0.850162388401 0.455022190347 0.76904380781 1.50533144543 1.2034611857 0.953607584966 0.966816095203 0.742118844975 0.835831673367 0.762190937396 0.766297455334 0.74395190756
-9999 -9999 -9999 -9999 -9999 -9999 -9999 -9999 -9999 -9999 -9999 -9999 -9999 -9999 -9999 -9999 -9999 -9999 12.8130835584 12.1194002378 10.7093416966 11.1315113843 11.1503719506 11.6186207195 10.3512926837 10.0022013202 7.27238515415 7.09181629628 6.76693974338 6.84469291412 5.81147487274 5.45110831182 5.12804261164 5.30790849717 4.05402580723 4.64790712302 4.39872876829 3.60734687878 3.18107710056 3.57747304682 2.69697244523 2.46172019266 2.12174215967 2.1093374649 1.76111058578 1.7530883102 0.54845096457 0.541186102165 0.870097009709 0.997906290919 1.1047562302 1.35072454691 0.757270940035 0.776225921951 0.817572812085 0.868068611386 0.798373565432
-9999 -9999 -9999 -9999 -9999 -9999 -9999 -9999 -9999 -9999 -9999 -9999 -9999 -9999 -9999 -9999 -9999 -9999 -9999 11.5949276279 11.1908470217 11.4416200388 10.9153899225 13.0991352829 11.3034154825 11.1066865247 8.75074538836 7.38464153795 6.09790018874 5.97557314384 5.70538082645 6.59983005373 5.09972485424 4.81366477255 3.64518905456 3.20918863807 2.95505888314 3.72117413301 3.18761847519 3.32768674265 2.44696968084 2.28161691258 1.80728305371 2.15994771111 2.00456992862 2.06612034842 1.27758009462 0.470553613229 0.358312816968 0.656093965056 0.768538359375 0.877102159255 0.663448667341 0.657741556584 0.721833023061 0.693183370328 0.546372188365
-9999 -9999 -9999 -9999 -9999 -9999 -9999 -9999 -9999 -9999 -9999 -9999 -9999 -9999 -9999 -9999 -9999 -9999 12.5132627538 12.8685019245 12.5392656241 12.4235421969 10.9869287955 12.3663650213 11.2014720475 11.1275233359 9.2577316765 8.61301344176 6.58495174165 6.31798901781 4.76651280729 2.8830964561 5.45498270651 4.8192908437 4.00973010302 4.53837663108 4.95074159442 4.79039037079 4.20611016464 3.93051806557 3.22821912582 2.4450948936 2.05648852595 2.62289894411 2.34733280249 2.26311338521 1.80129817369 1.80320358724 0.808178553718 0.443979912469 0.619470005915 1.17373372937 1.33825866244 1.33522515856 0.95910609229 0.844104971373 0.727276335042
-9999 -9999 -9999 -9999 -9999 -9999 -9999 -9999 -9999 -9999 -9999 -9999 -9999 -9999 -9999 -9999 -9999 -9999 -9999 13.9233694111 13.5253399668 13.3026735177 11.2792107701 12.5720994411 11.9281182779 11.8610372212 9.2550586554 9.23777397181 7.92913308825 8.62102137788 5.51831982899 5.49119993852 6.54350546939 5.11068246507 4.80723695434 3.9997491257 2.83189998545 2.54519340152 2.11317754161 2.11477695682 2.09092104313 2.54644131822 2.24881360041 2.48016995417 2.2683674417 3.12475600977 2.14104026423 1.70789565988 1.02321785553 0.539161477139 0.2349892007 1.98335930267 2.21041878009 1.99379754155 1.74194797457 0.460265454726 0.469152774574
-9999 -9999 -9999 -9999 -9999 -9999 -9999 -9999 -9999 -9999 -9999 -9999 -9999 -9999 -9999 -9999 -9999 -9999 -9999 -9999 12.8199187526 13.188326498 11.3278647525 12.1358203706 11.3018374695 11.7219046424 9.13303459407 9.42190361649 9.51445090088 9.16571091368 8.06606336154 7.92775243217 5.71974907078 5.43672208002 3.63630403584 4.35294642536 3.84390136124 4.18668133606 3.83220429217 3.5866671665 2.70457071327 3.28412015661 2.89482310145 2.58121906506 2.96060112064 2.63539504412 2.07225353807 2.29172974148 1.85871232397 1.42010157624 0.782370722045 0.508429810664 0.25223354024 0.289705883804 1.42995675515 0.275295717338 0.26075558797
-9999 -9999 -9999 -9999 -9999 -9999 -9999 -9999 -9999 -9999 -9999 -9999 -9999 -9999 -9999 -9999 -9999 -9999 -9999 -9999 -9999 13.104130529 11.9154137767 12.0682261735 10.9440783275 10.6245785548 9.30689765294 9.96258791416 9.28363392987 9.13118759545 9.35774458683 8.81690122143 6.0754796926 3.64369530031 5.77409295399 5.65245764364 4.40302530841 3.37699419175 3.03193739153 3.26729530905 3.69736385296 3.84927303415 3.74992115694 2.67120903333 2.10608346725 1.67000600313 1.83975473924 1.99908731323 1.79211648481 2.15014889183 2.9873896939 2.14688417871 0.992708714774 0.384817611248 0.139396442924 0.173276982776 0.183466765231
-9999 -9999 -9999 -9999 -9999 -9999 -9999 -9999 -9999 -9999 -9999 -9999 -9999 -9999 -9999 -9999 -9999 -9999 -9999 -9999 -9999 12.3630262028 11.3860692445 11.3770104041 11.4131043111 11.9721277647 10.288779906 9.13801775044 8.43994708234 8.95586928063 3.3442728963 7.72817829581 6.68780908699 5.79691016002 3.91216352696 4.39186041 3.73171253982 3.14857034166 2.64642918862 3.68900070673 3.72930942308 3.60822405302 2.73851901203 2.56695217848 2.67519585656 2.55781442375 2.20115455293 2.15146136748 1.35303873698 1.49390697958 2.1875234868 1.47614914079 0.777714225992 0.289123037703 0.219811467715 0.149851526289 0.14804998787
-9999 -9999 -9999 -9999 -9999 -9999 -9999 -9999 -9999 -9999 -9999 -9999 -9999 -9999 -9999 -9999 -9999 -9999 -9999 -9999 -9999 -9999 11.4634033521 12.0481532681 12.2641092622 12.2503238094 10.5805972097 9.63443553831 7.74060889094 8.11023427157 8.04575402083 8.23493156602 6.31074220853 5.90966375084 5.77195931835 4.92795376461 4.30630519083 3.94173166983 3.18647445516 3.70291025356 3.70171671379 2.72548242165 2.65809344646 3.23465362267 1.77268607462 1.57947913691 1.10238198913 1.23706756054 1.43482752707 2.24417913659 1.08193840616 1.8249168583 1.23923815657 0.319607069977 0.142558633271 0.126648852773 0.130411615749
-9999 -9999 -9999 -9999 -9999 -9999 -9999 -9999 -9999 -9999 -9999 -9999 -9999 -9999 -9999 -9999 -9999 -9999 -9999 -9999 -9999 -9999 11.6576348077 11.4938303822 12.0704359531 12.6831084762 11.0405861089 8.99453832316 8.12380573615 8.27408256736 7.31691020066 7.42317476569 6.8440228239 6.1751086926 4.99297802856 5.92900049061 4.45491461917 4.07809723855 4.18828817131 4.34652348015 3.00911440331 3.75981518767 2.69775331722 2.24802980278 1.83763693417 1.9992601729 2.06390849204 2.2377085078 1.30775370625 1.24176724593 1.03269927569 1.99724239481 0.257085400861 0.523728385202 0.278445970231 0.25175285061 0.182220247343
-9999 -9999 -9999 -9999 -9999 -9999 -9999 -9999 -9999 -9999 -9999 -9999 -9999 -9999 -9999 -9999 -9999 -9999 -9999 -9999 -9999 -9999 11.5116356586 11.8539341527 13.1194845741 13.0214598948 11.2860441928 9.8867049987 8.52746890512 9.11512335047 7.90524071285 7.42354025801 6.56192666963 6.38208722418 6.10250495827 4.89062402636 4.35825207062 5.26380566467 4.41307239205 4.12695969702 3.72984232808 3.13161420223 2.15750311091 2.59465553861 2.82544189801 2.59171018052 2.17367974776 1.91843622647 1.41335109165 1.41565976145 1.60803491787 1.35746766844 0.459752349318 0.434160599258 0.461903442456 0.512401802288 0.258844532251
-9999 -9999 -9999 -9999 -9999 -9999 -9999 -9999 -9999 -9999 -9999 -9999 -9999 -9999 -9999 -9999 -9999 -9999 -9999 -9999 -9999 -9999 -9999 12.1624660244 13.4564670446 13.1480264854 10.6197141424 9.08239297311 7.95565420251 8.90364361891 7.93856852029 8.28154450831 7.36724843997 7.53956282265 5.62607502741 6.00158292966 5.56207970904 5.07091619756 3.47756781052 3.35974225111 2.3783062749 2.98500689934 3.24874243177 3.28817451826 2.68427263438 2.43368783039 1.33824143105 1.17510362527 1.03656197388 1.11224977204 0.842181435741 1.03049877595 1.02749963397 0.955805775331 0.332215566503 0.288248563309 0.694962441816
