data/recharge/transience/recharge91.asc
ncols                  80
nrows                 72
xllcorner      4374000.0
yllcorner      5656000.0
cellsize            500
NODATA_value       -9999
[rows 25 to 49 of 72, columns 0 to 56 of 80]
-9999 -9999 -9999 -9999 -9999 -9999 -9999 -9999 -9999 -9999 -9999 -9999 6.87453974565 6.46827110105 5.34255592003 5.5418900025 3.71832558629 3.60436703821 2.96858503204 3.72612838455 2.86909287434 2.60260501378 2.09210650836 1.07406720284 1.88135421588 3.30288793972 3.24738186792 3.02016987266 2.26443959578 1.86058207087 1.51620583901 1.33633832057 0.899139404413 0.838130375614 1.2073748619 0.598435559769 0.887718978057 1.65774431214 1.2432064795 1.18584587593 0.975580258746 0.600049382758 0.66604039147 0.820877339866 0.794750067962 0.829200284158 0.866917581674 0.857023244979 0.884818010808 1.00590074282 1.01177793381 0.860508386031 0.742140800985 0.562983999476 0.630337787513 0.677023491078 0.717165034133
-9999 -9999 -9999 -9999 -9999 -9999 -9999 -9999 -9999 -9999 -9999 -9999 -9999 5.11900343979 5.55640675981 5.90495573788 4.83774889311 4.61656312274 3.45947115097 2.97771525147 2.71390676023 3.18157967919 3.18271138901 2.51933561286 2.69897145961 2.37141106481 2.47050195282 2.31385323986 2.09130411442 2.355493027 1.84201945158 1.60992976973 0.98126792755 1.21420522563 1.23036715863 0.143592999294 0.538780914653 1.47167564593 1.55426373088 0.910871760654 0.734683780456 1.09993085737 0.623076845345 0.664398140983 0.527713339825 0.559502691006 0.666934636126 0.621186742051 0.455213943103 0.377926483369 0.474682578382 0.549950006056 0.673462449906 0.630663914548 0.504671670268 0.535352068792 0.567073343283
-9999 -9999 -9999 -9999 -9999 -9999 -9999 -9999 -9999 -9999 -9999 -9999 -9999 -9999 5.01983300874 5.08305888228 4.13692266353 3.96439617787 3.54394836996 3.89486264644 3.0069158883 3.69212457223 2.94016355803 2.62765196163 1.99881376807 1.85696546551 2.07136311727 2.87545554875 2.18067244847 1.84825667956 1.82570111428 1.67432591851 1.42358257014 1.64185719194 1.4652433533 0.284420401472 0.462447351528 1.22732805727 1.0477652228 0.43047591047 0.38530780892 0.791396048119 1.07576072263 0.763789188609 0.506586017273 0.633418141411 0.518443722132 0.42470710029 0.478049180915 0.612135660971 0.600298936633 0.401680185261 0.400067269694 0.386840132845 0.633205735495 1.10554040146 1.10457341718
-9999 -9999 -9999 -9999 -9999 -9999 -9999 -9999 -9999 -9999 -9999 -9999 -9999 -9999 1.78814296554 2.86612382031 4.0179608729 4.07461132239 3.48938530286 3.76090771996 3.53280897564 3.51279380543 2.52771243547 3.59096277112 3.13561481456 3.2686778983 1.71619610978 1.6420746399 1.83339388554 2.1330830428 1.17848115331 0.642974871346 1.39741910893 3.23829158786 2.87259263345 0.472307660153 0.52701605903 0.791974627436 0.430055231975 0.36663949484 0.56737793835 0.742466670706 0.79859958239 1.02495332975 0.851359064828 0.637009294378 0.246510935936 0.172922972773 0.244357395337 0.432548242963 0.786257433906 0.942015861489 1.13652023636 0.681281897703 0.538949394817 0.573102173385 3.07373856875
-9999 -9999 -9999 -9999 -9999 -9999 -9999 -9999 -9999 -9999 -9999 -9999 -9999 -9999 2.46576027907 3.50339628717 4.62620673504 4.55531688262 4.31970404942 4.24458297594 3.54328798772 3.81362053441 3.6340631826 3.0000253697 2.32292512731 1.98067785765 2.1084007211 2.04544727196 1.39252118848 1.67748797564 1.50317261703 1.30419247108 1.20279339412 2.0397854263 3.61496306245 0.527652744466 0.730905426487 2.66800511672 0.449943204751 0.282040935028 0.643224672167 0.8209143597 0.647380521588 0.686527744885 0.543068673444 0.660046344361 0.443245178338 0.703596171275 1.45418011687 1.67174498669 1.47671479674 0.90770541191 1.43203619086 1.26241222962 1.22013802744 1.43076861044 1.25695144511
-9999 -9999 -9999 -9999 -9999 -9999 -9999 -9999 -9999 -9999 -9999 -9999 -9999 -9999 7.75562459895 6.40238928406 5.89548312977 6.37009922816 5.18485371939 5.40591166111 3.82300324023 3.47539074625 3.02098869454 3.12542542841 2.44324600675 2.6701873671 2.06915168388 2.4385183564 1.92148650138 1.68176672915 1.64919980004 1.95757643724 1.63712958152 0.683899067951 0.616307283652 0.627093771575 0.531898464834 1.47317760281 0.421997395656 0.706279130993 0.458760108583 0.63024961326 0.441596205394 0.512102707202 0.422879747418 0.520224933423 1.09620792533 1.36788793537 2.72751598186 3.13464075183 2.29858447674 2.62869487939 1.81422344631 1.73880179154 1.54023036689 1.2612782306 1.483648156
-9999 -9999 -9999 -9999 -9999 -9999 -9999 -9999 -9999 -9999 -9999 -9999 -9999 -9999 -9999 5.07427701589 4.65109316981 4.49564740582 4.49361517944 3.4393443624 2.85501033699 2.99249230342 3.07003094717 3.13330719592 2.41362998457 2.48674419626 1.8738588105 2.04564264525 1.32482716512 1.59708148741 1.19137322345 1.17460380082 0.955803669648 1.24344608166 0.70083800179 0.711707599197 0.652460333967 0.63209133259 0.600675833859 0.247001170917 0.130078430049 0.208308265201 0.422679148385 0.418839998393 0.41868130655 0.500016402222 0.510550439621 0.565855839461 0.886575108649 0.972142535762 0.652681822596 0.550978482943 1.07813474157 1.92421643492 1.87220028397 1.84175196741 1.5833304813
-9999 -9999 -9999 -9999 -9999 -9999 -9999 -9999 -9999 -9999 -9999 -9999 -9999 -9999 -9999 -9999 4.50801178499 4.06058915875 3.97916866073 5.61749700721 4.98977655144 4.71694502514 3.01161504016 2.52534974492 2.64567196907 2.31412213925 1.89950469942 1.49584852732 0.964142368101 1.52280853186 1.77891638038 1.22586583383 1.45479251996 0.959833203742 0.682491585958 0.79883414409 0.780939201984 0.882462637258 0.866151221394 1.2010904953 1.4800657635 1.24815263213 1.1803581216 0.921517268604 0.495850983713 0.362070007256 0.307119756485 0.868443802317 0.628277072664 0.421482358673 0.738358554623 1.29382517578 0.950413234899 0.732828555798 0.946106889369 0.812044989412 0.786107028599
-9999 -9999 -9999 -9999 -9999 -9999 -9999 -9999 -9999 -9999 -9999 -9999 -9999 -9999 -9999 -9999 5.30849996692 5.48762020212 5.58640802895 4.93674405433 3.57342888441 3.97297452125 3.29073620045 2.87354544575 2.48867259721 2.84571186829 2.13183863565 1.98967689296 1.05557213545 1.23476584167 0.832018179262 0.687641158312 0.810999243924 0.750275468907 1.04151025952 0.744638168814 1.0851410291 0.921625898559 0.845350464492 0.798309989629 0.786533100729 0.459702188785 0.901494225495 2.29801616508 1.35930433155 0.896370260892 0.774950906908 0.423267235971 0.405259023195 0.581607311603 0.970018935942 1.03623438464 1.47730117461 1.5905843726 2.0424488311 1.40344496752 0.796000593379
-9999 -9999 -9999 -9999 -9999 -9999 -9999 -9999 -9999 -9999 -9999 -9999 -9999 -9999 -9999 3.17856303876 3.25138432169 4.2076009307 4.68533698454 4.49583168942 3.80482228 3.59208522898 2.93044315266 2.73567990337 2.24810681282 2.48845817869 2.17110104863 2.26940984368 1.29815857119 1.5849440644 1.58124799629 1.65894467871 1.68028814951 0.876042766891 0.616140657933 1.04300618271 0.805168669807 1.74645446509 1.37198869162 0.605849238361 0.693574596536 1.09962044927 1.17075342805 1.14886821081 1.24517476352 0.918680160999 0.237173225402 0.352025122937 0.692685023008 1.06114788538 0.791895933366 0.552788820344 0.681283583021 0.798801019423 0.944482142691 0.981686181368 1.19782054248
-9999 -9999 -9999 -9999 -9999 -9999 -9999 -9999 -9999 -9999 -9999 -9999 -9999 -9999 4.00154817092 3.68374811141 3.45491557378 4.44358221861 4.17670227909 4.02917258173 3.39776173205 3.9687599349 2.93759535516 3.10626641521 2.26139287564 2.09560427961 1.80998456356 1.92313112228 1.6293295931 1.62661772545 1.29602869045 1.34920470851 1.04705593865 1.51576272604 2.03646276123 3.18197255334 0.655374233015 0.419151746935 0.912415697828 0.954893001977 0.738583563439 0.89975121622 0.841311491109 0.931313668639 0.681557588574 0.578265657577 0.596789861248 1.06107821534 1.01685654909 0.755628405265 0.662147796907 0.652523723987 0.756614810375 0.731414572335 0.705472487794 0.77173997334 0.805309410741
-9999 -9999 -9999 -9999 -9999 -9999 -9999 -9999 -9999 -9999 -9999 -9999 -9999 -9999 4.42169093952 4.99195698471 4.34777436587 4.16362637352 3.60823506769 3.28650041236 2.76076653276 3.33277762312 2.8737773949 3.11811088897 2.32629286571 1.91257164844 2.02299382807 2.18390267021 1.75743489509 1.75849311756 1.66656956671 2.14735306371 2.90972212383 2.56013696995 2.09781610852 3.12137419807 3.143584469 3.88691769792 2.19388113633 2.25421914678 3.01897034407 2.77057947755 1.25789287054 1.14174969548 1.08152280169 0.647335727573 1.11300128087 1.81050749181 1.65312787722 1.91333336229 1.92330042791 1.90330353358 1.42211048326 1.21784889841 1.47248075381 1.40359204925 1.04348071498
-9999 -9999 -9999 -9999 -9999 -9999 -9999 -9999 -9999 -9999 -9999 -9999 -9999 -9999 -9999 -9999 4.47747226164 6.14328314125 6.19301703541 6.05914523525 4.74702520864 3.12895953643 3.47283046691 3.49930258697 2.53540977996 2.99049001973 1.86734554298 2.01209895975 1.64776345788 2.23403203662 2.15209665552 2.64687160153 2.61568566753 2.1456904571 2.34114109837 2.36907464566 2.65823232736 2.08579718435 3.06511189538 3.04192961764 1.81327099884 1.71679560341 1.58936063564 1.07221848731 0.784885008031 0.929429851341 0.866380090134 0.916036030566 1.02060109593 1.25876649733 1.24138789467 1.28791208811 1.18497735775 0.990413832091 0.638407104619 0.697176914005 1.20069197459
-9999 -9999 -9999 -9999 -9999 -9999 -9999 -9999 -9999 -9999 -9999 -9999 -9999 -9999 -9999 -9999 6.78878214921 6.42412810964 6.27109823534 4.62502873297 4.83697739297 4.81981747555 2.62123811313 2.82774934075 2.97634418082 3.64716724834 3.08399082253 2.92055064192 2.67867123272 2.70538679933 3.21328694988 2.98183033756 2.39085399023 2.30577321961 1.62313140004 1.78218477276 1.93329427379 2.35753834903 1.49894625131 1.30126316686 1.77455854165 2.40396780295 0.622986877576 1.01471169165 2.1917065017 0.919951703775 0.508007300349 0.777524610604 0.926158784483 0.649699834015 0.48794843537 0.501281373765 0.388304621565 0.490522904557 0.499399829316 0.50525157026 0.494744424309
-9999 -9999 -9999 -9999 -9999 -9999 -9999 -9999 -9999 -9999 -9999 -9999 -9999 -9999 -9999 -9999 -9999 -9999 6.36912633066 5.23611391015 4.15982676627 4.77061694666 4.34260566043 3.52907277742 2.74089336084 2.88833869935 2.74183194745 2.90873761945 2.56539770978 2.47744532313 1.83807365745 1.51653578377 1.49016606817 1.90360548994 1.58381911079 2.10205736257 2.12801065107 1.42810953157 1.33291314658 1.98492403286 1.42411583603 1.20861746165 0.990616036947 0.98028707733 0.979072265013 1.1967769261 0.627895615708 0.642625373231 0.958021252459 0.5006762333 0.584415151891 0.681863395468 0.403139589595 0.422848942299 0.567066631641 0.63110909628 0.561069252333
-9999 -9999 -9999 -9999 -9999 -9999 -9999 -9999 -9999 -9999 -9999 -9999 -9999 -9999 -9999 -9999 -9999 -9999 -9999 4.25821901853 4.32010636548 4.6972788768 4.4212025131 4.6897870575 3.27791913748 3.00662015985 2.28187525499 2.64116754164 1.77855859151 1.67041294065 1.7744403752 1.94664121759 1.48145807892 1.34290904653 1.13945448919 1.10878260628 1.09260705148 1.63299586943 1.46114403188 1.7816778349 1.33078117416 1.1718772473 0.907007476567 1.25689147496 1.34220495868 1.41642156191 1.10795854598 0.647265084572 0.54115971502 1.00151443193 0.645368753217 0.563491988436 0.412857844011 0.405713488188 0.575882869741 0.535581402148 0.396134599005
-9999 -9999 -9999 -9999 -9999 -9999 -9999 -9999 -9999 -9999 -9999 -9999 -9999 -9999 -9999 -9999 -9999 -9999 5.66807427853 6.27128612215 6.42524934804 6.22545768609 4.77710761032 3.45875140676 3.14761491351 3.03365361694 2.27879035384 2.53905428313 2.24267723083 1.97651822358 0.767409575526 0.631950576552 1.25017088112 1.67452496516 1.62985569933 1.98557596606 2.51268193189 2.3790773484 2.24706931612 2.15748838881 2.08342016354 1.32841571965 1.14574569311 0.460304866926 0.697755904509 0.502924389445 1.33014724961 1.95155795641 1.31640426658 0.721728284585 0.989791395233 1.58198004773 1.43085721943 1.20964477776 0.897496174318 0.749706213362 0.666845237308
-9999 -9999 -9999 -9999 -9999 -9999 -9999 -9999 -9999 -9999 -9999 -9999 -9999 -9999 -9999 -9999 -9999 -9999 -9999 7.50859790546 7.22125438735 6.80356150644 5.03788436876 3.7862855017 3.68969981404 3.60725343518 2.3457674022 2.54611989019 2.27085837161 2.92633818116 1.72030561072 1.69147696124 2.35613736968 2.11945396058 1.28041749085 0.991403844491 1.10068719539 0.91589847343 0.815832673749 0.816323610581 0.950859853068 1.47693683089 0.949733168335 0.570755522327 0.589798327225 1.96813103739 1.8638225773 1.37402915906 1.60837068795 1.04360790469 0.385907922095 0.381589198642 0.472004938736 0.960073295957 0.987760597916 0.514806984069 0.391037708188
-9999 -9999 -9999 -9999 -9999 -9999 -9999 -9999 -9999 -9999 -9999 -9999 -9999 -9999 -9999 -9999 -9999 -9999 -9999 -9999 5.86256119777 6.5230414001 5.11871860438 4.42380513499 2.84736066566 3.40788990277 2.39152637373 2.69762598211 2.91666671377 2.46084053629 1.86130068305 1.7263090196 1.58860539382 1.32182292177 0.86906783829 1.1509646566 1.80182082127 2.09511305315 2.09625878301 1.8948118191 1.36705888826 1.98269227044 2.13697845281 1.84322629044 2.50860931783 2.14562907174 1.78006750506 2.04739705329 1.81394871141 1.88866543555 1.45511372945 0.94352248443 0.542781935131 0.404843464968 0.540490491069 0.765249007181 0.823259454723
-9999 -9999 -9999 -9999 -9999 -9999 -9999 -9999 -9999 -9999 -9999 -9999 -9999 -9999 -9999 -9999 -9999 -9999 -9999 -9999 -9999 6.16458245579 5.54756002676 5.53522428262 2.77056106568 2.42504975075 2.33694279566 2.96765394366 2.24478574636 2.01462473176 2.03298348695 2.36913192808 2.2884278241 0.881667995787 2.52233714659 2.93278333186 2.35469718401 1.76747412783 1.56504790115 1.63041394742 2.36290247183 2.52059025049 2.83691405976 1.9747454444 1.60215907086 1.09624934076 1.52785235421 1.72733021144 1.74410043896 2.21005195345 3.33069345969 1.09655745662 1.23384042631 0.976292261888 0.317933394104 0.46899684082 0.608285124566
-9999 -9999 -9999 -9999 -9999 -9999 -9999 -9999 -9999 -9999 -9999 -9999 -9999 -9999 -9999 -9999 -9999 -9999 -9999 -9999 -9999 5.07914733112 4.79551533804 4.81074579204 3.99932225341 4.22096031285 3.19888258678 3.4205860985 2.70722862645 2.37535643488 1.19374972174 1.95267120268 2.65955377684 2.57184569081 1.5816311003 1.94937445373 1.73362982872 1.92856418535 1.77870984793 2.27149310366 2.39678492024 2.27177394186 1.67120555614 1.66952380339 2.25639579346 2.12258636166 1.97636728129 1.91564429016 1.28415044 1.31615521332 1.10299617396 0.605825682692 0.458646412194 0.556125404036 0.669151217822 0.364228908967 0.435793985515
-9999 -9999 -9999 -9999 -9999 -9999 -9999 -9999 -9999 -9999 -9999 -9999 -9999 -9999 -9999 -9999 -9999 -9999 -9999 -9999 -9999 -9999 5.14492486863 6.03769897902 4.50065041544 3.79412649746 2.94899915809 3.82458189464 3.15658314879 3.00538579995 2.6828348577 2.92411451286 2.558157739 2.79775849926 3.19736292462 2.38840042412 2.60565948082 2.39933073022 2.36621525879 2.31371935356 2.40436793598 1.42424237645 1.65237338127 2.26766227359 1.26536021277 1.11187397891 0.939832249363 1.33234589979 1.86583901023 0.925850870257 0.407767024024 0.456356570414 1.5808720528 1.03189117181 0.39888952638 0.320452075897 0.409606100327
-9999 -9999 -9999 -9999 -9999 -9999 -9999 -9999 -9999 -9999 -9999 -9999 -9999 -9999 -9999 -9999 -9999 -9999 -9999 -9999 -9999 -9999 5.38618233219 5.19456904563 4.20495790524 4.48902526462 3.47421190771 3.52974418446 3.4257683549 3.56735871957 3.07552942103 3.19648658051 3.17898554448 3.11010618027 2.44983108558 3.3614361105 2.40355908595 2.29669738515 2.84697930947 2.70951733029 1.70159944331 2.46408892223 1.69440966326 1.22967053324 1.11179122417 1.59125670729 2.19203386103 2.17035073025 1.14342726818 0.98598399337 0.624725333827 0.851155355475 0.807963156249 1.60120449972 1.0031156572 0.899540828636 0.685498913126
-9999 -9999 -9999 -9999 -9999 -9999 -9999 -9999 -9999 -9999 -9999 -9999 -9999 -9999 -9999 -9999 -9999 -9999 -9999 -9999 -9999 -9999 5.30847856543 5.86437318758 5.4312490318 4.52137000117 3.75049692176 4.65477900577 3.84140643053 4.29488374152 3.45433054507 2.92861512902 2.5902873609 3.06206535564 3.43932014117 2.28164588432 2.29606795454 3.17908890112 2.76553705471 2.47564375719 2.57972561361 1.95175829878 1.30212564865 1.77675891715 2.32123068189 2.1621655449 2.21249351242 1.88281977047 1.44072598746 1.44409662379 1.96458359479 1.57578742351 1.38040750898 1.48839861516 1.68850916929 1.81219628325 1.1097189961
-9999 -9999 -9999 -9999 -9999 -9999 -9999 -9999 -9999 -9999 -9999 -9999 -9999 -9999 -9999 -9999 -9999 -9999 -9999 -9999 -9999 -9999 -9999 6.28517988723 5.9581291956 4.73008907611 3.42479955919 4.55028973906 3.79855692431 4.03321998774 3.49818757546 3.89203759041 3.47071240551 4.03886703074 2.96504333494 3.3363906355 3.48804405982 2.98573810908 1.84492627511 1.69884858713 1.199985003 1.80248476875 2.51247286296 2.5498409685 2.15686445402 1.8666996683 0.975318406257 0.877310516137 0.875674267317 0.987337706308 0.735911362002 1.03888736141 1.2739581037 2.0962751089 1.20569642292 0.743436456027 1.37791432486
