data/recharge/transience/recharge58.asc
ncols                  80
nrows                 72
xllcorner      4374000.0
yllcorner      5656000.0
cellsize            500
NODATA_value       -9999
[rows 25 to 49 of 72, columns 0 to 55 of 80]
-9999 -9999 -9999 -9999 -9999 -9999 -9999 -9999 -9999 -9999 -9999 -9999 3.03955923345 3.05480149741 2.81274839187 2.24793492358 1.65605417903 1.7870025624 1.39724674236 1.50877612813 1.3524782425 1.56326997969 1.31111363387 0.448224506526 0.345177574566 0.432512655798 0.41103492085 0.388444147432 0.277624942688 0.230715129957 0.193759787564 0.175976513365 0.349234934198 0.416340785639 0.0343162706005 0.239404646178 0.183709417369 0.0662204900264 0.0470912328354 0.124779104153 0.129405175052 0.132896981897 0.508101936405 0.970635365844 1.0113229967 1.02250896631 1.08561231582 1.08250139007 1.10074577171 1.1415624247 0.984244040947 0.27757263404 0.0900471215492 0.0690828930896 0.0728678077179 0.0783953624857
-9999 -9999 -9999 -9999 -9999 -9999 -9999 -9999 -9999 -9999 -9999 -9999 -9999 3.02379901893 3.02808437251 3.13961244362 2.10909174974 1.93762662331 1.55364923409 1.48380325644 1.42791560652 1.62705889985 1.68742554269 1.62587476242 0.870808247081 0.514419556615 0.404363906296 0.264494912688 0.279593038895 0.314108187321 0.245042866581 0.228872947947 0.723445550435 0.0603677063525 0.0385816801865 0.306116673827 0.337079504146 0.0549602357102 0.132303340412 0.117778484218 0.106016266791 0.113366638288 0.0689442115762 0.115063990064 0.201763178593 0.420401652613 0.93349396058 0.916788341035 0.279704394326 0.101249500703 0.0669798559557 0.0689931906261 0.0804481272497 0.0988026031994 0.36279395655 0.0674229503006
-9999 -9999 -9999 -9999 -9999 -9999 -9999 -9999 -9999 -9999 -9999 -9999 -9999 -9999 2.35987481867 2.40074862666 1.9518238433 1.70474998828 1.4987495273 1.60133798466 1.35367020956 1.72002692573 1.68207489825 1.31528303576 0.798814770145 0.830066238561 0.869660837496 0.667406930133 0.345673553802 0.249862136655 0.265186505677 0.514182121867 0.98232351571 0.114762115427 0.0512804535387 0.307504032361 0.247331596269 0.0990840753793 0.128311445075 0.105037278054 0.121832132574 0.0997085794712 0.110958892078 0.0807447765089 0.0619364281973 0.0725745417998 0.0631548535124 0.0616019447149 0.0606145811072 0.0732155609699 0.0735084496938 0.0566181379519 0.0568812293376 0.105491706934 0.598967439823 0.619126326674
-9999 -9999 -9999 -9999 -9999 -9999 -9999 -9999 -9999 -9999 -9999 -9999 -9999 -9999 3.16763604927 2.69551512227 2.19621822961 1.81804073212 1.56527338428 1.64769659814 1.56166182806 1.74474404695 1.33162968657 1.71570033411 1.43371768597 1.35319273547 0.927624876061 1.10093471771 1.27738421278 1.0038597635 0.871069616671 1.12141055845 1.02689123982 0.744476370789 0.0623929022416 0.357657093355 0.232575846266 0.0872937840384 0.104282505443 0.127414796481 0.0902349180023 0.106019134206 0.114549972162 0.11177419996 0.0925459989116 0.0731985096065 0.0649545508072 0.323345292014 0.371003615918 0.0635104887698 0.0932067098184 0.109165793467 0.131321373828 0.22330709529 0.509936190474 0.616680609178
-9999 -9999 -9999 -9999 -9999 -9999 -9999 -9999 -9999 -9999 -9999 -9999 -9999 -9999 4.44039857416 3.58790387694 2.58600935468 1.94433842889 1.75426124418 1.75008892633 1.48832426534 1.63247325762 1.54798138866 1.51151180854 1.19029969939 1.14602856608 1.20069241795 1.41262490865 1.16070280733 1.23644447772 1.10657010046 0.980329447088 0.983970055722 0.254689263942 0.247185596152 0.341018972384 0.33916832442 0.057163666673 0.2521581184 0.147346101679 0.0983255444888 0.116358730084 0.102533747965 0.104824060683 0.0683375189628 0.0752199488622 0.0586382688835 0.0817691941661 0.167795719174 0.162942477623 0.103599134499 0.0468480266167 0.0714224592684 0.0601403291665 0.053634972313 0.0764046023722
-9999 -9999 -9999 -9999 -9999 -9999 -9999 -9999 -9999 -9999 -9999 -9999 -9999 -9999 4.10963797215 3.58711766669 3.30026293944 2.85835873898 2.47645213975 2.96426470017 1.99976826487 1.93678546756 2.02201292918 1.57155015618 1.04489019888 1.15881524705 1.05928472384 1.62266580669 1.38807547781 1.33010722984 1.24967162291 1.33369694236 1.23103905298 0.858753797609 0.429745914833 0.433684062095 0.360293684233 0.308721538246 0.305033487627 0.311534072744 0.0512649788797 0.0731914145414 0.0819427461037 0.089444404745 0.0710798490405 0.0646898712308 0.101924523046 0.081149868598 0.181414236949 0.241227665623 0.139636872405 0.179343790143 0.121677047872 0.175955378406 0.190064799588 0.153138449628
-9999 -9999 -9999 -9999 -9999 -9999 -9999 -9999 -9999 -9999 -9999 -9999 -9999 -9999 -9999 3.13153116916 2.88933260192 2.42790799294 2.7116681825 2.39394317445 1.51912063143 1.55107774757 1.73525500806 1.69406334325 1.03690291132 1.2931708356 1.16804713815 1.28031931176 1.61731297386 1.24955284171 1.12225798486 1.11468873286 0.983045769108 0.986249631337 0.459829980323 0.463546124309 0.402564588194 0.395742078272 0.390226899993 0.372872010758 0.330299908396 0.33146008275 0.0161559334924 0.0249667157269 0.0478468848129 0.0285052308509 0.0183806542985 0.0206418191474 0.0400503596044 0.0732544187634 0.0830735668517 0.0736503185223 0.129066024001 0.244912020774 0.240618285635 0.235629333429
-9999 -9999 -9999 -9999 -9999 -9999 -9999 -9999 -9999 -9999 -9999 -9999 -9999 -9999 -9999 -9999 2.96992072966 2.23363715316 2.36298752293 2.86530493486 2.36781820105 2.18431689555 1.62617241227 1.27157865702 1.18209700697 1.15722503364 0.984534783843 0.942396504699 1.5675019346 1.27052090354 1.35376601891 1.34358648912 1.49619234857 1.43956895138 0.502042839832 0.546478622848 0.518890532997 0.554434013579 0.555272755741 0.611919615513 0.447179037893 0.450757883018 0.178116449829 0.0352132777717 0.0171828613393 0.0117567580732 0.00999793978584 0.0709566119847 0.0807342844868 0.0622039801655 0.0940412458085 0.156850153966 0.119373635143 0.0960558984955 0.121229316801 0.106380689107
-9999 -9999 -9999 -9999 -9999 -9999 -9999 -9999 -9999 -9999 -9999 -9999 -9999 -9999 -9999 -9999 2.38228352617 2.57547589902 2.78218853504 2.29641251861 1.88825305444 2.58166279561 2.04607504778 1.30559891063 1.20697129652 1.31098111108 1.04980856409 0.978759621742 1.34027412983 1.19792550426 1.1995210033 1.42194559371 1.38288950361 1.68736714877 0.79372917332 0.526259076567 0.591701504227 0.56757665502 0.547957035061 0.514674433721 0.269109697653 0.464417829521 0.305665761557 0.132598571531 0.066080607681 0.0370469686255 0.0476672220714 0.16263961013 0.0600820626621 0.0763524672207 0.118787529695 0.126264503591 0.185267346403 0.201120141536 0.277652560673 0.178240336556
-9999 -9999 -9999 -9999 -9999 -9999 -9999 -9999 -9999 -9999 -9999 -9999 -9999 -9999 -9999 1.74844201112 1.7562186298 1.67545913198 2.225296225 2.16129638196 1.9921017373 2.17679814023 1.77193806784 1.41824720404 1.18504960502 1.25613883482 1.11242312074 1.13687093817 1.25745749653 1.3621640228 1.38441252324 1.4074973079 1.38607418374 1.04361431983 0.428881173378 0.174923255948 0.260010890731 0.340279667608 0.396556908229 0.469215672475 0.160735338896 0.0841978247958 0.0477720413093 0.0465487167609 0.0576620016415 0.0378317969221 0.414579070894 0.43399902615 0.0999324217908 0.128972374858 0.102801381158 0.0787994668742 0.0944702433715 0.10674813846 0.126103476448 0.130451483227
-9999 -9999 -9999 -9999 -9999 -9999 -9999 -9999 -9999 -9999 -9999 -9999 -9999 -9999 2.00656397819 1.91625041872 1.82366798022 1.04425725032 1.32524320023 2.00114474193 1.69911162968 1.885720716 1.45659797948 1.50922964747 1.18934162863 1.13987168099 1.0079407473 1.15439368277 1.47345940419 1.47273909039 1.29898198282 1.31535375039 0.756117666151 0.403066879226 0.273190264277 0.175570248914 0.455314982403 0.417969829891 0.0263199726948 0.0762564599637 0.118385015885 0.0327898847448 0.0306497537417 0.0350258646679 0.0255123186939 0.0206771705015 0.0551341872214 0.0802330357895 0.123153801495 0.0956794336758 0.0892903886105 0.088353113328 0.10223875226 0.0997037179849 0.0996768822996 0.106686349006
-9999 -9999 -9999 -9999 -9999 -9999 -9999 -9999 -9999 -9999 -9999 -9999 -9999 -9999 2.39677009772 2.45575603391 2.1759134069 0.998214406275 0.731463499751 0.824034864353 1.43246518198 1.71996530548 1.49514473048 1.57320664714 1.24083262419 1.03495869488 0.51747769873 0.521730606484 0.632298174639 1.44437234573 1.48167300732 0.785118435496 0.438568042041 0.369500213253 0.288605126243 0.341602184098 0.193830862445 0.293982844084 0.1135257843 0.118660824726 0.207376871508 0.177894464704 0.0565709413304 0.0493935740779 0.0487568973974 0.0244338054875 0.0514949789053 0.140405395778 0.208842333811 0.260398181486 0.263491139108 0.259709678682 0.191600673744 0.162995328596 0.204795013318 0.194079420045
-9999 -9999 -9999 -9999 -9999 -9999 -9999 -9999 -9999 -9999 -9999 -9999 -9999 -9999 -9999 -9999 2.2203721097 1.76229323673 1.75735996598 1.6921977832 1.15098208291 1.37245230066 1.68639140871 1.69505633382 1.30452801861 0.650323191289 0.303312895279 0.326376448111 0.256501653326 0.441058632417 0.589610038722 0.412527941396 0.378817965605 0.298325140443 0.339272954661 0.344107086621 0.258620751373 0.106122895784 0.218751063954 0.320162369973 0.182624014258 0.134364431397 0.235922800078 0.153500803783 0.0314661452753 0.0395087374719 0.0363365377106 0.0568873705294 0.127419048834 0.163406099328 0.161636894413 0.167796585485 0.158821780738 0.134190049266 0.096583310721 0.102978648809
-9999 -9999 -9999 -9999 -9999 -9999 -9999 -9999 -9999 -9999 -9999 -9999 -9999 -9999 -9999 -9999 2.09109573704 1.87849716303 1.76322622965 1.05484615331 1.12165438737 1.17077604178 1.35682536056 1.51960101807 1.49787872127 0.786418988679 0.548998466132 0.507014369425 0.422378363655 0.5041447369 0.603893198745 0.554011096588 0.419696039849 0.340354235293 0.235347446539 0.257612009975 0.287510015983 0.360325931079 0.229200088911 0.202167258407 0.285886263493 0.409201153468 0.65311300317 0.438639911855 0.181618341654 0.038743185211 0.0188570071752 0.035973208014 0.128396960577 0.0985690904883 0.0820637388237 0.0834461196902 0.0738039545222 0.0842926565102 0.0850370801623 0.0857368955737
-9999 -9999 -9999 -9999 -9999 -9999 -9999 -9999 -9999 -9999 -9999 -9999 -9999 -9999 -9999 -9999 -9999 -9999 1.81539832954 1.28813718444 0.88013112478 1.09523067054 1.21100552414 1.7487105247 1.42339815936 1.02890272173 0.473984487925 0.452389458577 0.416864841787 0.462173265491 0.352805266592 0.30611210714 0.30157905344 0.323108271858 0.230184043172 0.306925680563 0.319349757147 0.214963625654 0.208006705843 0.311480660245 0.228011258554 0.195411426342 0.177644871109 0.17599851868 0.177334291991 0.122055537004 0.0255574861056 0.0254766056536 0.047954920196 0.0668341869855 0.0894228220025 0.0977070113292 0.0752194494253 0.0771746027352 0.0921027916723 0.0992594804109
-9999 -9999 -9999 -9999 -9999 -9999 -9999 -9999 -9999 -9999 -9999 -9999 -9999 -9999 -9999 -9999 -9999 -9999 -9999 0.937388378866 0.930771511918 1.06289150249 0.971092703428 2.23012982287 1.6597881785 1.5838845953 1.01831175628 0.452281437304 0.360411301789 0.344198439978 0.3542915107 0.38118863087 0.308802378039 0.291648298938 0.186379868362 0.137769031389 0.137446272789 0.21659800766 0.22431831029 0.282830673457 0.223251562174 0.198208506196 0.165541635388 0.219166711628 0.242265037698 0.256836990441 0.105538813541 0.025696669444 0.0212680333509 0.0495926787714 0.0602513507158 0.0958194812983 0.0821718627508 0.0813759519888 0.10106147785 0.0964177956896
-9999 -9999 -9999 -9999 -9999 -9999 -9999 -9999 -9999 -9999 -9999 -9999 -9999 -9999 -9999 -9999 -9999 -9999 1.49042510881 1.78523060731 1.82783287218 1.72371753635 1.07119685672 1.81022768222 1.61741286806 1.71577503978 1.69482003843 0.859972141673 0.434564054534 0.390719339644 0.371809668445 0.539923618866 0.259845269312 0.237507436252 0.181300316964 0.22598252932 0.31238371353 0.290036380192 0.281165212943 0.288185381975 0.353109149284 0.222753484052 0.199587973144 0.331026839259 0.219499031947 0.295975758278 0.249992496492 0.151040314188 0.0722813864231 0.0309956459288 0.0674490741114 0.0928996715065 0.1498527689 0.180423595577 0.140491218317 0.12267643008
-9999 -9999 -9999 -9999 -9999 -9999 -9999 -9999 -9999 -9999 -9999 -9999 -9999 -9999 -9999 -9999 -9999 -9999 -9999 2.48284707491 2.27740418254 2.02718496028 1.17799678677 1.75032820713 1.85353301093 1.82632335634 1.46991209794 1.79262578731 0.785088418266 1.03907576151 1.67209232678 1.64858712706 0.521568884605 0.241937194626 0.261109167568 0.204613425358 0.131747804048 0.113078581715 0.106606264339 0.106573366726 0.147113986431 0.253682135671 0.258131744461 0.596898012707 0.747836002372 0.498946387009 0.373445979897 0.240899317556 0.111519349703 0.0527330897757 0.019058615038 0.446160243816 0.620306107214 0.870062002463 0.245974523435 0.0528192507575
-9999 -9999 -9999 -9999 -9999 -9999 -9999 -9999 -9999 -9999 -9999 -9999 -9999 -9999 -9999 -9999 -9999 -9999 -9999 -9999 1.53110272763 1.86340218842 1.21103783874 1.32748491966 1.57612512623 1.76015264736 1.44056808806 1.85095496611 2.15419633803 2.00185543491 1.74792732649 1.70487080867 0.34984680653 0.620783276392 0.802883519162 0.45479295798 0.230388049385 0.295022466226 0.294232812002 0.277923442371 0.239592896667 0.342599816196 0.395932110663 0.335317355795 0.509276997587 0.418172661811 0.355035218278 0.41708843601 0.339056867518 0.166630967842 0.0995949174128 0.0550645047307 0.0251149656676 0.0497610397801 0.308175299526 0.0396573154527
-9999 -9999 -9999 -9999 -9999 -9999 -9999 -9999 -9999 -9999 -9999 -9999 -9999 -9999 -9999 -9999 -9999 -9999 -9999 -9999 -9999 1.67483493125 1.38809580321 1.40929645268 1.56542518426 1.45274096379 1.51461900827 1.89922632466 2.03214718769 1.95259814209 1.79395205163 1.99568774507 0.353639875498 1.0812063103 0.476990267794 0.415267320192 0.396451960093 0.23929611208 0.228932884312 0.279950816485 0.433981633006 0.470227384731 0.575882946764 0.373402163907 0.313436941118 0.219004763496 0.313603670007 0.356299683273 0.379718528337 0.498743102591 0.576210313867 0.407890231062 0.192936766361 0.0598054183571 0.014290750062 0.0221076331104
-9999 -9999 -9999 -9999 -9999 -9999 -9999 -9999 -9999 -9999 -9999 -9999 -9999 -9999 -9999 -9999 -9999 -9999 -9999 -9999 -9999 1.20887833885 1.08729437214 1.09550794903 1.5064013696 2.05625687986 1.70596171163 0.977615879433 0.876641982866 1.97656722134 2.41447255746 1.74903853348 0.455520497275 0.31371758535 0.205405412663 0.306014464934 0.286686944927 0.246229568139 0.233209714139 0.337214568865 0.442076094819 0.414570908756 0.312277783062 0.308617913193 0.461844438897 0.428953604383 0.415469102356 0.400474235219 0.23793986441 0.277910578154 0.574469091736 0.585027739029 0.162526555049 0.0333817015919 0.0348770743706 0.0164779906837
-9999 -9999 -9999 -9999 -9999 -9999 -9999 -9999 -9999 -9999 -9999 -9999 -9999 -9999 -9999 -9999 -9999 -9999 -9999 -9999 -9999 -9999 1.22704737317 1.62696726853 1.72583866669 1.9999648566 1.70314306373 0.959083253119 0.572166156016 0.711347043356 0.887103164691 0.944443836031 0.478895652251 0.43191559451 0.577221477418 0.398889809806 0.392664866118 0.346209439081 0.342155527649 0.358912516988 0.460301933287 0.271096920747 0.324647722305 0.453580004327 0.261632742458 0.233412351474 0.17358129194 0.235846671738 0.362681313747 0.688701741961 0.674133987504 0.936434345707 0.27971039779 0.0636310589733 0.0195005447473 0.0153887275938
-9999 -9999 -9999 -9999 -9999 -9999 -9999 -9999 -9999 -9999 -9999 -9999 -9999 -9999 -9999 -9999 -9999 -9999 -9999 -9999 -9999 -9999 1.32239500838 1.24790009236 1.62975855747 2.24456620482 1.78383840796 0.71924213727 0.722492310647 0.758981932027 0.641382925446 0.66866422413 0.657102081404 0.53692196747 0.411263797152 0.621590813683 0.419002067921 0.338345099571 0.470228999638 0.509530224974 0.318318422984 0.473864224258 0.332717855016 0.251099128186 0.240357664661 0.326263507435 0.426451888523 0.486475113177 0.262252055014 0.237286517728 0.24340928648 0.497598715986 0.0452978467598 0.120347552129 0.0648485665132 0.055652866392
-9999 -9999 -9999 -9999 -9999 -9999 -9999 -9999 -9999 -9999 -9999 -9999 -9999 -9999 -9999 -9999 -9999 -9999 -9999 -9999 -9999 -9999 1.29455337285 1.5489995758 2.11347958777 2.34352472528 1.62853492034 1.02165746555 0.74119400971 0.979947120772 0.747377112589 0.629092765592 0.567323082969 0.548933999644 0.656975880448 0.39266784288 0.414173072286 0.620933785804 0.543953047031 0.473887210265 0.528104246883 0.385823313417 0.278920552646 0.369754543085 0.519715214989 0.476153523592 0.52573690408 0.434685613223 0.347500841614 0.348179372974 0.510062663607 0.399720535507 0.109151310834 0.112042689335 0.143171578612 0.159180026512
-9999 -9999 -9999 -9999 -9999 -9999 -9999 -9999 -9999 -9999 -9999 -9999 -9999 -9999 -9999 -9999 -9999 -9999 -9999 -9999 -9999 -9999 -9999 1.7494383772 2.39837968454 2.41939792969 1.46685264724 0.884794713365 0.682008904316 0.906004267114 0.759017895427 0.858806754528 0.763675894148 0.84114529078 0.536468798311 0.628842313856 0.709644340532 0.5707574306 0.346491897068 0.31567706582 0.249604333832 0.356504685019 0.523232953861 0.546868067455 0.475913072202 0.407354209305 0.233803721098 0.213043470544 0.223242675241 0.24600721502 0.204180421226 0.269028441414 0.300458653195 0.234521860394 0.0912786733283 0.060092464396
