data/recharge/transience/recharge242.asc
ncols                  80
nrows                 72
xllcorner      4374000.0
yllcorner      5656000.0
cellsize            500
NODATA_value       -9999
[rows 0 to 25 of 72, columns 0 to 56 of 80]
-9999 -9999 -9999 -9999 -9999 -9999 -9999 -9999 -9999 -9999 -9999 -9999 23.5214501997 23.819077576 -9999 -9999 -9999 -9999 -9999 -9999 -9999 -9999 -9999 -9999 -9999 -9999 -9999 -9999 -9999 -9999 -9999 -9999 -9999 -9999 -9999 -9999 -9999 -9999 -9999 -9999 -9999 -9999 -9999 -9999 -9999 -9999 -9999 -9999 -9999 -9999 -9999 -9999 -9999 -9999 -9999 -9999 -9999
-9999 -9999 -9999 -9999 -9999 -9999 -9999 -9999 -9999 -9999 -9999 -9999 22.5479312417 21.8708234272 21.4110951984 -9999 21.7071912509 -9999 -9999 -9999 -9999 -9999 -9999 -9999 -9999 -9999 -9999 -9999 -9999 -9999 -9999 -9999 -9999 -9999 -9999 -9999 -9999 -9999 -9999 -9999 -9999 -9999 -9999 -9999 -9999 -9999 -9999 -9999 -9999 -9999 -9999 -9999 -9999 -9999 -9999 -9999 -9999
-9999 -9999 -9999 -9999 -9999 -9999 -9999 -9999 -9999 -9999 23.1498682427 22.5620627386 22.8727952422 22.6500586902 20.6910285801 20.8461362611 20.3376667819 20.4495953329 -9999 -9999 -9999 -9999 -9999 -9999 -9999 -9999 -9999 -9999 -9999 -9999 -9999 -9999 -9999 -9999 -9999 -9999 -9999 -9999 -9999 -9999 -9999 -9999 -9999 -9999 -9999 -9999 -9999 -9999 -9999 -9999 -9999 -9999 -9999 -9999 -9999 -9999 -9999
-9999 -9999 -9999 -9999 -9999 -9999 -9999 -9999 -9999 22.2653428587 22.9617002335 22.8514654673 22.1593173596 22.2977974702 21.4364651567 21.4252350552 20.6734989669 21.5098246735 -9999 21.7486480971 -9999 -9999 -9999 -9999 20.2777304304 20.8762594007 -9999 -9999 -9999 -9999 -9999 -9999 -9999 -9999 -9999 -9999 -9999 -9999 -9999 -9999 -9999 -9999 -9999 -9999 -9999 -9999 -9999 -9999 -9999 -9999 -9999 -9999 -9999 -9999 -9999 -9999 -9999
-9999 -9999 -9999 -9999 -9999 -9999 -9999 -9999 23.5535142372 23.0714405727 22.0236207731 22.4237049885 21.5659559081 21.3934894578 20.7734575056 20.8371877526 20.2416456313 20.0140349481 20.1043321364 20.4854364924 20.0919119313 20.3354331727 -9999 19.9870963689 20.6140953719 20.8451651918 -9999 -9999 -9999 -9999 -9999 -9999 -9999 -9999 -9999 -9999 -9999 -9999 -9999 -9999 -9999 -9999 -9999 -9999 -9999 -9999 -9999 -9999 -9999 -9999 -9999 -9999 -9999 -9999 -9999 -9999 -9999
-9999 -9999 -9999 -9999 -9999 -9999 23.5337095183 22.7595571518 22.6644263363 22.7705339026 22.4526611606 22.8399880944 21.8841740987 21.8038473633 20.8312469991 21.0273198058 20.4500738868 20.1630014401 20.3995081766 20.2765204939 19.9303388332 20.0973374928 20.4868964845 20.1345213881 20.5915682257 20.5213191008 20.7479154394 -9999 -9999 -9999 -9999 -9999 -9999 -9999 -9999 -9999 -9999 -9999 -9999 -9999 -9999 -9999 -9999 -9999 -9999 -9999 -9999 -9999 -9999 -9999 -9999 -9999 -9999 -9999 -9999 -9999 -9999
-9999 -9999 -9999 -9999 -9999 -9999 23.5744635687 23.24243346 22.4554863765 22.2795839007 21.6544190155 22.0876832948 21.1481543387 20.6535366578 20.0650320556 19.9764313804 20.0441454349 15.7647277245 19.2336616137 19.1179928964 19.2456238556 19.752911837 19.7769967367 19.9084591203 19.8785187038 19.6537822457 20.6458211858 21.353659421 20.8789113187 20.7130685782 21.3325472659 21.3491239299 -9999 -9999 -9999 -9999 -9999 -9999 -9999 -9999 -9999 -9999 -9999 -9999 -9999 -9999 -9999 -9999 -9999 -9999 -9999 -9999 -9999 -9999 -9999 -9999 -9999
-9999 -9999 -9999 -9999 -9999 24.324446207 23.6395146391 23.5405619048 23.4711652743 23.293684735 22.2922398527 22.004622507 20.8989281563 20.5898393236 20.5535322111 20.6192330305 15.4291440857 7.73675517198 14.9532584486 19.2572425805 19.3026372911 19.2030344078 19.5517213309 19.6392392021 20.1498810614 20.3164752597 20.4562900642 20.8538645671 20.6990695242 20.639894222 20.6966057651 20.8951693535 21.2560315613 21.1670809342 -9999 -9999 -9999 -9999 -9999 -9999 -9999 -9999 -9999 -9999 -9999 -9999 -9999 -9999 -9999 -9999 -9999 -9999 -9999 -9999 -9999 -9999 -9999
-9999 -9999 -9999 -9999 -9999 24.582490171 23.6486936034 23.7079102944 23.5692945012 23.3830619992 22.4259705967 22.5570331735 15.3281248104 12.471201382 21.1908002 20.9150602264 16.5709731213 6.45268065661 12.0085688347 15.8322619815 19.2540666663 18.9769508888 19.5560106606 19.4902002782 19.4601647973 19.1796838016 19.5667015613 19.4146639486 19.962091842 19.1836616028 18.7135078632 19.6658085525 20.5491292902 20.4483334527 20.5718950631 20.5040572229 -9999 -9999 -9999 -9999 20.1971588151 20.0791218954 -9999 -9999 -9999 -9999 -9999 -9999 -9999 -9999 -9999 -9999 -9999 -9999 -9999 -9999 -9999
-9999 -9999 -9999 -9999 -9999 24.3787154043 23.6487253113 23.4706749452 23.6198052246 23.8801761527 22.9150166212 22.8005945363 21.5104700645 21.2242514118 21.498503383 20.7935571104 19.0767517819 20.2711633413 19.9662757558 19.8471568851 19.6427521074 18.7648177269 19.020123547 18.9076734255 19.3963809812 19.379011776 19.5260481344 19.139609667 20.169245056 18.3082974709 12.3831879395 16.5349585311 20.4577807567 20.1560894158 19.8848753927 20.564821324 20.4445801638 -9999 -9999 19.8516884343 20.4267663673 20.3448111969 20.4985889373 -9999 -9999 -9999 -9999 -9999 -9999 -9999 -9999 -9999 -9999 -9999 -9999 -9999 -9999
-9999 -9999 -9999 -9999 -9999 -9999 24.2493160338 24.0094509662 23.4838764477 23.4785268172 23.2785864953 23.4016617236 22.8846768644 24.0365577562 20.9116581133 20.8319553703 20.0195982774 20.0126628395 19.5422845058 19.5109744819 19.1497539126 19.1642761927 18.8817289142 19.2404652363 19.0508092641 18.7603761634 18.2007110206 18.40567874 18.8174142286 18.7881601264 17.6814322271 18.9378666841 18.7764461546 19.0541158826 19.2508970355 19.3531699166 19.576856537 19.0867670276 19.706510201 19.5921615585 19.4174919961 19.9568681119 19.1005343055 18.3832636156 -9999 -9999 -9999 -9999 19.4886344776 19.1726710263 4.95054659281 -9999 -9999 -9999 -9999 -9999 -9999
-9999 -9999 -9999 -9999 -9999 -9999 -9999 23.952897522 23.3235471075 23.5400272081 23.6845103603 23.6266368301 22.247623247 21.2539177038 19.906956039 20.6432672946 20.5545142752 20.6511972356 20.0760358149 19.6495545105 18.9143315029 18.8461883084 18.740201921 18.9075783277 18.8645492595 18.4821817589 18.4491085668 18.6653957276 18.8517835747 18.7263181802 18.8252736699 18.7663131741 18.928132782 18.9352412475 19.4210329158 19.4605147061 19.6537827502 19.6753201225 19.6744462722 19.6335330828 19.1618184686 19.0416334416 17.5805587182 16.4072205165 15.8213793114 16.3338492667 16.3608031504 15.9514943024 15.9025065856 17.8956992513 18.0998280004 15.1029038097 -9999 -9999 -9999 -9999 -9999
-9999 -9999 -9999 -9999 -9999 -9999 -9999 -9999 23.3761300346 23.2176647293 23.7466353615 23.8903829912 22.8948662127 23.2134851893 22.4457238511 22.1723048883 20.5946866915 20.7552930811 19.7819363756 19.8414476712 20.1112174858 20.026459307 21.8860002204 22.226031043 21.0532006226 21.7632252091 19.4339548521 17.7207670305 17.4811066979 17.0194685584 17.223956632 17.2768232372 17.5257972351 17.5003096056 18.0632227518 18.2578258171 18.4203788123 18.5681910514 18.4837364962 18.4793262814 18.2494801297 17.299596386 15.1402469673 14.8893934113 14.629808905 14.3666588197 14.8777327335 14.5540107779 14.3409783097 16.4949030715 17.1132052374 17.3802524926 16.9040694931 -9999 -9999 -9999 -9999
-9999 -9999 -9999 -9999 -9999 -9999 -9999 -9999 23.7716329851 23.5161519514 23.557212062 23.6220306588 22.8700808804 22.8793466199 21.7822762015 21.581026652 20.4065226262 20.6734466081 19.8801350078 19.9892361355 20.0906832213 20.0080458886 23.3170030881 24.0037124211 22.1415268362 20.5848849313 21.7938392603 19.9986653264 17.5944288302 17.0430158228 16.9782886593 17.1797855916 17.2527454821 17.3953819243 18.0111920565 7.49644777232 18.6856232113 18.4580308788 18.4355981552 18.3892701021 18.1790967878 17.5127932999 14.9742488949 14.9283141839 14.3969592188 14.3597470675 14.8424065634 14.6188811178 14.9986612023 17.2782309604 17.1930911731 17.2099889675 17.1692587087 17.3841931151 16.7605736659 16.9833018077 -9999
-9999 -9999 -9999 -9999 -9999 -9999 -9999 -9999 -9999 23.9200722582 23.8644733724 23.6337661107 23.0820843793 22.8566666937 21.4172208677 21.3324205933 20.9334233307 20.8687781472 20.6766673124 20.771894196 20.8958181859 20.4141641468 21.6265527864 26.8529605951 22.8245965943 22.580743111 20.2590997809 19.7105859338 18.2999129102 16.5679054937 16.2635965638 16.4172231872 16.2973649216 15.8428488772 16.2262843947 14.0129164297 17.4506705483 17.2797221249 17.0981707531 17.1155434022 16.8835886225 16.9219557788 13.8150236107 14.2382132578 13.357203173 12.8907567706 12.3993109619 12.6676853719 15.1433920298 15.3176239022 15.4634861499 15.3558829283 15.5725417825 15.8221641749 16.0512024955 13.7048780524 11.988710098
-9999 -9999 -9999 -9999 -9999 -9999 -9999 -9999 -9999 -9999 23.5599401476 23.7309318426 23.0750840148 23.0167674483 21.2261864753 20.9761583171 21.4456621166 21.7879239675 21.273702826 20.9563325797 20.2259959138 20.0502995203 18.9844466306 23.1428909831 22.0965929851 22.8467542111 21.2875670862 20.270593211 17.8206196043 19.141381271 16.3850263831 16.3907350003 16.6581451096 16.1193642601 17.0778999537 16.9336165531 17.3553131235 17.2751838638 17.1280537458 17.1482039902 17.0261011202 16.981888183 15.4769699759 13.9328732052 14.5814777391 14.3234452847 13.6438037132 13.1494275167 15.4255662637 15.4812459873 15.9105162908 15.7577795237 15.3675209111 15.8156357634 15.515223811 13.2697247488 11.9440676919
-9999 -9999 -9999 -9999 -9999 -9999 -9999 -9999 -9999 -9999 -9999 12.2574827763 15.3604028188 22.7741790558 21.2989482425 21.1643216168 21.558959967 21.5729574244 20.6000598278 20.7551023551 20.1514309405 20.1695296665 18.8823154658 18.2706930003 19.4038035072 20.2599585468 19.5995914665 21.3783366588 19.6200392393 11.6692937775 15.6608151912 15.5319482561 14.6101192405 14.8526898522 15.8408452934 15.4904147516 15.9939039712 15.9647510724 16.1551673997 16.1640748045 15.9076683665 15.3142798647 15.3578783642 14.5066490675 12.6439573078 12.2504868261 12.6184481736 13.1209556239 13.4264413121 14.4162706579 14.4432302225 14.8847887127 14.5174125778 14.2712764725 13.7671778944 13.7827086378 11.9683599502
-9999 -9999 -9999 -9999 -9999 -9999 -9999 -9999 -9999 -9999 -9999 11.2817792511 16.5097692614 22.4504812854 21.5195968145 21.790078381 21.0227023132 21.0128967227 20.372333415 20.382590293 19.9512594503 20.264617588 18.8974519471 18.5888218245 17.9547939202 18.2954483012 19.4783192289 21.0585474587 18.6257986055 16.8008211113 17.4782007831 16.9341207992 14.7074784888 16.4787549496 17.6410513404 16.0725547726 15.9643058745 16.0467460698 16.0453479328 15.7665011216 14.3540794607 15.6615110908 14.8542558597 15.1138162599 14.8038939578 13.244872336 13.7654693674 14.2467383968 13.806465625 12.9790025654 13.1041212211 13.2405189623 12.4767688994 14.5404823994 14.538284494 14.1581737063 14.0321980549
-9999 -9999 -9999 -9999 -9999 -9999 -9999 -9999 -9999 -9999 -9999 24.2191009685 22.7632878143 22.6480984693 20.9981841165 21.3220034799 20.4438710302 20.1008569763 19.5320130548 19.7324236431 19.3478714462 19.4094171462 18.3632295538 17.8070453572 16.8529127707 16.8388580901 16.0751232449 15.9880574231 15.5764574408 16.8806311276 17.4366943281 18.3745823324 18.2033426366 19.0695662483 15.0372157887 12.1682779263 14.0588420083 14.0732396707 15.2242678766 10.6130735913 8.26077539186 14.8769674305 14.7314686984 15.1180398719 15.8726896964 16.0858896826 13.3814618612 13.0493794829 12.77989002 12.7893258006 12.3045248684 12.7010594381 13.0397648282 13.8570474887 14.6314258714 11.4411574887 10.7798027771
-9999 -9999 -9999 -9999 -9999 -9999 -9999 -9999 -9999 -9999 -9999 -9999 22.6943244401 22.4919643851 21.3958953124 21.0487123721 20.3880065678 20.3405251932 19.4877251112 19.7707537727 19.5050654027 19.2906108416 18.4310531365 18.4140482928 17.007530118 17.0959012742 16.1533845526 16.2741008467 15.6297160774 15.4572031064 15.3187339022 15.4763086951 16.1961293606 17.4708977509 16.5079974233 7.67432690797 15.0225603794 12.9760307848 15.5648786536 14.9953822939 15.3237752479 14.5307255332 15.3769002831 15.7914470656 15.9472570475 16.1998313611 14.7224322101 13.0884018277 12.0734353122 12.3935479954 12.095328468 11.5621625894 11.2324211167 11.2894560896 10.554872679 10.5864038753 5.36666063496
-9999 -9999 -9999 -9999 -9999 -9999 -9999 -9999 -9999 -9999 -9999 23.8990505943 23.3329950814 23.0931519309 21.2955937546 12.2716198935 17.2384691591 20.4137879357 19.2466107393 19.3241044723 18.4832479236 18.4312286522 17.4026756817 17.5049497277 16.5805113303 16.5244368114 15.3884282497 15.1230099839 14.6183684634 14.4801206373 14.1541320086 14.2921246574 14.0463611848 13.9966567728 14.2210988643 15.2350954593 13.939792867 10.3761531671 9.97922154396 14.1646108137 14.3429832307 13.1698526099 16.3313953172 16.6656129415 17.0126395771 16.9013458949 16.6001610207 14.6636053208 12.6244163835 12.5926138939 11.3728241213 10.0247583047 9.48641143682 9.51278411314 9.16725057444 9.53970420351 10.713386734
-9999 -9999 -9999 -9999 -9999 -9999 -9999 -9999 -9999 -9999 -9999 24.131250641 23.7574694359 23.4220652146 21.6744622383 15.8619250953 19.6983856039 20.3746845238 19.5171901565 19.5850078554 15.6247264446 16.1408639341 17.7247734543 17.6898394199 16.7456618649 16.744572276 9.48280947671 10.4651793355 14.2269323089 15.6768289707 15.2063554618 14.3682782231 13.9720650844 13.9990379459 14.1233314812 15.0692562356 11.5553870648 13.6025115658 10.5569403777 15.0813784331 13.6242124802 13.1538929595 14.9416311538 15.8845197186 15.8727396188 15.6030211164 15.4989551253 15.5530656657 14.2376437398 13.7556770583 11.295969716 11.3629528049 10.7606367679 10.5651549484 10.2505239893 9.95909001509 8.94779212505
-9999 -9999 -9999 -9999 -9999 -9999 -9999 -9999 -9999 -9999 -9999 24.5255429779 24.2042619192 23.6364034884 22.4202450864 22.2421903011 20.2267992065 20.6679321729 19.6901216196 20.1605068292 15.5320791914 6.75390876602 14.4714298343 17.2978626918 14.8191248611 14.8331650203 14.8806720166 15.270887245 14.3447135942 14.2674532586 14.034532551 15.1910926313 14.9526392 14.7201668559 13.6857827352 12.8463628307 7.66237473433 5.77897106272 9.65683217942 12.6726144386 13.8510073166 14.324795731 14.191813711 13.612457296 14.0056138781 14.0280056463 14.2503536012 14.2955162868 14.0143473027 13.9457182769 11.8580828615 9.66741950705 8.68390430543 8.5829008711 8.17993639536 8.58319384675 9.29667826279
-9999 -9999 -9999 -9999 -9999 -9999 -9999 -9999 -9999 -9999 -9999 -9999 24.4465043162 24.0233314712 22.7168937678 22.2279284978 20.697754849 20.9964454307 19.849567428 19.9313721753 19.2926468778 19.6478317023 16.7781319264 15.5075420133 14.5987220361 14.5414081438 13.2361823681 13.4073362326 12.606215644 12.2154197233 11.3988484148 13.2612168385 13.4733910725 13.7455383764 13.3889809843 11.6794748814 9.04385992333 6.8220865239 11.0898237793 14.3108447713 14.0656336848 13.785859084 14.4782527559 13.7160115269 14.1072563575 14.0553054336 13.9459708548 14.0449168102 13.5741179969 13.8458296016 12.9794517765 6.5340809942 7.37170345317 10.8594097832 8.67253935222 8.79302272751 8.56880638475
-9999 -9999 -9999 -9999 -9999 -9999 -9999 -9999 -9999 -9999 -9999 -9999 24.5483199301 23.882797702 23.2331684878 22.9710605575 21.4187001808 21.5301872178 20.3504500786 20.3143434568 19.5476076824 19.4418445334 18.0280434995 16.8360217881 15.4197164037 15.7149605738 15.2328724738 14.8706506639 13.5469202089 14.2309448428 12.9736793366 13.2717441986 15.0963534534 15.2772990476 15.3774930978 11.069783679 8.7160266102 11.3700558525 13.6682932073 13.3246982124 13.6478054386 13.2961862235 12.8800652367 12.8354500653 12.8404597481 12.8933913326 12.3917512877 12.1737994625 11.8388936787 12.4314476683 11.9323958129 10.6021221053 10.9866614562 7.45832706423 5.81353014193 6.66013138546 5.75047292849
-9999 -9999 -9999 -9999 -9999 -9999 -9999 -9999 -9999 -9999 -9999 -9999 23.6398600267 23.9311518811 23.355622242 23.5953089357 21.9268436683 21.8244342597 20.4803023271 20.9555212584 19.6757649753 19.3884221062 18.46037174 12.1288056787 12.8890344774 15.3212963161 16.0304378418 15.0611059932 13.6579997809 13.265318379 12.2636747594 12.015906829 13.0912765125 14.6573067431 10.2506326038 11.1588322897 12.0366781926 11.7743222939 10.1421971004 9.79594239314 9.10799566626 10.4019152732 12.4007174381 12.921383532 12.7879291129 12.8595248541 12.8959369317 12.8829183468 12.6231081362 12.8877134062 12.442086023 10.9305360939 6.98513789857 6.14227951374 6.05251527184 6.1500961351 5.93713230471
