data/recharge/transience/recharge394.asc
ncols                  80
nrows                 72
xllcorner      4374000.0
yllcorner      5656000.0
cellsize            500
NODATA_value       -9999
[rows 0 to 25 of 72, columns 0 to 56 of 80]
-9999 -9999 -9999 -9999 -9999 -9999 -9999 -9999 -9999 -9999 -9999 -9999 31.7233721775 32.8636595553 -9999 -9999 -9999 -9999 -9999 -9999 -9999 -9999 -9999 -9999 -9999 -9999 -9999 -9999 -9999 -9999 -9999 -9999 -9999 -9999 -9999 -9999 -9999 -9999 -9999 -9999 -9999 -9999 -9999 -9999 -9999 -9999 -9999 -9999 -9999 -9999 -9999 -9999 -9999 -9999 -9999 -9999 -9999
-9999 -9999 -9999 -9999 -9999 -9999 -9999 -9999 -9999 -9999 -9999 -9999 27.5797501348 26.3321892839 25.4237089323 -9999 26.084655106 -9999 -9999 -9999 -9999 -9999 -9999 -9999 -9999 -9999 -9999 -9999 -9999 -9999 -9999 -9999 -9999 -9999 -9999 -9999 -9999 -9999 -9999 -9999 -9999 -9999 -9999 -9999 -9999 -9999 -9999 -9999 -9999 -9999 -9999 -9999 -9999 -9999 -9999 -9999 -9999
-9999 -9999 -9999 -9999 -9999 -9999 -9999 -9999 -9999 -9999 27.1016200665 25.6471315521 26.5565794028 26.1214395581 23.2753645179 22.9600485037 21.8018773423 22.1321903954 -9999 -9999 -9999 -9999 -9999 -9999 -9999 -9999 -9999 -9999 -9999 -9999 -9999 -9999 -9999 -9999 -9999 -9999 -9999 -9999 -9999 -9999 -9999 -9999 -9999 -9999 -9999 -9999 -9999 -9999 -9999 -9999 -9999 -9999 -9999 -9999 -9999 -9999 -9999
-9999 -9999 -9999 -9999 -9999 -9999 -9999 -9999 -9999 26.07753043 25.8648044979 26.416221163 24.7078147106 25.2217905297 24.709625976 23.4616110625 22.5764527269 25.398458712 -9999 25.5629578834 -9999 -9999 -9999 -9999 22.1297154409 23.6586206975 -9999 -9999 -9999 -9999 -9999 -9999 -9999 -9999 -9999 -9999 -9999 -9999 -9999 -9999 -9999 -9999 -9999 -9999 -9999 -9999 -9999 -9999 -9999 -9999 -9999 -9999 -9999 -9999 -9999 -9999 -9999
-9999 -9999 -9999 -9999 -9999 -9999 -9999 -9999 28.5556997642 27.3017927636 25.1030408109 25.0686647461 24.7137159991 24.047975829 23.5033064454 23.2605765832 21.4050304405 21.6959518168 20.9858220813 22.6984404672 22.1299309974 22.7808093954 -9999 21.7691848639 23.430672496 24.0226819725 -9999 -9999 -9999 -9999 -9999 -9999 -9999 -9999 -9999 -9999 -9999 -9999 -9999 -9999 -9999 -9999 -9999 -9999 -9999 -9999 -9999 -9999 -9999 -9999 -9999 -9999 -9999 -9999 -9999 -9999 -9999
-9999 -9999 -9999 -9999 -9999 -9999 29.344680964 26.8422231772 26.0370142165 26.4015242207 26.3126460957 26.4774861014 25.67229463 25.287842982 23.4664198676 24.1565786965 21.4785560586 20.8847551908 22.0388278856 22.354788557 21.7509041488 22.3100394755 21.3772788043 21.7706569296 22.9295763662 22.745794613 23.2866143949 -9999 -9999 -9999 -9999 -9999 -9999 -9999 -9999 -9999 -9999 -9999 -9999 -9999 -9999 -9999 -9999 -9999 -9999 -9999 -9999 -9999 -9999 -9999 -9999 -9999 -9999 -9999 -9999 -9999 -9999
-9999 -9999 -9999 -9999 -9999 -9999 29.0811732963 27.3847996301 24.9893748769 24.5788952604 23.7073368574 25.0656318661 23.9924106898 22.5389141631 21.254950973 21.2378326866 20.0776639077 18.6464978385 20.0099537235 19.9346527714 20.4132415098 21.9208905969 21.470636251 20.6481433369 21.2948123208 20.6824907917 23.156822331 23.053240623 23.7245001123 23.2704833955 24.3515635899 24.4244188012 -9999 -9999 -9999 -9999 -9999 -9999 -9999 -9999 -9999 -9999 -9999 -9999 -9999 -9999 -9999 -9999 -9999 -9999 -9999 -9999 -9999 -9999 -9999 -9999 -9999
-9999 -9999 -9999 -9999 -9999 29.9058911918 29.2262323096 28.9423771294 26.83090665 27.1368724523 26.1000729209 25.108657545 22.4591805526 23.0747995497 22.2796395897 23.2072703031 18.9324795602 10.3343058421 17.5796849863 19.9549665451 20.5135787892 20.155397951 20.8440966062 21.1621232391 21.2360985042 21.5985984443 22.7839531466 22.4149716354 23.1586565939 23.0036886362 22.5039954131 23.1048278755 21.874842412 21.552076472 -9999 -9999 -9999 -9999 -9999 -9999 -9999 -9999 -9999 -9999 -9999 -9999 -9999 -9999 -9999 -9999 -9999 -9999 -9999 -9999 -9999 -9999 -9999
-9999 -9999 -9999 -9999 -9999 29.8638456491 28.9552073512 29.0978165316 27.7429558975 27.2043983474 26.3734168031 26.7932306982 20.1390817754 16.7745328571 24.9003085932 24.3714360987 20.3319644236 9.12894405292 15.7496966593 19.7244114091 19.4087829062 20.1856497953 21.7611670408 21.4729170511 21.0137760616 19.4809751093 20.9959156921 20.151248413 20.7037272745 20.8425472857 20.1746822525 20.7688508761 21.4627182362 21.1109607444 20.4793982432 20.9814445556 -9999 -9999 -9999 -9999 20.8621393231 20.5789564437 -9999 -9999 -9999 -9999 -9999 -9999 -9999 -9999 -9999 -9999 -9999 -9999 -9999 -9999 -9999
-9999 -9999 -9999 -9999 -9999 29.4774280327 28.9855210558 27.9576029519 27.93711474 28.508344895 27.520486705 27.2013766913 25.3373677706 26.0211245788 25.6455143397 23.5874935735 21.3626095776 22.9926414446 22.0937838584 23.0407590525 20.7334598686 20.0173327463 20.011256436 19.6088289653 20.8287562451 19.6562096271 20.3693843444 19.4666477716 20.9941799639 20.8127615254 15.6763559053 19.7113868646 21.2533699569 20.6504484303 20.3185571838 21.2541013793 21.0798703294 -9999 -9999 21.3452311057 21.5516307725 21.3052152069 21.1226584712 -9999 -9999 -9999 -9999 -9999 -9999 -9999 -9999 -9999 -9999 -9999 -9999 -9999 -9999
-9999 -9999 -9999 -9999 -9999 -9999 29.5633155786 28.7403221833 28.7996452604 28.8109367598 27.191124837 27.63975545 27.0925169185 26.5708816004 23.1832076962 22.5926295794 22.1947901432 22.0735364019 20.5800537401 21.3159853941 21.2152385442 21.4248134945 20.7582025598 21.6519760708 20.8099491089 19.8131456145 18.129705799 18.7061703726 18.8185613116 19.4784037725 19.5767190548 20.0281671497 19.1173041362 18.4600319398 18.8337089771 20.3368145959 20.263175364 19.2953326731 20.9260015143 20.6331915776 20.4163061825 21.8033167707 19.6660217888 18.3025929099 -9999 -9999 -9999 -9999 20.4600219082 19.5560329375 6.53295386137 -9999 -9999 -9999 -9999 -9999 -9999
-9999 -9999 -9999 -9999 -9999 -9999 -9999 28.9697215358 28.4245846957 28.908818778 28.3429600692 28.0633020687 25.3053065581 24.142619568 23.2952916416 24.5684466197 23.5753275373 24.2170466175 23.4147508249 22.1530822213 20.5588721913 20.4938590998 20.293199654 20.5924892542 20.1008777976 19.0233286329 17.7225364733 18.7047222706 19.5735999832 18.7510608321 19.1351186168 18.8602602875 19.0985803924 18.7192775506 20.5527245387 20.5555060465 19.6060748488 19.8130112827 20.8028770289 20.7245933949 19.4025930289 19.3401810561 17.550282335 16.4973520449 15.2545426208 16.1765704907 16.3365576799 15.3093107439 14.7672456037 16.726519931 17.1401371605 16.4031248533 -9999 -9999 -9999 -9999 -9999
-9999 -9999 -9999 -9999 -9999 -9999 -9999 -9999 27.9528689669 27.8505914339 27.9692935827 28.4024322631 26.1344895797 26.9072971776 26.8147585384 26.2730005004 23.5348322616 23.7669977115 21.838137442 22.4468305636 23.7320572371 23.4709645154 25.104629516 24.4771784683 23.7726908407 23.9127965175 20.0059257071 18.6583144454 16.9168184928 16.2728934561 15.9135829522 16.954892279 17.127353111 16.8349658575 18.1348776542 18.5885454882 19.5506505479 20.0168207026 19.5282351419 19.3163091411 18.3158220254 17.3275864999 15.1096550306 14.5472403159 14.0501271036 13.4921472692 14.0928638068 13.3642257222 12.5775886873 14.1788522918 13.8727264796 14.7542406053 12.6912324766 -9999 -9999 -9999 -9999
-9999 -9999 -9999 -9999 -9999 -9999 -9999 -9999 29.23616389 28.6564134308 27.4308189226 27.5740505564 26.5980607888 26.5900981268 25.1297749678 24.7563219056 22.4065847859 22.9994350707 22.507491252 22.9682270389 22.7321739851 23.3703704615 27.3267667415 26.8798193185 24.4009702864 23.0953019405 24.2871518189 22.0475174649 17.8999910465 15.743279899 15.9912621482 16.7917488964 16.540056886 16.8229587574 18.6878868925 9.93215678423 20.3404786329 19.7047611949 19.4676874021 19.3089714797 18.9968918897 16.9133189017 14.6882127224 14.6393474105 13.5293905943 13.4564369804 14.0149520665 13.5169604516 13.1239452012 15.1548024832 14.2246030589 14.2799595458 12.8022412869 14.3364496703 12.2567411075 12.8917170191 -9999
-9999 -9999 -9999 -9999 -9999 -9999 -9999 -9999 -9999 29.1355479588 28.1630128029 27.2680537987 26.841040733 26.0464402271 24.8258500746 24.8737487355 24.9991912424 25.0042151444 24.9258524518 25.1012684906 24.6386532497 23.3484216319 24.5181293003 31.9564790109 27.4947795247 26.6929259386 23.1763853672 22.5297468927 16.7087801922 16.779200941 15.4315888768 15.726207226 15.205930392 14.5519877291 16.8768136272 17.725928713 18.9691045352 18.4063061427 17.799831349 17.926440919 17.365975344 16.4712403128 13.0764653557 14.5637764137 12.7320788977 12.1422616147 11.1412672819 11.2136618042 11.9466460369 11.9533595999 11.6910383412 11.3595211013 11.1533660202 12.4619233876 12.4560299089 10.4611612772 8.76254996557
-9999 -9999 -9999 -9999 -9999 -9999 -9999 -9999 -9999 -9999 26.5556386444 26.7578431396 26.6573422886 25.905490425 24.2959085856 23.7349340166 25.2959083123 26.5523620936 25.7109098371 24.4509525249 23.1747360562 22.8854251679 21.3803581509 26.6042146841 25.0188308068 27.2304180802 25.0451308176 22.9890275869 20.9355713268 19.395488015 16.615402239 16.6712792842 17.6199168431 15.0166456757 18.2981141252 17.8956126295 18.7105688099 18.4106242293 17.9008757919 17.9753019065 17.9473422915 16.7380972105 14.7680226487 13.7617439089 14.610193007 15.0498300233 12.9315850186 11.6119844751 12.5658237779 12.6083081732 12.9607532011 12.5680502854 10.9847702764 11.6032918562 11.1465561382 10.3366676231 8.68154289027
-9999 -9999 -9999 -9999 -9999 -9999 -9999 -9999 -9999 -9999 -9999 15.5658667545 19.1681456984 25.1865317889 24.0987441646 23.9397081934 25.2793568971 25.2692940966 22.2125030738 22.9572169924 23.4470844666 22.8051459194 20.6098071794 19.599269222 20.6572639524 21.3734389698 22.9178012828 25.4211917224 25.4180222571 18.0849201128 19.1248863011 15.678614963 15.2197262945 15.3449380851 16.6885229233 15.1675556089 16.8229449231 16.7339447265 17.1407947442 17.1410695539 16.3316720573 15.3518585895 15.4149373895 13.6470693661 12.8939738392 11.8668170198 12.453480331 12.8900609241 11.7595008009 11.9430889683 10.6832611257 11.3532569705 11.3471372035 10.927688125 9.46453708588 9.51268145072 7.86811849999
-9999 -9999 -9999 -9999 -9999 -9999 -9999 -9999 -9999 -9999 -9999 14.5386070047 20.5980288397 24.2580366991 24.1320611536 24.2508132263 23.6738597078 22.9013353917 23.0999609097 23.1699307716 22.8869242935 23.8436314987 20.8906263237 20.6847035888 19.6162278 20.0002627264 21.1866210397 23.4476471325 21.386029143 22.9524335967 22.4723593328 21.2462877042 17.0932416411 18.3099022585 16.8594689423 15.7682545074 16.7631253257 16.9850620571 16.809746579 17.1070274529 16.9592246233 16.9465323404 14.6848315089 14.8822832001 13.8786673311 13.8608904369 14.9282982457 15.9606879542 14.8398088482 12.3553111727 12.7301820922 12.7531485984 10.3081474182 12.027921833 11.1054971134 10.1491580658 9.16869254255
-9999 -9999 -9999 -9999 -9999 -9999 -9999 -9999 -9999 -9999 -9999 28.3670697785 25.7033133309 25.3443036453 23.6066409531 23.3599029821 22.6448801631 21.3834534414 20.8045011488 21.0017622591 21.5858048753 21.7906036921 19.301120668 18.9243996059 17.280721412 18.0751709381 17.4186139828 17.1627087737 16.3671409623 17.9762199111 19.4503537395 22.368191911 22.9262069473 24.6160680024 20.5038238203 17.060788717 18.9056162841 17.2509776517 15.3803975015 14.6765652164 12.2247827767 15.4560828486 16.4053357208 17.507653816 18.1081512422 19.5245345168 14.7949877095 14.1285501649 13.4383518906 12.590475732 11.8169185457 12.531260472 12.5338416092 13.5898807621 12.3487435381 12.0679428642 8.9485142902
-9999 -9999 -9999 -9999 -9999 -9999 -9999 -9999 -9999 -9999 -9999 -9999 25.5948518301 25.7785670751 24.8473050093 23.0542481458 22.0346625328 22.0170028017 21.1436941378 21.9542528412 21.9903458085 21.3654932219 20.5660533938 19.9081938068 18.5945282221 18.8426930798 17.6365352366 18.0020273802 17.1811749164 16.5854473652 16.3606496847 16.9297951851 16.9271340722 19.3640202654 21.6062880895 12.2195306384 19.7736905407 18.0065481391 16.8514316872 15.9417065509 16.9719076765 15.4685121351 18.1917403019 19.1303992478 19.4054308212 19.2862324084 15.1391603803 14.2110230806 12.0122549358 12.6494216903 11.1250710592 10.4393561009 9.20221131638 9.36104014316 8.67305359674 10.9728554333 5.82934548569
-9999 -9999 -9999 -9999 -9999 -9999 -9999 -9999 -9999 -9999 -9999 27.495972781 27.0426536611 26.0479821013 25.1377979156 16.0257089954 21.3680658058 22.2630164368 20.4889357658 21.6060120853 20.0057142677 19.8371308629 18.6304862845 18.915456454 18.5098186716 18.3545486012 16.3747721271 16.2958130084 16.126341775 15.7053412003 14.6951659682 15.1126864238 14.2521169302 14.1303046222 14.6808959743 19.4008866717 18.10101849 15.456592796 15.2367580961 13.781303081 14.5091305943 14.0710763362 19.6720061914 19.7991242663 20.899931681 20.8117163868 18.8644319486 16.0606606045 12.7985470861 12.9562278678 10.7903002625 8.59911384732 7.54775360913 7.59676509507 6.83877084343 7.45809486744 9.05057083383
-9999 -9999 -9999 -9999 -9999 -9999 -9999 -9999 -9999 -9999 -9999 27.9805978297 28.2496815698 26.7788059559 24.5899873338 19.9515494901 22.7017166572 22.9104571939 21.8672426392 21.7876220583 19.0237841389 18.6317305355 18.9657753855 19.4872367615 18.9669716336 19.1649047764 14.0561934599 14.6130654183 17.9385208792 19.3292355245 18.1563898883 15.3571781497 14.062788662 14.1384290332 14.3807434338 16.3537323091 16.2544830539 17.9001859714 15.5374439911 15.7488660243 13.3437088193 14.2392924356 17.6294550646 18.1345487417 18.4023133765 17.7495754716 17.4596070737 17.6572700805 14.8579463564 14.3218190166 10.6073566517 10.9652984887 9.6416752515 9.37555410539 8.60989278394 8.13131463842 6.2917031028
-9999 -9999 -9999 -9999 -9999 -9999 -9999 -9999 -9999 -9999 -9999 28.7872316669 28.6434436017 26.6542886337 25.9534354089 25.7446929192 23.4328178062 24.1264991878 22.7556767137 23.7091711942 19.3534614676 9.3757628181 19.9295921974 21.1069858901 17.647747365 17.6545774983 18.3906128848 18.4557052866 16.3328225689 15.2618517576 14.9459417127 18.3755234283 18.043827227 17.295719272 14.4682005063 15.0303321188 14.7769243129 12.5786807682 14.702331682 13.182964286 14.3146867179 15.5798418666 14.2134014397 13.6966764742 14.0406192767 13.9897392096 14.3446856851 14.4568470703 12.6130462915 12.2157786711 9.29794021783 8.17214063837 6.56807555915 6.45981469109 5.95556706283 6.64055726581 7.26458244776
-9999 -9999 -9999 -9999 -9999 -9999 -9999 -9999 -9999 -9999 -9999 -9999 29.1126430441 28.2960124756 26.7882263633 25.750007697 24.8327340126 24.4610974012 22.3523428092 22.764853331 22.3299542771 23.6842181707 19.6782934429 17.6812452335 17.1116285198 16.982581988 15.3625491472 15.7825948445 14.7979360729 13.8510301909 12.350647244 13.510716048 13.3788237977 14.1046686881 13.570126767 17.0795981855 15.6762237031 13.2182644039 15.8487731839 15.8943167156 14.0535425889 14.1289397997 14.4246736876 12.9697384945 13.624459909 13.8998593565 13.5394492161 13.7383133309 11.7732577535 12.8384464051 10.88693491 8.26978514674 8.62234189055 9.46046144777 7.65764656179 7.35363091636 6.59399666008
-9999 -9999 -9999 -9999 -9999 -9999 -9999 -9999 -9999 -9999 -9999 -9999 30.1822336989 28.7971415801 26.9077375644 27.514656246 25.3283973651 25.617430597 23.9250627969 23.4668299175 22.5964741749 22.7456795098 21.8362904064 20.5949541327 18.3464869889 19.1261917445 18.7921936579 18.3724139513 16.4290480762 17.8880710771 15.8425190013 16.324146381 18.7680871578 18.826704471 18.0919691867 17.1585827447 14.8173740863 17.1964073599 17.613343913 16.5660276909 15.1041898928 13.1184188577 12.0370938098 11.8958376417 11.5254565271 10.6970649699 10.2047027176 10.4981091516 9.30801936622 10.617914755 9.62845155555 9.54629769635 7.84617889923 7.27784715499 6.29697467155 7.32564092493 5.11819694747
-9999 -9999 -9999 -9999 -9999 -9999 -9999 -9999 -9999 -9999 -9999 -9999 28.7685690255 28.2877314058 27.6183672202 27.4203589907 24.9544573227 24.7554070396 23.9245188089 24.4855850041 22.8012062879 22.8008381165 21.5454728215 16.8941700076 18.114723215 20.2440495609 17.7917514546 18.5208700713 16.6877653602 15.8074410958 14.3544257164 13.8233627268 13.4854831933 14.9410563356 16.1434652673 16.1644829786 16.3266490893 17.5106260104 15.7679936591 12.0133645144 10.7255502055 10.4951486699 11.0942453222 12.1465819274 11.6780214612 11.8765251579 11.6870462496 11.6359219737 11.0461325732 11.6899663104 10.8348874581 10.0887327643 7.76316307504 6.82029670054 6.39081356209 6.78439983176 6.36802325821
