data/recharge/transience/recharge574.asc
ncols                  80
nrows                 72
xllcorner      4374000.0
yllcorner      5656000.0
cellsize            500
NODATA_value       -9999
[rows 0 to 25 of 72, columns 0 to 56 of 80]
-9999 -9999 -9999 -9999 -9999 -9999 -9999 -9999 -9999 -9999 -9999 -9999 43.9267650486 45.3913921229 -9999 -9999 -9999 -9999 -9999 -9999 -9999 -9999 -9999 -9999 -9999 -9999 -9999 -9999 -9999 -9999 -9999 -9999 -9999 -9999 -9999 -9999 -9999 -9999 -9999 -9999 -9999 -9999 -9999 -9999 -9999 -9999 -9999 -9999 -9999 -9999 -9999 -9999 -9999 -9999 -9999 -9999 -9999
-9999 -9999 -9999 -9999 -9999 -9999 -9999 -9999 -9999 -9999 -9999 -9999 37.5764254837 37.3002905742 37.5301839308 -9999 39.9896396581 -9999 -9999 -9999 -9999 -9999 -9999 -9999 -9999 -9999 -9999 -9999 -9999 -9999 -9999 -9999 -9999 -9999 -9999 -9999 -9999 -9999 -9999 -9999 -9999 -9999 -9999 -9999 -9999 -9999 -9999 -9999 -9999 -9999 -9999 -9999 -9999 -9999 -9999 -9999 -9999
-9999 -9999 -9999 -9999 -9999 -9999 -9999 -9999 -9999 -9999 39.4467888897 37.1196296012 37.7863245583 35.7254178477 34.2887863786 35.4033802514 36.254266823 37.6696332225 -9999 -9999 -9999 -9999 -9999 -9999 -9999 -9999 -9999 -9999 -9999 -9999 -9999 -9999 -9999 -9999 -9999 -9999 -9999 -9999 -9999 -9999 -9999 -9999 -9999 -9999 -9999 -9999 -9999 -9999 -9999 -9999 -9999 -9999 -9999 -9999 -9999 -9999 -9999
-9999 -9999 -9999 -9999 -9999 -9999 -9999 -9999 -9999 37.765218296 37.3016796284 37.5357778698 35.2365313022 35.691723958 35.6492333405 35.1338909732 35.9680121694 39.2952803414 -9999 38.1279898269 -9999 -9999 -9999 -9999 34.5365356343 37.8348388596 -9999 -9999 -9999 -9999 -9999 -9999 -9999 -9999 -9999 -9999 -9999 -9999 -9999 -9999 -9999 -9999 -9999 -9999 -9999 -9999 -9999 -9999 -9999 -9999 -9999 -9999 -9999 -9999 -9999 -9999 -9999
-9999 -9999 -9999 -9999 -9999 -9999 -9999 -9999 39.4308261026 38.3175602669 36.5553983194 36.8425173088 35.9948493058 35.7922830371 35.1380108834 35.964998371 35.1026304894 35.7246091238 35.5482357361 35.5767876619 34.4700675595 35.2983357839 -9999 36.2029028536 34.4969875719 37.127746813 -9999 -9999 -9999 -9999 -9999 -9999 -9999 -9999 -9999 -9999 -9999 -9999 -9999 -9999 -9999 -9999 -9999 -9999 -9999 -9999 -9999 -9999 -9999 -9999 -9999 -9999 -9999 -9999 -9999 -9999 -9999
-9999 -9999 -9999 -9999 -9999 -9999 40.5481990345 38.1426353154 37.7124448176 37.7673598059 37.4717017877 37.170135554 36.6386826911 36.7434279387 35.5999495782 35.9214376753 35.2053361864 33.8460214971 34.7320881581 34.3953056405 33.817009549 34.1415738568 34.8967020748 35.6946969298 35.9284100034 36.5690109668 36.6554486068 -9999 -9999 -9999 -9999 -9999 -9999 -9999 -9999 -9999 -9999 -9999 -9999 -9999 -9999 -9999 -9999 -9999 -9999 -9999 -9999 -9999 -9999 -9999 -9999 -9999 -9999 -9999 -9999 -9999 -9999
-9999 -9999 -9999 -9999 -9999 -9999 40.0638546869 38.7076217446 36.7604346262 36.273582835 35.8997693704 37.2165120857 35.9506470007 34.9121560356 33.7142895452 34.1136313365 35.4674241546 28.1165700932 33.2233194439 33.4423528035 33.2674009659 34.7509443081 34.5391867118 34.1891621275 35.387780036 34.8421454122 35.613318922 35.2197361277 35.7977959239 35.8318429445 35.6300769155 36.2828552772 -9999 -9999 -9999 -9999 -9999 -9999 -9999 -9999 -9999 -9999 -9999 -9999 -9999 -9999 -9999 -9999 -9999 -9999 -9999 -9999 -9999 -9999 -9999 -9999 -9999
-9999 -9999 -9999 -9999 -9999 41.3038033603 39.9763057372 39.6613170431 37.5220079833 37.4817562978 36.7340692794 35.6916537047 34.8681653974 35.2729232497 34.7172601602 35.7822699707 28.3118736831 15.0321567506 26.3692740474 34.0895586404 33.6511748936 33.5648655644 33.7549722626 33.8711260539 34.5944497074 35.0157844126 35.3996276799 35.0118287683 34.7077656832 34.8663318104 34.7798626571 35.669545435 34.9020469148 35.047427958 -9999 -9999 -9999 -9999 -9999 -9999 -9999 -9999 -9999 -9999 -9999 -9999 -9999 -9999 -9999 -9999 -9999 -9999 -9999 -9999 -9999 -9999 -9999
-9999 -9999 -9999 -9999 -9999 41.476803854 39.0168575044 39.3394837884 38.1475984363 37.9144815122 37.1899654012 37.2781450306 26.7140046827 22.2322685539 36.0328257465 34.8792296218 29.9974782905 12.8960634438 22.7830194709 30.2903420561 35.1546293518 34.2810092968 34.3405010322 34.6016881077 34.0310318609 33.2347250733 34.7818959711 34.4309565324 32.7463029849 32.179691665 30.736095768 33.2402527906 33.9925431409 34.2710979932 33.4421123024 34.8568579826 -9999 -9999 -9999 -9999 34.0939441315 33.7411020526 -9999 -9999 -9999 -9999 -9999 -9999 -9999 -9999 -9999 -9999 -9999 -9999 -9999 -9999 -9999
-9999 -9999 -9999 -9999 -9999 41.2900348489 40.0800715622 38.1096034328 37.9100841627 38.7298789678 38.3053537534 38.1827129178 36.1900297769 35.6141250262 36.7931891304 35.6756442372 33.1252381411 36.1372885994 36.3641004177 35.4105709751 34.8525340516 33.239673294 33.4911225539 33.4448895426 33.998549059 33.5640255026 34.0232469435 33.86648468 33.208471159 31.3340592138 21.8526958169 28.0673162235 33.3910922173 33.953123341 34.1060520154 34.2043069023 34.5637281542 -9999 -9999 34.8279108365 34.3065942844 34.6182500258 34.1092478205 -9999 -9999 -9999 -9999 -9999 -9999 -9999 -9999 -9999 -9999 -9999 -9999 -9999 -9999
-9999 -9999 -9999 -9999 -9999 -9999 41.0110690133 38.9931164954 38.9169911635 39.724952822 38.3704774652 38.0957642855 37.6293565303 38.1583769348 35.0616168567 34.9150618409 34.3864590636 34.9312066961 34.6238712862 35.1926156773 34.9987665598 34.113064853 33.3572365169 35.226351976 34.4735171382 34.2154073655 33.6487933332 34.0113095067 33.0695726314 33.2132599812 30.7920876628 32.8409142838 32.410418155 32.0595668459 31.9523025817 33.0440392512 33.8729260476 34.3958769923 34.1439726773 33.7462222563 34.1944001313 34.9903115153 33.8719628018 33.5987860442 -9999 -9999 -9999 -9999 36.0694845269 35.288418574 9.76305721003 -9999 -9999 -9999 -9999 -9999 -9999
-9999 -9999 -9999 -9999 -9999 -9999 -9999 40.9073278255 39.1703781326 38.7015683388 38.5524722851 39.3544682084 37.6270145717 35.5028365031 36.3929726531 36.2190044343 34.9055804448 35.3186105603 34.8492242753 34.0555264026 34.066363433 33.1995873493 33.2353245121 34.8469069882 34.8067309577 33.5851420742 33.1066346017 32.5472563345 33.4298724658 32.7732071733 32.7313194725 31.9618234867 31.9842697457 31.8275867767 33.140854558 33.6473900635 32.5743648155 33.2272809659 34.5378715487 34.0765105076 33.3413356931 33.8284679321 34.3563410046 32.1449172194 29.7938567587 31.0387548188 31.4317277023 29.7701081002 28.7572748107 33.0463294643 31.5156229582 27.1711610563 -9999 -9999 -9999 -9999 -9999
-9999 -9999 -9999 -9999 -9999 -9999 -9999 -9999 39.7848147166 39.9357362939 39.1177026014 38.7780492077 36.6033233775 37.6721335858 37.8229255271 38.0160691472 35.7228707319 36.5971580864 35.6511529942 34.4812087351 34.5722702578 34.4915772533 43.1329546393 56.3830280334 54.3615680977 55.7112721719 38.194417869 33.1502578476 31.9801279957 32.2459434465 31.3370193576 31.586753934 31.360561856 31.829309858 32.1901991477 33.0450715845 32.8842602823 33.3040146058 33.6437698402 33.8884582037 34.0642222727 34.4391100394 29.970594918 28.9867577278 28.2190922173 27.1919806174 27.9817221394 26.6548491348 25.1568305579 30.9372983523 31.0203672755 31.4840319331 29.8147980691 -9999 -9999 -9999 -9999
-9999 -9999 -9999 -9999 -9999 -9999 -9999 -9999 40.0158377024 40.2302579993 38.8287441319 39.1634706055 38.3710893669 38.5077560142 37.9814556512 37.1381272303 34.4588576751 35.1518842743 34.7338299789 34.547428169 34.3187054268 34.6574595955 50.3995202854 61.8681249497 56.7531128257 52.8361863933 56.5425075354 38.8777200693 33.9725855417 32.8902309573 32.4470811528 32.1288920546 32.1863868012 32.2260431109 32.5612810259 14.659207178 33.5112398668 33.1328641785 33.129959181 33.1909067518 33.2116335308 34.1598048222 29.2731773744 29.145728025 27.2803318639 27.1403940447 27.8404923711 26.931785048 26.7167531326 31.6554072545 30.8669827054 30.9350451136 29.8433836617 31.0892556391 30.2135141815 30.5738961804 -9999
-9999 -9999 -9999 -9999 -9999 -9999 -9999 -9999 -9999 38.7492238354 38.3521611876 39.3212599314 38.9355782997 37.6865342771 36.7078532773 36.6321931674 36.1525930761 35.0151071234 35.032000233 35.6227158467 36.219743069 35.9208049036 38.4827528854 68.1417642502 63.2336080043 60.9576415939 53.631566227 52.5784866377 38.4802757127 32.665805861 32.1051881653 31.8533468144 31.3174111968 31.7818598946 30.8697476469 27.669659062 33.3690109085 33.2905150526 33.2206799055 32.9107623476 32.9596962906 32.0295218496 28.0568486766 30.2441166205 26.7403676283 24.9127979636 22.9453207091 23.3477901988 29.540467859 29.5973978097 29.1811156017 28.9681389463 28.6115096194 30.27052574 30.2722578005 23.0806073626 17.8734582568
-9999 -9999 -9999 -9999 -9999 -9999 -9999 -9999 -9999 -9999 37.0889209934 38.0657623732 39.1634184049 38.2084967678 36.5302212935 36.4142796009 40.6357306553 40.6698617656 40.4492868254 39.9767762789 37.9494188994 37.2804517086 36.4781701961 47.3489890419 57.5833755947 61.8112911269 58.0045221261 53.4827964654 48.6138781049 45.6263924267 32.8154086821 32.4759287257 32.203587393 31.2377757735 32.3957060005 32.7032420926 32.9527970991 33.1531532766 33.3239775641 33.3593181326 32.8464366192 31.8630112419 31.9698754872 28.8228856768 30.7174329948 30.4702683558 27.5716584438 24.9115942429 30.3498185162 30.6904734954 30.6293157546 29.7508438733 28.3179325774 28.8372268831 29.0060483205 21.9369536849 17.7365162584
-9999 -9999 -9999 -9999 -9999 -9999 -9999 -9999 -9999 -9999 -9999 20.1721597069 26.5769261511 37.9391031638 36.4110534019 37.4006006561 40.2885888963 40.6757786992 36.8658833667 36.6779599555 35.7525575621 35.1966499683 35.5315959524 35.5847962609 39.5405377512 50.4963648775 53.5110279849 59.5285042125 59.2201906086 43.6643630812 49.9863058992 31.9401028547 30.6394662723 30.9617524597 32.6811996517 32.0735971846 32.3420776539 32.1960105526 32.8329873293 33.1554997752 31.6746830122 31.2413132877 31.8955723028 31.6781265752 26.5291648263 24.5384126531 25.6056247823 27.4854045129 28.3451799194 29.9580122888 28.8184358804 29.3157001382 29.5667435337 29.0114356917 27.4657893268 27.6150982624 19.3321594461
-9999 -9999 -9999 -9999 -9999 -9999 -9999 -9999 -9999 -9999 -9999 19.3273705875 27.929559587 36.6391449674 36.1523869945 37.5142501912 38.2879184954 37.8545337178 35.8156297549 35.7547198566 36.0599912008 36.647166318 35.618715562 36.6238159128 35.0554463019 34.5073574001 40.842333034 51.6604027237 51.543416927 48.0917164864 52.2186360445 51.9049721167 43.6247566627 45.8918710439 39.9984442158 33.1247139409 31.8398393877 32.6030920099 32.2265954408 32.0481589747 30.122107895 31.1137329574 30.728550002 31.1871513755 32.2964014593 29.0813495236 31.2208149475 32.8928784704 30.9228597123 26.5284486366 26.3219185918 26.2770819371 22.3163015738 30.2179770447 29.2524587645 28.408925056 27.1908687867
-9999 -9999 -9999 -9999 -9999 -9999 -9999 -9999 -9999 -9999 -9999 39.5738112329 35.9883779567 35.9266442311 35.8500062139 35.5857665972 36.6732605593 36.4574758164 35.2095204365 34.726544512 34.9419179963 35.0609625048 34.0729246592 35.3287132682 32.6466212774 33.3361401148 33.0653659827 32.6837555852 31.628719743 36.2760698136 44.4732598386 54.4880570101 55.5373426588 57.0484332403 46.1080560098 54.6797188576 42.7632595538 39.9070306581 33.1468965949 24.8256945251 19.9799978411 30.9255547571 30.688663422 31.7693102501 33.0809780273 36.2646555565 30.3692715123 28.9559481017 27.7685255982 26.8286700863 24.1745239217 25.73207794 25.4910252 27.8772648209 29.8865864278 25.3186098218 25.6109329158
-9999 -9999 -9999 -9999 -9999 -9999 -9999 -9999 -9999 -9999 -9999 -9999 38.4276172632 36.453983319 36.4894200017 35.3579934924 34.751933757 36.1861713686 35.7965663847 35.1158988539 35.7160752123 34.9360423328 34.2161717697 33.6000161879 33.2997455199 33.8192169117 33.503238277 33.6168712251 33.0792227111 32.8516827856 32.5030861235 32.4001901205 34.9016340469 44.2918475318 47.7516033104 30.759330511 53.0006436452 40.1615343754 40.3080861908 31.8153726257 32.7413332143 30.2579906334 31.4544201053 32.3115236839 32.7942952588 33.473267944 32.9840004351 29.1306786351 24.5663375016 26.1623181235 23.2431751549 21.106299779 18.4518413428 18.6343008646 17.1109964379 19.7694341523 13.9748160219
-9999 -9999 -9999 -9999 -9999 -9999 -9999 -9999 -9999 -9999 -9999 39.6199777987 39.2390772677 36.5482707653 35.1670132977 21.2110181578 31.2520223738 34.95495256 34.4013805456 34.153069614 33.9543153452 33.801581605 33.0370240691 33.6551666174 33.1915254347 33.1478431321 33.1322627776 32.6437468587 32.7565629624 32.1497344821 31.5428819357 31.6739169233 31.1603044902 30.8465307373 31.0553010161 45.0058172482 42.031343153 34.235474092 33.3980938398 30.9922226639 30.707758019 29.7466150992 33.0246417492 33.1265518379 33.3331858589 32.9213999226 32.8003665357 33.8734840796 26.9988898445 27.1341110194 22.1764285387 17.5684876377 15.5376894724 15.6174473027 14.0556982786 15.0758426382 18.0091671418
-9999 -9999 -9999 -9999 -9999 -9999 -9999 -9999 -9999 -9999 -9999 40.3330717728 39.405641917 37.1383608345 35.7508801729 27.0240110762 33.4353765653 35.5082239203 35.5507987569 35.5831921915 28.2878584436 29.2234103944 34.0912047176 33.5835044988 33.2922019149 33.7296265259 22.6669930576 23.6283330526 31.2335823467 32.9911483039 32.4299371439 31.7687037768 30.8075350251 30.826939363 30.8647816364 38.5132078858 36.9319093502 42.2297386031 35.4103465092 37.8648350952 29.6063530897 29.9761475912 31.8577701412 32.7299882303 33.5792855047 33.2219036709 32.0655701895 32.350610621 32.0982953968 31.7957989855 21.8156917098 22.4621067438 19.6422612276 18.9346505135 17.2485009241 16.3179950893 12.9721914532
-9999 -9999 -9999 -9999 -9999 -9999 -9999 -9999 -9999 -9999 -9999 39.1470029264 38.8658411483 36.4328597139 35.6126145493 35.3468867246 35.4273744162 36.4570602405 35.4417938138 36.3567993808 29.5389704182 13.5743992188 30.1436366044 38.417805555 35.105426367 35.1477137909 36.4368081431 35.5598053401 33.7076140737 32.7643575422 32.2122438908 32.514809546 32.0240965498 31.925116533 30.912915862 33.5978126304 29.4537102938 23.9801546369 32.8694455658 30.4304062905 29.8194547497 31.4316301331 30.6526711659 30.1227384698 30.6681380744 30.8947347154 30.5773328802 30.5500149661 29.8674479118 29.8923413149 23.714721124 23.7667582508 16.7951298391 14.469803041 13.4754248298 14.3261453361 15.2200465367
-9999 -9999 -9999 -9999 -9999 -9999 -9999 -9999 -9999 -9999 -9999 -9999 39.7949585509 38.1998512252 37.3457954885 36.9380347042 37.2063581264 36.1780846611 34.462919822 34.7771402193 36.088408378 36.8001538577 37.3385631027 34.8135702605 34.2058598678 33.9587790399 31.2877463378 32.1088817625 30.4343400702 28.4855899034 25.3163660198 31.3912777509 30.1366238198 30.7508418616 30.2828849262 37.5813878612 32.3965743915 26.7612872002 35.6579779472 38.8265521395 30.2484645246 30.587200154 30.7412513498 30.3383311332 30.5574009609 30.4104077023 29.8241826273 29.7588157904 29.0406157131 30.4193412274 29.1280903344 19.0814810147 19.8659778352 21.3132911584 15.1072186995 15.4447487478 13.8867133913
-9999 -9999 -9999 -9999 -9999 -9999 -9999 -9999 -9999 -9999 -9999 -9999 40.8472301023 39.0265215691 37.358725745 39.9046940333 38.0157351676 37.5955660158 35.8217072506 35.7685241882 34.6244867786 35.6817791717 37.1275512364 38.2047962879 37.6473575602 37.9783520491 39.0661408261 36.5264379729 32.5044086655 35.3117312183 31.8707927953 33.0005645999 33.6601528653 32.6259587971 41.2986195315 38.819513175 50.3535713644 36.8303893992 40.4950964527 36.609264157 32.2897078223 30.736838531 29.6150943171 29.5621116811 29.574595726 28.7253773434 28.2512545314 28.2720799704 27.3263492941 28.9732901253 28.0684097522 25.8968858494 24.3367676004 13.1442408376 9.82221280599 12.3367481779 8.63330698385
-9999 -9999 -9999 -9999 -9999 -9999 -9999 -9999 -9999 -9999 -9999 -9999 39.3980907233 38.669823187 37.4340830516 37.7452387142 36.1604226845 35.7864076065 36.8000552259 36.4716682948 35.2707881188 34.5654069644 34.5078785334 28.4913333355 32.9843936499 36.1600546607 40.4058534397 38.4538545579 33.0144227799 31.2321390229 28.6699912084 27.4875458033 30.798280495 32.9927198663 48.1451795461 46.5821723102 53.0617682596 38.1190694482 32.6044491976 23.2661197243 20.1996245917 21.1943210845 29.284134088 29.9751774797 29.7691702269 29.5831069319 29.49748547 29.7044068254 29.4304787829 30.0306499059 29.2537057886 22.4431452866 13.5649911835 11.0759758406 15.9883300296 10.8610841079 9.70120925053
