data/recharge/transience/recharge355.asc
ncols                  80
nrows                 72
xllcorner      4374000.0
yllcorner      5656000.0
cellsize            500
NODATA_value       -9999
[rows 0 to 24 of 72, columns 0 to 56 of 80]
-9999 -9999 -9999 -9999 -9999 -9999 -9999 -9999 -9999 -9999 -9999 -9999 10.0280140186 10.406228155 -9999 -9999 -9999 -9999 -9999 -9999 -9999 -9999 -9999 -9999 -9999 -9999 -9999 -9999 -9999 -9999 -9999 -9999 -9999 -9999 -9999 -9999 -9999 -9999 -9999 -9999 -9999 -9999 -9999 -9999 -9999 -9999 -9999 -9999 -9999 -9999 -9999 -9999 -9999 -9999 -9999 -9999 -9999
-9999 -9999 -9999 -9999 -9999 -9999 -9999 -9999 -9999 -9999 -9999 -9999 11.6248917774 10.1378558188 9.04452508091 -9999 9.19024161658 -9999 -9999 -9999 -9999 -9999 -9999 -9999 -9999 -9999 -9999 -9999 -9999 -9999 -9999 -9999 -9999 -9999 -9999 -9999 -9999 -9999 -9999 -9999 -9999 -9999 -9999 -9999 -9999 -9999 -9999 -9999 -9999 -9999 -9999 -9999 -9999 -9999 -9999 -9999 -9999
-9999 -9999 -9999 -9999 -9999 -9999 -9999 -9999 -9999 -9999 9.74760900176 9.58315277035 10.3036641982 10.5010915147 8.15417071371 7.43929937021 6.2813362741 6.38856963777 -9999 -9999 -9999 -9999 -9999 -9999 -9999 -9999 -9999 -9999 -9999 -9999 -9999 -9999 -9999 -9999 -9999 -9999 -9999 -9999 -9999 -9999 -9999 -9999 -9999 -9999 -9999 -9999 -9999 -9999 -9999 -9999 -9999 -9999 -9999 -9999 -9999 -9999 -9999
-9999 -9999 -9999 -9999 -9999 -9999 -9999 -9999 -9999 9.7829336534 9.72527608362 9.6119771779 9.12794737442 9.52302682111 8.60628229149 8.17327773933 7.16349046076 8.58091974914 -9999 9.05701965639 -9999 -9999 -9999 -9999 7.88439216799 8.27321951117 -9999 -9999 -9999 -9999 -9999 -9999 -9999 -9999 -9999 -9999 -9999 -9999 -9999 -9999 -9999 -9999 -9999 -9999 -9999 -9999 -9999 -9999 -9999 -9999 -9999 -9999 -9999 -9999 -9999 -9999 -9999
-9999 -9999 -9999 -9999 -9999 -9999 -9999 -9999 11.8699625061 10.7554399503 9.10060963793 8.90779073287 8.23915578402 7.62958181439 7.36727951968 6.98139424835 6.25158333502 5.97205344372 5.75691753111 6.60716712666 6.64102394404 7.08259060795 -9999 6.5983665407 8.63758538351 8.47593173651 -9999 -9999 -9999 -9999 -9999 -9999 -9999 -9999 -9999 -9999 -9999 -9999 -9999 -9999 -9999 -9999 -9999 -9999 -9999 -9999 -9999 -9999 -9999 -9999 -9999 -9999 -9999 -9999 -9999 -9999 -9999
-9999 -9999 -9999 -9999 -9999 -9999 11.30105696 10.1076467831 9.60107474696 9.95942497194 10.1156635335 10.3731627641 9.10345743435 8.64409349522 7.23564734991 7.83113769083 6.51846801466 6.18790531835 6.38232708509 6.51539076743 6.41911790312 6.85950994877 6.80175635541 6.68179651949 7.51309748119 7.25380498768 8.01631804824 -9999 -9999 -9999 -9999 -9999 -9999 -9999 -9999 -9999 -9999 -9999 -9999 -9999 -9999 -9999 -9999 -9999 -9999 -9999 -9999 -9999 -9999 -9999 -9999 -9999 -9999 -9999 -9999 -9999 -9999
-9999 -9999 -9999 -9999 -9999 -9999 11.255439216 10.5374917966 8.72493226884 8.43540439296 7.72050333736 8.0473290153 7.43216875078 6.9800242045 6.15139696413 5.46710694763 4.96687966327 4.60210355535 5.14826459746 4.69581927535 5.25285487257 6.26305225024 6.07503140437 6.16467104209 6.25072228785 5.79887626533 7.71536985382 8.23396985326 8.42068084794 7.91872717316 9.76772996139 9.65993950876 -9999 -9999 -9999 -9999 -9999 -9999 -9999 -9999 -9999 -9999 -9999 -9999 -9999 -9999 -9999 -9999 -9999 -9999 -9999 -9999 -9999 -9999 -9999 -9999 -9999
-9999 -9999 -9999 -9999 -9999 12.7880564331 11.5716246193 11.489206629 10.5666342257 10.9315844708 10.0815226636 9.25831971876 7.05371628438 7.42988902054 6.85857871718 6.90214985484 4.75259461579 2.9077176308 4.72682543777 4.7601252017 5.28828400047 5.04286611822 5.67534761133 5.91126791291 6.5705585669 6.8986611708 7.44917541815 7.32923276677 8.05954690925 7.85400533666 7.79177928153 8.24832476725 7.54528083237 7.21567367067 -9999 -9999 -9999 -9999 -9999 -9999 -9999 -9999 -9999 -9999 -9999 -9999 -9999 -9999 -9999 -9999 -9999 -9999 -9999 -9999 -9999 -9999 -9999
-9999 -9999 -9999 -9999 -9999 12.7417280894 11.8556380258 11.9177137199 10.616300179 9.98340893187 9.3480310091 9.86426657441 6.17991032086 5.1443045294 8.17542322526 8.75958287228 5.5525188118 2.24778410094 3.70448182076 4.31864180948 4.70425318708 5.0713754155 6.24341511787 5.9536977736 5.83441178209 5.21860647245 6.04354714959 5.47442647357 6.39029665125 6.27709378591 6.17155043693 6.33661462012 6.93148145983 6.56425956018 6.90672592343 6.4915014394 -9999 -9999 -9999 -9999 6.33580641659 6.00663104876 -9999 -9999 -9999 -9999 -9999 -9999 -9999 -9999 -9999 -9999 -9999 -9999 -9999 -9999 -9999
-9999 -9999 -9999 -9999 -9999 12.1053059154 11.3430990737 11.4633912705 11.0041478123 11.4972388936 10.4491213719 10.0656347077 8.6404921771 9.68523289508 8.86183319718 7.57133999802 6.09615002631 7.31742954578 6.13205144874 6.78133598919 5.64322177623 4.89401658612 4.96383466818 4.70187125888 5.67995753034 5.47920839666 5.81224600627 5.09888201021 6.78339925236 6.11658542544 4.33076867478 5.91387848265 6.8223249709 6.8157934345 6.54305428505 6.81801160324 6.61762491978 -9999 -9999 6.57893000038 6.83142862349 6.55107503197 7.06187803049 -9999 -9999 -9999 -9999 -9999 -9999 -9999 -9999 -9999 -9999 -9999 -9999 -9999 -9999
-9999 -9999 -9999 -9999 -9999 -9999 12.8472074972 13.3178420567 11.6653994021 11.2540518784 9.69196668178 10.4377734027 10.3118761379 10.6528992819 7.19039396824 6.51773689887 6.4161944456 6.2057623628 5.23326654259 5.13434519861 5.41745601907 5.70319285793 5.45466995441 5.97747550457 5.52157690242 4.84843198303 4.35525784935 4.78449782879 5.01197308454 4.96950196081 5.25359731934 5.64477779444 5.579087899 5.30715500397 5.62655986826 5.90523060404 6.03316479523 5.31709351971 6.06190519539 5.85025430125 5.60810607188 6.78174973374 5.34392571053 4.5075366084 -9999 -9999 -9999 -9999 5.72157468458 5.15472580915 1.35474286168 -9999 -9999 -9999 -9999 -9999 -9999
-9999 -9999 -9999 -9999 -9999 -9999 -9999 12.3833418207 10.913527126 11.9842180105 11.3255655363 10.5105336973 8.73996356179 7.88514436816 7.39003941904 8.79089945688 7.85190948263 7.58823794011 7.12562213046 5.99165145607 5.01831333881 5.05677559233 5.10059870155 5.17197363151 4.98230215298 4.37948586721 4.54404808103 4.90313504279 5.0517136962 4.8410189187 5.3838824169 5.28071110616 5.65339127167 5.27333922692 6.08603324832 6.03101387326 6.07572338229 6.05915536477 5.9120411289 5.8934232594 5.24146469515 5.07071329494 4.71271191374 4.67813341481 4.02759834493 4.47066033548 4.62038197879 4.0162424424 3.78409374986 4.13001028603 3.82582107236 3.05771005112 -9999 -9999 -9999 -9999 -9999
-9999 -9999 -9999 -9999 -9999 -9999 -9999 -9999 10.0964997395 9.72374484087 10.257089987 11.1291908404 9.79539387156 10.4730879338 9.36035168225 8.71348518876 6.57088206139 6.61226211568 5.34266208087 6.0616167138 7.56307326627 7.26227012231 6.61408710489 6.24006762863 6.02910309035 6.09255480566 4.54610405083 4.29315708625 3.91844805179 3.44627090056 3.89651492257 4.15535815443 4.34882110421 4.10402336565 4.71529277289 4.71216290432 5.06909511013 5.36124562275 4.8782258089 4.80273855247 4.80035039276 4.62235459675 3.89387886278 3.57459408009 3.36066976594 3.06821946248 3.36968640057 2.99377055753 2.71609696375 3.10108006728 2.91549601655 3.14627307406 2.60367212394 -9999 -9999 -9999 -9999
-9999 -9999 -9999 -9999 -9999 -9999 -9999 -9999 11.8981735001 10.7849011043 9.61161283325 9.67347204903 8.90677903844 8.84794814681 7.40892710153 7.22957817276 6.43266213855 6.87421814043 6.07124169277 6.57629897585 7.17043662661 7.09872002005 7.9896997234 9.15230422787 7.61203838602 5.54956762985 6.60778539292 5.5417340502 4.29331777251 3.5296422974 3.54621030051 3.90590611206 3.76036886441 3.98283787441 4.63549278575 2.2589672028 5.61145276545 5.13400585609 4.8622414829 4.75352227029 4.55065753668 4.40025535695 3.64280025257 3.62672438436 3.08211453697 3.04616714502 3.32839124868 3.07118253829 2.90847028016 3.24273151909 3.03511877036 3.0539757441 2.89875805319 3.23173205498 2.58700404901 2.83482928608 -9999
-9999 -9999 -9999 -9999 -9999 -9999 -9999 -9999 -9999 12.5808697165 11.0014542045 9.20175982555 8.96892754576 9.21824109481 8.24060121872 8.33015047029 8.80585213641 9.25197126801 9.23297951506 9.29735872485 8.56774865692 7.03089269329 7.42455947328 12.4400975465 9.80170918701 8.44691436772 6.06039929483 5.08988968719 3.4215103479 3.54036032785 3.44282220569 3.61453079169 3.51751697992 3.09356658726 3.66884933569 3.8803716471 4.50014752755 4.184178904 3.87963249773 3.93475271369 3.70609454774 3.80728034534 2.88594513541 3.8234668061 2.80852160834 2.33916005013 2.01196055958 2.03024854301 2.30124260549 2.26925464435 2.29856479448 2.19878321976 2.31125297188 2.544943841 2.71345193562 2.1465990453 1.62334009353
-9999 -9999 -9999 -9999 -9999 -9999 -9999 -9999 -9999 -9999 9.97300066671 9.96043338147 8.71576756649 8.95589399328 7.67003749762 7.09292168929 7.15519097026 8.73342778075 7.60540835329 6.54336569792 6.09425132885 5.89899835376 5.0662404946 6.91316571732 7.22945930791 8.56315663865 7.36576494734 6.06088046315 4.26139413983 4.04803662499 3.49830737607 3.52237482438 3.99764894671 3.43718885757 4.37305767475 4.06872074776 4.35739826602 4.1884476924 3.92135802381 3.95252869021 3.95038357481 3.90025675854 3.29558960748 3.36661014526 4.12084822928 3.91514590972 3.19357823271 2.34266367448 2.61275352861 2.55809308376 2.71734674659 2.59104647478 2.17865938679 2.53126981645 2.19733234295 2.10024470795 1.59451641524
-9999 -9999 -9999 -9999 -9999 -9999 -9999 -9999 -9999 -9999 -9999 5.42623195556 5.39061334398 8.24758614427 7.52388563025 6.99070803172 7.13837613612 7.04521569818 5.69703834833 6.06079598589 6.49301671989 6.40512714971 5.06468838129 4.15870540554 4.45683361603 4.25295722332 5.6139442544 7.65894840328 7.07554608877 3.14348065557 3.20533361125 3.2639168829 3.33162508604 3.45070939501 3.54426928292 3.07017393175 3.46397471528 3.42905445301 3.53887464836 3.53679922954 3.68114640278 3.28424388834 3.28278700312 2.83726323856 2.46734040852 2.17385937941 2.56507117637 3.06432494696 2.52299845587 2.37127304089 2.08835738337 2.4782191636 2.39669822728 2.12178642455 1.71365965508 1.77005829323 1.44983702788
-9999 -9999 -9999 -9999 -9999 -9999 -9999 -9999 -9999 -9999 -9999 4.47109981741 6.35434561554 7.43135170346 7.6195068816 7.26163453018 6.12071289851 5.7185312271 5.94478518333 6.02413816653 5.86250553085 6.70398871699 4.97373074768 4.69637070585 4.47175870925 5.02489717723 5.1000961539 5.99519210256 5.19379500046 5.60954631245 6.39964191515 5.82482440612 3.31806239904 3.69782924693 3.32674440163 3.03532897461 3.44288988986 3.52804072655 3.40922183435 3.38090040457 3.65201959303 3.95744699829 3.00517475357 3.07798264398 2.89210179928 3.0152794151 3.93727244541 4.59603297703 4.12409963353 2.83673373835 3.1132270858 3.00259919524 2.09838780102 2.58099645096 2.36962426839 2.00343983244 1.76555480381
-9999 -9999 -9999 -9999 -9999 -9999 -9999 -9999 -9999 -9999 -9999 10.8318939017 9.51585235497 8.9913823554 6.43550225385 6.94586965131 5.83165936066 4.75164412827 4.71956869825 5.03891277865 4.95484887407 5.10233219846 4.40728891009 3.86865403177 3.38845834946 3.29775301931 3.11710349886 3.01974889819 3.2393455703 3.57754513063 4.03019247047 5.92700596471 7.15325375503 6.87250176353 3.80323812285 2.29513891706 3.05012754106 2.14575416171 2.73634777514 2.08920487475 1.93149591278 3.27821349246 3.62301293735 4.15560356081 4.45314861091 5.20685268606 3.60031034074 3.18785894982 3.1019886611 3.13834372465 2.57475622661 2.95289893489 3.14931887209 3.68578728186 3.14326145364 2.03015630447 1.4339245723
-9999 -9999 -9999 -9999 -9999 -9999 -9999 -9999 -9999 -9999 -9999 -9999 7.65156853853 8.59826939642 7.69976369814 6.85314880504 6.02810628573 5.56840289694 4.81120984296 5.22491895639 5.16582557341 4.78682138595 4.51678667569 4.52766147313 3.56093901971 3.67359881974 3.20280572702 3.36370976984 3.14780974469 2.93341609419 2.95359591206 3.16303124983 2.99950500213 3.47063462232 4.54498847934 1.12290505008 3.57318504669 2.54326532997 2.52184093623 3.10591891731 3.45146109015 3.28632405418 4.55690368847 5.27260235639 5.4418566193 5.28082973554 3.92126002975 3.23795294667 2.33514367847 2.70740817834 2.41314683064 1.93741677577 1.61031156897 1.6392062521 1.52162343111 1.87301761785 0.643015698467
-9999 -9999 -9999 -9999 -9999 -9999 -9999 -9999 -9999 -9999 -9999 9.6510493826 9.16539791545 9.7949274983 9.41121321927 5.184265162 5.5049584605 6.13778922416 4.87471360104 5.17727720663 4.05728246668 3.96258005405 3.43935154233 3.56554195875 3.52110129389 3.44155840335 2.81201262751 2.69963115051 2.73447942415 2.58955243007 2.38246481872 2.53342127092 2.32791453777 2.28489197879 2.53678805109 3.17914721946 3.34991566158 1.94231797472 1.76646733808 2.53134970521 2.93379377911 2.82039088358 4.48429462785 5.41020376217 6.5102556524 6.473868907 5.14685389469 4.69067418719 3.24005352732 3.27956239297 2.22603840438 1.33610344627 1.15769540386 1.17074114779 1.07783314521 1.23474209651 1.99248351907
-9999 -9999 -9999 -9999 -9999 -9999 -9999 -9999 -9999 -9999 -9999 10.0741306378 11.0916326838 10.7396515049 8.20822421663 6.07426592885 6.96644818543 6.73064928251 5.17031261323 5.27143823956 4.33723093491 4.14360108584 3.70278416063 3.90039664727 3.77185752619 3.86028914425 2.06669404857 2.39383287568 3.16371375014 4.26537645271 3.73723368524 2.61949633062 2.26014514286 2.28803297174 2.43168155746 2.12759779688 2.36511938938 3.40943124654 2.12434745261 2.66069252746 2.51425851799 3.0416586599 3.96525656391 3.99897867313 4.1288899143 3.847115364 4.19833161488 4.38930223824 3.7049483771 3.6982383042 2.09599451158 2.25850496776 1.89821840569 1.75421472731 1.62358854114 1.45162119556 1.04028920856
-9999 -9999 -9999 -9999 -9999 -9999 -9999 -9999 -9999 -9999 -9999 12.1161493538 11.8149591106 10.5567214564 10.1113443924 9.9003895879 7.05568937281 7.48387755456 6.64531804744 6.66586865436 4.01557798026 2.16682243174 5.05873924857 5.91229592386 4.47898190505 4.47253531207 4.71602817384 4.20732035387 3.12207084998 2.57756800844 2.56039381093 3.75467424553 3.79976062996 3.44990674268 2.5412594286 1.54652919269 1.23651820008 0.898379932868 1.84906835103 1.42981417266 2.8993582962 3.10857270935 2.91116732365 2.50168920817 2.50929124995 2.52821136724 2.89134478533 2.95485351313 2.56622743884 2.36543008465 1.81542517558 1.41787098414 1.08771122585 1.04725751516 0.979742922477 1.18380282995 1.50276642566
-9999 -9999 -9999 -9999 -9999 -9999 -9999 -9999 -9999 -9999 -9999 -9999 12.1231508609 11.5733540407 9.64091169381 9.39224643021 7.98410075017 8.02975085037 6.38803863961 6.85757688916 6.12896381495 6.78299334717 4.94276194027 4.26899281164 4.13418735369 4.05823674109 3.29101621451 3.52365503392 3.10901949768 2.6352187049 2.0772860799 2.25206213909 1.99405107798 2.25191080814 2.22716608947 2.07305255509 1.5657819312 1.12701840617 2.28131621828 2.53087978768 2.7735803537 2.43150612544 2.76957670623 2.43827498985 2.58593524396 2.6123792575 2.52306592914 2.68690929912 2.26250306358 2.26875216968 1.85652304313 0.780505351494 0.825060517411 1.6755709494 1.16810482173 1.17580559204 1.07057774607
-9999 -9999 -9999 -9999 -9999 -9999 -9999 -9999 -9999 -9999 -9999 -9999 13.6183513481 11.8808745691 10.486709274 9.66953734766 7.79968384526 8.38206456621 7.36815897097 6.67920269094 6.23718357047 5.66500883586 5.32635873804 6.13736181102 4.84741960169 5.36162757296 5.50498542774 5.04082439622 3.99816165956 5.0264937989 3.90303335742 4.16753088193 4.45167176016 4.20825571987 2.98851545587 2.20483181447 1.47567379516 2.36191621402 3.39883774704 2.57700727272 3.08426610677 2.15994779007 1.86874059028 1.83391777437 1.88622486606 1.92421051528 1.79040161718 1.8403508272 1.58448213365 1.68743651419 1.56112596757 1.21436106921 1.24153013463 0.739551402983 0.590275944505 0.858451883799 0.543615570236
