data/recharge/transience/recharge490.asc
ncols                  80
nrows                 72
xllcorner      4374000.0
yllcorner      5656000.0
cellsize            500
NODATA_value       -9999
[rows 25 to 49 of 72, columns 0 to 56 of 80]
-9999 -9999 -9999 -9999 -9999 -9999 -9999 -9999 -9999 -9999 -9999 -9999 17.16263529 16.8182498638 15.8131320636 14.8977419622 11.5772629159 11.7396892816 9.89776834716 10.7429296759 9.20383433126 9.83830323275 8.53081776506 6.89589217194 7.85826628196 6.85475177573 9.52087830061 8.85663032486 4.53579622794 4.03693215671 3.51327691341 3.28190578545 3.63724169154 3.7329547579 4.15053065745 5.16809064917 8.09172161034 4.72365219472 3.42524316616 2.76125453498 2.47218105395 1.92158048631 2.97740317047 4.18245441866 3.97962187524 4.04773017473 3.89469913942 3.87685834542 3.63860686371 3.84902906402 3.28951289023 1.94701150962 1.31266008093 1.07106441565 1.29258314911 1.1200485406 1.05471474818
-9999 -9999 -9999 -9999 -9999 -9999 -9999 -9999 -9999 -9999 -9999 -9999 -9999 16.3267237932 16.6896314028 17.1273069236 13.9619040417 13.2579649559 10.9888557861 10.3997319355 9.64254103812 10.5987693389 10.7197917309 9.03354336647 7.51929309005 5.91523705019 6.34310260486 4.56541990197 4.48939058394 4.82886266297 4.00587963848 3.76779608925 4.77202379062 2.50620846848 5.7406795167 2.69971721264 5.96151771895 3.73578026182 3.18379100634 2.31766374057 1.99530503387 2.40116215427 1.5422673475 1.70158997837 1.68417635063 2.22877641627 3.00925174471 2.92030062401 1.4772161147 1.01091844365 0.993089698171 1.09756322736 1.18392409969 1.19449940183 1.68342910214 1.38418840556 0.853862556873
-9999 -9999 -9999 -9999 -9999 -9999 -9999 -9999 -9999 -9999 -9999 -9999 -9999 -9999 14.8040144258 15.284314321 13.0731778861 12.1917176962 10.8918480522 11.460973408 9.64666406584 11.2492086232 10.4210361282 9.19760666248 7.01576718513 6.8599982662 6.87520295566 6.76853301726 4.8854202475 4.17659230166 4.08789849453 7.32476651941 6.02632492464 3.10072583069 3.85906812766 3.89547335764 5.45902124151 2.71181191648 4.05891267812 3.57680804542 2.68340190584 3.06982044974 2.29819379046 1.7722509616 1.28804405829 1.48896606218 1.90460563532 2.35222359943 1.30617256234 1.25545788869 1.16836362863 0.882513967322 0.80985167846 1.74402880038 1.86553441866 3.01061573231 3.06552590698
-9999 -9999 -9999 -9999 -9999 -9999 -9999 -9999 -9999 -9999 -9999 -9999 -9999 -9999 6.03997107536 13.8376556192 14.686981192 13.1329704375 11.5203894722 11.9851242139 11.1063219024 11.6130003427 9.38337024649 11.3081138544 9.97559058656 9.90857030551 7.07695859782 7.35957072886 7.78378551279 7.34224235641 5.55471961986 3.84722257835 5.68408885872 5.52511327332 3.564905018 3.21622988908 5.53787224444 3.14587335684 3.00275587547 3.28085177901 1.77156629303 1.99035733788 1.89850219666 2.10506251625 1.72279078225 1.39548298254 0.692305871344 1.18470100396 1.66277860613 1.67416489515 1.37076005264 1.5907603921 1.76111961299 1.34754794891 1.75001364867 2.77799326568 4.23116484429
-9999 -9999 -9999 -9999 -9999 -9999 -9999 -9999 -9999 -9999 -9999 -9999 -9999 -9999 8.33208040765 13.2361278413 15.306620853 13.9216131386 12.837274612 12.6595226362 11.0110416491 11.5144712609 10.9096493817 10.4146402748 8.39606684703 8.08990226822 8.08503511695 8.6966349841 7.00891311649 7.52058924851 6.63241326742 6.32301424179 5.52774281904 4.54308532089 6.90129324327 2.90387540635 3.81067357627 8.15434389127 2.3797962362 3.03004668155 1.7595381902 2.02974354955 1.69265505515 1.74275143866 1.27606792481 1.43000505744 1.0322002776 1.41537336929 2.4001387963 2.65881006315 2.3450956173 1.73915698117 2.48024596214 2.42434724023 2.08074650205 2.12911740709 1.66700625608
-9999 -9999 -9999 -9999 -9999 -9999 -9999 -9999 -9999 -9999 -9999 -9999 -9999 -9999 20.2388076698 18.5581766328 17.7507617611 17.1886977222 16.5230099083 17.0124444063 12.9049648415 12.1907799192 11.8425516089 10.9369561734 8.11470902559 8.57844137676 7.45689948961 9.51690862075 8.06727002539 7.65447862309 6.94675373857 7.44273248816 6.48563344316 4.07464186332 3.22005468359 3.24538517844 2.77174880036 5.91124382746 2.2380508238 3.19204934118 3.7549923246 2.27797988334 1.26080993814 1.37956772035 1.10019891454 1.16211165592 1.9274958465 2.43668979805 4.16348856107 4.70958465492 3.50231423753 3.73458940099 2.58817819021 2.4813240533 2.19834662329 1.82000507864 2.04700498235
-9999 -9999 -9999 -9999 -9999 -9999 -9999 -9999 -9999 -9999 -9999 -9999 -9999 -9999 -9999 16.8004309303 16.068734364 16.1389337085 20.4563056255 17.2042763522 11.3668825318 10.7515219772 11.1320464431 11.0788135549 8.23187628152 8.95763467653 7.69125220328 8.18466125702 6.53940944821 7.81809694611 6.12173421209 6.02452014758 5.1480788518 4.88184511791 3.40799681416 3.43057692108 3.0612521165 3.01600158895 2.75570157025 2.5621378792 1.95193172848 3.05640176276 1.32258647291 1.1029959667 1.04230166503 1.19746716635 1.50383595249 1.64661171176 1.78666034215 1.6611718205 1.15017206211 1.01434590593 1.6477767074 2.79821619184 2.64004432282 2.59972169608 2.18217535404
-9999 -9999 -9999 -9999 -9999 -9999 -9999 -9999 -9999 -9999 -9999 -9999 -9999 -9999 -9999 -9999 15.7947860999 13.8560021152 13.6872331946 16.223275525 14.5349719864 13.8733296719 10.688096888 9.1476125283 8.68663576567 8.26388822653 7.0062431744 6.59578046571 5.14812787686 8.62867300702 9.37901583312 6.42943473251 4.74629063586 3.12139134891 3.27347584375 3.51345845418 3.27207901891 3.45642173648 3.24073715575 4.26553754317 6.68737865542 5.79557687682 5.09175957701 2.99056017141 1.47610174506 1.16802196387 0.962490578388 1.52659786787 1.13093240218 0.848422008449 1.22381813011 1.99287233904 1.44952009001 1.16647653779 1.38050383906 1.20945029408 1.1134786801
-9999 -9999 -9999 -9999 -9999 -9999 -9999 -9999 -9999 -9999 -9999 -9999 -9999 -9999 -9999 -9999 15.3490294705 15.8762196485 16.1382723842 14.7419949062 12.1690515714 14.1589837406 12.1486747896 9.70376399539 8.63551652139 9.27087105043 7.46290421921 7.28165954189 6.3680771829 7.41708046438 4.12316605484 3.63174078057 4.10717209308 3.4456351966 3.7419663889 3.4061159483 3.94242199148 3.15830163231 3.2043778949 3.24780563695 4.94755976429 3.57796983833 4.55620293789 4.57186795955 2.90405249136 2.2231258267 2.91474501447 2.51766383333 1.00788993774 1.06810136248 1.53477222594 1.62819197329 2.18943557441 2.34424824638 2.87523295815 2.01272622492 1.12537779616
-9999 -9999 -9999 -9999 -9999 -9999 -9999 -9999 -9999 -9999 -9999 -9999 -9999 -9999 -9999 11.3336282164 11.5972989363 12.0457895019 14.3173515589 13.993473049 12.3997711904 12.6371947582 10.4239108003 9.50634906957 8.03993103124 8.48360397551 7.41777633231 7.56951682029 5.68800102115 7.24190022681 6.54146080973 6.6717132928 6.21521976212 4.47256722839 3.10058669306 2.87231940922 4.6625488716 4.27297273078 4.98991499022 2.64625408508 4.5323068948 3.31898804206 2.49023964938 2.45712384282 2.50796962826 2.01752583236 1.61318483726 1.92143753227 2.16875637208 1.66729158029 1.25149172217 0.94384655507 1.06797706768 1.21593588057 1.35614067398 1.40425712424 1.63855225661
-9999 -9999 -9999 -9999 -9999 -9999 -9999 -9999 -9999 -9999 -9999 -9999 -9999 -9999 13.6141811579 12.2506701476 11.9694802802 9.61553188858 10.9130060738 13.1779461377 11.4243379059 12.4158180054 9.79415819018 10.0892482852 8.06228793397 7.75136299351 6.74860383352 7.12567352067 7.34893764649 7.34510176975 6.04101088765 6.13999907224 4.27853525535 4.16075550206 7.10824656808 7.9396781229 3.80255965795 3.70431357812 5.85115107185 6.37741640909 5.23535702314 2.12934559081 1.95510390559 2.10940759213 1.61014880075 1.4148275486 1.49228918486 1.67970526084 1.59074401184 1.24928463142 1.08388834579 1.07165289888 1.16263101244 1.13165277939 1.05619982872 1.13847352961 1.20049777759
-9999 -9999 -9999 -9999 -9999 -9999 -9999 -9999 -9999 -9999 -9999 -9999 -9999 -9999 14.4247846057 14.3591146221 13.0861432294 8.93136699402 7.48200950191 7.70066391227 9.57406285971 10.8996676411 9.58528626978 10.0187730184 7.80938848824 6.81644501374 4.88170996349 5.05872733094 4.99236058487 6.98938250669 6.52586785599 5.44598845967 4.99072721598 4.8518360279 6.46786744554 6.7387043794 5.04198231426 5.93461556887 3.81078848525 3.88520791222 4.650125877 4.3736587917 2.40519512512 2.23637621567 2.05203036728 1.34548365936 2.06672763657 2.24380196161 2.2735213393 2.76805829784 2.76510253757 2.7368434986 2.02825802523 1.74236604926 2.05197465654 1.95528251564 1.42130432253
-9999 -9999 -9999 -9999 -9999 -9999 -9999 -9999 -9999 -9999 -9999 -9999 -9999 -9999 -9999 -9999 13.3052201245 12.408889345 12.3514610915 12.1174897983 9.76682069245 9.69552558814 10.6255656796 10.6694902436 8.1852202615 6.2183370317 3.751828407 3.97902857851 3.30077219719 4.67433487422 4.90490731377 4.73151219441 4.54324939878 3.85656567645 3.99699937996 4.03647626715 4.14026084719 3.50343673987 4.70219891106 4.84910649664 3.12846962669 2.99673129879 4.4584255612 4.05045886249 1.58423249252 1.81955978874 1.69358353642 1.22782145129 1.42985732538 1.87498544604 1.82962262219 1.8958133776 1.69725399249 1.4285510282 0.940844344607 1.01316961334 1.63282758497
-9999 -9999 -9999 -9999 -9999 -9999 -9999 -9999 -9999 -9999 -9999 -9999 -9999 -9999 -9999 -9999 13.3691690362 12.7298290915 12.3678158281 9.31410600171 9.47510604966 9.65987351158 8.53620265494 9.1633012074 8.89169420235 7.04807417956 5.47537785014 5.17308874357 4.45894639493 5.03636138184 5.51650645606 5.2009420278 4.21952884602 3.98704817563 2.92835886098 3.13104031515 3.220611968 3.79607589663 2.63479151899 2.48940273327 3.04444425754 3.92977857493 3.0452882143 4.28916280469 3.23011603216 1.65393168623 0.928046021225 1.27212928709 1.31047934089 0.998727571434 0.77817201187 0.794745174211 0.619495075059 0.742202740444 0.732969294631 0.740702854165 0.705061203213
-9999 -9999 -9999 -9999 -9999 -9999 -9999 -9999 -9999 -9999 -9999 -9999 -9999 -9999 -9999 -9999 -9999 -9999 12.5417843617 10.4638542654 8.20827451448 9.34893379305 9.28489892944 10.3634014014 8.48714718856 7.47825584553 4.87439728291 4.87541457523 4.54707236658 4.74016099357 3.75345258137 3.34888943657 3.1877142933 3.56470840579 2.87866908738 3.5580350278 3.48015515898 2.5859678503 2.37844670977 3.42440655717 2.56999954538 2.28117338787 1.98195527207 1.96719036938 1.79616230117 1.92611217607 1.12952084452 1.16258669399 1.47520708894 0.766711564757 0.848559178267 0.906100458689 0.636494464693 0.659646374418 0.813095434393 0.89072709116 0.782248087007
-9999 -9999 -9999 -9999 -9999 -9999 -9999 -9999 -9999 -9999 -9999 -9999 -9999 -9999 -9999 -9999 -9999 -9999 -9999 8.36650558038 8.34380762767 9.03979225788 8.43858784739 12.4603619693 9.39521076901 8.9444562183 6.01259589238 4.63321666863 3.68030100494 3.5435568941 3.52111784613 5.95531962002 3.65963811869 2.85500021347 2.16583746632 1.92428664266 1.83054447219 2.60022292547 2.36128570989 2.8857069776 2.31313725333 2.10519062587 1.69110193838 2.14068809391 2.16162177798 2.2694765423 1.6272074395 1.04794733815 0.838410972668 1.48075751415 0.782070364177 0.802585543926 0.610236819995 0.602044874401 0.782312004516 0.736271452335 0.555883520762
-9999 -9999 -9999 -9999 -9999 -9999 -9999 -9999 -9999 -9999 -9999 -9999 -9999 -9999 -9999 -9999 -9999 -9999 10.9911679802 12.070388586 12.1484929835 11.8059003515 8.99762203431 10.4444061755 9.17765666472 9.18788505417 7.43636240118 5.88661326718 4.26297370625 3.92902688054 4.26587128119 3.2519399649 5.81207998253 2.87448528294 2.62125463725 3.17076329034 3.84947110034 3.65449987603 3.3444718184 3.28176112691 3.29759768429 2.30968523436 2.12327048961 2.48344649888 3.07898734344 2.46226187334 2.70171573406 2.72757660611 1.95228218219 1.12192861411 1.49103729439 3.38930270594 3.00168513247 2.46880659239 1.44474722688 0.986104519358 0.865171053277
-9999 -9999 -9999 -9999 -9999 -9999 -9999 -9999 -9999 -9999 -9999 -9999 -9999 -9999 -9999 -9999 -9999 -9999 -9999 14.0274516435 13.5305427619 12.8401125604 9.3061386557 10.2443299234 9.9534826989 9.82114738845 6.8904601429 7.49618944479 5.1426873201 6.21083277371 5.27226429145 5.23827320582 4.35755971325 3.34356323121 4.11527720651 3.99599069016 1.67643176363 1.44343729376 1.26265957465 1.26269707301 1.48971919295 2.32005281603 2.11465395656 2.50738328739 2.66699173908 3.32256280264 2.68925560772 2.01215854345 2.16694161736 1.48826765573 0.51310022011 0.879954517142 1.52244218105 1.65604261356 2.62852645985 0.564942672914 0.503279236921
-9999 -9999 -9999 -9999 -9999 -9999 -9999 -9999 -9999 -9999 -9999 -9999 -9999 -9999 -9999 -9999 -9999 -9999 -9999 -9999 11.1865822046 12.3558647026 9.45557945077 9.47340385949 8.54788156441 9.49835932707 6.83939983561 7.76707083699 8.25618718646 7.60042885799 6.24050086822 6.02757667149 2.92561622556 5.04847681796 4.19255365166 4.07768620269 2.66725648552 3.0955637095 2.98836938762 2.73024077812 2.10336110588 2.82267383931 3.12934672118 2.77141819903 3.59912493252 3.12498385851 2.58176741676 2.93097649423 2.51456501543 2.46852132163 1.93434871812 1.26604945289 0.706797009849 0.708142666711 1.7671738158 1.29567916932 1.00432106991
-9999 -9999 -9999 -9999 -9999 -9999 -9999 -9999 -9999 -9999 -9999 -9999 -9999 -9999 -9999 -9999 -9999 -9999 -9999 -9999 -9999 11.5726476956 10.1442318748 10.1996748903 7.8933129608 7.28884409538 6.71522603688 7.85603425893 7.19899440221 6.79577712106 9.14437645544 7.33140745922 3.55697057608 3.69259572701 5.71113354794 4.32142015556 3.37685610479 2.35937146702 2.1122308195 2.40311006778 3.21059709111 3.41135089079 3.82887477 2.87232032221 2.36238427256 1.74865841806 2.22444857321 2.46841812443 2.43213962212 3.01205328314 4.67894500333 2.97507501707 1.8590968027 1.22738815534 0.337624595497 0.528663834231 0.668626776734
-9999 -9999 -9999 -9999 -9999 -9999 -9999 -9999 -9999 -9999 -9999 -9999 -9999 -9999 -9999 -9999 -9999 -9999 -9999 -9999 -9999 9.61120602699 8.78031427069 8.8141699965 8.80324091523 10.1976125297 7.88877713346 6.27182726827 5.53788562725 7.40639983876 3.7341659265 6.40723838305 4.09015017286 3.94896110046 2.3859999325 2.9986105213 2.62672678539 2.48094509006 2.20445645792 2.82722961678 3.25488490019 3.09766586513 2.35101545562 2.40648531252 3.205015113 3.02847616725 2.79016435929 2.71020012337 1.66513976298 1.99452514363 2.21485144487 1.37339765443 1.55381768771 0.660080526443 0.787076507793 0.395950147923 0.457316279464
-9999 -9999 -9999 -9999 -9999 -9999 -9999 -9999 -9999 -9999 -9999 -9999 -9999 -9999 -9999 -9999 -9999 -9999 -9999 -9999 -9999 -9999 9.14895969813 10.724573932 9.70774390297 9.72986399077 7.53419736814 6.64581281379 4.77801380813 5.18687333794 5.13778909549 5.42196058963 3.92789926297 4.20374188265 4.60658225479 3.49727074548 3.26360874602 2.99281701564 2.8229775145 2.82791152574 3.21390365954 2.08753856777 2.28330071755 2.99106038868 1.8564136383 1.70306377971 1.2401045317 1.63182646756 2.19311919246 2.50339385654 1.19667683678 1.63127052739 2.34979178877 1.23871984376 0.405566617694 0.312420169801 0.39047575323
-9999 -9999 -9999 -9999 -9999 -9999 -9999 -9999 -9999 -9999 -9999 -9999 -9999 -9999 -9999 -9999 -9999 -9999 -9999 -9999 -9999 -9999 9.57684310832 9.24087496942 9.25489547509 10.8029178225 8.35639716558 5.80580905928 5.46131802485 5.73981964371 4.85297978171 5.00637604557 4.76386804038 4.66156599736 3.58031936479 4.84113115326 3.3741060643 2.90302260531 3.46609071302 3.66966532252 2.39357704299 3.2881669375 2.3302173166 1.82259057584 1.6317396098 2.25771410498 2.62567052165 2.95503424329 1.66695852008 1.5351679363 1.65793449933 2.1810874723 0.950172103006 1.89842687138 1.15982671709 1.02905030728 0.710860752528
-9999 -9999 -9999 -9999 -9999 -9999 -9999 -9999 -9999 -9999 -9999 -9999 -9999 -9999 -9999 -9999 -9999 -9999 -9999 -9999 -9999 -9999 9.23140177008 10.2208872606 11.1765345602 10.8971230813 8.16889503654 7.47236970036 5.64973717102 6.73296953159 5.28833876492 4.63018198902 4.05447032576 4.51393728627 4.90360285467 3.32284787313 3.2067624429 4.37633402113 3.72335387952 3.34637140356 3.36235546912 2.6142220294 1.8300984675 2.33906701161 2.91950507845 2.77029099613 2.94486583927 2.52385968318 1.95161281577 1.95514967601 2.54267661039 2.06455187059 1.5703902022 1.69519785678 1.84535106756 1.97104451424 1.15928666903
-9999 -9999 -9999 -9999 -9999 -9999 -9999 -9999 -9999 -9999 -9999 -9999 -9999 -9999 -9999 -9999 -9999 -9999 -9999 -9999 -9999 -9999 -9999 10.9224500701 12.1514733997 11.2159315209 7.5195934055 6.78965408065 5.42499810271 6.36625821468 5.34839158052 5.86861513866 5.10035194613 5.84969289503 4.23745454432 4.75864607748 4.79799639299 4.11229749273 2.59959446366 2.70000745514 1.79265209963 2.45007742501 3.19026715104 3.23969901045 2.71940009273 2.39188634282 1.43520235946 1.35247037493 1.30460404955 1.43102675994 1.10555026809 1.44875800233 1.61652529955 2.34385765348 1.31965217495 0.757319343938 1.47659877791
