data/recharge/transience/recharge286.asc
ncols                  80
nrows                 72
xllcorner      4374000.0
yllcorner      5656000.0
cellsize            500
NODATA_value       -9999
[rows 25 to 49 of 72, columns 0 to 54 of 80]
-9999 -9999 -9999 -9999 -9999 -9999 -9999 -9999 -9999 -9999 -9999 -9999 2.16757325716 2.38325207141 2.57116930165 1.89476471986 1.31620764027 1.3932876872 0.987433834757 1.17526065486 0.867674041109 1.09986713101 0.820711639124 0.640170515603 0.786599781283 0.948223849683 0.672249242617 0.670568029311 0.470780428735 0.402749411619 0.313597744591 0.285943602099 0.248291598024 0.228543632506 0.0947406154318 0.332259161467 0.355350945281 0.176811403501 0.131836513808 0.226615365912 0.214669626236 0.153565631468 0.217597295582 0.283194732476 0.288794915036 0.296157563842 0.314107306555 0.312085363725 0.3004257698 0.325907738597 0.291655413372 0.202520252899 0.113729999392 0.0881309243596 0.0884301638961
-9999 -9999 -9999 -9999 -9999 -9999 -9999 -9999 -9999 -9999 -9999 -9999 -9999 2.80471056172 2.82519455279 2.92031671761 1.72926932103 1.7241354187 1.2488550927 1.13344023249 0.912957859882 1.13619378089 1.22355628494 1.13450053623 0.597773185961 0.498603573838 0.655753322796 0.451096714974 0.476985858311 0.526318651432 0.381630202985 0.348647000083 0.285731842213 0.161599567909 0.0872203615802 0.125831393007 0.320988034975 0.135137933136 0.256265292168 0.185110658001 0.159989954726 0.180723611029 0.102086392223 0.130975625042 0.132794306448 0.160491893398 0.203006067306 0.194216124155 0.120065995601 0.0829359468446 0.0768912438184 0.0832670837635 0.0932650158955 0.103678399401 0.117994710876
-9999 -9999 -9999 -9999 -9999 -9999 -9999 -9999 -9999 -9999 -9999 -9999 -9999 -9999 1.79159620775 1.84280327326 1.46275313498 1.54536539413 1.2565756826 1.35330473878 0.946604521361 1.18211227093 1.14979486491 0.788701552081 0.331826292414 0.348482772168 0.335366579695 0.558675053911 0.511530367346 0.433376622388 0.384976694911 0.426459798494 0.365826151641 0.25514405591 0.12169829756 0.206697997983 0.259603544343 0.194527249138 0.202556417506 0.149646415638 0.14896415796 0.163269957955 0.166314538778 0.120603812603 0.0871748245872 0.103535824886 0.0837270805212 0.0780843087439 0.0758085176726 0.0920290520115 0.089132105964 0.0657920570244 0.0624095578381 0.0782389637177 0.147549413142
-9999 -9999 -9999 -9999 -9999 -9999 -9999 -9999 -9999 -9999 -9999 -9999 -9999 -9999 0.772549064501 1.55053807231 1.87261190919 1.75005193975 1.38605667044 1.46560686771 1.21701305215 1.26862819395 0.733802427834 1.02726771265 0.665331529742 0.701754323113 0.340986153084 0.504609858868 0.601110217809 0.632973279437 0.379413423588 0.224347351082 0.365070640564 0.456004452389 0.178757483741 0.217067941662 0.245990026977 0.138414385613 0.1289324699 0.13173749441 0.12889109694 0.152665634434 0.151762216491 0.153885282274 0.115291308931 0.0903256497353 0.0459744694633 0.0696942966816 0.09309579219 0.0654420142116 0.100369890526 0.117964634246 0.137584864293 0.166953125886 0.207929895862
-9999 -9999 -9999 -9999 -9999 -9999 -9999 -9999 -9999 -9999 -9999 -9999 -9999 -9999 1.53995207435 2.29197812196 2.56261762438 1.74813306935 1.47233608032 1.51210538964 1.19332858355 1.24859228162 0.990367560387 0.824674764661 0.516245041648 0.48950943528 0.562178963727 0.766330657317 0.508091868046 0.569002283618 0.449539045119 0.413101203257 0.337980467965 0.325656314846 0.586619172168 0.191090452026 0.229409980189 0.167838572921 0.123705161273 0.121501308094 0.13328526571 0.159112187258 0.133499720678 0.137500214962 0.0838972661496 0.092945742042 0.0652358048409 0.0932591638633 0.188902305457 0.209561874843 0.146972661599 0.0668235118609 0.0917199004241 0.0698570064211 0.0655630602613
-9999 -9999 -9999 -9999 -9999 -9999 -9999 -9999 -9999 -9999 -9999 -9999 -9999 -9999 3.66642293199 3.30153157974 3.04301036443 2.28585765261 1.78170022622 2.49959593954 1.40179688743 1.34778800498 1.43143227525 0.987621679845 0.487681170816 0.573452094942 0.434303246199 0.865632440266 0.607381690636 0.575588594591 0.4880537665 0.543673817266 0.441694618254 0.348871483152 0.223459412132 0.226976048284 0.17261676231 0.351538614423 0.126211306764 0.190517818426 0.0694066872356 0.102296724663 0.0879315390641 0.0980069355431 0.0749613144979 0.0702903791988 0.126884697006 0.121782335191 0.297449442308 0.367573977324 0.204435732254 0.276429179982 0.165711940708 0.204910614818 0.191908453787
-9999 -9999 -9999 -9999 -9999 -9999 -9999 -9999 -9999 -9999 -9999 -9999 -9999 -9999 -9999 2.91482398903 2.68096095686 2.0545475839 2.18189264294 1.97457741358 1.10347550417 1.1278461546 1.03519468351 1.05684219872 0.482834125866 0.663110560071 0.454890144076 0.568516840753 0.421579581851 0.548931475127 0.399953303224 0.392061802045 0.307384329912 0.350194981326 0.249957031406 0.253249547437 0.209152651036 0.203206297439 0.182113990883 0.136032799193 0.0821754575266 0.122214332669 0.0266489203607 0.0421243976147 0.0638422481953 0.0427369454002 0.025102318989 0.0269141937704 0.0586793293341 0.102557970051 0.0863669675985 0.0755029544964 0.131289240182 0.254985511669 0.245636451344
-9999 -9999 -9999 -9999 -9999 -9999 -9999 -9999 -9999 -9999 -9999 -9999 -9999 -9999 -9999 -9999 2.51237068289 1.75961758318 1.69894049398 2.07147920066 1.62331745686 1.61928199817 0.903577139714 0.663189320183 0.572698463484 0.570505910426 0.391311518871 0.400103081582 0.37100767554 0.509587563785 0.469786658349 0.352224888163 0.223992604171 0.156013019204 0.238571028409 0.273530434709 0.24825391466 0.275467519066 0.257649704617 0.346128160309 0.471681234396 0.432487972629 0.237804967992 0.0428759252321 0.0203763911725 0.0153472157404 0.0130321155929 0.080643296184 0.0745310633501 0.0549315945651 0.0874566533738 0.148304331571 0.11424561788 0.0905706475 0.115079556574
-9999 -9999 -9999 -9999 -9999 -9999 -9999 -9999 -9999 -9999 -9999 -9999 -9999 -9999 -9999 -9999 2.10200639136 2.15775969799 1.97663603355 1.83302235309 1.31045379617 1.93880917982 1.46414669726 0.770425656833 0.652096204479 0.731301285124 0.449418685575 0.440450102504 0.286091854334 0.448106644135 0.276477726151 0.22726014907 0.237242145719 0.202771793823 0.295735248596 0.257553368679 0.333927846131 0.285420110154 0.252305294274 0.240044264264 0.254675142723 0.230419361874 0.285927597446 0.199537143432 0.0752960610522 0.0396472451525 0.0465172847143 0.0905749169431 0.0530613728357 0.0701176379976 0.111618508657 0.118811681802 0.179589436818 0.196098245282 0.274022196828
-9999 -9999 -9999 -9999 -9999 -9999 -9999 -9999 -9999 -9999 -9999 -9999 -9999 -9999 -9999 1.37886237017 1.35864286901 1.56070505273 1.74733652109 1.6950724166 1.32499383199 1.28658531055 0.926863249455 0.814121764267 0.565749979701 0.618131508824 0.456286538815 0.481791264026 0.359488745831 0.546395789677 0.450582677054 0.464314981405 0.419602066411 0.262730847798 0.21721598914 0.232994600337 0.255921601142 0.353084267523 0.296423405819 0.169614472839 0.152338659569 0.0976890175638 0.0511365185245 0.0496796979763 0.0520147949724 0.0334550147615 0.0925850591788 0.112221828957 0.0758750080719 0.106165158188 0.0848270674812 0.0632150522819 0.0789899824911 0.0904424654273 0.109587639286
-9999 -9999 -9999 -9999 -9999 -9999 -9999 -9999 -9999 -9999 -9999 -9999 -9999 -9999 1.58008388045 1.5367299834 1.42073455444 1.45652158059 1.45236966432 1.56551906011 1.17917512761 1.32781052954 0.863487733665 0.904085776236 0.568121990919 0.534409529781 0.394231749153 0.467679812773 0.550968523319 0.550565632048 0.398922835606 0.409117147202 0.290516792756 0.311347358063 0.297428999101 0.33430418865 0.303382635537 0.210516038285 0.032400486253 0.0927479400569 0.118310011814 0.0351629701983 0.0323179274193 0.0367023402784 0.023677492543 0.0199767617869 0.0373173799984 0.0832857317843 0.101368346081 0.0780066347264 0.0729710350608 0.0721049191656 0.0862872425693 0.0838228949364 0.0845955162318
-9999 -9999 -9999 -9999 -9999 -9999 -9999 -9999 -9999 -9999 -9999 -9999 -9999 -9999 1.56295636258 1.75534109406 1.46817813439 1.20627568034 0.969319118033 0.930845382885 0.86712386536 1.02382051151 0.808209736585 0.865118636804 0.525095128848 0.444764746331 0.344598404632 0.398058985397 0.392740933101 0.533935290137 0.457465221678 0.470885349286 0.48861060077 0.421432698601 0.308960178153 0.454977116104 0.298028384197 0.441345001579 0.139924484955 0.147823105682 0.252942067699 0.213859503023 0.0451187632038 0.0388203298536 0.0333418225032 0.0182935044806 0.0346932984893 0.13576392468 0.161195288059 0.201877897082 0.211769418216 0.208787233841 0.146510112324 0.124378621166 0.155591988043
-9999 -9999 -9999 -9999 -9999 -9999 -9999 -9999 -9999 -9999 -9999 -9999 -9999 -9999 -9999 -9999 1.50134981704 1.73838756172 1.67322987849 1.63856065675 1.20357906339 0.933066981512 0.947603958949 0.95344898554 0.561743290828 0.544850158269 0.280401094703 0.303001867241 0.228455444207 0.485688682806 0.454872008909 0.470889877978 0.431709377978 0.350594148647 0.357928934792 0.362443456841 0.341621432713 0.162899163271 0.299131917681 0.3353328267 0.172970594093 0.135286077006 0.220054942133 0.126477625063 0.0224935761162 0.0274249158784 0.0252832426604 0.0559559246744 0.0981931724106 0.123741880762 0.126914058023 0.131815921484 0.120998803371 0.101579279648 0.0705474843749
-9999 -9999 -9999 -9999 -9999 -9999 -9999 -9999 -9999 -9999 -9999 -9999 -9999 -9999 -9999 -9999 1.79314730533 1.70721907819 1.6100857244 1.19558654289 1.12661138949 1.13072863118 0.657260284491 0.710457653719 0.628798127564 0.646603509977 0.450898694991 0.422391435509 0.385582787419 0.544665342146 0.590969726845 0.549835425852 0.419290303327 0.377679342112 0.248778739603 0.270222719949 0.278375230759 0.338282575635 0.199519320323 0.162806954359 0.204398551511 0.278145898592 0.19092511649 0.217206942751 0.131691914538 0.0234304101764 0.0123820749601 0.0242928082052 0.0818140029524 0.0610989865536 0.0501986071264 0.0512119835827 0.0410996633028 0.0486937977185 0.0494345824249
-9999 -9999 -9999 -9999 -9999 -9999 -9999 -9999 -9999 -9999 -9999 -9999 -9999 -9999 -9999 -9999 -9999 -9999 1.63326207104 1.35380068429 0.960001421024 1.11079410291 0.9263136504 0.85896571834 0.588237310257 0.571322089128 0.393291380107 0.411632432958 0.434947943968 0.505228363403 0.366299758995 0.317398421243 0.29553351351 0.339655566128 0.243496699526 0.314815262084 0.304896135067 0.21295700166 0.18805247978 0.240812610673 0.167176199311 0.145101651181 0.11923430379 0.118131233334 0.106435236606 0.0873015798327 0.0159133628698 0.0154287629886 0.0325028990195 0.0442878932375 0.0570096743345 0.0656475000482 0.0422369709837 0.043721433967 0.0544244790294
-9999 -9999 -9999 -9999 -9999 -9999 -9999 -9999 -9999 -9999 -9999 -9999 -9999 -9999 -9999 -9999 -9999 -9999 -9999 0.975676742405 0.950248607604 1.03882400823 0.912710489788 1.10403177039 0.694766906136 0.644013816195 0.450790883119 0.445262785502 0.363689456739 0.347210935101 0.333725579739 0.344013215607 0.262370124003 0.251077988821 0.169471569608 0.132485311473 0.124828472307 0.197663680938 0.180415302247 0.206381595031 0.142635037665 0.127875548322 0.0994748954982 0.130248028119 0.128528160901 0.135854753139 0.0623446320006 0.0133893497732 0.0112744423903 0.0238955534774 0.0362997252271 0.0475738313845 0.0382309208569 0.0377602616828 0.0506082916882
-9999 -9999 -9999 -9999 -9999 -9999 -9999 -9999 -9999 -9999 -9999 -9999 -9999 -9999 -9999 -9999 -9999 -9999 1.30862022186 1.44459292428 1.42969448305 1.38598616726 0.990639076258 0.857623374176 0.670522610875 0.663147064142 0.495523209365 0.505164764898 0.43482856329 0.394073659215 0.294150750455 0.206523711915 0.263635843101 0.245272497884 0.179909900956 0.229010635312 0.305144033848 0.282921359215 0.242468453788 0.228567175474 0.216642959592 0.142425930868 0.118924158911 0.10049230964 0.0883546322395 0.0864450687804 0.121810197792 0.0826420611738 0.0299951201927 0.014762225305 0.0235684441777 0.0530657914915 0.0878298946408 0.0927595695266 0.0724399243586
-9999 -9999 -9999 -9999 -9999 -9999 -9999 -9999 -9999 -9999 -9999 -9999 -9999 -9999 -9999 -9999 -9999 -9999 -9999 1.69995522141 1.63629764639 1.54747295881 1.00149048896 0.863193406305 0.771801252038 0.756195263988 0.416428519242 0.486939749874 0.488105305239 0.595487513374 0.434821286162 0.431617606582 0.382437382099 0.252623313284 0.218042647878 0.157267118675 0.106669559188 0.0898380846727 0.0754686743763 0.0755102310791 0.0940773673379 0.147698082153 0.110405049292 0.139643361643 0.148348956256 0.229885981419 0.161086010556 0.112954217618 0.0453501051575 0.0193234948914 0.00744188710018 0.0675733876648 0.0976568745091 0.144943388018 0.0792831822205
-9999 -9999 -9999 -9999 -9999 -9999 -9999 -9999 -9999 -9999 -9999 -9999 -9999 -9999 -9999 -9999 -9999 -9999 -9999 -9999 1.3431390414 1.48872548087 1.0185808765 0.909801969404 0.615046485475 0.71866138774 0.418463394184 0.512061948846 0.669932514389 0.598909554273 0.44789675292 0.427113244374 0.249651898151 0.357508519251 0.268556578169 0.275153966851 0.192146035947 0.239966859372 0.218988189866 0.204690359746 0.154527103753 0.213801930662 0.20048742259 0.169279753354 0.231580281805 0.194661261502 0.153754986032 0.177687363571 0.144130279392 0.0756552456394 0.0379484740208 0.0227562986332 0.0111364369516 0.00894876877026 0.0591696958576
-9999 -9999 -9999 -9999 -9999 -9999 -9999 -9999 -9999 -9999 -9999 -9999 -9999 -9999 -9999 -9999 -9999 -9999 -9999 -9999 -9999 1.3988670595 1.13131703345 1.13133148679 0.542635957445 0.490513948965 0.423856465797 0.560373253184 0.573946860917 0.527738691147 0.453378342611 0.517648000856 0.334945606866 0.307252064594 0.416908140732 0.367940057344 0.283259768174 0.163601987782 0.149125176844 0.186866183114 0.255725821017 0.274238544162 0.296005518951 0.177512199306 0.139944333207 0.0997040872184 0.130156284761 0.146419610256 0.142573796152 0.181524934847 0.217090450706 0.11991205741 0.0784004312813 0.0198100744038 0.00665975272854
-9999 -9999 -9999 -9999 -9999 -9999 -9999 -9999 -9999 -9999 -9999 -9999 -9999 -9999 -9999 -9999 -9999 -9999 -9999 -9999 -9999 1.15292660789 0.968387029991 0.971326145244 0.695669759016 0.768663447284 0.533136084843 0.525269144732 0.555066666529 0.59209477132 0.286315470749 0.45754648582 0.370327956636 0.325394419438 0.178569176481 0.252865909712 0.211213115688 0.15452913121 0.12843485104 0.207649984849 0.259661253525 0.245370603581 0.175438589884 0.162907077398 0.198620871145 0.185802762344 0.167885436088 0.162487231809 0.0840714967464 0.107987593121 0.119378440783 0.0762625020906 0.0299160611184 0.014218091083 0.0118817129793
-9999 -9999 -9999 -9999 -9999 -9999 -9999 -9999 -9999 -9999 -9999 -9999 -9999 -9999 -9999 -9999 -9999 -9999 -9999 -9999 -9999 -9999 1.00073669858 1.18621538485 0.857255877863 0.777090469878 0.533243686387 0.608268664285 0.473450346227 0.567054061904 0.501744847575 0.534183244551 0.377615246253 0.386287430587 0.427536539475 0.308960812083 0.244221971409 0.215253545297 0.172618288138 0.207507308805 0.254955307891 0.153815472455 0.166661998935 0.228509904687 0.107694054939 0.0924018238824 0.0568178527989 0.070526780807 0.0976593035434 0.144891082391 0.0623405162532 0.104697013001 0.0633624125821 0.0158269411211 0.00709707825348
-9999 -9999 -9999 -9999 -9999 -9999 -9999 -9999 -9999 -9999 -9999 -9999 -9999 -9999 -9999 -9999 -9999 -9999 -9999 -9999 -9999 -9999 1.05253705546 1.01116708598 0.805925707903 0.89983887243 0.596493471878 0.52647322807 0.621958326574 0.649752747707 0.513520610976 0.532302757406 0.48495320132 0.449123976727 0.316968645155 0.455076286469 0.284635723828 0.222638224106 0.255326240513 0.303826460432 0.180762880462 0.261779665831 0.170644936925 0.127994288362 0.108307796561 0.129472908641 0.133099675614 0.172527058441 0.0931933840058 0.080715266112 0.0528814333103 0.0978475406637 0.0121891249352 0.0277706211654 0.0161466720937
-9999 -9999 -9999 -9999 -9999 -9999 -9999 -9999 -9999 -9999 -9999 -9999 -9999 -9999 -9999 -9999 -9999 -9999 -9999 -9999 -9999 -9999 1.02174695246 1.13583807952 1.05662302463 0.941882878336 0.647946973983 0.733207063839 0.581476592722 0.81745451148 0.587843144103 0.505535013153 0.417751844539 0.454026476569 0.474239784366 0.301134205194 0.272609898432 0.39079866135 0.311089467263 0.275524822 0.259218514117 0.193646747596 0.121299792126 0.161685596422 0.208974322035 0.184876826459 0.166449404868 0.139634400612 0.105005372535 0.105233785192 0.143846092739 0.114592721766 0.0255276070881 0.0226608675208 0.0286731119415
-9999 -9999 -9999 -9999 -9999 -9999 -9999 -9999 -9999 -9999 -9999 -9999 -9999 -9999 -9999 -9999 -9999 -9999 -9999 -9999 -9999 -9999 -9999 1.22302859622 1.15584259359 0.978567627558 0.565823546542 0.649864359791 0.526650169625 0.767125282131 0.594831662535 0.661449369621 0.543200237327 0.629678132211 0.396683314031 0.456600640758 0.439572573523 0.362258049552 0.205481031516 0.186219689127 0.124138487299 0.179182502548 0.225658862003 0.234103750902 0.192776374971 0.165917629445 0.0816231338598 0.0696675899211 0.0681939205522 0.0752762066983 0.0597841166479 0.0788430726221 0.0892525472899 0.0658197959712 0.0203292362821
