data/recharge/transience/recharge360.asc
ncols                  80
nrows                 72
xllcorner      4374000.0
yllcorner      5656000.0
cellsize            500
NODATA_value       -9999
[rows 0 to 25 of 72, columns 0 to 56 of 80]
-9999 -9999 -9999 -9999 -9999 -9999 -9999 -9999 -9999 -9999 -9999 -9999 16.6892343081 16.9756502235 -9999 -9999 -9999 -9999 -9999 -9999 -9999 -9999 -9999 -9999 -9999 -9999 -9999 -9999 -9999 -9999 -9999 -9999 -9999 -9999 -9999 -9999 -9999 -9999 -9999 -9999 -9999 -9999 -9999 -9999 -9999 -9999 -9999 -9999 -9999 -9999 -9999 -9999 -9999 -9999 -9999 -9999 -9999
-9999 -9999 -9999 -9999 -9999 -9999 -9999 -9999 -9999 -9999 -9999 -9999 15.4225552464 15.2121700464 15.2152002769 -9999 16.3743518789 -9999 -9999 -9999 -9999 -9999 -9999 -9999 -9999 -9999 -9999 -9999 -9999 -9999 -9999 -9999 -9999 -9999 -9999 -9999 -9999 -9999 -9999 -9999 -9999 -9999 -9999 -9999 -9999 -9999 -9999 -9999 -9999 -9999 -9999 -9999 -9999 -9999 -9999 -9999 -9999
-9999 -9999 -9999 -9999 -9999 -9999 -9999 -9999 -9999 -9999 15.1589373677 15.5525015992 15.5575151884 15.3354355513 16.2989554326 15.7551388145 15.2278387784 14.8058094163 -9999 -9999 -9999 -9999 -9999 -9999 -9999 -9999 -9999 -9999 -9999 -9999 -9999 -9999 -9999 -9999 -9999 -9999 -9999 -9999 -9999 -9999 -9999 -9999 -9999 -9999 -9999 -9999 -9999 -9999 -9999 -9999 -9999 -9999 -9999 -9999 -9999 -9999 -9999
-9999 -9999 -9999 -9999 -9999 -9999 -9999 -9999 -9999 15.4910925761 15.4042450243 14.9567785613 15.209611804 15.301813046 16.0552986241 16.3296099866 15.0594308655 16.7068374879 -9999 15.8967679192 -9999 -9999 -9999 -9999 12.4058813845 12.6509159279 -9999 -9999 -9999 -9999 -9999 -9999 -9999 -9999 -9999 -9999 -9999 -9999 -9999 -9999 -9999 -9999 -9999 -9999 -9999 -9999 -9999 -9999 -9999 -9999 -9999 -9999 -9999 -9999 -9999 -9999 -9999
-9999 -9999 -9999 -9999 -9999 -9999 -9999 -9999 15.8955333416 15.7203343206 15.6332300031 15.452728785 16.1602199535 16.080111033 16.3423625998 16.47356145 15.9316379476 15.7487807666 15.4812568361 16.2753054716 16.1927717065 16.3992866446 -9999 14.5198828572 12.5833012145 12.7044825579 -9999 -9999 -9999 -9999 -9999 -9999 -9999 -9999 -9999 -9999 -9999 -9999 -9999 -9999 -9999 -9999 -9999 -9999 -9999 -9999 -9999 -9999 -9999 -9999 -9999 -9999 -9999 -9999 -9999 -9999 -9999
-9999 -9999 -9999 -9999 -9999 -9999 14.7698392007 15.2267249695 15.5875868704 15.6150627393 15.8020822878 15.5970659733 16.3264805264 16.314929038 16.4255925444 16.532387951 16.5046220669 16.1276176189 16.0048117961 16.0451669728 16.0345642241 16.1507017052 15.4468634869 14.4672637961 12.4791754105 12.4843632088 12.252767751 -9999 -9999 -9999 -9999 -9999 -9999 -9999 -9999 -9999 -9999 -9999 -9999 -9999 -9999 -9999 -9999 -9999 -9999 -9999 -9999 -9999 -9999 -9999 -9999 -9999 -9999 -9999 -9999 -9999 -9999
-9999 -9999 -9999 -9999 -9999 -9999 15.0137758376 15.4018089558 15.5577016799 15.4875856435 16.4772302649 16.1443972084 16.4890168512 16.7895104938 16.9699816506 16.524374552 16.8791672505 13.8685199864 16.1424885931 16.4974518465 16.2048628429 16.67280086 16.2112502302 16.184377323 14.1776433181 14.0497198657 12.9195478808 14.3894223615 13.6809431192 13.6120857725 13.7501915324 13.7871808146 -9999 -9999 -9999 -9999 -9999 -9999 -9999 -9999 -9999 -9999 -9999 -9999 -9999 -9999 -9999 -9999 -9999 -9999 -9999 -9999 -9999 -9999 -9999 -9999 -9999
-9999 -9999 -9999 -9999 -9999 15.0439480303 15.067980731 15.1098538357 15.6026243336 15.7281085724 16.7258898154 16.4777093068 16.583580256 16.5141441798 17.1999485555 17.0260719945 13.6908398251 7.30499602481 13.2200888776 16.5975490233 16.2993239354 16.2424071739 16.0035578451 16.0616223609 15.0160899653 14.9872683606 12.2764492719 13.839471313 13.5374394754 13.5211963885 13.4006740199 13.5412435331 13.2105146374 13.1609723366 -9999 -9999 -9999 -9999 -9999 -9999 -9999 -9999 -9999 -9999 -9999 -9999 -9999 -9999 -9999 -9999 -9999 -9999 -9999 -9999 -9999 -9999 -9999
-9999 -9999 -9999 -9999 -9999 14.9328797726 14.9368588149 14.9710484732 15.1936665978 15.1142412844 16.2536836348 16.2964334548 12.4069801313 10.159963993 16.8324509556 17.0344709353 15.3056257301 6.30473244864 11.2192801614 15.0025704962 16.8815157398 16.8504402106 16.5512403148 16.566375534 16.0607363062 16.1577396443 14.0670802042 14.6745671425 15.1149611247 14.4449282888 13.8398286972 14.4636705463 13.3282553411 13.2741018535 13.5322075202 13.06127982 -9999 -9999 -9999 -9999 12.0908506058 12.5141035688 -9999 -9999 -9999 -9999 -9999 -9999 -9999 -9999 -9999 -9999 -9999 -9999 -9999 -9999 -9999
-9999 -9999 -9999 -9999 -9999 14.865668355 14.9890517266 15.2783024182 15.2027267964 15.3261161087 16.4865953983 16.4459876578 16.6453888439 16.3904525319 17.0254493906 17.2214900307 17.2079019389 17.8085213974 17.5249500853 17.4683840448 17.0458105394 16.6692544531 16.1772295233 16.1193366444 16.0577391961 16.0443291876 14.4456407473 13.7519111424 15.2461708539 14.1152622605 10.0179261424 12.8259849804 13.2599724774 13.6724923704 13.0094741568 13.0871761953 12.9357354187 -9999 -9999 12.6824655775 12.7389743427 12.6946452894 13.2645400547 -9999 -9999 -9999 -9999 -9999 -9999 -9999 -9999 -9999 -9999 -9999 -9999 -9999 -9999
-9999 -9999 -9999 -9999 -9999 -9999 14.9654278761 15.3227017222 15.0042522108 15.0445713481 15.1722931529 15.2105779604 16.5300337346 16.7134688538 16.7901943902 16.764313292 17.0855513331 17.2120006654 17.4087858832 17.1068074583 17.1886965848 17.0150384018 16.6554542247 17.1559854352 16.4543142872 16.2438949861 15.2342959946 14.6089368988 15.6687155892 15.5221140892 14.7770755779 15.4526416316 15.084631544 14.7670618018 14.1496976054 14.5345432622 13.5477853605 12.4621214505 12.8195783882 12.741840634 12.6231789672 12.9649945501 12.3112969498 10.9213824494 -9999 -9999 -9999 -9999 11.338941317 11.1386787544 4.23723274374 -9999 -9999 -9999 -9999 -9999 -9999
-9999 -9999 -9999 -9999 -9999 -9999 -9999 15.4695796461 14.9668158742 15.0081881388 15.3289028438 15.3391983243 16.8152237358 16.4884163214 16.8506070549 16.9573801785 17.1560684308 16.8806441637 17.2083773255 16.9327140394 16.9106230807 16.6997725241 16.5706012278 16.9449730651 16.4086663074 16.0513302073 15.1421396002 15.9966079712 15.4939310049 15.6505188663 15.6982994577 15.6478038464 15.0820216701 15.117663537 14.591583246 14.6186285167 12.8870058855 13.1379885732 12.8059189318 12.7732199997 12.8905124848 12.3524752254 9.8499593306 8.73440363784 8.69420048221 9.3855475814 8.53188236923 8.1184750882 7.99142543591 9.89029141363 13.0750564336 12.0726961453 -9999 -9999 -9999 -9999 -9999
-9999 -9999 -9999 -9999 -9999 -9999 -9999 -9999 14.9625992668 14.918632314 15.0806195997 15.1196000829 15.5672432274 15.7434049906 16.4399286568 16.5728702055 16.6955407269 16.8661229142 17.1032114381 16.9256543265 16.7460743539 16.7116281501 20.3698848661 18.4486135361 17.2419753421 18.2606764189 17.7687575844 16.2556012947 16.0335463255 15.6837427785 15.0345582189 15.3531225793 15.2760008788 14.9592010426 15.2614774806 15.0108031669 14.6346614128 14.7591930531 14.1420951092 13.8600255918 12.8845636761 11.33126471 9.1876386577 8.87173148072 8.71055466827 8.36971462637 8.59986823307 8.17763337661 7.91152285847 10.3386262395 11.4730525558 12.2279867241 12.7290871894 -9999 -9999 -9999 -9999
-9999 -9999 -9999 -9999 -9999 -9999 -9999 -9999 15.1094687634 15.0381392887 14.9972400297 15.0331793793 15.261175462 15.2684751181 16.5628855506 16.422134573 16.8549353071 17.0135499823 16.9864171324 16.980996538 17.0063929677 16.7391804242 21.691427461 20.7847257737 19.051907158 16.6374635311 18.32174985 18.4417399874 15.8372943543 14.9502019281 15.448295793 15.4170794648 15.0701877035 14.97599709 14.9658281176 7.15560867595 14.8489521716 14.6751074926 14.1017945491 14.0642646061 13.8589431988 12.1019796204 8.95474987944 8.92413562769 8.39299901828 8.34819284967 8.55502884419 8.26623049214 8.55405009486 11.6182102998 11.5616597697 11.5791712831 12.7990587645 12.7393115942 12.6737634958 12.9246063406 -9999
-9999 -9999 -9999 -9999 -9999 -9999 -9999 -9999 -9999 15.0663017815 15.1236647345 15.0604912248 15.3018308789 15.7309780565 17.0651016745 17.0753631936 17.2071773613 16.9699450688 16.9339859046 17.0046190628 17.1738819809 16.8549664124 18.7520123759 22.9912588286 21.371429489 20.3340154751 17.5947661588 16.5939326018 16.1325279196 15.7455203247 15.3333253639 15.5474587946 15.0304743357 14.6134742518 15.0219762301 13.5995563251 15.0187936322 14.8725179393 14.3731053301 14.3811157516 13.9809644011 13.8842451614 8.65288984525 9.27618146902 8.16049068788 7.70169330725 7.18385900548 7.43322081216 10.7011355742 11.1751247322 11.2210315966 11.0860312047 12.4147031486 12.6411717196 12.8442697299 8.94877432355 7.08273355264
-9999 -9999 -9999 -9999 -9999 -9999 -9999 -9999 -9999 -9999 15.3497371069 15.4173620094 15.2990679346 15.6785613023 17.0175021813 16.9877075794 16.945091093 17.272750977 16.9208102448 16.5641983556 16.4247470681 15.8695144099 16.5194088555 20.9738939941 19.5244345625 20.1017323083 18.0139851581 17.5599934838 14.5548439037 17.2911075437 15.74716869 15.7027132203 15.5980251269 15.1873518599 15.0573524892 15.1998009537 14.9199257026 14.862229004 14.4034611403 14.4230775682 14.1254421989 14.3774198286 12.9480493571 9.97930617602 10.2848230115 9.70130353009 8.81190882573 7.83885849386 11.7007691748 11.7202927372 11.7328057786 11.5590597666 11.7466733712 12.81469028 12.2237888258 8.44806884815 7.02783179568
-9999 -9999 -9999 -9999 -9999 -9999 -9999 -9999 -9999 -9999 -9999 8.50443372892 12.0118750981 16.7579751916 17.071257855 16.9204735084 15.2968061478 15.3150938372 16.1500832989 16.5464745465 16.5568782995 16.567694075 15.8712891278 15.1820893681 17.6514108876 15.858182937 15.9263665946 18.9534636915 18.9045888686 15.2006198083 16.3964753697 16.2451344361 15.5897976969 15.5220849232 15.5132948319 15.0798313929 14.7984579131 14.7625310969 14.5299443828 14.5577970865 14.550209516 14.3260004769 14.0595357356 11.6974032306 8.48347000055 7.55970372077 8.77973401224 9.34822216685 10.4942040779 11.9876223938 11.1455644341 11.7524807137 11.7690286981 11.9700754493 11.4452487769 11.3206213444 7.85431823403
-9999 -9999 -9999 -9999 -9999 -9999 -9999 -9999 -9999 -9999 -9999 8.00153067993 12.8634379631 16.5240902401 16.9430429465 16.6314960734 14.9909682971 15.9666533575 16.4678583488 16.4661708165 16.6822057883 16.8762683352 16.7331702515 15.4384947767 16.991598716 16.8705520249 18.5041220849 19.9939557891 17.0683009316 18.7629452255 18.0283501919 16.6850190999 12.7581771066 14.5892753033 14.5165587322 15.0162665569 14.7255588738 14.8626447547 14.3989773566 14.277106589 13.7965601792 14.7144611876 13.8040336571 13.8665416209 11.9112941535 9.07067399438 10.0966706345 11.0508318189 10.6420794522 9.27582167893 9.54067584953 10.0081645883 8.95871804264 12.1181021017 12.4220927497 11.8893825458 11.4129458437
-9999 -9999 -9999 -9999 -9999 -9999 -9999 -9999 -9999 -9999 -9999 15.3229317629 16.4904454991 16.4613962146 16.5525414081 16.756022444 15.4548996244 16.2853531173 17.1159562565 17.1220400455 16.5980913113 16.6434887477 16.4955293272 15.7249131749 16.5757328627 16.467356602 16.3176276829 16.2072644058 16.3483562511 17.8218401645 17.7780122583 18.554724026 17.3396248601 17.6353626717 14.4937537339 9.7975186545 11.3355104719 10.6942319209 14.5524809192 12.1337946758 9.58629353947 14.4604069529 14.3718040491 14.7785702646 14.7196443503 14.1028120841 10.1151872353 9.61028676803 9.5058173413 9.3764574764 8.22925000646 8.7907790665 9.16811624144 10.8147081627 12.6107873027 11.5377157628 10.4212576224
-9999 -9999 -9999 -9999 -9999 -9999 -9999 -9999 -9999 -9999 -9999 -9999 16.4086988325 16.1822014388 16.7580382251 16.8468464208 16.6032383359 15.3677802287 16.3535148895 16.9177666442 16.7791251309 16.5701138362 16.7894541354 16.7209216865 16.5340395925 16.6755651389 16.4330198056 16.508150532 16.2279618253 16.1010707284 15.8043273535 15.8888095314 16.1289606002 16.1320795948 16.5271681759 10.7465565075 12.9096674298 10.2343637376 11.9229871737 14.5772898602 14.4139543011 14.4347199044 14.922127012 15.3131838939 15.1904365297 15.1478999389 12.0638489519 9.67290050181 8.39287298152 8.80055007035 7.78615963301 7.16659841559 6.54882022686 6.76978407856 6.83823201058 9.96521507856 6.62095673933
-9999 -9999 -9999 -9999 -9999 -9999 -9999 -9999 -9999 -9999 -9999 15.4811885932 16.0474263992 16.1457530546 16.9258383616 10.1290589639 14.914070807 17.3596367185 17.0573448061 16.952037728 16.7990200856 16.7447239818 16.5778923048 16.7469483486 16.6854005568 16.6551445876 16.3235952059 16.3036860265 16.2155627646 16.0201346119 15.5019599098 15.6244424924 15.0987455487 15.0111284975 14.921173604 13.5184587892 12.2433165991 8.7060799117 8.24170414223 14.4740389192 14.4672956239 14.2110131127 14.7483479014 15.4932748667 15.5584628829 15.5125799256 14.9091967977 12.1961768274 9.90132347697 10.0201794785 8.00219778368 5.99518111684 5.51898901894 5.54868334489 5.25250298195 5.67300152213 7.72732926842
-9999 -9999 -9999 -9999 -9999 -9999 -9999 -9999 -9999 -9999 -9999 15.5823176954 16.1879274984 16.2460892716 16.8256443224 12.9596680515 16.89413119 17.4293086554 17.2743322366 17.2195645882 14.2213913986 14.6496531535 16.7725765905 16.8094180235 16.7684656211 16.8959495762 11.490909659 11.9525729658 15.8655115722 16.7597710036 16.3326729202 15.6946241511 14.9861186977 15.0098048838 14.8172293484 12.8023630995 9.73820567981 11.7651871305 8.24400606754 13.3914084189 14.0668012735 13.8487236407 14.4882060253 14.9269921349 14.7764640288 14.5986752633 14.6323278505 14.6480028031 13.3889593626 12.2138248843 7.54361166473 7.7440441399 6.98935764336 6.76963562297 6.44664162209 6.09532947776 5.35955457592
-9999 -9999 -9999 -9999 -9999 -9999 -9999 -9999 -9999 -9999 -9999 15.5143314132 15.3685745296 15.4597979079 16.1997478669 16.1710539234 16.8830247406 16.8587969675 17.4794672112 17.486343001 14.9329683938 6.70428021857 14.8329404376 16.3650808348 14.0995199753 14.1087053377 15.3641802727 16.2128973176 15.568263553 15.619308285 15.3651975656 16.4381803523 16.0446200862 15.8867014245 14.8305563222 10.543778792 6.86438381895 5.36975054094 7.89709692215 9.57065992944 14.4747536319 14.1934571144 13.1605261403 12.7834879193 12.9741193876 12.828425379 13.9603230741 13.994025199 13.3855838264 13.1521328841 8.82513630986 5.97330671945 5.37866045924 5.2722621218 5.0462383487 5.35025591138 6.09772621794
-9999 -9999 -9999 -9999 -9999 -9999 -9999 -9999 -9999 -9999 -9999 -9999 15.4802846524 15.2849864101 15.9604455327 16.1159010619 16.69505137 16.866715099 17.3223783153 17.3843983484 17.6596283657 17.7935769379 15.6852186395 13.8608277885 13.7544709025 13.6678636324 12.7116419487 13.0167740991 12.3293687723 11.6099939704 10.3430858504 13.851997991 14.6811842603 15.0004905194 14.4851451869 10.531510284 8.00904005473 6.09136272343 9.56056936588 12.9919434813 14.4244950152 13.9884825776 14.1590625628 12.3346113681 12.157600865 12.2529171781 13.3966943135 13.7241089016 13.0328053197 12.8846425578 12.0816800332 7.96493126504 8.38262853374 8.12892655886 5.64889407191 5.84208557082 5.51558349802
-9999 -9999 -9999 -9999 -9999 -9999 -9999 -9999 -9999 -9999 -9999 -9999 15.3372969638 15.0628571705 15.511000647 14.6563097001 15.1334284795 16.2849434619 16.8996737184 16.8794927374 17.3077096523 17.3392781893 17.2849257039 15.326384206 14.3820845053 14.8237766382 14.8956479071 14.5653088165 13.4881796193 14.5204274675 13.1535192154 13.6231785618 16.4401596732 16.3799443905 15.3376474831 10.326939969 7.51996792411 10.3524597148 12.2935181648 11.8072202028 13.9391195862 13.8838806747 13.116913653 13.0254443132 12.2720766488 12.3753999659 12.2825256526 12.7079908052 11.8625088028 12.0856081463 11.2865348172 10.8100673132 9.11704662815 4.43101725869 3.25740222445 4.08124569093 3.18567450908
-9999 -9999 -9999 -9999 -9999 -9999 -9999 -9999 -9999 -9999 -9999 -9999 15.7343140072 15.4978971345 15.1040316442 14.9908436974 16.441634959 16.5144496343 16.9788728889 16.8469262011 17.5316740404 17.0991731545 17.1985517511 12.9037458206 13.7181085934 15.2318063771 14.5613846944 14.7120378624 13.6767170619 13.019356564 11.9202989586 11.4830222645 13.5218876298 15.5685815953 9.26827066797 14.3238303703 13.7825265344 10.7804524768 8.65489483951 8.06747833891 7.08066914313 7.95264973101 11.5827555228 13.2243964712 12.806586836 12.8740683452 12.6916020557 12.6802874892 12.3119614077 12.6238191611 11.7221954386 8.40471423287 4.2800267206 3.48085990951 3.37197186356 3.58359929593 3.43594618284
