data/recharge/transience/recharge518.asc
ncols                  80
nrows                 72
xllcorner      4374000.0
yllcorner      5656000.0
cellsize            500
NODATA_value       -9999
[rows 26 to 51 of 72, columns 0 to 56 of 80]
-9999 -9999 -9999 -9999 -9999 -9999 -9999 -9999 -9999 -9999 -9999 -9999 -9999 31.4014093114 30.6254370654 30.2593059289 29.4978412274 30.2481528976 28.9037353751 28.5278684499 27.26174274 27.2007360039 25.7850859952 22.1166194656 26.9241095747 25.91617313 24.8008591231 20.6485807389 18.9416203718 19.7348148406 16.8746025105 16.5000983103 21.2812610741 14.3452093724 20.6122258529 10.4917286281 21.9546256343 11.3409093622 10.63060152 8.17079941358 6.97851638066 8.10299049545 5.23255192208 7.23724780593 8.44587842482 11.5305795302 14.2383668755 13.9681340587 7.66425074986 4.46257535757 3.14415666209 3.25556769614 3.14714581259 3.13276578597 6.6938999802 3.30411417034 2.09000909293
-9999 -9999 -9999 -9999 -9999 -9999 -9999 -9999 -9999 -9999 -9999 -9999 -9999 -9999 30.4084646276 29.6139365425 28.2716542894 29.8495434008 28.7027330075 29.0986518202 27.696412023 27.7226990528 26.2016685651 26.1229342711 25.7443291287 25.2470615124 25.1430805188 26.2598288115 20.9215838954 18.2024156503 17.6133349647 24.1651269556 22.2682681895 19.2155531908 12.1079802019 15.42678491 20.865942905 9.61988198919 13.8657533644 13.1827843664 9.13813887291 10.1270400194 7.2788121692 5.87966608355 4.33073918497 4.88989540801 5.8515755029 8.82556635665 4.00314918488 3.88249939288 3.42075602031 2.76133922635 2.36389517714 5.80308726971 6.30719841448 9.74984527542 9.8844677121
-9999 -9999 -9999 -9999 -9999 -9999 -9999 -9999 -9999 -9999 -9999 -9999 -9999 -9999 9.02761090107 19.6823865732 29.0644702883 30.4189690973 30.090859712 29.8968060871 29.2512435768 28.500609895 26.6498958669 26.8706500594 26.1936916195 26.9604588775 24.8769833571 24.8067467549 24.5041155671 25.0967289295 19.4453370754 11.3326362023 22.2221362881 25.5312351964 12.8913528431 12.1318388174 21.9606481606 11.0566118214 10.9447965086 11.6624186181 6.07709117533 6.6801544274 6.2208368376 6.68710953643 5.25005180958 4.39752465645 2.32823200926 4.55467660187 6.92556283941 4.89825007567 3.67443465882 4.17098184203 4.22846712982 2.92891360925 4.38769606322 10.3446173741 8.94607973123
-9999 -9999 -9999 -9999 -9999 -9999 -9999 -9999 -9999 -9999 -9999 -9999 -9999 -9999 14.2183556706 20.9795115467 29.3696382339 31.0951957623 29.523977445 29.5785190078 28.7843606797 28.7784960675 27.6068575068 26.915037757 26.5047815835 25.9916475677 25.2219309257 25.3061335267 23.9381142803 24.2632382798 22.9220730146 21.8493520944 21.6194542851 26.6493870789 25.1993486862 10.6600298683 14.7002640116 31.5088473354 8.00660902287 11.307040029 6.11921786192 6.81250619658 5.72099972759 5.83247844995 4.11230968474 4.48893476187 3.25008730353 4.21118208111 6.49864604828 7.14104263861 5.35841703668 3.19991942477 4.65898974493 4.32572962036 3.27049304324 3.68069273869 3.51122345881
-9999 -9999 -9999 -9999 -9999 -9999 -9999 -9999 -9999 -9999 -9999 -9999 -9999 -9999 32.2076933136 31.1792507152 30.1692338371 30.2101036082 29.1942965029 30.0978152454 29.1395992831 29.5861571891 28.0780180724 27.6601618196 26.8187506021 27.1716361561 25.3082810853 25.5869083984 24.4086752236 24.1419064069 23.0431144726 23.3182356652 22.1449648258 16.6641796819 11.1567353681 11.1934223128 10.1811921991 22.1558903161 8.97464739782 12.7475829078 16.2172190375 7.47887039071 4.34695887865 4.63250205474 3.65424694009 3.57319600513 5.2470589908 5.75009484594 10.5524663376 11.7288085495 8.07406338774 9.12487232802 5.41708025576 5.73703529554 4.8952813645 4.09993042447 4.44235592189
-9999 -9999 -9999 -9999 -9999 -9999 -9999 -9999 -9999 -9999 -9999 -9999 -9999 -9999 -9999 31.1383104902 30.5374933677 30.1827478264 28.675640268 28.6072041373 28.7685767084 29.7110690182 27.9445563298 27.9930399498 26.9344980082 26.9656565425 24.9866389138 25.0613795375 14.0579767197 23.7322200721 22.1805895184 22.1693372833 20.7469400389 15.5673420341 11.4180334366 11.4487823221 10.6096737948 10.5450939625 9.89922523574 9.55229649179 8.30334721236 13.4268577619 2.27399379498 2.68216214521 3.26095593284 2.64076261341 2.28399526938 2.61792551262 3.33853469191 4.22352188501 3.23517537106 2.93633725054 4.01734715486 6.61374888073 5.88022787393 5.7877665528 4.72098301447
-9999 -9999 -9999 -9999 -9999 -9999 -9999 -9999 -9999 -9999 -9999 -9999 -9999 -9999 -9999 -9999 30.0416334803 30.2088079984 28.7199879756 29.5041298814 29.6725860019 29.6509775679 27.5847123598 27.9642500972 27.5688684262 27.1352256489 25.3999474766 22.7765408229 13.1302184155 20.9668713777 23.6660869089 15.886493312 10.5298259775 7.13195686403 11.0814907536 11.4092727836 10.7935424511 11.0398035428 10.5090662407 14.0344151181 21.359596354 18.3002380068 17.691852221 7.2342112305 2.10672596815 1.53430530669 1.17536005798 3.68490751835 3.104146291 2.51424429952 3.18935938361 4.82235452697 3.54723308262 2.96668209964 3.21142610515 2.88228940013 2.53372249196
-9999 -9999 -9999 -9999 -9999 -9999 -9999 -9999 -9999 -9999 -9999 -9999 -9999 -9999 -9999 -9999 32.8603249743 31.5335451312 29.9087097665 30.9203834368 29.6385476909 28.8837550291 27.2194375804 27.6207931175 27.4401891571 27.7080541697 25.5938603002 25.1315515605 14.1257792273 19.8433333271 13.9965501841 10.3927189225 11.7035867771 8.41879119853 11.6252109166 11.2641309107 12.9536654433 10.1695335943 10.4599455948 11.2275948593 16.426219083 12.5166113727 13.8871034057 11.7964691495 6.14412541107 4.11433300413 8.53709028242 10.4770090789 2.79465113839 2.96991260836 3.85240685858 4.04745571894 5.07577207256 5.41755938676 6.31442244672 4.44351098196 2.55509225548
-9999 -9999 -9999 -9999 -9999 -9999 -9999 -9999 -9999 -9999 -9999 -9999 -9999 -9999 -9999 29.1978863298 29.7691388239 30.2095596647 31.9337409657 31.2002642543 29.4866016921 28.7004978162 27.2448120235 27.1416503096 26.5435368666 27.1132716072 25.3263026426 25.3282450764 17.5207367813 21.6582254903 21.7955703442 22.0045491087 21.3852619372 16.9594671722 13.9119981544 7.5539540346 16.5370012099 15.4771215488 18.9725774233 10.067402883 16.8819623679 8.17282222061 4.88419983974 4.78385668273 4.76543120698 3.38122029742 6.21220449348 7.13870304594 5.83685048689 4.00728036228 3.06552217286 2.47222636907 2.63229510701 2.9137332297 3.05200305202 3.14118806258 3.3646360016
-9999 -9999 -9999 -9999 -9999 -9999 -9999 -9999 -9999 -9999 -9999 -9999 -9999 -9999 29.8307956288 30.0141197534 30.0490767805 28.606796088 30.8474505977 31.1965798144 30.1505648427 29.8527733063 27.6362179469 27.5876607211 25.8424805044 26.4429484519 24.777716126 24.8061843777 22.916412334 23.0182428275 21.4021484859 21.6833750356 19.1320362247 16.8028681 22.6124564257 24.959323364 11.1573771477 13.0907594823 22.6734639807 24.4188246879 19.2763167793 3.84018794304 3.30661739361 3.74965880597 2.32237899848 1.91319997486 2.06642578749 3.74945628379 3.87300222851 3.14479754794 2.73749244179 2.71400686516 2.81118478096 2.75050726444 2.50511200656 2.65119026063 2.7706068843
-9999 -9999 -9999 -9999 -9999 -9999 -9999 -9999 -9999 -9999 -9999 -9999 -9999 -9999 29.2614671309 30.650577135 30.0459426847 27.6129008913 24.9759356126 27.1949807696 27.8414147579 28.6750988001 27.251821325 27.2521813392 24.7897246816 24.7063896358 21.4382792063 21.453196738 21.0202788471 22.6040734708 21.6916306334 20.8384696302 13.8784848877 13.6168292358 18.25006279 18.8577538338 13.1291557349 15.6223550875 8.88986022959 9.11697595464 11.1054212185 10.3089774596 4.3700007816 3.89752687499 3.34697478698 1.7165465616 3.32778071592 5.48538353825 5.52456111116 6.39350219295 6.20189692148 6.13928740713 4.30741650106 3.76005867565 4.08248004586 3.90129125926 2.85371858208
-9999 -9999 -9999 -9999 -9999 -9999 -9999 -9999 -9999 -9999 -9999 -9999 -9999 -9999 -9999 -9999 30.5263740695 29.4813733554 29.4449026154 29.2342136373 28.2279770435 28.1505730876 27.9512320894 27.7964230728 25.1535691353 23.6784383948 15.8426516187 16.4054061761 13.6296521191 17.1752453953 18.4032859074 14.8302564498 13.0463034348 11.6474133607 11.2844116258 11.3664066346 11.2910127619 8.79570913747 11.7489890772 11.4212583919 6.81207584982 6.18396816408 12.9999068069 12.0341745097 2.18290934173 2.747067393 2.39717701212 2.72593129112 3.74821585445 4.43627190532 4.20471028791 4.33597051311 3.67575805007 3.18178738708 2.15743731451 2.27261419798 3.14913243508
-9999 -9999 -9999 -9999 -9999 -9999 -9999 -9999 -9999 -9999 -9999 -9999 -9999 -9999 -9999 -9999 29.905948874 29.6028663561 29.6376914077 27.1583091695 26.7073707999 27.7356671481 26.2991815348 26.5810553295 25.6682599476 24.0747154711 18.7948296696 18.2852579943 16.1642881798 16.9341589865 17.1044834933 16.5520000117 13.6346411641 11.802235989 8.63019752523 9.0932561495 8.84250324183 9.99827361533 6.80909982654 5.94439488812 6.83565718201 8.51696055336 7.83507611041 12.1082292029 6.29397769223 2.29829468601 1.04284714453 1.70058291879 3.23341172336 2.58069089668 2.07549735928 2.1041004229 1.61905817855 1.82048169169 1.65507906618 1.66520954067 1.5668916173
-9999 -9999 -9999 -9999 -9999 -9999 -9999 -9999 -9999 -9999 -9999 -9999 -9999 -9999 -9999 -9999 -9999 -9999 29.7339780306 28.241036694 25.437980219 26.6028080752 27.2779916806 26.8643353685 25.2847590177 25.2861704233 17.9713563297 17.9144208614 16.3131069901 16.3438830503 13.5052549608 12.5392634939 11.5493755916 11.8829272221 8.51215290328 10.0043839185 9.37571996427 7.43039921436 6.55013203951 7.83487300273 5.91318562725 5.35150846506 4.62951843229 4.60230670826 4.1010454364 3.7428403524 1.32538332851 1.35321729926 2.03431582205 2.04541997766 2.32526890396 2.62783436609 1.64959040235 1.6891823955 1.7736157437 1.88522677356 1.67731921458
-9999 -9999 -9999 -9999 -9999 -9999 -9999 -9999 -9999 -9999 -9999 -9999 -9999 -9999 -9999 -9999 -9999 -9999 -9999 25.5548568141 25.3798551669 26.0621147005 25.6479475018 28.2963327217 25.9748135242 25.7101855373 22.7026278809 17.3689717285 13.381955282 13.0673685274 12.3284444377 18.8369369296 12.4554020676 10.0739563155 6.95250452293 5.77952205154 5.23259360528 6.99591064658 6.13664255665 6.69983260501 5.1383893985 4.76764038529 3.99434233687 4.80334757476 4.74012327895 4.91187341784 2.89156618268 1.20747524375 0.909660445345 1.91944872249 1.61860886192 2.02119722426 1.55492305482 1.54160165248 1.6939735599 1.62703309717 1.26262156346
-9999 -9999 -9999 -9999 -9999 -9999 -9999 -9999 -9999 -9999 -9999 -9999 -9999 -9999 -9999 -9999 -9999 -9999 27.9342316119 28.7659171524 28.7613509606 28.5220632605 25.6436803175 27.67268741 25.7681541217 25.6676882685 22.7370814554 22.8923988605 14.6685652895 13.9560317002 13.5265561828 9.0878476608 17.9839460039 9.59806321041 7.39304758879 8.62156967903 9.71648858514 9.27624787679 8.12564908911 7.69771906553 6.99116727702 5.13340898818 4.80834298989 8.13733954727 11.7017877659 8.35614465556 6.14803118276 4.88726946912 2.96776872699 1.2689644098 1.8694156959 10.5142130113 8.49313268261 6.1845752828 2.68154534831 1.98569486521 1.67913401165
-9999 -9999 -9999 -9999 -9999 -9999 -9999 -9999 -9999 -9999 -9999 -9999 -9999 -9999 -9999 -9999 -9999 -9999 -9999 29.9513646572 29.6894113125 29.3103737381 25.4920755987 27.2301933066 26.1894115009 25.922433206 22.4638356806 22.4137027793 18.7879506657 21.1730709652 15.4281495787 15.4291523032 14.534356173 9.41534482858 12.0638059748 11.9171038166 4.57787339497 4.05178257037 3.38139175447 3.38301380335 3.88192132235 5.17243349208 4.63380189807 6.1404657836 7.29533160395 6.91658901095 5.65595484942 4.37662238961 3.54739027191 2.00421432579 0.570503959308 1.39716651257 5.18331122794 6.66956616237 10.9583697784 1.06701629324 1.16251624654
-9999 -9999 -9999 -9999 -9999 -9999 -9999 -9999 -9999 -9999 -9999 -9999 -9999 -9999 -9999 -9999 -9999 -9999 -9999 -9999 28.3667502736 29.1210779832 25.6262602245 27.2991781423 25.4668933518 25.764630186 22.3528287038 22.5484160685 22.2058317759 21.8572180006 20.4400955235 20.3076695056 11.4473621313 14.3544250738 11.2014137898 11.0092184427 6.73707767229 7.63299352537 6.98776939925 6.52917307876 5.3060257286 6.65699359177 6.67366888135 5.92062154199 7.49324876548 6.59581967857 5.45994875181 6.09204224915 5.07544786809 4.24442477832 2.89411827717 1.58079501352 0.717013598921 0.83703905531 7.37961994661 1.82763764802 0.887681506403
-9999 -9999 -9999 -9999 -9999 -9999 -9999 -9999 -9999 -9999 -9999 -9999 -9999 -9999 -9999 -9999 -9999 -9999 -9999 -9999 -9999 28.4271139571 26.3311982774 26.9134037912 24.2079492687 23.7939813027 22.1363066736 22.9348893045 21.6763934748 21.5612924769 20.9347804044 21.325501383 11.3141291745 9.88031925563 14.3529635707 10.7551133454 8.17602412596 6.40012655345 5.43402746796 5.83433983615 7.71433100957 8.08891903748 8.87402439739 6.39262705951 5.44648585355 4.29352245359 5.08738769178 5.55572192197 5.25570427997 6.34465065008 15.2246501904 11.7938871306 3.57677254195 1.48472943897 0.385064941257 0.527466205887 0.59852766874
-9999 -9999 -9999 -9999 -9999 -9999 -9999 -9999 -9999 -9999 -9999 -9999 -9999 -9999 -9999 -9999 -9999 -9999 -9999 -9999 -9999 26.6961714492 24.9997407143 24.9985586944 25.2362826672 25.2197816483 23.2882919965 22.8698395458 19.3308200779 21.1579373135 9.80701887027 19.486024316 13.4511513551 10.7822497215 6.76936874735 8.08678772056 6.69324186367 6.72243322765 5.73473811011 7.02815074786 7.79421846127 7.49775365059 6.18485206835 5.9121495292 7.04236309787 6.70865227331 6.15421881304 6.00667611168 4.05591908596 4.56201748924 8.83346746547 6.21735250115 7.34549638038 0.844369556786 0.773727329088 0.426207889963 0.429261567843
-9999 -9999 -9999 -9999 -9999 -9999 -9999 -9999 -9999 -9999 -9999 -9999 -9999 -9999 -9999 -9999 -9999 -9999 -9999 -9999 -9999 -9999 24.8558393335 26.3184863724 26.4725489365 25.6719467925 23.317795163 22.6700256881 16.0482453209 17.0631916215 17.965341442 18.4625524902 12.5482462682 11.328634722 11.4513550721 9.43448030295 8.91710846506 8.35439409116 7.8710775654 7.81975992853 8.3489433855 5.97085925659 6.50067665266 8.01552946047 4.9339930601 4.47087483037 3.61257388028 4.43596690792 5.49810037547 6.45688068086 4.8452739913 7.61298149656 5.08450192492 1.63709153045 0.466323618152 0.394896081562 0.415639184656
-9999 -9999 -9999 -9999 -9999 -9999 -9999 -9999 -9999 -9999 -9999 -9999 -9999 -9999 -9999 -9999 -9999 -9999 -9999 -9999 -9999 -9999 25.3193864351 24.9369871084 26.0742708664 26.1528456651 23.8374936598 19.4599413208 16.6299626395 17.2003744732 15.0219606337 15.2847670178 14.0376654618 12.1008112091 9.58690643115 11.8452961223 8.71204457274 8.15768754102 9.14685828044 9.05333176227 6.64115964111 8.49574960511 6.60288956098 5.47294523243 4.9402060935 5.62910937327 6.67169555359 6.83162301338 4.14403804154 3.87149405294 4.97734561761 6.41465278439 1.13408012675 3.1620925219 1.39772405328 1.17838631845 0.699814026225
-9999 -9999 -9999 -9999 -9999 -9999 -9999 -9999 -9999 -9999 -9999 -9999 -9999 -9999 -9999 -9999 -9999 -9999 -9999 -9999 -9999 -9999 24.7821408504 25.6479707039 27.6607651902 26.3781132317 24.3149369149 21.2454165884 17.976174394 19.0413935842 16.2181080949 15.0777912453 13.4206399797 12.642670067 12.6189691563 9.71534530361 9.14420200158 11.35201353 10.1256647727 9.39900415178 9.37295190907 7.77990972029 5.94643975708 7.14991061712 8.43230192297 7.85506328962 7.3364696007 6.47780700562 4.96538474369 4.97321044317 5.79311413641 4.87450332406 2.55775084194 2.94437213188 3.14444260289 3.45711587833 1.46304061975
-9999 -9999 -9999 -9999 -9999 -9999 -9999 -9999 -9999 -9999 -9999 -9999 -9999 -9999 -9999 -9999 -9999 -9999 -9999 -9999 -9999 -9999 -9999 26.3637034455 27.8539602799 26.6241748389 23.8294270448 20.4437689867 17.5359359417 18.5137096074 16.2992414079 17.1289093691 15.3584773178 15.5542178634 11.4509455796 12.3695648164 12.1022395335 10.8731816525 7.79411204684 8.24268576125 5.86911301017 7.39837073459 8.99476761859 9.10932084555 8.01064648133 7.26898427874 4.44274011026 4.01625192906 3.68408399405 3.93871171127 3.06164218983 3.71534352143 3.69362991318 4.48935824836 1.86900972469 1.07982519172 2.45326735848
-9999 -9999 -9999 -9999 -9999 -9999 -9999 -9999 -9999 -9999 -9999 -9999 -9999 -9999 -9999 -9999 -9999 -9999 -9999 -9999 -9999 -9999 -9999 24.0090310716 27.3550343025 26.2405840874 24.0942005083 23.7007906723 19.0792554129 20.0650445218 18.1684031865 18.7469642969 17.6397369723 16.0358267118 13.3180565754 12.9289588622 11.4142552448 10.2436635768 9.85908175569 11.7707209657 11.3588949604 11.242049871 10.6388519586 8.41988916378 6.62641183916 7.05858983578 7.48581625012 7.85340407524 6.09282537226 5.95706112158 6.28458421341 6.52900264346 4.15997700894 5.82006548959 3.00867864993 4.47295980871 2.98972348279
-9999 -9999 -9999 -9999 -9999 -9999 -9999 -9999 -9999 -9999 -9999 -9999 -9999 -9999 -9999 -9999 -9999 -9999 -9999 -9999 -9999 -9999 -9999 -9999 28.5163628035 26.5696922255 24.331483487 24.7365056221 19.9654962485 19.5015521933 17.783977852 16.4921408177 17.7363283519 16.3037308874 15.3426313786 10.9899316369 9.43404800495 12.034306928 10.137503619 11.670279808 12.0437519749 7.8872591321 7.95801849147 10.8405076393 8.9486356931 8.32561242709 6.00206894091 7.16748148013 7.49664290715 6.48143299501 4.69503472225 3.94283218028 7.41761355535 11.4665950138 7.51728487866 3.30170456068 3.27155395031
