data/recharge/transience/recharge7.asc
ncols                  80
nrows                 72
xllcorner      4374000.0
yllcorner      5656000.0
cellsize            500
NODATA_value       -9999
[rows 26 to 51 of 72, columns 0 to 56 of 80]
-9999 -9999 -9999 -9999 -9999 -9999 -9999 -9999 -9999 -9999 -9999 -9999 -9999 20.0596792058 20.1667892513 20.2364194496 18.9421660458 18.2507704469 16.5791473525 16.0452844433 15.3859191761 16.3243578892 15.8919730115 14.0499743916 13.7998143955 12.202193957 10.7619934976 9.91000078074 9.00502935511 9.58014442526 8.0900566511 7.64932220723 6.49344789366 6.8090743991 2.8471968449 2.88388653263 6.24006677527 3.75552165024 5.83022012579 4.03978433378 3.42351612378 4.36585771749 2.66803066963 3.67014205112 3.62065872558 3.97340973814 4.53229453715 4.30094146586 3.26738010269 2.24858730379 2.00459927433 2.17042389702 2.47620378227 2.76922475111 3.21496751583 1.95345468939 1.97329046302
-9999 -9999 -9999 -9999 -9999 -9999 -9999 -9999 -9999 -9999 -9999 -9999 -9999 -9999 19.7281615258 19.5152680656 18.2353163901 17.4203087715 16.3779779756 16.8587518839 15.4302527858 16.864662175 15.4420598057 14.7263288264 11.0400635658 10.9782783784 11.1814261791 12.8200858031 9.70238173631 8.46082179424 8.30876578004 10.2378526474 8.30384061774 9.58409451817 3.57153660667 4.26570551507 5.48113361434 4.96996658044 4.47800000861 3.37705013794 3.22681470989 3.81676707985 4.11400475188 3.13019758977 2.21052945017 2.63591738492 2.18899806077 2.04590784418 1.9883739009 2.41508811293 2.33320367251 1.67765355369 1.61127816764 2.01632255771 4.19695833181 6.82077978807 5.78843129414
-9999 -9999 -9999 -9999 -9999 -9999 -9999 -9999 -9999 -9999 -9999 -9999 -9999 -9999 6.73050698811 14.3992927545 19.1556199896 18.7768526229 17.4746875938 17.7616387779 16.9888938734 17.4521408548 15.2592034155 16.9701674327 15.8146684256 15.880410455 11.1706614727 11.0100239424 11.2216903785 12.120230355 9.90624429164 5.6763288812 8.58192138141 14.5615580258 6.94127940343 5.35174513059 5.33283575728 3.89038927227 3.42433532591 3.37769409351 3.31538084791 3.77244761099 3.58521049075 4.10507006935 3.33162490163 2.6323877677 1.31665189076 1.67733934078 2.26221283713 1.93776686936 2.91752322469 3.40872066733 3.96285281293 4.4191234746 5.11123411028 6.00109319239 8.0982315405
-9999 -9999 -9999 -9999 -9999 -9999 -9999 -9999 -9999 -9999 -9999 -9999 -9999 -9999 10.0591190435 14.9663638391 19.9147198646 19.7726480501 18.4931329184 18.3012166877 16.7942785486 17.4608784037 16.8051898965 16.2783676591 14.2488942909 13.3085748532 12.8756297963 12.548601147 9.42832570828 10.6070043658 9.49384534825 9.82926660834 7.9099521191 12.188922593 16.6732948259 5.18880265936 5.91965822158 7.9150749818 3.47763777814 2.90967746631 3.18570603213 3.77865248406 3.10169535367 3.22538936238 2.36400900469 2.70855903568 1.89803526647 2.7606685239 5.00947212995 5.56202877929 4.35570208544 2.19929324045 2.86836252825 2.14839656284 2.20575532676 3.37374194185 4.08694837143
-9999 -9999 -9999 -9999 -9999 -9999 -9999 -9999 -9999 -9999 -9999 -9999 -9999 -9999 23.1065257573 22.1498675955 21.3129590879 21.5826668728 20.2796816598 20.7155430486 18.553021565 18.2760562365 17.0101438125 16.8662498655 14.0065420613 14.8363996356 12.8900544962 14.6513456892 12.1279422317 11.2578683744 10.6687202001 11.8892175955 10.2384237176 7.60947725735 5.9539571522 6.03006550863 5.02766573653 9.86797758218 3.88361270119 5.44779332245 2.30237140099 3.08100218617 2.40296194226 2.64712253629 2.1378885922 2.26143940692 4.01013410089 3.97824210617 7.92498909758 9.08932367606 5.9318308288 7.76682089601 5.22965343451 5.89472014852 5.36931229948 4.47570253096 5.23056468969
-9999 -9999 -9999 -9999 -9999 -9999 -9999 -9999 -9999 -9999 -9999 -9999 -9999 -9999 -9999 21.4384147329 20.8251686674 20.4478891842 19.8476035978 18.6655941308 16.8410727255 17.1230536623 17.0656322003 17.0895921014 13.9374444111 15.0096027131 12.7840676381 13.3698004922 8.90214439494 11.621058549 8.67540824784 8.57002712693 7.59441450768 9.21613821512 6.51646952589 6.58329038974 5.92787139936 5.78848977425 5.39551764724 3.76299216733 2.10940159664 2.69936271183 1.05959787665 1.46835218081 1.9359374191 1.56007475648 0.984647478613 1.04729644318 2.12869664509 3.34369655822 2.63123292935 2.28417905717 3.95146850479 6.62772853134 6.41802862413 6.32327207611 5.5536290804
-9999 -9999 -9999 -9999 -9999 -9999 -9999 -9999 -9999 -9999 -9999 -9999 -9999 -9999 -9999 -9999 20.7772042955 20.203968621 19.2812642144 20.8107865914 19.7250565602 19.6582234702 17.1285200966 15.835337089 15.0460119986 14.3311680905 12.2355557929 12.779765134 8.35670073025 12.7968280988 11.3695637778 10.0187577442 7.97110675992 5.40015907017 6.39965181728 7.12576866596 6.75403291688 7.30893584603 7.03157589006 9.0216762581 11.8290600979 10.9470609823 5.97563410429 1.78002985317 0.929585073749 0.713420070877 0.610045067886 3.06160099102 2.59359720381 1.87349902279 2.94441584893 4.7765283382 3.6720675549 2.93092752658 3.61488576227 3.15971917857 3.01810675587
-9999 -9999 -9999 -9999 -9999 -9999 -9999 -9999 -9999 -9999 -9999 -9999 -9999 -9999 -9999 -9999 21.7943232916 21.4858838924 20.6696788302 20.4650145323 18.5503451462 19.1112058135 17.4426610413 16.1173212966 14.6159934156 15.4448101951 12.9441950272 13.1766569318 8.86545784459 11.7008728411 8.3979479117 6.40040991904 7.16663293508 5.49390134884 7.79880420595 6.80339536083 8.5883995941 7.5030140687 6.92163748346 6.63977777423 6.61252378092 5.76751478801 7.30758262982 5.61384779035 2.54814788827 1.61027768957 1.67472797469 2.67701301552 1.83041640287 2.43320141321 3.72193513674 3.94009373165 5.40259643033 5.77001391519 7.19332751356 5.13130397346 3.05199828624
-9999 -9999 -9999 -9999 -9999 -9999 -9999 -9999 -9999 -9999 -9999 -9999 -9999 -9999 -9999 18.6854163411 18.8112853946 20.2462826246 20.7267989089 20.2572093625 18.7860317686 18.6974017305 17.1267670648 16.1270056744 14.2542592401 14.9691430577 13.4215861922 13.6856106951 11.492788512 13.3764523095 11.1018189364 11.440904997 11.0684316764 9.11952664907 7.31426030176 7.13276672465 6.86991353633 11.1797220102 9.07743887033 5.16086601132 3.88305828184 3.21233655963 2.35843782176 2.30988009249 2.35884343538 1.69764920458 2.63017195333 3.51141044967 3.1197224917 4.07469914663 3.16134675721 2.33001548111 2.78757893782 3.19787314782 3.70023621359 3.82863642087 4.52863722402
-9999 -9999 -9999 -9999 -9999 -9999 -9999 -9999 -9999 -9999 -9999 -9999 -9999 -9999 20.2906289728 19.7067239283 19.2046254277 19.0100695688 19.7801044228 19.7557339554 18.2149125461 18.857730029 16.4930840045 16.758656558 14.2487808599 13.7546429268 12.0098558989 12.9004465481 11.7784581616 11.7692824502 9.80379514012 10.0610332068 8.13795589006 9.47304817507 9.49578564308 11.1167725564 8.31056308181 5.48264574886 1.94227452829 3.16602025736 3.17029548928 1.83617818956 1.67122589138 1.84853442235 1.27278115681 1.0951011323 1.41709843475 3.61785052102 3.93178490166 3.04586347169 2.71380955084 2.68026006039 3.05117260477 2.96285651957 2.86562737843 3.09882360265 3.3469637195
-9999 -9999 -9999 -9999 -9999 -9999 -9999 -9999 -9999 -9999 -9999 -9999 -9999 -9999 21.233486593 21.7627684693 20.6641714932 18.8792865687 16.5212920433 17.1994842815 16.9086579007 18.0247241945 16.4682862247 16.8794843565 14.6054389411 13.1834466972 11.8913391348 12.7143660085 11.821195291 12.4183618255 11.6076611291 12.8801906165 11.070245397 10.2277404207 8.7325345348 12.0248359612 10.0847660687 13.3783028492 5.51515043073 5.73666959008 8.86182551641 7.70896341717 2.49440003718 2.24176067462 2.02322733342 1.22024738902 1.99611867576 6.20953815931 6.28399797815 7.11492770329 7.11721042875 7.05387666688 5.37930117031 4.6910285377 5.50256599713 5.2699688422 4.08563246652
-9999 -9999 -9999 -9999 -9999 -9999 -9999 -9999 -9999 -9999 -9999 -9999 -9999 -9999 -9999 -9999 21.0220494255 21.7796608412 21.1521642693 20.9155743655 18.9542945022 17.679113934 17.5917321542 17.5788861613 15.1621960581 14.4892400462 9.9299315264 10.3967427832 9.21515481512 11.708835873 12.092648783 11.378504528 10.3792929045 9.17735985514 9.3313606682 9.40424057933 10.2600212783 6.79344002569 10.0076979716 10.2037420658 6.27380876367 5.44884564559 7.71657451135 4.34270481963 1.46286913435 1.72702808475 1.53714792646 2.96931824598 4.1883660345 4.9607403243 4.85588852502 5.01294921564 4.57905237262 3.91219471134 2.62637813346 2.8345525868 4.5874958146
-9999 -9999 -9999 -9999 -9999 -9999 -9999 -9999 -9999 -9999 -9999 -9999 -9999 -9999 -9999 -9999 22.5903892865 22.1248836126 21.4831635369 18.6806848582 18.4115600245 18.9987219101 15.9422103485 16.3713788937 16.130889991 15.7202818034 13.1194927752 12.7315408299 12.1337839326 12.6363780844 13.4188908542 12.8943228121 10.9142525621 9.83136275092 7.49477879682 7.95706572368 8.14154379561 9.26435455669 6.4526590538 5.45959052508 6.69660227808 8.44298957389 6.41127264046 7.42620235344 6.13243155091 1.70424100913 0.943175098945 1.70028434824 3.91702716336 2.89894851168 2.2166814147 2.26474221732 1.81591807031 2.14634443505 2.10534405677 2.12291667542 2.11436841016
-9999 -9999 -9999 -9999 -9999 -9999 -9999 -9999 -9999 -9999 -9999 -9999 -9999 -9999 -9999 -9999 -9999 -9999 21.6262487219 19.7735401445 17.2068757591 18.3077179699 18.739937689 17.5299777971 15.6061303268 15.8458183982 12.3932036788 12.9608805649 12.2298527894 12.0700482762 9.92095746384 8.9307879564 8.53377806098 9.40901204678 7.3747174817 8.83656776813 8.6681719552 6.67324777704 6.13608914877 7.49728302984 5.67465714673 5.01588234183 4.51006046711 4.47320971167 4.02123438977 4.01869844211 1.17603521294 1.16441240924 2.14299414715 2.18119087738 2.61267012174 3.01930035984 1.86446720326 1.92797503088 2.32433985031 2.5395637289 2.33765001863
-9999 -9999 -9999 -9999 -9999 -9999 -9999 -9999 -9999 -9999 -9999 -9999 -9999 -9999 -9999 -9999 -9999 -9999 -9999 17.9613887409 17.4111200544 18.0772954899 17.215871245 19.1142679072 16.5533603261 16.0796360069 14.164682036 12.9212497228 10.0382674222 9.70302980973 9.68166095941 10.1326581735 8.48632585441 8.01062831277 6.38117404392 5.62641269181 5.38397405606 7.27161510004 6.5915259594 7.18632532722 5.39789906522 4.9021244228 3.955397089 5.07804385567 5.20498359688 5.42835176901 3.42243578651 1.16246935512 0.955804343666 1.89684754559 2.22183354184 2.50844148616 1.94399652405 1.92128924455 2.43186924002 2.2961203455 1.85352830303
-9999 -9999 -9999 -9999 -9999 -9999 -9999 -9999 -9999 -9999 -9999 -9999 -9999 -9999 -9999 -9999 -9999 -9999 20.4289910018 21.397921164 20.9854010074 20.6687418951 17.5801579539 17.4806387506 16.2923560208 16.3993770821 14.8657850758 14.7963509145 11.3720025343 10.6351551205 8.25306959465 5.84215431672 9.09817340551 8.65899089143 7.47657289647 8.68612098698 10.1459454909 9.73531522868 9.10999835617 8.5713544303 7.63942640989 5.39151586778 4.73120005441 4.03081477732 4.3196861519 4.07104677953 5.06044535897 4.89020867907 2.3207621686 1.24423906511 1.84175664444 3.74346905118 4.94939079782 4.77534401259 3.5748680017 3.03833307828 2.7375783174
-9999 -9999 -9999 -9999 -9999 -9999 -9999 -9999 -9999 -9999 -9999 -9999 -9999 -9999 -9999 -9999 -9999 -9999 -9999 22.7114990837 21.8516053542 21.2670935361 17.854475506 17.8070848205 17.0524507762 16.8552385624 14.3665645107 15.2738459344 12.9882490103 15.1557967719 12.3476672131 12.3147932325 12.8233092841 9.36064750547 8.13076516288 6.53070517174 5.31022103817 4.58563844052 4.04459254727 4.04717164266 4.56819328356 6.03319362163 5.40472835197 5.92517495569 6.21936571427 8.95112136597 6.74754012423 5.20611437857 3.49946157509 1.82825490159 0.731722009693 2.77071716667 4.1963643878 6.95225602001 4.67630754569 1.73884674321 1.85697596681
-9999 -9999 -9999 -9999 -9999 -9999 -9999 -9999 -9999 -9999 -9999 -9999 -9999 -9999 -9999 -9999 -9999 -9999 -9999 -9999 19.8581872791 20.8871707526 17.9891132589 18.6419148589 15.4781159415 16.529561771 14.3621730805 15.6254827306 15.9512291241 14.8246691418 12.2474724794 11.6677880169 10.3895788691 9.88842873096 7.84864140549 8.84425917559 7.8126185576 8.68653977759 8.55248391719 7.92882490971 6.21461575426 7.98353651137 7.79578080126 6.86036991614 8.6835966173 7.6530682455 6.5016003199 7.27758842346 6.45257943468 4.92640313912 2.9808457458 1.8877593264 0.967042555676 0.855382215827 2.38361345138 1.2664079948 1.34661148189
-9999 -9999 -9999 -9999 -9999 -9999 -9999 -9999 -9999 -9999 -9999 -9999 -9999 -9999 -9999 -9999 -9999 -9999 -9999 -9999 -9999 19.8584119626 18.3846234626 18.638730908 14.9388489057 13.9939273883 13.9437984506 16.0978743439 13.8017645611 12.8445970433 13.7010331019 14.0388244532 11.4954700631 7.73905544261 12.2928469019 11.3558019716 9.34991964655 7.57945585433 6.92863276433 7.1955629929 9.21861083725 9.6389606038 10.295752716 7.38428513754 6.23048193799 4.6305002977 5.95595495104 6.55998090445 6.54216225111 7.92053905559 10.9034494736 6.47567036137 4.33082049951 1.86374026163 0.618198063027 0.837645309984 1.04000982638
-9999 -9999 -9999 -9999 -9999 -9999 -9999 -9999 -9999 -9999 -9999 -9999 -9999 -9999 -9999 -9999 -9999 -9999 -9999 -9999 -9999 17.9943729395 17.0557971138 17.0633033513 17.3622998679 17.3864135915 15.7107416622 16.1964080128 13.893081367 15.1588330926 7.76340763901 13.983587712 12.7201139054 10.6963275804 7.20862505299 8.36365314088 7.58967535628 7.95980367318 7.42780783188 8.97967503707 9.30543062492 8.96821231094 7.1833605238 6.8505123018 8.15474379448 7.76716932973 7.29381899988 7.11636523045 5.04740286498 5.23445746009 7.16647961949 4.7121929425 2.3661823298 1.21734849107 1.14904967746 0.682606375479 0.77970938053
-9999 -9999 -9999 -9999 -9999 -9999 -9999 -9999 -9999 -9999 -9999 -9999 -9999 -9999 -9999 -9999 -9999 -9999 -9999 -9999 -9999 -9999 17.2471128666 18.7476130911 17.8774217887 16.5587315615 14.8425255102 16.1984460151 13.1191701247 13.3082209431 13.3922950872 14.0339000177 11.4616880013 10.8660150126 11.6085764234 9.52514612399 9.95554958294 9.35682148147 9.19677755823 9.15110629857 9.42328241304 6.55750100829 7.24166883629 9.02096730714 5.41538055485 4.74181110596 4.04151497611 5.27542273568 6.93528769171 7.59580924153 4.08460899641 5.66800370188 5.10790470976 1.85263185415 0.762833364218 0.645976985302 0.776040012717
-9999 -9999 -9999 -9999 -9999 -9999 -9999 -9999 -9999 -9999 -9999 -9999 -9999 -9999 -9999 -9999 -9999 -9999 -9999 -9999 -9999 -9999 17.697580474 17.329728214 17.3903450803 17.552993387 15.659633569 13.8601388851 13.6977554986 14.1362437308 12.7999487354 13.0826870382 12.8266173266 11.5500106522 9.68498789336 11.9974555654 9.49636830101 9.13838194533 10.5644571559 10.2653248729 7.42576214199 9.58558461819 7.36770281227 5.88657615883 5.37352135923 6.34240863603 7.98147737363 8.00933763129 4.8029969573 4.5342664784 3.83811276491 6.39136889123 1.44742425536 3.06530106664 1.78249402634 1.59426024972 1.21493107703
-9999 -9999 -9999 -9999 -9999 -9999 -9999 -9999 -9999 -9999 -9999 -9999 -9999 -9999 -9999 -9999 -9999 -9999 -9999 -9999 -9999 -9999 17.0154756671 17.9313370989 18.9001867167 17.3105193213 15.9999602174 15.5293908615 14.349954692 15.4002327169 13.4507881473 12.2126578037 11.2800587999 11.4579318884 12.1463179766 9.197871022 9.2058631728 11.4976852382 10.4599267609 9.70700008738 9.95856549274 8.2133379859 6.17207472256 7.67323145019 9.25616116793 8.63496405812 8.28775095346 7.29892449063 5.8851239148 5.89644382715 7.50896137286 6.29306442007 3.00743203083 2.94976656434 3.45096369536 3.79551759566 2.09122606551
-9999 -9999 -9999 -9999 -9999 -9999 -9999 -9999 -9999 -9999 -9999 -9999 -9999 -9999 -9999 -9999 -9999 -9999 -9999 -9999 -9999 -9999 -9999 18.6758059482 19.4544232817 17.626976911 15.4030048796 15.1083377027 14.2299965337 14.8483467859 13.5402997395 14.4216376141 13.4083467218 14.1282372954 10.9814012392 11.9009470976 12.2461927294 11.0097262935 7.9336821943 7.4980818424 5.84759708737 7.76897993136 9.78078574297 9.86667082834 8.7998031402 7.95587013505 4.61579933701 4.03113567012 4.00727078478 4.37762395923 3.56117891569 4.53141115789 5.19963074897 5.85797447711 2.42927782183 1.81362521702 4.59056021185
-9999 -9999 -9999 -9999 -9999 -9999 -9999 -9999 -9999 -9999 -9999 -9999 -9999 -9999 -9999 -9999 -9999 -9999 -9999 -9999 -9999 -9999 -9999 15.7117219068 18.1732201186 18.2570496084 16.6512804632 17.2323272677 14.7572787748 15.7263703844 14.6351497134 15.2512844222 13.7641915363 13.2431923286 12.0469997165 11.7379265699 10.7905723189 9.60682393277 8.6161826199 7.62578280446 11.3248320986 11.2261123115 10.7528020799 8.52906805215 6.62105624074 7.14138661057 8.24812573544 8.66153892779 7.15548809585 6.98544321076 7.96521456984 8.25827412918 5.69167490592 4.44305962898 4.27858118824 6.74862907173 4.69991230455
-9999 -9999 -9999 -9999 -9999 -9999 -9999 -9999 -9999 -9999 -9999 -9999 -9999 -9999 -9999 -9999 -9999 -9999 -9999 -9999 -9999 -9999 -9999 -9999 19.1999545151 18.2439280093 16.7353784009 16.3048760181 14.3854712546 15.2052232194 14.4351590416 12.0053719325 14.179710857 13.4653910345 13.4686503029 9.73519699624 8.76432206829 11.471240265 11.0169956577 11.8289710011 11.9177370979 7.99855646566 6.37564339624 7.83504591021 9.22914882082 8.5636958638 6.44501697931 7.87751900956 8.91039345403 7.71108128556 5.90460574372 4.2178296343 3.86603652655 8.16031766149 6.8712437109 4.79407456376 5.23224045908
