data/recharge/transience/recharge336.asc
ncols                  80
nrows                 72
xllcorner      4374000.0
yllcorner      5656000.0
cellsize            500
NODATA_value       -9999
[rows 25 to 49 of 72, columns 0 to 56 of 80]
-9999 -9999 -9999 -9999 -9999 -9999 -9999 -9999 -9999 -9999 -9999 -9999 38.6194570639 38.2485666129 36.4884863863 35.4073636298 32.063906052 32.7024600801 28.7169595121 29.1504335279 27.1121954457 27.7606235301 25.0513170289 16.2880067955 15.7416398576 14.8238357186 12.0832605862 12.0697841029 9.81304246831 9.00541650912 7.52839474402 7.16509206614 9.85140733345 11.5782794118 4.71507624323 14.4618583367 11.8354218707 5.92914734965 4.57628889867 4.46680656245 4.08241567476 3.94425338519 8.07480017903 11.8966468803 11.5348776665 11.6057701187 11.4245155202 11.4109056789 10.270197004 10.5184906091 8.34341802954 3.77781897437 1.80664472884 1.51282817165 1.38885837001 1.47640624749 1.35505326859
-9999 -9999 -9999 -9999 -9999 -9999 -9999 -9999 -9999 -9999 -9999 -9999 -9999 37.8878878799 37.6868240303 37.7431293079 34.7374572332 33.6182424919 30.7331810601 30.5199615721 28.575413801 29.7027380458 28.3013357932 25.8999741359 21.6504792963 16.5212437822 12.876125908 10.8093132986 9.67702799274 10.2195484396 8.22363334195 7.97766490781 13.8342401525 4.63040895383 4.84677609249 10.7105845024 14.3175390523 5.18626383673 4.87165729648 3.97085578799 3.40703387181 3.64286795249 2.37075146997 3.02681698409 3.6404097538 5.70854606818 8.33710194456 8.228157688 3.40985303002 1.84953480117 1.44678710287 1.51987148777 1.52296792387 2.34082987194 4.85336586116 1.14915994605 1.10417404588
-9999 -9999 -9999 -9999 -9999 -9999 -9999 -9999 -9999 -9999 -9999 -9999 -9999 -9999 36.9482724191 36.734585413 34.2937127102 32.3401202404 29.9432457809 30.5853659355 27.7674696775 30.2555846967 28.2057598372 26.5543415438 20.5036008347 21.3582113988 21.3920979039 18.0440783293 10.927535441 9.18235293977 8.61077785618 13.8427293745 16.2089757295 6.30171613127 5.54917376936 13.613162773 13.1641185276 4.33224039327 4.12418858239 5.85761159365 6.06664336339 3.71594683895 3.21663807633 2.63431952815 1.97937527319 2.21369698503 1.7413421814 2.25918048685 1.49091023744 1.72936822284 1.59430232706 1.28734857079 1.14100331183 2.92457084889 5.45259566376 6.74807970637 4.42692027155
-9999 -9999 -9999 -9999 -9999 -9999 -9999 -9999 -9999 -9999 -9999 -9999 -9999 -9999 11.911925005 26.8408804343 35.61640664 33.9329733822 31.8311134473 32.2479375446 30.8179376017 32.0910213284 28.0844640175 30.3928116892 27.8366044945 27.1352576891 21.6706353099 23.0057930187 21.8123883606 19.3227061704 16.964536391 13.094371384 15.9968502489 14.8857652115 5.32864745333 11.5818694718 12.0306367218 3.40871646733 5.41941146895 6.39022348977 3.62860279996 3.6315382102 3.05758770942 3.09236783143 2.3565286386 2.00271067097 2.44497842368 5.31585459192 5.4593289996 1.73709741483 1.68973379747 1.89462008811 1.97759127914 4.9631701906 7.97254844542 9.22288215128 4.2000916101
-9999 -9999 -9999 -9999 -9999 -9999 -9999 -9999 -9999 -9999 -9999 -9999 -9999 -9999 18.5947994481 27.7770700823 36.1026474845 34.9661272744 32.9735922826 32.7393597163 29.9795028367 31.3210369333 29.3159337682 29.4413008697 25.9980236606 25.5827612663 24.0000579509 24.8533731473 20.832426397 21.4767344696 18.5820713503 18.0224322557 15.6326296865 8.72981131253 12.5721696608 10.129202626 11.7722033214 3.80325126202 6.66175725576 6.88463388433 3.05256277419 3.39854755016 2.82731498983 2.87635282503 1.89520113205 2.04148600827 1.43930191359 1.85248211897 2.74638462912 2.95505482426 2.37673626706 1.59630046953 2.38964701033 2.31933903553 1.88538657743 1.96675003161 1.8606902774
-9999 -9999 -9999 -9999 -9999 -9999 -9999 -9999 -9999 -9999 -9999 -9999 -9999 -9999 40.2342711102 39.0745009701 38.1712145501 37.9413864473 36.5690291181 37.1959066758 33.9775654171 33.775286602 31.8803930665 30.4250995933 23.4495073008 24.8079053211 21.8580565647 25.3709351572 21.571951176 21.1157770938 18.6820021844 19.2951897707 17.241343865 15.0809506101 10.4618126344 10.4941433537 9.45657888495 12.8034219274 8.27158610123 9.90201570807 4.27968125988 2.45373272677 2.12837817439 2.27325318658 1.7311681628 1.68042768107 2.38963479536 2.6581986258 4.97789612688 5.77813968213 3.85255158872 4.1210591936 2.54524766481 2.62998651808 2.37013527135 2.0448157468 2.29040572477
-9999 -9999 -9999 -9999 -9999 -9999 -9999 -9999 -9999 -9999 -9999 -9999 -9999 -9999 -9999 38.3058606456 37.5743197164 36.7811202575 36.3682189617 35.5037055065 31.4838630993 31.7132966943 31.3415682137 31.0783584581 23.3820343871 26.2855836132 22.8958446539 23.6583868115 16.3860550841 20.8067014293 17.6414262248 17.5888694766 15.5438473481 14.6901067299 10.6917102533 10.7189449576 9.82121929166 9.76599173097 9.16493889454 8.91687422685 7.96480009583 9.96614625253 1.26286942529 1.38125862683 1.53484014438 1.31801064959 1.25896716276 1.43691645523 1.77266916935 2.01304653259 1.57845548055 1.43536312999 1.95397541508 2.99444301629 2.76425890334 2.72752816722 2.40646561433
-9999 -9999 -9999 -9999 -9999 -9999 -9999 -9999 -9999 -9999 -9999 -9999 -9999 -9999 -9999 -9999 37.0795532566 35.5572227595 35.413629405 36.9407015903 35.0445382224 34.3173883769 30.0369110263 27.4621596279 24.6153174064 24.4780905965 20.3040160252 21.1541090451 15.7538828007 19.8387228272 18.1285080963 15.7785552277 12.0361813494 8.85603076321 10.6138690823 10.9046166536 10.3046163473 10.5216745415 10.0157433972 12.2893834691 12.8338328059 12.9658298406 7.60995227124 2.62661820242 1.18282884521 0.84490467003 0.598712161932 1.76133313688 1.50274860302 1.20455770999 1.5762476454 2.28421912306 1.79207409349 1.52006814513 1.68199672173 1.52311297681 1.39671702616
-9999 -9999 -9999 -9999 -9999 -9999 -9999 -9999 -9999 -9999 -9999 -9999 -9999 -9999 -9999 -9999 35.984640054 36.5489279954 36.7774871231 35.3921882829 33.3657464319 35.1134422356 31.1806967844 27.1499461419 24.6572239243 25.5338683392 20.7631223836 20.7700517014 16.2804845225 19.0198385668 14.6400805128 12.2541127259 12.6563957491 10.0910140182 11.0049016153 10.7752648659 12.1811768425 10.5964753141 9.97274271562 10.4212484889 10.3371295946 12.3358738221 10.2867476498 5.34740960664 3.24532746312 2.24043536151 2.79368091444 4.86159297623 1.16590801771 1.43743496719 1.87548393867 1.9597706446 2.43888913269 2.57764905128 2.9777013231 2.21791081546 1.4077957798
-9999 -9999 -9999 -9999 -9999 -9999 -9999 -9999 -9999 -9999 -9999 -9999 -9999 -9999 -9999 31.1424676151 31.8695383287 30.5614594103 35.1435938568 34.7389164972 33.3883036223 34.182120123 29.934056067 27.2443295719 23.6058476332 24.250018191 21.1519820433 21.3420259412 18.7020751522 20.4024677645 17.7883520759 17.9551176185 16.6264483194 14.396850032 11.3612957893 9.75753822719 10.9028664764 12.2112715615 11.7928318334 9.53935868497 7.67074417763 5.16804624764 2.97778709168 2.92584639344 2.69131220679 1.9573290828 7.92390328991 6.85871789928 1.94449276293 1.9332805015 1.52742380749 1.22748709946 1.35426613445 1.49529488467 1.60201561827 1.64438415571 1.78097982985
-9999 -9999 -9999 -9999 -9999 -9999 -9999 -9999 -9999 -9999 -9999 -9999 -9999 -9999 32.652989832 32.12002815 32.2560323589 21.2738964022 27.9755881447 34.1532816752 31.6043797519 32.5268519242 27.4004513022 27.7733855117 23.6083451956 23.1922435198 20.1436408727 21.8818246137 20.7151595571 20.716513007 17.1744715732 17.3100757385 11.8442014533 8.14765503557 5.95761453976 7.75596222423 14.0094607875 12.8669123284 2.23144963714 5.40214406857 6.5877179665 2.50754721429 2.13891169298 2.37816872574 1.37658590313 1.1313925103 2.92737175413 1.84167281649 1.86836212372 1.54342489266 1.3654438828 1.3534071142 1.44477584467 1.41483951658 1.32815314368 1.40437283755 1.48833568788
-9999 -9999 -9999 -9999 -9999 -9999 -9999 -9999 -9999 -9999 -9999 -9999 -9999 -9999 33.7376108513 33.5355370958 32.0283691848 19.5067288351 16.5941090225 19.16281741 27.7107567589 29.9433565816 27.4082568035 27.9522981379 22.4233979488 20.4804907238 12.5544951921 13.0169620217 12.8820180543 19.5335791739 18.1511784925 12.7187591778 8.33966878749 7.672498738 6.10904218986 7.78785535177 7.67489407321 9.11409162725 5.42920593784 5.54336980202 6.44167209583 6.02641962748 2.73144746707 2.46757881485 1.96055540096 1.01820388601 1.82111484566 2.4936337417 2.61789372652 3.05358846844 2.94903386263 2.92282832324 2.1106220692 1.87581451915 2.00552807522 1.9298409592 1.49771228396
-9999 -9999 -9999 -9999 -9999 -9999 -9999 -9999 -9999 -9999 -9999 -9999 -9999 -9999 -9999 -9999 32.284369044 23.4947625408 23.4026163559 23.0624344083 20.982148916 26.8234765172 28.7157955967 28.7581795304 22.9596294094 14.5567934694 8.76908383282 9.18918425003 7.5465275163 9.90853202011 10.8246905572 8.57516079036 7.7802887161 6.89249873317 6.72061584862 6.77087200609 6.34027491098 5.17018688527 6.73186030023 6.92654036833 4.34324639216 3.99141243794 6.93829554013 5.89738305682 1.29958530548 1.62423527785 1.30860788884 1.3455165962 1.83389141648 2.21660984149 2.10389266004 2.16134151847 1.83882995152 1.61658713585 1.11018484997 1.17259667347 1.62697116015
-9999 -9999 -9999 -9999 -9999 -9999 -9999 -9999 -9999 -9999 -9999 -9999 -9999 -9999 -9999 -9999 24.6439702273 23.7800934202 23.6289084078 19.4586512744 19.3722948012 20.5410485023 25.0269989144 26.4278954857 24.9906066363 15.9945054821 11.6351059552 11.1881207883 9.73469357796 10.474907105 10.784125744 10.3580525701 8.49079683871 7.48414093609 5.55330291743 5.83679332705 5.69082664228 6.4129221888 4.53604361681 4.24214409799 4.67102502516 5.72087366309 8.68738881446 7.81055185575 3.73291624312 1.39096773998 0.543353970713 0.937564445248 1.65683954729 1.33186158239 1.04214553545 1.05714033699 0.777819195658 0.876031627403 0.781164154743 0.786248233563 0.770760431352
-9999 -9999 -9999 -9999 -9999 -9999 -9999 -9999 -9999 -9999 -9999 -9999 -9999 -9999 -9999 -9999 -9999 -9999 23.8662516056 21.0356811565 17.6122488339 19.2042397504 21.6653386486 27.9140851916 24.4338147352 20.2698675902 10.8585372059 10.9648098384 9.80790954773 10.0393095764 8.24757288074 7.639357558 7.15291838381 7.36993963187 5.48205417616 6.40413447509 6.0212186953 4.83068480274 4.25380423077 5.4484486144 4.08078983794 3.70721636194 3.41266836628 3.39160184916 2.53176219896 2.33648382589 0.705607527152 0.714066759795 1.08575074684 1.0361793744 1.11818855749 1.18804265298 0.792286773674 0.811330380896 0.838394871678 0.893956777116 0.82573600279
-9999 -9999 -9999 -9999 -9999 -9999 -9999 -9999 -9999 -9999 -9999 -9999 -9999 -9999 -9999 -9999 -9999 -9999 -9999 17.8096734701 18.1214951944 19.087162584 18.7456120326 32.2240294877 27.2050448858 26.7407781962 18.2868942183 11.1528866604 8.53555263879 8.32700367798 7.9767783912 8.08120524493 6.79621931424 6.62595056611 4.62772408501 3.93889228141 3.61629616683 4.73613921531 4.16953774682 4.79009555372 3.72101181478 3.45024451555 2.71574770329 3.29357941298 3.02238514889 3.14571568062 1.69653270155 0.613368679254 0.410212797118 0.91311130592 0.759748411997 0.971174896675 0.720648991393 0.714450258685 0.772255311242 0.741425401233 0.576277534401
-9999 -9999 -9999 -9999 -9999 -9999 -9999 -9999 -9999 -9999 -9999 -9999 -9999 -9999 -9999 -9999 -9999 -9999 21.3475638702 22.8152600715 23.395263291 22.9109210746 19.076190728 30.1088699782 26.9258213022 27.8354414077 23.8018690395 16.4191832282 9.41386007918 8.91727374715 10.9651845379 9.05181980209 7.83447954517 6.06839036622 4.76959575322 5.44622956176 6.06550596541 5.81641552965 5.01233686707 5.00603883303 4.92933673629 3.71719769382 3.08561169397 6.40649369462 4.2274097803 5.42706555945 2.65037251264 2.74739818532 1.39087112089 0.575068220749 1.12312977268 1.32739551322 1.36692642495 1.40967382506 1.02450839367 0.910881697247 0.76701581272
-9999 -9999 -9999 -9999 -9999 -9999 -9999 -9999 -9999 -9999 -9999 -9999 -9999 -9999 -9999 -9999 -9999 -9999 -9999 26.4821805434 26.4268194435 25.4455462693 19.8679040879 29.4364144709 29.2045567196 29.0344656739 22.9153712803 24.7244142261 13.5751995791 15.7350181052 17.8130825625 17.7683036314 9.97300011166 6.32228561133 7.35369804663 6.45411251483 3.43604747122 3.0932739304 2.5524698099 2.55343703523 2.71550841552 3.81952869121 4.68977194781 7.96298581132 7.80181568601 6.10222578843 3.45499354276 2.65022535732 1.7084211169 0.845767640685 0.281681238364 5.81229540139 6.14380114186 5.94763401433 2.75951928382 0.461176018841 0.516190046876
-9999 -9999 -9999 -9999 -9999 -9999 -9999 -9999 -9999 -9999 -9999 -9999 -9999 -9999 -9999 -9999 -9999 -9999 -9999 -9999 23.183754273 24.7924157513 20.070658535 24.2642191599 27.4997993492 28.6552837531 22.6982286326 25.0536626311 23.3417004376 22.5668990204 19.7575649863 19.4957619992 7.96494198645 11.611604798 10.9455072514 9.76176372904 4.83727969162 5.48940050829 4.8811854496 4.663184375 3.6796280482 4.57993213958 4.55440924431 4.11408212668 4.84102820096 4.29180831876 3.33798356203 3.71407441957 2.90234372646 2.21064943861 1.23194653592 0.670467199645 0.267317903965 0.56347842062 3.47406026198 0.313760881505 0.292384022594
-9999 -9999 -9999 -9999 -9999 -9999 -9999 -9999 -9999 -9999 -9999 -9999 -9999 -9999 -9999 -9999 -9999 -9999 -9999 -9999 -9999 24.552103157 22.1183149338 22.7209754635 26.2490755883 25.412612875 24.2791129303 26.2744484177 23.9442607569 23.5154813277 21.1996322009 22.0840922189 8.65915457208 12.2854570675 10.1425591758 7.86788193289 6.35682991952 5.10345301828 4.26090344168 4.57819443335 5.422216643 5.66598216557 5.84065382134 4.5433607666 3.62187111772 2.8334091449 3.16982496422 3.46201273806 3.07509557398 3.70147525105 3.41484114121 4.05323138658 1.46452844596 0.540956786681 0.142660615933 0.184776286709 0.195923984203
-9999 -9999 -9999 -9999 -9999 -9999 -9999 -9999 -9999 -9999 -9999 -9999 -9999 -9999 -9999 -9999 -9999 -9999 -9999 -9999 -9999 21.8148041652 20.1942485471 20.2274061786 24.8978844609 29.0828543461 25.4050273552 18.3222884074 15.0818686963 23.9366146637 13.8736118513 20.9964748772 9.37846483407 7.72353273194 5.27341825281 6.36090925402 5.31585567861 5.36234781445 4.52503764665 5.36078393514 5.47442239975 5.28225943436 4.08988846399 4.05559871892 4.63907479734 4.43049189836 3.82946499232 3.7394942718 2.29437311862 2.45790627739 5.42218578181 4.91336985886 1.83296076246 0.345528732857 0.252770202904 0.155092187055 0.149681039494
-9999 -9999 -9999 -9999 -9999 -9999 -9999 -9999 -9999 -9999 -9999 -9999 -9999 -9999 -9999 -9999 -9999 -9999 -9999 -9999 -9999 -9999 21.2012974687 23.4493825747 28.9003572074 31.3901443295 27.2833525671 19.1650281859 12.7928943448 13.7740938544 15.0149537273 15.460783499 9.8599484048 9.14782784721 9.26723755071 7.72377521765 7.05225510206 6.66208440108 6.02085065728 5.932225444 5.90379470433 4.32905588084 4.3038327774 5.24878650462 3.15272865818 2.89232096013 2.15945972469 2.69192869631 3.20051945614 6.75704702023 4.2528529456 6.60888781529 3.04761898592 0.498761825119 0.166564147579 0.145950731829 0.147433776268
-9999 -9999 -9999 -9999 -9999 -9999 -9999 -9999 -9999 -9999 -9999 -9999 -9999 -9999 -9999 -9999 -9999 -9999 -9999 -9999 -9999 -9999 21.8294368733 21.3271977654 28.2878603403 32.321500374 27.5809654171 15.6386282386 13.5116044591 13.9110505553 12.1372266532 12.3665157139 11.2957142527 9.93237751414 7.83865259881 9.58268687752 6.92541731999 6.49396344223 6.86036647696 6.82613942845 4.77831189957 6.00070873198 4.36812201028 3.64597178673 3.02605507666 3.64695204748 4.03202965586 4.17984293642 2.40182380006 2.44687505045 2.51341886595 5.74002426233 0.360101239713 1.01823179041 0.404614714499 0.348294733867 0.220389354777
-9999 -9999 -9999 -9999 -9999 -9999 -9999 -9999 -9999 -9999 -9999 -9999 -9999 -9999 -9999 -9999 -9999 -9999 -9999 -9999 -9999 -9999 22.1094583376 23.5013506626 32.9643104839 34.0707867232 27.8776640739 18.8342746096 15.5082408466 16.6724816556 14.1017599947 13.0552406676 11.5042156955 10.9424963598 10.5897208291 8.26927197376 7.37784463158 9.03908958384 7.60611065704 7.08863779722 6.47354278018 5.42640120852 3.81083807279 4.56037925514 5.02294685861 4.75722127297 4.40831081625 3.88841572344 2.81820573387 2.8226710094 3.19569839146 2.67261257696 0.863431072925 0.886877852677 0.951220713061 1.09739092496 0.412659307497
-9999 -9999 -9999 -9999 -9999 -9999 -9999 -9999 -9999 -9999 -9999 -9999 -9999 -9999 -9999 -9999 -9999 -9999 -9999 -9999 -9999 -9999 -9999 24.5715687925 34.3717676517 34.3516804629 26.8256618631 17.6250084303 15.0917122568 16.1273082292 14.1830606906 14.9767863 13.1945427134 13.4394095605 9.6338548609 10.3816776624 9.6296300852 8.67191829052 5.9662160161 5.62026919701 4.15411646129 5.17718261837 5.63975928634 5.75015967464 4.77356286553 4.33730396308 2.5864266004 2.38278251159 2.07186525208 2.21824700038 1.6585649493 2.01677113144 1.93101026731 1.88287412114 0.568917291294 0.428415871141 1.13558044196
