data/recharge/transience/recharge107.asc
ncols                  80
nrows                 72
xllcorner      4374000.0
yllcorner      5656000.0
cellsize            500
NODATA_value       -9999
[rows 25 to 49 of 72, columns 0 to 56 of 80]
-9999 -9999 -9999 -9999 -9999 -9999 -9999 -9999 -9999 -9999 -9999 -9999 6.97265306559 7.08431610255 7.14240551852 6.62935194484 6.12384942801 6.22839527758 5.84028890181 5.9784565633 5.73184875797 6.06141301352 5.83303892951 3.84155785679 4.23463346952 4.54317497989 3.75841569295 3.88731010849 3.40117819819 3.1342324595 2.81357069574 2.67581479556 3.54466377097 4.21498710857 1.46650119179 5.32314810869 4.56036024546 2.38019597912 1.66177628868 1.96201824847 1.78617555824 1.82452196498 3.42188019689 4.37564968204 4.35225451301 4.39172348501 4.42691818088 4.4209339219 4.26593130263 4.42543653012 3.98782459584 2.28660500466 1.0526717967 0.868942401409 0.844377536284 0.903800942787 0.880807434496
-9999 -9999 -9999 -9999 -9999 -9999 -9999 -9999 -9999 -9999 -9999 -9999 -9999 7.45622114454 7.32420877058 7.32049325216 6.46259960652 6.44849119465 6.08570180347 6.00978678774 5.83860968071 6.03217228351 6.15549658297 5.27885432368 5.4585444716 4.48810162757 4.10508535136 3.24077566926 3.33926383969 3.52538411381 3.06397119018 2.98033085103 4.37926339444 1.98508269902 1.57606932476 3.77637691395 5.38601840065 2.03471277336 2.29313656474 1.71500889338 1.55341253881 1.61946489908 1.06538366394 1.51819047847 1.9528132492 2.76398163016 3.61275042012 3.53272784515 1.99173930049 1.12103952165 0.85076261383 0.878589944811 0.925733542558 1.12439335116 1.63718594159 0.762619730854 0.762332499633
-9999 -9999 -9999 -9999 -9999 -9999 -9999 -9999 -9999 -9999 -9999 -9999 -9999 -9999 6.60740933673 6.57419097796 6.2081505817 6.30656724941 6.02132412567 6.11213016531 5.82375151658 6.0732281559 6.22563638927 5.70106884496 4.9186134607 4.99035787489 5.12066940007 5.02195842484 3.75285178103 3.17753545669 3.20148147692 4.38612284649 5.00901878233 3.00810226636 2.03676436812 4.765914098 4.93698894896 1.93616312687 1.75090795611 1.71996655372 1.84597585231 1.53548509967 1.49176103968 1.19160412916 0.937639219433 1.0500828629 0.886409083115 0.852665161741 0.814181090767 0.942516431099 0.918590411885 0.753197166534 0.709750827455 1.06756942144 1.82020447548 2.73824472484 2.58429875319
-9999 -9999 -9999 -9999 -9999 -9999 -9999 -9999 -9999 -9999 -9999 -9999 -9999 -9999 1.96165139511 4.56039491336 6.56433684815 6.48499505938 6.29112780637 6.32523852088 6.21685421278 6.25227796216 5.70358879692 6.00915022706 5.72259251812 5.76393065074 5.14863235944 5.40651798368 5.78508840508 5.6603386427 4.5334987239 2.6664438033 4.73703083147 5.16725593452 2.16563945846 4.02389102493 4.37289574267 1.49576147945 1.62622433985 1.8836097156 1.45131855008 1.57090999799 1.50804690129 1.47775132307 1.19997445954 1.01581262841 0.81338767021 1.60722187396 1.75059798251 0.818390124326 1.02586604102 1.1530082733 1.28040339744 2.52346408927 3.9911216632 4.70565707458 3.46285670401
-9999 -9999 -9999 -9999 -9999 -9999 -9999 -9999 -9999 -9999 -9999 -9999 -9999 -9999 3.25913825523 5.02691979613 6.98254244131 6.54200991988 6.26895452561 6.31561357346 6.1292832426 6.17345011084 5.97509733003 5.85747974391 5.52623112797 5.46353332658 5.56935998785 6.01698525005 5.51325779476 5.70201978136 5.32551368047 5.10513567903 4.73197570329 3.99414955776 5.4370841586 3.51360781071 4.1185346495 1.54673822544 1.63294961109 1.89555296035 1.43001716948 1.58484574556 1.40633181792 1.42423624574 0.976643683282 1.03508233671 0.807186072269 1.02215798611 1.62213104027 1.88045607074 1.55628519652 0.883159326019 1.46494571989 1.2928476036 1.11031396766 1.3169337011 1.31363137714
-9999 -9999 -9999 -9999 -9999 -9999 -9999 -9999 -9999 -9999 -9999 -9999 -9999 -9999 7.82546169866 7.63066661163 7.41188846312 6.89488447433 6.65807147113 7.19718927315 6.58906072253 6.56508986968 6.72832169091 6.12669895009 5.42059044404 5.60357756758 5.34104709904 6.19038206883 5.71781082066 5.71622855493 5.48042535269 5.66552347107 5.36936758523 4.92233974942 3.69766817153 3.71638032439 3.35426734008 4.72644674433 2.91952785989 3.47885027427 1.37154072369 1.27072333357 1.14821389157 1.22260193951 0.980278432135 0.891064531546 1.37922796478 1.53474285532 3.57464113019 4.15731675683 2.79908325764 3.23770743306 1.90151555154 1.87665955546 1.62633527224 1.38451829843 1.57389682163
-9999 -9999 -9999 -9999 -9999 -9999 -9999 -9999 -9999 -9999 -9999 -9999 -9999 -9999 -9999 7.51835815612 7.33387339032 6.87448655519 6.88523848368 6.90474595031 6.29674266059 6.35771615731 6.24472923759 6.23364862343 5.42139658077 5.77312503303 5.44204468913 5.61944939866 3.23865147439 5.53038869585 5.05747129794 4.99424094842 4.54559853799 4.55745732368 3.82829800576 3.84363423541 3.57048369485 3.53814307661 3.41589853256 3.35327350028 2.99504577298 3.69608356681 0.49613359683 0.686478291719 0.927284126559 0.660365070319 0.483849989243 0.530217581303 0.884872343881 1.19415446552 0.959863583236 0.877519879784 1.26781773549 2.06434963431 1.95665206226 1.9249274223 1.66394935149
-9999 -9999 -9999 -9999 -9999 -9999 -9999 -9999 -9999 -9999 -9999 -9999 -9999 -9999 -9999 -9999 7.43027368846 6.93211395114 6.83806405548 7.10101327881 6.87100408646 6.84361832443 6.14672348676 5.83096750083 5.71623714001 5.73259212838 5.27584597373 5.01410583405 3.21772739737 4.91564114118 5.23187190428 3.74091025163 2.51855370416 1.78645319294 3.78906987102 3.95174391547 3.81881653649 3.94060699224 3.86321488162 4.80109387504 6.49626086636 6.37985017734 3.65430661932 1.02556782669 0.467080189138 0.350598713781 0.294237461424 1.08415605681 0.93523356724 0.763549471125 1.01078048764 1.47687094419 1.17746624176 0.999063153289 1.144344446 1.0357598813 0.981699360416
-9999 -9999 -9999 -9999 -9999 -9999 -9999 -9999 -9999 -9999 -9999 -9999 -9999 -9999 -9999 -9999 7.20320267764 7.14875192578 7.04721868725 6.98553655455 6.68505821695 7.16985843749 6.75560348151 5.88697941284 5.87904381078 6.00851230435 5.45674976447 5.38539260027 3.2728192106 4.70399210837 3.50545553217 2.56366634861 2.90033300781 2.03420731481 3.84834595593 3.87968302205 4.58648824143 3.98173369672 3.83854489753 3.94868540323 4.74524828196 5.13642976538 5.07047988893 3.13385892504 1.66434803494 0.965584004052 1.19042211395 1.88447557452 0.739548643554 0.898158278015 1.20010732536 1.25559994209 1.63187419084 1.74203624531 2.1835864547 1.53522453454 0.989697852172
-9999 -9999 -9999 -9999 -9999 -9999 -9999 -9999 -9999 -9999 -9999 -9999 -9999 -9999 -9999 6.61804484768 6.70037319375 6.89991431035 7.23111061768 7.12563620345 6.81389789196 6.80501490919 6.36610923272 6.15158608964 5.7989646273 5.92804129935 5.56304390436 5.60042944608 4.26491080518 5.47086864186 5.35482485166 5.42469305404 5.27964669209 4.22044682175 4.2725378799 4.11846594051 4.38334379595 4.76198139004 4.57255089097 3.51843937814 3.13981098189 2.41274377609 1.41239370442 1.3772444621 1.46286333504 0.968497526907 3.3948539475 2.77293177137 1.07802581395 1.26482407126 1.03451009024 0.844386814387 0.941213498734 1.03610001703 1.13658820669 1.16763637727 1.34289583269
-9999 -9999 -9999 -9999 -9999 -9999 -9999 -9999 -9999 -9999 -9999 -9999 -9999 -9999 6.92313024329 6.80240893418 6.77070392003 5.61546370646 6.80535288701 7.05347288389 6.72348088756 6.7984226793 6.21625179403 6.25432537738 5.76681627869 5.71610051124 5.30767137805 5.54390701335 5.68610367467 5.68914345502 5.09641940899 5.15918070588 4.14155104294 3.25905080168 2.66990460101 4.36024593641 6.05310762554 4.96223956308 0.790276438909 2.19935312912 2.76611045815 1.00439901921 0.890042612829 1.0304038987 0.641773076827 0.532276077989 1.33784502594 1.19457919422 1.2203206989 1.01610604223 0.933239409828 0.925408006929 1.002101958 0.980763336523 0.943377292753 0.996450417738 1.14129673807
-9999 -9999 -9999 -9999 -9999 -9999 -9999 -9999 -9999 -9999 -9999 -9999 -9999 -9999 7.20087740241 7.2292648661 7.01566776851 5.46540151366 4.70283629611 5.27634252522 6.39975392683 6.62621982449 6.29572134868 6.35615368966 5.71982366682 5.37325430376 4.03912561435 4.13801561627 4.26158266264 5.61949575757 5.4723553846 4.65953170963 3.39676413579 3.1042688344 2.54208825624 4.02028959095 4.6275287762 5.69258816488 3.12396313155 3.21835625777 4.3091463318 3.94842055643 1.53124932191 1.34735218435 1.20406391775 0.595669461807 1.18745051404 1.76131588672 1.73039209184 2.13048922385 2.11215045117 2.090247242 1.53853063823 1.3630038603 1.5414715853 1.4823546066 1.18313307258
-9999 -9999 -9999 -9999 -9999 -9999 -9999 -9999 -9999 -9999 -9999 -9999 -9999 -9999 -9999 -9999 7.088442307 6.39787237812 6.33761454335 6.26049311464 5.83629241264 6.49503854972 6.49426421618 6.48512446339 5.82955412221 4.50153768741 2.88965939473 3.02421920159 2.68069686417 3.68052971378 4.18337280404 3.37411769572 3.15766212077 2.7668105529 2.88493967586 2.90877874788 3.49333122092 2.88364301065 4.27746570424 3.91278912563 2.29947912861 2.15065647834 3.87416792043 3.10475131998 0.762797819198 0.973920736684 0.831477388443 0.905749961326 1.1907164302 1.4674700688 1.43108944124 1.47129130591 1.33429429664 1.17104576333 0.861763594076 0.906679626474 1.28000246004
-9999 -9999 -9999 -9999 -9999 -9999 -9999 -9999 -9999 -9999 -9999 -9999 -9999 -9999 -9999 -9999 6.74373586743 6.60028230886 6.5677159557 5.59886463231 5.61609329297 5.86870983935 6.18752300677 6.2857566897 6.14761135759 4.93456300888 3.87058823791 3.72863587021 3.44693539062 3.90042397702 4.22856228179 4.06582146935 3.49602937881 3.00452441181 2.35403729887 2.47504697518 2.56468404842 2.90927445041 2.1276404958 1.88338407138 2.21472416327 2.74186937009 2.91157871903 3.06949999792 2.70342975913 0.943018583933 0.435399138031 0.711942914122 1.15832830439 0.954443933745 0.788838284027 0.799085033786 0.663971275613 0.744789536914 0.71137312213 0.71464749502 0.69720026414
-9999 -9999 -9999 -9999 -9999 -9999 -9999 -9999 -9999 -9999 -9999 -9999 -9999 -9999 -9999 -9999 -9999 -9999 6.61055364291 6.00204516835 5.16528176119 5.57884282392 6.11634790824 6.47211771444 6.0532174612 5.7135012574 3.61368434716 3.56793845932 3.47617881555 3.73340452666 3.23694600473 2.9981252053 2.9642438538 3.01713399048 2.3216733027 2.72682897817 2.72339101928 2.17755268953 2.05063867392 2.43221451548 1.94277188185 1.77287212846 1.66108537221 1.65093909252 1.47871301547 1.51534337284 0.548392641063 0.554700356421 0.863440097185 0.802115558056 0.828386005617 0.866953802559 0.677724554778 0.694474055088 0.761585523931 0.806603085632 0.746718421633
-9999 -9999 -9999 -9999 -9999 -9999 -9999 -9999 -9999 -9999 -9999 -9999 -9999 -9999 -9999 -9999 -9999 -9999 -9999 5.33610984071 5.38989858999 5.63988293581 5.55078707727 7.01326162521 6.39798115902 6.32418242991 5.15549677897 3.64169536113 3.20048687026 3.12175794104 3.15291526424 3.06741758958 2.80273695206 2.78887242982 2.07283390525 1.68261812899 1.65593573386 2.21591710684 2.10403169338 2.29211148163 1.85120922787 1.73176336885 1.48653694826 1.76559378437 1.75055431462 1.81873828248 1.29756183054 0.548316987574 0.430120682121 0.905502601168 0.738475462324 0.822350018811 0.676358512488 0.670726074949 0.7587385183 0.729467078778 0.603181955225
-9999 -9999 -9999 -9999 -9999 -9999 -9999 -9999 -9999 -9999 -9999 -9999 -9999 -9999 -9999 -9999 -9999 -9999 6.2219141207 6.52678968303 6.59474560113 6.50227875843 5.65062980869 6.75586696131 6.34978868937 6.39439736556 5.85308157527 4.9221543627 3.53114361685 3.34737416588 3.24334458802 2.13462146283 2.81088836273 2.55918891869 2.16497402398 2.59292308284 3.24892113942 3.09377465523 2.86561250682 2.66418086684 2.45198535231 1.85059117297 1.65594020495 2.16257973478 1.6971445857 2.05921855855 1.67676339 2.28938227837 1.38134744276 0.588962498808 1.19964848033 1.3378886704 1.32455108991 1.21833449139 0.97104809733 0.882643909439 0.79535184398
-9999 -9999 -9999 -9999 -9999 -9999 -9999 -9999 -9999 -9999 -9999 -9999 -9999 -9999 -9999 -9999 -9999 -9999 -9999 7.20571167699 7.16851269107 7.00973917884 5.89206247748 6.86033687539 6.61476826808 6.56879132734 5.74592818499 5.83964676681 4.67127035026 5.31922760197 4.49969407283 4.51726316743 4.14996852226 2.80711856741 2.8617177037 2.42736535848 1.59464694181 1.41890268189 1.29233120433 1.29403869645 1.52087377519 2.00252381758 2.15254933352 2.85928232017 2.76577036192 3.19931888518 2.1145087538 1.75673546221 1.73066755188 0.984540460135 0.352249867565 3.20059801805 3.50639619046 3.01038565854 2.09081357212 0.557247421559 0.580501896243
-9999 -9999 -9999 -9999 -9999 -9999 -9999 -9999 -9999 -9999 -9999 -9999 -9999 -9999 -9999 -9999 -9999 -9999 -9999 -9999 6.62747298452 6.92135273906 5.93567004314 6.68528427202 6.37197230537 6.51725868796 5.67401718534 5.89989088314 6.22739641652 6.09414731378 5.67414520894 5.58492386804 3.22304761651 3.60168023238 3.34814732091 3.49609502123 2.37800815892 2.68001263839 2.64025659184 2.43973321708 2.04027125283 2.48149132831 2.46549815454 2.21447185205 2.73787507451 2.41841409237 2.04920057366 2.25753827535 2.03487340587 2.06392771785 1.4311534884 0.773908854822 0.387694740098 0.75831280878 2.4008245166 0.518798051444 0.533795058973
-9999 -9999 -9999 -9999 -9999 -9999 -9999 -9999 -9999 -9999 -9999 -9999 -9999 -9999 -9999 -9999 -9999 -9999 -9999 -9999 -9999 6.88337573756 6.37314145496 6.49937207274 6.22289525 6.08894643093 5.7596914427 6.12646791574 6.12503366331 5.98847319708 5.46530347353 5.98871157678 3.7951620899 3.31044042981 4.3174215174 3.73186217887 2.95401973471 2.16804509906 2.0605319217 2.33035342347 2.8808762545 3.01511209428 3.21268685504 2.37121551356 2.02410346643 1.62799831492 1.90357354257 2.05761327912 1.99504613065 2.34811744115 2.10729741797 2.17595200801 1.36737836335 0.763706271873 0.218977089008 0.304030025052 0.367274347391
-9999 -9999 -9999 -9999 -9999 -9999 -9999 -9999 -9999 -9999 -9999 -9999 -9999 -9999 -9999 -9999 -9999 -9999 -9999 -9999 -9999 6.28216160965 5.93146449609 5.92928137971 6.57967605154 6.58636105267 6.04393880104 5.31952616394 5.03942537851 5.98530847959 2.7807554946 5.58370078898 4.08376620963 3.49360372589 2.23910221168 2.66490277504 2.4435593109 2.24983699871 2.1040460342 2.54763524302 2.90684042069 2.80155564063 2.27443188289 2.19813314697 2.55431664397 2.43704008692 2.24688067701 2.19997423004 1.46490166205 1.6308350898 2.10152039012 1.7690200324 1.30799257374 0.446923955924 0.4347081238 0.244411947022 0.26630552983
-9999 -9999 -9999 -9999 -9999 -9999 -9999 -9999 -9999 -9999 -9999 -9999 -9999 -9999 -9999 -9999 -9999 -9999 -9999 -9999 -9999 -9999 6.18622523327 6.64103399517 6.98820589103 6.74225041725 6.17508113281 5.6574628777 4.24331957323 4.68388130087 5.04845114393 5.20190443329 3.82915924607 3.59906443838 3.83938278358 3.12548059524 2.90082862244 2.70746793864 2.62396386819 2.63596243007 2.97641248402 2.18840461315 2.30006656427 2.7877666667 1.79444382051 1.64028540429 1.23730241987 1.49779906562 1.83143360162 2.94574097261 1.44359784429 3.22851751308 2.90967235476 0.831466835648 0.259045156676 0.216346394314 0.246906635147
-9999 -9999 -9999 -9999 -9999 -9999 -9999 -9999 -9999 -9999 -9999 -9999 -9999 -9999 -9999 -9999 -9999 -9999 -9999 -9999 -9999 -9999 6.34114431171 6.21161149958 6.89239791879 6.89022678489 6.3135332138 4.89874775569 4.66896282211 4.81782505897 4.37274170439 4.45577919633 4.31214456217 3.80985685636 3.17478208125 3.96804139145 3.06904698522 2.67346549856 3.0630113327 3.27991782212 2.40157253306 3.02944160632 2.33004790596 1.97454866212 1.78925605055 2.02903134422 2.17000101899 2.42495511549 1.56165494524 1.51435609611 1.42377306633 3.48755389637 0.57504804992 1.55178723524 0.744063460273 0.627800796137 0.40770540861
-9999 -9999 -9999 -9999 -9999 -9999 -9999 -9999 -9999 -9999 -9999 -9999 -9999 -9999 -9999 -9999 -9999 -9999 -9999 -9999 -9999 -9999 6.38017718326 6.637408778 7.37490760321 7.02839515237 6.54661587301 5.69349820727 4.91401396858 5.53487466497 4.82139867789 4.44309792279 4.10182905146 3.96433567408 4.1491770427 3.13406657189 3.05840557673 3.84320353757 3.41883027461 3.166885213 3.1515204631 2.60639065716 2.02105265771 2.38010498099 2.76113785775 2.58754338311 2.48196999567 2.20923297694 1.78126216508 1.78441133111 2.10221101569 1.80971501446 1.23312474457 1.39504317819 1.54840177455 1.70046519248 0.786419686689
-9999 -9999 -9999 -9999 -9999 -9999 -9999 -9999 -9999 -9999 -9999 -9999 -9999 -9999 -9999 -9999 -9999 -9999 -9999 -9999 -9999 -9999 -9999 6.86523297174 7.43725614233 7.08669263138 6.26045955595 5.18903791388 4.62993156368 5.34278196751 4.84412885085 5.13542221597 4.74169630573 4.9034890193 3.7387842378 4.06664856744 4.09652530807 3.66848701514 2.61814405429 2.43437461234 2.02193386882 2.48432350388 2.99356501823 3.02227486706 2.62613614541 2.39415676 1.55191597095 1.41232082591 1.34429196154 1.43434114336 1.1712147642 1.40930401047 1.51060075214 2.11568051478 0.951166517224 0.560415445067 1.23455521675
