data/recharge/transience/recharge18.asc
ncols                  80
nrows                 72
xllcorner      4374000.0
yllcorner      5656000.0
cellsize            500
NODATA_value       -9999
[rows 26 to 51 of 72, columns 0 to 56 of 80]
-9999 -9999 -9999 -9999 -9999 -9999 -9999 -9999 -9999 -9999 -9999 -9999 -9999 44.684357822 43.0659661097 42.6203042332 42.3039946418 42.632189489 39.2125283374 37.7012214109 35.2289710736 35.8054699455 34.6816995837 30.9529426131 35.6845177939 36.0019140216 34.821710602 33.2450295221 31.0873385839 32.4728966725 28.8720692203 27.7840994807 26.0347192452 32.0529369157 20.2541278025 15.9731905141 28.8358167177 24.356406989 25.4519413351 17.9438464228 15.9928068826 20.8810208481 15.2333406812 18.9499094206 18.744535321 20.2183445986 21.9676186622 21.3524869399 17.0349955183 13.2180771719 12.1993206309 13.0198590969 14.3926431054 17.0905499466 14.590498059 11.8350994653 11.8651256453
-9999 -9999 -9999 -9999 -9999 -9999 -9999 -9999 -9999 -9999 -9999 -9999 -9999 -9999 43.8028372911 42.3078208989 39.8543962384 41.4379384988 39.2186955906 40.2860837917 36.807293799 37.2428895952 34.359390661 34.6727507874 33.2740496564 32.0270127818 31.7784191148 35.5644737462 32.8267987992 29.6871255266 29.6141858331 31.3674278787 27.8664528022 38.2326044814 23.7833156204 23.3112246744 28.6882412274 22.5162728102 19.0209470301 17.8494435504 17.7067300839 18.2181188544 20.8141774769 17.262030357 13.2379140772 15.2296698936 13.0204572073 13.6667083094 11.9947206817 14.2040111607 13.7814733116 10.5747265117 10.1611070289 14.3390768248 14.4476441854 22.5509711006 26.7409051915
-9999 -9999 -9999 -9999 -9999 -9999 -9999 -9999 -9999 -9999 -9999 -9999 -9999 -9999 13.8689184945 29.7638338899 39.0528846827 42.3073646339 40.5432701094 40.5422263352 38.8778987555 37.3815616883 33.7227008464 35.7275438723 34.6044600912 36.4763131014 30.8950157266 29.6980037028 30.0576041394 32.2182105492 25.7431193617 14.7797367778 27.1271518476 35.4016788439 30.4951293779 19.5715627152 26.2669538755 16.0010487609 16.7106512564 16.8515941653 15.5139545577 16.581565973 15.7924949004 19.0048307503 17.0977275953 14.1681439803 10.4919148953 11.1340426235 12.8601454919 12.2712816074 15.6414004388 17.6068660661 19.4741874994 22.7571321403 23.017989888 24.2121874573 35.5477636471
-9999 -9999 -9999 -9999 -9999 -9999 -9999 -9999 -9999 -9999 -9999 -9999 -9999 -9999 21.2172259256 30.9412856438 40.8904841168 44.8425807005 41.2764860305 40.8640910684 38.4969066291 38.7351281764 37.0623608801 35.3734043707 33.2333241649 32.1988567161 31.3932202778 30.9560332421 28.3043322034 29.4196011733 28.0349888538 27.4271872219 26.421278022 36.8439571905 46.6568871946 17.1806677099 21.9941609996 28.9327428667 12.343944594 15.2929797088 14.0295279884 16.0549463099 13.97460743 14.4747976974 12.7193473472 14.5030654482 11.0026887828 14.9461625876 22.8753539613 25.7021738735 23.9178348107 15.5866934385 20.4033899453 17.14012216 16.9480772465 21.389016212 20.4819780421
-9999 -9999 -9999 -9999 -9999 -9999 -9999 -9999 -9999 -9999 -9999 -9999 -9999 -9999 47.7747787711 45.0573426608 42.0781516878 44.2435637916 40.7966102273 41.1158544315 38.501169704 38.0243457478 35.3017832093 36.0201746447 34.0496041947 34.6677305023 31.4051941764 32.0382204671 29.9053304275 29.2112556781 28.6427553998 29.6168341117 28.0840485121 22.1344297773 17.4757849386 17.6126979252 16.2892103047 31.4062600938 14.2871137352 19.4218575526 14.5714123481 12.9513927141 10.3838567585 11.3764910013 10.0695849195 11.5358338756 19.3027799869 21.7487758994 34.0326846641 36.6455219907 29.7467678934 33.2609031736 25.9977096238 25.1019905377 22.4595819018 20.0168706961 21.8417576529
-9999 -9999 -9999 -9999 -9999 -9999 -9999 -9999 -9999 -9999 -9999 -9999 -9999 -9999 -9999 43.9375168927 41.5990978285 41.3098951539 38.0899316527 36.769548626 36.9976923196 37.9714024025 35.6215381562 35.8632846439 34.2696926216 33.8074585738 30.7033323737 30.9016086323 18.9177022745 29.0265634575 26.4238622684 26.3163987431 24.8626070571 21.0276742824 18.0604955285 18.1434629844 17.3776583382 17.2350085989 16.7171849014 14.4256927324 11.6074774788 15.8583425722 7.10949474246 8.45143759697 9.79890857881 9.66021207371 7.6719997592 8.28960649574 14.3693855434 17.6958576223 13.3320473097 11.8632291892 18.4023655545 25.4377051619 24.8891374381 24.6854996878 22.6445458171
-9999 -9999 -9999 -9999 -9999 -9999 -9999 -9999 -9999 -9999 -9999 -9999 -9999 -9999 -9999 -9999 41.1390703594 41.7837386148 37.5450708253 41.241476309 40.143155009 40.2753452214 35.4983180205 35.5578655878 35.0121229217 33.5327298807 31.0128074696 28.8152696933 17.5263666174 27.1352936197 28.6115271634 21.2933338148 15.4997066142 10.4254514861 17.3919608206 18.1592764096 17.7890315641 18.3576532746 18.0265927941 23.6473363531 36.7958675752 35.0229481819 26.9324342085 12.017238172 6.57005142411 4.93906299537 4.34775840077 15.2825138685 12.3589225978 9.32287504317 13.8725345904 20.0269437237 16.5630011712 13.8375286368 16.41511918 14.7769434448 14.2806795113
-9999 -9999 -9999 -9999 -9999 -9999 -9999 -9999 -9999 -9999 -9999 -9999 -9999 -9999 -9999 -9999 48.4642933445 45.6679597307 41.5222548143 43.3188751809 38.6127185453 37.5267670214 35.3253028406 35.6827126808 34.1393309388 35.1604070918 31.6614664064 31.4971585717 18.8146485727 25.4980403793 18.9132557918 14.0408198653 16.0256401268 11.7109587203 17.7013626626 17.7635681478 22.0873130304 18.4912012196 17.8893595865 18.7377898327 27.7917597391 23.3000248362 29.2320666996 27.3685809491 16.7191213799 11.3809963966 12.3911383482 15.5121334487 9.02004612041 11.7078503437 16.7328898143 17.4636361635 21.6540559758 22.5580657391 25.6526796853 20.9895710089 14.4110773832
-9999 -9999 -9999 -9999 -9999 -9999 -9999 -9999 -9999 -9999 -9999 -9999 -9999 -9999 -9999 41.5721405436 40.9497415866 43.1383077825 44.4398139192 42.8985206381 38.6608825635 36.8640656362 34.434192371 34.5057845594 32.7766249681 34.0404161737 31.4566934137 31.6259989949 23.6638104825 28.0301772288 27.4248024789 27.8642338116 27.5982956652 22.8780439906 23.8746431852 27.3133610923 25.5047375936 31.4045235792 27.0000656351 15.7886485426 19.5794660677 18.2329092747 14.2618558379 14.0138743153 14.8893969514 11.1861363136 13.7740678257 15.3777336135 14.6151146581 17.0338754124 14.0034840761 10.7793469851 12.6728376183 14.2324726107 16.051807884 16.4785002502 18.4488951219
-9999 -9999 -9999 -9999 -9999 -9999 -9999 -9999 -9999 -9999 -9999 -9999 -9999 -9999 45.8895941577 43.9697783643 41.7799886211 44.0447120653 42.6891848354 42.273916048 39.582090817 39.9247537483 35.5604568954 35.7607359993 31.9124980705 32.2936759532 29.908020205 30.116564862 27.9234925145 28.0200927973 26.1525403873 26.6030143948 23.9742668924 25.8870810955 25.3705828061 35.1148826841 27.718840422 21.6153771094 10.661753347 17.3330576524 17.8046681771 11.1063981315 10.4537650038 11.5022281106 8.444971074 7.22265355039 10.5780800929 16.6835912771 16.5362746509 13.4312354429 12.2871796364 12.1561770309 13.6832555965 13.3480712316 13.0312018713 13.9155857241 13.94371843
-9999 -9999 -9999 -9999 -9999 -9999 -9999 -9999 -9999 -9999 -9999 -9999 -9999 -9999 46.040536751 47.7152358363 44.4099128478 43.8103419567 40.1492506994 39.7030637365 35.9761878867 38.0943434887 34.838684602 35.2482142622 31.6731569374 30.9130380882 30.6968299046 31.9087797181 29.5489079342 28.5112680438 27.5063319146 30.5155285378 27.5071542086 25.8815709789 22.666767739 30.6147286977 32.5131349604 37.6333846144 23.6648536239 24.2445195267 31.108755461 28.9892026517 14.0370857433 12.8013916297 12.2022795151 7.44166188768 12.5258365404 23.2673717209 21.8348457059 23.884598882 23.9092463941 23.7885716551 20.2879032858 18.4437184467 20.8282732478 20.2503677046 16.8316561285
-9999 -9999 -9999 -9999 -9999 -9999 -9999 -9999 -9999 -9999 -9999 -9999 -9999 -9999 -9999 -9999 45.6139222853 47.7728662157 46.4847011059 45.7909958647 42.078167643 37.3397731101 36.8185590805 36.6248219 32.5487525819 35.1583214278 26.1558843401 27.1961097553 24.4717099519 29.2112513036 30.0499371568 28.2842131831 26.1832412672 23.761213221 24.2315209999 24.3781681044 28.1256021016 24.4948661405 31.398777165 29.9656198562 21.2663241579 20.3013127739 27.1628796128 20.5112408464 8.96783893816 10.5475585448 9.84022695591 13.4220144674 16.1645005302 18.7816720509 18.5816243382 19.0105019245 18.1201936932 16.0888977562 11.7463509642 12.5450865437 18.5599782032
-9999 -9999 -9999 -9999 -9999 -9999 -9999 -9999 -9999 -9999 -9999 -9999 -9999 -9999 -9999 -9999 48.9026396201 48.6108271241 47.1376189371 43.0810047941 41.7248536654 41.7849897804 33.7408530935 34.3410584146 33.6018413297 36.3316305827 31.8255421255 31.0299656206 29.0449157889 29.6816311529 30.8212703235 29.7993251141 25.6863348591 23.7383106512 19.0394292545 20.0432529777 20.6529046368 22.9220782766 17.6805281381 15.7342134612 19.3103570733 23.1698353992 17.3024459552 21.0875879991 23.2506723577 9.69075164748 5.48932786509 9.30993043394 14.8535055382 11.4894522842 9.34265726971 9.53097053956 8.02201077365 9.48231001967 9.51903970143 9.5975374797 9.67025712262
-9999 -9999 -9999 -9999 -9999 -9999 -9999 -9999 -9999 -9999 -9999 -9999 -9999 -9999 -9999 -9999 -9999 -9999 47.2887602018 44.5817979207 40.4544977015 41.7085305136 39.1511778993 35.8610587119 32.6675982237 34.1177525337 30.3937404859 31.4755604767 28.8886563752 28.5247299496 23.7040052974 21.5316427194 20.5693822365 22.6356278074 18.7748497603 21.879418007 21.7357270354 17.4407723464 16.6391499139 20.6059602731 16.7917509227 15.0547304662 14.5979256542 14.4945052095 13.3563660915 14.9636367453 6.84083282883 6.92021374844 11.8617580434 9.16809656789 10.5556290368 11.6792383354 8.24050277488 8.52662137164 10.432690993 11.285778726 10.5955572846
-9999 -9999 -9999 -9999 -9999 -9999 -9999 -9999 -9999 -9999 -9999 -9999 -9999 -9999 -9999 -9999 -9999 -9999 -9999 42.103783435 40.4052004868 41.1400644145 38.835888239 38.4964044785 33.5839484154 32.7520421165 30.7181459371 29.7819501377 23.1804560185 22.4589166473 22.0664870553 22.5632622304 19.0526815813 18.2589592478 15.5605333834 14.82269464 14.5269762964 18.4296860042 16.9302870052 18.6034230871 15.2423986625 13.9574546369 11.9207349859 14.9162170566 15.859642498 16.481233361 13.3257692567 6.4855839814 5.5546349832 10.8081033586 9.99850569723 10.1415505041 8.27633323222 8.17408851032 10.6777016953 10.1305444182 8.3787311049
-9999 -9999 -9999 -9999 -9999 -9999 -9999 -9999 -9999 -9999 -9999 -9999 -9999 -9999 -9999 -9999 -9999 -9999 44.8158338818 46.0720826833 45.1693872982 44.7118507677 39.3747089979 35.7970617766 33.0902405257 32.7257477395 29.2955591575 32.1749683987 25.973362196 24.4419819102 20.1462803453 13.070300545 21.0283338311 20.5381888966 19.4166045016 21.8175780216 24.5944360615 23.8899082807 23.2515453787 22.1741447146 20.5362575453 15.2251719401 13.9388453213 13.1543009768 14.4081035825 13.9524701411 16.0617471047 20.3478078805 13.4134961483 7.39980235374 11.7520831594 18.2726361517 20.0029475846 17.8976238088 14.8248982116 13.0072903647 12.1484497192
-9999 -9999 -9999 -9999 -9999 -9999 -9999 -9999 -9999 -9999 -9999 -9999 -9999 -9999 -9999 -9999 -9999 -9999 -9999 48.1942434269 45.6227710478 44.8344131654 39.3392780603 35.8809221607 34.0672212355 33.5880896242 29.1237457905 29.6840963984 28.4834193233 31.5780365259 22.8435117729 22.8494930014 27.1036494488 21.7204892859 19.6119201439 17.002647888 13.8285403854 12.0372665498 11.1042930141 11.1088783988 12.4406131782 15.8407913749 16.0753733903 15.7294438776 15.7156759562 23.6476263415 19.6412517881 16.0936891449 16.5704071292 10.3190788041 4.45706938529 13.5159076068 16.7662098387 16.255862136 20.5673233122 8.5039928912 8.27323295611
-9999 -9999 -9999 -9999 -9999 -9999 -9999 -9999 -9999 -9999 -9999 -9999 -9999 -9999 -9999 -9999 -9999 -9999 -9999 -9999 43.5344151543 44.7526911686 39.4655180542 38.1818410592 31.6160186083 33.0504038742 29.2002782788 30.1374990965 30.0821166008 28.7087570438 25.5503023586 24.931593571 22.8994091391 21.4859520322 17.8172355906 20.3317990305 18.8359926891 20.1755090807 20.6320982376 19.1491946075 15.6108671724 19.4967295752 20.4615796218 18.54463026 23.0294742291 20.9051276286 19.0621191668 20.8469798636 20.0494818307 19.893093774 15.414885768 10.1621335617 5.86499148104 6.21460488163 13.736019752 8.40158282903 9.27185409812
-9999 -9999 -9999 -9999 -9999 -9999 -9999 -9999 -9999 -9999 -9999 -9999 -9999 -9999 -9999 -9999 -9999 -9999 -9999 -9999 -9999 43.6243610927 39.8905303614 39.8684152391 30.6723988642 29.4264820977 28.1764570185 30.6091084169 26.8798612271 26.0027650559 25.6176212223 26.6629823085 23.7690206607 16.2597181112 24.9649394979 23.6095482369 19.8831332919 16.7506779067 15.7800668179 16.2329139621 20.8432242258 21.6158298618 23.7338585349 18.8763732801 16.9868710467 12.9898215855 17.033635701 18.477379394 19.2245913873 22.2801833405 26.5937889913 19.8443597721 15.95822621 10.6566496554 3.76517105729 5.24387831028 6.99230765422
-9999 -9999 -9999 -9999 -9999 -9999 -9999 -9999 -9999 -9999 -9999 -9999 -9999 -9999 -9999 -9999 -9999 -9999 -9999 -9999 -9999 40.7531578537 37.9882485903 37.897966667 34.853255763 34.4655922658 30.9445907459 33.2795136494 28.802585537 28.0265802985 14.1765084836 25.6415413368 25.6471629681 22.6897631873 16.0738113851 17.6650123099 16.506433053 18.0341901072 17.5547364987 19.8771274055 21.0041991412 20.3742388948 17.5090970615 17.2427023777 21.2311984081 20.425945191 20.1429165013 19.7491284686 15.5721929249 15.830175196 18.0692773853 12.1528613676 11.117224517 6.42610067352 7.38685599517 4.19763414375 5.11339309845
-9999 -9999 -9999 -9999 -9999 -9999 -9999 -9999 -9999 -9999 -9999 -9999 -9999 -9999 -9999 -9999 -9999 -9999 -9999 -9999 -9999 -9999 38.2834513585 40.3350121124 35.5941102938 32.8351769154 29.1818079367 33.3905879795 26.0960168577 26.2353592756 25.306717049 26.4905095456 21.6167955197 21.0643899516 22.3014497058 18.7009729936 20.2403914777 19.3328295982 20.1734478243 19.4082844202 20.5164557475 14.8601926995 17.0504703505 20.562020054 14.3664771879 12.8661428843 11.8870628607 15.3580866317 20.1490413997 19.9733067634 9.60254243703 13.8215780474 23.2297907698 10.9762048575 4.60867189435 3.84110423479 4.9690165019
-9999 -9999 -9999 -9999 -9999 -9999 -9999 -9999 -9999 -9999 -9999 -9999 -9999 -9999 -9999 -9999 -9999 -9999 -9999 -9999 -9999 -9999 39.0681101707 38.3818490232 34.7056093953 34.5596477775 30.6673691047 29.6590755689 26.9329906902 27.7288991718 24.1460578275 24.6595884356 23.7893363626 22.0380317067 18.9910845955 22.9475180908 19.2198546452 18.6970406865 21.9571088369 21.280890132 16.6625661838 20.81277736 17.3110283131 14.1013857529 13.7173270187 16.7185451226 21.360381867 21.2426214665 14.3685533307 14.0502146714 13.6528848477 21.1135903385 8.63072052095 16.7913595426 11.1558023963 10.0391055425 8.05182615965
-9999 -9999 -9999 -9999 -9999 -9999 -9999 -9999 -9999 -9999 -9999 -9999 -9999 -9999 -9999 -9999 -9999 -9999 -9999 -9999 -9999 -9999 38.4546089449 39.6664374438 37.2818684047 33.9796113455 30.9976134513 32.1230108936 27.5918850869 29.067680964 23.9729888387 21.7705412825 19.6656638766 20.5332582021 22.2706580017 17.2443614522 18.0059189162 21.9601228503 21.0241274549 19.6949373801 21.0867552131 17.8482732012 14.4676349045 17.6455952465 21.4665401319 20.585335724 21.4745794193 19.3867388433 16.9606174073 16.9882295062 21.5673910546 18.7623820272 15.414509612 16.0178573722 18.8474836915 20.142703125 13.2627227854
-9999 -9999 -9999 -9999 -9999 -9999 -9999 -9999 -9999 -9999 -9999 -9999 -9999 -9999 -9999 -9999 -9999 -9999 -9999 -9999 -9999 -9999 -9999 40.9595132625 38.1115172613 34.5946563107 30.1122072133 31.1503932783 27.382566762 28.0691368522 24.1386761726 25.6761349912 23.3880962948 24.8115664473 20.3475736228 21.8687142935 23.1863135024 21.1505795023 16.4038035847 15.4353367986 12.9701408935 16.9811415916 21.8107007961 21.8656161284 20.6123158609 18.9587037077 12.648888996 11.3774001225 11.9956915188 13.0299792694 11.2537818817 14.1542020844 17.0366116553 23.2764789754 13.9469794968 9.40467556671 18.7637998158
-9999 -9999 -9999 -9999 -9999 -9999 -9999 -9999 -9999 -9999 -9999 -9999 -9999 -9999 -9999 -9999 -9999 -9999 -9999 -9999 -9999 -9999 -9999 36.5345902505 36.2580988487 35.9667653486 31.8555356381 34.7958986992 28.2161355038 29.3516508047 24.9405707024 25.9883578588 22.9169123132 22.0698777993 21.4986318309 21.083471017 20.4630778857 18.4074659924 17.7428867268 14.8404698408 23.6399614209 23.7621264627 23.9859739588 19.7581317373 15.951224351 17.0730497792 20.1927607956 21.6111452742 19.7723301231 19.3905817801 22.366751661 22.979269432 17.834059933 14.0557623376 14.5412909823 21.2304094897 16.3787640588
-9999 -9999 -9999 -9999 -9999 -9999 -9999 -9999 -9999 -9999 -9999 -9999 -9999 -9999 -9999 -9999 -9999 -9999 -9999 -9999 -9999 -9999 -9999 -9999 38.2951264478 36.0036090758 32.0532929092 31.4297337458 27.788439454 29.1647295267 25.0566468643 20.8230416532 23.5299512551 22.4284451122 23.5005617973 17.5800977445 16.8873691793 21.7686786836 22.3078713797 23.1115780153 24.9683658296 18.417026117 16.0064754649 18.1253151191 21.232729457 19.9639066874 16.3915235516 19.4460459154 22.4055741955 20.2801534105 17.1930690596 12.8325096493 13.6444370538 20.8651309499 21.3989689275 16.0645774928 17.931651927
