data/recharge/transience/recharge95.asc
ncols                  80
nrows                 72
xllcorner      4374000.0
yllcorner      5656000.0
cellsize            500
NODATA_value       -9999
[rows 25 to 49 of 72, columns 0 to 56 of 80]
-9999 -9999 -9999 -9999 -9999 -9999 -9999 -9999 -9999 -9999 -9999 -9999 13.3395095472 12.5909304357 11.6378764884 10.1149129627 10.5194225667 11.3634393982 10.0720437075 10.1182094061 9.40371222591 9.5690923129 7.89065415402 5.82301109695 6.4865612251 8.10226363018 5.63189403561 5.98858539937 4.44849849597 3.78440597625 3.25073695505 2.94929873101 2.86365031334 2.86974680223 2.18156120361 3.14098950265 2.86614578779 2.99800098658 2.16693770494 2.08644475845 1.63820489774 1.17671904276 1.92940618655 2.80971758639 2.72328006574 2.78221668643 2.80901951751 2.79259532723 2.66043947993 2.85270204605 2.4723721353 1.40650797403 0.971930271627 0.735472348716 0.739828604215 0.829919429999 0.830955445536
-9999 -9999 -9999 -9999 -9999 -9999 -9999 -9999 -9999 -9999 -9999 -9999 -9999 11.6063703861 12.5278246134 13.0454263118 12.2866799628 11.4652963822 10.7247693481 10.4145095079 10.2841874038 10.9842392329 11.0159979797 11.3266197051 7.81255540159 6.37727124886 5.74849191624 4.91302621401 4.39571813456 4.86058100872 3.93370725619 3.58064881157 3.84646991999 2.27635910129 2.30595022577 1.7948246008 2.8641603121 2.67445910744 2.64028149544 1.74730049708 1.40399524984 1.88502855057 1.00594987303 1.1952881627 1.19289827769 1.64863030776 2.40037981538 2.31981328592 1.10567006974 0.678585424041 0.663161563052 0.744199508406 0.855561641567 1.12159862567 1.12350437132 0.638278499795 0.660878191387
-9999 -9999 -9999 -9999 -9999 -9999 -9999 -9999 -9999 -9999 -9999 -9999 -9999 -9999 10.9632412045 11.0137010148 11.6441948214 10.0036753066 10.0258959793 10.7051097559 9.81189601835 12.0419607538 10.3019376418 8.86377795992 6.35527009191 6.33265509979 6.4374803878 6.90534231426 4.74329306598 3.97558553952 3.97461659948 4.78299175188 4.97490811555 2.98614730823 2.81671407776 2.46592076865 2.73274403742 2.13793955448 1.85417021719 1.53336293113 1.52749831146 1.49329580333 1.73577070484 1.22335897609 0.794615660549 0.975122842286 0.73325209013 0.753693284463 0.641536145332 0.834142183769 0.809002122394 0.562780593642 0.528590149058 0.942122994052 1.3048215669 1.95833396628 1.91112959585
-9999 -9999 -9999 -9999 -9999 -9999 -9999 -9999 -9999 -9999 -9999 -9999 -9999 -9999 5.4155196295 10.4164281017 11.7901053183 10.6632176685 10.2285022797 10.7755114319 10.6580528583 11.826074177 9.62052298478 11.8701267241 10.2016117238 9.8364781011 6.20962716585 6.34263151512 6.62540465573 6.55937720691 5.19832107029 5.08387347075 4.78069433206 4.58337325614 3.0289397059 2.17222004444 2.55266958691 1.4479640874 1.48019792307 1.6206860995 1.2903720016 1.4933705257 1.41301781889 1.66940803509 1.28175975797 0.962034738533 0.733912274808 1.16853754342 1.25146769327 0.723307529743 1.03751051475 1.25442291392 1.48888929805 1.7210690339 1.7476743026 1.76460891768 3.88883430021
-9999 -9999 -9999 -9999 -9999 -9999 -9999 -9999 -9999 -9999 -9999 -9999 -9999 -9999 9.05543239023 12.5403024735 13.8524190988 11.4405425217 11.4332652243 11.2067328406 9.58355990576 11.0186040138 11.255345824 10.8372972328 8.41776032319 7.78339697106 7.30985566084 7.83529687967 5.71156018015 6.30954163261 5.33769456681 5.09134749814 4.61880486497 3.20170559212 4.44434402803 1.91416623521 2.08547385016 1.88165378566 1.25996334002 1.49232727172 1.25893668619 1.53852038014 1.20174562616 1.25328177225 0.846323894963 0.995263352216 0.649673081483 0.99694225031 2.09273842025 2.31692393679 1.85942196616 1.07642685939 1.76173699357 1.5742484191 1.4581538121 1.68862618115 1.52631277562
-9999 -9999 -9999 -9999 -9999 -9999 -9999 -9999 -9999 -9999 -9999 -9999 -9999 -9999 16.2237785767 14.1503043682 13.6613626252 13.3607908018 13.7193122712 14.6342196566 12.8949590879 12.2504371015 11.9592805291 10.6686892646 7.00921273344 8.08581093159 6.93866705872 8.88329052371 6.77770818027 6.48459219899 6.27236631416 6.89848975719 5.87006540306 5.21275929253 2.20253756302 2.22186033419 1.78702182021 2.84809122318 1.37508641723 1.73696472835 1.15965327879 1.03813430316 0.861716383903 0.970169414839 0.733151580382 0.791750689158 1.53872463746 1.87800965921 3.91080497099 4.56900536892 3.12261337276 3.56173000005 2.30203790705 2.35329055855 2.13484505643 1.69269041912 1.90661597875
-9999 -9999 -9999 -9999 -9999 -9999 -9999 -9999 -9999 -9999 -9999 -9999 -9999 -9999 -9999 12.1296526448 11.7670317098 10.5449702575 12.6605162525 11.4857444868 9.6307813679 10.0580278251 11.636777873 11.2301269363 6.94749048771 8.80250977131 6.97135491038 7.38682688217 7.18277708478 6.27328776652 5.28277108309 5.19058732426 4.31597403852 5.3188986563 2.35120890025 2.36975542803 1.99005143242 1.95672928548 1.7321405269 1.60868288045 1.25916374391 1.65420843522 0.57722029054 0.57785701433 0.63569619347 0.631303434003 0.674232118917 0.763264752706 1.16307222787 1.27218719649 0.896772828364 0.762907753726 1.45048472851 2.80533666749 2.67169548406 2.62192049853 2.05825053687
-9999 -9999 -9999 -9999 -9999 -9999 -9999 -9999 -9999 -9999 -9999 -9999 -9999 -9999 -9999 -9999 11.7088084855 9.82406661234 12.2596436977 15.166045892 14.8165235291 12.9801691089 11.0382458536 8.54873392158 7.67147493231 7.49412998806 6.68742405387 6.75632732507 7.05387199411 6.73324526071 6.19539959017 6.75138036619 5.73186931202 4.37458101341 2.43654306269 2.64062976784 2.33823609652 2.49698562053 2.26156438446 2.80875907882 4.43162892908 4.16122743131 2.68853832277 1.43114568911 0.669879026693 0.467442559193 0.364631113608 1.12490167691 0.876323149816 0.610660377259 1.00266664241 1.84021971453 1.28814271901 0.979057083158 1.2486610444 1.05900129716 0.918122289951
-9999 -9999 -9999 -9999 -9999 -9999 -9999 -9999 -9999 -9999 -9999 -9999 -9999 -9999 -9999 -9999 11.0312241387 12.0736380605 15.5072504773 13.0657317457 11.5637664708 14.0113049946 11.8757110434 8.32670542475 7.55964314779 8.32010447768 7.20561453182 7.10289843431 6.77422474558 6.27507482328 6.08265610837 5.95981554864 5.95980976941 5.21152203163 3.40691955976 2.54726974933 2.87711912459 2.55625449278 2.23114513048 2.18319105429 3.09096442717 2.68902065304 3.16135769229 3.65086703519 1.99887935673 1.28714790162 1.17024935453 1.34892033826 0.574642002068 0.814035329599 1.33728440824 1.43712473869 2.1245014688 2.31070925524 3.00455522429 1.95561381376 0.930124735943
-9999 -9999 -9999 -9999 -9999 -9999 -9999 -9999 -9999 -9999 -9999 -9999 -9999 -9999 -9999 7.5442217309 7.67017560372 8.86746183994 9.80040451819 9.49437352813 12.295054559 12.9818399066 11.5275156912 8.71348202768 7.16243699747 7.69749466218 7.46830215524 7.59351594168 7.07938612009 6.91906686215 6.33729467689 6.50463345899 6.06540073127 4.95728967802 4.32172008963 3.77283597173 3.21620684821 3.21550352653 2.72958881083 1.90132649073 2.25172577144 2.43131326967 1.89117005491 1.85428612437 1.86211154203 1.34725067353 1.36883373651 1.69359905299 1.13941721079 1.4799001495 1.06388662522 0.749109876338 0.90208838122 1.05863731552 1.24355036153 1.29706830312 1.57899058799
-9999 -9999 -9999 -9999 -9999 -9999 -9999 -9999 -9999 -9999 -9999 -9999 -9999 -9999 8.75869811584 8.43697231953 8.03114100484 8.55461645368 8.14387075162 8.73219694626 10.2649201799 11.4580123131 8.96055309102 9.32358222105 7.19238008068 6.81725638746 6.59311078966 7.05034627353 6.62207469661 6.61664300625 5.70680353357 5.82786683992 4.01383351993 3.73372210424 3.2538858742 5.6858928871 4.07922398764 3.09525863752 1.33065218566 2.17731255959 2.2087574552 1.49015609503 1.33245948492 1.48557214179 0.972301754663 0.80939126518 1.18028234986 1.35022290999 1.39845058039 1.03381878594 0.887703530053 0.875323844836 1.00111428837 0.968519353896 0.916682132552 1.0036312279 1.07533311014
-9999 -9999 -9999 -9999 -9999 -9999 -9999 -9999 -9999 -9999 -9999 -9999 -9999 -9999 12.2689283173 12.878437515 12.660376881 10.3893225264 8.81599898455 8.35956478493 8.76872795904 10.2151441696 8.90575934536 9.440694704 7.54267438007 6.43535551267 5.54548854354 5.88874750874 5.00620294202 6.67260034009 6.62656103653 6.01057291527 6.19065652441 5.46323041853 4.00785472269 6.01291541331 5.78503933111 7.09201793885 3.89289759382 3.99795952732 5.08570207166 4.67774327067 1.99070569316 1.79810392624 1.59703627928 0.909735457708 1.55480503413 2.19591005706 2.32997908377 2.94768816035 2.90816373915 2.87166170292 1.99537085808 1.66441386218 2.02479221939 1.91101946447 1.33768498976
-9999 -9999 -9999 -9999 -9999 -9999 -9999 -9999 -9999 -9999 -9999 -9999 -9999 -9999 -9999 -9999 12.9271956201 14.5977792913 14.4808190239 14.2162184344 11.492941313 9.26979317544 10.1951873388 10.250337636 8.01689433564 7.23351757501 4.52529684592 4.87707361495 3.70025273861 5.15203131516 5.50831692069 5.83682615957 5.5751992314 4.59459836021 4.75765481092 4.81372753219 4.84974551322 3.74780391174 5.29851086741 5.54201252124 3.19604990393 2.94875989044 3.30002066925 2.5369524628 1.12708584279 1.35593882202 1.18235504986 0.996614821652 1.33788091208 1.83858104037 1.76344665096 1.83954377292 1.61501141738 1.32293714583 0.809024525553 0.88275034617 1.56552084034
-9999 -9999 -9999 -9999 -9999 -9999 -9999 -9999 -9999 -9999 -9999 -9999 -9999 -9999 -9999 -9999 14.5172453705 13.8472039236 13.4531828225 10.1904440252 11.4904205793 11.5891638021 8.2317966116 8.85736818107 8.9647587387 8.55397396158 7.31752826203 6.87082074044 5.50622538178 5.98333298093 6.62539693543 6.1840362276 5.14973197265 4.95202227989 3.37639117436 3.68205824962 3.82136993788 4.64784271925 2.94219511785 2.69324281835 3.44766874484 4.66701561078 2.75064721315 3.26036354727 3.3602200521 1.32824313463 0.639570388437 0.995339987217 1.26938382741 0.913487932992 0.669903750031 0.686674840503 0.515153063665 0.632893644489 0.60547709297 0.612827271962 0.59346146268
-9999 -9999 -9999 -9999 -9999 -9999 -9999 -9999 -9999 -9999 -9999 -9999 -9999 -9999 -9999 -9999 -9999 -9999 13.6366866383 11.4448158215 9.96207287684 11.3435208209 10.6681328327 10.3771637297 8.44870251102 7.91953794287 6.3815161906 6.32977244536 5.32574525732 5.54254696348 4.0913322849 3.52128746008 3.54704011228 4.19840355775 3.30226290656 4.31057603406 4.19552456214 2.88144658608 2.5938280116 4.00466917156 2.79329327661 2.40169032135 2.05716368125 2.03704343983 1.76582252986 1.83173479351 0.814635504279 0.837581386068 1.20455901682 0.659012058384 0.737723529703 0.798851276794 0.531129143703 0.553128854124 0.680817223184 0.755811575731 0.666335778233
-9999 -9999 -9999 -9999 -9999 -9999 -9999 -9999 -9999 -9999 -9999 -9999 -9999 -9999 -9999 -9999 -9999 -9999 -9999 10.173841 10.2291010392 11.0819101613 10.4140606575 12.8923992655 9.6668361263 9.15423769284 6.83838881642 5.8606126228 4.15832176205 3.96169418125 4.19759047304 4.12554899216 3.33510757965 3.22219326177 2.41414135861 2.21179648076 2.09232635333 3.16015006852 2.74470456604 3.47145313019 2.59618152063 2.30940618528 1.75764932293 2.35460021817 2.34423352026 2.48970291254 1.55375371965 0.830049435991 0.637365339271 1.26206218011 0.690307709438 0.734772498684 0.532616485403 0.524512137241 0.683762514232 0.638811034631 0.468923450779
-9999 -9999 -9999 -9999 -9999 -9999 -9999 -9999 -9999 -9999 -9999 -9999 -9999 -9999 -9999 -9999 -9999 -9999 13.2517866939 14.472600953 14.6816727211 14.2875579161 11.1653190899 10.352552008 9.38684103096 10.3653874654 8.32294973653 6.93330924561 5.00282591242 4.51591349831 4.09747711616 2.86606906782 3.37245875423 3.51355279603 3.24841576295 4.01063189853 4.97466195348 4.69648983226 4.23450993296 4.11179725178 3.99199887134 2.59110391412 2.12976569631 1.89473842673 1.66541653758 1.7787787645 2.19488833981 2.79220417308 1.73812031491 0.888621666349 1.34571736183 1.72101085122 1.6004969905 1.46298602915 1.04676362554 0.888699081124 0.764238881001
-9999 -9999 -9999 -9999 -9999 -9999 -9999 -9999 -9999 -9999 -9999 -9999 -9999 -9999 -9999 -9999 -9999 -9999 -9999 15.3296919461 14.8782939915 14.1433061179 11.7106058861 10.7289903795 10.6262719857 10.4536462937 8.1319518298 8.66166700274 5.92930068224 7.34216810656 8.86167745982 8.79077644175 5.57819988174 4.42775407402 3.73342353917 3.13077418507 2.04658108347 1.70037315867 1.44498970754 1.4448289774 1.69056698418 2.79311463291 2.53983575979 2.64366644925 2.46863840037 4.35807002336 3.14936540765 2.22897799024 2.1433275951 1.33327392843 0.46627707049 1.45907402801 1.42012537822 1.25876555317 1.40932260908 0.489745102201 0.434918476422
-9999 -9999 -9999 -9999 -9999 -9999 -9999 -9999 -9999 -9999 -9999 -9999 -9999 -9999 -9999 -9999 -9999 -9999 -9999 -9999 12.3999887778 13.6344316615 11.8871071114 10.9693756934 8.80075989241 10.0306275089 7.9870700096 9.00241263394 9.26949935037 8.37716471455 7.18191975229 6.88741600664 3.83132691315 5.13272185349 4.57905983694 4.60301970225 3.46123479525 4.06669340389 3.91518177734 3.51219354996 2.48783374192 3.57580918512 3.90557441756 3.3861065707 4.4966833589 3.82992097316 3.00621346025 3.47472311226 2.82827829165 2.57483793467 1.813225408 1.10505948414 0.562727348817 0.664832047005 1.18732614385 0.799181550901 0.827874158317
-9999 -9999 -9999 -9999 -9999 -9999 -9999 -9999 -9999 -9999 -9999 -9999 -9999 -9999 -9999 -9999 -9999 -9999 -9999 -9999 -9999 10.7783796848 12.7312985422 12.7893880991 8.66737704792 7.8745774006 8.06630648366 9.56093510571 8.17317523435 7.61626819035 7.34855038861 8.31914695982 5.3984095699 5.11991808527 6.58703824881 6.0154376911 4.58186823674 3.14893630292 2.71766381994 3.08938914339 4.31713483163 4.62132939325 5.12952881894 3.68640042631 2.87783291561 2.00611687595 2.62698665921 2.97069743209 2.85846346418 3.64082921265 3.08964962544 2.08586314231 1.56746049445 1.09958226269 0.272664573596 0.43839125525 0.56563491919
-9999 -9999 -9999 -9999 -9999 -9999 -9999 -9999 -9999 -9999 -9999 -9999 -9999 -9999 -9999 -9999 -9999 -9999 -9999 -9999 -9999 8.94007132515 11.0958977514 11.1350963937 10.4989912074 11.7603373197 9.81950225822 8.33794028032 6.77685861179 8.73215214682 7.39028208315 7.88257343754 5.70974445721 5.4720280421 3.14034130543 3.96098132382 3.40066655925 3.4241058318 3.02489312347 3.95568223571 4.3844196594 4.14709993652 2.94108387452 3.01766074586 4.08374243366 3.83311693838 3.41579304083 3.30578329688 1.87896135018 2.08289962391 1.49887858108 1.01228714547 0.925159047736 0.568161991259 0.669779185397 0.322268281492 0.378183132224
-9999 -9999 -9999 -9999 -9999 -9999 -9999 -9999 -9999 -9999 -9999 -9999 -9999 -9999 -9999 -9999 -9999 -9999 -9999 -9999 -9999 -9999 11.8408601201 13.7423899363 11.5811525973 10.9572067205 9.74659258589 9.54874167445 6.6489687168 6.78286776869 6.40204867728 6.82511628159 5.46125123898 5.94075748737 6.53449565921 4.8596900522 4.75738453897 4.3376843121 4.15123774907 4.0640318927 4.4431292057 2.66020469776 2.93835677877 4.04305258184 2.25282646875 2.02771886341 1.44467372894 2.01866697986 2.78010364936 2.6341407599 0.946600422962 1.33070047823 2.33429891045 1.15673221059 0.351782635128 0.268462780393 0.340144877917
-9999 -9999 -9999 -9999 -9999 -9999 -9999 -9999 -9999 -9999 -9999 -9999 -9999 -9999 -9999 -9999 -9999 -9999 -9999 -9999 -9999 -9999 12.362702113 11.951394543 10.9629096969 12.3835148626 10.2439116538 8.59012621773 7.37077778529 7.7195036763 6.35638492989 6.58670764308 6.67260220883 6.58829660539 4.98669329621 6.87562737385 4.7077388202 4.17233935856 5.08377330694 5.17270068291 3.14398265744 4.55755418006 3.01242063041 2.23139555477 1.93058606055 2.83679837621 3.47748820775 3.76871234205 1.89709101856 1.74142115201 1.33154820798 2.07903297544 0.872827948447 1.89066271395 1.0548540663 0.929877551093 0.634660276764
-9999 -9999 -9999 -9999 -9999 -9999 -9999 -9999 -9999 -9999 -9999 -9999 -9999 -9999 -9999 -9999 -9999 -9999 -9999 -9999 -9999 -9999 12.1239526708 13.3252537149 13.6114088017 12.5152231042 10.2195425346 11.1977790431 8.27803827903 9.43677849133 7.20434467076 6.19422630007 5.63762867272 6.50909648517 7.09780198175 4.6893598635 4.53899122993 6.33348811009 5.35568179232 4.767966662 4.77775513378 3.59722376464 2.33041118681 3.13210479728 3.98846728544 3.75432586219 3.86893040763 3.26294860449 2.36311217281 2.36803915114 3.10124316599 2.45857864601 1.60069709382 1.73868173698 1.88536781053 2.03803853854 1.10595434404
-9999 -9999 -9999 -9999 -9999 -9999 -9999 -9999 -9999 -9999 -9999 -9999 -9999 -9999 -9999 -9999 -9999 -9999 -9999 -9999 -9999 -9999 -9999 14.1906979218 14.8657326749 12.9363528185 9.34339357019 9.81464840075 7.97084393285 8.88306517326 7.2934382549 8.06966133011 7.33286737929 8.53068925043 6.1100949323 6.88419263093 6.95593489343 5.94199498158 3.56506827335 3.18141411433 2.28216719591 3.32894868406 4.47731933775 4.54477997485 3.68619368878 3.17816924574 1.68655766497 1.56768576611 1.47233063401 1.64334046676 1.18533898163 1.62947608154 1.7946879651 2.57431222897 1.29058952448 0.734301116793 1.51083746638
