data/recharge/transience/recharge311.asc
ncols                  80
nrows                 72
xllcorner      4374000.0
yllcorner      5656000.0
cellsize            500
NODATA_value       -9999
[rows 25 to 49 of 72, columns 0 to 56 of 80]
-9999 -9999 -9999 -9999 -9999 -9999 -9999 -9999 -9999 -9999 -9999 -9999 30.484144534 29.8062697185 28.3573378032 28.6978189473 25.3466322077 25.1117774673 23.511978091 24.2010212631 22.4555781857 22.5633013059 20.6900989318 16.3411291943 16.9352458019 18.4055338871 14.8766128718 15.596420708 12.8823178745 11.6859599868 9.5505041186 8.91821189432 8.77817434896 9.51241513265 6.23396341567 12.0053882185 10.8933375267 8.34372239333 6.51838178821 6.1612042213 5.30961296201 4.69635607265 6.43041626496 8.09837874499 7.84273299637 7.98384416049 8.02652674815 7.98971742169 7.36285043956 7.80542102585 6.6921160723 4.61041014118 2.45273472618 1.86892527347 1.72382443284 1.90281000895 1.76062139803
-9999 -9999 -9999 -9999 -9999 -9999 -9999 -9999 -9999 -9999 -9999 -9999 -9999 30.100504515 28.9739993933 28.703901808 27.0679534168 27.3550195151 24.779985708 24.1965872878 22.5809483444 23.0167187341 22.940823761 20.8495403294 20.2364570594 17.6822032551 15.6574102235 13.6087588991 12.3640613811 13.1277460101 10.4216764128 9.8126150208 9.84719571391 8.56249676908 5.64813198475 6.22142648276 10.2669798494 6.89715346267 7.07932841439 4.81951184059 3.94681469953 5.28098885474 2.95304916121 3.73268363584 3.61315275343 4.46782977311 5.3992999017 5.23424686125 2.92603863272 1.89746942678 1.63031353148 1.77306929338 1.89126857245 2.83949681909 3.46110807308 1.31319972356 1.29090413428
-9999 -9999 -9999 -9999 -9999 -9999 -9999 -9999 -9999 -9999 -9999 -9999 -9999 -9999 28.5398659838 27.8320207599 26.0162801097 26.6939361689 24.612142634 25.1427434191 22.7385568597 23.5965873206 22.6483515106 21.4106884018 18.0938061833 18.0539430811 17.9857764556 18.23731203 13.3229976562 11.6100603524 10.6137485302 13.3463544363 11.9144057089 10.9600031349 7.02933160883 8.87024285534 10.0162823162 5.89896337186 5.02401708006 5.65815777886 5.6123105991 4.53708941397 4.73158274002 3.53199685476 2.30132890075 2.76933436641 1.97391387583 2.3268385706 1.6333279521 2.06508066968 1.90982726928 1.37952353749 1.22845799942 2.71122456229 3.75787329771 5.45221918145 5.0689780163
-9999 -9999 -9999 -9999 -9999 -9999 -9999 -9999 -9999 -9999 -9999 -9999 -9999 -9999 8.66568467665 19.577801348 25.9994534015 27.2920720687 25.6867090067 25.8232820538 24.4215494362 23.9402436605 21.6460303642 22.872588931 22.0725942938 21.9233363844 16.8202829122 16.6994892504 16.540366044 16.5367716916 14.3301257196 10.204481454 10.8419341831 11.2336363997 7.05689769062 7.03281075185 8.70148350721 3.68151683301 4.88191004653 5.35646433554 3.7563756996 4.00962625943 3.4589435011 4.12933269196 2.98447654452 2.28110196425 1.87865543603 3.16698830194 3.47027878892 1.69145931146 2.07323887469 2.48483796842 2.80296497583 4.68830278956 5.71712142169 6.19878949041 6.69741051989
-9999 -9999 -9999 -9999 -9999 -9999 -9999 -9999 -9999 -9999 -9999 -9999 -9999 -9999 13.7199209756 20.5229015162 27.4104111559 28.1114564549 25.8916119404 25.7917874693 23.8027207773 24.2160876348 22.9187167452 22.527804526 20.7367078431 20.0767053181 18.4149195595 19.3272817313 14.8536074963 15.9756397264 13.4657071956 13.7621758632 10.6186597329 10.3628955855 12.2621385439 5.99341347492 7.08176698435 5.00450274339 4.13763837333 5.09776522842 3.24058364619 3.81499673433 3.02273811341 3.12949814009 2.03460739659 2.35384019395 1.46659767448 2.16571211912 4.16553340611 4.64670923128 3.57238059612 1.8003964828 2.84277197451 2.36443271305 2.01646356169 2.72242293954 2.74759514824
-9999 -9999 -9999 -9999 -9999 -9999 -9999 -9999 -9999 -9999 -9999 -9999 -9999 -9999 30.4259866109 29.4375977126 27.9821601528 28.0408649431 26.191980199 27.0283870481 24.9220074735 24.5993114629 23.3661665909 22.6491841354 19.7360691366 20.4066768205 17.0869167868 19.9435905156 15.811191109 15.3564034509 13.5237754824 14.5215472546 12.4139867323 11.5559986112 6.27117220472 6.30622104071 5.28669369859 8.93895520973 4.27644067743 5.65414605073 3.19171578334 2.35740460901 1.93401493677 2.13928607517 1.6128047815 1.68277262864 3.10119434852 3.56028582393 7.31674187541 8.26943877893 5.49669404457 6.43833075238 3.93049829952 4.18706521171 3.69858154822 2.92693714564 3.59465992341
-9999 -9999 -9999 -9999 -9999 -9999 -9999 -9999 -9999 -9999 -9999 -9999 -9999 -9999 -9999 29.1940502619 27.900618158 26.9950411316 25.3802210596 25.1852609636 23.6016067884 24.1430461218 22.895780237 22.7554648763 19.6942424195 20.4557464735 17.0584556424 17.5885178656 12.4127050481 15.404393076 11.8147171905 11.6462304094 9.98324385705 11.0041915565 6.5280792416 6.55881582728 5.69003891456 5.62789795085 5.10007515218 4.80633321742 3.84058450839 5.26789879879 0.895015878907 1.1413320419 1.39539042984 1.16215475532 0.854880689944 0.969651383132 1.80009266925 2.46847120171 1.73711658162 1.50231396903 2.58533898214 4.91145140219 4.60655518221 4.5246539873 3.88299217156
-9999 -9999 -9999 -9999 -9999 -9999 -9999 -9999 -9999 -9999 -9999 -9999 -9999 -9999 -9999 -9999 27.2673498878 26.7639486803 24.9157925301 26.441218887 25.6479041202 25.2166348773 22.264994389 21.477008318 20.1962960089 19.7324810333 16.0557439825 17.1447224939 12.0180497517 15.644385097 12.2227687079 12.4638043042 8.76489848125 6.27342959424 6.36074998869 6.6861662537 6.13596684502 6.38314514785 5.96186574364 7.61288283127 10.9628035239 10.5958395128 6.82668215596 1.99281850042 0.704170221285 0.484416401702 0.354583693388 1.8382744748 1.49341055774 1.07921759471 1.67397135059 3.02421601645 2.1252230586 1.64626994884 2.02387653338 1.73535658187 1.59972111834
-9999 -9999 -9999 -9999 -9999 -9999 -9999 -9999 -9999 -9999 -9999 -9999 -9999 -9999 -9999 -9999 29.3707470418 28.4519916663 26.6521602059 27.1733743436 24.5697953918 25.1078705034 22.8881666486 21.4501547395 20.0526036369 20.7714668396 16.8608620981 17.1563392212 12.2849787693 14.939567249 11.547217577 9.32311271774 9.73559799593 7.49145408968 7.23281777223 6.54071789097 7.55099632785 6.46946712179 5.91321388592 6.08574601283 8.28961414028 7.76979312458 8.34235945967 6.50134421149 3.00497246158 1.61837685175 1.85669951296 3.36474084967 1.02533353911 1.39737297976 2.19531361883 2.35550339744 3.50952063483 3.82319751744 4.91496305515 3.1666858921 1.61864185253
-9999 -9999 -9999 -9999 -9999 -9999 -9999 -9999 -9999 -9999 -9999 -9999 -9999 -9999 -9999 25.4174012801 25.275102111 26.2395379644 27.5852864686 26.9745874282 24.6550336396 24.0838216847 21.866703112 21.0082270217 18.8228332797 19.4771070822 16.6646012881 16.8202076045 14.7147256378 15.3816365289 11.9253307348 12.1786436061 11.1332068546 10.3518280561 9.70782869411 8.90391967667 8.34638278388 8.80246765725 7.68813689675 5.17012144152 5.66964040107 4.52170142773 2.35573385392 2.28653635782 2.09935625392 1.27876973139 3.80457697301 4.02150562277 1.76587397069 2.11364708674 1.53485063382 1.11715037313 1.33926765354 1.54958651377 1.80407843064 1.87803499412 2.21329456138
-9999 -9999 -9999 -9999 -9999 -9999 -9999 -9999 -9999 -9999 -9999 -9999 -9999 -9999 27.1269052413 26.5083055963 25.6765897789 24.9328909152 26.1426200398 26.6328223146 24.410475912 24.8484060702 21.4144886868 21.6424751933 18.8131706565 18.362191777 15.2812482845 15.9850879032 14.0662265726 14.0598155558 10.9519575827 11.1479530865 8.19825693508 7.80991507652 6.4672196426 10.0944358694 10.1373659941 8.17750922021 1.5274214595 4.44881395735 5.05353809612 1.70179177074 1.40409714896 1.63608911067 0.818809387058 0.650592757732 1.62422659411 1.86634148761 2.00025620323 1.49754004742 1.30084659375 1.28438329008 1.47239167677 1.42818131516 1.36269272725 1.47913583853 1.62700626971
-9999 -9999 -9999 -9999 -9999 -9999 -9999 -9999 -9999 -9999 -9999 -9999 -9999 -9999 26.593127194 27.228908895 25.5559511328 23.1054229136 20.2615855036 21.7074692248 21.7334113471 22.8932013483 20.9703784125 21.3245696635 17.5784405828 15.8583702518 12.4048572243 12.971368026 10.9364331613 13.3279835608 11.8447753671 11.3439130428 9.98147744383 9.17453890144 6.91881771546 9.97907058927 9.45875816077 11.3485104556 5.87373152913 6.06874261999 7.63043693123 6.97625917557 1.95209254268 1.65480686871 1.22207065788 0.554617347832 1.1350919639 2.84892607786 3.14658238524 4.03522943325 3.99415948302 3.94112298297 2.52360254116 2.09109156839 2.50608306719 2.35411558252 1.66849701244
-9999 -9999 -9999 -9999 -9999 -9999 -9999 -9999 -9999 -9999 -9999 -9999 -9999 -9999 -9999 -9999 25.9564639771 25.2949354447 24.4755908517 24.2781020022 22.6942887708 22.3559024067 22.0329426293 22.0090315639 18.2520361138 15.9068147757 10.0256901789 10.5846885333 8.08355245863 10.7384908057 10.4211017769 10.1330285521 9.31255699417 8.12290673613 7.94717020174 8.01611928741 8.18212599731 6.25614476118 8.3405388541 8.22779174695 4.51397983463 4.02856994847 6.08829329268 4.62769695223 0.732013862694 0.953675314646 0.749939703497 1.09527054558 1.78690179164 2.43347936588 2.32783004645 2.43088560358 2.0279280669 1.66564183191 1.03706646713 1.11950835088 1.91497994514
-9999 -9999 -9999 -9999 -9999 -9999 -9999 -9999 -9999 -9999 -9999 -9999 -9999 -9999 -9999 -9999 25.3601039763 25.0128860402 24.5627086832 22.2080632018 21.1878601342 22.0173812524 19.7079365582 20.1561712326 19.3850907448 17.2064682992 13.0503788238 12.5841978792 10.425232369 11.4591269908 11.8095450119 11.309020557 9.20724293113 8.5541928659 5.85959481008 6.31283090724 6.2490564697 7.32403682468 4.50860014317 3.88917966651 4.5848202009 6.09429256778 5.6514233675 5.99776559982 3.54057656495 0.745082577276 0.284831683873 0.558624666233 1.44943617378 1.06584256065 0.803877383956 0.819542375065 0.603246104692 0.706303744094 0.656729157522 0.662503535909 0.679782661755
-9999 -9999 -9999 -9999 -9999 -9999 -9999 -9999 -9999 -9999 -9999 -9999 -9999 -9999 -9999 -9999 -9999 -9999 24.6725063459 23.1669572705 20.0658998137 21.0949975013 21.4708113901 21.2247839933 18.9046151492 18.0407698192 12.1187418813 12.0351206009 10.2742848154 10.8886019154 8.38172440428 7.4779754331 6.92484233161 7.79210061007 5.748954768 7.17988529138 6.75334797148 4.89920596632 4.17308284958 5.61951147873 3.77510065352 3.29479133839 2.805481379 2.78070427513 2.11168287271 1.86211783172 0.37431998589 0.371173813186 0.68613202326 0.757131410636 0.876546578712 0.959249872918 0.617867669292 0.637533832443 0.719003935073 0.779841648119 0.742815969117
-9999 -9999 -9999 -9999 -9999 -9999 -9999 -9999 -9999 -9999 -9999 -9999 -9999 -9999 -9999 -9999 -9999 -9999 -9999 20.5110737299 20.2504327758 20.8646929078 20.1513572317 23.3767980276 20.1613210987 19.6942493404 13.5309540774 11.3847881096 8.37450087985 8.07239336653 7.68095390727 7.44096577544 6.03520078862 5.90894699017 4.22901174952 3.75320671167 3.39752658406 4.99150412886 3.99597670689 4.62898307984 3.16365822076 2.84563429803 2.08799811462 2.71016785671 2.48701728577 2.62843216121 1.17099674248 0.296644043807 0.209306689024 0.484108309285 0.521705244819 0.712561819507 0.526269865771 0.520236605345 0.628180874652 0.596261456536 0.469667447214
-9999 -9999 -9999 -9999 -9999 -9999 -9999 -9999 -9999 -9999 -9999 -9999 -9999 -9999 -9999 -9999 -9999 -9999 22.6126721909 23.3653642596 23.2750399264 23.0322082932 20.3455811812 21.8995105745 19.926855115 20.1273802088 15.5861505098 13.529128501 9.6503020735 8.92137756274 8.82362563705 5.83884027438 7.17345846343 6.45892829337 5.44498031097 6.53107257872 7.53941770891 7.19973996748 6.12209628677 5.74365895349 4.77597042726 3.15845117959 2.47399237378 3.67170735009 2.52849025832 3.03933285199 2.16242053879 2.0557781847 0.721110730793 0.286338532119 0.506551336984 0.910816369109 1.18320668787 1.25996493934 0.890691709063 0.771558772329 0.677562012209
-9999 -9999 -9999 -9999 -9999 -9999 -9999 -9999 -9999 -9999 -9999 -9999 -9999 -9999 -9999 -9999 -9999 -9999 -9999 25.2493821289 25.1313499563 24.7048674386 20.6197357591 22.0844467685 20.9644805033 20.774005194 15.3692733744 15.8320201361 11.3540116294 13.2400271672 13.3299180756 13.3103931801 9.72280774128 7.28504760321 6.65475412248 5.70812228564 3.06051474203 2.55611488578 1.97737683437 1.97755791525 2.08806369094 3.15307122533 3.18371068251 4.70303975205 4.51151783876 5.17609377698 2.83414084907 1.97456253568 0.948944531398 0.381809828081 0.124207335815 2.46358099053 2.84193593479 2.93452894583 1.55015697697 0.317187436839 0.388984754205
-9999 -9999 -9999 -9999 -9999 -9999 -9999 -9999 -9999 -9999 -9999 -9999 -9999 -9999 -9999 -9999 -9999 -9999 -9999 -9999 23.6546394712 24.4420327462 20.7373032266 22.5252250728 19.5831901657 20.4785619939 15.1262924971 16.2568570218 15.7610020143 14.6539623997 11.7079637534 11.3178180243 7.51422681275 9.0307623354 7.80587246003 8.02471367101 5.08838993359 5.82322590792 5.247356688 4.71957400269 3.1124521407 4.29090580805 4.0296801807 3.44138746459 4.40503380827 3.70298070749 2.70472688614 3.13194713165 2.32995485084 1.46648855337 0.663553326085 0.350916516369 0.147164432609 0.173630448283 1.50408350024 0.176125691188 0.175720609038
-9999 -9999 -9999 -9999 -9999 -9999 -9999 -9999 -9999 -9999 -9999 -9999 -9999 -9999 -9999 -9999 -9999 -9999 -9999 -9999 -9999 24.4660846471 22.1469205376 22.5510584475 18.6055982707 17.7930733346 15.4801828456 17.2171670345 14.6493176088 13.8762640111 12.3846420351 13.2849007333 9.18100309688 8.45589149043 9.84129656909 8.5377912331 6.13683069016 4.1553167267 3.36248382063 3.95303399781 5.02631750345 5.36780541318 5.5125793182 3.58572085391 2.63435555071 1.8923060565 2.2694841098 2.55576860633 2.28948126864 2.94200007302 2.70090921863 2.45039231932 1.01661301857 0.265311348462 0.0779079597603 0.101329740278 0.116297211057
-9999 -9999 -9999 -9999 -9999 -9999 -9999 -9999 -9999 -9999 -9999 -9999 -9999 -9999 -9999 -9999 -9999 -9999 -9999 -9999 -9999 22.899314187 20.9666371931 20.9695764855 20.545148006 20.7893987555 17.626869162 15.2818967128 12.6250640938 15.9010292434 9.83889695816 13.4373688222 9.68670899606 8.6106269511 4.90645662164 5.88762864918 4.68756978315 4.44886726068 3.60107144776 4.74596211315 5.10195348949 4.83232893903 3.28403192656 3.16323805173 3.74493205279 3.50440921612 2.94124259507 2.84437385735 1.44960223129 1.70283854446 2.8149342666 2.19387290388 0.65300321713 0.184737705083 0.135071555124 0.0850164588869 0.0902047348142
-9999 -9999 -9999 -9999 -9999 -9999 -9999 -9999 -9999 -9999 -9999 -9999 -9999 -9999 -9999 -9999 -9999 -9999 -9999 -9999 -9999 -9999 21.3822692774 22.6692056841 22.3291515171 21.3058380856 18.5101522774 17.0926696693 11.9126249211 12.5206655493 11.6791412933 12.2088452936 9.02975323894 8.99438872419 8.85643342793 6.99832725027 5.96451924444 5.47243131923 4.76638721509 4.73080533413 4.99906429857 3.08991065443 3.10836079447 4.22407969674 1.97577391611 1.74592499825 1.12668504639 1.45889753022 1.93908910894 3.77436622325 1.913831651 2.87674953235 1.37427892638 0.210657392044 0.0824761605485 0.0716482957274 0.0799257586061
-9999 -9999 -9999 -9999 -9999 -9999 -9999 -9999 -9999 -9999 -9999 -9999 -9999 -9999 -9999 -9999 -9999 -9999 -9999 -9999 -9999 -9999 21.7910652951 21.4551642483 21.8843718693 22.2048984874 19.2962447795 15.2722737153 12.9088309325 13.3179397985 11.1039123774 11.3730142733 10.2670471699 9.59579832399 7.149468233 9.19786236216 6.17892707463 5.30114951414 5.84922653624 6.20099270651 3.60465120691 5.12464796015 3.18141600605 2.41217799853 1.89766882008 2.39500249593 2.60823854947 2.99324459069 1.51090385519 1.41663638387 1.12266768541 2.61143035369 0.15741415921 0.420232258549 0.186878545807 0.163635170678 0.118210860216
-9999 -9999 -9999 -9999 -9999 -9999 -9999 -9999 -9999 -9999 -9999 -9999 -9999 -9999 -9999 -9999 -9999 -9999 -9999 -9999 -9999 -9999 21.9853374377 22.75654546 24.2817537374 22.9831308667 20.1458165021 18.0791679191 14.0156861254 15.5335938569 12.4859686845 11.2726307768 9.36100198952 9.95276943414 9.66759604816 6.93930291871 5.99270942943 8.0267196474 6.38368237428 5.72166708342 5.03746616276 3.82312614789 2.25207148103 2.97095142987 3.58280378045 3.24170927966 2.8908851738 2.41747222199 1.68133487078 1.68453778053 2.1380577469 1.69840890493 0.353118281363 0.330851191287 0.384251126054 0.445147585735 0.18721777644
-9999 -9999 -9999 -9999 -9999 -9999 -9999 -9999 -9999 -9999 -9999 -9999 -9999 -9999 -9999 -9999 -9999 -9999 -9999 -9999 -9999 -9999 -9999 23.3855934094 24.6973318697 23.2940585896 19.4282433337 17.0036610432 13.5827258222 15.0229406624 12.5763909251 13.399327233 11.4001004003 12.2224467743 8.62096581845 9.44859034018 8.67270408715 7.60533245685 4.3625858822 3.9295115947 2.50658492781 3.55188179048 4.21284143915 4.29378890115 3.3068606078 2.85108890403 1.41464339135 1.2591248342 1.12982642115 1.23549715487 0.928370168149 1.19444371973 1.21752075473 0.958068073284 0.243971550823 0.211326814518 0.723797064054
