data/recharge/transience/recharge507.asc
ncols                  80
nrows                 72
xllcorner      4374000.0
yllcorner      5656000.0
cellsize            500
NODATA_value       -9999
[rows 0 to 25 of 72, columns 0 to 56 of 80]
-9999 -9999 -9999 -9999 -9999 -9999 -9999 -9999 -9999 -9999 -9999 -9999 17.5452529282 17.8360971801 -9999 -9999 -9999 -9999 -9999 -9999 -9999 -9999 -9999 -9999 -9999 -9999 -9999 -9999 -9999 -9999 -9999 -9999 -9999 -9999 -9999 -9999 -9999 -9999 -9999 -9999 -9999 -9999 -9999 -9999 -9999 -9999 -9999 -9999 -9999 -9999 -9999 -9999 -9999 -9999 -9999 -9999 -9999
-9999 -9999 -9999 -9999 -9999 -9999 -9999 -9999 -9999 -9999 -9999 -9999 16.8884378092 15.7830616658 15.2903579172 -9999 14.9631387147 -9999 -9999 -9999 -9999 -9999 -9999 -9999 -9999 -9999 -9999 -9999 -9999 -9999 -9999 -9999 -9999 -9999 -9999 -9999 -9999 -9999 -9999 -9999 -9999 -9999 -9999 -9999 -9999 -9999 -9999 -9999 -9999 -9999 -9999 -9999 -9999 -9999 -9999 -9999 -9999
-9999 -9999 -9999 -9999 -9999 -9999 -9999 -9999 -9999 -9999 15.91238584 15.1944716107 16.0787262718 16.0564403068 14.4317589014 14.0772776304 13.4650074627 13.5716175368 -9999 -9999 -9999 -9999 -9999 -9999 -9999 -9999 -9999 -9999 -9999 -9999 -9999 -9999 -9999 -9999 -9999 -9999 -9999 -9999 -9999 -9999 -9999 -9999 -9999 -9999 -9999 -9999 -9999 -9999 -9999 -9999 -9999 -9999 -9999 -9999 -9999 -9999 -9999
-9999 -9999 -9999 -9999 -9999 -9999 -9999 -9999 -9999 15.195108112 15.7892566655 15.7649447452 15.3960662043 15.5538090266 15.3568893206 15.0566754341 14.1363899078 14.6951571361 -9999 16.0163867383 -9999 -9999 -9999 -9999 14.4732448196 14.9538476168 -9999 -9999 -9999 -9999 -9999 -9999 -9999 -9999 -9999 -9999 -9999 -9999 -9999 -9999 -9999 -9999 -9999 -9999 -9999 -9999 -9999 -9999 -9999 -9999 -9999 -9999 -9999 -9999 -9999 -9999 -9999
-9999 -9999 -9999 -9999 -9999 -9999 -9999 -9999 15.8843155513 15.3231272153 14.8230966584 15.3459200578 15.0820295188 14.8173446338 14.6818686689 14.5566834392 13.7535799576 13.2150093443 13.7667701483 14.7995309841 14.6658455329 14.8976849267 -9999 13.9326728775 14.907889399 15.0771066708 -9999 -9999 -9999 -9999 -9999 -9999 -9999 -9999 -9999 -9999 -9999 -9999 -9999 -9999 -9999 -9999 -9999 -9999 -9999 -9999 -9999 -9999 -9999 -9999 -9999 -9999 -9999 -9999 -9999 -9999 -9999
-9999 -9999 -9999 -9999 -9999 -9999 16.3185502747 15.2099628562 14.7489457543 14.9249269277 15.316224267 16.0081269759 15.4674711246 15.2850746973 14.648583953 14.9154780193 14.2563749226 13.9519364787 14.138677985 14.6824039603 14.5332590642 14.7321581212 14.9167073163 14.1754176905 14.7479144127 14.6713159315 15.2219466866 -9999 -9999 -9999 -9999 -9999 -9999 -9999 -9999 -9999 -9999 -9999 -9999 -9999 -9999 -9999 -9999 -9999 -9999 -9999 -9999 -9999 -9999 -9999 -9999 -9999 -9999 -9999 -9999 -9999 -9999
-9999 -9999 -9999 -9999 -9999 -9999 16.5026093701 16.0438654171 14.4225866285 14.2347511948 14.2760660811 14.9689479229 14.573134385 13.7828570772 13.6238076782 13.5801843342 14.0061171121 10.9064592556 12.1270563985 13.4831027909 13.8107344266 14.3434563604 14.4514117636 14.3607194894 14.0302255204 13.7038867951 14.9712952332 15.8425196622 16.2814093742 16.1090230286 16.7027154915 16.7142687211 -9999 -9999 -9999 -9999 -9999 -9999 -9999 -9999 -9999 -9999 -9999 -9999 -9999 -9999 -9999 -9999 -9999 -9999 -9999 -9999 -9999 -9999 -9999 -9999 -9999
-9999 -9999 -9999 -9999 -9999 17.437375982 16.6626766747 16.6172464956 15.9108350186 15.6759671683 15.281021092 15.0322192655 14.1163093394 13.6485762573 14.1601096933 14.3246582584 10.8890285384 5.57479303493 9.92831873805 13.3713113607 13.8463246613 13.7238686405 14.2321732593 14.3419730055 14.4891058996 14.7045226677 14.8750933665 15.0778148091 16.0708051021 16.0113461548 15.9291970157 16.1589290223 15.8315636798 15.7204375011 -9999 -9999 -9999 -9999 -9999 -9999 -9999 -9999 -9999 -9999 -9999 -9999 -9999 -9999 -9999 -9999 -9999 -9999 -9999 -9999 -9999 -9999 -9999
-9999 -9999 -9999 -9999 -9999 17.6341757501 16.9855004434 17.02534446 16.2009475627 15.9213972082 15.5619348505 15.7792806092 10.7951905129 8.29473328776 15.0491796922 14.8301867177 11.5904129431 4.49472740641 8.28491998312 10.8132484852 13.8285411506 13.5049683705 14.2779973308 14.1619015922 14.2655450745 13.7200591626 13.8165793931 13.5588899574 14.9190215829 14.1947628176 12.8912237593 13.8428565288 15.3482354646 15.2240661465 15.2710135461 15.2799152655 -9999 -9999 -9999 -9999 15.022960247 14.8564544285 -9999 -9999 -9999 -9999 -9999 -9999 -9999 -9999 -9999 -9999 -9999 -9999 -9999 -9999 -9999
-9999 -9999 -9999 -9999 -9999 17.326191166 16.7860147892 16.5879864235 16.3641790304 16.6146140011 16.0730611635 15.9025795072 15.1156395149 15.2514096605 15.3791854488 14.3317438103 13.1932557677 13.7060305597 13.3632485075 14.4101922754 14.3274641994 13.3210181254 13.6443864642 13.5149942521 14.1982502599 13.9193759296 13.8519269254 13.3143825034 14.9118647474 13.3534786301 9.33230353007 12.8148830409 15.2682672309 14.781842277 14.3163446349 15.3709874235 15.2455018119 -9999 -9999 15.3448945784 15.2207004472 15.1297736297 15.0567439461 -9999 -9999 -9999 -9999 -9999 -9999 -9999 -9999 -9999 -9999 -9999 -9999 -9999 -9999
-9999 -9999 -9999 -9999 -9999 -9999 17.7015514438 17.3472658185 16.9525926118 16.8079782299 15.9211904811 16.2192491538 15.6176800248 15.3428884872 14.3361549215 14.1480849522 13.7536560276 13.6321826951 13.405621428 13.5028370238 13.505318881 13.613528861 13.5510213218 13.8739915114 13.8356622646 13.5012614206 12.5248346946 12.7173203043 13.5041612444 13.8709405071 13.3107383213 14.1546348131 13.7549557619 14.0198796722 14.2195745856 14.5793802572 14.3207712489 13.6237875107 14.8881993556 14.7787786695 14.5334695481 15.0788881255 13.4927171016 12.8052643976 -9999 -9999 -9999 -9999 13.3239544844 12.988862408 3.71821453713 -9999 -9999 -9999 -9999 -9999 -9999
-9999 -9999 -9999 -9999 -9999 -9999 -9999 16.9614072228 16.6379093464 17.0824162779 16.6124863199 16.303595406 14.2139579793 13.5978104496 13.3000088463 14.3320467863 14.6138179367 14.7103828426 14.4325069882 13.877385841 13.2608566869 13.2507061677 13.3629316069 13.4641715668 13.5951338797 13.2211274042 13.0185173486 13.3239327518 13.917674659 13.7198690198 13.6608352757 13.6632173213 13.9779525697 14.010377382 14.6682487565 14.6688237305 14.6310294326 14.5156717056 14.8458270454 14.8138050362 13.8132666035 13.4500877418 12.1803123177 11.0816062448 10.2636103325 10.6229160231 10.8031727825 10.3456702776 10.0081526112 11.8076920857 11.7287307948 10.0457541736 -9999 -9999 -9999 -9999 -9999
-9999 -9999 -9999 -9999 -9999 -9999 -9999 -9999 15.4067919735 16.0659829564 16.1668373143 16.5142502538 15.5790324887 15.8532770238 15.5840508071 15.3070422214 14.1191567667 14.1683064022 13.3834634484 13.7123733701 14.6315664147 14.5001655545 16.7936323275 18.1002435382 17.6058477719 18.0945903781 14.9185531831 12.8202666714 12.4902644149 11.6738782922 12.5160607524 12.382814207 12.7809124425 12.5268056465 13.2159103538 13.4061057071 13.9389564399 14.0800254081 13.9012281574 13.8760913218 13.1457013087 12.1491810486 9.97610686155 9.70467856607 9.3411922282 9.06964372658 9.36396878894 9.0293037965 8.58268522473 10.5095030099 10.7450942591 10.9363700354 10.2487511049 -9999 -9999 -9999 -9999
-9999 -9999 -9999 -9999 -9999 -9999 -9999 -9999 16.9786852842 16.5187471667 15.8868340426 15.925354946 15.398767944 15.3788860747 14.7291185467 14.6179949159 13.8056398011 14.0942168506 13.724962438 13.9656956477 14.4187288984 14.4326427726 18.8865043319 20.5932768603 18.8761213563 17.0031420401 18.7642274215 15.480243401 12.3460500609 11.7164852683 11.852452292 12.1369045035 12.0665867003 12.3308973012 13.4849640647 5.73869243051 14.1127898557 13.9579793732 13.8688488196 13.8127833274 13.5465349084 12.3324791263 9.7970806331 9.74628087136 9.10182508253 9.06353965261 9.32686117509 9.09553571113 9.16067841 11.1958171774 10.8175895469 10.8342907638 10.7892874803 11.4502750863 10.5773659901 10.7782206001 -9999
-9999 -9999 -9999 -9999 -9999 -9999 -9999 -9999 -9999 16.8491847624 16.0852876337 15.3427275946 15.1105486592 14.7044092789 13.8870256122 13.8287718216 14.1377493011 14.376559294 14.6492140312 14.6945391691 15.0322893384 14.2914845766 15.87185579 23.8229886677 20.177798257 19.4300038407 16.9412384663 16.3957242816 14.1243352561 12.1438873632 11.9976975141 11.949726406 11.893284309 11.1421774003 11.8967462883 10.7644426456 13.2165478221 13.0312206321 12.8277677281 12.8473273674 12.6164099564 12.3512573821 9.19414041686 9.67169274197 8.67190089468 8.09044590755 7.49231001157 7.69554161755 9.59962134196 9.75443953399 9.58811189552 9.49042856092 9.68592709423 10.3948230425 10.3056018353 8.21193299075 6.54953720411
-9999 -9999 -9999 -9999 -9999 -9999 -9999 -9999 -9999 -9999 15.4142932741 15.5302881685 15.016780102 14.8156604633 13.5745575582 13.1908084173 13.4404205646 14.1392292452 13.9193276297 13.3884433681 13.3496973649 13.1442933424 12.4871704398 17.2922104167 18.4751262588 19.6743144552 18.3694769395 16.9891462936 14.9790547289 15.4723200421 12.1355884515 12.1345900295 12.4583377257 11.804822866 12.8632828858 12.7103164973 13.1164308398 13.0271985778 12.859118629 12.8802856382 12.7669944707 12.5057898697 10.941467919 9.49740997349 10.2148303739 9.57401562531 8.94909203716 8.26914828485 10.0062904942 10.0542933493 10.014047456 9.8619057803 9.24065597145 10.0727301117 9.82066795256 7.83840060802 6.51336902673
-9999 -9999 -9999 -9999 -9999 -9999 -9999 -9999 -9999 -9999 -9999 7.45929745984 8.36086299854 13.0985008837 13.0473781431 12.6485662165 12.9645671095 12.9299630521 12.8280589833 13.3956178384 13.7878092424 13.6675748315 12.4623200175 11.5911520257 13.6999876919 14.7366437149 16.1323812034 18.9807337068 17.7615731975 12.0229039345 14.5552982059 11.6605992491 10.7561829564 10.9873592517 11.4686075386 11.1621863784 12.0907581382 12.0607121885 12.2262316484 12.240794547 11.8334260253 11.165587247 11.2411414528 10.5355574795 8.88271096906 7.92736198364 8.11046995097 8.998362123 8.81940957004 9.55385714547 9.07049583243 9.8769556717 9.61964175488 9.37645200489 8.63803622156 8.65342170523 6.74203952237
-9999 -9999 -9999 -9999 -9999 -9999 -9999 -9999 -9999 -9999 -9999 6.65185509433 9.77978044923 13.5490857211 13.4209646683 13.1630249563 12.418519309 12.3594989368 13.3885075751 13.4274044618 13.4932571161 13.9114777494 12.4302524299 11.9284702704 12.1875097599 12.8730873564 15.0022642206 17.4403580666 15.7478390773 14.3080405953 15.5536753773 15.2047000941 12.0753058418 13.3804161562 14.139150458 12.417517044 12.0541791997 12.1452760865 12.1106274521 11.7997405015 10.2740779111 11.5048567269 10.7322294268 10.9770144866 10.8273090324 9.51376843744 9.8573879511 10.3242050188 9.64047426577 8.68919395791 8.09295416091 8.1576313416 7.27903371869 9.63459746688 9.32203186947 8.97871759224 8.54407264868
-9999 -9999 -9999 -9999 -9999 -9999 -9999 -9999 -9999 -9999 -9999 14.8441437215 13.9104447632 13.6858665211 12.4561833157 12.2457635204 11.3337420455 10.793650536 11.3770245476 11.8633030932 12.362074878 12.4401232698 11.8215906139 10.9209351957 11.3175986492 11.5032690726 11.6265813084 11.5428927054 11.5743856141 13.3336280943 14.2328223426 16.1140240873 16.898378569 17.7992518522 12.5238549182 13.4709484124 12.283726891 11.1929175996 11.7926312035 8.59206646253 6.37487078309 10.9409761077 10.9076592523 11.2965424001 11.970898869 12.5293101173 9.55103526788 9.20880218058 8.72937555196 8.57179195135 7.36709000071 7.73711967744 7.67428946167 8.41837551145 9.44863628424 7.7487278407 6.41609373873
-9999 -9999 -9999 -9999 -9999 -9999 -9999 -9999 -9999 -9999 -9999 -9999 13.2880886268 13.6433095325 13.0442233392 11.9188627826 11.6380872527 11.2643349159 10.9838644839 12.1056824289 12.4932908067 12.2751172729 12.1834125409 12.110091188 11.67215743 11.7627197066 11.7037001633 11.8155737626 11.7862063275 11.6256577164 11.6558084555 11.7986027217 12.8833847771 14.4770854127 14.1036284561 8.238559134 15.1687905127 11.3019309318 12.1476072906 11.3771452292 11.7291368564 10.6509379738 11.5391368998 11.986916849 12.098463923 12.3161736843 10.6160809865 9.24879180694 8.02221567318 8.35283021769 7.24902957041 6.65323607403 6.0094501701 6.0538975385 5.42475942624 6.15990579337 3.40323668811
-9999 -9999 -9999 -9999 -9999 -9999 -9999 -9999 -9999 -9999 -9999 13.532756791 13.4196452938 13.3738361012 12.5319531025 6.93012793507 9.07892065854 11.2773590857 10.5800795135 11.2165768263 10.9571357358 10.8973022857 10.7733791228 10.8731088776 11.0896238663 11.0383338672 10.8151550015 10.8578563271 11.1449209458 11.0087800415 10.6802679932 10.8074483762 10.5309888371 10.4803980222 10.6646883509 12.5594898402 11.8907942999 8.88659532204 8.34962666417 10.4997877255 10.6093774748 9.71354112787 12.5115910372 12.6869952923 12.9084363934 12.8120560225 12.252926811 10.4560853204 8.39594727427 8.29470786102 6.72277131036 5.5005785059 4.9008394597 4.9203652381 4.47879672696 4.74578486815 5.51848582286
-9999 -9999 -9999 -9999 -9999 -9999 -9999 -9999 -9999 -9999 -9999 13.7239684114 14.2085015145 13.8434614384 12.6786866438 9.45836378527 11.2892665019 11.433231264 11.2502523398 11.2668643472 9.27737329496 9.14509357269 10.4065830973 11.069764731 11.2455591798 11.2578395967 7.13354044217 7.49394374048 10.6753277793 12.1289993285 11.6623817737 10.8783791397 10.45751167 10.4821991891 10.5717564352 11.6542457739 9.7281208766 11.4636093501 9.08439002949 11.5765406728 9.81523037312 9.71686019374 11.0756704533 11.7135938171 11.5506158447 11.3130060752 11.1265795952 11.1805235706 9.87734530487 9.43188330346 6.59779465679 6.66535679235 5.94048505926 5.75978921175 5.29656938418 5.0674590706 4.1767660191
-9999 -9999 -9999 -9999 -9999 -9999 -9999 -9999 -9999 -9999 -9999 14.0277028816 14.1897086981 13.3016210824 12.7404936692 12.542304117 10.8449302061 11.1019950458 10.9086423561 11.5413999055 8.96564757328 3.84741826838 8.90009914028 10.6704908683 9.40970016154 9.42464615992 10.3653041945 10.5001594044 10.441836628 10.3497366037 10.2967445972 11.3414881097 11.1693387838 10.9537331822 10.046948119 9.25192239077 7.03747640313 5.5552042456 8.17945539179 8.93467819901 9.87839064616 10.6425258438 10.0271365575 9.47853847578 9.63385541684 9.65083490864 9.82582298564 9.89093184882 9.60095921026 9.60142971199 7.35376962364 5.33926252182 4.59035805931 4.6054089503 4.32061177085 4.35747789903 4.71483846835
-9999 -9999 -9999 -9999 -9999 -9999 -9999 -9999 -9999 -9999 -9999 -9999 14.3415812503 14.0728713454 13.1538237686 12.2944666159 11.1985328193 11.5148534244 11.0267937137 11.3092736328 11.0708227889 11.8257156839 10.1588213374 9.0934036528 9.19357686527 9.13829917576 8.77199693116 8.93835659786 8.74646514701 8.36851938766 7.77377114944 9.57528496289 9.79067935909 10.0461599754 9.76663967057 9.32472380616 7.92525448002 6.43375228893 9.17254531449 10.6792156583 10.1815559611 10.1072006421 10.3936153629 9.52011111729 9.69059383867 9.67048203339 9.49663277013 9.64682382971 9.12322405179 9.66127317736 8.72215358468 4.52658495589 4.79321970287 6.56073368838 4.67575328406 4.81321811085 4.43088816104
-9999 -9999 -9999 -9999 -9999 -9999 -9999 -9999 -9999 -9999 -9999 -9999 14.6909602849 13.9385368288 12.666470273 11.9237469578 10.8761882188 11.2307977544 10.9576705959 10.7853130649 11.1961949191 11.0101132996 10.5737376468 9.94859879922 9.42655113759 9.67212455844 10.0866046927 9.78097917746 9.07300032153 9.76525043673 8.91264633286 9.19869453767 10.9614575261 11.0604999727 11.5766689138 8.8777748342 10.2330492623 9.21295544348 11.0265336892 9.87392164298 9.75062814034 9.39981667199 9.02078513391 8.98021473841 8.94308651136 8.7741064325 8.12339518424 7.98362653842 7.53535360196 8.35970360441 7.78490812727 7.1340642723 6.7194193917 3.86154040577 2.83675663825 3.37131512897 2.63118279823
-9999 -9999 -9999 -9999 -9999 -9999 -9999 -9999 -9999 -9999 -9999 -9999 13.2012364346 13.5910327912 13.1649387394 12.694107005 11.540714639 11.6569291453 10.7940695329 11.4207294295 11.0894312549 11.1459816246 10.9205543913 7.04655747704 8.01030188179 9.75214352152 10.5183289973 9.66371818776 9.1840589157 8.7962528092 8.22361603376 7.98604718647 9.11488183028 10.7047413215 9.78121377705 10.4888510401 12.4133880261 10.2453510942 8.19627867886 6.46411246109 5.77598020768 6.5981589257 8.54436366485 9.0636359808 8.90318060363 8.9631866285 8.88288022183 8.87510053119 8.53708412421 8.78358868526 8.22965371449 6.6528007649 3.6867661743 3.16244149241 3.23413885714 3.05373556333 2.7740204771
