data/recharge/transience/recharge357.asc
ncols                  80
nrows                 72
xllcorner      4374000.0
yllcorner      5656000.0
cellsize            500
NODATA_value       -9999
[rows 25 to 49 of 72, columns 0 to 56 of 80]
-9999 -9999 -9999 -9999 -9999 -9999 -9999 -9999 -9999 -9999 -9999 -9999 31.1025041751 30.9769959131 29.0342980436 27.7269914777 23.0427699958 23.3695826092 19.9428265418 21.0740664997 18.6006408529 19.0078266426 16.4386473434 13.3320248783 14.1797251203 15.2246493258 13.3108111209 12.9874427369 10.4733085566 9.35392252954 7.74076060635 7.1862961544 7.38876264121 7.82594444978 4.96709868271 10.1220488399 9.53779964887 6.44902140936 4.75474027748 4.7312514788 4.15243201186 3.76515316608 5.80579466863 7.35113883133 7.16362748636 7.31264492926 7.41039479008 7.37073283029 7.07070381429 7.55422572351 6.85775198626 4.53550577857 2.23020584689 1.71158790591 1.75193064995 1.85649946354 1.83149122877
-9999 -9999 -9999 -9999 -9999 -9999 -9999 -9999 -9999 -9999 -9999 -9999 -9999 30.6065445401 30.0818019383 30.3481829297 26.3558963787 25.7271559185 22.1422243482 21.3502863161 19.479986213 20.8169894656 20.8130837186 19.5710536254 16.4298328541 14.0922186848 12.946685349 11.0804495684 10.2540691718 10.9782843253 8.77049487583 8.24954424851 8.59269170949 6.36881866887 4.89805961622 5.34769247626 9.05016450756 5.52708472173 5.5803848169 3.91368633989 3.2744257817 4.13027709879 2.29241304776 3.1439878897 3.41692092726 4.41007245573 5.46002977875 5.25991660818 3.10273134771 1.87939717719 1.55720872631 1.66289945103 1.85793256682 2.69081473905 3.48967600626 1.44285810893 1.47076918312
-9999 -9999 -9999 -9999 -9999 -9999 -9999 -9999 -9999 -9999 -9999 -9999 -9999 -9999 28.4766706427 28.4761419707 25.4201186692 24.3439027706 21.9016339282 22.6386852223 19.5693899948 21.6579868036 19.8634082151 18.0301227057 14.1044123888 14.0510010402 14.2760324567 15.1314667987 11.184373741 9.55152369489 9.04120890231 12.1212230677 10.5490440254 9.06527668715 5.82729809169 7.50601694614 8.53882681543 4.60091206962 4.26780221729 4.7283852322 4.66708518126 3.70036783196 3.7635620666 2.73448553779 1.86123051676 2.2126079001 1.74400531893 2.0149881171 1.54989153158 1.86772387675 1.77962438451 1.32736032785 1.25756955715 2.66016057079 3.95278639286 6.08307620451 5.7823531474
-9999 -9999 -9999 -9999 -9999 -9999 -9999 -9999 -9999 -9999 -9999 -9999 -9999 -9999 9.11196424897 20.3732522229 26.3949648494 25.4219569212 23.1798087457 23.7460136553 22.2381629726 22.6495604517 18.8693810911 21.611948744 19.4665039589 19.2356349881 13.6600166441 14.0466916539 14.1451134607 14.3762866438 12.3970297117 8.23747905818 10.375275657 11.6036959508 6.70636887221 6.28211623725 7.802353034 3.2810365003 4.31526423078 4.67582963234 3.17626282882 3.44108431526 3.08002421427 3.46764640354 2.59255721806 2.00192858611 1.68979473786 2.87210680888 3.33011489828 1.60669963647 2.07186523565 2.47211937136 2.9033227675 4.78310973472 5.8032934632 6.47120462261 7.5371264415
-9999 -9999 -9999 -9999 -9999 -9999 -9999 -9999 -9999 -9999 -9999 -9999 -9999 -9999 14.6461468676 21.9749285906 28.1379957871 26.2905375985 24.5172421795 24.3369687895 21.580245264 22.5737104926 21.0566999624 20.3397202664 17.2193911006 16.3711016018 15.6213089614 16.2146366984 12.5168244329 13.6006985958 11.794177068 11.8979702783 9.72178672578 10.568959961 12.3078216107 5.46977845547 6.33790252021 4.65952855273 3.81014458221 4.5019137423 2.86716405654 3.33626688718 2.74331599614 2.81977099743 1.82793980453 2.06173082222 1.40665332043 2.00576920342 4.00540959157 4.41542171296 3.42649341133 1.80461594312 3.24967591239 2.97107703443 2.55719323525 2.97235440934 3.09813321587
-9999 -9999 -9999 -9999 -9999 -9999 -9999 -9999 -9999 -9999 -9999 -9999 -9999 -9999 32.6505342372 31.5123038928 30.236201312 29.5644078395 27.6061818186 29.1821717645 24.4745464173 23.8659775631 22.4018293938 21.1202847607 16.7071808762 17.6157765132 14.5917574341 17.4559843949 14.329853891 13.5159798266 12.2237211424 13.2325767687 11.4486355281 10.0222865758 5.83477861837 5.87850367836 5.01069609526 8.48156850401 4.07924072706 5.30773263964 3.25420009199 2.33531497576 1.981589431 2.16056943173 1.64806078418 1.60359833353 2.89371458306 3.27628267395 7.1560082167 8.13226069936 5.69304583457 6.55059018604 4.08785851339 4.38931433707 4.09136879316 3.28452531319 4.11748654842
-9999 -9999 -9999 -9999 -9999 -9999 -9999 -9999 -9999 -9999 -9999 -9999 -9999 -9999 -9999 30.3001058097 29.025156908 27.6085121106 28.2840674133 26.2474926319 21.6138028864 22.1344338774 21.6131465373 21.4974433812 16.6214629748 17.7075379166 14.5417695363 15.3670090107 11.3618311106 13.7089921887 10.5198718944 10.4486634444 9.16841599251 9.69209586372 6.15874083887 6.19767546444 5.51206363139 5.43350039177 5.01496215686 4.63244603306 3.63774482502 4.81771802391 0.865450059423 1.06539770868 1.40276337373 1.07755470387 0.985806985771 1.16926344274 1.81814117745 2.32638359063 1.79160071965 1.56724191198 2.78143521537 5.18591899448 5.04406836141 4.95740726976 4.41911298916
-9999 -9999 -9999 -9999 -9999 -9999 -9999 -9999 -9999 -9999 -9999 -9999 -9999 -9999 -9999 -9999 28.9180069706 26.8186876419 26.4718907592 28.6444485766 26.6194651594 25.805735758 21.0826268487 19.2054978918 17.7633252419 17.0759260651 13.8923652822 14.5318973277 10.628222409 14.507168371 12.188369008 11.4497810208 7.82648820933 5.41868077804 5.9921815967 6.40225988063 5.98765966183 6.30579277546 5.9711337598 7.53618952376 10.9450086569 10.4453337566 7.05115888562 2.38675392888 0.880615100243 0.565491044897 0.41440911814 1.87805459453 1.61188227707 1.19836538391 1.84262563389 3.26963474797 2.3927587904 1.8633261883 2.37404044535 2.03731194364 1.9657463871
-9999 -9999 -9999 -9999 -9999 -9999 -9999 -9999 -9999 -9999 -9999 -9999 -9999 -9999 -9999 -9999 28.2522683662 28.6856506974 28.4533793792 27.2134378285 23.9907604614 26.4004170682 22.5440719643 19.594991814 17.4952080767 18.529965326 14.6175396053 14.8230637614 10.2869721842 13.4264980927 9.90732094947 7.84946585385 8.46817298693 6.63864683416 6.91430576252 6.21866918569 7.37925882513 6.41848339123 5.90774091981 5.91711027752 7.76269563062 7.26967651679 7.97442592719 6.31511457919 3.47314076233 2.09764514655 2.7322045298 3.5041025762 1.16889351235 1.5168287985 2.39893948794 2.57053541173 3.87218928056 4.19599586188 5.49016911159 3.65905878724 1.98851469663
-9999 -9999 -9999 -9999 -9999 -9999 -9999 -9999 -9999 -9999 -9999 -9999 -9999 -9999 -9999 24.0640645009 24.2723310067 25.1279023539 27.3723570608 27.0188445688 24.877210394 24.9648058817 21.1332188769 19.566853667 16.5732615033 17.3640431202 14.8666808344 15.0789904845 12.8255888313 14.2525847721 11.4794550106 11.7462054724 11.0280833942 9.46710176814 8.42580216715 8.35127249635 7.98787164837 8.59729903496 7.3824678757 4.87572345891 5.70892663239 4.72981013712 2.82299736008 2.7547221534 2.71118398454 1.75937179672 3.71849253016 3.9633931063 2.03270831999 2.40929042117 1.80958128404 1.34538338659 1.62156416368 1.86273547961 2.21957995602 2.31149679369 2.83809805321
-9999 -9999 -9999 -9999 -9999 -9999 -9999 -9999 -9999 -9999 -9999 -9999 -9999 -9999 25.7521646704 25.2616015755 24.7593370028 21.3237792876 24.0174315733 26.2450080397 23.367486346 24.5570729664 20.0564363154 20.4853016636 16.5996744911 16.0398593785 13.5702731333 14.3137125453 13.1369137952 13.129762331 10.4619450516 10.6644265399 8.0213992331 7.94892263377 7.00108011188 9.58875775211 9.14086469978 7.42550783035 1.84540697623 4.78252165566 5.16915652926 2.09886887124 1.77036295301 2.06003505252 1.09453960407 0.84454604644 2.49427938708 2.05912085352 2.297810675 1.72528495886 1.54982086269 1.53151666546 1.7738935408 1.7230091513 1.68825098363 1.8260041054 2.09141065187
-9999 -9999 -9999 -9999 -9999 -9999 -9999 -9999 -9999 -9999 -9999 -9999 -9999 -9999 26.8630073178 27.4530658716 25.8509410271 20.4919863873 17.9468729615 19.1877180866 20.8011769938 22.5677729469 20.0341301817 20.6733960488 16.1625626124 14.5233771713 11.4471320211 12.031170617 10.6361255119 12.9760149178 11.6841657024 11.48807059 9.61268527085 8.77064242752 6.91148086263 9.52565624816 8.89169654343 10.7786033904 5.82955593161 5.99296303105 7.53246990764 6.92772611432 2.56783823374 2.23725006128 1.81467848655 0.763606906188 1.81929657848 3.4819329256 3.82198553695 4.57758554374 4.66574924231 4.60968475448 3.20008686855 2.6676256069 3.2844533962 3.09828467697 2.24084927105
-9999 -9999 -9999 -9999 -9999 -9999 -9999 -9999 -9999 -9999 -9999 -9999 -9999 -9999 -9999 -9999 26.10432192 23.1308808233 22.5831285 22.3636402905 20.6081076042 21.2575391432 21.5469832794 21.5981983161 16.8239991391 14.5410144511 8.92214835431 9.4417726901 7.42215966623 10.5622079962 10.5537674197 9.86398449939 8.91161403251 7.69897373843 7.61971331516 7.69059938594 7.65266397607 5.75055142259 7.94752554214 7.79036938995 4.33759820419 3.92145896403 6.66995997688 5.09922498721 1.05274085345 1.40698680326 1.18137753318 1.3743020504 2.22187000285 2.84949612792 2.83668041153 2.95900617236 2.58761955831 2.12448245188 1.38925030688 1.49391802466 2.5926106382
-9999 -9999 -9999 -9999 -9999 -9999 -9999 -9999 -9999 -9999 -9999 -9999 -9999 -9999 -9999 -9999 24.1666013028 23.7074635276 23.2329029805 20.544102481 19.7697610591 20.5514647338 18.6361628862 19.4682831992 18.4408413046 16.0290950766 12.2217221144 11.7780781376 10.2567384709 11.4720819128 11.893858033 11.3774311233 9.15368706146 8.27183191202 5.65192414561 6.08603511826 6.0499689105 7.14406704831 4.38524442261 3.74494608843 4.55277028766 6.0554777115 5.75814448421 6.27828231349 4.12870268434 1.17198581218 0.406571412627 0.789320051585 1.86776628712 1.36684974296 1.08282714107 1.1034862382 0.866709846764 1.00881358493 0.988393121238 0.99650471889 1.00522263855
-9999 -9999 -9999 -9999 -9999 -9999 -9999 -9999 -9999 -9999 -9999 -9999 -9999 -9999 -9999 -9999 -9999 -9999 23.3664946438 21.6180294616 18.5309323164 19.6623795793 20.0949018339 21.2215931807 17.7828877882 16.8481851214 11.3855974351 11.6087245125 10.6743983174 10.8988366601 8.42302933007 7.48897476414 6.87590624656 7.68823304138 5.54452545597 6.95096746434 6.55893746399 4.73184160765 4.09369407426 5.39633407248 3.75610212639 3.29880037866 2.93444586623 2.90971072175 2.40272669118 2.13206013538 0.551523882976 0.562583618732 1.05398401374 0.993976036484 1.24354863469 1.40047839202 0.887180513539 0.914486017927 1.07875851883 1.16720798856 1.09653812517
-9999 -9999 -9999 -9999 -9999 -9999 -9999 -9999 -9999 -9999 -9999 -9999 -9999 -9999 -9999 -9999 -9999 -9999 -9999 19.5351488564 19.0249599894 19.7093551602 18.8045700183 24.621892741 19.7767055789 19.0723424804 13.7505022853 11.6916993121 8.67069828127 8.35359179864 7.95528147865 8.32137197217 6.45918503333 6.09966010353 4.28363177726 3.71268293917 3.32522758902 4.90947121189 4.05902620984 4.64085976982 3.30833613581 2.99402458241 2.35415930813 2.99922722535 2.94981516212 3.08774799303 1.57872279756 0.481570655556 0.345878341531 0.901474373068 0.813224331884 1.05858221126 0.819059891208 0.810083258543 0.99788251533 0.948993554513 0.759515209095
-9999 -9999 -9999 -9999 -9999 -9999 -9999 -9999 -9999 -9999 -9999 -9999 -9999 -9999 -9999 -9999 -9999 -9999 21.9436820218 22.8399004763 22.497817478 22.2073280075 19.0773108884 22.1405728209 19.4406010367 19.6573125615 15.382846068 14.0375991324 9.96754669381 9.23984875512 8.79465081188 5.77911085212 7.70274519713 6.54560147486 5.33128698581 6.41621029187 7.43605020301 7.07181898571 6.10913509882 5.71755895525 4.94646080611 3.30332772217 2.78475496002 3.91060171744 3.16450027417 3.57187608435 2.75596838241 3.06079848282 1.5354994048 0.507223959331 1.23428719319 1.7650099011 1.96725155841 2.01333642816 1.43409546847 1.21977783871 1.08210295979
-9999 -9999 -9999 -9999 -9999 -9999 -9999 -9999 -9999 -9999 -9999 -9999 -9999 -9999 -9999 -9999 -9999 -9999 -9999 24.9402591234 24.333230433 23.7822044767 19.5042675912 22.3005707955 21.0721221117 20.8738581926 15.051593239 15.9728931251 11.9384850348 13.941636168 13.0637065599 12.9936036423 10.3649339751 7.4251025801 7.05304439384 5.86236942892 3.0711528636 2.55946583823 2.0198342189 2.02014860232 2.3264616871 3.44961143264 3.7200437202 4.93864709326 4.94529805107 6.15095014296 3.72387584472 2.65999695692 1.94246863835 0.857831255809 0.237043910732 2.83918073019 3.26187361441 3.34588421484 2.84307963169 0.561057447272 0.662962764169
-9999 -9999 -9999 -9999 -9999 -9999 -9999 -9999 -9999 -9999 -9999 -9999 -9999 -9999 -9999 -9999 -9999 -9999 -9999 -9999 22.487218436 23.4406315 19.6389045389 21.3527108851 18.907610445 20.398931142 14.9474573524 16.4452660553 16.1766756418 14.9521922576 12.0206818929 11.582318781 8.08420428932 9.46013339279 7.69223817458 8.01654858241 5.11639324142 5.89981549705 5.37967072923 4.85870114212 3.46053257413 4.73784226882 4.67499546501 4.00228317379 5.35319289409 4.54425949127 3.55741679686 4.10302385623 3.27459807635 2.56492991056 1.47850643543 0.693376550653 0.282294697622 0.486867867579 2.38453373565 0.369829179901 0.377815840957
-9999 -9999 -9999 -9999 -9999 -9999 -9999 -9999 -9999 -9999 -9999 -9999 -9999 -9999 -9999 -9999 -9999 -9999 -9999 -9999 -9999 23.0954891306 20.8116123064 21.1821082675 17.7590329478 16.6652723872 15.0906586756 17.3050683572 14.6808457552 13.95619572 13.4698298012 13.7548573589 9.58549519261 8.24136508253 10.2349611959 8.92183608401 6.50352829563 4.58345450253 3.79863398125 4.2032015724 5.78678235421 6.16044361904 6.67422523051 4.40194326996 3.48027816835 2.53930926309 3.18221943189 3.56591380878 3.369346811 4.3221848118 4.64087622446 3.92033587978 1.71889025576 0.605743340159 0.162106985704 0.211982309113 0.248080040135
-9999 -9999 -9999 -9999 -9999 -9999 -9999 -9999 -9999 -9999 -9999 -9999 -9999 -9999 -9999 -9999 -9999 -9999 -9999 -9999 -9999 21.2901009873 19.4885092091 19.4990018498 19.634219867 21.2612692353 17.2860184413 15.4985592005 13.206712997 16.0087542539 9.19749028271 13.6750699986 10.3704977741 8.91467905145 5.18366253255 6.22818796312 4.970220043 4.76739092505 3.90810770635 5.30236903382 5.86913858845 5.57079677096 4.0825641739 3.90423929719 4.89541230461 4.59275501666 4.0876604637 3.95785987261 2.37092617948 2.61210609711 3.64614647702 2.51480556534 1.32475985155 0.361800519261 0.293594991231 0.176973081592 0.18962701974
-9999 -9999 -9999 -9999 -9999 -9999 -9999 -9999 -9999 -9999 -9999 -9999 -9999 -9999 -9999 -9999 -9999 -9999 -9999 -9999 -9999 -9999 19.8383934764 21.317706137 21.6955665177 21.4704022925 17.3899373375 16.5227377169 12.1276130126 12.9428847706 12.385936331 12.9615665397 9.77206261495 9.50287808343 9.56321250388 7.6364536836 6.9171529438 6.31560291779 5.64493868566 5.80092152192 6.19675078555 3.86575083079 4.19192662129 5.64677826154 2.90854279681 2.57102058816 1.92973390462 2.46680422529 3.29528617868 5.13064108558 2.27900539462 3.30444004428 3.4156961078 0.585894027584 0.182833329833 0.158137804222 0.175928463559
-9999 -9999 -9999 -9999 -9999 -9999 -9999 -9999 -9999 -9999 -9999 -9999 -9999 -9999 -9999 -9999 -9999 -9999 -9999 -9999 -9999 -9999 20.286382271 19.9219805883 21.0941350892 22.9290601909 18.4715984078 14.4228165599 13.2888267518 13.6882162768 11.7104248781 11.9782492807 11.0570426948 10.1364834639 7.79166772499 9.92165932654 6.92891154069 6.23246474574 7.03701961874 7.16715724038 4.50087554512 6.34083445119 4.28868626879 3.28554836095 2.80885743859 3.48806215831 4.22908312087 4.52177412336 2.39184179238 2.26959254799 1.98835734239 3.98630380098 0.391624375169 1.4181207281 0.501373035805 0.416985481631 0.270021593476
-9999 -9999 -9999 -9999 -9999 -9999 -9999 -9999 -9999 -9999 -9999 -9999 -9999 -9999 -9999 -9999 -9999 -9999 -9999 -9999 -9999 -9999 20.1089117896 21.0106198837 24.1169897213 23.7354057449 19.0330164658 16.792756526 14.0151640599 15.6351169706 12.9962041951 11.8171382794 10.2228050363 10.6065908381 10.5815795825 7.81986198508 7.12318149671 9.2462279923 7.84168937824 7.13469426902 6.83347356012 5.29120094261 3.45684926297 4.51474705409 5.62597977336 5.12278296341 4.74413807164 4.00207910415 2.87929900217 2.88488027939 3.66875184993 2.92483792409 1.08270439961 1.19954920106 1.40994805956 1.65282637414 0.543572648201
-9999 -9999 -9999 -9999 -9999 -9999 -9999 -9999 -9999 -9999 -9999 -9999 -9999 -9999 -9999 -9999 -9999 -9999 -9999 -9999 -9999 -9999 -9999 21.7243831283 25.1794149559 24.1215486876 18.1107480406 16.0077357285 13.693320643 15.1247727811 13.0833666418 13.8970094344 12.2368833516 12.9631850387 9.51667540949 10.3580120176 9.92257574747 8.80629781945 5.52092692374 5.10635583252 3.51737510362 4.92691997313 6.28096656316 6.36419817233 5.2273586975 4.54352985112 2.36247699413 2.11656620746 1.96202636644 2.13456282044 1.63597453437 2.07718430353 2.14569426941 2.50999564964 0.725107021493 0.46495460815 1.40658796258
