data/recharge/transience/recharge94.asc
ncols                  80
nrows                 72
xllcorner      4374000.0
yllcorner      5656000.0
cellsize            500
NODATA_value       -9999
[rows 25 to 49 of 72, columns 0 to 54 of 80]
-9999 -9999 -9999 -9999 -9999 -9999 -9999 -9999 -9999 -9999 -9999 -9999 1.11590925198 1.08953480015 1.10165522467 0.94978994465 0.684731641907 0.687806371896 0.686194853157 0.850677866833 0.576251875081 0.659704996333 0.485389850678 0.13703141594 0.257528859629 0.649740247121 0.518965214446 0.54908017615 0.362191010322 0.281628848287 0.203147260072 0.17407259522 0.118308618772 0.104933651349 0.0836901763788 0.0258703814071 0.0323708976696 0.132633011111 0.0908818726658 0.11273034021 0.0948399933463 0.05035830374 0.080010938036 0.121925207574 0.118629279338 0.123021013871 0.12881162709 0.127461800706 0.129075834036 0.144360443323 0.13448516511 0.0776906093442 0.0544033389175 0.0381541710647 0.0416327547761
-9999 -9999 -9999 -9999 -9999 -9999 -9999 -9999 -9999 -9999 -9999 -9999 -9999 0.995721420415 1.12664017131 1.20965134029 0.914597544251 0.957453418762 0.758655383074 0.650580123027 0.607263667419 0.694835500855 0.753042866768 0.567209955261 0.427507192572 0.34159204348 0.444472576722 0.317988890829 0.344038640067 0.401933162198 0.271627238347 0.229572063796 0.158577504824 0.0867156931256 0.0908921053836 0.00650890922505 0.0193368466986 0.116826659016 0.150079144769 0.089902847453 0.0673920217926 0.101337959105 0.0446980403595 0.0509760915962 0.0461115620781 0.062159588479 0.0959944663703 0.0907786363302 0.0432503860957 0.0271067697721 0.0315130051247 0.0371975643426 0.0477949182007 0.0409926131672 0.018816169132
-9999 -9999 -9999 -9999 -9999 -9999 -9999 -9999 -9999 -9999 -9999 -9999 -9999 -9999 0.768664074608 0.785829885714 0.723855936652 0.804903699769 0.779263268502 0.864601308126 0.702239155908 0.813028678307 0.733060288162 0.502097061923 0.360739585145 0.323672884354 0.330229112019 0.428656966115 0.361778813159 0.293464042262 0.26580320984 0.197952819358 0.235757754088 0.126391458059 0.119152061369 0.0120240649225 0.0205387663395 0.10905240125 0.0998027187454 0.0256645608142 0.0238114814637 0.060467082757 0.094346787771 0.0582936067027 0.0341989231545 0.0450207484291 0.032890472279 0.020568482203 0.0293688088017 0.0411637427315 0.0415545876537 0.0257720005574 0.0254552856416 0.0210537697975 0.0227522766374
-9999 -9999 -9999 -9999 -9999 -9999 -9999 -9999 -9999 -9999 -9999 -9999 -9999 -9999 0.230689530326 0.384271336397 0.692020113174 0.782253610324 0.69750003396 0.75958583184 0.75136506675 0.678103128327 0.505856401863 0.71921420788 0.552061110103 0.586059396265 0.270393308174 0.284801388367 0.385750563047 0.415060652028 0.164277724251 0.125356144517 0.220026098709 0.236062245914 0.157918705112 0.0105112939328 0.0190961230296 0.0662349420792 0.0251144791422 0.0232895485078 0.0411278696646 0.0612721470516 0.0728187386983 0.0908041867637 0.0663737041348 0.0451406414455 0.0136249476012 0.011903072304 0.0149183518743 0.0242364646885 0.0591025688933 0.0758483221539 0.099760918087 0.0381303277726 0.0222555646953
-9999 -9999 -9999 -9999 -9999 -9999 -9999 -9999 -9999 -9999 -9999 -9999 -9999 -9999 0.480159390059 0.669929544564 0.925166070952 0.810021920071 0.793621151422 0.803217245852 0.695220962171 0.744701920566 0.766820942538 0.589508763507 0.399170093304 0.338356529835 0.353028799455 0.460950757119 0.29849373002 0.354587361072 0.291098980199 0.223189728064 0.205742006394 0.147667329134 0.0953278619071 0.00918756826994 0.0108011400232 0.0841957389989 0.0109213271219 0.0165667253233 0.0582677860639 0.0784774919344 0.0573921681869 0.0611448672253 0.0379996081652 0.047253816147 0.0285614565504 0.0504192126565 0.142578892833 0.153177430066 0.111476131748 0.0535620587842 0.100393356154 0.0854481582217 0.0820221516221
-9999 -9999 -9999 -9999 -9999 -9999 -9999 -9999 -9999 -9999 -9999 -9999 -9999 -9999 1.62619653835 1.2788431837 1.19521509832 1.1066814883 0.808678058017 1.06691391543 0.726809255016 0.645359717813 0.772713862597 0.637842450517 0.487367055986 0.529022411342 0.352105832064 0.564161210541 0.395611779527 0.367650532723 0.329716592665 0.389185898842 0.303767194731 0.0571414758473 0.0119147912818 0.0121428381617 0.00873732739302 0.0239866151265 0.00659189205723 0.0110125942877 0.0184191696089 0.0446126427579 0.0362028522535 0.0430513333914 0.0312925842215 0.0353774430581 0.0849152495076 0.0991349528245 0.251895569129 0.302586648765 0.197616040232 0.24281612343 0.14931697088 0.169983926839 0.16695384618
-9999 -9999 -9999 -9999 -9999 -9999 -9999 -9999 -9999 -9999 -9999 -9999 -9999 -9999 -9999 0.975189209031 0.917521924243 0.731499649848 0.838759616888 0.675985020205 0.520218205526 0.568307092613 0.62791617124 0.635880412482 0.480286510264 0.473885043197 0.306481287932 0.357526613819 0.229126618194 0.314332673443 0.245088541149 0.237164558267 0.162731577405 0.0683740116851 0.0137560987729 0.0139987906647 0.010946822432 0.0105602228424 0.00915296919596 0.00724498924958 0.0047878931835 0.00759883301076 0.0199886564187 0.0206762211558 0.0249430290957 0.0242431149311 0.0257347848956 0.0298050883716 0.0534266302252 0.0652855675304 0.0477258723871 0.0385212477167 0.0953072823329 0.230733079227 0.226395896725
-9999 -9999 -9999 -9999 -9999 -9999 -9999 -9999 -9999 -9999 -9999 -9999 -9999 -9999 -9999 -9999 0.860144775299 0.664850610058 0.660418785581 0.981587584425 0.955089008808 0.82261627413 0.626224509282 0.514344858808 0.553697317711 0.497531841354 0.375591491009 0.236850712714 0.217882761212 0.253295614614 0.321023696317 0.189910130454 0.147013550372 0.0977756598592 0.0141719132333 0.0169725718143 0.01472144897 0.017033439787 0.0153048549414 0.0209037557765 0.0701840241924 0.0578354426021 0.0501041507025 0.0593579888818 0.0248185845506 0.0161208724404 0.0127112738261 0.0558361629599 0.0448836803563 0.0278764977185 0.0560303516597 0.125393632316 0.0809926968565 0.0563280270478 0.0813914150522
-9999 -9999 -9999 -9999 -9999 -9999 -9999 -9999 -9999 -9999 -9999 -9999 -9999 -9999 -9999 -9999 0.991860332172 1.03658671039 1.05431334406 0.924304026132 0.625637362871 0.816434771836 0.838636541521 0.590490761004 0.560251985233 0.652397992564 0.439555146093 0.383795389372 0.164107447354 0.215368344583 0.155810283192 0.150494030208 0.148000185392 0.142117238175 0.0290406178019 0.0156474794054 0.0204938083243 0.0179586026181 0.0148605811926 0.0133464300571 0.0380590124636 0.018557162119 0.0435664369716 0.200999255148 0.096418586921 0.0553250621724 0.0324220725794 0.0195024775739 0.02580398127 0.0406972455277 0.082128942443 0.090379631465 0.157597302939 0.176366130496 0.263265181037
-9999 -9999 -9999 -9999 -9999 -9999 -9999 -9999 -9999 -9999 -9999 -9999 -9999 -9999 -9999 0.516297502755 0.533705006084 0.709546372299 0.802010790176 0.763614551371 0.688024240465 0.625688537457 0.649056470929 0.598653913017 0.495009536558 0.554402173145 0.449084739402 0.462169838471 0.197298218238 0.314358877024 0.327873530963 0.342794640662 0.312877650275 0.140396671881 0.0560788504176 0.0623184188072 0.0349324539696 0.0324285277784 0.0223838038915 0.0100421074036 0.0279368191932 0.0666325259478 0.0826270855197 0.0805612258612 0.0868467290875 0.057706535574 0.00767095669647 0.0183622368376 0.0447305605216 0.0910022826484 0.0612694279761 0.0386242094406 0.05113144474 0.0630632112507 0.0810580419931
-9999 -9999 -9999 -9999 -9999 -9999 -9999 -9999 -9999 -9999 -9999 -9999 -9999 -9999 0.650879037274 0.613919309736 0.573172367759 0.800100798696 0.674878769273 0.667589927238 0.585383250203 0.703836986445 0.653366285703 0.696422104844 0.499409501082 0.45761158082 0.367289295011 0.365493139324 0.373310236232 0.372587432705 0.27342287289 0.283142913549 0.176053125012 0.203191927094 0.202747065011 0.333798513283 0.0382811850105 0.020733039397 0.0509675282859 0.0457895857842 0.0342456052271 0.0586762172184 0.052875140059 0.0606838028764 0.0384879519086 0.0307413224027 0.026231151887 0.0701785164284 0.0843319104004 0.056572094083 0.0482086672744 0.0473333843098 0.0586003767741 0.0561543239943 0.0543319567122
-9999 -9999 -9999 -9999 -9999 -9999 -9999 -9999 -9999 -9999 -9999 -9999 -9999 -9999 0.712158406424 0.871850979882 0.766617623133 0.7291722305 0.60196434738 0.50473954201 0.459243928565 0.578414672881 0.60597466007 0.665787162538 0.507108048759 0.399888376116 0.346237890475 0.351736002653 0.269833065377 0.389968173506 0.348623848964 0.372167236115 0.54465682576 0.44989085703 0.292084213889 0.455983230194 0.33329382336 0.442617658269 0.197713713699 0.205085627982 0.297079780308 0.264693343532 0.0896033276252 0.0786673456717 0.0712702958141 0.0354070563234 0.0732085979982 0.133658071423 0.165181307495 0.226375785653 0.2324633344 0.228272311192 0.14689571689 0.11563395649 0.157337682749
-9999 -9999 -9999 -9999 -9999 -9999 -9999 -9999 -9999 -9999 -9999 -9999 -9999 -9999 -9999 -9999 0.793038704851 1.31532956923 1.3438097114 1.30526191759 0.912526113528 0.520634999982 0.752614573671 0.759570553406 0.558896637967 0.599552223239 0.290567311517 0.323157993539 0.223149035053 0.401477473665 0.365272644556 0.477902397809 0.462973854359 0.345296401933 0.374203993193 0.380747264736 0.334129051259 0.196884881671 0.332894271962 0.387859029589 0.188890846054 0.160547058385 0.0901527107415 0.0540231576581 0.0460984681505 0.0580238784717 0.0520650282072 0.047624554731 0.0794930062493 0.119920066875 0.118755903872 0.125615797482 0.111196157905 0.0855050735912 0.0472586602017
-9999 -9999 -9999 -9999 -9999 -9999 -9999 -9999 -9999 -9999 -9999 -9999 -9999 -9999 -9999 -9999 1.3733848701 1.26471107115 1.22349902421 0.779333265123 0.911659511607 0.888443232446 0.548480035332 0.605991553663 0.658157139286 0.77964206704 0.597195128685 0.54171818677 0.419473034755 0.514914830576 0.623021421368 0.560270154158 0.394581249612 0.382061514301 0.220440404119 0.251477606994 0.274966500112 0.369265030324 0.188851241941 0.160557549836 0.2412738303 0.375408716596 0.0444713882156 0.0825520424721 0.205792043377 0.0568438052362 0.0247072704996 0.0431731011885 0.0733336633156 0.0473824881093 0.033398359888 0.0345099141425 0.0255119362477 0.0333284362021 0.033887647062
-9999 -9999 -9999 -9999 -9999 -9999 -9999 -9999 -9999 -9999 -9999 -9999 -9999 -9999 -9999 -9999 -9999 -9999 1.25205939706 0.939022512602 0.722402815754 0.891952229641 0.963819004047 0.782418481917 0.598572042833 0.59342392145 0.480162054291 0.450320102457 0.394986727052 0.457155488317 0.296117196576 0.233705982601 0.217675756734 0.290415629558 0.21326631158 0.319817276023 0.316474237605 0.179810062503 0.159441296184 0.289096492614 0.177329348893 0.142349086073 0.0976474404412 0.0962623129364 0.102958096816 0.098048270555 0.0332657363396 0.0342040527918 0.0572276818694 0.0298358422477 0.0384925877078 0.0438218720361 0.0265071316756 0.0279216316905 0.0393788603531
-9999 -9999 -9999 -9999 -9999 -9999 -9999 -9999 -9999 -9999 -9999 -9999 -9999 -9999 -9999 -9999 -9999 -9999 -9999 0.67545137047 0.705783907909 0.805456900029 0.750285748105 0.795575889294 0.708620654834 0.635025672414 0.363093512486 0.388738709925 0.294987433595 0.273157098818 0.276867861084 0.279316249884 0.201164731749 0.187946697134 0.130793781832 0.115631282097 0.110172911667 0.201653744951 0.174020960539 0.239964340998 0.1609312975 0.135595988873 0.0960131512657 0.14582788931 0.153840143973 0.167512431042 0.0825656095032 0.034095919873 0.0262680765756 0.060681130698 0.03328634469 0.0383323847377 0.0269165085364 0.0263851478859 0.039788141351
-9999 -9999 -9999 -9999 -9999 -9999 -9999 -9999 -9999 -9999 -9999 -9999 -9999 -9999 -9999 -9999 -9999 -9999 1.04731650972 1.21597295426 1.28513460478 1.22721440201 0.856300316561 0.551177510509 0.67614921578 0.652986945851 0.410602490759 0.396196370035 0.394338501107 0.335552498855 0.0768687433166 0.037704880767 0.113502728212 0.218270613968 0.195001352737 0.263033015684 0.369937698296 0.339625361879 0.303027618718 0.294185615314 0.299867355282 0.16039606601 0.126680921371 0.0277535411555 0.0372861217847 0.0305627754185 0.148294711929 0.166041134539 0.0893053063168 0.0391549486206 0.0540038062223 0.0990295194837 0.103734899653 0.100870745294 0.0689577723781
-9999 -9999 -9999 -9999 -9999 -9999 -9999 -9999 -9999 -9999 -9999 -9999 -9999 -9999 -9999 -9999 -9999 -9999 -9999 1.43518689129 1.35865130406 1.24347713377 0.893189562755 0.583180205848 0.758323509442 0.738877462048 0.431696711842 0.429418802642 0.415073652112 0.566577510195 0.297937887061 0.293911229117 0.327891310675 0.29483670252 0.115747593385 0.0873103747909 0.105978520144 0.0819749196913 0.0683312588885 0.0682727987496 0.0896008331718 0.18103252107 0.0829957909977 0.0432640830142 0.0400998511506 0.233929601041 0.245358073519 0.145836430111 0.12085889624 0.0643615573524 0.0149884136651 0.0131599634351 0.0132369702881 0.0133416081082 0.0339333744793
-9999 -9999 -9999 -9999 -9999 -9999 -9999 -9999 -9999 -9999 -9999 -9999 -9999 -9999 -9999 -9999 -9999 -9999 -9999 -9999 0.987659588563 1.16307200936 0.915888174459 0.691659655084 0.559216318982 0.691002669761 0.421862156954 0.461782425409 0.655042585175 0.549841180421 0.387175314546 0.359922737224 0.180145096306 0.130746358247 0.0918355594271 0.120822356018 0.225008149912 0.291310933732 0.281418818474 0.245223304926 0.158396160174 0.267944857286 0.305309652911 0.246949103345 0.385695689655 0.307062512292 0.229964291047 0.281848610092 0.214137760058 0.159484238207 0.102702663269 0.0558452550697 0.025887963654 0.0138346865341 0.0157956652708
-9999 -9999 -9999 -9999 -9999 -9999 -9999 -9999 -9999 -9999 -9999 -9999 -9999 -9999 -9999 -9999 -9999 -9999 -9999 -9999 -9999 1.01949159643 0.955202222946 0.943508780439 0.562716481589 0.481932656631 0.4031993142 0.51000603212 0.503252355389 0.445095284391 0.342276038114 0.487401960647 0.315108185528 0.103327755753 0.352129240602 0.486486123097 0.358266064619 0.172808084518 0.152132313849 0.206947198469 0.351876135378 0.388718492194 0.463890811473 0.276154337636 0.202663784755 0.1213347555 0.187640731666 0.223247069367 0.223795582406 0.313756081704 0.295036368567 0.0703166140057 0.102744973591 0.0581730789715 0.0118444083632
-9999 -9999 -9999 -9999 -9999 -9999 -9999 -9999 -9999 -9999 -9999 -9999 -9999 -9999 -9999 -9999 -9999 -9999 -9999 -9999 -9999 0.759203167778 0.761875970411 0.767707691632 0.832406739669 0.927725833733 0.60634057251 0.504828778992 0.506954561957 0.477789304654 0.272872384213 0.350896474009 0.392066207311 0.398493606665 0.190283057003 0.277749686694 0.23010659313 0.17184663567 0.145892044413 0.259894922431 0.360238480804 0.33201393465 0.209480351479 0.212296597721 0.334468096445 0.305753957292 0.272474170076 0.260031405085 0.109593052093 0.144363792816 0.0281081707778 0.0124942222146 0.0182618257538 0.0269166774715 0.0336551797202
-9999 -9999 -9999 -9999 -9999 -9999 -9999 -9999 -9999 -9999 -9999 -9999 -9999 -9999 -9999 -9999 -9999 -9999 -9999 -9999 -9999 -9999 0.834756684702 1.07086473037 0.826218502493 0.695891191382 0.570203929221 0.634817005322 0.49417238496 0.556780273308 0.47354322216 0.525028657582 0.398738887079 0.477402820385 0.581458765649 0.374074644779 0.320404021669 0.268639868896 0.23275353276 0.269480401206 0.364240281724 0.171503617751 0.208216010795 0.331511010596 0.144933602838 0.123693461757 0.0697428720474 0.103775816861 0.16934443462 0.0664304864959 0.0125777868199 0.0129079695089 0.0795701540364 0.0608549689857 0.0159824435065
-9999 -9999 -9999 -9999 -9999 -9999 -9999 -9999 -9999 -9999 -9999 -9999 -9999 -9999 -9999 -9999 -9999 -9999 -9999 -9999 -9999 -9999 0.894031691 0.848039288757 0.756340599546 0.85299235604 0.705031842777 0.656802557834 0.676373363929 0.711071897792 0.554285154019 0.585471306113 0.562907552104 0.57125754172 0.389154173804 0.62911527008 0.369618030277 0.271233791257 0.370049084194 0.43954640773 0.219298135659 0.377854364251 0.216015681335 0.13945862588 0.119282865798 0.199712203291 0.241440761413 0.312044324997 0.125436056232 0.0924836744445 0.0392480813853 0.0401792294793 0.0433803840808 0.110919831721 0.0580417631703
-9999 -9999 -9999 -9999 -9999 -9999 -9999 -9999 -9999 -9999 -9999 -9999 -9999 -9999 -9999 -9999 -9999 -9999 -9999 -9999 -9999 -9999 0.847114013217 0.995269746737 0.823581851037 0.659783744099 0.731165093242 1.00405761776 0.644231715606 0.899979700149 0.646896202549 0.51394365215 0.4234927905 0.547611028878 0.648111431831 0.349159890262 0.34708438606 0.568195542973 0.45909843876 0.386537860484 0.405062762568 0.268221257818 0.149625990459 0.229898952746 0.339642013692 0.306831158224 0.322908855907 0.25359839505 0.171092139752 0.171543301037 0.264070123686 0.191673640021 0.0922573183984 0.0996069908244 0.117309567363
-9999 -9999 -9999 -9999 -9999 -9999 -9999 -9999 -9999 -9999 -9999 -9999 -9999 -9999 -9999 -9999 -9999 -9999 -9999 -9999 -9999 -9999 -9999 1.10182574087 0.943998730742 0.697912036755 0.614954355935 0.810303245131 0.573670435332 0.82151278714 0.660000191346 0.768194075163 0.632636940061 0.813251816156 0.517610484757 0.61867035969 0.654263958555 0.517017169352 0.252435811492 0.215034665486 0.13769195342 0.23979185514 0.38192473158 0.39283293357 0.302711482538 0.244645586093 0.10169607487 0.0907211406588 0.0889240770747 0.103434709839 0.0705249759361 0.108971886244 0.128332873506 0.175425681254 0.0747852608325
