data/recharge/transience/recharge530.asc
ncols                  80
nrows                 72
xllcorner      4374000.0
yllcorner      5656000.0
cellsize            500
NODATA_value       -9999
[rows 26 to 51 of 72, columns 0 to 56 of 80]
-9999 -9999 -9999 -9999 -9999 -9999 -9999 -9999 -9999 -9999 -9999 -9999 -9999 27.0592225944 25.4521213365 25.154213858 24.5039849593 26.0300877516 23.7452623563 23.492217123 22.4454861263 22.494080929 21.6641938266 18.5095008049 23.216939234 23.937501466 24.0971493615 23.4021073138 22.3809006989 22.5940196084 21.1373160419 21.1860418355 20.6139989653 32.6491065631 32.8594444324 12.019654744 23.2131306357 26.6544270586 20.6330849928 15.6738569969 14.7933413196 16.6262124535 14.3323898038 17.2070257263 18.4848627975 19.7058354529 18.8482884445 18.6789517603 17.2242687791 13.9483623087 11.0468264171 11.0446114772 10.457837415 9.97133864672 8.42943790036 9.89034594504 8.27035517819
-9999 -9999 -9999 -9999 -9999 -9999 -9999 -9999 -9999 -9999 -9999 -9999 -9999 -9999 25.0257199069 24.3185271379 23.4085538486 25.8262865649 23.7900977698 24.027435492 22.7644063364 22.7462708909 22.0755160092 21.9037463223 21.7724336711 21.4414644968 21.4757227092 23.5350604283 23.234542208 22.2412703037 21.6770975319 21.0887272381 20.2593429743 33.135196099 27.4152756209 19.0866365461 24.9939567535 19.625703124 17.4640646851 14.7106659895 13.1950104202 16.1423833998 15.7769765323 14.8739788801 13.2034586237 13.7611679621 13.7776446486 14.7441437686 11.9659536491 11.9178334096 11.241362686 10.3014202433 9.25039130637 11.1256778188 6.91355673484 11.1057902426 15.7775896951
-9999 -9999 -9999 -9999 -9999 -9999 -9999 -9999 -9999 -9999 -9999 -9999 -9999 -9999 7.09661783332 15.3256456662 24.0093801342 26.3891719404 26.0255136547 25.7207450344 24.125986899 23.5450407187 21.9210295909 22.1096665656 21.6520399117 22.1326049581 21.3029096958 21.6225455667 21.6714020065 22.7206172215 17.5066423875 9.55279016225 21.2288956691 26.1240965399 29.9204414505 13.6153426189 25.0218184526 17.3037366629 13.907236782 12.9359395716 13.3416611935 14.0190916626 13.7954066357 15.0340363147 13.4922495148 12.6814383563 8.51404547353 7.08941383366 8.12335835812 11.4701733262 10.9335438963 11.5159570893 11.4461077281 9.84881484394 10.9316628346 14.7903906051 20.6512246084
-9999 -9999 -9999 -9999 -9999 -9999 -9999 -9999 -9999 -9999 -9999 -9999 -9999 -9999 11.7810954616 17.0635617316 24.5004100631 26.1602615846 24.5554560752 25.008137753 23.8346174827 23.6415730543 22.5779781408 22.0035148839 22.0017687765 21.6546863092 21.6565760577 21.9851575002 21.4014667886 21.543937117 20.9053477007 19.9187728148 20.4903807666 30.6478034898 33.0351899744 11.2040593872 15.6155664373 32.1855881692 6.97847781988 11.7885685165 13.7976869764 14.3040733398 13.2690611467 13.4037099363 12.1900248515 12.7692099887 10.7733245205 11.8941313073 13.685144186 15.7146101643 15.3647783641 11.9939311098 13.8423934067 12.8986348393 11.0980415171 12.7100039914 11.8315185835
-9999 -9999 -9999 -9999 -9999 -9999 -9999 -9999 -9999 -9999 -9999 -9999 -9999 -9999 27.2530447038 26.4154372236 25.1890904665 25.0418694365 23.9229162303 25.1883679008 24.4085304949 24.8082801985 23.5287953015 22.8712096013 22.4844251054 22.6341484309 21.7784264967 22.3131481589 21.6845909745 21.6468890969 21.1560525937 21.256048997 20.8282290696 16.6616799385 11.3137364813 11.3321176417 10.6124785609 23.2845771741 9.73657261458 13.5906193339 23.3835069419 15.724120286 11.3187397456 11.6254655904 10.6808768499 11.2909634608 14.5501316273 17.0601493993 23.7854063446 24.9173382931 20.2444458212 21.3236421433 15.865969374 14.5631113875 12.3712771665 11.5572042843 12.2163234896
-9999 -9999 -9999 -9999 -9999 -9999 -9999 -9999 -9999 -9999 -9999 -9999 -9999 -9999 -9999 26.5434482245 25.5308389499 24.8148387492 22.9732187123 23.3071844574 24.0277287018 25.3747814129 23.1534681589 23.2316870953 22.5163098794 22.475948699 21.5088197547 21.78055499 11.5547954111 20.8264266515 20.69362639 20.6314834238 19.9916559646 14.3981037767 11.4349617425 11.4495304748 10.8101611882 10.7807030492 10.3544918124 10.1400390212 9.46369545955 14.7584303895 10.3999964643 11.9584573861 11.8451288071 11.7788321467 9.50231409899 10.084601673 13.3420961503 14.8474499768 10.890855459 10.486784152 11.5790639799 13.9038419036 13.2100817608 13.138604358 12.4941690818
-9999 -9999 -9999 -9999 -9999 -9999 -9999 -9999 -9999 -9999 -9999 -9999 -9999 -9999 -9999 -9999 25.2964883075 25.594316437 24.380276922 24.8482622134 25.0091020585 25.0753825476 22.8170160104 23.2005787791 23.0641659972 22.9361595945 22.2139850537 19.7547120697 11.2724593854 17.8476749776 20.1958332641 13.5508783547 8.87503371108 6.06844513958 11.2889852682 11.4428782672 11.021452182 11.1389067567 10.8010725501 14.5028786044 26.9485116107 25.2338129082 26.5405908323 19.0210613046 8.45103719499 7.13115930658 5.96219083261 12.5655280757 10.3113279712 9.39168168551 10.4915992227 12.3481821739 11.1521989331 10.3855768093 10.6768157033 10.2245571633 9.61633257347
-9999 -9999 -9999 -9999 -9999 -9999 -9999 -9999 -9999 -9999 -9999 -9999 -9999 -9999 -9999 -9999 29.9842768097 27.5483587378 25.1626823699 26.4220276644 25.1766289757 24.6006665803 23.1061655091 22.8861575445 23.2536541231 23.3313053586 22.2889989069 21.8729984128 11.444738603 17.0732975052 12.7592927807 9.01378155363 10.2296997348 7.2129143154 11.0760104455 11.3732301328 13.6785966927 11.1584537114 10.776802217 11.8259347532 24.4363402097 18.1928977604 22.5062025485 24.5689280247 16.4260298862 12.5969227838 19.2207115213 14.8138674958 9.76296097836 10.1347007515 11.2967407457 11.5164400785 12.7608547262 13.0733656586 13.8002294515 12.1316658498 9.65442854341
-9999 -9999 -9999 -9999 -9999 -9999 -9999 -9999 -9999 -9999 -9999 -9999 -9999 -9999 -9999 26.5220348138 26.9417053725 27.6345988384 29.012338995 28.1497483299 25.4479676861 24.4788670721 22.9877691396 23.0150497042 22.8564939954 23.2038802274 22.321798036 22.303904992 15.5147415736 19.8674996724 20.7388389132 20.8708532098 20.8938716849 16.7014840571 19.0851071332 20.2004239237 25.3661968461 23.5708463495 20.9628074386 11.1266524269 25.12346602 20.1290120643 15.3808361099 15.1840090875 13.9724688896 11.1670636445 10.7587276618 10.8000381853 11.8113153211 11.033164497 10.0007658221 9.09477369011 9.56501686744 10.0082921218 10.3307679686 10.4576608961 10.2970979639
-9999 -9999 -9999 -9999 -9999 -9999 -9999 -9999 -9999 -9999 -9999 -9999 -9999 -9999 25.2629266433 27.313954832 27.1860944401 29.5191248947 29.4943747373 28.350391341 26.4451983064 25.9427217837 23.3555565134 23.2856443431 22.2960139877 22.861792028 22.1145988688 22.1004654993 21.177064819 21.2536160284 20.5687824168 20.7758700897 21.0140828456 21.1777630452 21.8824460327 33.644593149 20.0655171942 19.3354947243 31.5263359212 30.3699666758 26.5926831379 13.1862197202 12.1910503394 13.1093540294 8.97127288332 8.07480573274 7.52854868754 12.6007271722 10.8988761334 9.99378425176 9.54999986511 9.51076847533 9.85501105827 9.74591258956 9.47676470089 9.72516034946 9.16609183958
-9999 -9999 -9999 -9999 -9999 -9999 -9999 -9999 -9999 -9999 -9999 -9999 -9999 -9999 24.7323450571 27.1168319099 26.0337959294 28.0165163377 27.3055460258 27.2266954572 23.9543136672 24.2820930003 23.2751774386 23.2225969845 21.7528776547 22.1171582001 22.8507158747 23.0978942542 22.5826568805 21.3446388326 20.9270197172 22.1748642212 18.3608953036 18.1124963638 18.128327189 23.1967493201 27.3086943773 29.4216089263 21.9023206452 22.1986142856 24.1787428566 23.3005559515 13.3117778426 12.3719317118 10.641239472 7.25137880941 10.3289497047 15.4703512841 13.0052099437 13.4958297517 13.4020604602 13.3676038435 11.4058171604 10.7983084173 11.0082257321 10.820966466 9.43812752681
-9999 -9999 -9999 -9999 -9999 -9999 -9999 -9999 -9999 -9999 -9999 -9999 -9999 -9999 -9999 -9999 26.5018907473 28.5883955637 28.557746017 28.3247436491 26.2348000743 24.4412312175 23.6681593346 23.551581871 21.9487504584 23.6156064319 21.0081541959 21.1666576149 19.4570164333 21.4813897769 22.0372437832 19.3009542712 18.1072095996 17.5250560155 17.0347640443 17.077167021 20.9843825682 22.2394125173 24.115425174 21.0412557913 16.1660060832 16.3094521009 22.1860725201 22.0788612883 8.26322792428 9.410444863 8.40965756522 11.4057938093 11.2642500022 11.7380195166 11.5526586978 11.6930862196 10.6843470571 10.0474802865 8.35082127687 8.55865599542 9.90584191308
-9999 -9999 -9999 -9999 -9999 -9999 -9999 -9999 -9999 -9999 -9999 -9999 -9999 -9999 -9999 -9999 29.6929221847 29.7534311852 29.7686099486 28.9040976406 25.8525831745 26.0869336658 22.8792735885 22.8516455446 22.4334446374 23.9800568117 21.3516048497 21.2462748344 20.4309702926 21.0424021264 20.8659005739 20.7128670489 19.4643483606 17.8348030848 15.8013680723 16.0636115488 15.7899427827 16.3780297316 14.1798877323 13.2147686194 13.7118825643 15.0226602994 9.7942382632 13.7042184166 15.2070624555 8.37452625162 5.11945521621 7.3825706053 10.1209976403 9.1344773989 8.1283649971 8.17618758047 6.77330237732 7.18128900985 6.59510111032 6.60353233321 6.59397430585
-9999 -9999 -9999 -9999 -9999 -9999 -9999 -9999 -9999 -9999 -9999 -9999 -9999 -9999 -9999 -9999 -9999 -9999 29.77901907 29.1844830202 25.781666226 25.8787447175 24.7660957028 22.9260710513 22.2144219985 23.2640907053 21.2466603838 21.2065140887 20.8569000294 20.8722058958 19.685570964 19.3180146167 18.8310527987 18.5647735935 15.7175865725 16.5085833362 16.0771120828 14.9052857425 14.0095658648 14.806944452 12.8960214817 12.354400943 11.0654892459 11.0350870368 9.94448323515 11.1769961923 5.83618570713 5.8528869937 8.26043857832 8.83680617975 8.76665173779 9.50166018274 6.85732338434 6.94966015432 6.83895046966 7.03840904004 6.84041277938
-9999 -9999 -9999 -9999 -9999 -9999 -9999 -9999 -9999 -9999 -9999 -9999 -9999 -9999 -9999 -9999 -9999 -9999 -9999 27.8659151874 26.047634077 26.0564732725 25.685057266 24.3926399076 22.7900034092 22.6511123808 22.1528843629 21.5475651538 19.3658103786 19.251620096 18.7035379663 19.9027457022 18.1657739648 17.5021772787 15.1525420017 14.2095916052 13.85707646 14.9138829532 13.5516237888 13.6992918651 11.7845676893 11.4130227744 10.2662808288 11.2256641433 10.6864806725 10.8608486131 9.33775397354 5.4112394841 4.40804851889 6.95779784301 7.40979620032 7.49679986431 6.31297679845 6.2860528104 6.40037816586 6.26726543786 5.40728770197
-9999 -9999 -9999 -9999 -9999 -9999 -9999 -9999 -9999 -9999 -9999 -9999 -9999 -9999 -9999 -9999 -9999 -9999 28.102625514 28.3480974668 26.7746686038 26.6852403981 25.5453569641 24.0703590534 22.6632783751 22.5673348274 20.9749779114 22.9805104635 19.8130665003 19.6020988562 14.1600795555 7.68780568299 17.098084253 17.5340498676 15.8975507992 16.6522308571 17.3357355975 17.123859224 16.0442112498 15.3824114186 13.5835884179 11.7866651892 11.1625385354 10.9989085734 13.3734941295 11.1572031729 11.2954540798 12.5197591611 8.66920480115 5.23402322676 6.03302907313 19.7130152166 15.417590449 11.6200379998 7.89844277214 6.93123610946 6.26738272774
-9999 -9999 -9999 -9999 -9999 -9999 -9999 -9999 -9999 -9999 -9999 -9999 -9999 -9999 -9999 -9999 -9999 -9999 -9999 29.8761081154 29.6747435638 29.530165393 25.5390794943 24.2546789982 23.2165861964 23.0318399673 20.8812913818 20.7133867694 22.0475999018 22.6957465947 15.1921730569 15.186820278 19.8527363633 17.1789978687 16.0885507341 15.4605529604 13.3544896889 12.7839570664 11.7242283718 11.7405863716 11.3393019674 11.8378312136 10.2144610177 9.1693277991 8.87298539106 12.3636139789 11.2883303485 10.4147987037 9.76018796402 6.69858538811 3.17074522834 4.11700610423 10.0486829811 8.1496721238 16.7229999929 5.29894165035 5.17676127917
-9999 -9999 -9999 -9999 -9999 -9999 -9999 -9999 -9999 -9999 -9999 -9999 -9999 -9999 -9999 -9999 -9999 -9999 -9999 -9999 29.6087750845 29.7086833758 25.5423401179 25.5146767367 22.8252391513 22.9395546897 20.7293572964 20.8113533916 21.3060574107 21.1339199598 20.7106415048 20.6634128271 19.4368120255 15.0145546806 11.6554636573 14.2193679621 14.8905021214 15.138263662 14.7136743856 14.1413574512 12.3397457543 13.4319267935 12.9216774667 12.1937640737 13.375709726 12.6112144869 11.0874097959 11.6927724449 10.7612719925 11.0082477512 8.12809286348 5.71487039129 3.37394452368 3.35670521043 13.455127705 5.29867058046 3.28944574134
-9999 -9999 -9999 -9999 -9999 -9999 -9999 -9999 -9999 -9999 -9999 -9999 -9999 -9999 -9999 -9999 -9999 -9999 -9999 -9999 -9999 30.553623579 26.414162707 26.5431448691 22.1590063362 21.9562145928 20.7964834203 21.5205185738 21.2817455412 21.3075922106 19.2713001641 20.7589944501 18.6487323292 10.5726469266 17.5132085656 17.3184806105 14.9416377315 13.4741677692 12.915187239 13.2647135341 14.4681958576 14.7038311514 15.0095541361 12.9435580475 11.7471069263 10.4782468892 11.013631325 11.4887318643 10.6881139211 11.7380851969 16.7312236848 13.2313688252 8.82273682877 5.12722645509 2.24624198328 2.63136683349 2.61202413457
-9999 -9999 -9999 -9999 -9999 -9999 -9999 -9999 -9999 -9999 -9999 -9999 -9999 -9999 -9999 -9999 -9999 -9999 -9999 -9999 -9999 29.925304901 26.1031592349 26.0188354897 23.504586088 22.703921436 21.595590657 23.2546819896 22.3915180257 20.5735862929 9.33126285867 19.3164353133 20.2084468025 17.896580827 14.9024539803 15.0401886945 13.9271063585 13.2738897839 12.539121312 14.0721545642 14.5047028289 14.311864632 13.1546085608 12.7682228241 13.1856639649 12.8968214341 12.0369904117 11.9062823961 9.34445038374 9.94865171121 9.59781001206 6.59462745031 12.3750707465 3.90902169114 3.19861899728 2.36095849091 2.20469049198
-9999 -9999 -9999 -9999 -9999 -9999 -9999 -9999 -9999 -9999 -9999 -9999 -9999 -9999 -9999 -9999 -9999 -9999 -9999 -9999 -9999 -9999 26.0826945251 26.4189546227 24.8348984783 23.5492462926 21.973535188 24.0887195037 20.3604280933 21.1533816659 21.6154907496 21.7631599318 18.7629994514 17.2033296115 16.8001281053 15.7936859901 15.1369031794 14.6706758225 14.0475830219 14.6105643337 15.0625227718 13.3567144312 13.5317604375 14.583777676 11.2782203104 10.5921734133 9.14461282559 9.99158253997 10.7625382932 10.0440219011 4.72238533284 8.24530844681 11.4981686711 5.19692171512 2.46007331272 2.26329242285 2.17190997493
-9999 -9999 -9999 -9999 -9999 -9999 -9999 -9999 -9999 -9999 -9999 -9999 -9999 -9999 -9999 -9999 -9999 -9999 -9999 -9999 -9999 -9999 26.283657084 26.0823889673 24.5971731454 23.8476827279 22.2683170921 22.4837943862 20.5533062288 20.8512390182 19.6517728216 19.7263578479 18.9638383416 17.2039690816 15.8569215496 16.945309293 15.2881006114 14.7983343999 15.3354096163 15.4822320996 13.898109942 15.1591224043 13.6016500909 12.6484798338 11.6529911048 11.9029196232 12.3512743483 12.6341484293 9.63157210973 9.17929960547 9.01256236786 11.9097765894 4.22729123101 8.04718186036 4.40105417673 3.99024336363 2.83733703754
-9999 -9999 -9999 -9999 -9999 -9999 -9999 -9999 -9999 -9999 -9999 -9999 -9999 -9999 -9999 -9999 -9999 -9999 -9999 -9999 -9999 -9999 26.4432877714 26.5316769758 26.0911816471 24.5423420598 23.3707341629 23.1324085255 21.2444794565 21.8192434967 20.2440937855 19.8658143176 18.9507369756 17.757047271 17.4840839578 16.1249449151 15.6537760871 16.7753566379 16.2666317407 15.9108142344 15.5325763331 14.53963419 12.81816662 13.7579004112 14.4569432534 14.0754582615 13.1297146858 12.4213605838 10.4267844861 10.4382503381 10.8175249266 9.91343702355 7.18085294674 7.75680771419 7.7513016589 8.35054319172 4.36714463635
-9999 -9999 -9999 -9999 -9999 -9999 -9999 -9999 -9999 -9999 -9999 -9999 -9999 -9999 -9999 -9999 -9999 -9999 -9999 -9999 -9999 -9999 -9999 26.867691502 26.0558428082 24.7189562079 22.8963769733 22.5088116058 20.6154439803 21.6288501106 20.2404275286 20.5437448192 19.6508122468 19.2413072097 16.96606491 17.3834162665 17.112006392 16.5354797367 14.9041642435 15.1236997116 13.0896938323 14.2613967481 15.044813113 15.0309201696 14.2218947784 13.7148119407 10.6036096411 9.80732774368 8.92236803045 9.24948575115 7.72954151546 8.58054641884 8.56462582137 10.4589828831 5.4728502668 4.26458580037 6.78826349199
-9999 -9999 -9999 -9999 -9999 -9999 -9999 -9999 -9999 -9999 -9999 -9999 -9999 -9999 -9999 -9999 -9999 -9999 -9999 -9999 -9999 -9999 -9999 28.0808979198 25.8970656177 24.254556218 22.3880637455 24.066700087 21.4505578155 22.6557430455 21.1822687511 21.4800248299 20.5099606756 20.122368236 18.1919053531 17.8272903132 16.988854691 16.4090822974 14.2623967166 10.5743669516 17.281184222 17.6212778633 17.5660205161 15.7972263265 13.3339883839 13.6620215764 13.4708290775 13.6419251685 11.5541231575 11.4191733479 11.3806880643 11.5884051116 8.87092331014 10.4249997072 7.19878909272 8.97583506617 7.02327970589
-9999 -9999 -9999 -9999 -9999 -9999 -9999 -9999 -9999 -9999 -9999 -9999 -9999 -9999 -9999 -9999 -9999 -9999 -9999 -9999 -9999 -9999 -9999 -9999 26.7016884673 24.6556473871 22.5829100728 23.6210788403 22.3926308337 21.8914646215 18.8899024229 13.8582117259 17.5852031357 20.2410276927 19.7213214434 17.1644012176 15.9708379718 17.5508037328 16.3028760591 16.0913061258 18.1860346281 16.0056741355 15.6107471199 15.90626566 14.9049208869 14.5161157501 12.3387238673 13.2341989801 13.0222051441 12.1926736137 10.1276947989 9.10356089528 11.0655215545 11.5085840446 11.4521038106 7.57466749015 7.39724170922
