data/recharge/transience/recharge170.asc
ncols                  80
nrows                 72
xllcorner      4374000.0
yllcorner      5656000.0
cellsize            500
NODATA_value       -9999
[rows 0 to 25 of 72, columns 0 to 56 of 80]
-9999 -9999 -9999 -9999 -9999 -9999 -9999 -9999 -9999 -9999 -9999 -9999 26.2306397987 26.9704694447 -9999 -9999 -9999 -9999 -9999 -9999 -9999 -9999 -9999 -9999 -9999 -9999 -9999 -9999 -9999 -9999 -9999 -9999 -9999 -9999 -9999 -9999 -9999 -9999 -9999 -9999 -9999 -9999 -9999 -9999 -9999 -9999 -9999 -9999 -9999 -9999 -9999 -9999 -9999 -9999 -9999 -9999 -9999
-9999 -9999 -9999 -9999 -9999 -9999 -9999 -9999 -9999 -9999 -9999 -9999 23.3276185663 22.2999439316 22.2508979152 -9999 25.4167166099 -9999 -9999 -9999 -9999 -9999 -9999 -9999 -9999 -9999 -9999 -9999 -9999 -9999 -9999 -9999 -9999 -9999 -9999 -9999 -9999 -9999 -9999 -9999 -9999 -9999 -9999 -9999 -9999 -9999 -9999 -9999 -9999 -9999 -9999 -9999 -9999 -9999 -9999 -9999 -9999
-9999 -9999 -9999 -9999 -9999 -9999 -9999 -9999 -9999 -9999 23.8056454423 23.5414735128 23.8858814444 23.0197085177 23.8524412614 22.9035442248 21.9257463487 21.6774766988 -9999 -9999 -9999 -9999 -9999 -9999 -9999 -9999 -9999 -9999 -9999 -9999 -9999 -9999 -9999 -9999 -9999 -9999 -9999 -9999 -9999 -9999 -9999 -9999 -9999 -9999 -9999 -9999 -9999 -9999 -9999 -9999 -9999 -9999 -9999 -9999 -9999 -9999 -9999
-9999 -9999 -9999 -9999 -9999 -9999 -9999 -9999 -9999 23.4497917153 23.3743436214 22.9777005566 22.5109387141 22.8267554579 24.1746389116 24.3348895442 22.1777444083 25.5146502483 -9999 25.64086493 -9999 -9999 -9999 -9999 20.037936236 20.4342209335 -9999 -9999 -9999 -9999 -9999 -9999 -9999 -9999 -9999 -9999 -9999 -9999 -9999 -9999 -9999 -9999 -9999 -9999 -9999 -9999 -9999 -9999 -9999 -9999 -9999 -9999 -9999 -9999 -9999 -9999 -9999
-9999 -9999 -9999 -9999 -9999 -9999 -9999 -9999 25.0644644772 24.3353198465 23.8346069653 23.6267400856 24.2277696198 23.9189330613 24.2836323964 24.4675912622 23.5712730269 23.1037576776 22.6932202114 24.5361624566 24.4606101252 25.0216851871 -9999 22.2305490523 20.6542961375 20.8349385952 -9999 -9999 -9999 -9999 -9999 -9999 -9999 -9999 -9999 -9999 -9999 -9999 -9999 -9999 -9999 -9999 -9999 -9999 -9999 -9999 -9999 -9999 -9999 -9999 -9999 -9999 -9999 -9999 -9999 -9999 -9999
-9999 -9999 -9999 -9999 -9999 -9999 23.7513787346 23.4189209487 23.7776170922 23.8982630578 24.5349175232 24.1633673086 24.8032613045 24.6971739333 24.4243684574 24.7893714171 24.6695143913 23.8444320546 24.0469286336 23.9383771393 24.0568500821 24.3879652644 23.8247115585 22.1197823634 20.0880788133 20.0731963343 19.7657949363 -9999 -9999 -9999 -9999 -9999 -9999 -9999 -9999 -9999 -9999 -9999 -9999 -9999 -9999 -9999 -9999 -9999 -9999 -9999 -9999 -9999 -9999 -9999 -9999 -9999 -9999 -9999 -9999 -9999 -9999
-9999 -9999 -9999 -9999 -9999 -9999 24.049270368 23.8515107179 23.6090914308 23.3126648426 24.2063948923 24.38931007 24.5392776967 24.3220659342 23.9530773323 23.5233309719 23.908133458 20.1176348587 23.5270704667 23.5755162849 24.058800579 25.213975896 24.8164544954 25.0240076393 21.8714719536 21.4863101849 20.5176374439 23.2125158973 22.7317181694 22.6606139019 23.2433275766 23.5357034133 -9999 -9999 -9999 -9999 -9999 -9999 -9999 -9999 -9999 -9999 -9999 -9999 -9999 -9999 -9999 -9999 -9999 -9999 -9999 -9999 -9999 -9999 -9999 -9999 -9999
-9999 -9999 -9999 -9999 -9999 24.1441760992 24.0964217395 23.9323521468 24.2735580309 24.5177250569 25.3840343588 24.645626086 24.1859080628 24.2999625921 24.7848012473 24.8688061119 20.1535623531 10.9756224374 19.5189924803 23.7709940568 24.2351331627 24.0596654257 24.2646005272 24.4258768327 23.0286704075 23.190488561 19.9063850038 22.0934203403 22.1561026875 22.1981458752 22.5105526757 23.0125928564 22.7965500748 22.8031227611 -9999 -9999 -9999 -9999 -9999 -9999 -9999 -9999 -9999 -9999 -9999 -9999 -9999 -9999 -9999 -9999 -9999 -9999 -9999 -9999 -9999 -9999 -9999
-9999 -9999 -9999 -9999 -9999 23.9665587233 23.4795397448 23.6234510059 24.0020732593 23.7597415702 24.8443170423 25.0329091015 18.8903171005 15.6370326604 25.559000878 25.6848926843 21.9229248237 9.39611745759 16.9063495515 21.4796322293 24.3054212004 24.3038786859 25.4085019399 25.3793623813 24.9430549202 24.4169730073 22.0065987612 22.5215808119 23.6572290539 22.7612816867 21.9222591583 23.3244461253 22.8150072526 22.8779982217 22.8783324603 22.9482548525 -9999 -9999 -9999 -9999 21.2363779915 21.5461114081 -9999 -9999 -9999 -9999 -9999 -9999 -9999 -9999 -9999 -9999 -9999 -9999 -9999 -9999 -9999
-9999 -9999 -9999 -9999 -9999 23.7705280481 23.7994762141 23.5961548866 23.9835184403 24.444638569 25.6462055276 25.4805918248 25.2038042544 25.1640234817 26.1171622919 25.5617120293 24.2366836716 25.9583220974 25.5942786644 25.7744662514 24.9559079382 23.9539028518 24.3849331667 24.2121112771 24.8342916496 24.947121479 22.2348815464 21.1936055688 23.9084435965 22.2165168058 15.7180585155 20.2667808074 22.4690579652 22.9589863322 22.188331416 22.6930208573 22.6868579876 -9999 -9999 22.0516933764 22.0043826361 22.0958086379 22.3747097865 -9999 -9999 -9999 -9999 -9999 -9999 -9999 -9999 -9999 -9999 -9999 -9999 -9999 -9999
-9999 -9999 -9999 -9999 -9999 -9999 24.0200134187 23.9795547871 23.6857451841 23.9408945153 24.1937637957 24.230987584 25.8136812126 26.6559347267 24.9109888473 24.6963159136 25.0888055102 25.1736529323 24.8752511383 24.7641766518 25.0200195919 24.8990573933 24.6812397342 25.701115911 25.4332467393 24.9605936155 23.4664879993 22.8480917326 24.7757176329 24.4841685013 23.4118348949 24.8496512809 24.3434452822 24.0260569446 23.2249757973 24.0168399362 23.3275369863 21.2004253535 22.3170513538 22.056695318 22.1715201207 22.8668433067 21.0557387071 18.4119923236 -9999 -9999 -9999 -9999 19.0992859287 18.6305672251 6.74235328038 -9999 -9999 -9999 -9999 -9999 -9999
-9999 -9999 -9999 -9999 -9999 -9999 -9999 24.5953217938 23.6482144754 23.6528603489 24.6128584207 24.7954566359 25.6222094616 24.7223753779 25.1010033293 25.7933845106 25.8805278467 25.7249024024 25.7333176311 24.862995764 24.4353869568 24.1585789281 24.416062767 25.0602593043 25.2604956617 24.3844480159 23.5903520437 24.5602595624 24.7557740136 24.4322620161 24.9000478059 24.5010793325 24.252455412 24.1401041544 24.1272998122 24.3943125105 22.2970281577 22.8389280221 22.4788308658 22.239188918 21.7491314969 21.1730096345 16.6276924215 14.9169076958 14.9677611127 16.963526023 14.3676947388 13.4277076651 13.0743380103 16.1100322459 21.1603618873 18.8563869525 -9999 -9999 -9999 -9999 -9999
-9999 -9999 -9999 -9999 -9999 -9999 -9999 -9999 23.8492828609 23.8307834569 24.1579199874 24.1707273341 25.4334866661 26.1043339605 26.3398831051 26.102426922 25.1634890424 25.5304871519 25.0841512626 25.0418040079 25.8680003557 25.7221533217 29.3500270031 26.6249163174 26.2994662279 27.1226790198 26.050028881 24.2650002627 23.9832128934 23.3550047933 23.9300168025 24.0353448857 24.2758785918 24.2546306941 24.6411717932 24.4941019465 24.2020678427 24.5942125785 23.9015637358 23.8055485891 21.4923741059 18.9608213221 15.736967754 15.0745569232 14.9386889612 14.2661394362 14.3367422941 13.5045088347 12.9440453702 16.4965836676 18.5045189996 19.988906931 21.4345771662 -9999 -9999 -9999 -9999
-9999 -9999 -9999 -9999 -9999 -9999 -9999 -9999 24.2742677121 24.1587486831 23.9086871487 24.0621451094 25.4718650553 25.5142366015 25.4818386972 25.0589784201 24.9944100959 25.4625176477 25.1434414801 25.3141699271 25.9624190404 25.729006721 32.3956826009 31.5548344867 29.2655038649 25.3086965308 28.8121823363 27.314071433 24.7790597061 22.888175303 23.8701015096 24.0255389051 24.0711176505 24.2178724867 24.3652702143 11.51129532 24.809517061 24.4038766984 23.6123432281 23.5998567563 23.5027829749 21.5168787888 15.2368121518 15.1832143598 14.3087507671 14.2218819257 14.2468927139 13.6779156106 13.8024716269 18.9045546895 18.7061316775 18.7435042798 21.6788766765 22.0946863388 21.5098769128 21.8835622068 -9999
-9999 -9999 -9999 -9999 -9999 -9999 -9999 -9999 -9999 23.9964116535 24.1808644244 24.2718067308 25.7894415987 25.8869811005 25.9229339713 25.9338474836 26.3693068949 25.9797360779 26.0412989938 26.2152992309 26.7143905838 25.65088791 28.2515385544 38.3433327756 33.2320067507 32.0780856807 28.0546854873 25.387464758 22.5523381443 23.5769376446 23.4908799449 23.5898430151 23.4947710094 22.8984567353 23.5350159659 21.6374893339 24.7811552901 24.5489214529 24.149228953 24.0114706907 23.7847769403 23.6775846235 14.8371394854 16.4575899204 14.5277805919 13.6244772579 12.8137848817 13.064428844 17.7157300926 18.6339237335 18.630350346 18.3350973873 20.7926346034 21.5571664132 21.7338104813 15.3330820108 12.0593706124
-9999 -9999 -9999 -9999 -9999 -9999 -9999 -9999 -9999 -9999 24.017906214 24.3680200415 25.7959919297 25.9278636793 25.6585072959 25.4103217875 26.667880029 27.559551953 26.9094967004 25.8644010514 25.4611481367 24.394858515 25.3478396708 31.4399047377 29.7836367664 32.8277530742 30.5197560188 27.8402361864 23.7401042344 23.9835579531 23.7664133689 23.6782823043 24.1286053117 23.3607619586 24.6242761393 24.5655532154 24.4710421231 24.4779132493 24.2317927949 24.2705814466 23.8728351645 23.8901936572 22.7393897102 19.0512185262 20.2970731626 17.5860656889 16.4496951707 13.7860840705 20.232719504 20.2158046696 19.7273996642 19.3732408674 20.262937192 21.2680507649 20.6976773218 14.5844645197 11.9570845343
-9999 -9999 -9999 -9999 -9999 -9999 -9999 -9999 -9999 -9999 -9999 13.241599782 18.3724177463 25.9088058374 25.8082075879 25.5557151623 24.3313469194 24.357833433 24.8874501158 26.0059061266 25.6489324808 25.8386871522 24.5802322164 23.1564209959 25.7583155255 23.1338220513 26.0550315255 30.3850179047 29.9655482177 23.9420209802 24.2972790114 22.9038525845 22.4425659146 22.7156608263 23.8294812561 23.1388068533 23.8397618861 23.7486606157 24.0478929477 24.196973038 23.9071775854 23.2946739553 23.4946216877 21.4441828982 16.3555819396 14.0750743487 16.9174368104 17.7870634716 18.3145780783 21.0481145208 19.6283041497 21.0333021431 20.5274225153 20.2538501999 18.6141027648 18.3974487892 12.450929932
-9999 -9999 -9999 -9999 -9999 -9999 -9999 -9999 -9999 -9999 -9999 12.4776963258 19.6024121177 25.179743489 25.6763053489 25.9681754878 23.3430449938 24.3832294506 24.938043325 24.9429060347 25.4207955972 26.0170258343 25.1900263892 23.8926331242 24.7967809833 25.3885272061 27.2348254803 29.2878568822 26.1675288975 28.7764794223 28.4668812008 26.80877886 22.3670025269 23.8908660588 23.1845522483 23.6014292477 23.6044634568 24.0034733037 23.6599966054 23.3729403265 22.4755417509 23.7679323084 22.6377107194 22.9585698745 22.1429826087 17.9449663921 19.8303066477 21.3969377924 19.9599543069 17.0573047165 18.1258773408 18.092277039 15.0513347311 20.5802024318 20.5090811361 19.5319583952 18.5409581417
-9999 -9999 -9999 -9999 -9999 -9999 -9999 -9999 -9999 -9999 -9999 25.0302372662 25.5993876281 25.439968872 25.0624089111 25.7666986144 24.3085372337 24.5666778235 24.5721797604 24.8853139994 24.8494711351 24.9761277606 24.4723701483 23.4410453128 23.1712635884 23.221710451 23.0519344502 22.850687794 22.9819147307 24.1809477242 24.6510614576 28.6259065409 30.2359455113 30.0554022597 24.8083152294 19.1231331091 22.3381323858 20.1529385948 23.3221563787 18.6829183114 15.327462951 23.1210965654 23.1666807995 24.1131641391 24.948484149 25.6988143672 19.3518375652 18.2910555639 17.5588500785 17.6579957619 14.91944247 16.0303198868 16.7922566841 19.9966262429 21.3315294109 18.4381666989 16.1537495863
-9999 -9999 -9999 -9999 -9999 -9999 -9999 -9999 -9999 -9999 -9999 -9999 25.7283107221 25.1200172557 25.7788218321 25.3543496031 25.2994129543 24.0577687251 24.3706998554 24.9096200258 25.2569113205 24.7517162444 24.4736375415 24.4367794251 23.457836046 23.7048323698 23.2551733962 23.4488008895 23.1880509741 22.8968884221 23.0290184846 23.2168322085 23.9968384483 23.4531955138 27.0515242196 17.544170606 24.2443219429 20.8361068635 22.1130505585 23.1847458082 23.8310386911 22.7418228495 24.2585754885 25.1309094873 25.349087335 25.6516174131 22.5764301468 18.4205133739 15.3750014916 16.3780367221 14.2253995505 12.8662039078 11.4461054752 12.1260603712 12.0781363712 16.8600326099 10.3451295173
-9999 -9999 -9999 -9999 -9999 -9999 -9999 -9999 -9999 -9999 -9999 26.6385036725 26.5400183604 26.0325919593 26.1753835896 15.6768060856 22.5027933224 25.6678683641 24.5492709222 24.6684142577 23.9216384466 23.8023517226 23.1515073251 23.4212083206 22.9521934971 22.8641472176 22.0477400631 21.8824150248 21.9920518387 21.705910105 21.4303922645 21.6825316501 21.530288384 21.4134387122 22.0675317703 22.6464712446 22.744553343 18.4377960829 18.5905296365 21.9047168443 22.8289307697 21.6835610853 24.4649539369 25.6382785017 25.8698933896 25.6058508175 24.9331817527 23.2696742226 18.0038938211 18.1894705162 14.877256592 10.9083014342 9.9601081904 10.0241086853 9.35420241968 10.2562986357 13.0492066375
-9999 -9999 -9999 -9999 -9999 -9999 -9999 -9999 -9999 -9999 -9999 27.0372064256 27.0532171877 26.4879474787 25.8950476875 19.8967192229 25.2032467968 25.8806334063 25.095607245 25.0836636613 21.2516438132 21.6175767304 23.5615625492 23.700904543 23.210261557 23.2629260434 16.1925602792 17.1352439534 21.816056551 23.6053857235 23.1917460874 21.8204519205 21.3683296612 21.4151172577 21.888277513 18.2578744343 19.8724451324 22.8970759818 19.409368862 20.7581333984 21.7770691718 21.6309454962 23.5886111976 24.3868234946 24.5769509836 24.261078599 24.16683544 24.294315806 23.0473208215 21.685286817 13.8901839956 14.3951767506 12.9843062758 12.5425428678 11.8555568641 11.1444532566 9.01578555561
-9999 -9999 -9999 -9999 -9999 -9999 -9999 -9999 -9999 -9999 -9999 25.5035998987 25.0794672886 24.432401317 25.9625570881 25.8056344137 25.6940809711 26.2161685557 25.8858496277 26.2476996405 21.7282250182 10.1927776941 21.743870623 23.1042502254 18.6302379137 18.6338796426 20.1200131859 20.9316690925 19.7966825562 20.1192071117 20.3996810546 23.2496816141 23.2425402198 22.8764053486 21.3637671872 15.4978000586 15.2291882098 13.5909422163 17.8966365186 15.2281883914 22.3141459421 22.8953701613 22.3792628948 21.5378632261 21.9579501765 21.897641358 22.5269333639 22.5858352693 21.8980587769 21.6640126246 14.981394158 11.0136825204 9.14365825438 8.94918006901 8.1820218198 9.14601162941 10.3618135509
-9999 -9999 -9999 -9999 -9999 -9999 -9999 -9999 -9999 -9999 -9999 -9999 25.5524624142 24.7329562594 26.0248338609 25.8594560549 26.5674800108 26.5301827844 25.6985261966 25.9486882509 26.0633780803 26.7008446543 21.391124099 18.4694669594 17.9146032204 17.7462012653 15.8968527445 16.435685022 15.5692165464 14.3934576124 13.0615120507 17.3260739418 20.4311350373 21.0211786084 20.698495086 18.4460596931 16.6429261287 14.6469227108 19.6054891077 20.3987032787 22.5034580222 22.021865295 22.7042454821 21.1079387639 20.7175160026 20.8150873584 21.6345929291 21.9621302271 21.1562352448 21.5017981898 20.113341597 13.3582661214 13.4246147825 12.970838846 9.31973106092 9.36957452375 8.73099510527
-9999 -9999 -9999 -9999 -9999 -9999 -9999 -9999 -9999 -9999 -9999 -9999 25.3374114242 24.3202109255 24.8281526602 23.9171784847 24.7746389236 26.0675124988 26.5433709321 25.960487249 25.8924561912 25.7524659149 24.6134637603 22.2340995464 19.8924465872 20.9159525586 20.9570617579 20.180806789 17.8123025843 19.8875496276 17.552575516 18.2675662884 23.766768743 23.8988311463 21.1751409772 18.6074407055 16.0235093922 19.3862859969 22.8245432964 19.699286969 21.2949874386 21.3591831269 20.5298176823 20.4065658023 20.2405258098 20.1283820819 19.490059832 19.6234444858 18.2259567749 19.3824631048 17.801256697 16.5919805357 14.0030097968 7.83302515179 6.55178376058 8.09090091352 5.5922545423
-9999 -9999 -9999 -9999 -9999 -9999 -9999 -9999 -9999 -9999 -9999 -9999 25.4963908392 24.8638986498 24.586200037 24.5131466598 26.3302348093 25.8591128953 26.3723401546 27.1115263325 26.2481783477 25.5390453494 25.1327855844 18.8370679701 20.0232446429 22.2834370094 20.7847878176 20.5314026564 18.1787105919 16.9634362685 15.4696938756 14.7635226439 17.4414783806 20.3680669006 17.277450556 22.0448004739 22.5099746859 19.9037482239 17.6474044016 13.2715949934 11.822993134 11.9371842306 17.3767004169 20.6553554503 20.4460303697 20.5916508654 20.5567084953 20.5419028557 19.8788213 20.5240178496 18.6527633016 13.1168136268 8.41915411473 7.02725076227 6.79884771726 7.26507083238 6.94620555179
