data/recharge/transience/recharge400.asc
ncols                  80
nrows                 72
xllcorner      4374000.0
yllcorner      5656000.0
cellsize            500
NODATA_value       -9999
[rows 0 to 24 of 72, columns 0 to 55 of 80]
-9999 -9999 -9999 -9999 -9999 -9999 -9999 -9999 -9999 -9999 -9999 -9999 0.960388047029 0.967864638906 -9999 -9999 -9999 -9999 -9999 -9999 -9999 -9999 -9999 -9999 -9999 -9999 -9999 -9999 -9999 -9999 -9999 -9999 -9999 -9999 -9999 -9999 -9999 -9999 -9999 -9999 -9999 -9999 -9999 -9999 -9999 -9999 -9999 -9999 -9999 -9999 -9999 -9999 -9999 -9999 -9999 -9999
-9999 -9999 -9999 -9999 -9999 -9999 -9999 -9999 -9999 -9999 -9999 -9999 1.29866959436 1.09632697083 0.948828318841 -9999 0.931593632706 -9999 -9999 -9999 -9999 -9999 -9999 -9999 -9999 -9999 -9999 -9999 -9999 -9999 -9999 -9999 -9999 -9999 -9999 -9999 -9999 -9999 -9999 -9999 -9999 -9999 -9999 -9999 -9999 -9999 -9999 -9999 -9999 -9999 -9999 -9999 -9999 -9999 -9999 -9999
-9999 -9999 -9999 -9999 -9999 -9999 -9999 -9999 -9999 -9999 1.21424866826 1.10161259005 1.17075337828 1.17967143585 0.89721772334 1.03791020412 1.0054789376 1.04908537115 -9999 -9999 -9999 -9999 -9999 -9999 -9999 -9999 -9999 -9999 -9999 -9999 -9999 -9999 -9999 -9999 -9999 -9999 -9999 -9999 -9999 -9999 -9999 -9999 -9999 -9999 -9999 -9999 -9999 -9999 -9999 -9999 -9999 -9999 -9999 -9999 -9999 -9999
-9999 -9999 -9999 -9999 -9999 -9999 -9999 -9999 -9999 1.17780003258 1.19635672233 1.19060210557 1.04248442543 1.07279512325 1.04852561923 1.03343234706 1.11984310764 1.10027721285 -9999 1.0136101514 -9999 -9999 -9999 -9999 0.821688735566 0.920783219615 -9999 -9999 -9999 -9999 -9999 -9999 -9999 -9999 -9999 -9999 -9999 -9999 -9999 -9999 -9999 -9999 -9999 -9999 -9999 -9999 -9999 -9999 -9999 -9999 -9999 -9999 -9999 -9999 -9999 -9999
-9999 -9999 -9999 -9999 -9999 -9999 -9999 -9999 1.34781838099 1.2239065452 1.0744287393 1.15531596267 1.07969861703 1.02920113138 0.988608225033 0.963964312777 1.04797609659 0.998349824455 0.934232564006 0.86209974333 0.819742602302 0.853366263586 -9999 0.886171245655 0.894158045382 0.932747283321 -9999 -9999 -9999 -9999 -9999 -9999 -9999 -9999 -9999 -9999 -9999 -9999 -9999 -9999 -9999 -9999 -9999 -9999 -9999 -9999 -9999 -9999 -9999 -9999 -9999 -9999 -9999 -9999 -9999 -9999
-9999 -9999 -9999 -9999 -9999 -9999 1.61315400422 1.35799701913 1.10932880744 1.14287251456 1.17186496153 1.29402416236 1.15642772583 1.11771319951 0.981132992865 1.02986138283 1.00664542749 0.993518613013 0.871145964748 0.848496076674 0.801669025017 0.83189483292 0.955554303379 0.924160278323 0.891025873136 0.878608417072 0.876550192028 -9999 -9999 -9999 -9999 -9999 -9999 -9999 -9999 -9999 -9999 -9999 -9999 -9999 -9999 -9999 -9999 -9999 -9999 -9999 -9999 -9999 -9999 -9999 -9999 -9999 -9999 -9999 -9999 -9999
-9999 -9999 -9999 -9999 -9999 -9999 1.54429808494 1.40026086304 1.08488389201 1.05283469273 1.01215901291 1.11659818844 1.04784393831 0.920929856361 0.877832116948 0.8692268079 0.918032969098 0.542448181263 0.812817122001 0.757459385745 0.750202186437 0.825855537245 0.758388104808 0.8484421767 0.839554065088 0.799332486792 0.839386525946 0.774764875479 0.760546524833 0.735943851448 0.796744862255 0.79456515629 -9999 -9999 -9999 -9999 -9999 -9999 -9999 -9999 -9999 -9999 -9999 -9999 -9999 -9999 -9999 -9999 -9999 -9999 -9999 -9999 -9999 -9999 -9999 -9999
-9999 -9999 -9999 -9999 -9999 1.74860226935 1.56723534765 1.52151375509 1.35847010111 1.33309766175 1.20445795375 1.15094428081 0.995374882193 0.922498434729 0.968401274975 0.992335387213 0.524189698659 0.234967034016 0.509583890837 0.766727313438 0.754940535567 0.738332450654 0.72990112919 0.744560295549 0.860550577647 0.905595336446 0.840208876614 0.738379641108 0.736425912772 0.727198865483 0.695221644797 0.721397797549 0.661045087223 0.648340701646 -9999 -9999 -9999 -9999 -9999 -9999 -9999 -9999 -9999 -9999 -9999 -9999 -9999 -9999 -9999 -9999 -9999 -9999 -9999 -9999 -9999 -9999
-9999 -9999 -9999 -9999 -9999 1.77168778542 1.58112893731 1.59010876506 1.40428843755 1.33902196042 1.24881688833 1.29761148828 0.50003728528 0.382081751986 1.10309499553 1.05732308931 0.507496798852 0.158302266523 0.356710047555 0.47937124988 0.814855706549 0.764500280324 0.785215865525 0.768508495687 0.721855377232 0.652770141705 0.772616238709 0.714803527831 0.657299300098 0.600415799689 0.55682817083 0.613316667754 0.644523826616 0.630523869608 0.600789136115 0.615874934114 -9999 -9999 -9999 -9999 0.676920167262 0.586790827004 -9999 -9999 -9999 -9999 -9999 -9999 -9999 -9999 -9999 -9999 -9999 -9999 -9999 -9999
-9999 -9999 -9999 -9999 -9999 1.68521841072 1.52390391128 1.49598996021 1.44477746162 1.50329062181 1.3604941402 1.3216105665 1.16898918269 1.1595344235 1.16786577558 0.961543204069 0.762871458522 0.959920742406 0.946947505623 0.946929680377 0.894898199046 0.745077845636 0.700562145962 0.683760949496 0.702922781934 0.740481097725 0.762462189087 0.712940645061 0.682221282597 0.510363736446 0.268519215723 0.403869771426 0.63659096717 0.56682369891 0.527479711897 0.62469773582 0.611684215427 -9999 -9999 0.611396185427 0.62461896742 0.614630683953 0.611519599358 -9999 -9999 -9999 -9999 -9999 -9999 -9999 -9999 -9999 -9999 -9999 -9999 -9999
-9999 -9999 -9999 -9999 -9999 -9999 1.73131875793 1.67684146375 1.52326896955 1.47932432254 1.28470656493 1.35402471937 1.37485383124 1.70176194778 0.991150686638 0.946398493507 0.851087641437 0.833413836896 0.799986815847 0.809456973136 0.791922846309 0.806781123345 0.740235041171 0.783830523228 0.707960736401 0.677075959979 0.657274281182 0.72881317281 0.612579496314 0.60868336354 0.49873639151 0.616672402567 0.548306578748 0.630729504052 0.635989015093 0.595231735328 0.555110274371 0.583516936204 0.600498543452 0.589396358798 0.58613036616 0.642081872104 0.536042284765 0.524211613126 -9999 -9999 -9999 -9999 0.685796016161 0.638879441396 0.100240233214 -9999 -9999 -9999 -9999 -9999
-9999 -9999 -9999 -9999 -9999 -9999 -9999 1.55774277401 1.43923147217 1.56068059215 1.44901095816 1.36727637322 1.12277904407 0.988352251497 0.848923881316 1.05380876403 0.994868994657 1.02787990289 0.956736275696 0.865854856241 0.75916282303 0.757076982112 0.71724759761 0.730870391802 0.679021714024 0.636101287658 0.733669956821 0.637273759387 0.631089348105 0.594582511379 0.56733311235 0.559427714415 0.574818052532 0.562339046941 0.60328845513 0.603739827885 0.684543543944 0.645483265074 0.596819951027 0.593156317277 0.495166960419 0.511452943865 0.646260226354 0.726517141809 0.701159913143 0.719231616478 0.788741680551 0.73626153156 0.742212520615 0.625918514324 0.446801870512 0.299012531273 -9999 -9999 -9999 -9999
-9999 -9999 -9999 -9999 -9999 -9999 -9999 -9999 1.40394474782 1.34435945548 1.34250288423 1.43027617508 1.22815585011 1.28615046023 1.30917743538 1.17976630842 0.930657841857 0.938517903315 0.814498837696 0.859747494511 0.922518246842 0.900531464438 1.2525348898 2.86170423268 2.94614751002 2.62347801369 0.889084109643 0.610245604508 0.539709673225 0.503091295339 0.603124206986 0.560133210721 0.529839795078 0.544118763152 0.526015131627 0.591114696419 0.566438613019 0.579475705045 0.559807235161 0.58708188354 0.621278505839 0.663900392616 0.69875363141 0.671272469035 0.684246186334 0.656617454572 0.707053523345 0.672607946865 0.674344284494 0.584881938217 0.517737423438 0.51321944522 0.448061992679 -9999 -9999 -9999
-9999 -9999 -9999 -9999 -9999 -9999 -9999 -9999 1.57550869915 1.45310033481 1.27949425083 1.28678791323 1.18458867266 1.18022422205 1.03060961322 1.01202883557 0.881988039072 0.925925316946 0.861751928104 0.898077260384 0.887178951849 0.889464599555 1.73198962791 3.30413770673 2.97047293536 2.90082930478 2.5997470313 0.931254792571 0.615090623031 0.599869486471 0.490837719728 0.526005506915 0.483061949622 0.520342961932 0.550054986507 0.170311143558 0.591463617317 0.568635263448 0.555957437891 0.551570872203 0.546492202033 0.63652214024 0.682318147359 0.675187473297 0.661003437831 0.656967846256 0.70302864755 0.678882719154 0.670233623009 0.515577141486 0.524808847555 0.526748228781 0.511511935698 0.576203032972 0.51106891649 0.530800788556
-9999 -9999 -9999 -9999 -9999 -9999 -9999 -9999 -9999 1.66323913321 1.42537892075 1.25156503521 1.18815216951 1.11894534651 0.952220630939 0.937987242857 0.925538067225 0.969472656429 0.92898384803 0.936693057362 0.936988529358 0.822986226433 0.985426895289 3.38166702613 2.98034231465 3.01155535195 2.72275325885 2.57842200227 1.01587055808 0.593592532664 0.58807020494 0.572836676419 0.557804877952 0.49926475798 0.43608810435 0.35389740224 0.550618501635 0.535613233361 0.520192894092 0.520637865281 0.513146461202 0.522401618383 0.624785856715 0.761808022287 0.73088154984 0.625666623923 0.615603787241 0.606110251274 0.493303296536 0.459123851822 0.482230295708 0.472268366066 0.456556499197 0.494882073541 0.523417284978 0.676018653618
-9999 -9999 -9999 -9999 -9999 -9999 -9999 -9999 -9999 -9999 1.27569597306 1.31827265932 1.17298571887 1.14418499748 0.903290159208 0.842584531981 1.00733624233 1.07786319735 0.998634078626 0.961588692625 0.86142901285 0.893562674438 0.728981130565 1.27379673109 2.86376769745 3.12685597726 2.98204004845 2.73840412698 2.53498376002 1.19535557102 0.529998457398 0.529318033827 0.537848371688 0.518202817236 0.582246401665 0.533037205523 0.541495714413 0.534932587237 0.522825128555 0.524501350278 0.523884818842 0.501628124202 0.423482844549 0.636299622843 0.896982085023 0.788993705479 0.833994994543 0.68875330835 0.470329083603 0.470854029764 0.535335720223 0.516347065241 0.461991379955 0.474583645577 0.475754412644 0.697900716152
-9999 -9999 -9999 -9999 -9999 -9999 -9999 -9999 -9999 -9999 -9999 0.360162342571 0.428356452738 1.09124364626 0.920060494625 0.906410797544 1.1281374371 1.12276433313 0.957866417332 0.937399101036 0.886876710838 0.918317710697 0.850933044404 0.742322299131 0.967263956315 2.10609117824 2.92340736543 3.13177811738 2.70693958735 1.50089226463 1.56926405964 0.496783416882 0.375791085913 0.41807105159 0.453880319315 0.449373128662 0.502780128525 0.50018675611 0.508456365502 0.510610106226 0.466975715615 0.394573690815 0.42101577469 0.572443858542 0.756973392421 0.666067471654 0.683897609676 0.821225904843 0.533502671243 0.452480159196 0.497773380274 0.571568095348 0.564869838687 0.478145945072 0.43567053945 0.45307145538
-9999 -9999 -9999 -9999 -9999 -9999 -9999 -9999 -9999 -9999 -9999 0.28477743765 0.461935724014 1.02623011931 0.980180925636 1.08531977431 1.037464726 0.969611696117 0.823898575748 0.82902362925 0.789004060055 0.847426884311 0.71700269173 0.784666922737 0.650968271916 0.788039365099 1.07014525206 1.76681317418 2.3127556063 2.09080813086 2.21001320046 2.18948920954 1.5224581835 1.64482432252 1.14915937778 0.598255402627 0.498726446754 0.507502220475 0.498204075767 0.482772546137 0.428149023858 0.397258891729 0.368142282391 0.399207445428 0.606625617208 0.840814700833 0.963822225296 0.984927577161 0.954483682585 0.78240780558 0.794568799658 0.703660635405 0.613788361439 0.546558364395 0.500818061539 0.465943061993
-9999 -9999 -9999 -9999 -9999 -9999 -9999 -9999 -9999 -9999 -9999 1.4022887142 1.20449661972 1.15611265461 0.919964872465 1.03107294672 1.00112627127 0.84753079544 0.675036879669 0.739549585818 0.719729116834 0.729798887393 0.795556578295 0.722748890094 0.595654110289 0.571419481055 0.543554700617 0.535593310867 0.508715985644 0.73774292021 1.15743220056 1.97534345002 2.51589225257 2.76625529597 2.147056641 2.26071076604 2.30434158228 1.80483991794 0.550815673221 0.278743288711 0.216259069863 0.426430566374 0.384738555974 0.411572185892 0.5336701664 0.767763695106 0.892482800602 0.849851617169 0.849098499683 0.876512866422 0.786066759735 0.844156374593 0.877211434712 0.825843695307 0.614481423055 0.331441712116
-9999 -9999 -9999 -9999 -9999 -9999 -9999 -9999 -9999 -9999 -9999 -9999 1.058985206 1.13165168288 1.02093595222 0.927328871597 0.940648476328 0.990064046902 0.846272457364 0.76627043677 0.737218104759 0.708808288631 0.689393176573 0.74006420259 0.588189015428 0.598035809877 0.551138627295 0.561597038587 0.531043161437 0.517287621276 0.502930831788 0.513909840193 0.659130193665 1.28657211822 1.88361513562 1.02098488747 2.3026715854 2.2491661466 1.64963820741 0.48594058147 0.517253219578 0.372459580611 0.429652131207 0.470276298992 0.490956498398 0.554427980372 0.761073969924 0.854519450185 0.766216439023 0.82567540765 0.810481690634 0.695581332671 0.657912732045 0.64504253117 0.608938495022 0.38755330258
-9999 -9999 -9999 -9999 -9999 -9999 -9999 -9999 -9999 -9999 -9999 1.2827299107 1.17453222579 1.18397442668 0.989560641754 0.323913241892 0.526187948453 0.8616726501 0.813383078942 0.753858682651 0.651796405104 0.644599880516 0.589516461525 0.600965638846 0.581681564253 0.576340780719 0.541097656489 0.513882127113 0.504906376029 0.492881201948 0.464493854608 0.473796376456 0.450935240063 0.446749708498 0.456333607045 1.96312909937 2.18894169748 1.96040340281 1.7639442742 0.493844477652 0.461033515657 0.327084546319 0.588106874965 0.588026905237 0.571120771199 0.550186729147 0.651609686471 0.836733927181 0.827215467261 0.787190197828 0.750965440983 0.623754781354 0.600440110566 0.602717519265 0.591468452469 0.622617427143
-9999 -9999 -9999 -9999 -9999 -9999 -9999 -9999 -9999 -9999 -9999 1.327665342 1.35981777583 1.28942992494 1.02604997369 0.441088899699 0.753153207079 0.834687463462 0.760192427611 0.774905867966 0.476523063765 0.525534375436 0.62720300367 0.622756905035 0.598229563008 0.620888443699 0.240413867754 0.281989829307 0.454054152137 0.596474540112 0.54526954206 0.479197723114 0.445187466251 0.446805450881 0.449745666357 1.26828008924 2.01105436978 2.11251620853 1.91555248093 0.987304040999 0.378469170195 0.320545367455 0.368765306721 0.467152035734 0.424426408953 0.403104589211 0.440218528596 0.460051488123 0.508732002863 0.597134576466 0.752175314611 0.777032147043 0.755548592025 0.718179350926 0.710125229103 0.675928361501
-9999 -9999 -9999 -9999 -9999 -9999 -9999 -9999 -9999 -9999 -9999 1.50433734505 1.38098387078 1.19828821536 1.0489847107 1.010635949 0.779087382078 0.91463607517 0.763805163052 0.838582467199 0.407387990991 0.144758390686 0.467272946818 1.00295288938 0.921714793055 0.924433452909 0.866942462688 0.757436794358 0.634025848812 0.551300840534 0.523335471736 0.54092019502 0.531419608075 0.512404641202 0.453068444382 1.31580759796 1.88493155265 1.68662653376 1.95941764465 1.15454790775 0.403941030556 0.552340360224 0.492877149353 0.393260088555 0.390347215063 0.401874709341 0.384736622595 0.389146856799 0.48579497407 0.494363561202 0.666572239679 0.751273359853 0.667833493671 0.651849506128 0.633152751548 0.700150680711
-9999 -9999 -9999 -9999 -9999 -9999 -9999 -9999 -9999 -9999 -9999 -9999 1.41675803687 1.3536678878 1.12373792721 1.00327880254 0.972354656087 1.00291779302 0.844715624499 0.805254572015 0.798262077916 0.862942084068 0.933390336461 0.940298420224 0.897044401524 0.890356252288 0.803563793672 0.820495067011 0.764277703314 0.729381318285 0.662845723856 0.566360276097 0.424473091108 0.442049697052 0.432769895589 1.84788334916 1.93828564813 1.84113758478 1.95151660277 1.1957204444 0.459997532244 0.456666736275 0.464710030151 0.447830431087 0.44958905241 0.431917268867 0.372667961291 0.373340315195 0.433921652922 0.491878718369 0.467179038461 0.23215407309 0.285969067921 0.635344356385 0.635197189564 0.618612145339
-9999 -9999 -9999 -9999 -9999 -9999 -9999 -9999 -9999 -9999 -9999 -9999 1.50628944813 1.32096940784 1.08275982219 1.13870695567 0.966528266317 0.984437328791 0.906195357752 0.812112879386 0.779894144024 0.723406777074 0.838244294455 1.06980209466 0.939742110435 0.979282415609 0.965047486189 0.923416887072 0.8173215482 0.891386891425 0.793999536068 0.806613464687 0.615804563961 0.548475478044 1.20285515993 2.00605832074 2.00161403529 1.98791079388 2.16382721515 1.41700122692 0.570489786787 0.445280326603 0.439939398475 0.442897237332 0.510348314485 0.511682591018 0.4140914598 0.358060095053 0.379061909515 0.459399819395 0.455865621697 0.362776445718 0.466650891296 0.56535234197 0.565257912571 0.628275926817
