data/recharge/transience/recharge583.asc
ncols                  80
nrows                 72
xllcorner      4374000.0
yllcorner      5656000.0
cellsize            500
NODATA_value       -9999
[rows 24 to 47 of 72, columns 0 to 53 of 80]
-9999 -9999 -9999 -9999 -9999 -9999 -9999 -9999 -9999 -9999 -9999 -9999 0.241083833011 0.15293289401 0.122129619532 0.115396083532 0.0777942586101 0.0868312510723 0.0628279265996 0.0498212291344 0.0453697150835 0.0378100255482 0.0247590465186 0.056287038577 0.0168476216076 0.025516091392 0.0187556370303 0.0278645260823 0.0223849592727 0.0369493166806 0.0222618086033 0.0240873834244 0.0156716704385 0.0164070263901 0.00813648887735 0.0102054423126 0.00279212975166 0.0144904385668 0.0196326138159 0.011859036389 0.00635611374679 0.00424238040342 0.00337581845485 0.00330039311487 0.00316930651117 0.00320438276115 0.00280015802633 0.00291355687025 0.00247951532707 0.00268351072672 0.00241051117681 0.0021236202048 0.00197273433336 0.00350051487367
-9999 -9999 -9999 -9999 -9999 -9999 -9999 -9999 -9999 -9999 -9999 -9999 0.178314018669 0.156234830847 0.11763927725 0.123327508749 0.0677460298906 0.0665432294306 0.0532370977255 0.0694998019983 0.0485526141426 0.0424631600097 0.0303786993677 0.00872315653814 0.0138759984256 0.0582589427305 0.0107244680019 0.0188299173272 0.0244657613366 0.0184528147456 0.014263213687 0.0123307918476 0.00556132041828 0.00522092653255 0.00395657481155 0.00221892598146 0.00314187956879 0.0154000851881 0.0121477072198 0.0108768864193 0.0085721656623 0.00391671416423 0.00283069157036 0.00342804869143 0.00307775616993 0.00320643768787 0.00308347964467 0.00305059487585 0.00294103669152 0.00334877911021 0.00314889859594 0.00366646413464 0.00478711138289 0.00402516893805
-9999 -9999 -9999 -9999 -9999 -9999 -9999 -9999 -9999 -9999 -9999 -9999 -9999 0.123745314049 0.144318659275 0.159217406067 0.120945026557 0.127986603684 0.082403526924 0.0672162181883 0.0525748409745 0.0628578196909 0.0612209127641 0.0512000954776 0.0348458651151 0.0263264254131 0.0242767353954 0.0236751863828 0.020236534682 0.0242081524068 0.0169574767973 0.0140573780766 0.00648240436175 0.00709856467341 0.00614097431613 0.000865222223645 0.0023717687777 0.0137590909885 0.0141060173856 0.00820821753995 0.00693353798935 0.00848455956072 0.00547304854208 0.00457889300486 0.00295336941047 0.00244457868704 0.0025202386699 0.00235449616635 0.00218201833596 0.00284972808848 0.00382991666793 0.00441146803696 0.00471682429175 0.00475722596554
-9999 -9999 -9999 -9999 -9999 -9999 -9999 -9999 -9999 -9999 -9999 -9999 -9999 -9999 0.126105095198 0.115939444736 0.0961180175429 0.100828718666 0.0863819537421 0.100110706257 0.0594713609373 0.0796050288249 0.0522573647387 0.0442618600362 0.0294749134816 0.0256463052301 0.025813478659 0.0307609952905 0.0200928329809 0.0170027409843 0.0128428827258 0.0096293280899 0.00989520298142 0.00970826574159 0.0135507984872 0.00139171840408 0.00191539855931 0.0120821769315 0.00363621944257 0.00198250373652 0.00266373324085 0.00395958603478 0.00832700914299 0.00634236062568 0.00473588062473 0.00553184442378 0.00308159170089 0.00226009815128 0.00268322025832 0.00418315309017 0.00468331404204 0.00353005255364 0.00323528133875 0.00175459133113
-9999 -9999 -9999 -9999 -9999 -9999 -9999 -9999 -9999 -9999 -9999 -9999 -9999 -9999 0.259727546107 0.155527846667 0.0931896682169 0.115971814158 0.0916048457939 0.102497718924 0.0869483754085 0.0766433329559 0.0458877059366 0.0737833241384 0.0532452168573 0.0516375588671 0.0195636211265 0.0182315689077 0.0182608411321 0.0186108413699 0.00891548588788 0.00621910168794 0.0143459340592 0.110995099652 0.0541217177581 0.00389803712018 0.00215076180454 0.00333611261413 0.0019201329761 0.00248909932843 0.00636820457431 0.0073421197912 0.00730873593579 0.0079594677519 0.00689027392706 0.00557522916707 0.00300764336042 0.00115387681182 0.00138685065907 0.00388112075799 0.00576649466638 0.00664341006369 0.00693817259127 0.00632783648308
-9999 -9999 -9999 -9999 -9999 -9999 -9999 -9999 -9999 -9999 -9999 -9999 -9999 -9999 0.0914883280919 0.114346253385 0.126528426956 0.124469445201 0.109349275973 0.108401516393 0.0756527275773 0.0856996477617 0.0728960020057 0.0577928578054 0.0347877482972 0.0234454745611 0.023814592581 0.0240195669923 0.0130344987811 0.0163418239109 0.0122571606023 0.0117322526648 0.00929242858428 0.0187568203692 0.027049471536 0.00509856935762 0.00545359213804 0.0141950287644 0.00483680154534 0.00163081498278 0.00621492472371 0.00745334275903 0.00633458559407 0.00656548485033 0.00510388691478 0.00571538922198 0.00450965863935 0.00620539665139 0.0103360508695 0.0129817946417 0.0120701325061 0.0086936112276 0.0112787552559 0.0102566679349
-9999 -9999 -9999 -9999 -9999 -9999 -9999 -9999 -9999 -9999 -9999 -9999 -9999 -9999 0.313574227283 0.224888002945 0.195849580925 0.199153103524 0.145384157121 0.14390315867 0.0929384030722 0.0804370268448 0.0565700929509 0.0599792230607 0.0413164431626 0.0436883137811 0.0231944161813 0.0297155431686 0.0158639423694 0.0155105832691 0.0127874608459 0.0159465799229 0.0108672393003 0.00392319995931 0.00502484463765 0.00510086161275 0.00385858721025 0.00805770061486 0.00301151804239 0.00467265171129 0.00173376301288 0.00270347212819 0.00481312881927 0.00538637849828 0.00452469295602 0.00470573663061 0.00866820046819 0.0121341494733 0.0195386274774 0.0214779310918 0.0160358353073 0.0179839593179 0.0118627430376 0.0101131963484
-9999 -9999 -9999 -9999 -9999 -9999 -9999 -9999 -9999 -9999 -9999 -9999 -9999 -9999 -9999 0.157565620803 0.137607767594 0.114029563315 0.216283140759 0.0737869083595 0.0610935286335 0.0698719277341 0.0605943485168 0.0604556128622 0.0405857686223 0.0367238563218 0.0208343710212 0.0210053954907 0.0431994634481 0.0129665846188 0.00870062661439 0.00732162932265 0.00577241112939 0.0228446659628 0.00561796379297 0.00569483323261 0.00459050468416 0.00446616632455 0.00376528535778 0.00144897575073 0.000624153130859 0.000852585160203 0.00534116746506 0.00536933428293 0.00534068504815 0.00577406597983 0.00596979051238 0.00654605751371 0.00784311797877 0.00769568788427 0.00440069868115 0.00389103605355 0.00610877850599 0.00998417617294
-9999 -9999 -9999 -9999 -9999 -9999 -9999 -9999 -9999 -9999 -9999 -9999 -9999 -9999 -9999 -9999 0.139747153312 0.122758768847 0.111370335623 0.181989689593 0.147586405515 0.121614584645 0.062800447193 0.0546437428303 0.0462505299173 0.038872574969 0.0238825487938 0.0144177300701 0.00942637206629 0.0186734892781 0.0187380608127 0.0208769563539 0.068496792159 0.0378785827369 0.00468801379003 0.0053973956236 0.00462028231788 0.00517629373037 0.0045202424608 0.00580141542204 0.00419661117345 0.00403024974569 0.00240242742182 0.00908660546968 0.00564496726395 0.00417092692219 0.0033292112458 0.0074337408727 0.00450744174005 0.00336143395351 0.00462713573675 0.00731888582762 0.00510198614754 0.00411434309633
-9999 -9999 -9999 -9999 -9999 -9999 -9999 -9999 -9999 -9999 -9999 -9999 -9999 -9999 -9999 -9999 0.201849627779 0.211972409295 0.195556789584 0.170093389902 0.0857721770007 0.0976846043782 0.0634562398368 0.0588430202858 0.0422381100485 0.0512544088656 0.0276879044419 0.0269859321095 0.0202620174813 0.0116277457541 0.00550345486876 0.00591792669176 0.00643255038739 0.00979087320693 0.00907454811299 0.00649167889587 0.00878756155471 0.0072310327138 0.00441693495063 0.00410381693378 0.00409414402489 0.00156061851926 0.0118512817705 0.0179512980063 0.0126379048713 0.00925566105302 0.00203982522668 0.00195112527097 0.00242958336117 0.00426641899765 0.00575398877306 0.00607294593447 0.00743058628048 0.00793019983675
-9999 -9999 -9999 -9999 -9999 -9999 -9999 -9999 -9999 -9999 -9999 -9999 -9999 -9999 -9999 0.104448342544 0.106117418412 0.136465616295 0.161699698282 0.152531790692 0.112928705817 0.0969136257312 0.0642393905912 0.0586596142503 0.0370463136002 0.0426901058531 0.0280336833377 0.0280756727701 0.00971068326891 0.0146496631616 0.0100003260581 0.0106183329903 0.00741393236675 0.00455984318864 0.00193141111972 0.0106543163607 0.0027041972053 0.0113598866755 0.0054302909708 0.00287859833212 0.00151788661147 0.00980167657863 0.00915531039967 0.00901044111927 0.010207032081 0.00790601861855 0.000708655666038 0.00181182952888 0.00395026601866 0.00652563643337 0.00466818780877 0.00351788567226 0.00368099863846 0.00420761665204
-9999 -9999 -9999 -9999 -9999 -9999 -9999 -9999 -9999 -9999 -9999 -9999 -9999 -9999 0.133557086352 0.127695712982 0.1152545753 0.15057577894 0.115124652805 0.130066758699 0.0926380674213 0.115594495415 0.0665035399561 0.0720180357364 0.037418877779 0.0336135836478 0.0217186668116 0.0202413344631 0.0129882886078 0.0129582476682 0.0078434831069 0.00822897640481 0.00464366226386 0.00427370828024 0.00521215656866 0.00765665149438 0.00962564075163 0.00137248907491 0.00172028588891 0.00185831433788 0.00241249754699 0.00752578885667 0.00686934699933 0.00752277591279 0.00601389439094 0.00511550275602 0.00574762798725 0.00629491533066 0.00563718562482 0.00496203414647 0.00406387545662 0.00401573159518 0.0040204198307 0.00389907527681
-9999 -9999 -9999 -9999 -9999 -9999 -9999 -9999 -9999 -9999 -9999 -9999 -9999 -9999 0.158558853989 0.204344164767 0.169054179863 0.138950988913 0.102408310086 0.080779128115 0.0701618276585 0.0944212552289 0.0633610737506 0.0711305025921 0.0390791744131 0.028520778781 0.0204651640777 0.020188205681 0.0101917886326 0.0121575832699 0.00950859519551 0.0114776214331 0.0226916879919 0.0189990974646 0.0055215810248 0.0202103127978 0.0205513089125 0.0254117090156 0.014873343598 0.0152424750346 0.0198392972529 0.0183273883887 0.00937973750397 0.00860844349148 0.00816270193373 0.00484766184203 0.00824600246791 0.00430145817747 0.00464668276847 0.00977965359521 0.0092618018638 0.00919378466139 0.00669286851355 0.00581962994548
-9999 -9999 -9999 -9999 -9999 -9999 -9999 -9999 -9999 -9999 -9999 -9999 -9999 -9999 -9999 -9999 0.175934232266 0.341220602976 0.340045151231 0.324020291845 0.15457749403 0.0781943707474 0.082871857439 0.0838138055294 0.0441242559271 0.0469879056438 0.0197166127511 0.0221903761289 0.0140692817368 0.0164162300681 0.0125963077183 0.0207576008718 0.0195653669218 0.0152129867883 0.0165559550516 0.0167926092602 0.0198914049683 0.0151765936136 0.022091106051 0.0205023777461 0.0119481871127 0.0119013425636 0.00358417732116 0.00380986570811 0.00596273177438 0.00707179665331 0.00647735474886 0.0026200942942 0.00307840177346 0.00680153353403 0.00629702544025 0.00650309206564 0.00566636740962 0.0048098000041
-9999 -9999 -9999 -9999 -9999 -9999 -9999 -9999 -9999 -9999 -9999 -9999 -9999 -9999 -9999 -9999 0.430533575833 0.376539008883 0.326372789279 0.163784114999 0.168144391611 0.156186170051 0.0524553897651 0.0606912636586 0.0514803410986 0.0631645858861 0.0428950356138 0.0380608671767 0.0217251992579 0.0209026347658 0.0244359415496 0.0217393908293 0.014974404765 0.0152104358377 0.010654514322 0.0116671643832 0.0124341675143 0.0151689782735 0.00903223443622 0.00701389033736 0.00918028040941 0.0123471030873 0.00284689973227 0.00387509789764 0.0142055457326 0.00625866555573 0.00296953345032 0.0049790207039 0.0037144481148 0.00369453461599 0.00274521915779 0.00280216071834 0.00216121896043 0.00261650456271
-9999 -9999 -9999 -9999 -9999 -9999 -9999 -9999 -9999 -9999 -9999 -9999 -9999 -9999 -9999 -9999 -9999 -9999 0.338797824459 0.215373573198 0.120135066143 0.16280387759 0.100870421118 0.0832331687312 0.0456525247382 0.0423169490096 0.0323508874003 0.0305279606943 0.0193105171304 0.0183088763525 0.0114988733321 0.00930075460686 0.00894208931736 0.0116927031462 0.0103995832148 0.0137876193246 0.0136691605005 0.00938498595748 0.00869791867768 0.0104761868308 0.00752033384451 0.00652849028859 0.00574739121899 0.00569755482413 0.0054349688907 0.00751779276455 0.00387393382188 0.00400727936259 0.00572720582989 0.00315607636544 0.00186251210019 0.00194045336856 0.00223798231161 0.00233228514642
-9999 -9999 -9999 -9999 -9999 -9999 -9999 -9999 -9999 -9999 -9999 -9999 -9999 -9999 -9999 -9999 -9999 -9999 -9999 0.134263118614 0.116285599312 0.140278320207 0.0997432797162 0.111378068679 0.0524111072558 0.0445911764704 0.0152853210654 0.0203279392056 0.0112077384766 0.0104186935866 0.0107355788615 0.00348723182816 0.00396305204928 0.00806443326995 0.00715906807855 0.00667710241651 0.00645126602825 0.00967982124243 0.00924288881162 0.00992150663719 0.00687673984457 0.00619056356785 0.00486649082917 0.00641740612641 0.00584084712805 0.00705362098399 0.00637544595213 0.00353664430262 0.00251766581277 0.00562385663085 0.00268415921395 0.0026640353874 0.00220216999639 0.00217079596682
-9999 -9999 -9999 -9999 -9999 -9999 -9999 -9999 -9999 -9999 -9999 -9999 -9999 -9999 -9999 -9999 -9999 -9999 0.253953861538 0.321656810737 0.290043412234 0.268929317232 0.123177031963 0.0710135763755 0.0493208905578 0.0467606571833 0.0197760231522 0.0167667027111 0.0149724578407 0.0127395633747 0.00267103670299 0.00410895025724 0.00282405016459 0.00955187686534 0.00915769912525 0.0111104658448 0.0135582121279 0.0128483429821 0.0119969748628 0.0114836029555 0.0104249453672 0.00687332756342 0.00443536299248 0.00134202769391 0.00181372731905 0.00139233053704 0.00506990866422 0.0118389179101 0.0076141726026 0.00372660073689 0.00526899029386 0.0028203456429 0.00392933181967 0.00316564443098
-9999 -9999 -9999 -9999 -9999 -9999 -9999 -9999 -9999 -9999 -9999 -9999 -9999 -9999 -9999 -9999 -9999 -9999 -9999 0.419773722178 0.32688770739 0.280581188864 0.12252652813 0.0667204836652 0.0533858363669 0.0515756386825 0.0202714024221 0.0190512002871 0.0110805357669 0.0154893188524 0.00584293089198 0.00584455106595 0.010699287456 0.0101419810463 0.00404463521811 0.00354091143464 0.00605178560713 0.00514506072884 0.00465200707602 0.00466200817262 0.00567542514421 0.00769811590246 0.00601569683864 0.00384268174184 0.00261958888589 0.0105631108175 0.00843235183057 0.00665327506121 0.00874725961599 0.00544402734718 0.00133997764681 0.00147239947186 0.000771882057517 0.00232494582827
-9999 -9999 -9999 -9999 -9999 -9999 -9999 -9999 -9999 -9999 -9999 -9999 -9999 -9999 -9999 -9999 -9999 -9999 -9999 -9999 0.192358985369 0.25080499108 0.127309949217 0.0784158132996 0.0359009874987 0.0472332888738 0.0188196621138 0.0207787122893 0.0170879228051 0.0132827746394 0.00719845740188 0.00657909711789 0.00556827228799 0.00488589737596 0.00439037948113 0.0061294325675 0.0100161582922 0.012001347803 0.0115957038809 0.0108857019988 0.00855874256747 0.0115325336221 0.0103342586336 0.00875109938257 0.0114687239507 0.00979205957805 0.00805294258864 0.00923369389608 0.00842042082257 0.0102241877826 0.00629940829948 0.00319847376678 0.00180406424362 0.00106997568517
-9999 -9999 -9999 -9999 -9999 -9999 -9999 -9999 -9999 -9999 -9999 -9999 -9999 -9999 -9999 -9999 -9999 -9999 -9999 -9999 -9999 0.17922152401 0.125120593655 0.119635907792 0.0293922523832 0.0240251807725 0.0147149128361 0.0185806641928 0.0097095023161 0.0070947319443 0.0143825762499 0.00732911862952 0.0106578942038 0.00414158509633 0.0127470570514 0.0158574736074 0.0138151839455 0.0106133173987 0.00937858902776 0.00969963121978 0.0133147886773 0.0141503569528 0.0148524382646 0.0088630155619 0.0070794896765 0.00501202453166 0.0065972052216 0.00741895280388 0.00734223120532 0.00817410953939 0.00503382818139 0.00166319072118 0.0045844790042 0.00386956663601
-9999 -9999 -9999 -9999 -9999 -9999 -9999 -9999 -9999 -9999 -9999 -9999 -9999 -9999 -9999 -9999 -9999 -9999 -9999 -9999 -9999 0.112593031001 0.0883213051033 0.0892464018807 0.0473811683913 0.0573058465017 0.0254248855861 0.0220073621052 0.0126689652231 0.0104200919502 0.00423612638579 0.00687210719262 0.0113369847851 0.0134476738668 0.0086797399555 0.0115445516277 0.0103848938775 0.011670234453 0.0107148966496 0.0131346229011 0.0134753733321 0.0128171003692 0.00944932818804 0.00850249839028 0.00985979854364 0.00926845617182 0.00844683249492 0.00819444234929 0.00548969680754 0.00331418141784 0.00295422919561 0.0018006209371 0.00104531879428 0.00187839402333
-9999 -9999 -9999 -9999 -9999 -9999 -9999 -9999 -9999 -9999 -9999 -9999 -9999 -9999 -9999 -9999 -9999 -9999 -9999 -9999 -9999 -9999 0.0878933735579 0.131167959789 0.0455182668443 0.0377239238036 0.0190582438856 0.0250325993715 0.0184065981636 0.0155313129181 0.010855383089 0.0120330338098 0.0124675788192 0.0157606461072 0.0186523699272 0.0136840852451 0.0148164807172 0.0136904220006 0.0135161095905 0.012887455071 0.0129995760654 0.0080406232446 0.00896869529933 0.0120409191012 0.00580971531617 0.00486377120928 0.00404480960238 0.00558591855831 0.00763813412658 0.00279600832111 0.00117381838085 0.00087160164925 0.00732690863547 0.00407410723024
-9999 -9999 -9999 -9999 -9999 -9999 -9999 -9999 -9999 -9999 -9999 -9999 -9999 -9999 -9999 -9999 -9999 -9999 -9999 -9999 -9999 -9999 0.0979187308229 0.0900388484469 0.040323387932 0.0498510740391 0.025621117805 0.0284809762399 0.0201609174589 0.0215810451261 0.0168374569208 0.0176608077666 0.017343462784 0.0185014398254 0.0140237116207 0.0197077399098 0.0136260428546 0.013049241327 0.015819989094 0.0149856837983 0.00941888512004 0.013319965424 0.00916683846396 0.00690132952158 0.00613322295128 0.00692836087933 0.00915813057346 0.00904106406692 0.00470393160017 0.00428750908733 0.00163254532335 0.00487070948824 0.00287372168321 0.006899548077
