data/recharge/transience/recharge301.asc
ncols                  80
nrows                 72
xllcorner      4374000.0
yllcorner      5656000.0
cellsize            500
NODATA_value       -9999
[rows 26 to 51 of 72, columns 0 to 56 of 80]
-9999 -9999 -9999 -9999 -9999 -9999 -9999 -9999 -9999 -9999 -9999 -9999 -9999 31.9753335391 29.124099204 28.2795393924 29.4993878547 31.243766702 29.1306937887 28.2761297365 26.1473487785 25.8557391329 24.5624130955 21.2205104975 26.8768161673 27.2259670677 26.0594380667 24.6383792341 22.491333218 23.2619630859 20.6382569843 20.3459388393 22.4632635315 21.4305279358 12.1317800783 15.3568979646 25.3814911059 15.1048456717 16.0567415036 12.073314816 10.8595510431 12.7502720827 9.22936819396 12.5573609775 14.8987586265 19.3349121515 19.6763881079 19.3616401447 14.5167496623 9.04692355929 6.84416657776 7.01594425879 7.34228080302 9.37894318165 11.1694051916 6.04270895575 5.97168201398
-9999 -9999 -9999 -9999 -9999 -9999 -9999 -9999 -9999 -9999 -9999 -9999 -9999 -9999 29.8936763123 28.3675170431 27.5067752464 31.7747876022 29.616288609 30.0463911943 27.500956363 26.3033172537 25.1483091432 26.0777456862 27.2691810881 25.9409968516 25.2524393965 26.7568519006 24.4928701128 21.7774030274 21.5088064443 23.6348785659 22.7140278466 27.4188526446 14.8957397772 22.2590246618 25.6079666708 14.3101144239 12.482592343 13.6031927304 13.7582838136 11.6895560818 12.1432645163 10.177912582 8.06195023223 8.93243664276 7.5053018504 8.28365321416 6.791248364 7.71104156578 7.31063955416 6.07299958346 5.72966528941 9.58151931508 10.2016113122 15.0357530549 16.28855628
-9999 -9999 -9999 -9999 -9999 -9999 -9999 -9999 -9999 -9999 -9999 -9999 -9999 -9999 8.87586552512 19.5325465023 27.9715041081 33.201498864 32.682325394 32.0013445851 29.9165041867 27.5618657704 25.6889451021 25.5043649865 25.1732165652 27.1556578071 25.6618320514 24.8230532635 24.5078648309 25.3964492904 19.8868311971 11.4757412664 22.6361418174 26.6130009013 16.9399467863 17.1617593021 24.3887693371 11.0142847619 12.7939168305 13.6301130915 10.6605670129 11.0493307525 10.2459212526 11.2527807415 9.49648077487 8.17942194609 7.60865710034 10.4002848034 11.0484784481 7.05545993544 7.7792987657 8.63983336978 9.26474851653 15.5570383586 18.8670460457 19.6820844562 17.4247754847
-9999 -9999 -9999 -9999 -9999 -9999 -9999 -9999 -9999 -9999 -9999 -9999 -9999 -9999 13.4696163883 19.9006330862 28.5941305494 34.1166454565 31.0793472788 31.3385508942 30.1726190499 28.902477669 27.1587353102 26.0844321389 25.723165028 25.5964549989 24.9653414169 24.8544069361 24.2333974392 24.333164812 23.2912858344 22.2432912495 22.5675050152 28.8068576156 30.1424384116 14.4125647928 18.9439799034 14.2663409781 9.67745596115 13.258977887 9.85040370255 10.7808997545 9.49865265215 9.67638255791 7.67507514895 8.32201095605 6.44233180001 8.03102964818 12.0021353 13.582865162 11.3697599902 6.69133064161 8.75681841603 7.2501480415 6.53418035048 8.85693421181 9.35052262587
-9999 -9999 -9999 -9999 -9999 -9999 -9999 -9999 -9999 -9999 -9999 -9999 -9999 -9999 32.8975238475 31.467763123 28.6937050432 30.1066471215 28.1820144721 28.7925065402 28.7101878084 28.8723981301 27.2978943871 27.7383790716 28.4246583524 28.0472698372 25.6452766233 25.1935431316 24.4161416744 24.4891385943 23.7690252167 23.7768217381 23.0620213191 18.5637751775 14.7129851921 14.7386094578 13.9849691536 24.8108576794 12.9598066996 17.0147082016 11.1650632881 8.88342347206 7.56779971004 8.00585660949 6.82054113741 6.96188683915 10.0641322507 10.9120152559 18.3578998752 20.166543341 14.6068407981 17.0358250093 11.7797004917 12.13091368 10.6699937627 9.24166414048 10.3364136297
-9999 -9999 -9999 -9999 -9999 -9999 -9999 -9999 -9999 -9999 -9999 -9999 -9999 -9999 -9999 32.2137967012 30.0705508143 30.0505299431 27.276430443 27.546147032 30.1247427981 30.8654543882 27.1072727307 27.4702277252 28.8586366694 27.1247226845 25.150233422 25.0145595284 13.7900978485 23.8957671704 23.1514583818 23.1367808403 21.9972262953 16.4580454638 14.8864947206 14.9068701557 14.2792869917 14.2359385166 13.8180028263 13.5475795348 12.659897041 17.6888445941 3.94069810934 5.30767250871 6.51764326237 5.39958869948 3.45812706291 3.66883544526 6.15790217107 8.6066537298 6.839329109 6.29503307744 8.64019822868 12.9815245267 12.3506343238 12.200108324 10.8514475995
-9999 -9999 -9999 -9999 -9999 -9999 -9999 -9999 -9999 -9999 -9999 -9999 -9999 -9999 -9999 -9999 29.8844278988 31.7827163592 27.3249876176 28.634973933 29.1691020987 30.2944018737 27.4461312727 29.639903763 29.8867010944 29.0344185687 27.3106842073 23.4535555319 13.1887059174 21.0122778659 23.7875761238 16.1735923138 10.9910489181 7.49674960126 14.9012872244 15.1191028617 14.6344848478 14.7975481119 14.4240148403 18.7296448355 28.1164155029 27.5837273825 20.2592441917 5.98032180078 3.08183517674 2.48040215368 2.0474478798 7.53351421835 6.36071412521 5.2596571964 6.67185452213 9.4254314176 7.53485170055 6.48141985531 7.2620213934 6.62919354634 6.26947781304
-9999 -9999 -9999 -9999 -9999 -9999 -9999 -9999 -9999 -9999 -9999 -9999 -9999 -9999 -9999 -9999 38.5458918941 34.0591647423 28.9532727704 32.9857447218 30.472394029 27.8431757754 27.2882910596 29.605727452 29.7356678484 29.7134444572 27.3407481831 26.7596181951 14.1927232967 20.1735040914 14.9242266951 10.8639321192 12.4179380233 8.65327300963 14.0354439301 15.0222752041 17.7975628004 14.8520860181 14.3907123906 15.5757240419 23.6197138747 22.3616287969 24.0460035214 16.5085927003 8.75301771431 5.33303186229 6.53842352785 12.9267999712 5.136024561 6.12378325642 7.81581394651 8.14197493312 10.119097119 10.6902376803 12.600415852 9.46255907764 6.31542740081
-9999 -9999 -9999 -9999 -9999 -9999 -9999 -9999 -9999 -9999 -9999 -9999 -9999 -9999 -9999 34.4713693131 34.7479005388 34.9240069266 37.3243983276 35.9488486437 30.494440236 28.0324288203 26.9459859821 29.0371210153 29.4124293198 30.1463661118 27.7438904815 27.5960072714 18.279424523 22.6753910439 23.491296809 23.7358911573 23.548696661 19.3682098601 22.3332785673 23.1731617452 24.0276601493 25.1507527668 22.9148951614 14.8786210354 18.1624765369 12.5614462169 6.71402103654 6.55917344328 6.45449961332 4.46308027432 15.2069452848 14.2222258052 7.10686044225 7.80206829291 6.29879214849 5.20727102868 5.64064496153 6.16562282877 6.60258168279 6.76724823538 7.40660660354
-9999 -9999 -9999 -9999 -9999 -9999 -9999 -9999 -9999 -9999 -9999 -9999 -9999 -9999 37.1178460013 35.7449733815 35.1247862311 35.4580355686 36.7132770788 36.360926418 34.5395590788 33.2189928025 30.0034564548 29.6844624239 27.9431769421 29.5295525751 27.4808405578 26.4717569662 24.0452033143 24.2206788474 23.36917712 23.7983822282 22.9616296559 21.5767087926 18.0814286852 23.5880067452 26.5904605197 23.3266100764 4.95696499293 12.836614686 15.6745754564 5.28592702483 4.5981596774 5.10510909206 3.3518464995 2.93098213235 6.16299118774 7.56768629423 7.57065560716 6.36401184286 5.71471547265 5.67028387159 5.97787762747 5.86231350604 5.56080812918 5.84907169258 6.09914877816
-9999 -9999 -9999 -9999 -9999 -9999 -9999 -9999 -9999 -9999 -9999 -9999 -9999 -9999 34.6206795419 36.4089073938 34.9595425451 35.1171705408 32.5896472532 33.3897947028 31.4044988609 32.3584356327 30.0431115526 29.699271814 27.1493471292 28.1089142386 26.9078368672 26.8829196143 25.1972852778 24.5932082031 24.1494551171 24.6435275585 19.6064393377 18.5039661608 15.8012705269 21.8240417539 22.2281052841 26.1816438941 14.6857449483 15.1375232735 19.0232564209 17.526860235 6.0841516207 5.36751286168 4.39298903596 2.68968054097 4.1735279296 9.90428187205 9.7638727004 11.3188626024 10.9925445734 10.9015961146 8.14934379802 7.27737810544 7.96828706911 7.67502951477 6.03161920973
-9999 -9999 -9999 -9999 -9999 -9999 -9999 -9999 -9999 -9999 -9999 -9999 -9999 -9999 -9999 -9999 35.9547435275 36.4476196185 36.1727958748 35.5473769282 34.0999587002 31.7978253358 30.7270971818 30.3682778063 27.503450283 28.7768110301 22.4249955836 23.0647260836 20.0566657836 23.3391420555 24.6083083944 20.6209326377 18.7179607425 17.1084962766 17.010692301 17.109381092 19.3394109435 15.7244239385 20.4204857619 19.3054092498 12.2766393757 11.2345666034 17.9436353671 14.5994016259 3.16659393553 3.72776470256 3.19053449765 5.34660254617 6.97641174514 8.266117786 7.8725648542 8.0771381541 7.13736240198 6.32066614972 4.61504113084 4.8409442047 6.58172184342
-9999 -9999 -9999 -9999 -9999 -9999 -9999 -9999 -9999 -9999 -9999 -9999 -9999 -9999 -9999 -9999 37.8046926908 37.9965037353 37.8140669168 35.496964193 34.047281238 34.0775011372 29.6771937294 29.8267055588 28.6835524731 30.22246852 26.103527554 25.6262992962 23.1354297816 23.6364046855 23.8755518874 23.3142534548 20.3798314904 17.958330871 14.2819670131 14.8788898557 14.6955825461 16.1465717497 11.9716918913 10.6290517401 11.7081826318 14.005863953 13.7252370518 15.0562895178 10.4278732237 3.20974301935 1.77146702299 2.98047921234 6.0841201656 5.01981961075 4.06131745415 4.11228592852 3.28642595282 3.66374058182 3.40757233725 3.42491347443 3.28852399539
-9999 -9999 -9999 -9999 -9999 -9999 -9999 -9999 -9999 -9999 -9999 -9999 -9999 -9999 -9999 -9999 -9999 -9999 37.8342653897 36.3367453513 33.9034485905 34.1819977511 31.6659246365 29.4491126009 28.2490024531 29.3669209057 25.3175948355 25.1201803005 23.1088240613 23.0091112716 19.9980839725 18.8976277055 18.0466083815 18.2858817437 14.1227437551 16.0169715005 15.3750178629 12.815314101 11.6051295281 13.3199009277 10.3947136777 9.56228147103 8.68772419581 8.64104157777 7.28954071705 7.01318127528 2.12879951997 2.09629166771 3.36617531729 4.16784410506 4.34751044638 4.64112213807 3.34679304665 3.42276693071 3.63470651539 3.84291258829 3.50632432261
-9999 -9999 -9999 -9999 -9999 -9999 -9999 -9999 -9999 -9999 -9999 -9999 -9999 -9999 -9999 -9999 -9999 -9999 -9999 35.1212025063 34.522979895 34.5360591359 33.4380220837 31.6995434588 29.0494592851 28.7233258816 26.143606601 25.0700735555 20.2461379668 19.8834224684 19.3404842535 19.3848674673 17.1562464637 16.8429573842 12.9573545955 11.3649893355 10.6073974182 13.1266211923 11.5129675883 12.2012286542 9.41774314952 8.83481760038 7.21919369503 8.49499257791 8.03948958052 8.31021337142 5.11563727699 1.81424664718 1.41374119007 2.55681235262 3.16616127411 3.78281626462 2.97450629273 2.95092397623 3.23119162365 3.11168619722 2.49294121523
-9999 -9999 -9999 -9999 -9999 -9999 -9999 -9999 -9999 -9999 -9999 -9999 -9999 -9999 -9999 -9999 -9999 -9999 35.8456034673 36.4124097978 36.4396721329 36.2216785294 33.3351193998 31.6439796285 28.7795141346 27.6361728548 24.5128951517 26.7392666542 21.6947062457 20.9098243987 18.7660950861 11.0237531041 17.9986876176 16.6211159713 14.2029964043 16.0647029908 17.6775506446 17.1163787835 15.3819620629 14.3744487428 12.1740093997 9.41205051302 8.04451815074 11.5527432003 8.96312377595 10.3001002381 7.35608822439 6.99681050484 3.13524223023 1.73995275369 2.52981673864 4.18337615902 5.39320151309 5.41082799716 4.1478950099 3.74178385054 3.25195397406
-9999 -9999 -9999 -9999 -9999 -9999 -9999 -9999 -9999 -9999 -9999 -9999 -9999 -9999 -9999 -9999 -9999 -9999 -9999 38.5271177551 37.5787123835 37.2786609808 33.4397220607 31.1195397642 29.6039328684 29.0951684804 25.3458795173 24.5743767244 25.5635815925 26.3198999014 18.0971330805 18.2096401371 23.5980359105 17.3085328829 16.9925833194 15.2852970092 10.0804840691 9.10774167096 7.77342294899 7.77986730375 7.84993953919 9.58687040775 9.75901236639 13.0267589889 11.9909696315 12.9966754457 8.55424888059 6.936267972 3.96984648069 2.0873026993 0.979036509633 11.4390974027 12.2989202221 10.2035815183 6.98417676669 1.97840623358 2.13648566109
-9999 -9999 -9999 -9999 -9999 -9999 -9999 -9999 -9999 -9999 -9999 -9999 -9999 -9999 -9999 -9999 -9999 -9999 -9999 -9999 37.6235192177 37.8622761885 33.383400897 32.3704780282 29.2031611457 29.0028011424 25.2805115512 24.6623698805 24.6668541308 24.5818370423 24.0839551417 24.1149798039 21.0148860399 19.8057339217 17.0835503557 18.7234757835 13.4443680454 14.4738579083 13.6017721774 12.6994693335 9.89699737783 11.8709353369 10.9679436652 9.89922715164 11.3547375919 10.1830935879 8.29656252829 9.11525505254 7.65166565021 5.57557274602 3.09008685422 2.01591692319 1.03779829629 1.31436394885 7.43083079452 1.14055461156 1.08946142064
-9999 -9999 -9999 -9999 -9999 -9999 -9999 -9999 -9999 -9999 -9999 -9999 -9999 -9999 -9999 -9999 -9999 -9999 -9999 -9999 -9999 38.1327179117 34.3508347954 34.1176252706 28.0932917283 27.8330700859 25.1625642501 25.3667339825 24.7251127745 24.8025265101 23.267252734 24.7644761748 21.1930339398 16.3901244073 21.0873638346 18.8624375379 14.7491872601 12.5065083901 10.9274748473 11.3574296678 12.8538601287 13.3394980458 13.279550787 9.94931867097 8.07984962656 6.52634439859 7.24301700719 7.82279426776 7.24193835025 8.5404596525 8.64006261085 8.2701872186 4.21818627569 1.55850912654 0.592407745818 0.728668901065 0.779457507168
-9999 -9999 -9999 -9999 -9999 -9999 -9999 -9999 -9999 -9999 -9999 -9999 -9999 -9999 -9999 -9999 -9999 -9999 -9999 -9999 -9999 36.3506750992 33.5052018649 33.1021772337 29.4304500769 28.3524938455 26.2046893834 27.1120849786 26.2043277945 24.0370173113 11.2629246099 22.8560704657 22.8493093108 19.2638566636 13.1324026802 14.4639203108 12.6598838942 13.0638755348 11.5440900235 13.3021984984 12.9520258959 12.5647196542 9.85214199482 9.42956926741 10.0938586028 9.67829669039 8.55490904104 8.37516309194 5.79035121093 5.99856358939 9.41699592282 7.77346001721 3.73946233888 1.19245794559 0.915859969293 0.634475164933 0.634596924792
-9999 -9999 -9999 -9999 -9999 -9999 -9999 -9999 -9999 -9999 -9999 -9999 -9999 -9999 -9999 -9999 -9999 -9999 -9999 -9999 -9999 -9999 33.4976910104 34.1972071124 31.1994301972 29.4094089705 26.3328269339 27.9308047939 24.4164586119 25.4604247571 25.5880759192 25.8498122421 20.4520619929 18.6353977693 18.3445165083 15.8122226826 15.1177750719 14.4183326271 13.2829175799 13.0864848698 12.5873534935 9.50334135594 9.38734511271 11.2434717766 6.75578369162 6.11749852569 4.85949688067 5.89826801266 6.9728289914 10.9746393057 5.94140050055 9.81259393644 5.47402326229 1.29347416404 0.605846664236 0.541578882501 0.564687198085
-9999 -9999 -9999 -9999 -9999 -9999 -9999 -9999 -9999 -9999 -9999 -9999 -9999 -9999 -9999 -9999 -9999 -9999 -9999 -9999 -9999 -9999 34.225981419 33.4527308614 30.6193469847 29.742650063 27.2540703424 27.6776992463 24.8727759408 25.4127036285 23.0129752319 23.3037059069 21.8345907145 19.2312019707 16.001177325 18.7982335315 14.6439893807 14.1071348822 14.7806246567 14.491562638 10.406705452 12.7712260555 9.51396558086 8.0595170268 6.86062662459 7.57794565844 8.44135583636 8.58188959064 5.3275460114 5.21795890006 4.88960204027 10.2240496047 1.04647650825 2.10189640377 1.15456783615 1.04661223765 0.777893058406
-9999 -9999 -9999 -9999 -9999 -9999 -9999 -9999 -9999 -9999 -9999 -9999 -9999 -9999 -9999 -9999 -9999 -9999 -9999 -9999 -9999 -9999 34.216524925 34.1910016428 32.8571415808 30.2905155327 28.5815333708 29.6137827427 26.4929997064 27.0849932934 24.3193764027 22.9982872065 20.7643276241 19.5811552379 18.988569754 15.4276850359 14.1082386364 16.8167040594 14.3784794243 13.5163882581 12.5144867297 10.6357240377 7.68686628094 9.0887871038 9.94427118742 9.27588891925 8.22701787349 7.3269561645 5.67671611609 5.68544406935 6.57183406307 5.61943659627 1.84780949103 1.73619336813 1.89459680145 2.1004168951 1.09704440078
-9999 -9999 -9999 -9999 -9999 -9999 -9999 -9999 -9999 -9999 -9999 -9999 -9999 -9999 -9999 -9999 -9999 -9999 -9999 -9999 -9999 -9999 -9999 35.3652250747 32.6161563334 30.6729633518 28.1765116975 28.5708984355 26.0626201926 26.6606424064 24.3960402925 25.3418771608 23.0154023536 23.0521917935 17.5930906535 18.6980074804 17.6996944426 16.2375209799 11.5310838103 10.9019071435 8.27185776673 10.1719450934 11.2055793246 11.3109463313 9.49276522867 8.67670980017 5.21320342263 4.67295972489 4.27314677268 4.55747062965 3.62350152028 4.35699569949 4.42910813332 3.85455578225 1.37228871313 1.21480125487 3.04022889261
-9999 -9999 -9999 -9999 -9999 -9999 -9999 -9999 -9999 -9999 -9999 -9999 -9999 -9999 -9999 -9999 -9999 -9999 -9999 -9999 -9999 -9999 -9999 33.8011104165 32.7362594055 30.3442426363 27.7998272848 30.1786209789 27.1986936502 27.822500379 26.2387524527 26.7280361216 23.8802726702 23.3537866096 18.9760279747 18.4738537437 15.7101400291 14.3150271579 13.3963073918 13.1378502428 13.5167533002 13.5181096787 11.633453097 9.17064839899 6.91505150138 7.34686394636 7.70649191181 7.95269522637 6.19143050722 6.0613987532 6.51243446241 6.75074588372 4.57204929383 3.65616175272 3.48457653532 5.06587144644 3.60697566582
-9999 -9999 -9999 -9999 -9999 -9999 -9999 -9999 -9999 -9999 -9999 -9999 -9999 -9999 -9999 -9999 -9999 -9999 -9999 -9999 -9999 -9999 -9999 -9999 34.5674550848 30.795765043 28.1278686199 28.8320221406 27.8592551246 27.6786168666 25.3249294196 20.2520979606 23.7230317996 23.6703039162 21.4553344926 16.1835742561 13.3415262142 16.6556169635 15.5554296339 17.5612259429 14.4232300589 9.6214915706 6.95887265443 8.69290831481 9.24295861043 8.6148890176 6.23499789488 7.38753071442 7.79585976952 6.73669046575 5.05155388891 3.85378688631 3.6709905676 8.31145139708 5.07523529996 3.80909639787 3.93134728696
