data/recharge/transience/recharge535.asc
ncols                  80
nrows                 72
xllcorner      4374000.0
yllcorner      5656000.0
cellsize            500
NODATA_value       -9999
[rows 0 to 24 of 72, columns 0 to 56 of 80]
-9999 -9999 -9999 -9999 -9999 -9999 -9999 -9999 -9999 -9999 -9999 -9999 2.95733119277 3.05431853047 -9999 -9999 -9999 -9999 -9999 -9999 -9999 -9999 -9999 -9999 -9999 -9999 -9999 -9999 -9999 -9999 -9999 -9999 -9999 -9999 -9999 -9999 -9999 -9999 -9999 -9999 -9999 -9999 -9999 -9999 -9999 -9999 -9999 -9999 -9999 -9999 -9999 -9999 -9999 -9999 -9999 -9999 -9999
-9999 -9999 -9999 -9999 -9999 -9999 -9999 -9999 -9999 -9999 -9999 -9999 5.94213712953 4.35170710016 3.48883938538 -9999 4.04617046665 -9999 -9999 -9999 -9999 -9999 -9999 -9999 -9999 -9999 -9999 -9999 -9999 -9999 -9999 -9999 -9999 -9999 -9999 -9999 -9999 -9999 -9999 -9999 -9999 -9999 -9999 -9999 -9999 -9999 -9999 -9999 -9999 -9999 -9999 -9999 -9999 -9999 -9999 -9999 -9999
-9999 -9999 -9999 -9999 -9999 -9999 -9999 -9999 -9999 -9999 4.04995727807 3.90752944925 4.59296939374 4.81982507408 3.23271086687 2.72559013285 2.26775918891 2.32080094842 -9999 -9999 -9999 -9999 -9999 -9999 -9999 -9999 -9999 -9999 -9999 -9999 -9999 -9999 -9999 -9999 -9999 -9999 -9999 -9999 -9999 -9999 -9999 -9999 -9999 -9999 -9999 -9999 -9999 -9999 -9999 -9999 -9999 -9999 -9999 -9999 -9999 -9999 -9999
-9999 -9999 -9999 -9999 -9999 -9999 -9999 -9999 -9999 3.95106467072 4.04774306815 3.97145802983 3.67945319255 3.96469432372 3.62506847298 3.3277547098 2.749554055 3.75147797601 -9999 3.90329058843 -9999 -9999 -9999 -9999 2.6446395598 2.79285782115 -9999 -9999 -9999 -9999 -9999 -9999 -9999 -9999 -9999 -9999 -9999 -9999 -9999 -9999 -9999 -9999 -9999 -9999 -9999 -9999 -9999 -9999 -9999 -9999 -9999 -9999 -9999 -9999 -9999 -9999 -9999
-9999 -9999 -9999 -9999 -9999 -9999 -9999 -9999 5.73002476129 4.59737661373 3.51883365769 3.4468916841 3.25684409056 2.89502205201 2.96319564784 2.73574531074 2.37236099374 2.25795792709 2.00746067493 2.55884360079 2.51111923675 2.74895426858 -9999 2.23420334834 3.09102858264 2.94447681964 -9999 -9999 -9999 -9999 -9999 -9999 -9999 -9999 -9999 -9999 -9999 -9999 -9999 -9999 -9999 -9999 -9999 -9999 -9999 -9999 -9999 -9999 -9999 -9999 -9999 -9999 -9999 -9999 -9999 -9999 -9999
-9999 -9999 -9999 -9999 -9999 -9999 5.02374763026 3.96624780422 3.650704092 3.92007343425 4.2854618042 4.54105500001 3.82518390753 3.51077288547 2.88328057118 3.24424842869 2.57964982849 2.38011575972 2.2621108532 2.50732169259 2.39809713041 2.63014346948 2.37517539742 2.23912202636 2.37159784168 2.23519714143 2.39705803445 -9999 -9999 -9999 -9999 -9999 -9999 -9999 -9999 -9999 -9999 -9999 -9999 -9999 -9999 -9999 -9999 -9999 -9999 -9999 -9999 -9999 -9999 -9999 -9999 -9999 -9999 -9999 -9999 -9999 -9999
-9999 -9999 -9999 -9999 -9999 -9999 4.82095699933 4.16809610949 3.03092121138 2.86619744931 2.6533160175 2.87523845564 2.79534212043 2.49636957226 2.34525720677 2.02728422492 1.97415468714 2.01031297618 2.46242656919 1.8060385703 1.93444614331 2.43597866924 2.08350976098 2.07840066793 1.85249836651 1.69053842203 2.26232886843 2.50471416787 2.38224214152 2.16030408168 2.92829605636 2.86569677826 -9999 -9999 -9999 -9999 -9999 -9999 -9999 -9999 -9999 -9999 -9999 -9999 -9999 -9999 -9999 -9999 -9999 -9999 -9999 -9999 -9999 -9999 -9999 -9999 -9999
-9999 -9999 -9999 -9999 -9999 6.36118067573 5.09083909034 5.00876557561 4.35688112178 4.67036001978 4.17676355943 3.57641902288 2.54543274117 2.68156902691 2.7456866977 2.7895951621 2.09727484627 1.83548043336 2.75488248244 1.69228254567 1.95026936524 1.83567100974 1.90504089216 2.01042136917 1.97194575566 2.15572654586 2.11660832396 2.04756766317 2.2257834365 2.13680591946 2.0154948553 2.2006474673 1.83464761865 1.71592273923 -9999 -9999 -9999 -9999 -9999 -9999 -9999 -9999 -9999 -9999 -9999 -9999 -9999 -9999 -9999 -9999 -9999 -9999 -9999 -9999 -9999 -9999 -9999
-9999 -9999 -9999 -9999 -9999 5.90438088441 5.00621112168 5.05979533702 4.1428805309 3.68320453984 3.48115503673 3.83012550327 2.43792851248 2.31636348634 3.37422252758 3.77923865641 2.09682675931 1.13787510893 1.78837731947 1.53411150995 1.80647666959 1.90798199393 2.19164143623 2.0506854114 1.80076977673 1.4703657222 1.65142461665 1.44291064374 1.65910954304 1.48647733487 1.51998126035 1.40334707731 1.6672178843 1.54036755785 1.5816418245 1.47953646471 -9999 -9999 -9999 -9999 1.58012572537 1.45432295453 -9999 -9999 -9999 -9999 -9999 -9999 -9999 -9999 -9999 -9999 -9999 -9999 -9999 -9999 -9999
-9999 -9999 -9999 -9999 -9999 5.2426344229 4.52264554473 4.64160266877 4.46531203146 4.89889976493 4.27139984476 3.97107389699 3.38814395677 4.16140984972 3.86440485906 2.93823554578 2.40992767618 3.13571545628 2.53603045682 2.98235759295 2.2819114554 1.7881266071 1.61211285146 1.50224239973 1.73601889173 1.59723289811 1.54095198139 1.29571796672 1.80189515685 1.3373690433 0.96403458999 1.41668890158 1.63042479796 1.50699181678 1.43333855664 1.58956690182 1.54358855072 -9999 -9999 1.5516128583 1.7547012737 1.64679816721 1.869278562 -9999 -9999 -9999 -9999 -9999 -9999 -9999 -9999 -9999 -9999 -9999 -9999 -9999 -9999
-9999 -9999 -9999 -9999 -9999 -9999 5.41939293211 5.95409592628 4.48460826923 4.1447184735 3.39376618591 3.8910502306 4.25608957214 5.05152408447 2.44090647069 2.18744419737 2.30319666072 2.19197806191 1.84023035519 1.80085657519 1.89258467896 2.0284768908 1.78610638284 2.01832366342 1.66883104129 1.40289310128 1.08016299208 1.30910469117 1.25958863673 1.24205448126 1.25641327827 1.41996154185 1.25889035859 1.25464555161 1.30654646256 1.38577318997 1.27176476142 1.18332310599 1.41218178682 1.34393770036 1.32760789261 1.74390304427 1.22650213927 1.07304 -9999 -9999 -9999 -9999 1.74311420415 1.48722777262 0.438852407081 -9999 -9999 -9999 -9999 -9999 -9999
-9999 -9999 -9999 -9999 -9999 -9999 -9999 4.94963111485 3.89983006042 4.76578783612 4.59488974462 3.93332249758 3.0663939949 2.35007024556 2.52508756789 3.468151475 3.15578824663 3.00818436411 2.83693371407 2.2118055457 1.71601317835 1.73436931301 1.63448877176 1.66172590242 1.45388715276 1.22619829373 1.19149560088 1.3332659113 1.27766385618 1.18308354793 1.28419928119 1.27492651409 1.30424217782 1.18882495439 1.42767757442 1.40892293716 1.39666723875 1.40422373132 1.36238647627 1.35724564363 1.11417474942 1.06805117703 1.25261946595 1.61767211679 1.5022345161 1.71097066589 1.80688813993 1.50670835731 1.4664529928 1.15567885375 1.03486795433 0.832110173808 -9999 -9999 -9999 -9999 -9999
-9999 -9999 -9999 -9999 -9999 -9999 -9999 -9999 3.10207754862 2.94758987684 3.44254969397 4.03362428653 3.45830216366 3.92082354941 3.48685979504 3.04175970636 2.13732385209 2.15435870246 1.68258937111 1.99530768777 2.68275364921 2.51536788206 1.99867822936 2.70899625999 2.7650324121 2.5256115447 1.06506495831 1.14326359808 0.93168915217 0.789867380848 0.920621871762 1.00748176325 1.00834385177 0.928817275256 1.06618161556 0.994228308105 1.16664774363 1.24678541819 1.10062200747 1.0795543101 1.13436151374 1.20456260828 1.48399735509 1.33926636984 1.34871131889 1.21595822121 1.34942795061 1.17692652959 1.11073314067 0.905673025879 0.843094121113 0.925787279786 0.782409064516 -9999 -9999 -9999 -9999
-9999 -9999 -9999 -9999 -9999 -9999 -9999 -9999 4.33689604741 3.54886495088 3.06831792999 3.10093231555 2.93127551091 2.8984834705 2.3477757269 2.26546848856 2.05790709629 2.26858145841 1.99916551017 2.24117669746 2.46103439396 2.42816570297 2.87063248228 4.46505802182 3.56554894332 2.5410137049 2.69788910907 1.40886104852 1.05065180029 0.856050077891 0.851111897122 0.903657597495 0.877985074985 0.895232574739 1.06724916521 0.627443990463 1.25490318811 1.17638183405 1.09638297852 1.06380426752 1.05080971639 1.00695180568 1.36900130424 1.36264175812 1.22201788915 1.20598499339 1.33014279527 1.2119121257 1.09231150294 0.902513117694 0.883920030828 0.890324279425 0.86149423649 0.972603927427 0.82045313358 0.910018815596 -9999
-9999 -9999 -9999 -9999 -9999 -9999 -9999 -9999 -9999 4.77417968248 3.76050268206 2.711899753 2.76215217315 2.85044580944 2.49063856954 2.52669379512 2.92341881023 3.22072112175 3.22852077268 3.25763747991 2.86169531296 1.98927949077 2.07673192646 5.61297521674 4.45874079362 3.7036266285 2.7137092787 2.15891072813 0.838479334558 0.86997617684 0.848732351263 0.877519840759 0.840716481234 0.723614364782 0.839506608211 0.810191390729 1.04862715632 0.95476107573 0.879337027487 0.895505403839 0.860509816376 0.880070211447 1.00864118505 1.54477066247 1.19393420954 1.0115993382 0.940426281259 0.904681298826 0.703840350594 0.681118367651 0.723254344337 0.688212766513 0.727461700137 0.779818203022 0.879200982813 0.847391436966 0.808039625166
-9999 -9999 -9999 -9999 -9999 -9999 -9999 -9999 -9999 -9999 3.11272651511 3.14186385804 2.646569937 2.7734466263 2.21330782107 1.95338676246 2.10843959377 3.02303957761 2.35499192426 1.88916946256 1.68863464883 1.63092983638 1.34838382327 1.93762465959 3.14173568898 3.75921771759 3.36886008064 2.78460409928 1.96679101756 1.07651039852 0.844547530761 0.851967850806 0.974835604432 0.810290077159 1.08149868214 0.954338423301 1.00615846745 0.956103989483 0.891357046674 0.900395691278 0.932942966514 0.918277278473 0.766850900517 1.18214146499 1.66415580833 1.75390804952 1.41396469543 0.962925320855 0.790062016766 0.737253008699 0.874422996854 0.82815352984 0.73061464135 0.790295190096 0.699444173834 0.89328424779 0.792904508463
-9999 -9999 -9999 -9999 -9999 -9999 -9999 -9999 -9999 -9999 -9999 1.90675602119 1.65977881895 2.12303955708 2.03833836792 1.76014446752 1.97568348162 1.93223393934 1.47274217404 1.61509401065 1.77152076221 1.73647638692 1.27260618996 0.99255776055 1.00106246387 1.44915065987 2.45010776802 3.39263148282 3.13816726053 0.631323098675 0.650701762737 0.778540519842 0.83994642556 0.864253311195 0.819844588069 0.73878557177 0.813260943559 0.803325907663 0.839797678435 0.839106435742 0.914549867417 0.791296161106 0.816538990759 0.739175700956 0.936779294244 0.916177463462 1.20038907239 1.30917883168 0.839963669678 0.70110665292 0.707640655838 0.756291225295 0.796076676178 0.696038418058 0.593679017332 0.608360276206 0.609467633547
-9999 -9999 -9999 -9999 -9999 -9999 -9999 -9999 -9999 -9999 -9999 1.39094017404 1.65083203866 1.94613778714 2.11847470208 1.8872172004 1.55020065109 1.41340480943 1.55230827129 1.57217519569 1.53274792184 1.84960476707 1.19373601632 1.16629068421 1.15973088777 1.30371831283 1.28774040731 1.90451155638 2.21010406553 2.49989529339 2.97110444868 2.72938231606 1.57054191656 1.65029931736 0.926143910134 0.712977748331 0.807334919663 0.831572037486 0.80261572583 0.752403721637 0.96571200376 0.985830507373 0.731489340931 0.756417667176 0.770858845378 1.14333557453 1.72294756267 2.07578597053 1.9409073076 1.21369058632 1.54781302333 1.41912492319 0.997624875376 0.864732836291 0.826092739139 0.696760566319 0.632975610704
-9999 -9999 -9999 -9999 -9999 -9999 -9999 -9999 -9999 -9999 -9999 3.34000603881 2.77832857712 2.51549220462 1.59527096782 1.73058634982 1.41865529784 1.0726837785 1.06364066468 1.19724774953 1.19122970456 1.236794243 1.05066028121 0.884082600838 0.808571284529 0.766520390351 0.725490249832 0.698982423378 0.764221620283 0.816698290868 1.20731116546 2.32251459939 3.30467552052 3.1850670476 1.9540354294 1.00295781518 1.76032088588 1.14839586814 0.679126438654 0.529813186927 0.546052176885 0.807670117089 0.963939545388 1.13291884739 1.25945421492 1.59368876127 1.52041565583 1.32234259976 1.38711895571 1.41527955533 1.3129441867 1.52388764315 1.64009367008 1.81335733839 1.12206764562 0.705614228789 0.772798255864
-9999 -9999 -9999 -9999 -9999 -9999 -9999 -9999 -9999 -9999 -9999 -9999 1.93647106784 2.33918396759 2.08422503702 1.57333427728 1.3928514466 1.31060627501 1.12472821734 1.28840349463 1.25609260542 1.13977467978 1.09165958623 1.08990028469 0.841275524167 0.873911261382 0.749119826776 0.794106423358 0.739684719987 0.681764790094 0.688386388185 0.744936754653 0.682127369226 1.0392643086 2.00521439083 0.341917024384 1.18473356338 1.5366253741 1.17018513956 0.798989306909 0.908155744757 0.849274695902 1.26741346781 1.52565859726 1.61031375845 1.55696874466 1.32130388196 1.34600360602 1.02044356996 1.19375783443 1.17892868412 1.00760036485 0.846487894952 0.864243151289 0.923367841226 0.977452782777 0.283325500776
-9999 -9999 -9999 -9999 -9999 -9999 -9999 -9999 -9999 -9999 -9999 2.63705842973 2.44632945358 2.74660130666 2.63750506186 1.54515595431 1.28714871147 1.46985233465 1.14580562308 1.2630010844 0.930037114308 0.903047165845 0.78778315388 0.822731762661 0.840426540985 0.817943620779 0.605625620376 0.63821227667 0.655863431284 0.618017434503 0.585905289737 0.625543686055 0.587207546694 0.575687567765 0.657103323249 1.63013560291 2.07402695812 1.38533912165 1.47014130579 0.757864657085 0.834622136244 0.807695935259 1.23337429495 1.54969143048 1.98027951079 1.96078638844 1.5544186738 1.79702213329 1.48685972656 1.49898292025 1.15129570201 0.754091374557 0.682730039402 0.690321901847 0.650707489466 0.748493420632 1.1667955243
-9999 -9999 -9999 -9999 -9999 -9999 -9999 -9999 -9999 -9999 -9999 2.84709402523 3.50334096408 3.28302223552 2.14233892439 1.53458479089 1.7390261247 1.6587249202 1.24265973126 1.2325158227 1.08972110679 1.20733138799 0.738606239371 0.917673459602 0.912337005536 0.933158682376 0.472394961092 0.658107690577 0.694405422735 1.08992922809 0.965184951552 0.648421404029 0.569171042014 0.576503147713 0.628233901527 0.83054737395 1.62868072382 2.15642877728 1.64742968081 1.08286846313 0.702926540337 0.887908859926 1.14834804372 1.06608020081 1.08383802784 1.01658189352 1.18757095797 1.24811016704 1.17024393483 1.28417636055 1.10540998448 1.23691771684 1.07975761203 1.01811928776 0.973067863754 0.875111245335 0.638249091201
-9999 -9999 -9999 -9999 -9999 -9999 -9999 -9999 -9999 -9999 -9999 3.90336544912 3.66396459157 2.91144489595 2.78524158769 2.663274655 1.56604935711 1.82750458326 1.56778839982 1.64390895407 0.847637234288 0.576917484999 1.19818143667 1.85394106678 1.5178497412 1.51467984265 1.51621342103 1.00639640916 0.797797788463 0.623541098601 0.651708515433 0.992473507955 1.06047811903 0.951795716381 0.735272298825 0.861795284506 1.11870435001 0.881514845181 1.61308256655 0.849250047458 0.880923610264 0.968297060654 0.877072619144 0.783617792406 0.790807999975 0.793654866939 0.868490660431 0.853013427116 0.820104585728 0.75645406746 0.711161215262 0.636854170207 0.43580267855 0.590811173145 0.55164068047 0.74004056646 0.940456954003
-9999 -9999 -9999 -9999 -9999 -9999 -9999 -9999 -9999 -9999 -9999 -9999 3.86037033164 3.51441534828 2.58900129738 2.31722991644 2.04626873943 2.0613951574 1.5375212765 1.67703835679 1.48576393599 1.8336893675 1.41479735988 1.34299954863 1.36834504659 1.33633720552 1.10578108131 1.19764602388 1.08732906371 0.908817021945 0.765441831659 0.599519597265 0.536885448818 0.606431668092 0.643200727891 1.43615522523 1.31704995353 1.05378490424 1.84101795421 1.2994111016 0.845615240472 0.732636359093 0.798221346374 0.734777818344 0.807166235094 0.81017886968 0.783966256942 0.772070127124 0.71993446929 0.720581201916 0.641096998148 0.291092009788 0.313727456954 0.781303321785 0.721704070948 0.682505134465 0.606834122204
-9999 -9999 -9999 -9999 -9999 -9999 -9999 -9999 -9999 -9999 -9999 -9999 4.55673849668 3.40171586838 2.67744026837 2.39108353923 1.77668037105 2.00326174678 1.77742844387 1.44740638987 1.48179961239 1.29103574216 1.30724596019 2.1440066405 1.53477966822 1.41723173131 1.84010563461 1.80160620134 1.45713321402 1.92490454828 1.55113266983 1.63893639084 1.33495872318 1.23716199978 1.31708036221 1.69863303921 1.10119075574 1.8961598544 2.47557317615 1.62040400257 1.07109284984 0.72629893586 0.644007650949 0.631395212666 0.642626395326 0.657515858573 0.631425564597 0.643656200706 0.590978736474 0.622060778828 0.614725118689 0.543876689318 0.528222548526 0.565263173042 0.538303678901 0.717360385238 0.437389708173
