data/recharge/transience/recharge33.asc
ncols                  80
nrows                 72
xllcorner      4374000.0
yllcorner      5656000.0
cellsize            500
NODATA_value       -9999
[rows 25 to 49 of 72, columns 0 to 56 of 80]
-9999 -9999 -9999 -9999 -9999 -9999 -9999 -9999 -9999 -9999 -9999 -9999 19.4336404208 19.4681478328 18.6651323304 17.897204633 15.8569527651 15.9292195659 14.1473387272 14.9490099789 13.6546665547 13.9364338156 12.4845474827 9.40599735664 10.3290585351 11.0385397979 9.00603112591 9.03463680221 7.39170900809 6.63262124693 5.66653657813 5.28499199148 5.48922826232 5.90808290439 5.46250539291 9.93800165535 9.40005948572 7.04893831128 5.46305128241 4.12556998655 3.51083627545 2.85093556996 4.20594650814 5.64142358246 5.38572587752 5.49721609303 5.40111186748 5.3731433907 5.02458434386 5.38630457157 4.65995155065 2.90549774027 1.78868597289 1.3913353061 1.34680649382 1.45424818994 1.36054723988
-9999 -9999 -9999 -9999 -9999 -9999 -9999 -9999 -9999 -9999 -9999 -9999 -9999 19.4261257752 19.0859613452 19.1626272079 17.0095368677 16.5345772538 14.9715851601 14.5441451226 13.7184985775 14.7589672768 14.4668845579 12.6222014348 12.0161410758 9.84996465099 8.68428505382 7.65204304399 7.06261036101 7.56614739515 6.25445674172 5.8934812667 6.63959695217 5.13997662307 5.42923521899 5.40962147096 9.02895325947 6.12627560287 5.10447158809 3.31801154531 2.81316116151 3.6116347116 2.16103818168 2.51227196017 2.4344805343 3.11738449075 4.0637300926 3.90910299991 2.06078629515 1.38018549475 1.30312204435 1.44890303848 1.55978765678 2.2519369054 2.68074725944 1.13130741908 1.08478144385
-9999 -9999 -9999 -9999 -9999 -9999 -9999 -9999 -9999 -9999 -9999 -9999 -9999 -9999 17.8892676024 17.7970327806 16.4630437379 15.9086269525 14.8187474272 15.220756541 13.7730285867 14.998846129 14.2662496909 13.2536337738 10.2238908455 10.3150484043 10.633536946 10.9211695104 7.68602566747 6.59842728917 6.41220931802 8.45393656611 8.32254549981 6.41600716868 6.34895539599 7.61964562665 8.38453909585 4.31620407911 3.55889340843 3.91960072837 3.91551795441 3.21100610543 3.38262324274 2.54889431257 1.73545344892 2.07555206052 1.61121368232 1.88024662579 1.37912317627 1.7094568526 1.56074957254 1.11487547993 0.992344656926 2.08883211803 3.08158192273 4.67818847577 4.13108809757
-9999 -9999 -9999 -9999 -9999 -9999 -9999 -9999 -9999 -9999 -9999 -9999 -9999 -9999 5.31021030288 11.9846236876 16.9622645789 16.254625305 15.2530992828 15.4989680737 14.8319284828 15.2258349394 13.1376510235 14.7342242782 13.5723119736 13.6803749949 10.0335909596 10.6450901128 10.6983110184 10.5242944482 8.42294641008 5.53768239518 8.02592629911 10.1106674824 7.08779573673 6.62607705219 7.69216393055 2.89760463001 3.63093728414 3.89428403373 2.74696670704 2.95015669665 2.65636365108 3.08718081221 2.47261316888 1.92498451704 1.60716560936 2.34549074944 2.64130946646 1.51766784246 1.87710282552 2.22442036468 2.49858340504 3.86870150991 4.59926117703 5.28379050977 6.44887171849
-9999 -9999 -9999 -9999 -9999 -9999 -9999 -9999 -9999 -9999 -9999 -9999 -9999 -9999 8.72224990166 13.1767861392 17.8421909865 16.9304164804 15.9613156051 15.8404768653 14.5937905492 15.0820121417 14.4555773064 14.0172225771 12.2951257812 11.8478394731 11.7676439976 12.036779402 9.43801723507 10.2740326467 9.01704589791 8.65911792523 7.50435342358 7.04662219631 12.3467182833 5.86883250541 6.85361473073 5.19183060929 3.22297467936 3.71971629826 2.41858230641 2.83916854552 2.32401954194 2.40673703657 1.71615297723 1.98424331466 1.31899001777 1.9491782107 3.53236015823 4.10315617077 3.59476998491 2.28810325626 3.56158714943 3.24114115737 2.80402162131 3.13718114595 2.44582404928
-9999 -9999 -9999 -9999 -9999 -9999 -9999 -9999 -9999 -9999 -9999 -9999 -9999 -9999 20.6771234446 19.8444955498 19.0003223405 18.2981536768 17.2650182715 18.4566069534 15.7599517167 15.5872230463 15.2742172571 14.2615962458 11.4807294066 12.1865018038 10.5552124831 12.6757730905 10.6397354643 10.0276926532 9.22179443593 10.0060687946 8.7206825271 8.58031915045 6.14170297935 6.1896064215 5.25633573691 8.80386756085 4.28192880611 5.55334084077 3.21461694708 2.11187607299 1.62017366428 1.80730850881 1.40059369091 1.51019632233 2.86950450645 3.77265244638 7.05485337853 8.00908079714 5.74797315508 6.26012160496 4.09079467483 3.79399183191 3.198038859 2.6150611958 2.99208079272
-9999 -9999 -9999 -9999 -9999 -9999 -9999 -9999 -9999 -9999 -9999 -9999 -9999 -9999 -9999 19.194857214 18.4438813812 17.4142701186 17.9161581247 16.9057847135 14.3368752778 14.5525420378 14.5092442419 14.5877054945 11.4242524691 12.4989523733 10.6769528452 11.4359763426 7.32135291841 9.91334653986 7.87072704583 7.81538548046 6.73236539349 8.54848942684 6.49605740036 6.53899730252 5.79305655531 5.70796328701 5.26660694078 4.62220949067 3.47464061672 4.6694761919 1.25094651107 1.24690658511 1.32083043715 1.35201481564 1.44408638461 1.64849421782 2.42821318939 2.47562893199 1.57776110872 1.36118694291 2.36295310181 4.12229220584 3.85987468572 3.80069554639 3.1967948509
-9999 -9999 -9999 -9999 -9999 -9999 -9999 -9999 -9999 -9999 -9999 -9999 -9999 -9999 -9999 -9999 18.2486049638 16.8194729787 16.5534595518 17.7049402333 16.4361440396 16.5114613314 13.9395406667 12.7068287644 11.9200016777 11.4304545287 9.3946447667 9.43003690753 6.9448406687 9.59204294014 9.0735871838 7.6601802786 5.45625621906 3.87156761237 6.17044350412 6.62125421309 6.18571079551 6.53705086693 6.18690642551 7.82294033136 10.3160525238 9.86197655909 6.6274844415 2.90877206386 1.31066530266 0.871830879899 0.656136689327 2.09980189558 1.5098633773 1.06896945985 1.67627853304 2.8847857547 2.06210635378 1.60565353611 1.95597133816 1.68200009402 1.54487641709
-9999 -9999 -9999 -9999 -9999 -9999 -9999 -9999 -9999 -9999 -9999 -9999 -9999 -9999 -9999 -9999 17.7369042323 17.6892328586 17.3364757557 16.8323003205 15.4255639396 16.8646056131 15.2195849695 12.9730688493 11.7151472528 12.4259970045 9.90808720374 9.8611467217 6.9672514851 8.74240650019 6.68087075112 5.36788209098 5.89908561574 4.52155574021 6.92583461479 6.41831444147 7.65633705468 6.66273662775 6.11700176848 6.11852730866 7.34728479297 6.89513347209 7.48654926555 6.65996257933 3.98481762233 2.61949047697 2.80236545795 3.04194605173 1.02747932644 1.41100968696 2.17724758235 2.31975695813 3.18803368727 3.42298036674 4.19450778859 2.91209717172 1.56345606461
-9999 -9999 -9999 -9999 -9999 -9999 -9999 -9999 -9999 -9999 -9999 -9999 -9999 -9999 -9999 15.1358811406 15.1901008408 15.9015890473 16.8537584032 16.5570880362 15.3528884906 15.3961991997 13.7358595032 12.7075869497 10.7490234866 11.3504029284 9.77563224196 9.97833123492 8.48896786787 9.46974293648 8.2581229629 8.46641800162 8.07812361125 6.11483157525 6.23456135512 7.54259284321 7.31371487162 8.53437811784 7.49453087825 4.99622949337 5.23599988503 4.77444966449 3.46884830894 3.40391658819 3.42884702465 2.48762774607 3.3691400008 3.48075024361 2.02465509233 2.3333248069 1.70325386772 1.22415499025 1.44069636637 1.67196994683 1.90397361978 1.97869614612 2.32135406321
-9999 -9999 -9999 -9999 -9999 -9999 -9999 -9999 -9999 -9999 -9999 -9999 -9999 -9999 16.3278088232 15.8578903121 15.4737921401 13.2584663012 15.0377017401 16.1674854589 14.742654761 15.3165114057 13.0017704397 13.271553424 10.7628021804 10.3543708677 8.81849848713 9.63888527399 9.23414658987 9.23006695472 7.46469398001 7.62500297169 5.50893430495 5.25528515645 4.9498573185 8.80612836213 8.43617633491 6.78254363522 2.52093476189 4.67087565692 4.78689207286 2.71445218937 2.44686476675 2.73444333732 1.76322767148 1.4399113155 2.46558246123 2.42094790243 2.22970538753 1.67975114601 1.43964312775 1.42062802486 1.58767486636 1.53870198793 1.43576907373 1.56179018387 1.64629188908
-9999 -9999 -9999 -9999 -9999 -9999 -9999 -9999 -9999 -9999 -9999 -9999 -9999 -9999 16.8481813546 17.0630745576 16.053781499 12.3478473862 10.494393046 11.0008558026 12.9774303821 14.1363924081 12.6941335856 13.1153026307 10.2589959855 8.98857969303 6.69980045958 7.17028265518 6.87517493468 8.82768401733 8.16490770474 7.39755347801 6.76741821984 6.13660136077 4.95304602549 7.48778069673 8.43881139563 10.0021690728 6.08058266464 6.22243470571 7.70911912159 7.19226715172 3.36203136888 3.04152705866 2.7264099593 1.48715816826 2.69330734561 3.66386863001 3.39106066245 4.01339810368 3.97819982361 3.93969956996 2.86509003423 2.44135882482 2.87336668198 2.73268223651 1.97050263688
-9999 -9999 -9999 -9999 -9999 -9999 -9999 -9999 -9999 -9999 -9999 -9999 -9999 -9999 -9999 -9999 16.2600396761 15.3473093624 14.9731658742 14.7614477775 12.8882610076 13.2296423182 13.6782397265 13.6991657241 10.7604776537 8.57456753641 5.24457518618 5.56673778534 4.66516290577 6.50036750269 6.75028831486 6.52510360686 6.24560168674 5.35065249337 5.54956885451 5.60255273291 6.44407505769 5.73783394327 7.67978141992 7.41512335321 4.63959714857 4.51145390697 6.46747544729 5.04837349394 1.88692523481 2.30058893645 2.02161434399 1.78992083531 2.11065034632 2.69065261874 2.59838807419 2.69740070494 2.3746300166 1.98313081287 1.23923946077 1.34686275948 2.26690611278
-9999 -9999 -9999 -9999 -9999 -9999 -9999 -9999 -9999 -9999 -9999 -9999 -9999 -9999 -9999 -9999 15.9599064703 15.4805719868 15.0401960877 12.3639740072 12.1986317946 12.578638335 11.3472850271 12.0749823999 11.584903721 9.39165516048 7.31924812317 6.97657644368 6.35886194418 6.90390812516 7.49400910907 7.10292256521 5.820198313 5.46421921593 4.02193364173 4.31270591878 4.47148057791 5.23986763874 3.6307060949 3.33632406642 4.17080411667 5.37297891112 4.81641652138 5.30150878466 4.99454118539 2.09390307809 0.918182444089 1.56052523753 1.87195534093 1.35391488404 0.998156677699 1.02293449367 0.758441204026 0.936546584759 0.901421093457 0.9118151078 0.889393878822
-9999 -9999 -9999 -9999 -9999 -9999 -9999 -9999 -9999 -9999 -9999 -9999 -9999 -9999 -9999 -9999 -9999 -9999 15.1753572207 13.4274566323 11.0008544032 12.0924240503 12.1594918085 13.3075436285 11.0706016042 10.0292911478 6.63980709088 6.94638268661 6.53238288861 6.51263001499 5.14221923397 4.55788380415 4.34298999188 4.90468035486 3.94875934494 4.88926470345 4.81965495644 3.55834376734 3.28068709647 4.67988383974 3.48696405177 3.05381132515 2.84995802649 2.82493808039 2.36068982321 2.69651596539 1.22281524861 1.26566228569 1.95728204493 1.0083542032 1.15684366513 1.30029891359 0.783603411245 0.81755413071 1.0142274564 1.1232066764 0.999810935218
-9999 -9999 -9999 -9999 -9999 -9999 -9999 -9999 -9999 -9999 -9999 -9999 -9999 -9999 -9999 -9999 -9999 -9999 -9999 11.2661226339 11.0566620187 11.7278425916 11.0082429 14.8950351367 12.1646942206 11.6442577665 8.47690641828 6.75053414947 4.94705459265 4.7552664861 4.70263968383 4.90087721914 3.98219864304 3.76538722918 2.9141963096 2.67364273127 2.58282611158 3.66934125524 3.27281773704 3.9586521069 3.10739991549 2.7998581026 2.2189574284 2.89926060341 2.93318353756 3.08361560463 2.20176244239 1.15094893548 0.852653728751 1.89902835775 1.021118138 1.04930326193 0.756524947245 0.744657205329 0.989850945487 0.924807949126 0.679959737743
-9999 -9999 -9999 -9999 -9999 -9999 -9999 -9999 -9999 -9999 -9999 -9999 -9999 -9999 -9999 -9999 -9999 -9999 13.6788422144 14.5844415403 14.4634538712 14.1769978888 11.4723748559 13.4788565964 11.8979179726 12.1308072147 9.94699150691 8.44514367505 5.74651736918 5.29530313814 5.47412505704 4.07095173788 4.59101628735 4.0070399762 3.76182039349 4.49554817908 5.44292324875 5.19334441642 4.80464947314 4.65952073201 4.53811708214 3.1030572214 2.67082992788 3.42632176454 3.0938034995 3.20070563951 2.7889523224 4.0905780805 2.65867504041 1.26985039407 2.1873961194 2.82855631541 2.42736286911 2.09479460863 1.52033747933 1.27892178449 1.11058203366
-9999 -9999 -9999 -9999 -9999 -9999 -9999 -9999 -9999 -9999 -9999 -9999 -9999 -9999 -9999 -9999 -9999 -9999 -9999 16.2185259797 15.6598899076 15.107106182 11.6297080141 13.3379680093 12.7786592896 12.6322685296 8.94690827014 10.1838956831 6.71741302167 8.12569970179 8.14085048763 8.07687267897 5.84147907255 4.62363316719 4.66137590058 3.90139782639 2.38482781277 2.01170860644 1.75673848022 1.75745398575 2.07343871294 3.19030178947 3.49848648928 4.12848423105 4.1547975836 5.42975729269 3.7021969744 2.77942596254 3.13134891736 1.92787623744 0.603749606365 2.67314182928 3.15786251288 3.68062579704 3.12564060667 0.698670438385 0.62739516263
-9999 -9999 -9999 -9999 -9999 -9999 -9999 -9999 -9999 -9999 -9999 -9999 -9999 -9999 -9999 -9999 -9999 -9999 -9999 -9999 13.7865251736 14.751554163 11.7606917901 12.2898994715 11.0940585935 12.2596947984 8.94331640622 10.537546988 10.3951729642 9.47071424558 7.54739204881 7.23716120779 4.2528827443 6.21146658804 5.39929440017 5.42468212111 3.78998099126 4.31927593905 4.26083914694 3.86392574293 2.92023936581 3.97682930924 4.3343400428 3.82135142846 4.97954106895 4.32791251833 3.54957386359 4.04032461032 3.51047841223 3.65939102932 2.72068364306 1.61017741764 0.746178724799 1.04395224526 2.38255619296 1.17282257956 1.25690370097
-9999 -9999 -9999 -9999 -9999 -9999 -9999 -9999 -9999 -9999 -9999 -9999 -9999 -9999 -9999 -9999 -9999 -9999 -9999 -9999 -9999 14.0802658178 12.4104554823 12.57705119 10.1075871684 9.3138847356 8.71486514114 10.7477644965 8.85838054001 8.34480176612 7.99720458206 8.44582642813 5.33695490783 5.53019029843 6.65924979483 5.75084722776 4.54529055337 3.47120274521 3.1414501978 3.29540297154 4.49348464799 4.76470387185 5.32216661201 3.99669283106 3.27760353148 2.3525035913 3.07948867744 3.43924956468 3.37540460779 4.20536291933 4.28595431562 3.68279447914 2.14063660347 1.60202471304 0.324562406765 0.565371345085 0.799404863382
-9999 -9999 -9999 -9999 -9999 -9999 -9999 -9999 -9999 -9999 -9999 -9999 -9999 -9999 -9999 -9999 -9999 -9999 -9999 -9999 -9999 12.2805066744 11.1311995591 11.1486254413 11.29873722 12.8507626619 10.2300981327 8.84217578197 7.18263007176 9.41290535444 5.79751838288 7.86431827946 5.51843327583 5.27961025785 3.25942632766 3.96057820892 3.51957076266 3.66524429018 3.3644632006 4.27215166514 4.55122871602 4.33932765794 3.30116620221 3.3627243187 4.4674885713 4.22375360212 3.88972544013 3.77872961775 2.51722906841 2.58121319386 3.6031776165 2.60566757463 1.71107104529 0.737828771401 0.943899366937 0.3906540579 0.491926247627
-9999 -9999 -9999 -9999 -9999 -9999 -9999 -9999 -9999 -9999 -9999 -9999 -9999 -9999 -9999 -9999 -9999 -9999 -9999 -9999 -9999 -9999 11.3921324886 12.8360004645 12.4938063831 12.5709061711 9.79996839621 8.933764491 6.47222176488 6.66553090679 6.54720761667 6.91860523815 5.08897902828 5.37397183238 5.87687285474 4.5247379141 4.7238456048 4.34647751369 4.23912321057 4.24167349632 4.47964660781 2.87906518726 3.21022916656 4.21962262177 2.55597861394 2.30135454454 1.89510315388 2.56016942337 3.48372338374 4.32459699197 2.1339794587 3.14232344371 3.88150992525 1.67938185367 0.433332580218 0.31846493367 0.443030652022
-9999 -9999 -9999 -9999 -9999 -9999 -9999 -9999 -9999 -9999 -9999 -9999 -9999 -9999 -9999 -9999 -9999 -9999 -9999 -9999 -9999 -9999 11.8163015818 11.4749316788 12.003512557 13.5764880973 10.5383133581 7.44403921116 6.9958616267 7.28134802703 6.17688462755 6.35745700224 6.08146687963 5.86314630859 4.62390120031 6.14016486488 4.48820252119 4.2314710414 5.12324295039 4.98470453878 3.32904309273 4.58077319395 3.27834639239 2.52395644383 2.25692648365 3.14776759489 4.13177364683 4.15537664222 2.27629081843 2.21075063972 2.14589005954 3.83010514951 1.22507507581 2.79300976939 1.57508544509 1.37090096383 0.930291965692
-9999 -9999 -9999 -9999 -9999 -9999 -9999 -9999 -9999 -9999 -9999 -9999 -9999 -9999 -9999 -9999 -9999 -9999 -9999 -9999 -9999 -9999 11.450360661 12.3475762088 14.1238868557 13.7834494667 10.4097496307 9.24250187609 7.4269795412 8.37043898641 6.59754733043 5.81886031163 5.11177182266 5.59800940142 6.16761016468 4.2666123429 4.23347458022 5.68780638226 5.02901424641 4.54262899601 4.65833062071 3.63563368153 2.54169829593 3.29539642695 4.16508503926 3.95671795691 4.18317658681 3.59186966786 2.73774700423 2.74345911639 3.58658366675 2.90480516742 2.32770734568 2.54777675419 2.84564108367 3.06573464306 1.73638075125
-9999 -9999 -9999 -9999 -9999 -9999 -9999 -9999 -9999 -9999 -9999 -9999 -9999 -9999 -9999 -9999 -9999 -9999 -9999 -9999 -9999 -9999 -9999 13.0309968832 14.9374905376 14.0201148311 9.74943902164 8.72101231977 7.23765750841 7.9340431209 6.66026103413 7.25913645029 6.39513262007 7.20372374071 5.38936308558 6.00155742833 6.18417474714 5.36968988078 3.52519127545 3.25533910253 2.43360120327 3.39541858635 4.50127040218 4.55730974571 3.89626803262 3.42540403564 1.96988094066 1.81117288159 1.74894780177 1.9457818386 1.45358061121 1.9791986778 2.27467606666 3.61560913856 1.94504909575 1.02856234902 2.18027827349
