data/recharge/transience/recharge334.asc
ncols                  80
nrows                 72
xllcorner      4374000.0
yllcorner      5656000.0
cellsize            500
NODATA_value       -9999
[rows 0 to 24 of 72, columns 0 to 55 of 80]
-9999 -9999 -9999 -9999 -9999 -9999 -9999 -9999 -9999 -9999 -9999 -9999 3.48489271413 3.62310118757 -9999 -9999 -9999 -9999 -9999 -9999 -9999 -9999 -9999 -9999 -9999 -9999 -9999 -9999 -9999 -9999 -9999 -9999 -9999 -9999 -9999 -9999 -9999 -9999 -9999 -9999 -9999 -9999 -9999 -9999 -9999 -9999 -9999 -9999 -9999 -9999 -9999 -9999 -9999 -9999 -9999 -9999
-9999 -9999 -9999 -9999 -9999 -9999 -9999 -9999 -9999 -9999 -9999 -9999 3.55199044791 2.87970471573 2.46817082437 -9999 2.2941950902 -9999 -9999 -9999 -9999 -9999 -9999 -9999 -9999 -9999 -9999 -9999 -9999 -9999 -9999 -9999 -9999 -9999 -9999 -9999 -9999 -9999 -9999 -9999 -9999 -9999 -9999 -9999 -9999 -9999 -9999 -9999 -9999 -9999 -9999 -9999 -9999 -9999 -9999 -9999
-9999 -9999 -9999 -9999 -9999 -9999 -9999 -9999 -9999 -9999 3.50901892446 2.79076823482 3.15340338906 3.24215958262 2.18464785909 1.70483416206 1.28974106787 1.27622468676 -9999 -9999 -9999 -9999 -9999 -9999 -9999 -9999 -9999 -9999 -9999 -9999 -9999 -9999 -9999 -9999 -9999 -9999 -9999 -9999 -9999 -9999 -9999 -9999 -9999 -9999 -9999 -9999 -9999 -9999 -9999 -9999 -9999 -9999 -9999 -9999 -9999 -9999
-9999 -9999 -9999 -9999 -9999 -9999 -9999 -9999 -9999 2.92733245085 3.07489207507 3.4731844651 2.75896367923 2.8644729482 2.98110082998 2.35007936079 1.47474626947 1.99292032385 -9999 3.01681500203 -9999 -9999 -9999 -9999 1.35771859353 1.45437599097 -9999 -9999 -9999 -9999 -9999 -9999 -9999 -9999 -9999 -9999 -9999 -9999 -9999 -9999 -9999 -9999 -9999 -9999 -9999 -9999 -9999 -9999 -9999 -9999 -9999 -9999 -9999 -9999 -9999 -9999
-9999 -9999 -9999 -9999 -9999 -9999 -9999 -9999 3.81929174872 3.33287774285 2.74957933543 2.97897363183 3.08506116012 2.92419398016 2.72636629523 2.63137936823 1.46389032362 1.32407671207 1.37677534045 2.52986099899 2.32913333489 2.42492554983 -9999 1.24866197001 1.65162045817 1.62595554688 -9999 -9999 -9999 -9999 -9999 -9999 -9999 -9999 -9999 -9999 -9999 -9999 -9999 -9999 -9999 -9999 -9999 -9999 -9999 -9999 -9999 -9999 -9999 -9999 -9999 -9999 -9999 -9999 -9999 -9999
-9999 -9999 -9999 -9999 -9999 -9999 4.15328442509 3.12451077634 2.91411546236 3.0348898462 3.08437433893 3.46396774009 3.338902071 3.19884481738 2.69312078437 2.84611325385 1.82251682453 1.66068216429 2.4459496446 2.51012763502 2.28324249291 2.37639777968 1.71090397015 1.28053469839 1.43684062377 1.38249017288 1.46785700616 -9999 -9999 -9999 -9999 -9999 -9999 -9999 -9999 -9999 -9999 -9999 -9999 -9999 -9999 -9999 -9999 -9999 -9999 -9999 -9999 -9999 -9999 -9999 -9999 -9999 -9999 -9999 -9999 -9999
-9999 -9999 -9999 -9999 -9999 -9999 4.49770342693 3.72756097535 2.78095232259 2.69123790406 2.53396016506 3.24511042455 2.91211416474 2.20213773984 2.00514438269 2.30939589965 2.16254157239 2.1501947866 2.104668386 2.04005185248 2.04439048543 2.25667728561 2.17513155547 1.60733529902 1.20106537731 1.11792108982 1.51087442256 2.13387318014 2.63519354923 2.53297472852 2.69082176592 2.66439937379 -9999 -9999 -9999 -9999 -9999 -9999 -9999 -9999 -9999 -9999 -9999 -9999 -9999 -9999 -9999 -9999 -9999 -9999 -9999 -9999 -9999 -9999 -9999 -9999
-9999 -9999 -9999 -9999 -9999 5.45710554812 4.66816072323 4.67990484254 3.63755620579 3.62720921344 3.23508741624 3.00146971816 2.38184485534 2.40216411022 2.2449197321 2.65080378205 2.36938714661 2.27900053661 2.09430862028 2.05950765421 2.05139056572 2.00274732778 2.09777059832 2.1432562584 1.37134167473 1.42930280524 1.4254719568 1.68950379867 2.56189678833 2.52095010294 2.29009614962 2.37261992845 2.06968449071 2.01855335766 -9999 -9999 -9999 -9999 -9999 -9999 -9999 -9999 -9999 -9999 -9999 -9999 -9999 -9999 -9999 -9999 -9999 -9999 -9999 -9999 -9999 -9999
-9999 -9999 -9999 -9999 -9999 5.68375214867 5.1396770782 5.16964842825 4.40467581017 4.14417428396 3.83387870344 4.02658694818 3.5930557635 4.05996371405 3.29108542738 2.89461060787 1.97377533472 2.47480506514 2.66465616544 2.02058889539 1.93192140284 1.97821058358 2.1924757875 2.13003602193 2.0230332784 1.45808664321 1.12136316147 1.08409950373 1.84502775164 2.02924780236 1.88968799455 1.93006166521 2.000104714 1.94239494719 1.53752037591 1.86301076662 -9999 -9999 -9999 -9999 1.60392655714 1.72757476842 -9999 -9999 -9999 -9999 -9999 -9999 -9999 -9999 -9999 -9999 -9999 -9999 -9999 -9999
-9999 -9999 -9999 -9999 -9999 5.32611139635 4.87066946283 4.32266001868 4.58367898133 4.82211502464 4.26532377277 4.10401126693 3.44106996117 3.83213725945 3.5340109266 2.50548439212 1.90291178669 2.39465594119 2.4560981483 2.61350005189 2.13448987732 1.93180801282 1.93292226742 1.88261531317 2.01437124281 1.42925522339 1.12165551475 0.970441425475 1.65151760733 1.98378967108 2.15370046707 1.95371399274 1.98285315787 1.404463698 1.15121676875 1.91203602954 1.82569407343 -9999 -9999 1.88866733623 1.85675606763 1.81098884182 1.49928106787 -9999 -9999 -9999 -9999 -9999 -9999 -9999 -9999 -9999 -9999 -9999 -9999 -9999
-9999 -9999 -9999 -9999 -9999 -9999 5.95810583918 5.4903248627 5.27050085826 5.05801686796 4.23897356126 4.54683423869 4.43081032591 4.61137749147 2.64788293356 2.50370705551 2.21701159002 2.14965766266 1.90608185305 2.25509951281 2.09742098593 2.16262070346 1.9901364839 2.09975722333 1.93802937223 1.79293116326 0.858195221482 0.872881698863 1.20149891546 1.71176209663 1.55982826213 1.69029699574 1.1234372589 1.19203741821 1.14318292989 1.72144736054 1.20018299432 0.883730414452 1.78651611749 1.75445456807 1.66158680141 1.84859372955 0.961539714469 0.713596591121 -9999 -9999 -9999 -9999 0.913392851809 0.82291445464 1.59987413664 -9999 -9999 -9999 -9999 -9999
-9999 -9999 -9999 -9999 -9999 -9999 -9999 4.88700635222 4.90072392032 5.44419256431 4.96885410316 4.57402223022 3.20254635433 2.63410089512 2.09605992702 2.68240770573 2.67809029821 3.11567357308 2.78536947951 2.46457116381 2.01100088737 2.01946336707 1.91868475779 1.93251808218 1.83736861127 1.72709902365 0.947971909567 1.28893388266 1.68573266859 1.46503963389 1.20989650645 1.2614233529 1.18992286155 1.32213982893 1.74842331976 1.74009207571 1.17135035764 1.18586519558 1.76368550386 1.76092397253 1.15693855188 0.922333962104 0.459799154179 0.421813122953 0.348696498257 0.39786760778 0.453251966053 0.364618483681 0.342043369931 0.473149656163 0.805322695991 0.890118155625 -9999 -9999 -9999 -9999
-9999 -9999 -9999 -9999 -9999 -9999 -9999 -9999 4.66041303791 4.51434339786 4.65701270735 5.05295419917 3.77458597784 4.02984499432 3.86132423971 3.72648675282 2.88657790747 2.89751088721 2.35267050973 2.52825501491 2.88215777833 2.79152579317 0.91704023614 0.765372380662 0.760681544829 0.630861249689 0.761228951276 1.53518792004 1.0659132353 0.783121064775 0.884787411412 0.837169824393 0.944226469307 0.813242775068 1.06454101742 1.46306657112 1.54377838145 1.58633729859 1.52762594242 1.44235040018 0.781009993553 0.476910013299 0.336784283198 0.299267519262 0.277180517005 0.246576707437 0.290380369769 0.249072599234 0.221341761453 0.325449613631 0.471242240131 0.522190128297 0.521280759984 -9999 -9999 -9999
-9999 -9999 -9999 -9999 -9999 -9999 -9999 -9999 5.49338722699 4.95054871045 4.39788452596 4.42096401631 3.96495552745 3.94336731644 3.35762491081 3.30404553046 2.38373144959 2.52489626626 2.53057125609 2.66641053956 2.41974335997 2.74365118968 0.882744383144 1.32905264437 0.840483500891 0.68050108729 0.663229294419 0.893724779171 0.823751637943 0.662155919364 0.789498653009 0.80000859013 0.783094978721 0.781580562355 1.42938415845 1.69133081006 1.62405131464 1.55241392425 1.52524123707 1.50924575972 1.42142435858 0.502687449557 0.305922876459 0.305281630306 0.247497683786 0.243998284936 0.285658232407 0.257336294971 0.238412417232 0.525300707658 0.48490718442 0.487012814592 0.599598335536 0.910553047518 0.804548689899 0.835204403677
-9999 -9999 -9999 -9999 -9999 -9999 -9999 -9999 -9999 5.82573696922 4.95203794518 4.20914328924 3.9982940927 3.4182376543 2.86086137016 2.85375066445 2.93799888621 3.132014353 3.09470038977 3.11967742835 2.90949536842 2.42223689444 1.49013552656 2.28489070741 1.25465449145 0.967164764816 0.526067672246 0.520762230364 0.266114315705 1.19371754162 0.874442840868 0.792717810991 0.726381302085 0.554413149086 0.860817104251 1.27392034745 1.39549334648 1.34851431958 1.2812287831 1.28924578558 1.21124002073 0.806754761187 0.227629685756 0.331287628554 0.224461744603 0.181118976417 0.151029506731 0.152020657379 0.289354736218 0.356418943647 0.351283319105 0.341276485437 0.470570551948 0.792454085523 0.783961332255 0.231628271591
-9999 -9999 -9999 -9999 -9999 -9999 -9999 -9999 -9999 -9999 3.93598300097 3.96199970499 3.90666817372 3.41736006423 2.67381839648 2.47120670815 2.17477339235 2.79373028994 2.25709232425 1.88569083585 1.73889810365 1.5626654204 1.28680070536 0.738536127497 0.757964237887 0.977138250394 0.711301911912 0.53689094098 0.426293354265 0.37246509099 1.20604471655 1.20967188567 1.23602848736 0.743345119362 1.23443919759 1.27241089087 1.37420428178 1.34913295552 1.28734260542 1.29190841765 1.24651097974 0.963407465647 0.498022553181 0.251420213122 0.35188142448 0.353319913 0.251865818961 0.178445070284 0.400634990145 0.396203110336 0.394757949094 0.382096723197 0.366049113985 0.55812254928 0.722230159303 0.208233410965
-9999 -9999 -9999 -9999 -9999 -9999 -9999 -9999 -9999 -9999 -9999 4.51592749082 3.13483856101 3.10336209539 2.62317161457 2.31667514356 1.94220554357 1.9129281509 1.72559283123 2.25895526162 2.61984063826 2.21964975881 1.2219819945 0.967642764735 0.47583708873 0.226399409956 0.481372135846 0.924178520588 0.936064764219 0.93275569333 0.313530743363 0.589559413599 0.675130584173 0.672774677833 0.711306785579 0.650646463874 1.16141084091 1.15629718581 1.17455630742 1.17430451692 0.84142585573 0.745100479982 0.741992215292 0.355263233227 0.263873305642 0.174072262848 0.186776481419 0.250044025558 0.223413339695 0.397685214317 0.339888007184 0.433297687374 0.576174350102 0.61940770641 0.555400916887 0.509912622652
-9999 -9999 -9999 -9999 -9999 -9999 -9999 -9999 -9999 -9999 -9999 4.0842293795 3.2482888704 2.90390369123 2.77323892493 2.34957385993 1.6580642914 1.70786669988 2.74105015059 2.76087045869 2.57906137048 2.79251690132 1.41461686578 1.06256352495 1.21937140862 1.38410674045 0.495406908102 0.430824861476 0.388701868199 0.567406162272 0.495255520167 0.395867635533 0.124370952625 0.159558811101 0.185984097532 0.763975380054 1.15825609704 1.17079786504 1.15559646237 1.13752897538 0.926692994817 0.815319027383 0.678105222417 0.709055210752 0.430035715138 0.327153660192 0.431425155007 0.53007680317 0.435583247148 0.23016729415 0.229926965395 0.207763319194 0.133941190503 0.540286136722 0.627411302052 0.588646573172
-9999 -9999 -9999 -9999 -9999 -9999 -9999 -9999 -9999 -9999 -9999 4.69204397042 3.58219714073 3.39875674781 2.84196873253 2.21127807009 1.46089148862 1.33777773305 1.71018074078 1.91978364646 2.26660822267 2.29948304835 1.20338426755 0.887300073443 1.11645013573 1.53488779063 1.41288803685 1.39525120749 1.03253998028 0.494913479415 0.235208050642 0.396076597043 0.621883614708 0.858977451595 0.415954362109 0.229715459155 0.305503757012 0.158401823024 0.73706448339 0.940621765878 1.18082622852 0.751931269655 0.747450414332 0.81660153459 0.929424453644 0.985268056252 0.406103252219 0.352242162319 0.32070928488 0.255778510308 0.207092005034 0.246276015413 0.261167241149 0.293529782215 0.46765806123 0.678452356768
-9999 -9999 -9999 -9999 -9999 -9999 -9999 -9999 -9999 -9999 -9999 -9999 3.39586605599 3.69704502277 3.19945084978 2.47353610818 1.78087555815 1.41344479313 1.22249704152 2.34821190097 2.31373006612 2.22930091681 1.92948783349 1.56332748161 1.58560421156 1.60772867764 1.42853968138 1.4578274835 1.32726211308 1.29068324741 1.23701965778 1.27115012419 0.69275781749 0.280144866487 0.447926928416 0.662524903378 0.372309737263 0.255182448424 0.133765412595 1.02653473807 1.08561252944 0.711151068455 0.873096976904 0.975158513202 1.01045497334 1.0287392241 0.415554543515 0.358557336491 0.240257831578 0.279156893107 0.191177806004 0.149480031541 0.120691717729 0.120497559901 0.0918170839514 0.156256777302
-9999 -9999 -9999 -9999 -9999 -9999 -9999 -9999 -9999 -9999 -9999 4.02586551201 3.88092869861 3.56644156809 3.09536324515 3.74535425323 2.5967373716 1.99284179552 1.38618063235 2.18247859607 1.87474806648 1.8544128753 1.60773723116 1.63351132316 1.4834612338 1.46826373439 1.29108904591 1.25580652195 1.19507732192 1.17072675503 1.05526667577 1.07905571733 0.996113961846 0.989553502362 0.99811360719 0.271273263264 0.264034813267 0.133067833999 0.107763649618 0.451044519099 0.730735367326 0.519347574657 1.43579579079 1.24477684759 1.41024326093 1.39300445015 1.10169531423 0.48812594415 0.260895206884 0.257898942067 0.163447588841 0.100729620165 0.0818773160105 0.0828614067498 0.0720909194653 0.0825429542686
-9999 -9999 -9999 -9999 -9999 -9999 -9999 -9999 -9999 -9999 -9999 4.18043421179 4.64785606475 3.96365100419 2.99821830296 3.05646755366 2.23652150909 2.14473375153 2.18084175567 2.21484678943 2.10521924566 1.88533666922 1.67743215026 1.70201355849 1.53171636514 1.44692748767 1.4161532179 1.4682700294 1.23317821027 1.46253886147 1.27576175517 1.0927368571 0.985842488202 0.990014013691 0.982583072181 0.174951559244 0.160523669959 0.234458955986 0.142845714364 0.152982884922 0.615536557518 0.437098853757 0.75199909924 0.984929924894 1.00057925686 0.952504330375 0.919800335334 0.88083430836 0.479784290182 0.353469521657 0.161285965948 0.176528910021 0.137999141467 0.126553303985 0.111120382208 0.0986329930259
-9999 -9999 -9999 -9999 -9999 -9999 -9999 -9999 -9999 -9999 -9999 5.0511723485 5.08716290773 3.92021518229 3.55550593523 3.44071164469 2.16295044096 2.12260555305 1.99217758763 2.6204957546 1.72381808592 2.41144343027 1.95355390857 1.19228710682 0.712592198945 0.709823543502 0.769839067655 0.82665123486 0.720228954456 0.831052591291 0.822539698471 1.31677045858 1.22554436191 1.16822780816 0.924978363334 0.128086743395 0.146232315876 0.0673213395353 0.136776820843 0.0898930764185 0.690260131436 0.914297067954 0.543539559494 0.449182839675 0.512831619639 0.499613001937 0.748906778233 0.759449630499 0.677293835528 0.706921930752 0.179165853468 0.105872628963 0.0733746867449 0.0714363052476 0.0706983019465 0.0730182621138
-9999 -9999 -9999 -9999 -9999 -9999 -9999 -9999 -9999 -9999 -9999 -9999 5.23434613668 4.97488173909 4.06066890496 3.14220725266 2.09990207042 2.31071238264 1.91295239869 2.19305510381 1.69249856102 2.44226037988 0.940883620639 0.71274175138 0.639541491184 0.624722312457 0.458444507089 0.496210673213 0.411566902324 0.348357084089 0.269278630025 0.518271545959 0.940558267276 0.980433472258 0.879050217223 0.199176618395 0.178638340993 0.0916313295776 0.167738833633 0.141167159776 0.741003737982 0.92749992796 0.767324122119 0.450829938487 0.473988035568 0.468655100628 0.629137240385 0.723881488242 0.612369438555 0.888819880956 0.718019785569 0.443043681183 0.269648410315 0.185262534244 0.101924053616 0.105413530658
-9999 -9999 -9999 -9999 -9999 -9999 -9999 -9999 -9999 -9999 -9999 -9999 6.15211621665 5.26423049872 3.7667167077 2.89601887128 2.05769074636 2.3816352351 2.06422001502 2.07853048753 2.16328804899 2.36238973585 1.30842178894 1.23488394508 0.835854153941 0.966225070165 0.973516034025 0.846980327745 0.584446168996 0.803871835224 0.538389976632 0.589462966486 1.09312557948 1.34994989626 0.260850013676 0.262479308425 0.181873459593 0.274818915034 0.30743400916 0.233594749111 0.658870384616 0.87496047442 0.795135751331 0.776740912246 0.675850646274 0.490744123076 0.45279808907 0.484380671121 0.431892274659 0.702011812293 0.60891616361 0.535827972455 0.334089870848 0.08505021095 0.0622855086787 0.0814438106057
