data/recharge/transience/recharge157.asc
ncols                  80
nrows                 72
xllcorner      4374000.0
yllcorner      5656000.0
cellsize            500
NODATA_value       -9999
[rows 0 to 25 of 72, columns 0 to 56 of 80]
-9999 -9999 -9999 -9999 -9999 -9999 -9999 -9999 -9999 -9999 -9999 -9999 39.5752351314 40.4666294811 -9999 -9999 -9999 -9999 -9999 -9999 -9999 -9999 -9999 -9999 -9999 -9999 -9999 -9999 -9999 -9999 -9999 -9999 -9999 -9999 -9999 -9999 -9999 -9999 -9999 -9999 -9999 -9999 -9999 -9999 -9999 -9999 -9999 -9999 -9999 -9999 -9999 -9999 -9999 -9999 -9999 -9999 -9999
-9999 -9999 -9999 -9999 -9999 -9999 -9999 -9999 -9999 -9999 -9999 -9999 34.2204677745 33.5771494233 32.8192144069 -9999 28.6755527517 -9999 -9999 -9999 -9999 -9999 -9999 -9999 -9999 -9999 -9999 -9999 -9999 -9999 -9999 -9999 -9999 -9999 -9999 -9999 -9999 -9999 -9999 -9999 -9999 -9999 -9999 -9999 -9999 -9999 -9999 -9999 -9999 -9999 -9999 -9999 -9999 -9999 -9999 -9999 -9999
-9999 -9999 -9999 -9999 -9999 -9999 -9999 -9999 -9999 -9999 32.2973880116 31.2710031876 32.7191280774 32.1147414653 27.1364764064 28.6855971966 28.3644278558 30.3480797717 -9999 -9999 -9999 -9999 -9999 -9999 -9999 -9999 -9999 -9999 -9999 -9999 -9999 -9999 -9999 -9999 -9999 -9999 -9999 -9999 -9999 -9999 -9999 -9999 -9999 -9999 -9999 -9999 -9999 -9999 -9999 -9999 -9999 -9999 -9999 -9999 -9999 -9999 -9999
-9999 -9999 -9999 -9999 -9999 -9999 -9999 -9999 -9999 32.8709025003 31.4401450582 31.6909106985 31.7063375649 31.9044677586 27.7093794705 27.8229531143 29.0941008028 28.3826860893 -9999 29.4887560786 -9999 -9999 -9999 -9999 35.6026523186 36.1973531926 -9999 -9999 -9999 -9999 -9999 -9999 -9999 -9999 -9999 -9999 -9999 -9999 -9999 -9999 -9999 -9999 -9999 -9999 -9999 -9999 -9999 -9999 -9999 -9999 -9999 -9999 -9999 -9999 -9999 -9999 -9999
-9999 -9999 -9999 -9999 -9999 -9999 -9999 -9999 32.9775207232 32.4265695906 29.264443136 29.4741137844 27.4269978026 27.3268833364 27.0427671 27.3056638313 26.4579029683 26.3094067781 27.6825154405 27.822302162 27.0891609232 27.4237270389 -9999 30.8256843672 35.7113013912 36.240783992 -9999 -9999 -9999 -9999 -9999 -9999 -9999 -9999 -9999 -9999 -9999 -9999 -9999 -9999 -9999 -9999 -9999 -9999 -9999 -9999 -9999 -9999 -9999 -9999 -9999 -9999 -9999 -9999 -9999 -9999 -9999
-9999 -9999 -9999 -9999 -9999 -9999 35.2221451017 34.3006685213 32.0251180252 32.1083897825 29.673144302 29.7331080227 27.6805186751 27.6810012809 27.1957999749 27.3352021756 26.9341791479 26.4464892106 27.4246259776 27.3341028872 26.8129930971 26.9580989155 28.2107292711 30.7952824444 35.6424305314 35.8869889817 35.1925298358 -9999 -9999 -9999 -9999 -9999 -9999 -9999 -9999 -9999 -9999 -9999 -9999 -9999 -9999 -9999 -9999 -9999 -9999 -9999 -9999 -9999 -9999 -9999 -9999 -9999 -9999 -9999 -9999 -9999 -9999
-9999 -9999 -9999 -9999 -9999 -9999 34.6296593618 33.9134950914 29.6483334533 29.4493121259 28.0397471936 28.4476929416 27.2453144483 26.9633183838 26.4205112094 26.3026075965 26.1794313096 20.8814268586 25.378748239 26.0811907444 26.3060466459 26.9539702655 27.1145157398 27.3107776509 31.8454680493 31.6262968098 35.5252374358 33.697752883 35.6893326287 35.6970194508 34.6660342416 34.9729479543 -9999 -9999 -9999 -9999 -9999 -9999 -9999 -9999 -9999 -9999 -9999 -9999 -9999 -9999 -9999 -9999 -9999 -9999 -9999 -9999 -9999 -9999 -9999 -9999 -9999
-9999 -9999 -9999 -9999 -9999 36.5288994743 34.5530608742 34.2264000946 30.3015283073 30.221765537 28.4431604679 28.118552861 27.0377743996 26.7099034822 26.8989021151 26.9584113598 20.4656792249 11.0622837269 20.5489058192 26.2557636706 26.4786082369 26.4403665957 26.7799033196 26.8341900678 29.1977114482 29.5813084171 35.3026770352 33.6920926208 35.1542141836 35.2276292935 34.3058101482 34.7176058982 34.2837479712 34.3609445372 -9999 -9999 -9999 -9999 -9999 -9999 -9999 -9999 -9999 -9999 -9999 -9999 -9999 -9999 -9999 -9999 -9999 -9999 -9999 -9999 -9999 -9999 -9999
-9999 -9999 -9999 -9999 -9999 37.5011933417 34.6746219474 34.7880873424 30.7712439428 30.629193052 28.3944636857 28.4789569025 20.0108576742 16.3057144878 27.7217742732 27.4501682881 22.6256735935 9.18933464466 16.4267730316 22.1243512586 25.8960086573 25.6796327622 26.8688228812 26.9782570378 27.4622715459 27.2968501155 31.5975640262 28.9657592011 28.8733038571 27.5668877087 27.0888020727 28.9787679035 32.0656679084 32.1444430886 32.4783134901 33.1386072161 -9999 -9999 -9999 -9999 33.6047758204 32.7163321954 -9999 -9999 -9999 -9999 -9999 -9999 -9999 -9999 -9999 -9999 -9999 -9999 -9999 -9999 -9999
-9999 -9999 -9999 -9999 -9999 37.4068828875 34.9996547775 34.5684897948 30.753503527 31.0603975222 28.8401321224 28.7590639702 27.4257020152 26.9142922598 28.036855638 27.7023153993 25.7636394148 26.8603208138 26.5445896193 26.3505436156 25.9463412058 25.4113368736 26.4854252376 26.4647679263 27.3806878562 27.8641114145 29.6649550189 31.2389493421 29.6371010386 26.7810607331 18.7870485028 24.6620276238 31.8068895234 32.0880423344 33.1647621196 32.9056096064 32.7999377872 -9999 -9999 34.0311310626 32.9597606942 33.0649148535 31.8192169557 -9999 -9999 -9999 -9999 -9999 -9999 -9999 -9999 -9999 -9999 -9999 -9999 -9999 -9999
-9999 -9999 -9999 -9999 -9999 -9999 36.7846255974 36.4313979333 34.4452835576 34.6710434573 30.7039445406 30.6972157177 28.9052005541 29.7767385558 27.7172931977 27.8478544543 26.8944346921 27.0774615009 26.57045999 26.483542028 26.0078099963 25.6916638414 25.698200622 26.4350135248 26.7639252391 26.7071332762 27.5383725404 27.896412796 27.6500005133 27.1790031348 25.3760416203 27.0144758142 27.1887810254 27.4442626594 28.3274052646 27.4423942412 31.0049288299 32.8645976029 31.2204747342 31.0356190652 30.0003499471 30.4448976971 30.9406505593 33.600031386 -9999 -9999 -9999 -9999 34.0483242205 33.7599622442 7.07036611031 -9999 -9999 -9999 -9999 -9999 -9999
-9999 -9999 -9999 -9999 -9999 -9999 -9999 36.9916667814 34.48069907 34.396269048 30.9474440526 31.0854937253 28.5311050721 28.0236383874 27.6090159113 27.8712874705 27.0012721081 27.1287306088 26.4367860227 26.0931573725 25.6514218606 25.3167919411 25.6381061427 26.2791058769 26.902273243 26.3717812984 27.6597938942 26.7061844234 27.4386056158 27.2013949952 27.1950508904 26.8419907909 27.1668085555 27.0765707632 27.4942539322 27.726199441 31.9963202189 31.9337846079 31.3585803719 31.1725928855 29.6898053267 31.4808553918 31.3878663352 27.8536514934 25.0021637346 24.6896736724 27.5928476471 26.7452302149 25.8581477649 31.4364330565 25.4308949107 21.4948687482 -9999 -9999 -9999 -9999 -9999
-9999 -9999 -9999 -9999 -9999 -9999 -9999 -9999 34.4823489212 34.5004564638 33.6034209234 33.6141867141 29.2987202588 29.6970698956 28.562456069 28.1717068763 27.5293868885 27.8523315922 26.7705121512 26.3746679685 26.8509989035 26.8108713702 32.7336572977 37.4565129309 36.8174740099 37.4164479652 29.9341980162 25.3616515023 25.5230299111 25.7152542629 25.6017660877 25.5161356544 25.7760215817 26.1725585099 26.478616824 26.3195242097 26.9650181406 27.2057732728 26.5349812381 26.6682721762 28.1415802084 28.5506429384 24.4452650939 23.9498447235 22.6246005729 22.1313418065 21.8251201358 21.2177205174 21.6977386467 26.8566140144 26.4671613022 25.0636864195 23.0400072826 -9999 -9999 -9999 -9999
-9999 -9999 -9999 -9999 -9999 -9999 -9999 -9999 34.6678611709 34.6545908199 33.4466191835 33.5453670897 29.7118878192 29.7490392092 28.0881532089 27.8306802362 27.3440502797 27.6426535657 26.4699474588 26.4228900508 27.0389673002 26.8714784677 36.6305437255 40.8021250949 38.9561051164 36.1027815794 38.3367971158 30.1437233623 26.6715109643 26.5115131251 25.7381476466 25.6969267075 26.0944333868 26.2056777172 26.2471583057 11.4646969144 27.3113795305 27.1169212309 26.3229106094 26.3435046988 25.9155847058 25.6622180625 24.1320070757 24.0251719418 22.1961624351 22.1240639036 21.7576954128 21.3371944822 23.003915139 28.0556350669 26.3837103769 26.4150174314 23.0509773515 23.1907360804 21.669423675 21.8399995488 -9999
-9999 -9999 -9999 -9999 -9999 -9999 -9999 -9999 -9999 34.2941551827 32.6823322309 32.6844980791 29.8935888804 29.474052199 28.6471971796 28.6032737474 28.2770178207 27.8933843241 28.0382494565 28.1813620223 28.6962034101 28.2324097456 30.4115904081 45.6452584756 42.0016066317 41.3604934043 37.5892329951 35.4661659644 29.983986382 24.7678384178 24.745389962 24.7052404769 24.6419377903 24.8377346317 24.197680846 21.0870047456 25.886032682 25.842908326 25.6852774065 25.548508933 25.209192509 25.3868482712 20.9021508924 21.4331230309 18.799918233 18.2356384889 16.9500672902 17.3335813073 21.9901129856 22.4392841157 21.9737749967 21.8672132539 20.9223873912 21.2569750324 20.9029112382 16.5936079498 13.6176056795
-9999 -9999 -9999 -9999 -9999 -9999 -9999 -9999 -9999 -9999 31.9277653895 32.2142715594 29.92042323 29.6302247221 28.5386152029 28.4372010369 29.5267033241 29.4602357718 29.9449467883 30.1041330841 29.224657327 29.8840348754 27.6312235226 36.2798594321 39.725589817 42.0329762305 40.1087921547 37.3686619314 33.5107287983 31.2946378924 24.5168558238 24.3810593106 24.3787838518 24.4346355148 25.1395270038 25.0547143156 25.6958352456 25.7817589331 25.732322636 25.7489085341 25.1753695532 25.1856439845 24.2901176869 20.1433179029 20.0255620362 20.5391735404 18.4138021708 17.9299994939 22.5327852351 22.6795768736 22.6012558065 22.2550307824 20.834299378 21.0658234038 20.3196795979 15.8885737096 13.5558652682
-9999 -9999 -9999 -9999 -9999 -9999 -9999 -9999 -9999 -9999 -9999 16.4528334002 20.3996381525 29.2639621847 28.0230368389 28.0198038312 33.8002838948 33.9297270559 28.8984224535 28.6625545639 27.6670614973 27.8707959234 27.5154462246 27.3314956376 30.7864872343 36.5982253132 38.1801778781 39.5040979388 37.5001958431 26.6400033953 30.2330733949 23.1836926014 21.4290338265 21.7103622543 24.2824416509 24.109950319 24.1133854086 24.0543519134 24.3663745843 24.4861901486 23.8143851305 23.5022318691 23.464812395 21.8387626028 17.3275188956 17.1918780135 17.1507829561 17.5753195352 18.5711741308 20.9607140631 20.4443445742 20.7154750148 19.4401002721 19.2451564844 18.1498202204 18.0615899109 13.8535967938
-9999 -9999 -9999 -9999 -9999 -9999 -9999 -9999 -9999 -9999 -9999 15.2641785815 21.6859185157 28.8622901251 28.0511027671 28.6078810316 33.0014156832 29.94086731 27.639153564 27.6183346268 27.5198699538 27.769794482 26.9542695049 27.7017847438 26.2112134535 26.4978366103 31.4893100344 36.356485253 35.2063749883 35.7056445683 34.6611503708 33.6876618477 29.7747850291 30.4486358663 29.3545878591 25.2715282051 23.9120717842 24.2188665687 24.1253162062 23.6284763021 21.6776804603 23.5022771611 22.9493370751 23.1793920604 21.9038170143 18.2119680986 18.4969708071 19.2109282685 18.1569720072 16.9729487207 17.1503669492 17.3377925881 15.5653572855 19.3109678214 18.9653117129 18.5403778621 17.9267768001
-9999 -9999 -9999 -9999 -9999 -9999 -9999 -9999 -9999 -9999 -9999 31.7451126385 28.4207226607 28.3602986745 26.9039758103 27.3795399753 27.3840303165 26.7944085101 25.9040270672 26.0182483978 26.1577827179 26.2100726298 26.0179491439 26.2903612806 24.5816209103 24.3732935667 24.2647623775 24.1177400314 22.5817791618 26.7561398994 31.6133510562 36.1553896291 36.8740188821 36.6557621036 29.5387036637 25.5595754987 27.9936980803 26.4871325659 23.9990184934 17.4361801382 13.6566386825 22.5821995124 22.2936877781 22.7242944974 23.3578722836 23.6995888389 18.3137344665 17.8211162079 16.9565191679 16.9059392876 16.5456204449 17.1837092821 17.2176760626 18.1608707473 19.0270108235 16.0606367448 13.9908938115
-9999 -9999 -9999 -9999 -9999 -9999 -9999 -9999 -9999 -9999 -9999 -9999 28.8093822888 28.1992770529 27.2041393286 26.9774712153 26.6543847383 27.2763049016 26.5313358358 25.9434718091 26.4479162791 26.1452878472 25.3966215664 25.5788656071 24.3631445995 24.5547102267 24.4294938441 24.4721548047 22.7979214811 22.7117980385 23.9505040942 23.9093669676 26.452427401 30.4430326187 30.7485936307 17.8315668851 29.2219783719 26.8353888718 28.1724548597 22.7644502163 23.0277624928 22.2466552761 22.7111018846 23.0807376394 23.2790895766 23.5497225447 20.7777649668 17.8781166545 15.8824754656 16.3205107174 15.9433770777 15.3673626042 14.4271563242 14.4997767573 13.0341935522 14.7783177104 8.05704895164
-9999 -9999 -9999 -9999 -9999 -9999 -9999 -9999 -9999 -9999 -9999 30.2574019682 29.4290774539 28.9168681542 27.1266900164 16.0383140571 21.8765169921 25.8265472178 24.9232630533 24.4870267441 24.3315676404 24.2754112531 23.7503365482 23.9555406756 21.9705078402 21.9534427914 21.5790708826 21.5854064741 21.5311158023 21.3095140378 20.9440897636 20.9948254468 20.7286585885 20.6152694916 20.6667407046 28.3505726024 27.3820632 23.9824431952 23.3269252501 20.9594261533 21.8848986016 20.8707910766 23.9642151669 24.3537861478 24.7736503982 24.6097306011 23.9056760389 20.9786409467 17.1088618942 17.1616281654 14.9117512408 13.1193592336 12.0266614482 12.0660468405 11.2856747478 11.8311738328 12.9379808332
-9999 -9999 -9999 -9999 -9999 -9999 -9999 -9999 -9999 -9999 -9999 30.5330363834 29.6734314267 29.1933256814 27.3754967963 20.5680741463 24.8144656225 25.6452855714 24.8943746635 24.846275154 20.0668201837 21.0120749196 23.9838657738 23.9528007303 22.0119505506 22.2396140669 14.1881962783 14.8740572729 20.3757285528 21.6510140684 21.3071427981 21.0316915625 20.6004726919 20.6083606531 20.5944355616 24.9578377771 25.1524560526 27.4350743045 24.0975803769 23.6970671391 21.2837209978 20.8669451088 23.1147015471 23.8534966389 24.3923704073 24.270731544 23.2891078693 23.4200928352 20.9699103708 19.7851357976 15.0406843031 15.2136879253 13.9360910181 13.6818113939 12.9107447671 12.4720505457 10.4206753422
-9999 -9999 -9999 -9999 -9999 -9999 -9999 -9999 -9999 -9999 -9999 31.2785735325 31.1254324258 30.2330920632 27.8832277114 27.7487681195 25.9491610367 26.3593017911 24.8249584029 25.2197896151 20.4355858218 9.06332344895 19.9696301743 22.9699006122 19.3354756475 19.3758850895 20.6094493653 21.7645275373 21.5279267082 21.5454916499 20.6825546941 20.7043363272 20.3514068512 20.2938924412 19.624426621 21.9135228869 20.5293161613 18.8889774728 22.0717398535 20.3125087848 20.1720639056 20.6778401359 21.9978129872 21.5950685689 22.1178705144 22.220951672 22.0761265623 22.1029300931 20.715427086 20.6515927587 15.6234803962 12.4497491807 10.3826730819 10.2387321634 9.37332371412 10.0663182951 10.7924879193
-9999 -9999 -9999 -9999 -9999 -9999 -9999 -9999 -9999 -9999 -9999 -9999 31.4109552135 30.9157143879 28.2064810681 27.7979901896 26.5082986938 26.5296132551 24.9257223561 24.8487892432 24.8563742204 25.0296922565 22.4353461641 20.2658992003 19.0722150353 18.994908606 18.0902717668 18.3131647464 17.7514556186 17.2156690478 15.7044426613 19.5297856712 19.6064214814 19.827612549 19.3916338706 24.0717594012 21.7909161664 19.866764531 23.5485715897 23.723299697 20.432135667 20.2255463961 22.1174702813 21.7557835482 22.2797944404 22.2075790885 21.6504224787 21.797483127 20.2676764806 20.5607989731 18.9148673332 10.8423134863 11.3835343058 13.5326934519 10.3364110778 10.3223738451 9.81381273065
-9999 -9999 -9999 -9999 -9999 -9999 -9999 -9999 -9999 -9999 -9999 -9999 34.6980768211 34.0767330905 30.2653988151 34.2864698897 31.308334555 27.499887834 25.9741473079 25.855683794 24.796491644 24.82052133 24.1420666367 21.5739369518 19.8296286661 20.2522909737 20.0333038496 19.7282308317 18.4526441919 19.3276636436 17.5718135978 17.9941026088 20.9593947449 20.5066997624 24.8546523295 23.8038160755 20.8625708182 23.6815536602 26.0265298826 22.3362405144 19.4771992871 19.5496570135 18.9974950554 18.9534018029 18.9642736337 18.9127883818 18.4551425377 18.4877677915 17.5904555249 18.1632102889 16.8511834408 15.5196092582 14.5392281999 9.57704062098 8.24830750434 9.37163663566 7.23548704375
-9999 -9999 -9999 -9999 -9999 -9999 -9999 -9999 -9999 -9999 -9999 -9999 34.3387152635 34.1246844164 30.7871112463 33.2989348123 27.578284648 27.3068040571 26.1571754509 26.5330708426 25.0258664934 24.5107836074 24.0207921865 16.905185227 17.5633578009 20.1206782006 20.0191297057 19.8603563655 18.5825264638 18.0801165716 16.6160724355 16.2641741247 18.8716615421 22.0261449428 22.753579517 23.5330174017 24.2699052211 24.0772233292 21.9464606221 14.1204529369 12.5312361775 14.0822238568 17.9231167032 19.1035565986 19.1407142576 19.1321053982 18.9942710222 19.031941713 18.3711230185 18.6521484783 17.1963327267 13.895152788 9.80980631997 8.7647435832 8.42696036144 8.79606269515 8.43010215525
