data/recharge/transience/recharge8.asc
ncols                  80
nrows                 72
xllcorner      4374000.0
yllcorner      5656000.0
cellsize            500
NODATA_value       -9999
[rows 0 to 24 of 72, columns 0 to 56 of 80]
-9999 -9999 -9999 -9999 -9999 -9999 -9999 -9999 -9999 -9999 -9999 -9999 3.01978394714 3.13273285999 -9999 -9999 -9999 -9999 -9999 -9999 -9999 -9999 -9999 -9999 -9999 -9999 -9999 -9999 -9999 -9999 -9999 -9999 -9999 -9999 -9999 -9999 -9999 -9999 -9999 -9999 -9999 -9999 -9999 -9999 -9999 -9999 -9999 -9999 -9999 -9999 -9999 -9999 -9999 -9999 -9999 -9999 -9999
-9999 -9999 -9999 -9999 -9999 -9999 -9999 -9999 -9999 -9999 -9999 -9999 5.62604170045 4.07540149745 3.30715026127 -9999 3.59242105863 -9999 -9999 -9999 -9999 -9999 -9999 -9999 -9999 -9999 -9999 -9999 -9999 -9999 -9999 -9999 -9999 -9999 -9999 -9999 -9999 -9999 -9999 -9999 -9999 -9999 -9999 -9999 -9999 -9999 -9999 -9999 -9999 -9999 -9999 -9999 -9999 -9999 -9999 -9999 -9999
-9999 -9999 -9999 -9999 -9999 -9999 -9999 -9999 -9999 -9999 3.99509412958 3.64870340856 4.54521736506 4.76897637974 3.03030699904 2.75271139762 2.27475467743 2.36770156621 -9999 -9999 -9999 -9999 -9999 -9999 -9999 -9999 -9999 -9999 -9999 -9999 -9999 -9999 -9999 -9999 -9999 -9999 -9999 -9999 -9999 -9999 -9999 -9999 -9999 -9999 -9999 -9999 -9999 -9999 -9999 -9999 -9999 -9999 -9999 -9999 -9999 -9999 -9999
-9999 -9999 -9999 -9999 -9999 -9999 -9999 -9999 -9999 3.65544486576 3.97099336445 3.91281061779 3.56696086812 3.86095141334 3.62578861873 3.28842825056 2.92647513399 3.69054192665 -9999 4.24703744586 -9999 -9999 -9999 -9999 3.65319267705 3.87224222878 -9999 -9999 -9999 -9999 -9999 -9999 -9999 -9999 -9999 -9999 -9999 -9999 -9999 -9999 -9999 -9999 -9999 -9999 -9999 -9999 -9999 -9999 -9999 -9999 -9999 -9999 -9999 -9999 -9999 -9999 -9999
-9999 -9999 -9999 -9999 -9999 -9999 -9999 -9999 5.66357297412 4.61721665438 3.52437410042 3.60457575333 3.38312934121 2.97220616701 3.02744667422 2.77171249548 2.56151380218 2.34135412267 2.28402641028 2.77353181937 2.85092421639 3.14277320559 -9999 2.85311564077 4.33822723992 4.16942333994 -9999 -9999 -9999 -9999 -9999 -9999 -9999 -9999 -9999 -9999 -9999 -9999 -9999 -9999 -9999 -9999 -9999 -9999 -9999 -9999 -9999 -9999 -9999 -9999 -9999 -9999 -9999 -9999 -9999 -9999 -9999
-9999 -9999 -9999 -9999 -9999 -9999 5.35975303256 4.07607944768 3.63184220565 3.92553156372 4.33898057477 4.81633494123 4.02693424438 3.67300879045 2.93738503122 3.34568505033 2.70615978048 2.51331853712 2.69414828938 2.72247443377 2.71129739389 2.9981377861 3.16634481548 2.9497625063 3.43392041384 3.24554955871 3.83691918162 -9999 -9999 -9999 -9999 -9999 -9999 -9999 -9999 -9999 -9999 -9999 -9999 -9999 -9999 -9999 -9999 -9999 -9999 -9999 -9999 -9999 -9999 -9999 -9999 -9999 -9999 -9999 -9999 -9999 -9999
-9999 -9999 -9999 -9999 -9999 -9999 5.57274185423 4.81708183633 3.27069876807 3.0729489067 2.84211722736 3.24057668307 3.0584523509 2.57324648785 2.38686069642 2.09879977403 2.07489454121 1.74993543455 2.13661329001 1.88758987689 2.15817001591 2.78119412639 2.59378248105 2.71290718417 2.69255531765 2.37811223454 3.582689506 3.82829475139 4.11933406687 3.75443571549 5.27484572209 5.18154893308 -9999 -9999 -9999 -9999 -9999 -9999 -9999 -9999 -9999 -9999 -9999 -9999 -9999 -9999 -9999 -9999 -9999 -9999 -9999 -9999 -9999 -9999 -9999 -9999 -9999
-9999 -9999 -9999 -9999 -9999 7.17953677688 5.88192913282 5.78312213386 4.96976676683 5.13476569711 4.56926670534 3.95332331785 2.78780455512 2.89538308316 2.89122109424 2.96428353237 1.82215297318 1.18724854937 2.04902423508 1.93642862161 2.17749230254 2.03527406228 2.35420684651 2.49615329833 2.95157430169 3.21245189654 3.43418892347 3.1793331373 3.8633245706 3.71575104973 3.77731252842 4.10085910108 3.74793527751 3.51673982785 -9999 -9999 -9999 -9999 -9999 -9999 -9999 -9999 -9999 -9999 -9999 -9999 -9999 -9999 -9999 -9999 -9999 -9999 -9999 -9999 -9999 -9999 -9999
-9999 -9999 -9999 -9999 -9999 7.29181059409 6.31726653623 6.37427875385 5.23161641652 4.67882158782 4.33589149883 4.75796585653 2.32769349275 1.95545246818 3.9814205771 4.22128661937 1.93609751581 0.700237866246 1.37692821074 1.51524186439 1.95721725816 2.12870173599 2.74467301129 2.55716260549 2.44668679893 1.93876487862 2.50586997594 2.12884145557 2.70242512242 2.49437231162 2.43051817356 2.65699673586 3.20811852118 2.96866860987 3.17309872778 2.98520353074 -9999 -9999 -9999 -9999 3.23919359847 2.85251503447 -9999 -9999 -9999 -9999 -9999 -9999 -9999 -9999 -9999 -9999 -9999 -9999 -9999 -9999 -9999
-9999 -9999 -9999 -9999 -9999 6.61180152849 5.78120843132 5.83331280375 5.59595274447 6.06025041439 5.25495260504 4.92030032507 4.06375905314 4.80636613242 4.52674718981 3.31411713323 2.47372286612 3.4786198999 2.93645263029 3.35677113811 2.52907050338 2.00937151498 1.97354831521 1.82687641047 2.33713435418 2.22542198994 2.41253814028 1.95340694186 2.89474423614 2.30058561894 1.38158323122 2.12628696056 3.1395761927 2.89786923877 2.79746068678 3.20172473154 3.12054855959 -9999 -9999 3.13075594897 3.42029866634 3.21881513572 3.54883563252 -9999 -9999 -9999 -9999 -9999 -9999 -9999 -9999 -9999 -9999 -9999 -9999 -9999 -9999
-9999 -9999 -9999 -9999 -9999 -9999 7.37527115027 7.67491883495 6.23804105536 5.83855201911 4.67802309001 5.30198333064 5.47003228955 6.05225863599 3.18084695847 2.74339451244 2.70892482 2.56179297228 2.16180823295 2.14018479373 2.2504117411 2.42585061145 2.2158891412 2.52136082531 2.19301716713 1.83964111377 1.48450830477 1.79814754824 1.80435275539 1.86112946499 1.85333663268 2.27226386972 2.13356380663 2.21399512136 2.45065474974 2.48697175493 2.41452479796 2.14785918405 2.64140229754 2.51431857103 2.45072099933 3.20368593369 2.22568915392 1.81575122168 -9999 -9999 -9999 -9999 3.0247704445 2.61493324874 0.480854409035 -9999 -9999 -9999 -9999 -9999 -9999
-9999 -9999 -9999 -9999 -9999 -9999 -9999 6.63583510171 5.53651093637 6.55276301379 6.0989773318 5.35205160618 3.98642331029 3.27960859998 3.16557245207 4.26446711507 3.81533447611 3.71704856452 3.43789835283 2.66102419358 2.02574851877 2.04999577006 2.01518395044 2.04960403628 1.89346579514 1.57809401015 1.76276001817 1.77799150565 1.9388322171 1.75985235482 1.95171202976 1.91476448274 2.23043418729 2.01786033679 2.5942777568 2.55923479884 2.77994409784 2.650620657 2.54823682759 2.53902055042 1.99498288498 1.9501330336 2.14349217064 2.3973058591 2.12027466115 2.34884974409 2.62106236563 2.22537732589 2.19415396135 2.05799858153 1.73920504627 1.08570823649 -9999 -9999 -9999 -9999 -9999
-9999 -9999 -9999 -9999 -9999 -9999 -9999 -9999 4.93719657102 4.63023875094 5.14609840825 5.89367854879 4.88000570964 5.412592021 4.91346417668 4.29698546819 2.85348497251 2.87609784996 2.14507541879 2.56290210464 3.46876867241 3.26111922522 2.63066484271 2.78410153323 2.67577838813 2.65705359912 1.55140820502 1.45134530283 1.17228249354 0.877063928853 1.36311543506 1.34789185618 1.46406408733 1.34162668493 1.59342786056 1.73733177224 1.91579565081 2.06817831781 1.84243187827 1.86765572546 1.94538763865 1.9348159863 1.82465835928 1.64798681281 1.60836077695 1.4467588775 1.7160645133 1.49715862801 1.44519285736 1.39146764499 1.30221421264 1.4095482937 1.20676689078 -9999 -9999 -9999 -9999
-9999 -9999 -9999 -9999 -9999 -9999 -9999 -9999 6.48636651082 5.4900750567 4.62996441371 4.676104901 4.24026003681 4.19444578725 3.28871409079 3.17272240906 2.70089616295 2.99717972195 2.56782382224 2.88600943737 3.1775109863 3.14963137264 3.41454846377 4.30266019996 3.37229085075 2.43239167278 2.8914206189 2.01122138905 1.36271277262 1.06497142745 0.95463468536 1.15065215665 1.06898469226 1.23234233736 1.6672668314 0.540115384347 2.20494152262 1.94486168442 1.8353071913 1.77615132903 1.73138953013 1.75606351922 1.68324680735 1.67680298806 1.45341367969 1.43397408291 1.69185223936 1.54205500785 1.49926143917 1.34720551399 1.37779544544 1.38949580214 1.50780701899 1.91045856368 1.58056330505 1.77103180036 -9999
-9999 -9999 -9999 -9999 -9999 -9999 -9999 -9999 -9999 7.22428827913 5.83906698932 4.37996479186 4.27766208196 4.27333277061 3.54193183848 3.56491346942 3.91003234685 4.27953749398 4.19676027343 4.23487988081 3.82154161055 2.71910235001 2.76824008075 5.74092142518 3.9369965812 3.2403762387 2.11087781496 2.00949056858 1.08883274011 1.10032390587 1.09220008179 1.0913576832 1.09340052958 0.804155331576 0.952207776544 1.01199109474 1.5161631247 1.36523940814 1.25648360912 1.28295029309 1.21721806193 1.25244152138 1.19672094603 1.76630341794 1.31832400355 0.985824699051 0.91219292477 0.90239321508 0.860504742673 0.80766705553 0.941339105652 0.88698354607 1.10582746978 1.35579822306 1.67295932868 1.64500947214 1.49305428785
-9999 -9999 -9999 -9999 -9999 -9999 -9999 -9999 -9999 -9999 4.92250701583 4.94138299144 4.09174077838 4.18108880463 3.14477439985 2.73976699635 2.99908997094 3.99190820252 3.21148869483 2.61638319729 2.27294704092 2.22817330021 1.57527664513 2.32067004552 2.75247866293 3.2008443435 2.6129759824 2.18592270673 1.58367856442 1.3689727966 1.01838585564 1.02875138889 1.25484881536 1.03604992358 1.51977697887 1.2970675583 1.44828159768 1.36755190771 1.27578987834 1.29038334251 1.33436790752 1.28517771457 0.9827551122 1.47662963331 2.19344764577 1.791834986 1.72104335244 1.13480801984 0.998378508009 0.957678254401 1.19144435569 1.11774595598 1.00738306885 1.27644898378 1.29714413526 1.66937640449 1.46482566344
-9999 -9999 -9999 -9999 -9999 -9999 -9999 -9999 -9999 -9999 -9999 2.12791952216 1.89034109588 3.6957309814 3.07165674895 2.7134438196 3.13526678696 3.07351126196 2.24824619227 2.45933719613 2.57379474468 2.56826299388 1.77027374541 1.2158216054 1.27331849838 1.31434738968 1.76537990527 3.09486828091 2.60190676328 0.864075596124 0.862968955941 0.742873273008 0.721420221767 0.838242090185 0.813668811628 0.691982796157 0.992511593111 0.978788242024 1.04511534494 1.04379137328 1.07367685002 0.831400097609 0.883948316529 0.936340503523 1.15833205796 0.884397690106 1.16317978075 1.66624031139 1.10974395694 0.845626817768 0.883913701717 1.20503081451 1.38815690901 1.12900726276 1.01022095488 1.05933614447 1.18622966375
-9999 -9999 -9999 -9999 -9999 -9999 -9999 -9999 -9999 -9999 -9999 1.63059714633 2.20323500699 3.17584407057 3.2667503674 3.12550056554 2.50977216832 2.22824997239 2.26534642996 2.30747848985 2.13483051958 2.58346008211 1.52098313213 1.44833542783 1.23628880602 1.71840870124 1.59393202433 2.08192889263 1.78011995286 1.50914124276 1.99619237526 1.82781227263 0.904577141523 1.22506225396 1.15370308535 0.87012012332 0.984693835741 1.01788017421 0.992577882783 0.963270058727 1.01688354819 1.06909246668 0.733714835617 0.793218743422 1.03880058672 1.4800279363 2.23439215543 2.59048796838 2.55188787374 1.65244595962 1.82569859479 1.68928560194 1.31712560252 1.4661265472 1.45932555573 1.20053636507 1.20177177056
-9999 -9999 -9999 -9999 -9999 -9999 -9999 -9999 -9999 -9999 -9999 5.7001218228 4.65998275212 4.26934996095 2.61343103234 2.97527508219 2.33042219814 1.6542314879 1.42035454239 1.71126470913 1.65024611304 1.71587582684 1.44072033375 1.06887261232 0.846856743141 0.837009625664 0.725902895569 0.6969697911 0.711989295786 0.814580752668 1.05049979124 1.75998420965 2.52163871559 2.62105148412 1.15658993776 0.538694281601 0.910433360268 0.721748383634 0.731073485613 0.430315702474 0.400209194179 0.852083432694 0.925504657679 1.12895702592 1.45681475177 2.09773477617 1.90782590201 1.66732388437 1.83001890284 1.84376992913 1.4368285025 1.67191422413 2.01726030341 2.36129477513 2.12170926007 1.09948407695 0.865472118495
-9999 -9999 -9999 -9999 -9999 -9999 -9999 -9999 -9999 -9999 -9999 -9999 3.34483358917 4.0045128689 3.39067506494 2.8077173458 2.40914580932 2.21429603435 1.64919651777 1.86600959619 1.74331767103 1.57590082492 1.40335792261 1.46748665496 0.927525047983 0.967199474408 0.75185840024 0.80225847144 0.71145695889 0.649004018795 0.672385032903 0.735890079868 0.740534574 1.05436678292 1.48445401444 0.400643504507 1.16019757238 0.663831996971 0.914366373257 0.852379971024 1.01024435756 0.786551697139 1.2951896734 1.60403519465 1.76684475473 1.79380566663 1.8225900443 1.69640560045 1.35035475709 1.6039875407 1.44488566127 1.05017808832 0.979954030244 0.990989510223 1.04240702065 1.1415935122 0.433657540975
-9999 -9999 -9999 -9999 -9999 -9999 -9999 -9999 -9999 -9999 -9999 4.8065616984 4.38179762606 4.79464529227 4.21001617198 1.75333655338 1.83548761454 2.39683882922 1.70884606473 1.83503497377 1.25079505075 1.21221918797 0.93190703898 0.976575597697 0.876929335247 0.85087881818 0.616876943641 0.570236552359 0.543323134083 0.509853501502 0.491308235399 0.527168622528 0.509550877419 0.49883336223 0.595931126023 0.987354660131 0.986255608875 0.351611859405 0.290330929629 0.634016468451 0.810237874234 0.642063329467 1.52653295025 1.86371937819 2.37311071565 2.32787752597 2.19604756832 2.28334788165 1.8629512246 1.79476901919 1.30392065975 0.69005448645 0.668557950042 0.678020235557 0.704330880472 0.831434996929 1.67212154404
-9999 -9999 -9999 -9999 -9999 -9999 -9999 -9999 -9999 -9999 -9999 5.126803152 5.85252284979 5.53613754874 3.67074993295 2.08532504747 2.58364603203 2.52634202481 1.82979339785 1.89663170596 1.23633095831 1.30125485457 1.04622665915 1.10038222826 0.961292771112 1.00036219359 0.380706743233 0.467286491468 0.611411400614 0.970277770549 0.864891112495 0.54808689958 0.492735673236 0.499603722062 0.566947186991 0.659657940492 0.475699125801 0.892673913307 0.373652582105 0.86519010733 0.599127534786 0.765944346536 1.09213473559 1.10889570536 1.18811882086 1.06746830047 1.39866888602 1.50725024717 1.51091700654 1.65638568293 1.16581936018 1.25980667696 1.2157926979 1.09466339764 1.14821188143 1.01095093807 0.806370559573
-9999 -9999 -9999 -9999 -9999 -9999 -9999 -9999 -9999 -9999 -9999 6.7577755967 6.34273073679 5.26859300353 4.74180852447 4.54075260272 2.61673169634 3.06359220978 2.32537973459 2.56450895994 1.07084384344 0.513190546385 1.31253599399 2.31223206545 1.64951974166 1.64610906749 1.50940289904 1.18041041823 0.745830498752 0.553963361454 0.56729961454 0.873846337649 0.9457949599 0.83255666972 0.607457098167 0.499555923633 0.234707616676 0.131946762194 0.372744705896 0.529005849542 0.76640311977 1.03464882857 0.921105404057 0.672517818106 0.696167184822 0.715220365276 0.875054189972 0.906692753225 1.05348612754 0.988318754249 1.02524836496 0.835562789376 0.748412764468 0.715561182469 0.792863886954 0.894158209128 1.35223123285
-9999 -9999 -9999 -9999 -9999 -9999 -9999 -9999 -9999 -9999 -9999 -9999 6.58729648345 6.15250572821 4.62691715415 4.18630528723 3.42355671269 3.48073673031 2.42202814215 2.54038210262 2.0592381034 2.56331666284 1.83330977062 1.68141242096 1.50043762287 1.46831882709 1.06236607017 1.15032394005 0.955848227422 0.79126315307 0.635854951288 0.535250542173 0.438014902437 0.499798748699 0.522270368206 0.530347592503 0.309614556787 0.198825942517 0.510324295512 0.909750931598 0.800729203032 0.698701050281 0.808052354215 0.713914541888 0.797335978386 0.783224070903 0.75029765467 0.799550620703 0.870204946794 0.950438749041 0.884304321717 0.336437209853 0.471781970743 1.16733887598 0.983319991524 0.964032387812 0.969804469927
-9999 -9999 -9999 -9999 -9999 -9999 -9999 -9999 -9999 -9999 -9999 -9999 7.72879716223 6.32018929567 4.98723635348 4.72653115595 3.43059939616 3.7055101496 2.99355784577 2.44750341627 2.22759182113 1.93662535196 1.8355665731 2.60506711197 1.85970736537 2.08903510206 2.076965357 1.83660336317 1.36719022183 1.7915694628 1.35781965587 1.4481981049 1.26495939641 1.11934992258 1.00927029022 0.487065556697 0.324173107638 0.575070904069 1.17072983296 1.07901706148 1.09587869156 0.656760810063 0.615884473712 0.610588404989 0.749114275116 0.752393685658 0.643955814825 0.576674725938 0.602295416164 0.754660822449 0.797255448364 0.549902188914 0.754326313724 0.569007183306 0.503504581632 0.741594451304 0.51597590893
