data/recharge/transience/recharge152.asc
ncols                  80
nrows                 72
xllcorner      4374000.0
yllcorner      5656000.0
cellsize            500
NODATA_value       -9999
[rows 25 to 49 of 72, columns 0 to 55 of 80]
-9999 -9999 -9999 -9999 -9999 -9999 -9999 -9999 -9999 -9999 -9999 -9999 4.83353332281 4.70239767586 3.77855554835 3.62897319137 2.3869151552 2.38152787586 1.94608016832 2.38860085265 1.87527677269 1.78207323081 1.42229324677 0.699940052725 1.08998823397 1.98979347996 1.89906025945 1.76515736618 1.2748555269 1.00780006521 0.826795980523 0.715877476375 0.500468334152 0.470446833423 0.736741394061 0.311763234767 0.488288538165 1.05307700259 0.752279508777 0.691035189352 0.571546764208 0.314319683037 0.387967573596 0.537521158633 0.521733558249 0.544194710377 0.56515584211 0.558341468736 0.5815640316 0.662297645667 0.659375699368 0.485145034719 0.45600740766 0.342964654433 0.39488215992 0.422294714275
-9999 -9999 -9999 -9999 -9999 -9999 -9999 -9999 -9999 -9999 -9999 -9999 -9999 3.90983361073 4.1106178394 4.37363341001 3.28320785529 3.16203437336 2.37764543679 2.06249603278 1.89245307817 2.22715667207 2.2740921171 2.08119903783 1.63981387036 1.29467124937 1.35411525478 1.21465671135 1.14378216566 1.32344968168 1.01676329168 0.866075395039 0.617222509145 0.548425642372 0.76724365638 0.077757683412 0.282653264014 0.887731322066 0.879206402167 0.516967316069 0.419766762811 0.638687010724 0.37331904609 0.363310462183 0.283923257366 0.316556709047 0.427428525392 0.398610169446 0.253148611359 0.213164610481 0.281997298204 0.333793004194 0.415085060628 0.372859492301 0.299910952025 0.325724654086
-9999 -9999 -9999 -9999 -9999 -9999 -9999 -9999 -9999 -9999 -9999 -9999 -9999 -9999 3.46496016965 3.52478266397 2.80684034377 2.68582336441 2.42154421694 2.67165701516 2.03588751085 2.55918613239 2.09169354156 1.78815326554 1.24726145944 1.16292192388 1.2814214968 1.65127618995 1.19976173901 0.98347071671 1.00393945431 0.977363664429 0.934312891031 0.762995755258 0.896918658286 0.148085923219 0.225613100998 0.692167916426 0.620403172621 0.237237243853 0.209327210003 0.449443902743 0.658493849533 0.459197875991 0.307497107302 0.384721071474 0.326043837713 0.254241179637 0.305571660135 0.390377895887 0.366297544009 0.241201900737 0.239585270314 0.217599875258 0.386098607404 0.70808994827
-9999 -9999 -9999 -9999 -9999 -9999 -9999 -9999 -9999 -9999 -9999 -9999 -9999 -9999 2.34418576502 3.07485180866 2.91623943056 2.81731802829 2.40598099067 2.60375238726 2.4536409869 2.44724067101 1.74864030567 2.51124409333 2.12619294231 2.1375055022 1.09095328962 1.12304675206 1.26034114197 1.37070394806 0.829585439541 0.667147636704 0.926520811241 1.81711505464 1.84550924515 0.241589094652 0.271459084152 0.456539513465 0.234850010849 0.198047445755 0.303239645728 0.406238005216 0.464806497283 0.602235145281 0.521303423088 0.386784032607 0.139836413251 0.0968839412222 0.131506848595 0.261930523512 0.489447778464 0.595882504133 0.717581786901 0.327122502651 0.196925889374 0.19145358012
-9999 -9999 -9999 -9999 -9999 -9999 -9999 -9999 -9999 -9999 -9999 -9999 -9999 -9999 3.33900796446 3.98512395251 3.41632423343 3.0930919568 2.90138346934 2.87591780901 2.38261474434 2.59375957682 2.47163307598 2.09866753762 1.54332153716 1.33249541942 1.41361248901 1.43284594113 0.961118604683 1.15342966264 0.994758433029 0.870247062754 0.790650432962 0.998759221113 1.71055095985 0.239957407116 0.3169703265 1.45214937978 0.25243062725 0.151700729475 0.361922573687 0.468546959075 0.372303883399 0.39635193266 0.329253098974 0.401033735186 0.283836471064 0.452245307404 0.992010597415 1.10355631401 0.905396695088 0.557266453602 0.929111891016 0.862276006894 0.729828828925 0.811773483806
-9999 -9999 -9999 -9999 -9999 -9999 -9999 -9999 -9999 -9999 -9999 -9999 -9999 -9999 6.26029400738 5.10451824601 4.54684291584 4.61405292997 3.67034609077 4.05104856238 2.75863896714 2.51622851232 2.2417203035 2.15806262765 1.59771666698 1.75870532634 1.33472357477 1.75114723459 1.35707589673 1.17496468542 1.12431564571 1.33996521376 1.09307499993 0.458449060035 0.283573367232 0.288500529952 0.218952332476 0.615895549938 0.169029911008 0.287816165735 0.232584264549 0.363888346937 0.251544306485 0.294466217471 0.250652606145 0.314061846178 0.628519232705 0.782166340462 1.59560596982 1.86613453897 1.34841942105 1.52740957467 0.992739925178 1.00952135297 0.917969265315 0.719356382983
-9999 -9999 -9999 -9999 -9999 -9999 -9999 -9999 -9999 -9999 -9999 -9999 -9999 -9999 -9999 4.04226689455 3.59755088399 3.30945123959 3.40428324546 2.63254727141 1.97666372414 2.09570328753 2.20264401063 2.20902764351 1.57625290506 1.66477300024 1.24803942376 1.40879073658 1.39813027867 1.13040540477 0.814036747767 0.807340294463 0.646321190038 0.89266275292 0.32278194142 0.327865419415 0.269759373204 0.26104074539 0.237579991663 0.12248342771 0.0561202241483 0.0858768241929 0.283277143909 0.256207481066 0.245007343296 0.307519041174 0.341465875451 0.380623132119 0.480975798814 0.500561751513 0.353118743558 0.294390157531 0.612173963993 1.23681030555 1.17813160302 1.1533462091
-9999 -9999 -9999 -9999 -9999 -9999 -9999 -9999 -9999 -9999 -9999 -9999 -9999 -9999 -9999 -9999 3.66272003967 3.07177582977 3.08094366416 4.32419182534 3.67292986652 3.34882097663 2.14751111816 1.72812447337 1.74984385898 1.53125084084 1.22661148565 0.999482629022 1.02273639107 1.15347863507 1.24005354017 1.08667189317 1.33581869857 0.927563216112 0.302438404075 0.355455570905 0.327753511797 0.373559114613 0.351061220804 0.490459219768 0.641994501175 0.532076250129 0.512534725449 0.574733817871 0.344633683065 0.259550752105 0.217732841006 0.481737756354 0.346206103189 0.229124762487 0.392590255805 0.740989416787 0.491149659564 0.365133638427 0.47129435541 0.394328035061
-9999 -9999 -9999 -9999 -9999 -9999 -9999 -9999 -9999 -9999 -9999 -9999 -9999 -9999 -9999 -9999 3.94186719383 4.1681312061 4.3096415905 3.64635034683 2.55944402299 3.08014650064 2.42455442625 1.9474093714 1.654398599 1.91365448028 1.3888581699 1.29214616823 0.981872493044 0.95781190143 0.757053493936 0.751461369336 0.798986831908 0.842841608928 0.540497318933 0.330621851044 0.458382685707 0.391667085196 0.341882550448 0.318182112538 0.327806395043 0.178297287903 0.352312979471 1.36565456662 0.898939074853 0.603457473843 0.44277863909 0.189280591622 0.221652925173 0.319067366436 0.532777172509 0.57433875813 0.831112407956 0.90993454341 1.22579907626 0.759154552971
-9999 -9999 -9999 -9999 -9999 -9999 -9999 -9999 -9999 -9999 -9999 -9999 -9999 -9999 -9999 2.47015221401 2.4545774545 3.07054219938 3.4610308741 3.31451374414 2.78835163015 2.74652121811 2.14885847354 1.89058537278 1.48914406933 1.66014970536 1.40608981792 1.46558383789 1.03782052922 1.15503342086 1.09434172373 1.14819071702 1.13162161035 0.61933738555 0.337828760874 0.472051477927 0.35584107955 0.723064622883 0.536582609497 0.229666168808 0.290606576295 0.529840460777 0.659885321003 0.64808491319 0.757422520144 0.563728585766 0.0673869849904 0.135170714111 0.359263555335 0.599747386655 0.413898098228 0.280970673888 0.328258973163 0.391469602066 0.448584842916 0.469325825306
-9999 -9999 -9999 -9999 -9999 -9999 -9999 -9999 -9999 -9999 -9999 -9999 -9999 -9999 3.11114388012 2.87701843373 2.61427326495 3.21120752581 2.80117540433 2.94193658925 2.40309444041 2.84453601666 2.03953726802 2.16586043104 1.5007004287 1.38089678485 1.15668897591 1.23407449544 1.15760469199 1.15536103818 0.897343130835 0.933007175876 0.623865196876 0.841449275486 1.13728694435 1.78375292868 0.267139926437 0.172222109643 0.551366577902 0.465744573621 0.324139975826 0.531156552318 0.480017748091 0.529730530723 0.422297185573 0.361584149372 0.289678798382 0.558050620339 0.572469864849 0.413519163019 0.339994092815 0.334763979087 0.36841232295 0.35530046974 0.321025113458 0.355250330305
-9999 -9999 -9999 -9999 -9999 -9999 -9999 -9999 -9999 -9999 -9999 -9999 -9999 -9999 3.66840651923 4.11477840465 3.46010116147 3.06228153643 2.47575106749 2.14636942664 1.9491457978 2.42002557756 1.98653882307 2.17166543623 1.56480794128 1.24653635259 1.13070460788 1.19830975007 1.01769747418 1.21902420614 1.13879542646 1.28749796045 1.86210112172 1.58303016146 1.2520970911 1.82067355631 1.67491339157 2.11852149165 1.19025453978 1.22353921981 1.64857145499 1.5104061249 0.719215696688 0.65542843178 0.635435229169 0.386479160512 0.650794577921 0.974884305883 0.944017040141 1.12039344663 1.09295870754 1.07717962481 0.748550691993 0.620461413124 0.772023811481 0.726387194328
-9999 -9999 -9999 -9999 -9999 -9999 -9999 -9999 -9999 -9999 -9999 -9999 -9999 -9999 -9999 -9999 3.56523184676 5.12928762222 5.05776352613 4.92482565978 3.42971188096 2.16615361944 2.43895250842 2.45981334974 1.71660089323 1.81349934359 0.995360125857 1.09427041037 0.849156225651 1.27522579918 1.23914146451 1.63678034021 1.62359165252 1.26431495509 1.42508023941 1.44606814065 1.46287676786 1.04660541427 1.68816578837 1.81587708853 1.02228063849 0.93748446366 0.714173878049 0.459840165415 0.464839596218 0.548160003138 0.507006444228 0.473321635282 0.541643901274 0.677725817687 0.64046699969 0.669112416678 0.60129694633 0.488028670519 0.289385798673 0.319318839029
-9999 -9999 -9999 -9999 -9999 -9999 -9999 -9999 -9999 -9999 -9999 -9999 -9999 -9999 -9999 -9999 5.8020551779 5.40398927089 5.0574961397 3.39401626965 3.55724477027 3.49751728461 1.78343490608 1.96667108098 1.99986926276 2.29409473967 1.90477780809 1.75974531638 1.50201059675 1.59568146149 1.95911960587 1.77576713645 1.32524107629 1.32584381905 0.868453162199 0.977293885653 1.07788938173 1.38879596775 0.815764234155 0.73173261406 1.05672024503 1.52410338913 0.298312213053 0.509298880894 1.21852878917 0.51657928386 0.293382441543 0.409643884752 0.46717409617 0.315591579115 0.227363593849 0.234041393496 0.183311970371 0.234156134304 0.234848885731 0.238200692781
-9999 -9999 -9999 -9999 -9999 -9999 -9999 -9999 -9999 -9999 -9999 -9999 -9999 -9999 -9999 -9999 -9999 -9999 5.16091887591 4.00094100683 2.89586728161 3.49005046997 2.94270311019 2.50456042808 1.82601134053 1.79372316543 1.59547824012 1.64531741463 1.4815107038 1.42726627856 0.967629478368 0.767341975459 0.737613650396 1.00208419306 0.842738790391 1.20661064913 1.21791074634 0.737663303916 0.689677803142 1.19859737217 0.816131765958 0.678134684052 0.526044303817 0.520112758394 0.574669898258 0.647864782592 0.356451235272 0.365938111307 0.470534772264 0.230470065468 0.281244820856 0.336113851165 0.190140163687 0.199606764168 0.268845900583 0.302556620109
-9999 -9999 -9999 -9999 -9999 -9999 -9999 -9999 -9999 -9999 -9999 -9999 -9999 -9999 -9999 -9999 -9999 -9999 -9999 3.04745218894 2.97165105138 3.33740314222 2.94712915324 3.31443699973 2.16315034329 1.96527281467 1.37602812029 1.47756681147 0.950347517328 0.881648321797 0.937637109546 1.05524402877 0.760879246499 0.668045211171 0.55437209617 0.550156331749 0.527014956045 0.851993726196 0.763244863975 1.02475668489 0.759305280143 0.657566585631 0.497130155301 0.710953328692 0.784508923782 0.833099523705 0.574827075107 0.352880745306 0.290208815877 0.512226634174 0.293567595906 0.271461128539 0.195487536289 0.191931658024 0.274292504891 0.253870849279
-9999 -9999 -9999 -9999 -9999 -9999 -9999 -9999 -9999 -9999 -9999 -9999 -9999 -9999 -9999 -9999 -9999 -9999 4.4654906799 5.09096955689 5.06145587087 4.85695849927 3.31144521029 2.36636060014 2.06723247026 2.01933853658 1.55574008886 1.52793419224 1.25888059069 1.07764262435 0.407542592604 0.389758945956 0.586816553498 0.84809554809 0.851243496273 1.08406776919 1.4316797185 1.33298380045 1.25425542938 1.22597661044 1.27677145219 0.757381449593 0.644538161955 0.214142704502 0.358955409723 0.226791610796 0.789891589566 1.04364038367 0.700550378395 0.382628047986 0.468662304032 0.816769585354 0.709095307963 0.648077997815 0.45154493222 0.366513167376
-9999 -9999 -9999 -9999 -9999 -9999 -9999 -9999 -9999 -9999 -9999 -9999 -9999 -9999 -9999 -9999 -9999 -9999 -9999 6.2512189475 5.71851576146 5.27911532035 3.49231088844 2.50509493328 2.40470686158 2.34522225307 1.46620440155 1.70826554132 1.29729324493 1.77267178334 1.31227562749 1.28144988364 1.23134428732 1.16182852642 0.654951237258 0.4922437624 0.521093866763 0.424026033762 0.37449827575 0.374403091438 0.459534345703 0.825243715455 0.453622101862 0.24830802102 0.252145816378 1.02460400645 1.1169665404 0.746678529538 0.812484416455 0.532524181166 0.179600738595 0.0908417652648 0.11008172663 0.261703852889 0.35119393109 0.218249491956
-9999 -9999 -9999 -9999 -9999 -9999 -9999 -9999 -9999 -9999 -9999 -9999 -9999 -9999 -9999 -9999 -9999 -9999 -9999 -9999 4.2957907619 4.97574564965 3.57178628345 2.82158533038 1.79609074139 2.19975764982 1.4808586898 1.82708186476 2.04119540476 1.69876187521 1.22140717475 1.12963840793 0.766233449474 0.764153687338 0.487071063429 0.607554242847 0.936087657242 1.15006059938 1.14419757436 1.01659421551 0.70293557292 1.12163523992 1.29892737675 1.09541346321 1.57055102612 1.299956149 1.05773164362 1.25195989604 1.04693859044 0.960119597443 0.741569876974 0.472813493188 0.269587599698 0.151124766551 0.13941859013 0.372444866384
-9999 -9999 -9999 -9999 -9999 -9999 -9999 -9999 -9999 -9999 -9999 -9999 -9999 -9999 -9999 -9999 -9999 -9999 -9999 -9999 -9999 4.48810205211 3.84385892693 3.80846890501 1.72705161133 1.48884059937 1.39505792245 1.95630671362 1.50220432972 1.34185713681 1.33045172522 1.53495580845 1.17297003373 0.513649404458 1.35393270396 1.70481220331 1.32112337231 0.884373625855 0.778745786404 0.823510167679 1.32024627377 1.43620816601 1.68064185579 1.11223262413 0.864743383897 0.557946914874 0.827392993872 0.959488047914 0.997391967914 1.33915546656 2.2017601816 0.509718350256 0.607432877748 0.460983569926 0.151789440199 0.221096460397
-9999 -9999 -9999 -9999 -9999 -9999 -9999 -9999 -9999 -9999 -9999 -9999 -9999 -9999 -9999 -9999 -9999 -9999 -9999 -9999 -9999 3.42394597549 3.12582072823 3.14544082803 2.47454178248 2.77909855172 1.96749471611 1.90731062156 1.52894814221 1.60739335121 1.15340113586 1.26231721731 1.40027820624 1.42525999557 0.775272636699 1.03831125853 0.894918867015 0.933536600746 0.832214414187 1.24167991817 1.34630087836 1.25583102401 0.836763532912 0.867247674992 1.32196090806 1.22551213532 1.13608841791 1.09216088799 0.693925547497 0.718820781419 0.491666374101 0.226743555677 0.15342307963 0.259261911754 0.314857485857 0.17311453971
-9999 -9999 -9999 -9999 -9999 -9999 -9999 -9999 -9999 -9999 -9999 -9999 -9999 -9999 -9999 -9999 -9999 -9999 -9999 -9999 -9999 -9999 3.36577124415 4.23723521692 2.68145148357 2.32815620688 1.72376905878 2.06710463894 1.70335513128 1.62883996713 1.43672893726 1.5923163164 1.31242190131 1.57170567301 1.89246725776 1.29557314192 1.41955961476 1.24772175977 1.16253569258 1.21628500834 1.27647678697 0.648122058681 0.782751422325 1.18970934821 0.62212790592 0.551005041829 0.454403421294 0.647351500472 0.983286467377 0.381583014948 0.171274187927 0.11264172677 0.525002174204 0.485046066973 0.184450085303 0.149220714322
-9999 -9999 -9999 -9999 -9999 -9999 -9999 -9999 -9999 -9999 -9999 -9999 -9999 -9999 -9999 -9999 -9999 -9999 -9999 -9999 -9999 -9999 3.58958170314 3.41464358029 2.46788775043 2.82445626623 2.07137028806 1.90277905058 1.94545239135 2.05242401782 1.67997680768 1.76743316984 1.75673861744 1.82463622725 1.34039945198 2.02324785715 1.31132959931 1.2209917579 1.58953215446 1.51636609381 0.809560124056 1.31813541015 0.809193119465 0.545404939385 0.500081358169 0.827416089561 1.24440633645 1.23889250475 0.576522191363 0.456578596748 0.260501803856 0.252059187219 0.375261005808 0.762765463203 0.469352523801 0.41748870531
-9999 -9999 -9999 -9999 -9999 -9999 -9999 -9999 -9999 -9999 -9999 -9999 -9999 -9999 -9999 -9999 -9999 -9999 -9999 -9999 -9999 -9999 3.38400706753 3.9314523475 3.24446047302 2.73084758761 2.08806557617 2.72884364427 2.07841959902 2.51079459768 1.85726485823 1.4956566438 1.27934400486 1.68129183664 1.9875007438 1.15608844803 1.17483073852 1.80618332225 1.4817494708 1.2750496475 1.36856237979 0.946957444422 0.576547590895 0.849217915217 1.20971475836 1.11747073835 1.22356910392 0.992575786958 0.740391845506 0.742163583016 1.11565247191 0.846076376073 0.614463816392 0.668319313512 0.768291088856 0.826684153819
-9999 -9999 -9999 -9999 -9999 -9999 -9999 -9999 -9999 -9999 -9999 -9999 -9999 -9999 -9999 -9999 -9999 -9999 -9999 -9999 -9999 -9999 -9999 4.3327968246 3.68271791056 2.87791814926 1.86417005531 2.5396357194 2.01806030505 2.30374427761 1.8913753565 2.18060996587 1.86489606704 2.36762742202 1.63426518265 1.90871961349 2.0421006981 1.6636116498 0.864321649216 0.775965397416 0.51833578883 0.853785484251 1.33829477429 1.36939732552 1.09343702117 0.901563351335 0.437012116431 0.4065699159 0.418351046087 0.478338696169 0.352653723256 0.519561396057 0.637249779483 0.965601223979 0.537402959612 0.31776395801
