data/recharge/transience/recharge580.asc
ncols                  80
nrows                 72
xllcorner      4374000.0
yllcorner      5656000.0
cellsize            500
NODATA_value       -9999
[rows 0 to 24 of 72, columns 0 to 56 of 80]
-9999 -9999 -9999 -9999 -9999 -9999 -9999 -9999 -9999 -9999 -9999 -9999 2.2939251843 2.30092021357 -9999 -9999 -9999 -9999 -9999 -9999 -9999 -9999 -9999 -9999 -9999 -9999 -9999 -9999 -9999 -9999 -9999 -9999 -9999 -9999 -9999 -9999 -9999 -9999 -9999 -9999 -9999 -9999 -9999 -9999 -9999 -9999 -9999 -9999 -9999 -9999 -9999 -9999 -9999 -9999 -9999 -9999 -9999
-9999 -9999 -9999 -9999 -9999 -9999 -9999 -9999 -9999 -9999 -9999 -9999 4.46900575977 3.85818384375 3.65342710362 -9999 4.09195996791 -9999 -9999 -9999 -9999 -9999 -9999 -9999 -9999 -9999 -9999 -9999 -9999 -9999 -9999 -9999 -9999 -9999 -9999 -9999 -9999 -9999 -9999 -9999 -9999 -9999 -9999 -9999 -9999 -9999 -9999 -9999 -9999 -9999 -9999 -9999 -9999 -9999 -9999 -9999 -9999
-9999 -9999 -9999 -9999 -9999 -9999 -9999 -9999 -9999 -9999 3.38426916815 3.02846270813 3.70940553493 3.8479487504 2.78398238297 2.82863700737 2.83012176623 2.87620402527 -9999 -9999 -9999 -9999 -9999 -9999 -9999 -9999 -9999 -9999 -9999 -9999 -9999 -9999 -9999 -9999 -9999 -9999 -9999 -9999 -9999 -9999 -9999 -9999 -9999 -9999 -9999 -9999 -9999 -9999 -9999 -9999 -9999 -9999 -9999 -9999 -9999 -9999 -9999
-9999 -9999 -9999 -9999 -9999 -9999 -9999 -9999 -9999 2.94567587185 3.31704280401 3.33008333935 3.0711147542 3.25143977729 3.26869104537 2.96407792137 3.06034578233 3.83106638089 -9999 3.66049044125 -9999 -9999 -9999 -9999 2.76571188455 3.55922062325 -9999 -9999 -9999 -9999 -9999 -9999 -9999 -9999 -9999 -9999 -9999 -9999 -9999 -9999 -9999 -9999 -9999 -9999 -9999 -9999 -9999 -9999 -9999 -9999 -9999 -9999 -9999 -9999 -9999 -9999 -9999
-9999 -9999 -9999 -9999 -9999 -9999 -9999 -9999 4.08670890368 3.41663598168 2.88782169143 3.04362376655 3.03384074704 2.77229952404 2.83851972523 2.67373658298 2.65283855979 2.79929917271 2.51109112355 2.65125779115 2.6870629828 2.87202799676 -9999 2.89201913715 3.26380269303 3.55967802464 -9999 -9999 -9999 -9999 -9999 -9999 -9999 -9999 -9999 -9999 -9999 -9999 -9999 -9999 -9999 -9999 -9999 -9999 -9999 -9999 -9999 -9999 -9999 -9999 -9999 -9999 -9999 -9999 -9999 -9999 -9999
-9999 -9999 -9999 -9999 -9999 -9999 3.84977002015 2.99922139557 2.81004384686 2.98794909847 3.40329606974 3.80217527923 3.43186482473 3.21456724663 2.78126527061 3.04100300211 2.06264919506 2.29398753558 1.97522819282 2.6150195476 2.59662379653 2.77879576407 2.66707508694 3.00700005208 3.37825299368 3.25840813632 3.47437187937 -9999 -9999 -9999 -9999 -9999 -9999 -9999 -9999 -9999 -9999 -9999 -9999 -9999 -9999 -9999 -9999 -9999 -9999 -9999 -9999 -9999 -9999 -9999 -9999 -9999 -9999 -9999 -9999 -9999 -9999
-9999 -9999 -9999 -9999 -9999 -9999 4.05607926974 3.56254893444 2.6283502333 2.49714984999 2.47028931957 2.87175551752 2.80618052713 2.34392758353 2.28849056335 2.1637390124 1.15024530559 0.968829686387 1.08776783345 1.99398325413 2.19274510022 2.60282309997 2.45846302603 2.46532939932 2.83007559797 2.68301451427 3.41863833269 3.15171441907 3.18445100259 2.9767658172 3.72778378021 3.67530117992 -9999 -9999 -9999 -9999 -9999 -9999 -9999 -9999 -9999 -9999 -9999 -9999 -9999 -9999 -9999 -9999 -9999 -9999 -9999 -9999 -9999 -9999 -9999 -9999 -9999
-9999 -9999 -9999 -9999 -9999 4.8106116501 4.24753940357 4.20325971128 3.80740976771 3.83704142002 3.55734086292 3.19468758509 1.75050842953 1.55825322715 2.65021774896 2.56416456765 1.01259885333 0.745817582283 1.07517802026 1.61521306799 2.20664848025 2.10954889147 2.30180587091 2.39424038179 2.72726148148 2.82072283225 3.30039898089 2.99603583585 3.03583795445 2.95197101134 2.88021745395 3.06197642138 2.7617791058 2.64016346883 -9999 -9999 -9999 -9999 -9999 -9999 -9999 -9999 -9999 -9999 -9999 -9999 -9999 -9999 -9999 -9999 -9999 -9999 -9999 -9999 -9999 -9999 -9999
-9999 -9999 -9999 -9999 -9999 4.93057584637 4.60440451405 4.64030132742 4.09667411046 3.74882595418 3.59911342703 3.86790378324 1.90020367872 1.46280158359 3.3730136807 2.97717123545 1.2173617319 0.391667461613 0.855841856541 1.47425305575 1.13631118415 1.6332106855 2.56310788839 2.44332639967 2.33449842281 2.1059163785 2.76984670033 2.48574994961 2.38214402859 1.40733171612 1.27729281431 1.57476227655 2.60008940977 2.46395928119 2.64822896622 2.52692779241 -9999 -9999 -9999 -9999 3.06927649472 2.90255670853 -9999 -9999 -9999 -9999 -9999 -9999 -9999 -9999 -9999 -9999 -9999 -9999 -9999 -9999 -9999
-9999 -9999 -9999 -9999 -9999 4.51482094867 4.27463859327 4.24314693671 4.32714377647 4.62517381994 4.1885281771 3.97327285867 3.44933100575 3.97776308793 3.72366246596 2.82534287457 2.2322226975 1.83671357007 1.62778953876 2.94267329674 1.33805319267 2.08856370121 2.05146746517 1.95015241175 2.27447277787 2.17511755444 2.55748791767 2.38202254352 2.55990916468 1.81756665195 1.18402508283 2.11632926463 2.55948831546 2.59093755338 2.7315524688 2.6526812668 2.73645180961 -9999 -9999 2.91573968822 3.29259177398 3.1567648616 3.72999779525 -9999 -9999 -9999 -9999 -9999 -9999 -9999 -9999 -9999 -9999 -9999 -9999 -9999 -9999
-9999 -9999 -9999 -9999 -9999 -9999 5.37684015183 5.5543364056 4.83144340721 4.56907480206 3.85880552384 4.26847711707 3.03850410479 2.68983178483 2.4015212609 2.49615905511 2.44019047756 2.33261499026 2.11751772185 2.17859234324 2.29009979441 2.40935384542 2.26511416746 2.47704503365 2.2424132885 1.98387710108 2.09517386702 2.24962832367 2.04230146113 1.96267801709 2.00143899743 2.21553139177 2.26994954065 2.10059049154 2.29075681825 2.39592372691 2.75521395472 2.62007274246 2.76323569439 2.67126455383 2.73731083725 3.29809012336 3.17494426558 2.91060907808 -9999 -9999 -9999 -9999 4.29938419352 3.92369403457 1.02597075671 -9999 -9999 -9999 -9999 -9999 -9999
-9999 -9999 -9999 -9999 -9999 -9999 -9999 4.81384694333 4.37065438134 5.04187249382 4.80206374957 4.30335960558 2.01220549121 2.46929025 2.86875967482 3.55969355904 3.25784717304 3.21499358734 3.04886663115 2.53409325213 2.12995875762 2.14549562381 2.12487710776 2.15233625715 2.03509240563 1.80462483808 1.91263517849 1.97530925286 1.99361384757 1.90298068772 2.21737560375 2.12585328152 2.24539542599 2.09822227257 2.46649243808 2.4448902606 2.61831482128 2.63267352944 2.69791592615 2.68991687468 2.73696257017 2.84410293029 3.41117451797 3.80496556947 3.72627683654 3.99198454649 4.29201944095 3.90815086265 3.92415109354 3.52466755851 3.01632199958 2.54905254705 -9999 -9999 -9999 -9999 -9999
-9999 -9999 -9999 -9999 -9999 -9999 -9999 -9999 3.36127472153 3.84649444808 4.21490936476 4.71895695697 3.97213959415 4.35427611229 3.97300752231 3.61462463413 2.69351949889 2.7104454672 2.22779951767 2.52474769122 3.18378152187 3.04102873466 2.91852989093 3.64429126606 3.70935659645 3.53036559026 2.03991742972 1.78533905482 1.67562062951 1.75305853861 1.66694193749 1.88098086477 1.87842752096 1.91435594867 2.12219060376 1.33231526994 2.10432605816 2.40343958168 2.3202024209 2.28923004791 2.6765137342 3.0497715531 3.544595499 3.35662905502 3.43875088382 3.25658736449 3.56723531427 3.32455893771 3.27529801879 2.96920202655 2.67866636806 2.84721116441 2.44812066475 -9999 -9999 -9999 -9999
-9999 -9999 -9999 -9999 -9999 -9999 -9999 -9999 5.10042343224 4.42497126103 3.86641434034 3.89777180645 3.60350904132 3.57318052374 2.97850655615 2.8990521908 2.47961998412 2.69388385312 2.5286241833 2.75024387808 2.92353183547 2.96488725452 3.67394687254 4.74508687277 4.06442896556 3.54171635781 3.7257912034 2.39288396759 2.06740694929 1.76141930537 1.73690286101 1.88505452128 1.88539999989 1.94002074766 1.85487976887 0.509113182391 2.50860695022 2.30750902027 2.3130017859 2.2643709366 2.33003667705 2.77651461547 3.40048817171 3.38697342637 3.26779556752 3.24474451665 3.54053436873 3.37412856519 3.28503241988 2.76429353321 2.76117519189 2.77432820588 2.38714369962 2.48582837907 2.18146670603 2.35556987772 -9999
-9999 -9999 -9999 -9999 -9999 -9999 -9999 -9999 -9999 5.49916264966 4.64071244238 3.64980783225 3.61420313214 3.4698680613 2.96568395744 2.97246185112 3.30056495995 3.583973557 3.65643348288 3.72710055895 3.47994668503 2.86877961696 3.08370784914 5.93759998159 4.58186604476 4.59698186264 4.02702326263 3.29653702652 1.91986031832 1.53990768312 1.55148190722 1.67379572955 1.67973421535 1.70787627295 1.82110449446 1.76387519914 2.14601896983 2.00540054612 1.975237592 2.00123705146 2.01904893559 2.13235568132 2.70660596816 3.45098699877 3.13209882328 2.92045746286 2.84020155708 2.79439067388 2.35023247005 2.20354004146 2.32100412918 2.24448531145 2.07719427525 2.06614494005 2.25847434576 2.61699160011 2.51774168742
-9999 -9999 -9999 -9999 -9999 -9999 -9999 -9999 -9999 -9999 3.92886957693 3.24390207084 3.27564987437 2.78438498633 2.6798608041 2.38448097525 3.28529243609 3.97262566384 3.54127295922 3.02591075071 2.76567156569 2.75331129032 2.49018556745 3.18367609177 4.04503979956 4.92650415928 4.75390284102 3.937638032 3.15527531398 1.43095258765 1.56114108651 1.57076271197 1.81621234703 1.60661874788 2.02629349825 1.89201071483 2.08243053177 2.00725305009 1.99503819708 2.00981358806 2.14145341397 2.09340423084 1.89499445036 2.82456780044 3.76645305089 3.93440684996 3.46733563323 2.8837608474 2.15080249187 2.20958555729 2.61297095421 2.51736017631 2.23589231852 2.12762784547 1.89515319467 2.70240927218 2.49170677178
-9999 -9999 -9999 -9999 -9999 -9999 -9999 -9999 -9999 -9999 -9999 1.05119673516 0.901334746688 2.4665686833 2.66810709572 2.66894282878 3.30912876282 3.26101469957 2.30607790016 2.36777983009 2.66946417688 2.56082689947 2.25469220074 2.11306810983 2.30080194895 3.15193789736 4.01405844505 4.34059463489 3.7500237168 0.65938012438 1.10468831969 1.50658517394 1.58536475332 1.64032479929 2.0343061758 1.7567884982 1.78044283924 1.76405435903 1.90451483419 1.90366650449 2.04169587936 1.73867795935 1.88982793963 2.12869886907 2.7185037841 2.80820896046 3.14217560178 3.2897935073 2.2880732497 1.98162795699 2.00882103647 2.03611462702 2.00781218 1.82783589717 1.59367534296 1.66801030698 2.02711401569
-9999 -9999 -9999 -9999 -9999 -9999 -9999 -9999 -9999 -9999 -9999 0.987117381569 1.81077783935 2.72618658041 2.86145403756 2.9276383834 2.81673948853 2.47314763811 2.40368255983 2.43631970459 2.39786241584 2.756597139 2.24419509144 2.34496332606 2.03527356883 2.10494294678 2.41989513657 3.1122085907 3.29984525869 3.13511347086 3.60236494863 3.51565945295 2.66944479201 2.80405512352 2.28802189203 1.62068651287 1.77031572983 1.81050404274 1.84058450165 1.2861032085 1.09882019008 2.03155143444 1.66504116942 1.75884725752 2.26062898819 3.03783553027 3.83707276035 4.25581846206 4.10826301362 3.18912098289 3.80243468326 3.61106212911 2.8404887384 2.27973486377 2.07331828349 1.65663675198 1.39827155167
-9999 -9999 -9999 -9999 -9999 -9999 -9999 -9999 -9999 -9999 -9999 4.38117718943 3.7577272155 3.47031756432 2.51315822657 2.5640113583 2.6411355802 2.23855818216 2.01353489537 2.01967782444 2.05536311719 2.11483046098 1.88858967805 1.97942924765 1.50876058419 1.45428333887 1.41070902849 1.37134100115 1.45374198131 1.74487798262 2.25894122816 3.31572910851 4.24318503804 4.51032439116 2.9233834859 1.18534800933 3.32958983066 2.62786926308 1.72146665576 1.00021172163 0.745491983735 1.88442570304 2.06743752604 2.36052833903 2.80316096451 3.61172654737 3.61058023656 3.33617115422 3.4115548877 3.49585911696 3.46331136168 3.74503314432 3.89801230765 4.04983591682 2.7533299535 1.18916209403 0.77066563616
-9999 -9999 -9999 -9999 -9999 -9999 -9999 -9999 -9999 -9999 -9999 -9999 2.92110554655 3.36784938575 3.07495734343 1.86613499128 2.04074423893 2.39013065676 2.32487675984 2.13970127317 2.14019369697 1.98750317293 1.91599072402 1.89486368445 1.56143328898 1.60800448208 1.44598320397 1.5121017016 1.45589496102 1.36738362527 1.41336949219 1.50144423595 1.66168711388 2.32963210028 3.40303770927 0.480377989076 2.08285372446 3.08365712175 2.78325611018 1.79612227236 2.07565131113 1.77948077316 2.58840842981 2.99418057479 3.23383668296 3.23807700654 3.31288416692 3.36951805199 2.8656310488 3.13086341912 3.21299419216 2.96664310138 2.68610806467 2.71725948374 2.70532842166 2.66791470722 0.529412235369
-9999 -9999 -9999 -9999 -9999 -9999 -9999 -9999 -9999 -9999 -9999 3.6747716425 3.56920031821 3.78503999138 3.51280409493 1.0087717487 1.49000285608 2.28852458424 1.99878615771 2.14645700049 1.72660552098 1.68753443013 1.51654399112 1.56900741863 1.59334505615 1.55991771162 0.911045169266 1.28712046643 1.33461207083 1.27359781262 1.23485202987 1.30032970673 1.26361179267 1.24386295137 1.42290683505 3.05593996817 3.58834427423 2.88400928646 3.1092449547 1.78300748976 1.86355992321 1.76708960034 2.77827725131 3.23094042399 3.88238444865 3.83764571645 3.44488184554 3.92259446851 3.472464244 3.50314039337 3.12756658256 2.46406886326 2.2904047742 2.30466398026 2.18350950865 2.36728229733 2.94083354554
-9999 -9999 -9999 -9999 -9999 -9999 -9999 -9999 -9999 -9999 -9999 3.89081691894 4.62064176456 4.35770902821 3.17452978654 2.14944703588 2.56277955074 2.61598296683 2.14294459385 1.65906802365 0.969633766835 0.981052547268 1.13630975759 1.70864493736 1.69914528695 1.76363420291 0.619875983088 0.59275213717 1.29351864783 1.99007880809 1.83089394819 1.33769282766 1.23266524465 1.24525936428 1.37299348578 2.02983461334 3.12349778074 3.66807831904 3.34156011779 2.44948835072 1.5334155969 1.97273359167 2.61921800375 2.5993488373 2.61536831859 2.36827842755 2.61550938898 2.76152943771 2.71697460451 3.01782981442 3.08823647553 3.26662465798 2.97626523919 2.87871228639 2.75506614616 2.58986324694 2.04607818831
-9999 -9999 -9999 -9999 -9999 -9999 -9999 -9999 -9999 -9999 -9999 5.00668513043 4.95629872505 4.0972154622 3.92447957538 3.75291560577 2.72779579798 3.11297677112 2.77566260138 2.79129338664 1.59253886402 0.558497943227 2.05139528515 3.28747769419 2.89361062214 2.89125121604 2.85024926522 2.34459682015 1.80720756439 1.43704342392 1.45799667225 1.88802566301 2.00648276025 1.83921769565 1.49768069381 1.95595778212 2.40117141898 2.20118398414 3.0253962884 2.01768921735 1.8270066822 2.04456952132 2.07577657493 2.11234885744 2.20575787726 2.21172920966 1.91806991069 1.9297157094 1.97580904403 1.87767430572 2.14894670842 1.21552775764 1.25448480518 1.91340915263 1.77175850089 2.13307400185 2.37675730368
-9999 -9999 -9999 -9999 -9999 -9999 -9999 -9999 -9999 -9999 -9999 -9999 5.14243809855 4.81207554593 3.91947161054 3.77665489545 3.57209815688 3.32124154406 2.62250463117 2.82670105119 2.73488650816 2.94421227557 2.79820219819 2.72967980056 2.72262635148 2.6847706214 2.36346160252 2.47869441414 2.33601793918 2.09526952682 1.88373915323 1.49326019768 1.15226622012 1.27416666475 1.34129278271 2.69393437564 2.62276101535 2.36055419792 3.28260978594 2.57798647609 1.84434964327 1.65314407625 1.93438624254 1.88781115005 2.14148708552 2.2450099852 1.90148883164 1.76616281715 1.73160549933 1.80858334549 1.60374763598 0.45728268504 0.676458776971 2.23427251202 2.08025954044 2.01361048878 1.83624563531
-9999 -9999 -9999 -9999 -9999 -9999 -9999 -9999 -9999 -9999 -9999 -9999 5.9637242503 4.88058506563 4.3080278538 4.13733413824 3.44637334923 3.61888327056 3.11970176697 2.90904383839 2.660131764 2.44299125043 2.70393007767 3.72988309891 2.42343553504 2.90433522285 2.42853576098 3.05302151323 2.85363051282 3.39407240115 2.91957544385 3.02251959121 2.50009712077 2.25306074981 2.49518905449 2.4876146926 0.846686945006 3.11107165131 3.85998288921 3.05493720598 2.36312931244 1.55897714983 1.45584610389 1.43038056131 1.50954224579 1.56172367595 1.44241055288 1.4041992275 1.3421327566 1.5170155701 1.46449336445 1.30228773695 1.4053949454 1.69079260099 1.58693789459 1.93728099999 1.36164893511
