data/recharge/transience/recharge511.asc
ncols                  80
nrows                 72
xllcorner      4374000.0
yllcorner      5656000.0
cellsize            500
NODATA_value       -9999
[rows 25 to 49 of 72, columns 0 to 55 of 80]
-9999 -9999 -9999 -9999 -9999 -9999 -9999 -9999 -9999 -9999 -9999 -9999 3.79889032148 3.61414713526 3.04349499457 3.07130707814 2.20974763986 2.18993301335 1.81267749248 2.17498878822 1.84426625729 1.70267107555 1.45833816701 0.797250172599 1.30609659007 2.25142959566 1.34978349286 1.44120085594 1.65059493337 1.41267050375 1.17784982935 1.06245398835 0.724430756246 0.682957872012 0.772685879626 0.496520971135 0.284885335387 1.13246581047 0.841256765952 0.78886933827 0.638477337039 0.415088939375 0.447852343334 0.538916125861 0.509771017586 0.531318019544 0.543941418322 0.537980901355 0.540921836782 0.612957848508 0.607903249776 0.491458720737 0.311578949691 0.224347923791 0.228410764529 0.255732593393
-9999 -9999 -9999 -9999 -9999 -9999 -9999 -9999 -9999 -9999 -9999 -9999 -9999 2.98728214467 3.13992793022 3.29052344381 2.74176987921 2.47930515581 2.0012733377 1.79822129982 1.73945236301 2.00353256146 2.05615448132 1.72951039821 1.81778047671 1.64900705891 1.56398187365 1.57261891038 1.44423334784 1.59378161066 1.27441491105 1.14576238676 0.682450331065 0.812349950016 0.501367411389 0.116429620558 0.219813655478 0.933373685737 0.92824622135 0.563849175505 0.436963671927 0.616766717941 0.313213321587 0.370957205943 0.298418072385 0.317042268624 0.35176665772 0.326865281937 0.235375487886 0.175807501136 0.183439895536 0.21048061535 0.251330518161 0.265540263879 0.241202390341 0.174809902276
-9999 -9999 -9999 -9999 -9999 -9999 -9999 -9999 -9999 -9999 -9999 -9999 -9999 -9999 2.93416530994 3.032977391 2.4754367075 2.18122764535 2.00046807569 2.15785165301 1.82958097501 2.25463464772 1.89957982352 1.72676616532 1.26376517297 1.23412679043 1.38597742021 1.91713289121 1.51998206025 1.30605579137 1.27973919334 1.03747750689 0.887727221023 1.17465515242 0.96372987562 0.201689470478 0.23754853804 0.755108420608 0.373937799356 0.213117913496 0.240529157002 0.344235570005 0.570334439307 0.38996037719 0.235459824874 0.298863543931 0.202008389449 0.185496244178 0.177541064678 0.25103778417 0.23182246355 0.151357836568 0.144096688708 0.173773174064 0.324814221592 0.514829074538
-9999 -9999 -9999 -9999 -9999 -9999 -9999 -9999 -9999 -9999 -9999 -9999 -9999 -9999 1.20335169985 2.1135519904 2.51633416496 2.22189995342 1.98166940211 2.10324201996 2.04178130976 2.16053718086 1.639434575 2.22625678563 1.96425006849 2.00500654026 1.1166333176 1.116684112 1.19476235066 1.38193893922 0.808891197109 0.390713408858 0.872625871641 1.92106965016 1.5466676435 0.264773599663 0.175971636552 0.278657078142 0.206689532922 0.173403001739 0.360187759645 0.431373022235 0.402621454094 0.491241116107 0.365731289316 0.262694612158 0.0979804693766 0.0711980350798 0.103930198304 0.147140471187 0.288223402074 0.359745271581 0.435850413534 0.301615690615 0.285510181687 0.24468803436
-9999 -9999 -9999 -9999 -9999 -9999 -9999 -9999 -9999 -9999 -9999 -9999 -9999 -9999 1.66940672076 2.39384922765 2.64768010005 2.51230781041 2.41934577713 2.36175614308 2.05185784271 2.22898754146 2.17894250022 1.91780014743 1.52031098267 1.33780199241 1.38531390472 1.35150183489 0.931238479012 1.10336385262 0.963564532286 0.921167886179 0.752719542169 1.21504176014 1.79307927412 0.280718763147 0.28600996824 0.68535870368 0.214973733215 0.135730812708 0.343548254887 0.43834413783 0.329111792099 0.347104454134 0.224833453066 0.273377343195 0.166552708367 0.277148270468 0.6281334449 0.72522088879 0.581698202747 0.304102241344 0.577390197795 0.526000307864 0.429092191084 0.491210558567
-9999 -9999 -9999 -9999 -9999 -9999 -9999 -9999 -9999 -9999 -9999 -9999 -9999 -9999 4.1276848962 3.53486262079 3.25978950616 3.43268813709 3.14752705709 3.16045448203 2.31017160939 2.15877339192 1.88898042994 1.91688884605 1.39618854991 1.54720840187 1.22425142518 1.47401631129 1.0999623098 1.01600820772 0.968264635587 1.13635544396 0.941043487202 0.395070394515 0.285482792305 0.291451526314 0.215872696046 0.439413636823 0.158155979276 0.239095473812 0.137118573276 0.182783343912 0.197598858565 0.230714723557 0.169966624853 0.189735802693 0.415492366551 0.516711205074 1.22823485454 1.43685223086 0.979538175593 1.15174433872 0.677576404157 0.691448250451 0.604085157139 0.45843085881
-9999 -9999 -9999 -9999 -9999 -9999 -9999 -9999 -9999 -9999 -9999 -9999 -9999 -9999 -9999 2.93830704425 2.7048430354 2.80165149962 2.9594495606 2.36749206265 1.79436173583 1.81284454847 1.93749443001 1.94953681577 1.37455605969 1.52338166392 1.15146085442 1.26055411334 0.724654293961 0.95196808501 0.707956495106 0.664272288976 0.558889381462 0.64592909118 0.332850048011 0.339038664152 0.276221235444 0.265837744839 0.231192187786 0.0909015931548 0.0421315845956 0.054928870996 0.133884393651 0.134112700011 0.151125852239 0.150134292642 0.163161510421 0.193417664954 0.270721735891 0.31891907252 0.212307026284 0.17521052341 0.383633592645 0.828867931481 0.789357733498 0.771975524534
-9999 -9999 -9999 -9999 -9999 -9999 -9999 -9999 -9999 -9999 -9999 -9999 -9999 -9999 -9999 -9999 2.6954631742 2.4412849665 2.42568870552 3.19788619495 2.79135964267 2.67400354032 1.81971482882 1.48931687567 1.45452899127 1.30370591893 1.02478544584 0.924901848843 0.533498991569 0.91496560247 0.924006203544 0.661493547556 0.749295600392 0.470018641815 0.280837682224 0.340886743759 0.30824626034 0.359302449474 0.327065374472 0.412758860068 0.445775915622 0.465102691005 0.313481626421 0.306992083015 0.148589442254 0.0967380801372 0.0733300202956 0.26954362665 0.193724283602 0.125224482543 0.228575245394 0.4729864529 0.308244911138 0.221244704994 0.295041170277 0.242193385672
-9999 -9999 -9999 -9999 -9999 -9999 -9999 -9999 -9999 -9999 -9999 -9999 -9999 -9999 -9999 -9999 2.85189530682 2.98009076298 3.13397118257 2.71406893003 2.1385718252 2.3830928708 1.93472603285 1.63689635325 1.3695863099 1.5392308848 1.12225610775 1.09500180138 0.629249833349 0.743260818088 0.410468426485 0.338324422619 0.404457476899 0.371691151435 0.464130338193 0.312610628891 0.443268542771 0.458482148365 0.317179519071 0.275433504745 0.243537901065 0.179929526332 0.332425574739 0.944657118274 0.553061925195 0.332482366056 0.236307660958 0.134221841985 0.106589969188 0.177339091456 0.323628523085 0.35280950174 0.560019485818 0.619231601959 0.858448700733 0.509813120561
-9999 -9999 -9999 -9999 -9999 -9999 -9999 -9999 -9999 -9999 -9999 -9999 -9999 -9999 -9999 1.91300917969 1.95135460023 2.41443080783 2.64533100201 2.55397194218 2.18558219979 2.20496966305 1.74366969657 1.54308043387 1.22247725972 1.33821650447 1.12083276945 1.17303668206 0.717587891118 0.943350418052 0.800242002477 0.839651982794 0.824984029323 0.434697006502 0.219077384836 0.54296743249 0.23620359445 0.634507585867 0.326366038668 0.172872202556 0.158784869208 0.359590628234 0.376317341577 0.366612014722 0.412158193308 0.270664582241 0.0630052673512 0.108859798777 0.202793849425 0.346995829518 0.233219763294 0.152690320785 0.189972710085 0.230568340159 0.278380336671 0.293228521872
-9999 -9999 -9999 -9999 -9999 -9999 -9999 -9999 -9999 -9999 -9999 -9999 -9999 -9999 2.36018337673 2.16044003731 2.05166578065 2.54694378638 2.40589070752 2.33082947324 1.9462439074 2.21762411745 1.6266366033 1.70758549892 1.22732729018 1.14898849841 0.950957149658 1.06095872861 0.877188912325 0.875872022758 0.654049391434 0.681686569354 0.510924316226 0.646766137643 0.443462551439 0.792446304264 0.363889102021 0.142600819678 0.157430969125 0.158894156906 0.142592608702 0.264324228533 0.233528302853 0.271578330383 0.173668683607 0.135511712233 0.17236889741 0.307477310944 0.3280124571 0.224011633824 0.187451718805 0.184272578624 0.215537171328 0.206944731313 0.193087233611 0.215147736957
-9999 -9999 -9999 -9999 -9999 -9999 -9999 -9999 -9999 -9999 -9999 -9999 -9999 -9999 2.72041122359 2.8849833226 2.52426930027 2.45591730595 2.11141398789 1.94945191224 1.62279662381 1.9109846998 1.59848484836 1.71754855375 1.23015238629 1.03128997563 1.03820149892 1.16707884866 0.90135438299 0.892065762249 0.799773066265 1.04783452029 1.32394247236 1.10398844471 0.418750404757 0.988108028833 1.21202041158 1.58108994701 0.755703694048 0.782743139514 1.12514393321 1.01058287243 0.355676958618 0.309018801299 0.28343878111 0.125915692401 0.307744682811 0.5875762629 0.592030167764 0.724969135252 0.743061146216 0.732292642245 0.481539969926 0.386353909759 0.497916680374 0.463870567832
-9999 -9999 -9999 -9999 -9999 -9999 -9999 -9999 -9999 -9999 -9999 -9999 -9999 -9999 -9999 -9999 2.58926614332 3.43301406059 3.39925493101 3.33170844627 2.62283632732 1.80811713614 1.89026526383 1.90239637853 1.33036577579 1.56143182196 0.935513609565 1.00969367382 0.822034492038 1.12133088578 1.05281318672 1.23606497364 1.17800237323 0.946814718358 1.01459780192 1.02825015813 1.0770684181 0.71085223347 1.17850376503 1.18412258264 0.595755225631 0.530590117613 0.429902861258 0.246460264343 0.171500154728 0.224664978462 0.209926821931 0.208483266231 0.30865396677 0.408950700941 0.405648202559 0.426882021529 0.372070165792 0.290034821863 0.162351870747 0.179645424827
-9999 -9999 -9999 -9999 -9999 -9999 -9999 -9999 -9999 -9999 -9999 -9999 -9999 -9999 -9999 -9999 3.87896537066 3.70348255827 3.54340015832 2.70792647696 2.71196032362 2.7009178576 1.46761058368 1.57169334128 1.55006727196 1.88938164637 1.50354940053 1.42761817543 1.29500296723 1.30395329126 1.50226679707 1.39078784756 1.06270235076 0.984519632273 0.628111569273 0.700095343154 0.749610347724 0.949088701453 0.517644874154 0.406566245062 0.597401466371 0.88022685094 0.302370033735 0.265972426746 0.678634549799 0.189853804468 0.0738004822904 0.135998983367 0.251438945467 0.160434164984 0.117014392736 0.120476381136 0.0904340509041 0.11493241104 0.117897895801 0.119418277613
-9999 -9999 -9999 -9999 -9999 -9999 -9999 -9999 -9999 -9999 -9999 -9999 -9999 -9999 -9999 -9999 -9999 -9999 3.59096253588 3.02201017348 2.37138704258 2.67998027517 2.32741476681 1.91585906695 1.43705296586 1.51429448693 1.34829921802 1.48036416595 1.23139826067 1.19232771754 0.841173197555 0.688607722961 0.650366092669 0.824466164472 0.610561656683 0.848793975633 0.840158248353 0.52465691663 0.466514019095 0.693584612985 0.452558127386 0.368875957664 0.315404475985 0.311484812192 0.285189443286 0.297330507781 0.103037592483 0.107588927339 0.187059728995 0.106259316067 0.147072569272 0.181054209274 0.0938280923612 0.0984382431113 0.134782185067 0.151641860977
-9999 -9999 -9999 -9999 -9999 -9999 -9999 -9999 -9999 -9999 -9999 -9999 -9999 -9999 -9999 -9999 -9999 -9999 -9999 2.54792813018 2.48767657272 2.68146526323 2.43173038695 2.52913589124 1.7116345491 1.59088659236 1.17627830729 1.31243745381 0.806726459882 0.755110253248 0.763638345777 0.445179798165 0.381625183225 0.538370730084 0.384262981613 0.329928976157 0.310586263455 0.541960627954 0.472315861048 0.574164478722 0.380700197537 0.324257113496 0.241834388542 0.358006161226 0.396135179355 0.424251348327 0.238291638033 0.0940003017231 0.0703793229768 0.190989291226 0.109108792036 0.127698992925 0.0911188823648 0.0895136026028 0.13063491061 0.120869248502
-9999 -9999 -9999 -9999 -9999 -9999 -9999 -9999 -9999 -9999 -9999 -9999 -9999 -9999 -9999 -9999 -9999 -9999 3.28860186897 3.59859024999 3.56056314001 3.46046203798 2.6135746592 1.92961565154 1.64864094628 1.63455321755 1.20804925599 1.30726795259 1.03063329569 0.902175362124 0.2979103422 0.248643856393 0.249904557851 0.634875930314 0.533675185314 0.698038712923 0.932259591979 0.8670362098 0.78678845672 0.734985601403 0.683848508505 0.379731269203 0.280838027741 0.117313541603 0.126618880502 0.124503662306 0.286946569569 0.545963471983 0.317635499464 0.113850516863 0.210665332775 0.351750404793 0.371449422743 0.340595679281 0.218887469082 0.176812623624
-9999 -9999 -9999 -9999 -9999 -9999 -9999 -9999 -9999 -9999 -9999 -9999 -9999 -9999 -9999 -9999 -9999 -9999 -9999 4.30708061332 4.05049406082 3.84067137662 2.77543936704 2.1104032847 1.93156968382 1.8912405228 1.18757165604 1.34200552387 1.05166675643 1.37090188085 0.775199143871 0.757845181297 0.930526190946 0.75612314147 0.374720528763 0.257057156913 0.275859130503 0.21526924831 0.178295083996 0.178302520641 0.235389822895 0.412910991973 0.303747445739 0.232468703106 0.245203988666 0.810595374242 0.601028077388 0.381936041355 0.399814131267 0.202193173643 0.0382344737619 0.0589273594463 0.108990177206 0.289351805175 0.261345299583 0.0753509227287
-9999 -9999 -9999 -9999 -9999 -9999 -9999 -9999 -9999 -9999 -9999 -9999 -9999 -9999 -9999 -9999 -9999 -9999 -9999 -9999 3.36960896907 3.70521485092 2.81624328803 2.43992741654 1.5217006624 1.79485802526 1.21378200749 1.41919167392 1.39181847632 1.16804656576 0.808909540574 0.745469263984 0.606265689963 0.447543655177 0.282078145691 0.376879463424 0.559557739891 0.700678493147 0.680623386329 0.600819039684 0.412009329106 0.655420343354 0.695682855465 0.563399942513 0.880128043974 0.712713303244 0.565370994639 0.682167565632 0.566332276737 0.50536379964 0.35176323483 0.165131537199 0.0649310961371 0.0482965835988 0.116002248143 0.139478341955
-9999 -9999 -9999 -9999 -9999 -9999 -9999 -9999 -9999 -9999 -9999 -9999 -9999 -9999 -9999 -9999 -9999 -9999 -9999 -9999 -9999 3.58517867875 3.09502513312 3.08494939845 1.47113646903 1.29840405248 1.20212509282 1.57270085127 1.06826734861 0.953513180577 1.07845965553 0.984013126571 0.874053310978 0.380279115117 0.821387954729 1.0981323135 0.811701741177 0.552794557486 0.454367759369 0.483768441882 0.82987854173 0.903799398717 1.07307255716 0.615313396151 0.481636772724 0.296462003222 0.46438728062 0.547295058884 0.562575974192 0.776412639429 0.774354775821 0.250441452784 0.268327701709 0.171103585624 0.0259032356245 0.0469045324146
-9999 -9999 -9999 -9999 -9999 -9999 -9999 -9999 -9999 -9999 -9999 -9999 -9999 -9999 -9999 -9999 -9999 -9999 -9999 -9999 -9999 3.00418565438 2.69893433065 2.70496414869 2.06397003058 2.17345220098 1.59611312539 1.76626726305 1.25518368907 1.20864589232 0.509157881866 0.872412975052 1.04115572897 0.955473506085 0.476706318994 0.662431730604 0.543994661952 0.627203055184 0.543975745475 0.749102893215 0.845999788141 0.788225115854 0.550219666135 0.518781976639 0.766325053882 0.705196910768 0.657228223412 0.629852145138 0.373988403502 0.351339058756 0.354782070364 0.195266198371 0.102900379429 0.0659634988418 0.0867047714119 0.0314792189005
-9999 -9999 -9999 -9999 -9999 -9999 -9999 -9999 -9999 -9999 -9999 -9999 -9999 -9999 -9999 -9999 -9999 -9999 -9999 -9999 -9999 -9999 2.90815040956 3.38031740075 2.36835403774 2.03097119729 1.49733401711 2.0002285054 1.45895043978 1.38936320715 1.16092809715 1.27511906236 1.00490728355 1.08635708876 1.25117589394 0.860999326321 0.937520385075 0.842286346203 0.83772126285 0.801092020856 0.872301503191 0.441539527954 0.555704128428 0.836938197356 0.369752747591 0.306462017449 0.255287245483 0.393147715178 0.633338764074 0.423966677757 0.154422484625 0.123846569282 0.420656593058 0.192469970332 0.0348908121402 0.0253533484033
-9999 -9999 -9999 -9999 -9999 -9999 -9999 -9999 -9999 -9999 -9999 -9999 -9999 -9999 -9999 -9999 -9999 -9999 -9999 -9999 -9999 -9999 3.04123306798 2.93434031362 2.22019530653 2.36926408583 1.70817381225 1.75951153469 1.59905382267 1.6659807433 1.32780200486 1.38731634069 1.31546447265 1.25200882871 0.889979637818 1.33304148989 0.846237091022 0.79295415595 1.05593812233 0.991334853538 0.55496453029 0.900591723888 0.574188127879 0.384293346739 0.345441141948 0.488108791621 0.764486155397 0.75662396101 0.331349649512 0.296141502462 0.152616374921 0.245143428123 0.120639235428 0.409346019569 0.182130689951 0.147301640442
-9999 -9999 -9999 -9999 -9999 -9999 -9999 -9999 -9999 -9999 -9999 -9999 -9999 -9999 -9999 -9999 -9999 -9999 -9999 -9999 -9999 -9999 3.06006032334 3.35692171759 2.91813331181 2.46422234324 1.87829845186 2.37749498936 1.84228095518 2.08246865263 1.52306581066 1.2621404314 1.04636555297 1.24224299362 1.40245602868 0.832802931052 0.830931169624 1.26174886988 1.07014586195 0.927901343402 0.993108887138 0.69474801729 0.427862749737 0.631772500828 0.91253350466 0.811910931197 0.802466124665 0.644669751847 0.455162848081 0.456460765496 0.69417632529 0.513227884241 0.310090517408 0.360127176237 0.437817960106 0.490145425672
-9999 -9999 -9999 -9999 -9999 -9999 -9999 -9999 -9999 -9999 -9999 -9999 -9999 -9999 -9999 -9999 -9999 -9999 -9999 -9999 -9999 -9999 -9999 3.58952069041 3.18831576749 2.56786643134 1.72640875489 2.33230545946 1.81903335766 1.94345678216 1.54514900721 1.74382165179 1.46873080684 1.74508926898 1.16330201286 1.34992042063 1.41762041064 1.16530889961 0.636326704967 0.486481456823 0.377990792189 0.627568485457 0.978036917095 0.999902871032 0.830587797492 0.691364721442 0.293704760652 0.247684131304 0.248430261266 0.285234088288 0.204358888809 0.302880956889 0.366917556291 0.614906452135 0.242168394531 0.0996190354327
