data/recharge/transience/recharge390.asc
ncols                  80
nrows                 72
xllcorner      4374000.0
yllcorner      5656000.0
cellsize            500
NODATA_value       -9999
[rows 0 to 25 of 72, columns 0 to 56 of 80]
-9999 -9999 -9999 -9999 -9999 -9999 -9999 -9999 -9999 -9999 -9999 -9999 8.55010605426 8.80385848601 -9999 -9999 -9999 -9999 -9999 -9999 -9999 -9999 -9999 -9999 -9999 -9999 -9999 -9999 -9999 -9999 -9999 -9999 -9999 -9999 -9999 -9999 -9999 -9999 -9999 -9999 -9999 -9999 -9999 -9999 -9999 -9999 -9999 -9999 -9999 -9999 -9999 -9999 -9999 -9999 -9999 -9999 -9999
-9999 -9999 -9999 -9999 -9999 -9999 -9999 -9999 -9999 -9999 -9999 -9999 11.2569301321 9.61610166363 8.93348759324 -9999 9.92505391123 -9999 -9999 -9999 -9999 -9999 -9999 -9999 -9999 -9999 -9999 -9999 -9999 -9999 -9999 -9999 -9999 -9999 -9999 -9999 -9999 -9999 -9999 -9999 -9999 -9999 -9999 -9999 -9999 -9999 -9999 -9999 -9999 -9999 -9999 -9999 -9999 -9999 -9999 -9999 -9999
-9999 -9999 -9999 -9999 -9999 -9999 -9999 -9999 -9999 -9999 9.4773241829 9.42504434386 10.7078539947 10.9344355312 9.27209572033 8.64096512926 8.01766583796 8.18178919587 -9999 -9999 -9999 -9999 -9999 -9999 -9999 -9999 -9999 -9999 -9999 -9999 -9999 -9999 -9999 -9999 -9999 -9999 -9999 -9999 -9999 -9999 -9999 -9999 -9999 -9999 -9999 -9999 -9999 -9999 -9999 -9999 -9999 -9999 -9999 -9999 -9999 -9999 -9999
-9999 -9999 -9999 -9999 -9999 -9999 -9999 -9999 -9999 9.02925971022 9.46361382609 9.3200355689 9.40943479588 9.84621270313 9.60400732459 9.21072982429 8.95214945382 10.5644053 -9999 10.7356246035 -9999 -9999 -9999 -9999 9.41558077918 9.89250969393 -9999 -9999 -9999 -9999 -9999 -9999 -9999 -9999 -9999 -9999 -9999 -9999 -9999 -9999 -9999 -9999 -9999 -9999 -9999 -9999 -9999 -9999 -9999 -9999 -9999 -9999 -9999 -9999 -9999 -9999 -9999
-9999 -9999 -9999 -9999 -9999 -9999 -9999 -9999 12.0920326012 10.8243800648 9.75307116225 9.4320313245 9.50240412378 8.85851588005 9.37320700779 8.95755446002 8.95065440919 8.79394928692 8.39431255641 9.18200399336 9.28672110354 9.80632799615 -9999 9.32790290807 11.0303010232 10.9067893515 -9999 -9999 -9999 -9999 -9999 -9999 -9999 -9999 -9999 -9999 -9999 -9999 -9999 -9999 -9999 -9999 -9999 -9999 -9999 -9999 -9999 -9999 -9999 -9999 -9999 -9999 -9999 -9999 -9999 -9999 -9999
-9999 -9999 -9999 -9999 -9999 -9999 10.6770047181 9.49318144537 9.594347045 9.96608921228 10.8678209452 11.0189211802 10.4457160003 9.94822228272 9.23398230742 9.90591666556 9.14874087787 8.74700364377 8.97891625344 9.06065780184 9.0241990746 9.53216378157 9.27964432405 9.38343572996 9.82758260035 9.54256039223 9.95889191017 -9999 -9999 -9999 -9999 -9999 -9999 -9999 -9999 -9999 -9999 -9999 -9999 -9999 -9999 -9999 -9999 -9999 -9999 -9999 -9999 -9999 -9999 -9999 -9999 -9999 -9999 -9999 -9999 -9999 -9999
-9999 -9999 -9999 -9999 -9999 -9999 11.2981710699 10.5259795083 9.42573746607 9.14237911092 9.03017823488 9.26399756506 9.53206675007 9.15838681649 9.09998945138 8.21504542407 8.56818986597 7.92734826514 8.90815203013 8.23105082267 8.7142234477 9.99886433797 9.24466036668 9.41821457995 9.29986310936 8.78285150752 10.3473493939 10.4777150843 10.2788748974 9.77148915984 11.4750741123 11.380127206 -9999 -9999 -9999 -9999 -9999 -9999 -9999 -9999 -9999 -9999 -9999 -9999 -9999 -9999 -9999 -9999 -9999 -9999 -9999 -9999 -9999 -9999 -9999 -9999 -9999
-9999 -9999 -9999 -9999 -9999 12.6105159256 11.6393015683 11.5290840321 11.2093529565 11.720533047 11.5900084082 10.6207036544 9.23023728706 9.60576900544 9.92191955775 9.95429128584 8.16512277692 5.81509138913 8.77551897261 8.34892042602 8.7633701849 8.44896881372 8.76466965865 9.0438920829 9.49493708697 9.87841510636 10.0793653512 9.61158082541 9.89024817295 9.68692884575 9.49979985193 9.96167604499 9.1768108145 8.8735778777 -9999 -9999 -9999 -9999 -9999 -9999 -9999 -9999 -9999 -9999 -9999 -9999 -9999 -9999 -9999 -9999 -9999 -9999 -9999 -9999 -9999 -9999 -9999
-9999 -9999 -9999 -9999 -9999 13.0044672795 12.4089384532 12.4797732414 11.7678029748 11.0798959484 11.1850751111 11.7539128664 8.24056547444 7.0901277988 11.8816215207 12.7727774262 9.68357260036 4.57316572062 7.52277590763 8.38133140452 8.90806709209 9.32442977473 10.2273443619 9.87219353622 9.28559163788 8.54622574847 9.40204518218 8.64395046579 9.07893443377 8.93623871166 8.62420834699 8.87246603982 9.34643834642 8.9865691045 9.30170615412 8.89333748041 -9999 -9999 -9999 -9999 9.16475095241 8.70316663803 -9999 -9999 -9999 -9999 -9999 -9999 -9999 -9999 -9999 -9999 -9999 -9999 -9999 -9999 -9999
-9999 -9999 -9999 -9999 -9999 12.2828643699 11.8326236175 12.0075179447 12.2061889389 12.7842557242 12.4277044654 11.9874089567 11.4510671977 12.5169872019 12.7594276928 11.2734303372 10.7205634366 12.3565461655 11.223441671 12.0102310705 10.2440829968 9.03651858569 8.60383487003 8.25386250706 9.09856245101 8.89862212911 9.04299502333 8.25639394372 9.51696202753 8.50121548682 6.13511424706 7.86978366544 9.22381906877 9.25576165295 9.06279873852 9.20202284593 9.10277588528 -9999 -9999 9.07921604776 9.58881258783 9.29900202492 10.068922609 -9999 -9999 -9999 -9999 -9999 -9999 -9999 -9999 -9999 -9999 -9999 -9999 -9999 -9999
-9999 -9999 -9999 -9999 -9999 -9999 13.763838298 14.4284305189 13.0506060262 12.592016129 11.7448705794 12.558900147 13.4669317121 14.1458142678 10.7391214348 9.92572476479 10.7616112774 10.5096027296 9.64403775976 9.46220269518 9.93677849724 10.3023180755 9.73415054909 10.4360887665 9.52176455553 8.65578739405 7.99451036053 8.62306820318 8.45328778885 8.3336831798 8.40257417548 9.08722778756 8.89392484172 8.59370040032 8.90779749872 9.08367782567 9.26100540746 8.70980606188 9.24184113361 9.00344863344 8.89495444091 10.2187076732 8.98946412542 8.18423367361 -9999 -9999 -9999 -9999 9.99216790049 9.22649696409 2.63138564587 -9999 -9999 -9999 -9999 -9999 -9999
-9999 -9999 -9999 -9999 -9999 -9999 -9999 13.3612015826 12.214831039 13.4190075362 13.5905608531 12.6539002207 11.7427300221 10.776284861 11.1583342617 12.8190222009 12.5411431631 12.16522688 12.1257372247 10.5882816208 9.38791002879 9.42745021058 9.27347643054 9.39038674429 8.83993458063 8.00621812901 8.18586837363 8.54397454566 8.44452033609 8.18770562688 8.8322784941 8.68918698428 8.95744814675 8.48314716951 9.2792643063 9.23201724526 9.39210895688 9.34246128857 9.08829124187 9.0577235809 8.51730040004 8.47177383365 8.71918471797 8.94502497478 8.32692285214 8.83702315509 8.99818627089 8.26003132031 7.98562395211 7.9877785248 7.18543829342 5.96816209178 -9999 -9999 -9999 -9999 -9999
-9999 -9999 -9999 -9999 -9999 -9999 -9999 -9999 11.6365793532 11.2275084547 12.2988232648 13.2470832058 12.668864508 13.4650203499 13.0476489852 12.2280426222 10.4556190769 10.5228838145 9.47002444111 10.3669824186 12.306357202 11.9168767677 12.8241627201 15.3690202808 15.5894008233 15.0734785789 9.58133512852 8.31463468958 7.71348698204 7.09953086621 7.70941771466 8.14890863329 8.24309368536 7.97132584017 8.59855146295 8.59665107142 8.8693585778 9.22000400638 8.62828432532 8.55857346897 9.00639723067 9.06008432485 8.73704650324 8.32910843003 8.17333853538 7.77849732258 8.02243585469 7.52306500002 7.11909134194 7.19175146826 6.62971657585 6.9812045652 6.01053077924 -9999 -9999 -9999 -9999
-9999 -9999 -9999 -9999 -9999 -9999 -9999 -9999 13.5133332297 12.3143229748 11.6095201255 11.6787419778 11.6508208819 11.5872488582 10.6809817209 10.4573942046 10.3303843233 10.8785662752 10.3840763909 11.0290353796 11.8322353699 11.7097836333 15.4810274431 19.254443647 17.6448175894 15.0048783008 15.7345902861 10.8870404078 8.39240526853 7.28083636252 7.26063746956 7.80972632408 7.50503411822 7.82609097025 8.44020985944 4.4843248411 9.51659158658 8.94415188572 8.59886012862 8.462457774 8.3561933619 8.5773415319 8.43461562815 8.39440054095 7.80788269031 7.75645287553 7.96753685524 7.62429061205 7.29319151355 7.14556419077 6.81951475093 6.8505951608 6.28800037854 6.68595312608 5.72767282696 6.13300028959 -9999
-9999 -9999 -9999 -9999 -9999 -9999 -9999 -9999 -9999 14.1562256093 13.0154752148 11.1312049154 11.541372141 11.9032509481 11.6219824398 11.7537012355 12.9009303219 13.3974613603 13.7012785615 13.7769805411 13.0845062097 11.1442793705 12.6835273427 22.2934367828 20.6161219784 18.9820465697 16.3371077274 14.6679732943 9.39284003506 7.64307403047 7.59488207632 7.92346476561 7.76289009402 7.16891412103 7.9018823727 7.85017327639 8.83447812264 8.39116449209 8.00844319308 8.08650682829 7.87439560469 8.14599265859 7.92794362255 9.23378295197 8.00598153286 7.3545783992 6.85100949122 6.82754851827 6.32340699431 6.10219088466 6.07991977869 5.88963434208 5.73743002951 5.96623813802 6.16739909172 5.96901422282 5.29263872408
-9999 -9999 -9999 -9999 -9999 -9999 -9999 -9999 -9999 -9999 11.9488072126 11.9756393352 11.2838959063 11.6224618348 10.9821296581 10.3608412049 11.086589054 12.9720460106 11.9581084641 10.6355794559 10.2141152661 10.0622329663 9.34309478664 13.1641586544 17.2041545241 19.2309201617 18.2382742196 16.3331436989 14.139889547 10.6770612385 7.65032449546 7.68470449887 8.41233266139 7.62273865996 8.82439393207 8.37520602793 8.63016978518 8.3951803202 8.07237768962 8.11933072835 8.24376470689 8.23250180643 7.81559621369 8.48955847548 9.55613741116 9.57887622042 8.4612392785 7.25097758508 6.66449194321 6.59771415555 6.84931732747 6.6067821531 5.7306961367 6.02833799981 5.27104793965 6.00595470534 5.24048526172
-9999 -9999 -9999 -9999 -9999 -9999 -9999 -9999 -9999 -9999 -9999 6.6492352717 7.40019425735 10.6892759899 10.5512887126 9.97025040571 10.8411637512 10.7339459869 9.26211415569 9.62433694118 10.4860578035 10.4125274539 9.35161543736 8.15238057671 9.8571995494 12.7835032186 16.1894319421 18.4635036949 17.6701808532 9.33361241544 11.0119849298 8.4495220649 8.06960202785 8.23472099006 8.27773815995 7.45706488846 7.9071602706 7.84797536259 8.04457476494 8.04592732178 8.55814488391 8.01664423353 8.12032031088 7.65804676835 7.52849475527 7.41651788012 7.85020694723 8.44782919797 7.33094059907 6.55538332158 5.86086346907 6.3652774197 6.12957517848 5.61016203117 4.73712666276 4.89294352765 4.835855676
-9999 -9999 -9999 -9999 -9999 -9999 -9999 -9999 -9999 -9999 -9999 5.57615692435 8.04413295096 9.77109905057 10.5852713499 10.2696998906 9.58113748776 8.95298101301 9.40558699837 9.49669387657 9.70696990222 10.725450967 9.15003148161 8.92013985945 8.86197013489 9.62162248915 11.3439978867 14.4025495917 15.5683947667 14.9128804437 17.7673077783 17.5882021108 13.5785619273 13.5586020435 10.5943168371 7.74659246286 7.86609495595 8.01522750641 7.82366912886 7.906517927 8.48238618266 9.12189389498 7.71767689536 7.77995663048 7.66419859214 8.36430353367 9.57287480217 10.3803598012 9.68923811312 7.93537624026 8.44530666527 8.17248419005 6.71163202604 6.5853115373 6.00120785496 5.30860984196 4.67889020409
-9999 -9999 -9999 -9999 -9999 -9999 -9999 -9999 -9999 -9999 -9999 12.2030747606 11.5447835712 11.0060226874 9.02902650311 9.7515905627 9.2051712181 7.80280848982 8.0127137409 8.40577911472 8.58293353259 8.76496373971 8.47539024184 7.74792269553 7.39119264025 7.2096488422 7.25854051052 7.08979761419 7.78029071928 9.52415395589 12.282223847 16.7698872893 19.5784870526 18.6117072781 14.0505063474 12.807186487 14.0230176344 11.7121113299 7.71865086216 6.19640978999 5.47798932917 8.33862412357 9.15766038672 9.99583316914 10.2537024148 11.2459536891 9.12946940689 8.55915562335 8.34910311523 8.48637050627 7.73769841647 8.29152821886 8.27109189084 8.80751318687 7.4353395189 5.52499910975 4.55524241179
-9999 -9999 -9999 -9999 -9999 -9999 -9999 -9999 -9999 -9999 -9999 -9999 9.67271503369 10.5885654162 10.3884923389 9.59298975809 9.29168739669 8.87386575006 8.31084738447 8.60882899295 8.85210679216 8.37366797115 8.5407409582 8.58197189693 7.63244805561 7.81673661222 7.40751973751 7.67611555073 7.56420513423 7.19040667931 7.28152852622 7.64295759788 8.31299831894 11.2426245722 14.4722497126 5.69304839894 14.2946130155 13.1768496813 11.9031624777 7.83933867288 8.47719518371 8.46860761674 10.5434511884 11.5171380839 11.7174713646 11.4202346243 9.41167654023 8.62777328587 7.21552247941 7.77412134092 7.40318144029 6.74499035695 5.93138545449 5.97480370198 5.83133650281 5.48905759727 2.40024975905
-9999 -9999 -9999 -9999 -9999 -9999 -9999 -9999 -9999 -9999 -9999 10.7538073828 10.6866497685 11.3115607865 11.7395188124 6.70228691524 7.9291941536 9.08811233746 8.27842124406 8.47397941071 7.48059536326 7.34904937387 7.05508775531 7.25512215771 7.69806998231 7.57019285752 7.03568992955 6.79732421032 7.19029054521 6.91521057101 6.56522087999 6.85358656972 6.48574047961 6.3982852308 6.90846299219 13.5566244469 14.8730180057 12.4749724555 12.4218895702 7.90493211996 7.92930719279 8.00011095626 9.82592511804 11.1798649395 12.4967278259 12.4642135441 10.6137358062 10.3532569995 8.62741993035 8.70757572547 7.25896569973 5.73244601485 5.18537114953 5.21580618874 4.8306524438 5.22330373468 6.40281714743
-9999 -9999 -9999 -9999 -9999 -9999 -9999 -9999 -9999 -9999 -9999 11.1725695466 12.6331778535 12.2696422239 10.3925404642 7.52597186821 9.74928379559 9.62420292843 8.49088191278 8.66091485998 7.86870809965 7.69650471455 7.52364783063 7.75747455824 8.09591364894 8.23433261704 5.87776582027 6.57070806307 8.21468856268 9.77743954976 8.98885001266 7.01569542384 6.34971267955 6.40411645754 6.70743814229 9.82607098397 13.3221442425 15.1682965275 13.3315840707 10.7131737043 7.25474699965 8.46555078212 9.37833394957 9.24821803294 9.392966864 9.01342313709 9.52752057938 9.80248248071 9.01798697453 9.18162543081 7.13244787651 7.4096436946 6.67231061116 6.43862734453 6.03843913825 5.70152534983 4.55813205275
-9999 -9999 -9999 -9999 -9999 -9999 -9999 -9999 -9999 -9999 -9999 12.5068348362 12.4762801854 11.2569164539 11.5636603144 11.3702376737 9.36170266904 9.89036574286 9.65205393062 9.69659176336 7.02312986757 3.88167597084 8.17284011115 10.1258388871 9.02229612524 9.02553488234 9.78780182116 9.01754600728 7.81744279345 6.80214018199 6.92499247171 8.90609135697 9.13850958492 8.56393132583 7.13522466879 9.4902332531 10.6998912642 9.86335025498 12.5835217109 9.24974625138 7.9608436377 8.14482498455 7.73499303125 7.17923769063 7.05186902399 7.08540592448 7.4889263096 7.5922508317 6.82853301009 6.41218348393 6.11131184616 5.89198152402 4.94015131948 4.82112153246 4.45759068858 5.17174526891 5.62837340496
-9999 -9999 -9999 -9999 -9999 -9999 -9999 -9999 -9999 -9999 -9999 -9999 12.8012319142 12.2255692052 11.035791322 10.7809878577 10.5993590844 10.46578184 9.44256452207 9.86723101025 9.80820998408 10.5508366577 8.96126116091 8.25327239274 8.60478519599 8.50776336677 8.01962950326 8.32410280935 8.13303047977 7.46030284059 6.79370288729 6.56486211056 5.86931981973 6.38593665242 6.51610411471 12.1905020468 11.517156922 10.5662278941 13.35562864 11.6055295029 7.62768195241 6.89571366265 7.36190302134 6.9078275934 7.1134841796 7.2257266702 6.89419508392 7.12006419689 6.30628327012 6.16958394202 5.40929883136 3.07891604978 3.45620744968 5.96723506462 5.15560939431 4.96257280059 4.47214934213
-9999 -9999 -9999 -9999 -9999 -9999 -9999 -9999 -9999 -9999 -9999 -9999 13.2999279009 11.5979001704 11.0048692682 10.715721696 9.71102669026 10.1344560034 9.81971753056 8.99598940637 9.22177085494 8.57933799351 8.84497478921 9.97725069051 9.04159577827 9.63082705205 10.3281093227 9.71357043482 8.90168212926 10.1681278245 9.18115821196 9.50881068854 9.86225516859 9.51387750801 11.1940652687 12.482244714 11.3200208777 13.0196551956 14.8901806417 11.488573928 8.36138327666 6.43040537504 5.83592327728 5.75458200013 5.76111206954 5.92488869295 5.70611012927 5.94428275946 5.3067496723 5.312190653 5.03360818564 4.66250292625 4.63781907595 4.76796017543 4.29975025975 5.07461283508 3.66567050662
-9999 -9999 -9999 -9999 -9999 -9999 -9999 -9999 -9999 -9999 -9999 -9999 12.2799025796 11.7231895445 10.9322959338 11.2589532815 9.62411371332 9.46324825609 9.17671940274 10.2258090823 9.50104219065 8.93546674781 8.45481410393 5.30023142868 7.51816585759 9.87204425412 10.5078909252 10.0166334419 9.11464964976 8.41544059847 7.98419301033 7.59051366942 6.64605556499 7.15645000148 11.7917789015 8.21686769575 9.77387216518 13.3324062016 11.6140120944 7.59076008833 6.5271620186 5.86147646814 5.72640517391 5.89479468964 5.63110421441 5.77700511831 5.71562753856 5.67866709651 5.64211548286 6.12408560685 6.1219025561 6.1674764811 5.17281142492 4.49777763375 4.46352681298 4.65540921077 4.49682325356
