data/recharge/transience/recharge409.asc
ncols                  80
nrows                 72
xllcorner      4374000.0
yllcorner      5656000.0
cellsize            500
NODATA_value       -9999
[rows 0 to 24 of 72, columns 0 to 56 of 80]
-9999 -9999 -9999 -9999 -9999 -9999 -9999 -9999 -9999 -9999 -9999 -9999 17.3690208446 17.5845862029 -9999 -9999 -9999 -9999 -9999 -9999 -9999 -9999 -9999 -9999 -9999 -9999 -9999 -9999 -9999 -9999 -9999 -9999 -9999 -9999 -9999 -9999 -9999 -9999 -9999 -9999 -9999 -9999 -9999 -9999 -9999 -9999 -9999 -9999 -9999 -9999 -9999 -9999 -9999 -9999 -9999 -9999 -9999
-9999 -9999 -9999 -9999 -9999 -9999 -9999 -9999 -9999 -9999 -9999 -9999 16.9669936027 16.5670302251 16.0313967581 -9999 15.3832982718 -9999 -9999 -9999 -9999 -9999 -9999 -9999 -9999 -9999 -9999 -9999 -9999 -9999 -9999 -9999 -9999 -9999 -9999 -9999 -9999 -9999 -9999 -9999 -9999 -9999 -9999 -9999 -9999 -9999 -9999 -9999 -9999 -9999 -9999 -9999 -9999 -9999 -9999 -9999 -9999
-9999 -9999 -9999 -9999 -9999 -9999 -9999 -9999 -9999 -9999 15.9151942809 15.9139079309 16.3876695056 16.4382403041 14.6831274856 14.4449219388 13.6936388948 13.7390259598 -9999 -9999 -9999 -9999 -9999 -9999 -9999 -9999 -9999 -9999 -9999 -9999 -9999 -9999 -9999 -9999 -9999 -9999 -9999 -9999 -9999 -9999 -9999 -9999 -9999 -9999 -9999 -9999 -9999 -9999 -9999 -9999 -9999 -9999 -9999 -9999 -9999 -9999 -9999
-9999 -9999 -9999 -9999 -9999 -9999 -9999 -9999 -9999 16.1449455777 16.0678214582 15.8415877218 15.9103473464 16.0523512736 14.8758310526 14.8322214763 13.9950778527 14.7511918529 -9999 14.9912915579 -9999 -9999 -9999 -9999 13.8112579335 14.2872605594 -9999 -9999 -9999 -9999 -9999 -9999 -9999 -9999 -9999 -9999 -9999 -9999 -9999 -9999 -9999 -9999 -9999 -9999 -9999 -9999 -9999 -9999 -9999 -9999 -9999 -9999 -9999 -9999 -9999 -9999 -9999
-9999 -9999 -9999 -9999 -9999 -9999 -9999 -9999 16.7263993387 16.3662048772 15.5527181735 15.6137911696 14.8597263983 14.6341159531 14.0668028026 13.9297721008 13.3152472941 13.2723215537 13.5255880691 13.8601529381 13.3213133541 13.5015597564 -9999 13.362343126 14.2795507154 14.4310510063 -9999 -9999 -9999 -9999 -9999 -9999 -9999 -9999 -9999 -9999 -9999 -9999 -9999 -9999 -9999 -9999 -9999 -9999 -9999 -9999 -9999 -9999 -9999 -9999 -9999 -9999 -9999 -9999 -9999 -9999 -9999
-9999 -9999 -9999 -9999 -9999 -9999 16.5446518986 16.2834519411 15.9832404417 16.102333153 15.939949261 16.1451356768 15.1754178885 15.0144437804 14.0225016004 14.2516737279 13.4519077622 13.2872692269 13.7599540036 13.8068378496 13.2260438006 13.4004886944 13.3631271774 13.4384009081 14.1820903156 14.0915567385 14.3212011791 -9999 -9999 -9999 -9999 -9999 -9999 -9999 -9999 -9999 -9999 -9999 -9999 -9999 -9999 -9999 -9999 -9999 -9999 -9999 -9999 -9999 -9999 -9999 -9999 -9999 -9999 -9999 -9999 -9999 -9999
-9999 -9999 -9999 -9999 -9999 -9999 16.6680866187 16.6149295292 15.543300892 15.4209906976 14.9837261319 15.047161518 14.2414422813 14.0656403822 13.2453379073 12.9068162467 12.4418396998 10.2575979761 12.4029939612 12.2252003532 12.3252737097 12.7720245627 12.8491674689 12.9059350699 13.1920733455 13.0035356542 14.1897302443 14.3805284094 14.2015480498 14.0417749422 13.9347339782 13.9127847689 -9999 -9999 -9999 -9999 -9999 -9999 -9999 -9999 -9999 -9999 -9999 -9999 -9999 -9999 -9999 -9999 -9999 -9999 -9999 -9999 -9999 -9999 -9999 -9999 -9999
-9999 -9999 -9999 -9999 -9999 17.3231350174 16.7636682143 16.7456026308 16.3193874608 16.3521210024 15.829861301 15.5657630229 14.2025773308 13.9624305895 13.5952472782 13.5291135638 9.99131760817 5.35791785168 10.1083540278 12.2758441623 12.346266596 12.2354806916 12.6767630235 12.7741426435 13.2903560208 13.4056460126 14.0697634525 14.0724759789 14.0687120419 14.004700801 13.3138391498 13.4725303129 12.6238728504 12.522298014 -9999 -9999 -9999 -9999 -9999 -9999 -9999 -9999 -9999 -9999 -9999 -9999 -9999 -9999 -9999 -9999 -9999 -9999 -9999 -9999 -9999 -9999 -9999
-9999 -9999 -9999 -9999 -9999 17.5059466827 17.0607961221 17.0873912589 16.3436204306 16.1516050264 15.6471086212 15.822898645 10.6740130266 8.68105942343 14.5664726663 14.8128146271 11.2266388915 4.48311504696 7.96744930598 10.1365548286 11.7466126381 11.8394325652 12.5925910257 12.4788401176 12.4266681269 12.2668205366 12.8179011215 12.5884963209 12.8253663004 12.0742287134 11.3724379092 12.0008794919 12.2957365362 12.1767919766 12.110105309 11.8865394966 -9999 -9999 -9999 -9999 11.3975439456 11.3113318067 -9999 -9999 -9999 -9999 -9999 -9999 -9999 -9999 -9999 -9999 -9999 -9999 -9999 -9999 -9999
-9999 -9999 -9999 -9999 -9999 17.340205699 16.9581849039 17.0832789152 16.453723548 16.6093472102 16.0334359063 15.9017534593 14.8513377138 14.8567646769 14.827718655 14.3581726575 12.9149741089 13.6713864682 12.79548522 13.0150113709 12.1908948733 11.7296112824 12.0388518674 11.9159929239 12.3719037465 12.3303593269 12.6946898666 12.3818482867 13.042843641 11.6395335431 7.74119242421 10.259389637 12.2500896632 12.1853643181 11.6454921232 11.9842103541 11.6791216103 -9999 -9999 11.8820736827 11.6062617545 11.515255658 11.6049489144 -9999 -9999 -9999 -9999 -9999 -9999 -9999 -9999 -9999 -9999 -9999 -9999 -9999 -9999
-9999 -9999 -9999 -9999 -9999 -9999 17.6469047764 17.7746921708 17.1546890428 17.0762818076 16.2905952918 16.5068515669 16.2624597695 17.1773662469 14.6239015529 14.393806748 13.7260848354 13.6302961526 12.7533468256 12.6500741811 12.1590502037 12.2714724367 11.98564314 12.2310489289 12.0125110475 11.7093589406 11.2391165008 11.4091836934 11.582933122 11.4967956497 10.4697381157 11.2753615603 11.1499079527 11.1950919738 11.191950092 11.2828742858 11.5260839215 11.2084917721 11.3460350997 11.2643838641 10.8799128293 11.3087943084 10.6302904747 10.2243850451 -9999 -9999 -9999 -9999 10.5405661129 10.2664406951 2.57602101055 -9999 -9999 -9999 -9999 -9999 -9999
-9999 -9999 -9999 -9999 -9999 -9999 -9999 17.6374129188 16.9736307848 17.2265169778 16.763898522 16.5462886281 15.8057405648 15.1830682616 13.5684370851 14.5111808881 14.2909512976 14.1945591839 13.4893128525 13.0107907952 11.9668768895 11.9731104335 11.8292291951 11.8840841341 11.7870925611 11.4836635674 11.2761755177 11.5615748378 11.5223865299 11.4658217206 11.2761816665 11.222523623 11.2549122282 11.1881887463 11.349078711 11.3369137687 11.431819793 11.4711315183 11.2990074232 11.2849653714 10.8681054783 10.6691931246 8.78193913678 7.48809078504 6.695913334 7.05905990528 7.26697889355 6.80115457762 6.50626173727 8.68754946205 8.91064496205 7.48867013818 -9999 -9999 -9999 -9999 -9999
-9999 -9999 -9999 -9999 -9999 -9999 -9999 -9999 16.8565629654 16.7484640438 16.8316829163 17.0458936365 16.4411882484 16.666523488 15.8185034832 15.6494299358 14.1818406312 14.2103007175 13.0258626275 13.3162652155 13.9065372157 13.793737298 11.516338813 9.15438786744 8.75462666875 8.9103634724 10.2523620408 10.7658232409 10.4448952622 10.1697343524 9.8685522252 10.0242837711 10.0225790875 9.9901382728 10.3063429994 10.2774178982 10.5119816474 10.6276917473 10.3770584632 10.3328914254 9.97542696462 8.61893014209 6.27366322081 6.02650761836 5.63974794255 5.40516700192 5.74802389032 5.44093696687 5.05512382147 7.00542574098 7.77152860745 7.98346501834 7.07176690491 -9999 -9999 -9999 -9999
-9999 -9999 -9999 -9999 -9999 -9999 -9999 -9999 17.2886354022 17.0252218125 16.6527438785 16.6761799605 16.0102693175 15.9921590576 15.2140611868 15.1353735926 14.2029207884 14.4015823371 13.323501098 13.5284076394 13.8719184783 13.7324552565 11.5024389454 11.1884373059 9.86407310934 8.39416237485 9.15020886022 10.8101087747 10.6040174757 10.0829869142 9.79437655935 9.972663148 9.8595611003 9.94855725489 10.2070134275 4.51214992095 10.7251210638 10.536157243 10.3629162816 10.3182467495 9.84983552833 8.5521694999 6.08393683728 6.0667904532 5.41873935873 5.38911321551 5.71454736851 5.50430226601 5.48292447092 8.28720743074 7.85041928348 7.86404968079 7.21069569071 7.41024691479 6.49386948151 6.64362900581 -9999
-9999 -9999 -9999 -9999 -9999 -9999 -9999 -9999 -9999 17.3878177135 16.9631997598 16.5099665488 16.1344297038 16.3007306017 15.4318144553 15.4182217919 15.3651463406 15.5449691235 15.5589654091 15.605840514 15.2515978636 14.7434296521 13.9326790435 14.6145326326 11.709444669 11.2200966066 9.16936280179 8.11245090217 8.17356551412 9.87309981271 9.3515961161 9.47994023264 9.12724608298 8.84340844566 9.07719751399 7.99301768126 9.84482701428 9.69895058148 9.29380947705 9.31655508682 8.84544902033 8.88799024658 5.21491319893 5.69130602764 4.71719549432 4.41806910918 3.9272413918 4.03743006801 6.06070612055 6.47475078503 6.28610332328 6.20434771002 6.09261908975 6.31166870607 6.17679964219 3.84839304684 2.81474421498
-9999 -9999 -9999 -9999 -9999 -9999 -9999 -9999 -9999 -9999 16.8144658845 16.8396807009 16.0584529918 16.2666978096 15.2043079627 14.93288921 15.0751293835 15.6588106319 15.2318276722 14.7737696711 14.3271759055 14.1870561398 12.9602085667 12.8330847985 10.298167632 11.5264988666 10.2994576859 9.08534164739 7.18487103176 8.20996825499 9.46909272594 9.47734710386 9.44510026882 9.00557772536 9.6225237945 9.5058625879 9.77449361265 9.69892683301 9.31600958234 9.3318569058 8.96541079765 8.96024051803 7.22544241946 5.29511984739 5.55062172604 5.65936269211 4.7280073356 4.29155483612 6.57808304992 6.608239209 6.61595775634 6.51205974528 5.92248304072 6.24596811085 5.84661485612 3.60409030277 2.79284880493
-9999 -9999 -9999 -9999 -9999 -9999 -9999 -9999 -9999 -9999 -9999 8.76921500097 10.7231471143 15.8303182973 15.0788344246 14.9158999352 15.1698926898 15.1370650087 14.2280893574 14.3796000006 14.1840115765 14.1594412952 12.8374866553 12.3673716135 11.1162712241 8.52496856886 9.36037992267 10.4373288245 9.64187660695 7.6122683168 7.02573723204 8.72332140447 8.06459892994 8.27497995037 9.02462581039 8.70799247928 8.82546431904 8.80445319945 8.7141545152 8.71770566046 8.26061073137 7.89247723201 7.64029942836 6.14877462454 4.32334155681 4.12379327365 4.22500133848 4.46930652001 4.60188959811 5.93627791894 5.61962411201 5.94830479318 5.36838575531 5.24538123137 4.64909328432 4.57389326121 2.79725895147
-9999 -9999 -9999 -9999 -9999 -9999 -9999 -9999 -9999 -9999 -9999 8.04822637232 11.7690102911 15.5293517272 15.1954664047 15.0476805309 14.7040458575 14.5423342232 14.3572123584 14.3882314481 13.9881727623 14.3288263822 12.9488945976 12.6843763367 12.0025287049 12.1698622604 10.7507434164 9.71039817957 8.13529573142 9.13321508495 8.5140418375 7.65519503126 5.14375138486 6.00436186203 6.73030568629 8.51282496412 8.80725794637 8.86361861495 8.63636066724 8.41394348842 7.48442434018 8.1909583487 7.34051521271 7.48446730316 6.22654324227 4.7389253117 5.03242107591 5.45118401035 4.89946217395 4.17375562772 4.28605802222 4.2949007318 3.40255770491 5.1890895526 5.08828384301 4.85489752339 4.56887347895
-9999 -9999 -9999 -9999 -9999 -9999 -9999 -9999 -9999 -9999 -9999 16.8369667246 16.230796225 16.0550876894 14.3782008687 14.5673216922 13.8224658129 13.4161683673 13.2729415343 13.3409477035 13.2934094543 13.3613198001 12.2777311155 11.9263523683 11.1004892268 11.0863794935 10.628894834 10.5603948779 10.2365105683 9.58577457366 7.70139738065 8.73814948511 8.85119387123 8.99691608949 6.56059320453 4.89351103974 5.50885911743 4.59064409284 7.48751336154 5.71582604862 4.53369979017 7.66283256844 7.42107847357 7.70516674024 7.97772960424 7.71053832482 4.92627993489 4.65838738231 4.29933751611 4.28995716393 3.9307889533 4.22976399659 4.27883970535 4.77076092125 5.14960231315 4.31008340951 3.46065860143
-9999 -9999 -9999 -9999 -9999 -9999 -9999 -9999 -9999 -9999 -9999 -9999 15.4711928915 15.7700002124 14.8601676335 14.6399058193 13.8503274672 13.641346063 13.1171274713 13.3691840006 13.3995613441 13.2158889492 12.4293169161 12.3878194432 11.2446117468 11.3182405576 10.6900259742 10.7904311416 10.2216190653 10.082023629 9.69655321373 9.82536650643 8.80317416402 7.03565118894 7.06312060358 4.72891267184 6.04659668889 5.10348214322 4.81092231007 7.8934291509 7.93279417591 7.49512679714 7.90492116211 8.24183843169 8.18973631054 8.28855293976 5.93202448956 4.69089971514 3.79311422308 4.02755432059 3.72810512174 3.40747579142 3.01237855683 3.05853591909 2.56868662668 3.54030323504 2.08585268937
-9999 -9999 -9999 -9999 -9999 -9999 -9999 -9999 -9999 -9999 -9999 16.2412562957 16.1724472691 16.4424329623 15.7559740125 9.0943650082 11.6466484887 13.8242577186 12.6433155026 12.8652157053 12.1487608907 12.0950644102 11.3113325826 11.3965196844 10.8456112636 10.7975134391 10.1044932937 10.0101412894 9.72090303457 9.61122220702 8.83582505531 8.94560592073 8.30205521744 8.26611048128 8.07297409913 5.78407103518 5.60561538031 4.44695757282 4.04564545057 6.4916140003 7.22605000393 6.2227933811 8.94667855882 9.30946064634 9.64393248055 9.58567050426 8.54137209407 6.22519281965 4.37114007926 4.3979937252 3.40367524688 2.6400472971 2.25488545358 2.26855144598 2.00412856391 2.17169747704 2.59790734149
-9999 -9999 -9999 -9999 -9999 -9999 -9999 -9999 -9999 -9999 -9999 16.36671994 16.6981824075 16.6963438886 15.5093872882 11.5215661641 13.7956520435 14.0813736232 12.8823601832 12.942851255 10.5244920937 11.016865129 11.4965468465 11.5869591037 10.9915868723 10.8755937719 6.66335563204 7.29676592386 9.52073521219 10.6135223836 9.69366161153 9.00657027161 8.24738876911 8.26811693145 7.99919697602 5.00871418069 4.80751100338 5.59610630729 4.30281310521 4.93048821356 6.78263553376 6.04903788302 7.65052643995 8.59753694927 8.54990607438 8.35660725223 7.90390238489 7.86127675285 6.04029822854 5.39614561131 3.33867346898 3.44634286001 2.9145309614 2.81157022672 2.51566139616 2.36773347366 1.81214093185
-9999 -9999 -9999 -9999 -9999 -9999 -9999 -9999 -9999 -9999 -9999 16.9309623163 17.1972053991 16.962821094 16.5362607411 16.4446084351 14.6468729375 14.7705503785 13.8131837672 13.8796570328 10.4841427176 4.94149206547 9.6541552759 9.96287000951 7.76356836612 7.76262538808 8.3734596265 9.03705280416 8.47486156684 8.7869427677 8.32273697716 9.7445085932 9.04657488866 8.85386153769 7.51630430378 3.85212468199 3.62339123439 3.2413804827 3.99602475345 3.38073392478 7.00730686469 7.29886569341 7.05313750129 6.57433696353 6.7991371714 6.78404375633 7.05766538219 7.10179650601 6.28682831333 6.22757823861 3.51543652671 2.49053322127 1.9104192654 1.86641956136 1.63161536232 1.77329278773 1.95745017016
-9999 -9999 -9999 -9999 -9999 -9999 -9999 -9999 -9999 -9999 -9999 -9999 17.3052014679 17.1153607507 16.4145706591 16.2884691539 14.8027766254 15.0387822215 13.723549066 14.005469149 13.2254588069 13.4224156132 9.3275745678 7.90232015293 7.50128444968 7.44133860992 6.60997380845 6.79650416322 6.23499519379 5.84441070322 4.97950784462 7.06007551864 7.86408080993 8.07159826552 7.29191937024 4.53155271874 3.95865178184 3.4834898859 4.40164956942 4.34360564274 7.08570712806 6.93121843282 7.44288806663 6.64348062221 6.78342244706 6.73852932744 6.73250220038 6.92095918378 6.0009240213 6.2156283056 5.18703714359 2.83541084626 2.68053843497 2.7855990646 1.83669700674 1.89316535135 1.72705333653
-9999 -9999 -9999 -9999 -9999 -9999 -9999 -9999 -9999 -9999 -9999 -9999 18.0268002787 17.5718558551 17.0744893259 16.6365517635 15.4262162675 15.7592430147 14.7436461094 14.7755200595 13.7830841629 13.5518461756 11.0133408893 9.39378371256 8.20249458342 8.59275450436 8.42034494559 8.08953415426 6.85615073476 7.61959784973 6.29175917769 6.56704555456 8.78724850861 9.2935825882 5.38536436858 4.66980164096 3.68333128465 4.55185708018 5.31011900321 4.3284049795 6.13742121412 6.47991736044 5.96541233002 5.9289440934 5.70525369149 5.60897706733 5.20323755839 5.14692386268 4.5865462428 5.01300496317 4.36146823495 3.84065394165 3.1175312507 1.46311817327 1.12822095473 1.35313516846 0.953472176805
