data/recharge/transience/recharge401.asc
ncols                  80
nrows                 72
xllcorner      4374000.0
yllcorner      5656000.0
cellsize            500
NODATA_value       -9999
[rows 0 to 24 of 72, columns 0 to 54 of 80]
-9999 -9999 -9999 -9999 -9999 -9999 -9999 -9999 -9999 -9999 -9999 -9999 0.0610599657075 0.0591958444902 -9999 -9999 -9999 -9999 -9999 -9999 -9999 -9999 -9999 -9999 -9999 -9999 -9999 -9999 -9999 -9999 -9999 -9999 -9999 -9999 -9999 -9999 -9999 -9999 -9999 -9999 -9999 -9999 -9999 -9999 -9999 -9999 -9999 -9999 -9999 -9999 -9999 -9999 -9999 -9999 -9999
-9999 -9999 -9999 -9999 -9999 -9999 -9999 -9999 -9999 -9999 -9999 -9999 0.21420306498 0.135216135008 0.0957628519076 -9999 0.0894916769328 -9999 -9999 -9999 -9999 -9999 -9999 -9999 -9999 -9999 -9999 -9999 -9999 -9999 -9999 -9999 -9999 -9999 -9999 -9999 -9999 -9999 -9999 -9999 -9999 -9999 -9999 -9999 -9999 -9999 -9999 -9999 -9999 -9999 -9999 -9999 -9999 -9999 -9999
-9999 -9999 -9999 -9999 -9999 -9999 -9999 -9999 -9999 -9999 0.15177050199 0.141523572136 0.162254424682 0.170920779649 0.0980243550649 0.125672327728 0.109445755195 0.120495160386 -9999 -9999 -9999 -9999 -9999 -9999 -9999 -9999 -9999 -9999 -9999 -9999 -9999 -9999 -9999 -9999 -9999 -9999 -9999 -9999 -9999 -9999 -9999 -9999 -9999 -9999 -9999 -9999 -9999 -9999 -9999 -9999 -9999 -9999 -9999 -9999 -9999
-9999 -9999 -9999 -9999 -9999 -9999 -9999 -9999 -9999 0.15523859243 0.151271298439 0.148380970474 0.126857107968 0.13715496503 0.115105980506 0.115432627327 0.148769647907 0.134623358657 -9999 0.120179277145 -9999 -9999 -9999 -9999 0.168426910798 0.17278265035 -9999 -9999 -9999 -9999 -9999 -9999 -9999 -9999 -9999 -9999 -9999 -9999 -9999 -9999 -9999 -9999 -9999 -9999 -9999 -9999 -9999 -9999 -9999 -9999 -9999 -9999 -9999 -9999 -9999
-9999 -9999 -9999 -9999 -9999 -9999 -9999 -9999 0.250520291098 0.194436758738 0.130530447823 0.131400829912 0.11276414009 0.10013402321 0.092744413539 0.0859153442961 0.116415063507 0.10262982653 0.0981731702554 0.0768909903965 0.0761459892445 0.0833786918132 -9999 0.130882703166 0.215507228912 0.200648393311 -9999 -9999 -9999 -9999 -9999 -9999 -9999 -9999 -9999 -9999 -9999 -9999 -9999 -9999 -9999 -9999 -9999 -9999 -9999 -9999 -9999 -9999 -9999 -9999 -9999 -9999 -9999 -9999 -9999
-9999 -9999 -9999 -9999 -9999 -9999 0.291283498927 0.204892687198 0.150805386273 0.16303427095 0.162217530312 0.177175141383 0.13374404514 0.122057968337 0.0903452396827 0.1017904244 0.106624100945 0.103360361035 0.0837259301807 0.0754135238818 0.0727350499087 0.0796207479588 0.133810163875 0.136897789747 0.158613423348 0.149638781717 0.181205317971 -9999 -9999 -9999 -9999 -9999 -9999 -9999 -9999 -9999 -9999 -9999 -9999 -9999 -9999 -9999 -9999 -9999 -9999 -9999 -9999 -9999 -9999 -9999 -9999 -9999 -9999 -9999 -9999
-9999 -9999 -9999 -9999 -9999 -9999 0.25413945829 0.201073330608 0.129165345847 0.121884250819 0.10212950626 0.113801754803 0.0983457143801 0.0843591213999 0.0721089100336 0.0650686176174 0.0718456621361 0.0489502339436 0.0649267179146 0.0536600487445 0.0604921254323 0.0748570088319 0.0735020749489 0.100681342186 0.134962625388 0.118705274631 0.174430648466 0.121974405891 0.128152496589 0.116190540983 0.170505070939 0.166433144391 -9999 -9999 -9999 -9999 -9999 -9999 -9999 -9999 -9999 -9999 -9999 -9999 -9999 -9999 -9999 -9999 -9999 -9999 -9999 -9999 -9999 -9999 -9999
-9999 -9999 -9999 -9999 -9999 0.35246908816 0.266420215318 0.246957402125 0.192854840245 0.206288652968 0.165540660026 0.140091978145 0.0971645508047 0.0939958865618 0.0853208776905 0.0882822691646 0.0494451294965 0.0626181070286 0.0648738822378 0.0568970720517 0.0609945454399 0.0578931121982 0.0676648785011 0.0710364820802 0.136212665165 0.156229433551 0.176372375028 0.110903065387 0.119586872907 0.114859616733 0.114525035308 0.124998508795 0.109440712624 0.102657826791 -9999 -9999 -9999 -9999 -9999 -9999 -9999 -9999 -9999 -9999 -9999 -9999 -9999 -9999 -9999 -9999 -9999 -9999 -9999 -9999 -9999
-9999 -9999 -9999 -9999 -9999 0.351098426221 0.270963270061 0.274352807451 0.198784441811 0.17463988807 0.14987738472 0.166363545652 0.0576070620566 0.05356547694 0.117306284338 0.131822613711 0.047163095548 0.0289755060118 0.0417585604993 0.0357857108478 0.0705804808791 0.0660009636101 0.0841977336398 0.0791104859073 0.0837039455065 0.0684121316186 0.146613865746 0.113747259081 0.0970536837391 0.0903487627419 0.0903659250534 0.0975766303342 0.114591009974 0.106177185065 0.111683987859 0.107080370516 -9999 -9999 -9999 -9999 0.174089172834 0.118580798562 -9999 -9999 -9999 -9999 -9999 -9999 -9999 -9999 -9999 -9999 -9999 -9999 -9999
-9999 -9999 -9999 -9999 -9999 0.305317190174 0.240818117396 0.246889684636 0.216444848655 0.241165331489 0.18763820592 0.173148185954 0.129242090078 0.139810232441 0.135835943644 0.0976894353958 0.0686997332388 0.106178290418 0.0901765577316 0.0885162465915 0.0886256179428 0.0596182312902 0.0637039329366 0.0600162682319 0.0783351082754 0.091805851393 0.13658162091 0.116554271647 0.11265719968 0.0731442422967 0.0601864753983 0.0656367161898 0.11209552037 0.101948312113 0.109199250504 0.114731910199 0.115886497334 -9999 -9999 0.12370170174 0.143707752137 0.134538632646 0.157492518765 -9999 -9999 -9999 -9999 -9999 -9999 -9999 -9999 -9999 -9999 -9999 -9999
-9999 -9999 -9999 -9999 -9999 -9999 0.3324098909 0.374697660406 0.248126903488 0.226239426381 0.163347942443 0.189927572308 0.211879361437 0.318852756017 0.100165413036 0.0865906174816 0.0815419667427 0.0774987927994 0.0677745733035 0.0670788134552 0.0743627271489 0.079195598758 0.0802075123883 0.090110394173 0.0876059254999 0.077707225711 0.0982875845636 0.132043343352 0.0944874025051 0.0860276799485 0.0755519176527 0.103113858618 0.105597435244 0.121905477234 0.144774520466 0.112865943889 0.121845930602 0.155026027532 0.12874687435 0.122629622194 0.124584090081 0.164944016039 0.147854671954 0.162564849268 -9999 -9999 -9999 -9999 0.305169364308 0.258852567794 0.03178863433 -9999 -9999 -9999 -9999
-9999 -9999 -9999 -9999 -9999 -9999 -9999 0.299443672533 0.210741044611 0.26659639923 0.230316099555 0.192278235588 0.151911958209 0.124434814479 0.0958821843343 0.142150108845 0.110548014343 0.110857966507 0.103567439202 0.0806893809923 0.0679502223722 0.0684691863645 0.074073773801 0.0753787051373 0.0776952737267 0.0673011028743 0.123735188298 0.0863901034355 0.0932172490558 0.0823323120991 0.0919540222333 0.0880557787361 0.111860778426 0.0929109252811 0.117525378638 0.116034098269 0.189861766818 0.165662403614 0.12430309826 0.123827894455 0.0989981745529 0.109460873182 0.202171367482 0.284996877599 0.262787647367 0.261937910899 0.364254804376 0.294729401569 0.297599268522 0.203969339376 0.0904860458138 0.0475779502001 -9999 -9999 -9999
-9999 -9999 -9999 -9999 -9999 -9999 -9999 -9999 0.192088635598 0.170248249072 0.186793412409 0.223649025696 0.171968954131 0.197617723604 0.212541107628 0.157783575711 0.0953806654963 0.0962153191864 0.0771490747174 0.090058539427 0.136385705863 0.12730405881 0.107742612746 0.214479462227 0.236291043545 0.201190873618 0.0830236422914 0.0853989407332 0.0797308151046 0.0705215568546 0.110579871601 0.105179854503 0.100729546439 0.105647378665 0.100295927631 0.117401862205 0.116453202899 0.122982508859 0.112721164475 0.126028274731 0.211923636476 0.216872098124 0.284638922925 0.252341957908 0.26511625608 0.235697560163 0.284313970539 0.24422941674 0.236468201227 0.169060755704 0.151609573461 0.145235062833 0.0836298159263 -9999 -9999
-9999 -9999 -9999 -9999 -9999 -9999 -9999 -9999 0.263022291782 0.208652710575 0.164866641243 0.166760105911 0.144901945626 0.143204602737 0.109753186455 0.105925779028 0.0908449873499 0.100212798815 0.0902522919636 0.100739154316 0.12432947235 0.122626705849 0.151809716325 0.300938951386 0.26236051624 0.227266917889 0.217006537921 0.098923532217 0.115665797391 0.108285370873 0.0730785725385 0.0892006141489 0.0801175847339 0.0966799253055 0.102372697644 0.0698967491572 0.130658937759 0.116216514482 0.112279364775 0.109041613991 0.109454467465 0.143042869709 0.258451956672 0.257503412719 0.236813787587 0.233385350291 0.279746193996 0.252229390091 0.22644691647 0.161124678541 0.159369671013 0.160581563189 0.106672145115 0.127929760644 0.0887984853407
-9999 -9999 -9999 -9999 -9999 -9999 -9999 -9999 -9999 0.315542931003 0.224079454085 0.156081957247 0.150707786499 0.156484758938 0.131817652908 0.1349486918 0.161232635863 0.178558379581 0.192242001956 0.192242115372 0.18782136881 0.125515304491 0.137166795316 0.41336082016 0.342186973853 0.322987876512 0.262638384089 0.216745531162 0.107301232628 0.108767511252 0.1178054926 0.12056230443 0.121140634408 0.105705690834 0.0782516836962 0.0765897657409 0.116574724058 0.10651463315 0.0984945555682 0.100227464221 0.0973452464704 0.123982949863 0.227488702289 0.374749278473 0.29072256755 0.213097535169 0.199744683645 0.189094881711 0.12733491533 0.121395603193 0.131016559857 0.124440927605 0.0861428755849 0.0904649420485 0.102129896357
-9999 -9999 -9999 -9999 -9999 -9999 -9999 -9999 -9999 -9999 0.180078952093 0.190392140859 0.145799245711 0.157027099742 0.11665306626 0.103233806956 0.13125444379 0.170576655975 0.163395532317 0.141787539878 0.136172033355 0.153900945637 0.115024407198 0.116988691274 0.254977364116 0.381656909341 0.417543115904 0.259772500163 0.215927638324 0.108520733133 0.0933551339613 0.0940303221986 0.105435989106 0.105251838698 0.132506944808 0.10445902586 0.111998755213 0.106653617146 0.0997978909291 0.100777760932 0.105535081842 0.103086320826 0.0773278075583 0.15442800846 0.342982005648 0.400631160536 0.349277676403 0.236565555975 0.140621519249 0.13364031318 0.161513634583 0.152616361325 0.10120442269 0.0895402606352 0.0809703123884
-9999 -9999 -9999 -9999 -9999 -9999 -9999 -9999 -9999 -9999 -9999 0.100199286873 0.0823094390255 0.139856881805 0.117945138168 0.104439269548 0.199411456524 0.195145392689 0.152550779515 0.138671021612 0.157248170843 0.171070273565 0.191648939343 0.140370947231 0.149910953999 0.232792753016 0.404879931824 0.407615618478 0.280822567175 0.11245911448 0.114708148423 0.0985714905141 0.0874401554044 0.10460653463 0.10208442519 0.0928533012592 0.0993188480435 0.098171438489 0.101060835863 0.100983870248 0.108627123061 0.0892441412629 0.0982705529919 0.0931057218109 0.171246908405 0.234004561883 0.20547973076 0.253318631307 0.117737164716 0.119613576053 0.127798262104 0.152954686658 0.132538136311 0.0886916402321 0.0688218945769
-9999 -9999 -9999 -9999 -9999 -9999 -9999 -9999 -9999 -9999 -9999 0.0637480284574 0.0678575853427 0.112584249318 0.121287715636 0.143219978705 0.158370639493 0.126692900552 0.105000948388 0.106736648463 0.11892694638 0.14256589697 0.128173933996 0.162310109582 0.132537424642 0.186537587129 0.18408291978 0.191081790344 0.237734568629 0.170266836652 0.240814482959 0.292176950487 0.209996186805 0.175941009091 0.14604534366 0.0981531924395 0.0986282620857 0.101436160574 0.0966654678499 0.0937586238056 0.0988389501101 0.113489744332 0.085510564212 0.0896013574484 0.104095574305 0.252742631255 0.389139375533 0.410714583232 0.371819759877 0.221283812018 0.313752887986 0.214832032082 0.128350552243 0.103108429298 0.0968819390741
-9999 -9999 -9999 -9999 -9999 -9999 -9999 -9999 -9999 -9999 -9999 0.229523331025 0.175928675661 0.157459374783 0.0976430053013 0.144110721095 0.155614007273 0.0940654320418 0.073188851078 0.0885226643268 0.106446345845 0.110065995213 0.171499081188 0.146703071175 0.120680689781 0.109452535623 0.128609095881 0.124981396919 0.146125626607 0.128663930557 0.151721793583 0.281944614271 0.491861610824 0.389537690974 0.177973557188 0.212016633532 0.222922358383 0.150899986282 0.0822903265958 0.0546428695252 0.0552618419202 0.103390645301 0.125146826686 0.151376189793 0.187677402439 0.258964121108 0.311553351262 0.266266934835 0.27495734817 0.332192382437 0.353360075288 0.407429407596 0.423876184742 0.328383098029 0.148277374758
-9999 -9999 -9999 -9999 -9999 -9999 -9999 -9999 -9999 -9999 -9999 -9999 0.120454918826 0.145823728737 0.12648982391 0.113939084893 0.14591584447 0.152830998545 0.122226781942 0.0947346243161 0.111636164664 0.10244529195 0.124926833896 0.143440118999 0.117851912644 0.121545243507 0.131842073146 0.138038541651 0.142283111252 0.133467474697 0.12513102696 0.133459264781 0.0999956810289 0.133402905455 0.162594076943 0.0710944438356 0.205698184244 0.206286482528 0.144525704875 0.0972982083211 0.115959618005 0.10111973851 0.173187710774 0.216261628012 0.248709792292 0.238721640357 0.222693043854 0.271606770806 0.19692780166 0.256133496677 0.350411791633 0.267405923959 0.228613301904 0.214610417989 0.167703324601
-9999 -9999 -9999 -9999 -9999 -9999 -9999 -9999 -9999 -9999 -9999 0.183797463992 0.164608571044 0.186161272441 0.18093871381 0.0925724080786 0.0741812845201 0.117371976942 0.118019473128 0.0956000624925 0.0899284454039 0.087811512496 0.0970992019366 0.100592796834 0.131232128492 0.128358845319 0.151732000292 0.139254063357 0.164689139868 0.157443026872 0.121607191563 0.128041872776 0.0999725707 0.0983592333267 0.0944113868723 0.193733305719 0.235087856965 0.193711295744 0.170104144961 0.079048425289 0.102220763232 0.0848952629107 0.18582007909 0.23904034753 0.343903758636 0.340705832132 0.256359964164 0.361078000226 0.310600988601 0.307110449965 0.284854813069 0.211183795744 0.191931070453 0.19399732786 0.184384692866
-9999 -9999 -9999 -9999 -9999 -9999 -9999 -9999 -9999 -9999 -9999 0.200461296253 0.247693775328 0.228868017234 0.140641242098 0.0675041686939 0.104213735416 0.107074147934 0.095492410401 0.104009766056 0.106622614888 0.111936291707 0.11134579147 0.110124388087 0.140485008975 0.136874324488 0.173798225513 0.198380992432 0.179395262948 0.250397457729 0.184777712266 0.131768926734 0.0974430028726 0.098474638155 0.0906843672827 0.109423821854 0.216990028755 0.290351281679 0.260625265945 0.123472208712 0.082073477352 0.119892600423 0.140081112325 0.139832220436 0.152368770982 0.142324345264 0.187230387408 0.197175418299 0.176223015144 0.228876526183 0.313339705181 0.342724749165 0.307437151101 0.281597113296 0.268814719837
-9999 -9999 -9999 -9999 -9999 -9999 -9999 -9999 -9999 -9999 -9999 0.31269565764 0.284942404613 0.216284710357 0.200925175297 0.192069983959 0.113503882485 0.149320160333 0.117347314075 0.129898757709 0.0757905246993 0.0788725497982 0.088408902033 0.195356373867 0.198851609667 0.198172944094 0.225901912891 0.166406116703 0.132716962645 0.115680338325 0.107079395597 0.182171089238 0.163443848739 0.147109880475 0.0961990700434 0.106997960316 0.161213493505 0.139978496072 0.248014822701 0.0997699484691 0.10313192336 0.150670365297 0.181222680532 0.130571320608 0.122691676413 0.132541257895 0.12291415471 0.128241132512 0.1244091565 0.114903193363 0.172816380086 0.290353867204 0.19287133953 0.179678595574 0.161030928432
-9999 -9999 -9999 -9999 -9999 -9999 -9999 -9999 -9999 -9999 -9999 -9999 0.303535107623 0.271069623105 0.185804865819 0.156765278975 0.190318213308 0.184836531731 0.140853410542 0.128551983624 0.155699636506 0.179475192623 0.145025369948 0.147351357672 0.17685853793 0.172375958549 0.166059953682 0.180983043271 0.176876251033 0.146225916157 0.111430133894 0.088715478718 0.0881834158911 0.0977211208524 0.0848316397218 0.169735392068 0.173008311988 0.172908917935 0.211564273233 0.128028630682 0.100389131698 0.0863095113591 0.107867512231 0.153469123437 0.173765598422 0.168228369999 0.11040293479 0.114598571374 0.107017423855 0.10904953855 0.0938942118549 0.0236928773201 0.0258261254191 0.141576063908 0.151155643077
-9999 -9999 -9999 -9999 -9999 -9999 -9999 -9999 -9999 -9999 -9999 -9999 0.398098978315 0.278471820214 0.202113202119 0.252877137428 0.201433581577 0.200818420229 0.1852713622 0.126890733526 0.145656423925 0.120007541538 0.123993745961 0.242820137669 0.203848005165 0.238073837687 0.309988151066 0.255166335278 0.202860502659 0.287746452413 0.210365385159 0.223037436823 0.163299410975 0.168239865812 0.126574455597 0.190323479903 0.189225877328 0.197716997815 0.279019834692 0.171880201302 0.12065897195 0.0781417888777 0.0765378975619 0.0776431841016 0.115410468091 0.121296719462 0.102953542406 0.0858434155107 0.0828875100085 0.0913183688083 0.0898079848906 0.0582202427669 0.0822408209522 0.118406707036 0.126593414634
