data/recharge/transience/recharge364.asc
ncols                  80
nrows                 72
xllcorner      4374000.0
yllcorner      5656000.0
cellsize            500
NODATA_value       -9999
[rows 0 to 24 of 72, columns 0 to 56 of 80]
-9999 -9999 -9999 -9999 -9999 -9999 -9999 -9999 -9999 -9999 -9999 -9999 14.9099563504 15.184921125 -9999 -9999 -9999 -9999 -9999 -9999 -9999 -9999 -9999 -9999 -9999 -9999 -9999 -9999 -9999 -9999 -9999 -9999 -9999 -9999 -9999 -9999 -9999 -9999 -9999 -9999 -9999 -9999 -9999 -9999 -9999 -9999 -9999 -9999 -9999 -9999 -9999 -9999 -9999 -9999 -9999 -9999 -9999
-9999 -9999 -9999 -9999 -9999 -9999 -9999 -9999 -9999 -9999 -9999 -9999 16.4358522566 15.0209910763 14.8078018934 -9999 15.2773230692 -9999 -9999 -9999 -9999 -9999 -9999 -9999 -9999 -9999 -9999 -9999 -9999 -9999 -9999 -9999 -9999 -9999 -9999 -9999 -9999 -9999 -9999 -9999 -9999 -9999 -9999 -9999 -9999 -9999 -9999 -9999 -9999 -9999 -9999 -9999 -9999 -9999 -9999 -9999 -9999
-9999 -9999 -9999 -9999 -9999 -9999 -9999 -9999 -9999 -9999 13.593640382 13.2935322897 15.0054150665 15.1485570502 13.5442504562 13.1380451765 12.8570408299 13.0138446305 -9999 -9999 -9999 -9999 -9999 -9999 -9999 -9999 -9999 -9999 -9999 -9999 -9999 -9999 -9999 -9999 -9999 -9999 -9999 -9999 -9999 -9999 -9999 -9999 -9999 -9999 -9999 -9999 -9999 -9999 -9999 -9999 -9999 -9999 -9999 -9999 -9999 -9999 -9999
-9999 -9999 -9999 -9999 -9999 -9999 -9999 -9999 -9999 12.7797645189 13.5797188696 13.4615501226 13.9810386319 14.2957816066 14.1329124524 13.820761867 13.7079503577 14.8434673187 -9999 16.1379895081 -9999 -9999 -9999 -9999 15.9644850141 16.4574288141 -9999 -9999 -9999 -9999 -9999 -9999 -9999 -9999 -9999 -9999 -9999 -9999 -9999 -9999 -9999 -9999 -9999 -9999 -9999 -9999 -9999 -9999 -9999 -9999 -9999 -9999 -9999 -9999 -9999 -9999 -9999
-9999 -9999 -9999 -9999 -9999 -9999 -9999 -9999 13.8419518366 12.991918608 12.4757615223 12.5624222944 12.7964074786 12.3099028307 12.8697155076 12.544760613 12.9107964098 12.6087785389 13.3502225605 13.9963072703 14.2444132201 14.6910802074 -9999 14.7853997889 17.1274782738 17.0671953656 -9999 -9999 -9999 -9999 -9999 -9999 -9999 -9999 -9999 -9999 -9999 -9999 -9999 -9999 -9999 -9999 -9999 -9999 -9999 -9999 -9999 -9999 -9999 -9999 -9999 -9999 -9999 -9999 -9999 -9999 -9999
-9999 -9999 -9999 -9999 -9999 -9999 13.0985742974 12.1534218877 12.1525189271 12.4068623717 13.2495727035 13.6525739045 13.4823424369 13.1244804922 12.7612254882 13.2834816876 13.1605361141 12.8077693079 13.8675983022 13.8878397623 14.0141000675 14.4537533798 15.0075375619 14.8978696798 16.1712568632 15.9341332898 16.8851311905 -9999 -9999 -9999 -9999 -9999 -9999 -9999 -9999 -9999 -9999 -9999 -9999 -9999 -9999 -9999 -9999 -9999 -9999 -9999 -9999 -9999 -9999 -9999 -9999 -9999 -9999 -9999 -9999 -9999 -9999
-9999 -9999 -9999 -9999 -9999 -9999 12.6543399464 12.1559700746 11.0566932056 10.8574262134 11.1437190391 11.5195216663 11.7569952075 11.237003938 11.5221857938 10.9157420691 11.5205496906 8.6471517083 11.9827053313 11.9496913051 12.8965545203 13.9889202328 14.1662272463 14.4303993693 15.0026429276 14.5250385441 16.9119662637 17.2493226593 17.6523756788 17.1791285367 18.7913613032 18.7071271369 -9999 -9999 -9999 -9999 -9999 -9999 -9999 -9999 -9999 -9999 -9999 -9999 -9999 -9999 -9999 -9999 -9999 -9999 -9999 -9999 -9999 -9999 -9999 -9999 -9999
-9999 -9999 -9999 -9999 -9999 13.4942309776 12.8525080939 12.7757349585 12.4990272276 12.6038945448 12.7983816999 12.2429958979 11.5706915605 11.5228757935 12.208861888 12.2545117091 8.57282455752 4.48253926525 9.38746011765 12.0679068646 12.9414765438 12.6686527347 13.7322355185 13.9838464657 15.2863165773 15.6475285574 16.6795387548 16.3837421432 17.2882561028 17.0963988785 16.9445601735 17.3920335126 16.6442497571 16.3412959079 -9999 -9999 -9999 -9999 -9999 -9999 -9999 -9999 -9999 -9999 -9999 -9999 -9999 -9999 -9999 -9999 -9999 -9999 -9999 -9999 -9999 -9999 -9999
-9999 -9999 -9999 -9999 -9999 13.2117091589 12.6902963118 12.7339686892 12.1416003877 11.7235229163 12.1008567473 12.4628239386 7.90697610127 6.3160098174 13.5087226896 13.936482636 10.2264919921 3.53271215114 6.9668960538 9.41130668395 12.3212479312 12.6979035388 14.3816962526 14.0762107477 14.2908193439 13.6315410979 15.1985683597 14.5374382788 15.6576963184 14.7474494044 14.3275026275 15.3981141216 16.5858348454 16.2219243646 16.8296990408 16.4129056593 -9999 -9999 -9999 -9999 16.9942551333 16.61296039 -9999 -9999 -9999 -9999 -9999 -9999 -9999 -9999 -9999 -9999 -9999 -9999 -9999 -9999 -9999
-9999 -9999 -9999 -9999 -9999 12.8077866722 12.3750936707 12.394063117 12.4018410322 12.7527585005 12.8961125813 12.6177824259 12.5189930552 12.9340206928 14.1213464232 12.8423665445 12.4977459619 14.0611960287 13.8080544634 14.3513642207 13.4406906584 12.4253725064 12.9589444429 12.6455564221 14.1094520478 14.0236904331 14.930286841 14.1682815649 16.0746377791 14.009822095 8.954402087 12.6813535563 16.4625178712 16.3565806248 16.3296307752 16.7212743367 16.7850910498 -9999 -9999 17.2236266624 17.505755654 17.217905723 17.7021688287 -9999 -9999 -9999 -9999 -9999 -9999 -9999 -9999 -9999 -9999 -9999 -9999 -9999 -9999
-9999 -9999 -9999 -9999 -9999 -9999 13.0432966265 13.1905851604 12.6596992803 12.4024919683 12.2254389857 12.7363966248 14.1751634072 15.2662193897 12.557006179 11.9374485291 12.7933743676 12.5834483347 12.4780855691 12.3292243396 13.0104908552 13.3127959863 13.4420623403 14.0495787537 13.9591425459 13.187750771 13.1084441213 13.701292233 14.1147594966 14.0137575684 13.6225165535 14.9803399663 15.282045062 15.1801241794 15.949608039 16.1546427111 16.7671758441 16.0711847861 17.2591838323 17.0141786667 16.8645469855 18.1876716801 16.5145976958 15.6282005111 -9999 -9999 -9999 -9999 15.987322575 15.3252111487 3.25859588334 -9999 -9999 -9999 -9999 -9999 -9999
-9999 -9999 -9999 -9999 -9999 -9999 -9999 12.5908217188 12.1801894485 12.8686130988 13.378354922 12.8032693457 12.8693100963 11.8260514689 12.3030424758 13.6500335675 14.2014287819 14.0101779939 14.4153039457 13.2309547386 12.5456201765 12.5772701795 13.0386552435 13.1470361384 13.3461178846 12.5695561522 13.383865947 13.6094934302 14.1413425576 13.8823074398 14.6393488874 14.5256349661 15.4216492405 15.0320744196 16.3529327342 16.3054704269 16.9667492223 16.9074259305 17.1044797353 17.0710368018 16.3844053705 16.1825368991 15.2936060143 14.5174352773 13.3345549431 13.9262552062 13.9465042179 13.1882034344 12.3445463881 13.7104677298 12.1779132752 9.69450442962 -9999 -9999 -9999 -9999 -9999
-9999 -9999 -9999 -9999 -9999 -9999 -9999 -9999 11.4369300227 11.134594972 12.6402922081 13.2371151529 13.4523372193 13.9679373118 14.5795129998 13.9460826325 12.8844630093 12.9353463495 12.3746279283 13.106224516 15.5244376246 15.2159111096 16.1486124501 16.7866656176 16.7184404392 17.1045797826 14.1345068491 12.7535856302 12.6632269641 12.0088325335 12.9712673234 13.2844425646 13.9520259208 13.6519797243 14.9785074395 15.0764805085 16.0495331345 16.3978785238 16.2782800028 16.1874341469 16.3889868067 15.6780286599 13.6948374733 13.2221158448 12.6201271009 12.138871667 12.381891815 11.7834203421 10.663864179 12.2408628277 11.3419217919 11.697578544 9.48277348606 -9999 -9999 -9999 -9999
-9999 -9999 -9999 -9999 -9999 -9999 -9999 -9999 12.4517471378 11.7696641882 12.1953004786 12.2414938143 12.7966545568 12.7524364424 12.767938373 12.6010295059 12.7306107302 13.1729579057 13.1193065358 13.6339949813 15.1597805636 15.0473981499 18.2760028 19.9033116897 18.5120399696 16.0987242941 18.1626541354 15.3357342656 13.3195112463 12.289572739 12.367805137 12.9252680938 13.1323406543 13.4817436537 14.8533693553 5.57399827213 16.7009597869 16.1148026927 16.2440970962 16.1009788618 16.0124042935 15.3448221532 13.3509167405 13.2986613275 12.1759380669 12.1120832724 12.3174469185 11.9072557845 11.2330386815 12.8000086334 11.5250202377 11.5560496859 9.82435958608 10.298279228 8.16106655968 8.55468497575 -9999
-9999 -9999 -9999 -9999 -9999 -9999 -9999 -9999 -9999 13.2830473171 13.229251074 11.9950115687 12.8552986072 12.8896247683 13.0817236595 13.1323416459 14.7686480558 15.178196121 16.3915313334 16.4588292374 16.8902405067 15.2398836777 16.8462748769 24.1312322993 20.8728140755 19.7639009759 17.2017564597 16.2366504895 13.7261062187 12.1981630087 12.4128075964 12.7271188067 12.9342555309 12.2010542819 13.3742081151 11.8280696648 15.5593574823 15.0994816909 15.1000116369 15.1796607119 15.1487525465 15.3842687306 12.6702168709 13.9139338031 11.8861651758 11.0851567678 9.73211555919 9.91937675811 10.7987042721 10.7942131425 9.86260415924 9.65994282268 8.48618237098 8.82896164003 8.13668231722 6.91640152386 5.06842856996
-9999 -9999 -9999 -9999 -9999 -9999 -9999 -9999 -9999 -9999 12.4889607996 12.5999063316 12.6868041756 12.8852337785 12.5820235174 12.0556288823 13.5109734874 14.9058509858 15.0890496886 14.0906278082 14.4106365052 14.2760618782 13.602397361 17.2738112166 18.4779501621 20.0679486247 18.982585298 17.2353976058 15.0536948595 14.8748501991 12.3763301285 12.4094370583 13.5300463285 12.7532267427 14.6858095993 14.222384997 15.3454218252 15.1024306796 15.1692328319 15.2194767138 15.5428043283 15.560604127 14.32003756 13.1605354727 13.9669469582 13.8371206125 11.79164543 10.5399857503 11.3525085454 11.311642923 10.6551835273 10.4095017274 8.44595181897 8.86455918485 7.26163734062 6.74596930889 5.01654696975
-9999 -9999 -9999 -9999 -9999 -9999 -9999 -9999 -9999 -9999 -9999 6.04944156671 7.40278381564 12.3573049779 12.4634154503 11.9924524302 13.696800841 13.6158210886 13.226705473 13.6284212293 14.7938877632 14.759195304 13.7722490953 12.6134012022 14.3616267785 15.5500595783 17.1778814579 19.9377838651 18.7379981099 10.1584628341 13.0719799608 12.5008646794 12.348993424 12.6271425031 13.6058176729 12.7983506598 13.9690868246 13.9058078322 14.6903102505 14.6952858344 15.4377004293 14.669123629 15.1871041541 13.8454510196 11.6409926386 11.1924398777 11.0505563856 11.9069497456 10.3979980249 10.7115151554 9.03457401379 9.70681529542 8.11451877289 7.54642214854 5.73560852919 5.86426540305 4.49633803476
-9999 -9999 -9999 -9999 -9999 -9999 -9999 -9999 -9999 -9999 -9999 5.06520474579 8.16949992388 11.6480897652 12.6723815381 12.4501952777 12.7216570089 12.2874588792 13.3501855356 13.4313301852 14.0549737502 14.9653470172 13.5064027205 13.2802007233 13.2868722104 14.160057078 15.950962414 18.1223899027 16.9056090127 15.4332784377 17.4314196681 17.0202369525 14.1989445397 15.3074637221 15.4601324282 13.2258805286 13.9216840077 14.0848079071 14.4490530436 14.2558019253 14.2155917726 15.7801862259 14.5822338734 14.7709168461 13.8958027211 12.7638402302 13.2250058324 14.1663445028 12.2966471979 10.4379940899 9.91699506974 9.79109851648 7.15609417826 8.36371989793 6.93384632338 6.3011653827 5.10996300526
-9999 -9999 -9999 -9999 -9999 -9999 -9999 -9999 -9999 -9999 -9999 13.7651175707 13.5694746215 13.1533319521 11.7208227535 12.1967432466 12.1355955536 10.9824420962 11.6293592813 12.1187420187 12.9546579158 13.127696057 12.9828599695 12.111453666 11.7358512217 11.4756786047 11.6196761788 11.4389554481 12.239884161 13.8078109297 15.8144945035 18.474674032 19.9181622364 19.9878473959 14.6090980256 11.642482991 13.9736166614 12.9730112654 13.5159794754 9.17370812623 7.65433818262 14.6584400738 15.6957892784 16.4441220111 17.0303773743 17.9433240703 12.8734708087 12.1901334041 10.7258711381 10.8261370984 9.00134647082 9.64467819595 8.96808252609 9.71374163329 7.95321118716 5.06068013562 3.26028529388
-9999 -9999 -9999 -9999 -9999 -9999 -9999 -9999 -9999 -9999 -9999 -9999 12.0871740276 12.8197578618 12.8481130077 12.1965655038 12.3111084727 11.9049270728 11.8946864455 12.3129214917 13.2101533812 12.7544725648 12.9377248662 13.0491937079 11.9057552031 12.0921116604 11.7778782215 12.0570178174 12.0352095325 11.6379085407 12.0169659733 12.3973292751 13.3163995389 15.438812065 16.2770979139 6.4771713365 14.9840213753 12.7507746947 14.9479457436 13.6646681329 14.9404826689 14.6001990397 16.8291439232 17.6074917387 17.8594930504 17.860145705 14.1930975614 12.2739017806 9.35662814665 10.0289947887 8.62358459734 7.79921033853 6.32558243343 6.38619761974 5.01071102548 5.33616907231 1.66344258489
-9999 -9999 -9999 -9999 -9999 -9999 -9999 -9999 -9999 -9999 -9999 13.0851025246 13.7858163658 14.2512272144 14.5341097684 7.42963237964 10.0924798528 12.5365840149 11.9281064948 12.1809575857 11.5770215655 11.4447052157 11.1642475873 11.3703950516 11.7097555694 11.5788455328 10.9769196344 10.7146904129 11.1850783901 10.8857161207 10.6335220386 10.953840651 10.7574419932 10.6568443149 11.5265996781 14.6079776452 14.1543939098 10.4096026102 10.0869073803 12.5037265421 13.4438102126 13.1119192604 16.7040106791 17.7806077681 18.6265642689 18.5270325064 16.2959843423 14.5736048273 10.6549056789 10.678118868 7.72344392632 5.92552387796 4.67352834797 4.7048171613 3.80516915305 4.15336129364 4.61123435756
-9999 -9999 -9999 -9999 -9999 -9999 -9999 -9999 -9999 -9999 -9999 13.4130349078 15.3526177132 15.0466750005 13.8232422723 9.17580173619 12.7909647589 12.931586813 12.1916939984 12.3959986659 9.85833911312 10.2118214432 11.6486884687 11.8728890806 12.1094105944 12.2290582291 6.22013699319 7.01325404933 11.5527633216 13.8314692114 13.1640973475 11.1310804062 10.6010127265 10.6634818369 11.3003437156 12.5907757242 11.5803122337 13.940006379 10.9192502148 14.0206880259 12.4775978034 13.5285579396 16.0467020056 16.1919161584 16.2508942778 15.8419122642 14.9886242069 15.2018459131 12.1468793449 11.8723962152 7.59073280358 7.84905257626 6.20725033202 5.95756718055 4.91358568964 4.5929088017 3.05987224517
-9999 -9999 -9999 -9999 -9999 -9999 -9999 -9999 -9999 -9999 -9999 15.5221228518 16.7437045489 15.651411094 16.085716995 15.8424102177 13.7477546849 14.2555051089 14.0042977143 14.2492694171 9.94145786078 4.37199851429 11.1598124286 13.9277717115 12.202808951 12.2052418668 13.1807176659 12.8009558322 11.6289325992 10.8031192695 10.9059948618 13.1309179085 13.2708160684 12.685669623 10.9958972409 10.1496636742 7.69357403069 6.06194395471 9.55325298094 10.0395497155 12.5530913057 12.9401330111 12.9208474866 12.2142914699 12.1092868213 12.1425114113 11.727152257 11.8351145727 9.78616375652 9.42872375409 6.80408869932 5.52711151463 3.92405328499 3.78305934549 3.00751635852 3.37939435647 3.45617716468
-9999 -9999 -9999 -9999 -9999 -9999 -9999 -9999 -9999 -9999 -9999 -9999 17.0108616624 16.5360725025 15.8601962162 15.2514508022 14.7619779102 14.8453858671 13.9555869005 14.3902169929 14.2551623448 15.0763676456 12.7744057186 11.6067743721 11.744062919 11.6362447913 10.8062437981 11.1618462932 10.764606804 9.95299789403 8.94443794974 10.0868007228 9.75050200448 10.3561194983 10.3123468923 10.9101211834 8.86558955737 7.1212097595 10.904493693 13.1435039826 12.4051124644 11.5950280223 12.7499042014 11.9672919169 12.1789501806 12.2700629783 11.1252403922 11.3145805242 9.12482828697 9.15943610102 6.95441893813 2.93607973842 2.96845517998 5.31560364679 3.40787739628 3.40307394856 2.72461134129
-9999 -9999 -9999 -9999 -9999 -9999 -9999 -9999 -9999 -9999 -9999 -9999 19.1828034156 17.6901995141 17.3354798909 16.6119089265 15.5479238301 16.0614888142 15.6040555477 14.8886429038 14.9889848466 14.3045406151 13.7599002845 14.0437195533 12.8847290404 13.5234306179 14.025560475 13.3762962847 12.0213031091 13.4277335043 11.8790033435 12.3191222127 13.8218036271 13.6672560718 13.271011217 10.32761226 8.12474101501 10.5880300149 13.2321461792 11.9385191495 11.7724220867 10.1125548625 9.17535011206 9.08406283319 8.77604581778 8.94944302969 7.8679966101 7.89574274643 6.36240129826 6.73794209697 5.41140163695 4.37705302554 3.94282017329 2.7278548215 1.79191587365 2.34118718857 1.35722558004
