data/recharge/transience/recharge554.asc
ncols                  80
nrows                 72
xllcorner      4374000.0
yllcorner      5656000.0
cellsize            500
NODATA_value       -9999
[rows 0 to 25 of 72, columns 0 to 56 of 80]
-9999 -9999 -9999 -9999 -9999 -9999 -9999 -9999 -9999 -9999 -9999 -9999 34.4996880702 35.3148816008 -9999 -9999 -9999 -9999 -9999 -9999 -9999 -9999 -9999 -9999 -9999 -9999 -9999 -9999 -9999 -9999 -9999 -9999 -9999 -9999 -9999 -9999 -9999 -9999 -9999 -9999 -9999 -9999 -9999 -9999 -9999 -9999 -9999 -9999 -9999 -9999 -9999 -9999 -9999 -9999 -9999 -9999 -9999
-9999 -9999 -9999 -9999 -9999 -9999 -9999 -9999 -9999 -9999 -9999 -9999 31.2727583992 29.4181200648 28.0504971028 -9999 29.6148987547 -9999 -9999 -9999 -9999 -9999 -9999 -9999 -9999 -9999 -9999 -9999 -9999 -9999 -9999 -9999 -9999 -9999 -9999 -9999 -9999 -9999 -9999 -9999 -9999 -9999 -9999 -9999 -9999 -9999 -9999 -9999 -9999 -9999 -9999 -9999 -9999 -9999 -9999 -9999 -9999
-9999 -9999 -9999 -9999 -9999 -9999 -9999 -9999 -9999 -9999 30.7686993418 29.6455793158 30.8109634429 30.1628269415 27.1915564296 26.7606449686 26.550334893 27.0957790697 -9999 -9999 -9999 -9999 -9999 -9999 -9999 -9999 -9999 -9999 -9999 -9999 -9999 -9999 -9999 -9999 -9999 -9999 -9999 -9999 -9999 -9999 -9999 -9999 -9999 -9999 -9999 -9999 -9999 -9999 -9999 -9999 -9999 -9999 -9999 -9999 -9999 -9999 -9999
-9999 -9999 -9999 -9999 -9999 -9999 -9999 -9999 -9999 30.1228503494 30.1943567823 30.0120312798 29.0950501522 29.4778070527 28.5030051637 28.1508920988 27.1496846038 29.7804027399 -9999 30.2266826505 -9999 -9999 -9999 -9999 29.9668822889 31.3582760894 -9999 -9999 -9999 -9999 -9999 -9999 -9999 -9999 -9999 -9999 -9999 -9999 -9999 -9999 -9999 -9999 -9999 -9999 -9999 -9999 -9999 -9999 -9999 -9999 -9999 -9999 -9999 -9999 -9999 -9999 -9999
-9999 -9999 -9999 -9999 -9999 -9999 -9999 -9999 32.2989671945 31.2251160955 29.465618689 29.9192669914 28.8584087892 28.4532440151 27.6907117183 27.8146754511 26.596990977 26.3090900787 27.0160991356 28.1421532016 27.4850744689 28.0833612533 -9999 29.3933162726 30.9284298869 31.8253721322 -9999 -9999 -9999 -9999 -9999 -9999 -9999 -9999 -9999 -9999 -9999 -9999 -9999 -9999 -9999 -9999 -9999 -9999 -9999 -9999 -9999 -9999 -9999 -9999 -9999 -9999 -9999 -9999 -9999 -9999 -9999
-9999 -9999 -9999 -9999 -9999 -9999 33.8995166148 31.0620273837 30.2866142393 30.5318873289 30.4289008724 30.897378491 29.5725569045 29.3584450112 27.8095394808 28.2658471917 26.7566477534 26.2619344824 27.8776612129 27.5355989498 27.0670960861 27.4561205649 28.707068311 27.9977711758 29.5507353761 29.6262427524 31.5253991116 -9999 -9999 -9999 -9999 -9999 -9999 -9999 -9999 -9999 -9999 -9999 -9999 -9999 -9999 -9999 -9999 -9999 -9999 -9999 -9999 -9999 -9999 -9999 -9999 -9999 -9999 -9999 -9999 -9999 -9999
-9999 -9999 -9999 -9999 -9999 -9999 34.2745391764 32.3984333329 29.841635186 29.4700204424 28.9057607181 29.8630257974 28.4802187708 27.4003030108 26.406673855 26.3334277179 26.6679755711 22.2804887095 27.3342703015 25.7313315129 26.2730689063 27.5457723992 27.785850285 27.6114913193 28.2435675159 27.9011672997 30.4548987091 32.2298184093 31.7959404764 31.5955506512 32.3788991786 32.6135858198 -9999 -9999 -9999 -9999 -9999 -9999 -9999 -9999 -9999 -9999 -9999 -9999 -9999 -9999 -9999 -9999 -9999 -9999 -9999 -9999 -9999 -9999 -9999 -9999 -9999
-9999 -9999 -9999 -9999 -9999 34.4644219912 33.3572620956 32.9918249523 31.6449712535 31.5463951133 30.5901189441 29.8222284132 27.520505793 27.578416498 27.50686476 27.8519086783 22.1329306025 12.1442887965 22.0789658162 26.0262907196 26.4677709692 26.2726371522 27.1958843533 27.384701055 28.4758168923 29.1028460489 30.0717350143 30.7710701069 31.1587215368 31.1423493212 31.1521523626 31.737534811 31.2528755229 31.1765048499 -9999 -9999 -9999 -9999 -9999 -9999 -9999 -9999 -9999 -9999 -9999 -9999 -9999 -9999 -9999 -9999 -9999 -9999 -9999 -9999 -9999 -9999 -9999
-9999 -9999 -9999 -9999 -9999 35.1201720053 33.667735246 33.8140046418 32.3236136812 31.9203412371 31.0793794651 31.3748156749 22.271519686 18.8758900725 29.4788480723 29.0209932373 23.3541375413 10.1734850118 18.7997266995 23.6873540385 26.8336540047 26.2905038706 28.011798069 27.9601354835 27.9472725569 26.8796347733 28.6084467544 28.8242672364 29.1781209801 28.1597745014 28.1709599207 29.5326030634 30.5479368177 30.5061882296 30.6347929853 31.0063203265 -9999 -9999 -9999 -9999 31.0086417102 30.6509501439 -9999 -9999 -9999 -9999 -9999 -9999 -9999 -9999 -9999 -9999 -9999 -9999 -9999 -9999 -9999
-9999 -9999 -9999 -9999 -9999 34.7423632133 33.7929291495 33.3588961307 32.4339924529 32.9860706929 32.0662316279 31.8235276218 29.8077577689 29.8388285938 30.1825787183 28.7245474604 26.1375940444 28.8230459733 28.9139435094 28.1357027042 27.6490687297 25.9582035207 26.8492190052 26.6557114149 27.8453671409 27.4125874151 28.2703837303 27.6215745384 31.0061432694 27.5293658545 19.7364738539 25.1078860212 30.2100936809 29.8571660647 30.0120773265 30.8556072443 31.0340678305 -9999 -9999 31.5466036109 31.3361056146 31.3630662653 31.47795062 -9999 -9999 -9999 -9999 -9999 -9999 -9999 -9999 -9999 -9999 -9999 -9999 -9999 -9999
-9999 -9999 -9999 -9999 -9999 -9999 35.5342401115 35.1073048575 34.0693321326 34.1722986816 32.5234296021 32.7750240301 32.652626931 33.704605746 29.1191363997 28.8738865027 28.1416075521 28.1810079279 27.5199393532 27.7127990594 27.5636357571 27.3659022994 27.1306370577 28.2828350427 28.1515293135 27.6172078264 26.2167467439 28.6997829441 29.0358994236 27.8753634108 26.45420883 28.2187503928 28.180163773 29.5569777471 30.1349183167 29.5731601396 29.8219061232 31.2689823938 30.7581290121 30.4500534896 30.5075014713 31.4917808833 29.3741848713 28.9835930005 -9999 -9999 -9999 -9999 31.5800443149 30.7755911457 8.92811377398 -9999 -9999 -9999 -9999 -9999 -9999
-9999 -9999 -9999 -9999 -9999 -9999 -9999 35.3020803113 33.8095903861 34.1412792206 33.3843950392 33.2869157116 31.6054454606 30.1090476186 29.0091661095 30.0901519237 29.4441425735 29.5128276214 28.8072166288 27.7745921166 26.9022427569 26.5453755728 26.8526609023 27.6221792637 27.9756787128 27.0086633498 27.4246223983 28.3603480612 28.0872747714 27.5977075921 27.8497818836 27.6606464665 28.3343545902 28.2003012139 29.6204138384 29.8477155888 30.3337643716 31.7817111569 30.879056581 30.6386533697 29.5161300723 28.9946928998 27.0282344991 24.2368124198 22.1986006648 23.3259315472 24.1373424314 22.5699687552 21.8773399329 27.3544651322 27.3301898333 23.1626862299 -9999 -9999 -9999 -9999 -9999
-9999 -9999 -9999 -9999 -9999 -9999 -9999 -9999 34.3691522939 33.9039252532 33.7012916344 33.9655786069 32.3886714737 33.1354052105 32.5574288859 32.0793804792 29.4682779963 29.8709080139 28.6173274558 28.5482210465 29.7468233733 29.5455494482 30.2912011507 27.7288282905 26.8897688329 28.0068490674 27.8238648987 26.8064750145 26.0766100836 25.029928328 26.1506202841 26.1386060194 26.7462157507 26.7115789495 27.8481730376 28.139878982 28.869172381 29.2952072583 29.4672466991 29.5534081714 29.9902477706 28.4934756988 21.7351988225 20.8659593399 20.2067785254 19.3382483038 20.4794178653 19.3471019477 18.2901178591 24.3494377139 25.7603460751 26.2687674583 24.6063324678 -9999 -9999 -9999 -9999
-9999 -9999 -9999 -9999 -9999 -9999 -9999 -9999 34.9098872467 34.4883864833 33.2946337417 33.4510165574 32.4471452243 32.4724639818 31.3941499812 30.9537929251 28.8731413038 29.5075514224 28.6648494648 28.88267216 29.6106103409 29.5283541684 33.4059111626 32.5010455553 29.5752736591 25.8463019242 29.4350049455 28.8902598109 26.6794231827 26.7980503791 27.3387800573 25.7818477778 27.9289833926 26.5949585078 27.8824027119 13.3434703896 29.5914853494 29.0750510611 29.1826474728 29.1499253268 28.9600870427 26.9915874099 21.0748254972 21.0086194851 19.3908810531 19.2797570541 20.3568638817 19.5825859942 19.8457863222 26.5228237808 25.7823918425 25.8417774511 26.4261667751 26.2117143835 25.0975964085 25.4853739062 -9999
-9999 -9999 -9999 -9999 -9999 -9999 -9999 -9999 -9999 34.7976680052 33.8374528564 33.4081983748 32.9755296859 32.5582928195 31.1469703 31.0912987488 31.1460408391 30.9382436408 31.1755987496 31.4486897857 31.8690239302 30.607849058 31.5772028006 40.9371551434 34.368089533 32.338599042 27.7805112354 26.4164257257 26.2986772556 26.2199839599 26.5167426123 25.8545056324 25.8981620917 25.1276134752 25.9272217483 23.7063056148 28.7065268107 28.4570557194 28.0986287831 27.9564438305 27.8012752168 27.3255328526 20.1620002312 22.1533863834 18.8152892677 17.0072937228 15.5807195619 16.0399331753 22.749010794 23.457647629 23.2574756284 23.0043909061 24.5087485491 24.7596874374 24.8361126325 17.7383463804 13.334390797
-9999 -9999 -9999 -9999 -9999 -9999 -9999 -9999 -9999 -9999 33.1083290923 33.3808979631 32.9127845934 32.6513319895 30.7125542222 30.2373905119 31.6690419497 33.1770890812 32.1222053296 31.6184796118 30.7513074975 30.4262489366 28.9454395106 33.7727858888 30.6255918412 32.7533571058 30.7560080962 28.1276461435 24.2248424753 27.0378009503 26.3971044124 26.2422282415 26.6931802763 25.5858068706 28.3709293999 27.5122964572 28.3836810545 28.3835821582 28.1853427117 28.2260881646 27.9047125422 27.4950849525 24.9495167631 20.3569588969 22.114757256 21.7385651065 19.7309726439 17.3726184747 25.6520037359 24.3342808834 24.7952323485 24.1380294224 23.9604991122 24.5066119632 23.5731201334 16.5916808753 13.2311120734
-9999 -9999 -9999 -9999 -9999 -9999 -9999 -9999 -9999 -9999 -9999 18.0652511842 22.4965067139 32.5349762449 30.7686232874 30.4654651124 32.2196142498 32.29727183 31.9740895155 32.2061343646 30.4311442375 30.3073850813 29.279835329 28.1506440654 28.7705638818 25.7642875107 28.3012598113 33.4418452605 30.2691434488 24.7603069518 29.7053014006 24.2875761854 23.8542584276 24.2517048007 25.7628722522 25.9510509719 27.1035218818 26.9949141695 27.6262822431 27.8083579332 26.8897501798 25.8919413385 26.336690509 23.9763881692 18.4473410381 16.339245525 18.1942227581 19.4364667686 20.9708312407 23.2726488209 24.2159506116 24.1405777449 23.6348935055 22.8863889723 21.456503434 21.470470478 14.62736426
-9999 -9999 -9999 -9999 -9999 -9999 -9999 -9999 -9999 -9999 -9999 16.8876920045 24.3889219414 31.4514950218 30.9945603776 31.0632152814 30.7995831421 31.8789217617 30.2377434136 30.2111151277 30.2454835633 30.954220661 28.8125169649 29.0493424955 29.9864197355 28.9822972317 31.4555457868 31.8482274774 27.2367477534 25.2753923903 27.6032241267 26.7311015958 21.4628134188 25.329559853 26.1809945159 27.6654928854 26.8010700754 27.2979246096 27.1798625287 26.7974977414 25.7256252949 26.3300641838 25.0918744428 25.6450891857 24.756016287 20.2626521117 21.9391277304 23.4327929134 21.880649864 18.7938389148 18.2175471805 18.346425446 16.2256860189 23.4107432812 23.1234265049 22.2470275208 21.3870767278
-9999 -9999 -9999 -9999 -9999 -9999 -9999 -9999 -9999 -9999 -9999 34.3414292816 32.3005419129 32.0148554772 30.0408969094 30.1195537543 29.8156086055 29.0249712839 28.6382214336 29.1369264472 29.4784351469 29.6249582827 28.4592287478 27.8224220413 27.3183897547 27.028721873 26.8263035414 26.5549150395 26.1310643961 27.0097885095 27.116431591 30.4292240834 31.4236349859 32.0732769231 22.5942500401 25.5175638065 22.3050480179 20.3554709505 26.3165158785 20.2258287647 17.1293950265 25.8460145972 25.6360449746 26.7880484858 28.3770105283 29.160028431 21.5191424827 20.4493559883 19.6006323011 19.2932071788 17.0106804045 18.4450091869 18.646882084 21.5132732134 23.5913189825 19.7133997888 19.7474275287
-9999 -9999 -9999 -9999 -9999 -9999 -9999 -9999 -9999 -9999 -9999 -9999 32.1929402115 31.78504064 30.9560331423 30.0120576355 29.3994708242 29.4713944354 28.7460274309 29.4525103029 29.9700991698 29.3706665193 28.6033675729 28.3551443089 27.2072548068 27.5463315444 27.1144009043 27.2909776435 26.9092797624 26.6270440696 26.6253174338 26.7259872483 27.0766877105 26.6185685944 25.6527985489 17.6813140528 29.5938267088 20.6494154575 21.9714183344 26.3660347869 27.3194916027 25.0766575996 26.984703061 28.0767683878 28.6140447902 29.1372640912 25.2905660285 20.5797068823 17.4321694578 18.4898917528 16.5768283622 14.8587760294 13.1185840321 13.2675892865 12.0735223395 14.4455556032 10.4452005515
-9999 -9999 -9999 -9999 -9999 -9999 -9999 -9999 -9999 -9999 -9999 33.5609404267 33.4473173514 32.8722738525 31.3943948387 18.7991472538 26.7913181228 29.7978301619 28.7650093645 28.7731309136 27.9999327091 27.8609533512 27.017307545 27.4149084372 26.6871507393 26.608403498 25.9346454674 25.8547358629 26.0410034239 25.6031505105 25.1409615459 25.3372267868 24.9786935431 24.7609087328 25.230533307 24.1182226544 22.9098330986 17.5210550335 16.9416956348 24.5560373394 25.6617864691 23.4371551423 29.1428396165 30.0261225475 30.4998339236 30.1812791204 29.3815572053 26.0140071907 19.8404832322 19.7289352839 15.6156141255 12.0451144707 10.6039294962 10.6715524275 9.66707749578 10.492023047 13.2634914608
-9999 -9999 -9999 -9999 -9999 -9999 -9999 -9999 -9999 -9999 -9999 34.029810857 34.362932321 33.5942420523 31.507894784 23.8771384869 29.1994512776 30.2241462528 29.2969999914 29.2438834692 24.6778701889 25.4020430678 27.8962332387 27.6206069936 26.9106985218 26.9698316488 17.9509214556 19.61267264 25.3470483781 27.2092095082 26.6312809408 25.4585299937 24.7172236911 24.7522099549 25.0332516297 21.2272622402 19.3154060933 22.7715435707 17.9236667488 24.6887993818 24.0766184075 23.2126408606 27.1330089282 28.2063803621 28.5099339315 28.288154911 27.8181463131 27.8769866844 25.295580445 24.2472856927 15.2802360559 15.8285761192 13.9134070273 13.3365390516 12.2390117256 11.5004395171 9.36476580197
-9999 -9999 -9999 -9999 -9999 -9999 -9999 -9999 -9999 -9999 -9999 34.6321284021 34.9681318035 33.6995413296 32.744791107 32.4565426325 30.4585605726 32.2603815425 30.0937007461 31.007504117 24.8030598921 11.7701737256 24.7566224801 27.952054936 23.314299967 23.3196570163 25.6555301272 26.623323281 25.3463923561 25.2853571481 25.1587565253 27.1012703297 26.7660128806 26.4827957737 24.9850174534 17.733166827 15.2003056813 12.167246896 18.0389009118 17.18510116 24.7499852484 26.6007090589 26.2484174678 24.2614981145 25.1003075717 25.2410880065 27.0046974283 25.8248487196 25.004183356 24.9162897555 18.0719641731 13.7254057167 11.86980648 10.1194734688 9.45858454558 10.2125722283 11.6042926758
-9999 -9999 -9999 -9999 -9999 -9999 -9999 -9999 -9999 -9999 -9999 -9999 35.4885058137 34.5785016102 33.2347168135 32.5759988499 31.7061996401 32.7218267038 30.0451430517 30.4228849693 30.2630937395 32.7209091767 26.6894869613 23.170526122 22.5972419818 22.427924234 20.7206321593 21.2593479369 20.3354470793 19.1448568759 17.4306545178 23.3741500491 24.3112211097 24.9016846099 24.3485814458 19.6823748562 16.8788485324 13.9934224821 19.53067245 21.9259203653 25.3495388422 25.1604524696 26.1397288907 25.2934374821 26.3394723596 25.0297541643 25.9091177595 25.0266216173 23.9063841519 25.0267913998 23.2064783133 13.9053910881 15.8614570064 15.5458133722 10.576015233 10.8812223007 10.0122825016
-9999 -9999 -9999 -9999 -9999 -9999 -9999 -9999 -9999 -9999 -9999 -9999 37.0842076527 35.6436704971 34.2787992029 34.8998065585 32.4549829054 33.4965507151 32.7662173046 31.3927522924 31.0089201722 30.8664488821 29.1366808685 27.345007954 25.4557517146 28.0942026483 27.1186429243 25.117944928 22.7794798174 24.895406862 22.2959044888 23.1752787476 27.6436819005 27.8309764046 25.2092224389 19.8343649475 23.245500313 20.4320946277 23.9092143035 21.5950113055 25.3842145417 25.1461760113 24.0353113828 23.9627485117 23.9231170534 23.3733029775 22.4580394316 22.1297484248 21.1333423544 22.8999905182 21.7863027578 20.0711474383 18.8091001765 8.97412988056 6.70279314239 8.18801111378 6.04293861084
-9999 -9999 -9999 -9999 -9999 -9999 -9999 -9999 -9999 -9999 -9999 -9999 35.9751631258 35.8574977413 34.2234813482 34.5215688218 32.9470643421 32.3673530007 31.7164642858 33.7835547879 32.4895219068 30.4949597846 29.8098531552 21.9198430558 24.8266080387 26.8034304302 30.0644943778 29.3094026026 23.1494908991 21.9136191238 20.1615391393 19.447266111 23.6011047745 25.7534614076 21.9894006202 23.2448447508 32.9861422072 22.8270455263 18.2016676143 15.290433857 13.9121585718 15.3964489374 22.6300866701 24.300620501 24.0056211365 23.9483212128 23.8037098405 23.9257196528 23.3541912348 23.9650355238 22.6514556004 16.4278481516 8.8238917937 7.39034879387 8.35674132616 7.32229341548 6.73900020728
