data/recharge/transience/recharge597.asc
ncols                  80
nrows                 72
xllcorner      4374000.0
yllcorner      5656000.0
cellsize            500
NODATA_value       -9999
[rows 0 to 24 of 72, columns 0 to 55 of 80]
-9999 -9999 -9999 -9999 -9999 -9999 -9999 -9999 -9999 -9999 -9999 -9999 9.50671059385 10.0491390136 -9999 -9999 -9999 -9999 -9999 -9999 -9999 -9999 -9999 -9999 -9999 -9999 -9999 -9999 -9999 -9999 -9999 -9999 -9999 -9999 -9999 -9999 -9999 -9999 -9999 -9999 -9999 -9999 -9999 -9999 -9999 -9999 -9999 -9999 -9999 -9999 -9999 -9999 -9999 -9999 -9999 -9999
-9999 -9999 -9999 -9999 -9999 -9999 -9999 -9999 -9999 -9999 -9999 -9999 10.3310115025 7.78748811244 6.45266624095 -9999 6.35459912511 -9999 -9999 -9999 -9999 -9999 -9999 -9999 -9999 -9999 -9999 -9999 -9999 -9999 -9999 -9999 -9999 -9999 -9999 -9999 -9999 -9999 -9999 -9999 -9999 -9999 -9999 -9999 -9999 -9999 -9999 -9999 -9999 -9999 -9999 -9999 -9999 -9999 -9999 -9999
-9999 -9999 -9999 -9999 -9999 -9999 -9999 -9999 -9999 -9999 8.59662201117 7.6646067164 8.71410932617 8.97945542608 5.93922177121 5.14570160568 4.02630170034 4.10529714169 -9999 -9999 -9999 -9999 -9999 -9999 -9999 -9999 -9999 -9999 -9999 -9999 -9999 -9999 -9999 -9999 -9999 -9999 -9999 -9999 -9999 -9999 -9999 -9999 -9999 -9999 -9999 -9999 -9999 -9999 -9999 -9999 -9999 -9999 -9999 -9999 -9999 -9999
-9999 -9999 -9999 -9999 -9999 -9999 -9999 -9999 -9999 8.03409501088 8.38307353319 8.47026249902 7.41176806925 7.77559602311 7.19210598032 6.5266994104 4.81132526378 6.01710253035 -9999 7.44958463296 -9999 -9999 -9999 -9999 5.15900876335 5.27963560108 -9999 -9999 -9999 -9999 -9999 -9999 -9999 -9999 -9999 -9999 -9999 -9999 -9999 -9999 -9999 -9999 -9999 -9999 -9999 -9999 -9999 -9999 -9999 -9999 -9999 -9999 -9999 -9999 -9999 -9999
-9999 -9999 -9999 -9999 -9999 -9999 -9999 -9999 10.6742532947 9.19271674877 7.34377272308 7.76956042127 7.15313573616 6.6002748881 6.18827501085 5.8593831874 4.30206748819 3.93892888518 3.89516528157 5.43722290867 5.19905923575 5.54663101899 -9999 4.20602378334 6.01007426768 5.74716043053 -9999 -9999 -9999 -9999 -9999 -9999 -9999 -9999 -9999 -9999 -9999 -9999 -9999 -9999 -9999 -9999 -9999 -9999 -9999 -9999 -9999 -9999 -9999 -9999 -9999 -9999 -9999 -9999 -9999 -9999
-9999 -9999 -9999 -9999 -9999 -9999 10.9014146427 8.77218737761 7.85602430097 8.24987363754 8.42330266798 9.3551343111 7.98665017863 7.53542554908 6.07386799652 6.59853195736 5.11643601241 4.50843190969 5.72987898281 5.36605162652 5.02941818744 5.37061433841 4.98511164652 4.26780738234 4.84684051056 4.63318845455 5.14362849339 -9999 -9999 -9999 -9999 -9999 -9999 -9999 -9999 -9999 -9999 -9999 -9999 -9999 -9999 -9999 -9999 -9999 -9999 -9999 -9999 -9999 -9999 -9999 -9999 -9999 -9999 -9999 -9999 -9999
-9999 -9999 -9999 -9999 -9999 -9999 11.3461844038 10.099836287 7.29884536575 7.00943674232 6.38708468888 7.34692646026 6.51914080857 5.47622828355 4.85827240043 4.69983386414 5.88600293671 6.27247762026 6.91807754502 3.91253354725 4.17933696197 4.94107104069 4.70866202824 4.35823124783 3.9342394002 3.59876982024 5.01904692292 5.74550027833 6.31783849342 5.91716038778 7.10316983588 7.00776078846 -9999 -9999 -9999 -9999 -9999 -9999 -9999 -9999 -9999 -9999 -9999 -9999 -9999 -9999 -9999 -9999 -9999 -9999 -9999 -9999 -9999 -9999 -9999 -9999
-9999 -9999 -9999 -9999 -9999 13.9814090455 11.7887970754 11.6836897772 9.83375805203 9.87732301233 8.67862754386 7.91600561742 6.73409260825 7.70383794982 5.63265255041 5.97769533843 6.383894418 3.84428714973 6.46034256846 4.05574675776 4.20504162303 4.02622233354 4.41737176866 4.58888366617 4.28408309186 4.56392025796 4.80808610676 4.75722951727 6.02952232559 5.86811956513 5.51776027652 5.86045940876 5.08688777584 4.86182170112 -9999 -9999 -9999 -9999 -9999 -9999 -9999 -9999 -9999 -9999 -9999 -9999 -9999 -9999 -9999 -9999 -9999 -9999 -9999 -9999 -9999 -9999
-9999 -9999 -9999 -9999 -9999 14.331930753 12.6843149616 12.768863168 10.6188156293 9.86238083622 8.91822630522 9.48504451051 6.91315312104 6.58565830352 7.38783341853 7.93178022985 5.07833278207 2.99975756685 5.06704081876 3.69920645601 5.09474959553 4.281447714 4.84259291223 4.61985679674 4.42219324149 3.44656757932 3.72163646251 3.33661576544 4.45743475114 6.08743281515 6.1942448079 5.38459318661 4.73950042678 4.49073926535 4.32623684382 4.35009023115 -9999 -9999 -9999 -9999 4.2257250294 3.98686533948 -9999 -9999 -9999 -9999 -9999 -9999 -9999 -9999 -9999 -9999 -9999 -9999 -9999 -9999
-9999 -9999 -9999 -9999 -9999 13.4030030462 11.9387665907 11.6570158466 11.1285215496 11.8018903803 10.1742683634 9.71298530903 7.9302987146 9.00422962194 8.09776966016 6.17696818764 4.55325505024 7.23272624144 6.69280939089 5.6724851346 6.30029166187 3.87840568516 3.89286526812 3.70374710853 4.31090746052 3.71547876003 3.58959967703 3.08074623669 4.42881925195 4.56569044407 3.44187935148 3.96380838907 4.66517507427 3.9615211488 3.61924026696 4.5667490973 4.37661367876 -9999 -9999 4.44118918242 4.54992298682 4.35197986139 4.29568079624 -9999 -9999 -9999 -9999 -9999 -9999 -9999 -9999 -9999 -9999 -9999 -9999 -9999
-9999 -9999 -9999 -9999 -9999 -9999 14.3972740746 14.24106709 12.43823398 11.8660623549 9.69096665053 10.554401432 12.585910003 14.0535224064 6.64111922123 5.81954789044 5.18759477347 4.98441007983 4.30958006003 4.41162909468 4.35224143614 4.57436374151 4.22464574606 4.61738114656 4.16689851223 3.68995994446 2.54823776571 2.82423060486 3.07777006833 3.56822429365 3.46470405322 3.83550472647 3.16918509997 3.41602296179 3.49910780762 3.92652643338 3.38429224957 2.9274558242 4.06296582466 3.92590392936 3.7077007816 4.50082184711 2.82588426238 2.31974109305 -9999 -9999 -9999 -9999 2.9725390761 2.58017915054 0.870912789527 -9999 -9999 -9999 -9999 -9999
-9999 -9999 -9999 -9999 -9999 -9999 -9999 12.9264021521 11.4255350077 12.8809710105 11.7085079073 10.6380337005 9.94303484402 6.86830712299 5.66259064682 7.16932327962 6.5687727158 6.79946403463 6.09716294598 5.09897879832 4.05175919018 4.08082349072 3.96598756544 4.0171631774 3.78458179378 3.36009395094 2.82641835137 3.19565994257 3.62408407132 3.30670620332 3.13058285351 3.16451295727 3.33232170801 3.31369310629 4.04311565819 4.00720817645 3.7627144908 3.62136842491 3.96529209897 3.95353604274 2.89145265237 2.68507486262 2.25378001187 2.30532341417 1.83912011829 2.14869443389 2.26062308807 1.8103976027 1.60219714326 1.80085205795 1.71204489865 1.39715746733 -9999 -9999 -9999 -9999
-9999 -9999 -9999 -9999 -9999 -9999 -9999 -9999 12.0109548916 10.2294966481 10.5917452353 11.6710424942 9.41329098529 10.1594010913 9.09516009851 8.36720374917 5.97510105112 6.01123624685 4.64996310536 5.22908201696 6.43126463675 6.1542630118 4.10700787509 3.18540501806 3.06714985056 2.97884780963 2.48284572238 3.1083446355 2.43840581822 1.91090911177 2.4191366403 2.31648201878 2.51549125651 2.24588979239 2.69616552407 3.65967632315 3.34830822977 3.51922995088 3.20358388327 3.16076921154 2.55216208638 2.19156681918 1.74768369973 1.54410968269 1.37909167781 1.21250847947 1.35489875982 1.14129913283 0.946798492692 1.17558205722 1.16316188378 1.27683969729 0.947646814151 -9999 -9999 -9999
-9999 -9999 -9999 -9999 -9999 -9999 -9999 -9999 12.8959257265 11.451445324 9.86458155579 9.93221318255 8.78591581535 8.72410974106 7.06787706076 6.89955136246 5.53916651905 5.97706103774 5.23695372696 5.66530358411 5.93805730718 6.00580304033 5.17986467925 5.78258667258 4.1423217029 2.70033920992 3.34797361504 3.15810046917 2.41371509268 1.95242575441 1.92217969685 2.12005956604 2.00265708447 2.13842233614 3.03257925568 2.51594464217 3.67688282702 3.3769544012 3.19392196167 3.1269877476 2.93095353014 2.06605412046 1.5832832401 1.5767938848 1.21868171654 1.19927908753 1.33059954225 1.1839749747 1.03038552679 1.40285294979 1.2195558463 1.22834508117 1.15302225219 1.59293987137 1.14736491164 1.25309112069
-9999 -9999 -9999 -9999 -9999 -9999 -9999 -9999 -9999 13.6841985525 11.4696420009 9.39696447177 8.87422964204 8.4608947028 7.03830184345 7.0861669873 7.39084754289 7.89750003356 7.74432614283 7.79582582737 7.2506807992 5.49666571063 5.09471911946 9.45957981408 5.8582465273 4.68928450344 2.72310533345 2.2859425396 1.3355962333 2.49777998464 2.18719985716 2.1217856795 2.00215298569 1.55754308763 2.01235473069 2.44533192564 2.90880169996 2.71876117008 2.49211833489 2.52500907852 2.32635005296 2.06655516427 1.08302992599 1.6224519718 1.0183179683 0.822320520996 0.644812700083 0.650497273998 0.807416108271 0.846355038343 0.800516731056 0.76119858602 0.79648136219 1.14705022225 1.12095335517 0.608125657593
-9999 -9999 -9999 -9999 -9999 -9999 -9999 -9999 -9999 -9999 9.84056526565 11.0180471287 8.891684471 9.3450688263 6.48565630569 5.91796309068 5.633789578 7.25856822593 5.96999075591 4.97671675743 4.46384844956 4.29458222533 3.37500019281 3.99150571296 3.69296027862 4.81054383004 3.71307185667 2.74912372088 1.78094889289 2.30066881556 2.36092073149 2.37550717125 2.58505295344 1.98318094102 2.80832474653 2.62139861385 2.8226817157 2.72133811435 2.51689494823 2.53543059662 2.46999103002 2.32506321475 1.47240539764 1.35803514052 1.81437137041 1.68988058632 1.15343679892 0.755849584662 0.994062953156 0.969538863665 0.970491562335 0.918388429562 0.695285383132 0.973420466968 0.9206428399 0.580428488223
-9999 -9999 -9999 -9999 -9999 -9999 -9999 -9999 -9999 -9999 -9999 7.31864990064 7.36620161096 8.34857858875 6.3630216536 5.62111845929 5.61731452574 5.5267994943 4.45830170916 5.22521516959 5.65611271957 5.32370135052 3.48882499792 2.69935643816 2.11902783348 1.39782269634 2.3928202037 4.33004760227 4.102239335 2.38288780775 1.54774831523 1.65746871463 1.67034896611 1.7682425953 1.76213080183 1.54153196659 2.19728651661 2.17726356703 2.21491256125 2.21361902366 2.01135029718 1.67063157923 1.65833249791 1.25854221412 1.0041742348 0.719659277309 0.830223347962 1.19576323493 0.780044818357 0.86120530724 0.68207926494 0.933309499834 0.954792458161 0.859126243491 0.63302258714 0.625890969008
-9999 -9999 -9999 -9999 -9999 -9999 -9999 -9999 -9999 -9999 -9999 5.87233699914 6.29308174425 6.93298294766 6.70769852507 5.96644603345 4.68017819767 4.40862090791 5.40314985232 5.46763459066 5.13618611686 5.82572329555 3.41344629412 3.0748371783 2.92708753157 3.68719638168 2.48537971957 2.98348693001 2.18497373867 2.44591998658 2.76625232192 2.36766710712 0.850594723544 1.09480643419 1.07797739833 1.76487436657 2.18523768887 2.23405845636 2.14055687404 2.19532022545 2.98065178357 1.98095107069 1.45661204786 1.54029455652 1.34198727653 1.28272689235 1.74354407103 2.18112995358 1.7478488836 0.975188273702 0.950529447456 0.888986973765 0.48596006983 0.951261343773 0.854636431407 0.682073981989
-9999 -9999 -9999 -9999 -9999 -9999 -9999 -9999 -9999 -9999 -9999 10.9294301034 8.90663564671 8.3646902283 5.9102007504 5.76028256572 4.23932403208 3.38739083772 3.47807053096 4.09126483255 4.30621760686 4.41671756428 3.16162991354 2.42441574346 2.42348748409 2.67515989787 2.46876586461 2.40351194738 2.27613163053 1.76191254686 1.35891775256 2.37950693194 3.28244656729 3.57967272403 1.46025985998 1.10682037632 1.03986206421 0.542026752206 1.46426291569 1.2641700862 1.30972688944 1.66799717346 1.70035202853 1.97044601901 2.23720283231 2.74269484605 1.49901955229 1.27080154741 1.13376462679 1.05492090861 0.70578418746 0.860843540399 0.879329882195 1.08495574858 0.966329994365 0.742052890275
-9999 -9999 -9999 -9999 -9999 -9999 -9999 -9999 -9999 -9999 -9999 -9999 7.32690493968 8.22423167232 7.0264735034 6.55124551764 4.77985177818 4.06439993649 3.30311032988 4.58072416628 4.46484783589 4.18025581325 3.74721032866 3.5372546227 2.85895942781 2.93830404113 2.52657814332 2.63500974713 2.38524206813 2.24742651238 2.15355539344 2.28299047478 1.64438053978 1.21190585594 1.59536161445 0.948232779597 1.48280146401 0.800434265354 0.60951638232 1.85105463671 2.02784743495 1.56700701496 2.18583913975 2.58358797788 2.64212070223 2.63205196818 1.62704427959 1.29751914573 0.785879789206 0.949357440016 0.625392011616 0.479685322236 0.345320512262 0.355072099036 0.285015752139 0.439907126637
-9999 -9999 -9999 -9999 -9999 -9999 -9999 -9999 -9999 -9999 -9999 9.29629724414 8.67624716483 8.93544503441 7.84644467207 6.39153391997 5.86933649832 4.90903863085 3.47350470382 4.32137350107 3.39276166124 3.32425245401 2.78675410827 2.87536257742 2.70547813619 2.65188170662 2.16051718521 2.11037289911 2.06763331325 1.97720611368 1.70611759487 1.79366093707 1.57383360609 1.55015790146 1.61404748412 0.955218835308 1.10146210734 0.446189310062 0.357867238022 1.07638334854 1.5320081419 1.14513788475 2.67073749436 2.94363450105 3.42764533598 3.38694071754 2.59875738885 1.93929724263 1.06757197247 1.02695682336 0.527588146418 0.280688640589 0.210954381105 0.214020746686 0.171298716765 0.204464570346
-9999 -9999 -9999 -9999 -9999 -9999 -9999 -9999 -9999 -9999 -9999 9.74319675773 10.7946293968 10.048603727 7.22427120218 5.44080946045 5.41166052375 5.07726946216 4.31752116412 4.73795954735 5.60812577919 5.79384641787 3.09584612591 3.10961697912 2.8744764744 2.87257084727 1.86887980682 3.03435431484 2.32304917905 3.04226649652 2.51035201252 1.84368569289 1.53662285511 1.55186611852 1.5580608736 0.571220568266 0.586756614656 0.978268692289 0.476000130353 0.648634293059 1.18730336021 1.18816347438 1.75156546048 1.95525526912 1.94799573778 1.8132227839 1.86573177901 1.91653523438 1.26237296572 1.17432329468 0.494441844289 0.551295516849 0.391170357806 0.357584686354 0.289587249247 0.250626832072
-9999 -9999 -9999 -9999 -9999 -9999 -9999 -9999 -9999 -9999 -9999 11.9216423187 11.5489470751 9.64419599657 8.6994191601 8.40521693425 5.12709303555 5.44260521151 4.59402002237 5.42148379672 3.05474350433 2.34372363262 4.24969103025 3.92145739799 2.57137546958 2.56450261937 2.72998126778 2.49349438596 1.85208533965 1.67923686132 1.58845926456 2.44384512573 2.30019195033 2.10598637856 1.48733029688 0.343131419889 0.27121541318 0.143472995896 0.397122000391 0.292334380434 1.32719433104 1.67925244712 1.21943246268 0.955703873594 0.965960084738 0.969278200283 1.19076489384 1.22667592984 1.0896454394 1.06947559773 0.431288031689 0.154785600452 0.100491306639 0.169879500847 0.150885268416 0.164450322199
-9999 -9999 -9999 -9999 -9999 -9999 -9999 -9999 -9999 -9999 -9999 -9999 11.9008125853 11.2696095872 8.88036286804 7.53796810227 5.83153023784 6.02225146131 4.65047434724 5.07209929614 4.04108045832 5.27471255808 3.08684983758 2.50030256404 2.31534043308 2.26132512989 1.70603391005 1.85098594764 1.55245250057 1.29214310028 0.952527788839 1.24445408023 1.3296508383 1.4639148223 1.33257619377 0.5038392041 0.376324964324 0.218721074554 0.54642114972 0.55592322749 1.42829832606 1.35309186764 1.33825240763 0.957312579028 0.990653553102 0.990673362353 0.982915039624 1.11540631148 0.914494543501 1.0759395105 0.778418227221 0.279780611735 0.193442737206 0.377659107086 0.198920603574 0.211731813715
-9999 -9999 -9999 -9999 -9999 -9999 -9999 -9999 -9999 -9999 -9999 -9999 13.4500010483 11.5184646881 8.8355357927 7.73868317618 5.65512801687 6.20185628258 5.14258796224 4.61983474228 4.56156164709 4.4025667726 3.40978328362 4.00709460757 2.97471317883 3.42017786722 3.55189204961 2.92166472798 1.97736047452 2.70221049962 1.83319093211 2.00011997101 2.37372937078 2.41843060687 0.812752770116 0.652944536094 0.614348848171 0.643893390508 1.00993872042 0.653406520515 1.35627929234 1.14767206127 0.971532693024 0.954836138936 0.922526051119 0.858781288771 0.663262066046 0.653744529229 0.537891478468 0.731971832135 0.596614107676 0.529218026294 0.343862005804 0.112125382682 0.071460495526 0.106461569705
