data/recharge/transience/recharge422.asc
ncols                  80
nrows                 72
xllcorner      4374000.0
yllcorner      5656000.0
cellsize            500
NODATA_value       -9999
[rows 26 to 51 of 72, columns 0 to 56 of 80]
-9999 -9999 -9999 -9999 -9999 -9999 -9999 -9999 -9999 -9999 -9999 -9999 -9999 25.3810123939 24.3158239274 24.0322128179 23.5064801381 23.9254302481 22.7650745249 22.3184574827 21.020910463 21.2019259803 20.2089150417 17.1190276396 21.6197322 22.311014993 22.184874855 21.0403745789 19.8737580699 20.3856785522 18.3762828179 18.3331465792 18.9244192935 19.2010236778 13.0751545989 14.0351012239 23.0122288807 13.8135885985 12.9471731428 10.0652161154 8.97474241134 9.96372868194 7.35167577998 10.3808952606 13.0462922939 17.2539647189 16.9619659737 16.6936946963 12.5977668979 7.29027753076 4.85702063663 4.90090850037 4.62355586505 5.72256013369 7.51903556405 3.61580440479 3.28045691386
-9999 -9999 -9999 -9999 -9999 -9999 -9999 -9999 -9999 -9999 -9999 -9999 -9999 -9999 23.8464327302 23.3002672 22.3266822295 23.8776196345 22.7980237986 23.0700628701 21.7747013643 21.4304767116 20.7051826154 21.0108997478 21.3448617322 20.3789997472 19.8943075822 21.7301685931 21.2737753129 19.4331144783 19.2844206251 20.1425210286 18.8979846245 24.9525915358 14.8124296121 20.4768853 22.9670595075 12.1344515826 10.5221425149 11.0013502874 10.732385085 9.45805099867 9.14051781989 7.93503155792 6.38283519774 6.91450576224 5.88718410344 6.51541244031 5.19453602846 5.68594176822 5.0624909647 4.36742446951 3.78829432987 6.24550643355 7.1971327353 10.5361321156 9.05452007431
-9999 -9999 -9999 -9999 -9999 -9999 -9999 -9999 -9999 -9999 -9999 -9999 -9999 -9999 6.86945330767 15.4170369525 23.0678951453 24.39672723 24.0184529942 23.7230376685 22.8416544227 22.0240581009 20.2334799736 20.459976973 19.750415034 20.9629432386 19.9457673974 19.7865597009 19.7533812881 20.6533491399 15.9891325748 8.99753508024 19.0930603334 23.2516972883 14.8763013305 15.2237872539 21.5872768065 9.53437640858 10.2027170253 10.6288160424 8.45753046323 8.75403136827 8.03787977967 8.43943538094 7.03804971542 6.2564430655 6.06600541922 8.0251875883 8.42317922382 5.15708622875 5.12554406472 5.58758612981 5.45048694581 10.0071562379 13.0531107511 14.2396331926 8.48593167073
-9999 -9999 -9999 -9999 -9999 -9999 -9999 -9999 -9999 -9999 -9999 -9999 -9999 -9999 10.6106432586 16.0742270919 23.3042852221 25.0300984843 23.388741533 23.4912354722 22.9332763448 22.4688281464 21.3316786679 20.5265376396 19.9555374391 19.8284722739 19.7790938919 20.0303261441 19.5857372539 19.6308794791 18.9631336367 18.0038332099 18.7198674401 26.6717403341 26.2773106944 12.7549197466 16.6145481278 11.7534122612 7.63601478887 10.5405992127 8.04045974147 8.63960388803 7.58656284638 7.68390123016 5.98024056201 6.34088280299 5.01298176183 5.96104844376 7.82858661131 8.68783248179 6.91284418507 4.73594691177 5.59615873026 5.34659820977 4.14413863562 4.78092205418 4.66639437688
-9999 -9999 -9999 -9999 -9999 -9999 -9999 -9999 -9999 -9999 -9999 -9999 -9999 -9999 25.6858916705 25.0026236124 23.8292541099 23.8232232451 22.6684459788 23.8702733868 22.5865722437 22.6874655436 21.7769865297 21.5057677694 21.1270966711 21.0588818694 19.6964123254 19.9976203316 19.602969641 19.4491990444 19.0747172097 19.0455506678 18.6961145717 15.8476422519 12.7134845154 12.7427358864 12.0490562553 21.1145294178 10.9969933773 14.3497054293 9.91146764349 7.31904706316 6.08786705058 6.3678139799 5.30487170229 5.25286719031 6.89992968626 7.33219452016 11.6657701038 13.0677379057 8.8131248339 9.77984411996 6.32058240473 6.67010975654 5.62850295959 4.98882576999 5.14668250337
-9999 -9999 -9999 -9999 -9999 -9999 -9999 -9999 -9999 -9999 -9999 -9999 -9999 -9999 -9999 25.0861010441 24.1949809522 23.9452112202 23.799930315 23.0008353491 22.9045991884 23.2118743397 21.2976411338 21.5186719692 21.3988235096 20.7846866017 19.445821055 19.6191445732 10.785079647 19.0696064726 18.6646252037 18.7264384142 18.1043452237 13.8080714236 12.9137673307 12.9374560382 12.3847319804 12.3347113635 11.8990873755 11.7103797738 10.8445002815 15.1100222438 3.90946416465 4.52292634296 5.14232748367 4.36260829928 3.66321036162 3.9653118338 4.77036104137 5.86618395707 4.54457477525 4.25591576216 5.082877739 7.16007334505 6.38566960515 6.31645635867 5.36374717577
-9999 -9999 -9999 -9999 -9999 -9999 -9999 -9999 -9999 -9999 -9999 -9999 -9999 -9999 -9999 -9999 23.9171601266 24.2159144239 22.4580512905 23.2355814884 22.7454947524 23.3665033454 21.1058282975 21.9309102334 21.8465835069 21.4182167303 20.5410102654 17.7158496886 10.1501289082 16.6190451837 19.5187978357 12.714007167 8.49045817871 5.80074552316 12.5662107805 12.8180756373 12.4240756092 12.6155749475 12.2441835438 15.8441907096 22.3080594341 21.9828541463 15.3938228276 5.72910368459 3.30353678051 2.63925570994 2.06261094264 5.15026553223 4.31569428739 3.71454826314 4.26464868042 5.64996221009 4.46236158304 3.95230613662 4.04715308427 3.76003068129 3.35668041366
-9999 -9999 -9999 -9999 -9999 -9999 -9999 -9999 -9999 -9999 -9999 -9999 -9999 -9999 -9999 -9999 26.518319193 24.9340866598 23.1301021896 24.3610641954 23.1871968327 22.5061267284 21.6271253803 21.7861869309 21.8489876867 21.8632827168 20.5597041305 20.1145959733 10.6746212101 15.7968626081 11.5360698277 8.34247581085 9.5979196592 6.69149167573 12.153862115 12.7057423599 15.1407402287 12.6803964918 12.2049382618 13.1045144382 18.3548945947 18.4236903711 18.356522807 11.5461229928 7.14758178106 5.1337028345 6.40585560773 9.59344575215 3.67482081049 4.19007426364 4.84129612552 5.00540667719 5.68766232165 5.9526991444 6.44880224556 5.04261324931 3.37684015712
-9999 -9999 -9999 -9999 -9999 -9999 -9999 -9999 -9999 -9999 -9999 -9999 -9999 -9999 -9999 24.3461917407 24.4604721866 24.9931608956 25.6422779314 24.9533806351 22.905322407 22.0753074783 20.8905168219 21.5995387432 21.604948033 22.0643520017 20.8404136186 20.7916765716 13.9060925602 17.7101673889 18.697920308 18.8733681267 18.8884474568 15.1462306111 18.2612952935 17.9434617098 19.0780099709 19.8582973571 18.0731479856 12.0430404163 14.1014020965 9.79697004706 5.70305065776 5.61462601234 5.35931330463 4.15014236947 12.0377574149 10.6097802324 4.52909049394 4.83551638852 3.90568686463 3.35675754994 3.42145039967 3.67501889034 3.69895783423 3.77326940544 3.86847515507
-9999 -9999 -9999 -9999 -9999 -9999 -9999 -9999 -9999 -9999 -9999 -9999 -9999 -9999 25.8217575053 25.0263718563 24.6695296698 25.6254153695 25.8510921404 25.099057134 24.3302114524 23.7571793616 22.0567494383 21.9068235873 20.7306395455 21.6659581263 20.6600568001 20.2203849624 18.9941365708 19.1153618172 18.6473537055 18.975323314 18.8660766958 18.060869889 14.7913868516 16.5538812901 21.0284795622 18.8616728352 4.89117374269 10.6138812764 12.1429609886 5.02454274935 4.37224054865 4.7336152174 3.26940910582 2.87381542617 6.06442447439 4.90421086142 4.72975474142 4.10538623685 3.61674620405 3.59407429051 3.58490768015 3.52768965613 3.22158001948 3.35489287783 3.41232553124
-9999 -9999 -9999 -9999 -9999 -9999 -9999 -9999 -9999 -9999 -9999 -9999 -9999 -9999 25.2198420937 25.5523237705 24.793365573 25.4114659101 23.8666823934 24.5167098284 22.8218167857 23.2920516897 22.0460460677 21.8941888091 20.4615694021 21.0964490607 20.9221142976 21.1760362939 20.4380962398 19.4871556826 19.1826771256 19.9743458452 14.1580628641 13.4409677292 11.594402658 15.0388162781 14.4839945239 17.2430514995 9.82696326415 10.0593968087 11.8588430668 11.016866921 4.89548783538 4.49969276932 3.78674816108 2.42902412198 3.55600999317 6.00241029224 5.7424808708 6.36772185343 6.0292605486 5.98826925732 4.48541731693 4.08516407421 4.19196026503 4.06630710147 3.22966914133
-9999 -9999 -9999 -9999 -9999 -9999 -9999 -9999 -9999 -9999 -9999 -9999 -9999 -9999 -9999 -9999 25.3188356513 26.1612346354 25.7990880542 25.5439589108 24.7081406536 23.2068691445 22.4781482903 22.2909931368 20.705553766 21.9126650925 16.966347143 17.3726923417 15.5997760597 18.7500634027 20.2013480854 15.58759284 13.588010647 12.5670390779 12.1097878981 12.1729405612 12.8216714726 10.0825095278 12.6119917612 12.2643688033 8.09310893435 7.49253903289 12.1936209308 10.3109348971 2.86611175803 3.31736442859 2.83932677385 3.59524026193 4.38979417366 4.90563651846 4.5711934581 4.66893973671 4.01900102473 3.63979127201 2.69639889372 2.79864881115 3.42753331411
-9999 -9999 -9999 -9999 -9999 -9999 -9999 -9999 -9999 -9999 -9999 -9999 -9999 -9999 -9999 -9999 26.7490910549 26.7510359722 26.5271016098 25.3178478614 24.4261738775 24.6733019158 21.8891494145 21.9310202476 21.3237416482 22.4785565739 19.2279469726 18.9236295617 17.7801110843 18.5838796282 18.411301567 18.0470026919 15.5089671599 13.0284761901 10.197026104 10.5587375174 10.101615829 10.9842392265 8.01838353851 7.1127580015 7.54379762872 8.89152780373 9.8287007781 10.0830544633 6.26353312876 2.70062121845 1.38096936261 2.10855507106 3.69279495118 3.14594716889 2.58774761669 2.61192812603 2.08274430612 2.26250020092 2.04467525354 2.05145287612 1.93629862469
-9999 -9999 -9999 -9999 -9999 -9999 -9999 -9999 -9999 -9999 -9999 -9999 -9999 -9999 -9999 -9999 -9999 -9999 26.5551126061 25.7543627073 24.1882270175 24.4603208011 23.4185509792 21.8036703659 21.0413840803 21.8947646713 18.885780237 19.0036418108 18.0800549883 18.1987586927 15.9588485025 15.2756595559 14.2951708638 13.9467148935 10.0980463541 11.245889951 10.513737948 8.97378093425 7.92093064552 8.68108836978 6.7918542407 6.3208377546 5.68036341062 5.6541301593 4.69490448468 4.48810875771 1.66973460515 1.68203870838 2.29374036232 2.69711258884 2.79987231535 3.04873033506 2.11357339477 2.1508282392 2.15043001407 2.24413247942 2.03522653908
-9999 -9999 -9999 -9999 -9999 -9999 -9999 -9999 -9999 -9999 -9999 -9999 -9999 -9999 -9999 -9999 -9999 -9999 -9999 25.0508773969 24.5265938271 24.6252239135 23.9695947275 23.0022376347 21.5291650825 21.3833439442 20.5904786166 19.6632261166 16.4545837973 16.2329307393 15.3391939231 16.1139081204 13.6482111846 13.2159825086 9.4026733369 7.86090929673 7.08303981 8.58364930288 7.51089516198 7.76758393415 5.9680692167 5.65214537672 4.64201573779 5.33823911582 4.97424530949 5.11202406351 3.1681444053 1.35341940562 1.00163255388 1.82544948689 1.91972222334 2.33050588615 1.86150712263 1.85072435931 1.91604001326 1.86177065723 1.53364027689
-9999 -9999 -9999 -9999 -9999 -9999 -9999 -9999 -9999 -9999 -9999 -9999 -9999 -9999 -9999 -9999 -9999 -9999 25.6186700993 25.9592857887 25.7470168096 25.6131896795 23.8324948294 22.8517170777 21.3619793098 20.9216427694 19.2008393233 21.2961025304 17.3456012108 16.874046022 14.2277622002 8.44860746235 13.7533701476 12.1291226018 9.24400269467 10.2180420461 10.7066142347 10.3751421743 8.99172653864 8.60010671007 7.48733917859 5.96599929026 5.11165826473 8.04872830298 6.14071357782 7.0974039155 4.49832898281 4.2976201984 2.42577010556 1.28344014331 2.14654039598 2.55126659691 2.91669998497 3.02332546741 2.34215548406 2.14497278034 1.86486639351
-9999 -9999 -9999 -9999 -9999 -9999 -9999 -9999 -9999 -9999 -9999 -9999 -9999 -9999 -9999 -9999 -9999 -9999 -9999 26.8642543044 26.2531315682 26.0627743174 23.9480835046 22.7738108333 21.8382251499 21.5512829766 19.4185310281 19.0795537943 20.9640838177 21.2959958406 13.8824188014 13.9399658794 17.823350479 11.2958248987 11.0256654646 9.68915731891 6.45533884744 5.97070308973 4.9616288648 4.96688663122 4.94063768663 5.88349970789 6.06578062455 8.83680832326 8.41201754054 7.69520242079 5.05739949812 4.17694076208 2.6522918927 1.55692060575 0.6845814172 8.20091633998 8.83815131686 7.66234918479 4.53977654977 1.17317846143 1.33842084132
-9999 -9999 -9999 -9999 -9999 -9999 -9999 -9999 -9999 -9999 -9999 -9999 -9999 -9999 -9999 -9999 -9999 -9999 -9999 -9999 26.0197131564 26.2298625186 23.9456474516 23.8196104223 21.5322603964 21.479610505 19.3562684554 19.1803074017 19.5361347027 19.4760402351 19.0797808491 19.1226907113 15.9793761275 14.6225318843 12.2670237439 12.6871549053 8.33530196104 9.0823786376 8.08567830547 7.74705292702 6.25519027592 7.28305486436 6.52143016266 5.93169158276 6.68072346771 6.02865097583 4.91725094878 5.36128129196 4.45868856126 3.36726655655 2.07829275465 1.31229780661 0.646947672317 1.37249046381 5.54830627176 0.709205600869 0.656375020825
-9999 -9999 -9999 -9999 -9999 -9999 -9999 -9999 -9999 -9999 -9999 -9999 -9999 -9999 -9999 -9999 -9999 -9999 -9999 -9999 -9999 26.2149272587 24.5007571929 24.5203183459 21.0221471085 20.8361425846 19.3010407629 19.7942596072 19.6239978106 19.7548598361 19.0352006182 19.7238380939 14.5012910269 12.0856151849 13.5638186889 11.8262648143 9.43496503529 7.83691369998 6.68797251988 7.10281524425 7.81054696803 8.09084363013 7.90471138749 5.91917043658 4.84128673734 4.01623812408 4.31859643365 4.62675240462 4.22883583516 4.9276221408 5.21937269977 5.32001267082 2.44209976641 0.987357926876 0.350664212203 0.430048966828 0.444381588307
-9999 -9999 -9999 -9999 -9999 -9999 -9999 -9999 -9999 -9999 -9999 -9999 -9999 -9999 -9999 -9999 -9999 -9999 -9999 -9999 -9999 25.3649503658 24.0057235555 23.8520726069 22.0672935628 21.3019373892 20.1791924843 21.4676337905 21.3578790474 18.9576420954 8.60278344679 17.9993093693 16.5497059524 12.3940282815 8.66646437573 9.76899914852 8.22312539217 7.9288590938 6.71629878609 7.95876824167 7.86577217175 7.64398790206 6.05657088576 5.70616481334 5.92633198307 5.69890206298 5.01624668746 4.92043442321 3.38016588558 3.60561612449 6.34969127681 5.48891285737 2.99067327552 0.72084294338 0.547277907362 0.374569630646 0.361617262031
-9999 -9999 -9999 -9999 -9999 -9999 -9999 -9999 -9999 -9999 -9999 -9999 -9999 -9999 -9999 -9999 -9999 -9999 -9999 -9999 -9999 -9999 24.0312602457 24.49564546 23.0702838736 21.7819808761 20.2866578439 22.1857255461 19.1194006507 20.5268598167 20.8895073155 21.0238030316 15.1780361744 12.7802840113 12.2562091142 10.6852129775 9.46002855911 8.95036018766 7.76982615699 7.96958282237 7.72995474577 6.03269438586 5.79395410259 6.80686859204 4.11910924485 3.76156717567 2.92210002318 3.4327075669 3.9245704093 7.21048239422 4.30607766354 7.65458374957 3.79355835191 0.843047100003 0.352931787306 0.317630062021 0.318364022045
-9999 -9999 -9999 -9999 -9999 -9999 -9999 -9999 -9999 -9999 -9999 -9999 -9999 -9999 -9999 -9999 -9999 -9999 -9999 -9999 -9999 -9999 24.3826863029 24.0210741971 22.7324309365 22.0241902938 20.8535420478 21.1828876264 19.6039833152 19.9888967293 17.915886754 18.0956506437 16.3302404968 13.3690569419 10.796715366 12.5471464486 9.46471692452 8.90169749519 8.95546158428 9.02122109054 6.51357036277 7.83709046737 5.8601276283 5.09216718024 4.29287977617 4.54346439634 4.81375048832 5.00646073596 3.21485455941 3.19884287152 3.25537321083 6.94470245896 0.653075996935 1.4930375069 0.705482168224 0.628100204268 0.435853657247
-9999 -9999 -9999 -9999 -9999 -9999 -9999 -9999 -9999 -9999 -9999 -9999 -9999 -9999 -9999 -9999 -9999 -9999 -9999 -9999 -9999 -9999 24.3510109031 24.4278006288 23.9233345647 22.226201161 21.5663130212 21.9590025287 20.6262769696 21.4239971368 18.990505932 18.1716527714 16.130481347 14.0657583642 12.9057427155 10.6870207405 9.35861463884 11.0153174363 9.18522884318 8.67021813502 7.75673823862 6.67831047849 4.86323800665 5.60792161605 5.94709718079 5.52508335985 4.83739245669 4.35646908139 3.39914117912 3.404020381 3.79737051919 3.29796527686 1.18948797612 1.226992238 1.27989725205 1.41590422581 0.632005092274
-9999 -9999 -9999 -9999 -9999 -9999 -9999 -9999 -9999 -9999 -9999 -9999 -9999 -9999 -9999 -9999 -9999 -9999 -9999 -9999 -9999 -9999 -9999 24.9919497072 23.7886499008 22.4423059183 21.2522693314 21.3175850278 20.0167448407 21.0706185728 19.0279766093 19.6463180277 17.5666951252 16.872913893 12.0109560839 12.7165328673 11.584367587 10.6505542521 7.51561498548 7.26293321315 5.40209949905 6.41999172926 6.69514170494 6.81396809552 5.69867552262 5.25685925856 3.26296120052 2.94120693539 2.66037509903 2.80755925178 2.26855297268 2.63904557797 2.59410558884 2.26495837456 0.839438294071 0.701501362595 1.65334572014
-9999 -9999 -9999 -9999 -9999 -9999 -9999 -9999 -9999 -9999 -9999 -9999 -9999 -9999 -9999 -9999 -9999 -9999 -9999 -9999 -9999 -9999 -9999 24.1568361662 23.6076939054 22.1457166202 20.8481126988 22.4852594397 20.7361872846 21.7186997256 20.5530201741 21.0226470798 18.5897733624 18.0468479584 13.4300556502 12.9106680525 10.6109780192 9.75400513365 8.68625668813 9.712174936 8.10094091696 7.81410829558 6.48907410061 5.45608860286 4.36483888293 4.59072730992 4.65349130368 4.72966906447 3.7130721681 3.64239282961 3.8084112725 3.93314511946 2.70853327049 2.33444569016 2.10042201502 2.88804007974 2.09893209298
-9999 -9999 -9999 -9999 -9999 -9999 -9999 -9999 -9999 -9999 -9999 -9999 -9999 -9999 -9999 -9999 -9999 -9999 -9999 -9999 -9999 -9999 -9999 -9999 24.5575145689 22.3930433409 21.0641733873 21.625654481 21.2349780752 21.1773772924 19.0558066307 15.2656869041 18.0137520974 18.314540782 16.0676998911 11.6264561873 9.16474960743 10.9738711942 9.38037484792 11.3132872085 8.21238522784 5.74575513812 4.32380366549 5.40109554785 5.61841391798 5.27129564196 3.88998584453 4.48580816835 4.5908309726 4.01524867505 3.05694290756 2.45425982511 2.52646873274 5.58230015749 2.924206485 2.25680824828 2.25296035003
