data/recharge/transience/recharge558.asc
ncols                  80
nrows                 72
xllcorner      4374000.0
yllcorner      5656000.0
cellsize            500
NODATA_value       -9999
[rows 0 to 24 of 72, columns 0 to 56 of 80]
-9999 -9999 -9999 -9999 -9999 -9999 -9999 -9999 -9999 -9999 -9999 -9999 7.25645150739 7.51826051968 -9999 -9999 -9999 -9999 -9999 -9999 -9999 -9999 -9999 -9999 -9999 -9999 -9999 -9999 -9999 -9999 -9999 -9999 -9999 -9999 -9999 -9999 -9999 -9999 -9999 -9999 -9999 -9999 -9999 -9999 -9999 -9999 -9999 -9999 -9999 -9999 -9999 -9999 -9999 -9999 -9999 -9999 -9999
-9999 -9999 -9999 -9999 -9999 -9999 -9999 -9999 -9999 -9999 -9999 -9999 12.3583578161 9.85545065008 8.60026457619 -9999 9.60478368033 -9999 -9999 -9999 -9999 -9999 -9999 -9999 -9999 -9999 -9999 -9999 -9999 -9999 -9999 -9999 -9999 -9999 -9999 -9999 -9999 -9999 -9999 -9999 -9999 -9999 -9999 -9999 -9999 -9999 -9999 -9999 -9999 -9999 -9999 -9999 -9999 -9999 -9999 -9999 -9999
-9999 -9999 -9999 -9999 -9999 -9999 -9999 -9999 -9999 -9999 9.47615069421 9.53852908606 11.0323515899 11.4520019404 8.62916947681 7.54412967452 6.43277605669 6.56189485541 -9999 -9999 -9999 -9999 -9999 -9999 -9999 -9999 -9999 -9999 -9999 -9999 -9999 -9999 -9999 -9999 -9999 -9999 -9999 -9999 -9999 -9999 -9999 -9999 -9999 -9999 -9999 -9999 -9999 -9999 -9999 -9999 -9999 -9999 -9999 -9999 -9999 -9999 -9999
-9999 -9999 -9999 -9999 -9999 -9999 -9999 -9999 -9999 9.2531826944 9.50608908955 9.31582657313 9.24832367223 9.86125343496 8.98223472268 8.42893873301 7.50130082354 9.66626895884 -9999 9.98103624159 -9999 -9999 -9999 -9999 9.57078863396 8.48425652072 -9999 -9999 -9999 -9999 -9999 -9999 -9999 -9999 -9999 -9999 -9999 -9999 -9999 -9999 -9999 -9999 -9999 -9999 -9999 -9999 -9999 -9999 -9999 -9999 -9999 -9999 -9999 -9999 -9999 -9999 -9999
-9999 -9999 -9999 -9999 -9999 -9999 -9999 -9999 13.8866445402 11.8247606634 9.63081250251 9.07759485631 8.75997666745 7.92307584729 8.15646022184 7.61673236504 7.09582247099 6.88299818341 6.41113685215 7.4931156179 7.40931942098 8.01611800441 -9999 7.30473432748 11.1115889422 9.65177010386 -9999 -9999 -9999 -9999 -9999 -9999 -9999 -9999 -9999 -9999 -9999 -9999 -9999 -9999 -9999 -9999 -9999 -9999 -9999 -9999 -9999 -9999 -9999 -9999 -9999 -9999 -9999 -9999 -9999 -9999 -9999
-9999 -9999 -9999 -9999 -9999 -9999 11.6548514064 9.86748461816 9.87956854594 10.4552861803 11.2726624066 11.3865889086 10.0256825059 9.3356929841 7.96821233382 8.82003571999 7.70847809444 7.01122753289 7.74728285481 7.37481581609 7.11643100542 7.71373553001 7.25474016146 7.22792162634 7.85271669065 7.4908438629 8.0023592707 -9999 -9999 -9999 -9999 -9999 -9999 -9999 -9999 -9999 -9999 -9999 -9999 -9999 -9999 -9999 -9999 -9999 -9999 -9999 -9999 -9999 -9999 -9999 -9999 -9999 -9999 -9999 -9999 -9999 -9999
-9999 -9999 -9999 -9999 -9999 -9999 12.3404734623 11.1235838359 9.21619760236 8.82975204705 8.25977994935 8.49688851168 8.35781397356 7.94364789271 7.36793715372 6.36187609539 7.65578734036 7.92430153395 8.89353297058 5.9021983096 6.27587935489 7.66391089893 6.81729460837 6.92421880073 6.65299640586 6.12207519088 8.00583039018 8.43495150655 8.18968654781 7.56478291909 9.64637674882 9.4874028116 -9999 -9999 -9999 -9999 -9999 -9999 -9999 -9999 -9999 -9999 -9999 -9999 -9999 -9999 -9999 -9999 -9999 -9999 -9999 -9999 -9999 -9999 -9999 -9999 -9999
-9999 -9999 -9999 -9999 -9999 14.7943986328 12.8842024298 12.7446202285 11.796496217 12.7230345808 11.9475303264 10.4753010468 8.70568899363 9.67438611414 8.3362244032 8.51245269408 8.08540616126 6.04934578805 9.14359435768 6.12700052984 6.32022873858 5.99979976712 6.31749732925 6.61226339778 6.94848445545 7.38437359947 7.64685407718 7.30147065762 7.74903274378 7.49598914574 7.14457601206 7.67765800215 6.66829957905 6.31026273366 -9999 -9999 -9999 -9999 -9999 -9999 -9999 -9999 -9999 -9999 -9999 -9999 -9999 -9999 -9999 -9999 -9999 -9999 -9999 -9999 -9999 -9999 -9999
-9999 -9999 -9999 -9999 -9999 15.1615855039 13.8783577223 13.9844784522 12.3024051224 11.2372939342 10.9145031644 11.7670003297 8.65474023068 8.00084798638 10.7666965536 12.6805195914 8.69076273704 4.59383816637 7.02282339859 6.09020094812 7.1606267844 6.75063449814 7.44505403681 7.03652992112 6.37931958561 5.59086803516 6.30450924526 5.5816442435 6.20241585485 7.15689976372 7.25673550036 6.63362640913 6.35254188901 5.95087625608 6.28908487379 5.84539635036 -9999 -9999 -9999 -9999 6.43500825244 6.0243279142 -9999 -9999 -9999 -9999 -9999 -9999 -9999 -9999 -9999 -9999 -9999 -9999 -9999 -9999 -9999
-9999 -9999 -9999 -9999 -9999 13.9591167314 12.8981807253 13.2652491456 13.0046538849 13.8985651342 12.780047965 12.1005761568 10.7033536199 12.4535093639 11.96312171 10.0116101678 8.68906631969 11.8609918255 10.0296770999 9.70105567394 8.81317437542 6.18731128651 5.74591462526 5.41747459403 6.18906814893 5.91141582325 5.94494200324 5.16662962147 6.65067851562 5.92415499398 4.38203123305 5.32109095292 6.23654245573 6.1333024022 5.90168964053 6.19955047113 6.15015183096 -9999 -9999 6.32834633297 6.99539996129 6.65060330055 7.62522657312 -9999 -9999 -9999 -9999 -9999 -9999 -9999 -9999 -9999 -9999 -9999 -9999 -9999 -9999
-9999 -9999 -9999 -9999 -9999 -9999 15.8243360755 16.9215424527 14.2581852759 13.4925529438 11.6626223762 12.9305168064 15.243715021 16.4815281693 9.62614526347 8.2226252285 8.74569930334 8.41976450715 6.94358175131 6.76555686593 6.9108137484 7.33129875155 6.5280054375 7.23844646999 6.18495575225 5.36245064137 4.49073587993 5.05743446757 4.9542567453 4.92487192253 4.92584324576 5.5007730801 5.22342382849 5.02411587013 5.34326355307 5.59905014088 5.77086649523 5.23171565492 6.03037560333 5.79904466226 5.77110485228 7.16298354118 5.81274574472 4.97561956946 -9999 -9999 -9999 -9999 7.3081616776 6.46071647749 1.86847111823 -9999 -9999 -9999 -9999 -9999 -9999
-9999 -9999 -9999 -9999 -9999 -9999 -9999 15.2550562106 12.9065075775 14.8585854736 14.5304313311 13.0392194327 12.6527182972 10.1830733664 9.761913735 12.0181734825 10.9662758639 10.4718338989 9.88146896097 8.03989906028 6.35797267689 6.41551722393 6.0630506619 6.14645321009 5.52200031543 4.80097103613 4.69842560336 5.11974416917 5.01848064222 4.77531287058 5.15990957632 5.06492240738 5.33093419818 4.93559591979 5.78793115174 5.72547108895 5.89985662868 5.88426559207 5.86178428568 5.84436396452 5.32841497072 5.16977054615 5.32127932462 5.92724346961 5.31343752317 5.99439850358 6.40016585943 5.41339275055 5.18984191932 5.0086819373 4.68776427425 3.86570450321 -9999 -9999 -9999 -9999 -9999
-9999 -9999 -9999 -9999 -9999 -9999 -9999 -9999 12.8084579353 11.2423889701 12.6075641055 14.1173114131 12.6724134874 13.8736221473 12.5139493916 11.3447148705 8.43401269148 8.48982459473 6.77995023226 7.8128667385 9.84840314219 9.3628882239 7.41272610121 7.26811951607 6.84746832413 6.79660642318 4.22783077934 4.56600735374 3.94006681966 3.4248594231 3.81873430531 4.10570668724 4.23886218623 3.97561915256 4.61511346671 5.34463246648 5.09043667087 5.39640447308 5.00418245313 4.92629463497 5.21837873612 5.08805080811 5.21112143134 4.71897739113 4.62634141114 4.16629061769 4.70609388005 4.09755183993 3.74734476102 3.86218129851 3.81237374086 4.13705799375 3.45912803917 -9999 -9999 -9999 -9999
-9999 -9999 -9999 -9999 -9999 -9999 -9999 -9999 14.86152055 12.9281021016 11.5509338447 11.6466035448 11.0815316569 10.985166881 9.2555075857 8.993098137 8.31237885436 8.96192455125 7.82556299246 8.59182255633 9.2479304463 9.10264495644 9.43277074441 11.3015726169 8.97345390399 6.26213271097 7.18953298563 5.40474003515 4.34829161747 3.51260086474 3.45876955679 3.81829207009 3.67139735455 3.86579664279 4.52907358989 3.49791830474 5.67449047192 5.14747764128 4.98908173424 4.86880680007 4.8657785993 4.57648237189 4.8165266478 4.79970635635 4.18428295955 4.12893717956 4.63897935938 4.22288591433 3.88700655241 4.15478815088 3.97453075455 3.99954540737 3.77675835236 4.18504265668 3.42866168596 3.74728557273 -9999
-9999 -9999 -9999 -9999 -9999 -9999 -9999 -9999 -9999 16.2457947017 13.9674116041 10.9908171438 11.0688927792 11.7212292064 10.7447580761 10.9596738732 12.0462941018 12.8019654924 12.6322923639 12.7016380266 11.0270836722 8.51418794071 8.57903024909 15.5400632184 12.1116335726 10.2231799395 6.94576100389 5.48904818184 2.98755393364 3.63833014234 3.48016765645 3.66509344682 3.55074459871 3.11141489584 3.75427272859 3.94031762412 4.70392275561 4.35329886142 4.17341981587 4.23724788188 4.16878956126 4.31428834971 3.61384981561 5.23106434767 3.8497368678 3.2883897424 2.89180040342 2.86396819097 3.04424407324 3.08497485144 3.1696886435 3.03238699593 3.19259426514 3.45973743704 3.68728657896 2.49929572594 1.86801627409
-9999 -9999 -9999 -9999 -9999 -9999 -9999 -9999 -9999 -9999 12.3191749862 13.1749171971 10.9627542777 12.0196588917 9.85080484681 9.02886907253 9.14052813424 11.7731526608 9.82615504498 8.16232317228 7.3320975677 7.11223973199 5.9024272176 7.73258196568 8.48786310238 10.4443816531 8.82709386103 6.95342445937 4.55746781163 3.5732225531 3.53451885226 3.56223537684 4.06578634115 3.46369922784 4.51393489668 4.1565976796 4.5470250961 4.35863148802 4.22027425049 4.25548632576 4.45502895934 4.43539888989 3.84411929179 4.10281429408 5.46898014237 5.86997849955 4.44436843441 3.11720800627 3.65766331691 3.43966100688 3.74276429753 3.56915776222 3.0610189345 3.46601236657 3.03090778091 2.46749132165 1.82924636352
-9999 -9999 -9999 -9999 -9999 -9999 -9999 -9999 -9999 -9999 -9999 8.76619507804 9.10519747488 10.8346591516 9.41411938788 8.53301282155 8.8569807403 8.71078323113 6.77379743701 7.17774598889 7.67671741728 7.56204632324 5.74656551449 4.66191368788 4.33318883736 4.67018457595 6.47899905419 8.67212148748 7.21343368887 2.73619109254 2.91573493119 3.2820301582 3.51179066548 3.62934638625 3.77414627033 3.2681535803 3.77990623642 3.7412085924 4.01287857427 4.00927023946 4.46487054159 4.05315000007 4.23170507359 3.26572567732 3.02933859889 3.01147966886 3.7136944066 4.12561941163 3.28372904566 3.36404162476 3.14226739852 3.46969665308 3.41673746638 3.07630757147 2.54287399274 2.54755621739 1.66442512957
-9999 -9999 -9999 -9999 -9999 -9999 -9999 -9999 -9999 -9999 -9999 7.08509256039 8.67348043479 8.82864110386 9.42572483677 8.77185680587 7.36179238581 6.77697319874 7.02197761062 7.12314095383 6.82767208176 7.94789724747 5.62638873212 5.32414920711 4.95489211514 5.60280126662 4.99095869839 6.17952736104 5.59901406948 6.29335066644 7.3635082069 6.79933109681 4.09630166002 4.22290924716 3.12599059495 3.04181989378 3.75784818281 3.85100106876 3.8652295857 4.1891583545 6.3646905084 4.93442952236 3.94724554434 3.98992245663 3.4797835871 3.79820473828 5.48569316113 6.57111938295 5.93119921539 3.76614287415 4.77497914349 4.45115002775 2.88000963528 3.49974998654 3.39686110329 2.88032532054 2.52345207104
-9999 -9999 -9999 -9999 -9999 -9999 -9999 -9999 -9999 -9999 -9999 13.4788507164 11.846915092 11.010689194 7.60731490061 8.39764035947 6.961554952 5.53327382019 5.48714329565 5.88922232968 5.68253543768 5.856925699 4.93277136419 4.24248304539 3.68472443345 3.58337088967 3.28800470154 3.18364238722 3.39751477745 3.25333323087 3.85420390926 6.54420649852 8.54182151849 7.8396469964 3.81027450559 1.99835039666 3.89232005198 2.69611568276 3.12109307071 2.68757100594 3.1127727281 4.21429335722 5.00546037289 5.72548438467 6.16135942744 6.81448154418 5.01564078894 4.34451479946 4.33080701794 4.47668701428 4.06370777005 4.766431903 5.03887457625 5.70883483924 4.30025133242 3.61512119342 4.30150610625
-9999 -9999 -9999 -9999 -9999 -9999 -9999 -9999 -9999 -9999 -9999 -9999 8.97886363567 10.371695914 9.37831655794 9.02319279826 7.34948755078 6.58265828263 5.59772776897 6.13353854378 5.93015900012 5.48379548631 5.08640437004 5.10099655823 3.88317207561 4.01123224277 3.38034586045 3.55721343011 3.26794721456 3.04166691952 3.0723609786 3.2929023533 2.85543931598 3.20912015246 4.95037238117 1.50304545771 3.48514335252 3.28897810732 3.16323210282 3.72867403374 4.32120316581 4.31395701664 6.26166883619 7.23864825901 7.75096081005 7.35675402554 5.16065663669 4.42595454876 3.10818001153 3.68984466268 3.58162889794 2.97375953 2.35909524805 2.41705536775 2.27502164569 2.94464950289 1.29298490843
-9999 -9999 -9999 -9999 -9999 -9999 -9999 -9999 -9999 -9999 -9999 11.5973613503 11.0270708826 12.127482359 12.1848700247 8.77912648191 7.62172499557 7.36045309879 5.72146637628 6.07378340277 4.63859548123 4.52667902432 3.83871157786 3.98292361577 3.83510369181 3.74530328884 3.16101818026 2.85117647797 2.84051301162 2.69719777553 2.55043746809 2.70198257935 2.58345686758 2.54001288535 2.92037698539 3.78535967361 4.46955670932 2.76170190237 3.06467957062 3.1062726109 3.91500079153 3.84118902187 5.92624075832 7.25193012684 9.27606724747 9.26543563637 7.20631504908 6.76671438576 4.78647308506 4.91863806352 3.40903858349 2.06678504451 1.73107502317 1.75394354357 1.53983942515 1.80709443217 2.82030224874
-9999 -9999 -9999 -9999 -9999 -9999 -9999 -9999 -9999 -9999 -9999 12.2668454761 14.2170243604 13.6900631108 9.95130924206 7.72902103995 8.45005777724 8.02999214755 6.05537940982 6.5913006533 7.45749419262 7.93966911385 4.44224405802 4.3722503107 4.11951176933 4.15409203932 2.79455323076 4.43076576534 3.36956832136 4.46984049979 3.97698611016 2.78894330155 2.51488889574 2.54323726881 2.80794772167 2.13337441065 3.33217462564 4.74857340359 3.54309294643 3.2010958099 3.46047191598 4.09595376342 5.41113894077 5.31109425616 5.76264316293 5.45384588538 6.20051714334 6.39844597771 5.38241766612 5.33267168012 3.29844885252 3.6672191605 2.95693560186 2.75295707086 2.45427852799 2.16653807678 1.38137057432
-9999 -9999 -9999 -9999 -9999 -9999 -9999 -9999 -9999 -9999 -9999 15.5106450593 15.0344474074 13.019843816 12.7866785145 12.4898240736 8.33957893213 8.939309285 7.80551973484 7.86167003069 4.67489150225 3.6536739439 6.3300628943 6.81353481677 4.8782564666 4.86422762274 4.9181756343 4.12542113563 2.91942216332 2.48269204825 2.57912493704 4.05946199397 4.26633365076 3.87210645303 3.02264873641 1.71074307908 1.88863296025 1.48068855243 3.03258764286 1.84877309908 4.05952928241 4.21288639578 4.07634914471 3.58770759816 3.76114249765 3.7722064448 4.56853446908 4.62446461624 4.05851248066 3.7569492088 2.54107473292 1.52810339334 1.16828194011 1.3973600574 1.21393377858 1.63736197165 2.03339223701
-9999 -9999 -9999 -9999 -9999 -9999 -9999 -9999 -9999 -9999 -9999 -9999 15.5614736391 14.6225858387 11.7598843221 11.2528034496 9.80637867546 9.76523921752 7.4985648073 8.10027055603 7.07695396857 8.02562422952 5.36036875962 4.65109651911 4.39227937187 4.28851320389 3.22608582065 3.52755194266 3.00996377378 2.44114594051 1.92610600664 2.09341194637 2.32355399241 2.58764568907 2.68376249711 2.70729862062 2.3127345352 1.76904621959 3.59858249265 3.30909039773 3.830030586 3.36930828248 3.92468636575 3.41623104758 3.82650109455 3.84298310886 4.00573472458 4.24815065953 3.66583551289 3.59723699634 3.07409616424 1.68664024399 1.68247787678 2.31363844133 1.5804558715 1.55382090883 1.30461455652
-9999 -9999 -9999 -9999 -9999 -9999 -9999 -9999 -9999 -9999 -9999 -9999 17.2101872824 14.6216681968 12.6917715834 11.6511014158 9.25745081193 10.0108543023 8.7145418602 7.62793576958 7.09664905705 6.36797158743 5.58585881886 7.28331664746 4.6650687931 5.86976785404 5.11763705172 5.37487999295 4.22704846345 5.64824835042 4.27386486167 4.59711749314 4.85260672776 4.7849318122 3.28480380011 2.62648503196 1.66543969584 3.42069927476 5.09361172865 3.57290952096 4.04667436817 3.14019448474 2.92532604438 2.87376073278 3.03395074702 3.09607039568 3.11045579301 3.27930938431 2.92993403276 2.99170360667 2.81925546412 2.50597969169 2.11868235774 1.19077148932 0.923165269907 1.34938447588 0.704262666067
