data/recharge/transience/recharge163.asc
ncols                  80
nrows                 72
xllcorner      4374000.0
yllcorner      5656000.0
cellsize            500
NODATA_value       -9999
[rows 0 to 23 of 72, columns 0 to 55 of 80]
-9999 -9999 -9999 -9999 -9999 -9999 -9999 -9999 -9999 -9999 -9999 -9999 0.663475728838 0.679252946485 -9999 -9999 -9999 -9999 -9999 -9999 -9999 -9999 -9999 -9999 -9999 -9999 -9999 -9999 -9999 -9999 -9999 -9999 -9999 -9999 -9999 -9999 -9999 -9999 -9999 -9999 -9999 -9999 -9999 -9999 -9999 -9999 -9999 -9999 -9999 -9999 -9999 -9999 -9999 -9999 -9999 -9999
-9999 -9999 -9999 -9999 -9999 -9999 -9999 -9999 -9999 -9999 -9999 -9999 2.34246760643 1.29740522675 0.937352616124 -9999 1.08717897024 -9999 -9999 -9999 -9999 -9999 -9999 -9999 -9999 -9999 -9999 -9999 -9999 -9999 -9999 -9999 -9999 -9999 -9999 -9999 -9999 -9999 -9999 -9999 -9999 -9999 -9999 -9999 -9999 -9999 -9999 -9999 -9999 -9999 -9999 -9999 -9999 -9999 -9999 -9999
-9999 -9999 -9999 -9999 -9999 -9999 -9999 -9999 -9999 -9999 1.3471656584 1.25220142914 1.81025787253 1.9571642443 1.066184497 0.847344158735 0.642588654772 0.68492485549 -9999 -9999 -9999 -9999 -9999 -9999 -9999 -9999 -9999 -9999 -9999 -9999 -9999 -9999 -9999 -9999 -9999 -9999 -9999 -9999 -9999 -9999 -9999 -9999 -9999 -9999 -9999 -9999 -9999 -9999 -9999 -9999 -9999 -9999 -9999 -9999 -9999 -9999
-9999 -9999 -9999 -9999 -9999 -9999 -9999 -9999 -9999 1.17365632585 1.34758932612 1.30956629028 1.28060223381 1.43640395086 1.30282854 1.16948043027 0.955235877219 1.30420946237 -9999 1.82715561986 -9999 -9999 -9999 -9999 1.68026379958 1.75746156052 -9999 -9999 -9999 -9999 -9999 -9999 -9999 -9999 -9999 -9999 -9999 -9999 -9999 -9999 -9999 -9999 -9999 -9999 -9999 -9999 -9999 -9999 -9999 -9999 -9999 -9999 -9999 -9999 -9999 -9999
-9999 -9999 -9999 -9999 -9999 -9999 -9999 -9999 2.52494419144 1.80063244513 1.25581626153 1.23322630627 1.19289409412 0.998973096057 1.08218100249 0.959323699114 0.876103617604 0.714494852834 0.775676192008 1.09545276311 1.189599134 1.35157163738 -9999 1.19108862984 2.33086315332 2.16230507284 -9999 -9999 -9999 -9999 -9999 -9999 -9999 -9999 -9999 -9999 -9999 -9999 -9999 -9999 -9999 -9999 -9999 -9999 -9999 -9999 -9999 -9999 -9999 -9999 -9999 -9999 -9999 -9999 -9999 -9999
-9999 -9999 -9999 -9999 -9999 -9999 2.04034576854 1.39678222794 1.25357525227 1.40387662332 1.71167253915 1.90772539664 1.52677199343 1.33657586597 1.03802681757 1.2388982621 1.02467241959 0.901714721537 1.09637239954 1.070210469 1.1154793286 1.27112878783 1.45777736529 1.24032118137 1.61022986073 1.48343042164 1.9551720412 -9999 -9999 -9999 -9999 -9999 -9999 -9999 -9999 -9999 -9999 -9999 -9999 -9999 -9999 -9999 -9999 -9999 -9999 -9999 -9999 -9999 -9999 -9999 -9999 -9999 -9999 -9999 -9999 -9999
-9999 -9999 -9999 -9999 -9999 -9999 2.26254912103 1.80778341543 1.12622188772 1.0328098851 0.975539847797 1.11219704747 1.08310897399 0.900899835646 0.846278900698 0.688336420765 0.824600406827 0.723342441438 0.931516118681 0.697803764957 0.888728189911 1.22697709256 1.19778575001 1.26579488457 1.25362421871 1.06373540209 1.94528737852 2.22426735975 2.55602405768 2.26604490746 3.70245657902 3.60572872519 -9999 -9999 -9999 -9999 -9999 -9999 -9999 -9999 -9999 -9999 -9999 -9999 -9999 -9999 -9999 -9999 -9999 -9999 -9999 -9999 -9999 -9999 -9999 -9999
-9999 -9999 -9999 -9999 -9999 3.260519735 2.46786305729 2.39517319656 2.00682118917 2.2072744905 1.94931154736 1.54223464358 1.01885281179 1.08343044097 1.07532707813 1.10714205178 0.807318680448 0.965431234896 1.11459324762 0.743132959674 0.898343318372 0.825668192969 1.06246872493 1.14239172093 1.4301200325 1.61235222605 1.83384075704 1.64827091102 2.35316030136 2.23838773193 2.36278808223 2.62161065407 2.41139410425 2.23245274276 -9999 -9999 -9999 -9999 -9999 -9999 -9999 -9999 -9999 -9999 -9999 -9999 -9999 -9999 -9999 -9999 -9999 -9999 -9999 -9999 -9999 -9999
-9999 -9999 -9999 -9999 -9999 3.4951683266 2.89724832582 2.93972086543 2.25163748478 1.88713414295 1.78176179285 2.05813891071 1.00532035631 0.971710441801 1.78006929917 2.10303898183 0.838671956931 0.47914352633 0.812003397701 0.578596006214 0.927813967953 0.955731848849 1.36535364597 1.24703410091 1.26215694252 0.936865786664 1.31549834928 1.06007683745 1.60961725026 1.50399073482 1.55374907667 1.68425442774 2.14406010355 1.95507455986 2.20393303202 2.03965953007 -9999 -9999 -9999 -9999 2.38429197302 2.09771285479 -9999 -9999 -9999 -9999 -9999 -9999 -9999 -9999 -9999 -9999 -9999 -9999 -9999 -9999
-9999 -9999 -9999 -9999 -9999 2.9620946455 2.503811146 2.59506185975 2.51263808032 2.86411848556 2.4146127263 2.16946305292 1.71254799966 2.21894874555 2.17248661095 1.43802330076 1.06495577831 1.7339622939 1.41200428831 1.58894001435 1.28071092993 0.861802999483 0.907815881794 0.826996644196 1.19422399265 1.11779879203 1.24407797294 0.957860635024 1.72732600136 1.30452113905 1.08506283313 1.3353895539 2.09047812194 1.86984474685 1.81749966644 2.21475218868 2.21927522278 -9999 -9999 2.29443507738 2.59654900672 2.41309725287 2.79110800052 -9999 -9999 -9999 -9999 -9999 -9999 -9999 -9999 -9999 -9999 -9999 -9999 -9999
-9999 -9999 -9999 -9999 -9999 -9999 3.92039188371 4.41465042823 3.13275793545 2.80886423301 2.10103054181 2.56239389266 2.97808353696 3.5931098905 1.3815490932 1.11828683413 1.22368671313 1.13691184945 0.940729667434 0.91516665405 1.05499581158 1.16198742858 1.11068070933 1.30372540617 1.17415230374 0.952842831033 0.747577975821 0.948734395051 1.04501752509 1.10230525515 1.10695930303 1.45731447311 1.39411064878 1.47054682261 1.71683826248 1.7717922243 1.71313432892 1.46622044186 2.04793182687 1.93745035404 1.91175397214 2.62001992079 1.66390571432 1.32510707529 -9999 -9999 -9999 -9999 2.31805383042 1.90646318275 0.545166347766 -9999 -9999 -9999 -9999 -9999
-9999 -9999 -9999 -9999 -9999 -9999 -9999 3.4530699711 2.5789611787 3.40209358805 3.21875951622 2.59828411459 1.9350475887 1.41424907942 1.32031672022 2.10940888881 1.91142120728 1.80788508765 1.73942143616 1.21788025743 0.924787201259 0.939537006994 0.989434983111 1.00832767286 0.985295194204 0.796492776208 0.956912298448 0.980143560576 1.15242771337 1.03538088179 1.1992109428 1.19198313132 1.49367129601 1.34146956244 1.85942888455 1.82980735869 2.04715555082 1.94448371222 1.96550517711 1.95832472778 1.48622698351 1.38978104043 1.56137221683 2.02061869725 1.71931428308 1.98024871727 2.25316704804 1.75952622601 1.65529554679 1.33128263907 0.999329240827 0.64716658324 -9999 -9999 -9999 -9999
-9999 -9999 -9999 -9999 -9999 -9999 -9999 -9999 2.2833752887 2.02411140673 2.56066218196 3.18162515861 2.55076110732 3.02011572085 2.68378306092 2.18513316512 1.29363959965 1.30653722976 0.960005092343 1.21252089458 2.01898193412 1.84651984645 1.16672432173 1.32277774181 1.44927262443 1.35433293675 0.687845911419 0.826879226983 0.710131479259 0.479714378375 0.880077254826 0.863517629099 1.00928792188 0.896336811174 1.15380254158 1.33526367108 1.48610147207 1.60799607273 1.46004734439 1.46589568998 1.54832184583 1.49332826736 1.65021831398 1.43550517908 1.38519138034 1.20181094848 1.39881653762 1.15153724664 1.00978236633 0.861728879612 0.786656940549 0.849001865541 0.610495237727 -9999 -9999 -9999
-9999 -9999 -9999 -9999 -9999 -9999 -9999 -9999 3.48161161289 2.65214587034 2.16827936117 2.20119077138 2.01098165639 1.97766153032 1.47354585848 1.402892705 1.22831224758 1.40802872726 1.21533130349 1.42412213442 1.79157584648 1.75724538088 1.76937395305 2.65980170528 2.08942608408 1.27722364165 1.68842274768 0.966385576534 0.797764012775 0.605302385268 0.575625457643 0.708212184861 0.6844023447 0.805589991412 1.2198945482 0.63069362761 1.72951647514 1.50094775716 1.4545421719 1.40299259339 1.39484374374 1.27655524755 1.47495391281 1.47023312096 1.20782218715 1.18651941292 1.37081487604 1.20137253571 1.00886781612 0.904163456357 0.838823964852 0.846793405695 0.827860851684 1.07647601096 0.773479364472 0.880788929505
-9999 -9999 -9999 -9999 -9999 -9999 -9999 -9999 -9999 4.33937248008 3.23041562698 2.04987267563 2.100291511 2.20421369896 1.81372161372 1.84772012436 2.30697194647 2.63605168584 2.7796619694 2.80621475442 2.51421060242 1.51360100758 1.530065572 4.35583471553 3.03752015495 2.20948239115 1.38662208648 1.2125095599 0.516716750334 0.701864885526 0.741077035401 0.757425197295 0.794813443588 0.568932890198 0.697819711528 0.750353425963 1.21004415047 1.07946517085 1.02325561538 1.04683050554 1.01762085043 1.06634469182 1.05195728617 1.77597463624 1.19807632992 0.8636038154 0.722825064177 0.691999999795 0.554774232537 0.54618832203 0.559331389964 0.523217263442 0.5605742725 0.714140706404 0.79379712828 0.627641131273
-9999 -9999 -9999 -9999 -9999 -9999 -9999 -9999 -9999 -9999 2.50473749885 2.53757994715 1.97430176909 2.11910113702 1.52706647349 1.26719314106 1.36170768559 2.21161917505 1.70944830736 1.24110784097 1.13606266457 1.10849016614 0.794134458491 1.06882450166 1.70469857421 2.2189085349 1.93805933606 1.45210187808 1.12210219507 0.662006894424 0.683794823415 0.691858091335 0.903052119259 0.746646617953 1.15356689854 0.977215187323 1.15152285821 1.08160885502 1.04006184531 1.05283951279 1.12330545166 1.0980417184 0.830549368075 1.31053659727 2.07078896648 1.8779084573 1.50684016642 0.885682295666 0.713535322389 0.673149380747 0.727686860882 0.678915773377 0.501028262036 0.67697202669 0.595681194837 0.657541161528
-9999 -9999 -9999 -9999 -9999 -9999 -9999 -9999 -9999 -9999 -9999 1.3804500822 1.0182987479 1.79680449555 1.49902534599 1.19741591389 1.49893760224 1.45323118005 1.08030682712 1.23081489382 1.45127571325 1.44438637726 0.987110568558 0.612700969719 0.60468539412 0.689219571509 1.32224348966 2.37955282445 1.94083685115 0.285670603481 0.429232471097 0.52901275857 0.576217657378 0.667649029862 0.661890756364 0.558037080046 0.804763812339 0.79295537567 0.88333285047 0.881766324603 0.992370755709 0.815291181069 0.88098208493 0.740577940201 0.915024880922 0.817072399957 0.959700142323 1.3515105 0.717402629439 0.604915511244 0.509740689507 0.722255538167 0.709991054287 0.554796694437 0.413988531049 0.421175315673
-9999 -9999 -9999 -9999 -9999 -9999 -9999 -9999 -9999 -9999 -9999 0.886680874343 1.09266631247 1.40189281793 1.58017922074 1.42377885022 1.07757375002 0.92612620775 1.11024950481 1.1371868494 1.14141395014 1.46906303305 0.815063712878 0.762213171946 0.728263468575 1.08019003067 0.895160199827 1.2584215491 1.37299190146 0.799616640956 1.74771306944 1.79560606214 0.924192564009 1.02328755368 0.720462002439 0.611831814438 0.798436620186 0.82659411206 0.836739584157 0.807215162888 0.938326947095 1.06448679393 0.758903118281 0.799350480717 0.786616314089 1.27176040279 2.01097118995 2.47172999839 2.12352402736 1.12816495332 1.30972033286 1.08539870539 0.574743308958 0.686176794776 0.634692037916 0.512577373022
-9999 -9999 -9999 -9999 -9999 -9999 -9999 -9999 -9999 -9999 -9999 3.25312292946 2.51913540259 2.20173132315 1.14163202616 1.3951939787 1.0175319625 0.613710849645 0.607444682768 0.788906120127 0.842814288302 0.884402552786 0.826800405952 0.547278827046 0.513519611104 0.493154346428 0.48183275676 0.459687934482 0.538770351313 0.502086105933 0.726905163689 1.60363352927 2.64079959014 2.45994249399 0.872639916525 0.864643440091 1.13399750321 0.670104279161 0.558372162245 0.359090923141 0.427227795906 0.81270749354 0.977195756392 1.20045686573 1.44453030094 1.95409397031 1.58098622538 1.30251069855 1.27150279788 1.35616584059 0.942582645524 1.16371653791 1.24212865302 1.38051833348 0.846703281948 0.45285442365
-9999 -9999 -9999 -9999 -9999 -9999 -9999 -9999 -9999 -9999 -9999 -9999 1.52492591717 1.98902759986 1.6516895977 1.32624880557 1.1594222281 0.968239685345 0.698879013695 0.876282669387 0.90139479196 0.796360554602 0.784154880909 0.831025028949 0.555906102138 0.583158806548 0.501608925868 0.540489059762 0.520992752778 0.469401526301 0.504429269191 0.558286142907 0.473655248483 0.63958681027 1.02453360692 0.0944838258028 1.09867907836 0.939623712329 0.745415373251 0.723684706377 0.896177320965 0.792524908992 1.39178486846 1.76758039392 1.94522376899 1.88652421522 1.38220770061 1.33560645506 0.81236917036 1.0567717045 0.922064827302 0.611903720213 0.447894111362 0.441695984363 0.378553883972 0.249396647341
-9999 -9999 -9999 -9999 -9999 -9999 -9999 -9999 -9999 -9999 -9999 2.50418542713 2.29161320413 2.68066163682 2.50968893038 1.19025984911 0.854954692097 1.14212900868 0.810569961382 0.852148440678 0.595456893917 0.573219086451 0.482635763657 0.510207193563 0.528556692157 0.510124711086 0.427083902475 0.376690017571 0.40925165872 0.378951128957 0.359638444803 0.392084559037 0.373533484932 0.364169263764 0.454644054622 0.92962430561 1.23141036735 0.709465879437 0.58386946625 0.476636263402 0.683138130818 0.572165975151 1.29788203895 1.73402689493 2.41606693621 2.38087768744 1.69052682486 1.9006368176 1.27768625466 1.27103688857 0.714719722465 0.334956689457 0.266349103561 0.271229335291 0.232674132665 0.284583472602
-9999 -9999 -9999 -9999 -9999 -9999 -9999 -9999 -9999 -9999 -9999 2.76774740421 3.63229094564 3.35930474072 1.88209491035 1.06041571169 1.27650312196 1.23517995176 0.847507915492 0.914805433365 0.681387118355 0.70169917739 0.575097565328 0.588432135754 0.588486848906 0.603728538095 0.237495442536 0.328264830841 0.449840043069 0.798287095908 0.691360106244 0.411032263936 0.358755786749 0.364880521219 0.428761027351 0.400684141792 0.864985666456 1.25820601158 0.844698385734 0.605864813615 0.535313375038 0.686420740456 0.954098990893 0.979230420119 1.03057211426 0.935561388813 1.1516892275 1.22950947578 0.985153998256 1.10603498142 0.645353503958 0.735616001891 0.577577958987 0.500967730362 0.438789750847 0.370547574956
-9999 -9999 -9999 -9999 -9999 -9999 -9999 -9999 -9999 -9999 -9999 4.39682586232 4.18083129937 3.16846402519 2.9441498354 2.78855217094 1.31117095653 1.57640218272 1.21303364455 1.31849842317 0.458914787268 0.289200674007 0.779478331857 1.49841957926 1.11293199112 1.10771909071 1.11494884257 0.767006972684 0.480826386651 0.343994165736 0.367561209467 0.662315525284 0.726690722244 0.627658764508 0.439559886894 0.331540697773 0.475060246564 0.335914212323 0.813798951863 0.334550489181 0.61147402047 0.769671096826 0.69764139426 0.467257020186 0.44358287935 0.460091881946 0.59733424559 0.625483022165 0.560070021381 0.505327438808 0.404425159314 0.414369189323 0.282084977664 0.256837736316 0.228881543271 0.305337619717
-9999 -9999 -9999 -9999 -9999 -9999 -9999 -9999 -9999 -9999 -9999 -9999 4.44470423499 3.98092225657 2.66057911704 2.37370145551 1.85431552013 1.9071123685 1.25281961066 1.33983032937 1.13106302186 1.47157840107 1.03809425138 0.946907383664 0.961906646641 0.93089476687 0.699169175578 0.784871176017 0.693779762289 0.531675450526 0.40837388635 0.316854823803 0.290048296493 0.342290868464 0.36664739445 0.644290061429 0.580945294701 0.478542309 0.866820406503 0.636553183312 0.589913055378 0.490409851493 0.583056019077 0.514509316117 0.53976464921 0.522001660388 0.468123020212 0.545631654457 0.465514864169 0.475824589437 0.368575891927 0.111854807507 0.102096515888 0.362045155693 0.282494160595 0.261075369697
