data/recharge/transience/recharge79.asc
ncols                  80
nrows                 72
xllcorner      4374000.0
yllcorner      5656000.0
cellsize            500
NODATA_value       -9999
[rows 25 to 49 of 72, columns 0 to 56 of 80]
-9999 -9999 -9999 -9999 -9999 -9999 -9999 -9999 -9999 -9999 -9999 -9999 12.1005435286 11.9158103297 9.82438844823 9.49895461761 6.57959650927 6.51849055461 4.86247862617 5.88479481199 4.43132410692 4.20096509927 3.09948257956 1.37890596554 2.26655088381 3.99122293257 4.15035691715 3.69494365807 2.72151985755 2.34199620617 1.90843512551 1.73720260992 1.03851419647 0.963108658051 1.23460772103 0.585729814969 0.812239591887 1.51793498593 1.25986162914 1.44078804779 1.24409880658 0.840128612268 0.738026586662 0.78229644463 0.75017303625 0.783306030604 0.801800624936 0.792468096312 0.78173188902 0.89219862214 0.888278156288 0.967662697687 0.805701204455 0.647919694346 0.706921570106 0.714375995568 0.717941649719
-9999 -9999 -9999 -9999 -9999 -9999 -9999 -9999 -9999 -9999 -9999 -9999 -9999 10.3236803062 10.3548023348 10.7882616258 8.16771866281 7.50612123447 5.62065051257 5.0327543499 4.35569598277 5.19091109326 4.80394303761 3.56020159444 3.66679189467 3.26264028885 3.2874473564 3.07920312375 2.65917526819 2.91147257774 2.25974061341 2.04129549885 1.00782055295 1.51320695293 1.20499998162 0.16746195955 0.489107910349 1.42023626048 1.75805544199 1.18064607705 0.992142382194 1.27607331687 0.786456842605 0.862157630717 0.676750176792 0.605204367707 0.56627128566 0.526628955552 0.522404227502 0.519866486208 0.584976867668 0.646254401757 0.72647613846 0.506918286934 0.274231068992 0.597992720115 0.593347616576
-9999 -9999 -9999 -9999 -9999 -9999 -9999 -9999 -9999 -9999 -9999 -9999 -9999 -9999 9.26821498648 9.41609415377 7.35621184469 6.68735433817 5.66707314636 6.07692936737 4.65075739454 5.72471744841 4.4793216589 3.98827611197 2.63185288391 2.45865537887 2.48334027725 3.6420000081 2.73699362823 2.42470249631 2.24442255076 1.85258632904 1.43872629463 1.95854661288 1.39229604616 0.302970383278 0.468165364672 1.47672194083 1.37634205943 0.438102158669 0.372857312366 0.974839121799 1.20028992456 0.917039624523 0.661498525252 0.779026088477 0.68009014573 0.444889048608 0.629166497329 0.727005319677 0.689193611276 0.513187893989 0.492865530919 0.275706040825 0.333140917549 0.633619498149 0.68256300104
-9999 -9999 -9999 -9999 -9999 -9999 -9999 -9999 -9999 -9999 -9999 -9999 -9999 -9999 3.58902532197 6.20663170924 7.72435326264 7.04403075954 5.89708300623 6.23954472933 5.53844202275 5.85636682864 3.97668833087 5.49565289391 4.34671858623 4.50788671975 2.21232782926 2.25646322102 2.27022523736 2.69296007861 1.17442650197 0.470580522281 1.48498260535 3.98647499304 2.96459269978 0.350423422946 0.502306103392 1.11486604901 0.426870210304 0.342694007093 0.663137070096 0.899404583451 1.01024596425 1.16013841392 0.953673268849 0.765587003692 0.20158406748 0.0995162168589 0.140473351845 0.429598604643 0.831300452109 0.958356223813 1.08622923923 0.420417009377 0.311353800815 0.328788525123 2.15609050578
-9999 -9999 -9999 -9999 -9999 -9999 -9999 -9999 -9999 -9999 -9999 -9999 -9999 -9999 5.3590295997 7.4238879157 8.7044280447 7.77032932612 7.02771834175 6.93537969815 5.65332025481 6.03508714772 5.38866610934 4.64744824341 3.29029809937 2.85012107364 2.84886488094 2.80206635218 1.73243489207 2.08243030261 1.67480664517 1.44044300272 1.23966348385 2.65174104571 3.18514807442 0.35316013528 0.498239777759 3.20975352882 0.320315559195 0.250480783362 0.886995588703 1.06051985918 0.869074871031 0.905792027769 0.690922459512 0.78603074254 0.572570698081 0.80224779038 1.38309215867 1.5464036952 1.33004500415 0.842798573959 1.08866589228 0.914288176876 0.919199752226 1.16875167341 1.13255283024
-9999 -9999 -9999 -9999 -9999 -9999 -9999 -9999 -9999 -9999 -9999 -9999 -9999 -9999 13.5160019525 11.8552398583 10.677787976 10.6857049468 9.04854292255 9.57933404247 6.50991056334 6.12219083951 5.14704143343 5.04986909365 3.4781708974 3.78442967665 2.76284056202 3.40001768213 2.4667062579 2.14208041231 1.91127036901 2.25667155069 1.77539744214 0.468850668523 0.423364393438 0.430132186557 0.333454381089 1.05450510573 0.265105818919 0.460713525201 0.452454791955 0.918826436904 0.636432960755 0.715013885922 0.596679849567 0.660093854965 1.14570182151 1.30550279076 2.17199898418 2.45780252862 1.79171325687 2.11192708683 1.54017169817 1.55302264586 1.38299956843 1.17251949418 1.33293555595
-9999 -9999 -9999 -9999 -9999 -9999 -9999 -9999 -9999 -9999 -9999 -9999 -9999 -9999 -9999 10.13579003 9.07071163231 8.64174914936 8.50836350388 6.86094203059 5.02647928706 5.16762860898 5.08145495517 5.16341462592 3.44316547294 3.69916528154 2.55870633768 2.85052507491 1.32223718986 2.0697599988 1.38509967088 1.36789142167 1.05040900653 0.922585783057 0.476489884743 0.483425180255 0.399818399424 0.38849771264 0.354534357663 0.198973682778 0.132880495537 0.207769118192 0.506007350193 0.586955741384 0.614442187642 0.615007321237 0.497817112251 0.530003039792 0.850054649448 1.02159244963 0.737255507262 0.651153380965 1.05858396665 1.700017657 1.62962086941 1.60717859438 1.40807252104
-9999 -9999 -9999 -9999 -9999 -9999 -9999 -9999 -9999 -9999 -9999 -9999 -9999 -9999 -9999 -9999 9.07374607643 7.8906193212 7.69883312547 9.78775791032 8.00772183984 7.80800177009 4.94596608576 4.07893013279 3.8379168589 3.42568011466 2.57366075932 1.99450563998 0.935302114378 1.9029668934 2.15009483721 1.19507884277 1.36316756752 0.771263785464 0.46767125794 0.543438394393 0.495038100921 0.557852495225 0.518957273186 0.748342422897 1.15042945114 0.975592188236 0.925627503176 0.833033585384 0.490896906642 0.389538320381 0.333877880857 0.939855599594 0.728101767723 0.546273001077 0.806108506669 1.25034015579 0.967083380562 0.791253898262 0.943556356345 0.836697092988 0.793796050484
-9999 -9999 -9999 -9999 -9999 -9999 -9999 -9999 -9999 -9999 -9999 -9999 -9999 -9999 -9999 -9999 9.03433243033 9.40185369155 9.41125603169 8.25259967888 6.28203997436 7.27795743877 5.52771404098 4.55973272441 3.6516726762 4.08282876192 2.85387594323 2.6859430377 1.02824052231 1.5026959047 0.737412248574 0.538503730054 0.617371968561 0.542002711287 0.660902035815 0.507844759031 0.703650557981 0.582279209695 0.50666431094 0.486787399657 0.679838704333 0.393962255953 0.690097427692 1.88046109595 1.1075352189 0.779514266835 0.592712163707 0.292055902903 0.54249442006 0.688779017712 0.994074893909 1.04694070001 1.37758509815 1.46430989075 1.77881686978 1.30039398045 0.80163828122
-9999 -9999 -9999 -9999 -9999 -9999 -9999 -9999 -9999 -9999 -9999 -9999 -9999 -9999 -9999 6.48234434107 6.42767292837 7.66605904522 8.2074603526 7.96729650204 6.52053670529 6.56870671222 4.86152986675 4.43893816717 3.38644550395 3.69236925216 2.95586642469 3.09291649103 1.39070767251 2.07152772163 1.8606332898 1.94923622903 1.84988812641 0.872324969854 0.444372273475 1.05362172407 0.758563459411 1.38315329368 0.976247842201 0.377607117844 0.60515055557 0.95304292482 1.0760760084 1.05915964536 1.0743099744 0.835401860126 0.190103818076 0.210884214747 0.625513162517 1.08252538849 0.8522351642 0.654688197381 0.751356017199 0.84687113504 0.949777757889 0.979401771021 1.12801082307
-9999 -9999 -9999 -9999 -9999 -9999 -9999 -9999 -9999 -9999 -9999 -9999 -9999 -9999 7.75221179021 7.22967652624 6.7256622256 7.5717911708 7.35277494474 7.35569112763 5.90765741679 6.64350400608 4.68587100249 4.89861622807 3.40258999849 3.18784860815 2.52521283697 2.69121887489 2.13307873745 2.12967847301 1.53276086181 1.59427262413 1.25126138316 1.98818306308 2.6185164126 3.29021505605 0.605783780128 0.412150971029 1.03370422778 0.889676445548 0.646342040768 0.896677745976 0.82236658237 0.891911563123 0.66000251483 0.581804723949 0.42469152096 1.10237942155 1.05131828747 0.835135565665 0.746642296645 0.738643316783 0.812772517846 0.792029278549 0.757854997576 0.811486844569 0.849582245709
-9999 -9999 -9999 -9999 -9999 -9999 -9999 -9999 -9999 -9999 -9999 -9999 -9999 -9999 8.68201809858 9.16631786348 7.946844857 7.26999991116 6.18610380735 5.94409870414 5.0081675995 5.79607431716 4.68634002645 5.0035214233 3.44277205564 2.93672970819 2.89875217899 3.09636778224 2.43318757566 2.29156378719 1.96100703642 2.66658961588 3.17519425733 2.87778336023 2.4626232282 3.28046257505 3.00808041439 3.66557898061 2.04695430101 2.09843055147 2.69199253903 2.47280957301 1.1548671821 1.06502746223 0.97876428876 0.65274613596 0.956554858118 1.88993667965 1.65197478834 1.7813999138 1.74978170257 1.73525333946 1.34240030535 1.18513480445 1.34749931563 1.29573277455 1.01109259951
-9999 -9999 -9999 -9999 -9999 -9999 -9999 -9999 -9999 -9999 -9999 -9999 -9999 -9999 -9999 -9999 8.11324626629 9.51520828243 9.18187095297 9.03074319963 7.17941140118 5.51910096782 5.44497507247 5.47641670823 3.7012749901 4.19159792242 2.70685768176 2.84597241776 2.28719697701 3.00954545318 2.70286742777 3.11946982273 2.92704532781 2.5216285108 2.55286799673 2.57598370138 2.76775323494 2.21761461736 2.89988954344 2.86236806161 1.853372249 1.75191439399 1.32312209747 0.889227944834 0.757670539488 0.865991537783 0.780339375571 1.09752709675 1.14829666493 1.28160311708 1.23070432235 1.26695917902 1.15928436233 1.00553483273 0.699032208997 0.746319879866 1.12229319506
-9999 -9999 -9999 -9999 -9999 -9999 -9999 -9999 -9999 -9999 -9999 -9999 -9999 -9999 -9999 -9999 10.5265265953 10.1229341708 9.54851513152 7.65487415923 7.27333353372 7.32570202406 4.33751543715 4.59637820311 4.31234007375 4.93547394056 3.85974348607 3.72249158251 3.36253060318 3.46843192019 3.69849221071 3.49790072441 2.80906248538 2.68354777218 1.97320745031 2.10809858549 2.15713052091 2.4944535836 1.71849597347 1.49907517445 1.82556481298 2.30660992618 0.432909015978 0.783317070918 1.97026676583 0.874044205619 0.531696843544 0.802371548622 1.04213093319 0.795400001001 0.628233882576 0.640049804316 0.512572062411 0.605486538253 0.578004257 0.582537039806 0.564651037714
-9999 -9999 -9999 -9999 -9999 -9999 -9999 -9999 -9999 -9999 -9999 -9999 -9999 -9999 -9999 -9999 -9999 -9999 9.65658919194 8.3710240671 6.51693239653 7.20165310191 6.25324268998 5.4782651473 4.02908081775 4.24548210909 3.58397477304 3.83819575916 3.33033169946 3.25288842585 2.46626632345 2.15712905374 2.01915922517 2.37545601651 1.93897849092 2.37423091526 2.31274264003 1.74322383359 1.60426116958 2.05309539518 1.55055818656 1.37511534255 1.05252308687 1.04380342444 1.10975077786 1.27849653254 0.630344967143 0.633564307608 0.928556178065 0.671915458839 0.753875641176 0.88889786543 0.52713082215 0.545736199143 0.634212858263 0.68518322684 0.619999163691
-9999 -9999 -9999 -9999 -9999 -9999 -9999 -9999 -9999 -9999 -9999 -9999 -9999 -9999 -9999 -9999 -9999 -9999 -9999 7.20292129754 6.7884066297 7.21014465998 6.41996129069 7.07190804494 4.76465789113 4.45806369032 3.23811601331 3.69774382362 2.53797308075 2.43060804218 2.36999818237 2.74295868318 2.05574365929 1.86031254113 1.56470898656 1.4697808844 1.40872660575 1.89140082203 1.71002547578 1.92506652896 1.48299801307 1.35397210529 1.09955328365 1.39289551122 1.42036829372 1.47603950276 1.16897499097 0.649627775261 0.544197839118 0.913308209665 0.776337888578 0.707916893839 0.54517389433 0.538544583073 0.661617296116 0.627947155859 0.49397455687
-9999 -9999 -9999 -9999 -9999 -9999 -9999 -9999 -9999 -9999 -9999 -9999 -9999 -9999 -9999 -9999 -9999 -9999 8.82930724634 9.50158470039 9.09686063375 8.88340503438 6.77313927734 5.60892306175 4.60985944136 4.51078612683 3.13394717323 3.63688408257 2.98311199529 2.73210984948 0.80573611685 0.594547428304 1.51097416384 2.12717473958 1.9200649239 2.2196696564 2.57540756652 2.47140306583 2.28709322586 2.21236920838 2.06922158633 1.48144284213 1.30917708095 0.35141921713 0.577403522238 0.376644271152 1.37973837352 1.72232971379 1.09835495468 0.67608939663 0.748279006914 1.47178391334 1.40489568898 1.25070592531 0.930948448224 0.801217249588 0.720699779707
-9999 -9999 -9999 -9999 -9999 -9999 -9999 -9999 -9999 -9999 -9999 -9999 -9999 -9999 -9999 -9999 -9999 -9999 -9999 10.9757684897 10.1691740668 9.72390442054 7.00694506686 5.98119115201 5.27810719751 5.18392739768 3.08013819827 3.44202566328 2.99660534387 3.62537540804 1.62122817131 1.5858095968 2.56947974199 2.4521569701 1.29247769089 0.996891143659 1.40953139488 1.23962030782 1.10638483747 1.10744003903 1.22866775119 1.6426600405 0.837907946085 0.403215965033 0.386484116911 1.63092195193 1.79803192102 1.43498902496 1.39626594481 0.923024796595 0.354650536602 0.274067781489 0.295834498746 0.396410208315 0.619939892345 0.61725007354 0.503949707339
-9999 -9999 -9999 -9999 -9999 -9999 -9999 -9999 -9999 -9999 -9999 -9999 -9999 -9999 -9999 -9999 -9999 -9999 -9999 -9999 8.71237042062 9.42918792229 7.09098031068 6.56925147859 4.27120028304 4.95327501601 3.15588463159 3.63424098311 3.52570031489 3.01633674426 2.12719831679 1.97980437351 1.92520066115 1.24207827616 0.672680826338 0.996818412654 2.02791962505 2.27053929357 2.2005728934 2.05324767441 1.6175177279 2.08389167914 2.09255026937 1.86161868167 2.321496427 2.05429379857 1.73533207206 1.93319976925 1.7245877232 1.67300449847 1.22506491359 0.869130123208 0.518169300158 0.272529273795 0.338374105522 0.638707458941 0.651023803983
-9999 -9999 -9999 -9999 -9999 -9999 -9999 -9999 -9999 -9999 -9999 -9999 -9999 -9999 -9999 -9999 -9999 -9999 -9999 -9999 -9999 9.02813894008 7.63434342705 7.65521949478 4.00099459525 3.5711412696 3.09500436184 4.01097300287 2.78423811676 2.52274007126 2.56335120939 2.68087799321 2.50293114276 0.700349180565 2.37320062001 3.02013726932 2.49688395861 2.02561828225 1.83054986307 1.88671547773 2.41386799234 2.53070692731 2.70621619004 2.00128058292 1.68160835589 1.27224503987 1.58881983346 1.74225624269 1.71196253925 2.06954238966 3.59197209393 0.8113413195 1.23336942905 0.855965781043 0.341883074722 0.449705948945 0.522918160655
-9999 -9999 -9999 -9999 -9999 -9999 -9999 -9999 -9999 -9999 -9999 -9999 -9999 -9999 -9999 -9999 -9999 -9999 -9999 -9999 -9999 7.81785838582 6.83226915439 6.84603061557 5.36132314323 5.61589805594 4.04119460015 4.45384160381 3.45964274938 2.99916104273 1.01401116877 2.24659461862 2.95678179276 2.84376070558 1.9330974381 2.25744772708 2.01378178565 2.10830819427 1.95343489336 2.37119131758 2.4381931828 2.34508565773 1.85005656636 1.81554619725 2.17796358954 2.07730991649 1.92996143449 1.88443151188 1.35259904759 1.40833688084 0.701732473404 0.310984684682 0.32167718871 0.578866882883 0.586609523481 0.37545793698 0.407969812063
-9999 -9999 -9999 -9999 -9999 -9999 -9999 -9999 -9999 -9999 -9999 -9999 -9999 -9999 -9999 -9999 -9999 -9999 -9999 -9999 -9999 -9999 7.071213325 7.99755473842 6.06539536676 5.34681621012 3.79568541884 4.8066958138 3.76112489326 3.72431011855 3.18790034019 3.39540547102 2.91604427161 3.05703029678 3.24484008613 2.62662166597 2.69755710447 2.5312028182 2.41700067586 2.43622629439 2.4925488671 1.72531979277 1.87538371244 2.34650908933 1.46290152558 1.3090979093 1.12334081309 1.44556230932 1.81599829673 0.633181685623 0.216842645741 0.244319247456 1.06695978678 0.883333767762 0.411082489991 0.353091409059 0.400152960242
-9999 -9999 -9999 -9999 -9999 -9999 -9999 -9999 -9999 -9999 -9999 -9999 -9999 -9999 -9999 -9999 -9999 -9999 -9999 -9999 -9999 -9999 7.32914732204 7.12270751298 5.76390066955 6.10420824628 4.33126047746 4.33171303297 4.08174948414 4.20244039133 3.50931998719 3.6067651501 3.41156385658 3.29976053954 2.67310765319 3.36557501464 2.56893971998 2.47209447575 2.82606886553 2.74555556257 1.94998873127 2.53801824232 1.90794807246 1.53078549516 1.39092562363 1.71125848841 2.11639422499 2.11335235329 1.26811945168 1.01759754198 0.500462549295 0.557093435613 0.727366109514 1.28669811167 0.82940666116 0.759519010963 0.58709701332
-9999 -9999 -9999 -9999 -9999 -9999 -9999 -9999 -9999 -9999 -9999 -9999 -9999 -9999 -9999 -9999 -9999 -9999 -9999 -9999 -9999 -9999 7.15664623165 7.71989436098 7.14446872877 6.26742610051 4.7016408669 5.37168339453 4.35344452267 4.89542975754 3.84647212785 3.41597813029 2.99015733596 3.30405638775 3.48220726552 2.59372182596 2.53182450823 3.19933638551 2.86106304772 2.64291179036 2.66008274084 2.17802955513 1.61466797173 1.9980064404 2.38002175179 2.24537888248 2.1827210865 1.9278654502 1.53856597225 1.54141015371 1.91514179469 1.61197918685 1.21082688262 1.24840120122 1.34565211868 1.43577244962 0.893281756149
-9999 -9999 -9999 -9999 -9999 -9999 -9999 -9999 -9999 -9999 -9999 -9999 -9999 -9999 -9999 -9999 -9999 -9999 -9999 -9999 -9999 -9999 -9999 8.15578469698 7.68571428499 6.49151181532 4.36591739221 5.33933568459 4.28979353486 4.66672188047 3.88000474857 4.20031811253 3.67084095991 4.08258675732 3.12292343726 3.40500817085 3.42827251039 3.05421915941 2.14694582738 2.07006127808 1.56284129713 2.0591757738 2.54905306484 2.58030007242 2.25765889375 2.03522110106 1.22173104173 1.09601874904 1.06513778264 1.16378753665 0.913308192376 1.18137272964 1.34476961458 1.82127306025 1.01826195625 0.744653173989 1.29196654301
