data/recharge/transience/recharge118.asc
ncols                  80
nrows                 72
xllcorner      4374000.0
yllcorner      5656000.0
cellsize            500
NODATA_value       -9999
[rows 25 to 49 of 72, columns 0 to 55 of 80]
-9999 -9999 -9999 -9999 -9999 -9999 -9999 -9999 -9999 -9999 -9999 -9999 10.9115610936 10.7820704386 9.79767931212 8.27681543639 6.05039425317 6.36058094814 4.82666223215 5.23753013486 4.61051844558 5.21084308698 4.35605544634 2.60797986134 2.55118931838 2.59384966362 2.07585744945 1.98627970037 1.45507871044 1.23493877695 1.00458082135 0.920497335302 1.38441869863 1.41201759398 0.125964303863 1.24461778128 0.974503890059 0.272422731409 0.171125574191 0.528644077588 0.528035830195 0.48318970876 1.25483497068 2.04797539934 2.02176929898 2.05638645063 2.07655432992 2.06693473124 1.92689909592 2.03944033777 1.65570116307 0.655856156215 0.212250627604 0.161920166776 0.156673259135 0.166666591535
-9999 -9999 -9999 -9999 -9999 -9999 -9999 -9999 -9999 -9999 -9999 -9999 -9999 10.5728909183 10.6571563341 10.9998246953 7.72560602644 7.09252668669 5.53733540936 5.28201815483 4.83646147045 5.55311277811 5.73832764021 5.70499026575 3.42563884593 2.37898899642 2.03577690135 1.4185687237 1.41208132938 1.56771838638 1.18786393203 1.11375478518 2.09425085497 0.28034939433 0.133779100766 0.940270237039 1.42370503283 0.2090762199 0.540781444037 0.478114417749 0.408682886902 0.402759994967 0.216976506464 0.36215119709 0.516161348671 0.889974530275 1.47917361313 1.43646193368 0.531477109049 0.233348682971 0.156750390276 0.162144264137 0.171509568911 0.189032648864 0.460714783443 0.131063491679
-9999 -9999 -9999 -9999 -9999 -9999 -9999 -9999 -9999 -9999 -9999 -9999 -9999 -9999 8.81971343703 8.92790959134 7.21255071659 6.2672183625 5.31308327822 5.66065018165 4.66525580617 5.82511088367 5.54976530458 4.46789903644 2.69115504514 2.85373402921 2.96574876776 2.83960798564 1.69081696393 1.27658529331 1.27034144565 2.1441183272 2.70171563359 0.553812229304 0.195824458831 1.16700749172 1.04863140797 0.412797115803 0.526195969345 0.422358056639 0.444342365388 0.383890250767 0.357661728293 0.254294409804 0.182414536775 0.213191946255 0.1731665608 0.15326706243 0.153834931138 0.183012024637 0.172746217329 0.132368159753 0.120010960022 0.165050048646 0.745310210372 1.04896435367
-9999 -9999 -9999 -9999 -9999 -9999 -9999 -9999 -9999 -9999 -9999 -9999 -9999 -9999 5.88281082014 8.85312195907 8.01680890911 6.86808695003 5.78158576395 6.07223086456 5.56181331696 6.13857022569 4.57708486979 5.80051267967 4.83481831202 4.66515582237 2.99099567763 3.44642203395 3.75072335093 3.37736548496 2.63450085316 2.59537156661 2.65833401337 2.43658282751 0.276507392003 1.2099913231 0.930565849302 0.352819997892 0.381888900235 0.455322740677 0.330727341601 0.391267926073 0.384191985733 0.349393060608 0.251291618266 0.19800049819 0.112943638512 0.441392555121 0.508081205429 0.131293279746 0.197510942643 0.233056375965 0.267724760826 0.423417481094 0.713968494545 0.866010622578
-9999 -9999 -9999 -9999 -9999 -9999 -9999 -9999 -9999 -9999 -9999 -9999 -9999 -9999 9.41377372744 11.1769822707 9.43226979368 7.43083611039 6.54833755325 6.45932421313 5.28339641278 5.84645827278 5.36656955738 5.16591570322 4.00752866221 3.80580199798 3.79737284049 4.37548781886 3.343440129 3.60864518847 3.06945908314 2.81066998 2.51314237659 1.10357075191 1.48096414572 1.10980447922 1.1219967177 0.254970822629 0.776440371305 0.50313661245 0.356318039675 0.420531150473 0.346139172297 0.352890116406 0.189731659129 0.203410081287 0.143142681652 0.198962717899 0.39661361502 0.396698854294 0.22740367189 0.0916131922105 0.14592003982 0.11588093531 0.0961566603112 0.14520923822
-9999 -9999 -9999 -9999 -9999 -9999 -9999 -9999 -9999 -9999 -9999 -9999 -9999 -9999 13.5923780919 12.1580156918 11.3407115054 10.3475779445 8.87589563718 10.1390174178 6.93071317064 6.68416795537 6.58342344078 5.39787288318 3.41020209749 3.82983499154 3.26042370985 4.78332803258 3.81483973322 3.63672605061 3.25357969368 3.5186357967 3.06827992616 2.64283594663 1.33589764761 1.35399482152 0.979373679588 1.25029568127 0.700447256557 0.876476948511 0.142815013913 0.252872275267 0.249280871519 0.273519163446 0.191925016339 0.162229375887 0.248166622582 0.197375685113 0.610103911346 0.814510208078 0.391264070719 0.521528412864 0.262171225796 0.375145924568 0.371343526088 0.291394413163
-9999 -9999 -9999 -9999 -9999 -9999 -9999 -9999 -9999 -9999 -9999 -9999 -9999 -9999 -9999 10.7862525387 10.0706712219 8.76748636166 9.29038402218 8.24338537275 5.41290551684 5.53552542709 5.75129488561 5.70535685309 3.38263313589 4.2075755852 3.46955688364 3.79425190597 3.92039195678 3.47833465203 2.84343063056 2.81838307548 2.36836684552 2.84684358167 1.47450148923 1.49162410428 1.16615220787 1.13573524252 0.992911113932 0.850747901564 0.590242949622 0.717553362678 0.0416138714328 0.07514277647 0.135314658043 0.0703723716408 0.0354442635364 0.0385487450608 0.0837991856067 0.171064162179 0.177347062648 0.156920573683 0.258119034404 0.538512964326 0.492007576251 0.479669773582
-9999 -9999 -9999 -9999 -9999 -9999 -9999 -9999 -9999 -9999 -9999 -9999 -9999 -9999 -9999 -9999 9.85078733892 7.87622465703 8.01323906745 9.61823220461 8.07214030389 7.55652950254 5.31620497806 4.27085695529 3.74793737335 3.61689624852 2.79397107494 2.93248861478 3.58212780455 3.39376754424 3.28410623653 3.07770906763 2.7859751767 2.37834517319 1.4753302699 1.66248775244 1.45505905038 1.59899178546 1.46216441094 1.79191767095 1.68857486058 1.62587966837 0.611358643206 0.0802347688603 0.0328736178667 0.0241723456554 0.0200431640747 0.155738445778 0.168658588244 0.129323519812 0.186684073194 0.322992607344 0.228720718205 0.18204959886 0.218068687035 0.189909173974
-9999 -9999 -9999 -9999 -9999 -9999 -9999 -9999 -9999 -9999 -9999 -9999 -9999 -9999 -9999 -9999 8.4795307253 9.10387442312 9.46894303796 8.08775520768 6.51153991402 8.4269680803 6.52770515656 4.36392089458 3.72677853188 4.07269037798 2.97047670346 2.91110797934 3.22881315967 3.11973947234 2.63524191641 2.80489244984 2.70821632877 2.89572421908 2.17170243328 1.57745935133 1.82075928055 1.65209153991 1.43419409523 1.33263984407 0.899721491866 1.20581997338 0.956055495933 0.475276696836 0.163726838911 0.0760012150463 0.0953336236841 0.2852413589 0.125660066831 0.159430661121 0.238456433933 0.25464195881 0.371417371555 0.408827389194 0.564312343146 0.333208948114
-9999 -9999 -9999 -9999 -9999 -9999 -9999 -9999 -9999 -9999 -9999 -9999 -9999 -9999 -9999 5.85508446664 5.97313413593 6.08164644403 7.80120870568 7.58807686431 6.66032111252 7.01085229676 5.37142903692 4.42089064688 3.45191699618 3.68347025818 3.04125458398 3.12728286773 3.15346290423 3.47108610975 3.15156374178 3.21900025963 3.04142322171 2.19588176889 1.28563839308 0.735115782812 0.953207514207 1.27581067046 1.2172745426 1.01045237826 0.483748039928 0.267677230301 0.118652892209 0.114606263197 0.129634958176 0.0745037283974 0.52046109081 0.602019106056 0.182171845038 0.25459460114 0.189867833834 0.144512767036 0.166141182569 0.188489606304 0.212793319381 0.220759054244
-9999 -9999 -9999 -9999 -9999 -9999 -9999 -9999 -9999 -9999 -9999 -9999 -9999 -9999 6.73027257426 6.41790256064 6.20510015987 4.21188098394 5.29805563439 7.05189356623 5.73549902415 6.35325362269 4.54398127879 4.71558808615 3.46531742262 3.30406962401 2.71328368243 3.18128746635 3.58145390327 3.57922376681 2.89916590999 2.94758848069 1.87217489427 1.33221643192 0.990630369241 0.825710071292 1.48981550751 1.18421703088 0.0656153441718 0.252229895004 0.357591589703 0.076561278919 0.0663114158102 0.0787865421864 0.0463156255816 0.0375878669002 0.0994784033758 0.168070591103 0.242631797231 0.185682663848 0.164284110152 0.162507205707 0.180238467976 0.175608990794 0.166272163981 0.178419485361
-9999 -9999 -9999 -9999 -9999 -9999 -9999 -9999 -9999 -9999 -9999 -9999 -9999 -9999 7.54776737467 7.77738491836 6.8287587927 3.8008908919 2.89524260196 3.20936029097 4.56373034568 5.38256095348 4.5065823424 4.7564157143 3.35000119155 2.8191786817 1.64676651802 1.81131952448 2.01693558725 3.43391725696 3.23774377071 2.31178115834 1.58357997678 1.3413504166 0.994469728303 1.28320462851 0.874740436044 1.3109381731 0.430357874149 0.455289482982 0.796549308927 0.676250444204 0.135060523375 0.112648349476 0.0978170381843 0.0424127447021 0.0952211967107 0.309544271914 0.42194800661 0.546772842061 0.532328360365 0.522940181529 0.330099836786 0.275381018295 0.328257027459 0.308750248965
-9999 -9999 -9999 -9999 -9999 -9999 -9999 -9999 -9999 -9999 -9999 -9999 -9999 -9999 -9999 -9999 6.96540223622 6.07870955903 6.07572347223 5.89530042963 4.27520357693 4.55965919369 5.11252667941 5.13909628844 3.54512161726 2.23162810093 1.0264842432 1.11412892573 0.890050657919 1.65871629798 1.94781359808 1.523485463 1.37514964796 1.08558121228 1.16666424659 1.18321953807 0.918425721063 0.394768415498 0.84018005023 1.03725305775 0.494726441721 0.362633956315 0.744252937827 0.436923464533 0.0559625216971 0.0744906674907 0.0608121564959 0.116156831432 0.246834980329 0.315850616342 0.299517983036 0.312225154163 0.267562871079 0.222519122703 0.145504868939 0.155429776216
-9999 -9999 -9999 -9999 -9999 -9999 -9999 -9999 -9999 -9999 -9999 -9999 -9999 -9999 -9999 -9999 6.94983576045 6.40838573467 6.13358663026 4.02552237179 4.08537601237 4.25033873585 3.92236896174 4.30823658339 4.06580751554 2.69682182742 1.7941693631 1.6628131041 1.47639627656 1.85308223887 2.12777563486 1.96842891307 1.48007833497 1.21961455073 0.796362678937 0.870967254189 0.924091691828 1.15971726452 0.675815531026 0.574655207302 0.751341022867 1.08181832234 1.37810118239 1.16002283583 0.436088165634 0.0705656115489 0.0294556118976 0.0581637201987 0.225514850213 0.170112835201 0.130866502677 0.133204900048 0.103210137499 0.119271190135 0.109593107027 0.110542817182
-9999 -9999 -9999 -9999 -9999 -9999 -9999 -9999 -9999 -9999 -9999 -9999 -9999 -9999 -9999 -9999 -9999 -9999 6.27377205544 4.76725606724 3.31724525505 4.00469150798 4.07292173075 5.00076368077 3.84448170604 3.13714111909 1.55864857905 1.62519304226 1.58578951135 1.70709513543 1.2798493547 1.11331005945 1.06186888071 1.15253292299 0.77886760076 1.03776383995 1.02758968754 0.691143792087 0.62265815562 0.883814101382 0.600951862751 0.516703872473 0.434935702346 0.430800226207 0.384448923822 0.256636713623 0.0391970461583 0.0384602351134 0.0729798333872 0.115800927303 0.147266241237 0.166796864592 0.105420329926 0.108446944809 0.119224967344 0.128755335253
-9999 -9999 -9999 -9999 -9999 -9999 -9999 -9999 -9999 -9999 -9999 -9999 -9999 -9999 -9999 -9999 -9999 -9999 -9999 3.50660921094 3.49177984197 3.91313375884 3.58689354883 6.5771732717 4.55409352822 4.32768489138 2.8040158022 1.68264252775 1.27825573347 1.22133634012 1.21512045981 1.29417465259 1.01753724963 0.958441833791 0.589672726301 0.420183257674 0.401752781256 0.659795553938 0.634215741489 0.779134401572 0.556328364074 0.495408146621 0.386507178616 0.507562947194 0.504305128215 0.533736865107 0.187905458359 0.0376439309844 0.0283212661669 0.0694873954934 0.0858693060076 0.136799824445 0.103783755203 0.102675321505 0.117892764834 0.112246000675
-9999 -9999 -9999 -9999 -9999 -9999 -9999 -9999 -9999 -9999 -9999 -9999 -9999 -9999 -9999 -9999 -9999 -9999 5.18524493266 5.9841151386 6.08276353694 5.80998967557 3.89698806716 5.33441696743 4.42861197291 4.65216169375 3.84549232115 2.64042650488 1.53543602154 1.38438612862 1.44131151576 1.60741861564 0.994923784966 0.804997555844 0.56745601715 0.737891099694 1.03582378802 0.952164945894 0.846660003195 0.830928950932 0.882110413827 0.555158708241 0.464375468722 0.676794265765 0.440093709619 0.536504070099 0.46842007079 0.305319493263 0.11419269566 0.0399973182627 0.0853812737693 0.138129589725 0.198824749751 0.242938744676 0.166772532762 0.143789665152
-9999 -9999 -9999 -9999 -9999 -9999 -9999 -9999 -9999 -9999 -9999 -9999 -9999 -9999 -9999 -9999 -9999 -9999 -9999 7.87766500968 7.45268908927 6.83724759281 4.17445145581 5.26357665915 5.10212175585 5.02254753355 3.37373343786 4.00505432868 2.29372081366 2.92162642875 3.61873302921 3.58093940664 1.64114213829 0.826553804898 0.916895163929 0.664997573478 0.363817479749 0.307973181121 0.26762857635 0.267569261911 0.356612220475 0.617670996082 0.568094391083 1.12447550289 1.23169599903 1.16948840708 0.677875319887 0.436825980638 0.178847949961 0.0715275281587 0.0199440714114 0.399109220925 0.49741783868 0.697969614003 0.25244673685 0.0569884847484
-9999 -9999 -9999 -9999 -9999 -9999 -9999 -9999 -9999 -9999 -9999 -9999 -9999 -9999 -9999 -9999 -9999 -9999 -9999 -9999 5.50778430503 6.41721476991 4.27067655683 4.50358496687 4.27565419184 4.82830925679 3.34543538255 4.15371415323 4.53062813158 4.14745891407 3.37448549546 3.26069042439 1.04203851573 2.04110331525 1.99967517555 1.5032759462 0.686310965304 0.889213886722 0.830837148275 0.770435114055 0.603644722038 0.864633479295 0.887765645947 0.742759251168 1.05159497632 0.856333935609 0.64409542224 0.758680126522 0.550572779444 0.275562572013 0.132872012222 0.0632417397868 0.0246993366882 0.0382395098602 0.238620647906 0.0319211574011
-9999 -9999 -9999 -9999 -9999 -9999 -9999 -9999 -9999 -9999 -9999 -9999 -9999 -9999 -9999 -9999 -9999 -9999 -9999 -9999 -9999 5.98933789265 4.91007192319 4.97553440702 3.97177349569 3.64234372177 3.46908955604 4.37895303912 4.11191607666 3.89564736789 3.51406064477 3.86614861344 1.23790142207 2.55279344166 1.85818001723 1.39356939879 1.15117659232 0.686078379653 0.633302082241 0.757992074644 1.09959640892 1.19280844436 1.33973774875 0.821342187609 0.62478371418 0.437173198736 0.562555919562 0.640444303895 0.605679300897 0.803317500349 0.875585708671 0.588704019776 0.232019829948 0.0555023208132 0.0130615757354 0.017974200648
-9999 -9999 -9999 -9999 -9999 -9999 -9999 -9999 -9999 -9999 -9999 -9999 -9999 -9999 -9999 -9999 -9999 -9999 -9999 -9999 -9999 4.60631903538 4.01256936158 4.03640866835 4.28831671982 5.33387199891 4.04484221529 2.9961596122 2.57687648284 4.15894669701 3.84606237929 3.45413662607 1.45112666495 1.12320041934 0.635367761645 0.952588943244 0.827256584348 0.691592436217 0.604038264114 0.918090428872 1.12034853771 1.04915417826 0.721907678704 0.698796608329 0.929488091888 0.860396996905 0.748139571607 0.720689297921 0.374895212654 0.444939718411 0.73454784445 0.564862928475 0.133131093464 0.03401613162 0.0261152626858 0.0144959776031
-9999 -9999 -9999 -9999 -9999 -9999 -9999 -9999 -9999 -9999 -9999 -9999 -9999 -9999 -9999 -9999 -9999 -9999 -9999 -9999 -9999 -9999 4.39379292825 5.51221646084 5.20501431639 5.48670362799 4.11703189632 3.20051584734 1.97245559787 2.29962586971 2.46989479289 2.62698109147 1.52074543162 1.45639387521 1.78009021953 1.23782942448 1.1351370803 0.99665421544 0.891279872384 0.963057400658 1.14906924499 0.666756036466 0.731445868644 1.03219852553 0.505245205845 0.445388974285 0.284831849871 0.37510190085 0.516650820413 1.01331098509 0.58866895565 0.767904388823 0.34007926451 0.055028218314 0.0152714655742 0.0128736140673
-9999 -9999 -9999 -9999 -9999 -9999 -9999 -9999 -9999 -9999 -9999 -9999 -9999 -9999 -9999 -9999 -9999 -9999 -9999 -9999 -9999 -9999 4.67568504963 4.45491239199 4.92429000148 6.18239823787 4.38713549272 2.4004276024 2.38150973163 2.50649475163 2.06051286166 2.14094317081 2.02110423247 1.7551193725 1.27599780087 1.90682493102 1.20894646025 0.981833145813 1.26107387205 1.36927984392 0.786455850886 1.18378867693 0.750120583172 0.560657227533 0.476084526063 0.625390341264 0.717533691728 0.84517177064 0.403219434324 0.358979338926 0.266445593006 0.567268693883 0.0363884855645 0.128403108729 0.046765284046 0.0386330409443
-9999 -9999 -9999 -9999 -9999 -9999 -9999 -9999 -9999 -9999 -9999 -9999 -9999 -9999 -9999 -9999 -9999 -9999 -9999 -9999 -9999 -9999 4.61261656279 5.3255672559 6.54710984894 6.69880805889 4.40500556241 3.44570376481 2.52848148035 3.18204800635 2.38834532753 2.03751383938 1.75422634407 1.79827464522 2.01591688214 1.22058021438 1.18397109694 1.77070167271 1.45017126473 1.26205671851 1.2671188018 0.917404270198 0.588525549439 0.78721786282 1.02382134014 0.923531508566 0.880768094969 0.721694766666 0.502795312494 0.503817700947 0.657951944029 0.510677065314 0.101108006987 0.107740424363 0.123594038291 0.143343633377
-9999 -9999 -9999 -9999 -9999 -9999 -9999 -9999 -9999 -9999 -9999 -9999 -9999 -9999 -9999 -9999 -9999 -9999 -9999 -9999 -9999 -9999 -9999 5.86380478969 7.27805076825 6.91689872306 3.99989490225 3.03997055698 2.37066581717 2.97424808914 2.42111655569 2.7029664091 2.31604704872 2.59992603609 1.66318127484 1.93620163341 2.00592000528 1.63130096377 0.914747021429 0.83011237259 0.585791354242 0.845908548984 1.13987658219 1.18421310514 0.933900042473 0.794278054377 0.393408366276 0.352500130503 0.323385196816 0.355919766796 0.259891680257 0.342019284441 0.334639068488 0.263480274545 0.0663689277635 0.0451285371611
