data/recharge/transience/recharge175.asc
ncols                  80
nrows                 72
xllcorner      4374000.0
yllcorner      5656000.0
cellsize            500
NODATA_value       -9999
[rows 0 to 24 of 72, columns 0 to 56 of 80]
-9999 -9999 -9999 -9999 -9999 -9999 -9999 -9999 -9999 -9999 -9999 -9999 0.735202013316 0.742568406161 -9999 -9999 -9999 -9999 -9999 -9999 -9999 -9999 -9999 -9999 -9999 -9999 -9999 -9999 -9999 -9999 -9999 -9999 -9999 -9999 -9999 -9999 -9999 -9999 -9999 -9999 -9999 -9999 -9999 -9999 -9999 -9999 -9999 -9999 -9999 -9999 -9999 -9999 -9999 -9999 -9999 -9999 -9999
-9999 -9999 -9999 -9999 -9999 -9999 -9999 -9999 -9999 -9999 -9999 -9999 1.90214803128 1.26217248916 0.955954894462 -9999 1.07776025365 -9999 -9999 -9999 -9999 -9999 -9999 -9999 -9999 -9999 -9999 -9999 -9999 -9999 -9999 -9999 -9999 -9999 -9999 -9999 -9999 -9999 -9999 -9999 -9999 -9999 -9999 -9999 -9999 -9999 -9999 -9999 -9999 -9999 -9999 -9999 -9999 -9999 -9999 -9999 -9999
-9999 -9999 -9999 -9999 -9999 -9999 -9999 -9999 -9999 -9999 1.24063222719 1.17656178727 1.386206918 1.46158671368 0.924008977954 0.850929892784 0.714572029238 0.754113024957 -9999 -9999 -9999 -9999 -9999 -9999 -9999 -9999 -9999 -9999 -9999 -9999 -9999 -9999 -9999 -9999 -9999 -9999 -9999 -9999 -9999 -9999 -9999 -9999 -9999 -9999 -9999 -9999 -9999 -9999 -9999 -9999 -9999 -9999 -9999 -9999 -9999 -9999 -9999
-9999 -9999 -9999 -9999 -9999 -9999 -9999 -9999 -9999 1.24269671001 1.23678140688 1.21090354452 1.07433616175 1.16923950086 1.05892809704 0.987714318254 0.934500708866 1.12269391777 -9999 1.26383937478 -9999 -9999 -9999 -9999 1.32221419346 1.4084327239 -9999 -9999 -9999 -9999 -9999 -9999 -9999 -9999 -9999 -9999 -9999 -9999 -9999 -9999 -9999 -9999 -9999 -9999 -9999 -9999 -9999 -9999 -9999 -9999 -9999 -9999 -9999 -9999 -9999 -9999 -9999
-9999 -9999 -9999 -9999 -9999 -9999 -9999 -9999 1.86045444981 1.45399784914 1.042433912 1.02565976381 0.936555188138 0.821254708932 0.828953135792 0.759898423762 0.769130134449 0.693074053815 0.686992476457 0.768628835895 0.84361702476 0.931551367783 -9999 1.00448755472 1.60396298558 1.53674267464 -9999 -9999 -9999 -9999 -9999 -9999 -9999 -9999 -9999 -9999 -9999 -9999 -9999 -9999 -9999 -9999 -9999 -9999 -9999 -9999 -9999 -9999 -9999 -9999 -9999 -9999 -9999 -9999 -9999 -9999 -9999
-9999 -9999 -9999 -9999 -9999 -9999 1.80917316557 1.35475610399 1.1226270317 1.21679912329 1.30419080349 1.40870936974 1.1263662467 1.02098230475 0.804520477357 0.919257634337 0.799671180363 0.740279928826 0.764116102265 0.752803715334 0.801958738979 0.886633938239 1.05777697193 1.03141487602 1.24570717081 1.17419912925 1.44738977676 -9999 -9999 -9999 -9999 -9999 -9999 -9999 -9999 -9999 -9999 -9999 -9999 -9999 -9999 -9999 -9999 -9999 -9999 -9999 -9999 -9999 -9999 -9999 -9999 -9999 -9999 -9999 -9999 -9999 -9999
-9999 -9999 -9999 -9999 -9999 -9999 1.66909437892 1.40008241749 0.926969974139 0.87109360931 0.776154971762 0.850103828287 0.797330894498 0.702355877698 0.639081425105 0.549197459239 0.569353519827 0.570990952817 0.628727094598 0.515523737715 0.639914394414 0.820494053067 0.825738976745 0.906464510589 1.02024210758 0.909005898944 1.39852402439 1.39346950119 1.55501249838 1.4111664647 2.19367926261 2.14776577212 -9999 -9999 -9999 -9999 -9999 -9999 -9999 -9999 -9999 -9999 -9999 -9999 -9999 -9999 -9999 -9999 -9999 -9999 -9999 -9999 -9999 -9999 -9999 -9999 -9999
-9999 -9999 -9999 -9999 -9999 2.36102614503 1.77679013512 1.72535249676 1.40665930956 1.50836012016 1.28607602309 1.08201727947 0.752949674787 0.778370108451 0.760991838753 0.776902718946 0.603430402275 0.836333845286 0.824345439071 0.534283751911 0.645871995513 0.606022042002 0.751467214375 0.794891317216 1.08060086152 1.18450319326 1.3469784649 1.1627490856 1.45308128415 1.39560290651 1.52055281121 1.65622854052 1.60178361123 1.5017911626 -9999 -9999 -9999 -9999 -9999 -9999 -9999 -9999 -9999 -9999 -9999 -9999 -9999 -9999 -9999 -9999 -9999 -9999 -9999 -9999 -9999 -9999 -9999
-9999 -9999 -9999 -9999 -9999 2.20519987016 1.76635224933 1.787319163 1.37630792854 1.20503821626 1.10049536794 1.22666142818 0.71132747428 0.713087224486 1.01490313037 1.14534787539 0.554746561816 0.400261437105 0.57674392922 0.442105071866 0.62837213766 0.663887226502 0.917255989928 0.855441678681 0.893131535881 0.73793716233 1.08745142268 0.909186320583 1.13245145158 1.07413206174 1.1625753032 1.2139735156 1.53164609786 1.4196769804 1.67437746237 1.55116097615 -9999 -9999 -9999 -9999 2.17846656101 1.99031174018 -9999 -9999 -9999 -9999 -9999 -9999 -9999 -9999 -9999 -9999 -9999 -9999 -9999 -9999 -9999
-9999 -9999 -9999 -9999 -9999 1.93628840703 1.5788535163 1.61683625024 1.49650042697 1.65961500837 1.38666198037 1.27812689654 1.03887098857 1.25138438772 1.18053209632 0.869507270947 0.679046393776 0.964451839731 0.820291126758 0.920320064992 0.813744281938 0.620252176901 0.666862902949 0.620697717262 0.85344622624 0.846502376702 1.02201692811 0.857039369771 1.22974083883 0.99468944917 1.09592924577 1.12971752406 1.4993233451 1.43855689727 1.53075199185 1.66102728478 1.78819817831 -9999 -9999 1.95565805975 2.36844903115 2.2325647803 2.79363723732 -9999 -9999 -9999 -9999 -9999 -9999 -9999 -9999 -9999 -9999 -9999 -9999 -9999 -9999
-9999 -9999 -9999 -9999 -9999 -9999 2.01965343388 2.21365767858 1.60616514356 1.47325724272 1.16776021406 1.36036198754 1.51619351324 1.91744374255 0.827699197249 0.70631701926 0.758139890281 0.719001390143 0.636894383532 0.622918941651 0.742314439046 0.799056199557 0.809764311287 0.921860169533 0.88243391278 0.748020925222 0.741183303623 0.892696686812 0.904747640713 0.900001812555 0.992091479252 1.18706810632 1.24973819129 1.23456821487 1.48048759317 1.51210220255 1.67247696985 1.51799434905 1.93269845642 1.84670499515 1.99567980479 2.56074327684 2.09289584636 1.79116263426 -9999 -9999 -9999 -9999 3.27282966733 2.84399582829 1.90186646497 -9999 -9999 -9999 -9999 -9999 -9999
-9999 -9999 -9999 -9999 -9999 -9999 -9999 1.80929341715 1.37713970497 1.7164543821 1.63326573703 1.37736627053 1.07097723223 0.863055597967 0.844422251828 1.19173011034 1.06408046332 1.02043352493 1.02201260358 0.775399282623 0.667948649072 0.67478407031 0.738711499753 0.752500809818 0.768326284635 0.648443188845 0.841257763305 0.818236296618 0.932366500675 0.862532918648 1.07387326085 1.05100758834 1.28901640698 1.16411389291 1.57318553716 1.55318262893 1.81412780127 1.7662244627 1.86928164562 1.86326213783 1.75457604296 1.67680534622 1.92176172367 2.29942278311 2.16394631522 2.41871335542 2.82132542319 2.3107470993 2.35828906044 2.10999650081 2.08974256739 1.9546408389 -9999 -9999 -9999 -9999 -9999
-9999 -9999 -9999 -9999 -9999 -9999 -9999 -9999 1.21062989889 1.10741771187 1.32510039246 1.57701727306 1.34282054768 1.53788463217 1.47383653394 1.22592970419 0.835786134717 0.843642181125 0.692151220922 0.830407126566 1.26502636484 1.1805906106 0.971328349649 1.1867510329 1.29196609935 1.21137398635 0.690832643227 0.7523718251 0.712623262519 0.585181489046 0.869853876257 0.904503680812 1.03970661277 0.978427299792 1.24470701342 1.30488747298 1.53968110478 1.64684517011 1.64258948907 1.62326262438 1.9201477529 1.83671320451 2.15071053276 1.91765117154 2.01810216057 1.79138747612 2.12920095938 1.8201033255 1.76727093091 1.70147946506 1.789011835 1.92770648412 1.7257531287 -9999 -9999 -9999 -9999
-9999 -9999 -9999 -9999 -9999 -9999 -9999 -9999 1.69729396931 1.36285568032 1.16463144973 1.17868129417 1.1216353175 1.10761668075 0.896854248075 0.862176516176 0.799414201803 0.889881705128 0.832326888905 0.941933201686 1.15228033531 1.13668306139 1.35088835738 1.98533919513 1.69001531147 1.18371949289 1.43407684627 0.890228658058 0.849057898209 0.691780926943 0.688873669994 0.804037792142 0.831775879403 0.925331736786 1.2435385633 1.15035050091 1.74574294747 1.55832130381 1.63727213799 1.59111162245 1.73721381569 1.57872272319 1.96208312518 1.9555623081 1.79956964759 1.77282389171 2.0946692301 1.88301808482 1.79735504663 1.84563880075 1.8745569073 1.88766482941 1.94669848042 2.19346991572 1.94702047379 2.14231173092 -9999
-9999 -9999 -9999 -9999 -9999 -9999 -9999 -9999 -9999 2.0929743306 1.65073092251 1.15069810925 1.21333859996 1.24963287444 1.11894152477 1.13503482715 1.39115522592 1.54281568887 1.65252310491 1.66760243815 1.59235674767 1.08701161643 1.16723769706 2.96455946304 2.36273156996 2.00853150002 1.48021006212 1.16496551427 0.627911691721 0.737648848169 0.816286354971 0.854246131497 0.935419583021 0.783629323638 0.973011872943 1.14297281873 1.46920992419 1.34162496675 1.40603809707 1.43115435682 1.54211979651 1.58944632765 1.53886681734 2.35826986378 1.84016740579 1.48294789706 1.39341007627 1.36263420073 1.4037236735 1.41483833711 1.54396336373 1.46932711002 1.67417691677 1.85584508408 2.13178748756 1.49145086959 1.29223961027
-9999 -9999 -9999 -9999 -9999 -9999 -9999 -9999 -9999 -9999 1.33873908811 1.35274715438 1.15651441912 1.2141721924 0.983185940035 0.855871618606 1.00131482444 1.40191404858 1.22340185384 0.978097511926 0.938510101139 0.946598775662 0.788844567944 0.988626935867 1.55217407455 2.17843413302 2.13417159878 1.47593076084 1.11819033552 0.732019717439 0.778338278738 0.785416295566 1.03622194223 0.887244622274 1.31287482548 1.16975118896 1.41206261306 1.34363057163 1.42421387448 1.43793249137 1.66390623314 1.64029440927 1.41218871277 1.6685133777 2.69099459326 2.83721504294 2.32309851155 1.57620158997 1.64109637608 1.60321612589 1.86124780531 1.76653827523 1.56026695602 1.84765617155 1.72141850243 1.50214546151 1.26450139601
-9999 -9999 -9999 -9999 -9999 -9999 -9999 -9999 -9999 -9999 -9999 1.04788481402 0.820193867468 1.15906940888 1.07570226935 0.923061236761 1.21954250596 1.19184347305 0.949038019586 1.01318466669 1.19007642504 1.19379574544 0.987019338437 0.730886320144 0.757091299943 0.967357807271 1.61641084273 2.10289734733 1.78663193446 0.528758085287 0.659522235755 0.711653527227 0.851612461719 0.926280682033 1.03874879926 0.886353955453 1.19619264994 1.18202237826 1.40004169895 1.39833819464 1.71237235016 1.49196241329 1.72472268851 1.31419193777 1.42867559914 1.45141615542 1.77021480656 2.10890894891 1.58855857128 1.59807756691 1.48000597699 1.77269078149 1.88168200578 1.67754574336 1.4694880377 1.47303768059 1.10849122635
-9999 -9999 -9999 -9999 -9999 -9999 -9999 -9999 -9999 -9999 -9999 0.773569569089 0.85105500865 0.963083055211 1.12151970211 1.07647052687 0.950120759148 0.821696116273 0.920842827122 0.938526519565 0.981586659904 1.1962375394 0.837677059038 0.860330462773 0.800031622928 1.03805307898 0.96786858907 1.21591261838 1.3499399861 1.05095145821 1.80436839428 1.90933748146 1.28191463243 1.24058223437 0.965847988435 0.860612136286 1.18831627957 1.22229309086 1.34138794735 1.32185806292 1.74110611359 1.84669119105 1.55696648503 1.60564982171 1.52396732777 1.86787038982 2.93255286788 3.51161418992 3.30953412712 2.00771625648 2.70709934836 2.38303235012 1.63825267128 1.94226889904 2.02796685313 1.70994681478 1.59526447938
-9999 -9999 -9999 -9999 -9999 -9999 -9999 -9999 -9999 -9999 -9999 1.87342151684 1.66423427848 1.49379311128 0.999620942645 1.18882532091 1.05340579019 0.713428299358 0.714514669272 0.856271147353 0.910370610908 0.946712022559 0.933572134208 0.747742426222 0.651231032582 0.629774928661 0.622312219543 0.598840392265 0.700128369141 0.658660886177 0.920290761163 1.72160504766 2.91660163244 2.5613893978 1.29471352137 1.11076572186 1.54975936757 1.03777246232 1.08449788481 1.10803554834 1.5913866575 1.62423929042 2.06304919753 2.40361726587 2.87089485673 3.244520148 2.53276508281 2.15748940464 2.28051527994 2.42862190325 2.23800945036 2.64313516497 2.93436414254 3.1550456279 2.53868430856 2.07849434817 1.62060703063
-9999 -9999 -9999 -9999 -9999 -9999 -9999 -9999 -9999 -9999 -9999 -9999 1.12443814358 1.37991392661 1.33356593461 1.11814642648 1.10967311991 1.00659804591 0.836976067336 0.925847216478 0.962038233946 0.869493220889 0.891571177187 0.930530993785 0.694215500166 0.722236275785 0.643206748171 0.683538340203 0.680132794315 0.625117827557 0.704785920891 0.764999667227 0.722023162476 0.880986694559 1.48324200625 0.331540663654 1.55952912415 1.32610608007 1.24790248677 1.34624144453 1.72362446676 1.61651619687 2.67070492984 3.15956956966 3.58949424649 3.4744776923 2.45531264834 2.20236323914 1.59849931847 1.95108871257 2.04001670485 1.59604371078 1.32844918824 1.33386300478 1.35378635607 1.42340170067 0.794868505147
-9999 -9999 -9999 -9999 -9999 -9999 -9999 -9999 -9999 -9999 -9999 1.66308305642 1.72259220986 1.95282708927 2.10723579956 1.35324193042 1.10096339941 1.30285438386 1.07967395935 1.12642216735 0.862158499351 0.835997115951 0.737565365584 0.771959968361 0.791068354889 0.768429259593 0.641538708448 0.592105913901 0.629257416813 0.591660473614 0.610830132882 0.654680338244 0.684960284363 0.67115558493 0.864590123118 1.35839805908 1.84276740996 1.2079744821 1.2724233708 1.11018583207 1.53978299843 1.42367127723 2.52459688454 3.12694075854 4.15225328395 4.12074909001 3.37396658333 3.15628047861 2.43556097061 2.49125898048 1.8620749121 1.08587651076 0.973427682159 0.987377772263 0.934890823535 1.10330077632 1.89640481927
-9999 -9999 -9999 -9999 -9999 -9999 -9999 -9999 -9999 -9999 -9999 1.80709795205 2.53064824829 2.36125192227 1.68313741772 1.19588981177 1.43133283596 1.38609879665 1.12278700266 1.1802986895 1.04356020442 1.1031518789 0.834109617488 0.867286139646 0.863963940141 0.870636138227 0.628936115628 0.751868983859 0.725581390347 1.08319026163 1.04364769064 0.680192598567 0.66318717807 0.672182641722 0.824844809714 0.700120629906 1.43278478166 2.01859607614 1.6644325074 1.21820818687 1.29595947069 1.57502386244 2.11911477062 2.17251368702 2.38927930086 2.21395045312 2.70785467961 2.79419029791 2.44362103989 2.47844926496 1.8021575335 2.00299215354 1.74053310428 1.59574756342 1.53605291537 1.34753406307 0.90362574094
-9999 -9999 -9999 -9999 -9999 -9999 -9999 -9999 -9999 -9999 -9999 2.90386644288 3.16205926956 2.48200322062 2.75688644013 2.63206312395 1.66848304244 1.92051160506 1.78579625227 1.91838271865 0.997100469986 0.877410256539 1.26950286484 1.9212285412 1.42310021587 1.41765857489 1.39832283067 1.07214705296 0.742677979708 0.597331030594 0.669506999416 1.14740682171 1.33103940862 1.18248821692 0.959693813771 0.648832457703 0.892013318848 0.71863379889 1.55494890679 0.771855505223 1.55361266987 1.70163671873 1.64146899031 1.35340455035 1.41232002219 1.42983624513 1.81270798591 1.85874679122 1.80733982461 1.66411359563 1.29165381599 1.19620854458 0.893999091203 0.852998807408 0.808816581299 1.10122371709 1.45201337643
-9999 -9999 -9999 -9999 -9999 -9999 -9999 -9999 -9999 -9999 -9999 -9999 3.33827652157 3.02820785767 2.55628190533 2.26432026917 2.21745562982 2.24307407699 1.82086534261 1.95146193659 1.74071206673 2.14398613946 1.41095825384 1.27497928587 1.25047553016 1.21466925349 0.908697198242 1.00474709421 0.878915714025 0.699846148339 0.586226180691 0.553192353594 0.634779705903 0.723561784264 0.829388201639 1.10572965181 1.06277647533 0.898870311848 1.68066703543 1.37447869543 1.48616249583 1.28639629072 1.5375891606 1.33926807169 1.49653339989 1.50828001777 1.54957286261 1.68384270084 1.59089570226 1.58875239487 1.42611339356 0.790464049387 0.737167633276 1.25533222778 1.00445787194 0.959101164026 0.859537107129
-9999 -9999 -9999 -9999 -9999 -9999 -9999 -9999 -9999 -9999 -9999 -9999 4.66681760728 3.48624726231 3.31278594486 2.95089855035 2.48892903134 2.7417744561 2.58846096219 2.08980426509 2.13522876075 1.84171540634 1.64739645574 2.6282704979 1.78567075615 2.09737184268 2.23921327434 1.91825344441 1.43083929968 2.03395310845 1.54988165835 1.6716080837 1.65231233293 1.61208370903 1.21652303512 1.29999821703 1.12748640429 1.57647187502 2.36966598864 1.58637676201 1.62939463574 1.17755649901 1.1185505267 1.09710693679 1.21609679101 1.24785101297 1.22374545747 1.2614759003 1.18646687435 1.255446084 1.26160193395 1.04570898312 1.00618445047 0.69426854211 0.669306649105 0.993230849812 0.514951686012
