data/recharge/transience/recharge32.asc
ncols                  80
nrows                 72
xllcorner      4374000.0
yllcorner      5656000.0
cellsize            500
NODATA_value       -9999
[rows 0 to 24 of 72, columns 0 to 56 of 80]
-9999 -9999 -9999 -9999 -9999 -9999 -9999 -9999 -9999 -9999 -9999 -9999 21.1248363698 22.1922195932 -9999 -9999 -9999 -9999 -9999 -9999 -9999 -9999 -9999 -9999 -9999 -9999 -9999 -9999 -9999 -9999 -9999 -9999 -9999 -9999 -9999 -9999 -9999 -9999 -9999 -9999 -9999 -9999 -9999 -9999 -9999 -9999 -9999 -9999 -9999 -9999 -9999 -9999 -9999 -9999 -9999 -9999 -9999
-9999 -9999 -9999 -9999 -9999 -9999 -9999 -9999 -9999 -9999 -9999 -9999 20.7687116488 17.9913974935 16.3778371069 -9999 16.5823604083 -9999 -9999 -9999 -9999 -9999 -9999 -9999 -9999 -9999 -9999 -9999 -9999 -9999 -9999 -9999 -9999 -9999 -9999 -9999 -9999 -9999 -9999 -9999 -9999 -9999 -9999 -9999 -9999 -9999 -9999 -9999 -9999 -9999 -9999 -9999 -9999 -9999 -9999 -9999 -9999
-9999 -9999 -9999 -9999 -9999 -9999 -9999 -9999 -9999 -9999 18.0320101907 17.4265195771 19.3671044693 19.6018911855 15.2385683028 13.0907164 10.8181992297 10.8804194064 -9999 -9999 -9999 -9999 -9999 -9999 -9999 -9999 -9999 -9999 -9999 -9999 -9999 -9999 -9999 -9999 -9999 -9999 -9999 -9999 -9999 -9999 -9999 -9999 -9999 -9999 -9999 -9999 -9999 -9999 -9999 -9999 -9999 -9999 -9999 -9999 -9999 -9999 -9999
-9999 -9999 -9999 -9999 -9999 -9999 -9999 -9999 -9999 17.4625379421 17.9669784992 17.7986351023 17.3315219002 17.944052869 16.5854709957 15.49218761 12.3345718153 15.9439918301 -9999 17.8587992442 -9999 -9999 -9999 -9999 12.9512869818 13.8824484661 -9999 -9999 -9999 -9999 -9999 -9999 -9999 -9999 -9999 -9999 -9999 -9999 -9999 -9999 -9999 -9999 -9999 -9999 -9999 -9999 -9999 -9999 -9999 -9999 -9999 -9999 -9999 -9999 -9999 -9999 -9999
-9999 -9999 -9999 -9999 -9999 -9999 -9999 -9999 22.0073307453 19.8673770168 17.3841602126 17.4235688193 16.6683783666 15.5127923964 15.2664589378 14.5254630793 12.0177647715 11.4937801705 11.5135099058 14.6407528718 14.0475657757 14.868308733 -9999 11.9852067783 15.7164158039 15.502874949 -9999 -9999 -9999 -9999 -9999 -9999 -9999 -9999 -9999 -9999 -9999 -9999 -9999 -9999 -9999 -9999 -9999 -9999 -9999 -9999 -9999 -9999 -9999 -9999 -9999 -9999 -9999 -9999 -9999 -9999 -9999
-9999 -9999 -9999 -9999 -9999 -9999 20.6052248716 18.3231241855 17.8697016229 18.4723944246 19.0860602186 19.7777883682 18.0533539917 17.3382869904 15.0090163606 16.161458764 13.21864009 12.3683279383 14.2134035763 14.4800401886 13.645829428 14.4596553394 13.0576186351 12.1479167407 13.6267872019 13.0875365886 13.9719150711 -9999 -9999 -9999 -9999 -9999 -9999 -9999 -9999 -9999 -9999 -9999 -9999 -9999 -9999 -9999 -9999 -9999 -9999 -9999 -9999 -9999 -9999 -9999 -9999 -9999 -9999 -9999 -9999 -9999 -9999
-9999 -9999 -9999 -9999 -9999 -9999 21.5368748979 20.2916481222 17.1302077315 16.6699202396 15.8898135268 16.8098871755 15.9101631006 14.6831475 13.632003432 12.5446853278 12.2482192667 12.9979207407 12.9337964271 11.7598757576 12.3253163593 14.2450110438 13.4686716654 12.9090774185 11.7573915193 10.9256808169 14.4793764406 16.3937657756 16.5088446611 15.6616069885 17.5241571836 17.3684394718 -9999 -9999 -9999 -9999 -9999 -9999 -9999 -9999 -9999 -9999 -9999 -9999 -9999 -9999 -9999 -9999 -9999 -9999 -9999 -9999 -9999 -9999 -9999 -9999 -9999
-9999 -9999 -9999 -9999 -9999 24.6434955028 22.1063869414 21.9385785664 20.3489920112 20.7596815645 19.6946742442 18.3833542578 15.1838630947 15.9018013283 15.1378155416 15.2890867685 13.7608076982 9.98236377696 13.7117052112 11.9423228842 12.389026989 11.9282916987 12.7458663476 13.1749027561 12.5511403601 13.1260029794 13.8172302433 14.2284777704 15.9277592005 15.5585452899 14.2591386465 15.0188720061 12.8275837696 12.3190582757 -9999 -9999 -9999 -9999 -9999 -9999 -9999 -9999 -9999 -9999 -9999 -9999 -9999 -9999 -9999 -9999 -9999 -9999 -9999 -9999 -9999 -9999 -9999
-9999 -9999 -9999 -9999 -9999 25.2589631031 23.2430827523 23.3996323939 21.0880330917 20.077046301 19.4479930643 20.235748971 16.5726547242 15.296019015 18.764181231 19.4161518768 14.9854380932 8.88013761919 13.40499954 12.864088718 11.9703916952 12.5227232538 14.3986209255 13.828746371 13.0402496852 11.5297311152 11.4614876447 10.5683323689 13.1601658246 13.0925344689 12.2192783671 12.3803532251 12.8592357142 12.2699639485 12.340489416 11.849052863 -9999 -9999 -9999 -9999 12.0974987181 11.9313679231 -9999 -9999 -9999 -9999 -9999 -9999 -9999 -9999 -9999 -9999 -9999 -9999 -9999 -9999 -9999
-9999 -9999 -9999 -9999 -9999 24.0322293056 22.462060297 22.4882317246 21.7065250281 22.6734569736 21.2757374618 20.6368307401 18.7104824461 20.4194543463 19.9188560427 17.5365253151 15.0732207548 17.7321368102 15.7684314338 16.9761499348 13.844436317 12.0983989668 11.9491418305 11.4476321868 12.8062739925 11.786168581 11.0803897077 9.69079511775 13.4172265247 12.7918908208 11.3469668075 12.5264070972 12.6889159258 12.0378929333 10.9212625976 12.3675795221 12.1178604224 -9999 -9999 12.6834997138 13.3300287058 12.8393385764 13.8784985759 -9999 -9999 -9999 -9999 -9999 -9999 -9999 -9999 -9999 -9999 -9999 -9999 -9999 -9999
-9999 -9999 -9999 -9999 -9999 -9999 25.9612060912 26.50514102 23.7310406603 23.1408413804 20.8323674924 21.961319528 22.4566865264 23.559031966 17.6452334436 16.5626162013 16.4152020284 16.0079061718 14.0279687698 13.8798204569 13.6947853289 14.2882942078 13.2414305213 14.2604782761 12.9357694895 11.6234792018 8.78031510208 9.33951423517 10.4654906649 11.0143856542 10.6409529683 11.5010026715 10.561872315 10.3803760101 10.6202619087 11.685930919 11.3490209356 9.45893731324 12.5544440877 12.1998821652 11.9125906967 13.9819080771 10.5243071807 8.52832037841 -9999 -9999 -9999 -9999 11.1963828447 9.99867336809 5.4912561731 -9999 -9999 -9999 -9999 -9999 -9999
-9999 -9999 -9999 -9999 -9999 -9999 -9999 25.0434757405 22.4899713645 24.2540584732 23.5327679113 22.2493440107 19.790914799 17.9177537785 17.3957220802 19.7929139603 18.8946276818 18.5933998572 17.7057256056 15.6987907541 12.8961760581 12.9792273436 12.5536083556 12.6809543146 11.9199412816 10.7767632133 9.27931978324 10.8352542609 11.0688130864 10.7099430379 10.6173848564 10.6102269356 10.850831829 10.5813536882 11.9793448279 11.8858470084 11.3479512957 11.3521017451 12.2977799958 12.2700900511 10.7130701946 9.78676673118 7.37529876852 7.22607860116 6.32515349472 7.2594021245 7.62067622595 6.38768061149 5.95525308951 6.94419576676 7.7971947636 7.52452856006 -9999 -9999 -9999 -9999 -9999
-9999 -9999 -9999 -9999 -9999 -9999 -9999 -9999 21.7013077135 21.1232532636 22.3471443013 23.7082412596 21.7440028255 22.9923671747 21.5841195248 20.5880640037 17.1467121406 17.2425535985 14.6024891367 16.0062441835 18.2306169002 17.7766426709 10.8516364617 11.4956206023 11.2151446375 10.6021770068 7.59666895881 10.3978243268 9.13097024301 7.60579519325 8.30195311297 8.60915915629 9.14061660403 8.32712786207 9.88006535899 10.3873645637 11.1308061909 11.613762775 11.0091096029 10.709229309 9.45705292435 7.62393556995 6.40468884391 5.8203168737 5.52902861783 5.01628790224 5.55458135872 4.8818193652 4.31462943532 5.21892688004 5.56746149238 6.13750112914 5.17697000418 -9999 -9999 -9999 -9999
-9999 -9999 -9999 -9999 -9999 -9999 -9999 -9999 24.6282271773 22.7984955223 21.3156034183 21.451491994 20.5432440256 20.4673799533 18.5844083044 18.2549846065 16.8028238925 17.5547995755 16.0262132977 16.8466599621 17.6611197692 17.5444586534 13.5839022076 17.3828561024 14.0582464901 10.4145097057 11.0611341079 9.22853271019 8.89096805653 7.18113508465 7.5849845102 8.11733928224 7.76882324031 8.05918278687 10.109165138 7.58841155527 12.0440135538 11.2207721394 10.9838307852 10.7896235735 10.4610007856 7.56457350858 5.93169880461 5.91499011339 5.0350243493 4.97408740387 5.47962912049 5.01941411055 4.55339781465 6.42937688624 5.78502019966 5.81834030669 5.80366907457 6.68213770484 5.25333241138 5.65784143148 -9999
-9999 -9999 -9999 -9999 -9999 -9999 -9999 -9999 -9999 25.8858124394 23.6356028481 20.9954043141 20.8938655602 20.9840933679 19.4814252775 19.5879969024 20.5047676271 21.0265202684 21.0854616333 21.2436261341 20.3161152047 17.7448526389 15.9056326612 24.530141959 18.8135455564 16.2432105282 11.4554485786 9.44022784701 5.00191478231 8.85881075311 8.08373485423 8.292383174 7.8174391142 6.51114163982 8.45968921416 9.80820610486 10.6117114842 10.0244850523 9.51892152955 9.62573558316 9.23792363578 8.84670649831 4.86221190594 6.56118939875 4.80073019397 4.11074037045 3.47314548497 3.47045051858 4.28824667719 4.55612132623 4.35463058535 4.17944234736 4.69216229166 5.49599732928 5.44306234448 3.15742195396 2.18627005182
-9999 -9999 -9999 -9999 -9999 -9999 -9999 -9999 -9999 -9999 21.9164189378 22.0924199118 20.5389894564 20.8019419403 18.571531718 17.6345698397 17.8302507551 20.7809659443 18.8508164042 16.6820167748 15.6875555471 15.0472149912 12.8637385978 12.0509896851 13.95837795 16.231718363 13.3104727898 11.5176218367 8.13564590752 5.67028486897 8.65526042229 8.70196025197 9.35928792797 7.86654987713 9.90697185686 9.54394770119 10.3493040885 10.0332053428 9.59788620272 9.65717665714 9.71120506045 9.57843002938 7.08232615987 5.96111453208 7.23377230722 7.07647408304 5.3378106705 3.88784732256 5.22882362294 5.15059442929 5.09019187282 4.87076593137 4.0975383645 5.31490938464 4.6167182478 3.04177539022 2.14625312349
-9999 -9999 -9999 -9999 -9999 -9999 -9999 -9999 -9999 -9999 -9999 16.1183335911 16.5436303452 19.7060054385 18.3271694307 17.2703664036 17.3998396166 17.2319142109 14.9813705608 16.3806641773 17.0205701639 16.6989220019 12.7547859958 10.5274401191 7.90457195089 7.32017465881 10.6067088844 14.7941458134 14.2038402148 12.2188776899 7.62319046255 7.50747912587 8.21685149696 8.36230485275 8.32737586231 7.39637072752 8.94418586921 8.87682905289 9.21428247274 9.2086629875 9.36984931201 8.40424525564 8.57531334798 6.23228643442 4.78519467551 4.13099881393 4.75238900886 5.68158565904 4.659739748 5.11397607683 4.12011749036 5.09341452301 4.75462960791 4.53649591286 3.58353686909 3.54992379802 1.99352791484
-9999 -9999 -9999 -9999 -9999 -9999 -9999 -9999 -9999 -9999 -9999 14.4593402001 17.6312717709 18.4075727066 18.6330329487 17.575262205 15.3463612875 14.8127823527 16.5339706066 16.6478324819 16.2372106612 17.5205343912 13.3516710061 11.7094138789 11.9386373857 13.1513006088 8.6630943916 10.3533795454 9.95875417942 12.9018620743 12.7029638606 11.1328819388 5.97565776223 6.5416801606 4.63148372298 6.90534433442 8.90510211112 9.06783043694 8.9599247742 8.91337713931 9.60551594101 9.68987399985 7.89700425172 8.12642051085 6.57115292188 5.65350231835 7.11902365396 8.59775508347 7.27976313956 4.95061571782 5.21582432511 5.05734272661 3.24922541449 4.94686876953 4.60409569224 4.04215097452 3.45644935673
-9999 -9999 -9999 -9999 -9999 -9999 -9999 -9999 -9999 -9999 -9999 23.8606100467 21.4064619332 20.6412892185 16.8037737136 17.000856626 14.2773042127 12.3217419569 13.535890468 14.4380436908 14.6271539892 14.8765753079 11.8973909012 9.91003240483 10.1903425742 10.40929611 9.9533507967 9.7418399761 9.92923876085 7.48795624374 6.53190895258 11.2406833397 13.7217797769 13.5358241081 8.57009638818 5.21799918008 6.81699900637 4.6332000528 6.77103965374 7.22471661737 8.00447914021 8.7520368572 9.4960411698 10.5745061236 11.4975034775 11.7054011054 6.83672417845 6.07982363498 5.5762157817 5.59544786944 4.28617717604 4.95922876811 5.08658684177 6.05556759951 5.51112134936 4.70049471865 2.99372668496
-9999 -9999 -9999 -9999 -9999 -9999 -9999 -9999 -9999 -9999 -9999 -9999 18.9061229323 20.053461512 18.6719104057 17.3749127891 15.3209495447 13.6321362188 12.259030875 14.9261762199 14.9930092103 14.3300423346 13.3092278268 12.9310855491 10.9846353957 11.2290130459 10.1398662255 10.4908025095 9.79466436493 9.33717202306 9.07188944612 9.50914469198 6.85699953308 5.39715600017 9.5574740062 6.80313689276 7.964765446 5.85338355504 5.04435558922 8.42029904681 9.30551090723 8.61740196834 11.3806873319 12.7897701997 13.2219650238 13.0582919636 7.77509860079 6.17156382196 4.25502956038 4.84925154063 3.92482339282 3.2042661693 2.48162145426 2.54688050584 2.19061301489 3.51767303531 2.37349246999
-9999 -9999 -9999 -9999 -9999 -9999 -9999 -9999 -9999 -9999 -9999 21.9044660863 21.4343179507 22.0326886584 20.9196811961 15.8558224499 15.6573458737 15.9279472613 12.8289848892 14.476963199 12.2625793352 12.0568354961 10.7611203828 11.0377385582 10.8105589177 10.6373306809 9.44118120666 9.1355065556 9.1862539945 8.8732531329 7.9080092896 8.22645258293 7.42401098786 7.33553358287 7.62413347981 6.76119030138 7.64919180496 4.59787526606 4.31788522631 6.20595523966 8.17200597231 7.43598501599 12.2418241198 13.8160681193 15.4156900855 15.2944008034 12.4586030181 9.08491289057 5.94758055229 6.00481192422 3.71265425308 2.19686246576 1.7212517741 1.74374794348 1.44379399551 1.69505453355 2.67953351709
-9999 -9999 -9999 -9999 -9999 -9999 -9999 -9999 -9999 -9999 -9999 22.6699256134 24.4937224842 23.6257079748 19.590317959 17.2430632412 17.0705579695 16.7996654255 14.4678920214 14.7057636512 13.4165772503 12.9617688225 11.4149460189 11.7718580062 11.3536744685 11.2033973678 9.20211262959 9.78764886354 10.1803147145 12.4651953136 10.7508728 8.40719699773 7.28450468897 7.34202534874 7.41066192423 3.63247865737 5.42994600484 7.32178497083 4.78567343062 4.46790716299 7.123541406 7.42703637295 10.3891839976 10.896926867 11.0912963263 10.4790219975 10.5056008059 10.618870683 7.56518922511 6.89643649394 3.439873491 3.74738973102 2.90077706441 2.69050178836 2.28860449878 2.02684319123 1.2645670659
-9999 -9999 -9999 -9999 -9999 -9999 -9999 -9999 -9999 -9999 -9999 25.9334447289 25.8408905609 23.4854001044 22.4645402553 22.0433219937 17.3862888815 17.9385571508 16.5630099117 17.0448468164 12.85659732 8.55670330145 15.463210549 12.4141809982 9.08976513346 9.06764269802 9.83968601341 9.48747386851 7.86247634104 7.56985357885 7.4090032508 10.9239828214 10.4664546477 9.74894947177 7.40930518071 2.99709959544 3.18378723813 2.25419256963 4.34184337469 2.8044685852 7.93118178481 8.23917567165 7.27250062772 6.25320721744 6.52368268652 6.46915988275 7.67807700884 7.81792303263 6.62947529044 6.3106033167 3.14401867163 2.23445602093 1.58886247467 1.50735356697 1.27466845619 1.52272521422 1.8976509707
-9999 -9999 -9999 -9999 -9999 -9999 -9999 -9999 -9999 -9999 -9999 -9999 26.5830068086 25.2871597233 22.1428949925 21.2101332769 18.6425131779 18.8183619061 16.1291636093 17.0213607171 15.4315148129 17.0001314305 10.2424183321 8.57895986146 8.34724455604 8.18922220246 6.71691619064 7.18622361136 6.38566461898 5.46392788554 4.33622679566 5.75739167974 6.74003069843 7.28012683164 6.77655153516 4.97505832301 3.93819860409 2.80752402568 5.51641564848 4.73423526714 7.85373569823 7.17322947645 7.95483446251 6.03223660967 6.30042105031 6.36511448595 6.7128422594 7.2723004819 5.97077694319 6.1220530762 4.70820356529 3.6212910005 2.87093840321 2.6641617817 1.66581274047 1.64645295233 1.35373381763
-9999 -9999 -9999 -9999 -9999 -9999 -9999 -9999 -9999 -9999 -9999 -9999 29.9270291455 26.4937989718 23.6559991871 22.4737611395 18.6473962677 19.7805926192 17.7724792644 16.8229332438 16.245602293 15.5876505316 12.024925264 12.9558927309 9.81270747229 11.0222587713 11.4110929205 10.3303618956 8.05224973067 10.297367792 7.75202615921 8.2795785665 10.6633904889 11.2526974186 5.16532671478 5.32111088845 3.71644110038 5.67474310507 7.86431714453 5.4323267664 7.05313321143 6.40673792892 5.63002951083 5.52161615285 5.17838137015 5.18991528793 4.71810986611 4.90116311595 4.12311459897 4.52026224089 3.83940035025 3.19692124846 2.41214437931 1.2286205024 0.945739972957 1.35967669898 0.678152572698
