data/recharge/transience/recharge482.asc
ncols                  80
nrows                 72
xllcorner      4374000.0
yllcorner      5656000.0
cellsize            500
NODATA_value       -9999
[rows 0 to 25 of 72, columns 0 to 56 of 80]
-9999 -9999 -9999 -9999 -9999 -9999 -9999 -9999 -9999 -9999 -9999 -9999 31.0727107891 31.6713915881 -9999 -9999 -9999 -9999 -9999 -9999 -9999 -9999 -9999 -9999 -9999 -9999 -9999 -9999 -9999 -9999 -9999 -9999 -9999 -9999 -9999 -9999 -9999 -9999 -9999 -9999 -9999 -9999 -9999 -9999 -9999 -9999 -9999 -9999 -9999 -9999 -9999 -9999 -9999 -9999 -9999 -9999 -9999
-9999 -9999 -9999 -9999 -9999 -9999 -9999 -9999 -9999 -9999 -9999 -9999 28.2205218719 27.4257929387 26.9697089454 -9999 26.2802873736 -9999 -9999 -9999 -9999 -9999 -9999 -9999 -9999 -9999 -9999 -9999 -9999 -9999 -9999 -9999 -9999 -9999 -9999 -9999 -9999 -9999 -9999 -9999 -9999 -9999 -9999 -9999 -9999 -9999 -9999 -9999 -9999 -9999 -9999 -9999 -9999 -9999 -9999 -9999 -9999
-9999 -9999 -9999 -9999 -9999 -9999 -9999 -9999 -9999 -9999 28.0418355466 27.2790743004 27.7406784273 27.5107425296 25.8887108119 25.7741527346 24.9403439907 25.1748813219 -9999 -9999 -9999 -9999 -9999 -9999 -9999 -9999 -9999 -9999 -9999 -9999 -9999 -9999 -9999 -9999 -9999 -9999 -9999 -9999 -9999 -9999 -9999 -9999 -9999 -9999 -9999 -9999 -9999 -9999 -9999 -9999 -9999 -9999 -9999 -9999 -9999 -9999 -9999
-9999 -9999 -9999 -9999 -9999 -9999 -9999 -9999 -9999 27.5973703394 27.6908665612 27.7031118459 26.9561816864 27.1165615414 26.7190049641 26.426966421 25.5746111751 26.0588332628 -9999 27.045327398 -9999 -9999 -9999 -9999 24.7369586949 25.3211203423 -9999 -9999 -9999 -9999 -9999 -9999 -9999 -9999 -9999 -9999 -9999 -9999 -9999 -9999 -9999 -9999 -9999 -9999 -9999 -9999 -9999 -9999 -9999 -9999 -9999 -9999 -9999 -9999 -9999 -9999 -9999
-9999 -9999 -9999 -9999 -9999 -9999 -9999 -9999 28.2585447187 27.7248756162 26.8156945729 27.2003377348 26.7191002146 26.5377415509 26.0520716454 26.0519734076 25.0457564621 24.5988201281 24.9810232792 25.8193543307 25.2918025721 25.5291073175 -9999 24.4703071037 24.9457186737 25.2298696828 -9999 -9999 -9999 -9999 -9999 -9999 -9999 -9999 -9999 -9999 -9999 -9999 -9999 -9999 -9999 -9999 -9999 -9999 -9999 -9999 -9999 -9999 -9999 -9999 -9999 -9999 -9999 -9999 -9999 -9999 -9999
-9999 -9999 -9999 -9999 -9999 -9999 28.7485871793 27.7859408054 27.2586388662 27.3824632725 27.2661684754 27.6827633683 27.0187918748 26.917441817 26.0734214229 26.2710150235 25.4052798297 25.0855114737 25.1653847797 25.6454568986 25.1385398689 25.3120222704 25.3665833837 24.7218164403 24.8597941792 24.8644416463 25.1503298555 -9999 -9999 -9999 -9999 -9999 -9999 -9999 -9999 -9999 -9999 -9999 -9999 -9999 -9999 -9999 -9999 -9999 -9999 -9999 -9999 -9999 -9999 -9999 -9999 -9999 -9999 -9999 -9999 -9999 -9999
-9999 -9999 -9999 -9999 -9999 -9999 28.5766138558 28.1495348706 26.709754928 26.536937212 26.2586265406 26.9303291893 26.1871832432 25.4613792744 25.4645768861 25.5648409398 25.9469970733 19.9798016289 22.4864322284 24.8373947822 24.7709058167 25.308830158 24.7162983931 24.5788841458 24.2021603902 23.7762447841 24.6644095742 25.698697943 26.191800191 26.0702400231 26.3229668231 26.3738669796 -9999 -9999 -9999 -9999 -9999 -9999 -9999 -9999 -9999 -9999 -9999 -9999 -9999 -9999 -9999 -9999 -9999 -9999 -9999 -9999 -9999 -9999 -9999 -9999 -9999
-9999 -9999 -9999 -9999 -9999 29.2315369968 28.6375053508 28.5368302072 27.7676867924 27.6077550251 27.0469589984 26.7481884582 25.6343754363 24.8783770364 25.9938966418 26.2384141977 19.7871133407 10.2044169742 18.1711844363 24.80150769 24.8365954221 24.7384062942 24.4846943782 24.5741126693 24.6675100412 24.8604433595 24.6183094062 24.8051408328 25.9763928945 25.9409235813 25.7245189321 25.9531937797 25.5516112799 25.488804269 -9999 -9999 -9999 -9999 -9999 -9999 -9999 -9999 -9999 -9999 -9999 -9999 -9999 -9999 -9999 -9999 -9999 -9999 -9999 -9999 -9999 -9999 -9999
-9999 -9999 -9999 -9999 -9999 29.1141026742 28.4612396953 28.5228425182 27.8200728986 27.6305384748 27.157727814 27.2989447338 19.3108314395 15.1977982654 26.1187224899 25.8016316999 21.4877974836 8.43499285423 15.2395206531 20.3778189714 25.1003191856 24.5977086033 24.8081520326 24.7503772408 24.5472944602 23.9936518908 23.4256631559 23.180029191 24.3699274943 23.613078327 21.8021670713 23.2956039378 24.6876493817 24.6214691277 24.324194142 24.5372035315 -9999 -9999 -9999 -9999 23.5603424087 23.4128676914 -9999 -9999 -9999 -9999 -9999 -9999 -9999 -9999 -9999 -9999 -9999 -9999 -9999 -9999 -9999
-9999 -9999 -9999 -9999 -9999 28.9170903207 28.4796588013 28.2095801254 27.8924241058 28.1316423417 27.5692579785 27.456232885 26.4316738848 26.142327852 26.3915206611 25.5011402279 24.5668741757 24.998642406 24.6767464092 25.5565448368 25.4804273849 24.2574226589 24.2640505183 24.1607779678 24.4927086281 24.1909994701 23.5143981792 22.9649638932 24.378212358 22.3022164801 15.6313782456 20.8166582428 24.5840227247 24.0501171556 23.1270542673 24.54031842 24.2135555809 -9999 -9999 24.158433165 23.7184216474 23.6759185393 23.25357385 -9999 -9999 -9999 -9999 -9999 -9999 -9999 -9999 -9999 -9999 -9999 -9999 -9999 -9999
-9999 -9999 -9999 -9999 -9999 -9999 28.9080164113 28.628306701 28.2419069518 28.2368626829 27.3966627509 27.5534092483 27.0413938982 26.5893671652 25.302755166 25.2652405109 25.014950606 24.9799890602 24.5956438784 24.7451683602 24.4136395345 24.3990573728 24.0006240705 24.4104716081 24.0529437182 23.7851625543 22.7313530304 22.7679367879 23.1622572624 23.4990775037 22.1767538437 23.470800571 22.5161675382 22.8176750627 22.8103293327 23.240637594 22.9492706739 22.0575312461 23.2493282375 23.1409564423 22.7180288088 23.1538048168 21.6895955598 20.7963526391 -9999 -9999 -9999 -9999 20.9250565752 20.6487411854 5.82435856374 -9999 -9999 -9999 -9999 -9999 -9999
-9999 -9999 -9999 -9999 -9999 -9999 -9999 28.560877767 28.0816213913 28.3039992736 27.8424592998 27.7126844083 25.5472425314 24.9808431133 24.1116497534 25.1950922915 25.7015521677 25.9128426359 25.3604245271 24.8977067247 24.1523611765 24.0550940208 23.8596314182 24.095398792 23.9149068289 23.5239540295 23.015596857 23.2041877638 23.5584316059 23.2937604763 23.0566741453 23.0017693555 22.6563173133 22.7908799575 23.3172692903 23.3592276293 23.1064565337 23.0359747605 23.2500451151 23.1909733029 22.1041826354 21.9922861028 20.0956367942 18.2160851916 17.1745997127 17.5176071238 17.5793607257 17.1757127751 16.7465948499 19.4536534715 19.3676662795 16.6826808518 -9999 -9999 -9999 -9999 -9999
-9999 -9999 -9999 -9999 -9999 -9999 -9999 -9999 27.048197522 27.6410576425 27.5407755309 27.7219685957 26.7363040352 27.0207193971 26.4593471177 26.3091143907 24.8039101318 24.9220501796 24.5559514228 24.6591999224 24.9783630583 24.8848704104 30.2615238997 36.2441084588 35.6583802562 35.4204180119 26.7062100632 22.6977716455 22.0494177195 21.4943156406 21.7899223877 21.66583131 21.700210365 21.6370293116 21.9953367898 22.3295458687 22.0805624931 22.1894481097 21.9824283189 21.9865187108 21.1595470432 20.1218615122 16.7726406531 16.5203952876 15.9919313103 15.7263009184 15.9356276652 15.6222548963 15.1118021341 17.8156357241 18.3359787577 18.5119411613 18.1412287362 -9999 -9999 -9999 -9999
-9999 -9999 -9999 -9999 -9999 -9999 -9999 -9999 28.1868474661 27.9297593386 27.3500156639 27.4011369094 26.7401836815 26.7387253373 25.9405503231 25.7933421242 24.4166042212 24.6949517247 24.691802104 24.8356375895 24.8025778983 24.8523540367 34.2294102792 38.464852356 36.4620507586 35.2082688006 35.28240183 27.0835993825 22.1316494241 21.5240959714 21.382732474 21.5886929524 21.3065297904 21.5268068612 22.2759182305 9.56222418157 22.1742176847 22.0963944835 21.9198100034 21.8879622784 21.4490596681 20.5118345459 16.6337518374 16.5565735451 15.7725415718 15.7315417426 15.9004905709 15.6815082869 15.8400342455 18.8069126635 18.3821206706 18.3991510634 18.5273300413 19.13879827 18.1574105539 18.3563367708 -9999
-9999 -9999 -9999 -9999 -9999 -9999 -9999 -9999 -9999 27.8083163822 27.2194279121 26.8593449829 26.3719551375 25.9572281886 24.8800591971 24.8125343456 24.6115860878 24.7076026414 24.6162094616 24.6909139789 24.6626416817 24.1350930852 26.9855906616 40.7584352292 37.2789371382 37.0069572018 34.5226838339 33.7499758794 26.7825239034 21.653415612 21.1840268642 21.1454308446 20.8639913933 20.3375595827 20.4036016845 18.0726182828 21.6673109964 21.5332320538 21.1408689598 21.1308075753 20.6967935756 20.3674972776 16.2282900375 16.5247525023 15.4222938796 14.8388825041 14.0837040165 14.3467735236 17.1897989565 17.5148925448 17.2940416414 17.1898500875 17.2555534923 17.9649210045 17.7555347023 14.5970113816 12.3943708267
-9999 -9999 -9999 -9999 -9999 -9999 -9999 -9999 -9999 -9999 26.7390860226 26.8621139492 26.3621699152 26.0942821134 24.6381058454 24.3274821487 24.5172214039 24.943301291 24.5352244292 23.9944721487 23.5338938244 23.1855450224 22.8849089158 31.2878377773 36.1842386892 37.3280369509 35.4933824145 34.496864738 32.2505173584 29.0216352773 21.4359906015 21.4048521057 21.4127389751 20.6902678716 21.5147362951 21.4479920904 21.5659421581 21.519497972 21.1703335942 21.1877815342 20.7938400047 20.4617410875 18.7679696693 16.3838335899 16.886333407 16.2939418654 15.521478294 15.0441268571 17.6750240207 17.8561604817 17.7614891187 17.5792990713 16.8132762372 17.6054759223 17.2327496385 14.0859227452 12.3497479211
-9999 -9999 -9999 -9999 -9999 -9999 -9999 -9999 -9999 -9999 -9999 13.6467944601 16.3162699259 24.3937637821 24.042027333 23.8000424051 23.7894383957 23.8041460609 23.3421831355 23.7427269928 23.5915437185 23.4087511697 22.7472827066 21.940673167 25.595333566 32.3971584186 34.0758452843 35.8659591541 33.568753667 21.340711343 27.2022412681 21.0854894542 19.2496298499 19.5121794218 20.2646216263 19.9264017463 20.5598030069 20.528446904 20.4517308576 20.484815236 19.6470220576 19.0704223465 18.8959165987 17.7862149899 15.2466058385 14.5670475496 14.5716866445 15.3544300082 15.738688335 17.2054885624 16.5616873504 17.4122036772 16.9213509427 16.6800928868 15.6851477205 15.6491667504 12.700759148
-9999 -9999 -9999 -9999 -9999 -9999 -9999 -9999 -9999 -9999 -9999 12.5373364142 18.3800963485 24.901814336 24.33939271 24.2703347027 23.2382495587 23.2972976688 23.7283306711 23.7472390359 23.4296786412 23.7498022568 22.7467155827 22.2756234256 22.1209060298 22.6900117984 26.8674976173 32.5200552223 32.1524655891 29.3140911012 30.8200652486 30.7406322912 26.3738583109 27.9330897457 26.1434559155 21.7225201188 20.4973274093 20.6166596763 20.3289812107 19.963323345 17.2441910989 19.3029719443 18.3734396347 18.6375752697 17.9476373891 15.9229718781 16.1602535167 16.5681775813 15.9363067306 15.0546279169 14.752514566 14.8459127755 13.7621887466 16.7772586738 16.4699440176 16.0997602532 15.5422811229
-9999 -9999 -9999 -9999 -9999 -9999 -9999 -9999 -9999 -9999 -9999 26.1193312283 24.9248632104 24.7510833148 23.4884621576 23.2158083187 22.8161381462 22.3381545655 22.611917462 22.9658804991 23.0408422445 23.1061399334 22.116846737 21.3515523239 21.1827817659 21.4910983239 21.1057223977 21.0144319156 20.454469923 24.1372408656 27.6750393375 31.1531834921 31.9264648582 32.8154617118 26.7703513217 28.5829971825 26.9757073562 25.9908057333 20.6490065843 15.0614155302 11.2167674988 18.7776979721 18.3902984077 18.7595168064 19.2494917894 19.6124855632 15.9178728012 15.5873782583 15.1167377427 15.0141034297 13.9930717674 14.3561272056 14.2995542232 15.128730938 16.5576161389 14.0017284059 12.1584298104
-9999 -9999 -9999 -9999 -9999 -9999 -9999 -9999 -9999 -9999 -9999 -9999 24.6751986846 24.7400755628 23.9252594202 22.8006992054 22.9510041812 22.7743210806 22.1567148411 23.2355431432 23.1987253606 22.9807186392 22.4738664515 22.2843198436 21.6074984998 21.714326737 21.1984108505 21.285772917 20.8954360177 20.7646191664 20.6144692268 20.7061822439 22.9435242225 27.557419282 27.5565260275 14.5333293319 28.896265267 26.2235982833 25.7443397849 19.6122018485 19.6589250266 18.5264208646 18.9474108709 19.3478413346 19.2096002719 19.5096237836 17.4735966145 15.6246020185 14.3767423155 14.7116899473 13.8745142972 13.1743950235 12.440696527 12.4925770605 11.5927595477 11.9196157038 6.49675445434
-9999 -9999 -9999 -9999 -9999 -9999 -9999 -9999 -9999 -9999 -9999 24.8785406367 24.6629315527 24.4482646563 23.2867773012 13.382937448 19.0513858463 22.7788236743 21.8753599821 22.5103365339 21.9602878452 21.9054436061 21.2846935044 21.4080063338 20.934192893 20.8933192534 20.3438634811 20.2234414819 20.0461085577 19.906664013 19.5302375589 19.6309963977 19.2784189695 19.2178125533 19.2294293175 27.5782933949 26.375380296 23.8318461514 22.3139607394 19.0468438148 18.6298723315 17.3918151303 20.194464206 20.2225624453 20.2233254596 20.1031299038 19.8943232801 17.2648224399 14.9876162624 14.9457218021 13.4133373292 11.8546132923 11.0457653596 11.0709677425 10.4347267833 10.823763991 11.8429045606
-9999 -9999 -9999 -9999 -9999 -9999 -9999 -9999 -9999 -9999 -9999 25.0613515333 25.2054024784 24.8577678502 23.5562418544 17.8189026415 22.3671009638 22.8711996273 22.6559252137 22.7528189181 18.2015851096 18.244806219 21.0162951127 21.5455035089 21.0555048491 21.1935954216 13.3911852722 13.7536500484 19.0190804636 20.7775864258 20.3097482408 19.6884192082 19.198196902 19.2176359983 19.1461204973 24.7525422728 24.5941303886 26.0452891575 23.01285421 22.3862061021 17.9269134377 17.2053567657 18.3525479556 19.4629261913 19.1886355742 18.9235849853 18.7638307414 18.8775024784 17.3398669908 16.6124015166 13.2649368578 13.2702818515 12.4429813665 12.1936337623 11.5886429422 11.2736016435 9.88882146586
-9999 -9999 -9999 -9999 -9999 -9999 -9999 -9999 -9999 -9999 -9999 25.0190789751 25.1401552824 24.4205017797 23.6517462435 23.4754695898 22.302075517 22.4621608527 22.214723164 22.9518207687 18.3900691978 8.03404430034 17.5752534838 20.7203488599 18.4658719175 18.501583273 19.3035811487 19.9191946478 19.5937580939 19.7275265409 19.4291209831 20.142200651 19.8498439599 19.6756512123 18.7067781524 23.1238925436 21.6380346472 19.8419628976 22.1444289905 21.0387817756 18.0506328369 18.7676780006 18.1651947538 17.3280529084 17.4098087223 17.4335630339 17.8550066547 17.9727532123 17.6005822577 17.5528064602 14.3501068039 12.1396518334 11.0219401402 10.4251711462 9.77269748803 10.2008692871 10.5936948373
-9999 -9999 -9999 -9999 -9999 -9999 -9999 -9999 -9999 -9999 -9999 -9999 25.3149664035 25.0127613878 24.0525064727 23.3125311096 22.4188947444 22.8222837968 22.3039825094 22.58388901 22.1369808451 22.7831000628 20.2947090469 18.70658408 18.2849373217 18.2289189369 17.4346040834 17.5864875716 17.0361650051 16.6709754324 15.7608387773 18.3441571682 18.6713969262 18.9059928902 18.4428518716 24.6492373174 22.5502076326 20.9051864165 23.0888020801 22.8695703433 18.2945907334 18.3212208606 18.5892369075 17.6200504001 17.5010674814 17.4349431117 17.4126551689 17.7207352796 17.115924733 17.7000624197 16.463242041 9.00614636918 9.75697471302 13.0161599235 10.4963861071 10.4511830644 9.8876514716
-9999 -9999 -9999 -9999 -9999 -9999 -9999 -9999 -9999 -9999 -9999 -9999 25.5676218756 24.9081749358 23.8770386041 22.8002805535 21.5674887769 21.9932601704 22.2403537159 22.3311471925 22.2721404581 22.2803066666 21.492543606 19.5499878039 18.7118555316 18.8815276981 18.8943012643 18.5084137896 17.4766124898 18.1113080251 17.0108639487 17.3395422168 20.0243620664 19.9872452505 24.1425232145 24.018400916 24.6672363713 23.5374494396 25.0053866167 21.9928670327 17.8558370399 17.8856560437 17.2841577937 17.2413187716 17.1017015351 16.8623289377 16.1871020691 16.026932517 15.4140586338 16.2627326954 15.3861148091 14.1672133077 13.7489013387 10.3054121683 8.95247730005 9.86039154889 7.77908248084
-9999 -9999 -9999 -9999 -9999 -9999 -9999 -9999 -9999 -9999 -9999 -9999 24.4776433841 24.7392948683 24.2023647867 23.9091290645 22.5708767893 22.733905781 22.3825758721 22.8165815885 22.2204062841 22.2957491742 21.7168847101 14.7338064874 15.6413696772 18.3762682937 19.2585503342 18.3809584472 17.5671865419 17.2101877613 16.3094419659 16.0460273212 17.741735218 20.9813768783 24.9784431393 20.888122679 23.5528677279 24.4366640488 22.1139543408 14.2831290803 12.6403442559 14.194601356 16.5607627126 17.3406764004 17.0687219819 17.1223859734 16.9827255454 16.9832062137 16.4657122532 16.7469429485 15.8553316468 13.791936716 10.4165404338 9.54971835865 10.069080949 9.39371708264 8.88941981705
