data/recharge/transience/recharge5.asc
ncols                  80
nrows                 72
xllcorner      4374000.0
yllcorner      5656000.0
cellsize            500
NODATA_value       -9999
[rows 0 to 24 of 72, columns 0 to 56 of 80]
-9999 -9999 -9999 -9999 -9999 -9999 -9999 -9999 -9999 -9999 -9999 -9999 21.0157456067 21.6445915338 -9999 -9999 -9999 -9999 -9999 -9999 -9999 -9999 -9999 -9999 -9999 -9999 -9999 -9999 -9999 -9999 -9999 -9999 -9999 -9999 -9999 -9999 -9999 -9999 -9999 -9999 -9999 -9999 -9999 -9999 -9999 -9999 -9999 -9999 -9999 -9999 -9999 -9999 -9999 -9999 -9999 -9999 -9999
-9999 -9999 -9999 -9999 -9999 -9999 -9999 -9999 -9999 -9999 -9999 -9999 20.4676572004 19.4064878897 19.0553711585 -9999 19.7842413308 -9999 -9999 -9999 -9999 -9999 -9999 -9999 -9999 -9999 -9999 -9999 -9999 -9999 -9999 -9999 -9999 -9999 -9999 -9999 -9999 -9999 -9999 -9999 -9999 -9999 -9999 -9999 -9999 -9999 -9999 -9999 -9999 -9999 -9999 -9999 -9999 -9999 -9999 -9999 -9999
-9999 -9999 -9999 -9999 -9999 -9999 -9999 -9999 -9999 -9999 19.3515390465 19.3165812527 20.0824404318 19.7173102065 18.6670491801 18.1811337114 17.3987027898 17.5575446771 -9999 -9999 -9999 -9999 -9999 -9999 -9999 -9999 -9999 -9999 -9999 -9999 -9999 -9999 -9999 -9999 -9999 -9999 -9999 -9999 -9999 -9999 -9999 -9999 -9999 -9999 -9999 -9999 -9999 -9999 -9999 -9999 -9999 -9999 -9999 -9999 -9999 -9999 -9999
-9999 -9999 -9999 -9999 -9999 -9999 -9999 -9999 -9999 19.1662299676 19.1973966301 18.9876120516 18.9798381354 19.2743081552 18.7456345546 18.6480943047 18.1113611851 19.7816554671 -9999 19.7925712062 -9999 -9999 -9999 -9999 18.4743190795 19.06725234 -9999 -9999 -9999 -9999 -9999 -9999 -9999 -9999 -9999 -9999 -9999 -9999 -9999 -9999 -9999 -9999 -9999 -9999 -9999 -9999 -9999 -9999 -9999 -9999 -9999 -9999 -9999 -9999 -9999 -9999 -9999
-9999 -9999 -9999 -9999 -9999 -9999 -9999 -9999 21.042623501 20.1569630802 19.1582463665 18.8480615274 18.5665824703 18.1669985152 18.2688688483 18.0945888363 17.6462878535 17.5991762465 17.3352661396 18.1955229114 17.9783944991 18.3994963917 -9999 17.9425396957 19.2066452497 19.3630804114 -9999 -9999 -9999 -9999 -9999 -9999 -9999 -9999 -9999 -9999 -9999 -9999 -9999 -9999 -9999 -9999 -9999 -9999 -9999 -9999 -9999 -9999 -9999 -9999 -9999 -9999 -9999 -9999 -9999 -9999 -9999
-9999 -9999 -9999 -9999 -9999 -9999 20.1425557048 19.2979388404 19.3667516052 19.5895791286 19.8931773668 19.7092081422 19.1172526729 18.8945456088 18.2401820467 18.6627380697 17.9032721752 17.479826732 17.8993041543 17.996765015 17.7463228579 18.0916033924 17.7104815706 17.9166413277 18.3934815197 18.2507986424 18.5331978319 -9999 -9999 -9999 -9999 -9999 -9999 -9999 -9999 -9999 -9999 -9999 -9999 -9999 -9999 -9999 -9999 -9999 -9999 -9999 -9999 -9999 -9999 -9999 -9999 -9999 -9999 -9999 -9999 -9999 -9999
-9999 -9999 -9999 -9999 -9999 -9999 20.1069840648 19.6131180253 18.8109970999 18.5925504149 18.3720429858 18.4133785798 18.2710694569 18.1742270594 17.7726074022 16.7443549184 16.549446114 14.4613991406 16.5162445407 16.2950609026 16.8387556185 18.0454688442 17.4798296287 17.4689570716 17.3086192585 16.7687494747 18.3237437021 18.6617521753 18.3986691016 18.053511052 18.8608530809 18.9050143445 -9999 -9999 -9999 -9999 -9999 -9999 -9999 -9999 -9999 -9999 -9999 -9999 -9999 -9999 -9999 -9999 -9999 -9999 -9999 -9999 -9999 -9999 -9999 -9999 -9999
-9999 -9999 -9999 -9999 -9999 20.9221480303 20.2509868931 20.0655181115 19.7216074757 20.0570920216 19.818559338 19.1580402706 18.0724919877 18.2042240913 18.33812099 18.3191785292 14.410299706 8.44957451491 14.435700937 16.4240848388 16.9015246517 16.4760163921 16.9601987763 17.2692506023 17.4946808883 17.8093701288 18.0797758039 18.008954002 18.036749853 17.9068574791 17.4225750385 17.8783944822 16.6444630902 16.2175863637 -9999 -9999 -9999 -9999 -9999 -9999 -9999 -9999 -9999 -9999 -9999 -9999 -9999 -9999 -9999 -9999 -9999 -9999 -9999 -9999 -9999 -9999 -9999
-9999 -9999 -9999 -9999 -9999 20.9662535583 20.155402912 20.2551264143 19.650954521 19.3018825368 19.2009125803 19.4605673668 14.1156856347 11.7034494552 19.2186135113 19.6019677913 16.4280927198 6.94547408091 11.9794764707 15.3012574134 16.0850286039 16.8210242857 17.7671533825 17.5032774673 16.7872598116 16.0011396481 16.7009977507 15.8240965084 16.5202877658 16.1357347006 15.3998414931 15.7879147373 16.1367680106 15.5790260744 15.9401496249 15.1452363763 -9999 -9999 -9999 -9999 14.6630128198 14.3897352761 -9999 -9999 -9999 -9999 -9999 -9999 -9999 -9999 -9999 -9999 -9999 -9999 -9999 -9999 -9999
-9999 -9999 -9999 -9999 -9999 20.5767096437 20.1096162025 20.0774222612 19.7897323148 20.2013510281 19.9459273451 19.7298078422 19.0777167472 19.2441125095 19.709907699 19.177853342 18.460695309 19.487942496 18.6075960503 18.9637824728 17.6488568411 16.4784560893 15.9195793416 15.3987193287 16.5635900142 16.1468363221 16.2386646915 15.1386519669 17.0284835953 15.7095748706 11.2097830561 14.4120347592 15.9690920331 16.2609661731 15.5675823711 15.640179782 15.2294379554 -9999 -9999 15.2541863694 15.7130465427 15.2693660171 16.2775670426 -9999 -9999 -9999 -9999 -9999 -9999 -9999 -9999 -9999 -9999 -9999 -9999 -9999 -9999
-9999 -9999 -9999 -9999 -9999 -9999 21.055936471 21.2377056704 20.2552395033 20.2314353373 19.5735089166 19.8736774265 20.2146892085 20.6113769314 18.6474480336 18.2272434396 18.5347751605 18.4712006583 17.4653799886 17.1775753304 17.2857304852 17.5674384307 16.8499562381 17.55057877 16.3605876467 15.0571754543 13.7929025256 14.4998563879 14.3949452852 14.1508570868 14.0200378066 14.7445620229 14.4770337096 13.6597683894 13.9083670191 14.4862845575 14.8162216181 13.5760118585 14.5619425415 14.2184119607 13.7624285326 15.6623632558 13.5667027224 12.2318532263 -9999 -9999 -9999 -9999 14.2656057979 13.2536537194 4.00779570159 -9999 -9999 -9999 -9999 -9999 -9999
-9999 -9999 -9999 -9999 -9999 -9999 -9999 21.2554288101 19.9534289222 20.3516978903 20.3859766794 20.1695481962 19.6767853901 19.0003237952 19.0434539275 19.7385648132 19.2883986506 19.0405571428 18.8341639231 18.0058432589 16.6202957061 16.6855017874 16.1992517422 16.3539699609 15.3632729954 14.141090921 13.7314531126 14.6885417731 14.2319078115 13.9836485402 14.617495133 14.3981896906 14.4969887088 13.8333780855 14.7748597324 14.691935846 14.3959857471 14.5199226574 14.3243696129 14.2906642218 13.4605329933 13.1679913967 12.6435106082 12.4289770478 11.2387295339 12.0201939745 12.2871131046 11.2497046075 10.7231521959 11.444761619 10.4203775265 8.93749688028 -9999 -9999 -9999 -9999 -9999
-9999 -9999 -9999 -9999 -9999 -9999 -9999 -9999 19.6692688417 19.4699247558 19.9250986614 20.2596465886 19.8075581823 20.3730356627 20.0770290678 19.646317274 18.2804306086 18.4010510299 17.1203688271 17.8511873465 18.7361134832 18.5654898618 20.0975882999 19.3842487769 17.5799543364 18.5072667154 14.7757262817 13.4602321607 12.4190059079 11.6213994795 11.5307364577 12.3971684775 12.3837724345 11.9262507429 12.8730137336 12.7404732581 13.1541350089 13.6467805454 12.685735441 12.4417441366 12.4502208355 12.3435428005 10.9058726465 10.3245621058 9.82148055474 9.26136848515 9.81381666518 9.09591608508 8.37545731502 9.33028520438 8.58134056882 9.08411836109 7.47094516981 -9999 -9999 -9999 -9999
-9999 -9999 -9999 -9999 -9999 -9999 -9999 -9999 20.5680042836 20.0678353363 19.5548983675 19.6436864665 19.4573616855 19.4484035108 18.8432046611 18.6336236584 18.2364262648 18.5927815895 17.8806713005 18.2188642254 18.6293277952 18.4989231298 23.0293467183 24.9155864737 21.2219900556 16.4219108198 18.8379081646 16.6182826324 13.2051856492 11.4945060965 11.3602510591 12.0467335865 11.4709869636 11.7987911822 12.5345246443 7.06888410855 14.0639726723 13.2572031949 12.6537469434 12.4578480522 11.9909574376 11.8505818831 10.4595601434 10.4195233281 9.29319940072 9.22245012206 9.73590285936 9.24475992623 8.86536517098 9.46884545011 8.83756299796 8.87786016486 7.76405809537 8.21768730443 6.64739947398 7.16004081852 -9999
-9999 -9999 -9999 -9999 -9999 -9999 -9999 -9999 -9999 20.5749511264 20.0602843251 19.3698043724 19.4672455514 19.7406934482 19.4001903149 19.4711125578 19.8241219043 19.7428586308 19.761981874 19.8638365381 19.6185390395 18.559324874 20.7544288044 30.5031416839 25.7027915794 23.3183021941 17.0095678818 14.7707211471 12.4907050492 11.3383713474 10.7448543871 11.2840012529 10.7023404169 9.99151819291 11.2350304428 11.3833159561 12.2925556793 11.6893790744 10.9062936631 11.0155004026 10.4014480332 10.673901212 8.91805918835 10.4671900621 8.37918735704 7.58586319198 6.70178257429 6.81918584037 7.28285716483 7.09516106692 6.96920376567 6.73258890075 6.34815231844 6.63812114345 6.7080199038 5.70690885642 4.29964028603
-9999 -9999 -9999 -9999 -9999 -9999 -9999 -9999 -9999 -9999 19.6230991655 19.7889077049 19.3575883975 19.6134119276 19.0586140838 18.7238181203 19.1445996819 20.2796738707 19.6266530488 18.6168689473 17.959322534 17.6651406456 16.424370869 21.351567064 20.7870320528 23.6186243835 20.1371176937 16.9371045376 11.3000435407 13.8884563692 11.0732022402 11.1226759403 11.780150607 10.6390096144 12.0897811333 11.6398485237 12.0200772395 11.6966884784 10.9907797046 11.0539222065 10.8970051431 10.9369263089 9.96811373404 9.61334541097 10.5002657899 10.670807091 8.75788718526 7.37997924129 7.73987783416 7.67711705432 7.90884862668 7.61986286662 6.3193689794 6.71592523195 5.65095541224 5.57744462834 4.24207678501
-9999 -9999 -9999 -9999 -9999 -9999 -9999 -9999 -9999 -9999 -9999 10.914907476 13.6027783502 19.0332956932 18.7167584559 18.3703145128 18.7346347845 18.683978987 16.8170740247 17.3210701768 17.7661623987 17.6428420018 15.5791515817 14.1137708596 15.2462317223 14.6113469475 15.5937805237 20.0093319899 18.0524292714 10.1690754828 10.0750915314 11.5581284651 11.0363131518 11.1037316605 11.0694465842 9.93242436964 10.3322989272 10.2579885046 10.2999793121 10.2977031655 10.6353820271 9.97113857584 9.76722305313 8.7322956986 7.28835206142 7.06205452251 7.50496606466 8.24522702809 7.4339742806 6.99558711693 6.10408304017 6.65226899922 6.03779480338 5.53554123829 4.41077385492 4.53250652114 3.73628626264
-9999 -9999 -9999 -9999 -9999 -9999 -9999 -9999 -9999 -9999 -9999 9.98888921971 14.6575790982 18.3495991143 18.6394983229 18.3873806888 17.5732405402 17.0069059176 17.3328755634 17.4178364242 17.2192437239 18.0907135461 15.8318444284 15.1937748557 14.5542444314 15.0988685109 16.1281187215 18.2041392522 14.3052990255 15.4066567358 16.1736270953 14.6759630282 9.2158144339 10.700643517 11.1722308969 9.916375148 10.2848483855 10.4678742339 10.0262688016 10.1972821719 10.7023826074 11.4786135051 9.27694338109 9.34283403819 8.539182517 8.36851771132 9.72613470681 10.8817397472 9.73533131925 7.54476491144 8.12441031272 7.93832846855 5.79601493625 6.53745256145 5.76021809019 5.01997208349 4.288600777
-9999 -9999 -9999 -9999 -9999 -9999 -9999 -9999 -9999 -9999 -9999 20.0975460831 19.2125096225 18.9632739412 17.3142201892 17.8421320532 16.7950987243 15.1023759215 15.3547785922 15.5645449891 15.3487556836 15.6224171851 13.9376586832 13.1809121653 11.8850776287 11.6606484719 11.0755436079 10.8432091712 11.2970811242 12.9813564883 13.6607692615 16.2449311191 17.2711549002 16.5706807736 8.75579851967 3.97093803342 6.0738284266 6.12917923103 8.97090021391 7.75347357784 7.01276080407 9.90366471862 10.7207854242 11.8063255102 11.894805322 12.7733477532 9.13698483942 8.38652273077 7.86599380158 7.99540791799 7.13983760941 7.87980975014 7.99971557113 8.91233073196 7.27782129744 5.19807058262 3.66169147085
-9999 -9999 -9999 -9999 -9999 -9999 -9999 -9999 -9999 -9999 -9999 -9999 18.3534751712 18.7008003521 18.3667539853 17.8701722468 16.9411729846 16.2858650094 15.2400770477 15.7711616953 15.7456580073 15.0314387082 14.3559578931 14.240366999 12.2662999233 12.5241351076 11.2796341292 11.6511471419 10.9173879275 10.415764612 10.1620438964 10.6417324439 10.6686108741 11.7482967695 11.8371704286 4.62757837242 7.89068642038 4.61668371662 7.83625747258 9.41678006878 9.97302949715 10.1137856155 12.5467056499 13.8170921113 13.9677767378 13.4525691177 10.1775518563 8.47806776194 6.4476398068 7.13600955568 6.67475190898 5.84982974895 4.93543025319 4.99318272824 4.23501565264 4.45501700619 1.52813416104
-9999 -9999 -9999 -9999 -9999 -9999 -9999 -9999 -9999 -9999 -9999 19.4148712608 19.2514905662 19.3897402189 19.2615096386 11.4631894755 15.1447323348 16.8708065274 14.8108835152 15.3151758742 13.2598972218 13.0606306738 11.8967301795 12.1862450998 12.0066783757 11.8292108861 10.2905486927 10.0157668289 9.94555745046 9.59089842011 8.76910823854 9.13693311804 8.37163888576 8.26585769642 8.62734865383 7.87186805099 6.51157255912 2.8395042601 2.66337442745 8.62083944711 9.03261847895 9.16134286051 11.9479229578 13.8085160947 15.7921613184 15.7924274864 12.6181777123 11.5222656763 8.20609491135 8.32211350334 6.07727117763 4.25761236444 3.54124840483 3.57561830053 3.09733592844 3.49279424259 4.60654853007
-9999 -9999 -9999 -9999 -9999 -9999 -9999 -9999 -9999 -9999 -9999 19.7581006661 20.2856262574 19.9109331279 18.5632402916 14.2460236937 17.5419241176 17.6749523916 15.3178748733 15.5091993247 13.7636641043 13.2402692794 12.4865466334 12.9122426647 12.550556372 12.7171825336 8.91631109697 9.67704524647 11.3643332273 13.2702400259 11.8527237131 9.34383803421 8.20590534698 8.27326368554 8.38283264541 7.95536983012 3.64250214113 6.37919417215 3.01594894632 9.02616654306 8.24739980116 9.61994583518 11.5713520972 11.3577582511 11.632018571 11.1295474614 11.3942922971 11.7206348176 9.84842128401 9.70610227234 5.98016483325 6.27733290886 5.21032853591 4.94004944413 4.37926064305 4.00317257255 2.69086524503
-9999 -9999 -9999 -9999 -9999 -9999 -9999 -9999 -9999 -9999 -9999 20.4250884757 20.3412726048 19.5993245366 19.4578267549 19.3439543409 17.8599048148 18.1320364123 17.457788033 17.3000380687 13.2300530741 6.7605372263 13.9637596333 15.4452611266 12.5246885071 12.5234285744 13.1336478854 12.6457822326 10.576587307 9.44680968454 9.15046066977 11.8158817222 11.5785694811 10.8538852333 8.54322128184 5.73073177709 1.83062921261 1.28464125323 2.45880752051 5.51394716394 9.09680925349 9.08360822045 8.75352148562 8.16079462401 8.11879811309 8.13933894991 8.65149674349 8.78425543517 7.23857272007 6.72981532521 5.19237916742 4.21111382563 3.00218520864 2.86591923224 2.45785912159 2.9700316809 3.45465769183
-9999 -9999 -9999 -9999 -9999 -9999 -9999 -9999 -9999 -9999 -9999 -9999 20.6800067183 20.0904316017 19.2288438235 19.1059488655 18.5322217046 18.4479295974 16.9261663802 17.5406372735 16.7260612084 17.4121170536 13.8806134389 12.3551428411 11.9430462383 11.809556073 10.1934133558 10.6199591895 9.6109824855 8.69799208828 7.28039777409 8.34844054165 7.51488326433 8.1519095526 7.81116816776 4.23803449087 2.2660376857 1.59402039514 3.3515613088 8.15346516192 8.65271979252 7.77335051917 8.53733785609 7.73398767321 8.09841551185 8.27344684169 7.81621596193 8.18874290779 6.63481924777 6.45799275909 5.17668859332 2.47048230049 2.21032596196 4.4185655325 2.89501549868 2.91742713624 2.5115438425
-9999 -9999 -9999 -9999 -9999 -9999 -9999 -9999 -9999 -9999 -9999 -9999 21.3091675803 20.1568314788 19.5645913223 19.5900676409 18.2481078395 18.6379339476 17.8111354571 17.22884257 16.4477991907 15.6675602381 14.5835474496 15.1155869075 12.9880695795 13.8056987823 13.8770564738 13.1130175906 11.1140524111 12.8421703813 10.6347297154 11.1729240929 12.5554680805 12.2696314156 9.73032988638 3.34171402013 2.14654499275 3.5651993812 6.45383114803 7.2697615493 9.15461334904 7.12728970019 6.19210268008 6.0867340696 5.86185396675 6.00975392456 5.68667875203 6.00143073919 4.9878382371 5.04133886096 4.42488729342 3.8592299051 3.49119506058 2.05498144639 1.39089380234 1.8954623533 1.21708267641
