data/recharge/transience/recharge-mean.asc
ncols                  80
nrows                 72
xllcorner      4374000.0
yllcorner      5656000.0
cellsize            500
NODATA_value       -9999
[rows 25 to 49 of 72, columns 0 to 54 of 80]
-9999.0 -9999.0 -9999.0 -9999.0 -9999.0 -9999.0 -9999.0 -9999.0 -9999.0 -9999.0 -9999.0 -9999.0 17.5134310526 17.2129534079 16.1489673738 16.2487887198 14.4343401679 14.3121709226 13.3870864035 14.0731616546 12.9494181182 12.711309139 11.8979640346 8.50354778908 9.49836577138 10.8512322501 10.7003770391 10.340899038 8.7915015535 8.22574431577 7.38069968402 7.07511356563 7.79740375278 8.63235781453 6.9517491061 8.89805533137 9.72276601798 7.68748892179 6.41169061437 5.53780677446 4.94103802598 5.17641171021 6.97241819071 7.83464933508 7.68952671839 7.73739780526 7.71712558633 7.72177565134 7.49361347023 7.77424189919 7.26746147308 5.5312826199 3.35840646242 2.85174611969 2.88435079331
-9999.0 -9999.0 -9999.0 -9999.0 -9999.0 -9999.0 -9999.0 -9999.0 -9999.0 -9999.0 -9999.0 -9999.0 -9999.0 16.7267808385 16.6205251012 16.690334335 15.6098846376 15.5103230839 14.1761232496 13.7436807666 13.0411675934 13.49089114 13.0926558855 11.268377259 12.1901650498 11.1415879714 10.165882402 9.19224074815 8.60865741563 8.98474899573 7.86472049886 7.6379913197 8.54254611098 7.94770043264 7.01554556805 4.45899398254 8.15102556131 6.8122508839 6.32833521853 4.73461634664 4.24526453254 5.03057588706 3.71217913004 4.58468149118 4.944166603 5.8876279645 6.57747455657 6.43149701554 4.6038897619 3.27463612292 2.75092224523 2.86448510029 2.948083142 3.24753216147 3.33148731061
-9999.0 -9999.0 -9999.0 -9999.0 -9999.0 -9999.0 -9999.0 -9999.0 -9999.0 -9999.0 -9999.0 -9999.0 -9999.0 -9999.0 16.1381070524 15.9595459781 14.889557142 14.9653989343 14.1302813552 14.489748994 13.2708333068 13.9572427532 13.0266437849 12.5978903527 11.2777734333 11.1067526401 11.1357365456 11.6432103291 9.24818254187 8.26676112412 8.10053507359 9.78681955504 9.4787454551 9.43669900085 6.94573745408 6.58182612872 8.02509731931 5.70532910965 5.32487827083 4.81399781969 4.44441595534 4.72926637992 4.77581894107 4.07081085462 3.25954069212 3.60024849813 3.31647253626 3.59222753202 2.94086506745 3.17934857642 2.98501217305 2.47716196702 2.29345808147 3.19330428403 3.28197516101
-9999.0 -9999.0 -9999.0 -9999.0 -9999.0 -9999.0 -9999.0 -9999.0 -9999.0 -9999.0 -9999.0 -9999.0 -9999.0 -9999.0 5.25107096478 11.0404095852 15.1631030984 15.4016114352 14.6589983094 14.8106364767 14.2472140311 14.1758114947 12.6418736489 13.6931142999 12.9094686009 13.1119536755 10.8950313196 10.9280834181 10.9591208343 11.1371133305 8.55500565603 5.12066711776 9.36796368017 11.5343223123 7.90784298529 5.28095172717 7.83561623715 4.67934354382 4.47738488109 4.47121819992 3.93991688973 4.22170157097 4.03933889902 4.49578057074 3.87063475548 3.36201632923 2.44153939815 2.69504147027 3.14331926651 2.87986186309 3.21227860824 3.54710922827 3.7626722105 4.25452028157 4.86598133036
-9999.0 -9999.0 -9999.0 -9999.0 -9999.0 -9999.0 -9999.0 -9999.0 -9999.0 -9999.0 -9999.0 -9999.0 -9999.0 -9999.0 8.06658787263 11.7885395955 15.6804621346 15.9648832453 15.1036107495 15.0496684506 14.0899445833 14.3373592822 13.7467763609 13.2457583182 12.1204129563 11.7330521548 11.5345339212 11.6547752312 10.2938418899 10.7261474628 9.96325876567 9.51990984103 9.04041778763 10.6407897881 11.5231488071 4.55867231438 5.90153856257 8.43350903753 3.22117754375 4.21174773705 3.84677843821 4.23038616406 3.72164416575 3.80092009505 3.13450523935 3.41824464113 2.67566410838 3.32355010714 4.72761586042 5.29001492405 4.79654511077 3.48568702693 4.43515738463 4.09315240322 3.70588135519
-9999.0 -9999.0 -9999.0 -9999.0 -9999.0 -9999.0 -9999.0 -9999.0 -9999.0 -9999.0 -9999.0 -9999.0 -9999.0 -9999.0 18.4790678907 17.4710301558 16.7912362346 16.9765651628 15.9388151686 16.3800341271 14.7867263664 14.5741017096 13.8004585641 13.5875020402 12.1109689846 12.456722361 11.251568589 12.1273856347 10.9831718208 10.6863104703 10.1852718928 10.5954582178 9.83883214061 6.81356953719 4.73947580232 4.76643602082 4.32542642838 8.33149029329 3.8051069587 5.14836315896 5.1350952735 3.87307065692 2.96462264087 3.14840139285 2.72722720815 2.89091134088 4.24456822682 4.92823086436 7.56617780442 8.24919206165 6.38406987452 6.97596783397 5.13833723379 4.96778571014 4.37895378293
-9999.0 -9999.0 -9999.0 -9999.0 -9999.0 -9999.0 -9999.0 -9999.0 -9999.0 -9999.0 -9999.0 -9999.0 -9999.0 -9999.0 -9999.0 16.7493542016 16.210116171 15.9225736084 15.8213164103 14.8581055568 13.8385634169 14.091445012 13.6815343844 13.6930427929 12.1281000055 12.4284336535 11.1751940256 11.4408988438 6.89092850393 10.4898820362 9.39832923859 9.34171787449 8.56272238569 6.8201987433 4.90622238846 4.92713235467 4.585038473 4.54560851632 4.33234160838 4.01351181366 3.46619976307 4.98893978904 2.53782398572 2.6876220794 2.76559326421 2.79174463032 2.5852391347 2.77725590614 3.603989498 3.94182532428 2.92768230513 2.69534265212 3.65084129412 5.19213820844 4.95582874865
-9999.0 -9999.0 -9999.0 -9999.0 -9999.0 -9999.0 -9999.0 -9999.0 -9999.0 -9999.0 -9999.0 -9999.0 -9999.0 -9999.0 -9999.0 -9999.0 16.0474975541 15.6210318527 14.9976789633 16.3058500667 15.6363561573 15.4460368241 13.4720479873 12.9443101888 12.5788406601 12.2198088977 11.0573696868 10.0990123398 6.27873722506 9.67878286777 10.4646474108 7.45903081809 5.47048189997 3.70584694973 4.79854602348 5.01114249588 4.80317122483 4.968215306 4.79985220771 6.25599182871 9.63643461516 9.08863860333 7.61349836469 4.19781015111 2.41953888423 1.94883675685 1.61971403091 3.47034383875 2.79252362763 2.30590861215 2.9578763609 4.0715753795 3.34759774588 2.89719865578 3.23103149553
-9999.0 -9999.0 -9999.0 -9999.0 -9999.0 -9999.0 -9999.0 -9999.0 -9999.0 -9999.0 -9999.0 -9999.0 -9999.0 -9999.0 -9999.0 -9999.0 17.0870498099 16.81472336 16.3226613222 16.1514747386 14.6767405597 15.0277730353 13.8347281358 13.1230171563 12.4616241897 12.862800743 11.356929563 11.146457636 6.6954678506 8.96869072063 6.38293928324 4.87732428542 5.45966689821 4.15173240507 5.11956283969 4.89324158917 5.89120135483 4.94758615561 4.76547153857 4.98642522342 7.58530262325 6.47728942844 7.44192368454 7.16835832175 4.81850279509 3.65418390821 4.38118575998 4.23066109628 2.32520964307 2.68897800899 3.4378371617 3.57024112793 4.35570854364 4.56139140396 5.2233351019
-9999.0 -9999.0 -9999.0 -9999.0 -9999.0 -9999.0 -9999.0 -9999.0 -9999.0 -9999.0 -9999.0 -9999.0 -9999.0 -9999.0 -9999.0 14.6924409296 14.8156522803 15.4649898944 16.3411958835 15.9953718973 14.8258213484 14.5853166244 13.3677376212 12.9916173365 12.0597869059 12.4415906763 11.4428824119 11.5344353633 8.23101708442 10.1033413397 9.82301699305 9.96315585789 9.67898001424 7.49436289117 6.57871648988 7.21833614768 7.69871341224 8.04678552911 7.4704460868 4.43217644863 6.66514325452 5.56702594873 4.39436326312 4.33801762181 4.24178234998 3.4093965452 3.92164846245 3.89332544842 3.23015801412 3.5082063954 2.91523819853 2.41358184415 2.65193526578 2.89445866221 3.12600734098
-9999.0 -9999.0 -9999.0 -9999.0 -9999.0 -9999.0 -9999.0 -9999.0 -9999.0 -9999.0 -9999.0 -9999.0 -9999.0 -9999.0 15.7510199 15.3400415751 15.0601362273 14.2799279131 15.2120981192 15.6735131685 14.6653125907 15.0067983042 13.2725042683 13.4058036724 11.9080270754 11.8728662343 10.9122491319 11.1394910575 10.4192300249 10.4374700988 9.36843509924 9.50439309994 8.13343094622 7.73522815549 7.79618451473 10.0389635362 7.47196594525 6.60162728836 5.39983300808 6.95410505482 6.49530980463 3.78774995688 3.48713870509 3.7474149158 2.73553484159 2.42501442888 3.23622413083 3.70022892864 3.42832232465 2.89644635563 2.64928540728 2.62875681094 2.80831213857 2.75484407756 2.64686389804
-9999.0 -9999.0 -9999.0 -9999.0 -9999.0 -9999.0 -9999.0 -9999.0 -9999.0 -9999.0 -9999.0 -9999.0 -9999.0 -9999.0 16.0364579029 16.5141598717 15.7193599254 13.871068268 12.4218818911 13.0161077329 13.4576132063 14.2161654677 13.185957118 13.3967532982 11.7527646743 11.230702053 9.74986313375 9.93196139206 9.40408950741 10.4204796642 9.95276843164 9.62396759842 7.84485606359 7.39844022097 6.84486304199 8.68877849317 8.82286711341 10.101699291 6.71945561152 6.83780675985 7.9686182504 7.53237843622 4.18765710838 3.90441634642 3.4950810243 2.3462752443 3.41530803311 5.13513770801 4.61356079452 4.99799605257 4.94694346983 4.91533735123 3.92480080066 3.55572835829 3.89375920797
-9999.0 -9999.0 -9999.0 -9999.0 -9999.0 -9999.0 -9999.0 -9999.0 -9999.0 -9999.0 -9999.0 -9999.0 -9999.0 -9999.0 -9999.0 -9999.0 15.9636536571 15.7247678889 15.4741954421 15.2896298251 14.041578828 13.7569178367 13.8662281792 13.8457532016 12.048482613 11.0456733396 7.99498021519 8.25928873309 7.21843001116 8.67283191892 9.03858089503 8.05827737019 7.44608631986 6.75974889401 6.766081526 6.80746581061 7.48856248106 6.75091551303 8.14311947572 7.74344126883 5.42634846928 5.29320214037 7.07496284433 6.0680057754 2.72337755569 3.10844445891 2.79863991523 3.33097625539 3.48024247474 3.8516313964 3.75003105914 3.83600380345 3.49408035947 3.12831064788 2.34684851146
-9999.0 -9999.0 -9999.0 -9999.0 -9999.0 -9999.0 -9999.0 -9999.0 -9999.0 -9999.0 -9999.0 -9999.0 -9999.0 -9999.0 -9999.0 -9999.0 16.3162877194 16.0014616205 15.7165859661 13.864291715 13.6011988033 13.9526072184 12.6663582224 12.981082091 12.6688018502 11.7160627624 9.70877987865 9.47132866522 8.6714422693 9.00088083098 9.30153133514 9.01451982485 7.7993853726 7.05185808698 5.621904108 5.87114236527 5.88297912353 6.49624265 4.91216193943 4.45787366029 5.03848562546 5.99855234613 4.52719374792 5.50035775735 5.41277953389 2.87596012969 1.68153200695 2.39716151469 3.08858153004 2.52604303852 2.10917683912 2.13620125456 1.75156665555 1.96118265895 1.86708831384
-9999.0 -9999.0 -9999.0 -9999.0 -9999.0 -9999.0 -9999.0 -9999.0 -9999.0 -9999.0 -9999.0 -9999.0 -9999.0 -9999.0 -9999.0 -9999.0 -9999.0 -9999.0 15.8098552323 14.5724031981 12.8618840002 13.543722017 13.6484459772 13.6341701857 12.3606398795 12.122141098 9.28213392529 9.39543868601 8.66776377625 8.69906619287 7.45040370621 6.95581691773 6.65200224797 6.94719672214 5.556488127 6.34871860517 6.1694532941 5.09617641975 4.70726329468 5.57534692531 4.47719000437 4.11594311583 3.73562541366 3.71568466067 3.31465886565 3.62110745036 1.9724483313 2.00408632067 2.71548982151 2.20049594275 2.36789503483 2.67470012648 1.78555744344 1.82809311736 1.99432244405
-9999.0 -9999.0 -9999.0 -9999.0 -9999.0 -9999.0 -9999.0 -9999.0 -9999.0 -9999.0 -9999.0 -9999.0 -9999.0 -9999.0 -9999.0 -9999.0 -9999.0 -9999.0 -9999.0 13.2915754833 13.0642462492 13.4628310938 12.9618893283 14.9730180402 13.0685737161 12.7771041299 10.8088497513 9.23236665375 7.50522023756 7.34130137179 7.15722904712 7.81118117752 6.4975747397 6.16087046628 4.93215449427 4.50202047068 4.30201788198 5.26039855954 4.72275927779 5.09924202148 4.12940523498 3.87044004289 3.28013692937 3.87101021043 3.81415737494 3.93082093123 3.075612062 1.87808508682 1.52491555807 2.52538014987 2.09385341318 2.10211043472 1.70673462357 1.69256391143 1.92491696478
-9999.0 -9999.0 -9999.0 -9999.0 -9999.0 -9999.0 -9999.0 -9999.0 -9999.0 -9999.0 -9999.0 -9999.0 -9999.0 -9999.0 -9999.0 -9999.0 -9999.0 -9999.0 14.8050697511 15.4361003186 15.3500230828 15.1409577879 13.154592648 13.9363096043 12.9054859758 12.8673279021 11.2959218312 10.7802994004 8.17360150153 7.80515455227 6.1929327926 4.00538937839 6.83355982341 6.26645575136 5.53939977868 6.16318144318 6.81190471149 6.60718672781 6.10796432489 5.85239966948 5.3149346727 4.12671349398 3.71197235069 3.94476524864 4.08933939857 3.82755581616 3.75895096917 4.55014069883 3.17933856177 1.90117650972 2.61292462111 4.30209874217 3.91985180944 3.43965739509 2.54987154214
-9999.0 -9999.0 -9999.0 -9999.0 -9999.0 -9999.0 -9999.0 -9999.0 -9999.0 -9999.0 -9999.0 -9999.0 -9999.0 -9999.0 -9999.0 -9999.0 -9999.0 -9999.0 -9999.0 16.7152319286 16.2544218297 15.8533348325 13.3661978976 14.0092964145 13.5167090142 13.3790808352 11.1683351343 11.4696955127 9.63199555905 10.6698990114 8.08564339542 8.06628605256 8.43907366976 6.60113194145 6.12483902826 5.47510136616 4.17584049516 3.7963147584 3.37237496825 3.37519331727 3.49011538017 4.26875878892 3.99248709718 4.15967583982 4.07612552243 5.50824501068 4.3849816436 3.65219036061 3.58924490266 2.48360874267 1.15906285367 3.19126421262 3.92267943057 3.55996940069 4.37641316403
-9999.0 -9999.0 -9999.0 -9999.0 -9999.0 -9999.0 -9999.0 -9999.0 -9999.0 -9999.0 -9999.0 -9999.0 -9999.0 -9999.0 -9999.0 -9999.0 -9999.0 -9999.0 -9999.0 -9999.0 15.0080652739 15.6492977575 13.4445657673 13.9623044112 12.6333556317 13.1813316948 11.1457486337 11.6596159226 11.6483969242 11.1444483009 9.99161189339 9.81174847532 7.26175143754 6.89827361096 5.53560818361 6.09334977931 5.42195443445 5.83268376008 5.61816011445 5.28074949882 4.27793057406 5.15905908086 5.10889673752 4.65301738142 5.51542417776 4.98596663104 4.25979488097 4.65415631115 4.14760473927 4.09410233853 3.12907358158 2.16785971432 1.27157223047 1.52182581757 3.59941830084
-9999.0 -9999.0 -9999.0 -9999.0 -9999.0 -9999.0 -9999.0 -9999.0 -9999.0 -9999.0 -9999.0 -9999.0 -9999.0 -9999.0 -9999.0 -9999.0 -9999.0 -9999.0 -9999.0 -9999.0 -9999.0 15.2963297854 14.0186651822 14.1585615456 12.2108568804 11.7780330239 11.1116276397 12.0040738322 10.9641117207 10.6730591261 10.5020356031 10.7519260383 7.64637552095 5.39276067975 7.82693090646 7.4097216677 6.08440554759 5.06572069995 4.59195447608 4.80992526309 5.73907622714 5.95344130311 6.23871050183 4.88039445857 4.18895580065 3.39556666477 3.9290285083 4.22924445397 4.06859726697 4.75013341151 5.95846302348 4.43589689251 2.95381879773 2.01241044575 0.798990560934
-9999.0 -9999.0 -9999.0 -9999.0 -9999.0 -9999.0 -9999.0 -9999.0 -9999.0 -9999.0 -9999.0 -9999.0 -9999.0 -9999.0 -9999.0 -9999.0 -9999.0 -9999.0 -9999.0 -9999.0 -9999.0 14.0786691962 13.1766436913 13.1585085831 13.1854311748 13.6254895101 12.1266605184 11.4484372303 10.1381269059 10.9708766922 5.36095196298 9.89329176727 8.44443121665 7.32891595985 5.28428586073 5.81926375897 5.19516482749 5.23259951677 4.77704492627 5.57949294512 5.78310706469 5.61179221357 4.64775087268 4.5365150833 5.16035525388 4.96371765935 4.59622507894 4.50719754163 3.27382774794 3.46675078264 3.91041222117 2.78769405033 2.74121210578 1.34771829523 1.33758493784
-9999.0 -9999.0 -9999.0 -9999.0 -9999.0 -9999.0 -9999.0 -9999.0 -9999.0 -9999.0 -9999.0 -9999.0 -9999.0 -9999.0 -9999.0 -9999.0 -9999.0 -9999.0 -9999.0 -9999.0 -9999.0 -9999.0 13.4220758093 14.3720376926 14.0065984758 13.5366446918 12.0080813662 11.7320594078 9.31111859248 9.64575759696 9.74502191866 10.0212024145 7.88612945491 7.45198234296 7.59171461463 6.49596715818 6.31961927455 6.00577969608 5.71277426551 5.72641305928 5.87224214536 4.46083108363 4.65429381016 5.53055141685 3.68451841869 3.38394197277 2.84180662557 3.41679437774 4.10219667195 4.44508181912 2.21449701038 3.44971889028 4.24152260026 2.0543873024 0.909903055236
-9999.0 -9999.0 -9999.0 -9999.0 -9999.0 -9999.0 -9999.0 -9999.0 -9999.0 -9999.0 -9999.0 -9999.0 -9999.0 -9999.0 -9999.0 -9999.0 -9999.0 -9999.0 -9999.0 -9999.0 -9999.0 -9999.0 13.7332564822 13.4689714613 13.6833911692 14.1563275621 12.5337242618 10.6194042567 9.70912712068 9.94572088834 8.93367941265 9.07664426071 8.61345878352 7.79929597135 6.5780607696 7.79725724178 6.2140413959 5.91094495947 6.44268407319 6.41330157195 4.87780194262 5.95510630688 4.71461118774 4.01073115904 3.62089964328 4.15128419746 4.74565757072 4.85655738081 3.1985205872 3.06364361652 2.83846129211 4.40190856205 1.65790639926 3.0662977861 1.86536477489
-9999.0 -9999.0 -9999.0 -9999.0 -9999.0 -9999.0 -9999.0 -9999.0 -9999.0 -9999.0 -9999.0 -9999.0 -9999.0 -9999.0 -9999.0 -9999.0 -9999.0 -9999.0 -9999.0 -9999.0 -9999.0 -9999.0 13.5930907809 14.1373125463 15.0557128438 14.319076891 12.7746718991 11.8119468864 10.2804573283 10.9465774438 9.5254218896 8.89175766879 8.10864893635 7.9685004876 8.03798728554 6.4797159496 6.19038839158 7.38455382036 6.64729836504 6.25769717049 6.12798776537 5.25062344544 4.07967093335 4.7875095861 5.43407142173 5.15836029195 4.94584938843 4.46233957443 3.62064785851 3.62602384083 4.23063063634 3.66469422181 2.69305738952 2.8714785813 3.02608307717
-9999.0 -9999.0 -9999.0 -9999.0 -9999.0 -9999.0 -9999.0 -9999.0 -9999.0 -9999.0 -9999.0 -9999.0 -9999.0 -9999.0 -9999.0 -9999.0 -9999.0 -9999.0 -9999.0 -9999.0 -9999.0 -9999.0 -9999.0 14.6545912384 15.487001113 14.5283250817 12.3537173098 11.3703019233 10.0614265882 10.6344099569 9.56730335619 10.0396930814 9.17875257318 9.46121813177 7.41809090389 7.90671675018 7.78126990739 7.12823156858 5.3583546823 5.2182052348 4.1167129077 5.03192666815 5.82523626526 5.86896724579 5.20955769431 4.7986228407 3.16792403892 2.90686604605 2.75270972627 2.93120011859 2.39812813978 2.87370985567 3.06580350148 3.94316364653 2.21649801257
