data/recharge/transience/recharge609.asc
ncols                  80
nrows                 72
xllcorner      4374000.0
yllcorner      5656000.0
cellsize            500
NODATA_value       -9999
[rows 25 to 49 of 72, columns 0 to 55 of 80]
-9999 -9999 -9999 -9999 -9999 -9999 -9999 -9999 -9999 -9999 -9999 -9999 5.57864835198 5.35959394655 4.52245763861 4.41121563309 3.01969627439 3.0162772254 2.25948513713 2.81368404031 2.19123941708 2.15074776695 1.67204521511 0.85078985953 1.14895781323 1.87621190539 1.051632118 1.20778135085 0.955762878634 0.750789127734 0.554318765448 0.475331350988 0.413509402331 0.392080396041 0.195131430923 0.208946498181 0.234752319548 0.290338815398 0.155737973486 0.271633923674 0.245684606523 0.162401806607 0.331924637223 0.512378045645 0.525699046644 0.545570293704 0.59313541287 0.587028708121 0.603500353227 0.675193420395 0.616942975393 0.320379986589 0.126511385607 0.0877227821395 0.0812804919594 0.0955570585386
-9999 -9999 -9999 -9999 -9999 -9999 -9999 -9999 -9999 -9999 -9999 -9999 -9999 4.82730868271 5.08037841365 5.32509333576 4.22068208424 3.88451929893 2.91448580074 2.57264513818 2.31883929272 2.8224467972 2.75716695956 2.31646909463 1.83613009976 1.41061825264 1.30771483706 1.10274954307 0.946869306725 1.09347878639 0.755989372771 0.653133464193 0.593390640742 0.187208456099 0.183329863769 0.080435773375 0.192077968903 0.209143671783 0.329203568239 0.21284260558 0.168267696658 0.221787583509 0.103079678149 0.15475909131 0.188467503868 0.271874027136 0.456902994771 0.430148808839 0.211265660296 0.110987078608 0.0878156381563 0.0973974404272 0.107306780593 0.113661313325 0.173308068616 0.0592390935436
-9999 -9999 -9999 -9999 -9999 -9999 -9999 -9999 -9999 -9999 -9999 -9999 -9999 -9999 4.52971540784 4.60445838582 3.72469682732 3.35144431318 2.92173256349 3.19253105553 2.44680771071 3.13201118043 2.53970511383 2.1977039586 1.27377259407 1.2430965877 1.30211354218 1.70972983778 1.05690764777 0.815339361001 0.678222881463 0.885647928389 0.813576124858 0.371835398197 0.222868080721 0.127578349425 0.154918578291 0.230541550739 0.181363718203 0.122593793748 0.10540566577 0.138555703476 0.218139956737 0.132623989188 0.0893887518556 0.114584588475 0.0973140459443 0.155209067704 0.0950143493082 0.109959064254 0.107330322921 0.0709761312343 0.0624893957617 0.0876502194426 0.230172609694 0.398796775673
-9999 -9999 -9999 -9999 -9999 -9999 -9999 -9999 -9999 -9999 -9999 -9999 -9999 -9999 2.27590747087 4.13016355131 4.10358431471 3.84853729825 3.2278715476 3.45671682606 3.13063918203 3.3329405047 2.24447683343 3.20536691413 2.54345809345 2.63785245451 1.2371574408 1.39080098035 1.42426244789 1.50713989343 0.762316730718 0.386122978204 0.928929695332 1.43142813404 0.4886094083 0.139929813639 0.158205051102 0.108761046301 0.112097057396 0.0995368868767 0.143842928516 0.177106093189 0.179607435419 0.193398998935 0.150905138839 0.104648683321 0.0491002877065 0.0445094005279 0.104475778611 0.0791702322218 0.141673461301 0.180323661119 0.202223849187 0.104598255276 0.106756841179 0.167316119712
-9999 -9999 -9999 -9999 -9999 -9999 -9999 -9999 -9999 -9999 -9999 -9999 -9999 -9999 3.44234102089 3.99141429404 4.67283286116 4.30253062928 3.95818459894 3.8894064199 3.14425249373 3.41430629656 3.0998553761 2.67396977426 1.8746628704 1.6878190946 1.72846760665 1.74982164459 1.11230662843 1.31408379866 1.06483335835 1.01783234367 0.790657651344 0.882290620349 0.747933726 0.129867814323 0.127606744384 0.310390447824 0.112769354148 0.0907075538421 0.135437020938 0.18005751737 0.145526139335 0.153139357499 0.093205332112 0.109078070755 0.0809196876738 0.133951634192 0.41365206433 0.442205553468 0.225010323668 0.078516726205 0.148974810174 0.128720887239 0.074308147065 0.111011662044
-9999 -9999 -9999 -9999 -9999 -9999 -9999 -9999 -9999 -9999 -9999 -9999 -9999 -9999 7.67431876234 6.50553410467 6.09699307183 6.79286150584 6.24475789834 6.54599409675 3.90287510842 3.65548516529 3.15760352665 3.0053819341 1.89657285723 2.14952334683 1.59541054403 2.16900846776 1.32732557606 1.3833166331 1.20659360782 1.4171239336 1.07756803623 0.423283463671 0.1548449933 0.158533257865 0.103342400152 0.207860186719 0.0666208575129 0.101639369563 0.0784082706995 0.0603455135183 0.0867705923703 0.100604336641 0.0789511540584 0.0739743474835 0.170915057993 0.163143468346 0.668335775409 0.860359676853 0.423491977595 0.566135343091 0.221292919492 0.311195910892 0.280497724172 0.19927295
-9999 -9999 -9999 -9999 -9999 -9999 -9999 -9999 -9999 -9999 -9999 -9999 -9999 -9999 -9999 5.48245965065 5.13663268663 5.38747453549 6.6286265712 3.99797057183 2.93637688547 3.02072986592 3.06226500455 3.10219778637 1.87332710279 2.19705407584 1.55232616593 1.68329054424 1.40632136821 1.1580067507 0.90019594353 0.760255186019 0.532022352377 0.649170999745 0.184568473972 0.188477955205 0.137334529957 0.131364788914 0.104129065138 0.0800147000606 0.0393431193952 0.0539577973175 0.0169456291147 0.0277305250223 0.0559015810537 0.0328512268132 0.0240746041777 0.0288314423091 0.0621418602993 0.115662920937 0.100372197258 0.0834693741334 0.173376179359 0.479728331085 0.410656200486 0.397079648701
-9999 -9999 -9999 -9999 -9999 -9999 -9999 -9999 -9999 -9999 -9999 -9999 -9999 -9999 -9999 -9999 5.33729290494 4.73923197886 4.64477350639 5.96939620407 5.07253273545 4.85155532665 3.07540722067 2.41679638544 2.2159664355 1.99334508497 1.44356875301 1.22196796763 0.764534004156 1.41449820862 1.3449850074 1.18301528847 0.971336541965 0.570999181264 0.167949190588 0.209761878971 0.167974623303 0.200492743065 0.16288262981 0.203152525878 0.296289296687 0.263325314439 0.171884703786 0.0442513820604 0.0159442576503 0.0101190961458 0.00896957350249 0.0845619828385 0.0852208079107 0.0573572382592 0.100318367179 0.221366484952 0.131858325671 0.0947897664114 0.121534340486 0.0996454712829
-9999 -9999 -9999 -9999 -9999 -9999 -9999 -9999 -9999 -9999 -9999 -9999 -9999 -9999 -9999 -9999 5.61450342146 5.85387321031 5.92659684287 5.19949871319 3.88984783505 4.47709348092 3.51327373076 2.71718848688 2.13544728889 2.43425596219 1.61444298774 1.57429448461 1.03147745803 1.01324299816 0.518075244638 0.452389595065 0.503947761268 0.60061177203 0.330263468104 0.247325272667 0.328511100223 0.289033925319 0.157127281672 0.13032724719 0.127436300822 0.102538721604 0.15739884349 0.333046498858 0.130054677313 0.0498058835892 0.128892168437 0.0931273393373 0.0422286971541 0.078433423905 0.142891679862 0.15714411705 0.263916988042 0.301653210554 0.456236652206 0.222146835039
-9999 -9999 -9999 -9999 -9999 -9999 -9999 -9999 -9999 -9999 -9999 -9999 -9999 -9999 -9999 3.94326978089 4.02935983623 4.65394397014 5.26810262788 5.09482801458 4.21957894033 4.245424657 3.2031213362 2.80538919592 2.03604121669 2.24360715304 1.7183528618 1.80637987026 1.04149988215 1.52421170359 1.19241871777 1.24556511511 0.92751413881 0.609909294834 0.112231653204 0.147787132075 0.20966721887 0.320151465642 0.15181786746 0.0803745913838 0.109351674674 0.0649615383827 0.0533342953638 0.050826326462 0.0690187228673 0.0331461048691 0.0397768603372 0.0521245844909 0.0751749861609 0.141697862836 0.0955087874448 0.0646874647585 0.0783303702861 0.0938795941517 0.110691400226 0.11654391812
-9999 -9999 -9999 -9999 -9999 -9999 -9999 -9999 -9999 -9999 -9999 -9999 -9999 -9999 4.78043286433 4.44737395934 4.23451753428 4.39844121089 4.19063165224 4.6550592598 3.74680021407 4.27982601968 2.95964715273 3.11460841174 2.04880679142 1.90381152554 1.43803880576 1.64365796849 1.43609773156 1.43381607987 0.996346664328 1.03243564723 0.604252243499 0.545948805059 0.546052926204 0.609269574409 0.160746672621 0.113062068544 0.127585844707 0.144829355615 0.0909465131796 0.0289754624541 0.0251483714269 0.0310953107782 0.0183752355053 0.0139071288829 0.0193997081229 0.0811277001485 0.122918417288 0.0907741829777 0.0777187829718 0.0765239849286 0.0880727829128 0.0848593715079 0.0777431042185 0.086090946813
-9999 -9999 -9999 -9999 -9999 -9999 -9999 -9999 -9999 -9999 -9999 -9999 -9999 -9999 5.68853898268 6.11965521193 5.43764050714 4.37733662018 3.48999248743 3.270188171 3.23660109689 3.87216717341 3.0382876982 3.27099309964 2.16869556114 1.76558710757 1.29323134837 1.4466567458 1.18874727934 1.50106646517 1.25514823416 1.27628345258 1.22494903034 1.00398248309 0.509156537245 0.970099660851 0.580368505972 0.89979995622 0.234875872937 0.250381741535 0.445430704721 0.368597212795 0.0506371828032 0.0396672968762 0.0348609483883 0.0127944002397 0.0398912232539 0.316638591563 0.336237304718 0.348194399393 0.358103932029 0.349689460441 0.193861348698 0.150004697746 0.197718819135 0.181451782085
-9999 -9999 -9999 -9999 -9999 -9999 -9999 -9999 -9999 -9999 -9999 -9999 -9999 -9999 -9999 -9999 5.56290068041 6.61518332415 6.42227288111 6.28074145553 4.55091315419 3.47810973039 3.60003732524 3.62440608471 2.35347181136 2.17085375859 0.982819962546 1.08467272028 0.745715433287 1.25479270666 1.18356533709 1.22539999196 1.03497730439 0.769811015015 0.778822031327 0.792977652686 0.59141758092 0.227507582951 0.526221056895 0.620040653084 0.221830054138 0.155208536217 0.226264616397 0.116530337014 0.0178755766189 0.0249358223804 0.0230724440839 0.133653956 0.169779391534 0.162454839455 0.161359978808 0.171279618772 0.144124196811 0.111720250693 0.0637911266231 0.069994320858
-9999 -9999 -9999 -9999 -9999 -9999 -9999 -9999 -9999 -9999 -9999 -9999 -9999 -9999 -9999 -9999 7.58384951626 7.19576905796 6.72162451963 4.87294311098 4.75657316241 4.76605588168 2.82353526555 3.0767762192 2.80476569827 2.73519418478 1.88457769638 1.74364767978 1.38657005536 1.51101668564 1.63601856842 1.49098475163 0.98168348358 0.852907753321 0.438875800886 0.502606619409 0.508654951144 0.694614942777 0.299130193874 0.224768839853 0.33964837936 0.563248190336 0.236311719618 0.254874913695 0.192212634816 0.0200692877932 0.00795084023514 0.0178789124342 0.0804813380124 0.0621445078431 0.0471403286306 0.0483406324884 0.0379251843057 0.0464084169865 0.0468139499172 0.0473736086603
-9999 -9999 -9999 -9999 -9999 -9999 -9999 -9999 -9999 -9999 -9999 -9999 -9999 -9999 -9999 -9999 -9999 -9999 6.82705010255 5.57670062342 3.98452032808 4.68127721054 3.90513480025 3.74816874585 2.59405063449 2.46429071713 1.60869285054 1.72145828251 1.38128869715 1.3668698122 0.84114180597 0.676460013531 0.570277383861 0.715643501652 0.424031766921 0.643490321247 0.590067845236 0.32464968543 0.264063387522 0.434377825459 0.241447243414 0.189993487041 0.156261804145 0.154183788969 0.140154736723 0.0929454563825 0.0111508302918 0.0109184018329 0.025251717674 0.0381788550414 0.056008072664 0.1423351164 0.039052580452 0.0406199499151 0.0524339998924 0.0581047227596
-9999 -9999 -9999 -9999 -9999 -9999 -9999 -9999 -9999 -9999 -9999 -9999 -9999 -9999 -9999 -9999 -9999 -9999 -9999 4.57031325528 4.1934014347 4.62628180863 3.88186061867 4.87733594263 3.09694453704 2.87699824197 1.86784018311 1.63065016596 0.923752692798 0.86297526613 0.783395611674 0.656441292644 0.346707713643 0.485795346728 0.260585687093 0.187709777375 0.158524092147 0.321090103808 0.273283831962 0.356633582332 0.207072948875 0.172813020885 0.122480895725 0.183583174277 0.166055643422 0.217230016245 0.0644990520791 0.00963326136951 0.00747903555782 0.0207295301531 0.0240915947697 0.0428262192033 0.0376689398075 0.0371243224882 0.0501178290124 0.0469530548015
-9999 -9999 -9999 -9999 -9999 -9999 -9999 -9999 -9999 -9999 -9999 -9999 -9999 -9999 -9999 -9999 -9999 -9999 6.20745754986 6.86893369463 6.50933077062 6.29908753529 4.27057579459 3.7559854025 2.98075612412 2.96425506413 2.13720261779 1.95704030982 1.19248705636 1.0359135835 0.450466787291 0.349414539671 0.417034807693 0.486932377256 0.30932665473 0.442822286406 0.627667528712 0.55896781742 0.448062480964 0.422571479723 0.412754297475 0.206365369092 0.121681736221 0.104568559378 0.124859747272 0.0945506176078 0.145985396132 0.117203472215 0.0360880814731 0.0110472439695 0.0196082744606 0.181172896611 0.148680683573 0.162375036417 0.0643763969922 0.0648807473682
-9999 -9999 -9999 -9999 -9999 -9999 -9999 -9999 -9999 -9999 -9999 -9999 -9999 -9999 -9999 -9999 -9999 -9999 -9999 8.08931478389 7.30267377716 6.87185570623 4.50255935745 3.90393670434 3.41841636065 3.34730020827 1.92678549286 2.31016950153 1.42318974081 1.88987269485 1.09205156031 1.08443870615 0.951066567449 0.564398266441 0.4531428232 0.291713801483 0.135844296594 0.106003175058 0.081900249685 0.0818593988986 0.113258759708 0.232615983968 0.178101499525 0.147319433415 0.199346402283 0.483716763208 0.315704280071 0.170193815354 0.0586540763244 0.0189236024484 0.00487400448858 0.0041898020296 0.0454526035052 0.104158293704 0.157038600192 0.0212148665742
-9999 -9999 -9999 -9999 -9999 -9999 -9999 -9999 -9999 -9999 -9999 -9999 -9999 -9999 -9999 -9999 -9999 -9999 -9999 -9999 5.8634422134 6.57502277401 4.5902299265 3.99740772193 2.67259228575 3.17285961916 1.97076905263 2.44159920727 2.3225806738 1.98637556281 1.31362957486 1.22419619989 0.493419263819 0.679067246312 0.359888357194 0.338227934017 0.326142715784 0.458879449188 0.400943866776 0.356314695577 0.232896661828 0.401755046819 0.405867333894 0.312771008054 0.525834350733 0.400194260648 0.293715831279 0.36859136267 0.261737997666 0.104962864232 0.0474914034128 0.0205661048692 0.00720742207478 0.0041595352061 0.0342204458701 0.010500930003
-9999 -9999 -9999 -9999 -9999 -9999 -9999 -9999 -9999 -9999 -9999 -9999 -9999 -9999 -9999 -9999 -9999 -9999 -9999 -9999 -9999 6.03190787164 4.91695130298 4.91298279336 2.4822463608 2.18199480978 1.87441317248 2.55442877775 1.7710967121 1.42694055438 1.78537816621 1.42501503621 0.693456252562 0.489259402693 0.8475732272 0.871500451384 0.591593466291 0.343087386135 0.269324606756 0.303226041653 0.535718741631 0.598571855439 0.712196175156 0.34132898482 0.242788855991 0.142176614669 0.225598621295 0.273655023268 0.277893628845 0.358254113386 0.418591725324 0.194313724583 0.0834511823611 0.0171860525212 0.00402919793243 0.00552320358323
-9999 -9999 -9999 -9999 -9999 -9999 -9999 -9999 -9999 -9999 -9999 -9999 -9999 -9999 -9999 -9999 -9999 -9999 -9999 -9999 -9999 4.84386973908 4.10994346639 4.13009518886 3.27093793046 3.71817860468 2.49154648319 2.31420053503 1.6143143877 1.87558551348 0.713715594636 1.33537830317 0.891037047054 0.755555174746 0.293208857552 0.487949275859 0.365639751586 0.357078185667 0.277162401559 0.484172088284 0.54971406991 0.501978864666 0.301399733266 0.279151229028 0.430689860226 0.387274828472 0.342800199366 0.325053460828 0.166556490945 0.120386957393 0.147565213119 0.0792502726257 0.031678160413 0.0104679195154 0.00797946254025 0.0044741609138
-9999 -9999 -9999 -9999 -9999 -9999 -9999 -9999 -9999 -9999 -9999 -9999 -9999 -9999 -9999 -9999 -9999 -9999 -9999 -9999 -9999 -9999 4.29044142466 5.23035136374 3.5472230483 3.24731415881 2.17769185013 2.40181997039 1.54081837083 1.55508783029 1.3079458328 1.43803803912 0.85502320862 0.897451078676 1.04670830513 0.646435539329 0.641947608015 0.542530115318 0.459948286259 0.498648327447 0.548450947305 0.237124342427 0.2925801961 0.493372848908 0.172771971125 0.142142199015 0.106812016425 0.157455018306 0.275555722795 0.206495453511 0.0898059406127 0.0970955160215 0.0541576862727 0.0160817587778 0.00479084678834 0.00403028765211
-9999 -9999 -9999 -9999 -9999 -9999 -9999 -9999 -9999 -9999 -9999 -9999 -9999 -9999 -9999 -9999 -9999 -9999 -9999 -9999 -9999 -9999 4.5422694114 4.344321978 3.31193446579 3.81698593428 2.52217480006 2.00675204818 1.75074528584 1.84614507057 1.32982969875 1.39734204945 1.22205405564 1.11091938521 0.674514317093 1.14393558596 0.59548429502 0.523350568897 0.717816015031 0.69076888657 0.30965802442 0.571776764023 0.30463596486 0.189949123604 0.160841636051 0.236996482893 0.380817419562 0.394838081224 0.147904683646 0.1320804971 0.0600418186542 0.0599500052966 0.0105703009374 0.0436270583477 0.014985787678 0.0123426730772
-9999 -9999 -9999 -9999 -9999 -9999 -9999 -9999 -9999 -9999 -9999 -9999 -9999 -9999 -9999 -9999 -9999 -9999 -9999 -9999 -9999 -9999 4.26414386785 4.85266434381 4.14795337432 3.70528043167 2.49524105416 2.83727884272 1.8895256926 2.25075664798 1.45590940687 1.17441390458 0.884153694182 1.0293193181 1.15262797931 0.578207472521 0.544833565671 0.951537396754 0.721790990044 0.593782583684 0.618224431635 0.385465610331 0.202595890128 0.324628822366 0.50927138274 0.431399356326 0.410321367374 0.308452385306 0.202498084812 0.20309594394 0.338730427126 0.235553491862 0.033732211432 0.0352808478332 0.0490431553463 0.0600145951063
-9999 -9999 -9999 -9999 -9999 -9999 -9999 -9999 -9999 -9999 -9999 -9999 -9999 -9999 -9999 -9999 -9999 -9999 -9999 -9999 -9999 -9999 -9999 5.27984028014 4.61901365964 3.87022003836 2.22926848687 2.62574784528 1.81719252606 2.07221065497 1.48216960002 1.70643543664 1.31286863078 1.61395427066 0.893877090124 1.09263709131 1.12377847442 0.853496667828 0.364435383489 0.232265324571 0.186698784909 0.339174211993 0.565494584276 0.593199464809 0.446806989164 0.350376728813 0.126797728874 0.107575833424 0.108018738829 0.123403274037 0.0909298542813 0.132554179789 0.150267085699 0.113467959941 0.0232283413743 0.0162179547026
