data/recharge/transience/recharge595.asc
ncols                  80
nrows                 72
xllcorner      4374000.0
yllcorner      5656000.0
cellsize            500
NODATA_value       -9999
[rows 25 to 49 of 72, columns 0 to 55 of 80]
-9999 -9999 -9999 -9999 -9999 -9999 -9999 -9999 -9999 -9999 -9999 -9999 9.19353976212 8.7397074248 7.32230494827 7.45902653022 5.16709235037 5.1237662747 4.15307746835 5.00861242124 3.99302971326 3.7100508291 2.99119380949 2.04760475337 2.5333197897 3.57998325619 2.67499641893 2.76894023915 2.10322033015 1.74228567305 1.39085469585 1.24469071721 1.07815042658 1.12747932822 1.04773644536 1.17601733516 1.41172192907 1.08069378799 0.633803191976 0.714576526688 0.559243560977 0.402192896102 0.575542238402 0.747264367297 0.653739509074 0.68174873428 0.639877042051 0.632502608447 0.597770564808 0.68434897952 0.627059532682 0.392514706688 0.18132748624 0.131064127966 0.14887852265 0.142978628469
-9999 -9999 -9999 -9999 -9999 -9999 -9999 -9999 -9999 -9999 -9999 -9999 -9999 7.2678678062 7.64753604224 8.01461852435 6.64613851491 6.28517423797 4.722293169 4.1779070826 3.74000267624 4.33971763832 4.18003708624 3.51476146598 3.17407506678 2.62615148923 2.34664128442 2.03161239832 1.78243659794 2.01489104213 1.50760328605 1.34957283552 1.14748234878 0.724491541286 0.830646779688 0.387242903477 0.958506261527 0.759478244556 0.80756601783 0.510417593083 0.386491966246 0.500964644983 0.241607819139 0.325557215242 0.310330520886 0.396060516718 0.470773894442 0.436779976124 0.240494879592 0.145576838542 0.122891368704 0.137987089546 0.153152802727 0.160770109415 0.360256215985 0.101888976757
-9999 -9999 -9999 -9999 -9999 -9999 -9999 -9999 -9999 -9999 -9999 -9999 -9999 -9999 7.11054974956 7.30051167685 5.88478994909 5.42273383146 4.75834953129 5.19525009181 3.96079170231 4.92444369195 3.84539773684 3.46678448916 2.32555389372 2.2263788277 2.33183911526 3.03044594694 1.98366246264 1.57444768175 1.50453838515 2.12077454415 1.61133255649 1.25700538775 0.838328702029 0.614552064823 0.693888074981 0.675945714278 0.534776786533 0.382067344524 0.311412498123 0.39755652312 0.450853148959 0.299747652317 0.179486524005 0.224817981206 0.192758317739 0.25727665836 0.165653732779 0.179744323486 0.151070072479 0.102267755779 0.0922745651946 0.139842528366 0.492338535428 0.787513762999
-9999 -9999 -9999 -9999 -9999 -9999 -9999 -9999 -9999 -9999 -9999 -9999 -9999 -9999 3.11481525195 5.43829904582 5.77379999009 5.5659743422 4.59566519718 4.93111847654 4.42498766768 4.55369428464 3.14833820574 4.42075177019 3.58949145745 3.67465523531 1.84528435495 1.87640939813 1.96786609469 2.16236014396 1.52117982809 0.852135973745 1.48946545136 3.3541640457 1.54418594509 0.956337740036 0.740944542702 0.38532455857 0.336395775702 0.302495598402 0.319623485152 0.381404486616 0.347811412499 0.387331869256 0.281148345869 0.203550216753 0.083066721864 0.08507331649 0.144941061638 0.122637031242 0.194726085398 0.241734876823 0.26987826036 0.170071846244 0.191689363612 0.282645259431
-9999 -9999 -9999 -9999 -9999 -9999 -9999 -9999 -9999 -9999 -9999 -9999 -9999 -9999 4.22585316228 5.65435674565 6.3908464372 6.19452560764 5.58638456399 5.47294323155 4.34377954696 4.74665604307 4.31108618539 3.74882552539 2.68989526297 2.34353407596 2.3448958963 2.29085763445 1.54004913174 1.81760684692 1.59156450967 1.52126161823 1.2793189484 2.61978352183 3.85837119012 1.01699102941 1.14077114308 2.41434709775 0.573047418154 0.271081900796 0.306043015346 0.387612910886 0.290280353745 0.303278998608 0.18010585634 0.211383193501 0.134399485438 0.215162658264 0.489679032258 0.555822910855 0.360763375435 0.170093512592 0.305324200332 0.279984448989 0.186611628732 0.226518417041
-9999 -9999 -9999 -9999 -9999 -9999 -9999 -9999 -9999 -9999 -9999 -9999 -9999 -9999 10.1245625736 8.67938738936 7.86355028829 8.50212280831 7.26505247507 7.40149442481 4.77368311361 4.4148844118 3.57919645449 3.60963735896 2.45766195538 2.6968510256 1.96553666158 2.44899139035 2.01830625138 1.63473215217 1.57402931612 1.8426872834 1.5156170962 0.99086031181 1.00894875992 1.02539411913 0.808970037098 1.67228186534 0.585327450306 0.841727162168 0.286014183944 0.22404656778 0.18825269975 0.215532186201 0.151413133593 0.149501019686 0.288390985064 0.333203908374 0.834958041036 1.03486369294 0.582330535629 0.709791175111 0.355580684456 0.407999037922 0.344374407641 0.255732698917
-9999 -9999 -9999 -9999 -9999 -9999 -9999 -9999 -9999 -9999 -9999 -9999 -9999 -9999 -9999 7.11836003137 6.41719167662 6.88042101745 7.34249026709 5.14319368171 3.52272630133 3.69328997786 3.65727782516 3.68880419591 2.42947397833 2.63228381283 1.87607573017 2.06353486204 2.07873037175 1.68311985205 1.16505998586 1.12557058327 1.01575756292 2.00656539909 1.13521115891 1.15102484985 0.985950555073 0.956633058286 0.839303645999 0.430630236339 0.16012190728 0.204998219603 0.0808587015777 0.0947002173768 0.12604190458 0.0979616177335 0.0904144994458 0.108668778095 0.141978567256 0.189219582042 0.137398036485 0.115539350166 0.227861770229 0.535006198516 0.470545065266 0.458180347795
-9999 -9999 -9999 -9999 -9999 -9999 -9999 -9999 -9999 -9999 -9999 -9999 -9999 -9999 -9999 -9999 6.13770134272 5.53986117976 5.21057941866 7.06254479318 5.84683668083 5.45792801302 3.3847493923 2.7728981165 2.53091279556 2.24451251693 1.65862665866 1.46063288965 1.09230113715 1.97881976474 2.14044584405 1.77862953417 1.99043937635 1.28924026656 0.952174554044 1.10727880671 1.02070472363 1.14732306359 1.05479927677 1.35074120315 0.918928968414 0.813925689035 0.545054706646 0.211907313602 0.0833178037533 0.0512275857526 0.0364477505499 0.179972942019 0.136882835818 0.0936333373302 0.147388565736 0.299060488983 0.17931300139 0.131849700064 0.162401607852 0.134991471701
-9999 -9999 -9999 -9999 -9999 -9999 -9999 -9999 -9999 -9999 -9999 -9999 -9999 -9999 -9999 -9999 6.93894745707 7.24701149981 7.08687239337 6.17191618669 4.25252356572 4.80109880855 3.6427237102 3.04686652134 2.38420641856 2.72626189364 1.84638952986 1.8010084445 1.49438366245 1.44348853405 0.835486651531 0.762506851772 0.912501253568 0.954949591316 1.41354176167 1.1153611676 1.45296205824 1.27908876627 1.02992832502 0.938857144623 0.423983911669 0.339174114283 0.430071952436 0.762965343385 0.37613845338 0.206985397576 0.309099072369 0.197269831382 0.0815659874653 0.12665887362 0.203806007011 0.221727701911 0.330525327359 0.370335565094 0.51197125095 0.280593518208
-9999 -9999 -9999 -9999 -9999 -9999 -9999 -9999 -9999 -9999 -9999 -9999 -9999 -9999 -9999 4.33360102292 4.28067638534 5.34463048437 5.65628233905 5.43226052256 4.39586287842 4.29357202281 3.22155303046 2.84803846858 2.09962431812 2.32716400123 1.84720402765 1.91395111672 1.21080463693 1.54401793989 1.32707637912 1.3902603463 1.32488608318 0.778557699593 0.282653184017 0.382050124892 0.53659425522 1.54031484219 1.1595734651 0.61435884606 0.315199865363 0.255977586802 0.209117893184 0.202758503482 0.243675986248 0.148560918362 0.1030007902 0.126320715848 0.149263899205 0.233822761571 0.150039774425 0.103689356349 0.115953314862 0.137667087705 0.154279525225 0.161901517313
-9999 -9999 -9999 -9999 -9999 -9999 -9999 -9999 -9999 -9999 -9999 -9999 -9999 -9999 5.35127590049 4.98157922384 4.53469301032 5.22375167749 4.81961510998 4.87998730724 3.83770928038 4.46908353643 3.05026892828 3.22484400591 2.11144568546 1.95595202733 1.53226139753 1.65800908486 1.43852231059 1.43637459864 1.09389670988 1.13789968069 0.778803721141 0.849678642226 1.04687819591 1.23489970387 0.38275188122 0.281459380386 0.35635967886 0.404522743849 0.279691854821 0.150379627097 0.121842780361 0.143699141308 0.0908276156458 0.0692866749768 0.0882150117182 0.212778396645 0.220053019588 0.155872556564 0.123788089133 0.12196364203 0.129626744204 0.125031859019 0.110552761261 0.121832760537
-9999 -9999 -9999 -9999 -9999 -9999 -9999 -9999 -9999 -9999 -9999 -9999 -9999 -9999 5.88673990673 6.56967437798 5.56412315181 4.83167426225 3.71195234138 3.54930976601 3.04842685231 3.7074704946 2.89203045187 3.14269696887 2.14180055337 1.73982924657 1.46842405852 1.58712551289 1.28657758122 1.475175028 1.33354430342 1.49130292142 1.4532931861 1.21470393422 0.735000493615 1.32794285342 0.974079459552 1.38431776969 0.530140750486 0.554014652583 0.839986329564 0.731711163495 0.201965216834 0.171074837309 0.152233471811 0.0620212922929 0.158986120772 0.609564843294 0.488837161577 0.488740316275 0.472877786326 0.464467856479 0.279279218978 0.222834625245 0.279662742218 0.259708881312
-9999 -9999 -9999 -9999 -9999 -9999 -9999 -9999 -9999 -9999 -9999 -9999 -9999 -9999 -9999 -9999 5.72318280867 7.29120890948 6.91990553626 6.75558012832 4.87537581405 3.40038132242 3.5050459579 3.53183464066 2.33898054194 2.40509186405 1.11224518777 1.2254318464 0.89862754629 1.38606929865 1.38326815991 1.42598109263 1.25036505687 0.95334167242 1.0216017196 1.03836237887 0.954258866486 0.494681345575 0.932950212224 1.02353485187 0.445661832166 0.367393760979 0.529198787212 0.317849501136 0.086946605875 0.11686369596 0.102149199071 0.293237926744 0.282673911483 0.260338132635 0.242703078576 0.255608127113 0.214685828366 0.16948593868 0.0987735168109 0.107800686543
-9999 -9999 -9999 -9999 -9999 -9999 -9999 -9999 -9999 -9999 -9999 -9999 -9999 -9999 -9999 -9999 7.89651941275 7.43490369974 6.83980477349 4.82706635739 4.7381537856 4.80594234777 2.53818686624 2.76808453897 2.65449876925 2.89859287771 2.03695488757 1.88824185534 1.54892740167 1.62737913543 1.87218143618 1.70139143947 1.17149543165 1.00262980513 0.579723821776 0.65405249129 0.684526268015 0.902469213615 0.441515242415 0.344346834765 0.494663211898 0.758916098896 0.373870924012 0.418980926516 0.430145978453 0.0921824168906 0.0315973406222 0.0639176436498 0.164528937932 0.110094489633 0.0808629536001 0.0828760155182 0.06581487906 0.0805935232673 0.0819691195994 0.0828375546124
-9999 -9999 -9999 -9999 -9999 -9999 -9999 -9999 -9999 -9999 -9999 -9999 -9999 -9999 -9999 -9999 -9999 -9999 6.95991446016 5.57337050936 3.94812450712 4.66008484697 4.07869994424 3.47838105795 2.43339632412 2.44915577153 1.74646404183 1.87587585088 1.50442266412 1.46136813424 0.943866388065 0.75765332271 0.691762233523 0.857477876829 0.562108394408 0.816641445184 0.780259764423 0.463524157764 0.400538099351 0.600461606809 0.371802614386 0.305158384593 0.256788434871 0.25384955647 0.238689985036 0.200851438771 0.0453806773715 0.0469092788495 0.0827216189489 0.0741904159817 0.119747324685 0.231803464828 0.067931810849 0.0707656108644 0.0916842894678 0.101117851953
-9999 -9999 -9999 -9999 -9999 -9999 -9999 -9999 -9999 -9999 -9999 -9999 -9999 -9999 -9999 -9999 -9999 -9999 -9999 4.25555504569 3.95610847382 4.3874606466 3.75835575901 4.43691129383 2.7985742025 2.54557512663 1.75104388322 1.64615016103 0.941072199321 0.875850251246 0.868541987849 0.697686376836 0.466272136428 0.586123961522 0.368655496152 0.288307771435 0.257283093959 0.461803089043 0.409681123268 0.503200391287 0.321043827733 0.276424682939 0.204828922819 0.290575663351 0.283547861065 0.333542164646 0.145740481194 0.0391521413742 0.0274096603241 0.0812268385564 0.0635240360184 0.0837969591976 0.0690185343078 0.0679910893063 0.0917694647574 0.0860723518389
-9999 -9999 -9999 -9999 -9999 -9999 -9999 -9999 -9999 -9999 -9999 -9999 -9999 -9999 -9999 -9999 -9999 -9999 5.96200773667 6.69542321595 6.39029718501 6.15687544836 4.1091673598 3.22483093397 2.67852595834 2.63439926796 1.92207447571 1.87437395206 1.2360558844 1.06315945962 0.485138795087 0.627871977761 0.50308772921 0.61703039678 0.460110098154 0.621174773678 0.833046408328 0.760465445927 0.652680148005 0.611751267011 0.574243602213 0.320276738934 0.22077259513 0.183568087349 0.259941180905 0.17576317585 0.265594651865 0.301811030024 0.144064764077 0.0448693949819 0.0843454994922 0.388775988787 0.311371642809 0.290717028066 0.137888249637 0.11764903636
-9999 -9999 -9999 -9999 -9999 -9999 -9999 -9999 -9999 -9999 -9999 -9999 -9999 -9999 -9999 -9999 -9999 -9999 -9999 7.85542460718 7.06406132692 6.57651583753 4.22001856677 3.33705773416 3.01437116595 2.94084529626 1.77704851931 2.0528398343 1.40531215659 1.91598571063 1.2590888689 1.21898612122 1.16531510718 0.70545727204 0.594424596203 0.395256705628 0.224828491258 0.178482200976 0.143901121372 0.143919038879 0.192834154856 0.348251751373 0.274026153552 0.25110708675 0.30122481658 0.623519984406 0.439566480494 0.276776381188 0.18703477673 0.082141189433 0.0159095321723 0.0208686197756 0.11012523585 0.489869903992 0.311795452891 0.0494900540945
-9999 -9999 -9999 -9999 -9999 -9999 -9999 -9999 -9999 -9999 -9999 -9999 -9999 -9999 -9999 -9999 -9999 -9999 -9999 -9999 5.47959274926 6.24582652431 4.30816097345 3.79631021211 2.26438005343 2.76268191991 1.79385699376 2.17859288248 2.18273832727 1.83011730245 1.27699235503 1.17924483691 0.686591592335 0.818329512409 0.457599610444 0.467670887273 0.470918368737 0.619669333817 0.566658302879 0.505634590213 0.353509975533 0.556301975231 0.552939792807 0.444017253502 0.677435160966 0.537406366723 0.413646426258 0.500719781844 0.392875664545 0.261582464661 0.173677188487 0.0876390200206 0.0241909947447 0.020044867701 0.0990064002956 0.0449174771938
-9999 -9999 -9999 -9999 -9999 -9999 -9999 -9999 -9999 -9999 -9999 -9999 -9999 -9999 -9999 -9999 -9999 -9999 -9999 -9999 -9999 5.53731829053 4.53978815801 4.55751564364 2.07773636068 1.78931162096 1.6374049301 2.2296463627 1.55566210835 1.35311558696 2.23628468963 1.51397247513 0.87167131097 0.537222341225 0.9755827938 1.04652172316 0.746661808529 0.488121065157 0.392039398426 0.422416417708 0.686501082689 0.755685314853 0.864191970455 0.45791243633 0.34410277547 0.220290969561 0.324862291493 0.379731502115 0.389370572099 0.517424197762 1.03479794282 0.304693977742 0.17603546623 0.0643733308631 0.0127416421278 0.0183480480459
-9999 -9999 -9999 -9999 -9999 -9999 -9999 -9999 -9999 -9999 -9999 -9999 -9999 -9999 -9999 -9999 -9999 -9999 -9999 -9999 -9999 4.32294064345 3.73827413113 3.75720236175 3.03806845345 3.33175715361 2.27781535591 2.31710268622 1.59187552661 1.74325198859 0.89891526012 1.35447466176 1.12013058292 0.897350343117 0.407864847124 0.612530354986 0.491460899314 0.545285032663 0.452966544198 0.646170985135 0.701486844195 0.648887767887 0.418940387293 0.389407963988 0.553721932905 0.506313593998 0.456880571064 0.437174982321 0.266739567275 0.219396774577 0.514933929225 0.307490746965 0.0853603426417 0.0306194942359 0.0290496504834 0.0143556256107
-9999 -9999 -9999 -9999 -9999 -9999 -9999 -9999 -9999 -9999 -9999 -9999 -9999 -9999 -9999 -9999 -9999 -9999 -9999 -9999 -9999 -9999 3.87023970317 4.82102519951 3.20285599365 2.70830616186 1.92653587426 2.37616273919 1.5967293212 1.57362266866 1.39339914622 1.54229239156 1.01768852955 1.03355077908 1.21756212782 0.785434511478 0.818832665944 0.718935212843 0.66533637316 0.650800332071 0.682163228867 0.337806989424 0.401769288567 0.619959899616 0.260408408549 0.218503900454 0.181294348049 0.266029975372 0.410470542937 0.30484638874 0.23045506769 0.182277316201 0.19845310388 0.0713124080023 0.0155215185507 0.0127090683442
-9999 -9999 -9999 -9999 -9999 -9999 -9999 -9999 -9999 -9999 -9999 -9999 -9999 -9999 -9999 -9999 -9999 -9999 -9999 -9999 -9999 -9999 4.11999116838 3.92317673797 2.94995246082 3.28732472246 2.29422406005 1.99208264884 1.79612782116 1.90379682081 1.45882357135 1.53551023251 1.42049280703 1.24356209615 0.815883194355 1.31774820735 0.743898223918 0.679861398988 0.894973988438 0.845730679771 0.422856616155 0.707392323189 0.41517262611 0.280680602905 0.248705405205 0.336894166801 0.512430576146 0.513012517066 0.230338228792 0.207495139312 0.118911769396 0.155490020663 0.0429393564671 0.172397114236 0.0650779768909 0.0513641103427
-9999 -9999 -9999 -9999 -9999 -9999 -9999 -9999 -9999 -9999 -9999 -9999 -9999 -9999 -9999 -9999 -9999 -9999 -9999 -9999 -9999 -9999 3.79388541798 4.38078598721 3.7701152981 3.08510451502 2.28458164276 2.73076150711 1.96554379691 2.33565949048 1.61427907577 1.29457308497 1.04097833279 1.17420791429 1.31287923373 0.706455619212 0.678654813891 1.11261609345 0.860116747324 0.724693962853 0.754086464968 0.505714409206 0.299356584757 0.44065891664 0.631879332399 0.547254325621 0.519995674194 0.411716332047 0.298257299988 0.29903080583 0.450007436278 0.337832054993 0.124588303414 0.143848943846 0.185078479262 0.211657200349
-9999 -9999 -9999 -9999 -9999 -9999 -9999 -9999 -9999 -9999 -9999 -9999 -9999 -9999 -9999 -9999 -9999 -9999 -9999 -9999 -9999 -9999 -9999 4.81981939937 4.2593825276 3.25365891552 2.04612542344 2.54338509469 1.90883670028 2.14111496189 1.64327469794 1.90137745876 1.53762947257 1.83208303624 1.04357904238 1.25134068633 1.28903947754 1.00956383012 0.478123768918 0.346259353502 0.273956935569 0.454674102283 0.703614095306 0.729508419167 0.567517784826 0.464636944785 0.197316252841 0.167446224242 0.171855904443 0.195153362868 0.147056810137 0.210953239546 0.245474445675 0.284694049684 0.0938796899612 0.0459445852373
