data/recharge/transience/recharge327.asc
ncols                  80
nrows                 72
xllcorner      4374000.0
yllcorner      5656000.0
cellsize            500
NODATA_value       -9999
[rows 0 to 25 of 72, columns 0 to 56 of 80]
-9999 -9999 -9999 -9999 -9999 -9999 -9999 -9999 -9999 -9999 -9999 -9999 12.9230124404 13.0809198032 -9999 -9999 -9999 -9999 -9999 -9999 -9999 -9999 -9999 -9999 -9999 -9999 -9999 -9999 -9999 -9999 -9999 -9999 -9999 -9999 -9999 -9999 -9999 -9999 -9999 -9999 -9999 -9999 -9999 -9999 -9999 -9999 -9999 -9999 -9999 -9999 -9999 -9999 -9999 -9999 -9999 -9999 -9999
-9999 -9999 -9999 -9999 -9999 -9999 -9999 -9999 -9999 -9999 -9999 -9999 14.8140091497 13.7768072974 13.0590038972 -9999 12.8264194315 -9999 -9999 -9999 -9999 -9999 -9999 -9999 -9999 -9999 -9999 -9999 -9999 -9999 -9999 -9999 -9999 -9999 -9999 -9999 -9999 -9999 -9999 -9999 -9999 -9999 -9999 -9999 -9999 -9999 -9999 -9999 -9999 -9999 -9999 -9999 -9999 -9999 -9999 -9999 -9999
-9999 -9999 -9999 -9999 -9999 -9999 -9999 -9999 -9999 -9999 13.4558814094 13.1046774227 13.9027131192 14.0330543738 12.0288126307 11.9479056329 11.3341659927 11.4700539833 -9999 -9999 -9999 -9999 -9999 -9999 -9999 -9999 -9999 -9999 -9999 -9999 -9999 -9999 -9999 -9999 -9999 -9999 -9999 -9999 -9999 -9999 -9999 -9999 -9999 -9999 -9999 -9999 -9999 -9999 -9999 -9999 -9999 -9999 -9999 -9999 -9999 -9999 -9999
-9999 -9999 -9999 -9999 -9999 -9999 -9999 -9999 -9999 13.2222575092 13.3802823638 13.3528962677 13.0640284048 13.322141152 12.5783082227 12.2559244213 11.8727828087 12.6076134364 -9999 12.9946592347 -9999 -9999 -9999 -9999 12.1278627189 12.621172329 -9999 -9999 -9999 -9999 -9999 -9999 -9999 -9999 -9999 -9999 -9999 -9999 -9999 -9999 -9999 -9999 -9999 -9999 -9999 -9999 -9999 -9999 -9999 -9999 -9999 -9999 -9999 -9999 -9999 -9999 -9999
-9999 -9999 -9999 -9999 -9999 -9999 -9999 -9999 14.8487910304 14.0623037968 12.8691818599 12.9517924685 12.4354522819 12.0528394325 11.6999438575 11.4711394031 11.16693351 11.0658911723 11.1694480904 11.4994970448 11.2071584649 11.4873243679 -9999 11.5450154625 12.8496831121 12.9240423123 -9999 -9999 -9999 -9999 -9999 -9999 -9999 -9999 -9999 -9999 -9999 -9999 -9999 -9999 -9999 -9999 -9999 -9999 -9999 -9999 -9999 -9999 -9999 -9999 -9999 -9999 -9999 -9999 -9999 -9999 -9999
-9999 -9999 -9999 -9999 -9999 -9999 14.7329789819 13.7005373158 13.2572614912 13.5046211818 13.5578893273 13.9252944651 12.9757204607 12.69362459 11.6239255327 11.9922533907 11.2094851238 11.0231430198 11.4320043171 11.4265585159 11.0619913001 11.3368896207 11.6316815616 11.6460037625 12.4530471408 12.3091070711 12.766597544 -9999 -9999 -9999 -9999 -9999 -9999 -9999 -9999 -9999 -9999 -9999 -9999 -9999 -9999 -9999 -9999 -9999 -9999 -9999 -9999 -9999 -9999 -9999 -9999 -9999 -9999 -9999 -9999 -9999 -9999
-9999 -9999 -9999 -9999 -9999 -9999 14.9642566768 14.3857372808 12.778487292 12.5812143536 12.0697448415 12.5361726983 11.8371318634 11.2798367216 10.599846321 10.3432564416 10.1282149455 7.30666888918 10.0168148593 9.82724466826 10.1674593774 10.8341344462 10.857986701 11.0355498791 11.489610032 11.2167390026 12.6286155413 12.6204871601 12.7618628315 12.479179147 13.0960182533 13.0476616041 -9999 -9999 -9999 -9999 -9999 -9999 -9999 -9999 -9999 -9999 -9999 -9999 -9999 -9999 -9999 -9999 -9999 -9999 -9999 -9999 -9999 -9999 -9999 -9999 -9999
-9999 -9999 -9999 -9999 -9999 16.3399407081 15.1693745234 15.0994988626 14.1559791797 14.2866654101 13.588182556 13.0617664919 11.4774532294 11.2176640559 11.1717245029 11.2943068005 7.14518092738 3.29606239363 7.13868259697 9.90896658742 10.1960345081 10.0295370745 10.5953431753 10.7467849176 11.5542079005 11.7787847607 12.5346439371 12.1212384043 12.5419202616 12.4274685924 12.0070862263 12.2732619618 11.5408662289 11.362556457 -9999 -9999 -9999 -9999 -9999 -9999 -9999 -9999 -9999 -9999 -9999 -9999 -9999 -9999 -9999 -9999 -9999 -9999 -9999 -9999 -9999 -9999 -9999
-9999 -9999 -9999 -9999 -9999 16.665668948 15.7312166858 15.7749402224 14.5305949245 14.1263422832 13.5569015149 13.8754595692 7.85133465423 6.1563921839 12.5058340135 12.6245681695 8.29548755976 2.69260054562 5.33565459392 7.30957833667 9.79555359988 9.89373314464 10.8336025708 10.6567703912 10.6663775966 10.1719894474 11.3322562221 10.892708565 11.1355155782 10.3728308514 9.76796692369 10.5547567576 11.1912002624 10.9870921952 10.876440749 10.7618330966 -9999 -9999 -9999 -9999 10.2883777048 9.89298558758 -9999 -9999 -9999 -9999 -9999 -9999 -9999 -9999 -9999 -9999 -9999 -9999 -9999 -9999 -9999
-9999 -9999 -9999 -9999 -9999 16.2183236784 15.386105876 15.3450711359 14.7848261829 15.1235423804 14.2551629692 14.0088879239 12.7664377293 12.9744555609 12.9351760463 11.8781746381 10.5060396551 11.4688468532 10.8983777509 11.193824154 10.4589175577 9.71844073102 9.99617367706 9.81077105499 10.5491564536 10.4872209651 11.1350329335 10.7457619114 11.3963242478 9.7120032922 5.50187121796 8.23787840081 11.1203833502 10.9484032423 10.7091532106 10.9350301185 10.5877491415 -9999 -9999 10.580839609 10.3715099367 10.2180129447 10.1224282373 -9999 -9999 -9999 -9999 -9999 -9999 -9999 -9999 -9999 -9999 -9999 -9999 -9999 -9999
-9999 -9999 -9999 -9999 -9999 -9999 16.7933805171 16.8921927449 15.773683501 15.5062438909 14.1989209741 14.6547080631 14.5581550576 15.5936400427 12.0287936801 11.6154508373 11.1368049895 10.9948159176 10.308455777 10.3285747436 10.2030051925 10.3747213493 10.1767094712 10.5301433644 10.3071884374 9.88149493281 9.7405966241 10.1337401169 9.94884187214 9.89739961002 8.92908823156 10.0662862982 9.99120260337 9.99586655434 10.1558608154 10.1890847005 10.26868838 10.1692198261 10.180648106 10.0509507304 9.61363185654 10.2988319719 9.2806424772 9.08658226315 -9999 -9999 -9999 -9999 9.1704895062 8.8328400125 1.35597648005 -9999 -9999 -9999 -9999 -9999 -9999
-9999 -9999 -9999 -9999 -9999 -9999 -9999 16.2512989719 15.2860343632 15.9870444932 15.2352754568 14.7123659307 13.2170170813 12.6031795221 12.0653731224 13.0402522757 12.1718353555 12.1472894004 11.5953674908 10.8755967576 9.92744722786 9.94236220191 9.94522804904 10.01485385 9.9612981032 9.51315945687 9.89315412134 9.82717076384 9.99884806878 9.74928637618 9.83645030149 9.74534789682 10.0342488427 9.7934921397 10.2955276587 10.2713014936 10.5253845318 10.4357928683 10.0996528635 10.0813676555 9.28351247676 9.35144761575 9.21741022288 9.09587640411 8.37060908507 8.55769711664 8.69929428599 8.36740253283 7.95727095273 8.21512375424 6.73958844393 4.71557680843 -9999 -9999 -9999 -9999 -9999
-9999 -9999 -9999 -9999 -9999 -9999 -9999 -9999 14.9017985143 14.6140998712 14.7964653129 15.33117989 14.1136472223 14.5185298407 13.9108817939 13.4599809371 11.7088270637 11.7455512546 10.5881206193 11.0395019152 12.0749193972 11.895601255 12.2404877092 14.0375749939 13.8755434773 13.6990430668 10.2950659307 9.13972885725 8.77044213989 8.54230956139 8.75859795587 8.88436040387 8.85776338216 8.86630168248 9.07666735158 9.17672596948 9.39941844461 9.57343997824 9.18962534899 9.23758800635 9.26883841602 9.18273199968 8.29545640655 8.10258194701 7.64474735935 7.4572591464 7.57157254976 7.33989005643 6.85919666286 7.12234492565 6.56219894829 6.64033373109 5.43682324927 -9999 -9999 -9999 -9999
-9999 -9999 -9999 -9999 -9999 -9999 -9999 -9999 15.960797106 15.2620910026 14.400536394 14.4418614372 13.6765777778 13.6425871615 12.624535961 12.5028208474 11.4609626402 11.7817262546 11.0485793157 11.3643130231 11.8123994468 11.7979712656 13.7341173278 15.6678520897 14.5166197823 13.6048210897 13.8600217736 10.8924103319 9.36007463716 8.899435926 8.35224237846 8.69519193126 8.53682684097 8.77207343193 9.06536282489 2.87744698944 9.72653154417 9.42985951557 9.17153249608 9.10020882871 8.66299915319 8.83826316591 8.16298932371 8.13267659737 7.4768539181 7.45098381512 7.54610652325 7.38632266986 7.00974667045 7.14739836171 6.64302887187 6.65727744411 5.63285470399 5.91153295899 4.8575676959 5.04035313241 -9999
-9999 -9999 -9999 -9999 -9999 -9999 -9999 -9999 -9999 16.2365251767 15.1311560001 14.0461892537 13.6789501153 13.576491476 12.6656595668 12.689794487 12.9270904484 13.2163630999 13.3264431157 13.378663986 13.0627045454 12.1517657535 12.641358059 18.1330376617 15.6466240488 15.3752224526 13.7813924704 13.0915861211 10.0148168113 8.50493817717 8.26825609662 8.40102087912 8.21195847412 7.9680831432 7.71831535982 6.2018514861 8.78035167222 8.55933889824 8.15313314569 8.18978956364 7.76725758874 7.9721649683 7.41004701665 8.0003626148 7.05544820595 6.70063252189 6.08106534559 6.0967787104 5.90957798783 5.81319260094 5.53410923541 5.44885384083 4.75037188157 4.85371651814 4.70143132828 4.68200906449 4.04867563347
-9999 -9999 -9999 -9999 -9999 -9999 -9999 -9999 -9999 -9999 14.3819569883 14.4315555256 13.5498485943 13.5015000499 12.295051294 11.8919476718 12.3498872962 13.2294531749 12.7375440553 12.1305407154 11.7818933853 11.7635711766 10.6949188726 13.3189528618 14.6229046568 15.732771104 14.8899392075 13.7661293563 12.3405021556 10.6455052968 8.1279811026 8.14233167819 8.34789102159 8.01012451367 8.74047021584 8.40950682013 8.67639880652 8.56028756434 8.18603250653 8.20981299873 7.94768203083 7.8267790664 6.97125125715 7.31252517443 7.69508553436 7.69842129317 6.89174558434 6.3711669648 5.94501556981 5.94114026 5.8816697001 5.77201192033 4.87421639943 4.82300435137 4.30380236274 4.68631410659 4.02387036503
-9999 -9999 -9999 -9999 -9999 -9999 -9999 -9999 -9999 -9999 -9999 6.19459939205 7.15289626396 12.7848260193 11.9996112688 11.7551100903 12.534747916 12.483236674 11.4567966298 11.6390323094 11.8098772034 11.7655156785 10.8042293328 10.1871889892 11.1328177793 13.3545416349 14.3684872143 15.1753237622 13.4088308418 6.17199473407 8.70976845802 8.00325071529 7.4641965445 7.69284302097 7.9577798435 7.60750346268 7.70094107807 7.67117385863 7.65306393019 7.65638114641 7.34710909017 6.92786428001 6.76627158948 6.76607326655 6.48968305136 6.5032504032 6.20696753078 6.50194699775 5.33635494742 5.29956954944 4.98630862413 5.22385657091 4.50883817605 4.09785217217 3.4075795004 3.49196248997 3.40472211063
-9999 -9999 -9999 -9999 -9999 -9999 -9999 -9999 -9999 -9999 -9999 5.36981015403 8.30110454858 12.3212469022 12.1527070753 12.1389698749 11.8821047709 11.499832819 11.4611936349 11.5114084062 11.3328636104 11.8672172951 10.5094179415 10.5713497212 9.87599274683 10.3794715455 11.5288316926 13.1669432436 12.6911120446 10.6721328633 11.9388319855 12.2785953568 10.4284315738 10.805977771 9.89760194822 7.96468501097 7.67718598311 7.75500640729 7.54239252387 7.22583040511 6.14123144543 7.38412698405 6.45295889863 6.57608978591 6.5707462132 6.9736813954 7.09029484632 7.34668708152 6.62485815056 5.88326107642 5.83523380335 5.63422231832 4.46766415339 4.49156771629 3.90918970532 3.64432842707 3.28822957977
-9999 -9999 -9999 -9999 -9999 -9999 -9999 -9999 -9999 -9999 -9999 14.5175616409 13.39061402 13.0766892047 11.2265827382 11.4976146591 11.0439880693 10.2428591697 9.89087626118 10.1585789347 10.3825462479 10.4842164357 10.0356558991 9.71600278725 8.75672418322 8.62902788773 8.45043226321 8.35490369009 8.31180692304 9.50708050705 10.6998909847 12.6500279294 13.4174018255 13.4446159565 9.59910122167 9.63458021633 10.0266733716 9.22762110525 6.97192728479 3.74079716749 2.6776924996 6.76386589064 6.7536539844 7.1258831655 7.34188039439 8.06058314658 6.85349105569 6.60277586045 6.03717505973 6.12343621218 5.60689390467 5.84813615238 5.65559954428 5.79072293417 4.49025928967 2.42265877278 2.04220598607
-9999 -9999 -9999 -9999 -9999 -9999 -9999 -9999 -9999 -9999 -9999 -9999 12.3533531821 12.8918642818 11.9970642631 11.3209634441 10.9165903748 10.8679646636 10.3345001688 10.372002119 10.5356537402 10.265534045 9.88631266025 9.95130986626 8.85606884458 8.95773678773 8.53483760947 8.67862524652 8.33933613641 8.13995757922 7.95331607869 8.13924907462 8.41906319089 10.2583160923 9.84457089324 3.27650433717 9.854906264 9.64252203279 9.20387920884 6.91213046206 7.1069186437 6.66012819606 7.38176449515 7.81828084378 7.74594101604 7.78395311713 6.93635329209 6.63283962036 5.53412103467 5.82320809391 5.53664659696 5.15880318092 4.6285599798 4.62311701389 3.80674157363 2.99441149941 0.842211672382
-9999 -9999 -9999 -9999 -9999 -9999 -9999 -9999 -9999 -9999 -9999 13.3090591061 13.1063718032 13.3368199421 12.6582574039 5.88956264941 8.0976963642 10.5245300987 9.72235034298 9.82011308532 9.10129530883 9.02546092175 8.49012638551 8.60483502015 8.47030227845 8.40359988836 7.90657000545 7.79224176493 7.80907137343 7.66115391257 7.07348310518 7.22358417171 6.70751794901 6.65991039205 6.6701245776 10.1759277393 9.76242365649 8.62357748865 8.01189678651 6.22555899948 6.28880322627 6.02562060404 7.9592942143 8.38992695708 8.7239768504 8.66595931181 7.59368414878 7.39322051654 5.95554346965 5.92954944161 4.98322901339 4.28174382463 3.70456566776 3.7191987587 3.29369241082 3.47030214011 3.63204072056
-9999 -9999 -9999 -9999 -9999 -9999 -9999 -9999 -9999 -9999 -9999 13.5572116923 14.2137746221 13.9283179032 12.2115934116 7.75087776915 10.4655439879 10.8189004945 9.8328513313 9.94819325797 7.26400439655 7.57754441539 8.75123260501 8.87416861411 8.67298390744 8.75589157739 3.85488709729 4.55329558419 7.52717219297 9.0523900104 8.25282153578 7.30658699132 6.6344170591 6.66277398447 6.57043175739 8.59476802877 9.04664254967 9.93296776129 8.60820750335 7.77429932077 5.7814569821 6.36367555877 7.45730447484 7.48167517472 7.33888969535 7.10325319431 6.69259728552 6.8225832895 5.74279625547 5.89774531947 4.96186417693 5.06386785891 4.41964892048 4.29553604039 3.85026916096 3.69850496605 2.89353069545
-9999 -9999 -9999 -9999 -9999 -9999 -9999 -9999 -9999 -9999 -9999 14.5495100833 14.7003179172 13.8290068186 13.2751358216 13.1273892498 11.0866524689 11.5403208896 10.5591397102 10.7351496317 6.79359700396 2.69293240242 7.15796353082 10.0303375578 8.99879909461 9.0067483952 9.18855963935 8.92009083597 8.06836146671 7.5795733505 7.2048874561 8.11477509995 7.6856332851 7.42782063043 6.22393600358 7.69861135578 7.33749534915 6.56365254264 7.89091273107 6.74699530005 5.91781391815 6.51016227122 6.60322257069 6.23440081174 6.08973028712 6.14919970398 5.53406720162 5.57519376936 4.86244320796 4.76954502296 4.29409562751 4.10129920268 3.18170386281 3.14551829201 2.70974656858 2.98419562618 3.06549351212
-9999 -9999 -9999 -9999 -9999 -9999 -9999 -9999 -9999 -9999 -9999 -9999 14.8891371901 14.5529456193 13.2469512145 12.9297723567 11.9167479487 11.9043568206 10.5315551068 10.6977705045 10.2925527537 10.7353576932 9.47474629055 8.96001298182 8.79447893456 8.74387707908 8.19053866067 8.34671356728 7.96120675021 7.61044864033 6.84497149643 6.9922125864 6.12004945263 6.39353833709 5.93241537079 8.68141217522 7.76589402278 7.18781448004 8.07886879592 7.55353480242 5.97695333454 5.7521462706 6.16758308816 6.27003848213 6.33275382152 6.32737224931 5.41883787871 5.36233173213 4.54258148158 4.7327871576 3.81271169994 1.35842401154 1.54973366316 3.60084680192 2.91376907923 2.85380169333 2.56695846262
-9999 -9999 -9999 -9999 -9999 -9999 -9999 -9999 -9999 -9999 -9999 -9999 15.8008183303 14.7945547297 13.7094643187 13.5029673825 12.1554668719 12.383715399 11.4258610126 10.942031572 10.451070967 10.1019494529 9.65479052904 9.9466872407 9.21665272182 9.50881086297 9.54634004555 9.24128770362 8.33217365731 8.93714294404 7.90126629601 8.07124383453 7.96664955279 7.78769398942 8.28805628121 8.49510172058 7.49410839952 8.16684099066 8.93692787706 7.75882073676 6.08410962692 5.21329557132 4.72347729114 4.71332447641 4.73679229974 4.74425268503 4.09082104253 3.8980599135 3.33475101182 3.70034564609 3.1504146747 2.36954487667 2.65257698682 2.60268764109 2.13999130697 2.46380300898 1.71243788045
-9999 -9999 -9999 -9999 -9999 -9999 -9999 -9999 -9999 -9999 -9999 -9999 14.7774172506 14.6916445558 13.8236855797 13.8663391602 12.1384834399 12.0549533738 11.0618360694 11.7284706414 10.5631824399 10.2997103069 9.49599187868 5.37979121174 7.00474117551 9.11904199581 10.2319159333 9.39634681215 8.43314205559 8.08639909031 7.30788197357 7.1011764187 6.4723882947 6.88339924745 8.2276592218 5.25723083339 6.16472205495 8.3039168696 7.60599570047 5.74731629926 5.05497778294 4.85144771474 4.67269143397 4.72464615105 4.41516647966 4.47990488852 4.27451118436 4.25961565645 3.83561336491 4.02897702863 3.56438858586 3.58190224618 2.76858144541 2.47071643955 2.24365325067 2.29070872099 2.0217469884
