data/recharge/transience/recharge319.asc
ncols                  80
nrows                 72
xllcorner      4374000.0
yllcorner      5656000.0
cellsize            500
NODATA_value       -9999
[rows 25 to 49 of 72, columns 0 to 56 of 80]
-9999 -9999 -9999 -9999 -9999 -9999 -9999 -9999 -9999 -9999 -9999 -9999 25.5373330636 24.8254528108 22.0947742237 22.1957144083 17.7685651913 17.9124555413 15.1600745704 16.8161777492 14.3542896533 13.4229021075 11.1560538764 7.03763502308 9.66143363793 12.6528727768 11.4673220582 11.3140333375 9.36319148162 8.3999683218 7.33916093893 6.83358247341 5.37177990015 5.3646850475 7.3542788875 4.4560251532 5.37021172025 8.89098643511 7.19637530518 5.92323630992 5.05167740825 3.94732979343 3.90222909979 4.42883503563 4.20050739851 4.34379589692 4.3538638566 4.31350831773 4.24049732461 4.71206499152 4.57596724038 4.26482063815 3.14300877776 2.41585621781 2.42331630757 2.60860190433 2.4984384268
-9999 -9999 -9999 -9999 -9999 -9999 -9999 -9999 -9999 -9999 -9999 -9999 -9999 23.3760548776 23.2999561651 23.6620934597 21.2152740379 20.6059642744 17.5262959551 16.4410931782 15.0884011821 16.3453077997 15.9765923189 13.8950197891 13.4175913542 11.9390538049 10.9822108007 10.305184098 9.41121771271 10.0642980275 8.55101694989 7.9817973243 5.8323594943 7.90020882695 7.53381392901 1.48379912472 3.6135407149 8.2560396116 7.32840305992 4.95478752729 4.16647286943 5.63873228334 3.64759955823 4.07176879898 3.29661401902 3.31391754079 3.52114487026 3.33040982428 2.54822666051 2.13903893394 2.22448316258 2.50280465166 2.79459840404 2.97191645805 1.68847377708 1.99973553695 1.93647144459
-9999 -9999 -9999 -9999 -9999 -9999 -9999 -9999 -9999 -9999 -9999 -9999 -9999 -9999 22.6313957275 22.534869281 20.0777053489 19.1855608107 17.4409809677 18.2508637372 15.4333399658 17.6425621003 14.903005149 13.8546864947 10.5549860204 10.2417311144 10.68937993 12.8588171931 9.91064623598 8.7878592671 8.62704460952 9.19181235281 7.60896417518 9.49084465627 8.51213796078 2.47938402655 3.80199438471 6.43541939319 5.36915088239 3.22879902175 2.95596196166 4.60213838837 5.4344716332 4.26083047651 2.95900088402 3.53587635543 2.77053907832 2.4897960171 2.38932649373 2.98240370317 2.70960607888 1.87474357414 1.70843510351 1.98798341119 2.01633953566 3.47788920285 4.30574613975
-9999 -9999 -9999 -9999 -9999 -9999 -9999 -9999 -9999 -9999 -9999 -9999 -9999 -9999 7.65382275162 15.8801835695 20.6093385736 20.3388494584 18.3521855872 18.980073276 17.8674911484 18.1532968531 14.7174243338 17.6600098235 15.9929388451 15.8990466833 10.1580726462 9.89003237443 10.221514731 11.312455017 8.22441885527 4.91962233588 7.58148160244 11.3361829404 10.9823179265 2.52687134536 3.80640996416 4.65497428473 3.26551001565 2.99749088164 3.7476247137 4.37774559123 4.23636967888 5.20121375394 4.29386134669 3.37570526393 1.63622234243 1.23150767233 1.53377011443 2.28676096601 3.37449997806 3.98473001265 4.45049687843 3.35635081198 2.45663036189 2.5579827137 9.46946935165
-9999 -9999 -9999 -9999 -9999 -9999 -9999 -9999 -9999 -9999 -9999 -9999 -9999 -9999 11.9467015191 17.378595121 21.7996772098 21.4196512392 19.9581853659 19.7750993716 17.4566970517 18.3842047995 17.4015482231 16.4296370727 13.3399714317 12.1552076116 11.8064752574 11.4888523479 8.42802578963 9.59929963863 8.56141494098 8.44645922803 7.01053837281 10.2609485998 12.3937507963 2.36797085651 2.93852558963 8.95414167928 1.9480359191 2.38401766819 3.74606017097 4.45852486242 3.61906157101 3.78700468441 2.95931335723 3.47744394266 2.30464317092 3.45311149125 6.05702048263 6.81715767201 5.87895501408 3.60270346182 5.34544848253 4.73339131881 4.07430582417 4.91639968718 4.32294018159
-9999 -9999 -9999 -9999 -9999 -9999 -9999 -9999 -9999 -9999 -9999 -9999 -9999 -9999 27.916575872 25.9307066671 24.3454766489 25.0460057702 22.5053498575 22.8519168206 19.7860220733 19.1396963409 16.9960298379 17.1734200227 13.5298757807 14.4700828423 11.8185398739 13.5955740181 10.879312868 10.0656124103 9.57103786631 10.8019436364 9.18354402872 5.08055502403 2.81142352132 2.84989687519 2.3576787362 5.76358843984 1.86206146181 2.79894525103 3.37858658856 3.56018096369 2.54100017534 2.87874225217 2.32526183801 2.76054246409 5.01318356911 6.08177660303 10.2612337594 11.3104873654 8.59590877607 9.51373609498 6.63535093462 6.51932371166 5.71575094564 4.73634480625 5.42262881907
-9999 -9999 -9999 -9999 -9999 -9999 -9999 -9999 -9999 -9999 -9999 -9999 -9999 -9999 -9999 24.1029144766 22.7139693862 22.28558582 21.0051319545 19.2812184945 16.9538845616 17.4932431788 17.455208018 17.3667176751 13.4244516621 14.2791511855 11.5094804625 12.1302711833 7.76088570196 10.1151762127 7.60186581181 7.49053799335 6.41119606556 6.16492859595 3.11280431412 3.15119835719 2.77204473237 2.70253572055 2.47622343976 1.75363321426 1.16134706586 1.75007736951 2.07105513277 2.20392633246 2.23908570155 2.40746547825 2.1074731331 2.37994066066 3.62604209458 4.1841657752 2.79664970325 2.37583672388 4.26076726711 7.12798094479 6.77765648743 6.68478206378 5.76318870903
-9999 -9999 -9999 -9999 -9999 -9999 -9999 -9999 -9999 -9999 -9999 -9999 -9999 -9999 -9999 -9999 22.9312317639 22.1524116751 21.0782697796 23.7830171954 22.1090983284 21.5072462618 17.5475652667 15.6726390966 14.9201603979 13.865267645 11.4331258369 11.273718167 7.31172940274 10.9170434513 9.93295755759 8.5075064861 6.63603460697 4.50111604231 3.13268047864 3.54965088268 3.34154980805 3.68787492696 3.47136705544 4.59318136884 8.71122810168 7.73712866971 7.0434282871 4.511595881 1.95846927235 1.35378932209 0.97736233917 3.72585784694 2.7077177748 1.83345514796 3.02148073852 5.21450835703 3.75160810022 2.88437997383 3.59058681834 3.06445872748 2.82301382368
-9999 -9999 -9999 -9999 -9999 -9999 -9999 -9999 -9999 -9999 -9999 -9999 -9999 -9999 -9999 -9999 24.5109665831 24.6489272934 23.8170789306 22.9415842712 19.6423714256 20.4596034028 17.8019461783 16.3343232956 14.3919925754 15.618243662 12.2809261179 12.3231844432 7.78835092345 9.71482212864 6.96305105039 5.50753454925 6.12988109294 4.78578988335 4.39059718537 3.35660495371 4.38789444782 3.81905524008 3.40292246163 3.23599735889 5.70265456621 3.53053949317 6.1062332001 10.1207794319 6.25476744576 3.99086335538 3.88176521044 2.63643721482 1.75239388925 2.51245597538 3.9570475038 4.21992880379 5.76412224449 6.16185449797 7.50360569645 5.34336366296 2.86030697242
-9999 -9999 -9999 -9999 -9999 -9999 -9999 -9999 -9999 -9999 -9999 -9999 -9999 -9999 -9999 20.4991473065 20.3192624276 22.4321033671 23.3188636041 22.7819786169 20.5967422543 20.360651546 17.7767266879 16.5222752866 13.9104601295 14.8744212331 12.8881724736 13.1749825863 10.2340998155 11.718485372 9.85440553359 10.1946042054 9.79341391252 7.51025456009 5.63039396006 8.01389058229 5.85322392432 7.21193648052 5.56098926133 2.69927058393 4.94458045537 6.73889586695 5.22183372357 5.11068538924 5.02406273482 3.42628709563 1.69652071087 2.31308337004 3.13355608103 4.29014888111 3.08661973282 2.13738958535 2.56634687375 3.02715145187 3.53025403225 3.6775578934 4.37155928784
-9999 -9999 -9999 -9999 -9999 -9999 -9999 -9999 -9999 -9999 -9999 -9999 -9999 -9999 22.6704058972 21.9090904226 20.8803677919 20.9692041856 21.6743366749 21.8767250007 19.4784397748 20.6802007337 17.0892104314 17.5303095086 13.9571034236 13.2699754264 11.3656819637 12.0447900989 10.5778912042 10.5664464025 8.55461944773 8.80545167955 7.00412035332 8.70557344355 9.04884692844 13.8893139775 5.7308608857 3.87406633196 4.09454962463 6.20741409932 5.26279722957 4.17574742149 3.51256199647 3.97455952388 2.3257547955 1.87608282501 3.00142355695 4.18953162797 4.10197795281 3.05395095385 2.56747395683 2.52967823994 2.86051388099 2.76367909412 2.59082067408 2.84870480501 2.94900355859
-9999 -9999 -9999 -9999 -9999 -9999 -9999 -9999 -9999 -9999 -9999 -9999 -9999 -9999 24.4162520831 25.3251739078 23.2492489719 20.8804843256 18.1329844056 18.4470278589 17.8370573543 19.4732023204 17.3068929775 17.9482856201 14.5320118327 12.7295147473 11.8238133229 12.5898129335 11.050777343 11.3605714655 10.4927706487 12.1838282662 12.0136589965 11.0978545244 9.32557170527 12.9428956856 13.8007084256 15.8749862791 10.2320429492 10.4528722265 12.3301453968 11.5803729191 4.93358357629 4.35542003401 3.50263449667 1.70928287128 3.36767547686 6.63634020051 6.36382634114 7.38274757105 7.35231738518 7.28233750822 5.34778826788 4.54192442129 5.46325456432 5.18821273745 3.73750841325
-9999 -9999 -9999 -9999 -9999 -9999 -9999 -9999 -9999 -9999 -9999 -9999 -9999 -9999 -9999 -9999 23.6480715831 24.9262855861 24.180905972 23.8842732131 21.0084756556 18.8848148248 18.8894941994 18.9137651624 15.2918262993 15.0579361383 10.3168422129 10.8220033819 9.31511818731 11.6509144216 11.6187984864 11.9510900924 11.2562035157 9.94667699759 10.1693967288 10.2473025685 11.3948794254 10.0901186569 12.7369742785 12.2891758223 7.7440607 7.39778368628 8.24527639325 6.17866720054 2.2323685398 2.83429632263 2.34396800597 2.97601420929 3.92668634292 4.95554367606 4.79565098903 4.98056344828 4.41445816757 3.64518694735 2.19800594148 2.41912384778 4.35721832297
-9999 -9999 -9999 -9999 -9999 -9999 -9999 -9999 -9999 -9999 -9999 -9999 -9999 -9999 -9999 -9999 26.62535 25.9827098692 25.0576882377 21.3614328623 20.9477503758 21.4837633899 16.7861117524 17.403849578 17.0215044672 17.1246416662 14.1907815361 13.7317499032 12.803040431 13.1497551514 14.0703110637 13.453499757 11.3023039549 10.7009346123 8.12005642816 8.65030363536 8.76379351966 10.0305303494 6.9288342636 6.14011783715 7.39763371748 9.44166379217 4.37066717672 6.10229832971 7.64719611248 2.36775479963 0.911887967448 1.75275466249 3.32548177129 2.28220423753 1.6310511469 1.67630642656 1.23760032392 1.54506058409 1.53859103613 1.55744442853 1.5536743672
-9999 -9999 -9999 -9999 -9999 -9999 -9999 -9999 -9999 -9999 -9999 -9999 -9999 -9999 -9999 -9999 -9999 -9999 25.2483348178 22.7997268131 19.3451681188 20.8025125212 20.5794403388 19.1176151997 16.3306725107 16.6079800871 13.2838462168 13.8486823417 12.706879456 12.4861283389 10.0187176368 8.89715679054 8.47643163262 9.72762299383 7.98457953144 9.64896012975 9.36001820519 7.08328758087 6.36431846942 8.56081192671 6.17486444874 5.38676809638 4.53032543768 4.48772299561 3.82136469874 4.06928260955 1.21577013404 1.2332360508 2.17495301022 1.57773823909 1.94046249316 2.26973159694 1.27994733457 1.3377515069 1.74275395936 1.94715891337 1.75788646496
-9999 -9999 -9999 -9999 -9999 -9999 -9999 -9999 -9999 -9999 -9999 -9999 -9999 -9999 -9999 -9999 -9999 -9999 -9999 20.7290530441 20.1862790596 21.0926559565 20.0357922312 22.1000278695 18.1968222764 17.5100989709 14.5072218749 13.9027081194 10.4231679605 10.0333401284 10.009776138 10.2118051888 8.37362906319 7.98682336235 6.58999149713 6.30895221586 5.82947569236 7.93235544811 6.69296217065 7.71758251456 5.60197432834 5.01057625647 3.64705628481 4.91350656431 4.8351665839 5.09874132917 2.9415839901 1.00328411001 0.701040851354 1.73386181357 1.41417531903 1.66488031182 1.20370657332 1.18495149386 1.64558660343 1.53436352392 1.17225021636
-9999 -9999 -9999 -9999 -9999 -9999 -9999 -9999 -9999 -9999 -9999 -9999 -9999 -9999 -9999 -9999 -9999 -9999 24.0169460496 25.253616219 24.9139634002 24.5205650868 20.6260691987 19.6442978066 17.8469294063 17.8183914691 15.1298626873 15.3466407539 11.9852999834 11.1134481642 6.92302662803 4.29069316199 8.47124094288 9.24519205361 8.62635755729 9.93530244716 11.1862229519 10.7765700508 9.83433961387 9.38807605529 8.25750985626 5.59284610434 4.49381856724 3.1805729344 3.38937384575 3.20483827694 4.48695627855 5.57281423201 2.60058097535 1.02078226162 1.84067803143 3.45209675201 3.89595094631 3.76623446553 2.64560527209 2.16714440374 1.91020887775
-9999 -9999 -9999 -9999 -9999 -9999 -9999 -9999 -9999 -9999 -9999 -9999 -9999 -9999 -9999 -9999 -9999 -9999 -9999 28.0538481735 27.0392841359 26.3257744172 21.7105517671 20.6372905366 19.4908024444 19.2265766379 15.2026316185 16.0497800717 13.666715048 16.1800642691 11.6287742703 11.602765805 13.1412090705 11.0249787756 8.26896466858 6.98854102844 5.73798023347 4.84850007376 3.89439898676 3.89520508168 4.03805657019 5.88274191772 4.76106141852 4.14952541046 4.00234965284 8.3466381217 6.00609774146 4.24189379091 3.21865434782 1.44658750894 0.386650022019 2.13837022383 2.61912261774 3.26669074202 3.43703077784 0.931217802321 1.04888733244
-9999 -9999 -9999 -9999 -9999 -9999 -9999 -9999 -9999 -9999 -9999 -9999 -9999 -9999 -9999 -9999 -9999 -9999 -9999 -9999 24.616937659 25.8995664624 21.8969594274 21.8136354531 17.3583938971 18.7715573945 15.2168649403 16.4540333951 16.3300927578 15.1269174005 12.2372340088 11.5966413206 10.3926556782 8.99959940381 6.80631182596 8.25343304741 8.58329740835 9.46751214392 9.01472287185 8.21256243722 5.67658574761 7.76030749437 7.66371554492 6.63602327721 8.49511371248 7.28871934245 5.73171892072 6.61567402642 5.43293601163 4.42532533464 2.49219543754 1.27644040961 0.527693796934 0.506285363327 2.25505997943 0.753829422388 0.808331287339
-9999 -9999 -9999 -9999 -9999 -9999 -9999 -9999 -9999 -9999 -9999 -9999 -9999 -9999 -9999 -9999 -9999 -9999 -9999 -9999 -9999 25.6846860913 23.5253338826 23.7020021927 17.1231347782 16.0247292681 15.3690858345 17.5243919054 14.7371512823 13.8438510291 13.6371871839 14.5526114654 12.7943146959 7.11986529536 13.0931856107 12.9993973627 10.0635158258 8.06222384839 6.70911350231 6.98111548809 8.89337947513 9.39335290022 9.88021610979 6.87820466455 5.24237643479 3.57858146818 4.73393574429 5.38352783883 5.20821335273 6.73497167431 8.20333719564 4.63023512862 2.81292324775 1.04936944507 0.267169530686 0.374542332497 0.487903790153
-9999 -9999 -9999 -9999 -9999 -9999 -9999 -9999 -9999 -9999 -9999 -9999 -9999 -9999 -9999 -9999 -9999 -9999 -9999 -9999 -9999 23.2629745613 21.7328798317 21.7557964031 20.2662391255 20.4158930766 17.5826278886 18.7498601996 15.4939355787 15.6479408627 7.51481211858 13.8831234985 13.9496821686 12.7875644266 8.27893562837 9.38278294241 7.96193751188 8.6881320514 7.52672237129 9.14275392667 9.00226869438 8.59995498361 6.1482688549 5.99885877831 7.44386107747 6.99389067232 6.21499911604 6.01100983574 3.6873723262 3.81650085892 4.26362006038 2.53230276737 1.268357339 0.587379861199 0.549253036316 0.297913299476 0.350259014164
-9999 -9999 -9999 -9999 -9999 -9999 -9999 -9999 -9999 -9999 -9999 -9999 -9999 -9999 -9999 -9999 -9999 -9999 -9999 -9999 -9999 -9999 22.8424414446 24.7161472867 21.8556369051 20.0680317646 17.2315667331 20.024960448 15.9788795047 15.8724849791 15.2028020662 16.0158172874 13.1170150299 13.2157438622 13.4541000762 10.9742696679 10.8900833166 10.2300970168 9.46719732455 9.19903484432 8.88362216363 5.54737789642 5.8562755783 7.91117361796 3.89104909043 3.35886583266 2.65160550747 3.7173832406 5.34599294956 4.95493179942 2.12076814418 2.6075443409 4.09769869882 0.888270719036 0.290731200898 0.2453756906 0.301380015491
-9999 -9999 -9999 -9999 -9999 -9999 -9999 -9999 -9999 -9999 -9999 -9999 -9999 -9999 -9999 -9999 -9999 -9999 -9999 -9999 -9999 -9999 23.4307698488 22.9545618223 21.1866389752 21.4842014184 18.4160651582 17.4630125062 16.60039636 17.1225219069 15.1136736137 15.4712366427 14.7228737943 13.9491207321 11.1724299496 13.9135593343 10.2402887713 9.87529105296 10.9126273106 10.4903072677 6.52803720441 9.07677855034 6.00012287422 4.40735957915 3.63758377221 4.88094421046 6.52605739363 6.52037221541 3.20434462793 2.89240807199 2.13556959245 3.85589083316 0.619402198694 1.87257770996 0.833067609815 0.708528236441 0.495348649013
-9999 -9999 -9999 -9999 -9999 -9999 -9999 -9999 -9999 -9999 -9999 -9999 -9999 -9999 -9999 -9999 -9999 -9999 -9999 -9999 -9999 -9999 23.5286122102 24.6631830035 24.0741014854 21.8481188051 19.5531221851 20.6672585627 18.4918577013 19.6269658267 16.6902664152 15.087668235 13.3148561819 14.2766259188 14.4258117399 10.8225022491 9.94042306271 12.7404909602 10.6511180141 9.71534782031 9.18282414673 7.10847570021 4.28693836581 5.8649625321 7.32984797784 6.69520721053 6.36092074584 5.27359020319 3.79647574602 3.80516164633 5.3889062475 4.16263455772 1.41921727626 1.44035541389 1.78595234048 2.06169721563 0.860144808763
-9999 -9999 -9999 -9999 -9999 -9999 -9999 -9999 -9999 -9999 -9999 -9999 -9999 -9999 -9999 -9999 -9999 -9999 -9999 -9999 -9999 -9999 -9999 25.6153096199 24.8458115758 22.3226844756 18.8220837121 20.0857126116 18.295759141 18.8989077717 16.8122546906 17.9480067142 16.0416848255 17.2968575945 13.0293453706 14.1304131293 13.6312970853 12.1611558035 7.5706270241 6.96028024245 4.47984528601 6.60029388896 8.32518365948 8.41651554345 6.78663787661 5.83555577861 2.75392928382 2.40301713528 2.33750030997 2.60381495578 2.02815250965 2.72354427866 3.13406303085 3.51291484707 1.04902644302 0.707478435524 2.41159996371
