data/recharge/transience/recharge359.asc
ncols                  80
nrows                 72
xllcorner      4374000.0
yllcorner      5656000.0
cellsize            500
NODATA_value       -9999
[rows 0 to 25 of 72, columns 0 to 56 of 80]
-9999 -9999 -9999 -9999 -9999 -9999 -9999 -9999 -9999 -9999 -9999 -9999 23.7640930189 24.4426160013 -9999 -9999 -9999 -9999 -9999 -9999 -9999 -9999 -9999 -9999 -9999 -9999 -9999 -9999 -9999 -9999 -9999 -9999 -9999 -9999 -9999 -9999 -9999 -9999 -9999 -9999 -9999 -9999 -9999 -9999 -9999 -9999 -9999 -9999 -9999 -9999 -9999 -9999 -9999 -9999 -9999 -9999 -9999
-9999 -9999 -9999 -9999 -9999 -9999 -9999 -9999 -9999 -9999 -9999 -9999 20.4262752894 19.7400011975 19.6142327562 -9999 20.2170655432 -9999 -9999 -9999 -9999 -9999 -9999 -9999 -9999 -9999 -9999 -9999 -9999 -9999 -9999 -9999 -9999 -9999 -9999 -9999 -9999 -9999 -9999 -9999 -9999 -9999 -9999 -9999 -9999 -9999 -9999 -9999 -9999 -9999 -9999 -9999 -9999 -9999 -9999 -9999 -9999
-9999 -9999 -9999 -9999 -9999 -9999 -9999 -9999 -9999 -9999 21.1458470407 20.339214802 20.6147898285 19.7924330832 19.129168284 19.4218689774 19.374992018 19.876988596 -9999 -9999 -9999 -9999 -9999 -9999 -9999 -9999 -9999 -9999 -9999 -9999 -9999 -9999 -9999 -9999 -9999 -9999 -9999 -9999 -9999 -9999 -9999 -9999 -9999 -9999 -9999 -9999 -9999 -9999 -9999 -9999 -9999 -9999 -9999 -9999 -9999 -9999 -9999
-9999 -9999 -9999 -9999 -9999 -9999 -9999 -9999 -9999 20.5945133183 20.270820804 20.3836062336 19.5791993547 19.7740681442 19.6549152677 19.531221617 19.4122640162 20.6018667679 -9999 20.6285247685 -9999 -9999 -9999 -9999 19.3195260593 20.0452540303 -9999 -9999 -9999 -9999 -9999 -9999 -9999 -9999 -9999 -9999 -9999 -9999 -9999 -9999 -9999 -9999 -9999 -9999 -9999 -9999 -9999 -9999 -9999 -9999 -9999 -9999 -9999 -9999 -9999 -9999 -9999
-9999 -9999 -9999 -9999 -9999 -9999 -9999 -9999 21.2740599574 20.7953645175 20.0951022228 20.0485223099 19.8129501058 19.7122279517 19.4972273255 19.7660843713 19.2829895821 19.2366138199 19.4175569343 19.704355819 19.2394238658 19.5640557606 -9999 19.4446456143 19.5377011776 20.1154843091 -9999 -9999 -9999 -9999 -9999 -9999 -9999 -9999 -9999 -9999 -9999 -9999 -9999 -9999 -9999 -9999 -9999 -9999 -9999 -9999 -9999 -9999 -9999 -9999 -9999 -9999 -9999 -9999 -9999 -9999 -9999
-9999 -9999 -9999 -9999 -9999 -9999 22.1541260273 21.0518324269 20.5311498559 20.5580075259 20.4840087149 20.2423984303 20.0845073173 20.1051043497 19.6529750299 19.8022254866 19.3868809181 18.8967631166 19.2557220312 19.2679680647 18.997232232 19.1505233707 19.6369994221 19.2991558369 19.4952614161 19.7132134469 19.8383724676 -9999 -9999 -9999 -9999 -9999 -9999 -9999 -9999 -9999 -9999 -9999 -9999 -9999 -9999 -9999 -9999 -9999 -9999 -9999 -9999 -9999 -9999 -9999 -9999 -9999 -9999 -9999 -9999 -9999 -9999
-9999 -9999 -9999 -9999 -9999 -9999 21.4425227476 20.6972866279 20.0446291952 19.8524048078 19.7475022784 20.186270746 19.7618763464 19.3849567563 19.2048446652 19.340483339 19.1753198023 15.7618370344 18.3694583888 19.0333489786 18.739431037 19.3638989425 19.254554549 19.1501832274 19.1838242905 18.917547372 19.5219629289 19.6361370954 19.9102218839 19.8905880487 19.8572146827 20.0680033577 -9999 -9999 -9999 -9999 -9999 -9999 -9999 -9999 -9999 -9999 -9999 -9999 -9999 -9999 -9999 -9999 -9999 -9999 -9999 -9999 -9999 -9999 -9999 -9999 -9999
-9999 -9999 -9999 -9999 -9999 21.6109068791 21.3531197099 21.0511151693 20.3471525047 20.4036701716 20.1667723483 19.7337629975 19.1829217892 19.2199832046 19.5952586082 20.0023613778 15.690205965 8.34465558153 15.0150538512 19.0920628041 18.864932561 18.7942755403 18.9444122548 19.0168476078 19.1774166063 19.3883509907 19.4223931545 19.3924615922 19.5028554183 19.5452328719 19.4231813835 19.7540341621 19.3421378975 19.3433462689 -9999 -9999 -9999 -9999 -9999 -9999 -9999 -9999 -9999 -9999 -9999 -9999 -9999 -9999 -9999 -9999 -9999 -9999 -9999 -9999 -9999 -9999 -9999
-9999 -9999 -9999 -9999 -9999 21.3089329166 20.7132972064 20.8327140639 20.471268127 20.3577447824 20.1959409018 20.253795879 14.6925958703 12.0516644692 19.9750630499 19.5973040991 17.217252292 7.19781773137 12.8996533568 17.2371187977 18.8809915301 18.9765381102 19.2469811678 19.2837452276 19.0763098784 18.52326893 18.9175463015 18.8084445459 18.7466728899 18.0381924359 17.3752580789 18.4330060473 19.0548578946 19.0772201065 18.657866732 19.1077166757 -9999 -9999 -9999 -9999 18.614966312 18.4181504027 -9999 -9999 -9999 -9999 -9999 -9999 -9999 -9999 -9999 -9999 -9999 -9999 -9999 -9999 -9999
-9999 -9999 -9999 -9999 -9999 21.2143397825 21.0754694118 20.4170296048 20.4077038937 20.7227029303 20.6476909132 20.583442741 19.9226437213 19.6428136347 20.2883256332 19.8359436528 19.1725654496 20.1112588218 20.0214345385 20.1602022863 19.1173267851 18.8524066178 18.7645800772 18.6933279263 19.0197150438 18.7487303002 18.7199716352 18.448316013 18.8352841848 17.7194085223 12.445323073 16.1932156552 18.868639768 18.7579903099 18.5744825501 18.989853515 18.9060193012 -9999 -9999 18.95567926 18.7197297122 18.7372930748 18.3841303599 -9999 -9999 -9999 -9999 -9999 -9999 -9999 -9999 -9999 -9999 -9999 -9999 -9999 -9999
-9999 -9999 -9999 -9999 -9999 -9999 21.352567258 20.7590191997 20.6993582578 20.963501657 20.5786164803 20.5212941056 20.4767795024 20.7557877823 19.4503000623 19.4523519074 19.6988962881 19.8506846559 19.4464422844 19.7325911223 19.6382035748 19.45065323 18.9909498454 19.6145555508 19.1082942451 18.8841639345 18.0505212631 18.1491829117 18.2958647669 18.5291069222 17.5653823684 18.4504478221 18.0521349007 17.9412294921 17.9116208397 18.4900562991 18.4277633056 18.1689772546 18.6712414265 18.5314679696 18.4091115224 18.8705592845 17.78384462 17.129348787 -9999 -9999 -9999 -9999 18.0982491398 17.7153318416 5.26072282676 -9999 -9999 -9999 -9999 -9999 -9999
-9999 -9999 -9999 -9999 -9999 -9999 -9999 21.4116220804 20.751803711 20.6390524705 20.7285112123 20.9680405242 20.3838644599 19.7393937603 19.3889309282 19.6883840049 19.90370726 20.1789508912 19.9228261219 19.532585893 19.2854423468 19.0626976917 18.8791797232 19.3256396329 19.0679808997 18.5775043235 17.9847834106 18.1781586175 18.6194840072 18.3477915156 18.1232110685 17.9624661783 18.0127276386 18.0153347735 18.5522859683 18.6566367682 18.1559203539 18.3104082411 18.7263336232 18.6161086695 17.8691076735 17.8932336918 16.1837889985 14.3203618496 13.0317629424 13.8731118977 14.1179660954 13.2567442814 12.8837623503 15.977105497 16.2718461507 14.7718587273 -9999 -9999 -9999 -9999 -9999
-9999 -9999 -9999 -9999 -9999 -9999 -9999 -9999 20.7746117533 20.8638132664 20.8156085948 20.7401809501 20.1287029249 20.5565893211 21.0141318454 20.8038622859 19.8380163894 20.1401610415 19.9178961098 19.6829965261 19.6164481537 19.5662753917 24.8641693105 23.7211750583 22.0076210728 23.0989635177 20.7221282688 18.2880364177 17.4454337093 17.2322489311 16.9347418936 17.1114553609 17.157439694 17.0608174097 17.5367537618 17.7499904271 18.0734332173 18.278012772 18.119469167 18.0959460664 17.1850078603 16.0401257433 12.5449663537 12.0000239487 11.4375401166 10.8799502684 11.7095537717 10.9974355501 10.3954336684 13.70351177 14.6118641802 15.0881070364 14.0835674986 -9999 -9999 -9999 -9999
-9999 -9999 -9999 -9999 -9999 -9999 -9999 -9999 21.0065488877 21.0199190134 20.6814810526 20.8016503118 20.6667479033 20.7115393011 20.6026103667 20.291974941 19.3897156513 19.6599074695 19.7613690265 19.7715298767 19.4168969525 19.6050813329 28.0642925918 27.0587534751 23.9121881638 21.0288022104 23.4715005275 21.7271129886 17.8353943973 16.9762416743 16.9769625952 17.1399021588 17.0126018364 17.07193527 17.8268721385 8.27892271213 18.3927265514 18.1738400461 18.0284757801 17.9971802506 17.6613655953 16.0156753401 12.1453126378 12.0894242395 10.9198905296 10.8468048875 11.6330158596 11.1450211451 11.2882126129 15.1783168481 14.7233873867 14.7525028593 14.1232905886 14.9681165575 13.87832004 14.2115554118 -9999
-9999 -9999 -9999 -9999 -9999 -9999 -9999 -9999 -9999 20.616776751 20.5785807015 20.8147698997 20.8445153962 20.5078738553 20.257245537 20.2350788032 20.2277770722 19.8545571931 19.8916401132 20.0169322593 20.3758136354 19.8587396729 22.2593561106 32.8727983603 27.9231561851 26.7718550959 21.8278688253 20.3889315179 17.2316418635 17.5037765525 16.5969601944 16.5163097559 15.9683980304 15.6145161016 16.38763656 15.5578237229 17.8155044315 17.593322304 17.1211183151 17.1247835136 16.6343692415 16.0261636866 10.5953791787 11.7941008628 9.74937435368 9.0654222066 8.14805844078 8.40947478951 12.1411699623 12.692372766 12.6392323658 12.4181082212 12.6008190492 13.6473781939 13.7478549823 9.40688483601 7.20810065953
-9999 -9999 -9999 -9999 -9999 -9999 -9999 -9999 -9999 -9999 20.1348337142 20.4210457839 20.8689391215 20.5811201674 20.1557944011 20.0732699267 21.1319341086 21.23398288 21.3503307903 21.1255956563 20.3807589489 20.1340858266 19.5589858868 26.7348765428 24.7671558831 27.2985597122 24.3415049641 21.6258783929 17.4179738492 19.3792755933 17.1569744857 17.1375407088 17.1690201802 15.925508555 17.3817486173 17.2986228726 17.6710391589 17.5780723858 17.1676804676 17.1968150271 16.8181655641 16.1901648662 14.4220647242 11.2141177129 11.9409898504 12.0885788382 10.1465148991 8.94914884428 13.1481564934 13.1926967335 13.4487022733 13.1887983612 12.3210430896 13.0198739931 12.8041256013 8.89995349517 7.14299470194
-9999 -9999 -9999 -9999 -9999 -9999 -9999 -9999 -9999 -9999 -9999 10.9967637249 14.5254079146 20.4053131838 20.07569106 20.0412519325 21.0585435325 21.1840104884 20.2372971811 20.5128340785 20.094009076 20.0367402225 19.5198477074 19.0981184828 21.393263321 20.7577359432 21.44193978 24.8072360281 24.0789914995 19.746018344 18.1732234253 16.6056248862 15.7161624936 15.7667946405 16.3941583196 15.749671275 16.5194163954 16.4723118983 16.5140015661 16.5489778375 15.6289014883 15.1947951081 15.011120841 12.3437779849 9.56109201114 8.55839913686 9.37189914063 9.9599548018 10.4121112525 12.3589609763 11.5721469888 12.1519318126 12.1023874929 11.8995633219 10.8728289524 10.7832331619 7.5017121377
-9999 -9999 -9999 -9999 -9999 -9999 -9999 -9999 -9999 -9999 -9999 10.3478780468 15.403355112 19.9757306451 19.9664566992 20.3019935802 20.2767613056 20.2790278626 19.8971221465 19.8859558691 20.0020645574 20.2984552562 19.5530188814 19.577490673 19.067476977 19.3155841257 21.8473101905 23.9027097875 19.6129238838 23.0424427493 21.2091604376 19.3244150917 13.9743435862 15.5471658179 15.6020067546 16.4221355533 16.4457177592 16.6049522687 16.3323099726 16.1099436073 15.1156093966 15.7987684982 14.60222409 14.7271799088 12.6041806162 10.6039326302 11.8635450516 12.9528931086 12.0500822476 9.84461660844 10.3142811335 10.4522846068 8.49119290592 12.2123728081 12.1583507713 11.4224246024 10.870355568
-9999 -9999 -9999 -9999 -9999 -9999 -9999 -9999 -9999 -9999 -9999 21.0087412781 19.8642232091 19.806510563 20.2421336655 20.3270188696 20.0887595073 19.7908888386 19.4380992471 19.6120899747 19.7939729008 19.8597578306 18.9614954214 18.8295277759 17.9755655297 18.3380263947 17.9929837961 17.877764328 17.2868904328 18.8216154969 18.9778709771 21.5640424785 21.5690640706 22.361715731 16.8333950063 10.3581193369 12.8464978522 11.1734727004 15.3009825066 13.2148446594 10.7380277038 15.0078444591 15.1400363787 15.7141251918 16.0672236694 16.8117703779 11.7522896048 11.026509958 10.5644114776 10.1181498224 9.32985278912 10.1228329519 10.5820636759 11.9761542212 12.6845145411 12.0231084115 9.74970033274
-9999 -9999 -9999 -9999 -9999 -9999 -9999 -9999 -9999 -9999 -9999 -9999 20.5736163738 19.9866810363 20.5807275491 19.9869772101 19.8887661243 19.9524593366 19.5749394635 19.8392875067 20.0613426783 19.7539152669 19.3185873111 19.1414898324 18.4567520596 18.6093670596 18.1109734435 18.2208067596 17.7602531204 17.581872414 17.2121331092 17.4121864274 17.3791436031 17.7997745182 19.2577000825 13.5157129321 14.9746115684 11.3647113806 12.1317752895 15.548106364 15.8696574128 14.9474553092 15.998686301 16.6002606442 16.7309329108 16.7098716666 13.1704565513 11.1152096552 9.07857858885 9.72804684754 8.6774016447 7.89179590241 7.12273253723 7.27432064282 6.65028923336 10.2243904148 6.55531845121
-9999 -9999 -9999 -9999 -9999 -9999 -9999 -9999 -9999 -9999 -9999 20.9612558156 20.9770180381 20.1670399521 20.1939726732 12.1473120311 17.5019497319 19.8763052142 19.221314864 19.4171962163 19.0460900755 18.978680488 18.4228720245 18.6004758274 18.2287076502 18.1799003005 17.4087208641 17.4330639876 17.1699461707 16.9379720706 16.0644784944 16.2759747518 15.5125154196 15.4297912956 15.441238371 14.6965304286 12.9197233901 8.73745267986 8.29694726095 13.5550948094 14.406177151 13.9380566591 17.3889430528 17.5680150362 18.1143935627 18.033055029 16.8232458987 14.1013719001 10.4548472355 10.597508436 8.29044431783 6.19185887808 5.55597783982 5.59017115812 5.21645585039 5.66667019899 7.42903845925
-9999 -9999 -9999 -9999 -9999 -9999 -9999 -9999 -9999 -9999 -9999 21.2201835877 21.1468054675 20.4076226024 20.1801055482 15.5210518462 19.3428472054 19.9201221189 19.7740488208 19.6328588366 16.2137289272 16.5000462228 18.5455821192 18.7266636313 18.3671242125 18.5355767077 12.6697532551 13.1459963845 17.1341785354 18.2619992101 17.5914714634 16.3919977899 15.3902401274 15.4333117273 15.2873450523 12.6258677169 10.0511623838 12.8961669829 8.92376163601 12.7070359603 13.6749705448 13.8052145047 16.0669506445 16.5942480504 16.8921383038 16.599480113 16.1653336155 16.2335160472 14.0133651449 12.9371102946 8.09750025443 8.39494251231 7.33526096518 7.05896329189 6.62086823898 6.19976929538 5.0158227361
-9999 -9999 -9999 -9999 -9999 -9999 -9999 -9999 -9999 -9999 -9999 20.9699193468 21.026514094 20.2100570424 20.0859795026 19.9865823478 20.0085452567 20.378450484 19.8126636782 20.3743010681 16.9371163978 7.63451958737 17.0683802761 18.9337860366 15.4324725255 15.445807201 16.5401023085 17.1900845439 15.8086348304 15.9239908027 15.5189283227 17.7010045656 17.1025110125 16.7781833978 15.0207653542 9.64825454612 6.67094236944 4.84247204581 7.83729941436 8.1755736212 14.3606474549 15.0210345778 14.1997634189 13.7896756871 14.3099823035 14.2601043853 14.7804489027 14.8333872848 13.3854937191 13.0580952686 8.44058215612 5.93994155979 4.90944697895 4.82004878865 4.68326496267 4.95855426287 5.71239067937
-9999 -9999 -9999 -9999 -9999 -9999 -9999 -9999 -9999 -9999 -9999 -9999 21.3727180639 20.7781112776 20.5475584852 20.0478347588 20.5299110778 20.5137932018 19.7028676402 19.7487189899 19.8825106212 20.511670639 17.8049052384 15.5084814904 14.9244232163 14.798106535 13.1764804712 13.5969794573 12.5496541058 11.606117719 9.96835600395 13.3458348772 14.7728255027 15.2788900958 14.4417183893 10.5431048939 7.97566706634 5.61997995287 9.54690985533 12.0663119456 14.2428370151 14.3411309741 14.6920836876 13.3391577874 13.939812851 14.058698443 14.247111261 14.4579396848 12.7748497025 13.5587503358 11.8861257143 8.41730985422 8.38252997862 7.76732029631 5.38127033805 5.58615040164 5.29357748111
-9999 -9999 -9999 -9999 -9999 -9999 -9999 -9999 -9999 -9999 -9999 -9999 21.8742362339 21.1296790608 20.5603314568 21.2390576288 20.3550472087 20.4678828025 20.4881567668 20.2155594019 19.9273353859 20.1001324434 19.7120125004 17.9369522506 16.0200475075 16.7183346793 16.4538697808 16.0529295155 14.1462243686 15.6222207555 13.4908418889 14.0616177841 17.3879161076 17.6042996419 15.2454816551 10.6047321115 7.32385669678 10.7522561578 12.9243377374 11.9796149233 13.764542937 13.6646459772 12.7100946955 12.5944292347 12.1281263128 11.4684364914 11.1841529171 11.5003096471 10.4385709389 11.4893499582 10.6769477133 10.2078605946 8.46182405761 4.05031075777 3.02469311323 3.87384199968 2.99516298757
-9999 -9999 -9999 -9999 -9999 -9999 -9999 -9999 -9999 -9999 -9999 -9999 21.471611477 21.1537039108 20.8268362792 21.2333060378 20.535605337 20.1631561273 20.5440974136 20.8726317101 20.0033108676 19.8455438956 19.4823282456 14.7874662839 15.8567986253 17.6515624574 15.7458707449 16.2009180016 14.411360741 13.4958552012 11.8694737226 11.3140320808 12.9005009266 15.1328921248 9.20062952463 16.3280190213 15.2136283155 11.2830861154 8.7865792249 7.82208978949 6.77096855677 7.15585964465 10.7104239927 12.8132625349 12.3962403077 12.5289556792 12.4042819548 12.3757735447 11.8147055879 12.2809924357 11.2780729869 7.86220845264 3.99988194466 3.20278191423 3.12010690446 3.35871335477 3.2644926259
