data/recharge/transience/recharge284.asc
ncols                  80
nrows                 72
xllcorner      4374000.0
yllcorner      5656000.0
cellsize            500
NODATA_value       -9999
[rows 25 to 49 of 72, columns 0 to 56 of 80]
-9999 -9999 -9999 -9999 -9999 -9999 -9999 -9999 -9999 -9999 -9999 -9999 16.9331044024 16.2823730169 13.1725806217 12.7710558595 8.62303182633 8.75948323883 6.48740132098 7.75716461397 6.27977549497 6.0760966907 4.78464669761 3.17469670429 3.76561237179 5.38164836527 4.56605614408 4.20107116398 2.8902881173 2.30103200119 1.85619117023 1.63287665028 1.613454202 1.64078538919 0.500404777124 1.47604072114 1.85606146957 1.01807682089 0.711997392597 1.40801473856 1.3302884217 1.0204236728 1.7453974806 2.48642598753 2.47193643581 2.55110400898 2.63904509983 2.61586448197 2.56935685804 2.83182017677 2.56430974272 1.55111864312 0.729709826304 0.53050789495 0.538918255003 0.579807227073 0.558116396694
-9999 -9999 -9999 -9999 -9999 -9999 -9999 -9999 -9999 -9999 -9999 -9999 -9999 13.4301849645 13.8621799386 14.5819146766 11.1747649753 10.2973725069 7.56512879684 6.79444901473 6.17400771389 7.42014373352 7.35192068207 7.59233844429 5.08015061048 3.88499308675 3.5582689099 3.06141795468 2.66533246504 3.07167754505 2.2655108705 1.99783243006 2.12566270046 0.920410866135 0.444721202487 0.604490872596 1.57291299367 0.719742927144 1.53507824313 1.08328010245 0.917591535022 1.20999368391 0.649919260891 0.924052343302 0.99643440873 1.31172996672 1.86784711934 1.77238044273 0.930408524205 0.555964889421 0.470776617845 0.514489622381 0.592204401863 0.637486790385 1.07562571179 0.425699933598 0.411561619424
-9999 -9999 -9999 -9999 -9999 -9999 -9999 -9999 -9999 -9999 -9999 -9999 -9999 -9999 12.4512814692 12.6126986178 9.97895467785 8.8157017105 7.49185514954 8.18945692956 6.30085688228 8.22167626248 6.67914954873 5.88523915496 3.53950468267 3.48930101155 3.81547287312 4.80096710471 2.98425544775 2.31184830926 2.32677194579 3.03460574237 3.06250493182 1.64498080191 0.632417370584 0.952891114292 1.09190364161 1.09783400962 1.23508489829 0.741646780496 0.754183014527 0.95294551587 1.18214434895 0.80039782822 0.542921362125 0.672027903338 0.536521717465 0.475676288288 0.479774167712 0.606104597605 0.560124391158 0.386845958077 0.363184975254 0.461197059632 1.53662636735 2.35342119256 1.21391804206
-9999 -9999 -9999 -9999 -9999 -9999 -9999 -9999 -9999 -9999 -9999 -9999 -9999 -9999 7.70265876019 12.0095849478 10.2764096253 9.30346815254 7.78948635553 8.34877330069 7.64334388336 8.2259070844 5.80612371998 8.12846175737 6.69798051793 6.62227126901 3.51137022105 3.91517925573 4.07120417734 4.16702607436 3.27856056643 2.96733113642 2.97618962038 4.90602564446 1.26160043977 1.3243638679 1.18092086869 0.738439194594 0.649098220065 0.65267697495 0.664952276368 0.84603824027 0.913625034436 1.03364933989 0.797389854398 0.588661585033 0.275917317878 0.57177879303 0.739428259467 0.40393403068 0.682508888117 0.83080233215 0.972457219932 0.928999846431 0.983574798823 1.06518972546 1.81260714621
-9999 -9999 -9999 -9999 -9999 -9999 -9999 -9999 -9999 -9999 -9999 -9999 -9999 -9999 11.4565381057 14.3209282108 11.7684264428 10.3207909147 9.36716575069 9.20379687559 7.40554004501 8.24422710291 7.6920119268 6.88641780968 5.04111796043 4.51216920402 4.7536533934 4.7131122353 3.25499928272 3.78406015993 3.29029625157 3.12594114919 2.65504001138 2.55825801754 4.20128258 1.29487193327 1.60090921312 1.31714674871 1.19616731578 0.620572491404 0.734285184827 0.928337838257 0.762759876407 0.798917883255 0.522609861329 0.610137478018 0.414430652246 0.643258631374 1.50503287488 1.57075181754 0.945432815279 0.387069486033 0.537307366063 0.40402974614 0.356258657548 0.586932340492 0.821265095857
-9999 -9999 -9999 -9999 -9999 -9999 -9999 -9999 -9999 -9999 -9999 -9999 -9999 -9999 18.8025045897 15.9330959151 14.5115838253 15.0051188909 12.2934601485 12.7908128891 9.27636857493 8.69268333308 7.47503379394 7.22667999015 4.70619954672 5.29010720749 4.16000335854 5.50037381131 4.21261293371 3.7981259321 3.57590938038 4.12055530113 3.49071216477 2.54307608741 1.46474394625 1.48559944757 1.19645528225 2.37667857876 0.925064860695 1.35271310128 0.308277493099 0.538810604548 0.472696349525 0.54298542327 0.427716030572 0.44213905302 0.83572379577 0.736757156546 1.85242845644 2.34982772808 1.23918121364 1.74761381961 0.998390613559 1.39390034489 1.34547820613 1.02312268167 1.24180494657
-9999 -9999 -9999 -9999 -9999 -9999 -9999 -9999 -9999 -9999 -9999 -9999 -9999 -9999 -9999 13.1706969068 11.9858827121 11.3687588445 11.1148637398 9.07403701363 6.7650907495 7.03187722572 7.54013257059 7.52128745688 4.64902642696 5.45121170599 4.19175477428 4.69596698142 5.28652235427 3.75083879604 2.7564541081 2.71899886246 2.30519170833 3.85409214974 1.62675144506 1.64708953702 1.42447545362 1.38675735716 1.288587137 0.789403010151 0.466568396295 0.625624324152 0.130013870898 0.199856387667 0.325511898743 0.227902565763 0.131684123604 0.143471687695 0.310909325997 0.585705615068 0.527166835686 0.446460432216 0.875361895892 1.95616966663 1.81081845606 1.76445417473 1.36532059293
-9999 -9999 -9999 -9999 -9999 -9999 -9999 -9999 -9999 -9999 -9999 -9999 -9999 -9999 -9999 -9999 11.8433235929 10.3949061148 10.4341166501 13.7211300711 11.604980838 10.7051563247 7.13181262003 5.60591602632 5.23790113064 4.71152157629 3.56104494239 3.61763178502 4.2574378364 4.1591541204 3.66640245376 4.1813679747 4.60874586288 3.37266854081 1.53392769609 1.74650707183 1.64501157714 1.82165435275 1.7567219207 2.32707061427 2.17983530545 1.95074695176 1.14064134436 0.22782052473 0.107035141853 0.0778262808044 0.0662756520418 0.491627819199 0.471388316778 0.32549718075 0.552956781984 1.0635806811 0.724479510811 0.54357234749 0.704137123311 0.591902790177 0.550464294879
-9999 -9999 -9999 -9999 -9999 -9999 -9999 -9999 -9999 -9999 -9999 -9999 -9999 -9999 -9999 -9999 12.3218022498 13.1140986475 13.639608076 11.548473391 8.61110453208 10.0350213663 7.70253177438 6.06208977883 4.96199490841 5.64691546318 3.93389051532 3.82221156239 4.27352611843 3.66464006459 3.13655023451 3.18685410001 3.32504303452 3.4411920136 2.46914568937 1.64894540493 2.18273719453 1.88819815518 1.72089558935 1.63380166361 1.08202528724 1.00305538647 1.28264404542 1.18700195853 0.441394237769 0.22346869354 0.241840310301 0.520515797486 0.31372525233 0.436964413295 0.748494630313 0.808967897075 1.27088850834 1.41100448157 2.03195329674 1.1585582881 0.557830372059
-9999 -9999 -9999 -9999 -9999 -9999 -9999 -9999 -9999 -9999 -9999 -9999 -9999 -9999 -9999 7.8505365657 8.03086155062 9.45094449322 11.1233187311 10.7260949044 9.1304541525 9.33752420715 7.0865491527 5.93222080724 4.52378255883 4.98000368467 4.05631805353 4.23404763664 4.32215099697 4.00940943416 3.34110461104 3.47257190152 3.38238142411 2.45673574847 1.55740778156 0.889302057384 1.12309727051 2.2991048284 1.98596533202 1.18453717826 0.667115533904 0.448552252687 0.263459213733 0.255491192913 0.290507938626 0.181341947514 0.469348264193 0.695895220372 0.486226922622 0.759549064672 0.554652349841 0.387622712722 0.48059600837 0.566455772869 0.682552910149 0.713801991407 0.93755800759
-9999 -9999 -9999 -9999 -9999 -9999 -9999 -9999 -9999 -9999 -9999 -9999 -9999 -9999 9.51276556764 8.91653121966 8.46346493715 8.88070746247 8.82998589277 9.71079150503 7.82702045898 9.0189108769 6.26562955369 6.60130121583 4.55448789826 4.23206301096 3.40821241507 3.92619582814 3.70240728589 3.69684487767 2.84984404609 2.94050900248 1.93160746797 1.98728799771 2.07831871617 1.76852989704 1.18001193278 0.841192557618 0.162985877326 0.414908886537 0.498516149309 0.17456315712 0.160101351797 0.184585326674 0.123045480498 0.101569764077 0.179467992149 0.511482592838 0.720051807773 0.519666910206 0.460279848798 0.453761908534 0.534792328854 0.517047210092 0.4972303058 0.545797546385 0.660674741635
-9999 -9999 -9999 -9999 -9999 -9999 -9999 -9999 -9999 -9999 -9999 -9999 -9999 -9999 10.9244111492 11.8114450267 10.2367494269 8.0887191401 6.49396605247 6.15185965568 6.29290762322 7.61915589634 6.23103020699 6.72323003812 4.57905751981 3.70809198237 2.86416127461 3.14262211718 2.80262191249 3.71729568101 3.45750745562 3.29690639615 3.25494494739 2.66732278739 1.95563028144 2.78562245843 1.59110875859 2.49250371446 0.733498336201 0.778513612073 1.45733425859 1.21035684632 0.240885253474 0.205362699507 0.184325925176 0.0938954637474 0.197450028801 0.927394567104 1.25511776252 1.61099594675 1.67407626079 1.64363725278 1.08448508673 0.883679775029 1.15991114742 1.08288795199 0.778117193543
-9999 -9999 -9999 -9999 -9999 -9999 -9999 -9999 -9999 -9999 -9999 -9999 -9999 -9999 -9999 -9999 10.5010342843 12.8930524097 12.8568719736 12.5453498969 9.11288555112 6.76887104329 7.42362400494 7.47760365267 4.96971683123 4.49015966734 2.11276038558 2.32411262827 1.71167913671 2.73844946011 2.8949320595 2.95845459775 2.74723929673 2.07296232239 2.31439270381 2.35298458258 2.00070018061 0.79924708281 1.70803909026 2.12728304825 1.01266849106 0.745655163842 1.10401903771 0.579876166367 0.118542726607 0.148159427793 0.138873672609 0.32133007223 0.676675090755 0.891595691531 0.89903024726 0.942669717898 0.855118427744 0.689579728135 0.436357124634 0.476378511529 0.901886443999
-9999 -9999 -9999 -9999 -9999 -9999 -9999 -9999 -9999 -9999 -9999 -9999 -9999 -9999 -9999 -9999 14.6108068081 13.7054566305 13.1259690969 9.07211806681 9.20493647549 9.23342933202 5.53102747905 6.06898580492 5.9052450532 5.71456038134 4.0556152235 3.73254026169 3.13993533813 3.29802247671 3.97974064089 3.59499597198 2.6096700573 2.28831003267 1.39170270633 1.55942382423 1.71619854441 2.24823705173 1.1971468755 0.959569134347 1.37318841872 2.07001133006 1.21931230486 1.32480973743 0.810365673101 0.124140846966 0.0640230910696 0.130770017167 0.560334160229 0.38928794372 0.308250352797 0.316042048006 0.256880160204 0.314949114315 0.32964646504 0.333619985511 0.343029227807
-9999 -9999 -9999 -9999 -9999 -9999 -9999 -9999 -9999 -9999 -9999 -9999 -9999 -9999 -9999 -9999 -9999 -9999 13.3681891024 10.5868868211 7.53448371713 9.03714527051 7.87076700131 7.45755892822 5.45894072482 5.10333279232 3.43586556929 3.63183707347 3.06431838673 2.95587336417 2.00658659215 1.63564011366 1.57296166451 1.94420295231 1.35263183898 1.93160532667 1.94805175139 1.19009952891 1.07891755684 1.61176525068 1.05267481347 0.873547415886 0.692753445326 0.684620896429 0.68811246956 0.500069071604 0.0840602301216 0.0819354552304 0.179816418726 0.251464898869 0.362562675334 0.4445694848 0.264634211022 0.275411469905 0.36944987781 0.409261009422 0.38394298551
-9999 -9999 -9999 -9999 -9999 -9999 -9999 -9999 -9999 -9999 -9999 -9999 -9999 -9999 -9999 -9999 -9999 -9999 -9999 7.9952875325 7.88054277349 8.81339981911 7.86832305 10.0934819158 6.62980889115 6.14163508298 4.13372628206 3.37620059407 1.96325656426 1.83714572952 1.87970021651 2.08277740259 1.47320647191 1.34871222387 0.90648030265 0.71269171883 0.685672687419 1.19676968087 1.08117033279 1.3343845426 0.895734950087 0.77420262907 0.587015166602 0.830829094815 0.889937342754 0.949327252325 0.361291441455 0.0709835222831 0.0610024385989 0.138431397873 0.216438322439 0.320613193962 0.254498291667 0.250707906593 0.362594413579 0.339556263795 0.275826748405
-9999 -9999 -9999 -9999 -9999 -9999 -9999 -9999 -9999 -9999 -9999 -9999 -9999 -9999 -9999 -9999 -9999 -9999 11.5013047248 12.9779404673 13.0019041237 12.5219048353 8.70238690757 7.62685660721 6.37993322555 6.47167421522 5.07714459324 4.24631142806 2.54008286168 2.19863932742 1.48489816095 1.69326527754 1.38881317437 1.42381096494 1.10855057177 1.49471666761 2.18397731138 1.98685491395 1.74750315275 1.61716185284 1.55348197731 0.893314764933 0.747858403845 0.620446359024 0.582337320873 0.509325152458 0.890330362522 0.515412446288 0.182374918575 0.0824756444513 0.137214405354 0.346813702956 0.638723948879 0.75219882368 0.565336198392 0.468472043832 0.440611779443
-9999 -9999 -9999 -9999 -9999 -9999 -9999 -9999 -9999 -9999 -9999 -9999 -9999 -9999 -9999 -9999 -9999 -9999 -9999 16.0144958805 15.1838054004 14.172343288 9.25210152347 7.97084545047 7.49121588346 7.33433850608 4.52069480599 5.47855292249 3.25652235808 4.37972436647 4.82816804982 4.75144236651 2.75618937056 1.63932841063 1.32958023725 0.878071706725 0.604164585396 0.486213757177 0.413255501564 0.413042372698 0.535129822787 0.943390826605 0.627678150218 0.860175105436 1.001340781 1.63152974543 1.25809804224 0.76905583261 0.282216488133 0.113023048956 0.0394175099025 0.361336046736 0.53659933624 1.23725901848 0.512696625349 0.173088274075 0.240460832183
-9999 -9999 -9999 -9999 -9999 -9999 -9999 -9999 -9999 -9999 -9999 -9999 -9999 -9999 -9999 -9999 -9999 -9999 -9999 -9999 11.8340473779 13.465485793 9.45073068254 8.27713795447 5.86089164521 6.94975020845 4.55424787956 5.76891113327 5.75197862922 4.96392147517 3.68033742534 3.45916478963 1.73452773238 2.51860119646 1.8147477052 1.70501547403 1.22045914441 1.57891613261 1.50404675457 1.34251991995 0.936596672919 1.46202453831 1.49443886294 1.20664155928 1.8838853597 1.50033870763 1.18640973059 1.42956341751 1.11580749523 0.489352825947 0.244480420215 0.137151475666 0.0658958299301 0.0474971433199 0.322259434152 0.0952963886905 0.112445920234
-9999 -9999 -9999 -9999 -9999 -9999 -9999 -9999 -9999 -9999 -9999 -9999 -9999 -9999 -9999 -9999 -9999 -9999 -9999 -9999 -9999 12.5253356334 10.5279939934 10.5393633492 5.45555082085 4.80531649355 4.54016666629 6.15318586253 4.62234226719 4.20252401265 4.27183208284 4.48445086657 2.30285623038 2.15401614334 2.89671045752 2.64822658913 1.89020239105 1.24093648009 1.04823070977 1.12249986858 1.79893930285 1.9813646477 2.32216926406 1.24279892276 0.959386302803 0.619885393729 0.926776873723 1.07871202229 1.12741861153 1.55656978731 2.74977401782 0.916136285941 0.556518861319 0.124652661656 0.0396791393493 0.0544451062495 0.0761682365601
-9999 -9999 -9999 -9999 -9999 -9999 -9999 -9999 -9999 -9999 -9999 -9999 -9999 -9999 -9999 -9999 -9999 -9999 -9999 -9999 -9999 9.87680390553 8.70588188116 8.75634889838 7.13698381891 8.18681525466 5.87907073738 5.32850121657 3.82759877224 5.15636190842 4.59813143392 4.1786267125 2.77642653438 2.21040189746 1.03609470136 1.52545574725 1.26136494008 1.29792651259 1.10601440506 1.69602783693 1.83962081816 1.70157876702 1.12626802362 1.06213072428 1.51999757208 1.39346340739 1.29196344143 1.23745711968 0.766724685005 0.797783662299 1.34296638219 0.863624388117 0.165180504713 0.0834205079891 0.0758914413641 0.044132595542 0.0565216913078
-9999 -9999 -9999 -9999 -9999 -9999 -9999 -9999 -9999 -9999 -9999 -9999 -9999 -9999 -9999 -9999 -9999 -9999 -9999 -9999 -9999 -9999 9.31161959745 11.4631373761 8.26936819711 7.59146376397 5.51928680046 5.91393741269 3.84107072133 3.77920345382 3.55261148065 3.89080689395 2.53569634273 2.5712033653 3.07585274598 1.96998830822 2.05355017622 1.78638594453 1.58453173719 1.66179206203 1.74687451197 0.881122398886 1.04007303323 1.59436179041 0.683165494668 0.574747403543 0.476646604788 0.675292039344 1.09424231789 0.989422405718 0.735827334409 0.674563369819 0.38187691471 0.102253056058 0.0436098865064 0.0366773878824 0.0492886301288
-9999 -9999 -9999 -9999 -9999 -9999 -9999 -9999 -9999 -9999 -9999 -9999 -9999 -9999 -9999 -9999 -9999 -9999 -9999 -9999 -9999 -9999 9.87574644198 9.43506640658 7.70960873223 8.92850671876 6.27770518166 4.86271556734 4.27145943795 4.52802458584 3.503423116 3.68964255524 3.45119233755 3.11350732793 2.04541107377 3.35621271397 1.87065140634 1.71827229691 2.27852788033 2.14898496443 1.09334032656 1.81036241167 1.07429693903 0.733718850339 0.644440404742 0.877985740658 1.3405881974 1.35673093896 0.646007816986 0.523722236756 0.335321193718 0.546718376255 0.0762625589647 0.192316755783 0.109730423457 0.096034629124 0.0784876622454
-9999 -9999 -9999 -9999 -9999 -9999 -9999 -9999 -9999 -9999 -9999 -9999 -9999 -9999 -9999 -9999 -9999 -9999 -9999 -9999 -9999 -9999 9.53302312324 10.8904622482 10.2334036435 9.12880619495 6.49963926775 7.19798762992 5.09206835745 5.93070664546 4.10130164845 3.30046937398 2.66661837913 3.0604095373 3.42455899608 1.82645723324 1.7064101927 2.80548325009 2.13925924628 1.80326418276 1.80640468089 1.21614861903 0.707153258362 1.0337643747 1.52562360476 1.32345784542 1.29333295125 1.02737113154 0.772612658071 0.774424204959 1.23983523725 0.926766269627 0.168443953925 0.152368928941 0.209474603668 0.236437518267 0.126074763652
-9999 -9999 -9999 -9999 -9999 -9999 -9999 -9999 -9999 -9999 -9999 -9999 -9999 -9999 -9999 -9999 -9999 -9999 -9999 -9999 -9999 -9999 -9999 11.8607463107 11.4159834342 9.53291013866 5.90650095825 6.72783064461 4.95959358339 5.43486774435 4.17921088111 4.84284929628 3.90474559339 4.8149839123 2.68589724617 3.25052993196 3.28982477006 2.5344924466 1.2078650583 1.0726619949 0.671619071855 1.09699862195 1.64750378341 1.71230549896 1.36572892621 1.11856129699 0.498124203482 0.425123937263 0.448827261648 0.507363587142 0.408574276573 0.576951288615 0.693446877658 0.472512683142 0.139699955109 0.114974936803 0.511429678748
