data/recharge/transience/recharge455.asc
ncols                  80
nrows                 72
xllcorner      4374000.0
yllcorner      5656000.0
cellsize            500
NODATA_value       -9999
[rows 0 to 24 of 72, columns 0 to 56 of 80]
-9999 -9999 -9999 -9999 -9999 -9999 -9999 -9999 -9999 -9999 -9999 -9999 40.1670088367 41.1500828533 -9999 -9999 -9999 -9999 -9999 -9999 -9999 -9999 -9999 -9999 -9999 -9999 -9999 -9999 -9999 -9999 -9999 -9999 -9999 -9999 -9999 -9999 -9999 -9999 -9999 -9999 -9999 -9999 -9999 -9999 -9999 -9999 -9999 -9999 -9999 -9999 -9999 -9999 -9999 -9999 -9999 -9999 -9999
-9999 -9999 -9999 -9999 -9999 -9999 -9999 -9999 -9999 -9999 -9999 -9999 34.0909080371 33.250344989 32.8459410036 -9999 33.1160575671 -9999 -9999 -9999 -9999 -9999 -9999 -9999 -9999 -9999 -9999 -9999 -9999 -9999 -9999 -9999 -9999 -9999 -9999 -9999 -9999 -9999 -9999 -9999 -9999 -9999 -9999 -9999 -9999 -9999 -9999 -9999 -9999 -9999 -9999 -9999 -9999 -9999 -9999 -9999 -9999
-9999 -9999 -9999 -9999 -9999 -9999 -9999 -9999 -9999 -9999 34.6593460755 33.7912435436 34.072390766 33.383120641 32.0255625958 31.9199380608 31.0189044957 31.4224998741 -9999 -9999 -9999 -9999 -9999 -9999 -9999 -9999 -9999 -9999 -9999 -9999 -9999 -9999 -9999 -9999 -9999 -9999 -9999 -9999 -9999 -9999 -9999 -9999 -9999 -9999 -9999 -9999 -9999 -9999 -9999 -9999 -9999 -9999 -9999 -9999 -9999 -9999 -9999
-9999 -9999 -9999 -9999 -9999 -9999 -9999 -9999 -9999 34.236566454 33.8959506395 33.9916410025 32.9628105331 33.1967824106 32.8268177564 32.4626967243 31.6558302532 32.8326309242 -9999 33.5849560889 -9999 -9999 -9999 -9999 31.346250858 32.1392714295 -9999 -9999 -9999 -9999 -9999 -9999 -9999 -9999 -9999 -9999 -9999 -9999 -9999 -9999 -9999 -9999 -9999 -9999 -9999 -9999 -9999 -9999 -9999 -9999 -9999 -9999 -9999 -9999 -9999 -9999 -9999
-9999 -9999 -9999 -9999 -9999 -9999 -9999 -9999 35.1570329775 34.5855701416 33.4848837532 33.5748942271 33.0702437491 32.8954362475 32.4040455255 32.5672508244 31.2411444588 30.7739590403 31.1177269418 32.3438367279 31.8620595007 32.2085436784 -9999 31.0682450575 31.9396370303 32.3856756074 -9999 -9999 -9999 -9999 -9999 -9999 -9999 -9999 -9999 -9999 -9999 -9999 -9999 -9999 -9999 -9999 -9999 -9999 -9999 -9999 -9999 -9999 -9999 -9999 -9999 -9999 -9999 -9999 -9999 -9999 -9999
-9999 -9999 -9999 -9999 -9999 -9999 35.7726671623 34.5329448647 34.1754740743 34.2601950884 33.9906973934 33.9619165389 33.4152757659 33.3774749355 32.5155369415 32.7377306856 31.689733897 31.1582262744 32.0521137811 31.9686034326 31.6165194651 31.8272072606 31.9915566321 31.2154409046 31.6820555151 31.7366119501 32.1661656707 -9999 -9999 -9999 -9999 -9999 -9999 -9999 -9999 -9999 -9999 -9999 -9999 -9999 -9999 -9999 -9999 -9999 -9999 -9999 -9999 -9999 -9999 -9999 -9999 -9999 -9999 -9999 -9999 -9999 -9999
-9999 -9999 -9999 -9999 -9999 -9999 35.552358872 34.732753771 33.5331845579 33.3178945651 32.9362074151 33.5765411958 32.7989680733 32.1390183208 31.3626516828 31.5096889902 31.1966144931 25.6627403434 30.5580080118 30.9629941675 31.0731220372 31.7959637472 31.8229411792 31.5046339979 31.1197690143 30.5551546134 31.9373435993 32.6721148872 33.2209521493 33.1386217475 33.3370405681 33.5259591426 -9999 -9999 -9999 -9999 -9999 -9999 -9999 -9999 -9999 -9999 -9999 -9999 -9999 -9999 -9999 -9999 -9999 -9999 -9999 -9999 -9999 -9999 -9999 -9999 -9999
-9999 -9999 -9999 -9999 -9999 35.8717825761 35.3511810534 35.1244415569 34.1520393567 34.1726614379 33.6578772654 33.1751960933 32.1141746424 31.9234832161 31.8949711157 32.3298907193 25.1924235482 13.5824866154 24.5937844584 31.0575430629 31.1791406246 31.058467925 31.4822293013 31.5925709901 31.4849216149 31.7254868094 31.8119861484 31.8644195228 32.8003826227 32.813846741 32.6804652806 33.0521717201 32.5451505712 32.4920128791 -9999 -9999 -9999 -9999 -9999 -9999 -9999 -9999 -9999 -9999 -9999 -9999 -9999 -9999 -9999 -9999 -9999 -9999 -9999 -9999 -9999 -9999 -9999
-9999 -9999 -9999 -9999 -9999 35.8421908933 34.8759748367 34.9879139043 34.3334989916 34.1754578056 33.7560436158 33.8595708704 24.6426433223 20.0972102134 32.9627555565 32.5413793385 27.6287319679 11.6299223159 20.5836524489 27.3324548027 30.8712705918 31.0285925264 31.8300398298 31.8013070005 31.7230843776 30.8216724851 30.83945147 30.3698211482 31.6846970905 30.3798906095 29.8920123759 31.4952509544 32.2439034961 32.2020634669 31.7324665395 32.2660290936 -9999 -9999 -9999 -9999 31.9634668157 31.740010137 -9999 -9999 -9999 -9999 -9999 -9999 -9999 -9999 -9999 -9999 -9999 -9999 -9999 -9999 -9999
-9999 -9999 -9999 -9999 -9999 35.6988882824 35.1467439828 34.581529872 34.3062254447 34.644028521 34.2671816431 34.1725625994 33.1490469849 32.6441783078 33.3241758746 32.5280295864 31.1744423503 32.7881584368 32.6539116694 32.1948089592 31.3069055285 30.8955972532 31.1466702191 31.0144584584 31.659027183 31.0863710534 30.7654344586 29.9919903577 31.5647578337 29.7816091057 21.1636248942 27.1284670744 32.0530095604 31.4710563873 30.7342818704 32.2126243194 32.1638569069 -9999 -9999 32.3157370034 32.1829771223 32.1543584826 31.8471432163 -9999 -9999 -9999 -9999 -9999 -9999 -9999 -9999 -9999 -9999 -9999 -9999 -9999 -9999
-9999 -9999 -9999 -9999 -9999 -9999 35.6683171932 35.2089780183 34.8426589007 35.0537529357 34.2845389547 34.2933412372 34.1508011918 34.115088305 32.335977796 32.2481849376 31.8494010857 31.9275852034 31.4650857828 31.830921065 31.7002319441 31.6064389341 31.3690917455 31.9910809607 31.7460583357 31.3887554244 29.5534188317 29.5712327488 30.3729993576 31.2677774961 29.61151403 31.3520501812 30.4242814334 30.5755673681 30.6550396754 31.5661773181 31.1942984201 29.9026241074 31.9930549705 31.8193568792 31.7124412761 32.3645625439 30.3444630357 28.6395570351 -9999 -9999 -9999 -9999 29.950759194 29.1784524968 8.90510645228 -9999 -9999 -9999 -9999 -9999 -9999
-9999 -9999 -9999 -9999 -9999 -9999 -9999 35.6759470117 34.8296999658 34.8122899664 34.559229639 34.7045895301 33.9042936728 32.9569644699 32.1324121437 32.6397713026 32.290435462 32.6356917996 32.358185936 31.8459087558 31.3214162526 31.1520732319 31.1983504986 31.5789727848 31.5823703701 31.0127702647 30.0388907654 30.3621790722 31.3346511337 30.9309601258 30.5229401921 30.381255421 30.5648253175 30.7824096461 31.7097812898 31.8003788424 31.2407762914 31.058591368 32.0216312396 31.9108392054 30.5496378365 30.0841635182 23.832870924 19.5688289736 17.3030814242 18.4576459454 18.9292814638 17.3162879154 16.5119708374 23.7207518391 26.1040361578 22.4104196202 -9999 -9999 -9999 -9999 -9999
-9999 -9999 -9999 -9999 -9999 -9999 -9999 -9999 34.9169220918 34.8676644118 34.70027606 34.7005692481 33.6720686877 34.128709849 34.0623683606 33.9817476351 32.7086493635 32.9746288769 32.1650056138 32.0754929435 32.55424735 32.4733809917 35.5494449676 28.9742941247 26.7416552894 28.6407004162 30.8974085114 30.736767735 29.7380583303 28.1610699027 29.4888955442 29.1033797383 29.460593271 29.0571991413 30.0099986532 30.8110254199 31.1702602586 31.4188682055 31.2792284014 31.2797445021 29.750789771 24.6019532969 17.2563342791 16.3859045651 15.6416126006 14.8237338723 15.5797049676 14.5345758268 13.4377858261 20.3319207719 23.3962490317 24.0301820154 22.1172129918 -9999 -9999 -9999 -9999
-9999 -9999 -9999 -9999 -9999 -9999 -9999 -9999 35.1726967981 35.0951375029 34.5230768558 34.6394783458 34.171892597 34.2059178973 33.7477396339 33.4568287815 32.091525301 32.4252994187 32.1467727241 32.2285539716 32.2158854878 32.4853252299 38.9345121969 36.4661115364 31.1515593079 24.780713099 30.1279675045 33.0259226976 29.6101357894 27.8388137399 27.6039610354 28.8170831592 27.7267131741 28.7178587239 30.7301055427 14.3404412421 31.606325674 31.2750408477 31.1855377136 31.1342298351 30.8634738425 25.0124483672 16.5967264526 16.5257909164 14.8758432033 14.7730501279 15.463672153 14.7452168045 15.0663373853 24.8481828019 23.6840663441 23.7355904562 23.3548695688 26.008367716 23.5963347802 24.1482732086 -9999
-9999 -9999 -9999 -9999 -9999 -9999 -9999 -9999 -9999 34.8282284725 34.5096479305 34.5997860888 34.3859631983 33.9103505798 33.3121896934 33.3027911522 33.2706526141 33.0001048477 33.0218038456 33.1428933674 33.3944534623 32.7665042034 35.7783396382 46.5853106424 38.4857324143 35.5881892229 26.5270569208 23.9538269709 24.0617456517 29.9987150611 28.8829147017 28.8494904932 28.1516422122 26.3057804788 27.9163209868 26.1430490767 30.796925269 30.5429776968 30.1016904039 30.1251242919 29.6218939362 28.6192047275 15.8531076647 17.0847933526 14.2743366432 12.9724325042 11.6292024602 12.1739968577 19.7022351161 21.1808912245 20.6346100892 20.3119113772 20.8853050081 23.6596809018 23.3755893762 13.662359867 9.75654104508
-9999 -9999 -9999 -9999 -9999 -9999 -9999 -9999 -9999 -9999 33.91291036 34.2157339089 34.3841833445 33.9901942794 33.1264708247 32.9413223727 33.540334169 34.0710356252 33.7656272696 33.1795362454 32.5215121942 32.1611751494 31.1435786299 36.2949670669 31.1109638831 36.3614542415 31.7558430606 26.0928734772 18.996636352 25.4535897104 29.6964565648 29.6898508784 29.9804996913 27.9541353218 30.2419159336 30.1927456688 30.6394205909 30.5295221705 30.1611205492 30.1998670365 29.8929116055 28.959151811 24.223285153 16.4025945756 18.0444682355 17.4987387538 14.9616968115 13.5550195392 22.1537207543 22.5374536295 21.9410515352 21.5191363727 19.5669902323 22.0655071022 22.1029673303 12.5903374098 9.67413403407
-9999 -9999 -9999 -9999 -9999 -9999 -9999 -9999 -9999 -9999 -9999 18.6775168839 24.0158814157 33.9506512563 33.0134000562 32.8060742373 33.436185734 33.508555577 32.4778972396 33.1018732394 32.9636144521 32.6966472677 31.4900036159 30.2337807433 30.3275974465 22.0327551544 25.1052495817 32.6596329669 30.6895174166 31.8997864131 31.5644025769 27.5412321769 26.5823076543 27.1241260563 27.9112824505 26.452260225 29.1379050541 29.0733097724 29.2715378293 29.304638331 28.1202952334 27.1623647342 27.1791024069 20.9764879484 14.8451448449 13.068857212 13.3140737462 15.0455624747 17.0874006637 22.0484063571 19.4109534521 22.0639748365 22.0082339042 21.4814536383 19.5374123751 19.14619961 11.2915829008
-9999 -9999 -9999 -9999 -9999 -9999 -9999 -9999 -9999 -9999 -9999 17.5103785751 25.742502014 33.1856002099 32.9856454021 32.9255223354 32.5073482893 32.3680484239 32.8839051972 32.8687495925 32.8999161342 33.2697627322 31.5675213565 30.899151515 30.6960124592 31.687102694 31.0452114226 31.0040471845 23.6640455149 24.7892733401 26.6650003459 25.0536095485 14.7013086235 17.2005113567 21.1474215907 27.6707930435 29.0569337608 29.2531486412 29.0309141373 28.4831830058 27.9826774416 28.2613863044 26.375828497 26.6675456594 22.0018495259 16.5422486749 17.8928617158 19.3952995712 17.6604311921 14.7360254473 14.1207289532 14.2561724033 12.1326125314 20.9863022512 21.3240465725 20.3429447473 19.155652397
-9999 -9999 -9999 -9999 -9999 -9999 -9999 -9999 -9999 -9999 -9999 34.8816460819 33.3007567218 33.1861829318 32.7267527027 32.4622394507 31.6789390276 30.9042113373 31.3168308113 31.7586863423 32.1575159428 32.2411607463 31.0105508913 29.8073933726 29.8268092084 30.6180358418 30.3916957836 30.2428568339 29.4740579767 28.3238314347 23.3369794682 27.7088640302 29.4901661381 29.5855584961 16.0832164589 13.9713082184 11.7687185686 10.3413997088 26.476374171 20.9650356902 18.4747347654 26.9199829559 27.3586104561 28.2845283359 28.8879927697 28.4092008298 17.1279275168 16.1299311645 15.181199233 14.6717075412 12.3015956041 13.2816694418 13.3085472938 15.2972755411 20.4448839335 18.1210953712 20.1422293873
-9999 -9999 -9999 -9999 -9999 -9999 -9999 -9999 -9999 -9999 -9999 -9999 33.9364766439 33.4537570516 33.1949124674 32.4881832502 31.8736620726 31.5991131218 30.7742418768 32.172467991 32.4403608505 32.0945737298 31.7131548796 31.3764731888 30.8084757539 30.9805193861 30.5379172368 30.6935148598 30.2364891689 29.9800123544 29.626561679 29.8669985725 27.8443638511 21.9554606301 21.0383355546 20.9273302989 23.6878345064 9.0379093535 12.6787158186 27.712295204 28.460994318 26.6312475572 28.7369047688 29.5419720797 29.7101547102 29.7046615069 20.7802521538 16.247455564 13.3417050657 14.2283776464 11.9284719038 10.4097258497 8.97111725767 9.07246587072 8.1865577056 11.1010044436 8.63941787793
-9999 -9999 -9999 -9999 -9999 -9999 -9999 -9999 -9999 -9999 -9999 34.6248213722 34.5038228593 33.599745589 32.9760868255 19.9529265614 28.2765609147 32.0382773557 30.9442465745 31.6982545945 31.1915151684 31.1068345763 30.4790838069 30.6827109659 30.4189861253 30.3461422492 29.5220173861 29.5207597889 29.490609262 29.2142458841 27.7056688447 28.0250835171 26.7452706625 26.62199066 26.6778714643 13.9970732064 12.0688039694 5.2373199278 4.17692695957 22.9670525803 25.5729766945 24.043735464 29.8840408939 29.9977590849 30.7093749682 30.6155333272 28.679072651 20.4395143 14.4831466936 14.5804800651 11.1236718042 8.18021670729 7.13512115229 7.18010008384 6.49362228603 7.03981635488 9.02401394811
-9999 -9999 -9999 -9999 -9999 -9999 -9999 -9999 -9999 -9999 -9999 34.9258328701 34.8472758314 33.9568400825 32.9414382 25.2047605393 31.3159782554 32.1664872302 32.0629655679 31.9687298551 26.5709894675 27.351535723 30.9816248208 30.8965242106 30.6270711633 30.6471709576 20.2478454531 21.961632075 28.8795048749 30.8916971264 29.9205527298 28.201854215 26.5621643806 26.6275426334 26.4377079624 14.7129539714 6.96650063634 12.0823681314 5.92144056904 17.0207260247 24.2462071584 24.1674211862 27.0017946614 28.3438905559 28.5369555478 27.985584769 27.644863992 27.4654199578 22.3726748061 19.7700102297 10.844390624 10.9659221801 9.48259420134 9.04226991917 8.23977065138 7.72779281218 6.14823604148
-9999 -9999 -9999 -9999 -9999 -9999 -9999 -9999 -9999 -9999 -9999 34.8996657042 34.9077560163 33.8127587793 33.3680319279 33.2410109626 32.1684489263 32.4086759071 31.9172038651 32.8194200555 26.7430922686 12.5201052357 26.9278921806 26.2294812381 20.4680827362 20.4792832319 23.018805743 25.7937176002 24.3092766556 25.4172905975 25.0112042475 29.5110506392 28.6654899511 28.1403050515 25.4253972698 9.97578305291 3.04443735235 1.95175483238 4.21425574329 9.76174282628 24.5883321623 26.1564345035 24.1596603173 22.1899328882 22.3123063554 22.3508595907 24.0227554356 24.5802235473 22.6385434679 22.3700456544 13.2412113074 8.05010353739 6.82891959566 6.90351596226 6.70187451402 6.75447192144 7.502344975
-9999 -9999 -9999 -9999 -9999 -9999 -9999 -9999 -9999 -9999 -9999 -9999 35.2821987664 34.6354028524 34.0120009491 33.251664038 32.5554944891 32.6287980353 31.757464419 32.018266433 31.7795231799 32.7959779143 24.4423128567 20.2807389585 19.699513397 19.518256747 17.6137370714 18.1379802564 16.9718271948 15.8405702386 13.8681349387 20.7747586427 25.0943260772 25.7672204142 24.6653175418 6.96204449651 3.92179550847 2.46781496349 5.95877981428 13.9309609132 24.6063352766 24.9353933529 25.0474011655 22.4306782297 22.3605442593 22.4596748602 22.5116016765 23.9130542877 21.7199445721 23.220560576 20.7614704392 11.2613493978 12.3574808367 11.462897963 7.24152019084 7.83613218697 7.21478997472
-9999 -9999 -9999 -9999 -9999 -9999 -9999 -9999 -9999 -9999 -9999 -9999 35.8885661202 35.0252309782 33.8573535476 34.3360015796 32.9213714438 33.0682842842 32.2514648643 32.1104854416 31.9753109778 32.2522193714 28.5029176943 23.9666114419 21.2954585896 24.7928588333 23.268219681 20.809207493 18.0744366759 20.3638567703 17.4039183466 18.323332229 26.9258547659 28.5498766081 17.0655434705 5.625445715 5.97633590352 6.37431039106 10.6827455543 11.9639058123 21.811385281 23.3554843122 22.1962048699 22.0879423941 21.8221157742 20.7047591207 19.4250418869 19.5710198826 18.0582424292 20.0650014927 18.6622583846 17.0814518213 14.18700371 5.03159714049 3.40050597288 4.1927926641 3.67132416027
