data/recharge/transience/recharge90.asc
ncols                  80
nrows                 72
xllcorner      4374000.0
yllcorner      5656000.0
cellsize            500
NODATA_value       -9999
[rows 0 to 25 of 72, columns 0 to 56 of 80]
-9999 -9999 -9999 -9999 -9999 -9999 -9999 -9999 -9999 -9999 -9999 -9999 7.02591856118 7.23759983417 -9999 -9999 -9999 -9999 -9999 -9999 -9999 -9999 -9999 -9999 -9999 -9999 -9999 -9999 -9999 -9999 -9999 -9999 -9999 -9999 -9999 -9999 -9999 -9999 -9999 -9999 -9999 -9999 -9999 -9999 -9999 -9999 -9999 -9999 -9999 -9999 -9999 -9999 -9999 -9999 -9999 -9999 -9999
-9999 -9999 -9999 -9999 -9999 -9999 -9999 -9999 -9999 -9999 -9999 -9999 13.1227277669 10.6714572443 9.20567001467 -9999 9.83640300788 -9999 -9999 -9999 -9999 -9999 -9999 -9999 -9999 -9999 -9999 -9999 -9999 -9999 -9999 -9999 -9999 -9999 -9999 -9999 -9999 -9999 -9999 -9999 -9999 -9999 -9999 -9999 -9999 -9999 -9999 -9999 -9999 -9999 -9999 -9999 -9999 -9999 -9999 -9999 -9999
-9999 -9999 -9999 -9999 -9999 -9999 -9999 -9999 -9999 -9999 9.68486400372 9.69553205461 11.320807462 11.7865669285 8.33185148011 7.20662335205 6.04427473438 6.18183853146 -9999 -9999 -9999 -9999 -9999 -9999 -9999 -9999 -9999 -9999 -9999 -9999 -9999 -9999 -9999 -9999 -9999 -9999 -9999 -9999 -9999 -9999 -9999 -9999 -9999 -9999 -9999 -9999 -9999 -9999 -9999 -9999 -9999 -9999 -9999 -9999 -9999 -9999 -9999
-9999 -9999 -9999 -9999 -9999 -9999 -9999 -9999 -9999 9.54360229037 9.71783843049 9.52100165657 9.40707765519 10.0530400295 8.73781974368 8.10053848985 7.0575536195 9.31063415697 -9999 9.78053578854 -9999 -9999 -9999 -9999 7.58812147799 8.26325012527 -9999 -9999 -9999 -9999 -9999 -9999 -9999 -9999 -9999 -9999 -9999 -9999 -9999 -9999 -9999 -9999 -9999 -9999 -9999 -9999 -9999 -9999 -9999 -9999 -9999 -9999 -9999 -9999 -9999 -9999 -9999
-9999 -9999 -9999 -9999 -9999 -9999 -9999 -9999 14.4230391425 12.0801046012 9.48477800302 8.9692506015 8.4319804228 7.59654344387 7.61062969284 7.0848804057 6.38896775681 6.28276544906 5.9404242783 7.04328781629 6.81221208469 7.3807611837 -9999 6.68708957359 9.13951328915 8.98524389812 -9999 -9999 -9999 -9999 -9999 -9999 -9999 -9999 -9999 -9999 -9999 -9999 -9999 -9999 -9999 -9999 -9999 -9999 -9999 -9999 -9999 -9999 -9999 -9999 -9999 -9999 -9999 -9999 -9999 -9999 -9999
-9999 -9999 -9999 -9999 -9999 -9999 11.7329218252 9.96435313868 9.95400114381 10.5788777205 11.2258103566 11.403566548 9.71763951079 9.01032636889 7.42636977866 8.25055448937 6.67198097629 6.22321476702 6.82882935352 6.93681100658 6.5382208453 7.0990629666 6.55487666803 6.75373214959 7.65340297056 7.27968371969 7.91024933822 -9999 -9999 -9999 -9999 -9999 -9999 -9999 -9999 -9999 -9999 -9999 -9999 -9999 -9999 -9999 -9999 -9999 -9999 -9999 -9999 -9999 -9999 -9999 -9999 -9999 -9999 -9999 -9999 -9999 -9999
-9999 -9999 -9999 -9999 -9999 -9999 12.5054304299 11.3157360894 8.97015581296 8.56876824348 7.86986878881 8.16083053383 7.73228246564 7.28388478824 6.5507813311 5.63676518368 5.6598235781 6.13349769495 5.94470675887 5.14574615228 5.4912858352 6.75235082912 6.1167230358 6.12343939079 6.18831781878 5.66310530082 7.79536311819 8.14761297052 8.08352195458 7.44194416592 9.45438306883 9.2825131826 -9999 -9999 -9999 -9999 -9999 -9999 -9999 -9999 -9999 -9999 -9999 -9999 -9999 -9999 -9999 -9999 -9999 -9999 -9999 -9999 -9999 -9999 -9999 -9999 -9999
-9999 -9999 -9999 -9999 -9999 15.8110805051 13.1808774747 13.1108955608 11.7651433418 12.7452217712 11.6829209789 10.1471134589 7.39796228659 8.04634549657 7.45296594519 7.49559868246 6.7985657734 6.32277112206 7.09560191535 5.2869948348 5.53119041576 5.23622729814 5.64829201062 5.92641904948 6.37447057145 6.76081629067 7.44412084876 7.01253357538 7.63324784144 7.37452853961 6.87354248943 7.40809868495 6.27195468759 5.91511118712 -9999 -9999 -9999 -9999 -9999 -9999 -9999 -9999 -9999 -9999 -9999 -9999 -9999 -9999 -9999 -9999 -9999 -9999 -9999 -9999 -9999 -9999 -9999
-9999 -9999 -9999 -9999 -9999 16.1147882971 14.3522701884 14.4720888219 12.193562337 11.0487811913 10.4818756899 11.3607668593 8.88373394711 8.41970488844 9.92118149988 11.2668467033 7.65937542696 4.68376021042 6.50884429091 5.63032123805 5.25246148308 5.49758002424 6.47756776277 6.1076445424 5.57187766841 4.86937342423 5.75671753253 5.00353616442 5.67127380138 5.86392339672 5.61338944748 5.52604010474 5.84878956745 5.45424362576 5.81367476482 5.39157327384 -9999 -9999 -9999 -9999 6.16493972037 5.82981811423 -9999 -9999 -9999 -9999 -9999 -9999 -9999 -9999 -9999 -9999 -9999 -9999 -9999 -9999 -9999
-9999 -9999 -9999 -9999 -9999 14.7139205818 13.2431433423 13.6496611537 12.9598696537 13.9489306366 12.4269957657 11.7074855731 9.93730098049 12.0282576945 11.1139590228 9.14072168887 7.58691093275 9.4864914206 7.65632308893 8.4299698623 6.47749527917 5.18661634803 4.9336196552 4.63034166522 5.40683674322 5.1088688897 5.38548178828 4.65551679725 6.03102712266 5.4790019473 4.73864070851 5.31174532372 5.73654875493 5.60471790191 5.34964559369 5.74503487215 5.72644352778 -9999 -9999 6.12495485531 6.83913158636 6.47993869444 7.65260355184 -9999 -9999 -9999 -9999 -9999 -9999 -9999 -9999 -9999 -9999 -9999 -9999 -9999 -9999
-9999 -9999 -9999 -9999 -9999 -9999 16.7887375886 18.2910144337 14.5883414401 13.7275606588 11.4166143445 12.7703930111 13.3910493885 13.2203028449 8.51083097272 7.51073099629 7.79175677461 7.4846141278 6.00249359329 5.84612176915 5.81446218589 6.18927836561 5.49253254802 6.11664398683 5.23067141199 4.47481380695 3.75909285416 4.27698866094 4.14382666508 4.15196763283 4.10976728369 4.62999983172 4.45440128708 4.24549085526 4.62592453747 4.93548899738 5.19200205263 4.55307641706 5.61065292215 5.37628160129 5.39360548972 6.81415321168 5.39718939124 4.56914095955 -9999 -9999 -9999 -9999 7.67870841021 6.73784741386 2.91838298727 -9999 -9999 -9999 -9999 -9999 -9999
-9999 -9999 -9999 -9999 -9999 -9999 -9999 16.1058619914 13.0814219274 15.2745056007 14.5297434294 12.8813715056 10.7254693909 9.31664333588 8.98944211015 11.2695269245 9.98125132733 9.47425179656 8.70967428257 7.00820121924 5.32737596244 5.38048106128 5.0778437656 5.14885954835 4.62635240974 3.97641450683 3.91409756684 4.24030796955 4.22342691757 4.00587912609 4.303785382 4.21630548606 4.54381970359 4.20031994998 5.12224174282 5.06081317831 5.29108440865 5.23571988019 5.43823058941 5.42162504972 4.88677895987 4.6821741844 5.23304824899 6.05100165168 5.59115608903 6.15879437537 6.99243291318 5.99545383085 5.98440718822 5.33268123365 4.86127694343 4.46551728988 -9999 -9999 -9999 -9999 -9999
-9999 -9999 -9999 -9999 -9999 -9999 -9999 -9999 11.9468864367 11.2367089686 12.6348795769 14.28941789 12.4034672483 13.696255613 11.7795955045 10.7366769565 7.65693755028 7.70752558685 5.9092847934 6.8567857511 8.86366510551 8.39664031001 6.21348463811 6.35352334864 5.9256848808 5.80815181578 3.44283793937 3.6188481337 3.0833507011 2.62957952919 2.95447931266 3.19145357664 3.33004862137 3.12219070344 3.74042405425 3.99727285806 4.35772769557 4.6328604258 4.34497372965 4.24750680838 4.53328015482 4.65809996443 5.09325711829 4.64119585182 4.61796399912 4.193171041 4.94414012579 4.36170178265 4.18625646976 3.81308109294 3.68982826248 3.98344931228 3.33175214715 -9999 -9999 -9999 -9999
-9999 -9999 -9999 -9999 -9999 -9999 -9999 -9999 15.2561056105 13.0847247424 11.4972712236 11.5983836799 10.7356909215 10.6356453363 8.72342371126 8.46744016894 7.52557586294 8.14622784477 6.86780364505 7.57779124895 8.27775100178 8.14751952404 7.93793240356 9.92252675171 7.73153885715 5.43492163871 6.05032087318 4.43518122627 3.49048813553 2.79983078487 2.59546363368 2.94644931855 2.78458232697 3.00990915032 3.73006069046 2.88475928266 4.89830371564 4.39330371424 4.33119409866 4.21207921274 4.19666458614 4.06178001293 4.73017288804 4.71515998268 4.20976185361 4.1584749861 4.88002538379 4.48216412213 4.24543005776 3.89410463659 3.86358587943 3.89020282052 3.65982637868 4.10789211578 3.46621275494 3.8024961111 -9999
-9999 -9999 -9999 -9999 -9999 -9999 -9999 -9999 -9999 16.9841102713 14.1667766344 10.9255990486 10.811986212 11.4659780097 10.1743549565 10.3914331511 11.4349980219 12.2374545667 12.173027756 12.2923821366 10.4505476727 8.02706276889 7.67912187863 14.2909684781 10.5736127458 8.9235582676 5.80817941827 4.69536684686 2.55181367761 2.78501051005 2.62353795054 2.78299425461 2.68204560106 2.31225975193 2.79186012535 3.25109396749 3.80169262274 3.47564325693 3.30529842182 3.36497701023 3.28067312061 3.36731023831 3.47110335639 4.93179409934 3.71265844577 3.12411636293 2.84916020824 2.78100239007 2.59040944138 2.54164657158 2.76967566244 2.63616844425 2.82119758721 3.13586844356 3.57869679093 2.77710050328 2.45063360775
-9999 -9999 -9999 -9999 -9999 -9999 -9999 -9999 -9999 -9999 12.3562819368 12.363017212 10.4139021 10.9711875367 9.26141198881 8.42317074298 8.64260155391 11.4157931583 9.40871061775 7.64719189413 6.78368184025 6.5824633573 5.15898874707 6.78522191647 7.26836075353 9.27886018051 7.76325069465 5.78536105353 3.82877954878 3.12064900057 2.65081513685 2.67412052641 3.08122605903 2.58836063683 3.51059995363 3.20815700399 3.65619598109 3.48081323848 3.34840080125 3.38100112852 3.54712623221 3.51845739406 3.03820802267 3.78200567634 5.12434235346 5.39580330792 4.32133044519 3.11157115797 2.93496731231 2.87049531342 3.32994630321 3.16139726877 2.71904804614 3.11941366577 2.90504906752 2.83450057119 2.40231703778
-9999 -9999 -9999 -9999 -9999 -9999 -9999 -9999 -9999 -9999 -9999 9.70257654508 8.55178708234 9.74664858459 8.77582037521 7.98047653049 8.42536048761 8.27321988264 6.05259343815 6.51709117552 6.97797820704 6.83150290149 5.03970959486 4.05695032009 3.82766500953 4.52052931527 6.01210763044 7.70024370888 5.91295759419 1.88396830998 2.11183985074 2.48675709763 2.53708533892 2.66299867873 2.7978416741 2.36262490099 2.81946383493 2.7866062543 3.01216525146 3.00832648524 3.3352596166 2.95323180508 3.09984934453 2.49404467449 2.70049349182 2.80227914453 3.24138776933 3.8042949883 2.74890886384 2.56770661492 2.4125439955 2.80945960579 2.84031752406 2.53787271163 2.22378027696 2.2469727065 1.86003148427
-9999 -9999 -9999 -9999 -9999 -9999 -9999 -9999 -9999 -9999 -9999 8.00353027779 9.21843382577 8.44059464137 8.80648472077 8.14526681889 6.90903012686 6.21829475886 6.48916442198 6.58986728786 6.23672027069 7.31618719443 4.89525883532 4.67836628005 4.08907923039 4.7012015051 4.27512992179 5.36208004728 4.74083956662 3.47382977631 5.32589195613 5.57734705817 3.48117293634 3.4083442303 2.72428240391 2.2772175276 2.80138622312 2.87994678813 2.88314266153 2.94855794629 3.6871458082 3.73237743706 2.83185319926 2.88281109584 2.66640572117 3.47530738002 5.06745983964 5.97762965743 5.53417373493 3.52247168537 4.69009381565 4.19978611461 2.69999683188 3.00190697398 3.03674450427 2.5894759987 2.48348210795
-9999 -9999 -9999 -9999 -9999 -9999 -9999 -9999 -9999 -9999 -9999 13.8565700307 11.6425321223 10.7534909602 6.94996380434 7.57509555232 6.27830309458 4.85435545167 4.77884046432 5.13689463433 5.00566479809 5.17405878593 4.16524213592 3.63086690978 2.94601575082 2.88398765318 2.62954262226 2.53965973933 2.69917044946 2.72917887339 3.4126155614 5.59324119624 7.44670481026 6.66563244792 2.63858677914 2.27179126917 2.91352572608 2.22123417171 2.2026584757 2.09356751667 2.40812844474 3.00116390424 3.63829987404 4.27704851528 4.78531279439 5.61719456882 4.53483636728 3.93065969709 4.01250290085 4.21868358009 4.13222558164 4.73953102519 5.28702290854 5.62324933949 3.97795817532 3.36010853836 2.72710132031
-9999 -9999 -9999 -9999 -9999 -9999 -9999 -9999 -9999 -9999 -9999 -9999 8.63397012392 10.0853814183 8.68891301011 7.65303712865 6.38145572689 5.88693600722 4.88974994866 5.36015717387 5.24331546594 4.81349090244 4.31190307726 4.29768147254 3.14796210429 3.26086173689 2.70905519408 2.8627355234 2.59374772052 2.39969909538 2.39801349872 2.58831269742 2.26512672908 2.83490273481 3.28572868162 0.691502957265 2.9641084462 2.43276537489 2.59879896261 2.63141666538 3.11665360825 3.06653249991 4.76554821489 5.66495483642 6.24598980693 5.89258813797 4.42512928446 4.00403345577 2.88274441943 3.47543097365 3.76883007814 3.10218798874 2.72194602231 2.72728343362 2.49550743023 2.35788796062 1.12298527124
-9999 -9999 -9999 -9999 -9999 -9999 -9999 -9999 -9999 -9999 -9999 11.76940219 10.9565737864 12.1268944092 11.7319665352 8.50190718112 6.55104308266 6.4040122038 4.76912436629 5.12869406088 3.8258076863 3.72425632633 3.07422819931 3.20083302063 3.05060745742 2.97258284604 2.40841665027 2.23392527106 2.24138942126 2.11669750943 1.93171873361 2.06155903824 1.8985613546 1.86225804723 2.11240288363 3.13109744907 3.31988249989 1.96439620462 1.85268945254 2.09564578945 2.71161131697 2.61229289435 4.76921685044 6.00939286322 8.20363841191 8.18948123243 6.14018912745 6.12656922734 4.42117248795 4.51954966617 3.357269886 2.09873524207 1.88429325335 1.90993556489 1.82699635377 2.13111235422 3.2637029149
-9999 -9999 -9999 -9999 -9999 -9999 -9999 -9999 -9999 -9999 -9999 12.4914259522 14.3692070954 13.8014080182 9.42253652267 8.28669249225 7.61285887851 7.17958490299 5.11371334849 5.31721355894 5.08259936394 4.43050985056 3.43065160262 3.54817726119 3.29939109707 3.33964568364 2.48617133052 2.94790155048 2.69058832525 3.66702422202 3.15817387387 2.13618180869 1.84120163811 1.86498830732 2.01928706117 1.91083917958 2.40919096734 3.60923171869 2.4625079775 2.44087847648 2.32800715061 2.89066224996 4.20328884098 4.17280866291 4.70299971625 4.38180625395 5.08266366064 5.29520034123 4.43191623322 4.58753493882 3.31674260934 3.63763647575 3.19362064661 2.96829165458 2.87659839204 2.56112795902 1.69699406624
-9999 -9999 -9999 -9999 -9999 -9999 -9999 -9999 -9999 -9999 -9999 16.3732472502 15.6649996004 13.4756663758 12.7390167855 12.421730359 7.72115952004 8.26481002686 6.90861325615 6.90111810516 4.21651631348 3.30399165235 5.12379814819 6.23160339529 4.60118484756 4.58774160478 4.49876653554 3.5790943958 2.46535658172 2.02689072057 2.05179273407 3.30142151788 3.36314385103 3.01936742266 2.17480682819 1.58927738463 1.32700589749 0.983313620303 2.13554032332 1.57085293353 2.8877532054 3.03870196088 3.06473471342 2.62498603348 2.78040919214 2.8101010393 3.49146340444 3.58419662103 3.08622098522 2.82423126423 2.16814223822 2.20845142568 1.53262593284 1.45325108759 1.35660160563 1.85913078017 2.45844029181
-9999 -9999 -9999 -9999 -9999 -9999 -9999 -9999 -9999 -9999 -9999 -9999 16.229656175 15.2235392926 11.678773341 11.3937590605 9.22955247129 8.99660140709 6.51537645394 7.18006905489 6.08925930976 6.90770740332 4.87463454471 4.4079812816 4.15556424697 4.06046541181 3.07900041774 3.35768060939 2.87445239957 2.33343285848 1.79014943901 1.70790950294 1.6932019681 1.91575673294 1.89402750705 2.18737055441 1.62723327645 1.28810130014 2.42604317561 2.65348997475 2.70556022654 2.3327744501 2.86459948647 2.53282783979 2.89753220511 2.94976963457 2.96417227199 3.24134975344 2.73328358808 2.68926402564 2.28679695167 1.30689393236 1.25959436962 2.05847285029 1.70910036017 1.58174585242 1.48682616485
-9999 -9999 -9999 -9999 -9999 -9999 -9999 -9999 -9999 -9999 -9999 -9999 19.1859375933 15.9141748055 13.2422939041 12.059944967 8.95673031343 9.74016660239 7.87623121318 6.97042800842 6.27503848455 5.60419454333 5.0213099734 6.96872550774 5.21386436011 5.89174693894 6.13413204727 5.43445750254 4.08330685273 5.41370418547 4.02537906149 4.30314257069 4.07187100643 3.94923426648 2.85144381736 2.34905370842 1.79026600159 2.56626995387 3.99107296097 3.03232350305 3.0800096958 2.19409036956 1.96811991584 1.92691852136 2.04823076714 2.09840689791 2.11202349333 2.2461321948 2.00651846367 2.06862436963 2.00127289702 1.74398970871 1.64202455707 1.32847640294 1.26520961885 1.71344237564 0.99806718384
-9999 -9999 -9999 -9999 -9999 -9999 -9999 -9999 -9999 -9999 -9999 -9999 17.4515010217 16.1933619471 12.9134556615 12.8964568625 8.81777035146 8.85599977496 7.13957988974 8.3248406747 6.60445963903 6.023781075 4.78553928452 2.67294899951 3.73979593049 6.20118085191 6.1460016228 5.78181184284 4.31035132975 3.60509802486 2.93065281741 2.60815472861 1.85923500334 1.88249952572 2.10458980094 1.23377694863 1.65172234642 2.75339272081 2.17285637705 2.27521166279 1.97042796913 1.37172278964 1.6205352628 1.99471246593 1.98463805082 2.06395452648 2.20081732319 2.17696294024 2.24771231408 2.52450503818 2.51395552473 2.05565665149 1.61927324123 1.24315162765 1.38509398824 1.47000903002 1.55468937893
