data/recharge/transience/recharge410.asc
ncols                  80
nrows                 72
xllcorner      4374000.0
yllcorner      5656000.0
cellsize            500
NODATA_value       -9999
[rows 0 to 25 of 72, columns 0 to 56 of 80]
-9999 -9999 -9999 -9999 -9999 -9999 -9999 -9999 -9999 -9999 -9999 -9999 33.9730749883 34.5004905469 -9999 -9999 -9999 -9999 -9999 -9999 -9999 -9999 -9999 -9999 -9999 -9999 -9999 -9999 -9999 -9999 -9999 -9999 -9999 -9999 -9999 -9999 -9999 -9999 -9999 -9999 -9999 -9999 -9999 -9999 -9999 -9999 -9999 -9999 -9999 -9999 -9999 -9999 -9999 -9999 -9999 -9999 -9999
-9999 -9999 -9999 -9999 -9999 -9999 -9999 -9999 -9999 -9999 -9999 -9999 31.5646837653 30.4676197962 29.7143021278 -9999 29.0683141527 -9999 -9999 -9999 -9999 -9999 -9999 -9999 -9999 -9999 -9999 -9999 -9999 -9999 -9999 -9999 -9999 -9999 -9999 -9999 -9999 -9999 -9999 -9999 -9999 -9999 -9999 -9999 -9999 -9999 -9999 -9999 -9999 -9999 -9999 -9999 -9999 -9999 -9999 -9999 -9999
-9999 -9999 -9999 -9999 -9999 -9999 -9999 -9999 -9999 -9999 30.8371661633 29.9176302125 30.8403232355 30.7547873759 27.995780624 27.2526006717 26.1880540645 26.2632255835 -9999 -9999 -9999 -9999 -9999 -9999 -9999 -9999 -9999 -9999 -9999 -9999 -9999 -9999 -9999 -9999 -9999 -9999 -9999 -9999 -9999 -9999 -9999 -9999 -9999 -9999 -9999 -9999 -9999 -9999 -9999 -9999 -9999 -9999 -9999 -9999 -9999 -9999 -9999
-9999 -9999 -9999 -9999 -9999 -9999 -9999 -9999 -9999 30.3531755022 30.5803022986 30.6000054326 29.8642117739 30.0975915831 29.1569967945 28.5647362544 26.7742965586 28.2586022945 -9999 29.9937554069 -9999 -9999 -9999 -9999 28.3905129121 29.110973686 -9999 -9999 -9999 -9999 -9999 -9999 -9999 -9999 -9999 -9999 -9999 -9999 -9999 -9999 -9999 -9999 -9999 -9999 -9999 -9999 -9999 -9999 -9999 -9999 -9999 -9999 -9999 -9999 -9999 -9999 -9999
-9999 -9999 -9999 -9999 -9999 -9999 -9999 -9999 31.596147619 30.9388946884 29.578038252 30.161109589 29.2927027621 28.9579198398 28.2087005898 28.0552217975 26.1356104597 25.8078208928 26.5941400867 28.3721652871 27.9853770344 28.3096781898 -9999 27.253241531 29.4061827524 29.6437268671 -9999 -9999 -9999 -9999 -9999 -9999 -9999 -9999 -9999 -9999 -9999 -9999 -9999 -9999 -9999 -9999 -9999 -9999 -9999 -9999 -9999 -9999 -9999 -9999 -9999 -9999 -9999 -9999 -9999 -9999 -9999
-9999 -9999 -9999 -9999 -9999 -9999 32.0634981224 30.9215361217 30.2261419002 30.4424935287 30.2536341655 30.9723891743 29.7831385025 29.562539991 28.1717586381 28.5243881284 26.9059919126 26.4011585991 28.343822546 28.2096161259 27.797703383 28.077611077 28.115747692 27.3843585496 29.0631319114 28.9570176054 30.0396506227 -9999 -9999 -9999 -9999 -9999 -9999 -9999 -9999 -9999 -9999 -9999 -9999 -9999 -9999 -9999 -9999 -9999 -9999 -9999 -9999 -9999 -9999 -9999 -9999 -9999 -9999 -9999 -9999 -9999 -9999
-9999 -9999 -9999 -9999 -9999 -9999 32.3399410728 31.9064778029 29.7258603515 29.4926806444 28.9214888363 29.8734943553 28.6118012029 27.5291888034 26.5295288916 26.6066901114 26.8239316542 21.9546141143 26.5975616297 25.944683543 26.5811022814 27.3508669869 28.0015886752 27.4863317234 27.7355942831 27.3573344875 29.9801165255 31.1552440841 32.0225398897 31.8395112389 32.357940446 32.440079036 -9999 -9999 -9999 -9999 -9999 -9999 -9999 -9999 -9999 -9999 -9999 -9999 -9999 -9999 -9999 -9999 -9999 -9999 -9999 -9999 -9999 -9999 -9999 -9999 -9999
-9999 -9999 -9999 -9999 -9999 33.2574380972 32.4518304887 32.4109940542 31.32426797 31.096949864 30.2793906929 29.8831414246 27.9928240285 27.5572408329 27.2869956508 27.6606084292 21.5040117647 11.369119265 21.4897719744 26.2113226861 26.6347286495 26.459166155 27.6859777325 27.839447128 28.1762497467 28.4268363935 29.7384318813 30.2090656119 31.7037469893 31.6556882304 31.5141645797 31.8360168379 31.3987569955 31.2910479913 -9999 -9999 -9999 -9999 -9999 -9999 -9999 -9999 -9999 -9999 -9999 -9999 -9999 -9999 -9999 -9999 -9999 -9999 -9999 -9999 -9999 -9999 -9999
-9999 -9999 -9999 -9999 -9999 33.4802792399 32.6794029283 32.7418736637 31.6934560399 31.4337652199 30.732703565 30.9434835863 21.8862963286 17.91597394 29.2404148408 28.9540265526 23.0248285285 9.43363611007 17.5513500497 22.2360678816 26.5766503401 26.1965489652 27.7205402174 27.564949743 28.0466379067 27.2026804234 27.8688271741 27.5837976815 29.7455074252 29.0580040073 28.5277740676 29.7648537555 30.7208288017 30.5842744349 30.5201514573 30.6545168513 -9999 -9999 -9999 -9999 29.553658933 29.5868578802 -9999 -9999 -9999 -9999 -9999 -9999 -9999 -9999 -9999 -9999 -9999 -9999 -9999 -9999 -9999
-9999 -9999 -9999 -9999 -9999 33.2732492318 32.6762426533 32.3481498027 31.8103987671 32.0918528453 31.2843489171 31.1170450596 29.6299301649 29.4771235866 29.6788561894 28.2927500426 26.0621577218 27.5322940074 27.5823953025 27.3592107235 27.3083129509 25.7833428846 26.8152397149 26.621025647 27.977468089 27.2707211547 27.7550895534 27.0816143171 29.7711222896 27.7777101839 19.6390604055 25.4483866452 30.5832982987 30.0223173497 29.4609068546 30.723817046 30.4386402478 -9999 -9999 30.6844830168 30.1168390109 30.0008776012 29.7258632551 -9999 -9999 -9999 -9999 -9999 -9999 -9999 -9999 -9999 -9999 -9999 -9999 -9999 -9999
-9999 -9999 -9999 -9999 -9999 -9999 33.5091997602 33.0298403252 32.6814881476 32.6866071801 31.5527928454 31.7847511575 31.7936312902 33.1991982791 28.9568221324 28.5947114112 27.5580111275 27.422667784 26.6145173674 26.8900340482 26.6108459558 26.739137914 26.7735152775 27.2718616457 27.4539899642 26.9409864366 25.4748498054 25.7118708263 27.3282789421 27.8739847625 26.5496334375 28.1953945293 27.9201917019 28.0511500243 28.3423884509 29.1949270414 29.0636561251 27.9803234174 29.7190646137 29.5477342603 28.9895358656 29.7735601037 27.4379649369 26.1655284028 -9999 -9999 -9999 -9999 26.9105986339 26.336781478 7.61997835697 -9999 -9999 -9999 -9999 -9999 -9999
-9999 -9999 -9999 -9999 -9999 -9999 -9999 33.0366512683 32.5106484046 32.7327680274 32.1603459673 31.9697052631 30.4529917109 29.263977016 27.8236138476 29.0486786325 28.7048629072 28.8888886413 28.1299509945 27.3690556106 26.2608435343 26.2253354513 26.5223221087 26.7016594106 27.1209867255 26.560711679 25.7961721409 26.7427104141 27.8956410541 27.6136868896 27.6146723351 27.593815945 28.1235138819 28.2652631154 29.3115467508 29.3424740199 28.9286917961 29.0392406578 29.681872953 29.6139822878 28.2227364872 27.5221429582 22.999020562 19.7341066627 17.9317883337 18.816115962 19.1396718846 18.1274223507 17.461516183 22.8710120031 24.2402396471 20.9863511451 -9999 -9999 -9999 -9999 -9999
-9999 -9999 -9999 -9999 -9999 -9999 -9999 -9999 32.5370225969 32.2861260907 32.2576694725 32.4853387696 31.291093719 31.6620029263 30.9426348666 30.7948835719 28.948337134 29.0519323031 27.5265949744 27.8831416001 29.108948999 28.9422919884 28.4283794056 23.6809812883 23.0203584498 23.7729629486 26.5950023413 25.9431160331 25.4135149963 24.3748239005 24.9546459945 25.0108904775 25.7673248983 25.3768908383 26.780578008 27.6878190195 27.9902022563 28.1776449352 27.9705097254 27.8157071828 26.1739798076 22.954229164 17.184534719 16.6123358442 15.8083638216 15.2446389744 15.9916146036 15.2672861276 14.3604988342 19.5462859227 21.4684212798 22.054582056 20.6176960233 -9999 -9999 -9999 -9999
-9999 -9999 -9999 -9999 -9999 -9999 -9999 -9999 32.9322249837 32.6421856207 32.0021736265 32.0684347318 31.2327050299 31.2261109512 30.3103083457 30.1473764967 28.4597383738 28.85039009 27.9116875217 28.1964244526 28.8332228774 28.8688720713 28.9678655646 27.5231675546 24.9757138147 22.2044482883 24.8716995343 27.7479249274 25.148693243 23.9440616569 24.5386733299 24.8157012678 25.0722831975 25.218043357 27.1885096256 12.5779405602 28.3616547707 28.0085866015 27.9048397367 27.8342141729 27.1891828147 23.2228915337 16.7624562993 16.7043427913 15.286055784 15.2125259683 15.9126554599 15.4156895498 15.554362014 22.5579074726 21.6454836301 21.6785161583 21.2279234052 22.3012330586 20.3873532043 20.7549813505 -9999
-9999 -9999 -9999 -9999 -9999 -9999 -9999 -9999 -9999 32.9056855462 32.311265381 31.8530528591 31.3946947879 30.9811938209 29.8193318534 29.7639421416 29.8839048082 30.0179311405 30.2781394545 30.3678465566 30.6438244638 29.8290196446 30.9214504505 34.6144853936 28.5179343932 27.329953056 23.4429914511 22.1152269585 22.3197224062 24.621926752 23.9219067164 23.8743486455 23.651071955 22.6219188083 24.2131755046 22.0654312567 26.6636541256 26.3941389658 25.9565527902 25.9826418699 25.3454123153 24.6356893434 15.1420507368 16.1475456185 13.9160640199 13.0382258538 11.8227060792 12.1762998227 17.8270994793 18.8450205588 18.4297089838 18.2165383688 18.7790199342 20.1065206089 19.7892634533 12.819287356 9.5891518644
-9999 -9999 -9999 -9999 -9999 -9999 -9999 -9999 -9999 -9999 31.7417923272 31.9068901588 31.3536301291 31.1073908296 29.495970869 29.0754997156 29.2659669938 30.1935396203 29.7532332124 28.9987127088 28.6842060723 28.2483095337 26.949941484 30.3643394135 25.6980566435 27.7351176164 25.5038940279 23.3831359731 20.2206606246 23.6595259531 24.6423706883 24.6438900118 25.110269678 23.5868742272 25.7506073233 25.6781247814 26.5104873511 26.3858662706 26.0033759361 26.0348079527 25.5742384169 25.0949323332 21.1349508797 15.6804404334 16.4511046624 16.1240671811 14.1767151149 12.9938313024 19.3593919762 19.382883137 19.3063111241 19.025779243 17.8758013102 19.4628446981 18.9307779662 12.0006364734 9.52440343797
-9999 -9999 -9999 -9999 -9999 -9999 -9999 -9999 -9999 -9999 -9999 17.0190962572 21.2186683388 30.5284868271 29.3541248701 28.9221461581 29.0470904746 29.0163654444 28.289589059 29.1314686688 29.333320795 29.0581689803 26.7237372646 25.6029704336 25.9621773865 21.5491515995 23.2192268035 26.6064509747 25.5771420216 19.2695340796 20.1664247973 22.8455391219 22.2437031107 22.4466725521 23.5770629274 22.9047506579 24.5436984384 24.4969516278 24.6831923326 24.7018687679 23.617649458 22.6336614168 22.4382677466 18.5901258655 13.7954689304 12.4590550042 13.0317445099 14.0101459976 14.802800442 18.2514106777 17.2282501099 18.418243625 17.7522229265 17.6231887583 16.1126977648 15.8657187941 10.0153253664
-9999 -9999 -9999 -9999 -9999 -9999 -9999 -9999 -9999 -9999 -9999 15.6496722629 22.9137765563 30.1186819121 29.6739616234 29.2608436043 28.2250625175 28.220939494 29.3306864903 29.3678089079 29.1421106848 29.6723925162 27.1171756253 26.1814328203 26.2247212169 26.7870569555 26.6277126794 25.8021334363 21.9811444743 23.3562431782 22.7717402984 21.2271247446 16.3449070782 18.3128036803 20.4066205628 23.8518878043 24.489628021 24.6287353652 24.5044838171 24.3138056041 22.2649043406 23.3548946837 21.6577610354 22.0221183607 19.2402834691 14.8574068042 15.617998715 16.7398779487 15.4105477163 13.4435462468 13.1647211924 13.386716979 11.2887900438 17.4190830003 17.3397764819 16.7369096331 15.9544563028
-9999 -9999 -9999 -9999 -9999 -9999 -9999 -9999 -9999 -9999 -9999 32.2281895886 30.8695005192 30.6653455897 28.9506062902 28.474956237 26.8350749118 26.285972591 26.9631953091 27.4233795873 27.9256410652 28.0340209482 25.8872552198 24.7682110805 24.708773331 25.2377940971 24.9385988347 24.8035317792 24.2465250948 24.4486152927 21.5862504248 23.5494567261 23.9107586392 24.8182716908 19.3241911716 15.3712768582 16.9662217621 15.0866222937 22.4070279186 17.5097317509 14.3629135771 22.16261429 21.9444589559 22.673176235 23.6331797423 23.1484287871 15.376591636 14.6911520594 13.8082988831 13.4992116321 11.9556285258 12.7563087404 12.8645356946 14.5428605893 17.0926517177 15.3428863827 13.188571055
-9999 -9999 -9999 -9999 -9999 -9999 -9999 -9999 -9999 -9999 -9999 -9999 30.4345624107 30.5699733063 29.5842507932 28.8079861325 27.3124721435 26.5879859345 26.0070253449 27.7842514305 28.1408103541 27.8116264662 26.9400552577 26.5562281265 25.4914855598 25.6415555412 25.0653384877 25.2400258021 24.7739116676 24.5205298284 24.3799648843 24.6049417351 24.2200542587 21.1838139218 21.0588814725 13.522074595 18.5799057808 15.8631813602 15.8826989754 22.8668405009 23.360023902 21.7078147937 23.1580523572 23.9721805872 24.1085692699 24.3534075484 18.2168608646 14.7738365213 12.4412520333 13.0379920084 11.5125243501 10.5266007307 9.3939470214 9.54064618897 8.37329373847 11.4839431874 7.39230644689
-9999 -9999 -9999 -9999 -9999 -9999 -9999 -9999 -9999 -9999 -9999 31.3819376009 31.2137492721 31.0237831785 29.7946110969 17.6805697715 24.3327481719 27.484116163 25.6035352924 26.8198153617 26.0010373609 25.9083344282 24.9806985845 25.1492372318 24.663133314 24.5805325126 24.1314686853 23.6543413213 23.6566858409 23.4318723158 22.5724053154 22.7939650784 22.0484545872 21.9650586292 22.1024284755 17.655653594 16.7811892023 13.420618691 12.6320212117 19.5934470835 21.1726557363 19.4432656281 25.438672727 25.8541552471 26.6256354786 26.487682496 24.7411989821 18.4151787257 13.6475264366 13.6690911386 10.7561270015 8.40644536946 7.31774885649 7.3584133682 6.59068103439 7.1077858556 8.673480871
-9999 -9999 -9999 -9999 -9999 -9999 -9999 -9999 -9999 -9999 -9999 31.617835764 31.913224963 31.4850912348 29.9246368728 22.5427150382 27.357399421 27.9397759426 26.9224026997 27.2058907368 23.0941154939 23.6949522084 25.6133048421 25.453602533 24.9087600361 24.7812774645 16.3371151007 17.7227982668 23.2257907492 25.1855223798 24.2156759893 22.9164130114 21.9242522371 21.9689305794 21.9361497822 16.1293159248 14.3804489675 16.4441416962 13.2096730968 16.2173382837 19.9341525164 19.0146371544 22.9440760974 24.3301443267 24.3392392501 23.8624856961 23.1450982299 23.0237057125 18.7595360818 16.8152424577 10.4525722212 10.7095695016 9.28966178333 8.97028490904 8.14179629711 7.69876221628 6.13458134018
-9999 -9999 -9999 -9999 -9999 -9999 -9999 -9999 -9999 -9999 -9999 32.237320084 32.4644129238 31.63256549 30.7971490195 30.604510594 28.2321723631 28.3969821724 27.4728064518 28.20642636 22.2646514994 10.3683445055 21.1290333594 22.0419611861 18.0798696401 18.090252955 19.8942357584 21.4418467826 20.9121759568 21.6042277174 21.2486099196 24.0970698337 23.4210001473 23.0425035033 20.8330303011 12.6820304984 11.4747057914 9.94471192681 12.3501529243 11.575839458 20.3679663042 21.3967968974 20.388942707 19.1998236141 19.9361927626 19.8658407373 20.9146673205 21.0124066993 19.5635937319 19.5366782065 11.7227758194 8.11221419742 6.65621972224 6.49468987605 5.95225263154 6.1944060741 6.84200728201
-9999 -9999 -9999 -9999 -9999 -9999 -9999 -9999 -9999 -9999 -9999 -9999 32.7183298082 32.2744729367 31.1955562087 30.4276256085 28.3428851198 28.8005790067 27.3360702656 27.923732746 26.8309396537 27.804783617 20.9383241971 18.0108874461 17.5925879056 17.4756901915 16.1615610375 16.5317616607 15.7301183424 14.9118566208 13.3493586102 18.4548752333 20.9109683859 21.3748661697 20.3140241497 14.0117053432 12.4308364828 10.6837745026 13.6079360651 14.4585500682 20.6629101699 20.7368839418 21.5613414676 19.1878608622 19.6920731077 19.6427677868 20.0573665022 20.5341004837 18.7516200166 19.8590372928 17.4744011431 10.0043190917 9.76443333081 10.0557372893 6.80361901387 6.9828166816 6.40759578164
-9999 -9999 -9999 -9999 -9999 -9999 -9999 -9999 -9999 -9999 -9999 -9999 33.7657777982 32.9716080966 31.6163069133 30.7396627575 28.8071928796 29.3882103214 28.3339406862 28.3889232453 27.8251174098 27.7312017832 23.9834910012 20.5211921046 18.8559790809 19.5295345807 19.7015328875 18.9234623014 16.8732925619 18.3820426721 16.1047323765 16.7312805541 22.6311981648 23.7256984005 16.8915246577 14.0018186644 11.9915850376 13.9844658107 16.0425582856 14.0352901529 18.6021240376 19.6168060978 18.6913304412 18.5739423899 18.095103316 17.4325828665 16.4804745427 16.4678595815 15.2232891342 17.0086033099 15.4607683312 14.0471206669 11.8355854906 5.72794116651 4.44806150154 5.25280468402 3.81722800757
-9999 -9999 -9999 -9999 -9999 -9999 -9999 -9999 -9999 -9999 -9999 -9999 32.6802997462 32.8935259096 31.9047733889 31.519379705 29.8166147294 30.0451249744 28.3927032313 28.8365666458 27.8478068145 27.8382998826 26.6579004713 17.3115026301 18.0777375566 20.0466678406 20.6059187372 19.3261364676 17.1295749351 16.2732204894 14.6297041621 14.1373375098 17.5088390664 20.689503851 13.2009231998 17.5250025104 17.607031785 14.363636922 12.6132496412 10.5190752856 9.57638130593 10.4238571122 15.9808879739 18.800824332 18.4344523676 18.557941116 18.3810984421 18.3566593374 17.3328615208 17.7916923585 15.8256356411 10.358817202 5.75625843413 4.98755262239 4.66267394912 4.79687320488 4.35546246796
