data/recharge/transience/recharge271.asc
ncols                  80
nrows                 72
xllcorner      4374000.0
yllcorner      5656000.0
cellsize            500
NODATA_value       -9999
[rows 25 to 49 of 72, columns 0 to 56 of 80]
-9999 -9999 -9999 -9999 -9999 -9999 -9999 -9999 -9999 -9999 -9999 -9999 21.0135878985 20.1901019636 18.3620159187 17.8916966915 14.567646395 14.8678060633 13.5458634499 15.0890067385 14.4681294614 13.959966015 12.9095455184 8.20984359956 9.09869545148 10.1531852661 8.83130423686 8.45331202474 7.11245892336 6.24088145226 5.83299021735 5.43142325301 7.62832889867 8.01387284326 0.861476273267 7.1986460459 6.24511676881 1.6450977854 1.21670014663 3.93775362894 3.922295085 3.81286604475 8.28386044568 11.5164516886 11.0904655181 11.3107378287 10.9648242471 10.9073023287 10.393828972 11.0777322179 9.75878892726 4.75623414837 1.65262371513 1.31773309721 1.25023944392 1.30722253564 1.19793389912
-9999 -9999 -9999 -9999 -9999 -9999 -9999 -9999 -9999 -9999 -9999 -9999 -9999 17.7086349067 19.0054247575 19.6010341642 17.7051828276 16.5653193788 14.7610097031 13.7545063905 14.3174698604 15.8002828029 16.7790955304 16.2319548687 13.5333813163 10.0668797631 8.15118264465 6.59146284941 6.61844198249 7.2047137419 6.40500638959 6.11083390271 10.0064245831 2.0317954454 0.821251410383 5.53214367023 8.03596689753 1.22103791419 3.69686365725 3.42022321835 3.10794140877 2.90384620129 1.89127312887 3.05282796679 4.24731256114 6.48076698451 9.14159392715 8.8332892869 4.25436756006 2.09282551194 1.32295437293 1.35081549014 1.37278993425 1.40043983577 3.0580429314 1.05003268775 0.944056324204
-9999 -9999 -9999 -9999 -9999 -9999 -9999 -9999 -9999 -9999 -9999 -9999 -9999 -9999 18.0287051152 18.0990531247 16.6243635903 14.6727957757 14.4747312241 15.4682892033 14.3279530056 17.0717515448 15.8306515479 14.530331684 11.3219110309 11.4006572129 12.9132706657 12.6708419038 7.82292070471 6.09068216445 6.82783093006 10.9213610154 12.8395358175 3.85766493197 1.09421629591 6.63761622453 6.37110085622 3.09170108884 3.6763764246 2.78227889294 3.00002699755 2.90045412569 2.75737908958 2.13709280199 1.65358701409 1.87276902335 1.59143602332 1.40171013732 1.41241723866 1.62141765022 1.42104107291 1.13867704715 1.0199810339 1.19871703355 4.6312153371 6.00782655429 2.29336575613
-9999 -9999 -9999 -9999 -9999 -9999 -9999 -9999 -9999 -9999 -9999 -9999 -9999 -9999 8.48275077508 15.3039343474 16.4102473603 15.0083934587 14.1416515496 14.9045885507 15.3846739413 16.2012231375 14.0931911755 17.3791396928 16.777843626 16.4964772008 11.8620608911 11.9489491942 13.3047938266 12.981372408 11.9940020274 9.13857379147 12.0606032823 14.492327059 1.38922338382 6.88037077149 5.43004464948 2.64835084682 2.51616271031 2.8572511635 2.43577618588 2.83958405481 2.88124943341 2.5312017804 2.01705773512 1.68314990221 1.04113439949 3.28767936726 3.57780927118 1.1884509148 1.55950763966 1.76429335523 1.79923388738 2.37450247318 3.85269355221 4.82102235498 1.72596503156
-9999 -9999 -9999 -9999 -9999 -9999 -9999 -9999 -9999 -9999 -9999 -9999 -9999 -9999 12.4777805554 16.8116495597 17.9807624084 16.453041455 16.3416699564 16.0158966177 14.8057635921 16.1660217304 16.7591894145 15.9309633111 14.0433920361 12.9843711866 13.7782254716 13.5916846415 11.4458559708 12.6698514704 12.3913399306 12.0081903943 11.3671182403 7.13190465263 8.43669177609 6.62432186676 7.3736081084 2.00498693755 4.7921894402 3.08354443918 2.65435546209 3.03575557028 2.6617177264 2.69801310014 1.64255050022 1.7189798943 1.33897482445 1.73641589403 2.7414714958 2.67314458959 1.56418849388 0.758799373755 0.753227869801 0.584472026058 0.499173525422 0.815593140763 1.24806406476
-9999 -9999 -9999 -9999 -9999 -9999 -9999 -9999 -9999 -9999 -9999 -9999 -9999 -9999 22.8668475937 20.3266042328 20.0625226294 20.6694429221 19.223974265 19.5334209207 16.8659465689 16.1086610754 15.4606005409 15.238197458 12.373767639 13.4896423545 12.613000193 14.7820415116 13.2328774899 12.4025654587 12.6736254317 13.9241307233 12.8860953952 9.78899566655 6.750961342 6.81506221149 6.20061990282 7.7200117974 5.22191858743 6.18916175907 1.0309912294 2.00131965629 1.9843817425 2.15118982366 1.61585671126 1.36393055445 1.76911864967 1.29108523316 2.15517405669 2.81416029563 1.41062530095 1.94498164923 1.29214348521 1.96899763828 1.87796531756 1.57249386727 1.59628216408
-9999 -9999 -9999 -9999 -9999 -9999 -9999 -9999 -9999 -9999 -9999 -9999 -9999 -9999 -9999 17.8207288147 17.7547738493 17.1501119765 17.684799047 15.3610391493 13.3313938328 13.7487920737 15.7932959053 15.628504008 12.2751400567 13.8010243732 12.6678878112 13.3013142829 11.7428365085 12.2724651889 10.6355510996 10.5232595562 9.7608385926 11.3655168129 7.23522666472 7.29419922404 6.95158860883 6.83227002868 6.58990688577 5.41326125289 4.1502590115 4.7329622542 0.408438134684 0.717482359185 1.23804790265 0.676541604622 0.313755207538 0.326281751009 0.576286143777 1.16788870193 1.20099048839 1.08449829213 1.5462598381 2.58953246713 2.27330222527 2.23508884257 1.69840070849
-9999 -9999 -9999 -9999 -9999 -9999 -9999 -9999 -9999 -9999 -9999 -9999 -9999 -9999 -9999 -9999 16.998777862 15.3113750202 16.3976227566 19.645790027 18.6497100636 17.5759702235 14.7836851929 12.3837607543 12.6674093899 11.8464384328 10.8440879655 10.969718804 10.4614033141 12.4982022248 12.406786811 11.7729411065 10.4799965472 7.4938728538 6.59188597548 7.19225458736 7.05152542597 7.53355441363 7.34964029683 8.8335514336 7.61603874974 7.44345005262 3.01001592468 0.46353970152 0.280475473982 0.227362968811 0.193675698268 1.17221013494 1.17776684701 0.938799978103 1.18886246343 1.80464337938 1.27756004867 1.06214568746 1.14985851894 1.02721421967 0.901899197868
-9999 -9999 -9999 -9999 -9999 -9999 -9999 -9999 -9999 -9999 -9999 -9999 -9999 -9999 -9999 -9999 17.2125239347 18.0845097895 19.5944569813 17.5064692994 15.2296073578 16.9464239932 15.2877738815 12.8688995679 12.2043354146 13.3490989165 11.5346206846 11.370419754 10.9140344752 11.4029782601 10.1151491706 8.77239335268 9.83451777338 8.25671739431 8.62085778064 6.92133895628 8.51023956312 7.7086435937 7.25338113782 6.99978242922 4.2322236607 5.9571003674 4.98006723156 1.72268545837 0.748817395617 0.460588485862 0.520082623943 1.73249016164 0.917473517117 1.1246028095 1.43957221801 1.51268529053 1.83979970677 1.96887499343 2.30940014048 1.5942380854 0.909848071545
-9999 -9999 -9999 -9999 -9999 -9999 -9999 -9999 -9999 -9999 -9999 -9999 -9999 -9999 -9999 10.8302603745 11.7513613351 13.0326703338 15.9025646562 15.4403533491 15.1964952156 15.6165951129 14.2667666501 12.2668495693 11.0633497502 11.8455008222 11.2320407338 11.5283770317 11.8625763316 11.986247633 11.479056636 11.7913249088 11.9380622018 9.27762251845 5.58387914861 2.54386370728 3.69719420844 6.05799589802 6.19599420983 5.36502506425 2.09422148196 0.940344149885 0.4699568742 0.45972025759 0.516661727393 0.369934033302 3.26121639444 3.27907370366 1.11998388827 1.54057792248 1.14867729869 0.914675928273 0.945219707123 1.0514796904 1.0794521065 1.11179916759 1.32499127545
-9999 -9999 -9999 -9999 -9999 -9999 -9999 -9999 -9999 -9999 -9999 -9999 -9999 -9999 12.7951240211 12.0755328798 12.2751098732 9.85386824605 12.104925795 14.2339977127 13.3219732378 14.8674234457 12.7346752901 13.2310591151 11.1068564774 10.5551579705 9.96788304761 11.0151770329 11.3748241131 11.3646566946 10.2864218976 10.5169814778 7.67981160577 6.08461412033 4.69453318206 2.45425362854 5.97304726743 4.87797240954 0.340474061267 0.903609082805 1.46981517757 0.375878960873 0.33222596978 0.366259269803 0.284064722386 0.249582935882 0.463763892739 1.10688117394 1.48857550648 1.21106840151 1.02043831661 1.01114960666 1.01301727233 0.990765127874 0.876775740925 0.932010892673 1.16433581045
-9999 -9999 -9999 -9999 -9999 -9999 -9999 -9999 -9999 -9999 -9999 -9999 -9999 -9999 14.1154087143 14.922565649 14.2776333486 9.13446493026 7.16660956783 8.06721724819 10.9670295439 12.8559622042 12.0662493716 12.7722299669 11.0441271857 9.3871925663 6.83109792849 7.25697565988 7.97157964866 11.0836468867 11.2799318747 9.29581931933 5.60307060852 4.90225714086 4.07107713991 4.63831746022 2.17766535832 3.44416686485 1.08646698844 1.14397712189 1.99318092395 1.67100420322 0.45080571222 0.40240600925 0.364958035468 0.228848578689 0.362704014863 1.49981940519 1.9756645355 2.32117166345 2.2057473653 2.17985492388 1.56056268075 1.36278781501 1.51795904686 1.451016636 1.1112843989
-9999 -9999 -9999 -9999 -9999 -9999 -9999 -9999 -9999 -9999 -9999 -9999 -9999 -9999 -9999 -9999 14.5945547388 14.3475693633 14.6954571153 14.2983013193 11.5445212314 11.3802682733 13.7641056013 13.8367752367 11.7097590412 8.08181612719 4.25219590447 4.55047775464 4.26698678745 6.21966292347 7.90492079401 5.68172789846 5.00356338541 4.14753077956 4.5611796323 4.61114645411 3.58007675618 1.30563170683 2.46819200405 3.49358106644 2.12603371845 1.50916489232 2.50316435116 1.4410134104 0.268597322046 0.31314706729 0.28320737199 0.69741005298 1.32107791159 1.57944019191 1.46829599296 1.51486638907 1.33295977912 1.15567464332 0.793499990575 0.840664990007 1.18690467887
-9999 -9999 -9999 -9999 -9999 -9999 -9999 -9999 -9999 -9999 -9999 -9999 -9999 -9999 -9999 -9999 15.4016168344 14.3192922497 14.2587278627 9.43570064283 10.4499074462 11.1078000504 10.659893919 11.5579871582 12.4588636827 8.90195097852 6.55552793365 6.16952163748 6.02044701603 6.47656268444 7.62340875375 7.12094956655 5.62950769384 4.33406228987 3.13358627829 3.37250324658 3.58959218087 4.27807061929 2.75943095154 2.29770492862 2.88689761343 3.80285474793 4.88324976415 3.75923118616 1.35297705713 0.264033302679 0.160091173681 0.290984447112 1.13421942471 0.894835454598 0.714925200309 0.726442938786 0.608603525609 0.695317384535 0.677598826948 0.682686684901 0.628316691343
-9999 -9999 -9999 -9999 -9999 -9999 -9999 -9999 -9999 -9999 -9999 -9999 -9999 -9999 -9999 -9999 -9999 -9999 14.5545683956 11.1829403947 8.53016804834 10.247289034 12.1968378209 13.5112935927 11.7617051906 10.3263087703 5.93484644649 6.21768654946 6.0213144486 6.00821423537 4.82877547095 4.22216070074 4.23543940607 4.44872965489 3.07579594878 3.87789146265 3.89667188704 2.83808510264 2.64715482966 3.25720360284 2.41612961524 2.13475863958 1.79243102531 1.77803922038 1.78098914906 1.18085328879 0.19791487969 0.18984386157 0.335888389347 0.639911703454 0.796977819764 0.890426248447 0.620993005108 0.637640779303 0.730788779599 0.781519675572 0.67774087749
-9999 -9999 -9999 -9999 -9999 -9999 -9999 -9999 -9999 -9999 -9999 -9999 -9999 -9999 -9999 -9999 -9999 -9999 -9999 8.14552919384 8.51186328557 9.52855497333 9.37255678911 15.5989413375 12.6629539886 11.9633602621 9.59058075452 5.91042750768 4.45250941511 4.25333274824 4.54849767255 4.8204286427 4.03634651515 3.80012902339 2.42419163289 1.65179226703 1.57450043347 2.44606176444 2.53030248802 2.88469163825 2.12722102405 1.93019447344 1.55140997096 1.96299377333 2.02383043796 2.11540484266 0.814360433801 0.163528449613 0.138662089733 0.259733858489 0.480505978908 0.737472087156 0.599008657556 0.593123836416 0.709771817978 0.679329352092 0.55027178994
-9999 -9999 -9999 -9999 -9999 -9999 -9999 -9999 -9999 -9999 -9999 -9999 -9999 -9999 -9999 -9999 -9999 -9999 12.0666570601 13.8434155297 14.6393284062 14.0381614362 10.0227987457 12.5486830293 12.301301503 12.5912482429 12.0256160155 9.08732327039 5.32007218479 4.8169342435 4.38599021344 4.81550829537 3.55023258457 3.04917947227 2.02588815167 2.49535261681 3.23131596697 3.00757737086 2.73914823659 2.7623803023 3.06272465508 2.12375098052 1.82553438082 2.01137893137 1.46000165748 1.70521578214 1.96165890307 0.847308676171 0.304933705357 0.171502969463 0.245504123124 0.50997726429 0.988380949081 1.23169213887 0.95566715952 0.842366860279 0.754050428379
-9999 -9999 -9999 -9999 -9999 -9999 -9999 -9999 -9999 -9999 -9999 -9999 -9999 -9999 -9999 -9999 -9999 -9999 -9999 16.6186195453 16.2010383422 14.9926509662 10.3447468843 12.2865456265 13.1699483796 12.9567613632 10.9851152605 12.3222135508 7.62820377904 9.80002475231 11.7282734518 11.6375679706 6.14458464028 2.56684043284 2.49259311954 1.82235449509 1.30987012893 1.14125692054 1.02169716009 1.02166240677 1.372173794 2.17466237493 1.67166176339 3.32334683097 3.86062790939 3.12577855706 2.37791573983 1.64394425571 0.46119529289 0.207946956607 0.0917557820817 1.52659740089 2.17164618069 3.92904126726 0.788178731723 0.348081342713 0.485987725714
-9999 -9999 -9999 -9999 -9999 -9999 -9999 -9999 -9999 -9999 -9999 -9999 -9999 -9999 -9999 -9999 -9999 -9999 -9999 -9999 12.2181430755 14.1509172879 10.5856512019 11.4866141856 10.913065833 12.4331790627 10.991728185 12.7882573087 13.8666315308 12.4426826306 10.6049353861 10.1337843616 3.93670573582 5.59237204422 5.68889797536 4.06207776169 2.26941218212 2.91627459474 2.67911289385 2.62118341834 2.28702065305 3.02532030003 2.86486549344 2.46477585755 3.21230722522 2.74511387357 2.28288628761 2.59661971923 2.05738390492 0.796204086955 0.386312612202 0.253401276467 0.128989258484 0.113732089168 0.906552591056 0.153482316621 0.161060173568
-9999 -9999 -9999 -9999 -9999 -9999 -9999 -9999 -9999 -9999 -9999 -9999 -9999 -9999 -9999 -9999 -9999 -9999 -9999 -9999 -9999 12.4921739093 11.2748059729 11.5440496094 10.4092791549 9.46260012143 10.4752003226 12.6903966688 11.2519863147 10.4880354663 10.9068220904 11.8253794227 3.74136960321 6.39399987867 4.67437118667 3.85719496241 3.57106653711 2.67292692293 2.34220984962 2.48628184044 3.30008197726 3.51662646909 3.73392988867 2.36541942957 1.91417865846 1.40965624256 1.81503484256 2.01917757326 2.04077224531 2.55467991131 3.5841468492 1.73931857412 1.01445338874 0.207899506661 0.0834202639788 0.103403412629 0.123260559649
-9999 -9999 -9999 -9999 -9999 -9999 -9999 -9999 -9999 -9999 -9999 -9999 -9999 -9999 -9999 -9999 -9999 -9999 -9999 -9999 -9999 9.51256689645 9.16653723306 9.22004314778 12.0492024249 14.1601499554 12.5297657449 9.83254970322 8.06457057626 12.1764687186 9.05356326395 11.1541423332 4.87535100467 3.10284200239 1.99842009495 3.03729400713 2.72845966038 2.83798874137 2.51913376038 3.21751988777 3.34788098771 3.18098590551 2.34413797148 2.17787051281 2.63856513006 2.48273297724 2.29018083316 2.2223709624 1.53349171356 1.59831666719 2.97849789672 2.66057975887 0.45777449888 0.168879719873 0.13008128494 0.0896371672922 0.100518480633
-9999 -9999 -9999 -9999 -9999 -9999 -9999 -9999 -9999 -9999 -9999 -9999 -9999 -9999 -9999 -9999 -9999 -9999 -9999 -9999 -9999 -9999 9.62409563929 12.1731571134 12.4610350531 12.2545099838 11.2124554785 9.376407299 6.30079727818 6.74077874805 7.88763117726 8.42542225705 4.75742268893 3.99872122963 4.86579560289 3.54184145197 3.59361196426 3.28683126013 3.04360894068 3.04006700832 3.07876672692 1.94700349021 2.11939113931 2.81772600641 1.48465091452 1.29478211804 1.08713280953 1.41084004751 1.93341394138 2.55435708458 2.5246234948 2.94778076983 0.607126889549 0.168404103609 0.0887193553863 0.0788745122834 0.0925527007647
-9999 -9999 -9999 -9999 -9999 -9999 -9999 -9999 -9999 -9999 -9999 -9999 -9999 -9999 -9999 -9999 -9999 -9999 -9999 -9999 -9999 -9999 10.2717460539 9.76312899775 11.7595495986 13.8991602772 12.1840567509 6.94072917198 6.88716310901 7.2296221503 6.36520870798 6.60263842017 6.38240732179 4.85943908935 3.63554835149 5.17552020723 3.41724284221 3.17553205661 3.76582817478 3.67169382666 2.25072136387 3.15379648755 2.16543006305 1.67630390335 1.50776645944 1.75520101786 2.27039504185 2.31429347176 1.32865868551 1.13083924607 0.853038864075 1.49600779535 0.135910559782 0.269960827922 0.169564869773 0.153793608007 0.127211537563
-9999 -9999 -9999 -9999 -9999 -9999 -9999 -9999 -9999 -9999 -9999 -9999 -9999 -9999 -9999 -9999 -9999 -9999 -9999 -9999 -9999 -9999 9.52408003226 11.0971517818 13.9118233266 13.207069793 11.3572728609 8.71864609363 7.45953752661 8.56132132924 6.91981887298 5.9127832367 5.27652218446 4.8143090442 5.07978712365 3.22065209637 3.0656993238 4.36355124851 3.47618508779 3.08828190402 3.05805865104 2.34001784773 1.59910679054 2.06782576971 2.60435584202 2.32633110743 2.17462100549 1.84717440271 1.49642985499 1.49905814047 2.05549831484 1.67392412696 0.260526074238 0.223132197504 0.271953092403 0.297265571833 0.178884040184
-9999 -9999 -9999 -9999 -9999 -9999 -9999 -9999 -9999 -9999 -9999 -9999 -9999 -9999 -9999 -9999 -9999 -9999 -9999 -9999 -9999 -9999 -9999 12.2536974289 15.3691627893 13.671969341 10.5468355759 8.04262896577 7.21590959904 7.97640167715 7.01194749061 7.82261266399 6.91123012747 7.2680235276 4.25546058674 4.89161528886 4.89420679965 4.05454908285 2.34630840199 2.17140441885 1.56690171535 2.18172396569 2.73152891769 2.86902507937 2.41971124471 2.11651935274 1.13176588817 0.979835054787 1.01142439502 1.10523190905 0.927763943948 1.19276838586 1.28457667 0.654628206931 0.209356950222 0.212023681217 0.795275107309
