data/recharge/transience/recharge198.asc
ncols                  80
nrows                 72
xllcorner      4374000.0
yllcorner      5656000.0
cellsize            500
NODATA_value       -9999
[rows 0 to 24 of 72, columns 0 to 56 of 80]
-9999 -9999 -9999 -9999 -9999 -9999 -9999 -9999 -9999 -9999 -9999 -9999 4.10312211431 4.28949033299 -9999 -9999 -9999 -9999 -9999 -9999 -9999 -9999 -9999 -9999 -9999 -9999 -9999 -9999 -9999 -9999 -9999 -9999 -9999 -9999 -9999 -9999 -9999 -9999 -9999 -9999 -9999 -9999 -9999 -9999 -9999 -9999 -9999 -9999 -9999 -9999 -9999 -9999 -9999 -9999 -9999 -9999 -9999
-9999 -9999 -9999 -9999 -9999 -9999 -9999 -9999 -9999 -9999 -9999 -9999 5.59364872262 4.84438266201 4.2943293914 -9999 4.51894470685 -9999 -9999 -9999 -9999 -9999 -9999 -9999 -9999 -9999 -9999 -9999 -9999 -9999 -9999 -9999 -9999 -9999 -9999 -9999 -9999 -9999 -9999 -9999 -9999 -9999 -9999 -9999 -9999 -9999 -9999 -9999 -9999 -9999 -9999 -9999 -9999 -9999 -9999 -9999 -9999
-9999 -9999 -9999 -9999 -9999 -9999 -9999 -9999 -9999 -9999 4.51820238462 4.57256958878 4.97813287219 5.10591316978 3.93840792112 3.49469224281 2.99340047796 3.04375261341 -9999 -9999 -9999 -9999 -9999 -9999 -9999 -9999 -9999 -9999 -9999 -9999 -9999 -9999 -9999 -9999 -9999 -9999 -9999 -9999 -9999 -9999 -9999 -9999 -9999 -9999 -9999 -9999 -9999 -9999 -9999 -9999 -9999 -9999 -9999 -9999 -9999 -9999 -9999
-9999 -9999 -9999 -9999 -9999 -9999 -9999 -9999 -9999 4.63550686472 4.5432275386 4.44238827282 4.30596567883 4.54120427445 4.01082060421 3.81439262259 3.36597862145 4.24895407746 -9999 4.33281151671 -9999 -9999 -9999 -9999 3.66961293408 3.90766936704 -9999 -9999 -9999 -9999 -9999 -9999 -9999 -9999 -9999 -9999 -9999 -9999 -9999 -9999 -9999 -9999 -9999 -9999 -9999 -9999 -9999 -9999 -9999 -9999 -9999 -9999 -9999 -9999 -9999 -9999 -9999
-9999 -9999 -9999 -9999 -9999 -9999 -9999 -9999 6.18204537199 5.47289025449 4.44946222428 4.21917731748 3.90169397157 3.57588694079 3.5431633678 3.34313505623 3.07868959889 3.06218250339 2.89053002422 3.28964185043 3.27918056348 3.505930716 -9999 3.28983512996 4.22850164662 4.17297549892 -9999 -9999 -9999 -9999 -9999 -9999 -9999 -9999 -9999 -9999 -9999 -9999 -9999 -9999 -9999 -9999 -9999 -9999 -9999 -9999 -9999 -9999 -9999 -9999 -9999 -9999 -9999 -9999 -9999 -9999 -9999
-9999 -9999 -9999 -9999 -9999 -9999 5.47298300838 4.90433511679 4.75638086829 4.97605560592 5.04725135881 5.06198145153 4.36943453268 4.12059722648 3.47499708919 3.78756438182 3.20398750766 3.01771768411 3.19611833767 3.2401816742 3.1652042984 3.38964121012 3.26386397119 3.30796777841 3.6995694374 3.56853123502 3.87487707819 -9999 -9999 -9999 -9999 -9999 -9999 -9999 -9999 -9999 -9999 -9999 -9999 -9999 -9999 -9999 -9999 -9999 -9999 -9999 -9999 -9999 -9999 -9999 -9999 -9999 -9999 -9999 -9999 -9999 -9999
-9999 -9999 -9999 -9999 -9999 -9999 5.65452301082 5.29487278302 4.34505811749 4.19043895883 3.78511075423 3.84973062398 3.61613549816 3.49169663998 3.12326000905 2.70169071483 2.66687592436 2.53001259711 2.83715431575 2.47142508112 2.72285354711 3.25141042657 3.09544149582 3.13367166045 3.19142947271 2.98725094264 3.88811780662 4.13399469362 4.18824923503 3.94004330287 4.82065662976 4.77236981006 -9999 -9999 -9999 -9999 -9999 -9999 -9999 -9999 -9999 -9999 -9999 -9999 -9999 -9999 -9999 -9999 -9999 -9999 -9999 -9999 -9999 -9999 -9999 -9999 -9999
-9999 -9999 -9999 -9999 -9999 6.84684634443 5.86258103473 5.83953070947 5.27700173562 5.59885308404 5.12329612286 4.61267372946 3.49588903105 3.78403379097 3.47085744576 3.46057626155 2.71062094285 1.97751993651 2.76601029061 2.53063411579 2.74214439547 2.61269628629 2.89029125662 3.01083926317 3.28841046801 3.44092990078 3.74080400845 3.68010598216 4.00540668485 3.90431225131 3.86219977764 4.08767746854 3.75614934688 3.60201889512 -9999 -9999 -9999 -9999 -9999 -9999 -9999 -9999 -9999 -9999 -9999 -9999 -9999 -9999 -9999 -9999 -9999 -9999 -9999 -9999 -9999 -9999 -9999
-9999 -9999 -9999 -9999 -9999 6.90618491821 6.15284524038 6.1903030463 5.32502840101 4.96033651624 4.65501546362 4.93717605712 3.46661253428 3.02541903671 4.25566230676 4.7071843929 3.27831882784 1.42920184177 2.31176813046 2.4817072231 2.63524418253 2.76295433193 3.27906875602 3.12980573392 3.01093244833 2.72989498814 3.15703662537 2.86682124372 3.26775383952 3.36743706653 3.35749255185 3.3251265305 3.51377110826 3.33822790818 3.55469482845 3.31863395801 -9999 -9999 -9999 -9999 3.31489312014 3.2001770978 -9999 -9999 -9999 -9999 -9999 -9999 -9999 -9999 -9999 -9999 -9999 -9999 -9999 -9999 -9999
-9999 -9999 -9999 -9999 -9999 6.50585636913 5.83440092809 5.97973871405 5.55458021742 5.84937524386 5.26969871363 5.0515641142 4.36772754573 4.99603646157 4.6298270026 4.04657146467 3.47696799825 4.09664610191 3.46401742175 3.73758041388 3.15279218348 2.63500358447 2.60928845984 2.46693616545 2.93624084504 2.83909350217 3.00229771704 2.68251162735 3.45948791809 3.21922529606 2.42875949401 3.1319549163 3.45882242095 3.51576775709 3.40304009261 3.47397827107 3.4037648998 -9999 -9999 3.42952043398 3.63593284477 3.49011726013 3.93294140654 -9999 -9999 -9999 -9999 -9999 -9999 -9999 -9999 -9999 -9999 -9999 -9999 -9999 -9999
-9999 -9999 -9999 -9999 -9999 -9999 6.78681411622 7.20800151321 5.99427255836 5.74542556119 4.89631181527 5.30443969395 5.38458982507 5.3247646154 3.82544756069 3.45109282142 3.5614457511 3.45484434896 2.92532152622 2.83424619507 2.96268856951 3.11171941707 2.92531804015 3.20248332739 2.91301435055 2.55507265671 2.32285875752 2.53207029981 2.62260235677 2.56368583635 2.75259575634 2.90817771941 2.93272561891 2.74577546623 2.91094530023 3.06339233081 3.1967955597 2.80489878653 3.20208707653 3.09165159713 3.01737880421 3.63895329246 3.00957221624 2.53320629258 -9999 -9999 -9999 -9999 3.68227507905 3.31706928528 1.1120684412 -9999 -9999 -9999 -9999 -9999 -9999
-9999 -9999 -9999 -9999 -9999 -9999 -9999 6.62005423596 5.54329226725 6.19009864666 5.81591117916 5.34738159658 4.63458801715 4.20126249155 4.09399825203 4.76910045803 4.29269169089 4.09441127837 3.89909419961 3.29123510356 2.74718752372 2.76591048179 2.73899889267 2.78091003968 2.63173626704 2.30060688495 2.35460482757 2.56653968812 2.60131180649 2.51250959819 2.83080890723 2.76938270938 2.9543303012 2.75731603532 3.15342008498 3.12811632093 3.12798849201 3.14516663218 3.12645249454 3.11512160424 2.88726726598 2.80335863455 2.78174302634 2.9304683101 2.67962154969 2.94804869441 3.1335937526 2.77854200844 2.76174931005 2.72501339346 2.66392716317 2.30517128202 -9999 -9999 -9999 -9999 -9999
-9999 -9999 -9999 -9999 -9999 -9999 -9999 -9999 5.12874557652 4.90030753476 5.23808189097 5.72620480408 5.1451769632 5.52266805254 4.92476502355 4.61043448983 3.54625223636 3.57072834057 2.94039238786 3.32057201563 4.12129104349 3.96354276333 3.91848947355 4.48301896096 4.41758491198 4.31307290664 2.5686862471 2.25109470079 2.06743012974 1.83665311493 2.01166645467 2.19341063854 2.29160357517 2.16278827363 2.51292039099 2.51390630603 2.68317312033 2.83322034966 2.59718227583 2.53709764863 2.57207849683 2.60460585003 2.51777045059 2.33453423171 2.27638037757 2.09811860238 2.3637117178 2.12822492093 2.03795660592 2.04799799858 1.93591282431 2.11260513195 1.83270743475 -9999 -9999 -9999 -9999
-9999 -9999 -9999 -9999 -9999 -9999 -9999 -9999 6.13765557463 5.49591416869 4.8886418178 4.92280583279 4.61916308675 4.58801273385 3.9276824615 3.8292174334 3.52388764376 3.75777697469 3.326333301 3.59421491446 3.94694397506 3.87784826492 4.93873879408 6.2800589796 5.41399872051 4.14782167788 4.57373278995 3.11396007268 2.29660753437 1.85346052501 1.87855608792 2.07452656903 2.00321889256 2.11259666263 2.43181971988 1.36370644798 2.96338892011 2.71234883334 2.58705741699 2.52738009432 2.44034464545 2.47436595089 2.37783933577 2.36434085317 2.10854743838 2.08594351806 2.3380641091 2.17689292843 2.09936913536 2.04590877914 2.01859611495 2.03179333013 1.9670856839 2.14232844936 1.82828392924 2.00301779773 -9999
-9999 -9999 -9999 -9999 -9999 -9999 -9999 -9999 -9999 6.53312737756 5.67611296071 4.71587369421 4.68937427348 4.9334308134 4.55985979098 4.63582755672 4.98236676599 5.19822488473 5.22344605383 5.26245674911 4.78559339581 3.96345311013 4.31750198231 8.23357581454 6.90326985495 6.02216304401 4.46280128291 3.77762803095 2.07966495476 1.84413027626 1.78918421209 1.90081281807 1.8410618107 1.62083276801 2.00813989916 2.18087866938 2.38671350313 2.21367197233 2.05622178345 2.08565421597 1.97144796352 2.03934143638 1.83328878469 2.41965777601 1.87006517615 1.61783226178 1.46341789296 1.44477711977 1.42172786215 1.37429855066 1.47320034703 1.40421045668 1.53645576654 1.66395848308 1.8664085596 1.58984960056 1.3435186067
-9999 -9999 -9999 -9999 -9999 -9999 -9999 -9999 -9999 -9999 5.17980833845 5.1774861775 4.56068003255 4.76881662846 4.25465311496 3.96326389173 4.11901695451 4.99585244294 4.40308218202 3.78223432894 3.50843979737 3.40418995229 2.92811232964 4.34875050892 5.21085875629 6.07448917197 5.25703254744 4.46257522079 3.34171148922 2.54338937534 1.82676562195 1.83892285841 2.09495457266 1.80754693089 2.28775619485 2.13920946119 2.30720585778 2.21563752188 2.07927301186 2.09643803156 2.10555165752 2.11167672741 1.91009069011 2.13925528478 2.5630460112 2.57627765455 2.134410381 1.59753652099 1.58487262679 1.55964342166 1.75868125163 1.66993928744 1.46816941259 1.67990442088 1.5067544354 1.59328393432 1.31966595914
-9999 -9999 -9999 -9999 -9999 -9999 -9999 -9999 -9999 -9999 -9999 3.29230946065 3.30155125839 4.41653709102 4.16412000196 3.90537392209 4.08734260534 4.03674557764 3.201879622 3.38427422482 3.6299148808 3.58456928106 2.86198232742 2.402610167 2.65573252436 3.23956256165 4.18450453692 5.36460996666 4.92930638914 2.69438849639 2.42441648496 1.85486731356 1.80490606628 1.85795780884 1.92891762862 1.64569239436 1.83594322016 1.81694478453 1.87794373241 1.87756910374 1.99719836968 1.80664878295 1.8030886257 1.59523327763 1.51783361136 1.45351148201 1.74756767045 1.98149635533 1.62562733005 1.41295782132 1.28027008724 1.48884252519 1.49230927007 1.34257081349 1.12971599103 1.17246933757 1.05565276413
-9999 -9999 -9999 -9999 -9999 -9999 -9999 -9999 -9999 -9999 -9999 2.77247044708 3.76410559071 3.94570955534 4.15581248537 3.94079778935 3.51300153041 3.24157879815 3.33880537421 3.38110137433 3.31835090746 3.76865834613 2.86733955431 2.71683907494 2.52923674557 2.78880284872 3.02685627575 4.02879448926 3.84602926645 4.15106351818 4.76736135961 4.41009527713 2.71586630697 2.88911296409 2.13278640709 1.6363050214 1.82359659815 1.87081769105 1.80681768077 1.85459216721 2.14632195323 2.21726490989 1.66792856436 1.69063122791 1.61833848622 1.81767084698 2.44754300477 2.83235808463 2.67570412541 1.88137948522 2.32295422661 2.22004060014 1.57295672742 1.6596966841 1.58297357687 1.33528490744 1.22247282897
-9999 -9999 -9999 -9999 -9999 -9999 -9999 -9999 -9999 -9999 -9999 5.65663822043 5.08651643301 4.81044542694 3.50617426985 3.81830077494 3.38690475514 2.80579254302 2.81133161286 2.93666718872 2.88597969704 2.96873387186 2.53331230629 2.25185161738 1.91531946644 1.8529622379 1.70716319706 1.65268600414 1.76960257011 2.11865738955 2.75827961165 4.2978588601 5.23196393605 4.87344986195 2.98848339089 2.21553746199 2.66937801049 1.95765201876 1.48967055418 1.1750041526 1.12833339987 1.79972106033 2.0480058796 2.37160718527 2.50829032868 2.87185904702 2.25327173657 2.00644497099 2.03981210772 2.09010052472 1.94466197334 2.20250366899 2.41866196527 2.71864062178 2.10520373219 1.46657567503 1.02513935126
-9999 -9999 -9999 -9999 -9999 -9999 -9999 -9999 -9999 -9999 -9999 -9999 4.07466715352 4.56959469846 4.18492740683 3.81022208274 3.41778946243 3.20036287543 2.86579952785 3.00495812351 3.00586460626 2.79055529858 2.60195237504 2.60688326507 2.00151207539 2.06688800623 1.75617344681 1.84695092575 1.69421291902 1.57858140596 1.59176522885 1.70381806384 1.70717969019 2.30541882162 3.3355962125 1.02187094155 2.9636919583 2.34178611394 2.12456122933 1.65764323439 1.84052266981 1.84271289555 2.60111750928 3.00060289357 3.15001345582 2.99741711589 2.35876449901 2.03645139796 1.553582832 1.78203684987 1.77487621975 1.489013009 1.2935756395 1.31913519068 1.27335852874 1.57274177205 0.578191760903
-9999 -9999 -9999 -9999 -9999 -9999 -9999 -9999 -9999 -9999 -9999 5.04977353864 4.95326701975 5.32922611938 5.36924999341 3.35483910879 3.45481093697 3.58693233972 2.94333322185 3.06926968237 2.44708510297 2.38981877517 2.04481357388 2.12097414271 2.029803475 1.98274843122 1.5974906209 1.49708803748 1.48100856126 1.40291197666 1.30072704731 1.38320448377 1.27611735002 1.25184067646 1.39935651421 2.64583864567 2.91536294392 1.9526356592 1.83687932019 1.42557672511 1.62302431915 1.60157859345 2.51321362765 3.09998297507 3.85155266986 3.8472330522 3.06140864478 2.92778006752 2.19217198965 2.24022536236 1.63913503635 1.00569336542 0.88758302034 0.898771214062 0.845666571083 0.98652944793 1.61202271571
-9999 -9999 -9999 -9999 -9999 -9999 -9999 -9999 -9999 -9999 -9999 5.27191120633 5.96135172124 5.81563883407 4.59454409426 3.78428861241 4.1116569707 3.9441519066 3.07002036613 3.14642607159 2.899599404 2.62767182697 2.23278295828 2.32033085984 2.17858579471 2.23617247676 1.28950774236 1.56160514119 1.81019819668 2.32609741393 2.03878286304 1.42995648868 1.2380993601 1.25354461558 1.341090572 1.54141934703 2.24834243094 2.93627515253 2.11009672461 1.80184864929 1.41114883093 1.70867537104 2.34261161507 2.30884160818 2.49660973385 2.33189688345 2.60963395794 2.73131018145 2.38928590525 2.41495882664 1.56323078721 1.70043225041 1.47866885216 1.38005461881 1.31789687915 1.17469777135 0.815796550538
-9999 -9999 -9999 -9999 -9999 -9999 -9999 -9999 -9999 -9999 -9999 6.36512981694 6.47925435927 5.87186797583 5.88386852027 5.79014766972 4.39112660831 4.57497326274 4.18082727921 4.08379495869 2.82215976916 1.65987683108 3.49501952706 3.61913995299 2.77034155686 2.76975383392 2.78030140867 2.47351127757 1.80059028871 1.47808398959 1.45883088224 2.1291829529 2.14694551106 1.94728980041 1.43016095081 1.27633332341 1.43595480369 1.15661545469 1.93255263859 1.14684581169 1.68418857691 1.72022680268 1.64293782193 1.43695822769 1.49806613805 1.50241089779 1.81502009413 1.8555558646 1.57340453764 1.43821340787 1.14388977575 1.02541473154 0.76556299613 0.725226025967 0.680050451763 0.862351622323 1.13443527945
-9999 -9999 -9999 -9999 -9999 -9999 -9999 -9999 -9999 -9999 -9999 -9999 6.64636433532 6.34860443423 5.51822804208 5.50257066818 4.90444115969 4.81946028554 3.95878381066 4.24784356414 3.86036092646 4.15401403203 3.07488670157 2.72091198316 2.57587729674 2.53141560635 2.00376958921 2.13805792763 1.85281859191 1.58269872092 1.26185972588 1.28777397795 1.13155856403 1.27972547001 1.25339008704 1.99230484702 1.69100062872 1.35727103155 2.25231669059 2.01277688588 1.58414885195 1.36635916454 1.59948077891 1.3628035224 1.49982511914 1.53153607872 1.5658399291 1.68407649373 1.39130056644 1.3596168861 1.1242403273 0.585771509663 0.656987378379 1.11855279468 0.871406053582 0.834702336282 0.767946406046
-9999 -9999 -9999 -9999 -9999 -9999 -9999 -9999 -9999 -9999 -9999 -9999 7.57527962937 6.69388709012 6.30529996378 5.88834266028 5.02610413192 5.33932416524 4.77983465406 4.44016040627 4.09505837807 3.75395894476 3.44040777605 3.89818647871 3.11478337769 3.39982453648 3.40367498277 3.13439930141 2.4820099844 3.05933565084 2.40487084858 2.5459786151 2.62587642328 2.48876121871 2.21848748843 2.20888955179 1.74122608144 2.32803106836 3.09442308188 2.20437381891 1.81892717969 1.25557956249 1.07454937916 1.05007272427 1.0606011307 1.09402980152 1.06429879947 1.14067187748 0.969918688039 1.00247743501 0.9414109609 0.718473116537 0.763502933068 0.601143019426 0.555280137485 0.805441372159 0.430291780052
