data/recharge/transience/recharge135.asc
ncols                  80
nrows                 72
xllcorner      4374000.0
yllcorner      5656000.0
cellsize            500
NODATA_value       -9999
[rows 0 to 25 of 72, columns 0 to 56 of 80]
-9999 -9999 -9999 -9999 -9999 -9999 -9999 -9999 -9999 -9999 -9999 -9999 37.4181242453 38.3422010162 -9999 -9999 -9999 -9999 -9999 -9999 -9999 -9999 -9999 -9999 -9999 -9999 -9999 -9999 -9999 -9999 -9999 -9999 -9999 -9999 -9999 -9999 -9999 -9999 -9999 -9999 -9999 -9999 -9999 -9999 -9999 -9999 -9999 -9999 -9999 -9999 -9999 -9999 -9999 -9999 -9999 -9999 -9999
-9999 -9999 -9999 -9999 -9999 -9999 -9999 -9999 -9999 -9999 -9999 -9999 33.5512876351 31.9819172641 31.1022785169 -9999 31.0846301796 -9999 -9999 -9999 -9999 -9999 -9999 -9999 -9999 -9999 -9999 -9999 -9999 -9999 -9999 -9999 -9999 -9999 -9999 -9999 -9999 -9999 -9999 -9999 -9999 -9999 -9999 -9999 -9999 -9999 -9999 -9999 -9999 -9999 -9999 -9999 -9999 -9999 -9999 -9999 -9999
-9999 -9999 -9999 -9999 -9999 -9999 -9999 -9999 -9999 -9999 33.1202554528 32.1138491699 32.8865620634 32.2607305495 29.7581327255 29.5833965628 28.7920396266 29.2540401124 -9999 -9999 -9999 -9999 -9999 -9999 -9999 -9999 -9999 -9999 -9999 -9999 -9999 -9999 -9999 -9999 -9999 -9999 -9999 -9999 -9999 -9999 -9999 -9999 -9999 -9999 -9999 -9999 -9999 -9999 -9999 -9999 -9999 -9999 -9999 -9999 -9999 -9999 -9999
-9999 -9999 -9999 -9999 -9999 -9999 -9999 -9999 -9999 32.6673724874 32.6631808157 32.4558406588 31.4811801713 31.7608422401 30.8959329529 30.7885246274 29.3794624903 30.8404248475 -9999 31.9726440995 -9999 -9999 -9999 -9999 29.9557554029 30.8769667675 -9999 -9999 -9999 -9999 -9999 -9999 -9999 -9999 -9999 -9999 -9999 -9999 -9999 -9999 -9999 -9999 -9999 -9999 -9999 -9999 -9999 -9999 -9999 -9999 -9999 -9999 -9999 -9999 -9999 -9999 -9999
-9999 -9999 -9999 -9999 -9999 -9999 -9999 -9999 33.6944922365 32.871356627 31.4514503239 31.9665913544 30.9029257542 30.619215211 30.0320147284 30.1243856691 28.6532096021 28.1821975943 28.9423041067 30.1028342548 29.5055493475 29.9314116459 -9999 29.1794961457 30.2788643361 30.8604413973 -9999 -9999 -9999 -9999 -9999 -9999 -9999 -9999 -9999 -9999 -9999 -9999 -9999 -9999 -9999 -9999 -9999 -9999 -9999 -9999 -9999 -9999 -9999 -9999 -9999 -9999 -9999 -9999 -9999 -9999 -9999
-9999 -9999 -9999 -9999 -9999 -9999 34.6083055331 33.2623418611 32.1833182413 32.353563331 32.1937971311 32.6605400192 31.4228289892 31.286412992 30.1189672224 30.4405444039 29.4319774582 28.7290048214 29.9571401504 29.6838419408 29.2128406583 29.4710605893 30.2528578975 29.2145987742 29.99613601 30.1431043517 30.8838611141 -9999 -9999 -9999 -9999 -9999 -9999 -9999 -9999 -9999 -9999 -9999 -9999 -9999 -9999 -9999 -9999 -9999 -9999 -9999 -9999 -9999 -9999 -9999 -9999 -9999 -9999 -9999 -9999 -9999 -9999
-9999 -9999 -9999 -9999 -9999 -9999 34.2030938953 33.6266597906 31.4038432827 31.104408838 30.6450482356 31.3719705552 30.317525285 29.4967108036 28.448795526 28.3062588256 29.0722633288 24.2735154892 29.3081160703 27.6475253257 28.0524491855 29.0048391261 29.2925078172 29.3517047205 28.9900178896 28.556276395 30.1091793577 30.9900858749 31.5229777694 31.404196136 31.6919637769 31.9530357148 -9999 -9999 -9999 -9999 -9999 -9999 -9999 -9999 -9999 -9999 -9999 -9999 -9999 -9999 -9999 -9999 -9999 -9999 -9999 -9999 -9999 -9999 -9999 -9999 -9999
-9999 -9999 -9999 -9999 -9999 35.3591719848 34.2526646146 34.0203522721 32.8889008897 32.6959771049 31.8298260027 31.2705486684 29.8730185833 29.5832400599 29.2919687636 29.4994988766 23.787047681 12.6696892713 23.8345288212 27.9751889084 28.1873191221 28.0411017906 28.8927389515 29.0145047494 29.3321604552 29.7369512305 29.9858227378 30.0126649315 30.9574472698 30.9707037521 30.7921846597 31.303694282 30.7501557544 30.7471752666 -9999 -9999 -9999 -9999 -9999 -9999 -9999 -9999 -9999 -9999 -9999 -9999 -9999 -9999 -9999 -9999 -9999 -9999 -9999 -9999 -9999 -9999 -9999
-9999 -9999 -9999 -9999 -9999 35.4409346576 33.9922626935 34.104098263 32.9268429671 32.6212267117 31.932857015 32.1660396601 22.5875965657 18.5531677644 30.6244077498 30.2696639643 24.3362056183 9.88566697033 18.8842187867 23.6810511731 28.4319798679 27.6453617312 28.9245244581 28.8805523006 28.9786616302 28.2492081594 28.5992498826 28.353966672 29.2912155649 28.7378376157 28.1037220733 29.286941165 29.9823131553 30.0152258577 30.0206255724 30.348436126 -9999 -9999 -9999 -9999 30.5496011213 29.9853162274 -9999 -9999 -9999 -9999 -9999 -9999 -9999 -9999 -9999 -9999 -9999 -9999 -9999 -9999 -9999
-9999 -9999 -9999 -9999 -9999 35.161592299 34.1130485088 33.7463968914 33.0079392303 33.4315819484 32.7044218368 32.517674914 30.9311583003 30.7124836683 31.1395807701 30.001121433 27.5655112114 29.4417531002 29.4263026931 28.9471165587 28.9893878422 27.1469625446 28.0637692553 27.9146407229 28.8866188694 28.6869171906 28.4657887425 27.9501900172 29.4687276182 27.3332025824 18.8881377797 24.6440623441 29.6968642211 29.4002529447 29.2351200021 30.1367904423 30.2721688038 -9999 -9999 30.7179768688 30.4600686566 30.5102623122 30.4939928622 -9999 -9999 -9999 -9999 -9999 -9999 -9999 -9999 -9999 -9999 -9999 -9999 -9999 -9999
-9999 -9999 -9999 -9999 -9999 -9999 35.0048333569 34.521854663 33.7241288108 33.8081790365 32.6214909246 32.818416662 32.9190230288 35.3511510732 30.2190889755 29.9923118341 29.0150443037 29.0133062989 28.3512131267 28.3437315799 27.97192274 27.875941654 27.7362886342 28.5247939829 28.5048571613 28.0943207993 26.8622060005 27.1838018819 28.1384875272 28.3827586475 26.7295144993 28.4413568307 28.0925308334 28.6739220928 28.8650957729 29.0428053826 29.1083666865 28.9012766229 29.9627878169 29.7403803892 29.812556349 30.4994424118 28.7544501332 28.1152917465 -9999 -9999 -9999 -9999 29.4640408639 28.9478923066 7.88782447543 -9999 -9999 -9999 -9999 -9999 -9999
-9999 -9999 -9999 -9999 -9999 -9999 -9999 34.7494908523 33.5435219753 33.7701395376 33.2756613815 33.2012299796 31.858035828 30.4616716385 29.5046262548 30.417244216 29.9869590708 30.0467229191 29.2727189492 28.4918150619 27.498398929 27.2840538553 27.5152018604 28.0019895019 28.3213004143 27.6489555987 27.4524640233 27.7872920458 28.5298031236 28.2365671653 27.975787425 27.8970311735 28.2516911839 28.2914627409 29.1298055583 29.3153251005 29.53681327 29.5717271677 30.0805971403 29.8870606729 28.7735656035 28.8924924746 28.1593564865 25.7680315293 24.3139433048 25.0688146823 25.4131843188 24.6872201476 24.1232413148 27.9174762355 26.7454703022 22.7884081429 -9999 -9999 -9999 -9999 -9999
-9999 -9999 -9999 -9999 -9999 -9999 -9999 -9999 33.5203934957 33.301771848 33.2092362609 33.4045814896 32.2330528156 32.7505379748 32.3743714342 32.0308795907 29.9729748796 30.2255444106 28.7633738113 28.8473933522 29.7233805195 29.5872877099 35.2012339822 37.4080241569 35.7747971009 37.2623827519 31.4001971793 26.7938586987 26.457876687 25.4896179588 26.3225769394 26.1441145236 26.9485801682 26.6450430213 27.7418710504 28.5372816305 28.6673273549 28.8789613796 29.0134108544 29.1598044859 28.4230281968 27.8071563467 23.4654042592 23.0018573054 22.3141786504 21.8339558563 22.5994532109 22.0297372827 21.2417449878 25.0825854996 25.3146333087 25.7221540715 24.7807812764 -9999 -9999 -9999 -9999
-9999 -9999 -9999 -9999 -9999 -9999 -9999 -9999 34.0329181475 33.7261111454 32.9069403987 33.0209452866 32.2535028429 32.26851741 31.4349840487 31.1243003668 29.6157045569 30.0415427964 28.9172366972 29.1245767411 29.6615662168 29.5704506125 39.3387514467 41.0062033185 38.1519706247 34.7116464856 38.0549745436 32.0713750982 26.4829476091 25.532007325 25.7830112117 25.9533325549 26.2966423667 26.4731073114 28.0100057155 12.7725588684 29.0353526636 28.745495705 28.8224940032 28.8071157463 28.6952278321 28.1882296119 23.1720742733 23.0723152646 21.8965860007 21.8276969643 22.5363130587 22.1413989239 22.370093968 25.9783083619 25.3885868271 25.4190680552 25.6021038489 26.3683188338 24.7717117827 25.1278120977 -9999
-9999 -9999 -9999 -9999 -9999 -9999 -9999 -9999 -9999 33.8975858399 33.1907739148 32.8487517489 32.4922926454 32.0843708556 30.9135062986 30.864604722 30.7925027593 30.6789777798 30.6693439243 30.7979637467 31.2066693059 30.1787878502 33.1433983268 47.1660422498 40.9172774486 39.6479776578 34.8419926862 34.1967528367 30.8068042902 25.7201884177 25.432308449 25.3781552683 25.3767940032 24.4317738089 25.6163084985 22.9530442368 28.1037656352 27.9284044349 27.8981662202 27.8434755508 27.7316474332 27.3550642883 21.912337982 22.6328001734 20.6667780183 19.6915439772 18.5029217429 18.9488366638 22.9332930653 23.1894220496 22.9163809072 22.7259458363 23.4892412301 24.5484054189 24.3095863134 20.1749455665 16.8806155914
-9999 -9999 -9999 -9999 -9999 -9999 -9999 -9999 -9999 -9999 32.6488619066 32.9564442004 32.4695010893 32.3280571381 30.601951731 30.2500417738 30.6738878659 31.4401578906 30.9709452308 30.3736832557 29.6432640995 29.3117642758 28.0287449964 37.8434094169 38.4437922754 39.8110431313 36.8809404886 34.9482704299 30.4861988707 33.4946073133 25.7400691766 25.6788211501 26.1753380736 25.3144300326 27.123539716 27.0271601172 27.9191017277 27.8923875848 27.9496029362 27.9764901398 27.8400710947 27.6639895831 26.196558896 22.7922420771 23.5752912328 22.3625128459 21.1362943417 19.9528150268 23.7682861082 23.7882576021 23.7413639539 23.4405067674 22.4558676004 24.227076375 23.3498240046 19.4565349526 16.8112463193
-9999 -9999 -9999 -9999 -9999 -9999 -9999 -9999 -9999 -9999 -9999 17.4150606574 22.007052825 31.8553832737 30.485861507 30.0608978331 30.6036971258 30.641026564 29.7190826587 30.3900415187 30.0165224238 29.9483580352 27.8765373135 26.8768354503 30.7845712835 34.241468593 34.1156893559 38.6155868383 36.1782050163 23.3060018005 28.9810304395 25.473219337 23.8940627698 24.1328197401 25.1761397874 24.7026099972 26.3175125701 26.2580080867 26.9102430603 26.982050199 26.5437542565 25.5770055091 25.9717685132 24.9171522761 21.1048680006 19.2852886518 20.0663770536 21.5117099249 21.6555717936 22.9014383916 22.0172565716 23.4416374875 22.5897506861 22.3228282867 20.7636970318 20.7895480107 17.2164484364
-9999 -9999 -9999 -9999 -9999 -9999 -9999 -9999 -9999 -9999 -9999 15.9966444231 23.5566409718 31.3215596253 30.7775623121 30.5823504442 29.6395613406 29.6088230967 29.9566370599 29.9728348832 29.7773546396 30.2871815019 27.941346874 27.4709819376 27.0438259412 27.8173726476 32.513065895 37.6355820726 33.4480941635 31.8637142773 32.6618366956 31.6479327839 27.3148442574 30.1417462086 31.3623451432 26.8855733168 26.1900789608 26.4252250596 26.6725549125 26.5296347499 25.0660711377 26.0208882785 25.1219881579 25.5205836054 25.4588173186 22.1105977462 22.7197786032 23.7152728285 22.460658988 20.8384839827 19.8937946769 20.3089776876 18.5589079055 22.843987921 22.1922357847 21.4742453963 20.6095427192
-9999 -9999 -9999 -9999 -9999 -9999 -9999 -9999 -9999 -9999 -9999 33.4425506259 31.9573761781 31.7550653262 29.9332861644 29.9527436936 28.410810946 27.7449754982 27.7788724436 28.342414959 28.5626367973 28.6721706059 27.0171331537 26.0369463701 25.5793980959 25.7954872111 25.4377633195 25.2822933626 25.070507785 29.3731570348 32.542513663 34.9382323143 35.06059943 36.1583524764 27.7007368676 19.752105464 24.2485446441 25.683520267 26.5051395752 19.1293276744 15.5099988382 25.1918254787 25.2085614685 25.8860746535 27.3682614253 28.6527943862 22.6583089819 22.0426197239 21.0960061924 20.8493390149 18.678443427 19.4112549315 19.5889385519 21.4473794103 23.0312298117 19.0010462824 17.9147682131
-9999 -9999 -9999 -9999 -9999 -9999 -9999 -9999 -9999 -9999 -9999 -9999 31.7272622902 31.5621362791 30.6004386959 29.9686352794 28.7916094424 28.2534877009 27.285262662 28.5737677041 28.8529410015 28.4625924803 27.4652204361 27.3125513352 25.9880192601 26.1743309686 25.5941279403 25.7458143482 25.3387773234 25.1069411599 25.155040249 25.3163637055 28.1155152991 32.4832508258 31.1082215927 16.1109889065 27.3871807232 21.5946278721 29.129353268 25.3057068266 26.1788298467 24.6340092106 26.1606409121 26.8930377625 27.4083663943 27.8545189006 25.254337808 22.1130621638 19.8111472835 20.3211348102 18.4525592435 17.3476034266 16.3830887279 16.5322618458 15.0611950662 16.30450998 8.63617343014
-9999 -9999 -9999 -9999 -9999 -9999 -9999 -9999 -9999 -9999 -9999 32.9067284139 32.5492452972 32.2025423199 30.8065724598 18.1593885688 25.1586466933 28.8061618342 26.83994534 27.4715859902 26.6633297155 26.5703141194 25.5752311081 25.7829437169 25.1927104338 25.1236740286 24.7138334307 24.190023033 24.1824511731 23.9418191694 23.5505978166 23.7229449294 23.4967224612 23.4017076258 23.8974785615 28.1120346893 24.5061920593 15.8291685377 14.9228648283 24.5689151609 24.6079347083 23.1516597891 28.0460206116 28.4979099483 28.8712191023 28.6485300935 28.4113544631 25.3891442531 21.1552599214 21.0018399486 17.7013270307 15.1140127256 13.954455739 13.9949842276 13.1756746574 13.7682475175 15.7154606301
-9999 -9999 -9999 -9999 -9999 -9999 -9999 -9999 -9999 -9999 -9999 33.2249365436 33.2565451794 32.7170275071 31.0118850985 23.1837693981 28.3080030649 29.0069360614 27.7469077822 28.0052405573 24.0675421655 25.2514802233 26.292455805 26.0096263909 25.392954138 25.6034289896 16.2853250683 18.1236747985 23.573868204 25.4161579921 24.8626739652 23.8204326969 23.3682050915 23.4021260715 23.7601569383 28.0785986576 18.3532786964 23.5264001289 16.0034582927 27.5309259901 23.3398505498 23.1243639964 26.2339356196 27.2091797452 27.375748372 27.044838119 26.589641746 26.8283110401 24.5182372293 23.3920758278 17.2788954289 17.4029564861 16.0645884849 15.7092326086 14.8924841996 14.4242381165 12.7339223988
-9999 -9999 -9999 -9999 -9999 -9999 -9999 -9999 -9999 -9999 -9999 33.6785329564 33.5043282266 32.5655663061 31.6820642573 31.4733782726 29.2802106323 29.6566209184 28.3399596122 29.0241364453 22.7627183823 10.2277231713 22.5245127429 26.1667676151 22.9976600286 23.0296468341 24.1451419248 24.8562889775 23.9820879981 23.8604704381 23.6900980264 24.8088622021 24.5791794183 24.3007240484 23.0783799032 23.8633809865 11.856016343 8.61870048591 14.5271301872 23.3272686558 23.6388386083 24.5361268687 24.0994853375 23.2456158431 24.0464306929 24.0424707295 24.6995994785 24.7673334463 24.1593051475 24.0740275999 19.214064559 15.0313282043 13.5647456679 13.3696341755 12.6542525043 12.8694368254 13.9615144993
-9999 -9999 -9999 -9999 -9999 -9999 -9999 -9999 -9999 -9999 -9999 -9999 33.8603852485 33.2466810399 32.158426902 31.2925298806 29.8028500084 30.0139245 28.2887959508 28.6818500619 27.5712448652 28.6128326602 25.2761516775 23.154227494 22.6315233595 22.5355234939 21.2528622922 21.5455482533 20.8233258728 20.1538867346 18.9309299247 22.2042171443 22.6540674158 23.0542155415 22.6477886615 20.3983878661 14.1404789463 10.2013198007 17.9066563892 26.7797249237 24.1776274856 23.8963117101 25.055725959 23.1687572232 23.8847359201 23.8845074346 24.0400290438 24.3404201132 23.3490587635 23.9945549553 21.9672675316 12.0724552211 12.8909708215 17.6293902311 13.6747936492 13.8225106254 13.2375711287
-9999 -9999 -9999 -9999 -9999 -9999 -9999 -9999 -9999 -9999 -9999 -9999 34.7424139499 33.6988676968 32.3133442829 32.1194163462 30.3392526678 30.6830979401 29.4530603218 29.0615945118 28.4445848607 28.313454064 27.1352873386 25.0710270476 23.7293903912 24.1795612169 24.2359809747 23.5724828541 21.9940960728 23.1591776929 21.4322960576 21.9597910767 25.448190972 24.9623510055 28.5123976609 18.4775023963 13.9624064176 19.1560224392 24.8570129903 25.0006884505 23.7807996543 23.0756431762 22.3960385556 22.2860326127 22.0960173272 21.999626068 21.0269524402 20.8640734365 19.9073211658 21.2815328992 20.0784393694 18.3269362428 18.111409132 12.3929829064 9.44311445186 10.736769315 9.19820517787
-9999 -9999 -9999 -9999 -9999 -9999 -9999 -9999 -9999 -9999 -9999 -9999 33.5828779843 33.7244197238 32.702058309 32.6634089644 30.959750082 30.8594668169 29.2351701739 29.9165749701 28.4887274025 28.2917297637 27.0743954231 19.4570875671 20.431262147 23.7542307521 26.5303210323 23.938722623 22.18427482 21.5038801104 20.1900836936 19.7631401649 21.9050134439 25.3877367553 17.2044104414 23.041014797 25.1986677696 20.1153476967 17.4860838936 16.910246368 15.4758053371 18.0113595013 21.5301507941 22.5072437015 22.299829894 22.4284749698 22.4104038837 22.3902267094 21.6568875391 22.1747534733 21.0725567464 18.4565214823 11.5477224224 10.2136259874 9.87847874674 9.94872264491 9.39911586936
