data/recharge/transience/recharge191.asc
ncols                  80
nrows                 72
xllcorner      4374000.0
yllcorner      5656000.0
cellsize            500
NODATA_value       -9999
[rows 26 to 51 of 72, columns 0 to 56 of 80]
-9999 -9999 -9999 -9999 -9999 -9999 -9999 -9999 -9999 -9999 -9999 -9999 -9999 20.2367097973 19.6805812117 19.6041744874 17.882461972 17.868337138 16.8492227324 16.7554195341 15.9226269286 16.3960877175 15.8450571921 13.738482942 14.0676743239 12.4506533758 11.3258876386 9.78484571987 9.43634429121 9.85720066209 8.2938146789 7.99654614381 9.23530812755 8.63920446432 7.8314067833 5.493810878 9.01656991242 8.39406780098 6.86566825181 4.80208092228 4.19945452565 5.31940172997 3.66766246457 4.17600300933 4.24406343895 5.15299980488 6.04864736428 5.90320727835 3.78809079724 2.70463952212 2.50653300095 2.71714806075 2.92441225153 3.98151627976 3.34174757428 2.23018876768 2.23732291056
-9999 -9999 -9999 -9999 -9999 -9999 -9999 -9999 -9999 -9999 -9999 -9999 -9999 -9999 18.5433460877 18.3661704053 17.5513680729 17.6598692646 16.7097062226 16.8628132515 15.8015374795 16.3605161958 15.8743599509 14.6464518954 13.4241049535 13.4860790765 13.2877931881 12.7582267718 10.0722795022 9.02690369904 8.44848972444 10.2635347505 10.5078350236 9.95823629297 8.6248017564 7.92782274118 9.37831586413 6.09110349852 4.8787511191 5.35597493588 5.35398292378 4.70740194053 4.99037485448 4.14457562058 3.08454790312 3.54732471168 2.79805440201 3.30620143273 2.47108504938 3.00087407116 2.884940328 2.2274415066 2.06291714625 3.72253240948 3.13929261411 4.73182611853 5.92765600925
-9999 -9999 -9999 -9999 -9999 -9999 -9999 -9999 -9999 -9999 -9999 -9999 -9999 -9999 5.32079145896 12.3418178391 18.0427653614 18.0512899012 17.37442233 17.4178226947 16.7620561137 16.8276465759 15.4133759095 16.0902016852 15.0413432208 14.8569574803 13.2412697604 13.3273388921 13.5712231956 13.223580299 10.4179798674 6.45330794326 10.1511172355 10.7052310624 8.04928550616 5.99220914442 8.74618134862 4.29270964937 5.10695152585 5.35606807551 4.42056870371 4.54462757164 4.06986011748 4.81233223288 4.04383336442 3.36532747741 3.31496970718 3.33321922736 3.55259502413 2.97806302461 3.29240512429 3.72873469954 4.07312686272 5.80321742945 6.50553966662 6.80916815391 8.54790337937
-9999 -9999 -9999 -9999 -9999 -9999 -9999 -9999 -9999 -9999 -9999 -9999 -9999 -9999 8.63278862857 13.3238147099 18.8054103202 18.2212571979 17.3500713328 17.3795961403 16.5480960017 16.6829370939 15.8919783747 15.8294169678 14.3333308965 14.0486919434 14.0119095347 14.8955550625 12.8170456449 13.326283706 11.8526667145 11.4724356518 10.0520733924 9.69413200336 10.8176063293 5.01818839746 6.35980751867 6.05312162733 3.4021599178 5.01893696782 3.85505296117 4.3079327745 3.69109863343 3.78693362207 3.02463509713 3.44353201676 2.44855631571 3.32190889104 4.95234739251 5.63137190885 5.54094986587 4.42323844189 5.8969111117 5.73938620154 5.33530321281 5.47967151215 4.44815308679
-9999 -9999 -9999 -9999 -9999 -9999 -9999 -9999 -9999 -9999 -9999 -9999 -9999 -9999 20.3339912567 20.0346948924 19.4896814958 18.498199243 17.9173455761 18.9098987271 17.4458057944 17.412687792 17.4882665949 16.2502776897 14.0923400944 14.4697181375 13.676001829 15.4619760375 13.5021420405 13.4108334632 12.2458678816 12.7135686265 11.5403631575 8.36088663196 5.33254914747 5.34946122233 4.8219081683 8.56979369653 4.28345933999 5.62629915917 5.75596625653 3.50989989226 2.87938769083 3.10047807151 2.5989909077 2.85496138946 4.79066360891 6.08654312231 9.15833750672 9.81949014477 8.0196389587 8.36319227599 6.39120567192 5.74313830511 5.03180685859 4.43540867859 5.01276565011
-9999 -9999 -9999 -9999 -9999 -9999 -9999 -9999 -9999 -9999 -9999 -9999 -9999 -9999 -9999 19.9740193369 19.5120627925 18.4980853986 18.3213306723 18.5051283352 16.9199047263 17.0492248567 16.5003371909 16.4159873403 14.0713967365 14.6963900855 13.774903934 14.0192314621 8.21824393672 13.0795265526 11.3351083352 11.2120952799 9.86085963965 7.64085896234 5.4500229377 5.46390246057 5.0113905248 4.98296910055 4.72850454579 4.69462558629 4.29628137457 6.07685083632 3.54954448111 2.97087555856 2.642909257 3.25072530886 4.02952532371 4.34994663983 4.98517941211 4.65589837597 3.01659809176 2.67982586309 4.09810756611 5.78858701898 5.6199441769 5.5708068812 5.21907757051
-9999 -9999 -9999 -9999 -9999 -9999 -9999 -9999 -9999 -9999 -9999 -9999 -9999 -9999 -9999 -9999 19.3989526629 18.3267719841 17.8973885128 18.2723671095 17.7353201936 17.6591430836 16.2127627341 15.6364839627 14.7087534417 14.6216969893 13.5425061278 13.0234532595 8.19223002254 12.0630324555 11.791026189 8.94686980022 5.93148953978 4.05435074974 5.53991526214 5.68928243561 5.40846211299 5.51986629149 5.32037093995 6.87554003715 11.4884359955 11.1950651629 8.9405013483 6.10700318564 4.06680479339 3.32784359812 2.76444636234 4.07900628408 2.92485424505 2.24559998368 3.2107510008 4.74386971182 3.83857121518 3.15022214252 3.71617829153 3.29749182922 3.08830640989
-9999 -9999 -9999 -9999 -9999 -9999 -9999 -9999 -9999 -9999 -9999 -9999 -9999 -9999 -9999 -9999 18.8449426356 18.6588908696 18.198233454 18.2033289521 17.435695241 18.5446069516 17.3700633374 15.6614997274 14.8585341078 15.2032071664 13.9030942254 13.8009148846 8.41578815189 11.5287090867 8.36248576548 6.20001058768 6.75573853661 4.86609062884 5.59097948809 5.62278746631 6.60412820721 5.55777564973 5.29787684884 5.63907558017 9.97923537232 8.55265960903 9.96468778813 9.17115912442 6.87295927182 5.64366117931 5.69927596042 5.12434227438 2.14739144611 2.76918635366 3.91887072341 4.10278110448 5.15692186546 5.38716714181 6.12265905271 4.92102065578 3.12054003467
-9999 -9999 -9999 -9999 -9999 -9999 -9999 -9999 -9999 -9999 -9999 -9999 -9999 -9999 -9999 17.561873014 17.6511069333 18.1163194429 18.536366338 18.3418764855 17.4902794703 17.467601297 16.3531284917 15.8480090424 14.4992387794 14.7968396051 14.1089466028 14.1693948286 10.9053655027 13.2299155754 12.0878927057 12.2317696582 11.5089840928 9.50596308538 9.05144182024 10.9438859633 9.97704194766 9.44010690303 8.36847702262 5.33226448482 8.51141494651 8.5538511621 7.03245577802 6.96658371643 6.66936418702 5.70498779018 5.5521895111 5.24903009014 3.87358297947 4.14584322608 3.30426604388 2.52965483435 2.90911630064 3.29665174427 3.69461207924 3.80849823706 4.17924728331
-9999 -9999 -9999 -9999 -9999 -9999 -9999 -9999 -9999 -9999 -9999 -9999 -9999 -9999 18.0574477727 17.8667228476 17.7630128968 15.6866042352 17.8416387773 18.246694064 17.3296096249 17.4493145269 15.9596703282 16.0395953983 14.4817968157 14.3031588499 13.5296012397 13.884646372 13.4527246372 13.4538076577 11.5182898594 11.6468780518 9.29641502715 8.21670138936 7.1170427541 11.722034925 11.0762792834 9.26145991742 5.63118620375 8.13268153564 8.47852702867 6.28255747031 5.91110040272 6.24834714683 4.81671336823 4.35842447357 6.04382194976 4.5991974107 3.99762973591 3.25185677418 2.88031241692 2.84867412005 3.15779373379 3.0739062967 2.92332239094 3.13973279516 3.08621698391
-9999 -9999 -9999 -9999 -9999 -9999 -9999 -9999 -9999 -9999 -9999 -9999 -9999 -9999 18.1270747974 18.1851439316 17.6583327464 15.0787343286 13.7702417753 14.8895477645 16.4763778175 16.8208986654 15.9827854834 16.106235016 14.0982115837 13.3477196808 11.2616437054 11.4291274203 10.9317354515 13.244267363 12.3662888824 11.2166860706 9.35814266784 8.90875097938 7.48645479351 10.3689889402 12.1777811729 13.3208392511 10.0118036268 10.1294905373 11.0332057682 10.6420356087 7.01410909984 6.67809318438 6.09049943827 4.50256323689 5.93495005485 5.93249592283 5.42036892508 6.17399266723 6.14682598411 6.11576699298 4.95803143008 4.46424347615 4.93522350076 4.78080450464 3.74725443675
-9999 -9999 -9999 -9999 -9999 -9999 -9999 -9999 -9999 -9999 -9999 -9999 -9999 -9999 -9999 -9999 17.7847122506 15.7732071163 15.5043132405 15.4106756358 15.0576191009 16.6036524137 16.3317550934 16.3246581585 14.3468783555 12.1107328128 9.29848140514 9.62405871127 8.28671839477 10.1838337492 10.3434438402 9.55746498198 8.99938555556 8.29878026032 8.23633397334 8.27883918916 9.56301422189 9.75564772599 10.9744006697 10.0234333707 7.42373610311 7.63416264317 9.22480706751 8.68878194689 5.07266417676 5.60007670432 5.14492746282 3.85145420376 3.91600704551 4.84035923555 4.73229206767 4.84872180282 4.37725765195 3.82894655652 2.58293696819 2.76253718248 4.21540730645
-9999 -9999 -9999 -9999 -9999 -9999 -9999 -9999 -9999 -9999 -9999 -9999 -9999 -9999 -9999 -9999 16.1122576279 15.9802748824 15.8846695969 14.8885420315 14.3753759155 14.9315692883 15.4307417713 15.7134264588 15.1530427405 12.7994536653 11.166261509 10.9254762921 9.85659484341 10.755418079 10.9843847753 10.7058684479 9.45129560702 8.8379492229 7.15773034977 7.47364347991 7.51072990254 8.19367392342 6.36838949619 5.91500523596 6.64285616312 7.70196453189 6.08706024705 7.2582318994 8.04163340169 5.56369746668 3.50378484515 4.3459730202 3.78658081061 2.95556062943 2.31277235173 2.3537946007 1.80078771483 2.10103007382 1.9802139562 1.99560286265 1.95699314241
-9999 -9999 -9999 -9999 -9999 -9999 -9999 -9999 -9999 -9999 -9999 -9999 -9999 -9999 -9999 -9999 -9999 -9999 15.9269833706 15.2938106121 13.9266381342 14.3435883807 15.0633911659 16.0818037631 14.9194060509 13.9871132848 10.705462385 10.5713837599 9.71056312544 10.4234185093 8.8974688306 8.27266497043 7.93483452701 8.49612006937 7.07227697073 8.0364039739 7.84090792087 6.50180745153 6.0001803625 7.32726991755 5.91912638092 5.4079662285 5.14763961935 5.11759371415 4.16840813998 5.26703693191 4.02485193168 4.14475208856 4.78965725008 2.44388190213 2.46667291351 2.59480511123 1.8462817283 1.90542075566 2.16292980723 2.33483173208 2.13603369502
-9999 -9999 -9999 -9999 -9999 -9999 -9999 -9999 -9999 -9999 -9999 -9999 -9999 -9999 -9999 -9999 -9999 -9999 -9999 14.3658851688 14.206005908 14.4517472929 14.2120784194 17.1943220715 15.7927930444 15.628473885 12.9059666081 10.4362186933 9.01309901038 8.80598649576 8.62244297067 8.27893433341 7.42471371231 7.39981567285 6.18703196323 6.02305013476 5.84848855789 7.10831884055 6.2669208665 6.86612990195 5.64096050662 5.25256262583 4.32299983291 5.23561841972 5.07044649339 5.27344266806 4.81610988409 4.10722442421 3.334634526 4.99068196433 2.57671909176 2.3892636218 1.84163088911 1.82056342037 2.14185746451 2.0347969664 1.57303498962
-9999 -9999 -9999 -9999 -9999 -9999 -9999 -9999 -9999 -9999 -9999 -9999 -9999 -9999 -9999 -9999 -9999 -9999 15.242149446 15.5626490986 15.4828678128 15.3792040567 14.1789553325 16.7260141281 15.7060786066 15.846170334 14.5438392309 12.4932336815 9.85030024322 9.38989468871 8.2220996172 4.82289353792 8.08379528587 8.00878824167 7.53849578945 8.26395584227 8.9844866966 8.78847241655 8.19636673107 7.9029553647 7.17478146935 5.63701578651 4.88240817185 5.64043045342 5.19659769597 5.52564864413 4.72656686627 7.40565210568 6.07838081469 4.13781037061 5.53108050578 5.46151077813 4.66624672163 3.95578403709 3.00395473724 2.62598855561 2.26988244123
-9999 -9999 -9999 -9999 -9999 -9999 -9999 -9999 -9999 -9999 -9999 -9999 -9999 -9999 -9999 -9999 -9999 -9999 -9999 16.6082151365 16.5133327385 16.3268177507 14.4022895042 16.9321248617 16.2911005021 16.2222421378 14.5031042636 14.7734463342 11.6857195758 12.9019014941 10.9351540451 10.9488876823 10.6657941391 8.85596129116 8.01692618231 7.49376352608 5.96293122383 5.33784276318 4.71875928951 4.72222682748 4.75444705537 5.96921324817 6.49290926816 6.43301023957 5.83007069435 7.93519712665 6.03846501486 5.12707416828 6.59350456605 5.31903112434 2.89089860551 6.67648297957 6.57174362517 4.53608028344 5.91457763033 1.79544886617 1.52939003244
-9999 -9999 -9999 -9999 -9999 -9999 -9999 -9999 -9999 -9999 -9999 -9999 -9999 -9999 -9999 -9999 -9999 -9999 -9999 -9999 15.9206614583 16.2409535085 14.4485653828 16.1053076723 15.7908064603 16.1199821075 14.3655664299 14.9651988301 15.175245972 14.6421777521 13.0338227925 12.797412961 9.28863551307 8.53196285486 7.50781619646 8.56995732825 7.61245583356 8.00539195715 7.81712520237 7.34868185923 5.75320329672 6.9860889339 7.03751327192 6.51479026185 7.44570941801 6.8651815711 5.87546457302 6.36953839253 5.79177380968 6.90270274883 5.89236312807 4.3404894784 2.79935744272 4.3507332575 6.08114058732 3.52421680546 3.46558812599
-9999 -9999 -9999 -9999 -9999 -9999 -9999 -9999 -9999 -9999 -9999 -9999 -9999 -9999 -9999 -9999 -9999 -9999 -9999 -9999 -9999 16.3719353101 15.2421318691 15.5113420183 15.3218395796 14.9184623843 14.6467292706 15.4207651333 14.8594460908 14.412528286 13.0065755657 14.1161464507 10.3950461371 7.29220712512 10.4283069555 9.90205015381 8.32496092794 6.6711456118 6.10389922554 6.78239237426 7.900832935 8.13720202078 8.39613218617 7.04093982626 6.04048964239 4.79118565749 5.60781929054 6.04088238625 5.74855573188 6.57848834343 5.54795084432 5.88812744115 4.24499108759 4.41995213551 1.46005928827 2.25710522852 2.67380740008
-9999 -9999 -9999 -9999 -9999 -9999 -9999 -9999 -9999 -9999 -9999 -9999 -9999 -9999 -9999 -9999 -9999 -9999 -9999 -9999 -9999 15.6694875343 14.7262326746 14.713711875 15.5806066092 16.1444315887 15.5273498475 13.3765382191 12.5223728721 14.9056460514 7.26824000751 13.4286222789 10.9760638827 9.9132013696 7.49747934458 7.96217799912 7.22345259871 6.96729556217 6.48325087697 7.3587275434 7.94823493998 7.75255832469 6.45991798655 6.43259228101 7.30268742137 7.06880946828 6.52998366386 6.41550534995 4.27493035257 4.66395719111 4.88101348493 3.66722556362 4.67340286202 2.57423409256 3.16653072955 1.71577539287 1.89228210673
-9999 -9999 -9999 -9999 -9999 -9999 -9999 -9999 -9999 -9999 -9999 -9999 -9999 -9999 -9999 -9999 -9999 -9999 -9999 -9999 -9999 -9999 14.9597676913 15.5159563872 17.0561307387 16.7058449774 15.3037974521 13.4736297022 11.4674699351 12.1584651173 12.2252723595 12.5464869989 10.3864002181 10.0294205648 10.0431521373 8.9189563144 8.26378945744 7.95012406367 7.71072540126 7.64765126767 8.2385608999 6.33066288999 6.61479714701 7.77738347884 5.29440338657 4.86783741203 3.72545172395 4.70698460403 5.68508765427 7.01052103814 2.99877476042 5.07629274644 8.32463198219 4.83833584057 1.87208176016 1.43903677707 1.74416405569
-9999 -9999 -9999 -9999 -9999 -9999 -9999 -9999 -9999 -9999 -9999 -9999 -9999 -9999 -9999 -9999 -9999 -9999 -9999 -9999 -9999 -9999 15.156998394 14.9881854307 16.8133265085 17.0037354834 15.5670601727 12.3357222769 12.1902727399 12.4415340714 11.3436918592 11.4941525803 11.0185709064 10.2640606369 9.00941695779 10.2218526734 8.61921737019 7.82165316975 8.40429984857 8.85613809969 6.95704152667 8.33439239427 6.70213570813 5.61131235305 4.98452872363 6.08115214774 6.46590058525 7.01090235876 4.53439161312 4.63462191496 4.72864108266 8.00308080134 4.00299990026 6.46050388844 4.46403145571 4.09497445723 3.009669968
-9999 -9999 -9999 -9999 -9999 -9999 -9999 -9999 -9999 -9999 -9999 -9999 -9999 -9999 -9999 -9999 -9999 -9999 -9999 -9999 -9999 -9999 15.3000047953 15.6108403112 18.2100691898 17.4875847914 16.0499188661 13.5510521402 12.5128642023 13.6437222014 12.2533032151 11.5643994475 10.6474896196 10.6750395538 10.6894564296 9.06667347472 8.7227345894 9.99312999609 9.2668070726 8.84399484452 8.60996544533 7.53373671458 5.77553788776 6.86417406037 7.70702370162 7.42410731464 7.26701487628 6.62836669483 5.31970857368 5.32835166001 6.21799670093 5.3838485293 5.75565718912 6.23301345447 6.42899711859 6.71305374414 4.67884462121
-9999 -9999 -9999 -9999 -9999 -9999 -9999 -9999 -9999 -9999 -9999 -9999 -9999 -9999 -9999 -9999 -9999 -9999 -9999 -9999 -9999 -9999 -9999 15.9167602602 18.3724625642 17.5977279744 15.4578187253 12.8195162833 12.1720036912 13.3684458713 12.2930659901 12.7532809105 11.8556730526 12.0792847048 10.0994315596 10.5711354722 10.3549358668 9.7429846872 7.70414888329 7.19116522233 5.82047854113 7.23264896483 8.22800055556 8.24440718868 7.43152950259 6.88232573929 4.44524909272 4.11684727645 3.85655596991 4.14941895868 3.27766953159 4.05551781683 4.47294783226 7.20789274528 5.0368331025 3.02815422145 4.61004776498
-9999 -9999 -9999 -9999 -9999 -9999 -9999 -9999 -9999 -9999 -9999 -9999 -9999 -9999 -9999 -9999 -9999 -9999 -9999 -9999 -9999 -9999 -9999 15.360063263 18.095194717 17.5938630966 16.2441022812 14.6830677695 13.1689113148 13.4834086792 13.5064121671 13.7244028801 12.4533872623 12.3494425181 11.0427652761 10.8568974875 9.90593448139 9.21685005093 8.53005764469 7.03113721422 9.69615938626 9.76070475694 9.34938685876 7.9550100739 5.96279973184 6.3519723211 6.81103219057 7.2832932554 6.20917457665 6.08922898775 6.54080598669 6.72600059557 4.71606282686 3.52846545451 3.53922474252 5.34625110297 3.74406128437
-9999 -9999 -9999 -9999 -9999 -9999 -9999 -9999 -9999 -9999 -9999 -9999 -9999 -9999 -9999 -9999 -9999 -9999 -9999 -9999 -9999 -9999 -9999 -9999 18.625292606 17.7144586008 16.3248828959 16.516347684 13.7093389276 13.499509024 12.4572515101 10.3712112439 12.4147251136 12.4796328682 11.9233239618 9.72943348565 8.67934217502 10.3641382229 9.97138466977 10.3306686906 10.1445833414 8.04615661365 6.57696944082 7.36458778769 7.77107730263 7.3450969287 5.52948064649 6.56001303767 6.99518424067 6.29658562442 4.87298043072 3.64800001601 4.06317907363 5.97203457323 5.26063939975 3.90733317761 4.11630818307
